0
-0.19693292307692306
-0.1449876923076923
-0.08073415384615384
-0.006675692307692307
0.06613107692307692
0.12537784615384615
0.16459753846153846
0.16793538461538463
0.13518276923076925
0.08302892307692307
0.016063384615384615
-0.06592246153846154
-0.1612596923076923
-0.2682793846153846
-0.3615304615384615
-0.4508178461538461
-0.431208
-0.2962338461538461
-0.11098338461538461
0.17544553846153846
0.4524867692307692
0.7289021538461539
0.9698529230769231
1.1008633846153846
1.1500966153846153
1.0109501538461538
0.7044941538461539
0.34275507692307694
-0.05277969230769231
-0.3980381538461538
-0.6748707692307692
-0.9030959999999999
-1.008864
-0.9896713846153846
-0.7983710769230769
-0.5021372307692308
-0.1777403076923077
0.15500123076923078
0.3848953846153846
0.5676424615384615
0.6185446153846154
0.5388535384615384
0.38990215384615384
0.0717636923076923
-0.2125790769230769
-0.44330769230769224
-0.6066535384615385
-0.590172923076923
-0.5353070769230769
-0.37967999999999996
-0.184416
-0.06467076923076923
0.08949599999999999
0.16480615384615382
0.15750461538461538
0.13768615384615385
0.05048492307692308
0.018983999999999997
0.01856676923076923
0.05298830769230769
0.14957723076923077
0.1846246153846154
0.2075723076923077
0.17961784615384613
0.10368184615384615
0.03650769230769231
-0.09074769230769231
-0.20110523076923076
-0.30708184615384615
-0.41910830769230767
-0.444768
-0.46437784615384614
-0.4466455384615384
-0.3727956923076923
-0.2832996923076923
-0.10347323076923076
0.11828492307692307
0.3448412307692308
0.5691027692307692
0.7113784615384615
0.7414190769230768
0.6550523076923076
0.4508178461538461
0.1760713846153846
-0.12391753846153845
-0.3748818461538461
-0.5386449230769231
-0.5935107692307693
-0.508187076923077
-0.31104553846153843
-0.02315630769230769
0.2720344615384615
0.5386449230769231
0.7641581538461538
0.862416
0.8705519999999999
0.7998313846153845
0.6302270769230769
0.4243236923076923
0.1792006153846154
-0.05924676923076923
-0.24408
-0.38885907692307686
-0.4512350769230769
-0.4493575384615385
-0.38990215384615384
-0.26765353846153844
-0.12683815384615382
0.031918153846153846
0.17002153846153847
0.26097784615384617
0.29748553846153847
0.26723630769230766
0.21925476923076925
0.143736
0.04380923076923077
-0.03379569230769231
-0.10827138461538462
-0.1422756923076923
-0.12433476923076923
-0.09784061538461537
-0.04672984615384615
-0.005841230769230769
-0.0012516923076923076
-0.0022947692307692304
-0.031918153846153846
-0.07885661538461539
-0.11327815384615383
-0.14477907692307693
-0.1476996923076923
-0.12120553846153845
-0.06487938461538462
0.011891076923076923
0.09241661538461539
0.17377661538461536
0.21800307692307694
0.22447015384615385
0.1908830769230769
0.11432123076923076
0.007301538461538462
-0.14311015384615386
-0.2916443076923077
-0.40972061538461535
-0.4942098461538461
-0.49337538461538455
-0.4216116923076923
-0.2906012307692308
-0.10493353846153847
0.09554584615384615
0.30583015384615386
0.482736
0.5843316923076923
0.6143723076923077
0.5517876923076923
0.4030449230769231
0.19568123076923075
-0.03963692307692308
-0.24345415384615382
-0.3988726153846154
-0.477312
-0.4733483076923077
-0.4053396923076923
-0.2574313846153846
-0.06341907692307691
0.15750461538461538
0.36799753846153843
0.5021372307692308
0.5599236923076922
0.5438603076923076
0.45791076923076923
0.3239796923076923
0.14436184615384615
-0.034630153846153845
-0.18337292307692307
-0.2906012307692308
-0.31646953846153847
-0.290184
-0.22593046153846155
-0.143736
-0.06592246153846154
0.018983999999999997
0.08240307692307691
0.1287156923076923
0.14603076923076924
0.12412615384615384
0.0988836923076923
0.07697907692307693
0.06863446153846153
0.08031692307692308
0.07781353846153846
0.078648
0.09137353846153846
0.10806276923076923
0.15687876923076924
0.20193969230769232
0.21654276923076923
0.19025723076923076
0.14331876923076922
0.09471138461538461
0.026076923076923077
-0.05298830769230769
-0.13455692307692307
-0.19317784615384614
-0.20861538461538462
-0.17711446153846155
-0.10263876923076923
-0.018983999999999997
0.05403138461538461
0.11035753846153845
0.13852061538461538
0.14164984615384615
0.11140061538461538
0.03984553846153846
-0.047772923076923074
-0.12704676923076924
-0.1777403076923077
-0.1873366153846154
-0.16897846153846155
-0.12391753846153845
-0.059664
0.014603076923076923
0.0934596923076923
0.16188553846153847
0.21195323076923075
0.2238443076923077
0.19463815384615382
0.1435273846153846
0.0855323076923077
0.026494153846153844
-0.03483876923076923
-0.08302892307692307
-0.09804923076923076
-0.09408553846153846
-0.06070707692307692
-0.007301538461538462
0.03671630769230769
0.0771876923076923
0.0963803076923077
0.09763200000000001
0.08866153846153846
0.059038153846153844
0.011891076923076923
-0.043392
-0.0934596923076923
-0.12558646153846154
-0.1435273846153846
-0.154584
-0.14665661538461539
-0.11703323076923078
-0.06738276923076922
-0.003129230769230769
0.05799507692307692
0.10597661538461538
0.13455692307692307
0.15228923076923076
0.15500123076923078
0.13101046153846155
0.08824430769230769
0.026285538461538457
-0.03942830769230769
-0.08657538461538461
-0.10806276923076923
-0.1028473846153846
-0.08302892307692307
-0.058829538461538454
-0.029414769230769227
-0.003755076923076923
0.021904615384615383
0.033169846153846154
0.023990769230769232
0.0012516923076923076
-0.040262769230769234
-0.06759138461538462
-0.078648
-0.07969107692307692
-0.08699261538461538
-0.09846646153846153
-0.09387692307692307
-0.08073415384615384
-0.06383630769230769
-0.06195876923076923
-0.07343261538461537
-0.08740984615384616
-0.09471138461538461
-0.08177723076923075
-0.053614153846153846
-0.02482523076923077
0.002086153846153846
0.035464615384615386
0.08469784615384615
0.14206707692307693
0.1908830769230769
0.22300984615384614
0.22843384615384613
0.214248
0.1785747692307692
0.12788123076923075
0.06675692307692307
-0.0043809230769230765
-0.06738276923076922
-0.11578153846153846
-0.13372246153846154
-0.11390399999999999
-0.07697907692307693
-0.03650769230769231
0.0014603076923076922
0.03588184615384615
0.06529661538461538
0.06550523076923077
0.03880246153846154
-0.002712
-0.06321046153846153
-0.1207883076923077
-0.16835261538461538
-0.200688
-0.22467876923076924
-0.2342750769230769
-0.20819815384615384
-0.15500123076923078
-0.08365476923076923
-0.01856676923076923
0.03129230769230769
0.07134646153846153
0.08740984615384616
0.08824430769230769
0.07405846153846153
0.03045784615384615
-0.017940923076923077
-0.06321046153846153
-0.08302892307692307
-0.06988615384615385
-0.040262769230769234
0.01043076923076923
0.06446215384615385
0.11327815384615383
0.14665661538461539
0.15667015384615385
0.13643446153846153
0.08657538461538461
0.02211323076923077
-0.03650769230769231
-0.07948246153846153
-0.1045163076923077
-0.11703323076923078
-0.11327815384615383
-0.08302892307692307
-0.03108369230769231
0.04547815384615384
0.12037107692307693
0.17148184615384612
0.1990190769230769
0.19568123076923075
0.17273353846153844
0.132888
0.06926030769230769
-0.002086153846153846
-0.07134646153846153
-0.11140061538461538
-0.11077476923076923
-0.0771876923076923
-0.018775384615384614
0.051528
0.13476553846153844
0.22780799999999998
0.3141747692307692
0.36632861538461536
0.3750904615384615
0.33524492307692305
0.2641070769230769
0.1794092307692308
0.08991323076923076
-0.003755076923076923
-0.09450276923076922
-0.1666836923076923
-0.21696000000000001
-0.23844738461538462
-0.23260615384615385
-0.20256553846153844
-0.15813046153846153
-0.1028473846153846
-0.04547815384615384
0.017523692307692306
0.07197230769230768
0.09450276923076922
0.09325107692307691
0.06863446153846153
0.04172307692307692
0.014394461538461538
-0.011265230769230769
-0.031709538461538456
-0.05736923076923077
-0.07823076923076923
-0.078648
-0.06258461538461538
-0.04672984615384615
-0.03984553846153846
-0.04672984615384615
-0.04672984615384615
-0.03129230769230769
-0.004798153846153846
0.021070153846153846
0.04422646153846154
0.07405846153846153
0.10493353846153847
0.1358086153846154
0.15208061538461537
0.13184492307692308
0.07802215384615384
0.0035464615384615383
-0.06946892307692307
-0.13330523076923076
-0.19317784615384614
-0.2303113846153846
-0.24512307692307692
-0.23260615384615385
-0.18399876923076922
-0.10994030769230768
-0.020027076923076922
0.06717415384615384
0.13998092307692306
0.19735015384615384
0.23072861538461537
0.24074215384615386
0.21132738461538458
0.13935507692307691
0.049233230769230765
-0.051528
-0.138312
-0.21091015384615383
-0.2641070769230769
-0.2799618461538461
-0.2509643076923077
-0.16730953846153845
-0.051319384615384614
0.07739630769230768
0.19526400000000002
0.2799618461538461
0.3285692307692308
0.33816553846153846
0.31772123076923076
0.2624381538461539
0.1802436923076923
0.08740984615384616
-0.003129230769230769
-0.0744756923076923
-0.12350030769230769
-0.14206707692307693
-0.15145476923076923
-0.15082892307692305
-0.12245723076923076
-0.06550523076923077
0.003755076923076923
0.06154153846153846
0.11911938461538461
0.1712732307692308
0.21216184615384615
0.2436627692307692
0.26640184615384616
0.2670276923076923
0.21967199999999998
0.1502030769230769
0.08428061538461538
0.02858030769230769
-0.015437538461538461
-0.05799507692307692
-0.08699261538461538
-0.08636676923076922
-0.07072061538461538
-0.044435076923076924
-0.013560000000000001
0.01668923076923077
0.04714707692307692
0.06300184615384616
0.084072
0.09387692307692307
0.06529661538461538
0.05069353846153846
0.03400430769230769
0.027745846153846152
0.049233230769230765
0.06884307692307692
0.10764553846153846
0.13393107692307693
0.15959076923076923
0.15270646153846154
0.13852061538461538
0.14582215384615385
0.05924676923076923
-0.05027630769230769
-0.11140061538461538
-0.1612596923076923
-0.18253846153846154
-0.19213476923076922
-0.21153599999999997
-0.1913003076923077
-0.11160923076923077
0.040054153846153843
0.1829556923076923
0.28392553846153845
0.3502652307692307
0.33712246153846154
0.3248141538461538
0.26348123076923075
0.16292861538461537
0.03275261538461539
-0.15228923076923076
-0.24887815384615386
-0.3068732307692308
-0.32001599999999997
-0.2591003076923077
-0.1923433846153846
-0.06863446153846153
0.042348923076923076
0.13267938461538462
0.24637476923076923
0.279336
0.268488
0.23344061538461539
0.15145476923076923
0.08740984615384616
0.014394461538461538
-0.04172307692307692
-0.09387692307692307
-0.17732307692307692
-0.22405292307692307
-0.23803015384615384
-0.20339999999999997
-0.15416676923076922
-0.11828492307692307
-0.058829538461538454
0.0004172307692307692
0.08115138461538463
0.1570873846153846
0.18212123076923076
0.19860184615384616
0.20402584615384614
0.20652923076923077
0.21466523076923077
0.1881710769230769
0.14477907692307693
0.0826116923076923
-0.0033378461538461535
-0.0717636923076923
-0.1395636923076923
-0.21696000000000001
-0.2753723076923077
-0.2993630769230769
-0.2774584615384615
-0.21821169230769227
-0.1205796923076923
0.0014603076923076922
0.12955015384615384
0.26097784615384617
0.34317230769230767
0.3798886153846154
0.37613353846153846
0.28955815384615385
0.1637630769230769
0.014185846153846153
-0.14436184615384615
-0.2697396923076923
-0.37237846153846155
-0.4182738461538461
-0.4078430769230769
-0.35297723076923077
-0.22822523076923076
-0.08010830769230769
0.055491692307692304
0.1666836923076923
0.24595753846153845
0.2995716923076923
0.29727692307692305
0.23239753846153846
0.11223507692307692
-0.03421292307692308
-0.16292861538461537
-0.2891409230769231
-0.3907366153846154
-0.4460196923076923
-0.4633347692307692
-0.4047138461538461
-0.29039261538461536
-0.15646153846153846
-0.0029206153846153843
0.12266584615384615
0.20193969230769232
0.25054707692307693
0.2532590769230769
0.23135446153846154
0.1783661538461538
0.0892873846153846
-0.0006258461538461538
-0.0855323076923077
-0.14582215384615385
-0.1881710769230769
-0.2140393846153846
-0.2236356923076923
-0.22196676923076922
-0.18212123076923076
-0.11494707692307692
-0.02315630769230769
0.07572738461538461
0.14916
0.2125790769230769
0.25451076923076926
0.2722430769230769
0.2814221538461538
0.24512307692307692
0.1710646153846154
0.08887015384615385
0.013560000000000001
-0.030040615384615384
-0.06592246153846154
-0.0936683076923077
-0.10764553846153846
-0.11035753846153845
-0.08344615384615384
-0.053614153846153846
-0.022530461538461537
0.005841230769230769
0.022947692307692308
0.05570030769230769
0.09116492307692307
0.12266584615384615
0.1506203076923077
0.1476996923076923
0.14540492307692307
0.1368516923076923
0.10347323076923076
0.07426707692307692
0.02273907692307692
-0.026911384615384615
-0.06800861538461538
-0.11557292307692307
-0.13455692307692307
-0.138312
-0.12224861538461537
-0.08386338461538462
-0.04109723076923077
0.006049846153846154
0.0448523076923077
0.07426707692307692
0.09012184615384615
0.07885661538461539
0.05507446153846154
0.02858030769230769
-0.005215384615384615
-0.031709538461538456
-0.058412307692307694
-0.07009476923076922
-0.06195876923076923
-0.059872615384615385
-0.04756430769230769
-0.03296123076923077
-0.006884307692307692
0.04109723076923077
0.07468430769230769
0.09700615384615385
0.09867507692307692
0.07843938461538462
0.05382276923076923
0.01043076923076923
-0.033169846153846154
-0.07572738461538461
-0.1287156923076923
-0.15604430769230768
-0.14749107692307692
-0.10493353846153847
-0.04526953846153846
0.023990769230769232
0.10347323076923076
0.1637630769230769
0.2090326153846154
0.22426153846153846
0.20778092307692309
0.165432
0.08866153846153846
0.015437538461538461
-0.04422646153846154
-0.0897046153846154
-0.10576799999999999
-0.0961716923076923
-0.06008123076923077
-0.004798153846153846
0.065088
0.14603076923076924
0.20339999999999997
0.225096
0.22572184615384616
0.21132738461538458
0.19296923076923078
0.15813046153846153
0.10806276923076923
0.05611753846153846
0.011473846153846154
-0.015437538461538461
-0.021278769230769233
-0.011265230769230769
-0.006467076923076923
0.003129230769230769
0.027120000000000002
0.06404492307692307
0.09658892307692307
0.11223507692307692
0.11286092307692308
0.09429415384615383
0.07426707692307692
0.053405538461538456
0.03629907692307692
0.016897846153846156
-0.0035464615384615383
-0.022947692307692308
-0.05611753846153846
-0.0826116923076923
-0.11452984615384615
-0.1543753846153846
-0.18754523076923074
-0.22113230769230768
-0.23281476923076924
-0.22405292307692307
-0.2073636923076923
-0.173568
-0.13121907692307694
-0.07593599999999999
-0.008136
0.05820369230769231
0.119328
0.14999446153846155
0.14290153846153844
0.11703323076923078
0.07405846153846153
0.01668923076923077
-0.06550523076923077
-0.15145476923076923
-0.21091015384615383
-0.2369870769230769
-0.21779446153846155
-0.16584923076923075
-0.09533723076923077
-0.006467076923076923
0.08219446153846154
0.16334584615384617
0.22989415384615383
0.2509643076923077
0.23281476923076924
0.18900553846153845
0.13038461538461538
0.07280676923076923
0.010222153846153844
-0.042557538461538466
-0.08240307692307691
-0.10806276923076923
-0.10368184615384615
-0.07280676923076923
-0.027120000000000002
0.01668923076923077
0.05590892307692308
0.08699261538461538
0.11953661538461538
0.15374953846153847
0.17315076923076922
0.18253846153846154
0.18629353846153843
0.1858763076923077
0.18504184615384617
0.19004861538461537
0.17315076923076922
0.127464
0.06717415384615384
0.00855323076923077
-0.03024923076923077
-0.07113784615384615
-0.10117846153846152
-0.11557292307692307
-0.11432123076923076
-0.08094276923076923
-0.02211323076923077
0.05403138461538461
0.132888
0.20486030769230767
0.2638984615384615
0.2970683076923077
0.29498215384615384
0.25805723076923076
0.18358153846153846
0.0855323076923077
-0.02586830769230769
-0.13852061538461538
-0.2273907692307692
-0.28392553846153845
-0.29727692307692305
-0.26535876923076923
-0.19651569230769228
-0.10055261538461538
0.012099692307692308
0.11911938461538461
0.206112
0.25930892307692305
0.2753723076923077
0.2578486153846154
0.20360861538461536
0.12120553846153845
0.02044430769230769
-0.07697907692307693
-0.15687876923076924
-0.20152246153846154
-0.21028430769230766
-0.18983999999999998
-0.14081538461538462
-0.06967753846153846
0.012934153846153845
0.08574092307692306
0.13330523076923076
0.14436184615384615
0.12350030769230769
0.07677046153846154
0.01856676923076923
-0.02899753846153846
-0.058412307692307694
-0.0717636923076923
-0.05716061538461538
-0.02211323076923077
0.028163076923076923
0.07614461538461538
0.09512861538461538
0.09721476923076922
0.08010830769230769
0.052153846153846155
0.012516923076923077
-0.03504738461538461
-0.08448923076923077
-0.12621230769230768
-0.138312
-0.11473846153846154
-0.06571384615384615
-0.012308307692307691
0.04693846153846153
0.10806276923076923
0.157296
0.1860849230769231
0.18545907692307692
0.15187199999999998
0.08699261538461538
-0.001043076923076923
-0.10076123076923077
-0.19609846153846153
-0.2776670769230769
-0.33482769230769227
-0.3506824615384615
-0.3216849230769231
-0.25430215384615384
-0.157296
-0.040054153846153843
0.06863446153846153
0.15520984615384617
0.21174461538461536
0.22676492307692306
0.2056947692307692
0.1424843076923077
0.05069353846153846
-0.04526953846153846
-0.12996738461538462
-0.18358153846153846
-0.20298276923076922
-0.19046584615384615
-0.13664307692307692
-0.055491692307692304
0.041514461538461535
0.13914646153846155
0.2075723076923077
0.25138153846153843
0.2695310769230769
0.25805723076923076
0.22405292307692307
0.1718990769230769
0.11348676923076922
0.049233230769230765
-0.005632615384615384
-0.03275261538461539
-0.043600615384615383
-0.03921969230769231
-0.024408000000000003
-0.008344615384615384
0.010848
0.024408000000000003
0.028788923076923077
0.018358153846153843
-0.0077187692307692304
-0.040054153846153843
-0.07677046153846154
-0.11077476923076923
-0.13643446153846153
-0.14415323076923076
-0.13643446153846153
-0.11578153846153846
-0.078648
-0.041514461538461535
0.0
0.031709538461538456
0.040679999999999994
0.04672984615384615
0.043392
0.03650769230769231
0.040262769230769234
0.03629907692307692
0.031709538461538456
0.03713353846153846
0.042974769230769226
0.05528307692307692
0.05653476923076922
0.04193169230769231
0.026285538461538457
-0.0006258461538461538
-0.018358153846153843
-0.03504738461538461
-0.05799507692307692
-0.06279323076923077
-0.05069353846153846
-0.009804923076923077
0.03358707692307692
0.07051199999999999
0.0974233846153846
0.10785415384615385
0.11619876923076923
0.10848000000000001
0.07802215384615384
0.023990769230769232
-0.04318338461538461
-0.10138707692307691
-0.13935507692307691
-0.16501476923076921
-0.18545907692307692
-0.21111876923076925
-0.22864246153846152
-0.23156307692307693
-0.21696000000000001
-0.20193969230769232
-0.18232984615384615
-0.1476996923076923
-0.084072
0.04902461538461538
0.2764153846153846
0.5150713846153846
0.6648572307692308
0.807132923076923
0.8824430769230769
0.9189507692307692
0.8688830769230769
0.6212566153846153
0.2849686153846154
-0.1710646153846154
-0.5826627692307692
-0.9295901538461538
-1.238340923076923
-1.396054153846154
-1.453214769230769
-1.2589938461538461
-0.8511507692307692
-0.2899753846153846
0.3752990769230769
0.9414812307692307
1.4225483076923076
1.6997981538461537
1.7348455384615384
1.5585655384615384
1.0979427692307693
0.49733907692307694
-0.18796246153846152
-0.8941255384615384
-1.4006436923076924
-1.717739076923077
-1.799307692307692
-1.6215673846153846
-1.2934153846153846
-0.7787612307692308
-0.18212123076923076
0.43642338461538455
1.0201292307692307
1.4000178461538462
1.5779667692307693
1.5450055384615384
1.3261679999999998
0.9796578461538461
0.48586523076923077
-0.07593599999999999
-0.6343993846153846
-1.1004461538461539
-1.3789476923076922
-1.504116923076923
-1.4701126153846154
-1.287782769230769
-0.9865421538461538
-0.56952
-0.11911938461538461
0.31125415384615385
0.6884307692307692
0.9590049230769231
1.1361193846153845
1.2074658461538461
1.1448812307692309
0.9581704615384615
0.6621452307692308
0.30207507692307695
-0.08094276923076923
-0.4449766153846154
-0.7666615384615384
-1.0071950769230769
-1.1281919999999999
-1.141126153846154
-1.0038572307692308
-0.703451076923077
-0.2899753846153846
0.20047938461538461
0.698027076923077
1.1340332307692307
1.4711556923076923
1.6484787692307692
1.6405513846153845
1.4233827692307692
1.005108923076923
0.482736
-0.08198584615384615
-0.6304356923076923
-1.1069132307692306
-1.461142153846154
-1.628243076923077
-1.5754633846153845
-1.307809846153846
-0.8778535384615384
-0.33545353846153847
0.2632726153846154
0.8375907692307692
1.3076012307692308
1.6023747692307693
1.6622473846153847
1.4803347692307693
1.0883464615384615
0.5540824615384615
-0.015228923076923076
-0.5615926153846154
-1.0082381538461538
-1.293624
-1.410865846153846
-1.3274196923076924
-1.053924923076923
-0.6473335384615384
-0.17273353846153844
0.290184
0.6890566153846153
0.983412923076923
1.1371624615384615
1.1517655384615384
1.023049846153846
0.7618633846153846
0.427452923076923
0.07426707692307692
-0.23761292307692305
-0.4914978461538461
-0.6681950769230769
-0.7570652307692307
-0.7677046153846154
-0.6690295384615385
-0.4985907692307692
-0.28851507692307693
-0.07551876923076924
0.11181784615384616
0.2937304615384615
0.4539470769230769
0.56952
0.6206307692307692
0.5945538461538461
0.508187076923077
0.3988726153846154
0.2757895384615385
0.14707384615384617
0.02211323076923077
-0.0988836923076923
-0.20402584615384614
-0.29748553846153847
-0.3617390769230769
-0.39344861538461534
-0.39407446153846154
-0.35339446153846155
-0.2860116923076923
-0.16876984615384616
-0.0043809230769230765
0.18775384615384613
0.3838523076923077
0.5411483076923076
0.6379458461538461
0.6692381538461538
0.6366941538461539
0.5244590769230769
0.3410861538461538
0.10514215384615383
-0.13852061538461538
-0.3412947692307692
-0.48023261538461537
-0.547824
-0.5570030769230769
-0.4917064615384615
-0.36382523076923073
-0.1927606153846154
-0.0006258461538461538
0.17023015384615386
0.3170953846153846
0.4251581538461538
0.4816929230769231
0.4821101538461538
0.4245323076923077
0.32669169230769235
0.200688
0.06446215384615385
-0.05757784615384615
-0.15541846153846153
-0.2225926153846154
-0.25284184615384614
-0.2422024615384615
-0.2056947692307692
-0.1691870769230769
-0.12829846153846153
-0.09179076923076923
-0.06633969230769231
-0.04652123076923077
-0.04756430769230769
-0.05319692307692307
-0.061750153846153844
-0.07072061538461538
-0.07259815384615384
-0.06487938461538462
-0.03650769230769231
-0.003963692307692307
0.017523692307692306
0.015646153846153844
-0.011265230769230769
-0.05716061538461538
-0.10472492307692308
-0.15082892307692305
-0.2021483076923077
-0.23823876923076923
-0.24574892307692306
-0.20110523076923076
-0.11452984615384615
-0.004172307692307692
0.11202646153846153
0.21737723076923077
0.31772123076923076
0.38927630769230764
0.4147273846153846
0.3727956923076923
0.2705741538461538
0.14540492307692307
0.017940923076923077
-0.0963803076923077
-0.1910916923076923
-0.2588916923076923
-0.28204799999999997
-0.2478350769230769
-0.1585476923076923
-0.035255999999999996
0.08115138461538463
0.17461107692307692
0.23677846153846152
0.26139507692307695
0.249504
0.1942209230769231
0.09909230769230769
-0.03379569230769231
-0.17648861538461538
-0.2860116923076923
-0.3508910769230769
-0.3615304615384615
-0.3277347692307692
-0.2695310769230769
-0.18337292307692307
-0.07843938461538462
0.038176615384615385
0.1489513846153846
0.222384
0.2561796923076923
0.2399076923076923
0.18858830769230767
0.13601723076923075
0.06487938461538462
-0.008970461538461538
-0.07030338461538461
-0.10681107692307691
-0.09596307692307693
-0.06341907692307691
-0.027120000000000002
0.0016689230769230767
0.018983999999999997
0.040054153846153843
0.059038153846153844
0.06738276923076922
0.06008123076923077
0.03129230769230769
0.0025033846153846152
-0.021070153846153846
-0.02586830769230769
-0.013768615384615384
-0.005841230769230769
0.016063384615384615
0.041514461538461535
0.07468430769230769
0.1045163076923077
0.1136953846153846
0.10639384615384614
0.07364123076923076
0.04526953846153846
0.027745846153846152
0.015854769230769228
0.016272
0.020027076923076922
0.03024923076923077
0.05716061538461538
0.09095630769230768
0.13393107692307693
0.165432
0.1652233846153846
0.15500123076923078
0.12767261538461538
0.09199938461538461
0.04860738461538461
-0.005841230769230769
-0.052571076923076915
-0.09325107692307691
-0.11348676923076922
-0.1045163076923077
-0.07969107692307692
-0.044435076923076924
-0.008344615384615384
0.034630153846153845
0.0855323076923077
0.12350030769230769
0.14936861538461538
0.1424843076923077
0.10639384615384614
0.05674338461538461
-0.010013538461538461
-0.08156861538461539
-0.165432
-0.2509643076923077
-0.3054129230769231
-0.3235624615384615
-0.30144923076923075
-0.24491446153846153
-0.17481969230769231
-0.09408553846153846
-0.0070929230769230765
0.08198584615384615
0.14916
0.1693956923076923
0.14123261538461537
0.07739630769230768
-0.003129230769230769
-0.092208
-0.18066092307692305
-0.2586830769230769
-0.3133403076923077
-0.33002953846153843
-0.30332676923076923
-0.24345415384615382
-0.15291507692307693
-0.05757784615384615
0.03108369230769231
0.11098338461538461
0.15667015384615385
0.1710646153846154
0.14749107692307692
0.08156861538461539
-0.009596307692307692
-0.10159569230769232
-0.16710092307692306
-0.20193969230769232
-0.21988061538461537
-0.20486030769230767
-0.15813046153846153
-0.08365476923076923
0.017523692307692306
0.1151556923076923
0.21132738461538458
0.2722430769230769
0.29602523076923076
0.31125415384615385
0.29414769230769233
0.24866953846153847
0.17252492307692308
0.07092923076923077
-0.011265230769230769
-0.07781353846153846
-0.11536430769230768
-0.12245723076923076
-0.12287446153846153
-0.09095630769230768
-0.044435076923076924
0.018983999999999997
0.09012184615384615
0.14144123076923076
0.17481969230769231
0.17398523076923075
0.1666836923076923
0.157296
0.13476553846153844
0.10848000000000001
0.073224
0.04672984615384615
0.028371692307692306
0.013768615384615384
0.014394461538461538
0.014811692307692307
0.004589538461538461
-0.0025033846153846152
0.0014603076923076922
0.017732307692307693
0.03358707692307692
0.03609046153846154
0.0446436923076923
0.06341907692307691
0.09012184615384615
0.11619876923076923
0.12934153846153845
0.13330523076923076
0.12454338461538461
0.10952307692307692
0.10117846153846152
0.08845292307692308
0.06258461538461538
0.025033846153846153
-0.01814953846153846
-0.052153846153846155
-0.0828203076923077
-0.10535076923076922
-0.12391753846153845
-0.12287446153846153
-0.09575446153846154
-0.06195876923076923
-0.013768615384615384
0.025033846153846153
0.0448523076923077
0.047981538461538464
0.04693846153846153
0.051319384615384614
0.04965046153846154
0.03713353846153846
0.008970461538461538
-0.026702769230769228
-0.05736923076923077
-0.07739630769230768
-0.09471138461538461
-0.11014892307692307
-0.12683815384615382
-0.1341396923076923
-0.11014892307692307
-0.06216738461538462
-0.0025033846153846152
0.058412307692307694
0.1178676923076923
0.18107815384615383
0.23803015384615384
0.27412061538461535
0.2726603076923077
0.23782153846153845
0.17711446153846155
0.10055261538461538
0.017940923076923077
-0.06800861538461538
-0.14582215384615385
-0.2075723076923077
-0.24428861538461538
-0.24846092307692308
-0.21320492307692307
-0.14957723076923077
-0.06821723076923077
0.02315630769230769
0.11181784615384616
0.18858830769230767
0.23782153846153845
0.25346769230769234
0.2330233846153846
0.17481969230769231
0.09095630769230768
-0.0029206153846153843
-0.0988836923076923
-0.200688
-0.2709913846153846
-0.3156350769230769
-0.3179298461538461
-0.27787569230769227
-0.23907323076923076
-0.16251138461538459
-0.07635323076923077
0.021278769230769233
0.12204
0.19025723076923076
0.22801661538461537
0.24199384615384617
0.22822523076923076
0.26348123076923075
0.28434276923076923
0.1422756923076923
-0.003129230769230769
-0.15792184615384616
-0.2480436923076923
-0.19442953846153843
-0.25138153846153843
-0.32001599999999997
-0.34588430769230766
-0.29685969230769227
-0.07572738461538461
0.10117846153846152
0.24512307692307692
0.2985286153846154
0.33816553846153846
0.45624184615384616
0.49316676923076924
0.500676923076923
0.32001599999999997
0.06487938461538462
-0.10013538461538461
-0.27704123076923076
-0.30520430769230766
-0.3421292307692308
-0.36445107692307693
-0.2436627692307692
-0.18274707692307693
0.008970461538461538
0.2482523076923077
0.39282276923076925
0.5649304615384615
0.5659735384615384
0.4814843076923077
0.4147273846153846
0.28163076923076924
0.20944984615384615
0.07760492307692309
-0.11432123076923076
-0.25367630769230765
-0.36445107692307693
-0.33607938461538456
-0.2872633846153846
-0.25764
-0.21174461538461536
-0.165432
0.0008344615384615384
0.173568
0.2722430769230769
0.3323243076923077
0.2937304615384615
0.27286892307692306
0.27453784615384613
0.2209236923076923
0.19004861538461537
0.10222153846153846
0.013351384615384614
-0.003129230769230769
-0.040054153846153843
-0.05757784615384615
-0.09450276923076922
-0.1612596923076923
-0.1858763076923077
-0.18942276923076923
-0.15687876923076924
-0.08949599999999999
0.003129230769230769
0.0853236923076923
0.13893784615384613
0.22655630769230767
0.28204799999999997
0.2979027692307692
0.29101846153846156
0.18253846153846154
0.07635323076923077
-0.015228923076923076
-0.1314276923076923
-0.20131384615384615
-0.2947735384615384
-0.3554806153846154
-0.34692738461538464
-0.3131316923076923
-0.20861538461538462
-0.11077476923076923
-0.005424
0.14457046153846154
0.2655673846153846
0.336288
0.3206418461538461
0.25930892307692305
0.1800350769230769
0.05507446153846154
-0.06988615384615385
-0.2221753846153846
-0.3440067692307692
-0.37967999999999996
-0.3873987692307692
-0.32335384615384616
-0.21237046153846154
-0.10409907692307692
0.029414769230769227
0.11828492307692307
0.168144
0.2125790769230769
0.19714153846153845
0.15416676923076922
0.08115138461538463
-0.018983999999999997
-0.11452984615384615
-0.1942209230769231
-0.22697353846153845
-0.2411593846153846
-0.23010276923076922
-0.20360861538461536
-0.16230276923076925
-0.06571384615384615
0.02795446153846154
0.11286092307692308
0.1800350769230769
0.19359507692307693
0.2090326153846154
0.22718215384615387
0.21445661538461538
0.17628
0.09930092307692308
0.015020307692307692
-0.013142769230769229
-0.01272553846153846
-0.011891076923076923
-0.024199384615384616
-0.04714707692307692
-0.04193169230769231
-0.02023569230769231
0.01272553846153846
0.037342153846153844
0.04193169230769231
0.04652123076923077
0.052153846153846155
0.07739630769230768
0.10368184615384615
0.12996738461538462
0.15625292307692307
0.12621230769230768
0.06717415384615384
0.012516923076923077
-0.04965046153846154
-0.10076123076923077
-0.16501476923076921
-0.23886461538461537
-0.2572227692307692
-0.22843384615384613
-0.14728246153846153
-0.02357353846153846
0.073224
0.1504116923076923
0.21174461538461536
0.2628553846153846
0.3004061538461538
0.27975323076923075
0.20944984615384615
0.10409907692307692
0.0077187692307692304
-0.05528307692307692
-0.10848000000000001
-0.13247076923076923
-0.1476996923076923
-0.13601723076923075
-0.08177723076923075
-0.02899753846153846
0.04756430769230769
0.11578153846153846
0.1506203076923077
0.17148184615384612
0.1597993846153846
0.13184492307692308
0.08010830769230769
-0.0077187692307692304
-0.10806276923076923
-0.21758584615384616
-0.3045784615384615
-0.33545353846153847
-0.3187643076923077
-0.25951753846153847
-0.18942276923076923
-0.10618523076923077
-0.005424
0.08845292307692308
0.16167692307692308
0.17711446153846155
0.15374953846153847
0.11870215384615385
0.059664
-0.004589538461538461
-0.07343261538461537
-0.14018953846153845
-0.17231630769230769
-0.16981292307692308
-0.13351384615384615
-0.07092923076923077
-0.010848
0.04819015384615385
0.11160923076923077
0.15625292307692307
0.1858763076923077
0.19380369230769232
0.17461107692307692
0.12975876923076923
0.053405538461538456
-0.02482523076923077
-0.09241661538461539
-0.14457046153846154
-0.17315076923076922
-0.17023015384615386
-0.14916
-0.12370892307692308
-0.0744756923076923
-0.006049846153846154
0.06279323076923077
0.11911938461538461
0.14123261538461537
0.14540492307692307
0.1435273846153846
0.12350030769230769
0.0961716923076923
0.055491692307692304
0.006258461538461538
-0.03588184615384615
-0.06717415384615384
-0.08156861538461539
-0.07510153846153846
-0.05799507692307692
-0.046104
-0.04756430769230769
-0.04380923076923077
-0.023990769230769232
-0.0016689230769230767
0.03045784615384615
0.05757784615384615
0.07009476923076922
0.07280676923076923
0.055491692307692304
0.0448523076923077
0.02044430769230769
-0.025659692307692307
-0.08156861538461539
-0.14790830769230767
-0.192552
-0.2221753846153846
-0.2355267692307692
-0.22947692307692308
-0.20006215384615383
-0.1449876923076923
-0.0744756923076923
0.003755076923076923
0.06800861538461538
0.11286092307692308
0.1489513846153846
0.17586276923076924
0.18253846153846154
0.168144
0.13184492307692308
0.08845292307692308
0.03984553846153846
-0.010848
-0.03942830769230769
-0.054657230769230764
-0.05236246153846154
-0.029832
0.01272553846153846
0.08031692307692308
0.14957723076923077
0.21049292307692305
0.24282830769230768
0.24428861538461538
0.2292683076923077
0.19714153846153845
0.15750461538461538
0.09867507692307692
0.026285538461538457
-0.03233538461538461
-0.06946892307692307
-0.08240307692307691
-0.06884307692307692
-0.04902461538461538
-0.02899753846153846
-0.006884307692307692
0.015020307692307692
0.045895384615384616
0.07197230769230768
0.08574092307692306
0.09012184615384615
0.09053907692307692
0.0961716923076923
0.10785415384615385
0.11911938461538461
0.11703323076923078
0.10409907692307692
0.09158215384615384
0.09241661538461539
0.10347323076923076
0.10597661538461538
0.09554584615384615
0.07551876923076924
0.06341907692307691
0.054240000000000003
0.046104
0.03400430769230769
0.001043076923076923
-0.023990769230769232
-0.029206153846153847
-0.017940923076923077
0.005841230769230769
0.015646153846153844
0.01856676923076923
0.027328615384615382
0.03984553846153846
0.058829538461538454
0.06571384615384615
0.05090215384615384
0.027328615384615382
0.0043809230769230765
-0.015437538461538461
-0.03442153846153846
-0.052153846153846155
-0.06049846153846154
-0.05820369230769231
-0.04109723076923077
-0.011682461538461537
0.02586830769230769
0.05820369230769231
0.07384984615384615
0.09512861538461538
0.12120553846153845
0.14665661538461539
0.16271999999999998
0.14185846153846154
0.10055261538461538
0.06905169230769231
0.042557538461538466
0.01856676923076923
-0.009804923076923077
-0.04985907692307692
-0.078648
-0.0936683076923077
-0.09325107692307691
-0.084072
-0.092208
-0.10493353846153847
-0.1151556923076923
-0.11348676923076922
-0.08991323076923076
-0.0609156923076923
-0.04109723076923077
-0.021696
0.010013538461538461
0.051319384615384614
0.09721476923076922
0.12829846153846153
0.13455692307692307
0.11327815384615383
0.07426707692307692
0.03045784615384615
-0.010848
-0.042557538461538466
-0.07927384615384615
-0.09930092307692308
-0.0936683076923077
-0.065088
-0.004172307692307692
0.05590892307692308
0.11536430769230768
0.16292861538461537
0.19568123076923075
0.22300984615384614
0.21862892307692305
0.17502830769230768
0.0963803076923077
0.008136
-0.07301538461538462
-0.13914646153846155
-0.1923433846153846
-0.22947692307692308
-0.24428861538461538
-0.22676492307692306
-0.17502830769230768
-0.10764553846153846
-0.03483876923076923
0.026285538461538457
0.07030338461538461
0.09533723076923077
0.10159569230769232
0.08073415384615384
0.03233538461538461
-0.026076923076923077
-0.08574092307692306
-0.1314276923076923
-0.14582215384615385
-0.13434830769230768
-0.10117846153846152
-0.04985907692307692
0.002086153846153846
0.07197230769230768
0.1397723076923077
0.1860849230769231
0.21716861538461538
0.21529107692307692
0.19735015384615384
0.165432
0.12224861538461537
0.06905169230769231
0.003755076923076923
-0.04714707692307692
-0.08594953846153845
-0.0880356923076923
-0.059038153846153844
-0.03275261538461539
0.011265230769230769
0.06592246153846154
0.12245723076923076
0.17169046153846151
0.1794092307692308
0.15938215384615384
0.11286092307692308
0.046104
-0.019192615384615384
-0.08052553846153847
-0.1207883076923077
-0.1435273846153846
-0.14519630769230768
-0.12391753846153845
-0.0892873846153846
-0.03713353846153846
0.024199384615384616
0.07781353846153846
0.13476553846153844
0.17461107692307692
0.17815753846153848
0.16271999999999998
0.119328
0.05924676923076923
-0.007510153846153846
-0.07969107692307692
-0.13706030769230768
-0.17481969230769231
-0.20944984615384615
-0.2426196923076923
-0.2757895384615385
-0.30061476923076924
-0.3346190769230769
-0.33649661538461534
-0.27474646153846155
-0.17398523076923075
-0.003755076923076923
0.14582215384615385
0.2947735384615384
0.4508178461538461
0.5342640000000001
0.5868350769230769
0.5167403076923076
0.3571495384615384
0.1435273846153846
-0.10848000000000001
-0.2931046153846154
-0.5002596923076923
-0.6212566153846153
-0.654217846153846
-0.6131206153846154
-0.4078430769230769
-0.17815753846153848
0.10806276923076923
0.35235138461538457
0.5330123076923077
0.7011563076923077
0.7274418461538461
0.6844670769230768
0.5217470769230769
0.26348123076923075
0.0012516923076923076
-0.3116713846153846
-0.5236246153846154
-0.6456646153846154
-0.6978184615384615
-0.631896
-0.5340553846153846
-0.36778892307692307
-0.17148184615384612
0.02315630769230769
0.22822523076923076
0.33816553846153846
0.38343507692307693
0.3942830769230769
0.3550633846153846
0.3241883076923077
0.24303692307692307
0.12099692307692309
-0.014394461538461538
-0.16793538461538463
-0.26097784615384617
-0.3198073846153846
-0.3588184615384616
-0.34588430769230766
-0.2993630769230769
-0.19672430769230767
-0.06425353846153846
0.04526953846153846
0.14123261538461537
0.19213476923076922
0.22655630769230767
0.2509643076923077
0.24324553846153843
0.24074215384615386
0.21299630769230768
0.1783661538461538
0.13518276923076925
0.04902461538461538
-0.026494153846153844
-0.11974523076923077
-0.22405292307692307
-0.3141747692307692
-0.4053396923076923
-0.41973415384615387
-0.3707095384615384
-0.2699483076923077
-0.11745046153846153
0.024199384615384616
0.17502830769230768
0.30979384615384614
0.39595199999999997
0.43621476923076924
0.38280923076923074
0.3008233846153846
0.2138307692307692
0.11432123076923076
0.03421292307692308
-0.06321046153846153
-0.12579507692307693
-0.1558356923076923
-0.1712732307692308
-0.143736
-0.10910584615384614
-0.044435076923076924
0.05236246153846154
0.1449876923076923
0.2342750769230769
0.28246523076923075
0.2989458461538462
0.2989458461538462
0.25471938461538457
0.19672430769230767
0.11724184615384614
0.030040615384615384
-0.03483876923076923
-0.0961716923076923
-0.12350030769230769
-0.12120553846153845
-0.10138707692307691
-0.056951999999999996
-0.03108369230769231
-0.014603076923076923
0.0014603076923076922
0.008136
0.028163076923076923
0.03921969230769231
0.04047138461538462
0.04547815384615384
0.04672984615384615
0.07572738461538461
0.10806276923076923
0.12704676923076924
0.14436184615384615
0.13476553846153844
0.14039815384615384
0.13726892307692307
0.10409907692307692
0.04944184615384615
-0.03713353846153846
-0.09909230769230769
-0.14081538461538462
-0.15750461538461538
-0.1435273846153846
-0.1287156923076923
-0.09033046153846153
-0.030040615384615384
0.03400430769230769
0.10931446153846153
0.16000799999999998
0.1785747692307692
0.18212123076923076
0.14561353846153846
0.09700615384615385
0.03650769230769231
-0.04193169230769231
-0.11536430769230768
-0.19526400000000002
-0.24199384615384617
-0.25305046153846156
-0.23907323076923076
-0.18712800000000002
-0.13643446153846153
-0.065088
0.027328615384615382
0.12454338461538461
0.23656984615384613
0.31229723076923077
0.3542289230769231
0.36215630769230767
0.32731753846153844
0.2799618461538461
0.20047938461538461
0.09283384615384616
-0.015437538461538461
-0.11098338461538461
-0.15833907692307692
-0.16605784615384614
-0.15416676923076922
-0.11828492307692307
-0.07781353846153846
-0.011682461538461537
0.06279323076923077
0.12308307692307692
0.17148184615384612
0.17231630769230769
0.14957723076923077
0.11745046153846153
0.07572738461538461
0.04130584615384615
-0.0014603076923076922
-0.03775938461538462
-0.06425353846153846
-0.08574092307692306
-0.08386338461538462
-0.07092923076923077
-0.058412307692307694
-0.04672984615384615
-0.03859384615384615
-0.02899753846153846
-0.012934153846153845
-0.0035464615384615383
0.0
-0.0070929230769230765
-0.01856676923076923
-0.013142769230769229
0.011056615384615385
0.04047138461538462
0.05736923076923077
0.06821723076923077
0.08365476923076923
0.1097316923076923
0.12204
0.10743692307692307
0.07635323076923077
0.02232184615384615
-0.031918153846153846
-0.07572738461538461
-0.11724184615384614
-0.1506203076923077
-0.1710646153846154
-0.1652233846153846
-0.13080184615384613
-0.07739630769230768
-0.023364923076923075
0.02273907692307692
0.061124307692307686
0.0934596923076923
0.11494707692307692
0.1178676923076923
0.10743692307692307
0.0828203076923077
0.051528
0.025659692307692307
0.00855323076923077
-0.0004172307692307692
-0.0018775384615384615
-0.004798153846153846
-0.004589538461538461
0.003963692307692307
0.014185846153846153
0.024199384615384616
0.03129230769230769
0.040054153846153843
0.051319384615384614
0.06404492307692307
0.07697907692307693
0.08991323076923076
0.10263876923076923
0.10722830769230769
0.10931446153846153
0.11390399999999999
0.10952307692307692
0.09116492307692307
0.05736923076923077
0.012308307692307691
-0.03400430769230769
-0.08073415384615384
-0.12767261538461538
-0.1783661538461538
-0.2261390769230769
-0.260352
-0.2666104615384615
-0.22488738461538463
-0.16459753846153846
-0.0961716923076923
-0.00855323076923077
0.07948246153846153
0.16438892307692307
0.21862892307692305
0.25012984615384615
0.24512307692307692
0.17711446153846155
0.08302892307692307
-0.034630153846153845
-0.14686523076923075
-0.2424110769230769
-0.33295015384615384
-0.37363015384615383
-0.3692492307692308
-0.3214763076923077
-0.2290596923076923
-0.12287446153846153
0.003129230769230769
0.12767261538461538
0.23093723076923076
0.3170953846153846
0.3648683076923077
0.3571495384615384
0.30207507692307695
0.20152246153846154
0.07489292307692308
-0.05590892307692308
-0.1867107692307692
-0.290184
-0.355272
-0.3713353846153846
-0.33295015384615384
-0.25242461538461536
-0.1424843076923077
-0.01981846153846154
0.10806276923076923
0.2275993846153846
0.32543999999999995
0.38009723076923074
0.376968
0.3369138461538461
0.2697396923076923
0.1881710769230769
0.09992676923076924
-0.008136
-0.1097316923076923
-0.18191261538461537
-0.22321846153846153
-0.23281476923076924
-0.21633415384615384
-0.173568
-0.11807630769230769
-0.04944184615384615
0.03671630769230769
0.1178676923076923
0.18525046153846153
0.22718215384615387
0.23615261538461538
0.22300984615384614
0.18086953846153844
0.11640738461538462
0.040262769230769234
-0.03942830769230769
-0.10618523076923077
-0.15833907692307692
-0.18379015384615385
-0.18545907692307692
-0.17565415384615385
-0.1570873846153846
-0.1368516923076923
-0.103056
-0.05799507692307692
-0.005424
0.04401784615384615
0.08448923076923077
0.12725538461538463
0.1639716923076923
0.19359507692307693
0.200688
0.17169046153846151
0.12913292307692306
0.07885661538461539
0.029623384615384614
-0.026285538461538457
-0.0936683076923077
-0.15228923076923076
-0.19839323076923077
-0.21174461538461536
-0.2075723076923077
-0.18650215384615382
-0.14603076923076924
-0.09137353846153846
-0.011891076923076923
0.07218092307692307
0.15145476923076923
0.20486030769230767
0.22655630769230767
0.222384
0.19526400000000002
0.14457046153846154
0.07572738461538461
-0.002086153846153846
-0.08615815384615384
-0.15500123076923078
-0.20778092307692309
-0.2342750769230769
-0.2303113846153846
-0.214248
-0.17982646153846152
-0.12934153846153845
-0.05298830769230769
0.0448523076923077
0.13393107692307693
0.20965846153846154
0.2572227692307692
0.2830910769230769
0.29727692307692305
0.2853858461538461
0.24908676923076922
0.18086953846153844
0.08824430769230769
-0.0018775384615384615
-0.08615815384615384
-0.15604430769230768
-0.21508246153846153
-0.25242461538461536
-0.24574892307692306
-0.19964492307692308
-0.10660246153846153
0.003129230769230769
0.10994030769230768
0.21320492307692307
0.29227015384615385
0.3542289230769231
0.38426953846153844
0.3648683076923077
0.29748553846153847
0.18149538461538461
0.03775938461538462
-0.10576799999999999
-0.23823876923076923
-0.3350363076923077
-0.39511753846153846
-0.41034646153846155
-0.3600701538461538
-0.26640184615384616
-0.13080184615384613
0.015854769230769228
0.14206707692307693
0.249504
0.3156350769230769
0.34338092307692303
0.3212676923076923
0.23364923076923078
0.111192
-0.03650769230769231
-0.17002153846153847
-0.26681907692307694
-0.33566215384615383
-0.3648683076923077
-0.35694092307692304
-0.28851507692307693
-0.17419384615384614
-0.04819015384615385
0.08010830769230769
0.1794092307692308
0.25367630769230765
0.3031181538461538
0.31188
0.2897667692307692
0.22551323076923077
0.1449876923076923
0.07218092307692307
0.012308307692307691
-0.005215384615384615
-0.0070929230769230765
-0.0022947692307692304
0.015646153846153844
0.03692492307692308
0.07426707692307692
0.116616
0.15291507692307693
0.17252492307692308
0.173568
0.17252492307692308
0.1639716923076923
0.14394461538461537
0.11181784615384616
0.058412307692307694
0.012516923076923077
-0.02023569230769231
-0.045895384615384616
-0.051528
-0.05444861538461539
-0.05486584615384615
-0.05590892307692308
-0.04172307692307692
-0.010013538461538461
0.02044430769230769
0.021278769230769233
0.010639384615384617
-0.006049846153846154
-0.049233230769230765
-0.05444861538461539
-0.058829538461538454
-0.05862092307692307
-0.06300184615384616
-0.08386338461538462
-0.06905169230769231
-0.047772923076923074
-0.010013538461538461
0.03504738461538461
0.11995384615384615
0.12162276923076921
0.07051199999999999
0.08135999999999999
0.03483876923076923
0.0771876923076923
0.03921969230769231
-0.11807630769230769
-0.18629353846153843
-0.26681907692307694
-0.20319138461538463
-0.11953661538461538
-0.10347323076923076
-0.06946892307692307
-0.059872615384615385
0.06842584615384616
0.1994363076923077
0.27871015384615383
0.2638984615384615
0.12558646153846154
0.06717415384615384
0.0008344615384615384
-0.03880246153846154
-0.06529661538461538
-0.17544553846153846
-0.17628
-0.18754523076923074
-0.17273353846153844
-0.043600615384615383
0.003755076923076923
0.0934596923076923
0.15833907692307692
0.138312
0.19192615384615386
0.20486030769230767
0.24199384615384617
0.2864289230769231
0.2261390769230769
0.1712732307692308
0.09721476923076922
0.07405846153846153
0.07489292307692308
0.0029206153846153843
-0.07113784615384615
-0.16251138461538459
-0.17544553846153846
-0.11745046153846153
-0.09679753846153846
-0.04944184615384615
-0.023364923076923075
0.013768615384615384
0.12496061538461539
0.1785747692307692
0.22175815384615383
0.24032492307692307
0.1733593846153846
0.14957723076923077
0.09450276923076922
0.004589538461538461
-0.06717415384615384
-0.16856123076923077
-0.2221753846153846
-0.2374043076923077
-0.22718215384615387
-0.1721076923076923
-0.07656184615384615
0.03650769230769231
0.11035753846153845
0.1842073846153846
0.24470584615384613
0.2707827692307692
0.2897667692307692
0.22864246153846152
0.12662953846153846
0.03275261538461539
-0.08344615384615384
-0.15354092307692307
-0.22113230769230768
-0.2899753846153846
-0.28893230769230765
-0.25513661538461535
-0.16897846153846155
-0.06884307692307692
0.005841230769230769
0.09137353846153846
0.15604430769230768
0.17732307692307692
0.15103753846153847
0.10243015384615384
0.06383630769230769
0.009804923076923077
-0.04401784615384615
-0.10138707692307691
-0.16063384615384615
-0.154584
-0.1314276923076923
-0.10013538461538461
-0.031709538461538456
-0.0002086153846153846
0.03880246153846154
0.08490646153846154
0.09053907692307692
0.10660246153846153
0.10409907692307692
0.08574092307692306
0.07259815384615384
0.03504738461538461
0.004172307692307692
-0.013560000000000001
-0.023990769230769232
-0.020027076923076922
-0.02586830769230769
-0.04214030769230769
-0.07364123076923076
-0.0853236923076923
-0.07134646153846153
-0.058412307692307694
-0.028371692307692306
-0.021070153846153846
-0.013351384615384614
0.029414769230769227
0.06988615384615385
0.10222153846153846
0.1045163076923077
0.07134646153846153
0.061124307692307686
0.06216738461538462
0.04672984615384615
0.021278769230769233
-0.03421292307692308
-0.08010830769230769
-0.103056
-0.10326461538461539
-0.07384984615384615
-0.053614153846153846
-0.03838523076923077
-0.01814953846153846
0.017315076923076923
0.07030338461538461
0.11682461538461539
0.15291507692307693
0.15103753846153847
0.10660246153846153
0.06863446153846153
0.02795446153846154
0.004798153846153846
-0.016480615384615385
-0.086784
-0.14123261538461537
-0.16480615384615382
-0.15687876923076924
-0.1178676923076923
-0.10138707692307691
-0.09596307692307693
-0.0826116923076923
-0.04860738461538461
0.021696
0.07802215384615384
0.10013538461538461
0.08323753846153846
0.04902461538461538
0.034630153846153845
0.018358153846153843
0.0077187692307692304
-0.008344615384615384
-0.026911384615384615
-0.01981846153846154
-0.0029206153846153843
0.03650769230769231
0.07364123076923076
0.07593599999999999
0.06362769230769232
0.043600615384615383
0.03504738461538461
0.040054153846153843
0.034630153846153845
0.02315630769230769
0.0006258461538461538
-0.018358153846153843
-0.012099692307692308
0.00855323076923077
0.03108369230769231
0.031918153846153846
0.021904615384615383
0.02482523076923077
0.043600615384615383
0.06633969230769231
0.05924676923076923
0.021278769230769233
-0.02086153846153846
-0.06216738461538462
-0.09012184615384615
-0.11536430769230768
-0.15354092307692307
-0.1733593846153846
-0.1637630769230769
-0.12558646153846154
-0.05382276923076923
0.016480615384615385
0.07197230769230768
0.12642092307692307
0.1656406153846154
0.1942209230769231
0.20465169230769228
0.18149538461538461
0.132888
0.06946892307692307
0.0029206153846153843
-0.06487938461538462
-0.11870215384615385
-0.15813046153846153
-0.18545907692307692
-0.19150892307692308
-0.17169046153846151
-0.10848000000000001
-0.02524246153846154
0.06738276923076922
0.15959076923076923
0.22175815384615383
0.260352
0.27182584615384614
0.25138153846153843
0.1992276923076923
0.12454338461538461
0.03609046153846154
-0.04547815384615384
-0.11098338461538461
-0.1502030769230769
-0.1612596923076923
-0.14394461538461537
-0.10117846153846152
-0.04944184615384615
0.01814953846153846
0.08344615384615384
0.14081538461538462
0.19463815384615382
0.2355267692307692
0.25200738461538463
0.2369870769230769
0.19442953846153843
0.13643446153846153
0.08636676923076922
0.03859384615384615
-0.014603076923076923
-0.07697907692307693
-0.1316363076923077
-0.15562707692307692
-0.165432
-0.15667015384615385
-0.1395636923076923
-0.12204
-0.09074769230769231
-0.04714707692307692
0.011265230769230769
0.06654830769230768
0.11014892307692307
0.143736
0.16313723076923078
0.16063384615384615
0.1397723076923077
0.09971815384615385
0.034630153846153845
-0.03755076923076923
-0.10848000000000001
-0.15938215384615384
-0.17544553846153846
-0.16167692307692308
-0.11807630769230769
-0.05611753846153846
0.029623384615384614
0.127464
0.21132738461538458
0.26786215384615386
0.2807963076923077
0.2641070769230769
0.21967199999999998
0.15479261538461536
0.078648
-0.014185846153846153
-0.09387692307692307
-0.13893784615384613
-0.14978584615384616
-0.12662953846153846
-0.09262523076923077
-0.061750153846153844
-0.029623384615384614
-0.0012516923076923076
0.029832
0.043600615384615383
0.024199384615384616
-0.016897846153846156
-0.06425353846153846
-0.08991323076923076
-0.086784
-0.07113784615384615
-0.04756430769230769
-0.010013538461538461
0.03650769230769231
0.09179076923076923
0.1397723076923077
0.15896492307692306
0.13789476923076924
0.08699261538461538
0.027745846153846152
-0.026494153846153844
-0.0717636923076923
-0.11348676923076922
-0.1353913846153846
-0.12913292307692306
-0.08636676923076922
-0.005841230769230769
0.08323753846153846
0.16584923076923075
0.22718215384615387
0.25805723076923076
0.26619323076923074
0.25346769230769234
0.20861538461538462
0.12683815384615382
0.026911384615384615
-0.08031692307692308
-0.1666836923076923
-0.21591692307692306
-0.249504
-0.25138153846153843
-0.22697353846153845
-0.1733593846153846
-0.08010830769230769
0.022947692307692308
0.11891076923076922
0.18232984615384615
0.20339999999999997
0.1948467692307692
0.16230276923076925
0.100344
0.018358153846153843
-0.06738276923076922
-0.14018953846153845
-0.18274707692307693
-0.1860849230769231
-0.16418030769230768
-0.1341396923076923
-0.09846646153846153
-0.062376
-0.013768615384615384
0.025659692307692307
0.04631261538461538
0.05090215384615384
0.03504738461538461
0.012934153846153845
0.0006258461538461538
-0.002712
-0.010848
-0.015646153846153844
-0.026285538461538457
-0.026702769230769228
-0.017523692307692306
-0.01668923076923077
-0.01397723076923077
-0.024408000000000003
-0.03108369230769231
-0.015020307692307692
0.010013538461538461
0.037967999999999995
0.065088
0.09533723076923077
0.13706030769230768
0.18900553846153845
0.23928184615384615
0.2620209230769231
0.24199384615384617
0.19380369230769232
0.13643446153846153
0.08073415384615384
0.02899753846153846
-0.018775384615384614
-0.054657230769230764
-0.06675692307692307
-0.06341907692307691
-0.035464615384615386
0.011056615384615385
0.04860738461538461
0.08115138461538463
0.10389046153846154
0.11953661538461538
0.12788123076923075
0.11202646153846153
0.07343261538461537
0.008344615384615384
-0.06654830769230768
-0.12496061538461539
-0.17231630769230769
-0.20110523076923076
-0.21487384615384614
-0.21299630769230768
-0.17544553846153846
-0.11306953846153844
-0.03984553846153846
0.028788923076923077
0.07927384615384615
0.11891076923076922
0.14811692307692306
0.16063384615384615
0.14832553846153845
0.09679753846153846
0.032544
-0.02315630769230769
-0.05653476923076922
-0.06362769230769232
-0.06884307692307692
-0.06738276923076922
-0.05236246153846154
-0.02023569230769231
0.037342153846153844
0.09700615384615385
0.1314276923076923
0.14686523076923075
0.14477907692307693
0.14540492307692307
0.14811692307692306
0.13518276923076925
0.1097316923076923
0.059038153846153844
0.010639384615384617
-0.02357353846153846
-0.052153846153846155
-0.07468430769230769
-0.10535076923076922
-0.13121907692307694
-0.14519630769230768
-0.1395636923076923
-0.09950953846153845
-0.04568676923076923
0.006049846153846154
0.059038153846153844
0.1097316923076923
0.16292861538461537
0.20944984615384615
0.21821169230769227
0.19588984615384614
0.14811692307692306
0.09325107692307691
0.042974769230769226
-0.021904615384615383
-0.0826116923076923
-0.14018953846153845
-0.15917353846153848
-0.13664307692307692
-0.09262523076923077
-0.03045784615384615
-0.0077187692307692304
0.003755076923076923
0.006467076923076923
0.009179076923076922
-0.0006258461538461538
-0.030040615384615384
-0.04985907692307692
-0.04172307692307692
-0.0029206153846153843
0.10222153846153846
0.2517987692307692
0.24637476923076923
0.2620209230769231
0.26911384615384615
0.23156307692307693
0.24992123076923078
0.09825784615384614
-0.05757784615384615
-0.2563883076923077
-0.42724430769230765
-0.4783550769230769
-0.5853747692307693
-0.59664
-0.6110344615384615
-0.5259193846153846
-0.30332676923076923
-0.07572738461538461
0.23907323076923076
0.43663199999999996
0.5624270769230769
0.6521316923076923
0.6035243076923077
0.5424
0.347136
0.086784
-0.12412615384615384
-0.4128498461538462
-0.5551255384615384
-0.580368
-0.5797421538461539
-0.45332123076923075
-0.3542289230769231
-0.19985353846153847
-0.012934153846153845
0.14665661538461539
0.3502652307692307
0.4652123076923077
0.5244590769230769
0.5622184615384616
0.5499101538461538
0.5257107692307692
0.39407446153846154
0.1787833846153846
-0.04944184615384615
-0.28893230769230765
-0.4222375384615385
-0.509856
-0.565764923076923
-0.5365587692307692
-0.4781464615384615
-0.32001599999999997
-0.11599015384615384
0.05507446153846154
0.2374043076923077
0.3748818461538461
0.49316676923076924
0.6191704615384614
0.6717415384615385
0.6588073846153846
0.545112
0.3650769230769231
0.1614683076923077
-0.08073415384615384
-0.31208861538461535
-0.5325950769230768
-0.6750793846153846
-0.7393329230769231
-0.7282763076923077
-0.5693113846153846
-0.3467187692307692
-0.09283384615384616
0.19505538461538463
0.45457292307692304
0.6846756923076923
0.841763076923077
0.8970461538461538
0.8480215384615384
0.663396923076923
0.41577046153846153
0.1449876923076923
-0.15896492307692306
-0.4549901538461538
-0.7243126153846153
-0.9074769230769231
-0.9587963076923077
-0.8918307692307692
-0.7197230769230769
-0.48106707692307693
-0.18483323076923078
0.14039815384615384
0.42307199999999995
0.6490024615384615
0.766452923076923
0.7497636923076922
0.6467076923076923
0.44268184615384615
0.20047938461538461
-0.042557538461538466
-0.30207507692307695
-0.5121507692307692
-0.6719501538461539
-0.7526843076923077
-0.7207661538461537
-0.6154153846153846
-0.44581107692307687
-0.23949046153846154
-0.01668923076923077
0.19985353846153847
0.38531261538461536
0.5319692307692307
0.602064
0.6003950769230769
0.5373932307692307
0.4178566153846154
0.27704123076923076
0.10722830769230769
-0.06321046153846153
-0.20652923076923077
-0.32648307692307693
-0.3784283076923077
-0.3604873846153846
-0.30416123076923074
-0.21821169230769227
-0.10639384615384614
0.03755076923076923
0.20965846153846154
0.3713353846153846
0.49316676923076924
0.5638873846153847
0.5774473846153846
0.536976
0.4487316923076923
0.32836061538461536
0.17711446153846155
0.023364923076923075
-0.11995384615384615
-0.26139507692307695
-0.36027876923076924
-0.42307199999999995
-0.4408043076923077
-0.38885907692307686
-0.31188
-0.20652923076923077
-0.0744756923076923
0.06550523076923077
0.2261390769230769
0.35986153846153845
0.4443507692307692
0.5017199999999999
0.5052664615384616
0.4476886153846154
0.3510996923076923
0.21779446153846155
0.06675692307692307
-0.07969107692307692
-0.19964492307692308
-0.2795446153846154
-0.3316984615384615
-0.3437981538461538
-0.31834707692307695
-0.2517987692307692
-0.15959076923076923
-0.06008123076923077
0.05507446153846154
0.16438892307692307
0.26869661538461537
0.3379569230769231
0.3604873846153846
0.35339446153846155
0.3129230769230769
0.23907323076923076
0.1341396923076923
0.023990769230769232
-0.07802215384615384
-0.15562707692307692
-0.21195323076923075
-0.2509643076923077
-0.2647329230769231
-0.2716172307692308
-0.26076923076923075
-0.222384
-0.1721076923076923
-0.1218313846153846
-0.07885661538461539
-0.03880246153846154
-0.0014603076923076922
0.01981846153846154
0.026285538461538457
0.03024923076923077
0.03150092307692308
0.011473846153846154
-0.030040615384615384
-0.06696553846153847
-0.09971815384615385
-0.12350030769230769
-0.14164984615384615
-0.16271999999999998
-0.16418030769230768
-0.15938215384615384
-0.14144123076923076
-0.09763200000000001
-0.04380923076923077
0.031709538461538456
0.11953661538461538
0.2059033846153846
0.2837169230769231
0.3294036923076923
0.3350363076923077
0.29769415384615383
0.22843384615384613
0.14603076923076924
0.04193169230769231
-0.06571384615384615
-0.16105107692307694
-0.22864246153846152
-0.24720923076923076
-0.2288510769230769
-0.16480615384615382
-0.08094276923076923
0.006884307692307692
0.09867507692307692
0.17148184615384612
0.22467876923076924
0.2374043076923077
0.2157083076923077
0.16292861538461537
0.08699261538461538
0.013351384615384614
-0.05778646153846154
-0.10889723076923077
-0.14853415384615384
-0.1846246153846154
-0.19150892307692308
-0.17419384615384614
-0.13330523076923076
-0.08657538461538461
-0.04902461538461538
-0.012308307692307691
0.012308307692307691
0.03755076923076923
0.05674338461538461
0.06675692307692307
0.07280676923076923
0.08386338461538462
0.11327815384615383
0.14540492307692307
0.1718990769230769
0.18525046153846153
0.18274707692307693
0.17502830769230768
0.15959076923076923
0.12579507692307693
0.07885661538461539
0.019609846153846155
-0.03629907692307692
-0.07489292307692308
-0.09658892307692307
-0.09304246153846155
-0.07030338461538461
-0.021904615384615383
0.03775938461538462
0.11494707692307692
0.200688
0.26076923076923075
0.301032
0.2920615384615385
0.2453316923076923
0.1733593846153846
0.07468430769230769
-0.03337846153846154
-0.14665661538461539
-0.24282830769230768
-0.3035353846153846
-0.31104553846153843
-0.2682793846153846
-0.19359507692307693
-0.1097316923076923
-0.019609846153846155
0.06988615384615385
0.15416676923076922
0.21612553846153845
0.2415766153846154
0.23677846153846152
0.19442953846153843
0.14436184615384615
0.07635323076923077
-0.0033378461538461535
-0.07280676923076923
-0.13768615384615385
-0.1710646153846154
-0.1656406153846154
-0.12975876923076923
-0.07030338461538461
-0.015228923076923076
0.03421292307692308
0.08949599999999999
0.12788123076923075
0.16292861538461537
0.18170399999999998
0.17398523076923075
0.1531236923076923
0.11494707692307692
0.08198584615384615
0.04631261538461538
0.011891076923076923
-0.026285538461538457
-0.07510153846153846
-0.09846646153846153
-0.10535076923076922
-0.10493353846153847
-0.10180430769230768
-0.11035753846153845
-0.09992676923076924
-0.07364123076923076
-0.050067692307692306
-0.026076923076923077
-0.01272553846153846
-0.0014603076923076922
0.02044430769230769
0.04965046153846154
0.07760492307692309
0.09658892307692307
0.10368184615384615
0.09763200000000001
0.08010830769230769
0.04944184615384615
-0.0014603076923076922
-0.06195876923076923
-0.12433476923076923
-0.18504184615384617
-0.22551323076923077
-0.24574892307692306
-0.24679199999999998
-0.22530461538461538
-0.18858830769230767
-0.12204
-0.03421292307692308
0.05319692307692307
0.132888
0.1794092307692308
0.20193969230769232
0.1994363076923077
0.16772676923076923
0.11974523076923077
0.03880246153846154
-0.06216738461538462
-0.16188553846153847
-0.23949046153846154
-0.2851772307692308
-0.30583015384615386
-0.2899753846153846
-0.24199384615384617
-0.1639716923076923
-0.051319384615384614
0.06675692307692307
0.17565415384615385
0.25659692307692306
0.29039261538461536
0.2995716923076923
0.27787569230769227
0.2238443076923077
0.14540492307692307
0.04860738461538461
-0.03629907692307692
-0.10096984615384616
-0.1353913846153846
-0.13726892307692307
-0.11870215384615385
-0.07739630769230768
-0.018775384615384614
0.058829538461538454
0.14290153846153844
0.20632061538461538
0.24032492307692307
0.2424110769230769
0.23656984615384613
0.2275993846153846
0.20152246153846154
0.16084246153846155
0.10389046153846154
0.04839876923076923
0.001043076923076923
-0.045895384615384616
-0.08156861538461539
-0.11223507692307692
-0.14039815384615384
-0.14665661538461539
-0.12099692307692309
-0.06905169230769231
-0.0008344615384615384
0.06967753846153846
0.14519630769230768
0.22551323076923077
0.29644246153846154
0.3448412307692308
0.3442153846153846
0.301032
0.22134092307692307
0.1205796923076923
0.029206153846153847
-0.051319384615384614
-0.11557292307692307
-0.16689230769230767
-0.19839323076923077
-0.19463815384615382
-0.1639716923076923
-0.11181784615384616
-0.053614153846153846
-0.0029206153846153843
0.05757784615384615
0.116616
0.1543753846153846
0.17294215384615383
0.15562707692307692
0.11765907692307691
0.06195876923076923
0.0
-0.04568676923076923
-0.0934596923076923
-0.13393107692307693
-0.16021661538461537
-0.15938215384615384
-0.12204
-0.07906523076923076
-0.04318338461538461
-0.010639384615384617
0.006049846153846154
0.01397723076923077
0.012308307692307691
-0.01043076923076923
-0.03692492307692308
-0.06133292307692308
-0.06550523076923077
-0.043392
-0.015854769230769228
0.0002086153846153846
0.005424
0.0025033846153846152
-0.011891076923076923
-0.030875076923076922
-0.059038153846153844
-0.10931446153846153
-0.1637630769230769
-0.19985353846153847
-0.21696000000000001
-0.21716861538461538
-0.21737723076923077
-0.21049292307692305
-0.21967199999999998
-0.2438713846153846
-0.1940123076923077
-0.10076123076923077
0.013351384615384614
0.15145476923076923
0.2709913846153846
0.4214030769230769
0.5676424615384615
0.6830067692307692
0.7643667692307692
0.6996959999999999
0.5229987692307692
0.2853858461538461
0.07092923076923077
-0.11181784615384616
-0.3179298461538461
-0.45749353846153845
-0.5699372307692308
-0.5453206153846154
-0.37655076923076924
-0.16751815384615384
0.09784061538461537
0.2951907692307692
0.45895384615384616
0.5816196923076923
0.6043587692307693
0.5459464615384615
0.34275507692307694
0.052153846153846155
-0.24428861538461538
-0.477312
-0.6006036923076923
-0.634608
-0.5590892307692308
-0.40325353846153844
-0.20423446153846153
0.015228923076923076
0.21988061538461537
0.3790541538461539
0.431208
0.3790541538461539
0.2870547692307692
0.1691870769230769
0.06258461538461538
0.0002086153846153846
-0.0446436923076923
-0.07301538461538462
-0.09450276923076922
-0.10430769230769231
-0.0853236923076923
-0.06425353846153846
-0.06821723076923077
-0.0771876923076923
-0.07510153846153846
-0.06529661538461538
-0.03609046153846154
-0.027120000000000002
-0.03713353846153846
-0.03024923076923077
-0.021070153846153846
0.013351384615384614
0.07238953846153846
0.12934153846153845
0.19735015384615384
0.24908676923076922
0.2561796923076923
0.21696000000000001
0.12808984615384614
-0.01981846153846154
-0.1883796923076923
-0.32982092307692307
-0.42599261538461536
-0.4456024615384615
-0.3917796923076923
-0.2572227692307692
-0.06049846153846154
0.15270646153846154
0.3588184615384616
0.5311347692307692
0.6256375384615384
0.6181273846153846
0.5376018461538461
0.38948492307692306
0.19860184615384616
-0.005215384615384615
-0.19296923076923078
-0.327108923076923
-0.39699507692307695
-0.3836436923076923
-0.30583015384615386
-0.17815753846153848
-0.02586830769230769
0.13643446153846153
0.3049956923076923
0.41952553846153845
0.45332123076923075
0.4042966153846154
0.279336
0.12642092307692307
-0.029414769230769227
-0.1842073846153846
-0.3016578461538461
-0.37738523076923075
-0.37592492307692305
-0.28476
-0.15249784615384615
0.00855323076923077
0.157296
0.2730775384615384
0.3312812307692308
0.3275261538461538
0.276624
0.17273353846153844
0.05090215384615384
-0.084072
-0.19442953846153843
-0.25367630769230765
-0.2749550769230769
-0.23761292307692305
-0.15750461538461538
-0.061124307692307686
0.03275261538461539
0.10222153846153846
0.13643446153846153
0.12412615384615384
0.06946892307692307
-0.011056615384615385
-0.09679753846153846
-0.1800350769230769
-0.24762646153846155
-0.2782929230769231
-0.2814221538461538
-0.25054707692307693
-0.18796246153846152
-0.10409907692307692
-0.015020307692307692
0.05236246153846154
0.09158215384615384
0.0934596923076923
0.06592246153846154
0.012308307692307691
-0.049233230769230765
-0.09679753846153846
-0.13309661538461537
-0.14081538461538462
-0.12245723076923076
-0.09784061538461537
-0.043600615384615383
0.03045784615384615
0.10555938461538462
0.1777403076923077
0.2059033846153846
0.19568123076923075
0.1652233846153846
0.11557292307692307
0.06675692307692307
0.016480615384615385
-0.023990769230769232
-0.042974769230769226
-0.032544
0.010013538461538461
0.06946892307692307
0.1316363076923077
0.165432
0.1710646153846154
0.15646153846153846
0.12099692307692309
0.06049846153846154
-0.03337846153846154
-0.13622584615384614
-0.23218892307692307
-0.2979027692307692
-0.31083692307692307
-0.2674449230769231
-0.1802436923076923
-0.06884307692307692
0.06362769230769232
0.19693292307692306
0.31813846153846154
0.4105550769230769
0.4307907692307692
0.36674584615384614
0.25200738461538463
0.11140061538461538
-0.03421292307692308
-0.17002153846153847
-0.2845513846153846
-0.344424
-0.34358953846153845
-0.2716172307692308
-0.13038461538461538
0.023782153846153845
0.154584
0.2641070769230769
0.34066892307692304
0.3805144615384615
0.3757163076923077
0.30833353846153844
0.19881046153846152
0.053614153846153846
-0.09012184615384615
-0.19839323076923077
-0.26911384615384615
-0.28934953846153844
-0.26786215384615386
-0.19526400000000002
-0.08344615384615384
0.04631261538461538
0.17544553846153846
0.26452430769230767
0.30270092307692303
0.2947735384615384
0.25138153846153843
0.19067446153846154
0.10472492307692308
0.006258461538461538
-0.08344615384615384
-0.15833907692307692
-0.18066092307692305
-0.15667015384615385
-0.10827138461538462
-0.048816000000000005
0.003755076923076923
0.05319692307692307
0.100344
0.14540492307692307
0.16438892307692307
0.15354092307692307
0.12224861538461537
0.08115138461538463
0.055491692307692304
0.03337846153846154
0.005632615384615384
-0.021070153846153846
-0.0448523076923077
-0.05862092307692307
-0.05757784615384615
-0.05403138461538461
-0.05590892307692308
-0.06800861538461538
-0.09930092307692308
-0.12099692307692309
-0.12204
-0.11327815384615383
-0.09033046153846153
-0.06028984615384615
-0.015854769230769228
0.033169846153846154
0.07656184615384615
0.11286092307692308
0.12725538461538463
0.12016246153846154
0.08448923076923077
0.034630153846153845
-0.0070929230769230765
-0.053614153846153846
-0.09325107692307691
-0.11599015384615384
-0.11202646153846153
-0.07134646153846153
-0.028788923076923077
0.008970461538461538
0.041514461538461535
0.05298830769230769
0.06258461538461538
0.06300184615384616
0.04380923076923077
0.017732307692307693
-0.028163076923076923
-0.08219446153846154
-0.12516923076923075
-0.14978584615384616
-0.15896492307692306
-0.16209415384615386
-0.14582215384615385
-0.09950953846153845
-0.026494153846153844
0.050067692307692306
0.12245723076923076
0.18212123076923076
0.22321846153846153
0.241368
0.23072861538461537
0.20047938461538461
0.14582215384615385
0.08699261538461538
0.031918153846153846
-0.011473846153846154
-0.02858030769230769
-0.02899753846153846
-0.003129230769230769
0.03880246153846154
0.08866153846153846
0.14561353846153846
0.184416
0.20402584615384614
0.206112
0.18525046153846153
0.1506203076923077
0.10764553846153846
0.06633969230769231
0.028163076923076923
-0.007927384615384614
-0.02524246153846154
-0.02232184615384615
-0.0022947692307692304
0.020652923076923076
0.024616615384615383
0.020027076923076922
0.0016689230769230767
-0.027120000000000002
-0.052571076923076915
-0.08031692307692308
-0.09804923076923076
-0.10180430769230768
-0.07656184615384615
-0.025033846153846153
0.042974769230769226
0.11828492307692307
0.1800350769230769
0.22947692307692308
0.2628553846153846
0.2697396923076923
0.24303692307692307
0.1829556923076923
0.10639384615384614
0.029414769230769227
-0.04088861538461538
-0.09408553846153846
-0.12996738461538462
-0.1476996923076923
-0.12266584615384615
-0.05799507692307692
0.027328615384615382
0.1178676923076923
0.18128676923076922
0.214248
0.2157083076923077
0.18170399999999998
0.11745046153846153
0.025033846153846153
-0.08490646153846154
-0.1992276923076923
-0.2837169230769231
-0.3275261538461538
-0.31626092307692305
-0.24762646153846155
-0.14331876923076922
-0.007927384615384614
0.13789476923076924
0.26494153846153845
0.35047384615384614
0.3748818461538461
0.3235624615384615
0.2275993846153846
0.10764553846153846
-0.021696
-0.13518276923076925
-0.23615261538461538
-0.3031181538461538
-0.32001599999999997
-0.29227015384615385
-0.2275993846153846
-0.1356
-0.03567323076923076
0.058829538461538454
0.14561353846153846
0.20632061538461538
0.2342750769230769
0.22551323076923077
0.17982646153846152
0.11098338461538461
0.03233538461538461
-0.037967999999999995
-0.10159569230769232
-0.1476996923076923
-0.1794092307692308
-0.19505538461538463
-0.17419384615384614
-0.13643446153846153
-0.07593599999999999
-0.02315630769230769
0.01043076923076923
0.040262769230769234
0.05319692307692307
0.06154153846153846
0.05111076923076923
0.02232184615384615
-0.0025033846153846152
-0.016272
-0.02023569230769231
-0.012934153846153845
-0.013142769230769229
-0.021696
-0.021278769230769233
-0.012934153846153845
-0.006258461538461538
-0.016480615384615385
-0.04088861538461538
-0.07572738461538461
-0.0963803076923077
-0.09450276923076922
-0.073224
-0.034630153846153845
0.004798153846153846
0.04631261538461538
0.0771876923076923
0.08782707692307692
0.07510153846153846
0.02899753846153846
-0.042974769230769226
-0.12245723076923076
-0.1940123076923077
-0.25054707692307693
-0.28392553846153845
-0.28768061538461537
-0.25847446153846154
-0.19881046153846152
-0.10827138461538462
0.006884307692307692
0.11828492307692307
0.21174461538461536
0.27328615384615385
0.3131316923076923
0.32001599999999997
0.2862203076923077
0.23239753846153846
0.14436184615384615
0.05653476923076922
-0.013768615384615384
-0.06863446153846153
-0.0936683076923077
-0.10827138461538462
-0.10409907692307692
-0.06738276923076922
-0.006675692307692307
0.06717415384615384
0.12391753846153845
0.14936861538461538
0.14853415384615384
0.11891076923076922
0.07739630769230768
0.027745846153846152
-0.03337846153846154
-0.08949599999999999
-0.1435273846153846
-0.168144
-0.15166338461538462
-0.11995384615384615
-0.07697907692307693
-0.03775938461538462
-0.0018775384615384615
0.018983999999999997
0.016897846153846156
-0.0043809230769230765
-0.045060923076923075
-0.10743692307692307
-0.1710646153846154
-0.2154996923076923
-0.24762646153846155
-0.2699483076923077
-0.2776670769230769
-0.20778092307692309
-0.08094276923076923
0.09471138461538461
0.2862203076923077
0.4372578461538461
0.5809938461538461
0.6588073846153846
0.6944806153846154
0.6462904615384615
0.4914978461538461
0.295608
0.06738276923076922
-0.1314276923076923
-0.32648307692307693
-0.45916246153846146
-0.5282141538461538
-0.5355156923076922
-0.41389292307692305
-0.24303692307692307
-0.02232184615384615
0.20047938461538461
0.3744646153846154
0.5015113846153846
0.520704
0.44956615384615384
0.31667815384615383
0.12350030769230769
-0.103056
-0.32627446153846157
-0.4975476923076923
-0.5789076923076923
-0.5501187692307692
-0.4297476923076923
-0.2568055384615385
-0.06571384615384615
0.10013538461538461
0.24303692307692307
0.33983446153846153
0.3448412307692308
0.27975323076923075
0.16584923076923075
0.05799507692307692
-0.015020307692307692
-0.08073415384615384
-0.13226215384615383
-0.1693956923076923
-0.18379015384615385
-0.16209415384615386
-0.12308307692307692
-0.086784
-0.06279323076923077
-0.03921969230769231
-0.010013538461538461
0.010639384615384617
0.021278769230769233
0.0008344615384615384
-0.03045784615384615
-0.040054153846153843
-0.037967999999999995
-0.005215384615384615
0.051319384615384614
0.12329169230769231
0.20298276923076922
0.2507556923076923
0.25242461538461536
0.21487384615384614
0.13810338461538463
0.018983999999999997
-0.11244369230769231
-0.22530461538461538
-0.29727692307692305
-0.30416123076923074
-0.24303692307692307
-0.13101046153846155
0.014185846153846153
0.16626646153846153
0.3127144615384615
0.4387181538461538
0.4733483076923077
0.4180652307692308
0.30416123076923074
0.15562707692307692
0.013560000000000001
-0.13247076923076923
-0.25972615384615383
-0.33253292307692306
-0.35151692307692306
-0.3148006153846154
-0.23782153846153845
-0.13247076923076923
-0.007301538461538462
0.12767261538461538
0.25555384615384613
0.3421292307692308
0.3861470769230769
0.37655076923076924
0.29832
0.18253846153846154
0.042557538461538466
-0.09325107692307691
-0.1804523076923077
-0.22551323076923077
-0.21591692307692306
-0.15228923076923076
-0.04860738461538461
0.10326461538461539
0.2601433846153846
0.3727956923076923
0.42307199999999995
0.4080516923076923
0.34588430769230766
0.25993476923076925
0.1506203076923077
0.026911384615384615
-0.086784
-0.18086953846153844
-0.2415766153846154
-0.24428861538461538
-0.20673784615384616
-0.15187199999999998
-0.08073415384615384
-0.007510153846153846
0.07009476923076922
0.13455692307692307
0.15813046153846153
0.15228923076923076
0.12162276923076921
0.07614461538461538
0.031709538461538456
-0.018358153846153843
-0.06926030769230769
-0.10827138461538462
-0.11891076923076922
-0.10096984615384616
-0.047772923076923074
0.026494153846153844
0.09304246153846155
0.14749107692307692
0.1783661538461538
0.1787833846153846
0.16710092307692306
0.14331876923076922
0.0961716923076923
0.04401784615384615
-0.010639384615384617
-0.03483876923076923
-0.017315076923076923
0.0035464615384615383
0.03358707692307692
0.05945538461538461
0.07614461538461538
0.10389046153846154
0.12662953846153846
0.13518276923076925
0.12621230769230768
0.09471138461538461
0.06425353846153846
0.052153846153846155
0.04193169230769231
0.03400430769230769
0.021070153846153846
0.009179076923076922
0.015020307692307692
0.02273907692307692
0.029414769230769227
0.02357353846153846
0.0008344615384615384
-0.033169846153846154
-0.07697907692307693
-0.11494707692307692
-0.14164984615384615
-0.16167692307692308
-0.16105107692307694
-0.1341396923076923
-0.0771876923076923
0.005424
0.09095630769230768
0.17398523076923075
0.235944
0.26306399999999996
0.2509643076923077
0.19046584615384615
0.08824430769230769
-0.047772923076923074
-0.18858830769230767
-0.2914356923076923
-0.3425464615384616
-0.33566215384615383
-0.2872633846153846
-0.19860184615384616
-0.07197230769230768
0.07489292307692308
0.23928184615384615
0.3648683076923077
0.4255753846153846
0.4314166153846154
0.3698750769230769
0.25972615384615383
0.11953661538461538
-0.03942830769230769
-0.18212123076923076
-0.2997803076923077
-0.36674584615384614
-0.36257353846153845
-0.30562153846153844
-0.1990190769230769
-0.06863446153846153
0.07134646153846153
0.20193969230769232
0.2943563076923077
0.33607938461538456
0.3133403076923077
0.23156307692307693
0.1045163076923077
-0.03880246153846154
-0.1779489230769231
-0.2966510769230769
-0.3738387692307692
-0.40325353846153844
-0.3784283076923077
-0.301032
-0.18170399999999998
-0.05674338461538461
0.04401784615384615
0.11202646153846153
0.14457046153846154
0.14603076923076924
0.10368184615384615
0.031709538461538456
-0.04985907692307692
-0.11891076923076922
-0.1504116923076923
-0.14457046153846154
-0.10368184615384615
-0.03921969230769231
0.032544
0.0988836923076923
0.14436184615384615
0.1666836923076923
0.15145476923076923
0.0936683076923077
0.021904615384615383
-0.05611753846153846
-0.124752
-0.1635544615384615
-0.1785747692307692
-0.15416676923076922
-0.09387692307692307
-0.01940123076923077
0.06195876923076923
0.130176
0.16647507692307692
0.1718990769230769
0.15667015384615385
0.11265230769230769
0.04193169230769231
-0.04088861538461538
-0.1218313846153846
-0.19588984615384614
-0.25159015384615385
-0.2776670769230769
-0.2780843076923077
-0.2526332307692308
-0.21091015384615383
-0.14477907692307693
-0.06154153846153846
0.024408000000000003
0.10222153846153846
0.14582215384615385
0.1712732307692308
0.18066092307692305
0.17169046153846151
0.15124615384615384
0.10764553846153846
0.06154153846153846
0.022947692307692308
-0.004589538461538461
-0.014603076923076923
-0.021904615384615383
-0.02586830769230769
-0.023990769230769232
-0.009179076923076922
0.023990769230769232
0.05716061538461538
0.07572738461538461
0.078648
0.07364123076923076
0.07969107692307692
0.0974233846153846
0.11411261538461538
0.11703323076923078
0.092208
0.06195876923076923
0.034630153846153845
0.008136
-0.010013538461538461
-0.040679999999999994
-0.07593599999999999
-0.09763200000000001
-0.09825784615384614
-0.06926030769230769
-0.03296123076923077
0.004798153846153846
0.046104
0.08386338461538462
0.12204
0.1422756923076923
0.12913292307692306
0.0892873846153846
0.03880246153846154
0.0
-0.028163076923076923
-0.054240000000000003
-0.08052553846153847
-0.11432123076923076
-0.14206707692307693
-0.15187199999999998
-0.1476996923076923
-0.1287156923076923
-0.10389046153846154
-0.07051199999999999
-0.020027076923076922
0.042348923076923076
0.10743692307692307
0.15917353846153848
0.19526400000000002
0.208824
0.19797599999999999
0.17502830769230768
0.13998092307692306
0.08344615384615384
0.0025033846153846152
-0.0798996923076923
-0.14457046153846154
-0.18149538461538461
-0.1923433846153846
-0.18379015384615385
-0.15228923076923076
-0.09992676923076924
-0.02273907692307692
0.06884307692307692
0.154584
0.2225926153846154
0.24741784615384615
0.24637476923076923
0.23093723076923076
0.18149538461538461
0.1045163076923077
-0.0012516923076923076
-0.11390399999999999
-0.208824
-0.2730775384615384
-0.3047870769230769
-0.31229723076923077
-0.28934953846153844
-0.23782153846153845
-0.15103753846153847
-0.04672984615384615
0.05090215384615384
0.12955015384615384
0.17690584615384616
0.20778092307692309
0.222384
0.21091015384615383
0.17377661538461536
0.10889723076923077
0.03233538461538461
-0.03296123076923077
-0.08177723076923075
-0.1045163076923077
-0.10263876923076923
-0.08949599999999999
-0.05653476923076922
-0.0029206153846153843
0.061124307692307686
0.11974523076923077
0.16167692307692308
0.18358153846153846
0.18775384615384613
0.1867107692307692
0.1785747692307692
0.15500123076923078
0.11265230769230769
0.06279323076923077
0.019609846153846155
-0.020652923076923076
-0.06300184615384616
-0.11035753846153845
-0.15938215384615384
-0.19755876923076923
-0.20465169230769228
-0.18191261538461537
-0.14582215384615385
-0.09283384615384616
-0.02899753846153846
0.040054153846153843
0.11745046153846153
0.1910916923076923
0.2369870769230769
0.24032492307692307
0.20778092307692309
0.15646153846153846
0.09158215384615384
0.024408000000000003
-0.04109723076923077
-0.09179076923076923
-0.12141415384615384
-0.12266584615384615
-0.0771876923076923
-0.00855323076923077
0.06863446153846153
0.13893784615384613
0.1927606153846154
0.23615261538461538
0.26160369230769226
0.25951753846153847
0.23177169230769232
0.184416
0.124752
0.07802215384615384
0.04672984615384615
0.027745846153846152
0.018983999999999997
0.015228923076923076
0.03504738461538461
0.06738276923076922
0.10013538461538461
0.12120553846153845
0.12120553846153845
0.11160923076923077
0.08344615384615384
0.04839876923076923
0.006258461538461538
-0.04318338461538461
-0.08887015384615385
-0.12391753846153845
-0.13247076923076923
-0.11223507692307692
-0.06863446153846153
-0.016272
0.03713353846153846
0.07969107692307692
0.11494707692307692
0.13309661538461537
0.11724184615384614
0.07238953846153846
0.002086153846153846
-0.06446215384615385
-0.11452984615384615
-0.14394461538461537
-0.16480615384615382
-0.19588984615384614
-0.21800307692307694
-0.22572184615384616
-0.20527753846153846
-0.19004861538461537
-0.16334584615384617
-0.12662953846153846
-0.07969107692307692
0.015646153846153844
0.1207883076923077
0.3408775384615384
0.4456024615384615
0.4205686153846153
0.4456024615384615
0.35318584615384613
0.31041969230769234
0.18399876923076922
-0.042557538461538466
-0.24053353846153847
-0.46625538461538457
-0.504432
-0.4925409230769231
-0.4389267692307692
-0.32377107692307694
-0.2238443076923077
0.03692492307692308
0.28809784615384615
0.5167403076923076
0.6992787692307693
0.6675692307692307
0.6110344615384615
0.4587452307692308
0.2438713846153846
0.04672984615384615
-0.268488
-0.48628246153846155
-0.6636055384615385
-0.8004572307692308
-0.7117956923076924
-0.5860006153846153
-0.37321292307692305
-0.1353913846153846
0.04652123076923077
0.27412061538461535
0.4251581538461538
0.5536652307692308
0.6337735384615385
0.5597150769230769
0.4309993846153846
0.2563883076923077
0.1028473846153846
-0.023364923076923075
-0.20715507692307691
-0.33941723076923075
-0.4337113846153846
-0.45603323076923075
-0.3475532307692307
-0.24032492307692307
-0.09679753846153846
0.05528307692307692
0.18170399999999998
0.3452584615384615
0.4401784615384615
0.4781464615384615
0.4848221538461538
0.417648
0.3619476923076923
0.28955815384615385
0.18232984615384615
0.06154153846153846
-0.09012184615384615
-0.2127876923076923
-0.3193901538461538
-0.38927630769230764
-0.4163963076923077
-0.41264123076923076
-0.3412947692307692
-0.2703655384615385
-0.15938215384615384
0.007510153846153846
0.15187199999999998
0.2931046153846154
0.37237846153846155
0.39052800000000004
0.3817661538461538
0.301032
0.20319138461538463
0.06550523076923077
-0.11202646153846153
-0.24282830769230768
-0.35193415384615384
-0.4159790769230769
-0.43704923076923075
-0.4211944615384615
-0.3131316923076923
-0.15187199999999998
0.03442153846153846
0.20861538461538462
0.3375396923076923
0.45457292307692304
0.5063095384615385
0.47355692307692304
0.3798886153846154
0.2059033846153846
0.02482523076923077
-0.14603076923076924
-0.30061476923076924
-0.3838523076923077
-0.43287692307692305
-0.4145187692307692
-0.3344104615384615
-0.23177169230769232
-0.073224
0.07969107692307692
0.20277415384615383
0.2891409230769231
0.3179298461538461
0.31083692307692307
0.24658338461538462
0.15667015384615385
0.061750153846153844
-0.04547815384615384
-0.12934153846153845
-0.200688
-0.23156307692307693
-0.21153599999999997
-0.18253846153846154
-0.119328
-0.051319384615384614
-0.0014603076923076922
0.05799507692307692
0.09512861538461538
0.10493353846153847
0.09533723076923077
0.07510153846153846
0.07948246153846153
0.09095630769230768
0.09199938461538461
0.09179076923076923
0.07927384615384615
0.07635323076923077
0.07760492307692309
0.059664
0.03567323076923076
-0.006049846153846154
-0.04401784615384615
-0.08490646153846154
-0.12996738461538462
-0.1449876923076923
-0.1504116923076923
-0.10555938461538462
-0.017940923076923077
0.06759138461538462
0.168144
0.25346769230769234
0.32585723076923073
0.3750904615384615
0.35631507692307696
0.2868461538461538
0.1783661538461538
0.05069353846153846
-0.06341907692307691
-0.1614683076923077
-0.2292683076923077
-0.2703655384615385
-0.2730775384615384
-0.22154953846153846
-0.15228923076923076
-0.06946892307692307
0.003963692307692307
0.0448523076923077
0.07531015384615385
0.07072061538461538
0.04839876923076923
0.014185846153846153
-0.0448523076923077
-0.0974233846153846
-0.1639716923076923
-0.2221753846153846
-0.23907323076923076
-0.23531815384615382
-0.21216184615384615
-0.184416
-0.14311015384615386
-0.07885661538461539
-0.00855323076923077
0.05778646153846154
0.09721476923076922
0.10347323076923076
0.08907876923076924
0.07739630769230768
0.08907876923076924
0.08949599999999999
0.07030338461538461
0.049233230769230765
0.027328615384615382
0.02795446153846154
0.034630153846153845
0.033169846153846154
0.03921969230769231
0.03379569230769231
0.02586830769230769
0.029206153846153847
0.020652923076923076
0.003755076923076923
-0.012308307692307691
-0.030875076923076922
-0.03650769230769231
-0.02524246153846154
0.0006258461538461538
0.03442153846153846
0.05674338461538461
0.07781353846153846
0.09763200000000001
0.10576799999999999
0.09596307692307693
0.051319384615384614
-0.021696
-0.10576799999999999
-0.17085599999999998
-0.1948467692307692
-0.18483323076923078
-0.14394461538461537
-0.08511507692307693
-0.0043809230769230765
0.11807630769230769
0.2438713846153846
0.3419206153846154
0.39115384615384613
0.37655076923076924
0.3294036923076923
0.2540935384615385
0.1597993846153846
0.06028984615384615
-0.05048492307692308
-0.13914646153846155
-0.18775384615384613
-0.1860849230769231
-0.130176
-0.04985907692307692
0.043600615384615383
0.13226215384615383
0.21320492307692307
0.2799618461538461
0.3072904615384615
0.28851507692307693
0.2194633846153846
0.10827138461538462
-0.010639384615384617
-0.11995384615384615
-0.2138307692307692
-0.27975323076923075
-0.3210590769230769
-0.31354892307692306
-0.2526332307692308
-0.1504116923076923
-0.031918153846153846
0.06738276923076922
0.14457046153846154
0.19463815384615382
0.2261390769230769
0.2261390769230769
0.1858763076923077
0.11557292307692307
0.027120000000000002
-0.040262769230769234
-0.08031692307692308
-0.10868861538461538
-0.12621230769230768
-0.13455692307692307
-0.12370892307692308
-0.0853236923076923
-0.03275261538461539
0.015020307692307692
0.04985907692307692
0.06863446153846153
0.08699261538461538
0.11098338461538461
0.13852061538461538
0.16209415384615386
0.15959076923076923
0.14519630769230768
0.11140061538461538
0.06759138461538462
0.027328615384615382
-0.028371692307692306
-0.08761846153846153
-0.1422756923076923
-0.18128676923076922
-0.184416
-0.16209415384615386
-0.12683815384615382
-0.07781353846153846
-0.02273907692307692
0.043392
0.11056615384615384
0.15771323076923077
0.17231630769230769
0.14436184615384615
0.0961716923076923
0.046104
0.0
-0.037967999999999995
-0.06884307692307692
-0.08344615384615384
-0.08073415384615384
-0.06028984615384615
-0.031918153846153846
-0.007510153846153846
0.013142769230769229
0.03400430769230769
0.06258461538461538
0.08594953846153845
0.10660246153846153
0.10827138461538462
0.09262523076923077
0.06946892307692307
0.04756430769230769
0.050067692307692306
0.04401784615384615
0.03024923076923077
0.006467076923076923
-0.02044430769230769
-0.03755076923076923
-0.0448523076923077
-0.03337846153846154
-0.02023569230769231
-0.003963692307692307
0.0077187692307692304
0.03337846153846154
0.06905169230769231
0.0897046153846154
0.10138707692307691
0.09992676923076924
0.10159569230769232
0.10430769230769231
0.09179076923076923
0.061124307692307686
0.008970461538461538
-0.04672984615384615
-0.0880356923076923
-0.11014892307692307
-0.11953661538461538
-0.12391753846153845
-0.11995384615384615
-0.10430769230769231
-0.07113784615384615
-0.02482523076923077
0.017523692307692306
0.04088861538461538
0.0448523076923077
0.04109723076923077
0.028371692307692306
0.006467076923076923
-0.023364923076923075
-0.05862092307692307
-0.08490646153846154
-0.08866153846153846
-0.05945538461538461
-0.014185846153846153
0.03483876923076923
0.07969107692307692
0.1070196923076923
0.12704676923076924
0.14164984615384615
0.14603076923076924
0.14123261538461537
0.12558646153846154
0.10827138461538462
0.09512861538461538
0.08699261538461538
0.08156861538461539
0.06905169230769231
0.05444861538461539
0.04088861538461538
0.034630153846153845
0.03212676923076923
0.017315076923076923
0.009179076923076922
0.007301538461538462
0.012934153846153845
0.03421292307692308
0.043392
0.04756430769230769
0.03921969230769231
0.01940123076923077
0.012099692307692308
-0.006675692307692307
-0.026702769230769228
-0.046104
-0.06863446153846153
-0.07802215384615384
-0.0828203076923077
-0.07781353846153846
-0.06884307692307692
-0.06133292307692308
-0.044435076923076924
-0.027120000000000002
0.0002086153846153846
0.03775938461538462
0.06571384615384615
0.09950953846153845
0.12433476923076923
0.14686523076923075
0.17982646153846152
0.1942209230769231
0.19568123076923075
0.1760713846153846
0.13518276923076925
0.0974233846153846
0.054240000000000003
0.015854769230769228
-0.009804923076923077
-0.030875076923076922
-0.033169846153846154
-0.027120000000000002
-0.006258461538461538
0.02086153846153846
0.03045784615384615
0.04839876923076923
0.06362769230769232
0.06654830769230768
0.06279323076923077
0.04109723076923077
0.018983999999999997
-0.0008344615384615384
-0.02232184615384615
-0.03629907692307692
-0.05736923076923077
-0.07384984615384615
-0.0744756923076923
-0.08198584615384615
-0.08115138461538463
-0.0771876923076923
-0.0798996923076923
-0.08323753846153846
-0.09825784615384614
-0.10222153846153846
-0.10263876923076923
-0.09992676923076924
-0.09429415384615383
-0.0826116923076923
-0.045895384615384616
-0.011473846153846154
0.023782153846153845
0.04860738461538461
0.047981538461538464
0.03504738461538461
0.0006258461538461538
-0.03984553846153846
-0.07948246153846153
-0.12808984615384614
-0.16501476923076921
-0.184416
-0.17982646153846152
-0.14415323076923076
-0.09596307692307693
-0.03483876923076923
0.026285538461538457
0.06821723076923077
0.08866153846153846
0.07092923076923077
0.01940123076923077
-0.02586830769230769
-0.09283384615384616
-0.15208061538461537
-0.1785747692307692
-0.19839323076923077
-0.15082892307692305
-0.09241661538461539
0.11056615384615384
0.2624381538461539
0.2399076923076923
0.32001599999999997
0.2962338461538461
0.32606584615384615
0.27474646153846155
0.06759138461538462
-0.06905169230769231
-0.29602523076923076
-0.33002953846153843
-0.33649661538461534
-0.36403384615384615
-0.2993630769230769
-0.2979027692307692
-0.10013538461538461
0.09700615384615385
0.2782929230769231
0.45269538461538456
0.39928984615384616
0.3855212307692308
0.309168
0.17815753846153848
0.10868861538461538
-0.07218092307692307
-0.14686523076923075
-0.19985353846153847
-0.29456492307692306
-0.19588984615384614
-0.11891076923076922
-0.0006258461538461538
0.13518276923076925
0.15333230769230768
0.22342707692307692
0.21800307692307694
0.2369870769230769
0.2979027692307692
0.24700061538461537
0.19296923076923078
0.10639384615384614
0.06926030769230769
0.07969107692307692
-0.0018775384615384615
-0.0744756923076923
-0.1710646153846154
-0.24303692307692307
-0.20965846153846154
-0.21737723076923077
-0.2073636923076923
-0.19046584615384615
-0.18545907692307692
-0.09262523076923077
-0.020652923076923076
0.05111076923076923
0.1449876923076923
0.184416
0.2632726153846154
0.3314898461538462
0.3542289230769231
0.34922215384615385
0.2563883076923077
0.14853415384615384
0.0004172307692307692
-0.15938215384615384
-0.26765353846153844
-0.3456756923076923
-0.327108923076923
-0.2931046153846154
-0.21612553846153845
-0.03942830769230769
0.11619876923076923
0.28851507692307693
0.41660492307692304
0.45707630769230767
0.47668615384615387
0.4105550769230769
0.31626092307692305
0.18504184615384617
-0.013768615384615384
-0.16271999999999998
-0.29331323076923077
-0.38593846153846156
-0.4262012307692308
-0.46104
-0.4115981538461538
-0.3187643076923077
-0.214248
-0.08177723076923075
0.034630153846153845
0.17586276923076924
0.2764153846153846
0.30270092307692303
0.3060387692307692
0.22113230769230768
0.12913292307692306
0.03609046153846154
-0.09700615384615385
-0.16772676923076923
-0.22572184615384616
-0.23886461538461537
-0.19505538461538463
-0.16876984615384616
-0.092208
-0.003129230769230769
0.0826116923076923
0.17231630769230769
0.21883753846153844
0.24887815384615386
0.23114584615384615
0.20027076923076922
0.19442953846153843
0.1612596923076923
0.12642092307692307
0.0609156923076923
-0.017315076923076923
-0.05757784615384615
-0.11098338461538461
-0.132888
-0.14853415384615384
-0.1842073846153846
-0.168144
-0.13810338461538463
-0.10159569230769232
-0.055491692307692304
-0.027328615384615382
0.02545107692307692
0.09179076923076923
0.14832553846153845
0.19317784615384614
0.18358153846153846
0.14832553846153845
0.09971815384615385
0.04693846153846153
0.014394461538461538
-0.03379569230769231
-0.06800861538461538
-0.10764553846153846
-0.1506203076923077
-0.13768615384615385
-0.10764553846153846
-0.042348923076923076
0.03504738461538461
0.07927384615384615
0.14936861538461538
0.2154996923076923
0.2764153846153846
0.3333673846153846
0.31813846153846154
0.2707827692307692
0.20778092307692309
0.14206707692307693
0.09700615384615385
0.032544
-0.034630153846153845
-0.09679753846153846
-0.1314276923076923
-0.11160923076923077
-0.07948246153846153
-0.03337846153846154
0.003755076923076923
0.02795446153846154
0.07364123076923076
0.11140061538461538
0.14749107692307692
0.157296
0.13226215384615383
0.11202646153846153
0.07593599999999999
0.03671630769230769
0.010848
-0.026494153846153844
-0.06696553846153847
-0.09596307692307693
-0.09700615384615385
-0.06133292307692308
-0.027120000000000002
-0.008970461538461538
-0.0002086153846153846
0.0033378461538461535
0.01272553846153846
0.026285538461538457
0.037967999999999995
0.029206153846153847
0.003755076923076923
-0.009804923076923077
-0.005841230769230769
0.009804923076923077
0.012934153846153845
0.0002086153846153846
0.0008344615384615384
0.011265230769230769
0.032544
0.04860738461538461
0.035255999999999996
0.016063384615384615
0.015228923076923076
0.03108369230769231
0.056326153846153845
0.0771876923076923
0.08824430769230769
0.09658892307692307
0.10806276923076923
0.12642092307692307
0.14832553846153845
0.16063384615384615
0.143736
0.11265230769230769
0.07343261538461537
0.019192615384615384
-0.03838523076923077
-0.09387692307692307
-0.13664307692307692
-0.14978584615384616
-0.13872923076923074
-0.10368184615384615
-0.03859384615384615
0.012934153846153845
0.053614153846153846
0.07614461538461538
0.06988615384615385
0.052153846153846155
0.0
-0.07531015384615385
-0.15917353846153848
-0.22196676923076922
-0.249504
-0.25159015384615385
-0.22822523076923076
-0.184416
-0.1178676923076923
-0.03755076923076923
0.03713353846153846
0.09241661538461539
0.12329169230769231
0.11411261538461538
0.08699261538461538
0.05528307692307692
0.015854769230769228
-0.03629907692307692
-0.10931446153846153
-0.16105107692307694
-0.17628
-0.15646153846153846
-0.10764553846153846
-0.06404492307692307
-0.009596307692307692
0.053405538461538456
0.10743692307692307
0.15395815384615386
0.17148184615384612
0.1637630769230769
0.12496061538461539
0.06884307692307692
0.011891076923076923
-0.054657230769230764
-0.11724184615384614
-0.17481969230769231
-0.21508246153846153
-0.2205064615384615
-0.1940123076923077
-0.14394461538461537
-0.07155507692307693
0.006884307692307692
0.07739630769230768
0.13518276923076925
0.18358153846153846
0.2090326153846154
0.1883796923076923
0.1424843076923077
0.08699261538461538
0.04756430769230769
0.01668923076923077
-0.012516923076923077
-0.027328615384615382
-0.032544
-0.017940923076923077
0.013351384615384614
0.05716061538461538
0.0961716923076923
0.12788123076923075
0.15249784615384615
0.1881710769230769
0.23239753846153846
0.25555384615384613
0.2638984615384615
0.2540935384615385
0.22488738461538463
0.18066092307692305
0.12308307692307692
0.05298830769230769
-0.026285538461538457
-0.10159569230769232
-0.1506203076923077
-0.16251138461538459
-0.1543753846153846
-0.12350030769230769
-0.0744756923076923
-0.009179076923076922
0.07134646153846153
0.14853415384615384
0.21612553846153845
0.24345415384615382
0.22426153846153846
0.17461107692307692
0.100344
0.016897846153846156
-0.08198584615384615
-0.17711446153846155
-0.24992123076923078
-0.29185292307692307
-0.2845513846153846
-0.25117292307692307
-0.1977673846153846
-0.13247076923076923
-0.058829538461538454
0.02211323076923077
0.092208
0.1449876923076923
0.16876984615384616
0.16188553846153847
0.12412615384615384
0.06842584615384616
0.0043809230769230765
-0.07134646153846153
-0.15500123076923078
-0.23177169230769232
-0.29185292307692307
-0.3160523076923077
-0.3062473846153846
-0.2780843076923077
-0.2261390769230769
-0.1666836923076923
-0.08761846153846153
0.005215384615384615
0.08177723076923075
0.13393107692307693
0.15750461538461538
0.16876984615384616
0.17231630769230769
0.1733593846153846
0.15291507692307693
0.0963803076923077
0.021696
-0.06154153846153846
-0.12955015384615384
-0.18212123076923076
-0.2225926153846154
-0.2399076923076923
-0.23260615384615385
-0.18399876923076922
-0.0974233846153846
0.006675692307692307
0.11599015384615384
0.2157083076923077
0.2897667692307692
0.32606584615384615
0.32961230769230765
0.2883064615384615
0.20339999999999997
0.09450276923076922
-0.02357353846153846
-0.11473846153846154
-0.18504184615384617
-0.23135446153846154
-0.2438713846153846
-0.23260615384615385
-0.1858763076923077
-0.10535076923076922
0.01272553846153846
0.12558646153846154
0.21362215384615382
0.28392553846153845
0.31229723076923077
0.31500923076923076
0.2828824615384615
0.20965846153846154
0.11473846153846154
0.0025033846153846152
-0.09137353846153846
-0.15604430769230768
-0.20715507692307691
-0.23510953846153848
-0.24866953846153847
-0.2424110769230769
-0.20277415384615383
-0.1353913846153846
-0.05319692307692307
0.02795446153846154
0.0934596923076923
0.14811692307692306
0.19004861538461537
0.20632061538461538
0.18754523076923074
0.12433476923076923
0.04380923076923077
-0.03629907692307692
-0.10931446153846153
-0.16209415384615386
-0.2090326153846154
-0.2411593846153846
-0.24011630769230768
-0.21028430769230766
-0.14582215384615385
-0.06967753846153846
0.004589538461538461
0.07906523076923076
0.1476996923076923
0.22300984615384614
0.28851507692307693
0.32564861538461537
0.32314523076923074
0.2707827692307692
0.20235692307692305
0.13622584615384614
0.06967753846153846
0.010639384615384617
-0.04422646153846154
-0.06654830769230768
-0.059038153846153844
-0.025033846153846153
0.03400430769230769
0.08135999999999999
0.12955015384615384
0.1597993846153846
0.1693956923076923
0.17586276923076924
0.157296
0.11870215384615385
0.05069353846153846
-0.027120000000000002
-0.07677046153846154
-0.10263876923076923
-0.10201292307692307
-0.07906523076923076
-0.04214030769230769
0.009179076923076922
0.06800861538461538
0.12454338461538461
0.16188553846153847
0.16501476923076921
0.14123261538461537
0.10159569230769232
0.05653476923076922
0.004589538461538461
-0.04860738461538461
-0.100344
-0.14206707692307693
-0.15374953846153847
-0.16313723076923078
-0.1635544615384615
-0.16647507692307692
-0.12788123076923075
-0.025659692307692307
0.08866153846153846
0.25367630769230765
0.39282276923076925
0.5106904615384615
0.6072793846153846
0.6312701538461538
0.6124947692307692
0.48023261538461537
0.28434276923076923
0.06300184615384616
-0.1316363076923077
-0.3095852307692307
-0.47126215384615383
-0.5378104615384616
-0.5759870769230769
-0.4879513846153846
-0.314592
-0.10889723076923077
0.13393107692307693
0.3248141538461538
0.4985907692307692
0.5870436923076923
0.5812024615384616
0.4960873846153846
0.3319070769230769
0.12767261538461538
-0.11870215384615385
-0.328152
-0.48628246153846155
-0.55596
-0.5075612307692308
-0.4007501538461538
-0.2357353846153846
-0.05862092307692307
0.111192
0.28851507692307693
0.39282276923076925
0.41994276923076923
0.3907366153846154
0.3102110769230769
0.2436627692307692
0.15687876923076924
0.044435076923076924
-0.078648
-0.21362215384615382
-0.3170953846153846
-0.38030584615384616
-0.4174393846153846
-0.4368406153846153
-0.39908123076923074
-0.3047870769230769
-0.1829556923076923
-0.042974769230769226
0.08574092307692306
0.18253846153846154
0.2572227692307692
0.30270092307692303
0.3225193846153846
0.32898646153846156
0.2937304615384615
0.2342750769230769
0.1656406153846154
0.06529661538461538
-0.051319384615384614
-0.16689230769230767
-0.2799618461538461
-0.36632861538461536
-0.41368430769230763
-0.40387938461538464
-0.31772123076923076
-0.16626646153846153
0.010848
0.17273353846153844
0.3068732307692308
0.39344861538461534
0.4349630769230769
0.4174393846153846
0.31751261538461534
0.1775316923076923
0.028163076923076923
-0.12224861538461537
-0.24491446153846153
-0.34275507692307694
-0.3980381538461538
-0.38885907692307686
-0.3387913846153846
-0.2374043076923077
-0.10576799999999999
0.02273907692307692
0.1558356923076923
0.27871015384615383
0.37029230769230764
0.41535323076923075
0.4076344615384615
0.3510996923076923
0.2624381538461539
0.16438892307692307
0.06028984615384615
-0.015437538461538461
-0.04714707692307692
-0.056326153846153845
-0.02795446153846154
0.014603076923076923
0.06362769230769232
0.12934153846153845
0.165432
0.17231630769230769
0.16063384615384615
0.1289243076923077
0.10493353846153847
0.08219446153846154
0.05173661538461538
0.02357353846153846
-0.008761846153846153
-0.03567323076923076
-0.043392
-0.041514461538461535
-0.06654830769230768
-0.11828492307692307
-0.16021661538461537
-0.19192615384615386
-0.19672430769230767
-0.1881710769230769
-0.1913003076923077
-0.17398523076923075
-0.14331876923076922
-0.09909230769230769
-0.040054153846153843
-0.0070929230769230765
0.013351384615384614
0.02586830769230769
0.03421292307692308
0.053614153846153846
0.058412307692307694
0.0446436923076923
0.018358153846153843
-0.01043076923076923
-0.03942830769230769
-0.06738276923076922
-0.086784
-0.11035753846153845
-0.138312
-0.15374953846153847
-0.15875630769230767
-0.14081538461538462
-0.10389046153846154
-0.07677046153846154
-0.04547815384615384
-0.014394461538461538
0.008970461538461538
0.04568676923076923
0.073224
0.07656184615384615
0.06759138461538462
0.046104
0.040054153846153843
0.03588184615384615
0.012099692307692308
-0.005632615384615384
-0.021696
-0.028788923076923077
-0.02795446153846154
-0.03129230769230769
-0.046104
-0.07051199999999999
-0.07697907692307693
-0.06905169230769231
-0.045895384615384616
-0.010848
0.025659692307692307
0.07197230769230768
0.11870215384615385
0.15687876923076924
0.1800350769230769
0.17169046153846151
0.13726892307692307
0.09930092307692308
0.048816000000000005
-0.007510153846153846
-0.06049846153846154
-0.1151556923076923
-0.1585476923076923
-0.19025723076923076
-0.20965846153846154
-0.1942209230769231
-0.1543753846153846
-0.10994030769230768
-0.04693846153846153
0.016897846153846156
0.07927384615384615
0.13747753846153846
0.17419384615384614
0.18358153846153846
0.15667015384615385
0.11202646153846153
0.06884307692307692
0.02211323076923077
-0.02899753846153846
-0.07343261538461537
-0.10263876923076923
-0.09721476923076922
-0.06258461538461538
-0.008344615384615384
0.05507446153846154
0.11995384615384615
0.18754523076923074
0.24199384615384617
0.2680707692307692
0.25451076923076926
0.200688
0.12662953846153846
0.04526953846153846
-0.042557538461538466
-0.12662953846153846
-0.19609846153846153
-0.23656984615384613
-0.24282830769230768
-0.21779446153846155
-0.17419384615384614
-0.12558646153846154
-0.08031692307692308
-0.03880246153846154
0.005632615384615384
0.049233230769230765
0.0853236923076923
0.10117846153846152
0.10201292307692307
0.08782707692307692
0.05757784615384615
0.03275261538461539
0.017315076923076923
-0.0029206153846153843
-0.02858030769230769
-0.04985907692307692
-0.05319692307692307
-0.041514461538461535
-0.017940923076923077
0.004798153846153846
0.02211323076923077
0.04839876923076923
0.07134646153846153
0.09575446153846154
0.10764553846153846
0.1028473846153846
0.09930092307692308
0.1028473846153846
0.11891076923076922
0.13789476923076924
0.14290153846153844
0.1316363076923077
0.10785415384615385
0.0744756923076923
0.042557538461538466
0.005841230769230769
-0.03838523076923077
-0.07781353846153846
-0.10201292307692307
-0.11077476923076923
-0.09846646153846153
-0.06404492307692307
-0.02899753846153846
0.006675692307692307
0.04672984615384615
0.08010830769230769
0.09763200000000001
0.08866153846153846
0.06070707692307692
0.02899753846153846
-0.0016689230769230767
-0.015228923076923076
-0.015020307692307692
-0.014185846153846153
-0.00855323076923077
-0.0002086153846153846
0.017940923076923077
0.03880246153846154
0.052571076923076915
0.05653476923076922
0.04214030769230769
0.02795446153846154
0.009596307692307692
-0.005841230769230769
-0.009179076923076922
-0.014394461538461538
-0.0029206153846153843
0.02858030769230769
0.07489292307692308
0.119328
0.14185846153846154
0.14206707692307693
0.11807630769230769
0.07927384615384615
0.032544
-0.01668923076923077
-0.06070707692307692
-0.09241661538461539
-0.10389046153846154
-0.08740984615384616
-0.04401784615384615
0.017732307692307693
0.08240307692307691
0.14060676923076923
0.19693292307692306
0.2342750769230769
0.24282830769230768
0.22008923076923076
0.16438892307692307
0.09554584615384615
0.021904615384615383
-0.040262769230769234
-0.084072
-0.11891076923076922
-0.138312
-0.1358086153846154
-0.11244369230769231
-0.07072061538461538
-0.023990769230769232
0.013768615384615384
0.03483876923076923
0.03775938461538462
0.03400430769230769
0.024199384615384616
0.005424
-0.01668923076923077
-0.03045784615384615
-0.02545107692307692
-0.004589538461538461
0.027745846153846152
0.05653476923076922
0.078648
0.09033046153846153
0.09450276923076922
0.09012184615384615
0.05736923076923077
0.006258461538461538
-0.054240000000000003
-0.11807630769230769
-0.16105107692307694
-0.16459753846153846
-0.1316363076923077
-0.06759138461538462
0.01940123076923077
0.13309661538461537
0.25117292307692307
0.33607938461538456
0.38656430769230765
0.3805144615384615
0.3246055384615385
0.23531815384615382
0.11870215384615385
-0.005632615384615384
-0.13643446153846153
-0.25972615384615383
-0.3473446153846154
-0.385104
-0.3652855384615385
-0.2943563076923077
-0.20256553846153844
-0.09533723076923077
0.017523692307692306
0.12245723076923076
0.21111876923076925
0.2716172307692308
0.3008233846153846
0.2849686153846154
0.235944
0.16042523076923076
0.06571384615384615
-0.031918153846153846
-0.12224861538461537
-0.1881710769230769
-0.22280123076923075
-0.21842030769230766
-0.17628
-0.10743692307692307
-0.03024923076923077
0.04631261538461538
0.11765907692307691
0.18775384615384613
0.24470584615384613
0.27286892307692306
0.26306399999999996
0.2154996923076923
0.16063384615384615
0.0974233846153846
0.029623384615384614
-0.049233230769230765
-0.130176
-0.1908830769230769
-0.24574892307692306
-0.2749550769230769
-0.2791273846153846
-0.25951753846153847
-0.20402584615384614
-0.12913292307692306
-0.027328615384615382
0.07531015384615385
0.15562707692307692
0.2221753846153846
0.254928
0.26932246153846157
0.25701415384615384
0.2075723076923077
0.13601723076923075
0.03379569230769231
-0.07551876923076924
-0.17419384615384614
-0.25138153846153843
-0.2868461538461538
-0.2914356923076923
-0.2707827692307692
-0.21716861538461538
-0.1358086153846154
-0.03275261538461539
0.07948246153846153
0.17252492307692308
0.24053353846153847
0.28267384615384616
0.2947735384615384
0.28017046153846153
0.22572184615384616
0.1449876923076923
0.05757784615384615
-0.024199384615384616
-0.08761846153846153
-0.13789476923076924
-0.16793538461538463
-0.1777403076923077
-0.16188553846153847
-0.116616
-0.061124307692307686
-0.0070929230769230765
0.042557538461538466
0.08657538461538461
0.12350030769230769
0.14749107692307692
0.16042523076923076
0.1543753846153846
0.11745046153846153
0.07635323076923077
0.035464615384615386
-0.009387692307692307
-0.05736923076923077
-0.10660246153846153
-0.14394461538461537
-0.1710646153846154
-0.17023015384615386
-0.15291507692307693
-0.12266584615384615
-0.0880356923076923
-0.05048492307692308
-0.013768615384615384
0.017940923076923077
0.03671630769230769
0.009179076923076922
-0.017315076923076923
-0.046104
-0.051319384615384614
-0.03671630769230769
-0.029623384615384614
-0.026494153846153844
-0.016480615384615385
0.008970461538461538
0.12245723076923076
0.24992123076923078
0.17002153846153847
0.11014892307692307
0.010848
-0.03984553846153846
0.04276615384615385
-0.09429415384615383
-0.19755876923076923
-0.3102110769230769
-0.3087507692307692
-0.10326461538461539
0.0
0.13706030769230768
0.12767261538461538
0.18232984615384615
0.3490135384615385
0.4047138461538461
0.4883686153846154
0.3102110769230769
0.10389046153846154
-0.03379569230769231
-0.24908676923076922
-0.2937304615384615
-0.43245969230769227
-0.5307175384615385
-0.48106707692307693
-0.5261279999999999
-0.36215630769230767
-0.17398523076923075
-0.02232184615384615
0.2292683076923077
0.28809784615384615
0.35193415384615384
0.39595199999999997
0.3646596923076923
0.40387938461538464
0.2774584615384615
0.09033046153846153
-0.09012184615384615
-0.24428861538461538
-0.23406646153846156
-0.2722430769230769
-0.3160523076923077
-0.3269003076923077
-0.3148006153846154
-0.12099692307692309
0.04714707692307692
0.15896492307692306
0.27412061538461535
0.29769415384615383
0.39115384615384613
0.47606030769230767
0.45206953846153847
0.4214030769230769
0.28392553846153845
0.14916
0.07155507692307693
-0.05048492307692308
-0.13810338461538463
-0.25200738461538463
-0.3475532307692307
-0.3750904615384615
-0.37258707692307685
-0.29185292307692307
-0.18775384615384613
-0.03400430769230769
0.11599015384615384
0.21675138461538462
0.36257353846153845
0.4414301538461538
0.4616658461538461
0.4318338461538461
0.26139507692307695
0.10117846153846152
-0.065088
-0.23969907692307693
-0.355272
-0.4925409230769231
-0.5342640000000001
-0.4781464615384615
-0.38009723076923074
-0.22154953846153846
-0.09909230769230769
0.05173661538461538
0.2374043076923077
0.38343507692307693
0.4758516923076923
0.4564504615384615
0.40742584615384614
0.33816553846153846
0.200688
0.06487938461538462
-0.1207883076923077
-0.2897667692307692
-0.36382523076923073
-0.41326707692307696
-0.3577753846153846
-0.2424110769230769
-0.11390399999999999
0.07551876923076924
0.21654276923076923
0.33649661538461534
0.4416387692307692
0.46938461538461534
0.4518609230769231
0.3548547692307692
0.2273907692307692
0.0974233846153846
-0.02858030769230769
-0.10055261538461538
-0.16751815384615384
-0.19693292307692306
-0.20360861538461536
-0.1990190769230769
-0.11891076923076922
-0.05069353846153846
0.0029206153846153843
0.04631261538461538
0.03671630769230769
0.06654830769230768
0.10493353846153847
0.11160923076923077
0.100344
0.03045784615384615
-0.027328615384615382
-0.03921969230769231
-0.047772923076923074
-0.06550523076923077
-0.11014892307692307
-0.15833907692307692
-0.165432
-0.1476996923076923
-0.10827138461538462
-0.06446215384615385
-0.025659692307692307
0.021696
0.05048492307692308
0.11140061538461538
0.1712732307692308
0.20652923076923077
0.2480436923076923
0.2275993846153846
0.19797599999999999
0.1691870769230769
0.11807630769230769
0.09825784615384614
0.04047138461538462
-0.04422646153846154
-0.09575446153846154
-0.12725538461538463
-0.10868861538461538
-0.07593599999999999
-0.05653476923076922
-0.030040615384615384
0.007927384615384614
0.07656184615384615
0.13184492307692308
0.15896492307692306
0.16084246153846155
0.11619876923076923
0.07426707692307692
0.013560000000000001
-0.06800861538461538
-0.12642092307692307
-0.1883796923076923
-0.20986707692307693
-0.19672430769230767
-0.1712732307692308
-0.10076123076923077
-0.028163076923076923
0.03024923076923077
0.07238953846153846
0.08073415384615384
0.07510153846153846
0.06070707692307692
0.03045784615384615
-0.01043076923076923
-0.059664
-0.0880356923076923
-0.07843938461538462
-0.03296123076923077
0.02858030769230769
0.07280676923076923
0.11160923076923077
0.13643446153846153
0.15145476923076923
0.16605784615384614
0.13330523076923076
0.08636676923076922
0.040679999999999994
-0.01981846153846154
-0.05736923076923077
-0.09241661538461539
-0.10889723076923077
-0.08198584615384615
-0.04109723076923077
0.01814953846153846
0.08198584615384615
0.1476996923076923
0.2090326153846154
0.241368
0.23949046153846154
0.19192615384615386
0.12558646153846154
0.04526953846153846
-0.03880246153846154
-0.10868861538461538
-0.17815753846153848
-0.2207150769230769
-0.21779446153846155
-0.16501476923076921
-0.06800861538461538
0.028163076923076923
0.0988836923076923
0.16271999999999998
0.20861538461538462
0.2261390769230769
0.20444307692307692
0.12391753846153845
0.021696
-0.08469784615384615
-0.1693956923076923
-0.21174461538461536
-0.22697353846153845
-0.21529107692307692
-0.18212123076923076
-0.12204
-0.03984553846153846
0.045060923076923075
0.11640738461538462
0.14540492307692307
0.13789476923076924
0.12162276923076921
0.09909230769230769
0.08302892307692307
0.06383630769230769
0.03880246153846154
0.020027076923076922
0.010848
0.02795446153846154
0.05778646153846154
0.08761846153846153
0.09930092307692308
0.08782707692307692
0.07531015384615385
0.061750153846153844
0.047772923076923074
0.017523692307692306
-0.028371692307692306
-0.06633969230769231
-0.08866153846153846
-0.09012184615384615
-0.08156861538461539
-0.08010830769230769
-0.07969107692307692
-0.07635323076923077
-0.073224
-0.06633969230769231
-0.06800861538461538
-0.08302892307692307
-0.09992676923076924
-0.1097316923076923
-0.103056
-0.08949599999999999
-0.08511507692307693
-0.07531015384615385
-0.06216738461538462
-0.04652123076923077
-0.01668923076923077
-0.0004172307692307692
0.003129230769230769
-0.004589538461538461
-0.02086153846153846
-0.020027076923076922
-0.012516923076923077
0.006049846153846154
0.02586830769230769
0.046104
0.08323753846153846
0.12016246153846154
0.15562707692307692
0.18212123076923076
0.18128676923076922
0.15813046153846153
0.11891076923076922
0.07092923076923077
0.027328615384615382
-0.015854769230769228
-0.05298830769230769
-0.07697907692307693
-0.07760492307692309
-0.04380923076923077
0.011473846153846154
0.06717415384615384
0.10639384615384614
0.13664307692307692
0.15959076923076923
0.16209415384615386
0.14123261538461537
0.08782707692307692
0.0077187692307692304
-0.06988615384615385
-0.12662953846153846
-0.15416676923076922
-0.15792184615384616
-0.1543753846153846
-0.13747753846153846
-0.08594953846153845
-0.006884307692307692
0.08073415384615384
0.15771323076923077
0.20465169230769228
0.22989415384615383
0.2303113846153846
0.19568123076923075
0.13852061538461538
0.056951999999999996
-0.03713353846153846
-0.111192
-0.1639716923076923
-0.18712800000000002
-0.1760713846153846
-0.15374953846153847
-0.1178676923076923
-0.06800861538461538
-0.015020307692307692
0.03921969230769231
0.0771876923076923
0.09387692307692307
0.09012184615384615
0.06863446153846153
0.04756430769230769
0.030875076923076922
0.0050067692307692304
-0.030040615384615384
-0.06759138461538462
-0.09304246153846155
-0.09825784615384614
-0.09053907692307692
-0.07760492307692309
-0.06362769230769232
-0.031918153846153846
0.009804923076923077
0.05319692307692307
0.086784
0.09679753846153846
0.09387692307692307
0.08344615384615384
0.07697907692307693
0.06905169230769231
0.062376
0.04839876923076923
0.03108369230769231
0.026702769230769228
0.029206153846153847
0.03921969230769231
0.041514461538461535
0.03275261538461539
0.029414769230769227
0.03379569230769231
0.05048492307692308
0.06863446153846153
0.07030338461538461
0.061124307692307686
0.045895384615384616
0.037967999999999995
0.046104
0.04944184615384615
0.04756430769230769
0.031709538461538456
0.017315076923076923
0.017732307692307693
0.01814953846153846
0.025033846153846153
0.02315630769230769
0.019609846153846155
0.02858030769230769
0.03942830769230769
0.05778646153846154
0.07092923076923077
0.078648
0.09304246153846155
0.10743692307692307
0.11891076923076922
0.12016246153846154
0.10618523076923077
0.08177723076923075
0.05236246153846154
0.026702769230769228
0.003755076923076923
-0.026285538461538457
-0.05736923076923077
-0.084072
-0.09971815384615385
-0.09909230769230769
-0.08699261538461538
-0.06946892307692307
-0.051528
-0.032544
0.0
0.04276615384615385
0.07739630769230768
0.09971815384615385
0.09283384615384616
0.07218092307692307
0.0448523076923077
0.0025033846153846152
-0.04380923076923077
-0.10493353846153847
-0.16042523076923076
-0.1910916923076923
-0.18149538461538461
-0.12808984615384614
-0.04714707692307692
0.04819015384615385
0.13309661538461537
0.21529107692307692
0.28017046153846153
0.3054129230769231
0.28934953846153844
0.22551323076923077
0.132888
0.03400430769230769
-0.062376
-0.15082892307692305
-0.21758584615384616
-0.2578486153846154
-0.2703655384615385
-0.2482523076923077
-0.19881046153846152
-0.13518276923076925
-0.06842584615384616
-0.006049846153846154
0.05173661538461538
0.09763200000000001
0.12433476923076923
0.13935507692307691
0.13309661538461537
0.10096984615384616
0.055491692307692304
-0.0016689230769230767
-0.04839876923076923
-0.07969107692307692
-0.11035753846153845
-0.12433476923076923
-0.14749107692307692
-0.16438892307692307
-0.1800350769230769
-0.21591692307692306
-0.23677846153846152
-0.2638984615384615
-0.25471938461538457
-0.20131384615384615
-0.0828203076923077
0.11640738461538462
0.4128498461538462
0.6748707692307692
0.8670055384615385
1.0691538461538461
1.1313212307692306
1.1467587692307692
0.9923833846153847
0.6611021538461538
0.23135446153846154
-0.3206418461538461
-0.7868972307692307
-1.241052923076923
-1.571291076923077
-1.74924
-1.7634258461538461
-1.4575956923076923
-0.9842473846153846
-0.3235624615384615
0.38343507692307693
0.9955126153846154
1.5425021538461536
1.833312
1.8894295384615383
1.6808141538461536
1.168246153846154
0.5509532307692308
-0.1842073846153846
-0.9087286153846155
-1.4392375384615383
-1.8120332307692308
-1.8984
-1.759044923076923
-1.4361083076923076
-0.9062252307692307
-0.30290953846153845
0.38885907692307686
1.0389046153846153
1.5231009230769232
1.8247587692307692
1.8858830769230768
1.7513261538461538
1.4139950769230767
0.8774363076923076
0.25930892307692305
-0.39115384615384613
-0.9462793846153845
-1.3334695384615385
-1.5777581538461538
-1.6121796923076923
-1.4805433846153844
-1.1995384615384614
-0.7760492307692308
-0.31855569230769226
0.15750461538461538
0.6164584615384615
0.9932178461538462
1.2944584615384616
1.453214769230769
1.4571784615384615
1.314902769230769
1.0109501538461538
0.6106172307692308
0.13038461538461538
-0.3711267692307692
-0.8367563076923077
-1.2208172307692307
-1.4676092307692306
-1.5875630769230769
-1.5141304615384614
-1.2283273846153846
-0.7894006153846154
-0.21612553846153845
0.3938658461538461
0.9686012307692308
1.460724923076923
1.7796978461538462
1.902780923076923
1.7690584615384615
1.3856233846153845
0.8421803076923077
0.18316430769230768
-0.4987993846153846
-1.133616
-1.6311636923076922
-1.907161846153846
-1.9428350769230769
-1.7223286153846153
-1.2856966153846152
-0.6815464615384615
0.028788923076923077
0.7291107692307691
1.3361815384615383
1.7728135384615384
1.952222769230769
1.8716972307692308
1.5406246153846155
1.0144966153846153
0.4078430769230769
-0.22488738461538463
-0.7931556923076923
-1.2308307692307692
-1.511627076923077
-1.575254769230769
-1.4244258461538462
-1.0816707692307692
-0.6045673846153846
-0.073224
0.44581107692307687
0.8799396923076923
1.203084923076923
1.367891076923077
1.347864
1.1540603076923077
0.8040036923076923
0.3882332307692308
-0.02858030769230769
-0.4090947692307692
-0.6986529230769231
-0.9033046153846154
-1.0046916923076923
-0.9690184615384615
-0.8350873846153846
-0.6204221538461538
-0.3665372307692307
-0.11223507692307692
0.1504116923076923
0.3884418461538462
0.5899643076923077
0.7299452307692307
0.7806387692307692
0.7547704615384615
0.6588073846153846
0.5182006153846154
0.34358953846153845
0.13852061538461538
-0.07697907692307693
-0.3045784615384615
-0.5040147692307693
-0.6312701538461538
-0.6955236923076923
-0.6765396923076923
-0.6024812307692308
-0.48857723076923076
-0.30708184615384615
-0.08386338461538462
0.18149538461538461
0.4355889230769231
0.615624
0.7247298461538462
0.7581083076923077
0.7226436923076922
0.6110344615384615
0.41535323076923075
0.15646153846153846
-0.1358086153846154
-0.4078430769230769
-0.6127033846153845
-0.7347433846153846
-0.7704166153846153
-0.7261901538461538
-0.5970572307692308
-0.384060923076923
-0.13226215384615383
0.1368516923076923
0.3809316923076923
0.5538738461538462
0.6648572307692308
0.6921858461538462
0.6467076923076923
0.5474067692307693
0.3805144615384615
0.18316430769230768
-0.0070929230769230765
-0.16334584615384617
-0.2557624615384615
-0.301032
-0.314592
-0.30186646153846153
-0.2647329230769231
-0.1994363076923077
-0.1178676923076923
-0.040679999999999994
0.007927384615384614
0.04130584615384615
0.07343261538461537
0.10597661538461538
0.14290153846153844
0.1637630769230769
0.16647507692307692
0.1693956923076923
0.16251138461538459
0.14123261538461537
0.10117846153846152
0.01668923076923077
-0.0892873846153846
-0.19150892307692308
-0.2822566153846154
-0.3517255384615385
-0.3909452307692307
-0.38885907692307686
-0.33962584615384617
-0.22321846153846153
-0.06341907692307691
0.11557292307692307
0.2862203076923077
0.41681353846153846
0.5086043076923077
0.5340553846153846
0.48586523076923077
0.37655076923076924
0.20944984615384615
0.009596307692307692
-0.18983999999999998
-0.37550769230769226
-0.5182006153846154
-0.5955969230769231
-0.6083224615384615
-0.5365587692307692
-0.3972036923076923
-0.20444307692307692
0.015228923076923076
0.21633415384615384
0.3750904615384615
0.47355692307692304
0.5067267692307692
0.4612486153846154
0.33545353846153847
0.1489513846153846
-0.05653476923076922
-0.23448369230769228
-0.36278215384615387
-0.44122153846153844
-0.4698018461538461
-0.4470627692307692
-0.37967999999999996
-0.26306399999999996
-0.1136953846153846
0.033169846153846154
0.15896492307692306
0.2480436923076923
0.30144923076923075
0.32648307692307693
0.3252313846153846
0.2993630769230769
0.2453316923076923
0.16772676923076923
0.09241661538461539
0.040054153846153843
-0.006049846153846154
-0.04944184615384615
-0.08073415384615384
-0.10493353846153847
-0.10743692307692307
-0.09867507692307692
-0.08073415384615384
-0.04214030769230769
-0.012308307692307691
0.02357353846153846
0.07405846153846153
0.12621230769230768
0.18212123076923076
0.2205064615384615
0.23218892307692307
0.21925476923076925
0.18086953846153844
0.12725538461538463
0.05778646153846154
-0.025659692307692307
-0.10806276923076923
-0.18170399999999998
-0.21883753846153844
-0.21633415384615384
-0.18399876923076922
-0.130176
-0.06675692307692307
0.023782153846153845
0.13080184615384613
0.21633415384615384
0.2670276923076923
0.2705741538461538
0.23281476923076924
0.16501476923076921
0.07551876923076924
-0.0014603076923076922
-0.07238953846153846
-0.13872923076923074
-0.18232984615384615
-0.19547261538461536
-0.1666836923076923
-0.10597661538461538
-0.02795446153846154
0.04944184615384615
0.12037107692307693
0.1775316923076923
0.2056947692307692
0.20840676923076923
0.1873366153846154
0.13935507692307691
0.086784
0.042557538461538466
0.016272
0.01043076923076923
0.007510153846153846
0.021696
0.05090215384615384
0.09012184615384615
0.13455692307692307
0.16751815384615384
0.18358153846153846
0.16730953846153845
0.12642092307692307
0.07092923076923077
0.0029206153846153843
-0.06905169230769231
-0.14436184615384615
-0.20298276923076922
-0.2292683076923077
-0.22426153846153846
-0.1908830769230769
-0.1368516923076923
-0.078648
-0.02086153846153846
0.033169846153846154
0.06550523076923077
0.08323753846153846
0.073224
0.03880246153846154
-0.0014603076923076922
-0.05570030769230769
-0.10660246153846153
-0.15604430769230768
-0.19714153846153845
-0.21487384615384614
-0.21466523076923077
-0.18754523076923074
-0.14457046153846154
-0.08615815384615384
-0.010848
0.06863446153846153
0.15208061538461537
0.21925476923076925
0.2638984615384615
0.279336
0.26076923076923075
0.2273907692307692
0.16710092307692306
0.09012184615384615
0.01668923076923077
-0.06028984615384615
-0.11807630769230769
-0.15249784615384615
-0.17252492307692308
-0.16751815384615384
-0.14978584615384616
-0.12391753846153845
-0.07781353846153846
-0.016480615384615385
0.053614153846153846
0.10681107692307691
0.13205353846153844
0.1424843076923077
0.13726892307692307
0.12725538461538463
0.10055261538461538
0.06028984615384615
0.012308307692307691
-0.04839876923076923
-0.0936683076923077
-0.12934153846153845
-0.15750461538461538
-0.168144
-0.15938215384615384
-0.12016246153846154
-0.04965046153846154
0.041514461538461535
0.13726892307692307
0.21445661538461538
0.27599815384615384
0.32377107692307694
0.34275507692307694
0.33357600000000004
0.28768061538461537
0.21466523076923077
0.12558646153846154
0.042557538461538466
-0.017732307692307693
-0.06008123076923077
-0.08720123076923077
-0.10535076923076922
-0.1070196923076923
-0.08511507692307693
-0.0446436923076923
-0.004589538461538461
0.03504738461538461
0.07697907692307693
0.12350030769230769
0.1787833846153846
0.22113230769230768
0.24512307692307692
0.2399076923076923
0.20652923076923077
0.16063384615384615
0.10493353846153847
0.04318338461538461
-0.03609046153846154
-0.12788123076923075
-0.20423446153846153
-0.24762646153846155
-0.2503384615384615
-0.22947692307692308
-0.19985353846153847
-0.15520984615384617
-0.08907876923076924
-0.0025033846153846152
0.08219446153846154
0.14728246153846153
0.18629353846153843
0.20256553846153844
0.20486030769230767
0.18963138461538462
0.14790830769230767
0.07614461538461538
-0.010848
-0.10368184615384615
-0.184416
-0.24199384615384617
-0.27558092307692306
-0.28893230769230765
-0.2860116923076923
-0.2532590769230769
-0.19025723076923076
-0.10493353846153847
-0.006884307692307692
0.084072
0.146448
0.1908830769230769
0.22321846153846153
0.22864246153846152
0.20235692307692305
0.13205353846153844
0.029206153846153847
-0.08052553846153847
-0.1733593846153846
-0.2399076923076923
-0.30207507692307695
-0.33587076923076925
-0.35339446153846155
-0.3542289230769231
-0.29080984615384614
-0.1942209230769231
-0.06926030769230769
0.054240000000000003
0.16063384615384615
0.26932246153846157
0.3642424615384615
0.44622830769230765
0.4704276923076923
0.43663199999999996
0.2993630769230769
0.10597661538461538
-0.08991323076923076
-0.25972615384615383
-0.35276861538461535
-0.5073526153846153
-0.577656
-0.561384
-0.458328
-0.2154996923076923
-0.012099692307692308
0.20944984615384615
0.36215630769230767
0.5177833846153846
0.6673606153846153
0.6713243076923077
0.6079052307692308
0.36945784615384614
0.09804923076923076
-0.13372246153846154
-0.3623649230769231
-0.4675070769230769
-0.5693113846153846
-0.590172923076923
-0.482736
-0.36299076923076923
-0.1368516923076923
0.08073415384615384
0.25701415384615384
0.4374664615384615
0.46959323076923076
0.4785636923076923
0.45040061538461534
0.3379569230769231
0.2526332307692308
0.09554584615384615
-0.056326153846153845
-0.1910916923076923
-0.317304
-0.3373310769230769
-0.35318584615384613
-0.3454670769230769
-0.2832996923076923
-0.19588984615384614
-0.03921969230769231
0.09846646153846153
0.20506892307692307
0.2951907692307692
0.3087507692307692
0.32982092307692307
0.3344104615384615
0.28768061538461537
0.2563883076923077
0.19797599999999999
0.14853415384615384
0.11265230769230769
0.030875076923076922
-0.04172307692307692
-0.12329169230769231
-0.19526400000000002
-0.21320492307692307
-0.22280123076923075
-0.1856676923076923
-0.10493353846153847
0.0077187692307692304
0.13914646153846155
0.24470584615384613
0.3513083076923077
0.4090947692307692
0.41723076923076924
0.3740473846153846
0.24408
0.10785415384615385
-0.056326153846153845
-0.21821169230769227
-0.3225193846153846
-0.41535323076923075
-0.4466455384615384
-0.4245323076923077
-0.3565236923076923
-0.22989415384615383
-0.10180430769230768
0.06049846153846154
0.2292683076923077
0.33002953846153843
0.37592492307692305
0.3419206153846154
0.265776
0.17273353846153844
0.037967999999999995
-0.09512861538461538
-0.22947692307692308
-0.3116713846153846
-0.3079163076923077
-0.2697396923076923
-0.17023015384615386
-0.04568676923076923
0.07531015384615385
0.21925476923076925
0.3202246153846154
0.3775938461538461
0.3919883076923077
0.3387913846153846
0.2605606153846154
0.13852061538461538
-0.0025033846153846152
-0.12996738461538462
-0.2422024615384615
-0.30144923076923075
-0.32231076923076923
-0.2931046153846154
-0.22530461538461538
-0.13935507692307691
-0.018358153846153843
0.09408553846153846
0.1873366153846154
0.23928184615384615
0.22572184615384616
0.18712800000000002
0.11223507692307692
0.01856676923076923
-0.06049846153846154
-0.14102399999999998
-0.18983999999999998
-0.1913003076923077
-0.17377661538461536
-0.13038461538461538
-0.07927384615384615
-0.03129230769230769
0.016480615384615385
0.042974769230769226
0.06613107692307692
0.07948246153846153
0.0771876923076923
0.06592246153846154
0.03400430769230769
0.009804923076923077
-0.0077187692307692304
-0.01668923076923077
-0.013142769230769229
-0.02795446153846154
-0.04631261538461538
-0.05382276923076923
-0.04819015384615385
-0.018358153846153843
-0.008970461538461538
-0.024199384615384616
-0.03108369230769231
-0.033169846153846154
0.0025033846153846152
0.04944184615384615
0.07927384615384615
0.11056615384615384
0.12600369230769232
0.15270646153846154
0.1800350769230769
0.184416
0.16188553846153847
0.09116492307692307
0.018983999999999997
-0.04318338461538461
-0.09387692307692307
-0.11098338461538461
-0.12642092307692307
-0.12350030769230769
-0.0892873846153846
-0.02753723076923077
0.07197230769230768
0.1612596923076923
0.22864246153846152
0.26869661538461537
0.2659846153846154
0.2507556923076923
0.20548615384615385
0.12996738461538462
0.03150092307692308
-0.09074769230769231
-0.1802436923076923
-0.23135446153846154
-0.23823876923076923
-0.20152246153846154
-0.1424843076923077
-0.05611753846153846
0.04526953846153846
0.15875630769230767
0.2618123076923077
0.30895938461538464
0.3133403076923077
0.28851507692307693
0.23072861538461537
0.1637630769230769
0.07238953846153846
-0.025033846153846153
-0.10138707692307691
-0.16000799999999998
-0.1666836923076923
-0.14206707692307693
-0.09387692307692307
-0.03337846153846154
0.028163076923076923
0.09971815384615385
0.15166338461538462
0.1923433846153846
0.19568123076923075
0.15667015384615385
0.09909230769230769
0.020027076923076922
-0.04985907692307692
-0.116616
-0.1733593846153846
-0.21737723076923077
-0.2453316923076923
-0.235944
-0.19442953846153843
-0.13226215384615383
-0.06759138461538462
-0.004589538461538461
0.049233230769230765
0.10055261538461538
0.13747753846153846
0.14749107692307692
0.13747753846153846
0.09763200000000001
0.04985907692307692
-0.006049846153846154
-0.06571384615384615
-0.11181784615384616
-0.14457046153846154
-0.14686523076923075
-0.12704676923076924
-0.086784
-0.03650769230769231
0.002086153846153846
0.042348923076923076
0.08052553846153847
0.11265230769230769
0.13706030769230768
0.14206707692307693
0.12370892307692308
0.09429415384615383
0.06404492307692307
0.043600615384615383
0.01668923076923077
-0.015854769230769228
-0.04109723076923077
-0.06842584615384616
-0.07468430769230769
-0.06946892307692307
-0.04819015384615385
-0.017315076923076923
0.017315076923076923
0.06884307692307692
0.11014892307692307
0.14060676923076923
0.14853415384615384
0.12996738461538462
0.1045163076923077
0.06863446153846153
0.03024923076923077
0.0
-0.03567323076923076
-0.06279323076923077
-0.08448923076923077
-0.10639384615384614
-0.0974233846153846
-0.08240307692307691
-0.06321046153846153
-0.03296123076923077
-0.005424
0.03692492307692308
0.06258461538461538
0.06571384615384615
0.05799507692307692
0.02023569230769231
-0.03066646153846154
-0.08344615384615384
-0.13768615384615385
-0.18504184615384617
-0.2209236923076923
-0.23406646153846156
-0.21967199999999998
-0.1829556923076923
-0.1289243076923077
-0.07384984615384615
-0.025659692307692307
0.021904615384615383
0.06592246153846154
0.10055261538461538
0.11411261538461538
0.10368184615384615
0.08386338461538462
0.06258461538461538
0.051319384615384614
0.044435076923076924
0.040054153846153843
0.0446436923076923
0.05757784615384615
0.08574092307692306
0.10952307692307692
0.12016246153846154
0.11870215384615385
0.09909230769230769
0.07280676923076923
0.04756430769230769
0.027328615384615382
0.012308307692307691
0.002086153846153846
0.006675692307692307
0.014811692307692307
0.029623384615384614
0.0448523076923077
0.04526953846153846
0.043600615384615383
0.02858030769230769
0.016480615384615385
0.013351384615384614
0.006675692307692307
-0.006884307692307692
-0.03483876923076923
-0.054657230769230764
-0.05528307692307692
-0.04631261538461538
-0.02899753846153846
-0.003963692307692307
0.02273907692307692
0.054657230769230764
0.09137353846153846
0.12308307692307692
0.13497415384615385
0.10889723076923077
0.07113784615384615
0.03296123076923077
0.0018775384615384615
-0.022530461538461537
-0.05820369230769231
-0.06654830769230768
-0.056951999999999996
-0.027120000000000002
0.02044430769230769
0.05048492307692308
0.07656184615384615
0.08052553846153847
0.059038153846153844
0.03942830769230769
0.008136
-0.026702769230769228
-0.05924676923076923
-0.100344
-0.12767261538461538
-0.14457046153846154
-0.14811692307692306
-0.154584
-0.16897846153846155
-0.16105107692307694
-0.13706030769230768
-0.09262523076923077
-0.03838523076923077
0.014185846153846153
0.06195876923076923
0.092208
0.11682461538461539
0.1356
0.12600369230769232
0.086784
0.03108369230769231
-0.024408000000000003
-0.04735569230769231
-0.05319692307692307
-0.05298830769230769
-0.04693846153846153
-0.04214030769230769
-0.018358153846153843
0.005632615384615384
0.03108369230769231
0.050067692307692306
0.04985907692307692
0.0446436923076923
0.03421292307692308
0.03483876923076923
0.03442153846153846
0.018775384615384614
0.005841230769230769
-0.009804923076923077
-0.02023569230769231
-0.027120000000000002
-0.03233538461538461
-0.026702769230769228
-0.03588184615384615
-0.03942830769230769
-0.02232184615384615
0.007510153846153846
0.04672984615384615
0.08073415384615384
0.11327815384615383
0.15333230769230768
0.20110523076923076
0.24720923076923076
0.26619323076923074
0.2482523076923077
0.21111876923076925
0.15833907692307692
0.1045163076923077
0.045060923076923075
-0.016063384615384615
-0.07364123076923076
-0.12099692307692309
-0.1289243076923077
-0.11327815384615383
-0.08052553846153847
-0.04214030769230769
-0.001043076923076923
0.04965046153846154
0.10159569230769232
0.14561353846153846
0.16647507692307692
0.14457046153846154
0.09304246153846155
0.03942830769230769
-0.009596307692307692
-0.053614153846153846
-0.10076123076923077
-0.14311015384615386
-0.17544553846153846
-0.18170399999999998
-0.15228923076923076
-0.1028473846153846
-0.051319384615384614
-0.006258461538461538
0.034630153846153845
0.08094276923076923
0.1287156923076923
0.1570873846153846
0.15771323076923077
0.13309661538461537
0.1028473846153846
0.08574092307692306
0.07927384615384615
0.07259815384615384
0.05862092307692307
0.042557538461538466
0.04109723076923077
0.04902461538461538
0.056951999999999996
0.0448523076923077
0.0077187692307692304
-0.032544
-0.07572738461538461
-0.11703323076923078
-0.16209415384615386
-0.21716861538461538
-0.2774584615384615
-0.26911384615384615
-0.18545907692307692
-0.06362769230769232
0.0988836923076923
0.23531815384615382
0.38572984615384615
0.5394793846153846
0.6419095384615385
0.6875963076923076
0.6066535384615385
0.4652123076923077
0.2751636923076923
0.0963803076923077
-0.0828203076923077
-0.29685969230769227
-0.42369784615384615
-0.5275883076923077
-0.4985907692307692
-0.3615304615384615
-0.17982646153846152
0.05820369230769231
0.23844738461538462
0.4374664615384615
0.5709803076923077
0.6056104615384615
0.5680596923076923
0.39052800000000004
0.15917353846153848
-0.116616
-0.3682061538461538
-0.5211212307692308
-0.6250116923076923
-0.6241772307692307
-0.5636787692307692
-0.44038707692307694
-0.24428861538461538
-0.06300184615384616
0.13455692307692307
0.2526332307692308
0.2780843076923077
0.2966510769230769
0.2780843076923077
0.2647329230769231
0.21508246153846153
0.11181784615384616
0.01668923076923077
-0.08636676923076922
-0.15145476923076923
-0.18858830769230767
-0.23177169230769232
-0.2601433846153846
-0.2730775384615384
-0.2273907692307692
-0.14060676923076923
-0.058412307692307694
0.008136
0.03442153846153846
0.06884307692307692
0.10660246153846153
0.12996738461538462
0.16271999999999998
0.1637630769230769
0.1597993846153846
0.1635544615384615
0.14102399999999998
0.09471138461538461
0.017523692307692306
-0.09909230769230769
-0.21821169230769227
-0.314592
-0.3692492307692308
-0.3594443076923077
-0.31688676923076925
-0.2355267692307692
-0.12412615384615384
0.011891076923076923
0.16459753846153846
0.2897667692307692
0.3786369230769231
0.384060923076923
0.32898646153846156
0.25701415384615384
0.15333230769230768
0.03880246153846154
-0.10535076923076922
-0.2330233846153846
-0.2989458461538462
-0.3252313846153846
-0.28663753846153844
-0.21925476923076925
-0.14164984615384615
-0.03483876923076923
0.0771876923076923
0.1858763076923077
0.25805723076923076
0.2764153846153846
0.25200738461538463
0.18650215384615382
0.10576799999999999
0.007301538461538462
-0.092208
-0.17294215384615383
-0.24303692307692307
-0.2682793846153846
-0.23803015384615384
-0.17148184615384612
-0.07510153846153846
0.014394461538461538
0.07760492307692309
0.13372246153846154
0.16167692307692308
0.16793538461538463
0.15416676923076922
0.10368184615384615
0.04965046153846154
0.009804923076923077
-0.0008344615384615384
0.015646153846153844
0.04214030769230769
0.06258461538461538
0.07259815384615384
0.09074769230769231
0.11557292307692307
0.12579507692307693
0.10535076923076922
0.05382276923076923
-0.003963692307692307
-0.04756430769230769
-0.09137353846153846
-0.12662953846153846
-0.1639716923076923
-0.18712800000000002
-0.17169046153846151
-0.12913292307692306
-0.05277969230769231
0.03379569230769231
0.10368184615384615
0.16438892307692307
0.20778092307692309
0.20965846153846154
0.1829556923076923
0.11077476923076923
0.014394461538461538
-0.084072
-0.17502830769230768
-0.2207150769230769
-0.23531815384615382
-0.20173107692307693
-0.13601723076923075
-0.0446436923076923
0.07405846153846153
0.17252492307692308
0.2497126153846154
0.292896
0.2899753846153846
0.25471938461538457
0.18712800000000002
0.11745046153846153
0.05048492307692308
-0.03442153846153846
-0.10764553846153846
-0.14957723076923077
-0.15416676923076922
-0.1368516923076923
-0.11745046153846153
-0.08824430769230769
-0.05799507692307692
-0.023364923076923075
0.009596307692307692
0.02545107692307692
0.03713353846153846
0.02357353846153846
-0.002086153846153846
-0.018983999999999997
-0.04318338461538461
-0.051528
-0.053614153846153846
-0.045060923076923075
-0.011265230769230769
0.017940923076923077
0.0446436923076923
0.07009476923076922
0.07551876923076924
0.06321046153846153
0.03588184615384615
0.003755076923076923
-0.020652923076923076
-0.040054153846153843
-0.04318338461538461
-0.029414769230769227
0.006675692307692307
0.06675692307692307
0.12120553846153845
0.16626646153846153
0.1869193846153846
0.17419384615384614
0.1435273846153846
0.08887015384615385
0.028371692307692306
-0.04526953846153846
-0.12245723076923076
-0.17231630769230769
-0.200688
-0.18399876923076922
-0.13309661538461537
-0.0678
0.018983999999999997
0.10994030769230768
0.19150892307692308
0.25138153846153843
0.28246523076923075
0.2699483076923077
0.21445661538461538
0.13622584615384614
0.045895384615384616
-0.04047138461538462
-0.12412615384615384
-0.19296923076923078
-0.22405292307692307
-0.21633415384615384
-0.1760713846153846
-0.10910584615384614
-0.03275261538461539
0.04631261538461538
0.11974523076923077
0.17294215384615383
0.19839323076923077
0.19067446153846154
0.15124615384615384
0.08073415384615384
-0.003963692307692307
-0.08887015384615385
-0.16063384615384615
-0.20652923076923077
-0.23010276923076922
-0.21967199999999998
-0.16689230769230767
-0.09179076923076923
-0.006675692307692307
0.07614461538461538
0.1356
0.1792006153846154
0.20360861538461536
0.1977673846153846
0.16480615384615382
0.10994030769230768
0.05674338461538461
0.02586830769230769
0.004172307692307692
-0.009804923076923077
-0.013351384615384614
-0.005841230769230769
0.026494153846153844
0.06571384615384615
0.10159569230769232
0.13455692307692307
0.1637630769230769
0.18525046153846153
0.19004861538461537
0.1792006153846154
0.14457046153846154
0.09533723076923077
0.042974769230769226
-0.004172307692307692
-0.03880246153846154
-0.062376
-0.073224
-0.07384984615384615
-0.073224
-0.06717415384615384
-0.04526953846153846
-0.023364923076923075
-0.016272
-0.022947692307692308
-0.03483876923076923
-0.03775938461538462
-0.025659692307692307
-0.005841230769230769
0.005841230769230769
0.01043076923076923
0.01856676923076923
0.02545107692307692
0.034630153846153845
0.03483876923076923
0.02482523076923077
0.017940923076923077
0.015020307692307692
0.026494153846153844
0.0448523076923077
0.05736923076923077
0.06675692307692307
0.06529661538461538
0.06446215384615385
0.07364123076923076
0.06571384615384615
0.045895384615384616
0.01814953846153846
-0.015228923076923076
-0.03442153846153846
-0.042557538461538466
-0.037967999999999995
-0.029623384615384614
-0.021070153846153846
-0.002086153846153846
0.026911384615384615
0.06321046153846153
0.08490646153846154
0.08469784615384615
0.07489292307692308
0.05862092307692307
0.04276615384615385
0.02357353846153846
-0.0022947692307692304
-0.03150092307692308
-0.05757784615384615
-0.06258461538461538
-0.045895384615384616
-0.023364923076923075
-0.004172307692307692
0.004589538461538461
0.006258461538461538
0.010639384615384617
0.013560000000000001
0.010848
-0.003963692307692307
-0.025659692307692307
-0.03400430769230769
-0.02357353846153846
0.005215384615384615
0.027745846153846152
0.045060923076923075
0.06717415384615384
0.08302892307692307
0.09658892307692307
0.08949599999999999
0.054240000000000003
0.0008344615384615384
-0.06133292307692308
-0.11411261538461538
-0.14790830769230767
-0.1635544615384615
-0.15875630769230767
-0.13476553846153844
-0.08323753846153846
0.0022947692307692304
0.0963803076923077
0.1846246153846154
0.2482523076923077
0.2628553846153846
0.2503384615384615
0.2157083076923077
0.15750461538461538
0.07760492307692309
-0.02273907692307692
-0.11703323076923078
-0.19547261538461536
-0.235944
-0.2369870769230769
-0.21612553846153845
-0.17732307692307692
-0.13184492307692308
-0.06967753846153846
-0.0016689230769230767
0.05924676923076923
0.09679753846153846
0.09992676923076924
0.08740984615384616
0.06404492307692307
0.03400430769230769
-0.011473846153846154
-0.06717415384615384
-0.12621230769230768
-0.17502830769230768
-0.1990190769230769
-0.21007569230769232
-0.21007569230769232
-0.20965846153846154
-0.1990190769230769
-0.1666836923076923
-0.11432123076923076
-0.04276615384615385
0.03400430769230769
0.10660246153846153
0.16772676923076923
0.21633415384615384
0.254928
0.2749550769230769
0.25117292307692307
0.19296923076923078
0.11452984615384615
0.028371692307692306
-0.04652123076923077
-0.12099692307692309
-0.1783661538461538
-0.20798953846153845
-0.19317784615384614
-0.12767261538461538
-0.03358707692307692
0.08115138461538463
0.19463815384615382
0.29101846153846156
0.36904061538461536
0.412224
0.40972061538461535
0.3577753846153846
0.24887815384615386
0.11494707692307692
-0.03358707692307692
-0.1704387692307692
-0.27558092307692306
-0.35798399999999997
-0.39657784615384617
-0.3890676923076923
-0.32564861538461537
-0.21466523076923077
-0.08198584615384615
0.05924676923076923
0.1883796923076923
0.29101846153846156
0.3571495384615384
0.37592492307692305
0.34588430769230766
0.26118646153846153
0.14018953846153845
0.010222153846153844
-0.116616
-0.2157083076923077
-0.2870547692307692
-0.32898646153846156
-0.327108923076923
-0.2862203076923077
-0.21132738461538458
-0.12120553846153845
-0.034630153846153845
0.047981538461538464
0.11578153846153846
0.1666836923076923
0.20173107692307693
0.20778092307692309
0.18274707692307693
0.13518276923076925
0.07218092307692307
0.002086153846153846
-0.07823076923076923
-0.15562707692307692
-0.22029784615384615
-0.2578486153846154
-0.24345415384615382
-0.19735015384615384
-0.11473846153846154
-0.012308307692307691
0.08761846153846153
0.1913003076923077
0.26452430769230767
0.2947735384615384
0.26869661538461537
0.18483323076923078
0.07739630769230768
-0.017523692307692306
-0.11098338461538461
-0.17982646153846152
-0.20819815384615384
-0.21091015384615383
-0.14206707692307693
-0.06154153846153846
0.1424843076923077
0.32377107692307694
0.32606584615384615
0.3669544615384615
0.3152178461538461
0.28955815384615385
0.22843384615384613
0.026702769230769228
-0.15333230769230768
-0.3978295384615384
-0.4965046153846154
-0.49984246153846157
-0.47710338461538465
-0.37550769230769226
-0.3016578461538461
-0.08720123076923077
0.18337292307692307
0.4351716923076923
0.6579729230769231
0.6696553846153845
0.6066535384615385
0.48857723076923076
0.2899753846153846
0.12391753846153845
-0.12913292307692306
-0.3517255384615385
-0.4971304615384615
-0.6383630769230769
-0.5678510769230769
-0.42077723076923074
-0.24992123076923078
-0.01981846153846154
0.12120553846153845
0.27599815384615384
0.3873987692307692
0.4303735384615384
0.47001046153846154
0.3707095384615384
0.19755876923076923
0.025659692307692307
-0.12454338461538461
-0.19338646153846153
-0.2870547692307692
-0.37008369230769234
-0.4078430769230769
-0.4145187692307692
-0.3047870769230769
-0.1881710769230769
-0.08782707692307692
0.023990769230769232
0.09012184615384615
0.1927606153846154
0.2751636923076923
0.29414769230769233
0.3127144615384615
0.2670276923076923
0.23239753846153846
0.22864246153846152
0.1883796923076923
0.13747753846153846
0.04547815384615384
-0.05048492307692308
-0.12683815384615382
-0.19505538461538463
-0.21967199999999998
-0.22300984615384614
-0.18712800000000002
-0.13121907692307694
-0.06550523076923077
0.073224
0.2059033846153846
0.3212676923076923
0.4109723076923077
0.4228633846153846
0.4145187692307692
0.3421292307692308
0.23510953846153848
0.111192
-0.08240307692307691
-0.23510953846153848
-0.33941723076923075
-0.40054153846153845
-0.3982467692307692
-0.3744646153846154
-0.26786215384615386
-0.10117846153846152
0.07259815384615384
0.2342750769230769
0.33566215384615383
0.4118067692307692
0.4387181538461538
0.3873987692307692
0.3016578461538461
0.15333230769230768
-0.010013538461538461
-0.13768615384615385
-0.2509643076923077
-0.29769415384615383
-0.2979027692307692
-0.25847446153846154
-0.15124615384615384
-0.04318338461538461
0.07593599999999999
0.19213476923076922
0.26160369230769226
0.2891409230769231
0.25054707692307693
0.1779489230769231
0.07760492307692309
-0.03567323076923076
-0.12224861538461537
-0.1927606153846154
-0.2275993846153846
-0.23385784615384617
-0.206112
-0.12788123076923075
-0.048816000000000005
0.033169846153846154
0.12537784615384615
0.17982646153846152
0.2275993846153846
0.25847446153846154
0.23239753846153846
0.18107815384615383
0.09763200000000001
0.026494153846153844
-0.007510153846153846
-0.037967999999999995
-0.0446436923076923
-0.047772923076923074
-0.03588184615384615
0.008136
0.061124307692307686
0.12808984615384614
0.16584923076923075
0.1860849230769231
0.1913003076923077
0.15124615384615384
0.1070196923076923
0.035464615384615386
-0.03421292307692308
-0.07197230769230768
-0.11974523076923077
-0.14477907692307693
-0.14394461538461537
-0.12162276923076921
-0.0609156923076923
-0.006675692307692307
0.03859384615384615
0.07092923076923077
0.07656184615384615
0.08198584615384615
0.07009476923076922
0.043392
0.010639384615384617
-0.02482523076923077
-0.031709538461538456
-0.025033846153846153
-0.006675692307692307
0.022947692307692308
0.03984553846153846
0.053405538461538456
0.046104
0.022947692307692308
0.006675692307692307
-0.010639384615384617
-0.013560000000000001
-0.015854769230769228
-0.021070153846153846
-0.011265230769230769
0.013142769230769229
0.03713353846153846
0.04672984615384615
0.04526953846153846
0.04902461538461538
0.05382276923076923
0.043600615384615383
0.018775384615384614
-0.03337846153846154
-0.09283384615384616
-0.13393107692307693
-0.1422756923076923
-0.12412615384615384
-0.11765907692307691
-0.10159569230769232
-0.06863446153846153
-0.020652923076923076
0.04631261538461538
0.09992676923076924
0.14311015384615386
0.1666836923076923
0.16626646153846153
0.15416676923076922
0.12537784615384615
0.08740984615384616
0.04714707692307692
0.011891076923076923
-0.009804923076923077
-0.013560000000000001
0.008970461538461538
0.04902461538461538
0.09429415384615383
0.13789476923076924
0.16626646153846153
0.19547261538461536
0.20360861538461536
0.17565415384615385
0.12808984615384614
0.04109723076923077
-0.05444861538461539
-0.12788123076923075
-0.18504184615384617
-0.21070153846153844
-0.2221753846153846
-0.21070153846153844
-0.15291507692307693
-0.06842584615384616
0.030040615384615384
0.10576799999999999
0.14415323076923076
0.16042523076923076
0.13455692307692307
0.08574092307692306
0.020652923076923076
-0.07072061538461538
-0.1666836923076923
-0.2586830769230769
-0.30416123076923074
-0.3004061538461538
-0.25930892307692305
-0.17273353846153844
-0.0744756923076923
0.032544
0.14582215384615385
0.23907323076923076
0.30416123076923074
0.3187643076923077
0.2791273846153846
0.2059033846153846
0.10159569230769232
-0.006258461538461538
-0.10889723076923077
-0.19881046153846152
-0.260352
-0.29185292307692307
-0.27328615384615385
-0.22008923076923076
-0.14978584615384616
-0.06863446153846153
0.005424
0.07781353846153846
0.14394461538461537
0.18629353846153843
0.20277415384615383
0.1858763076923077
0.15103753846153847
0.10389046153846154
0.041514461538461535
-0.03233538461538461
-0.10889723076923077
-0.1704387692307692
-0.20548615384615385
-0.20944984615384615
-0.1881710769230769
-0.14394461538461537
-0.08490646153846154
-0.016063384615384615
0.054657230769230764
0.11640738461538462
0.1635544615384615
0.18358153846153846
0.18316430769230768
0.16021661538461537
0.12037107692307693
0.08824430769230769
0.04839876923076923
0.004798153846153846
-0.038176615384615385
-0.086784
-0.12391753846153845
-0.15082892307692305
-0.16167692307692308
-0.16292861538461537
-0.15938215384615384
-0.130176
-0.08219446153846154
-0.020027076923076922
0.053405538461538456
0.12037107692307693
0.1666836923076923
0.1867107692307692
0.19380369230769232
0.1869193846153846
0.15166338461538462
0.09095630769230768
0.014185846153846153
-0.05382276923076923
-0.0988836923076923
-0.12579507692307693
-0.130176
-0.12433476923076923
-0.11306953846153844
-0.08031692307692308
-0.03692492307692308
0.005215384615384615
0.03880246153846154
0.06717415384615384
0.0988836923076923
0.1341396923076923
0.16793538461538463
0.1846246153846154
0.17544553846153846
0.13518276923076925
0.06800861538461538
-0.010848
-0.10326461538461539
-0.20047938461538461
-0.27850153846153847
-0.33649661538461534
-0.34296369230769225
-0.2914356923076923
-0.21132738461538458
-0.09700615384615385
0.020652923076923076
0.13393107692307693
0.2342750769230769
0.3008233846153846
0.34171199999999996
0.32982092307692307
0.26765353846153844
0.17502830769230768
0.07072061538461538
-0.019609846153846155
-0.09700615384615385
-0.15291507692307693
-0.1794092307692308
-0.16689230769230767
-0.10660246153846153
-0.02211323076923077
0.06842584615384616
0.15270646153846154
0.22029784615384615
0.2722430769230769
0.3045784615384615
0.30061476923076924
0.2563883076923077
0.18128676923076922
0.0974233846153846
0.026702769230769228
-0.03984553846153846
-0.092208
-0.127464
-0.14582215384615385
-0.13935507692307691
-0.11891076923076922
-0.07885661538461539
-0.03692492307692308
-0.004589538461538461
0.02795446153846154
0.06049846153846154
0.09930092307692308
0.1289243076923077
0.14457046153846154
0.13518276923076925
0.1045163076923077
0.07072061538461538
0.027745846153846152
-0.018358153846153843
-0.06926030769230769
-0.11599015384615384
-0.15270646153846154
-0.16167692307692308
-0.1462393846153846
-0.12308307692307692
-0.08615815384615384
-0.040679999999999994
0.02357353846153846
0.09763200000000001
0.16501476923076921
0.22196676923076922
0.25388492307692306
0.2568055384615385
0.23281476923076924
0.17523692307692307
0.09074769230769231
-0.015437538461538461
-0.1205796923076923
-0.19755876923076923
-0.23907323076923076
-0.23385784615384617
-0.19380369230769232
-0.12642092307692307
-0.02482523076923077
0.0897046153846154
0.19985353846153847
0.2914356923076923
0.34651015384615386
0.3623649230769231
0.33670523076923076
0.2828824615384615
0.20965846153846154
0.12016246153846154
0.025659692307692307
-0.06717415384615384
-0.14686523076923075
-0.20027076923076922
-0.21737723076923077
-0.19547261538461536
-0.14519630769230768
-0.08240307692307691
-0.01981846153846154
0.04526953846153846
0.10722830769230769
0.14999446153846155
0.16292861538461537
0.14749107692307692
0.11953661538461538
0.0826116923076923
0.03108369230769231
-0.03921969230769231
-0.11578153846153846
-0.17648861538461538
-0.20652923076923077
-0.20652923076923077
-0.1883796923076923
-0.1558356923076923
-0.11306953846153844
-0.06738276923076922
-0.02315630769230769
0.010848
0.025659692307692307
0.02482523076923077
0.011056615384615385
0.0
0.0022947692307692304
0.006884307692307692
0.010639384615384617
0.013560000000000001
0.015020307692307692
0.017940923076923077
0.018983999999999997
0.005215384615384615
-0.025659692307692307
-0.06341907692307691
-0.0961716923076923
-0.11035753846153845
-0.10430769230769231
-0.0826116923076923
-0.04318338461538461
-0.003755076923076923
0.02858030769230769
0.05799507692307692
0.08156861538461539
0.08365476923076923
0.07384984615384615
0.03692492307692308
-0.0029206153846153843
-0.02023569230769231
-0.04631261538461538
-0.03984553846153846
-0.051319384615384614
0.050067692307692306
0.1316363076923077
0.08031692307692308
0.12621230769230768
0.09533723076923077
0.12913292307692306
0.15333230769230768
0.040679999999999994
-0.029414769230769227
-0.1794092307692308
-0.19547261538461536
-0.15208061538461537
-0.1506203076923077
-0.1045163076923077
-0.12266584615384615
0.010639384615384617
0.18921415384615384
0.35694092307692304
0.5177833846153846
0.46959323076923076
0.43350276923076925
0.37613353846153846
0.2699483076923077
0.20715507692307691
0.006884307692307692
-0.14790830769230767
-0.2724516923076923
-0.4478972307692307
-0.42661846153846156
-0.3909452307692307
-0.30854215384615385
-0.14060676923076923
-0.04526953846153846
0.12350030769230769
0.25555384615384613
0.37425600000000003
0.5200781538461539
0.5261279999999999
0.46688123076923077
0.3475532307692307
0.22947692307692308
0.16042523076923076
0.018358153846153843
-0.12537784615384615
-0.273912
-0.38280923076923074
-0.35610646153846154
-0.3202246153846154
-0.25138153846153843
-0.16730953846153845
-0.09825784615384614
0.06863446153846153
0.21821169230769227
0.3225193846153846
0.4182738461538461
0.4076344615384615
0.3984553846153846
0.3686233846153846
0.27140861538461536
0.16876984615384616
0.004172307692307692
-0.15541846153846153
-0.2914356923076923
-0.3961606153846154
-0.43392000000000003
-0.4268270769230769
-0.34317230769230767
-0.2492953846153846
-0.13247076923076923
0.05611753846153846
0.22008923076923076
0.3782196923076923
0.48064984615384615
0.4852393846153846
0.4616658461538461
0.36445107692307693
0.2497126153846154
0.12370892307692308
-0.06154153846153846
-0.20986707692307693
-0.32189353846153845
-0.39532615384615377
-0.412224
-0.4115981538461538
-0.3383741538461538
-0.21299630769230768
-0.08198584615384615
0.054657230769230764
0.16856123076923077
0.2830910769230769
0.3502652307692307
0.34963938461538463
0.3195987692307692
0.20944984615384615
0.07259815384615384
-0.04985907692307692
-0.19317784615384614
-0.2981113846153846
-0.3855212307692308
-0.4416387692307692
-0.42244615384615386
-0.39219692307692305
-0.31229723076923077
-0.19192615384615386
-0.07572738461538461
0.04547815384615384
0.12412615384615384
0.17398523076923075
0.18921415384615384
0.17481969230769231
0.15646153846153846
0.1070196923076923
0.04965046153846154
-0.03421292307692308
-0.12037107692307693
-0.16105107692307694
-0.18983999999999998
-0.17648861538461538
-0.1476996923076923
-0.1341396923076923
-0.07405846153846153
0.0002086153846153846
0.062376
0.10117846153846152
0.09387692307692307
0.092208
0.09283384615384616
0.08469784615384615
0.07051199999999999
0.023782153846153845
-0.02357353846153846
-0.04860738461538461
-0.045895384615384616
-0.010013538461538461
0.013768615384615384
0.02899753846153846
0.03275261538461539
0.023990769230769232
0.046104
0.062376
0.0826116923076923
0.10409907692307692
0.08887015384615385
0.08240307692307691
0.07551876923076924
0.08031692307692308
0.10660246153846153
0.09471138461538461
0.08052553846153847
0.08031692307692308
0.0880356923076923
0.12454338461538461
0.13998092307692306
0.132888
0.11035753846153845
0.08073415384615384
0.08615815384615384
0.08845292307692308
0.07697907692307693
0.054240000000000003
0.015854769230769228
0.007510153846153846
0.00855323076923077
0.016272
0.025659692307692307
0.008344615384615384
0.0016689230769230767
0.0002086153846153846
0.012934153846153845
0.0446436923076923
0.05716061538461538
0.05444861538461539
0.03963692307692308
0.030040615384615384
0.03588184615384615
0.02482523076923077
-0.008136
-0.055491692307692304
-0.10389046153846154
-0.12496061538461539
-0.12433476923076923
-0.10243015384615384
-0.08156861538461539
-0.06279323076923077
-0.013560000000000001
0.05090215384615384
0.12204
0.17148184615384612
0.1706473846153846
0.1614683076923077
0.14060676923076923
0.10347323076923076
0.058829538461538454
-0.018358153846153843
-0.09971815384615385
-0.16084246153846155
-0.1990190769230769
-0.20131384615384615
-0.18337292307692307
-0.16418030769230768
-0.1397723076923077
-0.1028473846153846
-0.040262769230769234
0.03129230769230769
0.07489292307692308
0.084072
0.06550523076923077
0.04047138461538462
0.018775384615384614
-0.006884307692307692
-0.031709538461538456
-0.06383630769230769
-0.08782707692307692
-0.1028473846153846
-0.11160923076923077
-0.09992676923076924
-0.1045163076923077
-0.10952307692307692
-0.10639384615384614
-0.09909230769230769
-0.07113784615384615
-0.048816000000000005
-0.02858030769230769
-0.003129230769230769
0.024408000000000003
0.06049846153846154
0.09012184615384615
0.09784061538461537
0.08594953846153845
0.05444861538461539
0.026494153846153844
-0.005215384615384615
-0.04735569230769231
-0.08991323076923076
-0.13810338461538463
-0.16251138461538459
-0.16084246153846155
-0.13852061538461538
-0.0936683076923077
-0.04652123076923077
0.016063384615384615
0.09450276923076922
0.16710092307692306
0.22676492307692306
0.24679199999999998
0.2261390769230769
0.18128676923076922
0.11953661538461538
0.05674338461538461
-0.0070929230769230765
-0.07572738461538461
-0.14018953846153845
-0.1846246153846154
-0.1881710769230769
-0.15166338461538462
-0.09450276923076922
-0.025033846153846153
0.04860738461538461
0.12037107692307693
0.1858763076923077
0.23156307692307693
0.24449723076923074
0.22780799999999998
0.18754523076923074
0.13184492307692308
0.07739630769230768
0.02044430769230769
-0.03629907692307692
-0.08574092307692306
-0.12516923076923075
-0.12975876923076923
-0.11181784615384616
-0.078648
-0.03713353846153846
0.006258461538461538
0.06821723076923077
0.1287156923076923
0.19192615384615386
0.2426196923076923
0.26681907692307694
0.2737033846153846
0.25513661538461535
0.22551323076923077
0.1775316923076923
0.10326461538461539
0.027328615384615382
-0.037342153846153844
-0.06967753846153846
-0.06487938461538462
-0.047772923076923074
-0.017940923076923077
0.02545107692307692
0.0934596923076923
0.17586276923076924
0.24762646153846155
0.2906012307692308
0.2814221538461538
0.2426196923076923
0.1908830769230769
0.13935507692307691
0.08323753846153846
0.011473846153846154
-0.059038153846153844
-0.10931446153846153
-0.13059323076923077
-0.12621230769230768
-0.1178676923076923
-0.11014892307692307
-0.09596307692307693
-0.07280676923076923
-0.03483876923076923
-0.008970461538461538
0.008344615384615384
0.017940923076923077
0.010639384615384617
-0.0002086153846153846
-0.01043076923076923
-0.015437538461538461
-0.03588184615384615
-0.06362769230769232
-0.07593599999999999
-0.07238953846153846
-0.06362769230769232
-0.054240000000000003
-0.04839876923076923
-0.04714707692307692
-0.05507446153846154
-0.07739630769230768
-0.08991323076923076
-0.10806276923076923
-0.12370892307692308
-0.12704676923076924
-0.10722830769230769
-0.047772923076923074
0.015020307692307692
0.06717415384615384
0.10952307692307692
0.14665661538461539
0.17419384615384614
0.17711446153846155
0.14707384615384617
0.08094276923076923
-0.008970461538461538
-0.09679753846153846
-0.16647507692307692
-0.20944984615384615
-0.23281476923076924
-0.23677846153846152
-0.20298276923076922
-0.13601723076923075
-0.040262769230769234
0.059872615384615385
0.14457046153846154
0.21508246153846153
0.2563883076923077
0.27599815384615384
0.2716172307692308
0.23281476923076924
0.16876984615384616
0.08135999999999999
-0.004589538461538461
-0.07510153846153846
-0.12788123076923075
-0.16188553846153847
-0.184416
-0.1829556923076923
-0.143736
-0.06967753846153846
0.02086153846153846
0.103056
0.1652233846153846
0.21028430769230766
0.24074215384615386
0.25513661538461535
0.24032492307692307
0.18525046153846153
0.103056
0.023990769230769232
-0.03483876923076923
-0.0744756923076923
-0.10138707692307691
-0.11494707692307692
-0.11452984615384615
-0.10076123076923077
-0.065088
-0.008970461538461538
0.045895384615384616
0.08824430769230769
0.13393107692307693
0.1785747692307692
0.21716861538461538
0.24470584615384613
0.249504
0.23761292307692305
0.20298276923076922
0.1489513846153846
0.08845292307692308
0.01668923076923077
-0.073224
-0.1721076923076923
-0.24512307692307692
-0.27474646153846155
-0.2638984615384615
-0.2207150769230769
-0.16438892307692307
-0.09408553846153846
-0.010848
0.06946892307692307
0.14206707692307693
0.1794092307692308
0.16751815384615384
0.12016246153846154
0.05298830769230769
-0.010848
-0.07009476923076922
-0.13267938461538462
-0.1923433846153846
-0.22676492307692306
-0.22572184615384616
-0.18629353846153843
-0.12037107692307693
-0.05716061538461538
-0.0025033846153846152
0.04109723076923077
0.08031692307692308
0.10535076923076922
0.11181784615384616
0.10389046153846154
0.07280676923076923
0.04109723076923077
0.014185846153846153
-0.006884307692307692
-0.011265230769230769
-0.00855323076923077
0.0035464615384615383
0.021487384615384613
0.03108369230769231
0.04401784615384615
0.03337846153846154
-0.008136
-0.053405538461538456
-0.10347323076923076
-0.14999446153846155
-0.21091015384615383
-0.2914356923076923
-0.3510996923076923
-0.41076369230769233
-0.4078430769230769
-0.26160369230769226
-0.06967753846153846
0.19964492307692308
0.4873255384615384
0.7351606153846154
0.9821612307692307
1.110251076923077
1.1494707692307693
1.043076923076923
0.723060923076923
0.33899999999999997
-0.06258461538461538
-0.425784
-0.6996959999999999
-0.9254178461538461
-1.037027076923077
-1.0172086153846154
-0.8288289230769231
-0.47918953846153844
-0.09804923076923076
0.29456492307692306
0.5832886153846154
0.7672873846153846
0.8442664615384615
0.7268159999999999
0.5240418461538462
0.16042523076923076
-0.26619323076923074
-0.5943452307692307
-0.8718036923076923
-0.9483655384615385
-0.8830689230769231
-0.7234781538461538
-0.41952553846153845
-0.14311015384615386
0.1422756923076923
0.4115981538461538
0.5357243076923077
0.5976830769230769
0.5494929230769231
0.4478972307692307
0.36340799999999995
0.24637476923076923
0.1802436923076923
0.09387692307692307
-0.012099692307692308
-0.10076123076923077
-0.2090326153846154
-0.26494153846153845
-0.31500923076923076
-0.3536030769230769
-0.34463261538461537
-0.34943076923076927
-0.30416123076923074
-0.23385784615384617
-0.2075723076923077
-0.14999446153846155
-0.08949599999999999
0.0012516923076923076
0.14102399999999998
0.2503384615384615
0.35297723076923077
0.3949089230769231
0.34046030769230773
0.21091015384615383
-0.008970461538461538
-0.2703655384615385
-0.5453206153846154
-0.7743803076923077
-0.8897446153846154
-0.8793138461538462
-0.7142990769230768
-0.42953907692307686
-0.04735569230769231
0.3650769230769231
0.7055372307692307
0.9702701538461539
1.0923101538461537
1.0487095384615384
0.8980892307692306
0.6379458461538461
0.32585723076923073
0.010848
-0.29080984615384614
-0.509856
-0.6437870769230769
-0.6604763076923077
-0.5590892307692308
-0.3917796923076923
-0.14936861538461538
0.10994030769230768
0.36674584615384614
0.5816196923076923
0.6915600000000001
0.7078319999999999
0.6037329230769231
0.42182030769230766
0.208824
-0.04047138461538462
-0.24992123076923078
-0.4030449230769231
-0.4971304615384615
-0.46625538461538457
-0.36215630769230767
-0.20319138461538463
-0.003755076923076923
0.165432
0.31250584615384613
0.40325353846153844
0.43412861538461534
0.43162523076923076
0.3727956923076923
0.28476
0.1856676923076923
0.09429415384615383
0.01981846153846154
-0.029623384615384614
-0.03379569230769231
-0.02023569230769231
0.0008344615384615384
0.03108369230769231
0.04547815384615384
0.04276615384615385
0.014811692307692307
-0.04276615384615385
-0.08699261538461538
-0.13121907692307694
-0.16105107692307694
-0.15124615384615384
-0.1287156923076923
-0.07781353846153846
-0.012934153846153845
0.06321046153846153
0.15228923076923076
0.22008923076923076
0.2574313846153846
0.25451076923076926
0.20632061538461538
0.11557292307692307
-0.0077187692307692304
-0.13601723076923075
-0.24762646153846155
-0.3248141538461538
-0.35798399999999997
-0.34651015384615386
-0.273912
-0.13998092307692306
0.018983999999999997
0.19150892307692308
0.3379569230769231
0.41910830769230767
0.4405956923076923
0.39511753846153846
0.31188
0.19463815384615382
0.05277969230769231
-0.07510153846153846
-0.17252492307692308
-0.2140393846153846
-0.200688
-0.14978584615384616
-0.08636676923076922
-0.029623384615384614
0.017940923076923077
0.037967999999999995
0.03358707692307692
0.012934153846153845
-0.042974769230769226
-0.1097316923076923
-0.16188553846153847
-0.18358153846153846
-0.15416676923076922
-0.09784061538461537
-0.02232184615384615
0.07343261538461537
0.1783661538461538
0.29352184615384613
0.3942830769230769
0.4443507692307692
0.4209858461538461
0.33253292307692306
0.2090326153846154
0.065088
-0.08636676923076922
-0.22989415384615383
-0.3490135384615385
-0.40700861538461536
-0.3809316923076923
-0.26640184615384616
-0.08198584615384615
0.1045163076923077
0.2705741538461538
0.39657784615384617
0.4541556923076923
0.44998338461538456
0.36549415384615386
0.2207150769230769
0.04401784615384615
-0.1449876923076923
-0.3079163076923077
-0.4193169230769231
-0.47126215384615383
-0.45978830769230766
-0.3826006153846154
-0.24554030769230767
-0.07092923076923077
0.10994030769230768
0.273912
0.39052800000000004
0.44643692307692306
0.4374664615384615
0.3748818461538461
0.27704123076923076
0.14018953846153845
-0.008136
-0.13893784615384613
-0.22697353846153845
-0.24908676923076922
-0.2290596923076923
-0.18107815384615383
-0.10806276923076923
-0.025659692307692307
0.06362769230769232
0.14916
0.1990190769230769
0.20632061538461538
0.1777403076923077
0.12204
0.06300184615384616
-0.004798153846153846
-0.08323753846153846
-0.15187199999999998
-0.2021483076923077
-0.22029784615384615
-0.208824
-0.1706473846153846
-0.12099692307692309
-0.08156861538461539
-0.04714707692307692
-0.02524246153846154
-0.006467076923076923
-0.0006258461538461538
-0.01043076923076923
-0.019609846153846155
-0.023782153846153845
-0.009804923076923077
0.015646153846153844
0.04965046153846154
0.07739630769230768
0.09721476923076922
0.10868861538461538
0.10597661538461538
0.08761846153846153
0.04047138461538462
-0.02357353846153846
-0.07635323076923077
-0.10994030769230768
-0.11411261538461538
-0.09784061538461537
-0.07885661538461539
-0.049233230769230765
-0.018358153846153843
0.02211323076923077
0.05194523076923077
0.05507446153846154
0.034630153846153845
-0.014394461538461538
-0.06008123076923077
-0.09784061538461537
-0.12287446153846153
-0.13455692307692307
-0.13643446153846153
-0.1097316923076923
-0.05799507692307692
0.009179076923076922
0.07656184615384615
0.12621230769230768
0.15520984615384617
0.16605784615384614
0.1558356923076923
0.12454338461538461
0.07009476923076922
0.001043076923076923
-0.065088
-0.1151556923076923
-0.12975876923076923
-0.11724184615384614
-0.073224
-0.016897846153846156
0.04047138461538462
0.11265230769230769
0.17023015384615386
0.21174461538461536
0.21341353846153846
0.16188553846153847
0.09387692307692307
0.011265230769230769
-0.06946892307692307
-0.14185846153846154
-0.21466523076923077
-0.26076923076923075
-0.2730775384615384
-0.2422024615384615
-0.1704387692307692
-0.08094276923076923
0.016272
0.10263876923076923
0.17231630769230769
0.21716861538461538
0.2154996923076923
0.17252492307692308
0.09846646153846153
0.010639384615384617
-0.059872615384615385
-0.10535076923076922
-0.12537784615384615
-0.12767261538461538
-0.111192
-0.07009476923076922
-0.013142769230769229
0.045895384615384616
0.09304246153846155
0.11682461538461539
0.11181784615384616
0.09763200000000001
0.07739630769230768
0.05111076923076923
0.02273907692307692
-0.02023569230769231
-0.06154153846153846
-0.084072
-0.08949599999999999
-0.08323753846153846
-0.08448923076923077
-0.09241661538461539
-0.0963803076923077
-0.0892873846153846
-0.07739630769230768
-0.07009476923076922
-0.06571384615384615
-0.06446215384615385
-0.046104
-0.010013538461538461
0.03775938461538462
0.08594953846153845
0.11870215384615385
0.1435273846153846
0.16167692307692308
0.1696043076923077
0.16459753846153846
0.15228923076923076
0.12370892307692308
0.09074769230769231
0.0609156923076923
0.03629907692307692
0.021070153846153846
-0.0008344615384615384
-0.017940923076923077
-0.02211323076923077
-0.003963692307692307
0.029206153846153847
0.06383630769230769
0.09825784615384614
0.12350030769230769
0.13998092307692306
0.14415323076923076
0.13351384615384615
0.10639384615384614
0.045895384615384616
-0.026911384615384615
-0.08469784615384615
-0.12975876923076923
-0.16000799999999998
-0.18483323076923078
-0.19505538461538463
-0.18107815384615383
-0.14603076923076924
-0.08615815384615384
-0.023364923076923075
0.02482523076923077
0.06592246153846154
0.1028473846153846
0.14457046153846154
0.1775316923076923
0.18483323076923078
0.17273353846153844
0.14311015384615386
0.11244369230769231
0.078648
0.037342153846153844
-0.0025033846153846152
-0.0446436923076923
-0.08094276923076923
-0.09387692307692307
-0.08887015384615385
-0.06008123076923077
-0.019192615384615384
0.01814953846153846
0.06821723076923077
0.11745046153846153
0.16105107692307694
0.1842073846153846
0.17231630769230769
0.14436184615384615
0.10764553846153846
0.07572738461538461
0.04422646153846154
0.010013538461538461
-0.018358153846153843
-0.05090215384615384
-0.07343261538461537
-0.07656184615384615
-0.07238953846153846
-0.053405538461538456
-0.026494153846153844
0.014185846153846153
0.07009476923076922
0.11494707692307692
0.154584
0.17231630769230769
0.16230276923076925
0.1424843076923077
0.10889723076923077
0.07384984615384615
0.03650769230769231
-0.010013538461538461
-0.049233230769230765
-0.06404492307692307
-0.06446215384615385
-0.06863446153846153
-0.06446215384615385
-0.05862092307692307
-0.058829538461538454
-0.05799507692307692
-0.05486584615384615
-0.03942830769230769
-0.03212676923076923
-0.028163076923076923
-0.01272553846153846
0.01397723076923077
0.04965046153846154
0.06759138461538462
0.07238953846153846
0.061750153846153844
0.03379569230769231
0.009804923076923077
-0.009804923076923077
-0.02482523076923077
-0.028163076923076923
-0.034630153846153845
-0.026494153846153844
0.0012516923076923076
0.022947692307692308
0.05570030769230769
0.08031692307692308
0.08949599999999999
0.10389046153846154
0.09095630769230768
0.05111076923076923
0.02273907692307692
0.004589538461538461
0.012099692307692308
0.04985907692307692
0.09575446153846154
0.15562707692307692
0.20527753846153846
0.2591003076923077
0.2799618461538461
0.2818393846153846
0.2776670769230769
0.16772676923076923
0.02023569230769231
-0.1028473846153846
-0.2205064615384615
-0.32982092307692307
-0.4134756923076923
-0.46771569230769233
-0.45332123076923075
-0.3536030769230769
-0.1704387692307692
0.04401784615384615
0.2290596923076923
0.3972036923076923
0.5052664615384616
0.5853747692307693
0.5941366153846154
0.49316676923076924
0.3346190769230769
0.10222153846153846
-0.10222153846153846
-0.2628553846153846
-0.38677292307692307
-0.4145187692307692
-0.3957433846153846
-0.2912270769230769
-0.14394461538461537
0.004589538461538461
0.19192615384615386
0.30749907692307693
0.3594443076923077
0.3838523076923077
0.34046030769230773
0.2858030769230769
0.19463815384615382
0.084072
-0.015646153846153844
-0.14999446153846155
-0.24720923076923076
-0.2920615384615385
-0.2937304615384615
-0.2670276923076923
-0.24428861538461538
-0.19526400000000002
-0.12913292307692306
-0.05298830769230769
0.021070153846153846
0.04735569230769231
0.052153846153846155
0.042348923076923076
0.026911384615384615
0.03880246153846154
0.03942830769230769
0.04693846153846153
0.05298830769230769
0.04088861538461538
0.04860738461538461
0.03588184615384615
-0.026285538461538457
-0.10430769230769231
-0.18545907692307692
-0.24512307692307692
-0.2805876923076923
-0.27975323076923075
-0.2236356923076923
-0.13768615384615385
-0.02357353846153846
0.09074769230769231
0.20131384615384615
0.30061476923076924
0.33357600000000004
0.3148006153846154
0.2561796923076923
0.1543753846153846
0.04109723076923077
-0.07969107692307692
-0.18942276923076923
-0.2764153846153846
-0.33607938461538456
-0.31396615384615384
-0.241368
-0.14707384615384617
-0.02524246153846154
0.10055261538461538
0.24658338461538462
0.3698750769230769
0.43621476923076924
0.4408043076923077
0.3826006153846154
0.29227015384615385
0.16418030769230768
0.01940123076923077
-0.10827138461538462
-0.214248
-0.27704123076923076
-0.2868461538461538
-0.2568055384615385
-0.18107815384615383
-0.08094276923076923
0.010639384615384617
0.08636676923076922
0.1356
0.168144
0.17565415384615385
0.14457046153846154
0.09784061538461537
0.03400430769230769
-0.02753723076923077
-0.07197230769230768
-0.10910584615384614
-0.13455692307692307
-0.1635544615384615
-0.1787833846153846
-0.1691870769230769
-0.13768615384615385
-0.08866153846153846
-0.04819015384615385
-0.009596307692307692
0.024616615384615383
0.053614153846153846
0.09325107692307691
0.10889723076923077
0.09137353846153846
0.05090215384615384
-0.002086153846153846
-0.034630153846153845
-0.06341907692307691
-0.086784
-0.10117846153846152
-0.11974523076923077
-0.11995384615384615
-0.10785415384615385
-0.08991323076923076
-0.07155507692307693
-0.0678
-0.055491692307692304
-0.03838523076923077
-0.023782153846153845
0.004172307692307692
0.016063384615384615
0.021487384615384613
0.01940123076923077
-0.0004172307692307692
-0.006049846153846154
-0.013560000000000001
-0.028371692307692306
-0.04380923076923077
-0.06988615384615385
-0.08782707692307692
-0.08344615384615384
-0.06279323076923077
-0.03713353846153846
-0.014603076923076923
0.021696
0.06654830769230768
0.11140061538461538
0.14164984615384615
0.1422756923076923
0.13476553846153844
0.11870215384615385
0.09596307692307693
0.078648
0.051319384615384614
0.022530461538461537
0.0006258461538461538
-0.021278769230769233
-0.029623384615384614
-0.031918153846153846
-0.025659692307692307
0.009179076923076922
0.05069353846153846
0.09429415384615383
0.138312
0.16313723076923078
0.16730953846153845
0.1435273846153846
0.10618523076923077
0.050067692307692306
-0.02086153846153846
-0.08010830769230769
-0.124752
-0.1397723076923077
-0.12808984615384614
-0.08740984615384616
-0.019609846153846155
0.06028984615384615
0.13706030769230768
0.18963138461538462
0.22300984615384614
0.2426196923076923
0.23177169230769232
0.1858763076923077
0.119328
0.04631261538461538
-0.014394461538461538
-0.06362769230769232
-0.1028473846153846
-0.1316363076923077
-0.13893784615384613
-0.11807630769230769
-0.08949599999999999
-0.06300184615384616
-0.05236246153846154
-0.04088861538461538
-0.02273907692307692
-0.0070929230769230765
0.00855323076923077
0.015020307692307692
0.02023569230769231
0.026076923076923077
0.042348923076923076
0.06362769230769232
0.07614461538461538
0.08365476923076923
0.08574092307692306
0.0880356923076923
0.07843938461538462
0.05090215384615384
0.017315076923076923
-0.028788923076923077
-0.06967753846153846
-0.09283384615384616
-0.0988836923076923
-0.07092923076923077
-0.028371692307692306
0.021278769230769233
0.07697907692307693
0.1368516923076923
0.19735015384615384
0.24053353846153847
0.2578486153846154
0.2355267692307692
0.17982646153846152
0.10514215384615383
0.017940923076923077
-0.08094276923076923
-0.18253846153846154
-0.2641070769230769
-0.30332676923076923
-0.29685969230769227
-0.2532590769230769
-0.1792006153846154
-0.08907876923076924
0.01272553846153846
0.11953661538461538
0.21132738461538458
0.2601433846153846
0.2561796923076923
0.21174461538461536
0.13872923076923074
0.052153846153846155
-0.040054153846153843
-0.12788123076923075
-0.19609846153846153
-0.23636123076923077
-0.24449723076923074
-0.21508246153846153
-0.15145476923076923
-0.06821723076923077
0.012934153846153845
0.08782707692307692
0.1570873846153846
0.21153599999999997
0.2411593846153846
0.23510953846153848
0.20193969230769232
0.14811692307692306
0.08740984615384616
0.021696
-0.03921969230769231
-0.09784061538461537
-0.165432
-0.20924123076923076
-0.21925476923076925
-0.1860849230769231
-0.13372246153846154
-0.0717636923076923
0.015228923076923076
0.1028473846153846
0.19568123076923075
0.27328615384615385
0.30854215384615385
0.29227015384615385
0.23385784615384617
0.16230276923076925
0.08782707692307692
0.008344615384615384
-0.06383630769230769
-0.11599015384615384
-0.14561353846153846
-0.12996738461538462
-0.08135999999999999
-0.015020307692307692
0.06425353846153846
0.14060676923076923
0.2157083076923077
0.27140861538461536
0.30666461538461537
0.30937661538461536
0.26452430769230767
0.18942276923076923
0.09283384615384616
0.002712
-0.07948246153846153
-0.15562707692307692
-0.20506892307692307
-0.22593046153846155
-0.20652923076923077
-0.15270646153846154
-0.07739630769230768
0.0025033846153846152
0.06529661538461538
0.11286092307692308
0.15124615384615384
0.1710646153846154
0.1585476923076923
0.11432123076923076
0.04672984615384615
-0.017732307692307693
-0.06905169230769231
-0.10389046153846154
-0.11745046153846153
-0.116616
-0.09909230769230769
-0.07092923076923077
-0.03379569230769231
0.006258461538461538
0.027328615384615382
0.027745846153846152
0.021278769230769233
0.015854769230769228
0.029623384615384614
0.048816000000000005
0.06425353846153846
0.07426707692307692
0.0744756923076923
0.08323753846153846
0.08198584615384615
0.06446215384615385
0.027328615384615382
-0.03129230769230769
-0.07927384615384615
-0.11724184615384614
-0.14957723076923077
-0.1635544615384615
-0.168144
-0.1504116923076923
-0.1045163076923077
-0.04672984615384615
0.02586830769230769
0.09450276923076922
0.1489513846153846
0.19568123076923075
0.2207150769230769
0.2303113846153846
0.20360861538461536
0.14916
0.09158215384615384
0.01710646153846154
-0.040679999999999994
-0.08094276923076923
-0.10764553846153846
-0.1070196923076923
-0.092208
-0.05507446153846154
-0.003963692307692307
0.04380923076923077
0.08720123076923077
0.10994030769230768
0.119328
0.12245723076923076
0.10743692307692307
0.07885661538461539
0.03629907692307692
-0.008136
-0.03921969230769231
-0.06216738461538462
-0.06362769230769232
-0.05194523076923077
-0.035255999999999996
-0.006258461538461538
0.026494153846153844
0.07280676923076923
0.10660246153846153
0.11870215384615385
0.12329169230769231
0.11306953846153844
0.11014892307692307
0.1045163076923077
0.09909230769230769
0.09784061538461537
0.08323753846153846
0.07635323076923077
0.07280676923076923
0.06884307692307692
0.06404492307692307
0.04318338461538461
0.022530461538461537
0.003755076923076923
-0.015854769230769228
-0.03504738461538461
-0.06028984615384615
-0.08323753846153846
-0.10013538461538461
-0.10493353846153847
-0.08720123076923077
-0.06967753846153846
-0.05486584615384615
-0.03984553846153846
-0.04088861538461538
-0.042974769230769226
-0.051528
-0.06154153846153846
-0.07510153846153846
-0.10576799999999999
-0.12913292307692306
-0.14540492307692307
-0.14957723076923077
-0.13372246153846154
-0.1218313846153846
-0.10117846153846152
-0.06988615384615385
-0.029414769230769227
0.01668923076923077
0.042557538461538466
0.05799507692307692
0.05528307692307692
0.045895384615384616
0.03400430769230769
0.007301538461538462
-0.02023569230769231
-0.050067692307692306
-0.06905169230769231
-0.06008123076923077
-0.030875076923076922
0.01397723076923077
0.06571384615384615
0.10535076923076922
0.14018953846153845
0.15228923076923076
0.13393107692307693
0.09533723076923077
0.03045784615384615
-0.03442153846153846
-0.10868861538461538
-0.18066092307692305
-0.2517987692307692
-0.3216849230769231
-0.36799753846153843
-0.39303138461538456
-0.38030584615384616
-0.34275507692307694
-0.2795446153846154
-0.1792006153846154
-0.03275261538461539
0.20047938461538461
0.49817353846153845
0.7193058461538461
0.9110233846153847
1.0480836923076924
1.0987772307692307
1.0985686153846153
0.9081027692307692
0.5910073846153846
0.13184492307692308
-0.36945784615384614
-0.7964935384615384
-1.1999556923076924
-1.4555095384615384
-1.5948646153846153
-1.5235181538461537
-1.182432
-0.6706984615384615
0.021696
0.6934375384615384
1.280689846153846
1.7233716923076923
1.8961052307692308
1.843742769230769
1.4849243076923078
0.8926652307692308
0.18963138461538462
-0.6022726153846154
-1.2717193846153845
-1.7308818461538462
-1.9616104615384615
-1.8840055384615386
-1.5984110769230768
-1.1073304615384616
-0.4618744615384615
0.22989415384615383
0.9510775384615384
1.526230153846154
1.864395692307692
1.9578553846153846
1.8016024615384614
1.475953846153846
0.9771544615384615
0.3573581538461538
-0.28788923076923073
-0.8997581538461538
-1.337016
-1.5917353846153846
-1.670800615384615
-1.5596086153846154
-1.2994652307692307
-0.8849464615384616
-0.3838523076923077
0.12642092307692307
0.5970572307692308
0.9683926153846153
1.2206086153846154
1.3509932307692307
1.3263766153846153
1.150931076923077
0.8377993846153846
0.41994276923076923
-0.04318338461538461
-0.5184092307692307
-0.9433587692307692
-1.279438153846154
-1.4738676923076923
-1.5147563076923078
-1.402729846153846
-1.0925187692307692
-0.6352338461538461
-0.06863446153846153
0.5325950769230768
1.0718658461538462
1.5168424615384615
1.780740923076923
1.8412393846153845
1.6764332307692307
1.2625403076923076
0.6982356923076922
0.05444861538461539
-0.5891298461538461
-1.148219076923077
-1.575046153846154
-1.797638769230769
-1.7853304615384615
-1.5389556923076924
-1.0829224615384616
-0.4948356923076923
0.17231630769230769
0.8442664615384615
1.4060676923076922
1.797012923076923
1.9424178461538462
1.808904
1.4323532307692306
0.8557403076923077
0.1977673846153846
-0.4577021538461538
-1.042451076923077
-1.461768
-1.689158769230769
-1.691244923076923
-1.4571784615384615
-1.0282652307692308
-0.46020553846153844
0.14728246153846153
0.7053286153846154
1.1409175384615384
1.402729846153846
1.4913913846153846
1.3912559999999998
1.1221421538461538
0.7307796923076922
0.2707827692307692
-0.16981292307692308
-0.5471981538461539
-0.8290375384615384
-0.9902972307692307
-1.0459975384615383
-0.9796578461538461
-0.7962849230769231
-0.5409396923076923
-0.252216
0.02273907692307692
0.276624
0.5046406153846154
0.6690295384615385
0.7541446153846154
0.7497636923076922
0.6583901538461538
0.5092301538461538
0.32648307692307693
0.13852061538461538
-0.04401784615384615
-0.21925476923076925
-0.37425600000000003
-0.5121507692307692
-0.599352
-0.6287667692307692
-0.5991433846153846
-0.5021372307692308
-0.3713353846153846
-0.20047938461538461
0.009596307692307692
0.2563883076923077
0.5150713846153846
0.7263987692307693
0.8507335384615384
0.8693003076923077
0.8002486153846153
0.6458732307692308
0.4182738461538461
0.13518276923076925
-0.1704387692307692
-0.43934399999999996
-0.6321046153846154
-0.7251470769230769
-0.7195144615384615
-0.6300184615384615
-0.4681329230769231
-0.24491446153846153
0.0018775384615384615
0.23281476923076924
0.42328061538461537
0.5426086153846154
0.5947624615384616
0.5822455384615384
0.504432
0.39052800000000004
0.2480436923076923
0.09658892307692307
-0.03567323076923076
-0.1341396923076923
-0.18107815384615383
-0.1846246153846154
-0.16251138461538459
-0.12204
-0.078648
-0.03713353846153846
-0.00855323076923077
0.003755076923076923
0.0
-0.02586830769230769
-0.04568676923076923
-0.04172307692307692
-0.015437538461538461
0.02524246153846154
0.06863446153846153
0.116616
0.16188553846153847
0.1927606153846154
0.1881710769230769
0.12642092307692307
0.02232184615384615
-0.10472492307692308
-0.23135446153846154
-0.3440067692307692
-0.43245969230769227
-0.4821101538461538
-0.46667261538461535
-0.3717526153846154
-0.222384
-0.035255999999999996
0.15187199999999998
0.31834707692307695
0.4485230769230769
0.513611076923077
0.5058923076923076
0.40700861538461536
0.2342750769230769
0.026494153846153844
-0.18483323076923078
-0.3686233846153846
-0.5002596923076923
-0.5584633846153846
-0.5365587692307692
-0.43412861538461534
-0.26640184615384616
-0.06550523076923077
0.14561353846153846
0.32982092307692307
0.4518609230769231
0.5096473846153846
0.49358399999999997
0.40742584615384614
0.268488
0.08991323076923076
-0.09074769230769231
-0.2480436923076923
-0.35193415384615384
-0.3913624615384615
-0.3855212307692308
-0.3383741538461538
-0.24720923076923076
-0.12162276923076921
0.024616615384615383
0.16772676923076923
0.268488
0.314592
0.30416123076923074
0.26911384615384615
0.23156307692307693
0.17398523076923075
0.10660246153846153
0.03442153846153846
-0.02086153846153846
-0.04693846153846153
-0.06362769230769232
-0.06425353846153846
-0.07030338461538461
-0.08031692307692308
-0.07593599999999999
-0.06592246153846154
-0.03588184615384615
-0.009804923076923077
0.012308307692307691
0.0448523076923077
0.07781353846153846
0.12329169230769231
0.15646153846153846
0.1666836923076923
0.16334584615384617
0.13476553846153844
0.09512861538461538
0.038176615384615385
-0.037342153846153844
-0.11473846153846154
-0.18858830769230767
-0.2209236923076923
-0.20652923076923077
-0.15208061538461537
-0.059872615384615385
0.043600615384615383
0.15667015384615385
0.2641070769230769
0.3442153846153846
0.3903193846153846
0.3748818461538461
0.3039526153846154
0.20277415384615383
0.07927384615384615
-0.031918153846153846
-0.12266584615384615
-0.18983999999999998
-0.21174461538461536
-0.19004861538461537
-0.11870215384615385
-0.015854769230769228
0.09095630769230768
0.18712800000000002
0.2540935384615385
0.29832
0.31751261538461534
0.2999889230769231
0.2422024615384615
0.13706030769230768
0.009596307692307692
-0.1097316923076923
-0.2021483076923077
-0.26306399999999996
-0.30207507692307695
-0.30290953846153845
-0.24908676923076922
-0.14394461538461537
0.002712
0.1489513846153846
0.2674449230769231
0.344424
0.37050092307692306
0.3615304615384615
0.3008233846153846
0.1794092307692308
0.015646153846153844
-0.15792184615384616
-0.2966510769230769
-0.3848953846153846
-0.41535323076923075
-0.3886504615384615
-0.3216849230769231
-0.21925476923076925
-0.08469784615384615
0.06070707692307692
0.18963138461538462
0.2695310769230769
0.2920615384615385
0.26097784615384617
0.18274707692307693
0.06008123076923077
-0.10514215384615383
-0.27140861538461536
-0.4243236923076923
-0.5415655384615384
-0.5916332307692307
-0.5743181538461538
-0.49045476923076925
-0.3684147692307692
-0.21779446153846155
-0.04130584615384615
0.13330523076923076
0.27975323076923075
0.3711267692307692
0.3913624615384615
0.3652855384615385
0.30019753846153846
0.20486030769230767
0.08761846153846153
-0.047981538461538464
-0.173568
-0.2830910769230769
-0.3479704615384615
-0.3613218461538461
-0.33315876923076926
-0.2734947692307692
-0.19651569230769228
-0.0892873846153846
0.04130584615384615
0.17398523076923075
0.2782929230769231
0.3408775384615384
0.36904061538461536
0.35610646153846154
0.3148006153846154
0.2526332307692308
0.15604430769230768
0.02795446153846154
-0.10368184615384615
-0.21174461538461536
-0.2851772307692308
-0.3291950769230769
-0.34504984615384615
-0.3160523076923077
-0.24449723076923074
-0.12975876923076923
0.015228923076923076
0.16793538461538463
0.2989458461538462
0.38593846153846156
0.43329415384615383
0.4395526153846154
0.4026276923076923
0.3127144615384615
0.18545907692307692
0.044435076923076924
-0.07572738461538461
-0.16021661538461537
-0.2073636923076923
-0.21341353846153846
-0.18858830769230767
-0.12621230769230768
-0.03588184615384615
0.08240307692307691
0.19672430769230767
0.2828824615384615
0.33524492307692305
0.34651015384615386
0.3350363076923077
0.28934953846153844
0.21883753846153844
0.13351384615384615
0.03942830769230769
-0.042557538461538466
-0.10201292307692307
-0.13601723076923075
-0.1462393846153846
-0.1422756923076923
-0.130176
-0.09471138461538461
-0.05277969230769231
-0.011682461538461537
0.01668923076923077
0.027328615384615382
0.03629907692307692
0.042974769230769226
0.05736923076923077
0.06967753846153846
0.07614461538461538
0.07426707692307692
0.06425353846153846
0.052153846153846155
0.02899753846153846
-0.006258461538461538
-0.052571076923076915
-0.10159569230769232
-0.13768615384615385
-0.1614683076923077
-0.18337292307692307
-0.19588984615384614
-0.19171753846153847
-0.16459753846153846
-0.11223507692307692
-0.04276615384615385
0.03838523076923077
0.10868861538461538
0.16438892307692307
0.20715507692307691
0.22968553846153844
0.2236356923076923
0.17481969230769231
0.09053907692307692
-0.009804923076923077
-0.10806276923076923
-0.1867107692307692
-0.24908676923076922
-0.2730775384615384
-0.2578486153846154
-0.2238443076923077
-0.13935507692307691
-0.0609156923076923
0.016897846153846156
0.09950953846153845
0.15374953846153847
0.20965846153846154
0.23844738461538462
0.2422024615384615
0.23385784615384617
0.2021483076923077
0.1656406153846154
0.23010276923076922
0.1802436923076923
0.011265230769230769
-0.06884307692307692
-0.21967199999999998
-0.20047938461538461
-0.18900553846153845
-0.3379569230769231
-0.3896935384615384
-0.477312
-0.34171199999999996
-0.14185846153846154
-0.014811692307692307
0.11223507692307692
0.11348676923076922
0.2872633846153846
0.42077723076923074
0.49817353846153845
0.5019286153846154
0.25054707692307693
0.11244369230769231
-0.06070707692307692
-0.20506892307692307
-0.23782153846153845
-0.41660492307692304
-0.41973415384615387
-0.3890676923076923
-0.3692492307692308
-0.11432123076923076
0.03671630769230769
0.23010276923076922
0.4170221538461538
0.41618769230769226
0.4831532307692308
0.4493575384615385
0.4120153846153846
0.4026276923076923
0.2275993846153846
0.05653476923076922
-0.14144123076923076
-0.2605606153846154
-0.2638984615384615
-0.32502276923076917
-0.3375396923076923
-0.35568923076923076
-0.2997803076923077
-0.09950953846153845
0.027120000000000002
0.1462393846153846
0.2125790769230769
0.2138307692307692
0.3049956923076923
0.3235624615384615
0.3012406153846154
0.2774584615384615
0.15646153846153846
0.10910584615384614
0.07364123076923076
-0.011473846153846154
-0.06696553846153847
-0.17586276923076924
-0.2559710769230769
-0.29581661538461534
-0.3131316923076923
-0.2682793846153846
-0.19150892307692308
-0.058829538461538454
0.03692492307692308
0.13747753846153846
0.2697396923076923
0.3385827692307692
0.42035999999999996
0.4239064615384615
0.33566215384615383
0.2703655384615385
0.1504116923076923
0.03629907692307692
-0.08469784615384615
-0.2532590769230769
-0.33649661538461534
-0.3882332307692308
-0.38531261538461536
-0.31396615384615384
-0.241368
-0.08469784615384615
0.100344
0.2568055384615385
0.37050092307692306
0.4078430769230769
0.4372578461538461
0.40033292307692303
0.29227015384615385
0.15646153846153846
-0.05590892307692308
-0.21320492307692307
-0.31000246153846156
-0.3907366153846154
-0.37425600000000003
-0.3448412307692308
-0.2647329230769231
-0.11348676923076922
-0.0006258461538461538
0.13393107692307693
0.24992123076923078
0.314592
0.3485963076923077
0.2997803076923077
0.2125790769230769
0.09950953846153845
-0.00855323076923077
-0.09325107692307691
-0.1779489230769231
-0.22342707692307692
-0.26723630769230766
-0.26118646153846153
-0.17565415384615385
-0.08824430769230769
0.026494153846153844
0.11056615384615384
0.14686523076923075
0.214248
0.25555384615384613
0.23969907692307693
0.1760713846153846
0.05069353846153846
-0.037967999999999995
-0.06675692307692307
-0.08991323076923076
-0.09950953846153845
-0.12204
-0.11265230769230769
-0.07072061538461538
-0.029832
0.019192615384615384
0.03504738461538461
0.01856676923076923
-0.028163076923076923
-0.06800861538461538
-0.06216738461538462
-0.06133292307692308
-0.037342153846153844
0.0022947692307692304
0.011056615384615385
0.04047138461538462
0.061124307692307686
0.08448923076923077
0.11703323076923078
0.06863446153846153
-0.0012516923076923076
-0.051319384615384614
-0.07635323076923077
-0.05382276923076923
-0.04693846153846153
-0.05653476923076922
-0.06341907692307691
-0.05528307692307692
-0.00855323076923077
0.030040615384615384
0.04422646153846154
0.037342153846153844
0.015646153846153844
0.023990769230769232
0.042348923076923076
0.059038153846153844
0.0609156923076923
0.03421292307692308
0.03859384615384615
0.054240000000000003
0.06550523076923077
0.0961716923076923
0.11807630769230769
0.13372246153846154
0.14039815384615384
0.1449876923076923
0.16021661538461537
0.15291507692307693
0.1136953846153846
0.04839876923076923
-0.02795446153846154
-0.08240307692307691
-0.10347323076923076
-0.09992676923076924
-0.0853236923076923
-0.059872615384615385
-0.010222153846153844
0.06049846153846154
0.13267938461538462
0.17648861538461538
0.17148184615384612
0.1506203076923077
0.1218313846153846
0.07072061538461538
0.006884307692307692
-0.08198584615384615
-0.15520984615384617
-0.18399876923076922
-0.18921415384615384
-0.157296
-0.103056
-0.03838523076923077
0.04130584615384615
0.10931446153846153
0.157296
0.17461107692307692
0.14790830769230767
0.09304246153846155
0.010848
-0.08740984615384616
-0.18525046153846153
-0.2659846153846154
-0.31000246153846156
-0.3148006153846154
-0.27432923076923077
-0.2090326153846154
-0.12037107692307693
-0.013560000000000001
0.08219446153846154
0.16793538461538463
0.22447015384615385
0.23156307692307693
0.19964492307692308
0.12704676923076924
0.021696
-0.07802215384615384
-0.16459753846153846
-0.235944
-0.27558092307692306
-0.2737033846153846
-0.2209236923076923
-0.12913292307692306
-0.013768615384615384
0.08991323076923076
0.17252492307692308
0.23531815384615382
0.26723630769230766
0.27975323076923075
0.2568055384615385
0.20256553846153844
0.12350030769230769
0.031709538461538456
-0.04756430769230769
-0.10159569230769232
-0.12788123076923075
-0.1462393846153846
-0.14394461538461537
-0.12162276923076921
-0.06675692307692307
0.007927384615384614
0.06613107692307692
0.116616
0.1502030769230769
0.16835261538461538
0.1800350769230769
0.16772676923076923
0.1341396923076923
0.0892873846153846
0.02795446153846154
-0.01814953846153846
-0.05111076923076923
-0.07468430769230769
-0.08219446153846154
-0.09283384615384616
-0.07969107692307692
-0.04088861538461538
0.014811692307692307
0.07927384615384615
0.13038461538461538
0.17148184615384612
0.200688
0.22029784615384615
0.22300984615384614
0.19797599999999999
0.1489513846153846
0.09158215384615384
0.03838523076923077
-0.004172307692307692
-0.03400430769230769
-0.05924676923076923
-0.07426707692307692
-0.07843938461538462
-0.06070707692307692
-0.03024923076923077
0.006258461538461538
0.03421292307692308
0.038176615384615385
0.04401784615384615
0.03775938461538462
0.03150092307692308
0.02545107692307692
-0.003755076923076923
-0.042557538461538466
-0.08302892307692307
-0.10201292307692307
-0.10889723076923077
-0.11348676923076922
-0.11327815384615383
-0.10931446153846153
-0.08782707692307692
-0.04276615384615385
0.02357353846153846
0.08845292307692308
0.14081538461538462
0.1804523076923077
0.2154996923076923
0.24074215384615386
0.23782153846153845
0.19213476923076922
0.11411261538461538
0.04547815384615384
-0.015854769230769228
-0.06049846153846154
-0.09262523076923077
-0.12099692307692309
-0.1287156923076923
-0.10910584615384614
-0.06571384615384615
-0.009179076923076922
0.04672984615384615
0.08907876923076924
0.12350030769230769
0.14311015384615386
0.15875630769230767
0.168144
0.14603076923076924
0.08636676923076922
-0.002086153846153846
-0.09137353846153846
-0.16292861538461537
-0.21487384615384614
-0.25200738461538463
-0.26723630769230766
-0.23907323076923076
-0.165432
-0.05611753846153846
0.05820369230769231
0.15124615384615384
0.22530461538461538
0.2818393846153846
0.31667815384615383
0.3195987692307692
0.2768326153846154
0.18712800000000002
0.07551876923076924
-0.03108369230769231
-0.1151556923076923
-0.18316430769230768
-0.23177169230769232
-0.24741784615384615
-0.22780799999999998
-0.17398523076923075
-0.10639384615384614
-0.03609046153846154
0.03045784615384615
0.0826116923076923
0.12683815384615382
0.1614683076923077
0.18545907692307692
0.18253846153846154
0.13893784615384613
0.08073415384615384
0.0070929230769230765
-0.06070707692307692
-0.11098338461538461
-0.1637630769230769
-0.200688
-0.21904615384615383
-0.20277415384615383
-0.14457046153846154
-0.07113784615384615
0.0008344615384615384
0.06425353846153846
0.11306953846153844
0.16084246153846155
0.21028430769230766
0.24303692307692307
0.2436627692307692
0.20486030769230767
0.15541846153846153
0.10430769230769231
0.04756430769230769
-0.016897846153846156
-0.08866153846153846
-0.14603076923076924
-0.17961784615384613
-0.1783661538461538
-0.14853415384615384
-0.1070196923076923
-0.04672984615384615
0.01940123076923077
0.0853236923076923
0.15667015384615385
0.20798953846153845
0.23135446153846154
0.23093723076923076
0.20256553846153844
0.15875630769230767
0.10201292307692307
0.01940123076923077
-0.07426707692307692
-0.16209415384615386
-0.21800307692307694
-0.22447015384615385
-0.19213476923076922
-0.14018953846153845
-0.08866153846153846
-0.03212676923076923
0.03483876923076923
0.10764553846153846
0.16626646153846153
0.1794092307692308
0.1570873846153846
0.11745046153846153
0.06821723076923077
0.024199384615384616
-0.01710646153846154
-0.059664
-0.09971815384615385
-0.12913292307692306
-0.13601723076923075
-0.12829846153846153
-0.12308307692307692
-0.12621230769230768
-0.1314276923076923
-0.13038461538461538
-0.11411261538461538
-0.08949599999999999
-0.07468430769230769
-0.06967753846153846
-0.06133292307692308
-0.04276615384615385
-0.006884307692307692
0.03629907692307692
0.07364123076923076
0.10910584615384614
0.12955015384615384
0.130176
0.12245723076923076
0.09533723076923077
0.04088861538461538
-0.026702769230769228
-0.09053907692307692
-0.13247076923076923
-0.14081538461538462
-0.13184492307692308
-0.111192
-0.08428061538461538
-0.06946892307692307
-0.049233230769230765
-0.035464615384615386
0.030040615384615384
0.11286092307692308
0.21174461538461536
0.3383741538461538
0.40554830769230765
0.5031803076923077
0.5401052307692308
0.536976
0.47877230769230766
0.30332676923076923
0.11891076923076922
-0.09450276923076922
-0.22947692307692308
-0.3650769230769231
-0.44309907692307693
-0.4401784615384615
-0.41994276923076923
-0.25471938461538457
-0.08761846153846153
0.09512861538461538
0.2632726153846154
0.3584012307692308
0.42307199999999995
0.38677292307692307
0.29352184615384613
0.15187199999999998
-0.020652923076923076
-0.18900553846153845
-0.3327415384615385
-0.4193169230769231
-0.4387181538461538
-0.36340799999999995
-0.22280123076923075
-0.06341907692307691
0.08740984615384616
0.18170399999999998
0.23928184615384615
0.26076923076923075
0.20423446153846153
0.11327815384615383
-0.0035464615384615383
-0.0974233846153846
-0.12725538461538463
-0.12120553846153845
-0.092208
-0.07092923076923077
-0.06800861538461538
-0.07197230769230768
-0.07468430769230769
-0.09930092307692308
-0.14728246153846153
-0.17565415384615385
-0.18712800000000002
-0.19004861538461537
-0.17002153846153847
-0.15228923076923076
-0.11223507692307692
-0.05757784615384615
-0.02273907692307692
0.022947692307692308
0.07155507692307693
0.11703323076923078
0.16251138461538459
0.1883796923076923
0.16063384615384615
0.09721476923076922
0.02211323076923077
-0.06988615384615385
-0.1597993846153846
-0.24512307692307692
-0.29685969230769227
-0.2705741538461538
-0.17461107692307692
-0.03296123076923077
0.11870215384615385
0.24658338461538462
0.3442153846153846
0.40575692307692307
0.4036707692307692
0.3275261538461538
0.2056947692307692
0.06946892307692307
-0.05382276923076923
-0.1462393846153846
-0.1994363076923077
-0.1927606153846154
-0.12788123076923075
-0.03942830769230769
0.059872615384615385
0.15771323076923077
0.2422024615384615
0.31083692307692307
0.35151692307692306
0.33962584615384617
0.29456492307692306
0.2330233846153846
0.15917353846153848
0.09658892307692307
0.018983999999999997
-0.051319384615384614
-0.07948246153846153
-0.08240307692307691
-0.06425353846153846
-0.017523692307692306
0.04088861538461538
0.10368184615384615
0.16897846153846155
0.20110523076923076
0.19296923076923078
0.14853415384615384
0.07384984615384615
0.004589538461538461
-0.055491692307692304
-0.11765907692307691
-0.16772676923076923
-0.19693292307692306
-0.1948467692307692
-0.15082892307692305
-0.08156861538461539
-0.02023569230769231
0.030040615384615384
0.06926030769230769
0.09012184615384615
0.10430769230769231
0.08428061538461538
0.037342153846153844
-0.0050067692307692304
-0.04672984615384615
-0.05528307692307692
-0.03755076923076923
-0.011056615384615385
0.03024923076923077
0.07259815384615384
0.11640738461538462
0.15270646153846154
0.17461107692307692
0.1733593846153846
0.1449876923076923
0.09429415384615383
0.031709538461538456
-0.014603076923076923
-0.03942830769230769
-0.05570030769230769
-0.059872615384615385
-0.05820369230769231
-0.04902461538461538
-0.009179076923076922
0.03567323076923076
0.056951999999999996
0.05236246153846154
0.011891076923076923
-0.026702769230769228
-0.040262769230769234
-0.06362769230769232
-0.09137353846153846
-0.11077476923076923
-0.11265230769230769
-0.06550523076923077
0.015020307692307692
0.09700615384615385
0.16251138461538459
0.19964492307692308
0.21779446153846155
0.2138307692307692
0.17899199999999998
0.11703323076923078
0.033169846153846154
-0.05799507692307692
-0.13893784615384613
-0.19505538461538463
-0.20798953846153845
-0.18942276923076923
-0.13998092307692306
-0.07072061538461538
0.015854769230769228
0.127464
0.2261390769230769
0.3114627692307692
0.3550633846153846
0.3369138461538461
0.2789187692307692
0.18545907692307692
0.07384984615384615
-0.04547815384615384
-0.16313723076923078
-0.25200738461538463
-0.28434276923076923
-0.2572227692307692
-0.17982646153846152
-0.07781353846153846
0.025659692307692307
0.12391753846153845
0.20694646153846152
0.2618123076923077
0.2655673846153846
0.21967199999999998
0.13768615384615385
0.04526953846153846
-0.03609046153846154
-0.111192
-0.1656406153846154
-0.20152246153846154
-0.20298276923076922
-0.16480615384615382
-0.11244369230769231
-0.05611753846153846
-0.009804923076923077
0.030875076923076922
0.05173661538461538
0.04839876923076923
0.03755076923076923
0.013142769230769229
-0.03275261538461539
-0.08740984615384616
-0.13935507692307691
-0.17628
-0.19004861538461537
-0.18942276923076923
-0.17023015384615386
-0.13518276923076925
-0.08845292307692308
-0.04380923076923077
-0.016480615384615385
0.0012516923076923076
0.006258461538461538
0.008970461538461538
0.008136
0.008970461538461538
0.010222153846153844
0.011682461538461537
0.034630153846153845
0.06696553846153847
0.11181784615384616
0.15604430769230768
0.1829556923076923
0.1913003076923077
0.1656406153846154
0.12037107692307693
0.06800861538461538
0.011891076923076923
-0.047772923076923074
-0.10994030769230768
-0.14665661538461539
-0.15187199999999998
-0.12767261538461538
-0.08991323076923076
-0.04672984615384615
0.013351384615384614
0.06759138461538462
0.11578153846153846
0.14477907692307693
0.1397723076923077
0.10472492307692308
0.042974769230769226
-0.021696
-0.07238953846153846
-0.10263876923076923
-0.11056615384615384
-0.10055261538461538
-0.06654830769230768
-0.01981846153846154
0.03150092307692308
0.07885661538461539
0.11098338461538461
0.13080184615384613
0.12537784615384615
0.10368184615384615
0.08031692307692308
0.04965046153846154
0.016897846153846156
-0.011473846153846154
-0.027120000000000002
-0.018775384615384614
0.00855323076923077
0.04172307692307692
0.07343261538461537
0.0961716923076923
0.10910584615384614
0.11703323076923078
0.11098338461538461
0.07885661538461539
0.02023569230769231
-0.04902461538461538
-0.11014892307692307
-0.1504116923076923
-0.1691870769230769
-0.17815753846153848
-0.16793538461538463
-0.13747753846153846
-0.08761846153846153
-0.03650769230769231
-0.0016689230769230767
0.020652923076923076
0.018775384615384614
0.0077187692307692304
-0.01272553846153846
-0.03775938461538462
-0.06633969230769231
-0.09909230769230769
-0.11140061538461538
-0.1045163076923077
-0.07802215384615384
-0.04860738461538461
-0.01814953846153846
0.01272553846153846
0.03024923076923077
0.03984553846153846
0.03713353846153846
0.022530461538461537
0.0
-0.023990769230769232
-0.03859384615384615
-0.043392
-0.03650769230769231
-0.021278769230769233
-0.011056615384615385
0.0043809230769230765
0.021904615384615383
0.037967999999999995
0.052153846153846155
0.04547815384615384
0.024408000000000003
0.002086153846153846
-0.018358153846153843
-0.029206153846153847
-0.030040615384615384
-0.03150092307692308
-0.022947692307692308
-0.0002086153846153846
0.03692492307692308
0.07906523076923076
0.10347323076923076
0.111192
0.09909230769230769
0.06967753846153846
0.03442153846153846
-0.003755076923076923
-0.04318338461538461
-0.0771876923076923
-0.09179076923076923
-0.07092923076923077
-0.02482523076923077
0.027745846153846152
0.08636676923076922
0.14018953846153845
0.18775384615384613
0.21967199999999998
0.2205064615384615
0.19651569230769228
0.14603076923076924
0.07697907692307693
0.0033378461538461535
-0.06717415384615384
-0.1205796923076923
-0.16292861538461537
-0.1867107692307692
-0.1785747692307692
-0.14936861538461538
-0.0855323076923077
-0.005215384615384615
0.06946892307692307
0.13768615384615385
0.18149538461538461
0.21091015384615383
0.21800307692307694
0.19442953846153843
0.14665661538461539
0.07030338461538461
-0.008970461538461538
-0.07280676923076923
-0.12099692307692309
-0.14415323076923076
-0.1504116923076923
-0.13080184615384613
-0.07280676923076923
-0.0002086153846153846
0.07927384615384615
0.14415323076923076
0.1883796923076923
0.2138307692307692
0.20652923076923077
0.18274707692307693
0.138312
0.07489292307692308
0.01272553846153846
-0.03504738461538461
-0.056951999999999996
-0.06258461538461538
-0.05820369230769231
-0.04214030769230769
-0.019609846153846155
0.013768615384615384
0.05507446153846154
0.09241661538461539
0.12621230769230768
0.1422756923076923
0.14916
0.15291507692307693
0.14561353846153846
0.13893784615384613
0.12120553846153845
0.0936683076923077
0.07426707692307692
0.059872615384615385
0.05507446153846154
0.045895384615384616
0.02023569230769231
-0.0033378461538461535
-0.01668923076923077
-0.02044430769230769
-0.02357353846153846
-0.037967999999999995
-0.05194523076923077
-0.05716061538461538
-0.042348923076923076
-0.006049846153846154
0.033169846153846154
0.06800861538461538
0.07677046153846154
0.06967753846153846
0.06529661538461538
0.04965046153846154
0.02044430769230769
-0.02357353846153846
-0.0717636923076923
-0.10681107692307691
-0.1151556923076923
-0.09971815384615385
-0.07259815384615384
-0.04965046153846154
-0.031709538461538456
-0.0043809230769230765
0.026911384615384615
0.05048492307692308
0.056951999999999996
0.05194523076923077
0.026076923076923077
-0.0006258461538461538
-0.0077187692307692304
-0.007301538461538462
-0.0014603076923076922
-0.007927384615384614
-0.018358153846153843
-0.013768615384615384
-0.0077187692307692304
0.0022947692307692304
0.006675692307692307
-0.007510153846153846
-0.011265230769230769
-0.01668923076923077
-0.013142769230769229
-0.016063384615384615
-0.04756430769230769
-0.0853236923076923
-0.13622584615384614
-0.13706030769230768
-0.09116492307692307
-0.03045784615384615
0.025033846153846153
0.06279323076923077
0.11494707692307692
0.18358153846153846
0.2453316923076923
0.32001599999999997
0.39219692307692305
0.2830910769230769
0.1612596923076923
0.07405846153846153
-0.032544
-0.008970461538461538
-0.1397723076923077
-0.27328615384615385
-0.3410861538461538
-0.3717526153846154
-0.17419384615384614
-0.046104
0.07781353846153846
0.1289243076923077
0.17544553846153846
0.35610646153846154
0.41577046153846153
0.45436430769230773
0.29498215384615384
0.03901107692307692
-0.10389046153846154
-0.2828824615384615
-0.3327415384615385
-0.40700861538461536
-0.4971304615384615
-0.4147273846153846
-0.36382523076923073
-0.18942276923076923
0.05653476923076922
0.19338646153846153
0.38426953846153844
0.43704923076923075
0.42494953846153843
0.42933046153846155
0.31396615384615384
0.252216
0.11202646153846153
-0.08135999999999999
-0.22154953846153846
-0.35256
-0.34275507692307694
-0.3252313846153846
-0.32606584615384615
-0.27787569230769227
-0.23782153846153845
-0.09074769230769231
0.065088
0.14206707692307693
0.2261390769230769
0.23469230769230767
0.2624381538461539
0.3114627692307692
0.25471938461538457
0.19672430769230767
0.09053907692307692
-0.03066646153846154
-0.08052553846153847
-0.16856123076923077
-0.23531815384615382
-0.28851507692307693
-0.3327415384615385
-0.30186646153846153
-0.2574313846153846
-0.17398523076923075
-0.07551876923076924
0.04985907692307692
0.19296923076923078
0.2716172307692308
0.3554806153846154
0.3972036923076923
0.39511753846153846
0.3947003076923077
0.2899753846153846
0.1666836923076923
0.037967999999999995
-0.11995384615384615
-0.2157083076923077
-0.31646953846153847
-0.36674584615384614
-0.3410861538461538
-0.28413415384615387
-0.15562707692307692
-0.02795446153846154
0.11244369230769231
0.279336
0.40012430769230767
0.4660467692307692
0.4349630769230769
0.35193415384615384
0.2628553846153846
0.11223507692307692
-0.04568676923076923
-0.22175815384615383
-0.3863556923076923
-0.43809230769230767
-0.4470627692307692
-0.3846867692307692
-0.2641070769230769
-0.14519630769230768
0.03129230769230769
0.1867107692307692
0.30290953846153845
0.3915710769230769
0.40033292307692303
0.36945784615384614
0.2870547692307692
0.16856123076923077
0.04860738461538461
-0.07802215384615384
-0.16063384615384615
-0.22008923076923076
-0.24658338461538462
-0.23364923076923078
-0.22947692307692308
-0.1792006153846154
-0.12370892307692308
-0.07384984615384615
-0.010222153846153844
-0.0006258461538461538
0.018358153846153843
0.05382276923076923
0.06863446153846153
0.08782707692307692
0.07280676923076923
0.05069353846153846
0.051528
0.042557538461538466
0.04088861538461538
0.012934153846153845
-0.03775938461538462
-0.06988615384615385
-0.10347323076923076
-0.111192
-0.10201292307692307
-0.07969107692307692
-0.02586830769230769
0.008344615384615384
0.05820369230769231
0.124752
0.1794092307692308
0.2497126153846154
0.26160369230769226
0.22718215384615387
0.17481969230769231
0.09450276923076922
0.05111076923076923
-0.01043076923076923
-0.09763200000000001
-0.16876984615384616
-0.2207150769230769
-0.20047938461538461
-0.14081538461538462
-0.08177723076923075
-0.027745846153846152
0.009804923076923077
0.06279323076923077
0.11014892307692307
0.124752
0.10514215384615383
0.02545107692307692
-0.06425353846153846
-0.1358086153846154
-0.18879692307692306
-0.19171753846153847
-0.1846246153846154
-0.15562707692307692
-0.086784
-0.003963692307692307
0.11223507692307692
0.2127876923076923
0.25930892307692305
0.25471938461538457
0.20298276923076922
0.14728246153846153
0.09158215384615384
0.03483876923076923
-0.03379569230769231
-0.11411261538461538
-0.15687876923076924
-0.15166338461538462
-0.09012184615384615
-0.0006258461538461538
0.06550523076923077
0.11745046153846153
0.16647507692307692
0.21967199999999998
0.26640184615384616
0.2559710769230769
0.19651569230769228
0.111192
0.014185846153846153
-0.059872615384615385
-0.1368516923076923
-0.20798953846153845
-0.25430215384615384
-0.26786215384615386
-0.21842030769230766
-0.12850707692307692
-0.018358153846153843
0.08073415384615384
0.1489513846153846
0.2021483076923077
0.22801661538461537
0.23344061538461539
0.2140393846153846
0.1476996923076923
0.06341907692307691
-0.02315630769230769
-0.08782707692307692
-0.11494707692307692
-0.1356
-0.14123261538461537
-0.1356
-0.1287156923076923
-0.09012184615384615
-0.03358707692307692
0.026494153846153844
0.07280676923076923
0.09596307692307693
0.1218313846153846
0.13998092307692306
0.1424843076923077
0.12808984615384614
0.07927384615384615
0.02545107692307692
-0.026911384615384615
-0.07197230769230768
-0.09408553846153846
-0.124752
-0.14540492307692307
-0.15270646153846154
-0.143736
-0.09596307692307693
-0.04172307692307692
0.013351384615384614
0.06988615384615385
0.11599015384615384
0.16438892307692307
0.19881046153846152
0.2008966153846154
0.18170399999999998
0.14290153846153844
0.09658892307692307
0.046104
-0.00855323076923077
-0.06008123076923077
-0.103056
-0.12558646153846154
-0.12850707692307692
-0.10743692307692307
-0.06738276923076922
-0.027328615384615382
0.014394461538461538
0.04944184615384615
0.07969107692307692
0.11244369230769231
0.12704676923076924
0.12788123076923075
0.10409907692307692
0.05862092307692307
0.02273907692307692
-0.020652923076923076
-0.07009476923076922
-0.12162276923076921
-0.1691870769230769
-0.18337292307692307
-0.1710646153846154
-0.12767261538461538
-0.06049846153846154
0.015646153846153844
0.10430769230769231
0.19004861538461537
0.2620209230769231
0.29748553846153847
0.29748553846153847
0.26097784615384617
0.19818461538461538
0.132888
0.06133292307692308
-0.005841230769230769
-0.06216738461538462
-0.09491999999999999
-0.09283384615384616
-0.06341907692307691
-0.013560000000000001
0.042348923076923076
0.08949599999999999
0.13476553846153844
0.16459753846153846
0.16897846153846155
0.1462393846153846
0.09179076923076923
0.02482523076923077
-0.04401784615384615
-0.0988836923076923
-0.12287446153846153
-0.1205796923076923
-0.09429415384615383
-0.04672984615384615
0.009804923076923077
0.06592246153846154
0.10493353846153847
0.12767261538461538
0.12433476923076923
0.09158215384615384
0.05027630769230769
0.0012516923076923076
-0.03650769230769231
-0.061124307692307686
-0.073224
-0.06383630769230769
-0.04214030769230769
0.0004172307692307692
0.056951999999999996
0.10764553846153846
0.14415323076923076
0.1506203076923077
0.13622584615384614
0.10660246153846153
0.05736923076923077
0.008136
-0.04318338461538461
-0.078648
-0.09137353846153846
-0.09241661538461539
-0.06633969230769231
-0.02273907692307692
0.03859384615384615
0.10243015384615384
0.146448
0.1612596923076923
0.13998092307692306
0.092208
0.027120000000000002
-0.05090215384615384
-0.13267938461538462
-0.19693292307692306
-0.2355267692307692
-0.24199384615384617
-0.21904615384615383
-0.165432
-0.08156861538461539
0.012308307692307691
0.10243015384615384
0.16730953846153845
0.19755876923076923
0.19004861538461537
0.14665661538461539
0.07572738461538461
-0.007927384615384614
-0.08615815384615384
-0.15374953846153847
-0.2021483076923077
-0.22551323076923077
-0.22530461538461538
-0.19463815384615382
-0.14081538461538462
-0.078648
-0.01397723076923077
0.029623384615384614
0.059664
0.08365476923076923
0.09158215384615384
0.09283384615384616
0.06738276923076922
0.03275261538461539
0.008344615384615384
-0.006675692307692307
-0.006049846153846154
-0.015020307692307692
-0.02524246153846154
-0.034630153846153845
-0.04130584615384615
-0.028163076923076923
-0.004172307692307692
0.019609846153846155
0.037967999999999995
0.05653476923076922
0.08448923076923077
0.11035753846153845
0.127464
0.14936861538461538
0.15938215384615384
0.16084246153846155
0.15750461538461538
0.14561353846153846
0.13226215384615383
0.09992676923076924
0.05653476923076922
0.006884307692307692
-0.03921969230769231
-0.06654830769230768
-0.08198584615384615
-0.0897046153846154
-0.08782707692307692
-0.06988615384615385
-0.025033846153846153
0.03692492307692308
0.09450276923076922
0.13247076923076923
0.14749107692307692
0.15416676923076922
0.15395815384615386
0.13226215384615383
0.08073415384615384
-0.001043076923076923
-0.08448923076923077
-0.15082892307692305
-0.1940123076923077
-0.21028430769230766
-0.2209236923076923
-0.21487384615384614
-0.18337292307692307
-0.12391753846153845
-0.03713353846153846
0.04631261538461538
0.11745046153846153
0.16501476923076921
0.1913003076923077
0.20110523076923076
0.17961784615384613
0.13518276923076925
0.0826116923076923
0.015228923076923076
-0.05382276923076923
-0.1045163076923077
-0.14039815384615384
-0.15646153846153846
-0.17544553846153846
-0.18545907692307692
-0.16772676923076923
-0.13309661538461537
-0.07969107692307692
-0.03775938461538462
-0.017315076923076923
-0.0043809230769230765
0.008136
0.035255999999999996
0.05653476923076922
0.05111076923076923
0.02795446153846154
-0.005841230769230769
-0.024616615384615383
-0.03692492307692308
-0.05298830769230769
-0.07009476923076922
-0.08031692307692308
-0.07489292307692308
-0.05277969230769231
-0.031918153846153846
-0.025033846153846153
-0.037967999999999995
-0.06216738461538462
-0.06195876923076923
-0.06279323076923077
-0.03713353846153846
-0.007927384615384614
0.04714707692307692
0.12934153846153845
0.2912270769230769
0.47877230769230766
0.4781464615384615
0.5083956923076923
0.4606227692307692
0.36299076923076923
0.2916443076923077
0.05194523076923077
-0.15500123076923078
-0.4072172307692307
-0.5494929230769231
-0.5626356923076923
-0.5951796923076923
-0.49921661538461537
-0.4276615384615384
-0.24199384615384617
0.009387692307692307
0.22843384615384613
0.5086043076923077
0.6006036923076923
0.6260547692307692
0.5960141538461537
0.43433723076923075
0.30833353846153844
0.07843938461538462
-0.13810338461538463
-0.29227015384615385
-0.5144455384615384
-0.558672
-0.5154886153846154
-0.4345458461538461
-0.2526332307692308
-0.14123261538461537
0.006884307692307692
0.13768615384615385
0.24574892307692306
0.4011673846153846
0.452904
0.4539470769230769
0.4182738461538461
0.371544
0.35568923076923076
0.2424110769230769
0.09387692307692307
-0.08490646153846154
-0.2853858461538461
-0.368832
-0.4345458461538461
-0.4660467692307692
-0.44351630769230765
-0.42494953846153843
-0.29727692307692305
-0.12767261538461538
0.03942830769230769
0.2411593846153846
0.3782196923076923
0.5046406153846154
0.6250116923076923
0.6696553846153845
0.6519230769230768
0.49984246153846157
0.27704123076923076
0.03066646153846154
-0.23010276923076922
-0.4268270769230769
-0.5814110769230769
-0.6233427692307691
-0.5893384615384615
-0.500676923076923
-0.2582658461538461
0.009596307692307692
0.27704123076923076
0.5186178461538461
0.6490024615384615
0.7314055384615383
0.7178455384615384
0.6233427692307691
0.4746
0.22634769230769228
-0.014394461538461538
-0.21487384615384614
-0.38677292307692307
-0.49817353846153845
-0.561384
-0.5413569230769231
-0.4456024615384615
-0.2891409230769231
-0.08469784615384615
0.11557292307692307
0.3294036923076923
0.4987993846153846
0.5743181538461538
0.5972658461538461
0.5192436923076923
0.37363015384615383
0.20632061538461538
-0.005424
-0.16292861538461537
-0.27599815384615384
-0.3646596923076923
-0.3907366153846154
-0.41368430769230763
-0.38990215384615384
-0.31000246153846156
-0.20694646153846152
-0.08636676923076922
0.003963692307692307
0.08323753846153846
0.1316363076923077
0.16438892307692307
0.20173107692307693
0.19338646153846153
0.16021661538461537
0.084072
-0.009804923076923077
-0.07218092307692307
-0.14144123076923076
-0.19797599999999999
-0.24282830769230768
-0.29080984615384614
-0.2891409230769231
-0.2497126153846154
-0.19672430769230767
-0.13726892307692307
-0.09283384615384616
-0.024408000000000003
0.07531015384615385
0.17148184615384612
0.24866953846153847
0.2870547692307692
0.29456492307692306
0.2830910769230769
0.24992123076923078
0.21111876923076925
0.14582215384615385
0.06425353846153846
-0.016897846153846156
-0.10618523076923077
-0.14519630769230768
-0.1635544615384615
-0.15750461538461538
-0.11223507692307692
-0.0880356923076923
-0.029623384615384614
0.04860738461538461
0.1178676923076923
0.18900553846153845
0.21132738461538458
0.20339999999999997
0.18066092307692305
0.12996738461538462
0.08448923076923077
0.03379569230769231
-0.03233538461538461
-0.08574092307692306
-0.119328
-0.10430769230769231
-0.073224
-0.040054153846153843
0.0022947692307692304
0.027328615384615382
0.06216738461538462
0.07969107692307692
0.08135999999999999
0.08365476923076923
0.06613107692307692
0.06759138461538462
0.08323753846153846
0.10368184615384615
0.14853415384615384
0.18545907692307692
0.21174461538461536
0.23093723076923076
0.23969907692307693
0.24679199999999998
0.22822523076923076
0.1800350769230769
0.10347323076923076
0.006258461538461538
-0.08448923076923077
-0.154584
-0.19317784615384614
-0.21529107692307692
-0.2194633846153846
-0.168144
-0.08302892307692307
0.017940923076923077
0.1207883076923077
0.19004861538461537
0.24720923076923076
0.2647329230769231
0.233232
0.17461107692307692
0.06279323076923077
-0.06383630769230769
-0.17961784615384613
-0.279336
-0.3408775384615384
-0.3744646153846154
-0.3684147692307692
-0.3179298461538461
-0.23364923076923078
-0.12266584615384615
-0.003963692307692307
0.11411261538461538
0.21842030769230766
0.2858030769230769
0.3133403076923077
0.2891409230769231
0.21466523076923077
0.11181784615384616
-0.011682461538461537
-0.119328
-0.20965846153846154
-0.28017046153846153
-0.29685969230769227
-0.2751636923076923
-0.21237046153846154
-0.12037107692307693
-0.026285538461538457
0.07510153846153846
0.1597993846153846
0.2090326153846154
0.22467876923076924
0.2073636923076923
0.1656406153846154
0.10493353846153847
0.04193169230769231
-0.014394461538461538
-0.06717415384615384
-0.09909230769230769
-0.12704676923076924
-0.1543753846153846
-0.16480615384615382
-0.17461107692307692
-0.16730953846153845
-0.15103753846153847
-0.14519630769230768
-0.1316363076923077
-0.12016246153846154
-0.09471138461538461
-0.040679999999999994
0.009179076923076922
0.05236246153846154
0.08010830769230769
0.09450276923076922
0.10368184615384615
0.08866153846153846
0.055491692307692304
0.0035464615384615383
-0.05528307692307692
-0.10389046153846154
-0.14394461538461537
-0.15604430769230768
-0.15625292307692307
-0.14290153846153844
-0.09971815384615385
-0.05236246153846154
0.013351384615384614
0.08511507692307693
0.14185846153846154
0.19588984615384614
0.22175815384615383
0.22634769230769228
0.21821169230769227
0.19004861538461537
0.16251138461538459
0.11953661538461538
0.0771876923076923
0.056951999999999996
0.042348923076923076
0.03692492307692308
0.03045784615384615
0.030040615384615384
0.04672984615384615
0.06863446153846153
0.0853236923076923
0.0855323076923077
0.06613107692307692
0.04756430769230769
0.03150092307692308
0.02315630769230769
0.024408000000000003
0.013560000000000001
0.0004172307692307692
-0.015020307692307692
-0.022947692307692308
-0.026285538461538457
-0.03650769230769231
-0.04318338461538461
-0.050067692307692306
-0.053614153846153846
-0.04422646153846154
-0.02858030769230769
-0.01272553846153846
0.0050067692307692304
0.013351384615384614
0.017523692307692306
0.024199384615384616
0.03588184615384615
0.047981538461538464
0.042557538461538466
0.03692492307692308
0.03421292307692308
0.03588184615384615
0.0446436923076923
0.03984553846153846
0.027328615384615382
0.011473846153846154
-0.003129230769230769
-0.014185846153846153
-0.028163076923076923
-0.04672984615384615
-0.07092923076923077
-0.09283384615384616
-0.09784061538461537
-0.092208
-0.08782707692307692
-0.08135999999999999
-0.06988615384615385
-0.04172307692307692
0.004589538461538461
0.06300184615384616
0.11265230769230769
0.13706030769230768
0.12808984615384614
0.08824430769230769
0.03713353846153846
-0.03588184615384615
-0.11828492307692307
-0.20402584615384614
-0.27975323076923075
-0.31688676923076925
-0.3239796923076923
-0.2887236923076923
-0.2261390769230769
-0.13935507692307691
-0.019609846153846155
0.10263876923076923
0.21737723076923077
0.3008233846153846
0.3369138461538461
0.327108923076923
0.27704123076923076
0.20193969230769232
0.100344
-0.02211323076923077
-0.14290153846153844
-0.2507556923076923
-0.32314523076923074
-0.34066892307692304
-0.31813846153846154
-0.2638984615384615
-0.18316430769230768
-0.06946892307692307
0.058829538461538454
0.17690584615384616
0.26932246153846157
0.3137575384615385
0.3252313846153846
0.3081249230769231
0.25972615384615383
0.19755876923076923
0.09825784615384614
-0.021070153846153846
-0.13080184615384613
-0.22280123076923075
-0.2628553846153846
-0.265776
-0.2415766153846154
-0.1846246153846154
-0.10243015384615384
0.0022947692307692304
0.11140061538461538
0.21028430769230766
0.2924787692307692
0.3383741538461538
0.3481790769230769
0.3350363076923077
0.29498215384615384
0.22864246153846152
0.12704676923076924
0.016897846153846156
-0.07510153846153846
-0.15416676923076922
-0.20173107692307693
-0.23114584615384615
-0.2426196923076923
-0.21132738461538458
-0.14290153846153844
-0.026076923076923077
0.11014892307692307
0.23177169230769232
0.3344104615384615
0.3988726153846154
0.42933046153846155
0.40992923076923077
0.32836061538461536
0.19693292307692306
0.042974769230769226
-0.103056
-0.21195323076923075
-0.2799618461538461
-0.31751261538461534
-0.3131316923076923
-0.2647329230769231
-0.17169046153846151
-0.05486584615384615
0.07134646153846153
0.18170399999999998
0.2540935384615385
0.29352184615384613
0.2995716923076923
0.2837169230769231
0.23093723076923076
0.13664307692307692
0.03108369230769231
-0.07238953846153846
-0.1558356923076923
-0.21716861538461538
-0.25555384615384613
-0.2659846153846154
-0.2497126153846154
-0.18900553846153845
-0.10263876923076923
-0.005841230769230769
0.07781353846153846
0.12808984615384614
0.1597993846153846
0.1733593846153846
0.17315076923076922
0.15374953846153847
0.11265230769230769
0.07134646153846153
0.03901107692307692
0.02023569230769231
0.014603076923076923
0.009596307692307692
0.006049846153846154
0.003129230769230769
0.003963692307692307
0.01814953846153846
0.04214030769230769
0.04756430769230769
0.042557538461538466
0.04819015384615385
0.04985907692307692
0.03713353846153846
0.003755076923076923
-0.07739630769230768
-0.14999446153846155
-0.16459753846153846
-0.14853415384615384
-0.06675692307692307
0.03838523076923077
0.1570873846153846
0.3087507692307692
0.4449766153846154
0.5772387692307692
0.6523403076923077
0.6116603076923077
0.45791076923076923
0.2572227692307692
0.09512861538461538
-0.09158215384615384
-0.24199384615384617
-0.3675803076923077
-0.4896203076923077
-0.4633347692307692
-0.3615304615384615
-0.16418030769230768
0.04756430769230769
0.2021483076923077
0.376968
0.47918953846153844
0.5457378461538461
0.5325950769230768
0.38719015384615385
0.16793538461538463
-0.10576799999999999
-0.29769415384615383
-0.4178566153846154
-0.4758516923076923
-0.4485230769230769
-0.387816
-0.2591003076923077
-0.1218313846153846
0.021278769230769233
0.1570873846153846
0.1783661538461538
0.14394461538461537
0.09950953846153845
0.04172307692307692
0.03713353846153846
0.03629907692307692
0.032544
0.018775384615384614
-0.04819015384615385
-0.08866153846153846
-0.12266584615384615
-0.17377661538461536
-0.24011630769230768
-0.31354892307692306
-0.35047384615384614
-0.3510996923076923
-0.30937661538461536
-0.2563883076923077
-0.2059033846153846
-0.13101046153846155
-0.037967999999999995
0.08177723076923075
0.21612553846153845
0.3187643076923077
0.3826006153846154
0.39699507692307695
0.3419206153846154
0.25451076923076926
0.11911938461538461
-0.08073415384615384
-0.2716172307692308
-0.43704923076923075
-0.5215384615384615
-0.5048492307692307
-0.41910830769230767
-0.2503384615384615
-0.046104
0.17398523076923075
0.3917796923076923
0.5640959999999999
0.6588073846153846
0.6462904615384615
0.5547083076923077
0.41034646153846155
0.23010276923076922
0.04318338461538461
-0.13706030769230768
-0.2849686153846154
-0.3692492307692308
-0.38426953846153844
-0.31000246153846156
-0.16710092307692306
-0.0014603076923076922
0.1846246153846154
0.3542289230769231
0.4866996923076923
0.5632615384615385
0.5476153846153846
0.4620830769230769
0.3392086153846154
0.1802436923076923
0.008970461538461538
-0.13852061538461538
-0.2557624615384615
-0.3152178461538461
-0.3039526153846154
-0.24178523076923078
-0.1422756923076923
-0.028788923076923077
0.06258461538461538
0.12850707692307692
0.17252492307692308
0.17982646153846152
0.1696043076923077
0.1218313846153846
0.03984553846153846
-0.03963692307692308
-0.11056615384615384
-0.146448
-0.14707384615384617
-0.12975876923076923
-0.11265230769230769
-0.09262523076923077
-0.073224
-0.0678
-0.07593599999999999
-0.10514215384615383
-0.13747753846153846
-0.15875630769230767
-0.16981292307692308
-0.14853415384615384
-0.10055261538461538
-0.056951999999999996
-0.0025033846153846152
0.06154153846153846
0.12099692307692309
0.16334584615384617
0.154584
0.09387692307692307
-0.0022947692307692304
-0.12558646153846154
-0.2532590769230769
-0.3669544615384615
-0.45457292307692304
-0.4946270769230769
-0.47418276923076924
-0.38719015384615385
-0.2436627692307692
-0.05319692307692307
0.13914646153846155
0.29331323076923077
0.40387938461538464
0.43809230769230767
0.39991569230769225
0.2997803076923077
0.14290153846153844
-0.026285538461538457
-0.18650215384615382
-0.30520430769230766
-0.3571495384615384
-0.35005661538461535
-0.2757895384615385
-0.1449876923076923
0.017315076923076923
0.19797599999999999
0.3652855384615385
0.48398769230769234
0.5334295384615384
0.5025544615384615
0.40638276923076927
0.24762646153846155
0.05820369230769231
-0.12704676923076924
-0.28893230769230765
-0.3836436923076923
-0.4222375384615385
-0.40325353846153844
-0.31834707692307695
-0.19797599999999999
-0.04214030769230769
0.11536430769230768
0.23239753846153846
0.30854215384615385
0.3212676923076923
0.2734947692307692
0.19338646153846153
0.08052553846153847
-0.03483876923076923
-0.130176
-0.1992276923076923
-0.21967199999999998
-0.19547261538461536
-0.14185846153846154
-0.0744756923076923
-0.002086153846153846
0.059038153846153844
0.09679753846153846
0.11098338461538461
0.0936683076923077
0.056951999999999996
0.014394461538461538
-0.04047138461538462
-0.08782707692307692
-0.11202646153846153
-0.11411261538461538
-0.07781353846153846
-0.026285538461538457
0.03233538461538461
0.09784061538461537
0.14916
0.1794092307692308
0.15750461538461538
0.09158215384615384
-0.0022947692307692304
-0.1097316923076923
-0.20986707692307693
-0.2962338461538461
-0.32982092307692307
-0.31041969230769234
-0.22989415384615383
-0.08782707692307692
0.07364123076923076
0.2357353846153846
0.3642424615384615
0.4476886153846154
0.48857723076923076
0.47126215384615383
0.3984553846153846
0.27787569230769227
0.12204
-0.03609046153846154
-0.16647507692307692
-0.2438713846153846
-0.26118646153846153
-0.23281476923076924
-0.154584
-0.04526953846153846
0.09533723076923077
0.23949046153846154
0.3385827692307692
0.3955347692307692
0.3819747692307692
0.31188
0.21654276923076923
0.09554584615384615
-0.01940123076923077
-0.12934153846153845
-0.22551323076923077
-0.27328615384615385
-0.2862203076923077
-0.26348123076923075
-0.22113230769230768
-0.18212123076923076
-0.14164984615384615
-0.10159569230769232
-0.058412307692307694
-0.013768615384615384
0.02753723076923077
0.06028984615384615
0.08657538461538461
0.11494707692307692
0.13601723076923075
0.14582215384615385
0.14060676923076923
0.11077476923076923
0.06967753846153846
0.027120000000000002
-0.012934153846153845
-0.05674338461538461
-0.1028473846153846
-0.1316363076923077
-0.12850707692307692
-0.0936683076923077
-0.044435076923076924
0.009387692307692307
0.06154153846153846
0.11411261538461538
0.1612596923076923
0.20152246153846154
0.22154953846153846
0.20965846153846154
0.17169046153846151
0.10660246153846153
0.040679999999999994
-0.014811692307692307
-0.07009476923076922
-0.11348676923076922
-0.13622584615384614
-0.1353913846153846
-0.10535076923076922
-0.054657230769230764
0.010639384615384617
0.07739630769230768
0.13038461538461538
0.1785747692307692
0.21988061538461537
0.24303692307692307
0.2411593846153846
0.21132738461538458
0.16188553846153847
0.10201292307692307
0.04276615384615385
-0.017523692307692306
-0.06863446153846153
-0.1045163076923077
-0.12662953846153846
-0.10910584615384614
-0.06675692307692307
-0.015228923076923076
0.043600615384615383
0.08824430769230769
0.12099692307692309
0.1504116923076923
0.16271999999999998
0.14582215384615385
0.10514215384615383
0.04652123076923077
-0.0035464615384615383
-0.03650769230769231
-0.06404492307692307
-0.09283384615384616
-0.12391753846153845
-0.14164984615384615
-0.13101046153846155
-0.08699261538461538
-0.03504738461538461
0.01940123076923077
0.07030338461538461
0.10910584615384614
0.14394461538461537
0.17023015384615386
0.18149538461538461
0.168144
0.13330523076923076
0.0897046153846154
0.05319692307692307
0.018358153846153843
-0.012308307692307691
-0.034630153846153845
-0.053614153846153846
-0.054240000000000003
-0.04193169230769231
-0.02524246153846154
-0.012308307692307691
-0.011473846153846154
-0.006884307692307692
0.022947692307692308
0.06446215384615385
0.10117846153846152
0.12621230769230768
0.12808984615384614
0.124752
0.11140061538461538
0.0828203076923077
0.03880246153846154
-0.021487384615384613
-0.07802215384615384
-0.12162276923076921
-0.1397723076923077
-0.13330523076923076
-0.10910584615384614
-0.06884307692307692
-0.021904615384615383
0.03755076923076923
0.11223507692307692
0.18149538461538461
0.23052
0.24992123076923078
0.2453316923076923
0.22676492307692306
0.18858830769230767
0.14311015384615386
0.07843938461538462
0.0014603076923076922
-0.06717415384615384
-0.12308307692307692
-0.14853415384615384
-0.16438892307692307
-0.15520984615384617
-0.11703323076923078
-0.05862092307692307
0.02315630769230769
0.09241661538461539
0.1502030769230769
0.1800350769230769
0.18066092307692305
0.16897846153846155
0.13455692307692307
0.07489292307692308
-0.008761846153846153
-0.10806276923076923
-0.20256553846153844
-0.2722430769230769
-0.30854215384615385
-0.31229723076923077
-0.279336
-0.20819815384615384
-0.11578153846153846
-0.005424
0.10222153846153846
0.1800350769230769
0.22467876923076924
0.24282830769230768
0.23761292307692305
0.21195323076923075
0.16584923076923075
0.09930092307692308
0.01710646153846154
-0.07113784615384615
-0.15416676923076922
-0.21842030769230766
-0.2670276923076923
-0.30374399999999996
-0.31000246153846156
-0.2870547692307692
-0.22676492307692306
-0.14749107692307692
-0.05444861538461539
0.04547815384615384
0.12391753846153845
0.19735015384615384
0.24053353846153847
0.24512307692307692
0.20944984615384615
0.13080184615384613
0.04902461538461538
-0.02795446153846154
-0.0974233846153846
-0.1585476923076923
-0.21883753846153844
-0.25534523076923077
-0.26222953846153846
-0.23844738461538462
-0.1779489230769231
-0.11640738461538462
-0.04088861538461538
0.04944184615384615
0.14081538461538462
0.23218892307692307
0.29227015384615385
0.327108923076923
0.3170953846153846
0.26786215384615386
0.19568123076923075
0.09074769230769231
-0.030875076923076922
-0.1656406153846154
-0.2858030769230769
-0.37091815384615384
-0.40638276923076927
-0.38531261538461536
-0.32085046153846153
-0.23177169230769232
-0.1316363076923077
-0.024616615384615383
0.06926030769230769
0.143736
0.16793538461538463
0.14039815384615384
0.062376
-0.045895384615384616
-0.16334584615384617
-0.2526332307692308
-0.2666104615384615
-0.23907323076923076
-0.13226215384615383
0.008970461538461538
0.1696043076923077
0.35610646153846154
0.4971304615384615
0.6072793846153846
0.6233427692307691
0.5703544615384616
0.471888
0.32085046153846153
0.14290153846153844
-0.08469784615384615
-0.26640184615384616
-0.4147273846153846
-0.48586523076923077
-0.46083138461538464
-0.4024190769230769
-0.25534523076923077
-0.08386338461538462
0.09179076923076923
0.2507556923076923
0.33482769230769227
0.3538116923076923
0.3008233846153846
0.19296923076923078
0.05194523076923077
-0.1045163076923077
-0.24199384615384617
-0.3210590769230769
-0.32669169230769235
-0.26118646153846153
-0.15750461538461538
-0.052153846153846155
0.04401784615384615
0.12329169230769231
0.17565415384615385
0.1733593846153846
0.14102399999999998
0.09930092307692308
0.06675692307692307
0.06759138461538462
0.07113784615384615
0.08010830769230769
0.08365476923076923
0.06633969230769231
0.040054153846153843
-0.0025033846153846152
-0.04672984615384615
-0.08156861538461539
-0.10514215384615383
-0.12725538461538463
-0.15562707692307692
-0.1867107692307692
-0.20486030769230767
-0.19964492307692308
-0.1948467692307692
-0.1691870769230769
-0.1097316923076923
-0.01856676923076923
0.09658892307692307
0.21049292307692305
0.29352184615384613
0.2995716923076923
0.2574313846153846
0.16876984615384616
0.04214030769230769
-0.09784061538461537
-0.25847446153846154
-0.37196123076923077
-0.4015846153846154
-0.3548547692307692
-0.233232
-0.0744756923076923
0.10076123076923077
0.2891409230769231
0.44330769230769224
0.5357243076923077
0.5634701538461538
0.5209126153846153
0.42015138461538465
0.27558092307692306
0.11411261538461538
-0.03108369230769231
-0.146448
-0.2342750769230769
-0.28663753846153844
-0.2906012307692308
-0.24616615384615384
-0.1489513846153846
-0.016897846153846156
0.10409907692307692
0.20110523076923076
0.28121353846153846
0.3350363076923077
0.34984799999999994
0.31104553846153843
0.2125790769230769
0.09471138461538461
-0.017940923076923077
-0.1028473846153846
-0.14457046153846154
-0.154584
-0.119328
-0.054657230769230764
0.01981846153846154
0.084072
0.12224861538461537
0.1422756923076923
0.13247076923076923
0.11098338461538461
0.08615815384615384
0.05611753846153846
0.03567323076923076
0.018775384615384614
0.023782153846153845
0.04380923076923077
0.04652123076923077
0.034630153846153845
0.0077187692307692304
-0.03504738461538461
-0.07677046153846154
-0.11619876923076923
-0.154584
-0.18086953846153844
-0.206112
-0.2154996923076923
-0.2008966153846154
-0.16480615384615382
-0.10472492307692308
-0.04088861538461538
0.02482523076923077
0.08073415384615384
0.13351384615384615
0.18212123076923076
0.1992276923076923
0.18379015384615385
0.11703323076923078
0.014603076923076923
-0.07927384615384615
-0.1704387692307692
-0.24053353846153847
-0.2791273846153846
-0.301032
-0.26723630769230766
-0.1867107692307692
-0.07572738461538461
0.05653476923076922
0.16897846153846155
0.26619323076923074
0.33524492307692305
0.3752990769230769
0.37738523076923075
0.3275261538461538
0.24470584615384613
0.14206707692307693
0.049233230769230765
-0.02482523076923077
-0.08177723076923075
-0.10555938461538462
-0.1045163076923077
-0.08344615384615384
-0.03212676923076923
0.02524246153846154
0.08135999999999999
0.132888
0.1656406153846154
0.1881710769230769
0.20110523076923076
0.20632061538461538
0.19985353846153847
0.18253846153846154
0.14832553846153845
0.1207883076923077
0.12433476923076923
0.14290153846153844
0.17690584615384616
0.19985353846153847
0.200688
0.19463815384615382
0.17732307692307692
0.13706030769230768
0.06967753846153846
-0.021696
-0.111192
-0.17648861538461538
-0.22134092307692307
-0.22947692307692308
-0.20861538461538462
-0.16334584615384617
-0.08490646153846154
0.009179076923076922
0.09554584615384615
0.16021661538461537
0.1860849230769231
0.168144
0.12016246153846154
0.03650769230769231
-0.06154153846153846
-0.16480615384615382
-0.25951753846153847
-0.3243969230769231
-0.35339446153846155
-0.32606584615384615
-0.25930892307692305
-0.15917353846153848
-0.040679999999999994
0.06675692307692307
0.16835261538461538
0.23677846153846152
0.27412061538461535
0.265776
0.20027076923076922
0.11640738461538462
0.011265230769230769
-0.09179076923076923
-0.18253846153846154
-0.25930892307692305
-0.29644246153846154
-0.2947735384615384
-0.24491446153846153
-0.16418030769230768
-0.073224
0.022947692307692308
0.100344
0.15875630769230767
0.1869193846153846
0.1794092307692308
0.15354092307692307
0.10618523076923077
0.059664
0.026285538461538457
-0.004589538461538461
-0.024199384615384616
-0.04714707692307692
-0.06592246153846154
-0.07343261538461537
-0.09095630769230768
-0.11077476923076923
-0.13476553846153844
-0.1585476923076923
-0.16981292307692308
-0.16084246153846155
-0.12767261538461538
-0.07656184615384615
-0.010639384615384617
0.06633969230769231
0.13914646153846155
0.2021483076923077
0.24428861538461538
0.2438713846153846
0.20673784615384616
0.12558646153846154
0.019609846153846155
-0.08344615384615384
-0.18775384615384613
-0.2814221538461538
-0.35798399999999997
-0.40095876923076923
-0.3903193846153846
-0.330864
-0.22947692307692308
-0.10597661538461538
0.020027076923076922
0.13998092307692306
0.24011630769230768
0.30019753846153846
0.3137575384615385
0.2751636923076923
0.19442953846153843
0.09429415384615383
-0.012308307692307691
-0.11327815384615383
-0.20632061538461538
-0.26494153846153845
-0.27850153846153847
-0.2438713846153846
-0.1585476923076923
-0.05486584615384615
0.050067692307692306
0.1449876923076923
0.2154996923076923
0.2647329230769231
0.28267384615384616
0.26723630769230766
0.22801661538461537
0.17085599999999998
0.11035753846153845
0.05027630769230769
0.0018775384615384615
-0.037967999999999995
-0.07656184615384615
-0.10409907692307692
-0.11724184615384614
-0.10639384615384614
-0.08490646153846154
-0.07697907692307693
-0.06926030769230769
-0.053614153846153846
-0.023990769230769232
0.02357353846153846
0.06926030769230769
0.10409907692307692
0.11974523076923077
0.12788123076923075
0.13330523076923076
0.12996738461538462
0.11432123076923076
0.08636676923076922
0.06133292307692308
0.03275261538461539
0.010639384615384617
-0.018358153846153843
-0.06362769230769232
-0.09533723076923077
-0.12329169230769231
-0.13372246153846154
-0.11202646153846153
-0.07593599999999999
-0.02795446153846154
0.01940123076923077
0.07489292307692308
0.13893784615384613
0.19839323076923077
0.24428861538461538
0.2638984615384615
0.25701415384615384
0.21883753846153844
0.15833907692307692
0.08156861538461539
-0.01397723076923077
-0.11578153846153846
-0.21111876923076925
-0.2751636923076923
-0.28955815384615385
-0.26619323076923074
-0.21320492307692307
-0.13852061538461538
-0.04109723076923077
0.08302892307692307
0.21487384615384614
0.3158436923076923
0.36799753846153843
0.3752990769230769
0.34046030769230773
0.27787569230769227
0.1873366153846154
0.065088
-0.07009476923076922
-0.19568123076923075
-0.2799618461538461
-0.31396615384615384
-0.30833353846153844
-0.27140861538461536
-0.21842030769230766
-0.13852061538461538
-0.03713353846153846
0.06633969230769231
0.15833907692307692
0.22113230769230768
0.254928
0.26097784615384617
0.2415766153846154
0.20339999999999997
0.13622584615384614
0.042974769230769226
-0.047981538461538464
-0.12642092307692307
-0.16730953846153845
-0.1783661538461538
-0.17085599999999998
-0.1358086153846154
-0.08448923076923077
-0.004798153846153846
0.08240307692307691
0.15625292307692307
0.20173107692307693
0.21508246153846153
0.21445661538461538
0.2059033846153846
0.20047938461538461
0.18149538461538461
0.14519630769230768
0.10389046153846154
0.06300184615384616
0.03233538461538461
0.003755076923076923
-0.037342153846153844
-0.08636676923076922
-0.1397723076923077
-0.18107815384615383
-0.20235692307692305
-0.2075723076923077
-0.1948467692307692
-0.16856123076923077
-0.12642092307692307
-0.06446215384615385
0.008761846153846153
0.07405846153846153
0.11098338461538461
0.11348676923076922
0.09679753846153846
0.07238953846153846
0.038176615384615385
-0.018983999999999997
-0.09283384615384616
-0.15875630769230767
-0.20694646153846152
-0.22196676923076922
-0.1994363076923077
-0.1570873846153846
-0.09992676923076924
-0.02858030769230769
0.06195876923076923
0.16334584615384617
0.24574892307692306
0.29832
0.3156350769230769
0.3062473846153846
0.276624
0.23907323076923076
0.18316430769230768
0.10493353846153847
0.029623384615384614
-0.031918153846153846
-0.06195876923076923
-0.065088
-0.045060923076923075
-0.02273907692307692
-0.005841230769230769
0.012308307692307691
0.023782153846153845
0.03984553846153846
0.041514461538461535
0.028163076923076923
0.01710646153846154
0.01668923076923077
0.03129230769230769
0.05382276923076923
0.07009476923076922
0.07092923076923077
0.06028984615384615
0.04631261538461538
0.022530461538461537
-0.023364923076923075
-0.08052553846153847
-0.12996738461538462
-0.1612596923076923
-0.17023015384615386
-0.15374953846153847
-0.13184492307692308
-0.11265230769230769
-0.09179076923076923
-0.06800861538461538
-0.05236246153846154
-0.03379569230769231
-0.026494153846153844
0.007510153846153846
0.053614153846153846
0.15187199999999998
0.3379569230769231
0.35464615384615383
0.3757163076923077
0.40095876923076923
0.3312812307692308
0.3246055384615385
0.16501476923076921
-0.017315076923076923
-0.22300984615384614
-0.42015138461538465
-0.4539470769230769
-0.5002596923076923
-0.4424732307692308
-0.36904061538461536
-0.23510953846153848
0.04547815384615384
0.28163076923076924
0.5582547692307692
0.7159679999999999
0.7437138461538461
0.7499723076923077
0.5855833846153846
0.4090947692307692
0.1777403076923077
-0.13121907692307694
-0.34004307692307695
-0.5989347692307692
-0.7345347692307692
-0.6907255384615385
-0.6220910769230769
-0.4141015384615384
-0.2238443076923077
-0.03984553846153846
0.1804523076923077
0.33315876923076926
0.5029716923076922
0.584123076923077
0.5353070769230769
0.431208
0.2699483076923077
0.12579507692307693
-0.05298830769230769
-0.2776670769230769
-0.4606227692307692
-0.6229255384615384
-0.663396923076923
-0.6097827692307692
-0.5309261538461538
-0.36403384615384615
-0.19505538461538463
0.007301538461538462
0.2399076923076923
0.3917796923076923
0.5240418461538462
0.5862092307692308
0.570563076923077
0.5611753846153846
0.4743913846153846
0.33899999999999997
0.16105107692307694
-0.061124307692307686
-0.2586830769230769
-0.4453938461538462
-0.576612923076923
-0.6483766153846154
-0.6383630769230769
-0.5415655384615384
-0.41994276923076923
-0.20027076923076922
0.062376
0.2887236923076923
0.49984246153846157
0.5987261538461538
0.6160412307692308
0.5649304615384615
0.41681353846153846
0.2411593846153846
-0.003755076923076923
-0.25555384615384613
-0.44643692307692306
-0.6001864615384616
-0.6746621538461538
-0.6848843076923077
-0.6114516923076924
-0.43016492307692306
-0.19338646153846153
0.065088
0.2920615384615385
0.4896203076923077
0.6558867692307692
0.7207661538461537
0.7168024615384616
0.6233427692307691
0.428496
0.22655630769230767
0.0004172307692307692
-0.19609846153846153
-0.3187643076923077
-0.409512
-0.41431015384615383
-0.36215630769230767
-0.2730775384615384
-0.10910584615384614
0.07280676923076923
0.249504
0.3955347692307692
0.4798153846153846
0.5108990769230769
0.4758516923076923
0.40033292307692303
0.28434276923076923
0.1287156923076923
-0.037967999999999995
-0.20527753846153846
-0.31646953846153847
-0.376968
-0.39991569230769225
-0.35694092307692304
-0.29414769230769233
-0.20047938461538461
-0.05778646153846154
0.06571384615384615
0.16188553846153847
0.21508246153846153
0.22822523076923076
0.2426196923076923
0.22488738461538463
0.17628
0.1045163076923077
0.006884307692307692
-0.07051199999999999
-0.13601723076923075
-0.17565415384615385
-0.18942276923076923
-0.20652923076923077
-0.19839323076923077
-0.19004861538461537
-0.16251138461538459
-0.11494707692307692
-0.07843938461538462
-0.013560000000000001
0.03275261538461539
0.06675692307692307
0.12016246153846154
0.15249784615384615
0.1860849230769231
0.19672430769230767
0.16418030769230768
0.132888
0.08907876923076924
0.04130584615384615
-0.0008344615384615384
-0.05298830769230769
-0.08949599999999999
-0.10827138461538462
-0.09700615384615385
-0.06154153846153846
-0.027745846153846152
0.015228923076923076
0.047981538461538464
0.07969107692307692
0.10743692307692307
0.10848000000000001
0.11181784615384616
0.0988836923076923
0.08198584615384615
0.06884307692307692
0.03775938461538462
0.018775384615384614
0.0043809230769230765
-0.005215384615384615
-0.006675692307692307
-0.005215384615384615
0.010222153846153844
0.022530461538461537
0.026076923076923077
0.02315630769230769
0.011891076923076923
-0.004798153846153846
-0.02524246153846154
-0.03755076923076923
-0.03650769230769231
-0.03650769230769231
-0.03108369230769231
-0.012099692307692308
0.009596307692307692
0.03337846153846154
0.04568676923076923
0.05528307692307692
0.06946892307692307
0.06550523076923077
0.05382276923076923
0.03859384615384615
0.01668923076923077
-0.0014603076923076922
-0.025033846153846153
-0.056951999999999996
-0.0892873846153846
-0.11578153846153846
-0.12558646153846154
-0.10806276923076923
-0.06717415384615384
-0.01668923076923077
0.045895384615384616
0.10263876923076923
0.14164984615384615
0.15938215384615384
0.12788123076923075
0.051528
-0.043392
-0.14686523076923075
-0.2369870769230769
-0.30249230769230767
-0.34630153846153844
-0.33524492307692305
-0.27474646153846155
-0.16897846153846155
-0.027120000000000002
0.10409907692307692
0.21737723076923077
0.29498215384615384
0.3327415384615385
0.3235624615384615
0.2705741538461538
0.18650215384615382
0.06529661538461538
-0.05486584615384615
-0.15103753846153847
-0.21070153846153844
-0.21362215384615382
-0.1783661538461538
-0.119328
-0.03650769230769231
0.0609156923076923
0.16480615384615382
0.249504
0.2999889230769231
0.31104553846153843
0.27412061538461535
0.20256553846153844
0.11536430769230768
0.026285538461538457
-0.06279323076923077
-0.14686523076923075
-0.2021483076923077
-0.21633415384615384
-0.19881046153846152
-0.16501476923076921
-0.12725538461538463
-0.0855323076923077
-0.04318338461538461
-0.0043809230769230765
0.029623384615384614
0.03921969230769231
0.023364923076923075
0.011056615384615385
0.008136
0.016897846153846156
0.03692492307692308
0.04693846153846153
0.05173661538461538
0.052153846153846155
0.04672984615384615
0.0448523076923077
0.03150092307692308
0.008970461538461538
-0.009179076923076922
-0.02044430769230769
-0.004798153846153846
0.032544
0.07739630769230768
0.11745046153846153
0.14060676923076923
0.1570873846153846
0.1710646153846154
0.17002153846153847
0.1543753846153846
0.11974523076923077
0.06613107692307692
0.01981846153846154
-0.01856676923076923
-0.042974769230769226
-0.056951999999999996
-0.06154153846153846
-0.046104
-0.017315076923076923
0.026702769230769228
0.06425353846153846
0.07948246153846153
0.08198584615384615
0.0826116923076923
0.09804923076923076
0.1151556923076923
0.11599015384615384
0.10326461538461539
0.07802215384615384
0.058412307692307694
0.04172307692307692
0.027328615384615382
0.003963692307692307
-0.030875076923076922
-0.05590892307692308
-0.06759138461538462
-0.059664
-0.03984553846153846
-0.00855323076923077
0.031918153846153846
0.08177723076923075
0.13455692307692307
0.18212123076923076
0.21174461538461536
0.19755876923076923
0.14978584615384616
0.08031692307692308
-0.0012516923076923076
-0.07489292307692308
-0.1341396923076923
-0.1760713846153846
-0.19526400000000002
-0.18650215384615382
-0.13998092307692306
-0.06321046153846153
0.02586830769230769
0.10827138461538462
0.17273353846153844
0.21925476923076925
0.23072861538461537
0.2059033846153846
0.14749107692307692
0.056326153846153845
-0.04047138461538462
-0.13267938461538462
-0.20256553846153844
-0.2482523076923077
-0.28788923076923073
-0.2926873846153846
-0.2517987692307692
-0.17586276923076924
-0.07531015384615385
0.022947692307692308
0.1045163076923077
0.15938215384615384
0.18066092307692305
0.1721076923076923
0.124752
0.03650769230769231
-0.061750153846153844
-0.1506203076923077
-0.2154996923076923
-0.24866953846153847
-0.25388492307692306
-0.24011630769230768
-0.20924123076923076
-0.14686523076923075
-0.07259815384615384
0.0043809230769230765
0.07009476923076922
0.10868861538461538
0.1435273846153846
0.1777403076923077
0.20965846153846154
0.2438713846153846
0.25430215384615384
0.23844738461538462
0.21341353846153846
0.1721076923076923
0.1353913846153846
0.09429415384615383
0.03442153846153846
-0.016897846153846156
-0.05528307692307692
-0.06049846153846154
-0.04109723076923077
-0.0077187692307692304
0.042974769230769226
0.09012184615384615
0.14749107692307692
0.20152246153846154
0.24762646153846155
0.27599815384615384
0.25805723076923076
0.21925476923076925
0.15667015384615385
0.06487938461538462
-0.02357353846153846
-0.11745046153846153
-0.21758584615384616
-0.29581661538461534
-0.3440067692307692
-0.33587076923076925
-0.2814221538461538
-0.2021483076923077
-0.09179076923076923
0.028163076923076923
0.14999446153846155
0.25930892307692305
0.33295015384615384
0.35193415384615384
0.3131316923076923
0.2399076923076923
0.14728246153846153
0.04693846153846153
-0.059664
-0.16021661538461537
-0.22300984615384614
-0.24491446153846153
-0.22300984615384614
-0.15541846153846153
-0.07843938461538462
0.0002086153846153846
0.08031692307692308
0.13768615384615385
0.18358153846153846
0.20924123076923076
0.2059033846153846
0.18379015384615385
0.14477907692307693
0.11348676923076922
0.08866153846153846
0.06154153846153846
0.028788923076923077
-0.006049846153846154
-0.026911384615384615
-0.05069353846153846
-0.08094276923076923
-0.11223507692307692
-0.1462393846153846
-0.17148184615384612
-0.18712800000000002
-0.1842073846153846
-0.15124615384615384
-0.10430769230769231
-0.05069353846153846
0.017523692307692306
0.09012184615384615
0.15228923076923076
0.19755876923076923
0.20715507692307691
0.18483323076923078
0.13914646153846155
0.06446215384615385
-0.016480615384615385
-0.10389046153846154
-0.19046584615384615
-0.2509643076923077
-0.2768326153846154
-0.24887815384615386
-0.18149538461538461
-0.09930092307692308
-0.01272553846153846
0.059664
0.10764553846153846
0.13184492307692308
0.14603076923076924
0.14123261538461537
0.11077476923076923
0.06717415384615384
0.016480615384615385
0.012934153846153845
0.008344615384615384
0.06800861538461538
0.15082892307692305
0.08010830769230769
0.08240307692307691
0.04819015384615385
0.012308307692307691
0.023364923076923075
-0.119328
-0.20778092307692309
-0.3437981538461538
-0.37300430769230764
-0.28934953846153844
-0.2753723076923077
-0.19004861538461537
-0.18149538461538461
-0.0717636923076923
0.08720123076923077
0.17690584615384616
0.2951907692307692
0.2138307692307692
0.11578153846153846
0.03483876923076923
-0.0988836923076923
-0.1341396923076923
-0.2426196923076923
-0.2916443076923077
-0.24846092307692308
-0.2757895384615385
-0.165432
-0.059664
0.008970461538461538
0.12391753846153845
0.11557292307692307
0.1341396923076923
0.12683815384615382
0.09158215384615384
0.13643446153846153
0.11306953846153844
0.0828203076923077
0.05048492307692308
0.024199384615384616
0.06133292307692308
0.03379569230769231
-0.009596307692307692
-0.06049846153846154
-0.1316363076923077
-0.10055261538461538
-0.08052553846153847
-0.065088
-0.026285538461538457
-0.02586830769230769
0.035464615384615386
0.09971815384615385
0.1341396923076923
0.1923433846153846
0.20360861538461536
0.21988061538461537
0.24908676923076922
0.21800307692307694
0.16418030769230768
0.04839876923076923
-0.08094276923076923
-0.18879692307692306
-0.2897667692307692
-0.3248141538461538
-0.31834707692307695
-0.23177169230769232
-0.10639384615384614
0.012516923076923077
0.18191261538461537
0.32335384615384616
0.4351716923076923
0.5083956923076923
0.47939815384615386
0.40930338461538457
0.2864289230769231
0.14039815384615384
0.02232184615384615
-0.11223507692307692
-0.1992276923076923
-0.23239753846153846
-0.2424110769230769
-0.20047938461538461
-0.1422756923076923
-0.046104
0.06800861538461538
0.1570873846153846
0.22718215384615387
0.2517987692307692
0.26932246153846157
0.26932246153846157
0.22029784615384615
0.15750461538461538
0.05799507692307692
-0.03942830769230769
-0.09304246153846155
-0.15103753846153847
-0.1656406153846154
-0.15416676923076922
-0.13998092307692306
-0.08824430769230769
-0.06154153846153846
-0.03859384615384615
-0.014603076923076923
0.0012516923076923076
0.021487384615384613
0.026285538461538457
0.04088861538461538
0.04672984615384615
0.06049846153846154
0.08720123076923077
0.09387692307692307
0.09241661538461539
0.06258461538461538
0.005215384615384615
-0.052153846153846155
-0.11390399999999999
-0.14665661538461539
-0.1506203076923077
-0.16021661538461537
-0.13852061538461538
-0.08511507692307693
-0.026494153846153844
0.03483876923076923
0.07092923076923077
0.09930092307692308
0.12913292307692306
0.13226215384615383
0.12099692307692309
0.07593599999999999
0.015646153846153844
-0.04401784615384615
-0.11035753846153845
-0.14164984615384615
-0.1597993846153846
-0.16209415384615386
-0.14978584615384616
-0.14123261538461537
-0.09784061538461537
-0.04401784615384615
0.009804923076923077
0.07072061538461538
0.08344615384615384
0.07426707692307692
0.06028984615384615
0.03942830769230769
0.046104
0.02357353846153846
-0.017315076923076923
-0.04714707692307692
-0.06404492307692307
-0.025033846153846153
0.02482523076923077
0.06926030769230769
0.10201292307692307
0.11202646153846153
0.14185846153846154
0.16188553846153847
0.15875630769230767
0.1358086153846154
0.07635323076923077
0.026494153846153844
-0.0016689230769230767
-0.0070929230769230765
0.018358153846153843
0.04214030769230769
0.07426707692307692
0.12162276923076921
0.1775316923076923
0.24282830769230768
0.27850153846153847
0.26765353846153844
0.21716861538461538
0.14853415384615384
0.09012184615384615
0.02753723076923077
-0.03483876923076923
-0.09909230769230769
-0.15750461538461538
-0.17252492307692308
-0.1543753846153846
-0.09074769230769231
-0.021487384615384613
0.014603076923076923
0.05674338461538461
0.09095630769230768
0.11828492307692307
0.12391753846153845
0.07739630769230768
0.016063384615384615
-0.04985907692307692
-0.11953661538461538
-0.16501476923076921
-0.19505538461538463
-0.20652923076923077
-0.19839323076923077
-0.16584923076923075
-0.09533723076923077
-0.020027076923076922
0.04819015384615385
0.09241661538461539
0.11995384615384615
0.14018953846153845
0.14665661538461539
0.14978584615384616
0.12621230769230768
0.07551876923076924
0.022530461538461537
-0.02273907692307692
-0.05069353846153846
-0.06425353846153846
-0.07134646153846153
-0.06863446153846153
-0.05778646153846154
-0.027120000000000002
0.026702769230769228
0.07426707692307692
0.09700615384615385
0.10055261538461538
0.092208
0.08010830769230769
0.058412307692307694
0.02232184615384615
-0.021070153846153846
-0.06383630769230769
-0.09429415384615383
-0.11181784615384616
-0.1097316923076923
-0.11014892307692307
-0.11640738461538462
-0.11056615384615384
-0.10138707692307691
-0.08240307692307691
-0.0717636923076923
-0.07072061538461538
-0.059038153846153844
-0.042348923076923076
-0.008344615384615384
0.03024923076923077
0.06049846153846154
0.08866153846153846
0.1097316923076923
0.1395636923076923
0.16647507692307692
0.17273353846153844
0.15625292307692307
0.11432123076923076
0.0717636923076923
0.04526953846153846
0.03984553846153846
0.04714707692307692
0.055491692307692304
0.07343261538461537
0.09554584615384615
0.11828492307692307
0.1435273846153846
0.1476996923076923
0.12704676923076924
0.08949599999999999
0.05382276923076923
0.037967999999999995
0.021696
0.005841230769230769
-0.01043076923076923
-0.021696
-0.02524246153846154
-0.03024923076923077
-0.03379569230769231
-0.049233230769230765
-0.06633969230769231
-0.07593599999999999
-0.06800861538461538
-0.05048492307692308
-0.040262769230769234
-0.02586830769230769
-0.009804923076923077
0.01981846153846154
0.056951999999999996
0.08720123076923077
0.10868861538461538
0.10681107692307691
0.09241661538461539
0.07656184615384615
0.058829538461538454
0.03400430769230769
-0.006675692307692307
-0.061124307692307686
-0.103056
-0.11452984615384615
-0.100344
-0.0744756923076923
-0.04088861538461538
0.002086153846153846
0.053614153846153846
0.10576799999999999
0.14540492307692307
0.154584
0.12808984615384614
0.08720123076923077
0.037342153846153844
-0.0077187692307692304
-0.06571384615384615
-0.13872923076923074
-0.2008966153846154
-0.23969907692307693
-0.23469230769230767
-0.19881046153846152
-0.13872923076923074
-0.061124307692307686
0.014394461538461538
0.08365476923076923
0.13852061538461538
0.16105107692307694
0.14331876923076922
0.08574092307692306
0.010639384615384617
-0.050067692307692306
-0.09283384615384616
-0.1097316923076923
-0.10347323076923076
-0.08052553846153847
-0.03379569230769231
0.027328615384615382
0.10222153846153846
0.15875630769230767
0.16835261538461538
0.13935507692307691
0.08031692307692308
0.018358153846153843
-0.0448523076923077
-0.1097316923076923
-0.16501476923076921
-0.20444307692307692
-0.20298276923076922
-0.1597993846153846
-0.09137353846153846
-0.011891076923076923
0.055491692307692304
0.1178676923076923
0.17461107692307692
0.19839323076923077
0.18858830769230767
0.1356
0.04819015384615385
-0.03859384615384615
-0.12808984615384614
-0.18629353846153843
-0.21362215384615382
-0.23156307692307693
-0.20861538461538462
-0.1558356923076923
-0.05173661538461538
0.0771876923076923
0.1779489230769231
0.2578486153846154
0.28809784615384615
0.28851507692307693
0.2666104615384615
0.20423446153846153
0.12433476923076923
0.01668923076923077
-0.08073415384615384
-0.1353913846153846
-0.16251138461538459
-0.15833907692307692
-0.13768615384615385
-0.10597661538461538
-0.05507446153846154
0.006258461538461538
0.07426707692307692
0.127464
0.14060676923076923
0.13226215384615383
0.10555938461538462
0.08115138461538463
0.06425353846153846
0.03838523076923077
0.012308307692307691
-0.011473846153846154
-0.015437538461538461
-0.008344615384615384
-0.005215384615384615
-0.015020307692307692
-0.05069353846153846
-0.08782707692307692
-0.103056
-0.10138707692307691
-0.08949599999999999
-0.0744756923076923
-0.06341907692307691
-0.03838523076923077
0.006258461538461538
0.06341907692307691
0.11599015384615384
0.13247076923076923
0.12016246153846154
0.08615815384615384
0.043392
-0.003129230769230769
-0.06738276923076922
-0.13768615384615385
-0.20298276923076922
-0.23844738461538462
-0.23615261538461538
-0.21925476923076925
-0.19651569230769228
-0.16251138461538459
-0.10347323076923076
-0.024408000000000003
0.059664
0.13455692307692307
0.1785747692307692
0.19046584615384615
0.17815753846153848
0.1506203076923077
0.11640738461538462
0.0771876923076923
0.02899753846153846
-0.015854769230769228
-0.042557538461538466
-0.03713353846153846
-0.008344615384615384
0.024408000000000003
0.05507446153846154
0.0855323076923077
0.11765907692307691
0.14686523076923075
0.16647507692307692
0.1531236923076923
0.11140061538461538
0.06154153846153846
0.023364923076923075
0.0029206153846153843
-0.002712
-0.012516923076923077
-0.022947692307692308
-0.015020307692307692
0.006467076923076923
0.03504738461538461
0.04672984615384615
0.03045784615384615
-0.006675692307692307
-0.05507446153846154
-0.09992676923076924
-0.12412615384615384
-0.1395636923076923
-0.14853415384615384
-0.16271999999999998
-0.1696043076923077
-0.16793538461538463
-0.1435273846153846
-0.030875076923076922
0.10472492307692308
0.29039261538461536
0.47877230769230766
0.6266806153846154
0.7708338461538461
0.8127655384615385
0.7923212307692308
0.6500455384615383
0.40054153846153845
0.1435273846153846
-0.10827138461538462
-0.32669169230769235
-0.5077698461538461
-0.5916332307692307
-0.5947624615384616
-0.477312
-0.26160369230769226
-0.021487384615384613
0.23531815384615382
0.45311261538461534
0.615624
0.6815464615384615
0.6231341538461538
0.4349630769230769
0.18379015384615385
-0.09763200000000001
-0.38885907692307686
-0.5974744615384615
-0.7345347692307692
-0.7366209230769231
-0.6049846153846153
-0.4024190769230769
-0.13309661538461537
0.10389046153846154
0.29748553846153847
0.4408043076923077
0.4750172307692308
0.427452923076923
0.31083692307692307
0.16230276923076925
0.04631261538461538
-0.044435076923076924
-0.09804923076923076
-0.127464
-0.1368516923076923
-0.12350030769230769
-0.12516923076923075
-0.12558646153846154
-0.138312
-0.15750461538461538
-0.1693956923076923
-0.1883796923076923
-0.19150892307692308
-0.20047938461538461
-0.2075723076923077
-0.1718990769230769
-0.12287446153846153
-0.06446215384615385
0.023364923076923075
0.1207883076923077
0.22572184615384616
0.3102110769230769
0.3187643076923077
0.2480436923076923
0.11390399999999999
-0.05069353846153846
-0.22989415384615383
-0.3949089230769231
-0.49963384615384615
-0.5227901538461539
-0.4374664615384615
-0.2757895384615385
-0.06049846153846154
0.1779489230769231
0.38760738461538463
0.5597150769230769
0.6515058461538462
0.6371113846153845
0.5286313846153846
0.34358953846153845
0.12808984615384614
-0.08511507692307693
-0.28163076923076924
-0.42474092307692307
-0.49733907692307694
-0.4985907692307692
-0.4314166153846154
-0.3095852307692307
-0.14582215384615385
0.03755076923076923
0.22572184615384616
0.3713353846153846
0.4418473846153846
0.4489403076923077
0.3844781538461538
0.26452430769230767
0.10618523076923077
-0.06216738461538462
-0.18712800000000002
-0.24679199999999998
-0.23510953846153848
-0.15270646153846154
-0.02211323076923077
0.12537784615384615
0.26932246153846157
0.3817661538461538
0.42953907692307686
0.4080516923076923
0.314592
0.17377661538461536
0.034630153846153845
-0.09408553846153846
-0.19359507692307693
-0.24574892307692306
-0.24992123076923078
-0.19359507692307693
-0.08469784615384615
0.027120000000000002
0.11828492307692307
0.16981292307692308
0.17002153846153847
0.1368516923076923
0.06028984615384615
-0.043392
-0.15687876923076924
-0.26619323076923074
-0.34317230769230767
-0.36945784615384614
-0.34275507692307694
-0.27453784615384613
-0.17085599999999998
-0.055491692307692304
0.06216738461538462
0.1718990769230769
0.24554030769230767
0.2753723076923077
0.2509643076923077
0.16418030769230768
0.04130584615384615
-0.07572738461538461
-0.1792006153846154
-0.2588916923076923
-0.29498215384615384
-0.29685969230769227
-0.2424110769230769
-0.124752
0.012099692307692308
0.14436184615384615
0.23198030769230768
0.26640184615384616
0.2651501538461538
0.21195323076923075
0.12308307692307692
0.013560000000000001
-0.10263876923076923
-0.184416
-0.21487384615384614
-0.1913003076923077
-0.12600369230769232
-0.04172307692307692
0.05736923076923077
0.15270646153846154
0.2330233846153846
0.2730775384615384
0.24887815384615386
0.17690584615384616
0.06633969230769231
-0.05236246153846154
-0.14582215384615385
-0.20506892307692307
-0.21800307692307694
-0.18379015384615385
-0.10681107692307691
0.01981846153846154
0.17148184615384612
0.31813846153846154
0.44330769230769224
0.5048492307692307
0.49921661538461537
0.4355889230769231
0.31188
0.14916
-0.03838523076923077
-0.22676492307692306
-0.37613353846153846
-0.46083138461538464
-0.46354338461538463
-0.3947003076923077
-0.2853858461538461
-0.13872923076923074
0.038176615384615385
0.20360861538461536
0.3291950769230769
0.3913624615384615
0.3707095384615384
0.29352184615384613
0.1800350769230769
0.0448523076923077
-0.09450276923076922
-0.22113230769230768
-0.31396615384615384
-0.3467187692307692
-0.3072904615384615
-0.22300984615384614
-0.1097316923076923
0.005215384615384615
0.10347323076923076
0.18358153846153846
0.2261390769230769
0.2140393846153846
0.15813046153846153
0.06821723076923077
-0.04109723076923077
-0.124752
-0.16897846153846155
-0.1635544615384615
-0.11202646153846153
-0.03713353846153846
0.05090215384615384
0.13080184615384613
0.19568123076923075
0.22864246153846152
0.19818461538461538
0.1097316923076923
-0.010848
-0.13872923076923074
-0.25284184615384614
-0.33962584615384617
-0.38572984615384615
-0.37550769230769226
-0.2999889230769231
-0.17169046153846151
-0.014394461538461538
0.14081538461538462
0.2680707692307692
0.360696
0.40638276923076927
0.39970707692307694
0.3339932307692307
0.21007569230769232
0.06300184615384616
-0.08428061538461538
-0.20652923076923077
-0.27432923076923077
-0.2883064615384615
-0.24762646153846155
-0.15520984615384617
-0.02211323076923077
0.13101046153846155
0.27286892307692306
0.3819747692307692
0.441012923076923
0.44622830769230765
0.40596553846153843
0.3246055384615385
0.20632061538461538
0.06633969230769231
-0.08344615384615384
-0.20819815384615384
-0.2906012307692308
-0.327108923076923
-0.30019753846153846
-0.238656
-0.1543753846153846
-0.05111076923076923
0.049233230769230765
0.13726892307692307
0.19588984615384614
0.2207150769230769
0.2194633846153846
0.20465169230769228
0.1775316923076923
0.14269292307692305
0.10368184615384615
0.06446215384615385
0.04109723076923077
0.03233538461538461
0.03838523076923077
0.03296123076923077
0.005841230769230769
-0.033169846153846154
-0.07364123076923076
-0.09992676923076924
-0.11265230769230769
-0.11140061538461538
-0.100344
-0.07280676923076923
-0.031709538461538456
0.023990769230769232
0.07259815384615384
0.09575446153846154
0.100344
0.08574092307692306
0.06967753846153846
0.034630153846153845
-0.01856676923076923
-0.08156861538461539
-0.15145476923076923
-0.20381723076923075
-0.235944
-0.23239753846153846
-0.19505538461538463
-0.14728246153846153
-0.09241661538461539
-0.02023569230769231
0.058829538461538454
0.132888
0.18712800000000002
0.2075723076923077
0.19609846153846153
0.1637630769230769
0.12329169230769231
0.07092923076923077
0.013768615384615384
-0.041514461538461535
-0.06321046153846153
-0.05111076923076923
-0.014603076923076923
0.04214030769230769
0.07259815384615384
0.09325107692307691
0.10347323076923076
0.10389046153846154
0.10555938461538462
0.08302892307692307
0.047772923076923074
0.002712
-0.052571076923076915
-0.08949599999999999
-0.09533723076923077
-0.078648
-0.051528
-0.018775384615384614
0.030875076923076922
0.07405846153846153
0.10096984615384616
0.10868861538461538
0.0988836923076923
0.06926030769230769
0.02211323076923077
-0.009387692307692307
-0.03901107692307692
-0.06070707692307692
-0.07843938461538462
-0.08949599999999999
-0.06258461538461538
-0.015646153846153844
0.03567323076923076
0.084072
0.11828492307692307
0.14269292307692305
0.1506203076923077
0.13455692307692307
0.10180430769230768
0.047772923076923074
-0.02023569230769231
-0.08302892307692307
-0.14269292307692305
-0.18483323076923078
-0.2090326153846154
-0.21091015384615383
-0.17669723076923077
-0.12162276923076921
-0.044435076923076924
0.03504738461538461
0.10243015384615384
0.15291507692307693
0.1712732307692308
0.16710092307692306
0.15187199999999998
0.116616
0.06946892307692307
0.009387692307692307
-0.058412307692307694
-0.09930092307692308
-0.12454338461538461
-0.12579507692307693
-0.10618523076923077
-0.07092923076923077
-0.012308307692307691
0.042974769230769226
0.09325107692307691
0.12579507692307693
0.1314276923076923
0.12412615384615384
0.10764553846153846
0.092208
0.06863446153846153
0.03129230769230769
-0.009179076923076922
-0.04631261538461538
-0.06404492307692307
-0.07510153846153846
-0.07969107692307692
-0.0771876923076923
-0.07113784615384615
-0.05924676923076923
-0.04839876923076923
-0.033169846153846154
-0.02795446153846154
-0.028163076923076923
-0.02899753846153846
-0.03713353846153846
-0.03921969230769231
-0.04318338461538461
-0.04902461538461538
-0.04944184615384615
-0.04318338461538461
-0.028163076923076923
-0.014185846153846153
0.0002086153846153846
0.009387692307692307
0.015646153846153844
0.02545107692307692
0.03650769230769231
0.04902461538461538
0.05319692307692307
0.05653476923076922
0.05194523076923077
0.04193169230769231
0.03045784615384615
0.007301538461538462
-0.015228923076923076
-0.04172307692307692
-0.05820369230769231
-0.05590892307692308
-0.04860738461538461
-0.03483876923076923
-0.023782153846153845
-0.021278769230769233
-0.014185846153846153
0.006258461538461538
0.03296123076923077
0.056951999999999996
0.073224
0.08991323076923076
0.09700615384615385
0.09763200000000001
0.08845292307692308
0.06800861538461538
0.03942830769230769
-0.0014603076923076922
-0.029623384615384614
-0.06049846153846154
-0.0855323076923077
-0.0988836923076923
-0.09533723076923077
-0.06905169230769231
-0.03108369230769231
0.010848
0.05799507692307692
0.09283384615384616
0.10889723076923077
0.11223507692307692
0.06467076923076923
0.015854769230769228
-0.03984553846153846
-0.0880356923076923
-0.11807630769230769
-0.15291507692307693
-0.1652233846153846
-0.13726892307692307
-0.08699261538461538
0.06133292307692308
0.25972615384615383
0.2342750769230769
0.22718215384615387
0.18983999999999998
0.12099692307692309
0.20277415384615383
0.03775938461538462
-0.14665661538461539
-0.3235624615384615
-0.43934399999999996
-0.30708184615384615
-0.260352
-0.16730953846153845
-0.168144
-0.10138707692307691
0.1476996923076923
0.30061476923076924
0.49274953846153846
0.4307907692307692
0.28851507692307693
0.23218892307692307
0.06216738461538462
0.02545107692307692
-0.11014892307692307
-0.27474646153846155
-0.2768326153846154
-0.40054153846153845
-0.3573581538461538
-0.24428861538461538
-0.19651569230769228
-0.003755076923076923
0.040054153846153843
0.07364123076923076
0.15103753846153847
0.1558356923076923
0.2670276923076923
0.2624381538461539
0.15938215384615384
0.053614153846153846
-0.06613107692307692
-0.03880246153846154
-0.04756430769230769
-0.10389046153846154
-0.15500123076923078
-0.23385784615384617
-0.1570873846153846
-0.07218092307692307
-0.0446436923076923
0.007927384615384614
-0.01272553846153846
0.031918153846153846
0.13643446153846153
0.17502830769230768
0.25305046153846156
0.28100492307692304
0.28267384615384616
0.347136
0.34463261538461537
0.3285692307692308
0.268488
0.1489513846153846
0.04839876923076923
-0.07197230769230768
-0.16188553846153847
-0.22530461538461538
-0.21779446153846155
-0.1733593846153846
-0.16105107692307694
-0.051528
0.07426707692307692
0.20486030769230767
0.3609046153846154
0.38572984615384615
0.3813489230769231
0.34963938461538463
0.25451076923076926
0.17732307692307692
0.025659692307692307
-0.11140061538461538
-0.19735015384615384
-0.2757895384615385
-0.2751636923076923
-0.2705741538461538
-0.21925476923076925
-0.0936683076923077
0.029623384615384614
0.15103753846153847
0.21842030769230766
0.2906012307692308
0.3673716923076923
0.36257353846153845
0.3225193846153846
0.1927606153846154
0.03379569230769231
-0.05444861538461539
-0.17085599999999998
-0.23656984615384613
-0.24679199999999998
-0.26139507692307695
-0.1712732307692308
-0.06425353846153846
0.03942830769230769
0.17085599999999998
0.24408
0.30249230769230767
0.31125415384615385
0.2591003076923077
0.1775316923076923
0.06446215384615385
-0.011265230769230769
-0.07781353846153846
-0.11870215384615385
-0.13706030769230768
-0.17440246153846153
-0.14290153846153844
-0.08636676923076922
-0.022947692307692308
0.06258461538461538
0.07426707692307692
0.09179076923076923
0.13080184615384613
0.132888
0.13893784615384613
0.0828203076923077
0.007301538461538462
-0.024199384615384616
-0.06362769230769232
-0.09408553846153846
-0.1397723076923077
-0.1913003076923077
-0.20778092307692309
-0.21737723076923077
-0.19442953846153843
-0.15291507692307693
-0.119328
-0.07927384615384615
-0.06341907692307691
-0.021904615384615383
0.03150092307692308
0.07280676923076923
0.13810338461538463
0.1476996923076923
0.12808984615384614
0.11494707692307692
0.09095630769230768
0.11223507692307692
0.10868861538461538
0.033169846153846154
-0.03942830769230769
-0.09199938461538461
-0.09283384615384616
-0.06008123076923077
-0.053405538461538456
-0.058412307692307694
-0.05716061538461538
0.0006258461538461538
0.09658892307692307
0.18337292307692307
0.2503384615384615
0.25242461538461536
0.2453316923076923
0.23823876923076923
0.20277415384615383
0.16042523076923076
0.06195876923076923
-0.054657230769230764
-0.1597993846153846
-0.25305046153846156
-0.2830910769230769
-0.27704123076923076
-0.24345415384615382
-0.19025723076923076
-0.13267938461538462
-0.03859384615384615
0.07197230769230768
0.15750461538461538
0.1908830769230769
0.17461107692307692
0.14311015384615386
0.10389046153846154
0.07343261538461537
0.027328615384615382
-0.06571384615384615
-0.14936861538461538
-0.19588984615384614
-0.18879692307692306
-0.14436184615384615
-0.11870215384615385
-0.08866153846153846
-0.02524246153846154
0.05716061538461538
0.1543753846153846
0.22008923076923076
0.23052
0.22300984615384614
0.1942209230769231
0.16209415384615386
0.12704676923076924
0.07030338461538461
0.004798153846153846
-0.05716061538461538
-0.0897046153846154
-0.09679753846153846
-0.08344615384615384
-0.06028984615384615
-0.058829538461538454
-0.06008123076923077
-0.05736923076923077
-0.05820369230769231
-0.04422646153846154
-0.03838523076923077
-0.03483876923076923
-0.01981846153846154
-0.005841230769230769
0.029623384615384614
0.07656184615384615
0.10994030769230768
0.12808984615384614
0.10827138461538462
0.06821723076923077
0.02211323076923077
-0.05027630769230769
-0.1341396923076923
-0.21362215384615382
-0.26097784615384617
-0.26368984615384616
-0.233232
-0.17252492307692308
-0.09408553846153846
-0.0016689230769230767
0.08845292307692308
0.15520984615384617
0.19964492307692308
0.20673784615384616
0.18525046153846153
0.1506203076923077
0.09804923076923076
0.04401784615384615
-0.02044430769230769
-0.08991323076923076
-0.1341396923076923
-0.15833907692307692
-0.15479261538461536
-0.13622584615384614
-0.11327815384615383
-0.07113784615384615
-0.02023569230769231
0.03588184615384615
0.09471138461538461
0.14665661538461539
0.18316430769230768
0.200688
0.20235692307692305
0.19025723076923076
0.15875630769230767
0.10639384615384614
0.03400430769230769
-0.03504738461538461
-0.0853236923076923
-0.124752
-0.14457046153846154
-0.15333230769230768
-0.1506203076923077
-0.13372246153846154
-0.100344
-0.04756430769230769
-0.0004172307692307692
0.04088861538461538
0.0853236923076923
0.12496061538461539
0.1502030769230769
0.14999446153846155
0.12350030769230769
0.08031692307692308
0.026911384615384615
-0.03296123076923077
-0.08615815384615384
-0.13706030769230768
-0.1710646153846154
-0.16689230769230767
-0.1358086153846154
-0.06759138461538462
0.020652923076923076
0.10430769230769231
0.1783661538461538
0.22113230769230768
0.24574892307692306
0.25388492307692306
0.2194633846153846
0.15208061538461537
0.06759138461538462
-0.010013538461538461
-0.05716061538461538
-0.08240307692307691
-0.08720123076923077
-0.07697907692307693
-0.05674338461538461
-0.024408000000000003
0.015228923076923076
0.052153846153846155
0.061124307692307686
0.04526953846153846
0.019192615384615384
-0.009179076923076922
-0.03045784615384615
-0.06028984615384615
-0.10576799999999999
-0.14018953846153845
-0.15354092307692307
-0.14436184615384615
-0.11181784615384616
-0.08073415384615384
-0.050067692307692306
-0.020652923076923076
0.0
0.02086153846153846
0.031709538461538456
0.028163076923076923
0.010013538461538461
-0.017940923076923077
-0.03296123076923077
-0.03066646153846154
-0.009596307692307692
0.017315076923076923
0.0448523076923077
0.07551876923076924
0.0934596923076923
0.10889723076923077
0.10368184615384615
0.0717636923076923
0.03024923076923077
-0.014394461538461538
-0.034630153846153845
-0.03296123076923077
-0.03045784615384615
-0.030040615384615384
-0.017315076923076923
0.005215384615384615
0.03504738461538461
0.06446215384615385
0.06592246153846154
0.052153846153846155
0.03108369230769231
0.005424
-0.012934153846153845
-0.042348923076923076
-0.08907876923076924
-0.13643446153846153
-0.1696043076923077
-0.17169046153846151
-0.13455692307692307
-0.08031692307692308
-0.017940923076923077
0.04985907692307692
0.11807630769230769
0.18775384615384613
0.24053353846153847
0.254928
0.2221753846153846
0.1614683076923077
0.08365476923076923
0.013768615384615384
-0.04088861538461538
-0.09095630769230768
-0.1178676923076923
-0.12433476923076923
-0.09012184615384615
-0.010848
0.07343261538461537
0.14540492307692307
0.1990190769230769
0.23448369230769228
0.25367630769230765
0.25388492307692306
0.2275993846153846
0.1639716923076923
0.0826116923076923
0.005841230769230769
-0.04756430769230769
-0.06884307692307692
-0.07343261538461537
-0.06028984615384615
-0.03275261538461539
0.009179076923076922
0.06905169230769231
0.12725538461538463
0.16730953846153845
0.17377661538461536
0.16209415384615386
0.14707384615384617
0.12412615384615384
0.09491999999999999
0.04631261538461538
-0.006258461538461538
-0.05382276923076923
-0.07739630769230768
-0.06654830769230768
-0.04860738461538461
-0.04047138461538462
-0.037967999999999995
-0.028371692307692306
-0.005215384615384615
0.02586830769230769
0.03400430769230769
0.021070153846153846
-0.011265230769230769
-0.045895384615384616
-0.05862092307692307
-0.06487938461538462
-0.08094276923076923
-0.09784061538461537
-0.092208
-0.06258461538461538
0.0008344615384615384
0.07489292307692308
0.13518276923076925
0.17502830769230768
0.18796246153846152
0.1942209230769231
0.1883796923076923
0.15646153846153846
0.09304246153846155
0.00855323076923077
-0.06926030769230769
-0.12788123076923075
-0.1597993846153846
-0.16292861538461537
-0.14018953846153845
-0.10096984615384616
-0.04568676923076923
0.03609046153846154
0.12266584615384615
0.19338646153846153
0.23886461538461537
0.2492953846153846
0.23177169230769232
0.18963138461538462
0.12412615384615384
0.037342153846153844
-0.07343261538461537
-0.1792006153846154
-0.24992123076923078
-0.2722430769230769
-0.2618123076923077
-0.23010276923076922
-0.1992276923076923
-0.17648861538461538
-0.1353913846153846
-0.1136953846153846
-0.09971815384615385
-0.12016246153846154
-0.15520984615384617
-0.1718990769230769
-0.13267938461538462
-0.016063384615384615
0.18149538461538461
0.43392000000000003
0.5726492307692308
0.7522670769230769
0.8901618461538461
0.9600479999999999
0.995929846153846
0.8006658461538461
0.5236246153846154
0.11473846153846154
-0.30186646153846153
-0.6740363076923077
-1.0714486153846154
-1.3307575384615384
-1.5103753846153845
-1.4350652307692309
-1.1071218461538461
-0.6166670769230769
0.04109723076923077
0.6293926153846153
1.1772166153846153
1.590900923076923
1.7563329230769231
1.7114806153846154
1.3480726153846154
0.7779267692307692
0.10681107692307691
-0.6490024615384615
-1.2577421538461537
-1.6997981538461537
-1.9505538461538459
-1.9134203076923075
-1.6991723076923075
-1.2521095384615384
-0.6665261538461538
-0.019609846153846155
0.6673606153846153
1.2137243076923077
1.5965335384615384
1.764468923076923
1.7160701538461538
1.4838812307692308
1.0192947692307692
0.4320424615384615
-0.19213476923076922
-0.7785526153846153
-1.1903593846153846
-1.4596818461538463
-1.5602344615384616
-1.4692781538461537
-1.2406356923076922
-0.8578264615384615
-0.40387938461538464
0.052571076923076915
0.5104818461538462
0.8997581538461538
1.213307076923077
1.4300584615384615
1.4849243076923078
1.3872923076923076
1.1313212307692306
0.7624892307692307
0.31918153846153846
-0.1706473846153846
-0.6339821538461539
-1.0290996923076923
-1.2944584615384616
-1.4315187692307692
-1.4273464615384615
-1.225406769230769
-0.8774363076923076
-0.40617415384615385
0.16042523076923076
0.7270246153846154
1.2564904615384616
1.6518166153846152
1.8556338461538462
1.8600147692307691
1.6077987692307691
1.1649083076923077
0.5720233846153846
-0.11557292307692307
-0.7900264615384615
-1.3900043076923077
-1.7911716923076924
-1.9632793846153846
-1.8950621538461538
-1.5698307692307691
-1.0624781538461538
-0.3817661538461538
0.3713353846153846
1.0551766153846154
1.6096763076923075
1.9188443076923076
1.9724584615384615
1.7901286153846152
1.361841230769231
0.7952418461538461
0.14290153846153844
-0.5194523076923077
-1.0727003076923076
-1.4932689230769232
-1.7060566153846153
-1.6902018461538462
-1.4790830769230767
-1.0889723076923077
-0.5926763076923077
-0.029206153846153847
0.5090215384615385
0.9469052307692308
1.267547076923077
1.4071107692307692
1.3699772307692308
1.160736
0.8042123076923077
0.3790541538461539
-0.07927384615384615
-0.48857723076923076
-0.8017089230769231
-1.029516923076923
-1.1327815384615383
-1.115257846153846
-1.0046916923076923
-0.8100535384615385
-0.5651390769230769
-0.2830910769230769
0.01814953846153846
0.2853858461538461
0.511524923076923
0.6811292307692307
0.7808473846153846
0.8127655384615385
0.7520584615384615
0.6204221538461538
0.4216116923076923
0.17481969230769231
-0.09554584615384615
-0.38698153846153843
-0.6458732307692308
-0.8509421538461539
-0.9602566153846154
-0.9454449230769231
-0.8415544615384615
-0.6394061538461538
-0.35464615384615383
-0.006258461538461538
0.3863556923076923
0.7483033846153846
1.040364923076923
1.225824
1.2733883076923078
1.194948923076923
0.98988
0.6742449230769231
0.27286892307692306
-0.15750461538461538
-0.540731076923077
-0.8428061538461538
-1.0199206153846154
-1.0651901538461537
-0.9867507692307691
-0.7833507692307693
-0.48816
-0.11974523076923077
0.273912
0.6256375384615384
0.9020529230769231
1.0526732307692308
1.0758295384615384
0.9902972307692307
0.7952418461538461
0.5209126153846153
0.1860849230769231
-0.14707384615384617
-0.41368430769230763
-0.5985175384615384
-0.6884307692307692
-0.6976098461538461
-0.6414923076923077
-0.51528
-0.33524492307692305
-0.111192
0.10910584615384614
0.2753723076923077
0.3863556923076923
0.43433723076923075
0.4564504615384615
0.442056
0.37196123076923077
0.2772498461538462
0.15604430769230768
0.03713353846153846
-0.06028984615384615
-0.15896492307692306
-0.25451076923076926
-0.3550633846153846
-0.4389267692307692
-0.47021907692307696
-0.4587452307692308
-0.38990215384615384
-0.28413415384615387
-0.14665661538461539
0.02545107692307692
0.2125790769230769
0.4072172307692307
0.5597150769230769
0.6389889230769231
0.629184
0.5273796923076923
0.3550633846153846
0.1356
-0.11140061538461538
-0.3584012307692308
-0.5820369230769231
-0.7364123076923076
-0.7770923076923076
-0.7151335384615384
-0.5599236923076922
-0.3442153846153846
-0.0826116923076923
0.21675138461538462
0.4923323076923077
0.7055372307692307
0.8048381538461538
0.7691649230769231
0.62376
0.3819747692307692
0.10076123076923077
-0.1948467692307692
-0.47084492307692305
-0.6706984615384615
-0.7871058461538462
-0.7916953846153846
-0.6880135384615385
-0.5040147692307693
-0.2670276923076923
-0.01981846153846154
0.22321846153846153
0.42599261538461536
0.5421913846153846
0.5682683076923077
0.5058923076923076
0.3855212307692308
0.2275993846153846
0.05444861538461539
-0.09596307692307693
-0.22467876923076924
-0.31229723076923077
-0.3490135384615385
-0.32961230769230765
-0.25284184615384614
-0.15813046153846153
-0.059038153846153844
0.03275261538461539
0.10389046153846154
0.16418030769230768
0.19735015384615384
0.1990190769230769
0.18253846153846154
0.14686523076923075
0.11181784615384616
0.09033046153846153
0.08010830769230769
0.06362769230769232
0.034630153846153845
0.009804923076923077
-0.004798153846153846
-0.015020307692307692
-0.03379569230769231
-0.05507446153846154
-0.06946892307692307
-0.07635323076923077
-0.06821723076923077
-0.03984553846153846
0.011473846153846154
0.07343261538461537
0.13080184615384613
0.18858830769230767
0.23969907692307693
0.26452430769230767
0.25659692307692306
0.2073636923076923
0.13101046153846155
0.04088861538461538
-0.05736923076923077
-0.1422756923076923
-0.20819815384615384
-0.23782153846153845
-0.2225926153846154
-0.1693956923076923
-0.06675692307692307
0.06592246153846154
0.19296923076923078
0.29581661538461534
0.3540203076923077
0.36570276923076916
0.32001599999999997
0.22822523076923076
0.11014892307692307
-0.03024923076923077
-0.15750461538461538
-0.260352
-0.3206418461538461
-0.32543999999999995
-0.2830910769230769
-0.1883796923076923
-0.05528307692307692
0.09471138461538461
0.2342750769230769
0.3377483076923077
0.3919883076923077
0.3798886153846154
0.30207507692307695
0.1779489230769231
0.032544
-0.1028473846153846
-0.21362215384615382
-0.2734947692307692
-0.28121353846153846
-0.23928184615384615
-0.14728246153846153
-0.026494153846153844
0.11035753846153845
0.23490092307692306
0.3275261538461538
0.36027876923076924
0.3239796923076923
0.22968553846153844
0.09325107692307691
-0.06467076923076923
-0.21633415384615384
-0.3456756923076923
-0.42953907692307686
-0.4516523076923077
-0.4220289230769231
-0.32627446153846157
-0.19463815384615382
-0.04401784615384615
0.12579507692307693
0.27620676923076926
0.39261415384615383
0.4522781538461538
0.4385095384615385
0.36319938461538465
0.23907323076923076
0.084072
-0.0717636923076923
-0.20944984615384615
-0.3193901538461538
-0.3909452307692307
-0.41618769230769226
-0.3848953846153846
-0.3129230769230769
-0.21028430769230766
-0.0936683076923077
0.024408000000000003
0.1356
0.22321846153846153
0.2860116923076923
0.3062473846153846
0.2914356923076923
0.25117292307692307
0.19881046153846152
0.14311015384615386
0.07969107692307692
0.011891076923076923
-0.06300184615384616
-0.12788123076923075
-0.1704387692307692
-0.192552
-0.20152246153846154
-0.19651569230769228
-0.17231630769230769
-0.12391753846153845
-0.04985907692307692
0.04631261538461538
0.14790830769230767
0.23385784615384617
0.2912270769230769
0.31104553846153843
0.306456
0.2572227692307692
0.17148184615384612
0.05799507692307692
-0.06988615384615385
-0.1635544615384615
-0.2374043076923077
-0.27453784615384613
-0.27182584615384614
-0.24032492307692307
-0.17481969230769231
-0.08594953846153845
0.02753723076923077
0.14999446153846155
0.2517987692307692
0.31918153846153846
0.3456756923076923
0.3285692307692308
0.28350830769230767
0.20193969230769232
0.10326461538461539
0.011473846153846154
-0.07134646153846153
-0.11765907692307691
-0.12975876923076923
-0.1205796923076923
-0.09471138461538461
-0.06133292307692308
-0.017940923076923077
0.03421292307692308
0.07426707692307692
0.09137353846153846
0.08448923076923077
0.06905169230769231
0.05924676923076923
0.05757784615384615
0.06341907692307691
0.07134646153846153
0.07969107692307692
0.08574092307692306
0.0961716923076923
0.09930092307692308
0.09074769230769231
0.061124307692307686
0.010013538461538461
-0.05298830769230769
-0.12204
-0.1783661538461538
-0.2275993846153846
-0.2620209230769231
-0.26723630769230766
-0.2292683076923077
-0.14665661538461539
-0.035255999999999996
0.08115138461538463
0.1760713846153846
0.24282830769230768
0.2774584615384615
0.2703655384615385
0.21341353846153846
0.10660246153846153
-0.03024923076923077
-0.17711446153846155
-0.2931046153846154
-0.3650769230769231
-0.3955347692307692
-0.3821833846153846
-0.3571495384615384
-0.2805876923076923
-0.14290153846153844
0.015020307692307692
0.1570873846153846
0.2517987692307692
0.30666461538461537
0.34504984615384615
0.3775938461538461
0.417648
0.42599261538461536
0.2682793846153846
0.052571076923076915
-0.1353913846153846
-0.2764153846153846
-0.27412061538461535
-0.385104
-0.5000510769230769
-0.5202867692307692
-0.4977563076923077
-0.265776
-0.08720123076923077
0.07885661538461539
0.18983999999999998
0.25471938461538457
0.44393353846153844
0.5165316923076922
0.5480326153846153
0.401376
0.12308307692307692
-0.042974769230769226
-0.24992123076923078
-0.328152
-0.38760738461538463
-0.4850307692307692
-0.412224
-0.3682061538461538
-0.20423446153846153
0.04547815384615384
0.18754523076923074
0.3838523076923077
0.4322510769230769
0.40992923076923077
0.4405956923076923
0.3617390769230769
0.3312812307692308
0.22405292307692307
0.042348923076923076
-0.07614461538461538
-0.214248
-0.24679199999999998
-0.27599815384615384
-0.35256
-0.37237846153846155
-0.3717526153846154
-0.24720923076923076
-0.08156861538461539
0.0018775384615384615
0.08156861538461539
0.09992676923076924
0.1422756923076923
0.22968553846153844
0.22593046153846155
0.2261390769230769
0.1940123076923077
0.13872923076923074
0.1489513846153846
0.10576799999999999
0.058412307692307694
0.007301538461538462
-0.09325107692307691
-0.13038461538461538
-0.16042523076923076
-0.16856123076923077
-0.13455692307692307
-0.08323753846153846
0.016480615384615385
0.10389046153846154
0.2238443076923077
0.3285692307692308
0.3784283076923077
0.41973415384615387
0.36611999999999995
0.2926873846153846
0.21821169230769227
0.0963803076923077
-0.010013538461538461
-0.1435273846153846
-0.23907323076923076
-0.265776
-0.2782929230769231
-0.23510953846153848
-0.1760713846153846
-0.08344615384615384
0.06905169230769231
0.20298276923076922
0.29915446153846154
0.32001599999999997
0.29644246153846154
0.27453784615384613
0.20632061538461538
0.12266584615384615
0.007927384615384614
-0.11265230769230769
-0.15500123076923078
-0.16605784615384614
-0.12808984615384614
-0.05382276923076923
-0.0043809230769230765
0.07259815384615384
0.13601723076923075
0.168144
0.20486030769230767
0.19338646153846153
0.15917353846153848
0.10889723076923077
0.044435076923076924
0.005424
-0.028788923076923077
-0.04714707692307692
-0.05820369230769231
-0.06300184615384616
-0.051528
-0.040262769230769234
0.001043076923076923
0.03421292307692308
0.035464615384615386
0.032544
-0.006258461538461538
-0.03337846153846154
-0.043392
-0.07927384615384615
-0.11014892307692307
-0.15333230769230768
-0.17398523076923075
-0.13330523076923076
-0.07697907692307693
-0.02273907692307692
0.010639384615384617
0.016480615384615385
0.028788923076923077
0.031918153846153846
0.02044430769230769
-0.01043076923076923
-0.06362769230769232
-0.0974233846153846
-0.130176
-0.14081538461538462
-0.127464
-0.11181784615384616
-0.06195876923076923
-0.030040615384615384
-0.0050067692307692304
0.023364923076923075
0.01940123076923077
0.03838523076923077
0.045895384615384616
0.02086153846153846
0.005424
-0.016480615384615385
-0.007301538461538462
0.022947692307692308
0.042974769230769226
0.06633969230769231
0.078648
0.09930092307692308
0.11911938461538461
0.12537784615384615
0.12412615384615384
0.09241661538461539
0.06008123076923077
0.03504738461538461
0.005632615384615384
0.002086153846153846
0.0035464615384615383
0.01940123076923077
0.06070707692307692
0.09909230769230769
0.1639716923076923
0.23260615384615385
0.2799618461538461
0.3016578461538461
0.27140861538461536
0.2275993846153846
0.168144
0.0853236923076923
-0.011682461538461537
-0.12955015384615384
-0.2303113846153846
-0.2868461538461538
-0.28163076923076924
-0.2140393846153846
-0.13372246153846154
-0.05611753846153846
0.03275261538461539
0.11870215384615385
0.19505538461538463
0.21654276923076923
0.18629353846153843
0.12537784615384615
0.03233538461538461
-0.04422646153846154
-0.12120553846153845
-0.18963138461538462
-0.22134092307692307
-0.23052
-0.19588984615384614
-0.11995384615384615
-0.02273907692307692
0.07927384615384615
0.1652233846153846
0.21904615384615383
0.24574892307692306
0.2503384615384615
0.23364923076923078
0.1829556923076923
0.09450276923076922
-0.009596307692307692
-0.11286092307692308
-0.17231630769230769
-0.1883796923076923
-0.17711446153846155
-0.14311015384615386
-0.10368184615384615
-0.034630153846153845
0.054240000000000003
0.1397723076923077
0.20131384615384615
0.20840676923076923
0.19296923076923078
0.17085599999999998
0.14081538461538462
0.10389046153846154
0.029623384615384614
-0.06487938461538462
-0.1462393846153846
-0.1992276923076923
-0.21216184615384615
-0.19693292307692306
-0.16000799999999998
-0.10785415384615385
-0.05069353846153846
0.01981846153846154
0.09533723076923077
0.15687876923076924
0.19651569230769228
0.2008966153846154
0.18963138461538462
0.16751815384615384
0.12767261538461538
0.08824430769230769
0.03150092307692308
-0.03129230769230769
-0.07614461538461538
-0.11452984615384615
-0.14018953846153845
-0.15687876923076924
-0.1691870769230769
-0.16292861538461537
-0.12955015384615384
-0.06946892307692307
-0.0002086153846153846
0.061124307692307686
0.10409907692307692
0.13476553846153844
0.15813046153846153
0.1612596923076923
0.13101046153846155
0.06362769230769232
-0.021487384615384613
-0.09596307692307693
-0.1504116923076923
-0.19046584615384615
-0.21237046153846154
-0.21779446153846155
-0.20110523076923076
-0.16271999999999998
-0.10326461538461539
-0.03337846153846154
0.018358153846153843
0.06446215384615385
0.0974233846153846
0.11140061538461538
0.11911938461538461
0.10326461538461539
0.07092923076923077
0.020652923076923076
-0.03942830769230769
-0.08720123076923077
-0.13393107692307693
-0.17377661538461536
-0.19985353846153847
-0.21696000000000001
-0.2138307692307692
-0.1913003076923077
-0.16167692307692308
-0.12350030769230769
-0.0828203076923077
-0.03358707692307692
0.025033846153846153
0.07677046153846154
0.12808984615384614
0.17002153846153847
0.18754523076923074
0.1794092307692308
0.14978584615384616
0.11140061538461538
0.065088
0.015854769230769228
-0.028163076923076923
-0.06905169230769231
-0.10076123076923077
-0.116616
-0.11807630769230769
-0.10180430769230768
-0.06696553846153847
-0.005841230769230769
0.09387692307692307
0.21195323076923075
0.3312812307692308
0.4184824615384615
0.4549901538461538
0.4478972307692307
0.38030584615384616
0.27412061538461535
0.12996738461538462
-0.04088861538461538
-0.20298276923076922
-0.33295015384615384
-0.4047138461538461
-0.42265476923076917
-0.39011076923076926
-0.29727692307692305
-0.15792184615384616
0.003755076923076923
0.1637630769230769
0.28851507692307693
0.3784283076923077
0.4109723076923077
0.38280923076923074
0.3031181538461538
0.16730953846153845
0.011473846153846154
-0.1462393846153846
-0.28413415384615387
-0.3692492307692308
-0.3890676923076923
-0.33983446153846153
-0.23823876923076923
-0.1070196923076923
0.03504738461538461
0.15896492307692306
0.26222953846153846
0.3214763076923077
0.33002953846153843
0.30061476923076924
0.2209236923076923
0.12767261538461538
0.03045784615384615
-0.065088
-0.14436184615384615
-0.21320492307692307
-0.2517987692307692
-0.2626467692307692
-0.2557624615384615
-0.22697353846153845
-0.18086953846153844
-0.1218313846153846
-0.04401784615384615
0.03379569230769231
0.10806276923076923
0.1794092307692308
0.23385784615384617
0.27474646153846155
0.28434276923076923
0.27474646153846155
0.24574892307692306
0.1913003076923077
0.12579507692307693
0.049233230769230765
-0.03024923076923077
-0.10472492307692308
-0.1639716923076923
-0.18754523076923074
-0.1804523076923077
-0.14728246153846153
-0.08323753846153846
-0.008970461538461538
0.08219446153846154
0.17461107692307692
0.24512307692307692
0.29873723076923075
0.30854215384615385
0.2689052307692308
0.1927606153846154
0.0855323076923077
-0.022530461538461537
-0.12767261538461538
-0.21779446153846155
-0.28204799999999997
-0.3114627692307692
-0.2937304615384615
-0.24199384615384617
-0.1570873846153846
-0.059664
0.04318338461538461
0.13935507692307691
0.21320492307692307
0.2666104615384615
0.28163076923076924
0.25242461538461536
0.19818461538461538
0.13247076923076923
0.06216738461538462
0.0
-0.05382276923076923
-0.092208
-0.10660246153846153
-0.0974233846153846
-0.06717415384615384
-0.020027076923076922
0.026285538461538457
0.06446215384615385
0.10409907692307692
0.12725538461538463
0.13726892307692307
0.13267938461538462
0.10952307692307692
0.08615815384615384
0.05277969230769231
0.017315076923076923
-0.015020307692307692
-0.05611753846153846
-0.09283384615384616
-0.11494707692307692
-0.12308307692307692
-0.11306953846153844
-0.086784
-0.059664
-0.037967999999999995
-0.019192615384615384
0.0018775384615384615
0.02795446153846154
0.04985907692307692
0.06154153846153846
0.05277969230769231
0.042974769230769226
0.047772923076923074
0.06154153846153846
0.07843938461538462
0.07885661538461539
0.06529661538461538
0.04526953846153846
0.024408000000000003
-0.0014603076923076922
-0.035464615384615386
-0.08010830769230769
-0.12037107692307693
-0.14039815384615384
-0.12850707692307692
-0.09158215384615384
-0.055491692307692304
0.020027076923076922
0.13247076923076923
0.24908676923076922
0.3615304615384615
0.42015138461538465
0.4387181538461538
0.42640984615384614
0.35610646153846154
0.26097784615384617
0.1151556923076923
-0.034630153846153845
-0.15896492307692306
-0.2424110769230769
-0.25200738461538463
-0.2724516923076923
-0.22947692307692308
-0.15604430769230768
-0.06300184615384616
0.08302892307692307
0.18900553846153845
0.3077076923076923
0.37008369230769234
0.3886504615384615
0.3919883076923077
0.29685969230769227
0.21049292307692305
0.10347323076923076
-0.017523692307692306
-0.09867507692307692
-0.1942209230769231
-0.21007569230769232
-0.18212123076923076
-0.12725538461538463
-0.031918153846153846
0.023364923076923075
0.07781353846153846
0.111192
0.12558646153846154
0.13101046153846155
0.05736923076923077
-0.02482523076923077
-0.09033046153846153
-0.14665661538461539
-0.14081538461538462
-0.15228923076923076
-0.15938215384615384
-0.15333230769230768
-0.16042523076923076
-0.11891076923076922
-0.08782707692307692
-0.061750153846153844
-0.03066646153846154
-0.017940923076923077
0.02899753846153846
0.07531015384615385
0.11286092307692308
0.14060676923076923
0.12704676923076924
0.11473846153846154
0.09283384615384616
0.06633969230769231
0.05674338461538461
0.031709538461538456
0.0029206153846153843
-0.042557538461538466
-0.10430769230769231
-0.13372246153846154
-0.16438892307692307
-0.18754523076923074
-0.19046584615384615
-0.1910916923076923
-0.14290153846153844
-0.08073415384615384
-0.004798153846153846
0.073224
0.10618523076923077
0.1356
0.14039815384615384
0.116616
0.08115138461538463
0.006884307692307692
-0.06321046153846153
-0.11202646153846153
-0.14749107692307692
-0.15541846153846153
-0.16292861538461537
-0.15604430769230768
-0.14060676923076923
-0.111192
-0.05027630769230769
-0.0006258461538461538
0.05945538461538461
0.11077476923076923
0.13247076923076923
0.14394461538461537
0.12516923076923075
0.0974233846153846
0.054657230769230764
-0.014603076923076923
-0.07760492307692309
-0.12391753846153845
-0.14123261538461537
-0.12454338461538461
-0.10055261538461538
-0.05444861538461539
0.0008344615384615384
0.04380923076923077
0.09533723076923077
0.11098338461538461
0.09700615384615385
0.06404492307692307
0.017523692307692306
-0.004589538461538461
-0.035464615384615386
-0.06383630769230769
-0.0826116923076923
-0.0974233846153846
-0.08490646153846154
-0.07551876923076924
-0.07343261538461537
-0.07781353846153846
-0.09554584615384615
-0.08198584615384615
-0.047981538461538464
-0.013142769230769229
0.024199384615384616
0.04547815384615384
0.06592246153846154
0.08448923076923077
0.10222153846153846
0.10827138461538462
0.07531015384615385
0.018775384615384614
-0.030040615384615384
-0.06321046153846153
-0.06884307692307692
-0.06842584615384616
-0.07739630769230768
-0.07072061538461538
-0.06988615384615385
-0.050067692307692306
-0.027745846153846152
-0.025659692307692307
-0.023364923076923075
-0.042974769230769226
-0.040054153846153843
-0.01710646153846154
0.007301538461538462
0.045895384615384616
0.06070707692307692
0.054657230769230764
0.052571076923076915
0.054240000000000003
0.07051199999999999
0.06863446153846153
0.04401784615384615
0.04693846153846153
0.04756430769230769
0.06279323076923077
0.08991323076923076
0.10013538461538461
0.1136953846153846
0.10389046153846154
0.10389046153846154
0.11745046153846153
0.11181784615384616
0.09763200000000001
0.065088
0.04088861538461538
0.03567323076923076
0.025659692307692307
0.023990769230769232
0.018983999999999997
0.006258461538461538
0.008136
0.016480615384615385
0.042348923076923076
0.07009476923076922
0.08448923076923077
0.09867507692307692
0.09450276923076922
0.09283384615384616
0.08448923076923077
0.0446436923076923
-0.005841230769230769
-0.06800861538461538
-0.111192
-0.1341396923076923
-0.1397723076923077
-0.11682461538461539
-0.09095630769230768
-0.051528
-0.0008344615384615384
0.05382276923076923
0.1070196923076923
0.12788123076923075
0.12642092307692307
0.12537784615384615
0.11202646153846153
0.09074769230769231
0.05277969230769231
0.0035464615384615383
-0.04547815384615384
-0.10493353846153847
-0.14060676923076923
-0.15333230769230768
-0.1506203076923077
-0.130176
-0.10389046153846154
-0.06049846153846154
-0.009804923076923077
0.030875076923076922
0.06070707692307692
0.06717415384615384
0.065088
0.06550523076923077
0.05277969230769231
0.04401784615384615
0.024408000000000003
-0.005215384615384615
-0.02357353846153846
-0.04109723076923077
-0.04214030769230769
-0.040679999999999994
-0.04172307692307692
-0.03567323076923076
-0.031918153846153846
-0.009179076923076922
0.012516923076923077
0.02795446153846154
0.04526953846153846
0.05111076923076923
0.06821723076923077
0.09053907692307692
0.0961716923076923
0.09179076923076923
0.07927384615384615
0.06571384615384615
0.05486584615384615
0.03024923076923077
-0.007510153846153846
-0.05924676923076923
-0.10743692307692307
-0.13601723076923075
-0.14978584615384616
-0.14686523076923075
-0.13226215384615383
-0.10514215384615383
-0.07405846153846153
-0.028163076923076923
0.027120000000000002
0.08052553846153847
0.13247076923076923
0.16897846153846155
0.19860184615384616
0.21320492307692307
0.206112
0.17711446153846155
0.11870215384615385
0.040262769230769234
-0.037342153846153844
-0.09596307692307693
-0.13810338461538463
-0.16605784615384614
-0.17565415384615385
-0.15374953846153847
-0.0963803076923077
-0.011891076923076923
0.08761846153846153
0.18399876923076922
0.2655673846153846
0.32189353846153845
0.35276861538461535
0.34776184615384614
0.3060387692307692
0.23052
0.1314276923076923
0.029414769230769227
-0.06946892307692307
-0.14686523076923075
-0.21028430769230766
-0.24282830769230768
-0.2369870769230769
-0.19609846153846153
-0.11703323076923078
-0.028788923076923077
0.06133292307692308
0.14060676923076923
0.20965846153846154
0.2641070769230769
0.2868461538461538
0.2716172307692308
0.20694646153846152
0.10931446153846153
-0.003963692307692307
-0.11202646153846153
-0.20027076923076922
-0.26932246153846157
-0.2999889230769231
-0.28413415384615387
-0.2221753846153846
-0.11828492307692307
0.002086153846153846
0.11703323076923078
0.214248
0.2799618461538461
0.3158436923076923
0.3241883076923077
0.2906012307692308
0.2207150769230769
0.1178676923076923
0.003963692307692307
-0.09554584615384615
-0.17565415384615385
-0.225096
-0.2415766153846154
-0.22593046153846155
-0.16459753846153846
-0.06988615384615385
0.031709538461538456
0.12204
0.18921415384615384
0.23928184615384615
0.2582658461538461
0.24408
0.20798953846153845
0.14144123076923076
0.06738276923076922
0.0025033846153846152
-0.03942830769230769
-0.05277969230769231
-0.05736923076923077
-0.04819015384615385
-0.03504738461538461
-0.015854769230769228
0.0077187692307692304
0.022530461538461537
0.028163076923076923
0.013560000000000001
-0.015646153846153844
-0.03942830769230769
-0.04735569230769231
-0.043392
-0.029414769230769227
-0.0025033846153846152
0.03755076923076923
0.07614461538461538
0.10889723076923077
0.13121907692307694
0.12662953846153846
0.09596307692307693
0.04693846153846153
-0.006049846153846154
-0.05736923076923077
-0.11035753846153845
-0.1666836923076923
-0.20256553846153844
-0.20819815384615384
-0.18316430769230768
-0.12204
-0.05611753846153846
0.022947692307692308
0.10409907692307692
0.17628
0.25054707692307693
0.2828824615384615
0.2814221538461538
0.23782153846153845
0.16021661538461537
0.08344615384615384
0.0
-0.07051199999999999
-0.13226215384615383
-0.1794092307692308
-0.19672430769230767
-0.1923433846153846
-0.16084246153846155
-0.11724184615384614
-0.08010830769230769
-0.03567323076923076
0.0029206153846153843
0.03609046153846154
0.061750153846153844
0.07092923076923077
0.07551876923076924
0.06070707692307692
0.037342153846153844
0.01043076923076923
-0.032544
-0.07739630769230768
-0.11974523076923077
-0.1585476923076923
-0.18066092307692305
-0.1842073846153846
-0.1733593846153846
-0.14790830769230767
-0.11411261538461538
-0.06008123076923077
0.003755076923076923
0.06884307692307692
0.12579507692307693
0.1639716923076923
0.1881710769230769
0.1858763076923077
0.1639716923076923
0.12245723076923076
0.054657230769230764
-0.02232184615384615
-0.09179076923076923
-0.14457046153846154
-0.1860849230769231
-0.21800307692307694
-0.22342707692307692
-0.20402584615384614
-0.15667015384615385
-0.07739630769230768
0.01710646153846154
0.1097316923076923
0.18316430769230768
0.2261390769230769
0.23928184615384615
0.222384
0.1693956923076923
0.08699261538461538
-0.010013538461538461
-0.09554584615384615
-0.15750461538461538
-0.18545907692307692
-0.16710092307692306
-0.12037107692307693
-0.05528307692307692
0.02232184615384615
0.10576799999999999
0.1800350769230769
0.22175815384615383
0.22530461538461538
0.19651569230769228
0.15249784615384615
0.10722830769230769
0.06258461538461538
0.022530461538461537
-0.013142769230769229
-0.04172307692307692
-0.05528307692307692
-0.059038153846153844
-0.06133292307692308
-0.06654830769230768
-0.07113784615384615
-0.06279323076923077
-0.04401784615384615
-0.02086153846153846
0.006675692307692307
0.026494153846153844
0.03838523076923077
0.04526953846153846
0.03671630769230769
0.017940923076923077
-0.015228923076923076
-0.05319692307692307
-0.07489292307692308
-0.09429415384615383
-0.07760492307692309
-0.05611753846153846
-0.008344615384615384
0.05027630769230769
0.13309661538461537
0.30019753846153846
0.3102110769230769
0.29748553846153847
0.2822566153846154
0.19463815384615382
0.18337292307692307
0.05319692307692307
-0.09325107692307691
-0.2582658461538461
-0.3978295384615384
-0.3744646153846154
-0.36027876923076924
-0.2832996923076923
-0.21487384615384614
-0.11327815384615383
0.10618523076923077
0.28434276923076923
0.46896738461538456
0.5284227692307693
0.4424732307692308
0.35631507692307696
0.19192615384615386
0.05194523076923077
-0.09512861538461538
-0.29581661538461534
-0.40513107692307687
-0.5334295384615384
-0.5757784615384615
-0.4549901538461538
-0.3243969230769231
-0.119328
0.059038153846153844
0.1846246153846154
0.31855569230769226
0.3836436923076923
0.4476886153846154
0.44998338461538456
0.3310726153846154
0.17648861538461538
0.007510153846153846
-0.1045163076923077
-0.19505538461538463
-0.31000246153846156
-0.3815575384615385
-0.4320424615384615
-0.3917796923076923
-0.27558092307692306
-0.1846246153846154
-0.0771876923076923
-0.0029206153846153843
0.07092923076923077
0.17711446153846155
0.222384
0.2624381538461539
0.2707827692307692
0.22822523076923076
0.21862892307692305
0.1787833846153846
0.12120553846153845
0.04401784615384615
-0.08115138461538463
-0.1856676923076923
-0.2789187692307692
-0.3246055384615385
-0.3141747692307692
-0.2578486153846154
-0.15291507692307693
-0.06425353846153846
0.07238953846153846
0.24470584615384613
0.38239199999999995
0.4994252307692308
0.5165316923076922
0.4685501538461538
0.39699507692307695
0.2670276923076923
0.13706030769230768
-0.034630153846153845
-0.21758584615384616
-0.344424
-0.43704923076923075
-0.4585366153846154
-0.4309993846153846
-0.3584012307692308
-0.20319138461538463
-0.01272553846153846
0.18066092307692305
0.3402516923076923
0.4401784615384615
0.5075612307692308
0.4852393846153846
0.39344861538461534
0.25284184615384614
0.04860738461538461
-0.12662953846153846
-0.28350830769230767
-0.39052800000000004
-0.3980381538461538
-0.355272
-0.22947692307692308
-0.06321046153846153
0.09596307692307693
0.2772498461538462
0.4309993846153846
0.5311347692307692
0.5570030769230769
0.5008855384615384
0.39282276923076925
0.24741784615384615
0.10013538461538461
-0.03275261538461539
-0.14853415384615384
-0.24470584615384613
-0.3160523076923077
-0.3285692307692308
-0.2849686153846154
-0.21007569230769232
-0.10722830769230769
-0.01814953846153846
0.06592246153846154
0.16876984615384616
0.23490092307692306
0.26160369230769226
0.24345415384615382
0.18712800000000002
0.14060676923076923
0.07468430769230769
-0.0014603076923076922
-0.08615815384615384
-0.18921415384615384
-0.26139507692307695
-0.3054129230769231
-0.30332676923076923
-0.260352
-0.20694646153846152
-0.13351384615384615
-0.06633969230769231
0.015020307692307692
0.10368184615384615
0.1696043076923077
0.23344061538461539
0.2497126153846154
0.2225926153846154
0.18754523076923074
0.1316363076923077
0.08156861538461539
0.016480615384615385
-0.08031692307692308
-0.1558356923076923
-0.20506892307692307
-0.21800307692307694
-0.20047938461538461
-0.17565415384615385
-0.127464
-0.062376
0.03629907692307692
0.14978584615384616
0.23385784615384617
0.2883064615384615
0.29185292307692307
0.26723630769230766
0.22467876923076924
0.14540492307692307
0.06487938461538462
-0.017315076923076923
-0.08761846153846153
-0.12350030769230769
-0.1435273846153846
-0.12704676923076924
-0.08010830769230769
-0.02858030769230769
0.03129230769230769
0.08177723076923075
0.1205796923076923
0.1502030769230769
0.143736
0.10806276923076923
0.045895384615384616
-0.028371692307692306
-0.0936683076923077
-0.13706030769230768
-0.15395815384615386
-0.16271999999999998
-0.15374953846153847
-0.12141415384615384
-0.06926030769230769
-0.013560000000000001
0.019609846153846155
0.03713353846153846
0.05069353846153846
0.05069353846153846
0.0448523076923077
0.022947692307692308
-0.007301538461538462
-0.018983999999999997
-0.01940123076923077
0.0016689230769230767
0.03609046153846154
0.07468430769230769
0.11891076923076922
0.154584
0.1800350769230769
0.19359507692307693
0.18399876923076922
0.16042523076923076
0.12099692307692309
0.073224
0.023990769230769232
-0.03442153846153846
-0.06988615384615385
-0.08177723076923075
-0.06863446153846153
-0.025659692307692307
0.016063384615384615
0.0717636923076923
0.13247076923076923
0.18399876923076922
0.22530461538461538
0.22154953846153846
0.1783661538461538
0.103056
0.0033378461538461535
-0.09950953846153845
-0.192552
-0.2655673846153846
-0.3143833846153846
-0.33295015384615384
-0.31104553846153843
-0.24595753846153845
-0.15771323076923077
-0.059038153846153844
0.024199384615384616
0.08240307692307691
0.12370892307692308
0.14874276923076923
0.16418030769230768
0.16063384615384615
0.13330523076923076
0.08699261538461538
0.03045784615384615
-0.020027076923076922
-0.059872615384615385
-0.09408553846153846
-0.1178676923076923
-0.12662953846153846
-0.10827138461538462
-0.07364123076923076
-0.042348923076923076
-0.013142769230769229
0.016480615384615385
0.055491692307692304
0.09450276923076922
0.12808984615384614
0.15520984615384617
0.16689230769230767
0.16188553846153847
0.14102399999999998
0.09596307692307693
0.03942830769230769
-0.029414769230769227
-0.10743692307692307
-0.1652233846153846
-0.20506892307692307
-0.20652923076923077
-0.17294215384615383
-0.12266584615384615
-0.04422646153846154
0.037967999999999995
0.1218313846153846
0.20423446153846153
0.2591003076923077
0.28204799999999997
0.26306399999999996
0.2073636923076923
0.1368516923076923
0.05277969230769231
-0.03379569230769231
-0.11473846153846154
-0.1846246153846154
-0.2275993846153846
-0.23969907692307693
-0.200688
-0.13226215384615383
-0.06905169230769231
0.0002086153846153846
0.05924676923076923
0.10722830769230769
0.13998092307692306
0.14311015384615386
0.12850707692307692
0.0934596923076923
0.06592246153846154
0.04756430769230769
0.026285538461538457
0.0043809230769230765
-0.021696
-0.030040615384615384
-0.018983999999999997
0.008136
0.046104
0.07197230769230768
0.08469784615384615
0.10013538461538461
0.10347323076923076
0.09784061538461537
0.07885661538461539
0.04088861538461538
0.014811692307692307
-0.0008344615384615384
0.015854769230769228
0.044435076923076924
0.059038153846153844
0.07218092307692307
0.06404492307692307
0.04672984615384615
0.01981846153846154
-0.015228923076923076
-0.05298830769230769
-0.10535076923076922
-0.15166338461538462
-0.18107815384615383
-0.18149538461538461
-0.1558356923076923
-0.1207883076923077
-0.08010830769230769
-0.04214030769230769
-0.007927384615384614
0.013768615384615384
0.011891076923076923
-0.017523692307692306
-0.05444861538461539
-0.09784061538461537
-0.13330523076923076
-0.14603076923076924
-0.15082892307692305
-0.13914646153846155
-0.10159569230769232
-0.03296123076923077
0.05298830769230769
0.13038461538461538
0.18066092307692305
0.20486030769230767
0.20256553846153844
0.1785747692307692
0.1356
0.07092923076923077
-0.0029206153846153843
-0.07030338461538461
-0.11181784615384616
-0.11306953846153844
-0.07134646153846153
-0.008970461538461538
0.06008123076923077
0.12934153846153845
0.19150892307692308
0.24074215384615386
0.2526332307692308
0.21758584615384616
0.143736
0.04714707692307692
-0.054657230769230764
-0.14164984615384615
-0.2021483076923077
-0.24574892307692306
-0.2526332307692308
-0.21904615384615383
-0.1449876923076923
-0.03567323076923076
0.0744756923076923
0.17398523076923075
0.24074215384615386
0.27412061538461535
0.27140861538461536
0.2225926153846154
0.13372246153846154
0.011056615384615385
-0.11432123076923076
-0.21862892307692305
-0.2780843076923077
-0.2853858461538461
-0.2572227692307692
-0.19755876923076923
-0.1097316923076923
0.0006258461538461538
0.11202646153846153
0.19526400000000002
0.23156307692307693
0.22676492307692306
0.1927606153846154
0.14457046153846154
0.09450276923076922
0.03921969230769231
-0.022947692307692308
-0.07948246153846153
-0.1136953846153846
-0.124752
-0.111192
-0.08699261538461538
-0.06362769230769232
-0.03775938461538462
-0.01043076923076923
0.027120000000000002
0.06341907692307691
0.08240307692307691
0.08428061538461538
0.0771876923076923
0.06967753846153846
0.06654830769230768
0.05736923076923077
0.029414769230769227
-0.0016689230769230767
-0.021696
-0.01856676923076923
0.007927384615384614
0.03713353846153846
0.065088
0.10055261538461538
0.13706030769230768
0.1704387692307692
0.18545907692307692
0.16793538461538463
0.12767261538461538
0.07343261538461537
0.02899753846153846
0.0006258461538461538
-0.016063384615384615
-0.026911384615384615
-0.03984553846153846
-0.042974769230769226
-0.03504738461538461
-0.017315076923076923
0.0022947692307692304
0.011265230769230769
0.021904615384615383
0.04401784615384615
0.073224
0.11348676923076922
0.14728246153846153
0.16418030769230768
0.16459753846153846
0.143736
0.1218313846153846
0.08156861538461539
0.00855323076923077
-0.07697907692307693
-0.16438892307692307
-0.21320492307692307
-0.2238443076923077
-0.21508246153846153
-0.19526400000000002
-0.1733593846153846
-0.12329169230769231
-0.06487938461538462
0.014603076923076923
0.06821723076923077
0.08991323076923076
0.0974233846153846
0.09846646153846153
0.11306953846153844
0.11244369230769231
0.19442953846153843
0.13601723076923075
0.0002086153846153846
-0.048816000000000005
-0.154584
-0.14164984615384615
-0.206112
-0.31626092307692305
-0.3692492307692308
-0.4291218461538462
-0.27182584615384614
-0.11870215384615385
0.016897846153846156
0.12725538461538463
0.16167692307692308
0.3229366153846154
0.4220289230769231
0.4925409230769231
0.46291753846153844
0.24303692307692307
0.09658892307692307
-0.073224
-0.18942276923076923
-0.2482523076923077
-0.3886504615384615
-0.38572984615384615
-0.3780110769230769
-0.33253292307692306
-0.12537784615384615
-0.005632615384615384
0.14394461538461537
0.26076923076923075
0.29873723076923075
0.3784283076923077
0.3542289230769231
0.34046030769230773
0.3195987692307692
0.19025723076923076
0.07510153846153846
-0.05090215384615384
-0.11870215384615385
-0.14916
-0.22989415384615383
-0.26368984615384616
-0.29331323076923077
-0.24449723076923074
-0.1045163076923077
-0.018775384615384614
0.07802215384615384
0.14916
0.20506892307692307
0.3054129230769231
0.32961230769230765
0.3383741538461538
0.3319070769230769
0.2618123076923077
0.24637476923076923
0.21466523076923077
0.1489513846153846
0.06696553846153847
-0.06028984615384615
-0.146448
-0.2209236923076923
-0.2799618461538461
-0.29414769230769233
-0.26222953846153846
-0.14978584615384616
-0.03045784615384615
0.12308307692307692
0.30207507692307695
0.41681353846153846
0.5113163076923077
0.5221643076923077
0.44998338461538456
0.34588430769230766
0.16480615384615382
-0.002086153846153846
-0.1691870769230769
-0.3333673846153846
-0.4042966153846154
-0.43663199999999996
-0.4049224615384615
-0.3179298461538461
-0.20486030769230767
-0.038176615384615385
0.12245723076923076
0.25367630769230765
0.3350363076923077
0.35235138461538457
0.3650769230769231
0.3421292307692308
0.2716172307692308
0.17023015384615386
0.009804923076923077
-0.10493353846153847
-0.1860849230769231
-0.2509643076923077
-0.24449723076923074
-0.24199384615384617
-0.19651569230769228
-0.11765907692307691
-0.052153846153846155
0.043600615384615383
0.111192
0.14707384615384617
0.1585476923076923
0.13768615384615385
0.12391753846153845
0.08907876923076924
0.054657230769230764
0.03421292307692308
0.010848
0.0014603076923076922
-0.034630153846153845
-0.06905169230769231
-0.0974233846153846
-0.15145476923076923
-0.1787833846153846
-0.2125790769230769
-0.23615261538461538
-0.21487384615384614
-0.18650215384615382
-0.1356
-0.09325107692307691
-0.06529661538461538
-0.017940923076923077
0.02273907692307692
0.040262769230769234
0.03588184615384615
-0.0006258461538461538
-0.03942830769230769
-0.07593599999999999
-0.11160923076923077
-0.13309661538461537
-0.16584923076923075
-0.17565415384615385
-0.1783661538461538
-0.17690584615384616
-0.1489513846153846
-0.12808984615384614
-0.07280676923076923
-0.014394461538461538
0.019609846153846155
0.062376
0.08490646153846154
0.11244369230769231
0.14206707692307693
0.12600369230769232
0.10472492307692308
0.07781353846153846
0.053614153846153846
0.07113784615384615
0.08699261538461538
0.09784061538461537
0.09533723076923077
0.08824430769230769
0.09596307692307693
0.08699261538461538
0.07426707692307692
0.04547815384615384
0.006884307692307692
-0.008136
-0.017523692307692306
-0.0012516923076923076
0.032544
0.05319692307692307
0.08386338461538462
0.0988836923076923
0.10785415384615385
0.1287156923076923
0.12391753846153845
0.09596307692307693
0.04193169230769231
-0.015646153846153844
-0.04860738461538461
-0.07593599999999999
-0.09909230769230769
-0.119328
-0.1422756923076923
-0.14123261538461537
-0.10055261538461538
-0.024199384615384616
0.053614153846153846
0.11098338461538461
0.17648861538461538
0.23135446153846154
0.27286892307692306
0.2870547692307692
0.25346769230769234
0.20402584615384614
0.119328
0.029832
-0.03692492307692308
-0.10222153846153846
-0.14665661538461539
-0.17231630769230769
-0.1718990769230769
-0.13226215384615383
-0.06946892307692307
0.00855323076923077
0.0855323076923077
0.14206707692307693
0.18170399999999998
0.20652923076923077
0.2154996923076923
0.18754523076923074
0.12496061538461539
0.0448523076923077
-0.04172307692307692
-0.10827138461538462
-0.15896492307692306
-0.1942209230769231
-0.2236356923076923
-0.24720923076923076
-0.222384
-0.1585476923076923
-0.08386338461538462
-0.00855323076923077
0.03296123076923077
0.056326153846153845
0.07969107692307692
0.09012184615384615
0.08866153846153846
0.06550523076923077
0.030875076923076922
-0.003129230769230769
-0.027120000000000002
-0.03212676923076923
-0.03775938461538462
-0.042974769230769226
-0.03838523076923077
-0.03650769230769231
-0.025033846153846153
-0.010013538461538461
-0.004589538461538461
-0.003963692307692307
-0.017732307692307693
-0.021070153846153846
-0.009179076923076922
0.006467076923076923
0.038176615384615385
0.06321046153846153
0.08344615384615384
0.10555938461538462
0.12099692307692309
0.14060676923076923
0.13893784615384613
0.11098338461538461
0.07572738461538461
0.03358707692307692
0.0014603076923076922
-0.031918153846153846
-0.06300184615384616
-0.07906523076923076
-0.09053907692307692
-0.06967753846153846
-0.027328615384615382
0.011682461538461537
0.03775938461538462
0.05194523076923077
0.07030338461538461
0.08720123076923077
0.09596307692307693
0.0853236923076923
0.051528
0.012099692307692308
-0.03024923076923077
-0.06258461538461538
-0.07614461538461538
-0.08574092307692306
-0.07843938461538462
-0.07051199999999999
-0.059038153846153844
-0.03233538461538461
-0.01856676923076923
-0.02023569230769231
-0.03400430769230769
-0.04631261538461538
-0.04380923076923077
-0.041514461538461535
-0.035464615384615386
-0.021487384615384613
-0.004589538461538461
0.02586830769230769
0.06300184615384616
0.09867507692307692
0.11807630769230769
0.11035753846153845
0.08866153846153846
0.06717415384615384
0.05298830769230769
0.03609046153846154
0.02315630769230769
0.016480615384615385
0.01940123076923077
0.03859384615384615
0.06571384615384615
0.09179076923076923
0.11849353846153846
0.15354092307692307
0.1923433846153846
0.22989415384615383
0.25117292307692307
0.2436627692307692
0.20652923076923077
0.1435273846153846
0.062376
-0.017940923076923077
-0.09471138461538461
-0.17398523076923075
-0.22676492307692306
-0.24887815384615386
-0.23344061538461539
-0.1787833846153846
-0.092208
0.024616615384615383
0.14123261538461537
0.24178523076923078
0.30854215384615385
0.33315876923076926
0.30854215384615385
0.23156307692307693
0.12662953846153846
0.015437538461538461
-0.0974233846153846
-0.20027076923076922
-0.28434276923076923
-0.33649661538461534
-0.3350363076923077
-0.28768061538461537
-0.19839323076923077
-0.09325107692307691
0.01814953846153846
0.13038461538461538
0.22551323076923077
0.29769415384615383
0.3350363076923077
0.32877784615384614
0.26911384615384615
0.17711446153846155
0.07259815384615384
-0.03713353846153846
-0.15333230769230768
-0.2578486153846154
-0.3304467692307692
-0.3721698461538462
-0.3623649230769231
-0.3004061538461538
-0.19735015384615384
-0.08177723076923075
0.041514461538461535
0.1721076923076923
0.28392553846153845
0.36945784615384614
0.40554830769230765
0.3890676923076923
0.3294036923076923
0.23803015384615384
0.13747753846153846
0.03400430769230769
-0.07134646153846153
-0.15792184615384616
-0.2127876923076923
-0.2261390769230769
-0.19630707692307692
-0.14936861538461538
-0.09491999999999999
-0.028788923076923077
0.06258461538461538
0.15917353846153848
0.23656984615384613
0.29498215384615384
0.3068732307692308
0.27787569230769227
0.22342707692307692
0.14457046153846154
0.05194523076923077
-0.06133292307692308
-0.17169046153846151
-0.2559710769230769
-0.30583015384615386
-0.3193901538461538
-0.29873723076923075
-0.25012984615384615
-0.184416
-0.0961716923076923
0.005215384615384615
0.10597661538461538
0.18128676923076922
0.21153599999999997
0.2056947692307692
0.18629353846153843
0.15520984615384617
0.10952307692307692
0.04965046153846154
-0.021904615384615383
-0.08219446153846154
-0.1353913846153846
-0.1779489230769231
-0.19755876923076923
-0.20652923076923077
-0.19296923076923078
-0.1639716923076923
-0.11828492307692307
-0.04944184615384615
0.014185846153846153
0.06800861538461538
0.10618523076923077
0.132888
0.14790830769230767
0.14311015384615386
0.11056615384615384
0.04839876923076923
-0.017523692307692306
-0.07405846153846153
-0.11181784615384616
-0.13643446153846153
-0.15145476923076923
-0.157296
-0.1353913846153846
-0.08907876923076924
-0.03755076923076923
0.010848
0.040054153846153843
0.06404492307692307
0.08574092307692306
0.10910584615384614
0.12391753846153845
0.1207883076923077
0.10994030769230768
0.09491999999999999
0.09533723076923077
0.11077476923076923
0.12621230769230768
0.1368516923076923
0.13601723076923075
0.130176
0.13101046153846155
0.12767261538461538
0.11348676923076922
0.084072
0.02753723076923077
-0.03859384615384615
-0.11807630769230769
-0.20277415384615383
-0.2883064615384615
-0.39866399999999996
-0.3980381538461538
-0.2920615384615385
-0.09971815384615385
0.20131384615384615
0.4679243076923077
0.7412104615384615
0.9598393846153846
1.0747864615384615
1.1135889230769231
0.9648461538461538
0.6544264615384615
0.2705741538461538
-0.12412615384615384
-0.4620830769230769
-0.7188886153846153
-0.8947513846153846
-0.9671409230769231
-0.9072683076923076
-0.6813378461538461
-0.3442153846153846
0.029414769230769227
0.3692492307692308
0.5839144615384615
0.7126301538461539
0.7036596923076923
0.5816196923076923
0.3767593846153846
0.003129230769230769
-0.3565236923076923
-0.6558867692307692
-0.8617901538461538
-0.8697175384615384
-0.7975366153846153
-0.6189618461538461
-0.38593846153846156
-0.1948467692307692
0.03671630769230769
0.20548615384615385
0.2734947692307692
0.28851507692307693
0.2140393846153846
0.16710092307692306
0.14999446153846155
0.14999446153846155
0.17982646153846152
0.13664307692307692
0.06633969230769231
-0.023990769230769232
-0.11411261538461538
-0.16418030769230768
-0.2526332307692308
-0.3216849230769231
-0.3684147692307692
-0.4134756923076923
-0.3815575384615385
-0.3540203076923077
-0.32231076923076923
-0.25012984615384615
-0.1710646153846154
-0.015854769230769228
0.1777403076923077
0.3636166153846153
0.5336381538461539
0.6087396923076923
0.5757784615384615
0.4539470769230769
0.23448369230769228
-0.06821723076923077
-0.4076344615384615
-0.6921858461538462
-0.8778535384615384
-0.9258350769230769
-0.8156861538461538
-0.5891298461538461
-0.2632726153846154
0.0880356923076923
0.42411507692307693
0.7207661538461537
0.8897446153846154
0.9285470769230769
0.8471870769230769
0.6579729230769231
0.4220289230769231
0.1422756923076923
-0.13497415384615385
-0.3567323076923076
-0.5148627692307692
-0.5640959999999999
-0.5250849230769231
-0.40617415384615385
-0.21508246153846153
-0.010013538461538461
0.2125790769230769
0.4076344615384615
0.5449033846153846
0.6056104615384615
0.5509532307692308
0.4522781538461538
0.31083692307692307
0.1395636923076923
0.006049846153846154
-0.12099692307692309
-0.19651569230769228
-0.20027076923076922
-0.1693956923076923
-0.08761846153846153
-0.011891076923076923
0.03233538461538461
0.05090215384615384
0.03755076923076923
0.030040615384615384
0.03379569230769231
0.03880246153846154
0.044435076923076924
0.05924676923076923
0.10138707692307691
0.1543753846153846
0.21800307692307694
0.2695310769230769
0.2768326153846154
0.25346769230769234
0.19964492307692308
0.12683815384615382
0.042557538461538466
-0.06988615384615385
-0.1802436923076923
-0.2620209230769231
-0.3141747692307692
-0.2997803076923077
-0.2303113846153846
-0.13184492307692308
-0.005215384615384615
0.12391753846153845
0.2586830769230769
0.38239199999999995
0.4558246153846154
0.46437784615384614
0.40742584615384614
0.295608
0.1356
-0.03775938461538462
-0.20277415384615383
-0.3540203076923077
-0.46771569230769233
-0.5244590769230769
-0.5017199999999999
-0.4030449230769231
-0.25513661538461535
-0.07426707692307692
0.11953661538461538
0.29227015384615385
0.42953907692307686
0.5100646153846153
0.5242504615384616
0.4733483076923077
0.36778892307692307
0.233232
0.09804923076923076
-0.011265230769230769
-0.09992676923076924
-0.15750461538461538
-0.1856676923076923
-0.1869193846153846
-0.16188553846153847
-0.12558646153846154
-0.08490646153846154
-0.045060923076923075
-0.011473846153846154
0.006049846153846154
0.011682461538461537
0.01940123076923077
0.03024923076923077
0.04672984615384615
0.07510153846153846
0.11035753846153845
0.14540492307692307
0.16334584615384617
0.17231630769230769
0.17690584615384616
0.16751815384615384
0.14123261538461537
0.09074769230769231
0.02482523076923077
-0.041514461538461535
-0.09763200000000001
-0.13309661538461537
-0.14018953846153845
-0.12516923076923075
-0.07593599999999999
0.004172307692307692
0.09304246153846155
0.17690584615384616
0.233232
0.2526332307692308
0.23281476923076924
0.18379015384615385
0.11724184615384614
0.03150092307692308
-0.059872615384615385
-0.15145476923076923
-0.2207150769230769
-0.25138153846153843
-0.249504
-0.19985353846153847
-0.12433476923076923
-0.04839876923076923
0.02232184615384615
0.09074769230769231
0.1506203076923077
0.1691870769230769
0.1435273846153846
0.07656184615384615
-0.012099692307692308
-0.09867507692307692
-0.1785747692307692
-0.24011630769230768
-0.28100492307692304
-0.2897667692307692
-0.25555384615384613
-0.184416
-0.08574092307692306
0.006884307692307692
0.07259815384615384
0.12120553846153845
0.14978584615384616
0.16334584615384617
0.15687876923076924
0.1207883076923077
0.065088
-0.005632615384615384
-0.06341907692307691
-0.10159569230769232
-0.12850707692307692
-0.13935507692307691
-0.14540492307692307
-0.12975876923076923
-0.0892873846153846
-0.042557538461538466
0.0029206153846153843
0.03567323076923076
0.04902461538461538
0.04214030769230769
0.028788923076923077
0.003755076923076923
-0.03275261538461539
-0.07531015384615385
-0.11140061538461538
-0.12433476923076923
-0.11557292307692307
-0.07739630769230768
-0.026702769230769228
0.01940123076923077
0.06049846153846154
0.10076123076923077
0.14290153846153844
0.17023015384615386
0.17294215384615383
0.15771323076923077
0.12683815384615382
0.09679753846153846
0.07134646153846153
0.03692492307692308
0.011265230769230769
-0.007510153846153846
-0.006258461538461538
0.014811692307692307
0.031709538461538456
0.04965046153846154
0.05069353846153846
0.047772923076923074
0.058412307692307694
0.0678
0.07823076923076923
0.07656184615384615
0.07197230769230768
0.0771876923076923
0.08156861538461539
0.08740984615384616
0.07238953846153846
0.03755076923076923
-0.004798153846153846
-0.05924676923076923
-0.09763200000000001
-0.12454338461538461
-0.14686523076923075
-0.15959076923076923
-0.1652233846153846
-0.14665661538461539
-0.10994030769230768
-0.07155507692307693
-0.035464615384615386
-0.015854769230769228
0.0
0.02315630769230769
0.04401784615384615
0.06529661538461538
0.06362769230769232
0.04693846153846153
0.026702769230769228
0.0043809230769230765
-0.013142769230769229
-0.047772923076923074
-0.09992676923076924
-0.1476996923076923
-0.1760713846153846
-0.1785747692307692
-0.16167692307692308
-0.14311015384615386
-0.124752
-0.10743692307692307
-0.0744756923076923
-0.026076923076923077
0.015854769230769228
0.05194523076923077
0.06529661538461538
0.07572738461538461
0.09408553846153846
0.11056615384615384
0.12955015384615384
0.12913292307692306
0.10868861538461538
0.07781353846153846
0.046104
0.022530461538461537
-0.005424
-0.035464615384615386
-0.05507446153846154
-0.05382276923076923
-0.014603076923076923
0.04631261538461538
0.11056615384615384
0.16334584615384617
0.1923433846153846
0.2140393846153846
0.2238443076923077
0.20673784615384616
0.15833907692307692
0.07697907692307693
-0.021278769230769233
-0.10576799999999999
-0.1712732307692308
-0.2059033846153846
-0.21362215384615382
-0.20444307692307692
-0.15520984615384617
-0.08094276923076923
0.010848
0.10138707692307691
0.16167692307692308
0.20444307692307692
0.22864246153846152
0.2424110769230769
0.2369870769230769
0.19588984615384614
0.13497415384615385
0.061750153846153844
-0.008344615384615384
-0.06633969230769231
-0.11306953846153844
-0.15082892307692305
-0.19004861538461537
-0.21091015384615383
-0.1908830769230769
-0.14102399999999998
-0.06821723076923077
0.016480615384615385
0.0961716923076923
0.1775316923076923
0.2509643076923077
0.30708184615384615
0.33524492307692305
0.31646953846153847
0.2659846153846154
0.1908830769230769
0.11473846153846154
0.03483876923076923
-0.06425353846153846
-0.15833907692307692
-0.24199384615384617
-0.2979027692307692
-0.3160523076923077
-0.3022836923076923
-0.25951753846153847
-0.18858830769230767
-0.09491999999999999
0.015020307692307692
0.12934153846153845
0.23239753846153846
0.28955815384615385
0.2979027692307692
0.27328615384615385
0.20360861538461536
0.10535076923076922
-0.020027076923076922
-0.15103753846153847
-0.25972615384615383
-0.3346190769230769
-0.3490135384615385
-0.31083692307692307
-0.23469230769230767
-0.13080184615384613
-0.01668923076923077
0.10055261538461538
0.2073636923076923
0.2914356923076923
0.33899999999999997
0.34066892307692304
0.31250584615384613
0.26306399999999996
0.19025723076923076
0.10055261538461538
0.0004172307692307692
-0.10222153846153846
-0.1787833846153846
-0.22113230769230768
-0.23093723076923076
-0.21111876923076925
-0.17169046153846151
-0.10159569230769232
-0.01043076923076923
0.0880356923076923
0.17711446153846155
0.2532590769230769
0.3152178461538461
0.3369138461538461
0.3243969230769231
0.2906012307692308
0.23907323076923076
0.168144
0.08386338461538462
0.010013538461538461
-0.059038153846153844
-0.124752
-0.16876984615384616
-0.19651569230769228
-0.20423446153846153
-0.1927606153846154
-0.15479261538461536
-0.084072
-0.006258461538461538
0.07051199999999999
0.1356
0.184416
0.214248
0.21153599999999997
0.1783661538461538
0.12287446153846153
0.05277969230769231
-0.019192615384615384
-0.08845292307692308
-0.1506203076923077
-0.19672430769230767
-0.2236356923076923
-0.21696000000000001
-0.1777403076923077
-0.12662953846153846
-0.06821723076923077
-0.006049846153846154
0.024408000000000003
0.05611753846153846
0.103056
0.13351384615384615
0.18170399999999998
0.21883753846153844
0.24512307692307692
0.25701415384615384
0.24574892307692306
0.22947692307692308
0.18775384615384613
0.17669723076923077
0.13309661538461537
0.033169846153846154
-0.041514461538461535
-0.09554584615384615
-0.14978584615384616
-0.19881046153846152
-0.2480436923076923
-0.3068732307692308
-0.3193901538461538
-0.2638984615384615
-0.15354092307692307
-0.04109723076923077
0.06926030769230769
0.17169046153846151
0.24866953846153847
0.31229723076923077
0.3087507692307692
0.24574892307692306
0.11348676923076922
-0.05298830769230769
-0.18212123076923076
-0.3077076923076923
-0.3882332307692308
-0.41910830769230767
-0.40095876923076923
-0.3152178461538461
-0.21195323076923075
-0.06258461538461538
0.0988836923076923
0.21362215384615382
0.31918153846153846
0.38593846153846156
0.3980381538461538
0.3790541538461539
0.3127144615384615
0.2225926153846154
0.08949599999999999
-0.07072061538461538
-0.19672430769230767
-0.28809784615384615
-0.32314523076923074
-0.32085046153846153
-0.287472
-0.20673784615384616
-0.100344
0.03504738461538461
0.16313723076923078
0.25054707692307693
0.309168
0.32001599999999997
0.30332676923076923
0.2689052307692308
0.20152246153846154
0.127464
0.03942830769230769
-0.05486584615384615
-0.12016246153846154
-0.1787833846153846
-0.22467876923076924
-0.2422024615384615
-0.25054707692307693
-0.22947692307692308
-0.1858763076923077
-0.11974523076923077
-0.027745846153846152
0.07218092307692307
0.1543753846153846
0.19568123076923075
0.22989415384615383
0.2355267692307692
0.20339999999999997
0.15416676923076922
0.06988615384615385
-0.022947692307692308
-0.10535076923076922
-0.165432
-0.19651569230769228
-0.21654276923076923
-0.20798953846153845
-0.16480615384615382
-0.11056615384615384
-0.042348923076923076
0.04130584615384615
0.12621230769230768
0.20652923076923077
0.252216
0.26097784615384617
0.24491446153846153
0.20047938461538461
0.13768615384615385
0.052571076923076915
-0.03024923076923077
-0.09575446153846154
-0.13622584615384614
-0.12808984615384614
-0.09763200000000001
-0.05069353846153846
0.014394461538461538
0.073224
0.13038461538461538
0.16793538461538463
0.1710646153846154
0.154584
0.10910584615384614
0.042557538461538466
-0.02023569230769231
-0.0744756923076923
-0.12016246153846154
-0.15500123076923078
-0.1710646153846154
-0.165432
-0.1489513846153846
-0.11327815384615383
-0.06967753846153846
-0.03045784615384615
0.003755076923076923
0.023364923076923075
0.041514461538461535
0.04109723076923077
0.03337846153846154
0.03859384615384615
0.03838523076923077
0.034630153846153845
0.022947692307692308
0.013560000000000001
0.008970461538461538
0.015646153846153844
0.03150092307692308
0.035464615384615386
0.042974769230769226
0.04985907692307692
0.05507446153846154
0.05862092307692307
0.05298830769230769
0.047772923076923074
0.03567323076923076
0.019609846153846155
0.010848
0.007510153846153846
0.008344615384615384
0.014394461538461538
0.010848
0.0002086153846153846
-0.0002086153846153846
0.0
0.003755076923076923
-0.004798153846153846
-0.03504738461538461
-0.052571076923076915
-0.058829538461538454
-0.05507446153846154
-0.04193169230769231
-0.03567323076923076
-0.027745846153846152
-0.030040615384615384
-0.021904615384615383
-0.012516923076923077
-0.029623384615384614
-0.047981538461538464
-0.07823076923076923
-0.09074769230769231
-0.08198584615384615
-0.06842584615384616
-0.03921969230769231
-0.017315076923076923
0.01043076923076923
0.04652123076923077
0.08845292307692308
0.13226215384615383
0.16042523076923076
0.1597993846153846
0.14102399999999998
0.11828492307692307
0.09074769230769231
0.061124307692307686
0.022530461538461537
-0.016063384615384615
-0.050067692307692306
-0.07155507692307693
-0.06383630769230769
-0.041514461538461535
-0.010848
0.015020307692307692
0.03942830769230769
0.07781353846153846
0.10910584615384614
0.12516923076923075
0.11745046153846153
0.09700615384615385
0.08094276923076923
0.054240000000000003
0.032544
0.012308307692307691
-0.01710646153846154
-0.026911384615384615
-0.02482523076923077
-0.011056615384615385
0.006258461538461538
0.013768615384615384
0.021904615384615383
0.021904615384615383
0.027745846153846152
0.031709538461538456
0.02315630769230769
0.01668923076923077
0.0035464615384615383
-0.0012516923076923076
-0.006467076923076923
-0.019609846153846155
-0.022947692307692308
-0.037967999999999995
-0.04380923076923077
-0.040262769230769234
-0.03692492307692308
-0.02044430769230769
-0.01668923076923077
-0.012099692307692308
-0.005632615384615384
-0.0012516923076923076
0.01814953846153846
0.04047138461538462
0.06759138461538462
0.09262523076923077
0.11807630769230769
0.15082892307692305
0.1637630769230769
0.15833907692307692
0.12913292307692306
0.07948246153846153
0.038176615384615385
0.005632615384615384
-0.024199384615384616
-0.043392
-0.04547815384615384
-0.03108369230769231
0.006258461538461538
0.050067692307692306
0.08699261538461538
0.10493353846153847
0.10889723076923077
0.1097316923076923
0.0974233846153846
0.08490646153846154
0.058412307692307694
0.027120000000000002
0.007510153846153846
-0.008344615384615384
-0.011265230769230769
-0.011473846153846154
-0.023364923076923075
-0.03880246153846154
-0.04318338461538461
-0.03150092307692308
-0.010222153846153844
0.011056615384615385
0.04172307692307692
0.06696553846153847
0.092208
0.12433476923076923
0.13789476923076924
0.1422756923076923
0.12141415384615384
0.0826116923076923
0.04547815384615384
0.022947692307692308
0.01981846153846154
0.006884307692307692
-0.00855323076923077
-0.01710646153846154
-0.016063384615384615
-0.0050067692307692304
0.002712
-0.0014603076923076922
-0.014603076923076923
-0.021696
-0.009179076923076922
0.013768615384615384
0.01940123076923077
0.010013538461538461
-0.012308307692307691
-0.03567323076923076
-0.058412307692307694
-0.09930092307692308
-0.14477907692307693
-0.19463815384615382
-0.22864246153846152
-0.23177169230769232
-0.21091015384615383
-0.1718990769230769
-0.12308307692307692
-0.06362769230769232
0.006884307692307692
0.0853236923076923
0.15792184615384616
0.20715507692307691
0.214248
0.18712800000000002
0.13768615384615385
0.07969107692307692
0.016063384615384615
-0.04839876923076923
-0.09992676923076924
-0.13059323076923077
-0.12516923076923075
-0.08115138461538463
-0.008344615384615384
0.07468430769230769
0.1570873846153846
0.23198030769230768
0.28809784615384615
0.3152178461538461
0.3102110769230769
0.2626467692307692
0.17711446153846155
0.07280676923076923
-0.027745846153846152
-0.10493353846153847
-0.165432
-0.20778092307692309
-0.21508246153846153
-0.1783661538461538
-0.10368184615384615
-0.0070929230769230765
0.07885661538461539
0.13893784615384613
0.17440246153846153
0.18066092307692305
0.1639716923076923
0.12266584615384615
0.05236246153846154
-0.030875076923076922
-0.10347323076923076
-0.13747753846153846
-0.13664307692307692
-0.11202646153846153
-0.06654830769230768
-0.015854769230769228
0.03984553846153846
0.08469784615384615
0.10722830769230769
0.1045163076923077
0.06529661538461538
0.0016689230769230767
-0.05820369230769231
-0.10347323076923076
-0.13372246153846154
-0.15291507692307693
-0.14728246153846153
-0.10889723076923077
-0.054240000000000003
0.021278769230769233
0.08887015384615385
0.12829846153846153
0.14853415384615384
0.14164984615384615
0.12600369230769232
0.09429415384615383
0.04318338461538461
-0.013768615384615384
-0.07593599999999999
-0.1151556923076923
-0.12725538461538463
-0.12162276923076921
-0.09909230769230769
-0.06821723076923077
-0.024199384615384616
0.029623384615384614
0.08031692307692308
0.12308307692307692
0.14081538461538462
0.132888
0.10785415384615385
0.06905169230769231
0.03609046153846154
-0.006884307692307692
-0.06154153846153846
-0.11140061538461538
-0.14290153846153844
-0.1358086153846154
-0.11202646153846153
-0.073224
-0.028163076923076923
0.008136
0.041514461538461535
0.06425353846153846
0.07843938461538462
0.07072061538461538
0.04318338461538461
0.017940923076923077
0.002086153846153846
-0.0035464615384615383
-0.0043809230769230765
-0.0043809230769230765
0.0014603076923076922
0.015646153846153844
0.040054153846153843
0.06988615384615385
0.08949599999999999
0.0988836923076923
0.09825784615384614
0.09283384615384616
0.08761846153846153
0.07489292307692308
0.056951999999999996
0.03400430769230769
0.0043809230769230765
-0.016897846153846156
-0.030875076923076922
-0.041514461538461535
-0.042974769230769226
-0.04672984615384615
-0.037967999999999995
-0.017315076923076923
0.013768615384615384
0.043392
0.04401784615384615
0.03150092307692308
0.005841230769230769
-0.02586830769230769
-0.065088
-0.11411261538461538
-0.16021661538461537
-0.20256553846153844
-0.2225926153846154
-0.21049292307692305
-0.17169046153846151
-0.11452984615384615
-0.05111076923076923
0.018983999999999997
0.092208
0.15938215384615384
0.208824
0.2236356923076923
0.2021483076923077
0.15646153846153846
0.10159569230769232
0.04693846153846153
-0.017940923076923077
-0.073224
-0.11244369230769231
-0.12412615384615384
-0.09283384615384616
-0.043600615384615383
0.026494153846153844
0.09533723076923077
0.1449876923076923
0.16209415384615386
0.15479261538461536
0.10889723076923077
0.03921969230769231
-0.06008123076923077
-0.1802436923076923
-0.2647329230769231
-0.306456
-0.26118646153846153
-0.11891076923076922
0.11807630769230769
0.3049956923076923
0.5058923076923076
0.7226436923076922
0.8686744615384615
0.9894627692307691
0.8970461538461538
0.6656916923076922
0.301032
-0.12996738461538462
-0.5038061538461538
-0.9124836923076923
-1.2118467692307693
-1.402104
-1.3952196923076923
-1.133616
-0.7311969230769231
-0.16167692307692308
0.39011076923076926
0.8784793846153847
1.2786036923076922
1.4584301538461537
1.4646886153846153
1.2199827692307692
0.7731286153846153
0.25805723076923076
-0.3548547692307692
-0.8755587692307691
-1.2335427692307692
-1.4586387692307692
-1.43736
-1.2700504615384614
-0.9450276923076923
-0.49045476923076925
-0.012099692307692308
0.511524923076923
0.9391864615384615
1.2070486153846154
1.3282541538461539
1.2642092307692308
1.0860516923076924
0.7825163076923077
0.3740473846153846
-0.041514461538461535
-0.45624184615384616
-0.7581083076923077
-0.9398123076923076
-1.0238843076923076
-0.9700615384615384
-0.8388424615384614
-0.6089483076923077
-0.3079163076923077
-0.013768615384615384
0.2962338461538461
0.5655563076923077
0.7725027692307692
0.9477396923076924
1.0245101538461538
1.0042744615384616
0.8718036923076923
0.6304356923076923
0.32627446153846157
-0.04631261538461538
-0.4276615384615384
-0.7731286153846153
-1.0401563076923077
-1.1955747692307692
-1.2337513846153845
-1.0866775384615384
-0.7781353846153846
-0.360696
0.15813046153846153
0.6761224615384615
1.1446726153846154
1.500361846153846
1.6657938461538462
1.659118153846154
1.422131076923077
0.9990590769230768
0.47355692307692304
-0.12245723076923076
-0.6811292307692307
-1.1500966153846153
-1.461768
-1.5625292307692307
-1.461350769230769
-1.160318769230769
-0.7009476923076923
-0.12642092307692307
0.5000510769230769
1.0558024615384616
1.4713643076923075
1.6833175384615384
1.6528596923076924
1.4169156923076924
0.9880024615384615
0.45040061538461534
-0.12224861538461537
-0.6859273846153845
-1.1348676923076924
-1.434648
-1.5579396923076922
-1.465523076923077
-1.1984953846153845
-0.7958676923076923
-0.309168
0.18525046153846153
0.625428923076923
0.9485741538461537
1.1348676923076924
1.1690806153846154
1.049126769230769
0.8012916923076924
0.46312615384615385
0.10409907692307692
-0.23406646153846156
-0.5054750769230769
-0.6746621538461538
-0.7666615384615384
-0.7639495384615383
-0.6621452307692308
-0.49546153846153845
-0.2897667692307692
-0.073224
0.1314276923076923
0.31834707692307695
0.4620830769230769
0.5453206153846154
0.5845403076923077
0.5643046153846153
0.49733907692307694
0.3972036923076923
0.265776
0.11098338461538461
-0.05757784615384615
-0.22029784615384615
-0.38698153846153843
-0.536976
-0.6506713846153847
-0.710544
-0.6907255384615385
-0.6191704615384614
-0.4925409230769231
-0.30144923076923075
-0.06821723076923077
0.20944984615384615
0.4814843076923077
0.693228923076923
0.8231963076923076
0.8448923076923077
0.7787612307692308
0.6225083076923077
0.3811403076923077
0.08824430769230769
-0.22989415384615383
-0.5061009230769231
-0.6978184615384615
-0.7879403076923077
-0.7689563076923076
-0.6596418461538461
-0.46437784615384614
-0.20548615384615385
0.08323753846153846
0.3669544615384615
0.5887126153846154
0.71868
0.7466344615384616
0.6777913846153846
0.5471981538461539
0.3682061538461538
0.15416676923076922
-0.06654830769230768
-0.2632726153846154
-0.38656430769230765
-0.4326683076923077
-0.4111809230769231
-0.3375396923076923
-0.25284184615384614
-0.16000799999999998
-0.05653476923076922
0.04985907692307692
0.1356
0.17440246153846153
0.17169046153846151
0.1489513846153846
0.132888
0.12934153846153845
0.1136953846153846
0.08949599999999999
0.061750153846153844
0.03775938461538462
0.03024923076923077
0.02023569230769231
-0.003963692307692307
-0.051319384615384614
-0.11286092307692308
-0.15771323076923077
-0.17690584615384616
-0.17398523076923075
-0.15500123076923078
-0.1218313846153846
-0.05444861538461539
0.04735569230769231
0.17461107692307692
0.30854215384615385
0.4015846153846154
0.43976123076923074
0.4178566153846154
0.3373310769230769
0.21654276923076923
0.059872615384615385
-0.11557292307692307
-0.2953993846153846
-0.4443507692307692
-0.5202867692307692
-0.5227901538461539
-0.4478972307692307
-0.31646953846153847
-0.15959076923076923
0.019192615384615384
0.19672430769230767
0.3425464615384616
0.4209858461538461
0.4113895384615384
0.33566215384615383
0.20548615384615385
0.053614153846153846
-0.10055261538461538
-0.2582658461538461
-0.3813489230769231
-0.45916246153846146
-0.4748086153846154
-0.42077723076923074
-0.3377483076923077
-0.23135446153846154
-0.1178676923076923
-0.009387692307692307
0.09199938461538461
0.16230276923076925
0.20235692307692305
0.20256553846153844
0.1867107692307692
0.16689230769230767
0.14060676923076923
0.12266584615384615
0.09554584615384615
0.07113784615384615
0.054657230769230764
0.04693846153846153
0.04819015384615385
0.042974769230769226
0.028788923076923077
0.009179076923076922
-0.009596307692307692
-0.023364923076923075
-0.027120000000000002
-0.021696
-0.007927384615384614
0.018775384615384614
0.06633969230769231
0.12850707692307692
0.19317784615384614
0.23907323076923076
0.2572227692307692
0.24053353846153847
0.18066092307692305
0.09262523076923077
-0.016897846153846156
-0.1353913846153846
-0.24053353846153847
-0.30374399999999996
-0.3160523076923077
-0.2789187692307692
-0.19985353846153847
-0.09992676923076924
0.015020307692307692
0.12767261538461538
0.21800307692307694
0.2670276923076923
0.2572227692307692
0.19213476923076922
0.08949599999999999
-0.015854769230769228
-0.10827138461538462
-0.18149538461538461
-0.22634769230769228
-0.24616615384615384
-0.22113230769230768
-0.15500123076923078
-0.06446215384615385
0.03901107692307692
0.13101046153846155
0.21091015384615383
0.28204799999999997
0.33065538461538463
0.3415033846153846
0.30270092307692303
0.2140393846153846
0.10493353846153847
-0.014394461538461538
-0.119328
-0.19672430769230767
-0.2532590769230769
-0.26348123076923075
-0.22447015384615385
-0.1314276923076923
-0.0035464615384615383
0.12600369230769232
0.2357353846153846
0.3012406153846154
0.32836061538461536
0.3087507692307692
0.2342750769230769
0.12120553846153845
-0.02795446153846154
-0.17002153846153847
-0.26911384615384615
-0.3312812307692308
-0.3350363076923077
-0.2931046153846154
-0.20986707692307693
-0.09262523076923077
0.03045784615384615
0.16438892307692307
0.2789187692307692
0.33649661538461534
0.34066892307692304
0.2947735384615384
0.21696000000000001
0.10994030769230768
-0.017315076923076923
-0.12808984615384614
-0.2238443076923077
-0.268488
-0.25513661538461535
-0.20131384615384615
-0.09763200000000001
0.019192615384615384
0.13935507692307691
0.2532590769230769
0.33899999999999997
0.39407446153846154
0.3972036923076923
0.35464615384615383
0.27412061538461535
0.16856123076923077
0.06571384615384615
-0.040262769230769234
-0.13789476923076924
-0.2073636923076923
-0.24762646153846155
-0.2497126153846154
-0.22530461538461538
-0.1910916923076923
-0.1558356923076923
-0.12850707692307692
-0.086784
-0.03629907692307692
-0.0070929230769230765
0.008344615384615384
0.017940923076923077
0.029623384615384614
0.040262769230769234
0.047772923076923074
0.05924676923076923
0.05090215384615384
0.015228923076923076
-0.033169846153846154
-0.09137353846153846
-0.15228923076923076
-0.21988061538461537
-0.2791273846153846
-0.30249230769230767
-0.29039261538461536
-0.23448369230769228
-0.15416676923076922
-0.06425353846153846
0.03024923076923077
0.11140061538461538
0.18963138461538462
0.24887815384615386
0.2789187692307692
0.27432923076923077
0.22530461538461538
0.1558356923076923
0.08094276923076923
0.006675692307692307
-0.059664
-0.1178676923076923
-0.1543753846153846
-0.15374953846153847
-0.11870215384615385
-0.05111076923076923
0.03150092307692308
0.11056615384615384
0.1783661538461538
0.23093723076923076
0.26619323076923074
0.27140861538461536
0.24866953846153847
0.19818461538461538
0.13747753846153846
0.078648
0.021904615384615383
-0.029832
-0.07781353846153846
-0.11223507692307692
-0.13038461538461538
-0.12224861538461537
-0.10514215384615383
-0.07760492307692309
-0.043600615384615383
-0.0012516923076923076
0.06154153846153846
0.12850707692307692
0.20277415384615383
0.25242461538461536
0.2805876923076923
0.29185292307692307
0.28267384615384616
0.26932246153846157
0.23072861538461537
0.1693956923076923
0.08720123076923077
0.0025033846153846152
-0.059038153846153844
-0.103056
-0.1341396923076923
-0.15500123076923078
-0.15833907692307692
-0.12767261538461538
-0.059872615384615385
0.029414769230769227
0.12996738461538462
0.2125790769230769
0.26911384615384615
0.30520430769230766
0.30708184615384615
0.2670276923076923
0.16772676923076923
0.02586830769230769
-0.13768615384615385
-0.2887236923076923
-0.3913624615384615
-0.4424732307692308
-0.4451852307692308
-0.3982467692307692
-0.32836061538461536
-0.22572184615384616
-0.08156861538461539
0.06529661538461538
0.20944984615384615
0.3035353846153846
0.35193415384615384
0.3713353846153846
0.3648683076923077
0.3141747692307692
0.306456
0.21737723076923077
-0.034630153846153845
-0.1804523076923077
-0.34338092307692303
-0.37008369230769234
-0.3060387692307692
-0.40387938461538464
-0.3957433846153846
-0.37613353846153846
-0.18796246153846152
0.09512861538461538
0.23531815384615382
0.3538116923076923
0.31542646153846154
0.3744646153846154
0.43976123076923074
0.4030449230769231
0.33566215384615383
0.03212676923076923
-0.18921415384615384
-0.3454670769230769
-0.4750172307692308
-0.4456024615384615
-0.5298830769230769
-0.5010941538461539
-0.3763421538461538
-0.31646953846153847
-0.059872615384615385
0.11703323076923078
0.24554030769230767
0.4080516923076923
0.3738387692307692
0.3819747692307692
0.34504984615384615
0.25284184615384614
0.23072861538461537
0.07468430769230769
-0.09053907692307692
-0.23803015384615384
-0.34504984615384615
-0.32627446153846157
-0.34984799999999994
-0.3412947692307692
-0.30937661538461536
-0.24470584615384613
-0.03609046153846154
0.11724184615384614
0.23072861538461537
0.32585723076923073
0.34171199999999996
0.42307199999999995
0.44748
0.39365723076923076
0.3565236923076923
0.22947692307692308
0.13852061538461538
0.08094276923076923
-0.03358707692307692
-0.11640738461538462
-0.21779446153846155
-0.2851772307692308
-0.27704123076923076
-0.24491446153846153
-0.16480615384615382
-0.04714707692307692
0.1151556923076923
0.24074215384615386
0.3239796923076923
0.4184824615384615
0.43704923076923075
0.42661846153846156
0.37008369230769234
0.2261390769230769
0.10952307692307692
-0.029414769230769227
-0.15333230769230768
-0.22488738461538463
-0.31250584615384613
-0.317304
-0.28663753846153844
-0.23844738461538462
-0.1356
-0.06592246153846154
0.05069353846153846
0.19046584615384615
0.2845513846153846
0.33607938461538456
0.3035353846153846
0.28017046153846153
0.2415766153846154
0.14916
0.0448523076923077
-0.11974523076923077
-0.22947692307692308
-0.25555384615384613
-0.2837169230769231
-0.24199384615384617
-0.1940123076923077
-0.13893784615384613
-0.019192615384615384
0.05590892307692308
0.14102399999999998
0.21508246153846153
0.23156307692307693
0.2482523076923077
0.21299630769230768
0.15833907692307692
0.07697907692307693
-0.023782153846153845
-0.09596307692307693
-0.17273353846153844
-0.22134092307692307
-0.27599815384615384
-0.31083692307692307
-0.2749550769230769
-0.23177169230769232
-0.1531236923076923
-0.06654830769230768
-0.01668923076923077
0.059664
0.116616
0.124752
0.09846646153846153
0.007301538461538462
-0.07426707692307692
-0.1314276923076923
-0.19526400000000002
-0.23907323076923076
-0.27787569230769227
-0.2814221538461538
-0.23615261538461538
-0.1585476923076923
-0.047772923076923074
0.04276615384615385
0.11411261538461538
0.16042523076923076
0.16501476923076921
0.15875630769230767
0.11849353846153846
0.08386338461538462
0.05507446153846154
-0.009804923076923077
-0.05069353846153846
-0.07823076923076923
-0.07468430769230769
-0.02753723076923077
-0.015646153846153844
-0.01814953846153846
-0.009596307692307692
0.01814953846153846
0.08448923076923077
0.13726892307692307
0.15479261538461536
0.132888
0.08845292307692308
0.06028984615384615
0.026285538461538457
-0.025659692307692307
-0.10868861538461538
-0.1994363076923077
-0.23803015384615384
-0.2426196923076923
-0.20819815384615384
-0.1368516923076923
-0.06967753846153846
0.008344615384615384
0.07739630769230768
0.13497415384615385
0.1927606153846154
0.2125790769230769
0.20256553846153844
0.15208061538461537
0.08866153846153846
0.05069353846153846
0.02044430769230769
-0.007510153846153846
-0.05528307692307692
-0.09512861538461538
-0.10263876923076923
-0.06800861538461538
0.02086153846153846
0.09053907692307692
0.13247076923076923
0.18212123076923076
0.2330233846153846
0.2891409230769231
0.2979027692307692
0.2426196923076923
0.17732307692307692
0.10472492307692308
0.03963692307692308
-0.013560000000000001
-0.08866153846153846
-0.15813046153846153
-0.19964492307692308
-0.1977673846153846
-0.14832553846153845
-0.08574092307692306
-0.015020307692307692
0.04756430769230769
0.10222153846153846
0.15604430769230768
0.1908830769230769
0.21299630769230768
0.18232984615384615
0.10514215384615383
0.020027076923076922
-0.07113784615384615
-0.12996738461538462
-0.17085599999999998
-0.2075723076923077
-0.2157083076923077
-0.20778092307692309
-0.16271999999999998
-0.07635323076923077
0.0077187692307692304
0.09575446153846154
0.15750461538461538
0.18858830769230767
0.2138307692307692
0.21341353846153846
0.1860849230769231
0.1178676923076923
0.03650769230769231
-0.041514461538461535
-0.1097316923076923
-0.14018953846153845
-0.15750461538461538
-0.15270646153846154
-0.11098338461538461
-0.05757784615384615
0.012099692307692308
0.0798996923076923
0.11849353846153846
0.14916
0.16584923076923075
0.16710092307692306
0.1597993846153846
0.11411261538461538
0.05820369230769231
0.015020307692307692
-0.013768615384615384
-0.021904615384615383
-0.028371692307692306
-0.017940923076923077
0.0043809230769230765
0.027328615384615382
0.06008123076923077
0.09033046153846153
0.11077476923076923
0.11181784615384616
0.10243015384615384
0.09095630769230768
0.07426707692307692
0.06133292307692308
0.053614153846153846
0.03859384615384615
0.018775384615384614
-0.0006258461538461538
-0.005424
0.006884307692307692
0.01397723076923077
0.01981846153846154
0.02586830769230769
0.04568676923076923
0.07635323076923077
0.10222153846153846
0.12329169230769231
0.13184492307692308
0.13789476923076924
0.13852061538461538
0.12808984615384614
0.0988836923076923
0.06321046153846153
0.030040615384615384
0.0029206153846153843
-0.008761846153846153
-0.018983999999999997
-0.021696
-0.025659692307692307
-0.026494153846153844
-0.01981846153846154
-0.012308307692307691
-0.008344615384615384
-0.021904615384615383
-0.040262769230769234
-0.06049846153846154
-0.07802215384615384
-0.09095630769230768
-0.10368184615384615
-0.11035753846153845
-0.10994030769230768
-0.1070196923076923
-0.09304246153846155
-0.08094276923076923
-0.07697907692307693
-0.06988615384615385
-0.06800861538461538
-0.05403138461538461
-0.04172307692307692
-0.035255999999999996
-0.025033846153846153
-0.02357353846153846
-0.014185846153846153
0.0043809230769230765
0.021904615384615383
0.04214030769230769
0.054240000000000003
0.06446215384615385
0.07885661538461539
0.08824430769230769
0.10827138461538462
0.12350030769230769
0.12579507692307693
0.12099692307692309
0.10889723076923077
0.10222153846153846
0.08594953846153845
0.07113784615384615
0.053614153846153846
0.03609046153846154
0.0446436923076923
0.061124307692307686
0.08073415384615384
0.09658892307692307
0.09012184615384615
0.06884307692307692
0.03838523076923077
0.0016689230769230767
-0.03233538461538461
-0.07614461538461538
-0.11411261538461538
-0.12245723076923076
-0.10743692307692307
-0.06738276923076922
-0.012308307692307691
0.05653476923076922
0.12808984615384614
0.18963138461538462
0.23469230769230767
0.24408
0.22676492307692306
0.18754523076923074
0.12204
0.05048492307692308
-0.02211323076923077
-0.092208
-0.13622584615384614
-0.15687876923076924
-0.14039815384615384
-0.08782707692307692
-0.027328615384615382
0.04672984615384615
0.11098338461538461
0.1635544615384615
0.21195323076923075
0.22989415384615383
0.2194633846153846
0.17523692307692307
0.09721476923076922
0.01043076923076923
-0.0744756923076923
-0.14749107692307692
-0.19442953846153843
-0.22008923076923076
-0.22488738461538463
-0.19964492307692308
-0.1397723076923077
-0.05757784615384615
0.011473846153846154
0.04965046153846154
0.058829538461538454
0.050067692307692306
0.029206153846153847
-0.006258461538461538
-0.05090215384615384
-0.10201292307692307
-0.13998092307692306
-0.1422756923076923
-0.12662953846153846
-0.09804923076923076
-0.06341907692307691
-0.038176615384615385
0.0008344615384615384
0.04401784615384615
0.08177723076923075
0.09304246153846155
0.06028984615384615
0.01668923076923077
-0.03650769230769231
-0.07551876923076924
-0.09804923076923076
-0.1151556923076923
-0.11348676923076922
-0.09846646153846153
-0.05048492307692308
0.014394461538461538
0.07384984615384615
0.11911938461538461
0.12496061538461539
0.11807630769230769
0.1097316923076923
0.08302892307692307
0.04422646153846154
-0.008344615384615384
-0.05319692307692307
-0.08031692307692308
-0.09158215384615384
-0.07802215384615384
-0.06633969230769231
-0.06383630769230769
-0.05507446153846154
-0.028788923076923077
0.02357353846153846
0.07113784615384615
0.09971815384615385
0.111192
0.11265230769230769
0.12579507692307693
0.13476553846153844
0.12955015384615384
0.10743692307692307
0.065088
0.008344615384615384
-0.043392
-0.092208
-0.15875630769230767
-0.23052
-0.30061476923076924
-0.3373310769230769
-0.327108923076923
-0.28788923076923073
-0.22321846153846153
-0.1435273846153846
-0.040679999999999994
0.07051199999999999
0.17377661538461536
0.25346769230769234
0.28204799999999997
0.2557624615384615
0.17628
0.07969107692307692
-0.016480615384615385
-0.11953661538461538
-0.22572184615384616
-0.32585723076923073
-0.39511753846153846
-0.4078430769230769
-0.31000246153846156
-0.14457046153846154
0.07656184615384615
0.35193415384615384
0.5826627692307692
0.8181895384615384
0.9752769230769229
1.0207550769230769
0.948156923076923
0.6886393846153845
0.3838523076923077
0.02858030769230769
-0.25972615384615383
-0.514236923076923
-0.7366209230769231
-0.7996227692307692
-0.8004572307692308
-0.6045673846153846
-0.3193901538461538
-0.012934153846153845
0.30019753846153846
0.4948356923076923
0.6663175384615385
0.7201403076923076
0.6406578461538461
0.46312615384615385
0.16710092307692306
-0.11473846153846154
-0.38301784615384615
-0.5930935384615384
-0.6907255384615385
-0.721392
-0.6137464615384616
-0.4318338461538461
-0.21091015384615383
0.03212676923076923
0.2090326153846154
0.3521427692307692
0.404088
0.371544
0.31897292307692304
0.21862892307692305
0.14206707692307693
0.0717636923076923
-0.011473846153846154
-0.05757784615384615
-0.10535076923076922
-0.13059323076923077
-0.1504116923076923
-0.192552
-0.22426153846153846
-0.24303692307692307
-0.2357353846153846
-0.21612553846153845
-0.20360861538461536
-0.19067446153846154
-0.17565415384615385
-0.12391753846153845
-0.05862092307692307
-0.01397723076923077
0.037967999999999995
0.08636676923076922
0.14311015384615386
0.20173107692307693
0.20798953846153845
0.16251138461538459
0.08010830769230769
-0.03921969230769231
-0.14144123076923076
-0.23448369230769228
-0.31041969230769234
-0.3243969230769231
-0.2851772307692308
-0.1691870769230769
-0.021070153846153846
0.1341396923076923
0.2628553846153846
0.3442153846153846
0.3903193846153846
0.36674584615384614
0.3079163076923077
0.2225926153846154
0.1070196923076923
-0.0022947692307692304
-0.10222153846153846
-0.16084246153846155
-0.16334584615384617
-0.14457046153846154
-0.09512861538461538
-0.03880246153846154
0.025659692307692307
0.12120553846153845
0.2075723076923077
0.2540935384615385
0.24491446153846153
0.20778092307692309
0.1696043076923077
0.13497415384615385
0.10994030769230768
0.07301538461538462
0.042557538461538466
0.03588184615384615
0.05674338461538461
0.1136953846153846
0.15813046153846153
0.17982646153846152
0.19213476923076922
0.1693956923076923
0.1314276923076923
0.08866153846153846
0.02273907692307692
-0.042348923076923076
-0.103056
-0.14749107692307692
-0.14853415384615384
-0.12955015384615384
-0.0936683076923077
-0.050067692307692306
-0.003755076923076923
0.05507446153846154
0.10117846153846152
0.132888
0.1314276923076923
0.09074769230769231
0.02357353846153846
-0.06884307692307692
-0.14060676923076923
-0.20423446153846153
-0.260352
-0.2764153846153846
-0.2641070769230769
-0.20506892307692307
-0.09053907692307692
0.04422646153846154
0.17711446153846155
0.2926873846153846
0.3727956923076923
0.4205686153846153
0.4134756923076923
0.34338092307692303
0.22634769230769228
0.08740984615384616
-0.027745846153846152
-0.11265230769230769
-0.154584
-0.15520984615384617
-0.12099692307692309
-0.034630153846153845
0.07781353846153846
0.1883796923076923
0.27453784615384613
0.31125415384615385
0.3198073846153846
0.29832
0.23969907692307693
0.16418030769230768
0.06613107692307692
-0.02357353846153846
-0.08115138461538463
-0.12016246153846154
-0.12662953846153846
-0.10430769230769231
-0.06341907692307691
-0.010848
0.03755076923076923
0.08949599999999999
0.12913292307692306
0.14603076923076924
0.1356
0.09304246153846155
0.041514461538461535
-0.020652923076923076
-0.073224
-0.10535076923076922
-0.1368516923076923
-0.1397723076923077
-0.10535076923076922
-0.03775938461538462
0.059038153846153844
0.13789476923076924
0.1927606153846154
0.22008923076923076
0.20861538461538462
0.17419384615384614
0.10347323076923076
0.004798153846153846
-0.09658892307692307
-0.17565415384615385
-0.21132738461538458
-0.20924123076923076
-0.17628
-0.12829846153846153
-0.061124307692307686
0.02211323076923077
0.09199938461538461
0.1397723076923077
0.15228923076923076
0.130176
0.09179076923076923
0.045895384615384616
-0.005841230769230769
-0.0446436923076923
-0.078648
-0.10681107692307691
-0.11056615384615384
-0.10952307692307692
-0.08302892307692307
-0.054240000000000003
-0.04631261538461538
-0.031709538461538456
-0.02273907692307692
-0.010639384615384617
-0.010639384615384617
-0.023364923076923075
-0.04047138461538462
-0.06738276923076922
-0.0771876923076923
-0.07948246153846153
-0.06675692307692307
-0.04568676923076923
-0.03629907692307692
-0.016272
0.003963692307692307
0.019192615384615384
0.03150092307692308
0.02044430769230769
-0.006258461538461538
-0.052571076923076915
-0.10868861538461538
-0.1462393846153846
-0.17315076923076922
-0.1829556923076923
-0.16251138461538459
-0.10743692307692307
-0.026494153846153844
0.06279323076923077
0.1424843076923077
0.19818461538461538
0.23886461538461537
0.24512307692307692
0.20173107692307693
0.12913292307692306
0.03400430769230769
-0.06467076923076923
-0.14853415384615384
-0.20193969230769232
-0.2209236923076923
-0.21737723076923077
-0.184416
-0.12496061538461539
-0.04047138461538462
0.04130584615384615
0.10952307692307692
0.15896492307692306
0.17148184615384612
0.15416676923076922
0.10910584615384614
0.05277969230769231
-0.010222153846153844
-0.07635323076923077
-0.14540492307692307
-0.19860184615384616
-0.2157083076923077
-0.21299630769230768
-0.18879692307692306
-0.16292861538461537
-0.14102399999999998
-0.10138707692307691
-0.056951999999999996
-0.01272553846153846
0.02858030769230769
0.05590892307692308
0.07343261538461537
0.092208
0.11870215384615385
0.1424843076923077
0.15228923076923076
0.1449876923076923
0.1287156923076923
0.11619876923076923
0.09512861538461538
0.06258461538461538
0.020027076923076922
-0.02858030769230769
-0.065088
-0.0826116923076923
-0.08156861538461539
-0.05674338461538461
-0.02899753846153846
-0.0002086153846153846
0.04130584615384615
0.07197230769230768
0.09450276923076922
0.09471138461538461
0.06800861538461538
0.027120000000000002
-0.02273907692307692
-0.06926030769230769
-0.11265230769230769
-0.14081538461538462
-0.16105107692307694
-0.1666836923076923
-0.14477907692307693
-0.10681107692307691
-0.05194523076923077
0.005215384615384615
0.04944184615384615
0.08469784615384615
0.11181784615384616
0.12537784615384615
0.119328
0.09763200000000001
0.06592246153846154
0.03024923076923077
0.005424
-0.008970461538461538
-0.008344615384615384
-0.0077187692307692304
-0.0035464615384615383
0.01272553846153846
0.023364923076923075
0.031918153846153846
0.028163076923076923
0.014811692307692307
-0.005841230769230769
-0.01668923076923077
-0.010848
-0.0012516923076923076
0.018983999999999997
0.03942830769230769
0.06842584615384616
0.1136953846153846
0.14853415384615384
0.1635544615384615
0.14916
0.10222153846153846
0.05194523076923077
-0.006675692307692307
-0.059038153846153844
-0.09304246153846155
-0.119328
-0.11557292307692307
-0.09158215384615384
-0.047772923076923074
0.01940123076923077
0.08386338461538462
0.143736
0.18963138461538462
0.2154996923076923
0.22718215384615387
0.22864246153846152
0.21508246153846153
0.1783661538461538
0.12350030769230769
0.05820369230769231
-0.011891076923076923
-0.08052553846153847
-0.14665661538461539
-0.20131384615384615
-0.222384
-0.21466523076923077
-0.17961784615384613
-0.12099692307692309
-0.052153846153846155
0.03629907692307692
0.12433476923076923
0.19609846153846153
0.25346769230769234
0.27704123076923076
0.26494153846153845
0.22676492307692306
0.15750461538461538
0.06738276923076922
-0.02858030769230769
-0.12788123076923075
-0.21091015384615383
-0.2582658461538461
-0.26640184615384616
-0.2411593846153846
-0.19025723076923076
-0.10848000000000001
-0.018775384615384614
0.07113784615384615
0.15228923076923076
0.20715507692307691
0.24512307692307692
0.23823876923076923
0.19588984615384614
0.12287446153846153
0.010222153846153844
-0.10660246153846153
-0.2207150769230769
-0.317304
-0.3784283076923077
-0.4030449230769231
-0.37884553846153846
-0.31667815384615383
-0.2221753846153846
-0.09450276923076922
0.042557538461538466
0.1693956923076923
0.26640184615384616
0.32335384615384616
0.33482769230769227
0.30332676923076923
0.24887815384615386
0.1783661538461538
0.09471138461538461
0.010639384615384617
-0.07134646153846153
-0.12621230769230768
-0.14331876923076922
-0.12788123076923075
-0.07906523076923076
-0.006884307692307692
0.08845292307692308
0.19630707692307692
0.3016578461538461
0.38656430769230765
0.43663199999999996
0.4449766153846154
0.41368430769230763
0.34943076923076927
0.2632726153846154
0.16480615384615382
0.06216738461538462
-0.02482523076923077
-0.08887015384615385
-0.12558646153846154
-0.1358086153846154
-0.12370892307692308
-0.08302892307692307
-0.03045784615384615
0.024616615384615383
0.0826116923076923
0.12788123076923075
0.15520984615384617
0.1635544615384615
0.15270646153846154
0.12412615384615384
0.08073415384615384
0.021904615384615383
-0.054240000000000003
-0.13872923076923074
-0.20944984615384615
-0.25012984615384615
-0.2540935384615385
-0.22947692307692308
-0.18066092307692305
-0.10994030769230768
-0.02482523076923077
0.07113784615384615
0.14102399999999998
0.18107815384615383
0.15896492307692306
0.10117846153846152
0.051319384615384614
-0.003129230769230769
-0.05194523076923077
-0.119328
-0.1794092307692308
-0.20423446153846153
-0.1779489230769231
-0.10827138461538462
0.07426707692307692
0.14164984615384615
0.08302892307692307
0.14018953846153845
0.092208
0.19004861538461537
0.23469230769230767
0.04109723076923077
-0.05757784615384615
-0.22968553846153844
-0.1704387692307692
-0.06133292307692308
-0.06613107692307692
-0.03483876923076923
-0.11703323076923078
0.02858030769230769
0.19359507692307693
0.31688676923076925
0.38072307692307694
0.1710646153846154
0.0855323076923077
-0.01272553846153846
-0.08761846153846153
-0.0717636923076923
-0.2561796923076923
-0.29727692307692305
-0.3246055384615385
-0.3642424615384615
-0.157296
-0.07134646153846153
0.06800861538461538
0.20924123076923076
0.1693956923076923
0.2540935384615385
0.2574313846153846
0.25701415384615384
0.27975323076923075
0.12642092307692307
0.009179076923076922
-0.11891076923076922
-0.16209415384615386
-0.10639384615384614
-0.15145476923076923
-0.1733593846153846
-0.21237046153846154
-0.16897846153846155
0.006675692307692307
0.07364123076923076
0.13205353846153844
0.14561353846153846
0.1151556923076923
0.20527753846153846
0.2090326153846154
0.16730953846153845
0.13789476923076924
0.028163076923076923
0.015646153846153844
0.012934153846153845
-0.04631261538461538
-0.08344615384615384
-0.17398523076923075
-0.21696000000000001
-0.21237046153846154
-0.20402584615384614
-0.16626646153846153
-0.12725538461538463
-0.050067692307692306
-0.0043809230769230765
0.04422646153846154
0.11578153846153846
0.12099692307692309
0.14519630769230768
0.11411261538461538
0.026494153846153844
-0.009179076923076922
-0.08636676923076922
-0.12621230769230768
-0.15416676923076922
-0.21195323076923075
-0.17732307692307692
-0.13434830769230768
-0.06675692307692307
0.02023569230769231
0.06633969230769231
0.16835261538461538
0.2805876923076923
0.35235138461538457
0.3623649230769231
0.30019753846153846
0.2647329230769231
0.2075723076923077
0.12808984615384614
0.03942830769230769
-0.10660246153846153
-0.1783661538461538
-0.19463815384615382
-0.18128676923076922
-0.08240307692307691
-0.013560000000000001
0.06258461538461538
0.16647507692307692
0.21320492307692307
0.27871015384615383
0.30186646153846153
0.24720923076923076
0.17502830769230768
0.055491692307692304
-0.04902461538461538
-0.14060676923076923
-0.20402584615384614
-0.222384
-0.2292683076923077
-0.1846246153846154
-0.1424843076923077
-0.07426707692307692
0.014603076923076923
0.050067692307692306
0.08574092307692306
0.07635323076923077
0.026076923076923077
0.010013538461538461
-0.02211323076923077
-0.06300184615384616
-0.10576799999999999
-0.16063384615384615
-0.13893784615384613
-0.07405846153846153
-0.018358153846153843
0.03129230769230769
0.04130584615384615
0.061124307692307686
0.0853236923076923
0.0826116923076923
0.05799507692307692
-0.012516923076923077
-0.08574092307692306
-0.1489513846153846
-0.18796246153846152
-0.1787833846153846
-0.16480615384615382
-0.10493353846153847
-0.01668923076923077
0.05090215384615384
0.13706030769230768
0.19150892307692308
0.23364923076923078
0.27474646153846155
0.22780799999999998
0.15103753846153847
0.05611753846153846
-0.04672984615384615
-0.10368184615384615
-0.16313723076923078
-0.20527753846153846
-0.21633415384615384
-0.19296923076923078
-0.11953661538461538
-0.03901107692307692
0.03755076923076923
0.08073415384615384
0.08761846153846153
0.09387692307692307
0.07259815384615384
0.03755076923076923
-0.003755076923076923
-0.05716061538461538
-0.08574092307692306
-0.11578153846153846
-0.12245723076923076
-0.08156861538461539
-0.049233230769230765
-0.017523692307692306
-0.017523692307692306
-0.035464615384615386
-0.021904615384615383
-0.003755076923076923
0.018983999999999997
0.02899753846153846
0.026076923076923077
0.03984553846153846
0.07426707692307692
0.14290153846153844
0.20131384615384615
0.20944984615384615
0.20506892307692307
0.1881710769230769
0.1785747692307692
0.15792184615384616
0.086784
0.013768615384615384
-0.06946892307692307
-0.14060676923076923
-0.1639716923076923
-0.1800350769230769
-0.16459753846153846
-0.11974523076923077
-0.06425353846153846
0.015854769230769228
0.100344
0.1775316923076923
0.2288510769230769
0.22989415384615383
0.1923433846153846
0.1314276923076923
0.053405538461538456
-0.03275261538461539
-0.12913292307692306
-0.22154953846153846
-0.29080984615384614
-0.31083692307692307
-0.26869661538461537
-0.19150892307692308
-0.10243015384615384
-0.025033846153846153
0.05486584615384615
0.15562707692307692
0.249504
0.31646953846153847
0.3277347692307692
0.2757895384615385
0.21737723076923077
0.1597993846153846
0.10743692307692307
0.06821723076923077
0.014394461538461538
-0.03129230769230769
-0.06279323076923077
-0.06550523076923077
-0.03942830769230769
-0.01981846153846154
-0.0025033846153846152
-0.0014603076923076922
0.005841230769230769
0.03379569230769231
0.054657230769230764
0.08386338461538462
0.09950953846153845
0.0963803076923077
0.103056
0.10201292307692307
0.0936683076923077
0.07301538461538462
0.027745846153846152
-0.024199384615384616
-0.08469784615384615
-0.13601723076923075
-0.16772676923076923
-0.1923433846153846
-0.20131384615384615
-0.18942276923076923
-0.14519630769230768
-0.06675692307692307
0.020652923076923076
0.09825784615384614
0.15333230769230768
0.19213476923076922
0.22530461538461538
0.23156307692307693
0.20152246153846154
0.13914646153846155
0.056951999999999996
-0.018358153846153843
-0.08469784615384615
-0.13267938461538462
-0.17231630769230769
-0.20193969230769232
-0.1990190769230769
-0.17023015384615386
-0.11327815384615383
-0.03066646153846154
0.053405538461538456
0.12788123076923075
0.18232984615384615
0.21842030769230766
0.249504
0.24887815384615386
0.21320492307692307
0.14874276923076923
0.06675692307692307
0.005424
-0.041514461538461535
-0.07051199999999999
-0.09179076923076923
-0.11286092307692308
-0.11140061538461538
-0.08574092307692306
-0.046104
0.005215384615384615
0.05069353846153846
0.07843938461538462
0.10117846153846152
0.12016246153846154
0.14311015384615386
0.15374953846153847
0.1462393846153846
0.12996738461538462
0.11265230769230769
0.10409907692307692
0.09533723076923077
0.086784
0.055491692307692304
0.009596307692307692
-0.03379569230769231
-0.07885661538461539
-0.10889723076923077
-0.12788123076923075
-0.14018953846153845
-0.12558646153846154
-0.08198584615384615
-0.017940923076923077
0.061124307692307686
0.13267938461538462
0.18712800000000002
0.2288510769230769
0.24887815384615386
0.2426196923076923
0.2073636923076923
0.1435273846153846
0.06341907692307691
-0.013768615384615384
-0.08323753846153846
-0.1422756923076923
-0.17732307692307692
-0.19380369230769232
-0.18337292307692307
-0.14018953846153845
-0.07969107692307692
0.002086153846153846
0.08574092307692306
0.14811692307692306
0.18170399999999998
0.18128676923076922
0.1531236923076923
0.10660246153846153
0.03775938461538462
-0.051319384615384614
-0.1316363076923077
-0.1913003076923077
-0.22029784615384615
-0.2194633846153846
-0.1990190769230769
-0.15750461538461538
-0.09179076923076923
-0.016272
0.05319692307692307
0.10952307692307692
0.13998092307692306
0.15750461538461538
0.16251138461538459
0.1504116923076923
0.12975876923076923
0.09179076923076923
0.049233230769230765
0.021904615384615383
0.009179076923076922
0.004589538461538461
0.01272553846153846
0.026285538461538457
0.04714707692307692
0.0853236923076923
0.11140061538461538
0.12913292307692306
0.14311015384615386
0.14540492307692307
0.14603076923076924
0.13393107692307693
0.11140061538461538
0.086784
0.0609156923076923
0.028371692307692306
-0.012308307692307691
-0.05319692307692307
-0.09450276923076922
-0.12204
-0.13372246153846154
-0.14457046153846154
-0.14519630769230768
-0.13872923076923074
-0.13205353846153844
-0.11348676923076922
-0.09533723076923077
-0.07280676923076923
-0.04214030769230769
-0.025659692307692307
-0.016897846153846156
-0.012934153846153845
-0.015020307692307692
-0.0077187692307692304
-0.0004172307692307692
0.003129230769230769
0.01043076923076923
0.010639384615384617
0.016897846153846156
0.03275261538461539
0.05048492307692308
0.06967753846153846
0.07843938461538462
0.07885661538461539
0.07697907692307693
0.07280676923076923
0.06800861538461538
0.059038153846153844
0.0448523076923077
0.026911384615384615
0.008761846153846153
-0.012934153846153845
-0.03629907692307692
-0.05382276923076923
-0.06216738461538462
-0.06529661538461538
-0.06696553846153847
-0.06759138461538462
-0.06654830769230768
-0.04631261538461538
-0.010639384615384617
0.030040615384615384
0.07030338461538461
0.09992676923076924
0.119328
0.12370892307692308
0.1097316923076923
0.0853236923076923
0.052153846153846155
0.018983999999999997
-0.021904615384615383
-0.07113784615384615
-0.10201292307692307
-0.11599015384615384
-0.10159569230769232
-0.073224
-0.040054153846153843
0.011265230769230769
0.06216738461538462
0.12391753846153845
0.17982646153846152
0.20715507692307691
0.21049292307692305
0.1800350769230769
0.14415323076923076
0.09909230769230769
0.026702769230769228
-0.047981538461538464
-0.11974523076923077
-0.16793538461538463
-0.18316430769230768
-0.1792006153846154
-0.14978584615384616
-0.10722830769230769
-0.05820369230769231
0.0022947692307692304
0.042348923076923076
0.06550523076923077
0.04902461538461538
0.0022947692307692304
-0.05945538461538461
-0.12725538461538463
-0.17085599999999998
-0.18942276923076923
-0.1635544615384615
-0.08574092307692306
0.10994030769230768
0.20423446153846153
0.2478350769230769
0.3316984615384615
0.29352184615384613
0.30144923076923075
0.17502830769230768
-0.032544
-0.22968553846153844
-0.4418473846153846
-0.4950443076923077
-0.5770301538461539
-0.584123076923077
-0.533220923076923
-0.4374664615384615
-0.1794092307692308
0.023364923076923075
0.27474646153846155
0.4489403076923077
0.47877230769230766
0.5311347692307692
0.4326683076923077
0.30854215384615385
0.146448
-0.10868861538461538
-0.23448369230769228
-0.4026276923076923
-0.5184092307692307
-0.45603323076923075
-0.39219692307692305
-0.20652923076923077
-0.026911384615384615
0.11870215384615385
0.2947735384615384
0.37050092307692306
0.4585366153846154
0.49546153846153845
0.4374664615384615
0.3521427692307692
0.21925476923076925
0.1314276923076923
0.03859384615384615
-0.08448923076923077
-0.1612596923076923
-0.25701415384615384
-0.28788923076923073
-0.24908676923076922
-0.22843384615384613
-0.16334584615384617
-0.12808984615384614
-0.10514215384615383
-0.04172307692307692
-0.02023569230769231
0.030875076923076922
0.10138707692307691
0.15082892307692305
0.25138153846153843
0.33295015384615384
0.38885907692307686
0.4072172307692307
0.34358953846153845
0.24199384615384617
0.06404492307692307
-0.12725538461538463
-0.30207507692307695
-0.4322510769230769
-0.4679243076923077
-0.49003753846153847
-0.40200184615384615
-0.20506892307692307
0.002086153846153846
0.26306399999999996
0.47877230769230766
0.631896
0.7407932307692308
0.7316141538461538
0.6671520000000001
0.5035975384615384
0.25471938461538457
0.02211323076923077
-0.22676492307692306
-0.43245969230769227
-0.5820369230769231
-0.6692381538461538
-0.649211076923077
-0.5611753846153846
-0.39678646153846153
-0.1802436923076923
0.06341907692307691
0.32606584615384615
0.5033889230769231
0.5930935384615384
0.6037329230769231
0.49817353846153845
0.35986153846153845
0.1666836923076923
-0.061124307692307686
-0.23844738461538462
-0.3919883076923077
-0.45978830769230766
-0.4577021538461538
-0.4216116923076923
-0.31000246153846156
-0.17711446153846155
-0.02524246153846154
0.1314276923076923
0.2480436923076923
0.3304467692307692
0.35318584615384613
0.3577753846153846
0.3440067692307692
0.28267384615384616
0.20465169230769228
0.086784
-0.025659692307692307
-0.10994030769230768
-0.18212123076923076
-0.21237046153846154
-0.24908676923076922
-0.2791273846153846
-0.2482523076923077
-0.19150892307692308
-0.12099692307692309
-0.0446436923076923
0.0077187692307692304
0.065088
0.11619876923076923
0.15291507692307693
0.19296923076923078
0.18629353846153843
0.15270646153846154
0.09804923076923076
0.032544
-0.01272553846153846
-0.07218092307692307
-0.12662953846153846
-0.1992276923076923
-0.25471938461538457
-0.25513661538461535
-0.2526332307692308
-0.20047938461538461
-0.13247076923076923
-0.07843938461538462
0.0050067692307692304
0.09199938461538461
0.20339999999999997
0.3072904615384615
0.32836061538461536
0.3202246153846154
0.28663753846153844
0.21633415384615384
0.14290153846153844
0.03066646153846154
-0.08907876923076924
-0.19296923076923078
-0.2620209230769231
-0.25471938461538457
-0.20924123076923076
-0.12558646153846154
-0.025659692307692307
0.06863446153846153
0.1785747692307692
0.26306399999999996
0.32731753846153844
0.34588430769230766
0.30186646153846153
0.24554030769230767
0.14978584615384616
0.05716061538461538
-0.006049846153846154
-0.07343261538461537
-0.11599015384615384
-0.13434830769230768
-0.10722830769230769
-0.022947692307692308
0.06279323076923077
0.1356
0.1858763076923077
0.208824
0.2125790769230769
0.18379015384615385
0.14290153846153844
0.07969107692307692
0.005424
-0.04088861538461538
-0.06487938461538462
-0.055491692307692304
-0.03963692307692308
-0.021696
0.02315630769230769
0.07238953846153846
0.12579507692307693
0.1585476923076923
0.14206707692307693
0.10660246153846153
0.062376
0.023364923076923075
-0.012099692307692308
-0.04965046153846154
-0.07092923076923077
-0.08094276923076923
-0.054657230769230764
0.011056615384615385
0.10117846153846152
0.1881710769230769
0.24908676923076922
0.29685969230769227
0.31083692307692307
0.28163076923076924
0.21821169230769227
0.12099692307692309
0.0018775384615384615
-0.1218313846153846
-0.23490092307692306
-0.3116713846153846
-0.3442153846153846
-0.33670523076923076
-0.2849686153846154
-0.20173107692307693
-0.10493353846153847
-0.0070929230769230765
0.07009476923076922
0.11223507692307692
0.12329169230769231
0.10597661538461538
0.07155507692307693
0.028163076923076923
-0.021278769230769233
-0.07134646153846153
-0.10827138461538462
-0.12350030769230769
-0.11619876923076923
-0.09387692307692307
-0.0717636923076923
-0.052153846153846155
-0.028788923076923077
-0.003129230769230769
0.020027076923076922
0.029623384615384614
0.023364923076923075
0.028788923076923077
0.05069353846153846
0.08866153846153846
0.138312
0.173568
0.19505538461538463
0.1992276923076923
0.18107815384615383
0.14144123076923076
0.07343261538461537
-0.018775384615384614
-0.124752
-0.22989415384615383
-0.3137575384615385
-0.36904061538461536
-0.384060923076923
-0.3577753846153846
-0.3079163076923077
-0.21842030769230766
-0.1045163076923077
0.013351384615384614
0.12537784615384615
0.19588984615384614
0.22655630769230767
0.20778092307692309
0.14832553846153845
0.05486584615384615
-0.08240307692307691
-0.2261390769230769
-0.3419206153846154
-0.40846892307692306
-0.41368430769230763
-0.36403384615384615
-0.2699483076923077
-0.1462393846153846
-0.0077187692307692304
0.13768615384615385
0.25451076923076926
0.3319070769230769
0.36027876923076924
0.33607938461538456
0.290184
0.21800307692307694
0.13184492307692308
0.04756430769230769
-0.03233538461538461
-0.09408553846153846
-0.12808984615384614
-0.13267938461538462
-0.11640738461538462
-0.09137353846153846
-0.05194523076923077
0.009596307692307692
0.07572738461538461
0.14164984615384615
0.19526400000000002
0.22175815384615383
0.23052
0.21716861538461538
0.18983999999999998
0.14790830769230767
0.09533723076923077
0.03942830769230769
-0.02524246153846154
-0.06967753846153846
-0.0892873846153846
-0.09262523076923077
-0.08490646153846154
-0.07572738461538461
-0.05319692307692307
-0.010848
0.03880246153846154
0.0892873846153846
0.12558646153846154
0.1449876923076923
0.15875630769230767
0.16459753846153846
0.1693956923076923
0.15103753846153847
0.11223507692307692
0.07009476923076922
0.03483876923076923
0.019609846153846155
0.011891076923076923
0.014394461538461538
0.009596307692307692
0.0002086153846153846
0.0012516923076923076
0.0002086153846153846
0.0029206153846153843
-0.0022947692307692304
-0.014603076923076923
-0.016480615384615385
-0.0077187692307692304
0.020652923076923076
0.06008123076923077
0.08866153846153846
0.11640738461538462
0.13080184615384613
0.13852061538461538
0.14436184615384615
0.1136953846153846
0.062376
-0.015854769230769228
-0.09554584615384615
-0.15833907692307692
-0.22780799999999998
-0.2814221538461538
-0.31751261538461534
-0.3229366153846154
-0.2757895384615385
-0.1992276923076923
-0.10681107692307691
-0.014603076923076923
0.05486584615384615
0.10597661538461538
0.13643446153846153
0.14102399999999998
0.10910584615384614
0.040054153846153843
-0.0448523076923077
-0.12412615384615384
-0.1858763076923077
-0.2273907692307692
-0.24762646153846155
-0.24992123076923078
-0.23385784615384617
-0.192552
-0.124752
-0.04672984615384615
0.02899753846153846
0.07948246153846153
0.11140061538461538
0.14060676923076923
0.1558356923076923
0.15625292307692307
0.13309661538461537
0.09471138461538461
0.05945538461538461
0.033169846153846154
0.021278769230769233
0.01397723076923077
-0.0016689230769230767
-0.026285538461538457
-0.056326153846153845
-0.07739630769230768
-0.09700615384615385
-0.1314276923076923
-0.15896492307692306
-0.1652233846153846
-0.143736
-0.08469784615384615
-0.013768615384615384
0.06592246153846154
0.1353913846153846
0.18128676923076922
0.21487384615384614
0.19714153846153845
0.13872923076923074
0.05382276923076923
-0.04860738461538461
-0.13455692307692307
-0.19693292307692306
-0.22467876923076924
-0.2238443076923077
-0.20277415384615383
-0.13998092307692306
-0.04172307692307692
0.073224
0.18858830769230767
0.276624
0.33378461538461535
0.360696
0.355272
0.3321156923076923
0.279336
0.19359507692307693
0.0988836923076923
0.006258461538461538
-0.05528307692307692
-0.09116492307692307
-0.11452984615384615
-0.11599015384615384
-0.10159569230769232
-0.06049846153846154
-0.0022947692307692304
0.054657230769230764
0.09763200000000001
0.11473846153846154
0.12767261538461538
0.13998092307692306
0.15249784615384615
0.16710092307692306
0.15771323076923077
0.1341396923076923
0.10639384615384614
0.07697907692307693
0.04047138461538462
-0.01043076923076923
-0.058829538461538454
-0.11160923076923077
-0.15938215384615384
-0.18983999999999998
-0.19985353846153847
-0.184416
-0.14999446153846155
-0.10430769230769231
-0.05319692307692307
-0.0008344615384615384
0.02482523076923077
0.05653476923076922
0.12913292307692306
0.20402584615384614
0.3077076923076923
0.39115384615384613
0.45978830769230766
0.5449033846153846
0.5565858461538462
0.551579076923077
0.4704276923076923
0.3116713846153846
0.11557292307692307
-0.086784
-0.20339999999999997
-0.3410861538461538
-0.3746732307692308
-0.3575667692307692
-0.32085046153846153
-0.16772676923076923
-0.04172307692307692
0.13726892307692307
0.2726603076923077
0.330864
0.3609046153846154
0.2828824615384615
0.17252492307692308
0.003963692307692307
-0.2056947692307692
-0.4141015384615384
-0.5916332307692307
-0.6638141538461538
-0.6285581538461538
-0.49274953846153846
-0.2789187692307692
-0.044435076923076924
0.17961784615384613
0.35256
0.46312615384615385
0.5073526153846153
0.4072172307692307
0.23615261538461538
0.049233230769230765
-0.119328
-0.20465169230769228
-0.25701415384615384
-0.2540935384615385
-0.21779446153846155
-0.1704387692307692
-0.08824430769230769
-0.006049846153846154
0.04902461538461538
0.06967753846153846
0.05820369230769231
0.02211323076923077
-0.012934153846153845
-0.04276615384615385
-0.07092923076923077
-0.09387692307692307
-0.10409907692307692
-0.08866153846153846
-0.03859384615384615
0.04401784615384615
0.12204
0.1867107692307692
0.21007569230769232
0.1712732307692308
0.1151556923076923
0.011473846153846154
-0.12516923076923075
-0.25159015384615385
-0.3508910769230769
-0.36319938461538465
-0.30186646153846153
-0.18316430769230768
-0.02086153846153846
0.13914646153846155
0.2862203076923077
0.4109723076923077
0.4783550769230769
0.45978830769230766
0.3646596923076923
0.23844738461538462
0.08615815384615384
-0.07072061538461538
-0.1829556923076923
-0.2601433846153846
-0.2807963076923077
-0.2438713846153846
-0.16167692307692308
-0.02211323076923077
0.13059323076923077
0.2774584615384615
0.4026276923076923
0.4679243076923077
0.477312
0.43412861538461534
0.33065538461538463
0.18337292307692307
0.018983999999999997
-0.13393107692307693
-0.23677846153846152
-0.2764153846153846
-0.2557624615384615
-0.17982646153846152
-0.056326153846153845
0.08010830769230769
0.21320492307692307
0.3187643076923077
0.3481790769230769
0.3160523076923077
0.2288510769230769
0.10848000000000001
-0.015228923076923076
-0.1462393846153846
-0.2655673846153846
-0.33962584615384617
-0.3642424615384615
-0.3304467692307692
-0.23156307692307693
-0.116616
-0.011682461538461537
0.08115138461538463
0.15833907692307692
0.21654276923076923
0.23218892307692307
0.18900553846153845
0.10389046153846154
-0.0004172307692307692
-0.10910584615384614
-0.18337292307692307
-0.2207150769230769
-0.2369870769230769
-0.2238443076923077
-0.17398523076923075
-0.09053907692307692
0.008970461538461538
0.10868861538461538
0.18358153846153846
0.225096
0.21675138461538462
0.17315076923076922
0.12037107692307693
0.04318338461538461
-0.044435076923076924
-0.12913292307692306
-0.18879692307692306
-0.2008966153846154
-0.16418030769230768
-0.10368184615384615
-0.041514461538461535
0.01856676923076923
0.06195876923076923
0.0961716923076923
0.1097316923076923
0.09429415384615383
0.06446215384615385
0.02753723076923077
0.005215384615384615
0.010639384615384617
0.022530461538461537
0.02315630769230769
0.028163076923076923
0.031918153846153846
0.03692492307692308
0.03984553846153846
0.01940123076923077
-0.01814953846153846
-0.06988615384615385
-0.11765907692307691
-0.16063384615384615
-0.18086953846153844
-0.16438892307692307
-0.13226215384615383
-0.07697907692307693
-0.0077187692307692304
0.0826116923076923
0.18086953846153844
0.24887815384615386
0.28955815384615385
0.28267384615384616
0.21633415384615384
0.12162276923076921
0.00855323076923077
-0.10827138461538462
-0.21362215384615382
-0.30520430769230766
-0.34296369230769225
-0.32585723076923073
-0.2647329230769231
-0.15187199999999998
-0.027328615384615382
0.09784061538461537
0.20778092307692309
0.28267384615384616
0.32043323076923075
0.295608
0.22572184615384616
0.11828492307692307
-0.010013538461538461
-0.130176
-0.24053353846153847
-0.31041969230769234
-0.3342018461538461
-0.30937661538461536
-0.23344061538461539
-0.12955015384615384
-0.011473846153846154
0.10681107692307691
0.20444307692307692
0.27328615384615385
0.30061476923076924
0.2724516923076923
0.19526400000000002
0.073224
-0.06487938461538462
-0.20339999999999997
-0.3202246153846154
-0.38760738461538463
-0.40992923076923077
-0.3744646153846154
-0.2924787692307692
-0.18107815384615383
-0.05507446153846154
0.059664
0.16000799999999998
0.22968553846153844
0.25200738461538463
0.233232
0.16876984615384616
0.07739630769230768
-0.0025033846153846152
-0.06613107692307692
-0.103056
-0.10555938461538462
-0.08344615384615384
-0.03275261538461539
0.035255999999999996
0.11807630769230769
0.20047938461538461
0.26097784615384617
0.28392553846153845
0.26932246153846157
0.23907323076923076
0.1923433846153846
0.1397723076923077
0.0855323076923077
0.037342153846153844
0.009596307692307692
-0.007510153846153846
-0.013142769230769229
-0.002712
-0.001043076923076923
-0.003129230769230769
-0.008136
-0.022947692307692308
-0.03066646153846154
-0.04172307692307692
-0.052571076923076915
-0.05507446153846154
-0.03921969230769231
-0.0025033846153846152
0.03671630769230769
0.07092923076923077
0.09137353846153846
0.100344
0.10117846153846152
0.08740984615384616
0.06633969230769231
0.040679999999999994
0.008136
-0.00855323076923077
-0.0004172307692307692
0.030875076923076922
0.07843938461538462
0.12245723076923076
0.1612596923076923
0.20235692307692305
0.23949046153846154
0.25764
0.2503384615384615
0.2140393846153846
0.15833907692307692
0.09554584615384615
0.037967999999999995
-0.006884307692307692
-0.04088861538461538
-0.06195876923076923
-0.07280676923076923
-0.06759138461538462
-0.049233230769230765
-0.03275261538461539
-0.022947692307692308
-0.022530461538461537
-0.03024923076923077
-0.04422646153846154
-0.058412307692307694
-0.06529661538461538
-0.073224
-0.08699261538461538
-0.09325107692307691
-0.08574092307692306
-0.06467076923076923
-0.03984553846153846
-0.027328615384615382
-0.02586830769230769
-0.024199384615384616
-0.017315076923076923
-0.010639384615384617
-0.013142769230769229
-0.031918153846153846
-0.05277969230769231
-0.06383630769230769
-0.055491692307692304
-0.031918153846153846
-0.00855323076923077
0.02524246153846154
0.06070707692307692
0.10117846153846152
0.13330523076923076
0.14457046153846154
0.13434830769230768
0.08198584615384615
0.010222153846153844
-0.06821723076923077
-0.13476553846153844
-0.18274707692307693
-0.22113230769230768
-0.2205064615384615
-0.18316430769230768
-0.11390399999999999
-0.010848
0.08782707692307692
0.16897846153846155
0.22551323076923077
0.25242461538461536
0.2659846153846154
0.2422024615384615
0.18212123076923076
0.09074769230769231
-0.018983999999999997
-0.11035753846153845
-0.1779489230769231
-0.21007569230769232
-0.21007569230769232
-0.17377661538461536
-0.09199938461538461
0.019609846153846155
0.14311015384615386
0.254928
0.33002953846153843
0.3554806153846154
0.33587076923076925
0.27558092307692306
0.1846246153846154
0.06446215384615385
-0.06341907692307691
-0.1779489230769231
-0.2703655384615385
-0.3131316923076923
-0.32001599999999997
-0.28392553846153845
-0.20819815384615384
-0.11578153846153846
-0.0004172307692307692
0.11035753846153845
0.20047938461538461
0.25388492307692306
0.2588916923076923
0.2426196923076923
0.20798953846153845
0.15249784615384615
0.09325107692307691
0.023990769230769232
-0.04172307692307692
-0.08177723076923075
-0.09387692307692307
-0.07781353846153846
-0.06028984615384615
-0.03859384615384615
-0.007510153846153846
0.024199384615384616
0.059872615384615385
0.08511507692307693
0.10472492307692308
0.11181784615384616
0.10576799999999999
0.10013538461538461
0.084072
0.05048492307692308
-0.0043809230769230765
-0.07030338461538461
-0.13101046153846155
-0.1846246153846154
-0.22530461538461538
-0.2497126153846154
-0.2641070769230769
-0.2574313846153846
-0.2225926153846154
-0.1666836923076923
-0.09825784615384614
-0.03379569230769231
0.028371692307692306
0.08782707692307692
0.13852061538461538
0.1869193846153846
0.2059033846153846
0.19881046153846152
0.17523692307692307
0.12975876923076923
0.08323753846153846
0.026702769230769228
-0.029206153846153847
-0.08469784615384615
-0.13914646153846155
-0.14790830769230767
-0.11974523076923077
-0.06446215384615385
0.006467076923076923
0.061750153846153844
0.10827138461538462
0.14707384615384617
0.16021661538461537
0.14728246153846153
0.10055261538461538
0.03775938461538462
-0.01668923076923077
-0.05444861538461539
-0.056951999999999996
-0.04693846153846153
-0.028371692307692306
-0.0016689230769230767
0.026911384615384615
0.059038153846153844
0.06863446153846153
0.059872615384615385
0.03483876923076923
0.0012516923076923076
-0.028788923076923077
-0.05194523076923077
-0.05486584615384615
-0.053614153846153846
-0.04693846153846153
-0.02586830769230769
0.005424
0.042348923076923076
0.07155507692307693
0.08448923076923077
0.07551876923076924
0.05236246153846154
0.021696
-0.01668923076923077
-0.06008123076923077
-0.1136953846153846
-0.17252492307692308
-0.21237046153846154
-0.22321846153846153
-0.21591692307692306
-0.21320492307692307
-0.21007569230769232
-0.20423446153846153
-0.1883796923076923
-0.11077476923076923
0.0014603076923076922
0.10555938461538462
0.22718215384615387
0.31667815384615383
0.376968
0.4243236923076923
0.39741230769230773
0.3312812307692308
0.19651569230769228
0.03504738461538461
-0.09533723076923077
-0.21195323076923075
-0.2970683076923077
-0.34880492307692307
-0.3581926153846154
-0.33607938461538456
-0.235944
-0.0892873846153846
0.06362769230769232
0.21091015384615383
0.3269003076923077
0.4115981538461538
0.4253667692307692
0.3673716923076923
0.23761292307692305
0.07155507692307693
-0.11724184615384614
-0.3045784615384615
-0.43058215384615384
-0.5305089230769231
-0.5419827692307692
-0.46437784615384614
-0.330864
-0.12808984615384614
0.053614153846153846
0.208824
0.32001599999999997
0.35568923076923076
0.3517255384615385
0.3129230769230769
0.24887815384615386
0.18399876923076922
0.11077476923076923
0.05048492307692308
0.008970461538461538
-0.023364923076923075
-0.03859384615384615
-0.06863446153846153
-0.08699261538461538
-0.08824430769230769
-0.05757784615384615
0.0016689230769230767
0.0446436923076923
0.09804923076923076
0.127464
0.14311015384615386
0.18149538461538461
0.20798953846153845
0.22113230769230768
0.2090326153846154
0.18086953846153844
0.1637630769230769
0.138312
0.07072061538461538
-0.03629907692307692
-0.14686523076923075
-0.25659692307692306
-0.34692738461538464
-0.3896935384615384
-0.40346215384615386
-0.36445107692307693
-0.265776
-0.13872923076923074
0.03713353846153846
0.2125790769230769
0.3456756923076923
0.43934399999999996
0.4453938461538462
0.39324
0.301032
0.16626646153846153
0.03066646153846154
-0.10660246153846153
-0.22593046153846155
-0.2887236923076923
-0.2849686153846154
-0.23114584615384615
-0.15270646153846154
-0.06049846153846154
0.04318338461538461
0.15646153846153846
0.268488
0.33899999999999997
0.35297723076923077
0.32585723076923073
0.25284184615384614
0.16251138461538459
0.05862092307692307
-0.05757784615384615
-0.14185846153846154
-0.1940123076923077
-0.21216184615384615
-0.17628
-0.11098338461538461
-0.03379569230769231
0.05444861538461539
0.13038461538461538
0.18274707692307693
0.2008966153846154
0.17398523076923075
0.12308307692307692
0.05382276923076923
-0.01814953846153846
-0.06049846153846154
-0.07009476923076922
-0.04985907692307692
-0.012099692307692308
0.03880246153846154
0.0897046153846154
0.13476553846153844
0.17252492307692308
0.1794092307692308
0.16418030769230768
0.11828492307692307
0.054240000000000003
0.0008344615384615384
-0.047772923076923074
-0.0717636923076923
-0.07697907692307693
-0.06842584615384616
-0.041514461538461535
-0.006049846153846154
0.030040615384615384
0.06154153846153846
0.08907876923076924
0.10326461538461539
0.10555938461538462
0.09658892307692307
0.06571384615384615
0.015854769230769228
-0.029414769230769227
-0.07802215384615384
-0.10263876923076923
-0.10347323076923076
-0.10660246153846153
-0.08135999999999999
-0.05757784615384615
-0.03379569230769231
-0.002086153846153846
0.006049846153846154
0.006258461538461538
0.008136
-0.0012516923076923076
-0.006049846153846154
-0.011891076923076923
-0.020027076923076922
-0.015854769230769228
-0.009179076923076922
0.007510153846153846
0.025659692307692307
0.04380923076923077
0.04547815384615384
0.021696
-0.016480615384615385
-0.08177723076923075
-0.14290153846153844
-0.1860849230769231
-0.2225926153846154
-0.23156307692307693
-0.2225926153846154
-0.1800350769230769
-0.09658892307692307
-0.007927384615384614
0.09137353846153846
0.18358153846153846
0.26139507692307695
0.328152
0.35256
0.32836061538461536
0.26076923076923075
0.16689230769230767
0.06863446153846153
-0.02795446153846154
-0.10201292307692307
-0.14936861538461538
-0.1693956923076923
-0.14749107692307692
-0.092208
-0.0033378461538461535
0.09554584615384615
0.18170399999999998
0.26139507692307695
0.31083692307692307
0.3170953846153846
0.28955815384615385
0.2194633846153846
0.12996738461538462
0.03233538461538461
-0.07134646153846153
-0.1543753846153846
-0.22175815384615383
-0.2626467692307692
-0.2716172307692308
-0.2578486153846154
-0.21091015384615383
-0.14790830769230767
-0.08490646153846154
-0.032544
-0.002086153846153846
0.014394461538461538
0.011265230769230769
-0.005215384615384615
-0.031709538461538456
-0.06133292307692308
-0.07092923076923077
-0.07677046153846154
-0.06738276923076922
-0.042557538461538466
-0.030040615384615384
-0.007510153846153846
0.008344615384615384
0.022947692307692308
0.047772923076923074
0.05194523076923077
0.049233230769230765
0.02586830769230769
-0.003755076923076923
-0.011265230769230769
-0.021904615384615383
-0.021070153846153846
-0.004589538461538461
0.023990769230769232
0.07051199999999999
0.11557292307692307
0.14936861538461538
0.16584923076923075
0.15228923076923076
0.1178676923076923
0.07259815384615384
0.015228923076923076
-0.044435076923076924
-0.10639384615384614
-0.15145476923076923
-0.17481969230769231
-0.1656406153846154
-0.10952307692307692
-0.03504738461538461
0.04401784615384615
0.11494707692307692
0.17461107692307692
0.21716861538461538
0.23052
0.21111876923076925
0.15646153846153846
0.07843938461538462
-0.007510153846153846
-0.08469784615384615
-0.15750461538461538
-0.22843384615384613
-0.2830910769230769
-0.3054129230769231
-0.276624
-0.2056947692307692
-0.11098338461538461
-0.026076923076923077
0.04652123076923077
0.10827138461538462
0.1597993846153846
0.20277415384615383
0.20861538461538462
0.18253846153846154
0.12329169230769231
0.03942830769230769
-0.040054153846153843
-0.10743692307692307
-0.16418030769230768
-0.19380369230769232
-0.19839323076923077
-0.17732307692307692
-0.130176
-0.06550523076923077
0.012516923076923077
0.07677046153846154
0.13205353846153844
0.17377661538461536
0.2008966153846154
0.1990190769230769
0.15771323076923077
0.08845292307692308
0.005215384615384615
-0.06717415384615384
-0.12391753846153845
-0.1652233846153846
-0.1990190769230769
-0.21779446153846155
-0.21111876923076925
-0.17732307692307692
-0.13184492307692308
-0.08782707692307692
-0.04714707692307692
-0.011682461538461537
0.024408000000000003
0.05507446153846154
0.065088
0.046104
0.015437538461538461
-0.026702769230769228
-0.06341907692307691
-0.08302892307692307
-0.0961716923076923
-0.09179076923076923
-0.08907876923076924
-0.07781353846153846
-0.055491692307692304
-0.02753723076923077
0.0043809230769230765
0.027745846153846152
0.05507446153846154
0.08010830769230769
0.10389046153846154
0.13038461538461538
0.15208061538461537
0.1706473846153846
0.18629353846153843
0.1990190769230769
0.22134092307692307
0.23344061538461539
0.22822523076923076
0.20715507692307691
0.17169046153846151
0.1435273846153846
0.10722830769230769
0.06404492307692307
0.015646153846153844
-0.03379569230769231
-0.06008123076923077
-0.058829538461538454
-0.03358707692307692
0.007301538461538462
0.04693846153846153
0.09658892307692307
0.16501476923076921
0.22864246153846152
0.2709913846153846
0.2720344615384615
0.22864246153846152
0.1639716923076923
0.0826116923076923
-0.003129230769230769
-0.09095630769230768
-0.17523692307692307
-0.23490092307692306
-0.2618123076923077
-0.25367630769230765
-0.21487384615384614
-0.15646153846153846
-0.09909230769230769
-0.03066646153846154
0.045895384615384616
0.11411261538461538
0.16292861538461537
0.18379015384615385
0.17711446153846155
0.14519630769230768
0.10493353846153847
0.059038153846153844
-0.0008344615384615384
-0.07969107692307692
-0.14999446153846155
-0.1923433846153846
-0.20381723076923075
-0.17961784615384613
-0.13747753846153846
-0.08740984615384616
-0.026494153846153844
0.040262769230769234
0.10681107692307691
0.16647507692307692
0.19755876923076923
0.19985353846153847
0.18212123076923076
0.1570873846153846
0.1316363076923077
0.09471138461538461
0.05736923076923077
0.010639384615384617
-0.02586830769230769
-0.041514461538461535
-0.05236246153846154
-0.051319384615384614
-0.05236246153846154
-0.05236246153846154
-0.03921969230769231
-0.010848
0.026911384615384615
0.05924676923076923
0.07843938461538462
0.10055261538461538
0.11536430769230768
0.11578153846153846
0.10618523076923077
0.07384984615384615
0.03379569230769231
-0.013768615384615384
-0.04965046153846154
-0.06842584615384616
-0.09137353846153846
-0.10138707692307691
-0.10159569230769232
-0.07927384615384615
-0.028371692307692306
0.029414769230769227
0.0853236923076923
0.12350030769230769
0.1502030769230769
0.17628
0.1990190769230769
0.2075723076923077
0.1927606153846154
0.15187199999999998
0.10222153846153846
0.05674338461538461
0.019192615384615384
-0.007510153846153846
-0.037342153846153844
-0.047981538461538464
-0.03755076923076923
-0.01272553846153846
0.027745846153846152
0.058829538461538454
0.08323753846153846
0.09158215384615384
0.08323753846153846
0.07197230769230768
0.04401784615384615
-0.005424
-0.06070707692307692
-0.100344
-0.12120553846153845
-0.12370892307692308
-0.10910584615384614
-0.08490646153846154
-0.058412307692307694
-0.033169846153846154
-0.010848
-0.003755076923076923
-0.012934153846153845
-0.03483876923076923
-0.062376
-0.07739630769230768
-0.08636676923076922
-0.09533723076923077
-0.10430769230769231
-0.11181784615384616
-0.1045163076923077
-0.10201292307692307
-0.08469784615384615
-0.05570030769230769
-0.008136
0.06008123076923077
0.16188553846153847
0.35193415384615384
0.40992923076923077
0.4314166153846154
0.46688123076923077
0.3903193846153846
0.3617390769230769
0.20819815384615384
0.015646153846153844
-0.18525046153846153
-0.3988726153846154
-0.4547815384615384
-0.519660923076923
-0.4948356923076923
-0.4351716923076923
-0.3321156923076923
-0.08782707692307692
0.10931446153846153
0.36611999999999995
0.5348898461538462
0.5640959999999999
0.5974744615384615
0.471888
0.3408775384615384
0.16438892307692307
-0.10201292307692307
-0.2701569230769231
-0.4921236923076923
-0.6102
-0.5659735384615384
-0.5079784615384615
-0.3229366153846154
-0.15354092307692307
-0.0029206153846153843
0.1856676923076923
0.3133403076923077
0.46667261538461535
0.554916923076923
0.517992
0.42953907692307686
0.2774584615384615
0.14957723076923077
-0.001043076923076923
-0.19547261538461536
-0.35276861538461535
-0.5113163076923077
-0.5592978461538461
-0.511524923076923
-0.4466455384615384
-0.3129230769230769
-0.18170399999999998
-0.027328615384615382
0.15875630769230767
0.2868461538461538
0.40033292307692303
0.45916246153846146
0.4424732307692308
0.44622830769230765
0.40930338461538457
0.3312812307692308
0.21925476923076925
0.05298830769230769
-0.116616
-0.292896
-0.42244615384615386
-0.5069353846153847
-0.527171076923077
-0.469176
-0.3909452307692307
-0.21883753846153844
0.009804923076923077
0.23156307692307693
0.45373846153846153
0.5855833846153846
0.6498369230769231
0.649211076923077
0.5509532307692308
0.404088
0.16501476923076921
-0.11724184615384614
-0.36403384615384615
-0.5759870769230769
-0.7047027692307691
-0.7639495384615383
-0.7412104615384615
-0.6043587692307693
-0.3903193846153846
-0.12016246153846154
0.14665661538461539
0.3947003076923077
0.6112430769230769
0.7178455384615384
0.7359950769230769
0.6558867692307692
0.4748086153846154
0.27599815384615384
0.037967999999999995
-0.1923433846153846
-0.35339446153846155
-0.47001046153846154
-0.4971304615384615
-0.4616658461538461
-0.38280923076923074
-0.23239753846153846
-0.05528307692307692
0.13184492307692308
0.30332676923076923
0.4222375384615385
0.4775206153846153
0.4645864615384615
0.4124326153846154
0.32564861538461537
0.20423446153846153
0.06383630769230769
-0.09950953846153845
-0.2290596923076923
-0.31626092307692305
-0.3752990769230769
-0.3740473846153846
-0.35965292307692304
-0.31855569230769226
-0.22113230769230768
-0.11348676923076922
0.008344615384615384
0.11035753846153845
0.1779489230769231
0.24449723076923074
0.2799618461538461
0.29456492307692306
0.2768326153846154
0.20527753846153846
0.12662953846153846
0.03629907692307692
-0.04547815384615384
-0.10243015384615384
-0.15792184615384616
-0.19317784615384614
-0.2236356923076923
-0.21737723076923077
-0.17023015384615386
-0.11265230769230769
-0.014185846153846153
0.065088
0.12412615384615384
0.19067446153846154
0.2288510769230769
0.25993476923076925
0.24992123076923078
0.18212123076923076
0.09992676923076924
0.0008344615384615384
-0.08866153846153846
-0.15667015384615385
-0.21341353846153846
-0.2453316923076923
-0.25764
-0.2225926153846154
-0.154584
-0.07739630769230768
0.005215384615384615
0.0678
0.13059323076923077
0.1842073846153846
0.21028430769230766
0.22154953846153846
0.19150892307692308
0.13601723076923075
0.08615815384615384
0.030040615384615384
-0.003963692307692307
-0.02586830769230769
-0.043392
-0.04214030769230769
-0.02357353846153846
0.03108369230769231
0.09533723076923077
0.14206707692307693
0.17252492307692308
0.17586276923076924
0.15082892307692305
0.11035753846153845
0.06821723076923077
0.02211323076923077
-0.03880246153846154
-0.08866153846153846
-0.11473846153846154
-0.12913292307692306
-0.11974523076923077
-0.10827138461538462
-0.08302892307692307
-0.03379569230769231
0.014603076923076923
0.08031692307692308
0.12579507692307693
0.14686523076923075
0.15833907692307692
0.15082892307692305
0.14018953846153845
0.10681107692307691
0.05611753846153846
0.0018775384615384615
-0.05090215384615384
-0.08949599999999999
-0.11098338461538461
-0.11578153846153846
-0.1045163076923077
-0.08615815384615384
-0.051319384615384614
-0.01397723076923077
0.015020307692307692
0.042974769230769226
0.050067692307692306
0.05382276923076923
0.051528
0.03379569230769231
0.022530461538461537
0.009804923076923077
-0.008344615384615384
-0.023990769230769232
-0.04380923076923077
-0.05507446153846154
-0.06195876923076923
-0.07301538461538462
-0.08386338461538462
-0.09304246153846155
-0.08511507692307693
-0.06905169230769231
-0.04714707692307692
-0.014603076923076923
0.022530461538461537
0.06550523076923077
0.11181784615384616
0.13643446153846153
0.1476996923076923
0.14290153846153844
0.1178676923076923
0.09512861538461538
0.06258461538461538
0.02899753846153846
-0.015020307692307692
-0.06759138461538462
-0.09408553846153846
-0.09763200000000001
-0.0771876923076923
-0.04088861538461538
0.0014603076923076922
0.04985907692307692
0.09804923076923076
0.14311015384615386
0.16772676923076923
0.16897846153846155
0.14561353846153846
0.09992676923076924
0.045060923076923075
-0.02357353846153846
-0.0961716923076923
-0.15604430769230768
-0.20047938461538461
-0.2194633846153846
-0.20652923076923077
-0.17315076923076922
-0.11557292307692307
-0.05194523076923077
0.008136
0.06696553846153847
0.11202646153846153
0.14102399999999998
0.1504116923076923
0.13768615384615385
0.10660246153846153
0.07572738461538461
0.04547815384615384
0.014185846153846153
-0.014185846153846153
-0.03713353846153846
-0.04214030769230769
-0.03880246153846154
-0.028163076923076923
-0.015854769230769228
-0.017940923076923077
-0.01668923076923077
-0.009596307692307692
0.008344615384615384
0.031918153846153846
0.04526953846153846
0.04944184615384615
0.04088861538461538
0.03609046153846154
0.029832
0.018358153846153843
0.003755076923076923
-0.017315076923076923
-0.01981846153846154
-0.006467076923076923
0.017940923076923077
0.04526953846153846
0.06905169230769231
0.08907876923076924
0.10138707692307691
0.11265230769230769
0.10263876923076923
0.07405846153846153
0.02899753846153846
-0.022530461538461537
-0.06028984615384615
-0.09053907692307692
-0.09721476923076922
-0.07906523076923076
-0.03504738461538461
0.03045784615384615
0.10243015384615384
0.16856123076923077
0.21174461538461536
0.23218892307692307
0.22300984615384614
0.18128676923076922
0.12245723076923076
0.04965046153846154
-0.03212676923076923
-0.09950953846153845
-0.15416676923076922
-0.17586276923076924
-0.15270646153846154
-0.10806276923076923
-0.04318338461538461
0.02482523076923077
0.08949599999999999
0.15520984615384617
0.20110523076923076
0.22300984615384614
0.2225926153846154
0.19046584615384615
0.14394461538461537
0.09304246153846155
0.027745846153846152
-0.03880246153846154
-0.09804923076923076
-0.12704676923076924
-0.10764553846153846
-0.05486584615384615
0.01981846153846154
0.09429415384615383
0.15187199999999998
0.19672430769230767
0.2205064615384615
0.21007569230769232
0.15813046153846153
0.06863446153846153
-0.03609046153846154
-0.14018953846153845
-0.21800307692307694
-0.2563883076923077
-0.2641070769230769
-0.24887815384615386
-0.2157083076923077
-0.16042523076923076
-0.09763200000000001
-0.042348923076923076
-0.007510153846153846
0.0014603076923076922
-0.0008344615384615384
-0.0033378461538461535
-0.011891076923076923
-0.026494153846153844
-0.051528
-0.08699261538461538
-0.11160923076923077
-0.12704676923076924
-0.12329169230769231
-0.11724184615384614
-0.11578153846153846
-0.10868861538461538
-0.10117846153846152
-0.07343261538461537
-0.047981538461538464
-0.02315630769230769
-0.0006258461538461538
0.008970461538461538
0.025659692307692307
0.04172307692307692
0.06571384615384615
0.07843938461538462
0.07489292307692308
0.08010830769230769
0.0826116923076923
0.09179076923076923
0.09471138461538461
0.06717415384615384
0.02753723076923077
-0.02273907692307692
-0.06487938461538462
-0.07739630769230768
-0.08302892307692307
-0.07384984615384615
-0.05444861538461539
-0.017315076923076923
0.05653476923076922
0.12391753846153845
0.1783661538461538
0.21028430769230766
0.2056947692307692
0.18983999999999998
0.15187199999999998
0.09825784615384614
0.030040615384615384
-0.054240000000000003
-0.11265230769230769
-0.14018953846153845
-0.12850707692307692
-0.07259815384615384
-0.011265230769230769
0.05528307692307692
0.13080184615384613
0.20486030769230767
0.2722430769230769
0.301032
0.29581661538461534
0.26097784615384617
0.19505538461538463
0.12934153846153845
0.06216738461538462
0.0014603076923076922
-0.04672984615384615
-0.0892873846153846
-0.09846646153846153
-0.08657538461538461
-0.06154153846153846
-0.03045784615384615
-0.011891076923076923
0.022530461538461537
0.05757784615384615
0.09784061538461537
0.14290153846153844
0.16501476923076921
0.17377661538461536
0.16313723076923078
0.14749107692307692
0.13080184615384613
0.0961716923076923
0.04672984615384615
-0.010639384615384617
-0.06008123076923077
-0.0892873846153846
-0.11494707692307692
-0.13393107692307693
-0.14164984615384615
-0.13247076923076923
-0.08574092307692306
-0.02273907692307692
0.03859384615384615
0.08636676923076922
0.07969107692307692
0.04860738461538461
0.017315076923076923
-0.0043809230769230765
-0.03755076923076923
-0.103056
-0.15395815384615386
-0.19651569230769228
-0.18379015384615385
-0.14665661538461539
0.016063384615384615
0.1207883076923077
0.06529661538461538
0.11745046153846153
0.10013538461538461
0.17294215384615383
0.1858763076923077
0.017523692307692306
-0.0974233846153846
-0.2899753846153846
-0.27620676923076926
-0.22864246153846152
-0.24700061538461537
-0.21174461538461536
-0.2707827692307692
-0.1207883076923077
0.06633969230769231
0.23177169230769232
0.37738523076923075
0.2828824615384615
0.25346769230769234
0.192552
0.10764553846153846
0.07468430769230769
-0.11411261538461538
-0.19463815384615382
-0.2730775384615384
-0.385104
-0.30436984615384616
-0.28163076923076924
-0.20110523076923076
-0.10618523076923077
-0.10827138461538462
-0.01710646153846154
0.005215384615384615
0.06049846153846154
0.15124615384615384
0.12162276923076921
0.10263876923076923
0.055491692307692304
0.059664
0.11056615384615384
0.04965046153846154
-0.016480615384615385
-0.11452984615384615
-0.1733593846153846
-0.12099692307692309
-0.12412615384615384
-0.11390399999999999
-0.1028473846153846
-0.09867507692307692
0.004589538461538461
0.07489292307692308
0.13184492307692308
0.21237046153846154
0.23364923076923078
0.3095852307692307
0.3727956923076923
0.3659113846153846
0.3216849230769231
0.19735015384615384
0.08615815384615384
-0.03838523076923077
-0.16584923076923075
-0.25972615384615383
-0.3252313846153846
-0.3081249230769231
-0.28163076923076924
-0.20402584615384614
-0.045895384615384616
0.09304246153846155
0.2482523076923077
0.3615304615384615
0.40742584615384614
0.4408043076923077
0.38719015384615385
0.30749907692307693
0.18963138461538462
0.009596307692307692
-0.11306953846153844
-0.22447015384615385
-0.3047870769230769
-0.3460929230769231
-0.3698750769230769
-0.29414769230769233
-0.16334584615384617
-0.020027076923076922
0.11244369230769231
0.21216184615384615
0.3248141538461538
0.4042966153846154
0.41723076923076924
0.3819747692307692
0.26765353846153844
0.15875630769230767
0.0717636923076923
-0.03024923076923077
-0.08052553846153847
-0.13101046153846155
-0.15500123076923078
-0.13747753846153846
-0.13706030769230768
-0.09471138461538461
-0.04839876923076923
-0.005215384615384615
0.03775938461538462
0.05674338461538461
0.09241661538461539
0.10243015384615384
0.11452984615384615
0.14561353846153846
0.14978584615384616
0.15833907692307692
0.1316363076923077
0.09012184615384615
0.05924676923076923
-0.007301538461538462
-0.058412307692307694
-0.11807630769230769
-0.1829556923076923
-0.18775384615384613
-0.18170399999999998
-0.16626646153846153
-0.1397723076923077
-0.111192
-0.02586830769230769
0.08219446153846154
0.1760713846153846
0.2411593846153846
0.2492953846153846
0.24032492307692307
0.20861538461538462
0.14477907692307693
0.073224
-0.024408000000000003
-0.11035753846153845
-0.18650215384615382
-0.2561796923076923
-0.2751636923076923
-0.2705741538461538
-0.20861538461538462
-0.11724184615384614
-0.04401784615384615
0.04318338461538461
0.10889723076923077
0.1779489230769231
0.23823876923076923
0.22947692307692308
0.1860849230769231
0.11411261538461538
0.03880246153846154
-0.021070153846153846
-0.08949599999999999
-0.14811692307692306
-0.20319138461538463
-0.2330233846153846
-0.21111876923076925
-0.17690584615384616
-0.11640738461538462
-0.05611753846153846
-0.02211323076923077
0.02211323076923077
0.04172307692307692
0.06529661538461538
0.07948246153846153
0.06133292307692308
0.054657230769230764
0.019609846153846155
-0.006884307692307692
0.0002086153846153846
0.009387692307692307
0.024199384615384616
0.015646153846153844
0.006049846153846154
0.018983999999999997
0.033169846153846154
0.05590892307692308
0.04902461538461538
0.02482523076923077
0.02044430769230769
0.029623384615384614
0.06905169230769231
0.09429415384615383
0.10263876923076923
0.12287446153846153
0.13643446153846153
0.16772676923076923
0.18379015384615385
0.16021661538461537
0.12850707692307692
0.07343261538461537
0.02753723076923077
-0.0014603076923076922
-0.029414769230769227
-0.037967999999999995
-0.044435076923076924
-0.03609046153846154
-0.012308307692307691
0.021278769230769233
0.06446215384615385
0.08824430769230769
0.09304246153846155
0.0798996923076923
0.06133292307692308
0.051528
0.02273907692307692
-0.028788923076923077
-0.08469784615384615
-0.14018953846153845
-0.15896492307692306
-0.1449876923076923
-0.12224861538461537
-0.08219446153846154
-0.04526953846153846
0.009596307692307692
0.07301538461538462
0.11974523076923077
0.1543753846153846
0.14561353846153846
0.08991323076923076
0.030040615384615384
-0.022530461538461537
-0.0744756923076923
-0.1205796923076923
-0.15604430769230768
-0.15896492307692306
-0.13038461538461538
-0.07218092307692307
0.0043809230769230765
0.07343261538461537
0.1289243076923077
0.1476996923076923
0.1422756923076923
0.12829846153846153
0.07969107692307692
0.004172307692307692
-0.08720123076923077
-0.16897846153846155
-0.2154996923076923
-0.23218892307692307
-0.20819815384615384
-0.1597993846153846
-0.09554584615384615
-0.014811692307692307
0.058829538461538454
0.12224861538461537
0.15646153846153846
0.14331876923076922
0.10222153846153846
0.053614153846153846
0.014394461538461538
-0.03129230769230769
-0.0892873846153846
-0.12996738461538462
-0.1543753846153846
-0.15208061538461537
-0.13080184615384613
-0.10138707692307691
-0.06070707692307692
-0.018358153846153843
0.03859384615384615
0.10472492307692308
0.15833907692307692
0.1977673846153846
0.21862892307692305
0.21716861538461538
0.21466523076923077
0.20193969230769232
0.16459753846153846
0.11348676923076922
0.04422646153846154
-0.023364923076923075
-0.07781353846153846
-0.11035753846153845
-0.12016246153846154
-0.12767261538461538
-0.11974523076923077
-0.08761846153846153
-0.02545107692307692
0.05486584615384615
0.12496061538461539
0.18983999999999998
0.23448369230769228
0.2526332307692308
0.2503384615384615
0.21237046153846154
0.14123261538461537
0.03483876923076923
-0.07635323076923077
-0.1721076923076923
-0.25555384615384613
-0.31354892307692306
-0.3383741538461538
-0.32210215384615387
-0.25993476923076925
-0.15792184615384616
-0.03296123076923077
0.09867507692307692
0.21195323076923075
0.29414769230769233
0.3291950769230769
0.31229723076923077
0.24992123076923078
0.13038461538461538
-0.027745846153846152
-0.18545907692307692
-0.309168
-0.3811403076923077
-0.39699507692307695
-0.36403384615384615
-0.290184
-0.1860849230769231
-0.06446215384615385
0.06696553846153847
0.17440246153846153
0.22864246153846152
0.233232
0.2056947692307692
0.16438892307692307
0.11265230769230769
0.05382276923076923
-0.008761846153846153
-0.052153846153846155
-0.06800861538461538
-0.06258461538461538
-0.041514461538461535
-0.03233538461538461
-0.023364923076923075
-0.00855323076923077
0.012308307692307691
0.04276615384615385
0.06049846153846154
0.07927384615384615
0.10660246153846153
0.1395636923076923
0.18212123076923076
0.2236356923076923
0.26097784615384617
0.26911384615384615
0.2411593846153846
0.20110523076923076
0.146448
0.07343261538461537
-0.021070153846153846
-0.12788123076923075
-0.2238443076923077
-0.2937304615384615
-0.3179298461538461
-0.2920615384615385
-0.23364923076923078
-0.1424843076923077
-0.016063384615384615
0.13226215384615383
0.2845513846153846
0.4011673846153846
0.4564504615384615
0.4524867692307692
0.3873987692307692
0.2720344615384615
0.1314276923076923
-0.02586830769230769
-0.1846246153846154
-0.3160523076923077
-0.39261415384615383
-0.4026276923076923
-0.35631507692307696
-0.2628553846153846
-0.12975876923076923
0.022947692307692308
0.17294215384615383
0.2981113846153846
0.3669544615384615
0.3646596923076923
0.2937304615384615
0.18545907692307692
0.07259815384615384
-0.03901107692307692
-0.13789476923076924
-0.21612553846153845
-0.26869661538461537
-0.2828824615384615
-0.25972615384615383
-0.20298276923076922
-0.13247076923076923
-0.06926030769230769
0.0029206153846153843
0.0826116923076923
0.16501476923076921
0.235944
0.2749550769230769
0.2851772307692308
0.26681907692307694
0.2290596923076923
0.18775384615384613
0.12725538461538463
0.04631261538461538
-0.024616615384615383
-0.08302892307692307
-0.11077476923076923
-0.12245723076923076
-0.12204
-0.0974233846153846
-0.06467076923076923
-0.01043076923076923
0.03984553846153846
0.08991323076923076
0.1316363076923077
0.15208061538461537
0.17586276923076924
0.1783661538461538
0.16501476923076921
0.13601723076923075
0.0826116923076923
0.025033846153846153
-0.02586830769230769
-0.06216738461538462
-0.09095630769230768
-0.1151556923076923
-0.13080184615384613
-0.127464
-0.1097316923076923
-0.07697907692307693
-0.020652923076923076
0.03212676923076923
0.06988615384615385
0.09158215384615384
0.10764553846153846
0.12621230769230768
0.13038461538461538
0.11473846153846154
0.0853236923076923
0.05277969230769231
0.03045784615384615
0.006675692307692307
-0.02482523076923077
-0.04819015384615385
-0.06696553846153847
-0.06800861538461538
-0.05319692307692307
-0.03629907692307692
-0.018775384615384614
-0.023364923076923075
-0.03838523076923077
-0.05298830769230769
-0.06613107692307692
-0.07927384615384615
-0.10764553846153846
-0.15333230769230768
-0.214248
-0.2795446153846154
-0.32543999999999995
-0.2926873846153846
-0.21237046153846154
-0.08073415384615384
0.11035753846153845
0.2789187692307692
0.4612486153846154
0.5941366153846154
0.6623538461538461
0.6496283076923076
0.5213298461538461
0.3485963076923077
0.15187199999999998
-0.019609846153846155
-0.20319138461538463
-0.3239796923076923
-0.3786369230769231
-0.3675803076923077
-0.22029784615384615
-0.03963692307692308
0.17481969230769231
0.3775938461538461
0.5309261538461538
0.6158326153846154
0.5887126153846154
0.4652123076923077
0.25972615384615383
0.02795446153846154
-0.22947692307692308
-0.4518609230769231
-0.6018553846153846
-0.6817550769230768
-0.609156923076923
-0.43642338461538455
-0.206112
0.05298830769230769
0.24658338461538462
0.4036707692307692
0.47877230769230766
0.43579753846153846
0.3510996923076923
0.20965846153846154
0.05862092307692307
-0.062376
-0.14686523076923075
-0.18086953846153844
-0.20632061538461538
-0.20402584615384614
-0.1846246153846154
-0.1585476923076923
-0.12579507692307693
-0.10514215384615383
-0.06133292307692308
-0.016897846153846156
-0.010639384615384617
-0.007927384615384614
-0.03567323076923076
-0.06905169230769231
-0.08073415384615384
-0.11807630769230769
-0.12516923076923075
-0.10013538461538461
-0.059038153846153844
0.0016689230769230767
0.03942830769230769
0.03421292307692308
-0.003755076923076923
-0.06404492307692307
-0.14603076923076924
-0.22697353846153845
-0.29414769230769233
-0.3344104615384615
-0.3198073846153846
-0.2221753846153846
-0.07927384615384615
0.0771876923076923
0.21028430769230766
0.30144923076923075
0.3746732307692308
0.3752990769230769
0.3141747692307692
0.22634769230769228
0.09992676923076924
-0.010013538461538461
-0.09825784615384614
-0.16000799999999998
-0.16710092307692306
-0.1449876923076923
-0.10013538461538461
-0.03901107692307692
0.03755076923076923
0.12245723076923076
0.20423446153846153
0.26786215384615386
0.27412061538461535
0.2436627692307692
0.19296923076923078
0.10764553846153846
0.02273907692307692
-0.06926030769230769
-0.15750461538461538
-0.1923433846153846
-0.1846246153846154
-0.13372246153846154
-0.04568676923076923
0.042974769230769226
0.1358086153846154
0.22488738461538463
0.273912
0.2709913846153846
0.2125790769230769
0.10555938461538462
-0.015437538461538461
-0.12642092307692307
-0.21967199999999998
-0.26911384615384615
-0.2701569230769231
-0.2330233846153846
-0.14290153846153844
-0.017523692307692306
0.10681107692307691
0.21737723076923077
0.28121353846153846
0.29331323076923077
0.265776
0.18274707692307693
0.07030338461538461
-0.05820369230769231
-0.20256553846153844
-0.3133403076923077
-0.37237846153846155
-0.3815575384615385
-0.34171199999999996
-0.268488
-0.16438892307692307
-0.050067692307692306
0.06529661538461538
0.16710092307692306
0.2330233846153846
0.25242461538461536
0.20339999999999997
0.11682461538461539
0.015646153846153844
-0.09575446153846154
-0.19150892307692308
-0.2730775384615384
-0.3193901538461538
-0.3016578461538461
-0.22947692307692308
-0.12016246153846154
0.01272553846153846
0.12496061538461539
0.22113230769230768
0.30186646153846153
0.3402516923076923
0.3387913846153846
0.2814221538461538
0.19380369230769232
0.09679753846153846
0.008970461538461538
-0.05653476923076922
-0.10535076923076922
-0.12955015384615384
-0.13601723076923075
-0.11911938461538461
-0.08448923076923077
-0.04631261538461538
-0.016480615384615385
-0.0002086153846153846
-0.0006258461538461538
0.0008344615384615384
0.0043809230769230765
0.001043076923076923
0.004589538461538461
-0.002086153846153846
0.005215384615384615
0.0446436923076923
0.09137353846153846
0.14978584615384616
0.19609846153846153
0.20673784615384616
0.19526400000000002
0.16730953846153845
0.12704676923076924
0.073224
0.008136
-0.05277969230769231
-0.09179076923076923
-0.10013538461538461
-0.08323753846153846
-0.042974769230769226
-0.006258461538461538
0.03233538461538461
0.08490646153846154
0.12683815384615382
0.15145476923076923
0.13476553846153844
0.08219446153846154
0.012934153846153845
-0.06529661538461538
-0.13872923076923074
-0.20944984615384615
-0.27558092307692306
-0.32001599999999997
-0.3248141538461538
-0.27412061538461535
-0.1783661538461538
-0.06383630769230769
0.05444861538461539
0.14832553846153845
0.21800307692307694
0.25534523076923077
0.24345415384615382
0.19317784615384614
0.10013538461538461
-0.012934153846153845
-0.11327815384615383
-0.1846246153846154
-0.21007569230769232
-0.19964492307692308
-0.1543753846153846
-0.07823076923076923
0.015854769230769228
0.11432123076923076
0.19150892307692308
0.23469230769230767
0.22780799999999998
0.18170399999999998
0.11807630769230769
0.04109723076923077
-0.029623384615384614
-0.09012184615384615
-0.12850707692307692
-0.12558646153846154
-0.09658892307692307
-0.046104
0.013142769230769229
0.0609156923076923
0.10347323076923076
0.13518276923076925
0.14394461538461537
0.12433476923076923
0.08073415384615384
0.021278769230769233
-0.028163076923076923
-0.051528
-0.051319384615384614
-0.03212676923076923
-0.0035464615384615383
0.03400430769230769
0.08302892307692307
0.13643446153846153
0.1775316923076923
0.20632061538461538
0.21049292307692305
0.1881710769230769
0.15208061538461537
0.10868861538461538
0.06487938461538462
0.017523692307692306
-0.026494153846153844
-0.05590892307692308
-0.05820369230769231
-0.040054153846153843
-0.015854769230769228
0.012934153846153845
0.033169846153846154
0.053614153846153846
0.08490646153846154
0.10743692307692307
0.11202646153846153
0.0936683076923077
0.05757784615384615
0.028788923076923077
0.009804923076923077
-0.002712
-0.008344615384615384
-0.012308307692307691
0.0043809230769230765
0.03567323076923076
0.07113784615384615
0.0963803076923077
0.09137353846153846
0.07364123076923076
0.05590892307692308
0.051528
0.05236246153846154
0.04965046153846154
0.04652123076923077
0.052153846153846155
0.07489292307692308
0.09804923076923076
0.1136953846153846
0.11703323076923078
0.10743692307692307
0.0853236923076923
0.05945538461538461
0.03901107692307692
0.016897846153846156
-0.0070929230769230765
-0.0448523076923077
-0.08198584615384615
-0.1136953846153846
-0.13872923076923074
-0.14853415384615384
-0.16334584615384617
-0.1666836923076923
-0.15374953846153847
-0.119328
-0.06362769230769232
-0.009804923076923077
0.031918153846153846
0.05653476923076922
0.07301538461538462
0.0880356923076923
0.09053907692307692
0.07197230769230768
0.044435076923076924
0.008344615384615384
-0.021487384615384613
-0.03233538461538461
-0.03024923076923077
-0.0077187692307692304
0.018358153846153843
0.04380923076923077
0.08198584615384615
0.12412615384615384
0.15124615384615384
0.14811692307692306
0.13038461538461538
0.10889723076923077
0.08156861538461539
0.05653476923076922
0.032544
0.010848
-0.021904615384615383
-0.05862092307692307
-0.07405846153846153
-0.06717415384615384
-0.04902461538461538
-0.029206153846153847
0.0
0.03692492307692308
0.06696553846153847
0.08949599999999999
0.10743692307692307
0.11807630769230769
0.11306953846153844
0.09033046153846153
0.06592246153846154
0.03233538461538461
-0.012308307692307691
-0.042557538461538466
-0.06049846153846154
-0.06049846153846154
-0.04714707692307692
-0.029623384615384614
-0.0077187692307692304
0.00855323076923077
0.02273907692307692
0.03379569230769231
0.029414769230769227
0.01710646153846154
0.010222153846153844
0.0035464615384615383
-0.0025033846153846152
-0.010013538461538461
-0.017523692307692306
-0.028163076923076923
-0.03838523076923077
-0.04652123076923077
-0.06154153846153846
-0.08198584615384615
-0.11557292307692307
-0.1476996923076923
-0.17315076923076922
-0.1802436923076923
-0.168144
-0.13998092307692306
-0.08782707692307692
-0.04088861538461538
0.011056615384615385
0.06717415384615384
0.10868861538461538
0.1368516923076923
0.13372246153846154
0.10535076923076922
0.05716061538461538
-0.010639384615384617
-0.08386338461538462
-0.15562707692307692
-0.21007569230769232
-0.23761292307692305
-0.233232
-0.18712800000000002
-0.11745046153846153
-0.034630153846153845
0.056951999999999996
0.14582215384615385
0.22342707692307692
0.27412061538461535
0.27850153846153847
0.23531815384615382
0.15813046153846153
0.05799507692307692
-0.04401784615384615
-0.14102399999999998
-0.22113230769230768
-0.27704123076923076
-0.29769415384615383
-0.26640184615384616
-0.19839323076923077
-0.10159569230769232
0.006049846153846154
0.10743692307692307
0.19359507692307693
0.25305046153846156
0.28663753846153844
0.29185292307692307
0.26494153846153845
0.21237046153846154
0.1397723076923077
0.05486584615384615
-0.011891076923076923
-0.059872615384615385
-0.09450276923076922
-0.111192
-0.10660246153846153
-0.07656184615384615
-0.03567323076923076
0.010639384615384617
0.052153846153846155
0.08428061538461538
0.10263876923076923
0.11640738461538462
0.12496061538461539
0.11536430769230768
0.09241661538461539
0.06133292307692308
0.03150092307692308
-0.003755076923076923
-0.04965046153846154
-0.10117846153846152
-0.15646153846153846
-0.21132738461538458
-0.25993476923076925
-0.2864289230769231
-0.2872633846153846
-0.26139507692307695
-0.20423446153846153
-0.12934153846153845
-0.042557538461538466
0.03859384615384615
0.10660246153846153
0.14144123076923076
0.157296
0.13706030769230768
0.07426707692307692
0.010848
-0.05236246153846154
-0.09700615384615385
-0.14018953846153845
-0.1704387692307692
-0.17690584615384616
-0.12516923076923075
-0.04568676923076923
0.15604430769230768
0.28017046153846153
0.19839323076923077
0.21174461538461536
0.12037107692307693
0.14123261538461537
0.15395815384615386
-0.07551876923076924
-0.2140393846153846
-0.425784
-0.39657784615384617
-0.26932246153846157
-0.2205064615384615
-0.09554584615384615
-0.10597661538461538
0.11870215384615385
0.3442153846153846
0.49733907692307694
0.6285581538461538
0.4418473846153846
0.34776184615384614
0.19609846153846153
0.010013538461538461
-0.04902461538461538
-0.2830910769230769
-0.3584012307692308
-0.39365723076923076
-0.47376553846153846
-0.287472
-0.1614683076923077
0.040262769230769234
0.2753723076923077
0.3170953846153846
0.44581107692307687
0.45603323076923075
0.442056
0.4487316923076923
0.25305046153846156
0.06133292307692308
-0.17502830769230768
-0.32836061538461536
-0.34358953846153845
-0.42411507692307693
-0.4303735384615384
-0.4303735384615384
-0.3542289230769231
-0.11202646153846153
0.049233230769230765
0.2140393846153846
0.330864
0.3554806153846154
0.45311261538461534
0.4443507692307692
0.3659113846153846
0.2853858461538461
0.10660246153846153
0.0
-0.08824430769230769
-0.1908830769230769
-0.23010276923076922
-0.2899753846153846
-0.29039261538461536
-0.26118646153846153
-0.21716861538461538
-0.12308307692307692
-0.021487384615384613
0.13330523076923076
0.225096
0.279336
0.3588184615384616
0.3571495384615384
0.3623649230769231
0.306456
0.15938215384615384
0.05027630769230769
-0.10827138461538462
-0.22447015384615385
-0.2970683076923077
-0.38885907692307686
-0.37091815384615384
-0.3239796923076923
-0.2275993846153846
-0.08761846153846153
0.025033846153846153
0.19505538461538463
0.35339446153846155
0.46354338461538463
0.497964923076923
0.4405956923076923
0.40033292307692303
0.3160523076923077
0.1775316923076923
0.03233538461538461
-0.17148184615384612
-0.2993630769230769
-0.3490135384615385
-0.3861470769230769
-0.32231076923076923
-0.25805723076923076
-0.14665661538461539
0.04401784615384615
0.184416
0.33295015384615384
0.4282873846153846
0.45624184615384616
0.45332123076923075
0.3669544615384615
0.2503384615384615
0.07781353846153846
-0.09763200000000001
-0.22447015384615385
-0.33065538461538463
-0.36215630769230767
-0.3775938461538461
-0.33607938461538456
-0.208824
-0.08511507692307693
0.07739630769230768
0.19818461538461538
0.2643156923076923
0.3508910769230769
0.3813489230769231
0.3682061538461538
0.2985286153846154
0.15208061538461537
0.02545107692307692
-0.08198584615384615
-0.17565415384615385
-0.23677846153846152
-0.2937304615384615
-0.30019753846153846
-0.2632726153846154
-0.19797599999999999
-0.09471138461538461
-0.009179076923076922
0.08177723076923075
0.14686523076923075
0.16418030769230768
0.1775316923076923
0.15667015384615385
0.14144123076923076
0.11327815384615383
0.015020307692307692
-0.07593599999999999
-0.15687876923076924
-0.1883796923076923
-0.14936861538461538
-0.14853415384615384
-0.14874276923076923
-0.13080184615384613
-0.078648
0.03066646153846154
0.11223507692307692
0.15792184615384616
0.15896492307692306
0.14457046153846154
0.15562707692307692
0.14790830769230767
0.13184492307692308
0.09074769230769231
0.03483876923076923
0.018983999999999997
0.010222153846153844
0.02273907692307692
0.03880246153846154
0.023782153846153845
0.01940123076923077
0.00855323076923077
0.015646153846153844
0.051528
0.06571384615384615
0.06133292307692308
0.020652923076923076
-0.02357353846153846
-0.02232184615384615
-0.0004172307692307692
0.013768615384615384
-0.012308307692307691
-0.049233230769230765
-0.05236246153846154
-0.020027076923076922
0.04902461538461538
0.09241661538461539
0.08219446153846154
0.07009476923076922
0.06321046153846153
0.07134646153846153
0.07113784615384615
0.02044430769230769
-0.03421292307692308
-0.08115138461538463
-0.10201292307692307
-0.07531015384615385
-0.05820369230769231
-0.03129230769230769
0.005424
0.04422646153846154
0.10535076923076922
0.1504116923076923
0.18107815384615383
0.17711446153846155
0.15082892307692305
0.1178676923076923
0.07134646153846153
0.03400430769230769
-0.017732307692307693
-0.08031692307692308
-0.12934153846153845
-0.1656406153846154
-0.1777403076923077
-0.16647507692307692
-0.15166338461538462
-0.12537784615384615
-0.09533723076923077
-0.047981538461538464
0.03212676923076923
0.10910584615384614
0.16418030769230768
0.18107815384615383
0.15562707692307692
0.11953661538461538
0.07197230769230768
0.006884307692307692
-0.06446215384615385
-0.13664307692307692
-0.1783661538461538
-0.19067446153846154
-0.16689230769230767
-0.11682461538461539
-0.05924676923076923
0.019192615384615384
0.08386338461538462
0.1356
0.17085599999999998
0.16334584615384617
0.1435273846153846
0.10806276923076923
0.055491692307692304
0.0033378461538461535
-0.06529661538461538
-0.12350030769230769
-0.15646153846153846
-0.173568
-0.16689230769230767
-0.15395815384615386
-0.13601723076923075
-0.11306953846153844
-0.07927384615384615
-0.042557538461538466
-0.016897846153846156
0.011265230769230769
0.024408000000000003
0.03880246153846154
0.05528307692307692
0.058829538461538454
0.06884307692307692
0.06133292307692308
0.03609046153846154
0.014394461538461538
-0.0002086153846153846
-0.004798153846153846
-0.0070929230769230765
-0.017523692307692306
-0.03212676923076923
-0.03859384615384615
-0.040054153846153843
-0.03671630769230769
-0.03108369230769231
-0.022530461538461537
0.0006258461538461538
0.04401784615384615
0.09700615384615385
0.13914646153846155
0.16251138461538459
0.16042523076923076
0.13622584615384614
0.09575446153846154
0.041514461538461535
-0.022947692307692308
-0.10076123076923077
-0.1666836923076923
-0.1910916923076923
-0.17231630769230769
-0.12621230769230768
-0.05590892307692308
0.026494153846153844
0.10076123076923077
0.1656406153846154
0.21758584615384616
0.24282830769230768
0.23093723076923076
0.1908830769230769
0.14331876923076922
0.10201292307692307
0.06383630769230769
0.02086153846153846
-0.021696
-0.052571076923076915
-0.07364123076923076
-0.07426707692307692
-0.059038153846153844
-0.053405538461538456
-0.04756430769230769
-0.04631261538461538
-0.042348923076923076
-0.02273907692307692
-0.010639384615384617
-0.0077187692307692304
-0.007510153846153846
-0.012099692307692308
-0.004798153846153846
0.010639384615384617
0.017523692307692306
0.019192615384615384
0.009179076923076922
-0.006049846153846154
-0.017732307692307693
-0.03400430769230769
-0.05611753846153846
-0.08574092307692306
-0.11432123076923076
-0.11870215384615385
-0.09074769230769231
-0.03567323076923076
0.03024923076923077
0.08824430769230769
0.13872923076923074
0.19046584615384615
0.23260615384615385
0.24762646153846155
0.23135446153846154
0.18525046153846153
0.12162276923076921
0.06154153846153846
0.009596307692307692
-0.04109723076923077
-0.08302892307692307
-0.11953661538461538
-0.13080184615384613
-0.10681107692307691
-0.06341907692307691
-0.008136
0.043600615384615383
0.08615815384615384
0.11599015384615384
0.1316363076923077
0.10994030769230768
0.05778646153846154
-0.016480615384615385
-0.10722830769230769
-0.1800350769230769
-0.23656984615384613
-0.2703655384615385
-0.2680707692307692
-0.23448369230769228
-0.17169046153846151
-0.08156861538461539
0.013768615384615384
0.09304246153846155
0.14060676923076923
0.15917353846153848
0.1570873846153846
0.13789476923076924
0.10827138461538462
0.06592246153846154
0.014603076923076923
-0.03838523076923077
-0.06404492307692307
-0.05674338461538461
-0.031709538461538456
-0.0012516923076923076
0.022947692307692308
0.042348923076923076
0.06738276923076922
0.09241661538461539
0.10138707692307691
0.09241661538461539
0.052153846153846155
0.009179076923076922
-0.01272553846153846
-0.02232184615384615
-0.016063384615384615
-0.008344615384615384
0.0004172307692307692
0.02482523076923077
0.05736923076923077
0.09512861538461538
0.11953661538461538
0.11494707692307692
0.08761846153846153
0.04318338461538461
0.0050067692307692304
-0.02482523076923077
-0.04401784615384615
-0.047772923076923074
-0.03337846153846154
0.009804923076923077
0.06800861538461538
0.13309661538461537
0.1858763076923077
0.21237046153846154
0.23052
0.235944
0.21988061538461537
0.1779489230769231
0.09846646153846153
0.005424
-0.07468430769230769
-0.13038461538461538
-0.1558356923076923
-0.16188553846153847
-0.15395815384615386
-0.12099692307692309
-0.06258461538461538
0.017315076923076923
0.09846646153846153
0.15896492307692306
0.19526400000000002
0.20965846153846154
0.20778092307692309
0.1804523076923077
0.13080184615384613
0.06967753846153846
0.007301538461538462
-0.04380923076923077
-0.08073415384615384
-0.0961716923076923
-0.09533723076923077
-0.09658892307692307
-0.09262523076923077
-0.07259815384615384
-0.03400430769230769
0.016272
0.06195876923076923
0.09095630769230768
0.09429415384615383
0.09575446153846154
0.09554584615384615
0.08094276923076923
0.053405538461538456
-0.0022947692307692304
-0.06571384615384615
-0.10493353846153847
-0.13518276923076925
-0.15333230769230768
-0.18545907692307692
-0.24595753846153845
-0.2830910769230769
-0.31855569230769226
-0.33315876923076926
-0.347136
-0.3521427692307692
-0.3229366153846154
-0.23782153846153845
-0.07593599999999999
0.13893784615384613
0.4309993846153846
0.5628443076923076
0.6738276923076922
0.7825163076923077
0.7460086153846153
0.7293193846153846
0.5225815384615384
0.2578486153846154
-0.05507446153846154
-0.38677292307692307
-0.5795335384615384
-0.8102621538461537
-0.9168646153846153
-0.9644289230769231
-0.8738898461538461
-0.561384
-0.21320492307692307
0.2586830769230769
0.6431612307692307
0.9320935384615384
1.1807630769230768
1.225824
1.174921846153846
0.9306332307692307
0.527171076923077
0.12537784615384615
-0.37363015384615383
-0.758316923076923
-0.9936350769230768
-1.1592756923076923
-1.1181784615384616
-1.0094898461538462
-0.767496
-0.4111809230769231
-0.04985907692307692
0.38656430769230765
0.7401673846153847
0.998016
1.1571895384615385
1.159692923076923
1.0689452307692306
0.798996923076923
0.4072172307692307
-0.006258461538461538
-0.44414215384615385
-0.7618633846153846
-0.9767372307692308
-1.0960652307692307
-1.0560110769230768
-0.9214541538461538
-0.6606849230769232
-0.3216849230769231
-0.004172307692307692
0.32627446153846157
0.6106172307692308
0.8411372307692306
1.0297255384615385
1.0835483076923076
1.010532923076923
0.7958676923076923
0.4814843076923077
0.12642092307692307
-0.2626467692307692
-0.6074879999999999
-0.9078941538461538
-1.0979427692307693
-1.1440467692307692
-1.0937704615384614
-0.8740984615384615
-0.5605495384615384
-0.20402584615384614
0.21737723076923077
0.5983089230769231
0.9320935384615384
1.1544775384615384
1.2172707692307692
1.1636566153846153
0.9452363076923076
0.6379458461538461
0.27474646153846155
-0.1506203076923077
-0.5634701538461538
-0.9393950769230769
-1.1834750769230769
-1.255030153846154
-1.1717926153846152
-0.9333452307692307
-0.5987261538461538
-0.17419384615384614
0.3022836923076923
0.7243126153846153
1.0676935384615385
1.2579507692307692
1.2527353846153846
1.1117113846153845
0.8254910769230769
0.46020553846153844
0.06592246153846154
-0.3521427692307692
-0.709500923076923
-0.9821612307692307
-1.120056
-1.0873033846153846
-0.9264609230769231
-0.6579729230769231
-0.32836061538461536
0.03942830769230769
0.40846892307692306
0.7088750769230768
0.9272953846153846
1.017
0.9713132307692307
0.8198584615384615
0.5605495384615384
0.25659692307692306
-0.06967753846153846
-0.3813489230769231
-0.6089483076923077
-0.761028923076923
-0.8015003076923076
-0.7332830769230769
-0.6031070769230769
-0.4188996923076923
-0.2073636923076923
0.019609846153846155
0.2480436923076923
0.4282873846153846
0.5380190769230769
0.5670166153846153
0.520704
0.43433723076923075
0.30708184615384615
0.16271999999999998
-0.002086153846153846
-0.17523692307692307
-0.3160523076923077
-0.4512350769230769
-0.5334295384615384
-0.5643046153846153
-0.5563772307692307
-0.4685501538461538
-0.34984799999999994
-0.19317784615384614
-0.015228923076923076
0.15291507692307693
0.32669169230769235
0.45332123076923075
0.5273796923076923
0.5459464615384615
0.49274953846153846
0.3938658461538461
0.2586830769230769
0.10868861538461538
-0.04714707692307692
-0.1994363076923077
-0.31250584615384613
-0.3873987692307692
-0.4188996923076923
-0.38656430769230765
-0.3235624615384615
-0.2238443076923077
-0.10076123076923077
0.021904615384615383
0.1721076923076923
0.2966510769230769
0.38927630769230764
0.4418473846153846
0.42953907692307686
0.3861470769230769
0.30332676923076923
0.20027076923076922
0.08177723076923075
-0.04819015384615385
-0.1476996923076923
-0.21070153846153844
-0.23093723076923076
-0.21174461538461536
-0.18337292307692307
-0.14686523076923075
-0.09179076923076923
-0.018358153846153843
0.0744756923076923
0.1435273846153846
0.17711446153846155
0.1777403076923077
0.15124615384615384
0.13455692307692307
0.111192
0.08761846153846153
0.06926030769230769
0.04568676923076923
0.03984553846153846
0.04047138461538462
0.03421292307692308
0.02044430769230769
-0.02086153846153846
-0.07656184615384615
-0.12788123076923075
-0.16501476923076921
-0.17398523076923075
-0.1706473846153846
-0.15291507692307693
-0.10952307692307692
-0.042557538461538466
0.058412307692307694
0.15917353846153848
0.22780799999999998
0.2572227692307692
0.24992123076923078
0.23510953846153848
0.20277415384615383
0.14582215384615385
0.053405538461538456
-0.06842584615384616
-0.17169046153846151
-0.24992123076923078
-0.2858030769230769
-0.2751636923076923
-0.23677846153846152
-0.15082892307692305
-0.028371692307692306
0.11098338461538461
0.249504
0.35568923076923076
0.409512
0.4007501538461538
0.33962584615384617
0.24616615384615384
0.11911938461538461
-0.032544
-0.17565415384615385
-0.29685969230769227
-0.36966646153846155
-0.3949089230769231
-0.3836436923076923
-0.3214763076923077
-0.23469230769230767
-0.1314276923076923
-0.018775384615384614
0.07635323076923077
0.15520984615384617
0.2021483076923077
0.2127876923076923
0.20652923076923077
0.17565415384615385
0.12808984615384614
0.06675692307692307
-0.009596307692307692
-0.08240307692307691
-0.1395636923076923
-0.17544553846153846
-0.19296923076923078
-0.19714153846153845
-0.18983999999999998
-0.16501476923076921
-0.11286092307692308
-0.044435076923076924
0.018775384615384614
0.07113784615384615
0.10660246153846153
0.12996738461538462
0.14665661538461539
0.138312
0.11411261538461538
0.07969107692307692
0.03275261538461539
-0.011473846153846154
-0.05319692307692307
-0.08156861538461539
-0.10326461538461539
-0.12204
-0.11640738461538462
-0.09804923076923076
-0.06946892307692307
-0.035255999999999996
0.0012516923076923076
0.04693846153846153
0.09012184615384615
0.13768615384615385
0.1775316923076923
0.2008966153846154
0.21111876923076925
0.1913003076923077
0.15187199999999998
0.10347323076923076
0.038176615384615385
-0.029206153846153847
-0.08115138461538463
-0.10618523076923077
-0.09533723076923077
-0.06884307692307692
-0.016480615384615385
0.05507446153846154
0.11599015384615384
0.17461107692307692
0.21800307692307694
0.24303692307692307
0.2436627692307692
0.21195323076923075
0.165432
0.10409907692307692
0.029623384615384614
-0.047772923076923074
-0.12120553846153845
-0.16188553846153847
-0.16438892307692307
-0.132888
-0.058829538461538454
0.024199384615384616
0.10472492307692308
0.17502830769230768
0.21758584615384616
0.23844738461538462
0.2194633846153846
0.1635544615384615
0.09387692307692307
0.02086153846153846
-0.032544
-0.06842584615384616
-0.08198584615384615
-0.07051199999999999
-0.04214030769230769
0.013351384615384614
0.07364123076923076
0.13101046153846155
0.1693956923076923
0.1721076923076923
0.15228923076923076
0.1151556923076923
0.07113784615384615
0.02211323076923077
-0.041514461538461535
-0.092208
-0.11974523076923077
-0.12996738461538462
-0.09784061538461537
-0.03775938461538462
0.03483876923076923
0.11181784615384616
0.17398523076923075
0.22175815384615383
0.23448369230769228
0.20277415384615383
0.14311015384615386
0.053614153846153846
-0.03921969230769231
-0.12996738461538462
-0.21049292307692305
-0.26348123076923075
-0.2943563076923077
-0.2899753846153846
-0.25346769230769234
-0.1923433846153846
-0.1207883076923077
-0.05570030769230769
0.0004172307692307692
0.04944184615384615
0.08699261538461538
0.11536430769230768
0.11682461538461539
0.09596307692307693
0.061124307692307686
0.016063384615384615
-0.014185846153846153
-0.040679999999999994
-0.062376
-0.08198584615384615
-0.09971815384615385
-0.10743692307692307
-0.10597661538461538
-0.0936683076923077
-0.08636676923076922
-0.08866153846153846
-0.08094276923076923
-0.056951999999999996
-0.02044430769230769
0.024408000000000003
0.06341907692307691
0.1028473846153846
0.13393107692307693
0.14457046153846154
0.1476996923076923
0.12600369230769232
0.08010830769230769
0.017315076923076923
-0.05528307692307692
-0.1136953846153846
-0.16000799999999998
-0.18399876923076922
-0.18399876923076922
-0.15875630769230767
-0.09930092307692308
-0.01814953846153846
0.08448923076923077
0.184416
0.26118646153846153
0.3148006153846154
0.32585723076923073
0.2989458461538462
0.2342750769230769
0.130176
0.002086153846153846
-0.12913292307692306
-0.23198030769230768
-0.29352184615384613
-0.3143833846153846
-0.2951907692307692
-0.23010276923076922
-0.13247076923076923
-0.013560000000000001
0.10868861538461538
0.21487384615384614
0.28809784615384615
0.32231076923076923
0.3323243076923077
0.30061476923076924
0.23782153846153845
0.15166338461538462
0.052153846153846155
-0.03921969230769231
-0.11202646153846153
-0.15500123076923078
-0.16730953846153845
-0.1476996923076923
-0.10597661538461538
-0.05048492307692308
0.015854769230769228
0.08031692307692308
0.12308307692307692
0.1506203076923077
0.16626646153846153
0.17398523076923075
0.1802436923076923
0.17502830769230768
0.15813046153846153
0.11745046153846153
0.06195876923076923
0.009179076923076922
-0.046104
-0.10952307692307692
-0.18504184615384617
-0.2561796923076923
-0.30186646153846153
-0.3129230769230769
-0.28809784615384615
-0.23615261538461538
-0.19359507692307693
-0.15959076923076923
-0.09137353846153846
0.004172307692307692
0.10722830769230769
0.192552
0.23281476923076924
0.25534523076923077
0.2789187692307692
0.3127144615384615
0.34922215384615385
0.21508246153846153
0.0033378461538461535
-0.17419384615384614
-0.33002953846153843
-0.31855569230769226
-0.40617415384615385
-0.485448
-0.48357046153846156
-0.45311261538461534
-0.1693956923076923
0.0446436923076923
0.24762646153846155
0.3554806153846154
0.3669544615384615
0.4917064615384615
0.45373846153846153
0.3988726153846154
0.1860849230769231
-0.14185846153846154
-0.32648307692307693
-0.5426086153846154
-0.5732750769230769
-0.5490756923076923
-0.5344726153846153
-0.3375396923076923
-0.1994363076923077
0.041514461538461535
0.33899999999999997
0.4960873846153846
0.6681950769230769
0.6248030769230769
0.48106707692307693
0.371544
0.15813046153846153
0.05236246153846154
-0.09158215384615384
-0.26368984615384616
-0.35318584615384613
-0.4368406153846153
-0.3452584615384615
-0.23510953846153848
-0.18858830769230767
-0.11327815384615383
-0.07593599999999999
0.05382276923076923
0.18483323076923078
0.20423446153846153
0.2154996923076923
0.13810338461538463
0.0963803076923077
0.1070196923076923
0.05382276923076923
0.033169846153846154
-0.018775384615384614
-0.06008123076923077
-0.022530461538461537
-0.01814953846153846
-0.007510153846153846
-0.03504738461538461
-0.11557292307692307
-0.1449876923076923
-0.1883796923076923
-0.2021483076923077
-0.18107815384615383
-0.13643446153846153
-0.03379569230769231
0.04965046153846154
0.17085599999999998
0.28809784615384615
0.3442153846153846
0.3713353846153846
0.2995716923076923
0.22405292307692307
0.14540492307692307
0.017315076923076923
-0.07781353846153846
-0.19380369230769232
-0.2561796923076923
-0.24908676923076922
-0.22342707692307692
-0.12850707692307692
-0.050067692307692306
0.05674338461538461
0.21007569230769232
0.32961230769230765
0.4170221538461538
0.40283630769230766
0.32335384615384616
0.24282830769230768
0.12120553846153845
-0.014185846153846153
-0.1570873846153846
-0.2855944615384615
-0.32648307692307693
-0.31834707692307695
-0.23406646153846156
-0.08615815384615384
0.03921969230769231
0.18525046153846153
0.28851507692307693
0.34275507692307694
0.3782196923076923
0.33816553846153846
0.2730775384615384
0.16334584615384617
0.029623384615384614
-0.06738276923076922
-0.1397723076923077
-0.154584
-0.13852061538461538
-0.10493353846153847
-0.03713353846153846
0.027745846153846152
0.11578153846153846
0.1990190769230769
0.22864246153846152
0.22780799999999998
0.16063384615384615
0.08156861538461539
0.023782153846153845
-0.04860738461538461
-0.10555938461538462
-0.17273353846153844
-0.20402584615384614
-0.1502030769230769
-0.06863446153846153
0.023364923076923075
0.08302892307692307
0.10493353846153847
0.13247076923076923
0.13184492307692308
0.11140061538461538
0.06592246153846154
-0.015228923076923076
-0.0826116923076923
-0.14457046153846154
-0.165432
-0.14582215384615385
-0.1151556923076923
-0.04318338461538461
0.013351384615384614
0.05862092307692307
0.10159569230769232
0.10868861538461538
0.12162276923076921
0.0934596923076923
0.02545107692307692
-0.02795446153846154
-0.06946892307692307
-0.06383630769230769
-0.04088861538461538
-0.022947692307692308
0.0004172307692307692
0.02211323076923077
0.061124307692307686
0.09325107692307691
0.1045163076923077
0.10326461538461539
0.06592246153846154
0.02545107692307692
-0.009179076923076922
-0.05173661538461538
-0.06738276923076922
-0.07197230769230768
-0.047772923076923074
0.007510153846153846
0.06341907692307691
0.14269292307692305
0.22780799999999998
0.3054129230769231
0.35256
0.34963938461538463
0.317304
0.25805723076923076
0.1804523076923077
0.08094276923076923
-0.03504738461538461
-0.12934153846153845
-0.18796246153846152
-0.18775384615384613
-0.12537784615384615
-0.042348923076923076
0.049233230769230765
0.1356
0.20694646153846152
0.25513661538461535
0.24282830769230768
0.18316430769230768
0.09116492307692307
-0.03337846153846154
-0.15208061538461537
-0.265776
-0.3550633846153846
-0.3863556923076923
-0.3711267692307692
-0.3079163076923077
-0.21779446153846155
-0.11473846153846154
0.0006258461538461538
0.09763200000000001
0.16459753846153846
0.1908830769230769
0.18149538461538461
0.16084246153846155
0.11494707692307692
0.044435076923076924
-0.04839876923076923
-0.14540492307692307
-0.2059033846153846
-0.22447015384615385
-0.19046584615384615
-0.12955015384615384
-0.06946892307692307
-0.002086153846153846
0.08010830769230769
0.1666836923076923
0.23010276923076922
0.24574892307692306
0.21716861538461538
0.1693956923076923
0.11578153846153846
0.06821723076923077
0.01397723076923077
-0.043392
-0.09408553846153846
-0.13518276923076925
-0.14540492307692307
-0.1314276923076923
-0.10159569230769232
-0.06800861538461538
-0.045895384615384616
-0.023364923076923075
0.006884307692307692
0.04214030769230769
0.06946892307692307
0.06800861538461538
0.04672984615384615
0.03129230769230769
0.021278769230769233
0.029414769230769227
0.05194523076923077
0.06905169230769231
0.08156861538461539
0.09596307692307693
0.11807630769230769
0.13330523076923076
0.12829846153846153
0.09909230769230769
0.07051199999999999
0.05924676923076923
0.06467076923076923
0.0798996923076923
0.07572738461538461
0.06529661538461538
0.05194523076923077
0.03713353846153846
0.022947692307692308
-0.010848
-0.047981538461538464
-0.086784
-0.11599015384615384
-0.12621230769230768
-0.13330523076923076
-0.12558646153846154
-0.10430769230769231
-0.07656184615384615
-0.03024923076923077
0.02357353846153846
0.06592246153846154
0.09241661538461539
0.08657538461538461
0.062376
0.03379569230769231
-0.0014603076923076922
-0.03358707692307692
-0.07051199999999999
-0.09784061538461537
-0.10201292307692307
-0.0826116923076923
-0.040679999999999994
0.002712
0.03629907692307692
0.05319692307692307
0.06049846153846154
0.05090215384615384
0.018983999999999997
-0.016897846153846156
-0.07343261538461537
-0.1287156923076923
-0.16876984615384616
-0.19609846153846153
-0.20131384615384615
-0.20173107692307693
-0.1923433846153846
-0.1666836923076923
-0.12308307692307692
-0.05403138461538461
0.020027076923076922
0.07656184615384615
0.10868861538461538
0.111192
0.0988836923076923
0.07009476923076922
0.02211323076923077
-0.03921969230769231
-0.10389046153846154
-0.14477907692307693
-0.15625292307692307
-0.13267938461538462
-0.07426707692307692
-0.020027076923076922
0.031918153846153846
0.09763200000000001
0.15103753846153847
0.1783661538461538
0.16105107692307694
0.11181784615384616
0.05924676923076923
0.006675692307692307
-0.03066646153846154
-0.05048492307692308
-0.06362769230769232
-0.06404492307692307
-0.049233230769230765
-0.01940123076923077
0.019192615384615384
0.04652123076923077
0.05570030769230769
0.03880246153846154
0.010639384615384617
-0.022530461538461537
-0.06195876923076923
-0.09450276923076922
-0.13330523076923076
-0.15667015384615385
-0.14686523076923075
-0.11411261538461538
-0.04944184615384615
0.026911384615384615
0.09533723076923077
0.15646153846153846
0.20694646153846152
0.2411593846153846
0.23928184615384615
0.18545907692307692
0.09679753846153846
0.0014603076923076922
-0.0880356923076923
-0.1558356923076923
-0.19317784615384614
-0.2021483076923077
-0.1779489230769231
-0.11953661538461538
-0.047981538461538464
0.03713353846153846
0.12329169230769231
0.18545907692307692
0.22175815384615383
0.22405292307692307
0.19672430769230767
0.14206707692307693
0.06404492307692307
-0.022530461538461537
-0.09199938461538461
-0.13664307692307692
-0.15896492307692306
-0.1570873846153846
-0.1287156923076923
-0.08386338461538462
-0.03713353846153846
0.015854769230769228
0.06759138461538462
0.10639384615384614
0.12808984615384614
0.14269292307692305
0.1558356923076923
0.16271999999999998
0.1652233846153846
0.1656406153846154
0.1639716923076923
0.15646153846153846
0.14561353846153846
0.13121907692307694
0.10639384615384614
0.08010830769230769
0.054657230769230764
0.034630153846153845
0.021696
0.007510153846153846
0.0033378461538461535
-0.0014603076923076922
-0.003755076923076923
0.018358153846153843
0.047981538461538464
0.07885661538461539
0.10639384615384614
0.11494707692307692
0.11432123076923076
0.10013538461538461
0.06863446153846153
0.02482523076923077
-0.034630153846153845
-0.08845292307692308
-0.14144123076923076
-0.1856676923076923
-0.20360861538461536
-0.19797599999999999
-0.16188553846153847
-0.11181784615384616
-0.054240000000000003
0.008136
0.06321046153846153
0.10889723076923077
0.14123261538461537
0.15667015384615385
0.1635544615384615
0.16188553846153847
0.1558356923076923
0.14686523076923075
0.12433476923076923
0.09658892307692307
0.065088
0.029623384615384614
-0.015854769230769228
-0.06154153846153846
-0.09658892307692307
-0.11557292307692307
-0.10785415384615385
-0.0880356923076923
-0.05799507692307692
-0.01710646153846154
0.026702769230769228
0.065088
0.08386338461538462
0.078648
0.058829538461538454
0.03483876923076923
0.01668923076923077
0.013351384615384614
0.0077187692307692304
0.0012516923076923076
-0.0043809230769230765
-0.012516923076923077
-0.010639384615384617
-0.015228923076923076
-0.026702769230769228
-0.04652123076923077
-0.0853236923076923
-0.13476553846153844
-0.18858830769230767
-0.24345415384615382
-0.25555384615384613
-0.1927606153846154
-0.07843938461538462
0.08615815384615384
0.25513661538461535
0.40554830769230765
0.5380190769230769
0.6051932307692307
0.611868923076923
0.5050578461538461
0.31855569230769226
0.100344
-0.12662953846153846
-0.30562153846153844
-0.5244590769230769
-0.6625624615384615
-0.713256
-0.6719501538461539
-0.4681329230769231
-0.24428861538461538
0.042974769230769226
0.29748553846153847
0.5204953846153846
0.7170110769230769
0.7551876923076922
0.7065803076923076
0.519660923076923
0.27474646153846155
0.015020307692307692
-0.28476
-0.49379261538461533
-0.6429526153846153
-0.6786258461538462
-0.572232
-0.4047138461538461
-0.16334584615384617
0.07384984615384615
0.2920615384615385
0.4958787692307692
0.5818283076923076
0.5997692307692307
0.5476153846153846
0.4353803076923077
0.3275261538461538
0.1585476923076923
-0.010848
-0.17315076923076922
-0.31772123076923076
-0.385104
-0.42703569230769234
-0.4216116923076923
-0.3721698461538462
-0.2912270769230769
-0.16772676923076923
-0.062376
0.027745846153846152
0.10076123076923077
0.14436184615384615
0.19985353846153847
0.2225926153846154
0.22467876923076924
0.2288510769230769
0.21049292307692305
0.20047938461538461
0.16334584615384617
0.08052553846153847
-0.006258461538461538
-0.10597661538461538
-0.19442953846153843
-0.2638984615384615
-0.31772123076923076
-0.3133403076923077
-0.26222953846153846
-0.1502030769230769
0.0043809230769230765
0.15291507692307693
0.2906012307692308
0.38677292307692307
0.4408043076923077
0.43329415384615383
0.34880492307692307
0.23531815384615382
0.10117846153846152
-0.045895384615384616
-0.18775384615384613
-0.317304
-0.3896935384615384
-0.41723076923076924
-0.4024190769230769
-0.33649661538461534
-0.2399076923076923
-0.10722830769230769
0.03337846153846154
0.16480615384615382
0.25951753846153847
0.309168
0.32669169230769235
0.2970683076923077
0.2207150769230769
0.10055261538461538
-0.03650769230769231
-0.14790830769230767
-0.21132738461538458
-0.22864246153846152
-0.192552
-0.12600369230769232
-0.03337846153846154
0.0828203076923077
0.15687876923076924
0.1860849230769231
0.16418030769230768
0.10201292307692307
0.03567323076923076
-0.03859384615384615
-0.09679753846153846
-0.13184492307692308
-0.14018953846153845
-0.10722830769230769
-0.04401784615384615
0.04047138461538462
0.11599015384615384
0.16084246153846155
0.18149538461538461
0.17461107692307692
0.15875630769230767
0.10868861538461538
0.028163076923076923
-0.04631261538461538
-0.127464
-0.17169046153846151
-0.18253846153846154
-0.17085599999999998
-0.13184492307692308
-0.0853236923076923
-0.015646153846153844
0.0717636923076923
0.15813046153846153
0.22572184615384616
0.2591003076923077
0.24303692307692307
0.1802436923076923
0.07739630769230768
-0.03755076923076923
-0.14916
-0.26723630769230766
-0.37008369230769234
-0.4268270769230769
-0.4111809230769231
-0.3419206153846154
-0.24199384615384617
-0.11599015384615384
0.007510153846153846
0.11473846153846154
0.21028430769230766
0.26535876923076923
0.26640184615384616
0.21758584615384616
0.132888
0.06070707692307692
-0.0012516923076923076
-0.06049846153846154
-0.10889723076923077
-0.14436184615384615
-0.14916
-0.1218313846153846
-0.07760492307692309
-0.02586830769230769
0.024616615384615383
0.06821723076923077
0.11181784615384616
0.15604430769230768
0.19964492307692308
0.2288510769230769
0.23969907692307693
0.23615261538461538
0.22488738461538463
0.22342707692307692
0.21487384615384614
0.19296923076923078
0.154584
0.1028473846153846
0.05111076923076923
0.0002086153846153846
-0.0446436923076923
-0.0988836923076923
-0.15750461538461538
-0.19735015384615384
-0.20402584615384614
-0.17982646153846152
-0.13038461538461538
-0.06654830769230768
0.008970461538461538
0.103056
0.19296923076923078
0.25451076923076926
0.2709913846153846
0.2532590769230769
0.19735015384615384
0.11745046153846153
0.03442153846153846
-0.06195876923076923
-0.14874276923076923
-0.22780799999999998
-0.26869661538461537
-0.2557624615384615
-0.21028430769230766
-0.13059323076923077
-0.040679999999999994
0.05298830769230769
0.13455692307692307
0.19568123076923075
0.23135446153846154
0.22426153846153846
0.18170399999999998
0.1045163076923077
0.016480615384615385
-0.06028984615384615
-0.124752
-0.1712732307692308
-0.19588984615384614
-0.1977673846153846
-0.16835261538461538
-0.11348676923076922
-0.05444861538461539
-0.002086153846153846
0.021904615384615383
0.031709538461538456
0.04547815384615384
0.055491692307692304
0.053614153846153846
0.031918153846153846
0.0004172307692307692
-0.02586830769230769
-0.027120000000000002
-0.015646153846153844
-0.006884307692307692
0.0
0.001043076923076923
0.013351384615384614
0.030040615384615384
0.033169846153846154
0.017940923076923077
-0.02232184615384615
-0.07238953846153846
-0.1070196923076923
-0.11452984615384615
-0.10389046153846154
-0.0826116923076923
-0.05319692307692307
-0.0050067692307692304
0.05277969230769231
0.10743692307692307
0.15813046153846153
0.1775316923076923
0.1712732307692308
0.14561353846153846
0.10743692307692307
0.06946892307692307
0.017315076923076923
-0.04819015384615385
-0.10764553846153846
-0.1489513846153846
-0.16981292307692308
-0.16438892307692307
-0.13810338461538463
-0.09992676923076924
-0.049233230769230765
0.017940923076923077
0.08949599999999999
0.15541846153846153
0.1992276923076923
0.20965846153846154
0.2090326153846154
0.19296923076923078
0.17231630769230769
0.14311015384615386
0.09241661538461539
0.04088861538461538
-0.018775384615384614
-0.06988615384615385
-0.10785415384615385
-0.14415323076923076
-0.16480615384615382
-0.1829556923076923
-0.18399876923076922
-0.1531236923076923
-0.10535076923076922
-0.04172307692307692
0.01856676923076923
0.08198584615384615
0.1462393846153846
0.1867107692307692
0.20486030769230767
0.18921415384615384
0.14081538461538462
0.07238953846153846
-0.011891076923076923
-0.08594953846153845
-0.15333230769230768
-0.20819815384615384
-0.2357353846153846
-0.2355267692307692
-0.1867107692307692
-0.11035753846153845
-0.019609846153846155
0.07259815384615384
0.14916
0.2157083076923077
0.2641070769230769
0.28663753846153844
0.26932246153846157
0.21696000000000001
0.14686523076923075
0.0678
-0.014603076923076923
-0.0880356923076923
-0.15082892307692305
-0.1842073846153846
-0.1785747692307692
-0.14081538461538462
-0.06154153846153846
0.020027076923076922
0.09658892307692307
0.16751815384615384
0.2138307692307692
0.24324553846153843
0.24491446153846153
0.21842030769230766
0.17148184615384612
0.11807630769230769
0.07238953846153846
0.040679999999999994
0.018983999999999997
0.0029206153846153843
-0.004589538461538461
-0.0022947692307692304
0.0029206153846153843
0.006258461538461538
0.010639384615384617
0.011265230769230769
0.0035464615384615383
-0.005215384615384615
-0.0033378461538461535
0.0043809230769230765
0.013560000000000001
0.03024923076923077
0.04965046153846154
0.07197230769230768
0.09471138461538461
0.10827138461538462
0.10389046153846154
0.07572738461538461
0.041514461538461535
-0.00855323076923077
-0.06529661538461538
-0.12329169230769231
-0.1802436923076923
-0.21591692307692306
-0.2330233846153846
-0.21362215384615382
-0.17169046153846151
-0.11348676923076922
-0.042557538461538466
0.03108369230769231
0.11223507692307692
0.18086953846153844
0.22864246153846152
0.2436627692307692
0.22488738461538463
0.1804523076923077
0.11432123076923076
0.03609046153846154
-0.05090215384615384
-0.13768615384615385
-0.20110523076923076
-0.2290596923076923
-0.23072861538461537
-0.21237046153846154
-0.17732307692307692
-0.12683815384615382
-0.0678
-0.0050067692307692304
0.061124307692307686
0.11494707692307692
0.14582215384615385
0.15416676923076922
0.13998092307692306
0.11202646153846153
0.07259815384615384
0.01043076923076923
-0.054657230769230764
-0.12016246153846154
-0.17461107692307692
-0.20193969230769232
-0.21466523076923077
-0.20131384615384615
-0.17315076923076922
-0.1205796923076923
-0.03275261538461539
0.06300184615384616
0.15479261538461536
0.21842030769230766
0.25513661538461535
0.27432923076923077
0.26786215384615386
0.2399076923076923
0.18379015384615385
0.1028473846153846
0.009387692307692307
-0.08636676923076922
-0.17419384615384614
-0.25054707692307693
-0.30937661538461536
-0.33482769230769227
-0.3193901538461538
-0.25972615384615383
-0.15646153846153846
-0.03629907692307692
0.08907876923076924
0.1992276923076923
0.2814221538461538
0.3310726153846154
0.33253292307692306
0.2814221538461538
0.17669723076923077
0.03150092307692308
-0.11870215384615385
-0.24011630769230768
-0.3198073846153846
-0.34358953846153845
-0.3216849230769231
-0.25847446153846154
-0.1502030769230769
-0.014394461538461538
0.1314276923076923
0.2517987692307692
0.32627446153846157
0.3548547692307692
0.34358953846153845
0.3012406153846154
0.2236356923076923
0.11327815384615383
-0.005215384615384615
-0.11181784615384616
-0.18754523076923074
-0.2207150769230769
-0.21925476923076925
-0.18921415384615384
-0.14206707692307693
-0.07802215384615384
0.005424
0.0880356923076923
0.15959076923076923
0.19505538461538463
0.18963138461538462
0.143736
0.05111076923076923
-0.05111076923076923
-0.15082892307692305
-0.22342707692307692
-0.2818393846153846
-0.2912270769230769
-0.2517987692307692
-0.15541846153846153
-0.035464615384615386
0.10722830769230769
0.32982092307692307
0.37258707692307685
0.3780110769230769
0.37237846153846155
0.2799618461538461
0.26097784615384617
0.10243015384615384
-0.06216738461538462
-0.23281476923076924
-0.3717526153846154
-0.33065538461538463
-0.31083692307692307
-0.21591692307692306
-0.14790830769230767
-0.05757784615384615
0.15103753846153847
0.29039261538461536
0.4524867692307692
0.47084492307692305
0.3646596923076923
0.2951907692307692
0.14206707692307693
0.04380923076923077
-0.06446215384615385
-0.21925476923076925
-0.26118646153846153
-0.35923569230769226
-0.3738387692307692
-0.26118646153846153
-0.18128676923076922
-0.015020307692307692
0.0828203076923077
0.15124615384615384
0.25012984615384615
0.2897667692307692
0.3811403076923077
0.4193169230769231
0.3623649230769231
0.26869661538461537
0.14916
0.100344
0.04631261538461538
-0.049233230769230765
-0.12621230769230768
-0.21967199999999998
-0.22154953846153846
-0.1718990769230769
-0.14811692307692306
-0.08344615384615384
-0.05236246153846154
0.004798153846153846
0.10347323076923076
0.15145476923076923
0.21216184615384615
0.2371956923076923
0.22426153846153846
0.23969907692307693
0.22447015384615385
0.1787833846153846
0.0880356923076923
-0.042974769230769226
-0.16856123076923077
-0.2853858461538461
-0.3575667692307692
-0.3767593846153846
-0.3279433846153846
-0.23135446153846154
-0.14561353846153846
-0.001043076923076923
0.17481969230769231
0.31542646153846154
0.44351630769230765
0.4743913846153846
0.4387181538461538
0.3615304615384615
0.2355267692307692
0.132888
-0.017315076923076923
-0.18525046153846153
-0.29644246153846154
-0.368832
-0.3784283076923077
-0.35256
-0.2981113846153846
-0.19338646153846153
-0.07092923076923077
0.058829538461538454
0.16605784615384614
0.25471938461538457
0.3316984615384615
0.3314898461538462
0.2822566153846154
0.1846246153846154
0.043392
-0.06821723076923077
-0.1927606153846154
-0.29039261538461536
-0.32543999999999995
-0.330864
-0.2482523076923077
-0.13852061538461538
-0.027328615384615382
0.10764553846153846
0.21654276923076923
0.31250584615384613
0.35297723076923077
0.3342018461538461
0.27599815384615384
0.1846246153846154
0.11640738461538462
0.05757784615384615
0.018358153846153843
-0.0043809230769230765
-0.03442153846153846
-0.02524246153846154
0.0014603076923076922
0.040679999999999994
0.0936683076923077
0.08991323076923076
0.06821723076923077
0.06279323076923077
0.04860738461538461
0.03588184615384615
-0.002086153846153846
-0.04819015384615385
-0.05924676923076923
-0.05820369230769231
-0.04631261538461538
-0.031709538461538456
-0.040679999999999994
-0.05674338461538461
-0.07405846153846153
-0.07927384615384615
-0.07092923076923077
-0.07572738461538461
-0.08907876923076924
-0.1205796923076923
-0.1449876923076923
-0.1449876923076923
-0.12808984615384614
-0.08010830769230769
-0.048816000000000005
-0.03588184615384615
-0.015646153846153844
0.0050067692307692304
0.05236246153846154
0.07843938461538462
0.050067692307692306
-0.0018775384615384615
-0.06008123076923077
-0.09429415384615383
-0.11286092307692308
-0.13351384615384615
-0.15646153846153846
-0.16459753846153846
-0.11745046153846153
-0.03504738461538461
0.044435076923076924
0.10597661538461538
0.12683815384615382
0.13351384615384615
0.13121907692307694
0.10827138461538462
0.07238953846153846
0.004798153846153846
-0.05924676923076923
-0.09950953846153845
-0.11953661538461538
-0.10055261538461538
-0.05570030769230769
0.002086153846153846
0.05924676923076923
0.11682461538461539
0.1883796923076923
0.25451076923076926
0.2897667692307692
0.2768326153846154
0.21487384615384614
0.1316363076923077
0.045060923076923075
-0.018775384615384614
-0.05674338461538461
-0.0961716923076923
-0.10764553846153846
-0.08386338461538462
-0.026285538461538457
0.05757784615384615
0.11327815384615383
0.14728246153846153
0.16000799999999998
0.14540492307692307
0.12642092307692307
0.07927384615384615
0.006258461538461538
-0.07030338461538461
-0.1287156923076923
-0.1504116923076923
-0.14728246153846153
-0.13038461538461538
-0.10472492307692308
-0.06633969230769231
-0.009596307692307692
0.05069353846153846
0.10806276923076923
0.14582215384615385
0.1462393846153846
0.12600369230769232
0.08365476923076923
0.03358707692307692
-0.018358153846153843
-0.07697907692307693
-0.1136953846153846
-0.1316363076923077
-0.12621230769230768
-0.08135999999999999
-0.016063384615384615
0.05277969230769231
0.10514215384615383
0.13101046153846155
0.132888
0.10430769230769231
0.04965046153846154
-0.03275261538461539
-0.12412615384615384
-0.20131384615384615
-0.26097784615384617
-0.28121353846153846
-0.2722430769230769
-0.23281476923076924
-0.15938215384615384
-0.07739630769230768
0.006258461538461538
0.06863446153846153
0.09992676923076924
0.10430769230769231
0.09533723076923077
0.07238953846153846
0.02795446153846154
-0.029414769230769227
-0.08991323076923076
-0.13101046153846155
-0.14039815384615384
-0.12141415384615384
-0.08949599999999999
-0.05298830769230769
-0.013142769230769229
0.03650769230769231
0.08824430769230769
0.12412615384615384
0.1435273846153846
0.14144123076923076
0.12996738461538462
0.11974523076923077
0.10576799999999999
0.09471138461538461
0.08907876923076924
0.08240307692307691
0.08031692307692308
0.07572738461538461
0.06884307692307692
0.05924676923076923
0.030875076923076922
-0.003755076923076923
-0.03400430769230769
-0.052571076923076915
-0.06028984615384615
-0.054657230769230764
-0.03129230769230769
0.003129230769230769
0.06425353846153846
0.13059323076923077
0.19735015384615384
0.25138153846153843
0.265776
0.25138153846153843
0.2075723076923077
0.14957723076923077
0.07489292307692308
-0.017315076923076923
-0.10159569230769232
-0.1704387692307692
-0.19609846153846153
-0.17315076923076922
-0.13330523076923076
-0.065088
0.009596307692307692
0.08219446153846154
0.16605784615384614
0.2205064615384615
0.24512307692307692
0.2275993846153846
0.17648861538461538
0.11724184615384614
0.03629907692307692
-0.048816000000000005
-0.13497415384615385
-0.2154996923076923
-0.26348123076923075
-0.27328615384615385
-0.23677846153846152
-0.16856123076923077
-0.09784061538461537
-0.018983999999999997
0.05716061538461538
0.12496061538461539
0.17648861538461538
0.18900553846153845
0.18316430769230768
0.1570873846153846
0.12579507692307693
0.10159569230769232
0.06613107692307692
0.035255999999999996
0.004589538461538461
-0.025033846153846153
-0.03921969230769231
-0.04214030769230769
-0.03692492307692308
-0.030875076923076922
-0.018775384615384614
0.004172307692307692
0.03775938461538462
0.084072
0.12850707692307692
0.16251138461538459
0.173568
0.1693956923076923
0.16271999999999998
0.13810338461538463
0.09554584615384615
0.03233538461538461
-0.04380923076923077
-0.11035753846153845
-0.16271999999999998
-0.21028430769230766
-0.24574892307692306
-0.2559710769230769
-0.23928184615384615
-0.19004861538461537
-0.1151556923076923
-0.027745846153846152
0.05590892307692308
0.12537784615384615
0.17440246153846153
0.19192615384615386
0.17502830769230768
0.11640738461538462
0.03108369230769231
-0.07009476923076922
-0.1666836923076923
-0.23156307692307693
-0.27286892307692306
-0.28434276923076923
-0.2582658461538461
-0.200688
-0.10681107692307691
0.010639384615384617
0.12433476923076923
0.22342707692307692
0.2943563076923077
0.3346190769230769
0.33378461538461535
0.29185292307692307
0.20277415384615383
0.06467076923076923
-0.09053907692307692
-0.23969907692307693
-0.3419206153846154
-0.38948492307692306
-0.4017932307692308
-0.36632861538461536
-0.28851507692307693
-0.17461107692307692
-0.026702769230769228
0.11557292307692307
0.2275993846153846
0.29101846153846156
0.30979384615384614
0.2997803076923077
0.2557624615384615
0.18212123076923076
0.08720123076923077
-0.01856676923076923
-0.11494707692307692
-0.18170399999999998
-0.21654276923076923
-0.22300984615384614
-0.20423446153846153
-0.15813046153846153
-0.08198584615384615
0.007301538461538462
0.09387692307692307
0.1696043076923077
0.2225926153846154
0.25534523076923077
0.2701569230769231
0.26786215384615386
0.2399076923076923
0.18066092307692305
0.09533723076923077
0.007301538461538462
-0.05945538461538461
-0.10618523076923077
-0.13184492307692308
-0.14394461538461537
-0.14290153846153844
-0.10931446153846153
-0.035255999999999996
0.05611753846153846
0.13455692307692307
0.17711446153846155
0.19505538461538463
0.20131384615384615
0.19380369230769232
0.184416
0.15813046153846153
0.11745046153846153
0.0744756923076923
0.03713353846153846
0.021696
0.004172307692307692
-0.018983999999999997
-0.042557538461538466
-0.058829538461538454
-0.045895384615384616
-0.015020307692307692
0.031709538461538456
0.07697907692307693
0.11244369230769231
0.15103753846153847
0.17502830769230768
0.1913003076923077
0.1883796923076923
0.1422756923076923
0.07697907692307693
0.00855323076923077
-0.04547815384615384
-0.06738276923076922
-0.08073415384615384
-0.0974233846153846
-0.11014892307692307
-0.11077476923076923
-0.08615815384615384
-0.05382276923076923
-0.026076923076923077
-0.003755076923076923
0.015437538461538461
0.05674338461538461
0.0961716923076923
0.11473846153846154
0.09846646153846153
0.04547815384615384
-0.005632615384615384
-0.04547815384615384
-0.06863446153846153
-0.11098338461538461
-0.13914646153846155
-0.15228923076923076
-0.11181784615384616
-0.043392
0.0855323076923077
0.279336
0.2753723076923077
0.30019753846153846
0.3114627692307692
0.26723630769230766
0.265776
0.05716061538461538
-0.14811692307692306
-0.3813489230769231
-0.5350984615384615
-0.5048492307692307
-0.5246676923076923
-0.45457292307692304
-0.4128498461538462
-0.2868461538461538
-0.010013538461538461
0.19964492307692308
0.4326683076923077
0.4675070769230769
0.38677292307692307
0.347136
0.20527753846153846
0.12454338461538461
-0.031918153846153846
-0.23385784615384617
-0.31542646153846154
-0.45686769230769225
-0.4539470769230769
-0.3648683076923077
-0.3095852307692307
-0.15103753846153847
-0.05382276923076923
0.07259815384615384
0.20360861538461536
0.25930892307692305
0.3565236923076923
0.3642424615384615
0.2970683076923077
0.21237046153846154
0.1151556923076923
0.07656184615384615
-0.029414769230769227
-0.17231630769230769
-0.27453784615384613
-0.3648683076923077
-0.3392086153846154
-0.28934953846153844
-0.2453316923076923
-0.15917353846153848
-0.10117846153846152
0.016272
0.146448
0.19964492307692308
0.2591003076923077
0.2620209230769231
0.26160369230769226
0.3114627692307692
0.29832
0.2588916923076923
0.15750461538461538
0.027120000000000002
-0.08031692307692308
-0.20652923076923077
-0.29644246153846154
-0.35965292307692304
-0.34984799999999994
-0.2699483076923077
-0.1794092307692308
-0.0002086153846153846
0.1858763076923077
0.344424
0.508812923076923
0.5880867692307692
0.6268892307692308
0.5743181538461538
0.4239064615384615
0.2666104615384615
0.04756430769230769
-0.14790830769230767
-0.2860116923076923
-0.3890676923076923
-0.4276615384615384
-0.44309907692307693
-0.37717661538461533
-0.22196676923076922
-0.05090215384615384
0.11348676923076922
0.22530461538461538
0.328152
0.4178566153846154
0.4251581538461538
0.39699507692307695
0.2868461538461538
0.12662953846153846
0.0012516923076923076
-0.13226215384615383
-0.214248
-0.2492953846153846
-0.2757895384615385
-0.23823876923076923
-0.17315076923076922
-0.07948246153846153
0.04526953846153846
0.13476553846153844
0.20423446153846153
0.22405292307692307
0.20798953846153845
0.17231630769230769
0.10910584615384614
0.06300184615384616
0.009596307692307692
-0.01814953846153846
-0.01981846153846154
-0.025659692307692307
-0.010013538461538461
-0.014185846153846153
-0.024199384615384616
-0.020027076923076922
-0.03108369230769231
-0.021904615384615383
0.0022947692307692304
0.011265230769230769
0.01043076923076923
-0.009179076923076922
-0.014603076923076923
0.006884307692307692
0.016272
0.015020307692307692
-0.0043809230769230765
-0.03212676923076923
-0.0446436923076923
-0.05799507692307692
-0.06279323076923077
-0.08010830769230769
-0.10848000000000001
-0.12537784615384615
-0.1506203076923077
-0.15520984615384617
-0.15395815384615386
-0.15520984615384617
-0.12621230769230768
-0.1028473846153846
-0.07384984615384615
-0.03921969230769231
-0.017523692307692306
0.02023569230769231
0.030875076923076922
0.005215384615384615
-0.014603076923076923
-0.03692492307692308
-0.04109723076923077
-0.031709538461538456
-0.024199384615384616
-0.011265230769230769
-0.011682461538461537
0.0022947692307692304
0.021696
0.030040615384615384
0.034630153846153845
0.014185846153846153
-0.0016689230769230767
-0.016063384615384615
-0.03275261538461539
-0.027120000000000002
-0.011473846153846154
0.026702769230769228
0.07301538461538462
0.1097316923076923
0.15166338461538462
0.18629353846153843
0.20506892307692307
0.19985353846153847
0.16856123076923077
0.13309661538461537
0.09033046153846153
0.03421292307692308
-0.027328615384615382
-0.10222153846153846
-0.168144
-0.21612553846153845
-0.2225926153846154
-0.18650215384615382
-0.1358086153846154
-0.06216738461538462
0.013351384615384614
0.09053907692307692
0.1612596923076923
0.1923433846153846
0.20486030769230767
0.19526400000000002
0.15813046153846153
0.1136953846153846
0.04693846153846153
-0.025033846153846153
-0.08866153846153846
-0.1358086153846154
-0.15625292307692307
-0.15145476923076923
-0.1097316923076923
-0.042974769230769226
0.03024923076923077
0.10159569230769232
0.15959076923076923
0.21487384615384614
0.25930892307692305
0.2641070769230769
0.24908676923076922
0.20402584615384614
0.1435273846153846
0.08219446153846154
0.015228923076923076
-0.03650769230769231
-0.0897046153846154
-0.13309661538461537
-0.14540492307692307
-0.13393107692307693
-0.10347323076923076
-0.07259815384615384
-0.04526953846153846
-0.003129230769230769
0.03984553846153846
0.07843938461538462
0.11098338461538461
0.124752
0.12412615384615384
0.09825784615384614
0.06821723076923077
0.04214030769230769
0.0077187692307692304
-0.025033846153846153
-0.07259815384615384
-0.12433476923076923
-0.15813046153846153
-0.18504184615384617
-0.19317784615384614
-0.18149538461538461
-0.1543753846153846
-0.10409907692307692
-0.040262769230769234
0.02899753846153846
0.09283384615384616
0.14686523076923075
0.18504184615384617
0.2008966153846154
0.20173107692307693
0.1829556923076923
0.13643446153846153
0.06696553846153847
-0.01814953846153846
-0.09846646153846153
-0.15604430769230768
-0.19693292307692306
-0.21320492307692307
-0.20465169230769228
-0.16856123076923077
-0.09137353846153846
-0.0014603076923076922
0.08782707692307692
0.17481969230769231
0.2422024615384615
0.29185292307692307
0.30666461538461537
0.2782929230769231
0.20965846153846154
0.0974233846153846
-0.023990769230769232
-0.13080184615384613
-0.21696000000000001
-0.2707827692307692
-0.2897667692307692
-0.2680707692307692
-0.20715507692307691
-0.1151556923076923
-0.006467076923076923
0.10138707692307691
0.1908830769230769
0.2374043076923077
0.24095076923076922
0.2125790769230769
0.15750461538461538
0.08448923076923077
-0.0025033846153846152
-0.08907876923076924
-0.15625292307692307
-0.19338646153846153
-0.21195323076923075
-0.2090326153846154
-0.1802436923076923
-0.12934153846153845
-0.053614153846153846
0.032544
0.1207883076923077
0.18963138461538462
0.22321846153846153
0.22551323076923077
0.20047938461538461
0.15562707692307692
0.0961716923076923
0.031709538461538456
-0.023364923076923075
-0.052571076923076915
-0.05090215384615384
-0.03024923076923077
-0.0006258461538461538
0.04172307692307692
0.092208
0.13038461538461538
0.14603076923076924
0.13497415384615385
0.09304246153846155
0.03212676923076923
-0.03880246153846154
-0.09179076923076923
-0.11098338461538461
-0.10806276923076923
-0.08866153846153846
-0.0446436923076923
0.021904615384615383
0.09158215384615384
0.15145476923076923
0.1804523076923077
0.1846246153846154
0.16084246153846155
0.111192
0.05048492307692308
-0.02524246153846154
-0.10013538461538461
-0.1712732307692308
-0.21633415384615384
-0.21716861538461538
-0.18232984615384615
-0.12433476923076923
-0.05590892307692308
0.03045784615384615
0.12037107692307693
0.20006215384615383
0.2670276923076923
0.3004061538461538
0.2868461538461538
0.22530461538461538
0.13998092307692306
0.051528
-0.040679999999999994
-0.12913292307692306
-0.2073636923076923
-0.24616615384615384
-0.24345415384615382
-0.20632061538461538
-0.13622584615384614
-0.06654830769230768
0.008136
0.08386338461538462
0.15291507692307693
0.21466523076923077
0.23907323076923076
0.22342707692307692
0.17502830769230768
0.11244369230769231
0.05716061538461538
-0.0012516923076923076
-0.05653476923076922
-0.10535076923076922
-0.15249784615384615
-0.17899199999999998
-0.1910916923076923
-0.18358153846153846
-0.15896492307692306
-0.12433476923076923
-0.059038153846153844
0.02858030769230769
0.12683815384615382
0.21132738461538458
0.2591003076923077
0.279336
0.2776670769230769
0.2436627692307692
0.17982646153846152
0.08761846153846153
-0.03650769230769231
-0.15813046153846153
-0.2492953846153846
-0.2989458461538462
-0.31542646153846154
-0.3039526153846154
-0.2557624615384615
-0.17669723076923077
-0.06800861538461538
0.046104
0.1506203076923077
0.23531815384615382
0.2814221538461538
0.2985286153846154
0.279336
0.22342707692307692
0.13518276923076925
0.021487384615384613
-0.09053907692307692
-0.1908830769230769
-0.25659692307692306
-0.2832996923076923
-0.2716172307692308
-0.22280123076923075
-0.14081538461538462
-0.029414769230769227
0.0897046153846154
0.19964492307692308
0.2724516923076923
0.31000246153846156
0.32314523076923074
0.3102110769230769
0.25972615384615383
0.1704387692307692
0.05778646153846154
-0.04401784615384615
-0.11411261538461538
-0.1502030769230769
-0.15646153846153846
-0.15145476923076923
-0.13080184615384613
-0.10117846153846152
-0.053614153846153846
-0.0025033846153846152
0.02858030769230769
0.037967999999999995
0.02211323076923077
0.011473846153846154
0.008344615384615384
0.010013538461538461
0.015228923076923076
0.013560000000000001
0.015228923076923076
0.022530461538461537
0.03713353846153846
0.05820369230769231
0.06049846153846154
0.031918153846153846
-0.003963692307692307
-0.04172307692307692
-0.06967753846153846
-0.08907876923076924
-0.10597661538461538
-0.12308307692307692
-0.15124615384615384
-0.18149538461538461
-0.20486030769230767
-0.2480436923076923
-0.3062473846153846
-0.2651501538461538
-0.1639716923076923
0.01272553846153846
0.24700061538461537
0.43996984615384616
0.6417009230769231
0.7729199999999999
0.842388923076923
0.8317495384615384
0.6742449230769231
0.38426953846153844
0.03775938461538462
-0.28809784615384615
-0.5628443076923076
-0.747468923076923
-0.8680486153846153
-0.8818172307692307
-0.7668701538461539
-0.5129852307692307
-0.1693956923076923
0.18754523076923074
0.48753415384615384
0.659016
0.7491378461538462
0.7057458461538462
0.5757784615384615
0.35965292307692304
0.007301538461538462
-0.30061476923076924
-0.5588806153846154
-0.7019907692307692
-0.6546350769230769
-0.5328036923076923
-0.3198073846153846
-0.08386338461538462
0.09679753846153846
0.2953993846153846
0.4124326153846154
0.425784
0.38343507692307693
0.2628553846153846
0.1800350769230769
0.12412615384615384
0.09554584615384615
0.08302892307692307
0.014185846153846153
-0.06133292307692308
-0.14916
-0.21007569230769232
-0.2369870769230769
-0.2791273846153846
-0.2953993846153846
-0.30290953846153845
-0.28768061538461537
-0.20277415384615383
-0.1316363076923077
-0.07656184615384615
-0.02524246153846154
0.013560000000000001
0.11911938461538461
0.2453316923076923
0.3508910769230769
0.4443507692307692
0.4577021538461538
0.38656430769230765
0.2632726153846154
0.07843938461538462
-0.1612596923076923
-0.41326707692307696
-0.6122861538461538
-0.7036596923076923
-0.6640227692307692
-0.5040147692307693
-0.2655673846153846
0.014394461538461538
0.28350830769230767
0.5154886153846154
0.6855101538461539
0.7266073846153845
0.6585987692307692
0.5167403076923076
0.31188
0.0936683076923077
-0.12496061538461539
-0.32001599999999997
-0.4518609230769231
-0.5159058461538462
-0.4873255384615384
-0.37363015384615383
-0.21091015384615383
-0.02524246153846154
0.15687876923076924
0.32335384615384616
0.4416387692307692
0.5046406153846154
0.4852393846153846
0.3711267692307692
0.22426153846153846
0.054657230769230764
-0.09658892307692307
-0.19463815384615382
-0.260352
-0.2641070769230769
-0.20256553846153844
-0.0974233846153846
0.03859384615384615
0.1543753846153846
0.21466523076923077
0.22113230769230768
0.1718990769230769
0.09721476923076922
0.024408000000000003
-0.05444861538461539
-0.12454338461538461
-0.16480615384615382
-0.14916
-0.084072
0.01710646153846154
0.1316363076923077
0.21299630769230768
0.26306399999999996
0.2726603076923077
0.24470584615384613
0.18212123076923076
0.06571384615384615
-0.06529661538461538
-0.18107815384615383
-0.2655673846153846
-0.2837169230769231
-0.24616615384615384
-0.16626646153846153
-0.05570030769230769
0.06842584615384616
0.20548615384615385
0.33899999999999997
0.43663199999999996
0.4616658461538461
0.40617415384615385
0.292896
0.143736
-0.01981846153846154
-0.17648861538461538
-0.3160523076923077
-0.4163963076923077
-0.4675070769230769
-0.4554073846153846
-0.36215630769230767
-0.23135446153846154
-0.08907876923076924
0.052153846153846155
0.15792184615384616
0.23448369230769228
0.27140861538461536
0.24637476923076923
0.19046584615384615
0.11557292307692307
0.03755076923076923
-0.011682461538461537
-0.040679999999999994
-0.03775938461538462
-0.010848
0.024616615384615383
0.06759138461538462
0.1028473846153846
0.127464
0.1151556923076923
0.07072061538461538
0.007301538461538462
-0.06028984615384615
-0.09992676923076924
-0.11223507692307692
-0.09283384615384616
-0.034630153846153845
0.04422646153846154
0.13935507692307691
0.23928184615384615
0.3156350769230769
0.37967999999999996
0.4109723076923077
0.3890676923076923
0.3148006153846154
0.18879692307692306
0.03838523076923077
-0.12683815384615382
-0.2751636923076923
-0.3707095384615384
-0.40679999999999994
-0.38677292307692307
-0.31041969230769234
-0.17690584615384616
-0.015854769230769228
0.1397723076923077
0.2703655384615385
0.34880492307692307
0.3617390769230769
0.30895938461538464
0.20444307692307692
0.084072
-0.044435076923076924
-0.17148184615384612
-0.2628553846153846
-0.31000246153846156
-0.3035353846153846
-0.2438713846153846
-0.15646153846153846
-0.05173661538461538
0.05173661538461538
0.14269292307692305
0.20861538461538462
0.22405292307692307
0.19380369230769232
0.12016246153846154
0.02795446153846154
-0.07134646153846153
-0.16584923076923075
-0.22426153846153846
-0.25993476923076925
-0.25346769230769234
-0.20694646153846152
-0.14039815384615384
-0.05382276923076923
0.014185846153846153
0.05799507692307692
0.07364123076923076
0.07218092307692307
0.059038153846153844
0.015228923076923076
-0.043392
-0.10910584615384614
-0.16188553846153847
-0.18399876923076922
-0.17231630769230769
-0.13121907692307694
-0.07906523076923076
-0.027328615384615382
0.021904615384615383
0.06821723076923077
0.10263876923076923
0.11327815384615383
0.09450276923076922
0.0448523076923077
-0.01668923076923077
-0.07635323076923077
-0.132888
-0.17419384615384614
-0.2059033846153846
-0.21341353846153846
-0.1927606153846154
-0.14999446153846155
-0.08240307692307691
-0.018983999999999997
0.026494153846153844
0.06008123076923077
0.09450276923076922
0.12099692307692309
0.1316363076923077
0.12934153846153845
0.10722830769230769
0.07969107692307692
0.06154153846153846
0.04526953846153846
0.028163076923076923
0.009596307692307692
-0.012308307692307691
-0.02086153846153846
-0.018358153846153843
-0.003755076923076923
0.014185846153846153
0.030040615384615384
0.05757784615384615
0.08845292307692308
0.13330523076923076
0.1785747692307692
0.2140393846153846
0.2422024615384615
0.2415766153846154
0.22801661538461537
0.20193969230769232
0.14269292307692305
0.06195876923076923
-0.038176615384615385
-0.14123261538461537
-0.22321846153846153
-0.2751636923076923
-0.28663753846153844
-0.2618123076923077
-0.2090326153846154
-0.12621230769230768
-0.02044430769230769
0.07051199999999999
0.12516923076923075
0.13789476923076924
0.11473846153846154
0.07426707692307692
0.024408000000000003
-0.03129230769230769
-0.09325107692307691
-0.15875630769230767
-0.21362215384615382
-0.23114584615384615
-0.21111876923076925
-0.16772676923076923
-0.10618523076923077
-0.03901107692307692
0.029206153846153847
0.09825784615384614
0.1506203076923077
0.18170399999999998
0.18316430769230768
0.14311015384615386
0.08574092307692306
0.02482523076923077
-0.03358707692307692
-0.084072
-0.12433476923076923
-0.13601723076923075
-0.11202646153846153
-0.05674338461538461
0.021278769230769233
0.09095630769230768
0.14060676923076923
0.1656406153846154
0.1704387692307692
0.16021661538461537
0.12788123076923075
0.08156861538461539
0.02023569230769231
-0.03650769230769231
-0.06926030769230769
-0.07551876923076924
-0.05486584615384615
-0.020652923076923076
0.01981846153846154
0.07051199999999999
0.12370892307692308
0.1570873846153846
0.16459753846153846
0.13893784615384613
0.0880356923076923
0.03629907692307692
-0.005632615384615384
-0.02753723076923077
-0.04193169230769231
-0.05048492307692308
-0.03567323076923076
-0.0043809230769230765
0.03588184615384615
0.07927384615384615
0.10994030769230768
0.11599015384615384
0.10743692307692307
0.09491999999999999
0.07113784615384615
0.03859384615384615
-0.0025033846153846152
-0.04276615384615385
-0.06341907692307691
-0.07468430769230769
-0.07113784615384615
-0.054240000000000003
-0.04401784615384615
-0.030040615384615384
-0.003755076923076923
0.026285538461538457
0.06258461538461538
0.08344615384615384
0.08574092307692306
0.08198584615384615
0.06717415384615384
0.051528
0.027745846153846152
0.0006258461538461538
-0.02357353846153846
-0.03379569230769231
-0.03024923076923077
-0.02357353846153846
-0.014185846153846153
-0.015646153846153844
-0.029206153846153847
-0.03880246153846154
-0.040054153846153843
-0.046104
-0.05799507692307692
-0.07364123076923076
-0.07030338461538461
-0.05277969230769231
-0.030875076923076922
0.006049846153846154
0.03379569230769231
0.051319384615384614
0.05674338461538461
0.0448523076923077
0.025659692307692307
-0.005424
-0.041514461538461535
-0.06550523076923077
-0.06884307692307692
-0.04130584615384615
0.006884307692307692
0.05298830769230769
0.10681107692307691
0.16751815384615384
0.22780799999999998
0.27850153846153847
0.3081249230769231
0.3095852307692307
0.27140861538461536
0.22113230769230768
0.17085599999999998
0.11202646153846153
0.04944184615384615
-0.009596307692307692
-0.042557538461538466
-0.05319692307692307
-0.045060923076923075
-0.016063384615384615
0.022530461538461537
0.06195876923076923
0.09158215384615384
0.12662953846153846
0.15479261538461536
0.16584923076923075
0.1612596923076923
0.13789476923076924
0.11160923076923077
0.07009476923076922
0.02545107692307692
-0.0035464615384615383
-0.031709538461538456
-0.04714707692307692
-0.04965046153846154
-0.046104
-0.021904615384615383
0.0022947692307692304
0.021070153846153846
0.0446436923076923
0.06487938461538462
0.09575446153846154
0.11494707692307692
0.11557292307692307
0.11327815384615383
0.08720123076923077
0.06821723076923077
0.045895384615384616
0.010013538461538461
-0.02357353846153846
-0.06946892307692307
-0.09471138461538461
-0.11473846153846154
-0.12788123076923075
-0.12850707692307692
-0.14144123076923076
-0.14018953846153845
-0.12433476923076923
-0.10952307692307692
-0.09471138461538461
-0.08907876923076924
-0.07739630769230768
-0.078648
-0.08866153846153846
-0.05507446153846154
-0.02524246153846154
0.029414769230769227
0.08699261538461538
0.12204
0.18483323076923078
0.23531815384615382
0.254928
0.2288510769230769
0.18983999999999998
0.09596307692307693
-0.05736923076923077
-0.16793538461538463
-0.2288510769230769
-0.30144923076923075
-0.33670523076923076
-0.3323243076923077
-0.3054129230769231
-0.19964492307692308
-0.07092923076923077
0.09095630769230768
0.21320492307692307
0.301032
0.38593846153846156
0.3957433846153846
0.38343507692307693
0.28955815384615385
0.13643446153846153
-0.027120000000000002
-0.19797599999999999
-0.28788923076923073
-0.3510996923076923
-0.3805144615384615
-0.34066892307692304
-0.2605606153846154
-0.13267938461538462
-0.00855323076923077
0.10806276923076923
0.22008923076923076
0.2497126153846154
0.25242461538461536
0.24679199999999998
0.18650215384615382
0.13768615384615385
0.07343261538461537
0.012308307692307691
-0.04965046153846154
-0.14832553846153845
-0.20527753846153846
-0.2290596923076923
-0.23656984615384613
-0.21967199999999998
-0.19463815384615382
-0.14457046153846154
-0.07468430769230769
-0.013768615384615384
0.032544
0.04714707692307692
0.059872615384615385
0.07113784615384615
0.06696553846153847
0.06571384615384615
0.06300184615384616
0.06258461538461538
0.043392
0.006675692307692307
-0.03212676923076923
-0.09095630769230768
-0.15792184615384616
-0.1992276923076923
-0.225096
-0.22947692307692308
-0.20256553846153844
-0.14331876923076922
-0.03880246153846154
0.07781353846153846
0.18316430769230768
0.26118646153846153
0.30937661538461536
0.31751261538461534
0.265776
0.19192615384615386
0.09471138461538461
-0.02357353846153846
-0.12204
-0.1990190769230769
-0.2438713846153846
-0.25972615384615383
-0.24408
-0.18066092307692305
-0.10076123076923077
-0.014603076923076923
0.07969107692307692
0.15792184615384616
0.21883753846153844
0.24449723076923074
0.21842030769230766
0.17481969230769231
0.11745046153846153
0.03775938461538462
-0.053405538461538456
-0.14519630769230768
-0.2090326153846154
-0.23281476923076924
-0.21174461538461536
-0.1570873846153846
-0.08365476923076923
0.017940923076923077
0.11682461538461539
0.19964492307692308
0.2618123076923077
0.28392553846153845
0.2828824615384615
0.24574892307692306
0.17461107692307692
0.09658892307692307
0.013351384615384614
-0.059038153846153844
-0.11599015384615384
-0.15667015384615385
-0.16772676923076923
-0.15604430769230768
-0.11974523076923077
-0.06028984615384615
0.001043076923076923
0.06446215384615385
0.12245723076923076
0.15249784615384615
0.15792184615384616
0.143736
0.12350030769230769
0.08991323076923076
0.029623384615384614
-0.025033846153846153
-0.07155507692307693
-0.10576799999999999
-0.11849353846153846
-0.11953661538461538
-0.111192
-0.10076123076923077
-0.08386338461538462
-0.06321046153846153
-0.042348923076923076
-0.017523692307692306
0.003129230769230769
0.02357353846153846
0.03609046153846154
0.04380923076923077
0.058829538461538454
0.06070707692307692
0.052571076923076915
0.026494153846153844
-0.006258461538461538
-0.02858030769230769
-0.05319692307692307
-0.07572738461538461
-0.10827138461538462
-0.14540492307692307
-0.16334584615384617
-0.16021661538461537
-0.1341396923076923
-0.09262523076923077
-0.051528
-0.014394461538461538
0.029414769230769227
0.07280676923076923
0.10243015384615384
0.10618523076923077
0.08782707692307692
0.059872615384615385
0.02232184615384615
-0.008136
-0.03650769230769231
-0.05590892307692308
-0.0678
-0.078648
-0.058412307692307694
-0.02315630769230769
0.02753723076923077
0.08240307692307691
0.1136953846153846
0.13914646153846155
0.1476996923076923
0.1424843076923077
0.12245723076923076
0.07238953846153846
0.010639384615384617
-0.0448523076923077
-0.07510153846153846
-0.07531015384615385
-0.06133292307692308
-0.037342153846153844
-0.012934153846153845
0.01981846153846154
0.07009476923076922
0.10430769230769231
0.11765907692307691
0.0988836923076923
0.06195876923076923
0.03024923076923077
-0.003129230769230769
-0.022530461538461537
-0.03609046153846154
-0.03880246153846154
-0.01668923076923077
0.030040615384615384
0.08907876923076924
0.1422756923076923
0.18149538461538461
0.19672430769230767
0.18796246153846152
0.17023015384615386
0.13455692307692307
0.07635323076923077
0.004798153846153846
-0.06738276923076922
-0.10868861538461538
-0.12662953846153846
-0.11432123076923076
-0.06675692307692307
-0.006675692307692307
0.06195876923076923
0.13080184615384613
0.19505538461538463
0.2426196923076923
0.24887815384615386
0.2073636923076923
0.13330523076923076
0.04693846153846153
-0.03755076923076923
-0.1136953846153846
-0.1787833846153846
-0.22008923076923076
-0.21508246153846153
-0.17461107692307692
-0.10868861538461538
-0.034630153846153845
0.027120000000000002
0.07343261538461537
0.10576799999999999
0.12704676923076924
0.12266584615384615
0.09554584615384615
0.047981538461538464
-0.006258461538461538
-0.042557538461538466
-0.06341907692307691
-0.07280676923076923
-0.07468430769230769
-0.07343261538461537
-0.06008123076923077
-0.03296123076923077
-0.0025033846153846152
0.023782153846153845
0.04318338461538461
0.05924676923076923
0.06300184615384616
0.06216738461538462
0.055491692307692304
0.03421292307692308
0.005424
-0.025659692307692307
-0.04380923076923077
-0.05507446153846154
-0.05298830769230769
-0.037342153846153844
-0.029414769230769227
-0.008970461538461538
0.02545107692307692
0.06154153846153846
0.09784061538461537
0.11411261538461538
0.1218313846153846
0.1314276923076923
0.14331876923076922
0.1693956923076923
0.1860849230769231
0.17628
0.1585476923076923
0.13914646153846155
0.11640738461538462
0.0855323076923077
0.04109723076923077
-0.0012516923076923076
-0.02858030769230769
-0.02586830769230769
-0.0006258461538461538
0.03379569230769231
0.06821723076923077
0.09763200000000001
0.12662953846153846
0.14853415384615384
0.14853415384615384
0.11870215384615385
0.06279323076923077
-0.004798153846153846
-0.06362769230769232
-0.11348676923076922
-0.15124615384615384
-0.17502830769230768
-0.17628
-0.14665661538461539
-0.09533723076923077
-0.026911384615384615
0.053614153846153846
0.11765907692307691
0.15813046153846153
0.184416
0.19046584615384615
0.17648861538461538
0.12955015384615384
0.06654830769230768
0.003129230769230769
-0.05403138461538461
-0.08845292307692308
-0.09491999999999999
-0.08031692307692308
-0.05277969230769231
-0.006467076923076923
0.054657230769230764
0.12391753846153845
0.18796246153846152
0.23072861538461537
0.23844738461538462
0.21967199999999998
0.18086953846153844
0.12266584615384615
0.05716061538461538
-0.018358153846153843
-0.09095630769230768
-0.14039815384615384
-0.16188553846153847
-0.15374953846153847
-0.13789476923076924
-0.11536430769230768
-0.08761846153846153
-0.06154153846153846
-0.03045784615384615
-0.019609846153846155
-0.03275261538461539
-0.053614153846153846
-0.06926030769230769
-0.06654830769230768
-0.04526953846153846
-0.013768615384615384
0.014603076923076923
0.02586830769230769
0.04214030769230769
0.058829538461538454
0.056951999999999996
0.037342153846153844
-0.008136
-0.05778646153846154
-0.10222153846153846
-0.13038461538461538
-0.13601723076923075
-0.13080184615384613
-0.1097316923076923
-0.07301538461538462
-0.01981846153846154
0.05111076923076923
0.11286092307692308
0.14811692307692306
0.1637630769230769
0.15166338461538462
0.12621230769230768
0.086784
0.021070153846153846
-0.053614153846153846
-0.1287156923076923
-0.17711446153846155
-0.1913003076923077
-0.1710646153846154
-0.1178676923076923
-0.05528307692307692
0.016063384615384615
0.08469784615384615
0.15208061538461537
0.20486030769230767
0.21111876923076925
0.18358153846153846
0.13101046153846155
0.06195876923076923
-0.003755076923076923
-0.06800861538461538
-0.12662953846153846
-0.1760713846153846
-0.19755876923076923
-0.17148184615384612
-0.11703323076923078
-0.05048492307692308
0.008761846153846153
0.04839876923076923
0.07739630769230768
0.09825784615384614
0.09930092307692308
0.07510153846153846
0.024408000000000003
-0.025659692307692307
-0.06321046153846153
-0.09325107692307691
-0.10159569230769232
-0.10493353846153847
-0.08907876923076924
-0.06216738461538462
-0.03713353846153846
0.006258461538461538
0.03504738461538461
0.0446436923076923
0.040054153846153843
0.026702769230769228
0.020027076923076922
0.016480615384615385
0.021696
0.028788923076923077
0.037342153846153844
0.051528
0.07343261538461537
0.09784061538461537
0.10660246153846153
0.09596307692307693
0.08115138461538463
0.06154153846153846
0.042348923076923076
0.029832
0.011056615384615385
0.002086153846153846
0.0043809230769230765
0.023364923076923075
0.052571076923076915
0.06967753846153846
0.06425353846153846
0.03337846153846154
-0.009596307692307692
-0.05048492307692308
-0.09408553846153846
-0.14290153846153844
-0.1867107692307692
-0.2127876923076923
-0.21049292307692305
-0.18650215384615382
-0.1435273846153846
-0.10096984615384616
-0.05924676923076923
-0.012099692307692308
0.03609046153846154
0.08490646153846154
0.11098338461538461
0.10618523076923077
0.07843938461538462
0.03442153846153846
-0.00855323076923077
-0.04172307692307692
-0.07906523076923076
-0.116616
-0.16856123076923077
-0.20652923076923077
-0.2225926153846154
-0.22280123076923075
-0.20486030769230767
-0.20152246153846154
-0.1710646153846154
-0.11578153846153846
-0.009804923076923077
0.16105107692307694
0.38593846153846156
0.5415655384615384
0.647124923076923
0.7735458461538461
0.8231963076923076
0.8634590769230769
0.7324486153846154
0.45040061538461534
0.0892873846153846
-0.34066892307692304
-0.668820923076923
-1.005108923076923
-1.257324923076923
-1.390212923076923
-1.3703944615384613
-1.0683193846153847
-0.6283495384615384
-0.03337846153846154
0.5697286153846154
1.0551766153846154
1.457387076923077
1.6251138461538461
1.5940301538461539
1.3211612307692309
0.7967021538461538
0.21132738461538458
-0.4516523076923077
-1.04412
-1.4235913846153847
-1.6516080000000002
-1.6188553846153844
-1.3866664615384614
-0.9911316923076923
-0.42265476923076917
0.16021661538461537
0.7591513846153846
1.243764923076923
1.5176769230769231
1.6249052307692307
1.5132959999999998
1.2458510769230768
0.8327926153846154
0.2912270769230769
-0.2507556923076923
-0.758316923076923
-1.1294436923076923
-1.3215784615384614
-1.386249230769231
-1.270884923076923
-1.0182516923076923
-0.6608935384615384
-0.2125790769230769
0.21091015384615383
0.5935107692307693
0.9081027692307692
1.099403076923077
1.2005815384615384
1.1638652307692308
0.9948867692307691
0.7351606153846154
0.3844781538461538
0.010639384615384617
-0.36632861538461536
-0.711169846153846
-0.983412923076923
-1.1528086153846153
-1.1947403076923075
-1.128817846153846
-0.9151956923076924
-0.5699372307692308
-0.15562707692307692
0.32231076923076923
0.7858541538461539
1.1697064615384616
1.4338135384615383
1.5132959999999998
1.4192104615384615
1.133616
0.7003218461538462
0.21091015384615383
-0.314592
-0.802752
-1.1893163076923077
-1.427555076923077
-1.4546750769230767
-1.2863224615384614
-0.9510775384615384
-0.49024615384615383
0.04547815384615384
0.6212566153846153
1.1400830769230768
1.5187199999999998
1.7025101538461538
1.6518166153846152
1.4002264615384614
0.9800750769230769
0.4524867692307692
-0.0934596923076923
-0.6170843076923077
-1.0326461538461538
-1.2940412307692306
-1.392924923076923
-1.2944584615384616
-1.0313944615384616
-0.6504627692307692
-0.20694646153846152
0.25054707692307693
0.6619366153846153
0.9539981538461538
1.1131716923076924
1.1236024615384614
0.9948867692307691
0.7518498461538461
0.41556184615384617
0.058412307692307694
-0.28663753846153844
-0.5903815384615384
-0.7919039999999999
-0.8943341538461538
-0.8887015384615384
-0.7737544615384615
-0.5891298461538461
-0.35464615384615383
-0.09992676923076924
0.14582215384615385
0.3707095384615384
0.5507446153846154
0.6546350769230769
0.6911427692307692
0.6477507692307691
0.5486584615384615
0.40846892307692306
0.22989415384615383
0.05716061538461538
-0.11911938461538461
-0.26348123076923075
-0.3882332307692308
-0.4912892307692307
-0.5419827692307692
-0.557628923076923
-0.5086043076923077
-0.42015138461538465
-0.3114627692307692
-0.16063384615384615
0.013351384615384614
0.20632061538461538
0.39282276923076925
0.533220923076923
0.6158326153846154
0.6164584615384615
0.544068923076923
0.41389292307692305
0.2290596923076923
0.014811692307692307
-0.21696000000000001
-0.4222375384615385
-0.565764923076923
-0.6404492307692308
-0.626472
-0.5394793846153846
-0.39344861538461534
-0.20444307692307692
0.0035464615384615383
0.2194633846153846
0.4080516923076923
0.5434430769230769
0.6112430769230769
0.5978916923076923
0.5240418461538462
0.4115981538461538
0.2638984615384615
0.09450276923076922
-0.0717636923076923
-0.20423446153846153
-0.2883064615384615
-0.30562153846153844
-0.2722430769230769
-0.22467876923076924
-0.16167692307692308
-0.09825784615384614
-0.025659692307692307
0.05820369230769231
0.11181784615384616
0.14477907692307693
0.1504116923076923
0.13935507692307691
0.13872923076923074
0.12683815384615382
0.10764553846153846
0.0828203076923077
0.04652123076923077
0.017732307692307693
-0.0035464615384615383
-0.03275261538461539
-0.06321046153846153
-0.09930092307692308
-0.12913292307692306
-0.13768615384615385
-0.12934153846153845
-0.09679753846153846
-0.05382276923076923
0.005632615384615384
0.08115138461538463
0.16167692307692308
0.24658338461538462
0.31083692307692307
0.3442153846153846
0.3392086153846154
0.2891409230769231
0.21299630769230768
0.11202646153846153
-0.0043809230769230765
-0.11703323076923078
-0.2261390769230769
-0.2966510769230769
-0.30249230769230767
-0.24908676923076922
-0.1489513846153846
-0.03755076923076923
0.08010830769230769
0.20173107692307693
0.3049956923076923
0.3744646153846154
0.3782196923076923
0.32210215384615387
0.21299630769230768
0.06800861538461538
-0.06759138461538462
-0.19568123076923075
-0.2899753846153846
-0.34358953846153845
-0.3604873846153846
-0.31646953846153847
-0.24408
-0.15208061538461537
-0.055491692307692304
0.029414769230769227
0.11077476923076923
0.15833907692307692
0.17148184615384612
0.1543753846153846
0.103056
0.03838523076923077
-0.03400430769230769
-0.10263876923076923
-0.15646153846153846
-0.20965846153846154
-0.24199384615384617
-0.24303692307692307
-0.2127876923076923
-0.1558356923076923
-0.0963803076923077
-0.03233538461538461
0.02315630769230769
0.06863446153846153
0.10639384615384614
0.12496061538461539
0.1178676923076923
0.08845292307692308
0.04902461538461538
0.020652923076923076
0.00855323076923077
0.0002086153846153846
-0.0070929230769230765
-0.02899753846153846
-0.04672984615384615
-0.05298830769230769
-0.050067692307692306
-0.03713353846153846
-0.037342153846153844
-0.03650769230769231
-0.024199384615384616
0.0002086153846153846
0.0448523076923077
0.08991323076923076
0.1178676923076923
0.12808984615384614
0.1178676923076923
0.09325107692307691
0.04088861538461538
-0.04672984615384615
-0.1462393846153846
-0.2399076923076923
-0.29644246153846154
-0.306456
-0.2697396923076923
-0.1977673846153846
-0.10806276923076923
-0.004798153846153846
0.0961716923076923
0.18796246153846152
0.25242461538461536
0.2730775384615384
0.25471938461538457
0.20402584615384614
0.14039815384615384
0.07238953846153846
-0.006467076923076923
-0.08469784615384615
-0.15771323076923077
-0.19964492307692308
-0.19568123076923075
-0.16021661538461537
-0.09825784615384614
-0.015228923076923076
0.08574092307692306
0.19881046153846152
0.3131316923076923
0.40387938461538464
0.44685415384615385
0.4314166153846154
0.36674584615384614
0.25930892307692305
0.11160923076923077
-0.04672984615384615
-0.19839323076923077
-0.3248141538461538
-0.4017932307692308
-0.4124326153846154
-0.3558978461538462
-0.25993476923076925
-0.13330523076923076
0.016063384615384615
0.16438892307692307
0.29352184615384613
0.3752990769230769
0.3949089230769231
0.35005661538461535
0.24887815384615386
0.11056615384615384
-0.04380923076923077
-0.18942276923076923
-0.31772123076923076
-0.41076369230769233
-0.45373846153846153
-0.43704923076923075
-0.3521427692307692
-0.2225926153846154
-0.06446215384615385
0.09554584615384615
0.2492953846153846
0.38698153846153843
0.4733483076923077
0.5058923076923076
0.471888
0.37592492307692305
0.24074215384615386
0.09325107692307691
-0.05528307692307692
-0.19881046153846152
-0.30416123076923074
-0.34984799999999994
-0.3392086153846154
-0.290184
-0.2056947692307692
-0.09387692307692307
0.02357353846153846
0.12370892307692308
0.20131384615384615
0.2497126153846154
0.260352
0.23052
0.1704387692307692
0.09971815384615385
0.021904615384615383
-0.059872615384615385
-0.13768615384615385
-0.20298276923076922
-0.2557624615384615
-0.28246523076923075
-0.28934953846153844
-0.2701569230769231
-0.2275993846153846
-0.1696043076923077
-0.09074769230769231
-0.010848
0.06717415384615384
0.119328
0.1462393846153846
0.157296
0.13789476923076924
0.1045163076923077
0.059664
0.0014603076923076922
-0.06049846153846154
-0.11306953846153844
-0.14582215384615385
-0.15291507692307693
-0.1395636923076923
-0.11056615384615384
-0.06446215384615385
-0.005215384615384615
0.07197230769230768
0.14957723076923077
0.21007569230769232
0.24679199999999998
0.2561796923076923
0.2424110769230769
0.20819815384615384
0.15938215384615384
0.09471138461538461
0.029414769230769227
-0.02586830769230769
-0.05778646153846154
-0.07301538461538462
-0.07739630769230768
-0.0717636923076923
-0.06279323076923077
-0.043392
-0.016272
0.01981846153846154
0.058412307692307694
0.09116492307692307
0.11411261538461538
0.1356
0.15792184615384616
0.17023015384615386
0.1656406153846154
0.1395636923076923
0.10117846153846152
0.06279323076923077
0.029623384615384614
0.006467076923076923
-0.013768615384615384
-0.02899753846153846
-0.03129230769230769
-0.019192615384615384
0.008970461538461538
0.03629907692307692
0.051528
0.05716061538461538
0.06216738461538462
0.07489292307692308
0.10138707692307691
0.12099692307692309
0.13998092307692306
0.15291507692307693
0.15604430769230768
0.1543753846153846
0.132888
0.09658892307692307
0.04172307692307692
-0.017523692307692306
-0.06988615384615385
-0.100344
-0.12204
-0.12496061538461539
-0.14123261538461537
-0.15667015384615385
-0.13080184615384613
-0.086784
-0.020027076923076922
0.029623384615384614
0.06717415384615384
0.10472492307692308
0.14123261538461537
0.18858830769230767
0.30562153846153844
0.31751261538461534
0.17502830769230768
0.06759138461538462
-0.08365476923076923
-0.12621230769230768
-0.15604430769230768
-0.3456756923076923
-0.46396061538461536
-0.5438603076923076
-0.4374664615384615
-0.21320492307692307
-0.04819015384615385
0.103056
0.16251138461538459
0.33295015384615384
0.5075612307692308
0.6062363076923076
0.6099913846153846
0.3684147692307692
0.16626646153846153
-0.026285538461538457
-0.19797599999999999
-0.2572227692307692
-0.417648
-0.4549901538461538
-0.4205686153846153
-0.39407446153846154
-0.16730953846153845
0.002086153846153846
0.17169046153846151
0.34963938461538463
0.36257353846153845
0.417648
0.4216116923076923
0.3836436923076923
0.3684147692307692
0.21716861538461538
0.05090215384615384
-0.12433476923076923
-0.24199384615384617
-0.2557624615384615
-0.3214763076923077
-0.35923569230769226
-0.38343507692307693
-0.3387913846153846
-0.16188553846153847
-0.04172307692307692
0.05507446153846154
0.12850707692307692
0.15124615384615384
0.25471938461538457
0.306456
0.30061476923076924
0.2937304615384615
0.21049292307692305
0.1666836923076923
0.12245723076923076
0.017315076923076923
-0.09053907692307692
-0.23010276923076922
-0.347136
-0.40617415384615385
-0.4255753846153846
-0.37967999999999996
-0.27787569230769227
-0.11286092307692308
0.04714707692307692
0.20423446153846153
0.3819747692307692
0.47877230769230766
0.5501187692307692
0.5373932307692307
0.4080516923076923
0.2791273846153846
0.09283384615384616
-0.08866153846153846
-0.23886461538461537
-0.3890676923076923
-0.4418473846153846
-0.44685415384615385
-0.38885907692307686
-0.2588916923076923
-0.130176
0.06571384615384615
0.2814221538461538
0.4405956923076923
0.5165316923076922
0.4925409230769231
0.45269538461538456
0.3669544615384615
0.21007569230769232
0.02899753846153846
-0.19380369230769232
-0.3479704615384615
-0.4072172307692307
-0.4239064615384615
-0.3379569230769231
-0.23406646153846156
-0.10764553846153846
0.07051199999999999
0.20798953846153845
0.33357600000000004
0.4047138461538461
0.39282276923076925
0.3490135384615385
0.25701415384615384
0.14394461538461537
0.030875076923076922
-0.06133292307692308
-0.11599015384615384
-0.1506203076923077
-0.14144123076923076
-0.124752
-0.09992676923076924
-0.04318338461538461
-0.009804923076923077
0.02524246153846154
0.04526953846153846
0.03650769230769231
0.052571076923076915
0.05194523076923077
0.03400430769230769
0.009179076923076922
-0.04902461538461538
-0.08469784615384615
-0.08448923076923077
-0.09137353846153846
-0.11765907692307691
-0.16710092307692306
-0.2059033846153846
-0.21654276923076923
-0.21612553846153845
-0.20965846153846154
-0.20256553846153844
-0.18212123076923076
-0.16209415384615386
-0.14394461538461537
-0.09763200000000001
-0.0448523076923077
0.02899753846153846
0.10222153846153846
0.13184492307692308
0.14665661538461539
0.12579507692307693
0.08720123076923077
0.055491692307692304
-0.023990769230769232
-0.11724184615384614
-0.19004861538461537
-0.23761292307692305
-0.21320492307692307
-0.154584
-0.08740984615384616
-0.0043809230769230765
0.086784
0.19568123076923075
0.27975323076923075
0.31646953846153847
0.3039526153846154
0.2275993846153846
0.12955015384615384
0.02211323076923077
-0.07531015384615385
-0.14164984615384615
-0.20652923076923077
-0.23052
-0.22154953846153846
-0.18712800000000002
-0.09283384615384616
-0.001043076923076923
0.08052553846153847
0.14185846153846154
0.16418030769230768
0.19818461538461538
0.21445661538461538
0.200688
0.14728246153846153
0.04860738461538461
-0.02524246153846154
-0.05924676923076923
-0.04735569230769231
-0.02357353846153846
-0.021696
-0.0070929230769230765
0.02044430769230769
0.07009476923076922
0.11578153846153846
0.11286092307692308
0.0880356923076923
0.04568676923076923
0.005215384615384615
-0.004798153846153846
-0.024408000000000003
-0.03379569230769231
-0.030040615384615384
-0.028371692307692306
0.010639384615384617
0.06008123076923077
0.11160923076923077
0.146448
0.1316363076923077
0.10159569230769232
0.059664
0.012099692307692308
-0.04380923076923077
-0.12996738461538462
-0.20652923076923077
-0.2540935384615385
-0.2626467692307692
-0.21779446153846155
-0.15354092307692307
-0.07197230769230768
0.009179076923076922
0.0853236923076923
0.1733593846153846
0.24345415384615382
0.28017046153846153
0.25951753846153847
0.18942276923076923
0.11578153846153846
0.04568676923076923
-0.022947692307692308
-0.08156861538461539
-0.1356
-0.17252492307692308
-0.1718990769230769
-0.14060676923076923
-0.08448923076923077
-0.03108369230769231
0.010639384615384617
0.05069353846153846
0.0853236923076923
0.11891076923076922
0.12850707692307692
0.11473846153846154
0.09137353846153846
0.05507446153846154
0.02795446153846154
0.0022947692307692304
-0.026702769230769228
-0.04214030769230769
-0.059664
-0.058829538461538454
-0.042557538461538466
-0.02858030769230769
0.005841230769230769
0.032544
0.050067692307692306
0.06905169230769231
0.08720123076923077
0.11327815384615383
0.12913292307692306
0.13330523076923076
0.13747753846153846
0.14957723076923077
0.16292861538461537
0.16334584615384617
0.14018953846153845
0.09992676923076924
0.05236246153846154
0.01710646153846154
-0.014185846153846153
-0.06154153846153846
-0.0961716923076923
-0.11849353846153846
-0.11160923076923077
-0.07030338461538461
-0.027745846153846152
0.03233538461538461
0.08782707692307692
0.12621230769230768
0.15416676923076922
0.14978584615384616
0.11911938461538461
0.05277969230769231
-0.027328615384615382
-0.09325107692307691
-0.1489513846153846
-0.1800350769230769
-0.18483323076923078
-0.16459753846153846
-0.11682461538461539
-0.05507446153846154
0.017732307692307693
0.09450276923076922
0.14394461538461537
0.17085599999999998
0.17544553846153846
0.15333230769230768
0.12412615384615384
0.08031692307692308
0.03755076923076923
-0.0008344615384615384
-0.04714707692307692
-0.07739630769230768
-0.0961716923076923
-0.1045163076923077
-0.09930092307692308
-0.08198584615384615
-0.03921969230769231
0.010639384615384617
0.06550523076923077
0.11432123076923076
0.13184492307692308
0.12391753846153845
0.0880356923076923
0.04693846153846153
0.008970461538461538
-0.043392
-0.08073415384615384
-0.10180430769230768
-0.1070196923076923
-0.07781353846153846
-0.029623384615384614
0.03838523076923077
0.11014892307692307
0.16897846153846155
0.21696000000000001
0.24053353846153847
0.23615261538461538
0.20360861538461536
0.14853415384615384
0.084072
0.021070153846153846
-0.037342153846153844
-0.0892873846153846
-0.12245723076923076
-0.13622584615384614
-0.12496061538461539
-0.09471138461538461
-0.05924676923076923
-0.02023569230769231
0.015020307692307692
0.051528
0.08010830769230769
0.10389046153846154
0.11682461538461539
0.10722830769230769
0.078648
0.04047138461538462
0.003129230769230769
-0.04714707692307692
-0.09387692307692307
-0.13622584615384614
-0.15959076923076923
-0.1585476923076923
-0.14811692307692306
-0.11327815384615383
-0.07280676923076923
-0.02211323076923077
0.040679999999999994
0.10389046153846154
0.17419384615384614
0.23510953846153848
0.2751636923076923
0.2999889230769231
0.29581661538461534
0.2641070769230769
0.21925476923076925
0.14665661538461539
0.07009476923076922
-0.0035464615384615383
-0.06738276923076922
-0.1097316923076923
-0.14686523076923075
-0.1612596923076923
-0.15416676923076922
-0.12224861538461537
-0.06279323076923077
0.006884307692307692
0.07259815384615384
0.12016246153846154
0.154584
0.17231630769230769
0.16793538461538463
0.13184492307692308
0.06070707692307692
-0.038176615384615385
-0.13330523076923076
-0.2056947692307692
-0.2482523076923077
-0.25555384615384613
-0.23803015384615384
-0.18775384615384613
-0.1097316923076923
-0.009179076923076922
0.09596307692307693
0.18316430769230768
0.24491446153846153
0.2757895384615385
0.27787569230769227
0.24992123076923078
0.1910916923076923
0.10806276923076923
0.022530461538461537
-0.05069353846153846
-0.1097316923076923
-0.14603076923076924
-0.16042523076923076
-0.1666836923076923
-0.16751815384615384
-0.15813046153846153
-0.13434830769230768
-0.10013538461538461
-0.07468430769230769
-0.058412307692307694
-0.042557538461538466
-0.021487384615384613
-0.0006258461538461538
0.009804923076923077
0.01272553846153846
0.0033378461538461535
-0.008761846153846153
-0.014603076923076923
-0.017315076923076923
-0.022530461538461537
-0.040262769230769234
-0.07572738461538461
-0.10994030769230768
-0.12913292307692306
-0.13935507692307691
-0.14749107692307692
-0.15562707692307692
-0.14811692307692306
-0.11265230769230769
-0.04422646153846154
0.03233538461538461
0.09930092307692308
0.154584
0.18983999999999998
0.2056947692307692
0.19797599999999999
0.1696043076923077
0.10827138461538462
0.016897846153846156
-0.07843938461538462
-0.16480615384615382
-0.23156307692307693
-0.28121353846153846
-0.3114627692307692
-0.3198073846153846
-0.2799618461538461
-0.19192615384615386
-0.08365476923076923
0.025033846153846153
0.09700615384615385
0.12224861538461537
0.11140061538461538
0.12621230769230768
0.15500123076923078
0.19150892307692308
0.22572184615384616
0.21195323076923075
0.23761292307692305
0.265776
0.2920615384615385
0.30207507692307695
0.2207150769230769
0.13184492307692308
0.01272553846153846
-0.042348923076923076
-0.07948246153846153
-0.15959076923076923
-0.17628
-0.2075723076923077
-0.1207883076923077
0.01814953846153846
0.14269292307692305
0.2757895384615385
0.2924787692307692
0.32961230769230765
0.3193901538461538
0.23385784615384617
0.13038461538461538
-0.08031692307692308
-0.25012984615384615
-0.404088
-0.5227901538461539
-0.5113163076923077
-0.47877230769230766
-0.3565236923076923
-0.19526400000000002
-0.03984553846153846
0.14916
0.26869661538461537
0.3617390769230769
0.38301784615384615
0.29602523076923076
0.21341353846153846
0.1045163076923077
0.021070153846153846
-0.04401784615384615
-0.13914646153846155
-0.1860849230769231
-0.22405292307692307
-0.21904615384615383
-0.16438892307692307
-0.13601723076923075
-0.09784061538461537
-0.058829538461538454
0.0043809230769230765
0.08344615384615384
0.11640738461538462
0.1287156923076923
0.11077476923076923
0.09137353846153846
0.086784
0.05090215384615384
0.017315076923076923
-0.014394461538461538
-0.04735569230769231
-0.045060923076923075
-0.06613107692307692
-0.10076123076923077
-0.14018953846153845
-0.2090326153846154
-0.235944
-0.24866953846153847
-0.23344061538461539
-0.16793538461538463
-0.09304246153846155
0.027120000000000002
0.15750461538461538
0.27975323076923075
0.38572984615384615
0.4268270769230769
0.42348923076923073
0.3594443076923077
0.2586830769230769
0.1656406153846154
0.05528307692307692
-0.04756430769230769
-0.14018953846153845
-0.19797599999999999
-0.1829556923076923
-0.14206707692307693
-0.078648
-0.014394461538461538
0.03337846153846154
0.10827138461538462
0.18504184615384617
0.2438713846153846
0.25951753846153847
0.2154996923076923
0.16292861538461537
0.1045163076923077
0.048816000000000005
-0.0008344615384615384
-0.05382276923076923
-0.08156861538461539
-0.08469784615384615
-0.05194523076923077
0.01940123076923077
0.07948246153846153
0.12808984615384614
0.154584
0.1585476923076923
0.17148184615384612
0.16626646153846153
0.15208061538461537
0.12412615384615384
0.07614461538461538
0.051319384615384614
0.03775938461538462
0.03650769230769231
0.04839876923076923
0.04526953846153846
0.04380923076923077
0.04109723076923077
0.041514461538461535
0.05173661538461538
0.04401784615384615
0.022947692307692308
-0.019192615384615384
-0.059664
-0.08344615384615384
-0.11035753846153845
-0.13476553846153844
-0.16772676923076923
-0.1883796923076923
-0.165432
-0.11828492307692307
-0.06216738461538462
-0.010848
0.018358153846153843
0.049233230769230765
0.07551876923076924
0.08490646153846154
0.07405846153846153
0.031918153846153846
-0.016897846153846156
-0.07259815384615384
-0.12391753846153845
-0.14978584615384616
-0.16084246153846155
-0.14957723076923077
-0.11640738461538462
-0.06884307692307692
-0.013142769230769229
0.03838523076923077
0.09408553846153846
0.14999446153846155
0.19150892307692308
0.22676492307692306
0.24574892307692306
0.24637476923076923
0.2342750769230769
0.18900553846153845
0.12642092307692307
0.05277969230769231
-0.037342153846153844
-0.11870215384615385
-0.18483323076923078
-0.22530461538461538
-0.22822523076923076
-0.200688
-0.13622584615384614
-0.04860738461538461
0.04965046153846154
0.1543753846153846
0.2438713846153846
0.309168
0.33962584615384617
0.33962584615384617
0.31897292307692304
0.2803790769230769
0.23072861538461537
0.16856123076923077
0.0961716923076923
0.02482523076923077
-0.04214030769230769
-0.08574092307692306
-0.10660246153846153
-0.12037107692307693
-0.11432123076923076
-0.08657538461538461
-0.031709538461538456
0.04172307692307692
0.11390399999999999
0.17419384615384614
0.21883753846153844
0.2422024615384615
0.2415766153846154
0.21466523076923077
0.16042523076923076
0.08135999999999999
-0.01981846153846154
-0.11244369230769231
-0.18086953846153844
-0.22488738461538463
-0.249504
-0.25847446153846154
-0.24074215384615386
-0.19609846153846153
-0.12913292307692306
-0.04985907692307692
0.024408000000000003
0.08720123076923077
0.1353913846153846
0.1710646153846154
0.19588984615384614
0.19818461538461538
0.16710092307692306
0.10389046153846154
0.026702769230769228
-0.04631261538461538
-0.10389046153846154
-0.14665661538461539
-0.1800350769230769
-0.19338646153846153
-0.1913003076923077
-0.15374953846153847
-0.09512861538461538
-0.04547815384615384
-0.0018775384615384615
0.017523692307692306
0.02858030769230769
0.029623384615384614
0.002086153846153846
-0.04047138461538462
-0.09137353846153846
-0.13768615384615385
-0.17315076923076922
-0.18650215384615382
-0.1706473846153846
-0.1504116923076923
-0.12162276923076921
-0.07802215384615384
-0.02753723076923077
0.013560000000000001
0.02524246153846154
0.019609846153846155
-0.0014603076923076922
-0.03233538461538461
-0.06654830769230768
-0.0892873846153846
-0.0936683076923077
-0.08511507692307693
-0.06195876923076923
-0.03066646153846154
0.01710646153846154
0.07426707692307692
0.11703323076923078
0.13935507692307691
0.143736
0.13330523076923076
0.1151556923076923
0.08177723076923075
0.028788923076923077
-0.03024923076923077
-0.08740984615384616
-0.12704676923076924
-0.13747753846153846
-0.13226215384615383
-0.11578153846153846
-0.08177723076923075
-0.031709538461538456
0.03504738461538461
0.0974233846153846
0.14728246153846153
0.18149538461538461
0.18796246153846152
0.1802436923076923
0.15374953846153847
0.10138707692307691
0.03921969230769231
-0.030875076923076922
-0.09387692307692307
-0.1341396923076923
-0.15416676923076922
-0.15395815384615386
-0.14144123076923076
-0.12245723076923076
-0.086784
-0.03567323076923076
0.020027076923076922
0.07280676923076923
0.11223507692307692
0.1395636923076923
0.1531236923076923
0.15228923076923076
0.1368516923076923
0.09179076923076923
0.02858030769230769
-0.03483876923076923
-0.08782707692307692
-0.12433476923076923
-0.14728246153846153
-0.15959076923076923
-0.16167692307692308
-0.1424843076923077
-0.10681107692307691
-0.053405538461538456
0.006049846153846154
0.062376
0.10868861538461538
0.13998092307692306
0.16730953846153845
0.18232984615384615
0.1940123076923077
0.17481969230769231
0.12934153846153845
0.08824430769230769
0.044435076923076924
0.013351384615384614
-0.011682461538461537
-0.03859384615384615
-0.051528
-0.051319384615384614
-0.03150092307692308
-0.001043076923076923
0.01710646153846154
0.033169846153846154
0.050067692307692306
0.07468430769230769
0.10889723076923077
0.1341396923076923
0.14916
0.14853415384615384
0.12642092307692307
0.08991323076923076
0.03755076923076923
-0.02482523076923077
-0.09450276923076922
-0.16105107692307694
-0.20256553846153844
-0.2140393846153846
-0.19046584615384615
-0.13852061538461538
-0.06529661538461538
0.023990769230769232
0.11411261538461538
0.20152246153846154
0.2689052307692308
0.2855944615384615
0.2588916923076923
0.20006215384615383
0.12496061538461539
0.04380923076923077
-0.03838523076923077
-0.11056615384615384
-0.16856123076923077
-0.1992276923076923
-0.19881046153846152
-0.16167692307692308
-0.10389046153846154
-0.03296123076923077
0.040679999999999994
0.10514215384615383
0.15667015384615385
0.1842073846153846
0.18983999999999998
0.16251138461538459
0.12454338461538461
0.08365476923076923
0.03588184615384615
-0.005215384615384615
-0.04965046153846154
-0.08448923076923077
-0.10159569230769232
-0.10660246153846153
-0.09241661538461539
-0.06654830769230768
-0.03838523076923077
-0.011056615384615385
0.007301538461538462
0.02315630769230769
0.03650769230769231
0.04276615384615385
0.047981538461538464
0.04693846153846153
0.05194523076923077
0.06258461538461538
0.065088
0.061750153846153844
0.04318338461538461
0.016480615384615385
-0.016897846153846156
-0.055491692307692304
-0.09408553846153846
-0.13872923076923074
-0.17899199999999998
-0.20360861538461536
-0.20152246153846154
-0.16876984615384616
-0.11035753846153845
-0.043392
0.016272
0.06425353846153846
0.1028473846153846
0.124752
0.116616
0.08428061538461538
0.03483876923076923
-0.018775384615384614
-0.05799507692307692
-0.08469784615384615
-0.09450276923076922
-0.08469784615384615
-0.05653476923076922
-0.008344615384615384
0.04944184615384615
0.10660246153846153
0.15270646153846154
0.18212123076923076
0.19150892307692308
0.18066092307692305
0.1597993846153846
0.127464
0.08907876923076924
0.048816000000000005
0.008970461538461538
-0.016272
-0.026702769230769228
-0.02482523076923077
0.0
0.041514461538461535
0.08240307692307691
0.111192
0.11807630769230769
0.11098338461538461
0.08177723076923075
0.03504738461538461
-0.011473846153846154
-0.054240000000000003
-0.07384984615384615
-0.0744756923076923
-0.05611753846153846
-0.018775384615384614
0.012099692307692308
0.04193169230769231
0.06195876923076923
0.06884307692307692
0.07155507692307693
0.05799507692307692
0.03713353846153846
0.009387692307692307
-0.020027076923076922
-0.03024923076923077
-0.037967999999999995
-0.037967999999999995
-0.021070153846153846
-0.03880246153846154
-0.03024923076923077
0.008761846153846153
0.06154153846153846
0.1207883076923077
0.13935507692307691
0.15520984615384617
0.15813046153846153
0.16251138461538459
0.19588984615384614
0.3012406153846154
0.2138307692307692
0.06571384615384615
0.011265230769230769
-0.0961716923076923
0.015020307692307692
-0.03045784615384615
-0.14686523076923075
-0.18754523076923074
-0.2651501538461538
-0.05945538461538461
0.0448523076923077
0.13706030769230768
0.1476996923076923
0.07781353846153846
0.2342750769230769
0.2638984615384615
0.3479704615384615
0.2730775384615384
0.03901107692307692
-0.0016689230769230767
-0.12955015384615384
-0.10806276923076923
-0.09241661538461539
-0.21466523076923077
-0.1397723076923077
-0.19192615384615386
-0.154584
0.029623384615384614
0.042974769230769226
0.17315076923076922
0.16710092307692306
0.08615815384615384
0.12579507692307693
0.04693846153846153
0.09429415384615383
0.09512861538461538
-0.016480615384615385
-0.06446215384615385
-0.15833907692307692
-0.10389046153846154
-0.04965046153846154
-0.10243015384615384
-0.11599015384615384
-0.18399876923076922
-0.11953661538461538
0.004798153846153846
0.02273907692307692
0.07927384615384615
0.059038153846153844
0.07781353846153846
0.19192615384615386
0.20465169230769228
0.23656984615384613
0.21508246153846153
0.13393107692307693
0.13935507692307691
0.09471138461538461
0.037967999999999995
-0.037342153846153844
-0.16292861538461537
-0.22175815384615383
-0.2701569230769231
-0.27620676923076926
-0.2507556923076923
-0.1990190769230769
-0.10430769230769231
-0.06279323076923077
0.03379569230769231
0.12579507692307693
0.15082892307692305
0.1846246153846154
0.10764553846153846
0.023364923076923075
-0.044435076923076924
-0.16438892307692307
-0.21800307692307694
-0.3072904615384615
-0.3884418461538462
-0.36799753846153843
-0.3239796923076923
-0.2236356923076923
-0.1424843076923077
-0.07155507692307693
0.05924676923076923
0.17711446153846155
0.2695310769230769
0.2887236923076923
0.2703655384615385
0.27474646153846155
0.23239753846153846
0.1908830769230769
0.11703323076923078
-0.0006258461538461538
-0.05277969230769231
-0.10743692307692307
-0.11911938461538461
-0.06967753846153846
-0.051528
0.015228923076923076
0.06821723076923077
0.10096984615384616
0.18170399999999998
0.22008923076923076
0.2453316923076923
0.23135446153846154
0.16230276923076925
0.09971815384615385
0.025033846153846153
-0.015854769230769228
-0.054657230769230764
-0.09450276923076922
-0.10576799999999999
-0.13309661538461537
-0.10117846153846152
-0.04172307692307692
0.0002086153846153846
0.05319692307692307
0.04965046153846154
0.05611753846153846
0.10430769230769231
0.12621230769230768
0.13852061538461538
0.09971815384615385
0.031918153846153846
0.009596307692307692
0.001043076923076923
-0.0022947692307692304
-0.024408000000000003
-0.07510153846153846
-0.09825784615384614
-0.09387692307692307
-0.06070707692307692
-0.01814953846153846
0.0033378461538461535
0.031918153846153846
0.05382276923076923
0.08636676923076922
0.11911938461538461
0.12204
0.13330523076923076
0.09930092307692308
0.04276615384615385
0.005215384615384615
-0.04380923076923077
-0.051528
-0.06154153846153846
-0.10931446153846153
-0.12725538461538463
-0.12391753846153845
-0.08907876923076924
-0.030040615384615384
-0.004172307692307692
0.014811692307692307
0.029832
0.05924676923076923
0.10430769230769231
0.11473846153846154
0.10368184615384615
0.05570030769230769
0.003963692307692307
-0.03629907692307692
-0.09846646153846153
-0.14415323076923076
-0.19150892307692308
-0.21362215384615382
-0.18232984615384615
-0.14436184615384615
-0.08094276923076923
-0.011473846153846154
0.04380923076923077
0.08240307692307691
0.08594953846153845
0.07531015384615385
0.055491692307692304
0.02524246153846154
-0.013768615384615384
-0.058829538461538454
-0.09387692307692307
-0.10785415384615385
-0.08469784615384615
-0.03400430769230769
0.006049846153846154
0.05173661538461538
0.10201292307692307
0.15291507692307693
0.21091015384615383
0.23239753846153846
0.23656984615384613
0.23490092307692306
0.21070153846153844
0.18983999999999998
0.15124615384615384
0.0892873846153846
0.03880246153846154
-0.002086153846153846
-0.02753723076923077
-0.03838523076923077
-0.035464615384615386
-0.0035464615384615383
0.03671630769230769
0.07614461538461538
0.10347323076923076
0.11348676923076922
0.11202646153846153
0.086784
0.051528
-0.0025033846153846152
-0.07405846153846153
-0.13518276923076925
-0.18170399999999998
-0.19359507692307693
-0.1860849230769231
-0.1777403076923077
-0.143736
-0.09325107692307691
-0.031709538461538456
0.03921969230769231
0.0853236923076923
0.10889723076923077
0.12266584615384615
0.12245723076923076
0.11724184615384614
0.10472492307692308
0.07218092307692307
0.031918153846153846
-0.008136
-0.03609046153846154
-0.03483876923076923
-0.013142769230769229
0.006049846153846154
0.015228923076923076
0.030875076923076922
0.04652123076923077
0.06487938461538462
0.09179076923076923
0.1045163076923077
0.11140061538461538
0.10910584615384614
0.09992676923076924
0.0961716923076923
0.08198584615384615
0.05319692307692307
0.001043076923076923
-0.06216738461538462
-0.11286092307692308
-0.14811692307692306
-0.17711446153846155
-0.20423446153846153
-0.20673784615384616
-0.18149538461538461
-0.12662953846153846
-0.052153846153846155
0.016480615384615385
0.07092923076923077
0.11327815384615383
0.1462393846153846
0.16105107692307694
0.15124615384615384
0.11327815384615383
0.061124307692307686
-0.0012516923076923076
-0.06341907692307691
-0.10764553846153846
-0.13622584615384614
-0.14999446153846155
-0.14039815384615384
-0.10159569230769232
-0.03880246153846154
0.042557538461538466
0.1207883076923077
0.184416
0.2127876923076923
0.20840676923076923
0.18775384615384613
0.14081538461538462
0.08594953846153845
0.015437538461538461
-0.047981538461538464
-0.08594953846153845
-0.10952307692307692
-0.09784061538461537
-0.0771876923076923
-0.05048492307692308
-0.01272553846153846
0.018358153846153843
0.05757784615384615
0.09158215384615384
0.10368184615384615
0.09930092307692308
0.0771876923076923
0.059664
0.04756430769230769
0.029623384615384614
0.018775384615384614
0.004172307692307692
0.013560000000000001
0.03775938461538462
0.05319692307692307
0.0744756923076923
0.06633969230769231
0.052153846153846155
0.03609046153846154
-0.0002086153846153846
-0.026702769230769228
-0.06028984615384615
-0.09512861538461538
-0.09909230769230769
-0.08198584615384615
-0.03713353846153846
0.014603076923076923
0.05236246153846154
0.09095630769230768
0.1151556923076923
0.12975876923076923
0.12412615384615384
0.09053907692307692
0.03150092307692308
-0.041514461538461535
-0.10389046153846154
-0.1558356923076923
-0.1829556923076923
-0.18170399999999998
-0.16271999999999998
-0.1136953846153846
-0.03671630769230769
0.04547815384615384
0.13455692307692307
0.20047938461538461
0.23156307692307693
0.23469230769230767
0.2021483076923077
0.14686523076923075
0.06133292307692308
-0.04672984615384615
-0.15938215384615384
-0.24637476923076923
-0.2862203076923077
-0.2837169230769231
-0.24658338461538462
-0.19150892307692308
-0.12016246153846154
-0.03650769230769231
0.0448523076923077
0.11223507692307692
0.14123261538461537
0.12496061538461539
0.09199938461538461
0.04902461538461538
0.0014603076923076922
-0.03901107692307692
-0.09053907692307692
-0.1316363076923077
-0.14457046153846154
-0.127464
-0.07697907692307693
-0.027328615384615382
0.016480615384615385
0.05820369230769231
0.100344
0.143736
0.1785747692307692
0.20444307692307692
0.21195323076923075
0.20652923076923077
0.1992276923076923
0.18775384615384613
0.18107815384615383
0.16209415384615386
0.12120553846153845
0.08386338461538462
0.045060923076923075
0.013351384615384614
-0.0070929230769230765
-0.03045784615384615
-0.04714707692307692
-0.05778646153846154
-0.048816000000000005
-0.015646153846153844
0.01814953846153846
0.042557538461538466
0.05194523076923077
0.05653476923076922
0.06341907692307691
0.06154153846153846
0.05319692307692307
0.024408000000000003
-0.014394461538461538
-0.03859384615384615
-0.06592246153846154
-0.08302892307692307
-0.09137353846153846
-0.10868861538461538
-0.11452984615384615
-0.10493353846153847
-0.07009476923076922
-0.026285538461538457
0.007301538461538462
0.041514461538461535
0.06675692307692307
0.08845292307692308
0.10952307692307692
0.1178676923076923
0.116616
0.10076123076923077
0.07697907692307693
0.06028984615384615
0.04756430769230769
0.040262769230769234
0.02795446153846154
0.004589538461538461
-0.013768615384615384
-0.03024923076923077
-0.03650769230769231
-0.03337846153846154
-0.032544
-0.02524246153846154
-0.014603076923076923
0.006884307692307692
0.03921969230769231
0.06049846153846154
0.07781353846153846
0.08323753846153846
0.084072
0.08866153846153846
0.06863446153846153
0.03629907692307692
-0.010848
-0.06446215384615385
-0.09700615384615385
-0.124752
-0.12767261538461538
-0.11578153846153846
-0.09909230769230769
-0.056951999999999996
-0.013351384615384614
0.03901107692307692
0.09053907692307692
0.12621230769230768
0.15750461538461538
0.1718990769230769
0.168144
0.1543753846153846
0.11494707692307692
0.0609156923076923
0.007301538461538462
-0.04985907692307692
-0.09471138461538461
-0.1314276923076923
-0.14853415384615384
-0.14331876923076922
-0.12642092307692307
-0.08657538461538461
-0.030040615384615384
0.008761846153846153
0.05507446153846154
0.08782707692307692
0.1287156923076923
0.1856676923076923
0.24303692307692307
0.39866399999999996
0.3805144615384615
0.30562153846153844
0.2757895384615385
0.13455692307692307
0.09846646153846153
-0.06717415384615384
-0.2563883076923077
-0.4042966153846154
-0.5434430769230769
-0.4489403076923077
-0.40012430769230767
-0.30249230769230767
-0.1883796923076923
-0.09700615384615385
0.14978584615384616
0.28350830769230767
0.4216116923076923
0.4679243076923077
0.32543999999999995
0.2415766153846154
0.050067692307692306
-0.1045163076923077
-0.23344061538461539
-0.43412861538461534
-0.4622916923076923
-0.5250849230769231
-0.5280055384615384
-0.36340799999999995
-0.252216
-0.05319692307692307
0.0934596923076923
0.18483323076923078
0.3087507692307692
0.3214763076923077
0.36632861538461536
0.3571495384615384
0.26535876923076923
0.184416
0.06404492307692307
0.007510153846153846
-0.06321046153846153
-0.18545907692307692
-0.2503384615384615
-0.314592
-0.29227015384615385
-0.19797599999999999
-0.13080184615384613
-0.023782153846153845
0.04735569230769231
0.11265230769230769
0.20423446153846153
0.214248
0.21779446153846155
0.20465169230769228
0.15187199999999998
0.14749107692307692
0.11828492307692307
0.07468430769230769
0.014811692307692307
-0.08657538461538461
-0.16021661538461537
-0.2503384615384615
-0.3156350769230769
-0.3440067692307692
-0.33315876923076926
-0.2478350769230769
-0.1785747692307692
-0.06404492307692307
0.09909230769230769
0.22321846153846153
0.3481790769230769
0.40554830769230765
0.40325353846153844
0.37091815384615384
0.265776
0.1639716923076923
0.03838523076923077
-0.09137353846153846
-0.15208061538461537
-0.2008966153846154
-0.21612553846153845
-0.20924123076923076
-0.17628
-0.07781353846153846
0.018358153846153843
0.1097316923076923
0.18191261538461537
0.23656984615384613
0.3193901538461538
0.33941723076923075
0.3054129230769231
0.2436627692307692
0.11870215384615385
0.040679999999999994
-0.03108369230769231
-0.10138707692307691
-0.11348676923076922
-0.12516923076923075
-0.07969107692307692
-0.02023569230769231
0.021278769230769233
0.07927384615384615
0.11140061538461538
0.13038461538461538
0.12308307692307692
0.09554584615384615
0.06362769230769232
0.005424
-0.027745846153846152
-0.035464615384615386
-0.023990769230769232
0.021904615384615383
0.04860738461538461
0.08574092307692306
0.12391753846153845
0.130176
0.14728246153846153
0.13601723076923075
0.09325107692307691
0.059664
0.016480615384615385
-0.029206153846153847
-0.06759138461538462
-0.09679753846153846
-0.08657538461538461
-0.058412307692307694
-0.016480615384615385
0.041514461538461535
0.078648
0.10493353846153847
0.10263876923076923
0.09325107692307691
0.07510153846153846
0.035464615384615386
0.018775384615384614
-0.028163076923076923
-0.07969107692307692
-0.11140061538461538
-0.14707384615384617
-0.13309661538461537
-0.13080184615384613
-0.1531236923076923
-0.15813046153846153
-0.16772676923076923
-0.13914646153846155
-0.09846646153846153
-0.08094276923076923
-0.04965046153846154
-0.02044430769230769
0.013351384615384614
0.04860738461538461
0.06154153846153846
0.05820369230769231
0.021904615384615383
-0.014394461538461538
-0.037342153846153844
-0.07426707692307692
-0.10618523076923077
-0.15938215384615384
-0.20527753846153846
-0.22488738461538463
-0.241368
-0.21049292307692305
-0.16459753846153846
-0.10994030769230768
-0.03880246153846154
0.03150092307692308
0.13101046153846155
0.23114584615384615
0.28809784615384615
0.2997803076923077
0.27787569230769227
0.24074215384615386
0.1846246153846154
0.10889723076923077
0.018983999999999997
-0.09116492307692307
-0.19004861538461537
-0.24992123076923078
-0.25200738461538463
-0.20715507692307691
-0.16209415384615386
-0.10117846153846152
-0.010639384615384617
0.09867507692307692
0.21049292307692305
0.28350830769230767
0.3152178461538461
0.3179298461538461
0.2883064615384615
0.2438713846153846
0.18525046153846153
0.10096984615384616
0.006049846153846154
-0.08010830769230769
-0.13664307692307692
-0.16209415384615386
-0.16188553846153847
-0.14269292307692305
-0.10493353846153847
-0.035464615384615386
0.05528307692307692
0.16021661538461537
0.25972615384615383
0.32314523076923074
0.3467187692307692
0.3321156923076923
0.28851507692307693
0.21675138461538462
0.11974523076923077
0.009387692307692307
-0.10368184615384615
-0.19317784615384614
-0.23928184615384615
-0.2330233846153846
-0.19213476923076922
-0.13184492307692308
-0.06133292307692308
0.01272553846153846
0.08761846153846153
0.14582215384615385
0.16480615384615382
0.14144123076923076
0.09491999999999999
0.03024923076923077
-0.030875076923076922
-0.08323753846153846
-0.13747753846153846
-0.16647507692307692
-0.1710646153846154
-0.15208061538461537
-0.10868861538461538
-0.06425353846153846
-0.025659692307692307
-0.0012516923076923076
0.012099692307692308
0.018358153846153843
0.009804923076923077
-0.012934153846153845
-0.04401784615384615
-0.06738276923076922
-0.07197230769230768
-0.06487938461538462
-0.03963692307692308
-0.011265230769230769
0.02023569230769231
0.059872615384615385
0.08907876923076924
0.12934153846153845
0.15604430769230768
0.14749107692307692
0.12224861538461537
0.07635323076923077
0.02482523076923077
-0.02023569230769231
-0.062376
-0.0974233846153846
-0.12120553846153845
-0.12350030769230769
-0.09053907692307692
-0.040054153846153843
0.017315076923076923
0.06300184615384616
0.09179076923076923
0.10827138461538462
0.1028473846153846
0.0853236923076923
0.04380923076923077
-0.011056615384615385
-0.05945538461538461
-0.09721476923076922
-0.11411261538461538
-0.11724184615384614
-0.1045163076923077
-0.08177723076923075
-0.05528307692307692
-0.032544
-0.011265230769230769
0.0014603076923076922
-0.0016689230769230767
-0.007510153846153846
-0.008136
0.0025033846153846152
0.011473846153846154
0.015646153846153844
0.01668923076923077
0.019609846153846155
0.017315076923076923
0.014394461538461538
0.01940123076923077
0.026911384615384615
0.04318338461538461
0.05611753846153846
0.06800861538461538
0.07802215384615384
0.08135999999999999
0.07301538461538462
0.052571076923076915
0.042348923076923076
0.03921969230769231
0.03588184615384615
0.03984553846153846
0.04380923076923077
0.05653476923076922
0.07426707692307692
0.08615815384615384
0.10263876923076923
0.1028473846153846
0.0892873846153846
0.07259815384615384
0.04693846153846153
0.021070153846153846
-0.01981846153846154
-0.06675692307692307
-0.1028473846153846
-0.13101046153846155
-0.1368516923076923
-0.12391753846153845
-0.09471138461538461
-0.047772923076923074
0.012516923076923077
0.08740984615384616
0.15333230769230768
0.20632061538461538
0.23385784615384617
0.21445661538461538
0.16751815384615384
0.09658892307692307
0.012099692307692308
-0.06717415384615384
-0.1449876923076923
-0.20673784615384616
-0.23844738461538462
-0.23135446153846154
-0.18629353846153843
-0.12120553846153845
-0.03629907692307692
0.06028984615384615
0.14999446153846155
0.2290596923076923
0.28121353846153846
0.2947735384615384
0.26452430769230767
0.19150892307692308
0.10493353846153847
0.00855323076923077
-0.0828203076923077
-0.15416676923076922
-0.21758584615384616
-0.235944
-0.21049292307692305
-0.15687876923076924
-0.08198584615384615
-0.014811692307692307
0.05757784615384615
0.11807630769230769
0.15208061538461537
0.1693956923076923
0.15792184615384616
0.12516923076923075
0.07697907692307693
0.017523692307692306
-0.028163076923076923
-0.07155507692307693
-0.12224861538461537
-0.15792184615384616
-0.18212123076923076
-0.17961784615384613
-0.15500123076923078
-0.11494707692307692
-0.05653476923076922
-0.005841230769230769
0.04965046153846154
0.11035753846153845
0.1612596923076923
0.19818461538461538
0.2008966153846154
0.1794092307692308
0.1489513846153846
0.11056615384615384
0.06967753846153846
0.013142769230769229
-0.05403138461538461
-0.10514215384615383
-0.1397723076923077
-0.1506203076923077
-0.13914646153846155
-0.11870215384615385
-0.08052553846153847
-0.02357353846153846
0.05862092307692307
0.15228923076923076
0.23761292307692305
0.2951907692307692
0.3062473846153846
0.2837169230769231
0.2238443076923077
0.12725538461538463
0.0025033846153846152
-0.1356
-0.2526332307692308
-0.34338092307692303
-0.3863556923076923
-0.37592492307692305
-0.31855569230769226
-0.2205064615384615
-0.10535076923076922
0.028788923076923077
0.16042523076923076
0.25972615384615383
0.3133403076923077
0.3087507692307692
0.26494153846153845
0.19755876923076923
0.10138707692307691
-0.0012516923076923076
-0.10597661538461538
-0.19735015384615384
-0.24679199999999998
-0.24720923076923076
-0.1923433846153846
-0.10764553846153846
-0.011473846153846154
0.08761846153846153
0.1858763076923077
0.2724516923076923
0.3114627692307692
0.2920615384615385
0.235944
0.15896492307692306
0.07697907692307693
0.0033378461538461535
-0.053614153846153846
-0.09763200000000001
-0.1368516923076923
-0.14540492307692307
-0.12266584615384615
-0.0826116923076923
-0.03358707692307692
0.003755076923076923
0.035464615384615386
0.06383630769230769
0.09095630769230768
0.11265230769230769
0.10681107692307691
0.059872615384615385
-0.01981846153846154
-0.11035753846153845
-0.22029784615384615
-0.2870547692307692
-0.2737033846153846
-0.21028430769230766
-0.056951999999999996
0.15959076923076923
0.41034646153846155
0.6627710769230769
0.8451009230769231
0.9727735384615385
0.9692270769230769
0.8079673846153845
0.5469895384615384
0.25430215384615384
-0.04568676923076923
-0.33545353846153847
-0.5319692307692307
-0.6867618461538461
-0.71868
-0.6191704615384614
-0.44268184615384615
-0.1948467692307692
0.026494153846153844
0.22697353846153845
0.38301784615384615
0.46625538461538457
0.4472713846153846
0.34338092307692303
0.14790830769230767
-0.11703323076923078
-0.3269003076923077
-0.4960873846153846
-0.5697286153846154
-0.5340553846153846
-0.43287692307692305
-0.25430215384615384
-0.0853236923076923
0.06675692307692307
0.20673784615384616
0.2618123076923077
0.2399076923076923
0.17461107692307692
0.07301538461538462
-0.0014603076923076922
-0.032544
-0.01856676923076923
0.022947692307692308
0.03504738461538461
0.040262769230769234
0.03379569230769231
0.02357353846153846
-0.012099692307692308
-0.08636676923076922
-0.165432
-0.27182584615384614
-0.33983446153846153
-0.36027876923076924
-0.36632861538461536
-0.3202246153846154
-0.25159015384615385
-0.14665661538461539
0.012099692307692308
0.17523692307692307
0.3344104615384615
0.4518609230769231
0.4704276923076923
0.4115981538461538
0.2853858461538461
0.09179076923076923
-0.13998092307692306
-0.3652855384615385
-0.520704
-0.5751526153846154
-0.513611076923077
-0.3548547692307692
-0.11807630769230769
0.14603076923076924
0.37613353846153846
0.5780732307692308
0.7074147692307692
0.7188886153846153
0.6333563076923077
0.46396061538461536
0.23677846153846152
0.009804923076923077
-0.19004861538461537
-0.33566215384615383
-0.41556184615384617
-0.4456024615384615
-0.39928984615384616
-0.28204799999999997
-0.12245723076923076
0.05319692307692307
0.20986707692307693
0.32189353846153845
0.37550769230769226
0.3609046153846154
0.2753723076923077
0.15374953846153847
0.004172307692307692
-0.15792184615384616
-0.2730775384615384
-0.3279433846153846
-0.31751261538461534
-0.23761292307692305
-0.12955015384615384
-0.01043076923076923
0.103056
0.18629353846153843
0.22134092307692307
0.19672430769230767
0.12496061538461539
0.03108369230769231
-0.03629907692307692
-0.0826116923076923
-0.10138707692307691
-0.0855323076923077
-0.05444861538461539
0.0014603076923076922
0.06717415384615384
0.11473846153846154
0.11953661538461538
0.07426707692307692
-0.01981846153846154
-0.12600369230769232
-0.2290596923076923
-0.31751261538461534
-0.3600701538461538
-0.37550769230769226
-0.3402516923076923
-0.24074215384615386
-0.09825784615384614
0.06696553846153847
0.21842030769230766
0.3319070769230769
0.3972036923076923
0.41660492307692304
0.3692492307692308
0.2557624615384615
0.10096984615384616
-0.07405846153846153
-0.23156307692307693
-0.34233784615384616
-0.39344861538461534
-0.3780110769230769
-0.30019753846153846
-0.17544553846153846
0.0
0.19985353846153847
0.38593846153846156
0.5294658461538462
0.5824541538461538
0.5524135384615385
0.45686769230769225
0.3095852307692307
0.1395636923076923
-0.043600615384615383
-0.21111876923076925
-0.3225193846153846
-0.35339446153846155
-0.3102110769230769
-0.21341353846153846
-0.08323753846153846
0.04130584615384615
0.14123261538461537
0.22572184615384616
0.26222953846153846
0.2330233846153846
0.15562707692307692
0.03567323076923076
-0.0771876923076923
-0.1693956923076923
-0.2369870769230769
-0.25200738461538463
-0.23677846153846152
-0.1867107692307692
-0.09450276923076922
0.023364923076923075
0.14686523076923075
0.2480436923076923
0.3016578461538461
0.3004061538461538
0.252216
0.17398523076923075
0.07092923076923077
-0.04130584615384615
-0.14707384615384617
-0.22467876923076924
-0.24491446153846153
-0.2238443076923077
-0.15562707692307692
-0.07134646153846153
-0.008344615384615384
0.04172307692307692
0.07051199999999999
0.07656184615384615
0.052153846153846155
-0.0008344615384615384
-0.05674338461538461
-0.09179076923076923
-0.10576799999999999
-0.10159569230769232
-0.07572738461538461
-0.03713353846153846
0.014185846153846153
0.08636676923076922
0.1558356923076923
0.20173107692307693
0.225096
0.2194633846153846
0.1829556923076923
0.12642092307692307
0.050067692307692306
-0.026702769230769228
-0.10013538461538461
-0.1585476923076923
-0.1792006153846154
-0.17273353846153844
-0.12412615384615384
-0.05674338461538461
0.010848
0.08240307692307691
0.130176
0.13726892307692307
0.1136953846153846
0.06633969230769231
-0.0014603076923076922
-0.08198584615384615
-0.15813046153846153
-0.21049292307692305
-0.24199384615384617
-0.23886461538461537
-0.21007569230769232
-0.15416676923076922
-0.08323753846153846
-0.021904615384615383
0.040054153846153843
0.08386338461538462
0.10743692307692307
0.116616
0.09429415384615383
0.05799507692307692
0.015646153846153844
-0.027120000000000002
-0.05048492307692308
-0.05757784615384615
-0.04714707692307692
-0.02315630769230769
0.016897846153846156
0.06341907692307691
0.11348676923076922
0.1639716923076923
0.18483323076923078
0.1794092307692308
0.1585476923076923
0.12454338461538461
0.08699261538461538
0.05236246153846154
0.024199384615384616
0.015228923076923076
0.017523692307692306
0.03233538461538461
0.06362769230769232
0.08574092307692306
0.09658892307692307
0.09199938461538461
0.07113784615384615
0.05069353846153846
0.02545107692307692
-0.0035464615384615383
-0.031918153846153846
-0.053405538461538456
-0.05298830769230769
-0.03504738461538461
0.0022947692307692304
0.05444861538461539
0.111192
0.1777403076923077
0.23844738461538462
0.28350830769230767
0.3035353846153846
0.27286892307692306
0.2059033846153846
0.11765907692307691
0.026702769230769228
-0.04902461538461538
-0.10764553846153846
-0.12537784615384615
-0.10827138461538462
-0.06717415384615384
-0.006258461538461538
0.06258461538461538
0.12808984615384614
0.17002153846153847
0.17315076923076922
0.14039815384615384
0.08323753846153846
0.020652923076923076
-0.04756430769230769
-0.12162276923076921
-0.1800350769230769
-0.2154996923076923
-0.21883753846153844
-0.1940123076923077
-0.15187199999999998
-0.09679753846153846
-0.03629907692307692
0.025659692307692307
0.08490646153846154
0.12329169230769231
0.13518276923076925
0.1289243076923077
0.1028473846153846
0.06800861538461538
0.034630153846153845
0.006675692307692307
-0.016272
-0.029414769230769227
-0.02211323076923077
-0.0016689230769230767
0.025659692307692307
0.045895384615384616
0.04756430769230769
0.040054153846153843
0.016063384615384615
-0.014811692307692307
-0.04109723076923077
-0.07426707692307692
-0.10055261538461538
-0.11181784615384616
-0.10660246153846153
-0.07426707692307692
-0.03337846153846154
-0.0004172307692307692
0.03150092307692308
0.051528
0.05403138461538461
0.04819015384615385
0.025659692307692307
-0.012516923076923077
-0.05194523076923077
-0.09158215384615384
-0.11724184615384614
-0.11828492307692307
-0.0974233846153846
-0.05048492307692308
0.025033846153846153
0.12433476923076923
0.22113230769230768
0.3062473846153846
0.3567323076923076
0.3671630769230769
0.3513083076923077
0.2939390769230769
0.21842030769230766
0.11536430769230768
-0.003755076923076923
-0.11306953846153844
-0.20965846153846154
-0.26076923076923075
-0.2772498461538462
-0.2620209230769231
-0.2194633846153846
-0.15082892307692305
-0.058829538461538454
0.03129230769230769
0.12245723076923076
0.1869193846153846
0.21153599999999997
0.19881046153846152
0.14957723076923077
0.086784
0.005841230769230769
-0.08991323076923076
-0.17231630769230769
-0.23072861538461537
-0.2517987692307692
-0.23218892307692307
-0.18942276923076923
-0.14457046153846154
-0.10576799999999999
-0.06800861538461538
-0.02899753846153846
0.010848
0.04130584615384615
0.05528307692307692
0.05382276923076923
0.05799507692307692
0.07134646153846153
0.07364123076923076
0.06258461538461538
0.03442153846153846
-0.008136
-0.05048492307692308
-0.08866153846153846
-0.1178676923076923
-0.14457046153846154
-0.1704387692307692
-0.17565415384615385
-0.15833907692307692
-0.1178676923076923
-0.06362769230769232
-0.009804923076923077
0.044435076923076924
0.09408553846153846
0.1449876923076923
0.20047938461538461
0.23656984615384613
0.22822523076923076
0.184416
0.11140061538461538
0.025659692307692307
-0.058412307692307694
-0.14123261538461537
-0.20778092307692309
-0.24512307692307692
-0.23385784615384617
-0.16480615384615382
-0.04902461538461538
0.06926030769230769
0.17502830769230768
0.2638984615384615
0.32189353846153845
0.34275507692307694
0.31250584615384613
0.23782153846153845
0.11828492307692307
-0.010848
-0.12204
-0.20506892307692307
-0.2426196923076923
-0.25117292307692307
-0.23823876923076923
-0.20193969230769232
-0.146448
-0.08031692307692308
-0.018358153846153843
0.01814953846153846
0.03442153846153846
0.03567323076923076
0.026494153846153844
0.01710646153846154
-0.005424
-0.03838523076923077
-0.07677046153846154
-0.10514215384615383
-0.10243015384615384
-0.08010830769230769
-0.05173661538461538
-0.014603076923076923
0.02524246153846154
0.07092923076923077
0.11098338461538461
0.12975876923076923
0.12537784615384615
0.09179076923076923
0.04130584615384615
-0.028163076923076923
-0.11265230769230769
-0.2075723076923077
-0.3170953846153846
-0.3955347692307692
-0.3721698461538462
-0.2734947692307692
-0.10827138461538462
0.09804923076923076
0.2699483076923077
0.4539470769230769
0.5880867692307692
0.6656916923076922
0.6681950769230769
0.5303003076923076
0.34004307692307695
0.10785415384615385
-0.10681107692307691
-0.3241883076923077
-0.508187076923077
-0.6216738461538461
-0.6777913846153846
-0.5895470769230768
-0.43287692307692305
-0.21111876923076925
0.03921969230769231
0.25367630769230765
0.43809230769230767
0.5426086153846154
0.5638873846153847
0.5054750769230769
0.37008369230769234
0.15520984615384617
-0.07593599999999999
-0.2768326153846154
-0.4145187692307692
-0.4460196923076923
-0.4188996923076923
-0.3279433846153846
-0.20381723076923075
-0.07259815384615384
0.07155507692307693
0.16751815384615384
0.19839323076923077
0.1869193846153846
0.16084246153846155
0.14457046153846154
0.1397723076923077
0.11807630769230769
0.09199938461538461
0.06049846153846154
0.02545107692307692
0.009596307692307692
-0.004798153846153846
-0.03880246153846154
-0.09408553846153846
-0.12391753846153845
-0.12934153846153845
-0.13497415384615385
-0.13622584615384614
-0.15416676923076922
-0.14686523076923075
-0.10222153846153846
-0.05111076923076923
0.04088861538461538
0.1506203076923077
0.25513661538461535
0.34984799999999994
0.3972036923076923
0.38760738461538463
0.3170953846153846
0.18504184615384617
0.0016689230769230767
-0.1860849230769231
-0.34275507692307694
-0.4518609230769231
-0.47689476923076923
-0.42953907692307686
-0.31813846153846154
-0.14018953846153845
0.06028984615384615
0.26786215384615386
0.443724923076923
0.5242504615384616
0.5242504615384616
0.4660467692307692
0.36778892307692307
0.24637476923076923
0.103056
-0.029623384615384614
-0.12120553846153845
-0.16647507692307692
-0.1696043076923077
-0.13852061538461538
-0.08699261538461538
-0.010639384615384617
0.09325107692307691
0.19735015384615384
0.2828824615384615
0.3412947692307692
0.34922215384615385
0.3129230769230769
0.2620209230769231
0.18066092307692305
0.08574092307692306
-0.006258461538461538
-0.08949599999999999
-0.1316363076923077
-0.12934153846153845
-0.08323753846153846
-0.0008344615384615384
0.0828203076923077
0.13330523076923076
0.14582215384615385
0.1314276923076923
0.09179076923076923
0.03629907692307692
-0.027120000000000002
-0.09074769230769231
-0.13393107692307693
-0.14311015384615386
-0.12266584615384615
-0.07009476923076922
-0.006258461538461538
0.04193169230769231
0.08365476923076923
0.11181784615384616
0.11640738461538462
0.09074769230769231
0.02795446153846154
-0.04568676923076923
-0.10347323076923076
-0.14477907692307693
-0.1476996923076923
-0.12433476923076923
-0.09763200000000001
-0.04819015384615385
0.014185846153846153
0.09199938461538461
0.15938215384615384
0.20173107692307693
0.22008923076923076
0.20527753846153846
0.16063384615384615
0.07614461538461538
-0.01856676923076923
-0.1151556923076923
-0.19714153846153845
-0.24053353846153847
-0.254928
-0.23239753846153846
-0.16167692307692308
-0.06738276923076922
0.03567323076923076
0.13789476923076924
0.21216184615384615
0.2591003076923077
0.2563883076923077
0.208824
0.13184492307692308
0.02482523076923077
-0.06675692307692307
-0.13184492307692308
-0.17481969230769231
-0.1785747692307692
-0.15145476923076923
-0.092208
-0.02211323076923077
0.03942830769230769
0.09012184615384615
0.10159569230769232
0.08824430769230769
0.051319384615384614
-0.022947692307692308
-0.10639384615384614
-0.1869193846153846
-0.24908676923076922
-0.2695310769230769
-0.25284184615384614
-0.19317784615384614
-0.09909230769230769
0.012934153846153845
0.14290153846153844
0.25200738461538463
0.3156350769230769
0.32335384615384616
0.26681907692307694
0.1693956923076923
0.040262769230769234
-0.1028473846153846
-0.22843384615384613
-0.3195987692307692
-0.3623649230769231
-0.34463261538461537
-0.2716172307692308
-0.1585476923076923
-0.02044430769230769
0.12370892307692308
0.25012984615384615
0.34338092307692303
0.39344861538461534
0.37884553846153846
0.31396615384615384
0.2056947692307692
0.06654830769230768
-0.06195876923076923
-0.1794092307692308
-0.2701569230769231
-0.3114627692307692
-0.30583015384615386
-0.24491446153846153
-0.14311015384615386
-0.026285538461538457
0.08615815384615384
0.16647507692307692
0.21216184615384615
0.21842030769230766
0.1940123076923077
0.14853415384615384
0.0771876923076923
-0.009804923076923077
-0.09199938461538461
-0.14665661538461539
-0.16876984615384616
-0.16438892307692307
-0.14144123076923076
-0.10347323076923076
-0.049233230769230765
0.008136
0.05736923076923077
0.08386338461538462
0.07635323076923077
0.05027630769230769
0.008136
-0.027120000000000002
-0.03838523076923077
-0.03880246153846154
-0.026076923076923077
-0.005841230769230769
0.017315076923076923
0.03692492307692308
0.05173661538461538
0.04547815384615384
0.006884307692307692
-0.05444861538461539
-0.12016246153846154
-0.17085599999999998
-0.20298276923076922
-0.21007569230769232
-0.19046584615384615
-0.13914646153846155
-0.059664
0.03901107692307692
0.13267938461538462
0.20006215384615383
0.233232
0.2292683076923077
0.20778092307692309
0.15771323076923077
0.08177723076923075
-0.01043076923076923
-0.10868861538461538
-0.18107815384615383
-0.22008923076923076
-0.22342707692307692
-0.19860184615384616
-0.15145476923076923
-0.08615815384615384
-0.005841230769230769
0.08365476923076923
0.16710092307692306
0.22864246153846152
0.265776
0.27182584615384614
0.25117292307692307
0.2125790769230769
0.14665661538461539
0.07197230769230768
-0.005215384615384615
-0.07280676923076923
-0.11432123076923076
-0.12433476923076923
-0.11327815384615383
-0.09512861538461538
-0.06133292307692308
-0.014185846153846153
0.04672984615384615
0.11223507692307692
0.1666836923076923
0.20173107692307693
0.22154953846153846
0.23281476923076924
0.23344061538461539
0.222384
0.18754523076923074
0.13622584615384614
0.08302892307692307
0.030875076923076922
-0.01272553846153846
-0.054240000000000003
-0.09533723076923077
-0.12788123076923075
-0.1424843076923077
-0.14144123076923076
-0.12099692307692309
-0.08636676923076922
-0.05027630769230769
-0.008970461538461538
0.03296123076923077
0.06884307692307692
0.08198584615384615
0.06821723076923077
0.03567323076923076
-0.0077187692307692304
-0.05716061538461538
-0.1045163076923077
-0.14999446153846155
-0.19317784615384614
-0.22342707692307692
-0.24574892307692306
-0.25471938461538457
-0.2422024615384615
-0.21737723076923077
-0.1846246153846154
-0.14394461538461537
-0.09158215384615384
-0.02545107692307692
0.04214030769230769
0.10096984615384616
0.14311015384615386
0.16876984615384616
0.1760713846153846
0.16480615384615382
0.13622584615384614
0.078648
0.006049846153846154
-0.06341907692307691
-0.11703323076923078
-0.13789476923076924
-0.13747753846153846
-0.13059323076923077
-0.11494707692307692
-0.07697907692307693
-0.02357353846153846
0.04047138461538462
0.1045163076923077
0.154584
0.20298276923076922
0.24428861538461538
0.26452430769230767
0.25284184615384614
0.20131384615384615
0.1205796923076923
0.033169846153846154
-0.06028984615384615
-0.13309661538461537
-0.18775384615384613
-0.22467876923076924
-0.22405292307692307
-0.19693292307692306
-0.13059323076923077
-0.04214030769230769
0.04547815384615384
0.12120553846153845
0.17565415384615385
0.22113230769230768
0.2509643076923077
0.2641070769230769
0.26076923076923075
0.22947692307692308
0.18066092307692305
0.1218313846153846
0.06800861538461538
0.017940923076923077
-0.04172307692307692
-0.09575446153846154
-0.130176
-0.14102399999999998
-0.12537784615384615
-0.09658892307692307
-0.06467076923076923
-0.029832
0.017315076923076923
0.0717636923076923
0.12537784615384615
0.1656406153846154
0.1785747692307692
0.18149538461538461
0.17231630769230769
0.157296
0.12099692307692309
0.0609156923076923
-0.011682461538461537
-0.09012184615384615
-0.14957723076923077
-0.19317784615384614
-0.20861538461538462
-0.2090326153846154
-0.1802436923076923
-0.11286092307692308
-0.026076923076923077
0.0853236923076923
0.18170399999999998
0.2578486153846154
0.3016578461538461
0.306456
0.2883064615384615
0.2369870769230769
0.165432
0.06675692307692307
-0.03275261538461539
-0.11286092307692308
-0.1635544615384615
-0.1783661538461538
-0.1733593846153846
-0.14853415384615384
-0.10222153846153846
-0.03024923076923077
0.045895384615384616
0.1045163076923077
0.138312
0.16042523076923076
0.1779489230769231
0.18754523076923074
0.19067446153846154
0.17648861538461538
0.15374953846153847
0.12496061538461539
0.09575446153846154
0.06967753846153846
0.033169846153846154
-0.015646153846153844
-0.06300184615384616
-0.09158215384615384
-0.10597661538461538
-0.10076123076923077
-0.08198584615384615
-0.053614153846153846
-0.012934153846153845
0.02023569230769231
0.05716061538461538
0.0892873846153846
0.10430769230769231
0.09825784615384614
0.07155507692307693
0.04965046153846154
0.01981846153846154
-0.027328615384615382
-0.08699261538461538
-0.15187199999999998
-0.2127876923076923
-0.2651501538461538
-0.28768061538461537
-0.28267384615384616
-0.25972615384615383
-0.21800307692307694
-0.16334584615384617
-0.10535076923076922
-0.045060923076923075
0.008136
0.029414769230769227
0.04172307692307692
0.04756430769230769
0.053614153846153846
0.0892873846153846
0.11306953846153844
0.2355267692307692
0.3225193846153846
0.29080984615384614
0.33983446153846153
0.31041969230769234
0.30332676923076923
0.26535876923076923
0.10076123076923077
-0.03692492307692308
-0.23093723076923076
-0.29331323076923077
-0.3114627692307692
-0.3252313846153846
-0.24741784615384615
-0.19755876923076923
0.0008344615384615384
0.21320492307692307
0.39407446153846154
0.5822455384615384
0.5726492307692308
0.5390621538461537
0.43329415384615383
0.22113230769230768
0.04172307692307692
-0.2426196923076923
-0.4470627692307692
-0.5736923076923076
-0.7145076923076923
-0.6523403076923077
-0.5409396923076923
-0.3682061538461538
-0.11703323076923078
0.06133292307692308
0.2659846153846154
0.40095876923076923
0.49921661538461537
0.5914246153846153
0.5455292307692308
0.4378836923076923
0.265776
0.08991323076923076
-0.04109723076923077
-0.21716861538461538
-0.35610646153846154
-0.4714707692307692
-0.5403138461538461
-0.4733483076923077
-0.3913624615384615
-0.26097784615384617
-0.09679753846153846
0.026702769230769228
0.1829556923076923
0.2853858461538461
0.32585723076923073
0.35568923076923076
0.31000246153846156
0.26765353846153844
0.21466523076923077
0.1218313846153846
0.03963692307692308
-0.07885661538461539
-0.1858763076923077
-0.29748553846153847
-0.39699507692307695
-0.4418473846153846
-0.4508178461538461
-0.371544
-0.287472
-0.1927606153846154
-0.023782153846153845
0.12808984615384614
0.28851507692307693
0.41994276923076923
0.46396061538461536
0.47230523076923075
0.4011673846153846
0.30270092307692303
0.1779489230769231
-0.008970461538461538
-0.17315076923076922
-0.3235624615384615
-0.42474092307692307
-0.46542092307692307
-0.469176
-0.3846867692307692
-0.24053353846153847
-0.06675692307692307
0.10910584615384614
0.26222953846153846
0.41723076923076924
0.5100646153846153
0.5146541538461539
0.46542092307692307
0.33253292307692306
0.1829556923076923
0.04526953846153846
-0.09846646153846153
-0.18379015384615385
-0.2355267692307692
-0.23406646153846156
-0.1712732307692308
-0.09241661538461539
0.00855323076923077
0.0988836923076923
0.17419384615384614
0.22530461538461538
0.23928184615384615
0.225096
0.15938215384615384
0.08177723076923075
0.01856676923076923
-0.03984553846153846
-0.0678
-0.09930092307692308
-0.11411261538461538
-0.09304246153846155
-0.07656184615384615
-0.03921969230769231
-0.01668923076923077
-0.03400430769230769
-0.051319384615384614
-0.08010830769230769
-0.1178676923076923
-0.1652233846153846
-0.2194633846153846
-0.2438713846153846
-0.23907323076923076
-0.20423446153846153
-0.13622584615384614
-0.05528307692307692
0.030040615384615384
0.09930092307692308
0.14707384615384617
0.18525046153846153
0.1867107692307692
0.16292861538461537
0.10660246153846153
0.012099692307692308
-0.06446215384615385
-0.13518276923076925
-0.16897846153846155
-0.1543753846153846
-0.1395636923076923
-0.100344
-0.029414769230769227
0.06633969230769231
0.17273353846153844
0.22989415384615383
0.23782153846153845
0.2221753846153846
0.18629353846153843
0.15604430769230768
0.11953661538461538
0.07531015384615385
0.016480615384615385
-0.04109723076923077
-0.06446215384615385
-0.08177723076923075
-0.08949599999999999
-0.10243015384615384
-0.13101046153846155
-0.1435273846153846
-0.15208061538461537
-0.13852061538461538
-0.10827138461538462
-0.09554584615384615
-0.06738276923076922
-0.03379569230769231
0.0029206153846153843
0.06070707692307692
0.10827138461538462
0.13038461538461538
0.12996738461538462
0.12621230769230768
0.13059323076923077
0.12808984615384614
0.10472492307692308
0.04547815384615384
-0.03024923076923077
-0.09721476923076922
-0.13601723076923075
-0.12579507692307693
-0.09387692307692307
-0.05611753846153846
0.009804923076923077
0.09283384615384616
0.1881710769230769
0.2730775384615384
0.30749907692307693
0.30854215384615385
0.273912
0.21466523076923077
0.15103753846153847
0.06195876923076923
-0.042557538461538466
-0.13518276923076925
-0.20235692307692305
-0.21862892307692305
-0.1873366153846154
-0.12433476923076923
-0.03921969230769231
0.055491692307692304
0.1639716923076923
0.26348123076923075
0.3344104615384615
0.35339446153846155
0.31083692307692307
0.22134092307692307
0.10138707692307691
-0.021070153846153846
-0.12496061538461539
-0.2073636923076923
-0.25367630769230765
-0.2557624615384615
-0.2127876923076923
-0.111192
0.020027076923076922
0.14164984615384615
0.23949046153846154
0.29331323076923077
0.31083692307692307
0.2891409230769231
0.21737723076923077
0.11599015384615384
-0.0070929230769230765
-0.12558646153846154
-0.2157083076923077
-0.2666104615384615
-0.2716172307692308
-0.2399076923076923
-0.16292861538461537
-0.05799507692307692
0.04965046153846154
0.154584
0.22947692307692308
0.2624381538461539
0.2626467692307692
0.2290596923076923
0.1718990769230769
0.0936683076923077
0.0
-0.0880356923076923
-0.1570873846153846
-0.19860184615384616
-0.21612553846153845
-0.208824
-0.18316430769230768
-0.1424843076923077
-0.08782707692307692
-0.025659692307692307
0.03692492307692308
0.0853236923076923
0.11432123076923076
0.13080184615384613
0.1341396923076923
0.11953661538461538
0.09325107692307691
0.04380923076923077
-0.02023569230769231
-0.08344615384615384
-0.14311015384615386
-0.1942209230769231
-0.23677846153846152
-0.2670276923076923
-0.27850153846153847
-0.25513661538461535
-0.1948467692307692
-0.11411261538461538
-0.025659692307692307
0.061750153846153844
0.14290153846153844
0.222384
0.2814221538461538
0.3087507692307692
0.30186646153846153
0.25159015384615385
0.17273353846153844
0.07969107692307692
-0.021904615384615383
-0.11557292307692307
-0.19213476923076922
-0.23907323076923076
-0.23198030769230768
-0.18316430769230768
-0.08991323076923076
0.024199384615384616
0.1353913846153846
0.24762646153846155
0.3327415384615385
0.38656430769230765
0.3886504615384615
0.34630153846153844
0.2807963076923077
0.18253846153846154
0.07405846153846153
-0.03650769230769231
-0.1353913846153846
-0.21466523076923077
-0.2689052307692308
-0.28434276923076923
-0.27286892307692306
-0.2399076923076923
-0.18107815384615383
-0.10514215384615383
-0.02273907692307692
0.06216738461538462
0.13038461538461538
0.18358153846153846
0.21862892307692305
0.2209236923076923
0.20027076923076922
0.14916
0.07572738461538461
-0.014185846153846153
-0.1151556923076923
-0.21028430769230766
-0.2818393846153846
-0.31041969230769234
-0.3035353846153846
-0.2632726153846154
-0.18900553846153845
-0.09325107692307691
0.023990769230769232
0.1368516923076923
0.21821169230769227
0.2655673846153846
0.26160369230769226
0.22822523076923076
0.18629353846153843
0.12016246153846154
0.043392
-0.03713353846153846
-0.11098338461538461
-0.15479261538461536
-0.168144
-0.16042523076923076
-0.13935507692307691
-0.0974233846153846
-0.042348923076923076
0.026494153846153844
0.10681107692307691
0.1712732307692308
0.22572184615384616
0.25430215384615384
0.2503384615384615
0.23072861538461537
0.18212123076923076
0.11974523076923077
0.05674338461538461
-0.013560000000000001
-0.059038153846153844
-0.0771876923076923
-0.0798996923076923
-0.058412307692307694
-0.03379569230769231
0.0014603076923076922
0.05027630769230769
0.09930092307692308
0.1449876923076923
0.17002153846153847
0.18274707692307693
0.18170399999999998
0.16856123076923077
0.16000799999999998
0.13393107692307693
0.09408553846153846
0.04965046153846154
-0.0006258461538461538
-0.029832
-0.05716061538461538
-0.08469784615384615
-0.10681107692307691
-0.13309661538461537
-0.1341396923076923
-0.10764553846153846
-0.06821723076923077
-0.021904615384615383
0.014603076923076923
0.05090215384615384
0.08615815384615384
0.10389046153846154
0.10681107692307691
0.07885661538461539
0.02273907692307692
-0.04401784615384615
-0.10368184615384615
-0.143736
-0.17294215384615383
-0.18921415384615384
-0.18754523076923074
-0.16418030769230768
-0.11578153846153846
-0.059872615384615385
-0.007510153846153846
0.025659692307692307
0.02858030769230769
0.03755076923076923
0.04318338461538461
0.03838523076923077
0.022947692307692308
-0.016272
-0.0446436923076923
-0.059872615384615385
-0.06362769230769232
-0.06195876923076923
-0.07969107692307692
-0.08198584615384615
-0.06300184615384616
-0.03650769230769231
0.0012516923076923076
0.026702769230769228
0.042974769230769226
0.04756430769230769
0.03880246153846154
0.04860738461538461
0.05528307692307692
0.04672984615384615
0.031709538461538456
0.008970461538461538
0.005424
0.007510153846153846
0.007927384615384614
0.014811692307692307
0.013560000000000001
0.005215384615384615
-0.003755076923076923
-0.005841230769230769
-0.006675692307692307
-0.012308307692307691
-0.02273907692307692
-0.01856676923076923
0.006049846153846154
0.03713353846153846
0.061124307692307686
0.06884307692307692
0.06279323076923077
0.04902461538461538
0.04631261538461538
0.03692492307692308
0.009179076923076922
-0.032544
-0.08219446153846154
-0.10347323076923076
-0.09241661538461539
-0.06216738461538462
-0.027328615384615382
0.0025033846153846152
0.05382276923076923
0.11390399999999999
0.157296
0.17085599999999998
0.14686523076923075
0.09450276923076922
0.04902461538461538
0.011682461538461537
-0.02753723076923077
-0.0446436923076923
-0.08490646153846154
-0.065088
-0.02273907692307692
0.13935507692307691
0.31188
0.25242461538461536
0.27182584615384614
0.21633415384615384
0.19150892307692308
0.1881710769230769
-0.0070929230769230765
-0.13601723076923075
-0.34588430769230766
-0.38990215384615384
-0.314592
-0.3087507692307692
-0.2157083076923077
-0.22008923076923076
-0.08219446153846154
0.11807630769230769
0.26160369230769226
0.4282873846153846
0.3448412307692308
0.24574892307692306
0.14185846153846154
-0.029623384615384614
-0.09033046153846153
-0.2480436923076923
-0.3373310769230769
-0.3485963076923077
-0.4174393846153846
-0.2776670769230769
-0.12621230769230768
0.018358153846153843
0.19213476923076922
0.20986707692307693
0.2507556923076923
0.23656984615384613
0.200688
0.2154996923076923
0.10848000000000001
-0.011056615384615385
-0.12391753846153845
-0.18483323076923078
-0.146448
-0.17628
-0.206112
-0.22718215384615387
-0.23093723076923076
-0.11202646153846153
-0.031709538461538456
0.007301538461538462
0.02795446153846154
-0.005841230769230769
0.03629907692307692
0.06362769230769232
0.0446436923076923
0.05236246153846154
0.0006258461538461538
-0.0012516923076923076
0.04714707692307692
0.056951999999999996
0.07009476923076922
0.006675692307692307
-0.05820369230769231
-0.10889723076923077
-0.17586276923076924
-0.18754523076923074
-0.19630707692307692
-0.15374953846153847
-0.10076123076923077
-0.06028984615384615
0.06383630769230769
0.15562707692307692
0.2330233846153846
0.2999889230769231
0.2795446153846154
0.2682793846153846
0.21237046153846154
0.13622584615384614
0.06487938461538462
-0.06633969230769231
-0.1316363076923077
-0.15270646153846154
-0.15166338461538462
-0.11599015384615384
-0.09825784615384614
-0.02524246153846154
0.08594953846153845
0.19505538461538463
0.28434276923076923
0.31855569230769226
0.3600701538461538
0.3780110769230769
0.32836061538461536
0.2647329230769231
0.14978584615384616
0.030875076923076922
-0.044435076923076924
-0.11828492307692307
-0.11390399999999999
-0.07134646153846153
-0.014603076923076923
0.08135999999999999
0.1422756923076923
0.20944984615384615
0.2670276923076923
0.2799618461538461
0.26869661538461537
0.20110523076923076
0.11327815384615383
0.014603076923076923
-0.0771876923076923
-0.1136953846153846
-0.14436184615384615
-0.14999446153846155
-0.14540492307692307
-0.13434830769230768
-0.065088
-0.009596307692307692
0.04380923076923077
0.08156861538461539
0.07781353846153846
0.09763200000000001
0.11327815384615383
0.09825784615384614
0.05319692307692307
-0.021070153846153846
-0.05799507692307692
-0.04109723076923077
-0.018983999999999997
0.0025033846153846152
-0.0016689230769230767
-0.006884307692307692
0.010013538461538461
0.02482523076923077
0.04380923076923077
0.03650769230769231
0.015854769230769228
-0.01272553846153846
-0.05528307692307692
-0.06738276923076922
-0.07364123076923076
-0.06258461538461538
-0.024408000000000003
-0.013142769230769229
0.012934153846153845
0.05048492307692308
0.08949599999999999
0.14477907692307693
0.13935507692307691
0.10514215384615383
0.0798996923076923
0.04672984615384615
0.027120000000000002
-0.009804923076923077
-0.054240000000000003
-0.08699261538461538
-0.11432123076923076
-0.0988836923076923
-0.07656184615384615
-0.05653476923076922
-0.03337846153846154
-0.016480615384615385
0.02545107692307692
0.05590892307692308
0.0717636923076923
0.06613107692307692
0.04193169230769231
0.035464615384615386
0.021278769230769233
0.004172307692307692
-0.0018775384615384615
-0.006884307692307692
-0.009596307692307692
-0.02211323076923077
-0.028371692307692306
-0.01043076923076923
0.005841230769230769
0.014394461538461538
0.006467076923076923
-0.008761846153846153
-0.024199384615384616
-0.04172307692307692
-0.03901107692307692
-0.030040615384615384
-0.02315630769230769
-0.005841230769230769
0.027120000000000002
0.07593599999999999
0.10764553846153846
0.11014892307692307
0.11557292307692307
0.11160923076923077
0.09304246153846155
0.06592246153846154
0.015854769230769228
-0.02795446153846154
-0.053614153846153846
-0.06341907692307691
-0.05611753846153846
-0.04109723076923077
-0.0014603076923076922
0.05507446153846154
0.11223507692307692
0.16438892307692307
0.19609846153846153
0.20444307692307692
0.18900553846153845
0.14185846153846154
0.07614461538461538
-0.003755076923076923
-0.0934596923076923
-0.18066092307692305
-0.24700061538461537
-0.2699483076923077
-0.26911384615384615
-0.24616615384615384
-0.18107815384615383
-0.08761846153846153
0.01397723076923077
0.09971815384615385
0.15813046153846153
0.18629353846153843
0.1777403076923077
0.13664307692307692
0.07906523076923076
0.019609846153846155
-0.05069353846153846
-0.11891076923076922
-0.16710092307692306
-0.1760713846153846
-0.1397723076923077
-0.07510153846153846
0.006258461538461538
0.07551876923076924
0.13914646153846155
0.19547261538461536
0.2303113846153846
0.23803015384615384
0.21049292307692305
0.15520984615384617
0.0826116923076923
0.027328615384615382
0.0004172307692307692
-0.02023569230769231
-0.04568676923076923
-0.06383630769230769
-0.05570030769230769
-0.03421292307692308
-0.01981846153846154
-0.014603076923076923
-0.017732307692307693
-0.028788923076923077
-0.03713353846153846
-0.035255999999999996
-0.03629907692307692
-0.04380923076923077
-0.04526953846153846
-0.034630153846153845
-0.01814953846153846
0.003129230769230769
0.01397723076923077
0.011265230769230769
-0.002086153846153846
-0.018358153846153843
-0.033169846153846154
-0.05611753846153846
-0.07551876923076924
-0.103056
-0.12204
-0.10889723076923077
-0.07113784615384615
-0.010848
0.04318338461538461
0.08240307692307691
0.11140061538461538
0.1287156923076923
0.1356
0.11703323076923078
0.07051199999999999
0.0022947692307692304
-0.065088
-0.10660246153846153
-0.1353913846153846
-0.15646153846153846
-0.16271999999999998
-0.1489513846153846
-0.10409907692307692
-0.045895384615384616
0.01814953846153846
0.07948246153846153
0.11306953846153844
0.12370892307692308
0.12204
0.11140061538461538
0.08615815384615384
0.03150092307692308
-0.042348923076923076
-0.10076123076923077
-0.130176
-0.130176
-0.10806276923076923
-0.08198584615384615
-0.04652123076923077
-0.008970461538461538
0.02858030769230769
0.059038153846153844
0.06404492307692307
0.0448523076923077
-0.0025033846153846152
-0.051319384615384614
-0.0855323076923077
-0.10806276923076923
-0.12955015384615384
-0.15103753846153847
-0.15604430769230768
-0.14269292307692305
-0.10722830769230769
-0.06863446153846153
-0.044435076923076924
-0.042974769230769226
-0.04672984615384615
-0.03838523076923077
-0.025033846153846153
-0.005632615384615384
0.0018775384615384615
0.0043809230769230765
0.017940923076923077
0.027120000000000002
0.03609046153846154
0.03650769230769231
0.014394461538461538
-0.002712
-0.0006258461538461538
0.013142769230769229
0.042557538461538466
0.06195876923076923
0.08135999999999999
0.11244369230769231
0.14811692307692306
0.19588984615384614
0.22676492307692306
0.2411593846153846
0.22634769230769228
0.1948467692307692
0.1693956923076923
0.1356
0.09533723076923077
0.03984553846153846
-0.01397723076923077
-0.051528
-0.07113784615384615
-0.06884307692307692
-0.049233230769230765
-0.02545107692307692
0.013560000000000001
0.06967753846153846
0.12204
0.16251138461538459
0.16584923076923075
0.1489513846153846
0.116616
0.07134646153846153
0.028371692307692306
-0.03024923076923077
-0.09554584615384615
-0.154584
-0.18128676923076922
-0.15917353846153848
-0.0988836923076923
-0.011473846153846154
0.07927384615384615
0.15750461538461538
0.21925476923076925
0.2572227692307692
0.2628553846153846
0.23010276923076922
0.15750461538461538
0.06717415384615384
-0.017523692307692306
-0.08490646153846154
-0.12913292307692306
-0.15103753846153847
-0.15249784615384615
-0.13789476923076924
-0.10931446153846153
-0.07468430769230769
-0.051528
-0.03629907692307692
-0.024408000000000003
-0.006049846153846154
0.02586830769230769
0.05236246153846154
0.07802215384615384
0.09241661538461539
0.09825784615384614
0.10013538461538461
0.08866153846153846
0.07426707692307692
0.03567323076923076
-0.021278769230769233
-0.06863446153846153
-0.0974233846153846
-0.10722830769230769
-0.09700615384615385
-0.06759138461538462
-0.022530461538461537
0.03609046153846154
0.10222153846153846
0.16480615384615382
0.20798953846153845
0.21925476923076925
0.19317784615384614
0.14060676923076923
0.07134646153846153
-0.0004172307692307692
-0.06988615384615385
-0.13372246153846154
-0.17398523076923075
-0.184416
-0.1597993846153846
-0.11327815384615383
-0.06008123076923077
0.0
0.05590892307692308
0.10138707692307691
0.12558646153846154
0.12496061538461539
0.10910584615384614
0.08031692307692308
0.03650769230769231
-0.006675692307692307
-0.03838523076923077
-0.06425353846153846
-0.07551876923076924
-0.056951999999999996
-0.008136
0.04839876923076923
0.09533723076923077
0.13267938461538462
0.14978584615384616
0.1424843076923077
0.12350030769230769
0.08574092307692306
0.03379569230769231
-0.028788923076923077
-0.09241661538461539
-0.12537784615384615
-0.14728246153846153
-0.16230276923076925
-0.1666836923076923
-0.18650215384615382
-0.1913003076923077
-0.138312
-0.04985907692307692
0.06696553846153847
0.20047938461538461
0.29498215384615384
0.38301784615384615
0.42599261538461536
0.4128498461538462
0.3617390769230769
0.22989415384615383
0.08156861538461539
-0.06028984615384615
-0.15270646153846154
-0.2591003076923077
-0.3319070769230769
-0.33065538461538463
-0.30895938461538464
-0.16876984615384616
-0.008970461538461538
0.15813046153846153
0.3131316923076923
0.41723076923076924
0.5173661538461538
0.5263366153846154
0.4687587692307692
0.34296369230769225
0.16334584615384617
-0.009596307692307692
-0.18170399999999998
-0.2870547692307692
-0.3508910769230769
-0.3473446153846154
-0.26494153846153845
-0.15667015384615385
0.002712
0.13518276923076925
0.23364923076923078
0.3060387692307692
0.29185292307692307
0.25242461538461536
0.18316430769230768
0.09596307692307693
0.04672984615384615
-0.019609846153846155
-0.0853236923076923
-0.13789476923076924
-0.17982646153846152
-0.1910916923076923
-0.20673784615384616
-0.21842030769230766
-0.21508246153846153
-0.1777403076923077
-0.09867507692307692
-0.03045784615384615
0.03379569230769231
0.08428061538461538
0.11452984615384615
0.1666836923076923
0.1948467692307692
0.19067446153846154
0.17440246153846153
0.12266584615384615
0.07739630769230768
0.038176615384615385
-0.03775938461538462
-0.12537784615384615
-0.22697353846153845
-0.3229366153846154
-0.3669544615384615
-0.38072307692307694
-0.3506824615384615
-0.27620676923076926
-0.1706473846153846
-0.04109723076923077
0.08115138461538463
0.19067446153846154
0.25284184615384614
0.27474646153846155
0.24637476923076923
0.1585476923076923
0.07405846153846153
-0.011265230769230769
-0.09158215384615384
-0.15082892307692305
-0.20193969230769232
-0.20673784615384616
-0.1710646153846154
-0.11432123076923076
-0.02545107692307692
0.05590892307692308
0.14123261538461537
0.22676492307692306
0.30144923076923075
0.3402516923076923
0.3095852307692307
0.25513661538461535
0.16647507692307692
0.07343261538461537
-0.017940923076923077
-0.11432123076923076
-0.15687876923076924
-0.17273353846153844
-0.16584923076923075
-0.12224861538461537
-0.07218092307692307
-0.01668923076923077
0.03567323076923076
0.05924676923076923
0.06821723076923077
0.073224
0.06070707692307692
0.04902461538461538
0.030875076923076922
0.009596307692307692
0.009596307692307692
0.01272553846153846
0.014394461538461538
0.007301538461538462
-0.011056615384615385
-0.03942830769230769
-0.065088
-0.07593599999999999
-0.08720123076923077
-0.09387692307692307
-0.09596307692307693
-0.0892873846153846
-0.05590892307692308
-0.009596307692307692
0.046104
0.10222153846153846
0.13184492307692308
0.146448
0.1558356923076923
0.13601723076923075
0.08887015384615385
0.012099692307692308
-0.0717636923076923
-0.13998092307692306
-0.20027076923076922
-0.24491446153846153
-0.27412061538461535
-0.27328615384615385
-0.2438713846153846
-0.17544553846153846
-0.0826116923076923
-0.002086153846153846
0.07384984615384615
0.130176
0.15354092307692307
0.15249784615384615
0.11953661538461538
0.06571384615384615
0.010848
-0.045060923076923075
-0.08115138461538463
-0.09304246153846155
-0.0880356923076923
-0.05862092307692307
-0.01668923076923077
0.02899753846153846
0.0897046153846154
0.14999446153846155
0.1923433846153846
0.21070153846153844
0.1942209230769231
0.15562707692307692
0.09971815384615385
0.03901107692307692
-0.021487384615384613
-0.07781353846153846
-0.11286092307692308
-0.124752
-0.10117846153846152
-0.06863446153846153
-0.027328615384615382
0.02524246153846154
0.06905169230769231
0.12141415384615384
0.16418030769230768
0.18149538461538461
0.1783661538461538
0.15374953846153847
0.1136953846153846
0.0744756923076923
0.042557538461538466
0.009596307692307692
-0.017940923076923077
-0.04109723076923077
-0.04693846153846153
-0.030875076923076922
-0.010013538461538461
0.009179076923076922
0.024199384615384616
0.03045784615384615
0.026911384615384615
0.030875076923076922
0.03275261538461539
0.03775938461538462
0.03880246153846154
0.03275261538461539
0.04130584615384615
0.04985907692307692
0.04672984615384615
0.03275261538461539
0.011056615384615385
-0.02044430769230769
-0.05069353846153846
-0.07384984615384615
-0.100344
-0.1287156923076923
-0.14811692307692306
-0.16021661538461537
-0.15813046153846153
-0.14853415384615384
-0.14311015384615386
-0.12496061538461539
-0.10201292307692307
-0.06550523076923077
-0.016272
0.02586830769230769
0.06049846153846154
0.07635323076923077
0.07551876923076924
0.06571384615384615
0.04088861538461538
0.005841230769230769
-0.03984553846153846
-0.08636676923076922
-0.11411261538461538
-0.11599015384615384
-0.08720123076923077
-0.042348923076923076
0.012516923076923077
0.07969107692307692
0.14957723076923077
0.21883753846153844
0.2674449230769231
0.26932246153846157
0.23448369230769228
0.15938215384615384
0.06070707692307692
-0.040679999999999994
-0.14686523076923075
-0.2290596923076923
-0.2799618461538461
-0.2872633846153846
-0.24345415384615382
-0.16105107692307694
-0.055491692307692304
0.047981538461538464
0.14164984615384615
0.2238443076923077
0.28017046153846153
0.3062473846153846
0.28893230769230765
0.23093723076923076
0.14874276923076923
0.05382276923076923
-0.021070153846153846
-0.07572738461538461
-0.11411261538461538
-0.13101046153846155
-0.12204
-0.08177723076923075
-0.022947692307692308
0.03212676923076923
0.07885661538461539
0.11327815384615383
0.12955015384615384
0.14206707692307693
0.13998092307692306
0.12308307692307692
0.09763200000000001
0.06049846153846154
0.034630153846153845
0.02545107692307692
0.02586830769230769
0.020652923076923076
0.008136
-0.005424
-0.019192615384615384
-0.025659692307692307
-0.03400430769230769
-0.03775938461538462
-0.030875076923076922
-0.016272
0.008344615384615384
0.0448523076923077
0.08887015384615385
0.12350030769230769
0.15416676923076922
0.17461107692307692
0.17982646153846152
0.16856123076923077
0.12621230769230768
0.06654830769230768
0.007301538461538462
-0.03838523076923077
-0.054240000000000003
-0.04401784615384615
-0.011473846153846154
0.03901107692307692
0.09179076923076923
0.14603076923076924
0.19609846153846153
0.23052
0.23239753846153846
0.19526400000000002
0.13080184615384613
0.04819015384615385
-0.03692492307692308
-0.11348676923076922
-0.17273353846153844
-0.19672430769230767
-0.1829556923076923
-0.13267938461538462
-0.056951999999999996
0.009179076923076922
0.05611753846153846
0.09512861538461538
0.12266584615384615
0.12454338461538461
0.10555938461538462
0.07072061538461538
0.023782153846153845
-0.02086153846153846
-0.06279323076923077
-0.07843938461538462
-0.07823076923076923
-0.08073415384615384
-0.06216738461538462
-0.025659692307692307
0.021070153846153846
0.06362769230769232
0.08052553846153847
0.08490646153846154
0.07197230769230768
0.029414769230769227
-0.020652923076923076
-0.07802215384615384
-0.13789476923076924
-0.1873366153846154
-0.21612553846153845
-0.19588984615384614
-0.13664307692307692
-0.05590892307692308
0.03108369230769231
0.10263876923076923
0.16188553846153847
0.1940123076923077
0.1990190769230769
0.1760713846153846
0.11223507692307692
0.03421292307692308
-0.04047138461538462
-0.1028473846153846
-0.1424843076923077
-0.17148184615384612
-0.17628
-0.13935507692307691
-0.08302892307692307
-0.003755076923076923
0.07468430769230769
0.1316363076923077
0.1883796923076923
0.22175815384615383
0.23490092307692306
0.22634769230769228
0.19568123076923075
0.15374953846153847
0.08428061538461538
0.012308307692307691
-0.053614153846153846
-0.11140061538461538
-0.1597993846153846
-0.20486030769230767
-0.22530461538461538
-0.21529107692307692
-0.1792006153846154
-0.12579507692307693
-0.06362769230769232
-0.005841230769230769
0.04380923076923077
0.08115138461538463
0.11327815384615383
0.1287156923076923
0.10096984615384616
0.05403138461538461
-0.0029206153846153843
-0.06529661538461538
-0.12391753846153845
-0.184416
-0.23636123076923077
-0.25951753846153847
-0.25117292307692307
-0.20527753846153846
-0.1314276923076923
-0.0446436923076923
0.05090215384615384
0.14269292307692305
0.22572184615384616
0.2814221538461538
0.30416123076923074
0.2845513846153846
0.22488738461538463
0.13914646153846155
0.02899753846153846
-0.07656184615384615
-0.17169046153846151
-0.2559710769230769
-0.3095852307692307
-0.327108923076923
-0.30416123076923074
-0.2371956923076923
-0.14457046153846154
-0.03671630769230769
0.06133292307692308
0.14728246153846153
0.21341353846153846
0.2399076923076923
0.23072861538461537
0.17544553846153846
0.10159569230769232
0.02545107692307692
-0.045895384615384616
-0.09909230769230769
-0.14749107692307692
-0.1794092307692308
-0.18149538461538461
-0.154584
-0.1028473846153846
-0.042348923076923076
0.015854769230769228
0.07051199999999999
0.11557292307692307
0.15228923076923076
0.17711446153846155
0.18107815384615383
0.1652233846153846
0.1368516923076923
0.10222153846153846
0.06738276923076922
0.026911384615384615
-0.018983999999999997
-0.056951999999999996
-0.08574092307692306
-0.08887015384615385
-0.0771876923076923
-0.04652123076923077
-0.006675692307692307
0.024199384615384616
0.05382276923076923
0.09012184615384615
0.11724184615384614
0.12245723076923076
0.1028473846153846
0.03212676923076923
-0.031918153846153846
-0.08428061538461538
-0.10076123076923077
-0.0961716923076923
-0.0961716923076923
-0.078648
-0.034630153846153845
0.03650769230769231
0.16793538461538463
0.3571495384615384
0.30895938461538464
0.22530461538461538
0.16105107692307694
0.046104
0.10138707692307691
-0.05653476923076922
-0.2776670769230769
-0.45332123076923075
-0.5837058461538461
-0.431208
-0.3392086153846154
-0.20673784615384616
-0.14081538461538462
-0.07009476923076922
0.21091015384615383
0.3707095384615384
0.5540824615384615
0.5052664615384616
0.2997803076923077
0.21111876923076925
0.006049846153846154
-0.05403138461538461
-0.16209415384615386
-0.3573581538461538
-0.3571495384615384
-0.458328
-0.3949089230769231
-0.19317784615384614
-0.09909230769230769
0.14144123076923076
0.24637476923076923
0.3012406153846154
0.42015138461538465
0.42077723076923074
0.4950443076923077
0.4476886153846154
0.28392553846153845
0.14290153846153844
-0.03880246153846154
-0.07405846153846153
-0.12454338461538461
-0.2357353846153846
-0.29748553846153847
-0.38280923076923074
-0.29227015384615385
-0.14999446153846155
-0.08845292307692308
0.02273907692307692
0.06383630769230769
0.16167692307692308
0.31855569230769226
0.3588184615384616
0.4030449230769231
0.35631507692307696
0.25200738461538463
0.21111876923076925
0.10096984615384616
-0.017315076923076923
-0.15187199999999998
-0.3062473846153846
-0.39636923076923075
-0.4616658461538461
-0.45791076923076923
-0.409512
-0.2914356923076923
-0.11557292307692307
0.02086153846153846
0.2154996923076923
0.38301784615384615
0.4816929230769231
0.5661821538461538
0.5023458461538461
0.3909452307692307
0.25972615384615383
0.05820369230769231
-0.0974233846153846
-0.279336
-0.42077723076923074
-0.4539470769230769
-0.458328
-0.3721698461538462
-0.27140861538461536
-0.14832553846153845
0.05674338461538461
0.23677846153846152
0.3750904615384615
0.4159790769230769
0.40659138461538463
0.4128498461538462
0.3377483076923077
0.2369870769230769
0.078648
-0.1205796923076923
-0.21716861538461538
-0.3008233846153846
-0.3235624615384615
-0.2670276923076923
-0.2275993846153846
-0.11223507692307692
0.009804923076923077
0.11306953846153844
0.24866953846153847
0.31646953846153847
0.3558978461538462
0.355272
0.29748553846153847
0.2288510769230769
0.12496061538461539
0.04902461538461538
-0.026285538461538457
-0.09325107692307691
-0.12308307692307692
-0.1712732307692308
-0.15562707692307692
-0.12704676923076924
-0.10493353846153847
-0.03483876923076923
-0.010639384615384617
0.040679999999999994
0.124752
0.1656406153846154
0.20798953846153845
0.19359507692307693
0.15333230769230768
0.154584
0.13768615384615385
0.10952307692307692
0.05173661538461538
-0.019609846153846155
-0.05403138461538461
-0.09095630769230768
-0.10889723076923077
-0.12350030769230769
-0.13622584615384614
-0.11578153846153846
-0.10493353846153847
-0.059872615384615385
0.004172307692307692
0.061750153846153844
0.15291507692307693
0.19359507692307693
0.19442953846153843
0.18170399999999998
0.119328
0.08323753846153846
0.02044430769230769
-0.10222153846153846
-0.21195323076923075
-0.3054129230769231
-0.3275261538461538
-0.28413415384615387
-0.22551323076923077
-0.15667015384615385
-0.09763200000000001
-0.011056615384615385
0.08720123076923077
0.16042523076923076
0.2138307692307692
0.19985353846153847
0.1570873846153846
0.100344
0.021487384615384613
-0.035464615384615386
-0.09575446153846154
-0.132888
-0.14707384615384617
-0.1597993846153846
-0.11286092307692308
-0.02899753846153846
0.06425353846153846
0.14185846153846154
0.1775316923076923
0.20673784615384616
0.23010276923076922
0.2371956923076923
0.20110523076923076
0.11348676923076922
0.006258461538461538
-0.08636676923076922
-0.13267938461538462
-0.14123261538461537
-0.1424843076923077
-0.13622584615384614
-0.10347323076923076
-0.03692492307692308
0.04819015384615385
0.09533723076923077
0.10493353846153847
0.09033046153846153
0.04860738461538461
0.026076923076923077
0.002086153846153846
-0.026494153846153844
-0.037967999999999995
-0.045060923076923075
-0.02858030769230769
0.016063384615384615
0.07009476923076922
0.11160923076923077
0.12120553846153845
0.09825784615384614
0.059664
0.016897846153846156
-0.019192615384615384
-0.061124307692307686
-0.1028473846153846
-0.13998092307692306
-0.16480615384615382
-0.14686523076923075
-0.11286092307692308
-0.06070707692307692
-0.012934153846153845
0.011265230769230769
0.04902461538461538
0.09137353846153846
0.124752
0.12537784615384615
0.07092923076923077
-0.00855323076923077
-0.07802215384615384
-0.13643446153846153
-0.1779489230769231
-0.21028430769230766
-0.2330233846153846
-0.22342707692307692
-0.17648861538461538
-0.09930092307692308
-0.019192615384615384
0.05403138461538461
0.11327815384615383
0.14707384615384617
0.17252492307692308
0.1783661538461538
0.15813046153846153
0.12391753846153845
0.07802215384615384
0.04631261538461538
0.023990769230769232
0.008344615384615384
0.006884307692307692
0.010222153846153844
0.023364923076923075
0.03212676923076923
0.04693846153846153
0.0678
0.07343261538461537
0.07197230769230768
0.06467076923076923
0.07364123076923076
0.0855323076923077
0.08094276923076923
0.07113784615384615
0.04380923076923077
0.01710646153846154
-0.004798153846153846
-0.03692492307692308
-0.07843938461538462
-0.12996738461538462
-0.1696043076923077
-0.16981292307692308
-0.14415323076923076
-0.10868861538461538
-0.06905169230769231
-0.02899753846153846
0.02482523076923077
0.08490646153846154
0.13226215384615383
0.1558356923076923
0.15416676923076922
0.12767261538461538
0.09179076923076923
0.054240000000000003
0.014603076923076923
-0.012308307692307691
-0.04109723076923077
-0.07280676923076923
-0.09387692307692307
-0.09596307692307693
-0.07697907692307693
-0.05757784615384615
-0.029206153846153847
0.01043076923076923
0.051528
0.09450276923076922
0.12224861538461537
0.12808984615384614
0.11077476923076923
0.07739630769230768
0.03671630769230769
0.0006258461538461538
-0.028163076923076923
-0.05507446153846154
-0.07009476923076922
-0.07113784615384615
-0.047772923076923074
-0.01043076923076923
0.02211323076923077
0.05194523076923077
0.07051199999999999
0.07802215384615384
0.08031692307692308
0.07259815384615384
0.052153846153846155
0.02899753846153846
0.009596307692307692
-0.008970461538461538
-0.019609846153846155
-0.026285538461538457
-0.03775938461538462
-0.041514461538461535
-0.03984553846153846
-0.03045784615384615
-0.011473846153846154
0.0
0.004798153846153846
0.004589538461538461
0.0002086153846153846
-0.0043809230769230765
-0.012516923076923077
-0.03108369230769231
-0.04318338461538461
-0.049233230769230765
-0.05236246153846154
-0.04172307692307692
-0.03379569230769231
-0.031918153846153846
-0.03859384615384615
-0.04193169230769231
-0.03567323076923076
-0.021904615384615383
0.006675692307692307
0.04214030769230769
0.07092923076923077
0.0974233846153846
0.12120553846153845
0.14102399999999998
0.15208061538461537
0.14018953846153845
0.12433476923076923
0.09199938461538461
0.05507446153846154
0.02586830769230769
-0.00855323076923077
-0.03045784615384615
-0.052571076923076915
-0.06028984615384615
-0.054240000000000003
-0.044435076923076924
-0.02753723076923077
-0.003963692307692307
0.026911384615384615
0.05757784615384615
0.09283384615384616
0.11348676923076922
0.11703323076923078
0.09825784615384614
0.06654830769230768
0.03066646153846154
-0.013768615384615384
-0.05674338461538461
-0.10117846153846152
-0.1314276923076923
-0.14665661538461539
-0.13789476923076924
-0.11223507692307692
-0.08073415384615384
-0.031709538461538456
0.026702769230769228
0.09408553846153846
0.1543753846153846
0.19150892307692308
0.19839323076923077
0.1792006153846154
0.1489513846153846
0.10576799999999999
0.04819015384615385
-0.017940923076923077
-0.07468430769230769
-0.11452984615384615
-0.12808984615384614
-0.10952307692307692
-0.06341907692307691
0.003755076923076923
0.0853236923076923
0.17377661538461536
0.2415766153846154
0.290184
0.29498215384615384
0.25054707692307693
0.17982646153846152
0.07656184615384615
-0.026285538461538457
-0.12245723076923076
-0.1992276923076923
-0.24679199999999998
-0.2680707692307692
-0.2424110769230769
-0.18253846153846154
-0.10243015384615384
-0.011056615384615385
0.06926030769230769
0.13038461538461538
0.16292861538461537
0.15792184615384616
0.12516923076923075
0.06487938461538462
-0.0050067692307692304
-0.06592246153846154
-0.12496061538461539
-0.16730953846153845
-0.18775384615384613
-0.1800350769230769
-0.12850707692307692
-0.05298830769230769
0.02899753846153846
0.10117846153846152
0.14290153846153844
0.14811692307692306
0.12662953846153846
0.0771876923076923
0.007301538461538462
-0.06362769230769232
-0.1314276923076923
-0.17419384615384614
-0.18858830769230767
-0.1704387692307692
-0.12350030769230769
-0.07197230769230768
-0.006258461538461538
0.0609156923076923
0.12683815384615382
0.18399876923076922
0.22029784615384615
0.23093723076923076
0.20235692307692305
0.16042523076923076
0.11035753846153845
0.06049846153846154
0.007927384615384614
-0.046104
-0.073224
-0.06633969230769231
-0.03233538461538461
0.02524246153846154
0.05945538461538461
0.06821723076923077
0.05716061538461538
0.011056615384615385
-0.03379569230769231
-0.12767261538461538
-0.2059033846153846
-0.2482523076923077
-0.21821169230769227
-0.09930092307692308
0.12996738461538462
0.37550769230769226
0.48357046153846156
0.6550523076923076
0.7201403076923076
0.7416276923076923
0.703451076923077
0.4514436923076923
0.17502830769230768
-0.22467876923076924
-0.5298830769230769
-0.787523076923077
-1.0286824615384615
-1.1133803076923077
-1.1467587692307692
-0.9199938461538462
-0.5574203076923077
-0.09596307692307693
0.4349630769230769
0.8062984615384615
1.1350763076923076
1.2998824615384617
1.2863224615384614
1.153643076923077
0.7758406153846154
0.33524492307692305
-0.15479261538461536
-0.6713243076923077
-0.9698529230769231
-1.1680375384615385
-1.2043366153846153
-1.0691538461538461
-0.8755587692307691
-0.513611076923077
-0.12245723076923076
0.2997803076923077
0.7076233846153847
0.9625513846153846
1.1221421538461538
1.1323643076923076
1.0276393846153846
0.8192326153846154
0.4405956923076923
0.015646153846153844
-0.4287046153846154
-0.807132923076923
-1.0082381538461538
-1.1311126153846154
-1.121724923076923
-0.998016
-0.7981624615384615
-0.4746
-0.13726892307692307
0.19192615384615386
0.5121507692307692
0.7526843076923077
0.9542067692307693
1.090849846153846
1.102115076923077
0.9950953846153846
0.7464258461538461
0.41952553846153845
0.05799507692307692
-0.3116713846153846
-0.6458732307692308
-0.9343883076923076
-1.1075390769230768
-1.1690806153846154
-1.0779156923076922
-0.7954504615384616
-0.4337113846153846
-0.0043809230769230765
0.43579753846153846
0.8127655384615385
1.1286092307692306
1.3017599999999998
1.313233846153846
1.155312
0.8327926153846154
0.43934399999999996
-0.0022947692307692304
-0.45916246153846146
-0.8801483076923076
-1.218313846153846
-1.3925076923076922
-1.381451076923077
-1.1807630769230768
-0.8315409230769231
-0.3903193846153846
0.12245723076923076
0.6243858461538462
1.0530904615384615
1.3697686153846154
1.4728246153846152
1.3829113846153847
1.1248541538461538
0.7147163076923077
0.27599815384615384
-0.1779489230769231
-0.5953883076923077
-0.9135267692307691
-1.1281919999999999
-1.1772166153846153
-1.0578886153846152
-0.8100535384615385
-0.4789809230769231
-0.11494707692307692
0.25346769230769234
0.5799507692307692
0.8446836923076922
1.017
1.0449544615384614
0.9456535384615384
0.7238953846153846
0.4320424615384615
0.13059323076923077
-0.19213476923076922
-0.46896738461538456
-0.6740363076923077
-0.810888
-0.8261169230769231
-0.743088
-0.599352
-0.41973415384615387
-0.22008923076923076
0.005215384615384615
0.23761292307692305
0.4360061538461539
0.5743181538461538
0.6423267692307693
0.6448301538461538
0.6012295384615385
0.5186178461538461
0.4024190769230769
0.22655630769230767
0.019609846153846155
-0.20277415384615383
-0.41910830769230767
-0.5693113846153846
-0.6900996923076923
-0.7349519999999999
-0.6974012307692307
-0.6097827692307692
-0.42328061538461537
-0.18066092307692305
0.09053907692307692
0.36549415384615386
0.5780732307692308
0.7286935384615385
0.807132923076923
0.7843938461538461
0.6636055384615385
0.44622830769230765
0.17273353846153844
-0.124752
-0.40513107692307687
-0.6162498461538461
-0.7656184615384615
-0.8221532307692307
-0.7852283076923077
-0.671532923076923
-0.471888
-0.23823876923076923
0.010013538461538461
0.24762646153846155
0.4326683076923077
0.5709803076923077
0.6331476923076923
0.6037329230769231
0.5063095384615385
0.3513083076923077
0.16584923076923075
-0.020027076923076922
-0.19317784615384614
-0.33023815384615385
-0.42307199999999995
-0.4789809230769231
-0.4798153846153846
-0.427452923076923
-0.3375396923076923
-0.21654276923076923
-0.07197230769230768
0.07843938461538462
0.2154996923076923
0.33962584615384617
0.42724430769230765
0.4683415384615384
0.46583815384615385
0.41556184615384617
0.34880492307692307
0.2572227692307692
0.13372246153846154
0.014185846153846153
-0.10889723076923077
-0.21153599999999997
-0.2659846153846154
-0.2981113846153846
-0.30019753846153846
-0.273912
-0.20632061538461538
-0.0880356923076923
0.05674338461538461
0.21132738461538458
0.3483876923076923
0.44998338461538456
0.5079784615384615
0.5077698461538461
0.4466455384615384
0.3229366153846154
0.14790830769230767
-0.040262769230769234
-0.22029784615384615
-0.360696
-0.46291753846153844
-0.5257107692307692
-0.514236923076923
-0.44977476923076926
-0.32731753846153844
-0.15959076923076923
0.004172307692307692
0.15833907692307692
0.28809784615384615
0.385104
0.4368406153846153
0.42035999999999996
0.34338092307692303
0.21967199999999998
0.07009476923076922
-0.07697907692307693
-0.1977673846153846
-0.2757895384615385
-0.32001599999999997
-0.328152
-0.27182584615384614
-0.1710646153846154
-0.035464615384615386
0.10764553846153846
0.22551323076923077
0.3241883076923077
0.3648683076923077
0.3669544615384615
0.34338092307692303
0.2716172307692308
0.18170399999999998
0.07468430769230769
-0.016480615384615385
-0.08094276923076923
-0.12808984615384614
-0.14561353846153846
-0.15354092307692307
-0.13789476923076924
-0.11452984615384615
-0.09116492307692307
-0.06967753846153846
-0.06654830769230768
-0.06133292307692308
-0.05862092307692307
-0.05382276923076923
-0.03609046153846154
-0.015437538461538461
-0.004172307692307692
0.010848
0.02795446153846154
0.03567323076923076
0.021487384615384613
-0.019609846153846155
-0.062376
-0.10013538461538461
-0.13101046153846155
-0.15145476923076923
-0.15270646153846154
-0.13706030769230768
-0.11411261538461538
-0.07927384615384615
-0.03358707692307692
0.015437538461538461
0.04944184615384615
0.06884307692307692
0.08574092307692306
0.09763200000000001
0.10472492307692308
0.09825784615384614
0.07948246153846153
0.05674338461538461
0.03379569230769231
0.021278769230769233
0.009596307692307692
-0.0016689230769230767
-0.014811692307692307
-0.02858030769230769
-0.02044430769230769
-0.004172307692307692
0.0077187692307692304
0.005841230769230769
-0.015854769230769228
-0.034630153846153845
-0.053614153846153846
-0.06571384615384615
-0.06133292307692308
-0.06487938461538462
-0.07218092307692307
-0.06300184615384616
-0.03129230769230769
0.015854769230769228
0.056951999999999996
0.084072
0.0897046153846154
0.08156861538461539
0.07092923076923077
0.04380923076923077
0.005215384615384615
-0.049233230769230765
-0.10764553846153846
-0.14144123076923076
-0.1612596923076923
-0.15667015384615385
-0.127464
-0.09158215384615384
-0.028163076923076923
0.05048492307692308
0.13643446153846153
0.2236356923076923
0.27704123076923076
0.30019753846153846
0.29602523076923076
0.2695310769230769
0.22780799999999998
0.16856123076923077
0.09241661538461539
0.009179076923076922
-0.06133292307692308
-0.10535076923076922
-0.11599015384615384
-0.1028473846153846
-0.07051199999999999
-0.016063384615384615
0.06759138461538462
0.17148184615384612
0.2737033846153846
0.35568923076923076
0.39741230769230773
0.39261415384615383
0.3571495384615384
0.29581661538461534
0.20444307692307692
0.08907876923076924
-0.04276615384615385
-0.15604430769230768
-0.23406646153846156
-0.2772498461538462
-0.2782929230769231
-0.25513661538461535
-0.21153599999999997
-0.13726892307692307
-0.04109723076923077
0.07092923076923077
0.1800350769230769
0.26452430769230767
0.3160523076923077
0.32877784615384614
0.3127144615384615
0.27182584615384614
0.19964492307692308
0.10764553846153846
0.0033378461538461535
-0.08782707692307692
-0.1489513846153846
-0.18921415384615384
-0.19985353846153847
-0.19046584615384615
-0.16105107692307694
-0.10597661538461538
-0.03024923076923077
0.05570030769230769
0.12433476923076923
0.16730953846153845
0.18775384615384613
0.18545907692307692
0.15917353846153848
0.10618523076923077
0.037967999999999995
-0.03400430769230769
-0.09930092307692308
-0.14582215384615385
-0.16584923076923075
-0.16188553846153847
-0.1449876923076923
-0.1218313846153846
-0.10076123076923077
-0.06905169230769231
-0.03921969230769231
-0.025033846153846153
-0.024616615384615383
-0.035255999999999996
-0.030040615384615384
-0.017315076923076923
-0.0014603076923076922
0.0043809230769230765
0.002712
0.0022947692307692304
0.0025033846153846152
0.010639384615384617
0.003963692307692307
-0.013560000000000001
-0.04526953846153846
-0.07906523076923076
-0.10535076923076922
-0.13184492307692308
-0.14206707692307693
-0.14916
-0.1424843076923077
-0.1178676923076923
-0.07885661538461539
-0.025033846153846153
0.02545107692307692
0.073224
0.10076123076923077
0.11306953846153844
0.10952307692307692
0.08448923076923077
0.05924676923076923
0.021696
-0.017315076923076923
-0.04318338461538461
-0.06154153846153846
-0.07134646153846153
-0.07697907692307693
-0.07635323076923077
-0.06759138461538462
-0.04714707692307692
-0.01668923076923077
0.007510153846153846
0.03296123076923077
0.06738276923076922
0.10722830769230769
0.1449876923076923
0.18107815384615383
0.2059033846153846
0.20694646153846152
0.18337292307692307
0.1462393846153846
0.10827138461538462
0.06300184615384616
0.02357353846153846
-0.026285538461538457
-0.06195876923076923
-0.0961716923076923
-0.146448
-0.15750461538461538
-0.14206707692307693
-0.08469784615384615
-0.0022947692307692304
0.08344615384615384
0.18358153846153846
0.3016578461538461
0.417648
0.5209126153846153
0.5599236923076922
0.45102646153846154
0.2993630769230769
0.10347323076923076
-0.04401784615384615
-0.15875630769230767
-0.3826006153846154
-0.508187076923077
-0.5947624615384616
-0.536976
-0.3319070769230769
-0.15792184615384616
0.07259815384615384
0.21925476923076925
0.40846892307692306
0.5862092307692308
0.6425353846153846
0.6469163076923078
0.44330769230769224
0.21654276923076923
-0.014394461538461538
-0.25951753846153847
-0.38677292307692307
-0.551579076923077
-0.6210479999999999
-0.5839144615384615
-0.5259193846153846
-0.30416123076923074
-0.09784061538461537
0.10722830769230769
0.32001599999999997
0.36340799999999995
0.41577046153846153
0.4145187692307692
0.3594443076923077
0.32836061538461536
0.17085599999999998
0.0033378461538461535
-0.1693956923076923
-0.30290953846153845
-0.3225193846153846
-0.3767593846153846
-0.40638276923076927
-0.41389292307692305
-0.38280923076923074
-0.238656
-0.11807630769230769
-0.003755076923076923
0.078648
0.10347323076923076
0.184416
0.23469230769230767
0.24866953846153847
0.2532590769230769
0.1802436923076923
0.11578153846153846
0.05382276923076923
-0.043392
-0.12662953846153846
-0.2526332307692308
-0.3707095384615384
-0.4401784615384615
-0.47606030769230767
-0.4193169230769231
-0.3229366153846154
-0.1913003076923077
-0.040262769230769234
0.1045163076923077
0.26765353846153844
0.37967999999999996
0.4493575384615385
0.44956615384615384
0.36611999999999995
0.27850153846153847
0.15500123076923078
0.026285538461538457
-0.08386338461538462
-0.2090326153846154
-0.2780843076923077
-0.30207507692307695
-0.2774584615384615
-0.18775384615384613
-0.103056
0.02315630769230769
0.16084246153846155
0.2699483076923077
0.3659113846153846
0.39303138461538456
0.3836436923076923
0.32836061538461536
0.21466523076923077
0.09575446153846154
-0.04318338461538461
-0.1558356923076923
-0.21487384615384614
-0.2578486153846154
-0.22801661538461537
-0.16292861538461537
-0.08240307692307691
0.03066646153846154
0.08949599999999999
0.14144123076923076
0.17690584615384616
0.1614683076923077
0.13393107692307693
0.059038153846153844
-0.016480615384615385
-0.07635323076923077
-0.12496061538461539
-0.12370892307692308
-0.10263876923076923
-0.06321046153846153
-0.01981846153846154
0.024408000000000003
0.09491999999999999
0.15208061538461537
0.184416
0.1760713846153846
0.11599015384615384
0.06926030769230769
0.028788923076923077
-0.010639384615384617
-0.04172307692307692
-0.08824430769230769
-0.09241661538461539
-0.048816000000000005
0.01940123076923077
0.10368184615384615
0.15875630769230767
0.18629353846153843
0.19380369230769232
0.1842073846153846
0.16730953846153845
0.11953661538461538
0.04547815384615384
-0.03921969230769231
-0.12579507692307693
-0.16292861538461537
-0.15270646153846154
-0.11035753846153845
-0.035255999999999996
0.025033846153846153
0.086784
0.14811692307692306
0.18900553846153845
0.22008923076923076
0.19818461538461538
0.14728246153846153
0.1045163076923077
0.06216738461538462
0.046104
0.029206153846153847
-0.009596307692307692
-0.03212676923076923
-0.03421292307692308
-0.007301538461538462
0.031709538461538456
0.042974769230769226
0.03692492307692308
0.018358153846153843
0.006884307692307692
0.003963692307692307
-0.0035464615384615383
-0.00855323076923077
-0.02044430769230769
-0.016272
0.006258461538461538
0.03942830769230769
0.07739630769230768
0.10535076923076922
0.12558646153846154
0.12996738461538462
0.13121907692307694
0.1205796923076923
0.08991323076923076
0.03150092307692308
-0.05111076923076923
-0.12016246153846154
-0.16292861538461537
-0.1666836923076923
-0.1397723076923077
-0.09825784615384614
-0.04631261538461538
0.02273907692307692
0.1028473846153846
0.18379015384615385
0.23218892307692307
0.21737723076923077
0.17419384615384614
0.10535076923076922
0.015020307692307692
-0.08386338461538462
-0.19213476923076922
-0.27412061538461535
-0.3127144615384615
-0.3079163076923077
-0.260352
-0.1992276923076923
-0.1287156923076923
-0.04693846153846153
0.03629907692307692
0.11995384615384615
0.17398523076923075
0.18921415384615384
0.16730953846153845
0.11077476923076923
0.04652123076923077
-0.031709538461538456
-0.10743692307692307
-0.16313723076923078
-0.20381723076923075
-0.20548615384615385
-0.1867107692307692
-0.14686523076923075
-0.07531015384615385
0.0
0.0744756923076923
0.13768615384615385
0.18086953846153844
0.20632061538461538
0.20173107692307693
0.1710646153846154
0.12496061538461539
0.07030338461538461
0.016480615384615385
-0.0446436923076923
-0.10430769230769231
-0.15228923076923076
-0.17586276923076924
-0.1718990769230769
-0.16167692307692308
-0.1314276923076923
-0.08907876923076924
-0.05048492307692308
0.0022947692307692304
0.05382276923076923
0.08574092307692306
0.09596307692307693
0.07384984615384615
0.047772923076923074
0.033169846153846154
0.019192615384615384
0.0014603076923076922
-0.02524246153846154
-0.04693846153846153
-0.05799507692307692
-0.06800861538461538
-0.08365476923076923
-0.09971815384615385
-0.11348676923076922
-0.11327815384615383
-0.07802215384615384
-0.021070153846153846
0.04756430769230769
0.11181784615384616
0.165432
0.21466523076923077
0.2507556923076923
0.2716172307692308
0.26118646153846153
0.2125790769230769
0.132888
0.040679999999999994
-0.04672984615384615
-0.12329169230769231
-0.18775384615384613
-0.22530461538461538
-0.23156307692307693
-0.19442953846153843
-0.11348676923076922
-0.014394461538461538
0.09325107692307691
0.18086953846153844
0.25534523076923077
0.3068732307692308
0.3156350769230769
0.28768061538461537
0.2225926153846154
0.14164984615384615
0.052571076923076915
-0.02211323076923077
-0.078648
-0.12996738461538462
-0.17252492307692308
-0.18337292307692307
-0.15500123076923078
-0.09429415384615383
0.0018775384615384615
0.10430769230769231
0.19755876923076923
0.2716172307692308
0.3239796923076923
0.3510996923076923
0.3342018461538461
0.2712
0.1733593846153846
0.06842584615384616
-0.03275261538461539
-0.11557292307692307
-0.1856676923076923
-0.23907323076923076
-0.26535876923076923
-0.2680707692307692
-0.21716861538461538
-0.143736
-0.07259815384615384
-0.012099692307692308
0.04422646153846154
0.1097316923076923
0.15520984615384617
0.18545907692307692
0.18086953846153844
0.1287156923076923
0.05319692307692307
-0.031709538461538456
-0.11348676923076922
-0.18775384615384613
-0.26723630769230766
-0.3214763076923077
-0.33962584615384617
-0.32231076923076923
-0.25930892307692305
-0.18212123076923076
-0.08156861538461539
0.022530461538461537
0.11974523076923077
0.21487384615384614
0.2699483076923077
0.27474646153846155
0.2273907692307692
0.14164984615384615
0.03859384615384615
-0.06738276923076922
-0.1733593846153846
-0.2780843076923077
-0.3721698461538462
-0.4243236923076923
-0.41326707692307696
-0.3565236923076923
-0.26348123076923075
-0.14811692307692306
-0.015854769230769228
0.11807630769230769
0.23823876923076923
0.33378461538461535
0.37967999999999996
0.37780246153846153
0.33295015384615384
0.26097784615384617
0.17690584615384616
0.07697907692307693
-0.029206153846153847
-0.12725538461538463
-0.19442953846153843
-0.21299630769230768
-0.18712800000000002
-0.12913292307692306
-0.05194523076923077
0.044435076923076924
0.15646153846153846
0.2655673846153846
0.35986153846153845
0.4182738461538461
0.4182738461538461
0.3717526153846154
0.2953993846153846
0.20924123076923076
0.11974523076923077
0.016272
-0.07405846153846153
-0.14164984615384615
-0.1867107692307692
-0.20047938461538461
-0.19171753846153847
-0.16501476923076921
-0.13309661538461537
-0.09095630769230768
-0.02524246153846154
0.05319692307692307
0.13247076923076923
0.1977673846153846
0.23218892307692307
0.2497126153846154
0.25284184615384614
0.2371956923076923
0.19505538461538463
0.12391753846153845
0.04401784615384615
-0.03692492307692308
-0.0961716923076923
-0.13080184615384613
-0.1435273846153846
-0.13518276923076925
-0.10076123076923077
-0.03296123076923077
0.04839876923076923
0.13643446153846153
0.2125790769230769
0.26619323076923074
0.29456492307692306
0.290184
0.2568055384615385
0.18921415384615384
0.08887015384615385
-0.03045784615384615
-0.14206707692307693
-0.2330233846153846
-0.29602523076923076
-0.3269003076923077
-0.3346190769230769
-0.3004061538461538
-0.23072861538461537
-0.12975876923076923
-0.014185846153846153
0.08073415384615384
0.15833907692307692
0.20402584615384614
0.22655630769230767
0.233232
0.2075723076923077
0.15667015384615385
0.084072
0.006049846153846154
-0.06341907692307691
-0.12037107692307693
-0.1637630769230769
-0.19651569230769228
-0.2127876923076923
-0.19547261538461536
-0.13852061538461538
-0.059038153846153844
0.025033846153846153
0.09700615384615385
0.15479261538461536
0.1908830769230769
0.20423446153846153
0.18316430769230768
0.12287446153846153
0.04693846153846153
-0.03880246153846154
-0.10785415384615385
-0.14936861538461538
-0.17502830769230768
-0.1760713846153846
-0.16480615384615382
-0.13664307692307692
-0.08469784615384615
-0.03588184615384615
-0.0070929230769230765
0.004589538461538461
-0.01668923076923077
-0.044435076923076924
-0.017732307692307693
0.05590892307692308
0.15187199999999998
0.23615261538461538
0.2868461538461538
0.3410861538461538
0.39324
0.41326707692307696
0.3809316923076923
0.2641070769230769
0.12496061538461539
-0.012934153846153845
-0.08740984615384616
-0.1706473846153846
-0.28246523076923075
-0.3206418461538461
-0.3508910769230769
-0.2497126153846154
-0.10535076923076922
0.028163076923076923
0.16063384615384615
0.2073636923076923
0.2799618461538461
0.2887236923076923
0.23510953846153848
0.13872923076923074
-0.050067692307692306
-0.21800307692307694
-0.38927630769230764
-0.5069353846153847
-0.5363501538461538
-0.5292572307692308
-0.4193169230769231
-0.26619323076923074
-0.07656184615384615
0.12329169230769231
0.26681907692307694
0.3980381538461538
0.4228633846153846
0.3506824615384615
0.27620676923076926
0.16438892307692307
0.08323753846153846
0.0
-0.10827138461538462
-0.1712732307692308
-0.22175815384615383
-0.20465169230769228
-0.1504116923076923
-0.11035753846153845
-0.05570030769230769
-0.009179076923076922
0.06195876923076923
0.12579507692307693
0.132888
0.11599015384615384
0.050067692307692306
-0.008970461538461538
-0.04672984615384615
-0.103056
-0.12496061538461539
-0.13935507692307691
-0.12141415384615384
-0.065088
-0.03483876923076923
-0.01043076923076923
-0.013142769230769229
-0.053614153846153846
-0.08907876923076924
-0.1314276923076923
-0.15103753846153847
-0.13768615384615385
-0.10952307692307692
-0.04401784615384615
0.023990769230769232
0.09846646153846153
0.1704387692307692
0.21341353846153846
0.2374043076923077
0.2073636923076923
0.16501476923076921
0.1289243076923077
0.07259815384615384
0.02545107692307692
-0.033169846153846154
-0.06946892307692307
-0.06362769230769232
-0.050067692307692306
-0.015437538461538461
0.016897846153846156
0.05528307692307692
0.11974523076923077
0.18170399999999998
0.22342707692307692
0.22488738461538463
0.1881710769230769
0.14519630769230768
0.09095630769230768
0.018775384615384614
-0.06759138461538462
-0.15103753846153847
-0.1942209230769231
-0.20465169230769228
-0.16271999999999998
-0.07259815384615384
0.025659692307692307
0.12767261538461538
0.20006215384615383
0.2369870769230769
0.24345415384615382
0.19150892307692308
0.10597661538461538
-0.003755076923076923
-0.13309661538461537
-0.22300984615384614
-0.2789187692307692
-0.28955815384615385
-0.24992123076923078
-0.18712800000000002
-0.09554584615384615
-0.0008344615384615384
0.100344
0.18316430769230768
0.21591692307692306
0.2059033846153846
0.14603076923076924
0.06571384615384615
-0.017940923076923077
-0.10848000000000001
-0.1867107692307692
-0.249504
-0.2774584615384615
-0.2532590769230769
-0.19380369230769232
-0.11181784615384616
-0.024199384615384616
0.073224
0.1867107692307692
0.268488
0.30708184615384615
0.3068732307692308
0.26097784615384617
0.19672430769230767
0.10764553846153846
0.015854769230769228
-0.06675692307692307
-0.15333230769230768
-0.19651569230769228
-0.20277415384615383
-0.1785747692307692
-0.12621230769230768
-0.07948246153846153
-0.0077187692307692304
0.061750153846153844
0.08991323076923076
0.10409907692307692
0.08240307692307691
0.04985907692307692
0.021696
-0.02357353846153846
-0.04714707692307692
-0.06341907692307691
-0.07405846153846153
-0.06592246153846154
-0.06529661538461538
-0.05590892307692308
-0.04401784615384615
-0.035464615384615386
-0.03108369230769231
-0.042348923076923076
-0.03609046153846154
-0.02044430769230769
-0.006049846153846154
0.019609846153846155
0.03421292307692308
0.05590892307692308
0.10096984615384616
0.15291507692307693
0.2073636923076923
0.23344061538461539
0.23469230769230767
0.24053353846153847
0.23448369230769228
0.20819815384615384
0.15354092307692307
0.08219446153846154
0.024199384615384616
-0.03150092307692308
-0.06926030769230769
-0.08887015384615385
-0.09679753846153846
-0.092208
-0.07635323076923077
-0.028163076923076923
0.021070153846153846
0.06425353846153846
0.09992676923076924
0.10910584615384614
0.111192
0.08344615384615384
0.03421292307692308
-0.016063384615384615
-0.0892873846153846
-0.14957723076923077
-0.1858763076923077
-0.18921415384615384
-0.1506203076923077
-0.10222153846153846
-0.040679999999999994
0.016897846153846156
0.07426707692307692
0.1314276923076923
0.16981292307692308
0.18963138461538462
0.17586276923076924
0.13852061538461538
0.103056
0.07510153846153846
0.05570030769230769
0.035464615384615386
0.0050067692307692304
-0.009387692307692307
-0.005424
0.014394461538461538
0.040262769230769234
0.04735569230769231
0.040679999999999994
0.03275261538461539
0.01940123076923077
0.011265230769230769
0.010013538461538461
-0.0043809230769230765
-0.012308307692307691
-0.009804923076923077
0.008761846153846153
0.04172307692307692
0.06946892307692307
0.09095630769230768
0.10389046153846154
0.1151556923076923
0.10994030769230768
0.09137353846153846
0.06362769230769232
0.008970461538461538
-0.05528307692307692
-0.09992676923076924
-0.12224861538461537
-0.1178676923076923
-0.09512861538461538
-0.059664
-0.002086153846153846
0.05277969230769231
0.10868861538461538
0.15395815384615386
0.1691870769230769
0.16167692307692308
0.13184492307692308
0.09512861538461538
0.04547815384615384
-0.015854769230769228
-0.08010830769230769
-0.1314276923076923
-0.15208061538461537
-0.14686523076923075
-0.11703323076923078
-0.07259815384615384
-0.02023569230769231
0.04547815384615384
0.116616
0.1846246153846154
0.2426196923076923
0.26640184615384616
0.24866953846153847
0.20506892307692307
0.1462393846153846
0.09241661538461539
0.04214030769230769
-0.012934153846153845
-0.061750153846153844
-0.08615815384615384
-0.0798996923076923
-0.058829538461538454
-0.024408000000000003
0.013560000000000001
0.05048492307692308
0.09033046153846153
0.12808984615384614
0.1585476923076923
0.16480615384615382
0.14060676923076923
0.0936683076923077
0.03233538461538461
-0.03713353846153846
-0.11286092307692308
-0.18900553846153845
-0.2572227692307692
-0.29685969230769227
-0.29352184615384613
-0.2540935384615385
-0.19714153846153845
-0.1289243076923077
-0.04714707692307692
0.03567323076923076
0.10952307692307692
0.15959076923076923
0.16793538461538463
0.13434830769230768
0.07197230769230768
-0.0008344615384615384
-0.06321046153846153
-0.10493353846153847
-0.13643446153846153
-0.1543753846153846
-0.1462393846153846
-0.10368184615384615
-0.02899753846153846
0.04839876923076923
0.11557292307692307
0.16271999999999998
0.18525046153846153
0.18796246153846152
0.16167692307692308
0.10994030769230768
0.03859384615384615
-0.03775938461538462
-0.09909230769230769
-0.1462393846153846
-0.1693956923076923
-0.16751815384615384
-0.14477907692307693
-0.10055261538461538
-0.049233230769230765
0.003129230769230769
0.04714707692307692
0.07113784615384615
0.07072061538461538
0.04652123076923077
0.011891076923076923
-0.03421292307692308
-0.08115138461538463
-0.11536430769230768
-0.14018953846153845
-0.14018953846153845
-0.11432123076923076
-0.06592246153846154
-0.005841230769230769
0.04756430769230769
0.0974233846153846
0.14018953846153845
0.1733593846153846
0.19004861538461537
0.18399876923076922
0.15833907692307692
0.12516923076923075
0.0961716923076923
0.07760492307692309
0.065088
0.06028984615384615
0.059038153846153844
0.06341907692307691
0.073224
0.06926030769230769
0.05570030769230769
0.03713353846153846
0.028163076923076923
0.030875076923076922
0.03400430769230769
0.03650769230769231
0.038176615384615385
0.04214030769230769
0.05173661538461538
0.06195876923076923
0.06529661538461538
0.06362769230769232
0.04047138461538462
0.010639384615384617
-0.02086153846153846
-0.059664
-0.09450276923076922
-0.1314276923076923
-0.14665661538461539
-0.13852061538461538
-0.10994030769230768
-0.06049846153846154
-0.015437538461538461
0.026911384615384615
0.05716061538461538
0.06884307692307692
0.07510153846153846
0.059872615384615385
0.016480615384615385
-0.053614153846153846
-0.1358086153846154
-0.20235692307692305
-0.2438713846153846
-0.2532590769230769
-0.22968553846153844
-0.18066092307692305
-0.10618523076923077
-0.017523692307692306
0.07238953846153846
0.15145476923076923
0.19547261538461536
0.20944984615384615
0.1994363076923077
0.16230276923076925
0.103056
0.02899753846153846
-0.04631261538461538
-0.11327815384615383
-0.1597993846153846
-0.18191261538461537
-0.16772676923076923
-0.13351384615384615
-0.08699261538461538
-0.033169846153846154
0.01710646153846154
0.08511507692307693
0.14102399999999998
0.17085599999999998
0.1829556923076923
0.16626646153846153
0.1397723076923077
0.0961716923076923
0.03337846153846154
-0.04088861538461538
-0.12496061538461539
-0.18963138461538462
-0.22342707692307692
-0.22196676923076922
-0.19985353846153847
-0.16897846153846155
-0.12600369230769232
-0.07572738461538461
-0.013142769230769229
0.04756430769230769
0.09283384615384616
0.11724184615384614
0.12120553846153845
0.12391753846153845
0.12391753846153845
0.11390399999999999
0.09325107692307691
0.056951999999999996
0.01814953846153846
-0.014394461538461538
-0.03859384615384615
-0.054240000000000003
-0.0609156923076923
-0.04902461538461538
-0.017940923076923077
0.03379569230769231
0.09700615384615385
0.15604430769230768
0.18921415384615384
0.1800350769230769
0.15646153846153846
0.11327815384615383
0.06967753846153846
0.008136
-0.061124307692307686
-0.10764553846153846
-0.14477907692307693
-0.11974523076923077
-0.08115138461538463
0.06988615384615385
0.15208061538461537
0.11306953846153844
0.15938215384615384
0.12391753846153845
0.14853415384615384
0.10076123076923077
-0.061124307692307686
-0.18274707692307693
-0.3483876923076923
-0.34046030769230773
-0.290184
-0.24762646153846155
-0.17231630769230769
-0.14164984615384615
0.028788923076923077
0.20256553846153844
0.34943076923076927
0.4376750769230769
0.34171199999999996
0.2647329230769231
0.16167692307692308
0.04714707692307692
-0.01397723076923077
-0.157296
-0.22843384615384613
-0.25972615384615383
-0.2937304615384615
-0.16418030769230768
-0.054657230769230764
0.06341907692307691
0.18775384615384613
0.2138307692307692
0.27412061538461535
0.28434276923076923
0.27975323076923075
0.28955815384615385
0.19755876923076923
0.08177723076923075
-0.02482523076923077
-0.08636676923076922
-0.09763200000000001
-0.15291507692307693
-0.19380369230769232
-0.21487384615384614
-0.19609846153846153
-0.09658892307692307
-0.03045784615384615
0.03650769230769231
0.09012184615384615
0.10868861538461538
0.1783661538461538
0.19735015384615384
0.18900553846153845
0.19964492307692308
0.16063384615384615
0.15416676923076922
0.1504116923076923
0.10764553846153846
0.05611753846153846
-0.03921969230769231
-0.14039815384615384
-0.23531815384615382
-0.3202246153846154
-0.36611999999999995
-0.35694092307692304
-0.2764153846153846
-0.17648861538461538
-0.050067692307692306
0.11765907692307691
0.2638984615384615
0.4007501538461538
0.4743913846153846
0.45561599999999997
0.39741230769230773
0.26494153846153845
0.12037107692307693
-0.026702769230769228
-0.18921415384615384
-0.2805876923076923
-0.32377107692307694
-0.3187643076923077
-0.2563883076923077
-0.157296
0.0012516923076923076
0.18170399999999998
0.3304467692307692
0.431208
0.48023261538461537
0.508187076923077
0.4896203076923077
0.39407446153846154
0.25430215384615384
0.05653476923076922
-0.132888
-0.2724516923076923
-0.3949089230769231
-0.4470627692307692
-0.4606227692307692
-0.41618769230769226
-0.2920615384615385
-0.16292861538461537
-0.0002086153846153846
0.1597993846153846
0.27599815384615384
0.3623649230769231
0.39052800000000004
0.3727956923076923
0.3054129230769231
0.1869193846153846
0.05924676923076923
-0.06487938461538462
-0.16501476923076921
-0.23677846153846152
-0.27850153846153847
-0.2651501538461538
-0.22780799999999998
-0.14686523076923075
-0.04109723076923077
0.047981538461538464
0.15750461538461538
0.24428861538461538
0.29873723076923075
0.33357600000000004
0.32314523076923074
0.306456
0.27599815384615384
0.21174461538461536
0.1449876923076923
0.06195876923076923
-0.017523692307692306
-0.08177723076923075
-0.14957723076923077
-0.19442953846153843
-0.22989415384615383
-0.2355267692307692
-0.2157083076923077
-0.18775384615384613
-0.13455692307692307
-0.08511507692307693
-0.012934153846153845
0.06884307692307692
0.11160923076923077
0.12955015384615384
0.1178676923076923
0.0961716923076923
0.08720123076923077
0.03775938461538462
-0.03984553846153846
-0.11578153846153846
-0.1942209230769231
-0.22551323076923077
-0.22697353846153845
-0.21445661538461538
-0.19046584615384615
-0.16459753846153846
-0.09512861538461538
-0.005632615384615384
0.086784
0.16605784615384614
0.19818461538461538
0.20652923076923077
0.18712800000000002
0.14978584615384616
0.10576799999999999
0.040679999999999994
-0.029832
-0.09784061538461537
-0.1422756923076923
-0.1397723076923077
-0.11807630769230769
-0.09053907692307692
-0.06467076923076923
-0.03567323076923076
0.021696
0.08428061538461538
0.1316363076923077
0.14561353846153846
0.11745046153846153
0.078648
0.044435076923076924
0.03379569230769231
0.02753723076923077
-0.0006258461538461538
-0.026076923076923077
-0.03609046153846154
-0.015646153846153844
0.01981846153846154
0.04422646153846154
0.05778646153846154
0.0448523076923077
0.03066646153846154
0.028163076923076923
0.01814953846153846
0.005424
-0.013560000000000001
-0.02524246153846154
-0.015854769230769228
0.009179076923076922
0.04380923076923077
0.07030338461538461
0.07697907692307693
0.08240307692307691
0.09825784615384614
0.11286092307692308
0.11452984615384615
0.09700615384615385
0.06341907692307691
0.017940923076923077
-0.02357353846153846
-0.055491692307692304
-0.07843938461538462
-0.09158215384615384
-0.10389046153846154
-0.09283384615384616
-0.04088861538461538
0.03275261538461539
0.11077476923076923
0.16605784615384614
0.18879692307692306
0.2021483076923077
0.19150892307692308
0.16084246153846155
0.10806276923076923
0.027328615384615382
-0.05277969230769231
-0.12016246153846154
-0.15562707692307692
-0.17148184615384612
-0.17565415384615385
-0.16876984615384616
-0.15249784615384615
-0.11494707692307692
-0.06487938461538462
-0.02586830769230769
-0.007510153846153846
-0.006049846153846154
-0.01272553846153846
-0.02858030769230769
-0.06863446153846153
-0.11974523076923077
-0.16689230769230767
-0.20319138461538463
-0.21195323076923075
-0.1992276923076923
-0.168144
-0.12537784615384615
-0.07843938461538462
-0.020652923076923076
0.03296123076923077
0.07802215384615384
0.11035753846153845
0.12099692307692309
0.11870215384615385
0.10263876923076923
0.08010830769230769
0.05653476923076922
0.025659692307692307
-0.005841230769230769
-0.03588184615384615
-0.04839876923076923
-0.042557538461538466
-0.02858030769230769
0.0004172307692307692
0.019609846153846155
0.028788923076923077
0.037967999999999995
0.042557538461538466
0.04318338461538461
0.02899753846153846
0.006675692307692307
-0.009179076923076922
-0.026076923076923077
-0.03379569230769231
-0.029623384615384614
-0.029623384615384614
-0.026285538461538457
-0.020027076923076922
-0.0022947692307692304
0.018775384615384614
0.030040615384615384
0.04526953846153846
0.06446215384615385
0.08302892307692307
0.092208
0.09283384615384616
0.07948246153846153
0.056951999999999996
0.042348923076923076
0.03275261538461539
0.029623384615384614
0.03108369230769231
0.040679999999999994
0.05716061538461538
0.07843938461538462
0.100344
0.11536430769230768
0.12370892307692308
0.12120553846153845
0.11140061538461538
0.09721476923076922
0.07551876923076924
0.04568676923076923
0.015854769230769228
-0.019192615384615384
-0.04839876923076923
-0.06905169230769231
-0.08094276923076923
-0.07593599999999999
-0.07009476923076922
-0.05444861538461539
-0.03421292307692308
-0.01814953846153846
-0.009804923076923077
-0.017732307692307693
-0.03567323076923076
-0.06675692307692307
-0.09512861538461538
-0.10535076923076922
-0.10368184615384615
-0.09283384615384616
-0.07218092307692307
-0.03775938461538462
0.006467076923076923
0.05444861538461539
0.09283384615384616
0.11306953846153844
0.11828492307692307
0.10138707692307691
0.078648
0.05236246153846154
0.025033846153846153
0.006884307692307692
-0.0012516923076923076
0.011265230769230769
0.03609046153846154
0.07739630769230768
0.11682461538461539
0.13914646153846155
0.14749107692307692
0.1397723076923077
0.12266584615384615
0.08657538461538461
0.043600615384615383
-0.005632615384615384
-0.05277969230769231
-0.07760492307692309
-0.07927384615384615
-0.051319384615384614
-0.00855323076923077
0.03755076923076923
0.09262523076923077
0.13789476923076924
0.16793538461538463
0.1792006153846154
0.1543753846153846
0.10931446153846153
0.04401784615384615
-0.025033846153846153
-0.073224
-0.11098338461538461
-0.12391753846153845
-0.11098338461538461
-0.0744756923076923
-0.017940923076923077
0.037342153846153844
0.08448923076923077
0.10910584615384614
0.11578153846153846
0.10889723076923077
0.08574092307692306
0.047772923076923074
-0.0033378461538461535
-0.058412307692307694
-0.10722830769230769
-0.13893784615384613
-0.15646153846153846
-0.15813046153846153
-0.14060676923076923
-0.09658892307692307
-0.030040615384615384
0.04214030769230769
0.10409907692307692
0.1462393846153846
0.16292861538461537
0.15875630769230767
0.13768615384615385
0.0963803076923077
0.04193169230769231
-0.030040615384615384
-0.11265230769230769
-0.1785747692307692
-0.21466523076923077
-0.21696000000000001
-0.18545907692307692
-0.12621230769230768
-0.05069353846153846
0.03212676923076923
0.11724184615384614
0.18399876923076922
0.22300984615384614
0.22154953846153846
0.1846246153846154
0.12642092307692307
0.04839876923076923
-0.03421292307692308
-0.1097316923076923
-0.16626646153846153
-0.20027076923076922
-0.20423446153846153
-0.1867107692307692
-0.15959076923076923
-0.1287156923076923
-0.09074769230769231
-0.04276615384615385
0.008970461538461538
0.06404492307692307
0.10994030769230768
0.1449876923076923
0.16751815384615384
0.184416
0.19964492307692308
0.19192615384615386
0.16209415384615386
0.11411261538461538
0.05799507692307692
0.015228923076923076
-0.016897846153846156
-0.03588184615384615
-0.047772923076923074
-0.052571076923076915
-0.03984553846153846
-0.004798153846153846
0.042348923076923076
0.08907876923076924
0.12704676923076924
0.1543753846153846
0.18379015384615385
0.20715507692307691
0.21174461538461536
0.1867107692307692
0.1316363076923077
0.05444861538461539
-0.022530461538461537
-0.09658892307692307
-0.165432
-0.21737723076923077
-0.24574892307692306
-0.222384
-0.1585476923076923
-0.07343261538461537
0.01043076923076923
0.08907876923076924
0.1558356923076923
0.2205064615384615
0.2605606153846154
0.2482523076923077
0.2056947692307692
0.1205796923076923
0.04860738461538461
-0.029623384615384614
0.007301538461538462
0.04652123076923077
-0.05194523076923077
-0.0446436923076923
-0.07051199999999999
-0.00855323076923077
0.08574092307692306
0.02753723076923077
-0.005841230769230769
-0.12808984615384614
-0.119328
-0.028788923076923077
-0.0022947692307692304
0.05173661538461538
0.0029206153846153843
0.07635323076923077
0.20131384615384615
0.2979027692307692
0.3949089230769231
0.26911384615384615
0.14436184615384615
0.028788923076923077
-0.10931446153846153
-0.138312
-0.26723630769230766
-0.3350363076923077
-0.3481790769230769
-0.41389292307692305
-0.28163076923076924
-0.16626646153846153
-0.04985907692307692
0.10514215384615383
0.127464
0.20193969230769232
0.2415766153846154
0.26097784615384617
0.31646953846153847
0.2357353846153846
0.1207883076923077
-0.0033378461538461535
-0.09512861538461538
-0.10243015384615384
-0.1733593846153846
-0.2557624615384615
-0.3344104615384615
-0.36611999999999995
-0.25513661538461535
-0.15145476923076923
-0.04756430769230769
0.04735569230769231
0.09700615384615385
0.2090326153846154
0.2768326153846154
0.2853858461538461
0.2716172307692308
0.1710646153846154
0.11140061538461538
0.084072
0.03755076923076923
-0.0025033846153846152
-0.0880356923076923
-0.15270646153846154
-0.19171753846153847
-0.21320492307692307
-0.200688
-0.19171753846153847
-0.14603076923076924
-0.10430769230769231
-0.051528
0.06633969230769231
0.16021661538461537
0.25471938461538457
0.31897292307692304
0.30186646153846153
0.29080984615384614
0.2238443076923077
0.12120553846153845
0.009596307692307692
-0.1502030769230769
-0.2422024615384615
-0.28768061538461537
-0.3133403076923077
-0.29832
-0.28851507692307693
-0.22864246153846152
-0.1218313846153846
-0.007510153846153846
0.1028473846153846
0.1710646153846154
0.23677846153846152
0.29352184615384613
0.31688676923076925
0.3252313846153846
0.25659692307692306
0.16167692307692308
0.08094276923076923
-0.02524246153846154
-0.09053907692307692
-0.14832553846153845
-0.20444307692307692
-0.20319138461538463
-0.20006215384615383
-0.14018953846153845
-0.02858030769230769
0.059872615384615385
0.13893784615384613
0.1712732307692308
0.18921415384615384
0.18963138461538462
0.1706473846153846
0.16105107692307694
0.12037107692307693
0.07885661538461539
0.02232184615384615
-0.022530461538461537
-0.03713353846153846
-0.07635323076923077
-0.10222153846153846
-0.12788123076923075
-0.15833907692307692
-0.13205353846153844
-0.0798996923076923
-0.037342153846153844
-0.011682461538461537
-0.012308307692307691
0.016272
0.07405846153846153
0.12454338461538461
0.15896492307692306
0.1502030769230769
0.13038461538461538
0.12099692307692309
0.1207883076923077
0.12600369230769232
0.10117846153846152
0.05277969230769231
0.0006258461538461538
-0.043392
-0.06738276923076922
-0.08636676923076922
-0.0855323076923077
-0.06738276923076922
-0.045895384615384616
0.004589538461538461
0.06070707692307692
0.11077476923076923
0.15625292307692307
0.15270646153846154
0.11828492307692307
0.07823076923076923
0.02482523076923077
-0.019192615384615384
-0.07593599999999999
-0.14540492307692307
-0.21049292307692305
-0.2638984615384615
-0.26786215384615386
-0.25117292307692307
-0.22426153846153846
-0.184416
-0.1435273846153846
-0.07697907692307693
-0.006884307692307692
0.05507446153846154
0.1028473846153846
0.12996738461538462
0.15145476923076923
0.15667015384615385
0.1435273846153846
0.12016246153846154
0.07843938461538462
0.017315076923076923
-0.03609046153846154
-0.07197230769230768
-0.08302892307692307
-0.0826116923076923
-0.0826116923076923
-0.07551876923076924
-0.06988615384615385
-0.058829538461538454
-0.029206153846153847
0.02482523076923077
0.06967753846153846
0.10222153846153846
0.1397723076923077
0.16584923076923075
0.18525046153846153
0.17252492307692308
0.12537784615384615
0.07802215384615384
0.014394461538461538
-0.06341907692307691
-0.12975876923076923
-0.1994363076923077
-0.2482523076923077
-0.2582658461538461
-0.2480436923076923
-0.20173107692307693
-0.13998092307692306
-0.07134646153846153
0.0004172307692307692
0.05570030769230769
0.10493353846153847
0.130176
0.13476553846153844
0.12433476923076923
0.08845292307692308
0.051319384615384614
0.007510153846153846
-0.03483876923076923
-0.05736923076923077
-0.06654830769230768
-0.05236246153846154
-0.03045784615384615
-0.0029206153846153843
0.04672984615384615
0.08824430769230769
0.12579507692307693
0.16042523076923076
0.16438892307692307
0.168144
0.16480615384615382
0.14728246153846153
0.13247076923076923
0.10514215384615383
0.07948246153846153
0.0609156923076923
0.04839876923076923
0.05048492307692308
0.05778646153846154
0.06529661538461538
0.06633969230769231
0.05528307692307692
0.04631261538461538
0.03337846153846154
0.020652923076923076
0.01814953846153846
0.014603076923076923
0.009596307692307692
0.0
0.0033378461538461535
0.02086153846153846
0.03859384615384615
0.05111076923076923
0.05173661538461538
0.05319692307692307
0.054240000000000003
0.03838523076923077
0.010222153846153844
-0.023990769230769232
-0.05611753846153846
-0.07739630769230768
-0.08907876923076924
-0.08636676923076922
-0.0853236923076923
-0.07969107692307692
-0.054657230769230764
-0.01668923076923077
0.04214030769230769
0.09471138461538461
0.13121907692307694
0.16334584615384617
0.18149538461538461
0.18754523076923074
0.17440246153846153
0.13998092307692306
0.09679753846153846
0.04172307692307692
-0.012934153846153845
-0.04902461538461538
-0.06988615384615385
-0.07614461538461538
-0.07092923076923077
-0.047772923076923074
0.005841230769230769
0.06633969230769231
0.11682461538461539
0.14832553846153845
0.15354092307692307
0.13893784615384613
0.11265230769230769
0.08386338461538462
0.04839876923076923
0.003963692307692307
-0.04172307692307692
-0.07510153846153846
-0.0961716923076923
-0.10827138461538462
-0.12016246153846154
-0.12433476923076923
-0.119328
-0.09909230769230769
-0.06154153846153846
-0.03421292307692308
-0.018983999999999997
-0.011265230769230769
0.0006258461538461538
0.014185846153846153
0.021696
0.02232184615384615
0.003963692307692307
-0.023364923076923075
-0.0448523076923077
-0.04672984615384615
-0.03024923076923077
-0.013560000000000001
-0.004798153846153846
-0.004798153846153846
-0.0004172307692307692
0.004798153846153846
-0.003129230769230769
-0.021696
-0.05069353846153846
-0.07280676923076923
-0.07259815384615384
-0.05924676923076923
-0.03045784615384615
-0.0008344615384615384
0.01272553846153846
0.03150092307692308
0.05319692307692307
0.07051199999999999
0.07301538461538462
0.04568676923076923
-0.001043076923076923
-0.05277969230769231
-0.0961716923076923
-0.13267938461538462
-0.15875630769230767
-0.17023015384615386
-0.16605784615384614
-0.13080184615384613
-0.05757784615384615
0.031918153846153846
0.10660246153846153
0.16105107692307694
0.20965846153846154
0.24408
0.25012984615384615
0.22780799999999998
0.16710092307692306
0.0855323076923077
0.0035464615384615383
-0.05277969230769231
-0.07802215384615384
-0.08615815384615384
-0.07155507692307693
-0.03880246153846154
0.027745846153846152
0.11891076923076922
0.21591692307692306
0.30144923076923075
0.3481790769230769
0.36299076923076923
0.3448412307692308
0.30249230769230767
0.2426196923076923
0.15103753846153847
0.04652123076923077
-0.03984553846153846
-0.09241661538461539
-0.10868861538461538
-0.10535076923076922
-0.09575446153846154
-0.07072061538461538
-0.031709538461538456
0.01043076923076923
0.0446436923076923
0.062376
0.055491692307692304
0.037967999999999995
0.02753723076923077
0.021904615384615383
0.021070153846153846
0.012308307692307691
0.003963692307692307
0.0008344615384615384
-0.011265230769230769
-0.027745846153846152
-0.043392
-0.06821723076923077
-0.09971815384615385
-0.127464
-0.1506203076923077
-0.157296
-0.15187199999999998
-0.1341396923076923
-0.10931446153846153
-0.07301538461538462
-0.020652923076923076
0.027745846153846152
0.06487938461538462
0.08031692307692308
0.08094276923076923
0.06404492307692307
0.024616615384615383
-0.030875076923076922
-0.1045163076923077
-0.18483323076923078
-0.24908676923076922
-0.2720344615384615
-0.2578486153846154
-0.22175815384615383
-0.15938215384615384
-0.07781353846153846
0.021070153846153846
0.11974523076923077
0.19735015384615384
0.23928184615384615
0.23072861538461537
0.18232984615384615
0.103056
0.010013538461538461
-0.0855323076923077
-0.17377661538461536
-0.233232
-0.24595753846153845
-0.20444307692307692
-0.11974523076923077
-0.014185846153846153
0.0897046153846154
0.1777403076923077
0.23281476923076924
0.25847446153846154
0.24720923076923076
0.19067446153846154
0.09450276923076922
-0.02044430769230769
-0.1205796923076923
-0.19755876923076923
-0.23239753846153846
-0.22843384615384613
-0.1927606153846154
-0.11995384615384615
-0.02211323076923077
0.07927384615384615
0.16856123076923077
0.22300984615384614
0.24512307692307692
0.2357353846153846
0.1858763076923077
0.11599015384615384
0.014185846153846153
-0.11077476923076923
-0.24658338461538462
-0.36319938461538465
-0.4599969230769231
-0.4850307692307692
-0.3909452307692307
-0.23677846153846152
0.013560000000000001
0.28434276923076923
0.5463636923076923
0.794616
0.9356399999999999
0.9865421538461538
0.9076855384615384
0.6761224615384615
0.32961230769230765
-0.03150092307692308
-0.37425600000000003
-0.6592246153846153
-0.8338356923076924
-0.9381433846153846
-0.9022615384615383
-0.7309883076923077
-0.4564504615384615
-0.11995384615384615
0.1910916923076923
0.43704923076923075
0.5860006153846153
0.6239686153846153
0.533220923076923
0.3707095384615384
0.11098338461538461
-0.20861538461538462
-0.44643692307692306
-0.6164584615384615
-0.6385716923076923
-0.5175747692307692
-0.3467187692307692
-0.103056
0.0897046153846154
0.22196676923076922
0.3538116923076923
0.3744646153846154
0.3327415384615385
0.2557624615384615
0.14916
0.1045163076923077
0.08949599999999999
0.12600369230769232
0.18107815384615383
0.18545907692307692
0.16480615384615382
0.10159569230769232
0.03942830769230769
-0.029623384615384614
-0.13330523076923076
-0.22843384615384613
-0.336288
-0.3978295384615384
-0.39866399999999996
-0.38885907692307686
-0.3187643076923077
-0.22467876923076924
-0.10743692307692307
0.07218092307692307
0.25555384615384613
0.42661846153846156
0.546780923076923
0.5469895384615384
0.46083138461538464
0.295608
0.06049846153846154
-0.20319138461538463
-0.4685501538461538
-0.659016
-0.733908923076923
-0.6665261538461538
-0.46938461538461534
-0.19359507692307693
0.12913292307692306
0.41681353846153846
0.646499076923077
0.7983710769230769
0.8135999999999999
0.7253556923076923
0.5501187692307692
0.30249230769230767
0.059664
-0.16876984615384616
-0.34630153846153844
-0.43663199999999996
-0.4775206153846153
-0.4383009230769231
-0.33295015384615384
-0.1881710769230769
-0.011682461538461537
0.15374953846153847
0.29644246153846154
0.39407446153846154
0.4416387692307692
0.42307199999999995
0.3421292307692308
0.2330233846153846
0.09533723076923077
-0.021070153846153846
-0.09241661538461539
-0.13247076923076923
-0.10952307692307692
-0.05111076923076923
0.015020307692307692
0.1097316923076923
0.18316430769230768
0.21362215384615382
0.20277415384615383
0.132888
0.04693846153846153
-0.03108369230769231
-0.10138707692307691
-0.15187199999999998
-0.1696043076923077
-0.14582215384615385
-0.08302892307692307
0.030875076923076922
0.15187199999999998
0.23949046153846154
0.292896
0.28121353846153846
0.22175815384615383
0.11745046153846153
-0.02586830769230769
-0.15917353846153848
-0.29498215384615384
-0.40200184615384615
-0.4211944615384615
-0.36570276923076916
-0.2503384615384615
-0.09387692307692307
0.08094276923076923
0.26139507692307695
0.41660492307692304
0.523416
0.5540824615384615
0.4965046153846154
0.3571495384615384
0.16647507692307692
-0.026494153846153844
-0.208824
-0.35568923076923076
-0.45624184615384616
-0.5038061538461538
-0.4620830769230769
-0.3319070769230769
-0.15875630769230767
0.028788923076923077
0.1913003076923077
0.287472
0.3402516923076923
0.3442153846153846
0.2951907692307692
0.208824
0.07656184615384615
-0.06467076923076923
-0.18066092307692305
-0.24658338461538462
-0.26160369230769226
-0.2482523076923077
-0.21049292307692305
-0.15166338461538462
-0.06967753846153846
0.005424
0.06195876923076923
0.09658892307692307
0.1045163076923077
0.1028473846153846
0.10889723076923077
0.12850707692307692
0.1597993846153846
0.19171753846153847
0.2090326153846154
0.2415766153846154
0.28392553846153845
0.32961230769230765
0.36945784615384614
0.36215630769230767
0.31813846153846154
0.24720923076923076
0.16167692307692308
0.06300184615384616
-0.0446436923076923
-0.14540492307692307
-0.2154996923076923
-0.23010276923076922
-0.18942276923076923
-0.09179076923076923
0.026076923076923077
0.1397723076923077
0.23531815384615382
0.2995716923076923
0.3143833846153846
0.26097784615384617
0.15896492307692306
0.010639384615384617
-0.14811692307692306
-0.28788923076923073
-0.3947003076923077
-0.4401784615384615
-0.43287692307692305
-0.3692492307692308
-0.2572227692307692
-0.1178676923076923
0.034630153846153845
0.16897846153846155
0.26786215384615386
0.3229366153846154
0.31772123076923076
0.2591003076923077
0.14999446153846155
0.008344615384615384
-0.14144123076923076
-0.2795446153846154
-0.37237846153846155
-0.4184824615384615
-0.41910830769230767
-0.3692492307692308
-0.2814221538461538
-0.1696043076923077
-0.052571076923076915
0.046104
0.12537784615384615
0.16418030769230768
0.1570873846153846
0.12454338461538461
0.06404492307692307
-0.012308307692307691
-0.09450276923076922
-0.16480615384615382
-0.2059033846153846
-0.21883753846153844
-0.19672430769230767
-0.15667015384615385
-0.11160923076923077
-0.05820369230769231
-0.005424
0.04380923076923077
0.07572738461538461
0.08010830769230769
0.07030338461538461
0.04839876923076923
0.034630153846153845
0.034630153846153845
0.03609046153846154
0.047772923076923074
0.053405538461538456
0.058412307692307694
0.06216738461538462
0.04839876923076923
0.014603076923076923
-0.04735569230769231
-0.11578153846153846
-0.1710646153846154
-0.20298276923076922
-0.20965846153846154
-0.1913003076923077
-0.16021661538461537
-0.10868861538461538
-0.026076923076923077
0.06884307692307692
0.16167692307692308
0.22426153846153846
0.2497126153846154
0.23093723076923076
0.17481969230769231
0.10159569230769232
0.012934153846153845
-0.078648
-0.15625292307692307
-0.20319138461538463
-0.20486030769230767
-0.15833907692307692
-0.07593599999999999
0.03567323076923076
0.16021661538461537
0.279336
0.38760738461538463
0.4508178461538461
0.44914892307692306
0.3863556923076923
0.2774584615384615
0.15270646153846154
0.027120000000000002
-0.07969107692307692
-0.1693956923076923
-0.23615261538461538
-0.260352
-0.24866953846153847
-0.1992276923076923
-0.1316363076923077
-0.05820369230769231
0.011265230769230769
0.059664
0.09158215384615384
0.09658892307692307
0.07468430769230769
0.030040615384615384
-0.034630153846153845
-0.103056
-0.15938215384615384
-0.20047938461538461
-0.22530461538461538
-0.23010276923076922
-0.208824
-0.15333230769230768
-0.07885661538461539
-0.005424
0.051319384615384614
0.09074769230769231
0.10743692307692307
0.10785415384615385
0.10806276923076923
0.09909230769230769
0.09325107692307691
0.09429415384615383
0.09387692307692307
0.09450276923076922
0.0853236923076923
0.05736923076923077
0.017940923076923077
-0.03045784615384615
-0.07072061538461538
-0.09199938461538461
-0.11098338461538461
-0.11828492307692307
-0.12266584615384615
-0.11181784615384616
-0.07468430769230769
-0.026911384615384615
0.027120000000000002
0.06300184615384616
0.08949599999999999
0.10263876923076923
0.10096984615384616
0.07885661538461539
0.03024923076923077
-0.027120000000000002
-0.08845292307692308
-0.13247076923076923
-0.15228923076923076
-0.14728246153846153
-0.12204
-0.07364123076923076
-0.005841230769230769
0.07739630769230768
0.16334584615384617
0.22572184615384616
0.2601433846153846
0.2641070769230769
0.23928184615384615
0.19296923076923078
0.13810338461538463
0.07531015384615385
0.003755076923076923
-0.061750153846153844
-0.11411261538461538
-0.14582215384615385
-0.15646153846153846
-0.15416676923076922
-0.13872923076923074
-0.09700615384615385
-0.03275261538461539
0.05298830769230769
0.14477907692307693
0.2154996923076923
0.2632726153846154
0.27704123076923076
0.2722430769230769
0.24658338461538462
0.19213476923076922
0.11140061538461538
0.012099692307692308
-0.06383630769230769
-0.11724184615384614
-0.14874276923076923
-0.14999446153846155
-0.12934153846153845
-0.08302892307692307
-0.02482523076923077
0.040679999999999994
0.10472492307692308
0.14519630769230768
0.16271999999999998
0.16751815384615384
0.16334584615384617
0.14603076923076924
0.1070196923076923
0.043392
-0.04276615384615385
-0.13184492307692308
-0.20506892307692307
-0.25555384615384613
-0.27850153846153847
-0.2853858461538461
-0.2632726153846154
-0.20110523076923076
-0.11181784615384616
-0.004798153846153846
0.09012184615384615
0.1637630769230769
0.2138307692307692
0.23761292307692305
0.23636123076923077
0.1942209230769231
0.12162276923076921
0.03629907692307692
-0.04944184615384615
-0.10764553846153846
-0.1353913846153846
-0.1368516923076923
-0.12516923076923075
-0.09387692307692307
-0.025659692307692307
0.06362769230769232
0.15291507692307693
0.23218892307692307
0.29352184615384613
0.3248141538461538
0.330864
0.30895938461538464
0.26932246153846157
0.19609846153846153
0.09846646153846153
0.008344615384615384
-0.07343261538461537
-0.12558646153846154
-0.16230276923076925
-0.19150892307692308
-0.19964492307692308
-0.18086953846153844
-0.12767261538461538
-0.05611753846153846
0.021904615384615383
0.09429415384615383
0.14957723076923077
0.19463815384615382
0.23072861538461537
0.25284184615384614
0.24595753846153845
0.19651569230769228
0.124752
0.05277969230769231
-0.019192615384615384
-0.07969107692307692
-0.13038461538461538
-0.15604430769230768
-0.13998092307692306
-0.08866153846153846
0.0016689230769230767
0.09158215384615384
0.15813046153846153
0.2059033846153846
0.233232
0.24992123076923078
0.23761292307692305
0.1842073846153846
0.07802215384615384
-0.03400430769230769
-0.10472492307692308
-0.15562707692307692
-0.15646153846153846
-0.13476553846153844
-0.09137353846153846
-0.01710646153846154
0.08845292307692308
0.19839323076923077
0.25513661538461535
0.30520430769230766
0.26494153846153845
0.14123261538461537
0.014811692307692307
-0.10117846153846152
-0.2292683076923077
-0.376968
-0.48398769230769234
-0.5574203076923077
-0.5311347692307692
-0.38572984615384615
-0.18504184615384617
0.01272553846153846
0.19192615384615386
0.35005661538461535
0.47126215384615383
0.5428172307692307
0.4965046153846154
0.34651015384615386
0.12204
-0.12266584615384615
-0.3012406153846154
-0.44810584615384613
-0.5453206153846154
-0.5724406153846154
-0.5150713846153846
-0.3558978461538462
-0.15875630769230767
0.06821723076923077
0.2849686153846154
0.42307199999999995
0.509856
0.5453206153846154
0.5071439999999999
0.42369784615384615
0.2858030769230769
0.12579507692307693
-0.050067692307692306
-0.23469230769230767
-0.3571495384615384
-0.42953907692307686
-0.4416387692307692
-0.39866399999999996
-0.31188
-0.1612596923076923
0.0035464615384615383
0.1656406153846154
0.2989458461538462
0.3617390769230769
0.3924055384615385
0.3832264615384615
0.3440067692307692
0.26786215384615386
0.15520984615384617
0.049233230769230765
-0.07218092307692307
-0.18149538461538461
-0.2651501538461538
-0.33587076923076925
-0.39407446153846154
-0.41431015384615383
-0.38990215384615384
-0.328152
-0.23239753846153846
-0.11181784615384616
0.04318338461538461
0.19797599999999999
0.3285692307692308
0.41556184615384617
0.44998338461538456
0.4251581538461538
0.33545353846153847
0.21779446153846155
0.07614461538461538
-0.08866153846153846
-0.23615261538461538
-0.344424
-0.4109723076923077
-0.42724430769230765
-0.37613353846153846
-0.2586830769230769
-0.11390399999999999
0.04380923076923077
0.2090326153846154
0.3540203076923077
0.4551987692307692
0.4873255384615384
0.45040061538461534
0.35923569230769226
0.23072861538461537
0.07301538461538462
-0.10994030769230768
-0.2887236923076923
-0.4307907692307692
-0.519660923076923
-0.5359329230769231
-0.49087200000000003
-0.4042966153846154
-0.27599815384615384
-0.1341396923076923
0.01043076923076923
0.1504116923076923
0.25284184615384614
0.31188
0.31918153846153846
0.2855944615384615
0.22801661538461537
0.15082892307692305
0.05716061538461538
-0.052153846153846155
-0.14394461538461537
-0.21445661538461538
-0.25471938461538457
-0.24866953846153847
-0.2059033846153846
-0.13330523076923076
-0.047772923076923074
0.04714707692307692
0.14978584615384616
0.23344061538461539
0.2920615384615385
0.3285692307692308
0.32836061538461536
0.2970683076923077
0.2424110769230769
0.1721076923076923
0.092208
0.012308307692307691
-0.058829538461538454
-0.11765907692307691
-0.15833907692307692
-0.1860849230769231
-0.19881046153846152
-0.1923433846153846
-0.1639716923076923
-0.11870215384615385
-0.0609156923076923
-0.0022947692307692304
0.04860738461538461
0.09074769230769231
0.11306953846153844
0.124752
0.11202646153846153
0.06863446153846153
0.02586830769230769
-0.02315630769230769
-0.07155507692307693
-0.12099692307692309
-0.18316430769230768
-0.2238443076923077
-0.24554030769230767
-0.23803015384615384
-0.19860184615384616
-0.1489513846153846
-0.08615815384615384
-0.025659692307692307
0.03984553846153846
0.10222153846153846
0.14519630769230768
0.17273353846153844
0.17252492307692308
0.15354092307692307
0.12788123076923075
0.09262523076923077
0.048816000000000005
-0.0006258461538461538
-0.051319384615384614
-0.08198584615384615
-0.0826116923076923
-0.05069353846153846
0.0035464615384615383
0.04819015384615385
0.08323753846153846
0.11911938461538461
0.15145476923076923
0.16856123076923077
0.16584923076923075
0.1462393846153846
0.10827138461538462
0.06362769230769232
0.029206153846153847
0.010639384615384617
-0.006675692307692307
-0.025033846153846153
-0.029206153846153847
-0.011891076923076923
0.013351384615384614
0.027328615384615382
0.024408000000000003
0.0
-0.030875076923076922
-0.06216738461538462
-0.08135999999999999
-0.09450276923076922
-0.11411261538461538
-0.12287446153846153
-0.11703323076923078
-0.08010830769230769
-0.031709538461538456
0.01668923076923077
0.06008123076923077
0.07906523076923076
0.09241661538461539
0.09199938461538461
0.08115138461538463
0.05716061538461538
0.01043076923076923
-0.03504738461538461
-0.07113784615384615
-0.07969107692307692
-0.06300184615384616
-0.03129230769230769
0.017940923076923077
0.07364123076923076
0.1353913846153846
0.19588984615384614
0.23886461538461537
0.24637476923076923
0.21341353846153846
0.14978584615384616
0.08115138461538463
0.02482523076923077
-0.01710646153846154
-0.04902461538461538
-0.07489292307692308
-0.07384984615384615
-0.04568676923076923
-0.005841230769230769
0.03275261538461539
0.045895384615384616
0.03859384615384615
0.027328615384615382
0.01272553846153846
-0.003755076923076923
-0.03045784615384615
-0.06696553846153847
-0.092208
-0.10138707692307691
-0.09387692307692307
-0.07760492307692309
-0.0609156923076923
-0.04318338461538461
-0.03296123076923077
-0.018358153846153843
-0.0006258461538461538
0.016063384615384615
0.03129230769230769
0.032544
0.03421292307692308
0.03713353846153846
0.03838523076923077
0.035464615384615386
0.021904615384615383
0.018983999999999997
0.020652923076923076
0.03129230769230769
0.05924676923076923
0.08115138461538463
0.08615815384615384
0.07885661538461539
0.07343261538461537
0.07343261538461537
0.06529661538461538
0.04526953846153846
0.023782153846153845
0.01043076923076923
0.014603076923076923
0.03066646153846154
0.045895384615384616
0.049233230769230765
0.04672984615384615
0.04672984615384615
0.04902461538461538
0.054657230769230764
0.05277969230769231
0.0446436923076923
0.040262769230769234
0.04631261538461538
0.059664
0.07155507692307693
0.07072061538461538
0.05570030769230769
0.03567323076923076
0.005632615384615384
-0.02858030769230769
-0.056326153846153845
-0.08615815384615384
-0.11265230769230769
-0.1207883076923077
-0.10868861538461538
-0.08428061538461538
-0.05382276923076923
-0.01814953846153846
0.015646153846153844
0.05069353846153846
0.07739630769230768
0.09158215384615384
0.09074769230769231
0.06467076923076923
0.032544
0.0014603076923076922
-0.027328615384615382
-0.045895384615384616
-0.05799507692307692
-0.06362769230769232
-0.05486584615384615
-0.032544
0.002086153846153846
0.04214030769230769
0.07802215384615384
0.10868861538461538
0.12913292307692306
0.14311015384615386
0.15208061538461537
0.14978584615384616
0.13309661538461537
0.10555938461538462
0.08010830769230769
0.05382276923076923
0.013351384615384614
-0.03442153846153846
-0.08365476923076923
-0.12037107692307693
-0.12975876923076923
-0.12725538461538463
-0.11891076923076922
-0.10806276923076923
-0.09491999999999999
-0.06821723076923077
-0.03045784615384615
0.0022947692307692304
0.018358153846153843
0.024408000000000003
0.026702769230769228
0.03108369230769231
0.03775938461538462
0.040679999999999994
0.03337846153846154
0.007510153846153846
-0.024408000000000003
-0.05194523076923077
-0.07510153846153846
-0.0974233846153846
-0.11140061538461538
-0.10827138461538462
-0.08073415384615384
-0.021696
0.05236246153846154
0.124752
0.19067446153846154
0.2436627692307692
0.287472
0.31250584615384613
0.31229723076923077
0.2828824615384615
0.21049292307692305
0.12162276923076921
0.03358707692307692
-0.04652123076923077
-0.10555938461538462
-0.15416676923076922
-0.1794092307692308
-0.1635544615384615
-0.11306953846153844
-0.042348923076923076
0.02753723076923077
0.08615815384615384
0.12412615384615384
0.14060676923076923
0.1424843076923077
0.12558646153846154
0.08198584615384615
0.013560000000000001
-0.05778646153846154
-0.11640738461538462
-0.15959076923076923
-0.1860849230769231
-0.20131384615384615
-0.20047938461538461
-0.16856123076923077
-0.10201292307692307
-0.015020307692307692
0.06946892307692307
0.13393107692307693
0.16835261538461538
0.1777403076923077
0.16313723076923078
0.12516923076923075
0.06070707692307692
-0.019192615384615384
-0.09450276923076922
-0.14811692307692306
-0.16042523076923076
-0.14978584615384616
-0.11348676923076922
-0.065088
-0.017523692307692306
0.034630153846153845
0.07280676923076923
0.09158215384615384
0.073224
0.026076923076923077
-0.027120000000000002
-0.0798996923076923
-0.12642092307692307
-0.16063384615384615
-0.17398523076923075
-0.16647507692307692
-0.13393107692307693
-0.07280676923076923
0.004589538461538461
0.07259815384615384
0.12120553846153845
0.15187199999999998
0.15833907692307692
0.14519630769230768
0.11014892307692307
0.05507446153846154
-0.001043076923076923
-0.04547815384615384
-0.07092923076923077
-0.07531015384615385
-0.06654830769230768
-0.05298830769230769
-0.030875076923076922
0.006258461538461538
0.05716061538461538
0.10243015384615384
0.12370892307692308
0.12162276923076921
0.10389046153846154
0.08010830769230769
0.054657230769230764
0.024408000000000003
-0.009804923076923077
-0.04318338461538461
-0.0609156923076923
-0.04631261538461538
-0.013768615384615384
0.024408000000000003
0.05611753846153846
0.07885661538461539
0.0988836923076923
0.119328
0.12788123076923075
0.116616
0.06571384615384615
-0.011891076923076923
-0.07802215384615384
-0.13747753846153846
-0.1710646153846154
-0.21654276923076923
-0.24074215384615386
-0.22843384615384613
-0.16271999999999998
-0.01272553846153846
0.22196676923076922
0.444768
0.5743181538461538
0.7243126153846153
0.804420923076923
0.8546972307692308
0.7983710769230769
0.5553341538461538
0.23239753846153846
-0.1992276923076923
-0.5584633846153846
-0.8903704615384616
-1.1830578461538461
-1.3509932307692307
-1.421713846153846
-1.225824
-0.8582436923076924
-0.3454670769230769
0.23260615384615385
0.7005304615384614
1.1106683076923076
1.3559999999999999
1.419001846153846
1.3042633846153846
0.9381433846153846
0.4522781538461538
-0.10368184615384615
-0.6648572307692308
-1.0510043076923077
-1.3057236923076923
-1.3804079999999999
-1.2683815384615384
-1.0309772307692309
-0.6248030769230769
-0.1558356923076923
0.35297723076923077
0.8238221538461539
1.1459243076923076
1.3303403076923077
1.3549569230769232
1.2487716923076924
1.0063606153846154
0.611868923076923
0.14311015384615386
-0.3425464615384616
-0.7593599999999999
-1.0560110769230768
-1.2500233846153845
-1.3073926153846154
-1.223112
-1.0140793846153846
-0.6836326153846153
-0.30416123076923074
0.08010830769230769
0.45311261538461534
0.7618633846153846
1.0165827692307692
1.1834750769230769
1.2062141538461537
1.0866775384615384
0.8256996923076924
0.47606030769230767
0.07343261538461537
-0.35151692307692306
-0.7458
-1.0691538461538461
-1.2652523076923077
-1.3276283076923077
-1.2210258461538461
-0.9216627692307693
-0.5073526153846153
-0.007510153846153846
0.5240418461538462
1.0090726153846152
1.3985575384615385
1.6094676923076923
1.6182295384615384
1.4066935384615384
0.9909230769230769
0.4733483076923077
-0.10660246153846153
-0.6834239999999999
-1.1845181538461538
-1.5483433846153847
-1.6918707692307693
-1.6132227692307692
-1.3315919999999999
-0.8843206153846153
-0.3321156923076923
0.2891409230769231
0.8788966153846154
1.341396923076923
1.625739692307692
1.6555716923076922
1.4648972307692307
1.102740923076923
0.6037329230769231
0.07259815384615384
-0.4487316923076923
-0.8968375384615385
-1.1972436923076923
-1.3334695384615385
-1.271928
-1.0409907692307692
-0.6948978461538461
-0.2768326153846154
0.15145476923076923
0.5497015384615385
0.8632504615384615
1.062060923076923
1.132572923076923
1.0656073846153846
0.8839033846153846
0.6106172307692308
0.29414769230769233
-0.02858030769230769
-0.32606584615384615
-0.5647218461538461
-0.7276504615384615
-0.8123483076923077
-0.8065070769230769
-0.7126301538461539
-0.5709803076923077
-0.38030584615384616
-0.15604430769230768
0.09116492307692307
0.34066892307692304
0.5430258461538462
0.6961495384615385
0.7750061538461538
0.7787612307692308
0.7188886153846153
0.5812024615384616
0.38698153846153843
0.1424843076923077
-0.12537784615384615
-0.38593846153846156
-0.6160412307692308
-0.7768836923076924
-0.8607470769230768
-0.8415544615384615
-0.7255643076923077
-0.5330123076923077
-0.2682793846153846
0.029623384615384614
0.3350363076923077
0.6089483076923077
0.7983710769230769
0.8797310769230768
0.8507335384615384
0.7042855384615384
0.46250030769230766
0.1704387692307692
-0.14853415384615384
-0.44643692307692306
-0.6834239999999999
-0.8261169230769231
-0.8528196923076923
-0.7764664615384615
-0.6081138461538461
-0.3790541538461539
-0.11745046153846153
0.13872923076923074
0.35986153846153845
0.5286313846153846
0.6214652307692308
0.641075076923077
0.5878781538461538
0.4825273846153846
0.3448412307692308
0.1940123076923077
0.056326153846153845
-0.06008123076923077
-0.13455692307692307
-0.16647507692307692
-0.1704387692307692
-0.14540492307692307
-0.11014892307692307
-0.08887015384615385
-0.07697907692307693
-0.06800861538461538
-0.053614153846153846
-0.025033846153846153
0.0012516923076923076
0.03609046153846154
0.08782707692307692
0.1506203076923077
0.22029784615384615
0.2659846153846154
0.2864289230769231
0.26681907692307694
0.208824
0.12704676923076924
0.011473846153846154
-0.11327815384615383
-0.24282830769230768
-0.3502652307692307
-0.3994984615384615
-0.4026276923076923
-0.34275507692307694
-0.2273907692307692
-0.08469784615384615
0.0897046153846154
0.2626467692307692
0.4188996923076923
0.5409396923076923
0.584748923076923
0.5611753846153846
0.4549901538461538
0.2822566153846154
0.08094276923076923
-0.13706030769230768
-0.3243969230769231
-0.47960676923076917
-0.5793249230769231
-0.5903815384615384
-0.5259193846153846
-0.38760738461538463
-0.2125790769230769
-0.026285538461538457
0.16230276923076925
0.31542646153846154
0.4291218461538462
0.4756430769230769
0.42995630769230764
0.32085046153846153
0.16626646153846153
0.009179076923076922
-0.13184492307692308
-0.25159015384615385
-0.3212676923076923
-0.3558978461538462
-0.3408775384615384
-0.2695310769230769
-0.1777403076923077
-0.06759138461538462
0.022947692307692308
0.09763200000000001
0.16209415384615386
0.19735015384615384
0.22321846153846153
0.22196676923076922
0.20402584615384614
0.17315076923076922
0.13601723076923075
0.10660246153846153
0.061750153846153844
0.0029206153846153843
-0.06154153846153846
-0.12412615384615384
-0.1696043076923077
-0.1942209230769231
-0.2056947692307692
-0.19672430769230767
-0.17628
-0.1353913846153846
-0.06946892307692307
0.001043076923076923
0.07635323076923077
0.12516923076923075
0.15541846153846153
0.1783661538461538
0.17732307692307692
0.1639716923076923
0.116616
0.040679999999999994
-0.042348923076923076
-0.12412615384615384
-0.1777403076923077
-0.2073636923076923
-0.2125790769230769
-0.18232984615384615
-0.12516923076923075
-0.028788923076923077
0.0934596923076923
0.20944984615384615
0.30708184615384615
0.35256
0.3452584615384615
0.2912270769230769
0.19025723076923076
0.06154153846153846
-0.0892873846153846
-0.22572184615384616
-0.3187643076923077
-0.3609046153846154
-0.3402516923076923
-0.2768326153846154
-0.18212123076923076
-0.06800861538461538
0.04839876923076923
0.16459753846153846
0.2480436923076923
0.2730775384615384
0.2503384615384615
0.17982646153846152
0.0826116923076923
-0.02899753846153846
-0.15208061538461537
-0.2532590769230769
-0.33670523076923076
-0.37550769230769226
-0.3550633846153846
-0.29832
-0.19526400000000002
-0.07113784615384615
0.06070707692307692
0.1948467692307692
0.3131316923076923
0.40346215384615386
0.427452923076923
0.38030584615384616
0.29331323076923077
0.17315076923076922
0.04318338461538461
-0.08782707692307692
-0.20277415384615383
-0.26765353846153844
-0.29352184615384613
-0.26118646153846153
-0.1794092307692308
-0.07426707692307692
0.051528
0.16334584615384617
0.2591003076923077
0.32669169230769235
0.34275507692307694
0.3195987692307692
0.24866953846153847
0.1506203076923077
0.05799507692307692
-0.03337846153846154
-0.10389046153846154
-0.15520984615384617
-0.1883796923076923
-0.1913003076923077
-0.1656406153846154
-0.0961716923076923
-0.01710646153846154
0.054657230769230764
0.12245723076923076
0.1787833846153846
0.23490092307692306
0.2647329230769231
0.2724516923076923
0.25951753846153847
0.2221753846153846
0.16710092307692306
0.09554584615384615
0.016897846153846156
-0.06821723076923077
-0.15687876923076924
-0.23010276923076922
-0.2620209230769231
-0.2620209230769231
-0.2261390769230769
-0.16584923076923075
-0.08574092307692306
0.010848
0.10472492307692308
0.19547261538461536
0.2670276923076923
0.31855569230769226
0.33712246153846154
0.31667815384615383
0.2638984615384615
0.1802436923076923
0.07384984615384615
-0.03942830769230769
-0.15249784615384615
-0.24512307692307692
-0.30374399999999996
-0.3277347692307692
-0.30061476923076924
-0.2399076923076923
-0.13852061538461538
-0.01668923076923077
0.09992676923076924
0.208824
0.27286892307692306
0.2970683076923077
0.279336
0.22154953846153846
0.12975876923076923
0.001043076923076923
-0.13309661538461537
-0.25200738461538463
-0.3387913846153846
-0.38531261538461536
-0.3942830769230769
-0.3744646153846154
-0.32272799999999996
-0.23969907692307693
-0.13455692307692307
-0.02273907692307692
0.06759138461538462
0.12788123076923075
0.14978584615384616
0.15333230769230768
0.14018953846153845
0.10514215384615383
0.0678
0.02023569230769231
-0.029206153846153847
-0.07259815384615384
-0.10117846153846152
-0.11098338461538461
-0.11807630769230769
-0.10994030769230768
-0.0897046153846154
-0.059872615384615385
-0.01397723076923077
0.034630153846153845
0.07969107692307692
0.11974523076923077
0.14686523076923075
0.168144
0.18504184615384617
0.1775316923076923
0.15082892307692305
0.100344
0.045895384615384616
-0.004798153846153846
-0.05757784615384615
-0.09679753846153846
-0.13497415384615385
-0.14728246153846153
-0.13935507692307691
-0.12391753846153845
-0.08699261538461538
-0.04652123076923077
0.006049846153846154
0.07238953846153846
0.14123261538461537
0.20548615384615385
0.24470584615384613
0.2507556923076923
0.22843384615384613
0.1733593846153846
0.10117846153846152
0.024616615384615383
-0.05298830769230769
-0.10618523076923077
-0.13497415384615385
-0.11765907692307691
-0.07218092307692307
0.0012516923076923076
0.08302892307692307
0.13935507692307691
0.20673784615384616
0.2601433846153846
0.3008233846153846
0.30436984615384616
0.254928
0.1913003076923077
0.14477907692307693
0.10576799999999999
0.16251138461538459
0.19150892307692308
0.05194523076923077
-0.006467076923076923
-0.09471138461538461
-0.10055261538461538
0.0014603076923076922
-0.12725538461538463
-0.21800307692307694
-0.306456
-0.2853858461538461
-0.09283384615384616
-0.03233538461538461
0.035464615384615386
-0.008761846153846153
0.042557538461538466
0.20715507692307691
0.26723630769230766
0.3235624615384615
0.13789476923076924
-0.02044430769230769
-0.08907876923076924
-0.20277415384615383
-0.15771323076923077
-0.2453316923076923
-0.29414769230769233
-0.2292683076923077
-0.26911384615384615
-0.10910584615384614
0.01814953846153846
0.08323753846153846
0.23072861538461537
0.19171753846153847
0.1948467692307692
0.208824
0.1543753846153846
0.19171753846153847
0.09658892307692307
-0.022530461538461537
-0.11306953846153844
-0.19150892307692308
-0.13852061538461538
-0.14978584615384616
-0.17565415384615385
-0.18316430769230768
-0.17565415384615385
-0.024199384615384616
0.07301538461538462
0.10535076923076922
0.1356
0.08761846153846153
0.130176
0.16230276923076925
0.11536430769230768
0.11828492307692307
0.05528307692307692
0.03337846153846154
0.07843938461538462
0.047981538461538464
0.02232184615384615
-0.046104
-0.13455692307692307
-0.1597993846153846
-0.18983999999999998
-0.20131384615384615
-0.19296923076923078
-0.15187199999999998
-0.10055261538461538
-0.04985907692307692
0.05319692307692307
0.1207883076923077
0.1842073846153846
0.23177169230769232
0.19609846153846153
0.1869193846153846
0.1506203076923077
0.08636676923076922
0.03045784615384615
-0.08386338461538462
-0.1449876923076923
-0.17711446153846155
-0.20778092307692309
-0.1927606153846154
-0.18232984615384615
-0.10785415384615385
0.03045784615384615
0.1612596923076923
0.24679199999999998
0.2568055384615385
0.25471938461538457
0.23886461538461537
0.1792006153846154
0.09700615384615385
-0.05048492307692308
-0.17440246153846153
-0.21925476923076925
-0.2572227692307692
-0.22113230769230768
-0.16418030769230768
-0.11056615384615384
0.003963692307692307
0.08720123076923077
0.17148184615384612
0.2482523076923077
0.249504
0.21508246153846153
0.130176
0.021278769230769233
-0.07948246153846153
-0.16292861538461537
-0.20486030769230767
-0.23385784615384617
-0.21988061538461537
-0.1597993846153846
-0.07948246153846153
0.04526953846153846
0.1506203076923077
0.2357353846153846
0.2914356923076923
0.2709913846153846
0.2574313846153846
0.22718215384615387
0.14519630769230768
0.06404492307692307
-0.040054153846153843
-0.103056
-0.09116492307692307
-0.08761846153846153
-0.07343261538461537
-0.06049846153846154
-0.04380923076923077
0.03108369230769231
0.10618523076923077
0.1785747692307692
0.2207150769230769
0.1992276923076923
0.16188553846153847
0.09074769230769231
0.025659692307692307
-0.03901107692307692
-0.11056615384615384
-0.13852061538461538
-0.17461107692307692
-0.18128676923076922
-0.15520984615384617
-0.12913292307692306
-0.059872615384615385
-0.02044430769230769
-0.018775384615384614
0.004172307692307692
0.011891076923076923
0.03421292307692308
0.05173661538461538
0.035464615384615386
0.03212676923076923
0.016063384615384615
0.008136
0.0008344615384615384
-0.023990769230769232
-0.04380923076923077
-0.07927384615384615
-0.09575446153846154
-0.0936683076923077
-0.09283384615384616
-0.059664
-0.017940923076923077
0.03838523076923077
0.10222153846153846
0.13038461538461538
0.16835261538461538
0.20173107692307693
0.20465169230769228
0.18629353846153843
0.13038461538461538
0.06529661538461538
-0.0018775384615384615
-0.08031692307692308
-0.15374953846153847
-0.2225926153846154
-0.2749550769230769
-0.28267384615384616
-0.23239753846153846
-0.143736
-0.052153846153846155
0.03421292307692308
0.11411261538461538
0.18316430769230768
0.21800307692307694
0.20256553846153844
0.15333230769230768
0.07218092307692307
-0.03984553846153846
-0.14832553846153845
-0.2482523076923077
-0.3252313846153846
-0.35464615384615383
-0.3454670769230769
-0.28434276923076923
-0.18170399999999998
-0.05945538461538461
0.07197230769230768
0.18775384615384613
0.26619323076923074
0.29915446153846154
0.28476
0.22300984615384614
0.11682461538461539
-0.021487384615384613
-0.1696043076923077
-0.2937304615384615
-0.36340799999999995
-0.3707095384615384
-0.32627446153846157
-0.24700061538461537
-0.1462393846153846
-0.01981846153846154
0.11974523076923077
0.24449723076923074
0.3252313846153846
0.3277347692307692
0.2862203076923077
0.2205064615384615
0.13455692307692307
0.04422646153846154
-0.05507446153846154
-0.14269292307692305
-0.20673784615384616
-0.2238443076923077
-0.1942209230769231
-0.1356
-0.05570030769230769
0.010013538461538461
0.07238953846153846
0.14081538461538462
0.19192615384615386
0.23385784615384617
0.25054707692307693
0.23281476923076924
0.19338646153846153
0.12913292307692306
0.06571384615384615
0.015646153846153844
-0.03650769230769231
-0.08115138461538463
-0.11160923076923077
-0.10868861538461538
-0.06571384615384615
-0.01856676923076923
0.026911384615384615
0.06842584615384616
0.11244369230769231
0.16772676923076923
0.21654276923076923
0.238656
0.22989415384615383
0.21091015384615383
0.19609846153846153
0.17732307692307692
0.14978584615384616
0.11223507692307692
0.07113784615384615
0.04860738461538461
0.03963692307692308
0.03275261538461539
0.02545107692307692
0.019192615384615384
0.03400430769230769
0.06675692307692307
0.1136953846153846
0.16334584615384617
0.19735015384615384
0.214248
0.20944984615384615
0.18316430769230768
0.14206707692307693
0.08991323076923076
0.015854769230769228
-0.061750153846153844
-0.130176
-0.18963138461538462
-0.21487384615384614
-0.21445661538461538
-0.19317784615384614
-0.1476996923076923
-0.09512861538461538
-0.03337846153846154
0.03150092307692308
0.0828203076923077
0.11828492307692307
0.11995384615384615
0.10409907692307692
0.09199938461538461
0.06926030769230769
0.04965046153846154
0.018358153846153843
-0.021278769230769233
-0.05048492307692308
-0.0744756923076923
-0.0853236923076923
-0.09325107692307691
-0.09012184615384615
-0.06905169230769231
-0.035255999999999996
0.006675692307692307
0.04401784615384615
0.08177723076923075
0.10994030769230768
0.11557292307692307
0.10910584615384614
0.07969107692307692
0.021904615384615383
-0.0448523076923077
-0.11536430769230768
-0.1635544615384615
-0.18379015384615385
-0.1867107692307692
-0.1612596923076923
-0.12725538461538463
-0.07781353846153846
-0.003755076923076923
0.06195876923076923
0.11807630769230769
0.154584
0.1693956923076923
0.1704387692307692
0.1506203076923077
0.11494707692307692
0.05799507692307692
-0.010848
-0.07364123076923076
-0.1218313846153846
-0.14665661538461539
-0.15333230769230768
-0.1502030769230769
-0.13247076923076923
-0.0892873846153846
-0.025033846153846153
0.04985907692307692
0.11599015384615384
0.16313723076923078
0.18545907692307692
0.1693956923076923
0.1356
0.08386338461538462
0.006467076923076923
-0.073224
-0.15625292307692307
-0.21487384615384614
-0.23177169230769232
-0.22864246153846152
-0.1977673846153846
-0.15541846153846153
-0.10868861538461538
-0.043392
0.01668923076923077
0.06592246153846154
0.10576799999999999
0.12245723076923076
0.1287156923076923
0.1316363076923077
0.12725538461538463
0.12037107692307693
0.103056
0.07343261538461537
0.04860738461538461
0.03650769230769231
0.03275261538461539
0.03984553846153846
0.05048492307692308
0.05611753846153846
0.062376
0.07572738461538461
0.08845292307692308
0.0988836923076923
0.10430769230769231
0.09971815384615385
0.08720123076923077
0.06049846153846154
0.030040615384615384
-0.009596307692307692
-0.04985907692307692
-0.07593599999999999
-0.09241661538461539
-0.09179076923076923
-0.08428061538461538
-0.06300184615384616
-0.037342153846153844
-0.0008344615384615384
0.03942830769230769
0.06300184615384616
0.08115138461538463
0.0771876923076923
0.05277969230769231
0.016897846153846156
-0.01856676923076923
-0.041514461538461535
-0.059872615384615385
-0.07072061538461538
-0.06216738461538462
-0.03963692307692308
-0.007301538461538462
0.03859384615384615
0.08574092307692306
0.13247076923076923
0.1656406153846154
0.17419384615384614
0.16626646153846153
0.13101046153846155
0.07218092307692307
-0.011056615384615385
-0.10263876923076923
-0.1792006153846154
-0.2436627692307692
-0.28392553846153845
-0.29331323076923077
-0.26452430769230767
-0.1940123076923077
-0.09930092307692308
-0.0006258461538461538
0.09491999999999999
0.16876984615384616
0.20798953846153845
0.19881046153846152
0.14311015384615386
0.054240000000000003
-0.06529661538461538
-0.1800350769230769
-0.27787569230769227
-0.34692738461538464
-0.3798886153846154
-0.37592492307692305
-0.31500923076923076
-0.20632061538461538
-0.05444861538461539
0.11077476923076923
0.26076923076923075
0.3848953846153846
0.45686769230769225
0.47063630769230763
0.4134756923076923
0.2997803076923077
0.14394461538461537
-0.030875076923076922
-0.18900553846153845
-0.33065538461538463
-0.42265476923076917
-0.4823187692307692
-0.508812923076923
-0.48857723076923076
-0.3884418461538462
-0.19693292307692306
0.033169846153846154
0.31188
0.5303003076923076
0.7103353846153846
0.8350873846153846
0.8572006153846153
0.8215273846153847
0.6054018461538461
0.31646953846153847
-0.018358153846153843
-0.30583015384615386
-0.5079784615384615
-0.720348923076923
-0.7820990769230769
-0.7960763076923076
-0.6600590769230769
-0.37738523076923075
-0.09679753846153846
0.2288510769230769
0.45206953846153847
0.6325218461538461
0.7353692307692308
0.7063716923076923
0.6056104615384615
0.37300430769230764
0.1070196923076923
-0.17231630769230769
-0.44956615384615384
-0.6258461538461538
-0.7353692307692308
-0.7318227692307692
-0.6350252307692307
-0.5038061538461538
-0.30562153846153844
-0.11578153846153846
0.07468430769230769
0.23364923076923078
0.29331323076923077
0.3327415384615385
0.32961230769230765
0.31834707692307695
0.30708184615384615
0.2330233846153846
0.14436184615384615
0.03108369230769231
-0.07781353846153846
-0.1558356923076923
-0.2415766153846154
-0.314592
-0.35256
-0.33649661538461534
-0.2561796923076923
-0.15228923076923076
-0.0446436923076923
0.059664
0.1614683076923077
0.27871015384615383
0.3686233846153846
0.4287046153846154
0.45311261538461534
0.42661846153846156
0.37926276923076924
0.2849686153846154
0.14811692307692306
-0.007927384615384614
-0.18107815384615383
-0.32585723076923073
-0.42995630769230764
-0.47126215384615383
-0.4239064615384615
-0.3198073846153846
-0.16710092307692306
0.008136
0.18170399999999998
0.34630153846153844
0.4679243076923077
0.5296744615384615
0.509856
0.4174393846153846
0.30854215384615385
0.18483323076923078
0.05924676923076923
-0.05507446153846154
-0.15687876923076924
-0.19818461538461538
-0.1923433846153846
-0.15479261538461536
-0.09012184615384615
-0.028788923076923077
0.04985907692307692
0.14540492307692307
0.22780799999999998
0.27599815384615384
0.27787569230769227
0.2426196923076923
0.1856676923076923
0.124752
0.05736923076923077
-0.01397723076923077
-0.07092923076923077
-0.11140061538461538
-0.12662953846153846
-0.1028473846153846
-0.06946892307692307
-0.03859384615384615
-0.02273907692307692
-0.03755076923076923
-0.051319384615384614
-0.07280676923076923
-0.08761846153846153
-0.08469784615384615
-0.084072
-0.05590892307692308
-0.0077187692307692304
0.05298830769230769
0.12329169230769231
0.17544553846153846
0.1992276923076923
0.18253846153846154
0.1476996923076923
0.10868861538461538
0.05736923076923077
-0.006049846153846154
-0.08177723076923075
-0.13914646153846155
-0.15687876923076924
-0.14790830769230767
-0.11411261538461538
-0.06362769230769232
-0.007301538461538462
0.06216738461538462
0.13247076923076923
0.18253846153846154
0.20632061538461538
0.19004861538461537
0.14436184615384615
0.08198584615384615
0.0008344615384615384
-0.07760492307692309
-0.15479261538461536
-0.214248
-0.23531815384615382
-0.22405292307692307
-0.17169046153846151
-0.09658892307692307
-0.008761846153846153
0.07760492307692309
0.13789476923076924
0.18170399999999998
0.18921415384615384
0.15813046153846153
0.10952307692307692
0.03838523076923077
-0.02357353846153846
-0.06550523076923077
-0.08699261538461538
-0.07510153846153846
-0.04652123076923077
0.0016689230769230767
0.06195876923076923
0.11160923076923077
0.1424843076923077
0.13330523076923076
0.08824430769230769
0.026702769230769228
-0.042974769230769226
-0.10430769230769231
-0.16042523076923076
-0.1992276923076923
-0.206112
-0.18942276923076923
-0.14144123076923076
-0.07739630769230768
-0.014811692307692307
0.053614153846153846
0.11578153846153846
0.17565415384615385
0.21779446153846155
0.2221753846153846
0.20339999999999997
0.15792184615384616
0.09158215384615384
0.021487384615384613
-0.047772923076923074
-0.111192
-0.1570873846153846
-0.1802436923076923
-0.1696043076923077
-0.11098338461538461
-0.02482523076923077
0.06633969230769231
0.14540492307692307
0.20360861538461536
0.23949046153846154
0.24595753846153845
0.22634769230769228
0.1783661538461538
0.10994030769230768
0.029623384615384614
-0.03650769230769231
-0.07635323076923077
-0.10243015384615384
-0.10868861538461538
-0.10681107692307691
-0.09450276923076922
-0.07593599999999999
-0.06696553846153847
-0.06571384615384615
-0.08010830769230769
-0.09262523076923077
-0.08761846153846153
-0.07218092307692307
-0.043392
-0.01981846153846154
0.0025033846153846152
0.03379569230769231
0.07614461538461538
0.12350030769230769
0.143736
0.13372246153846154
0.0988836923076923
0.058829538461538454
0.024199384615384616
-0.011891076923076923
-0.03650769230769231
-0.051528
-0.07364123076923076
-0.07405846153846153
-0.042974769230769226
-0.0002086153846153846
0.04401784615384615
0.06675692307692307
0.08448923076923077
0.09533723076923077
0.08824430769230769
0.06946892307692307
0.03400430769230769
-0.011056615384615385
-0.06884307692307692
-0.12391753846153845
-0.15938215384615384
-0.1858763076923077
-0.21070153846153844
-0.22551323076923077
-0.2205064615384615
-0.18545907692307692
-0.127464
-0.07092923076923077
-0.012934153846153845
0.03609046153846154
0.07426707692307692
0.1028473846153846
0.1136953846153846
0.10597661538461538
0.07343261538461537
0.03629907692307692
0.0043809230769230765
-0.01981846153846154
-0.037342153846153844
-0.05236246153846154
-0.06154153846153846
-0.06529661538461538
-0.06592246153846154
-0.059038153846153844
-0.044435076923076924
-0.03233538461538461
-0.01272553846153846
0.02273907692307692
0.07802215384615384
0.14477907692307693
0.20423446153846153
0.24574892307692306
0.25847446153846154
0.249504
0.22676492307692306
0.1794092307692308
0.10722830769230769
0.014185846153846153
-0.07739630769230768
-0.15562707692307692
-0.21028430769230766
-0.22342707692307692
-0.21654276923076923
-0.18337292307692307
-0.12162276923076921
-0.041514461538461535
0.05298830769230769
0.130176
0.18086953846153844
0.20298276923076922
0.20006215384615383
0.17628
0.12391753846153845
0.04652123076923077
-0.044435076923076924
-0.1353913846153846
-0.20715507692307691
-0.24512307692307692
-0.2532590769230769
-0.24178523076923078
-0.21675138461538462
-0.17586276923076924
-0.11223507692307692
-0.03901107692307692
0.021904615384615383
0.059872615384615385
0.06738276923076922
0.05319692307692307
0.035255999999999996
0.017940923076923077
0.0029206153846153843
-0.02899753846153846
-0.056951999999999996
-0.06216738461538462
-0.058412307692307694
-0.03045784615384615
-0.005841230769230769
0.017523692307692306
0.04944184615384615
0.07113784615384615
0.09658892307692307
0.10660246153846153
0.09512861538461538
0.07510153846153846
0.04860738461538461
0.035464615384615386
0.04172307692307692
0.05653476923076922
0.073224
0.092208
0.119328
0.14957723076923077
0.15896492307692306
0.14707384615384617
0.10117846153846152
0.03233538461538461
-0.026285538461538457
-0.07405846153846153
-0.09429415384615383
-0.10994030769230768
-0.11265230769230769
-0.08720123076923077
-0.03713353846153846
0.03859384615384615
0.10743692307692307
0.1570873846153846
0.18379015384615385
0.19839323076923077
0.20715507692307691
0.2073636923076923
0.18921415384615384
0.14749107692307692
0.08949599999999999
0.03024923076923077
-0.00855323076923077
-0.028788923076923077
-0.03609046153846154
-0.04631261538461538
-0.04714707692307692
-0.02753723076923077
0.0002086153846153846
0.04214030769230769
0.078648
0.10055261538461538
0.11891076923076922
0.12955015384615384
0.13706030769230768
0.13476553846153844
0.10868861538461538
0.07218092307692307
0.03567323076923076
0.011682461538461537
0.002086153846153846
-0.015228923076923076
-0.03609046153846154
-0.06028984615384615
-0.0826116923076923
-0.09387692307692307
-0.09262523076923077
-0.08615815384615384
-0.09074769230769231
-0.09679753846153846
-0.09825784615384614
-0.08720123076923077
-0.05799507692307692
-0.028788923076923077
-0.011891076923076923
-0.010639384615384617
-0.023364923076923075
-0.034630153846153845
-0.05236246153846154
-0.08198584615384615
-0.11432123076923076
-0.14123261538461537
-0.14394461538461537
-0.11724184615384614
-0.06425353846153846
-0.002086153846153846
0.061124307692307686
0.12350030769230769
0.17544553846153846
0.21007569230769232
0.20819815384615384
0.17023015384615386
0.10493353846153847
0.02482523076923077
-0.05277969230769231
-0.12329169230769231
-0.17732307692307692
-0.21091015384615383
-0.2056947692307692
-0.16042523076923076
-0.08115138461538463
0.02545107692307692
0.12683815384615382
0.22008923076923076
0.29498215384615384
0.33816553846153846
0.34692738461538464
0.306456
0.2261390769230769
0.11911938461538461
-0.0033378461538461535
-0.1136953846153846
-0.19505538461538463
-0.2426196923076923
-0.24512307692307692
-0.20506892307692307
-0.13121907692307694
-0.03984553846153846
0.05736923076923077
0.13914646153846155
0.1883796923076923
0.21508246153846153
0.2056947692307692
0.1693956923076923
0.11578153846153846
0.037967999999999995
-0.041514461538461535
-0.11953661538461538
-0.18316430769230768
-0.22029784615384615
-0.23093723076923076
-0.21883753846153844
-0.1846246153846154
-0.12662953846153846
-0.04693846153846153
0.037342153846153844
0.11828492307692307
0.18128676923076922
0.20444307692307692
0.21466523076923077
0.16334584615384617
0.09971815384615385
0.032544
-0.035464615384615386
-0.07384984615384615
-0.11974523076923077
-0.11891076923076922
-0.08219446153846154
-0.009179076923076922
0.10535076923076922
0.30833353846153844
0.3285692307692308
0.265776
0.2724516923076923
0.17481969230769231
0.2357353846153846
0.12704676923076924
-0.06946892307692307
-0.20319138461538463
-0.3692492307692308
-0.24658338461538462
-0.1856676923076923
-0.1151556923076923
-0.07885661538461539
-0.10743692307692307
0.08887015384615385
0.17523692307692307
0.295608
0.2695310769230769
0.051528
-0.011891076923076923
-0.16897846153846155
-0.19964492307692308
-0.20965846153846154
-0.3485963076923077
-0.28204799999999997
-0.2999889230769231
-0.23344061538461539
0.003129230769230769
0.08657538461538461
0.2724516923076923
0.32272799999999996
0.2655673846153846
0.2993630769230769
0.19672430769230767
0.19755876923076923
0.1543753846153846
-0.011682461538461537
-0.1151556923076923
-0.2509643076923077
-0.23510953846153848
-0.18483323076923078
-0.21529107692307692
-0.17732307692307692
-0.19588984615384614
-0.1070196923076923
0.04902461538461538
0.092208
0.17169046153846151
0.1597993846153846
0.16480615384615382
0.25555384615384613
0.23761292307692305
0.2422024615384615
0.20402584615384614
0.10597661538461538
0.09867507692307692
0.054240000000000003
0.012099692307692308
-0.04109723076923077
-0.1506203076923077
-0.19213476923076922
-0.22947692307692308
-0.21737723076923077
-0.16501476923076921
-0.09241661538461539
0.03775938461538462
0.10013538461538461
0.20173107692307693
0.3133403076923077
0.35256
0.39741230769230773
0.31772123076923076
0.19818461538461538
0.08761846153846153
-0.08323753846153846
-0.18545907692307692
-0.30895938461538464
-0.41723076923076924
-0.4184824615384615
-0.3949089230769231
-0.2807963076923077
-0.16334584615384617
-0.05298830769230769
0.10326461538461539
0.22029784615384615
0.31250584615384613
0.3127144615384615
0.24720923076923076
0.1923433846153846
0.08094276923076923
-0.026494153846153844
-0.13226215384615383
-0.2628553846153846
-0.2993630769230769
-0.3116713846153846
-0.28768061538461537
-0.1883796923076923
-0.12621230769230768
-0.02232184615384615
0.061124307692307686
0.09095630769230768
0.14686523076923075
0.15333230769230768
0.15354092307692307
0.12642092307692307
0.058412307692307694
0.012934153846153845
-0.040679999999999994
-0.047981538461538464
-0.035464615384615386
-0.037342153846153844
-0.02524246153846154
-0.06300184615384616
-0.08156861538461539
-0.08866153846153846
-0.13226215384615383
-0.1435273846153846
-0.18983999999999998
-0.21696000000000001
-0.16188553846153847
-0.09512861538461538
0.003755076923076923
0.07489292307692308
0.11411261538461538
0.19651569230769228
0.265776
0.3160523076923077
0.3114627692307692
0.2207150769230769
0.1218313846153846
0.011473846153846154
-0.08344615384615384
-0.14853415384615384
-0.21967199999999998
-0.25200738461538463
-0.2618123076923077
-0.21925476923076925
-0.10618523076923077
0.009387692307692307
0.1504116923076923
0.24345415384615382
0.273912
0.30249230769230767
0.2860116923076923
0.26452430769230767
0.208824
0.0744756923076923
-0.051528
-0.1504116923076923
-0.20027076923076922
-0.19985353846153847
-0.20819815384615384
-0.20527753846153846
-0.18900553846153845
-0.12788123076923075
-0.02357353846153846
0.05444861538461539
0.11765907692307691
0.13434830769230768
0.12996738461538462
0.13810338461538463
0.1218313846153846
0.09992676923076924
0.04422646153846154
-0.015020307692307692
-0.040679999999999994
-0.05799507692307692
-0.038176615384615385
-0.010639384615384617
0.005841230769230769
0.012308307692307691
-0.0025033846153846152
0.006884307692307692
0.023364923076923075
0.023364923076923075
0.009596307692307692
-0.021070153846153846
-0.03337846153846154
-0.017940923076923077
0.021904615384615383
0.08115138461538463
0.10347323076923076
0.1028473846153846
0.10535076923076922
0.09429415384615383
0.07927384615384615
0.02795446153846154
-0.037967999999999995
-0.08135999999999999
-0.11494707692307692
-0.10681107692307691
-0.073224
-0.04839876923076923
-0.0035464615384615383
0.051528
0.11703323076923078
0.18274707692307693
0.21466523076923077
0.23156307692307693
0.22426153846153846
0.20715507692307691
0.18921415384615384
0.16334584615384617
0.14144123076923076
0.10347323076923076
0.06383630769230769
0.026285538461538457
-0.01043076923076923
-0.028788923076923077
-0.045895384615384616
-0.051528
-0.049233230769230765
-0.05382276923076923
-0.042974769230769226
-0.014603076923076923
0.026076923076923077
0.073224
0.09491999999999999
0.09596307692307693
0.09763200000000001
0.0826116923076923
0.06613107692307692
0.051528
0.022947692307692308
-0.012308307692307691
-0.05382276923076923
-0.07969107692307692
-0.08907876923076924
-0.08866153846153846
-0.07551876923076924
-0.07197230769230768
-0.06592246153846154
-0.04902461538461538
-0.023990769230769232
0.01668923076923077
0.04652123076923077
0.07197230769230768
0.08657538461538461
0.08594953846153845
0.0892873846153846
0.0826116923076923
0.06133292307692308
0.015646153846153844
-0.04401784615384615
-0.09304246153846155
-0.12621230769230768
-0.15124615384615384
-0.17398523076923075
-0.18942276923076923
-0.18650215384615382
-0.15667015384615385
-0.10618523076923077
-0.047772923076923074
0.006467076923076923
0.06028984615384615
0.10994030769230768
0.1543753846153846
0.18191261538461537
0.1775316923076923
0.15166338461538462
0.10159569230769232
0.03650769230769231
-0.02586830769230769
-0.08615815384615384
-0.14018953846153845
-0.1704387692307692
-0.16501476923076921
-0.11244369230769231
-0.012308307692307691
0.10389046153846154
0.21654276923076923
0.3102110769230769
0.3750904615384615
0.4113895384615384
0.40638276923076927
0.3550633846153846
0.2586830769230769
0.130176
0.013351384615384614
-0.07948246153846153
-0.14394461538461537
-0.1783661538461538
-0.1992276923076923
-0.18650215384615382
-0.14686523076923075
-0.0826116923076923
-0.006049846153846154
0.04318338461538461
0.06592246153846154
0.06362769230769232
0.05236246153846154
0.04965046153846154
0.035255999999999996
0.0008344615384615384
-0.04380923076923077
-0.08115138461538463
-0.086784
-0.07072061538461538
-0.043600615384615383
-0.02273907692307692
-0.01981846153846154
-0.011265230769230769
-0.003129230769230769
0.005632615384615384
0.0022947692307692304
-0.021904615384615383
-0.04318338461538461
-0.053614153846153846
-0.03880246153846154
-0.009596307692307692
0.010222153846153844
0.02357353846153846
0.03755076923076923
0.054240000000000003
0.07009476923076922
0.06404492307692307
0.02753723076923077
-0.03650769230769231
-0.11578153846153846
-0.17815753846153848
-0.21320492307692307
-0.22634769230769228
-0.22113230769230768
-0.20506892307692307
-0.1637630769230769
-0.08761846153846153
0.010013538461538461
0.09992676923076924
0.16334584615384617
0.19985353846153847
0.20173107692307693
0.1881710769230769
0.16042523076923076
0.09700615384615385
0.010013538461538461
-0.084072
-0.157296
-0.19505538461538463
-0.19672430769230767
-0.1710646153846154
-0.13351384615384615
-0.06550523076923077
0.02273907692307692
0.12412615384615384
0.21487384615384614
0.26222953846153846
0.28100492307692304
0.26535876923076923
0.22718215384615387
0.18066092307692305
0.10910584615384614
0.02273907692307692
-0.056951999999999996
-0.1205796923076923
-0.143736
-0.14331876923076922
-0.1422756923076923
-0.13101046153846155
-0.11870215384615385
-0.08156861538461539
-0.022530461538461537
0.044435076923076924
0.10597661538461538
0.13706030769230768
0.15938215384615384
0.1777403076923077
0.192552
0.19964492307692308
0.1779489230769231
0.13267938461538462
0.06404492307692307
-0.014603076923076923
-0.07843938461538462
-0.13914646153846155
-0.19609846153846153
-0.23469230769230767
-0.25951753846153847
-0.2374043076923077
-0.17502830769230768
-0.09909230769230769
-0.016480615384615385
0.047981538461538464
0.10827138461538462
0.15750461538461538
0.18212123076923076
0.1783661538461538
0.130176
0.05486584615384615
-0.03108369230769231
-0.12037107692307693
-0.20339999999999997
-0.28017046153846153
-0.33941723076923075
-0.3584012307692308
-0.32669169230769235
-0.24470584615384613
-0.13476553846153844
-0.021070153846153846
0.09784061538461537
0.2090326153846154
0.2989458461538462
0.35694092307692304
0.360696
0.3008233846153846
0.1927606153846154
0.07155507692307693
-0.044435076923076924
-0.13998092307692306
-0.20256553846153844
-0.23823876923076923
-0.23364923076923078
-0.1881710769230769
-0.10806276923076923
0.0035464615384615383
0.11077476923076923
0.2056947692307692
0.28204799999999997
0.3179298461538461
0.3344104615384615
0.30979384615384614
0.2411593846153846
0.15395815384615386
0.041514461538461535
-0.054240000000000003
-0.12996738461538462
-0.19025723076923076
-0.2221753846153846
-0.23490092307692306
-0.20944984615384615
-0.14477907692307693
-0.06258461538461538
0.026702769230769228
0.103056
0.15562707692307692
0.18483323076923078
0.18629353846153843
0.1696043076923077
0.12391753846153845
0.06028984615384615
-0.0012516923076923076
-0.05090215384615384
-0.06133292307692308
-0.06258461538461538
-0.05757784615384615
-0.03692492307692308
-0.014603076923076923
0.028788923076923077
0.06613107692307692
0.09095630769230768
0.100344
0.07259815384615384
0.03713353846153846
0.005424
-0.04631261538461538
-0.08428061538461538
-0.11974523076923077
-0.12808984615384614
-0.07739630769230768
0.0002086153846153846
0.20861538461538462
0.2914356923076923
0.2891409230769231
0.34358953846153845
0.28246523076923075
0.287472
0.16209415384615386
-0.05570030769230769
-0.2557624615384615
-0.46708984615384613
-0.4647950769230769
-0.4652123076923077
-0.41618769230769226
-0.3235624615384615
-0.23093723076923076
0.026911384615384615
0.22134092307692307
0.42182030769230766
0.5350984615384615
0.44998338461538456
0.3907366153846154
0.233232
0.07760492307692309
-0.05924676923076923
-0.2814221538461538
-0.36945784615384614
-0.46688123076923077
-0.5150713846153846
-0.3848953846153846
-0.29039261538461536
-0.13309661538461537
-0.014603076923076923
0.03713353846153846
0.12329169230769231
0.1314276923076923
0.1783661538461538
0.19881046153846152
0.13893784615384613
0.09429415384615383
0.03442153846153846
0.03692492307692308
0.02899753846153846
-0.04568676923076923
-0.09846646153846153
-0.16647507692307692
-0.17544553846153846
-0.12913292307692306
-0.12621230769230768
-0.1028473846153846
-0.08782707692307692
-0.06321046153846153
0.021070153846153846
0.059038153846153844
0.10389046153846154
0.16042523076923076
0.1881710769230769
0.26306399999999996
0.31667815384615383
0.3377483076923077
0.3114627692307692
0.22154953846153846
0.12788123076923075
-0.0043809230769230765
-0.14519630769230768
-0.28350830769230767
-0.39365723076923076
-0.41952553846153845
-0.4243236923076923
-0.3383741538461538
-0.16480615384615382
-0.0035464615384615383
0.1794092307692308
0.32043323076923075
0.41660492307692304
0.4752258461538461
0.4376750769230769
0.35276861538461535
0.20715507692307691
0.028371692307692306
-0.103056
-0.21737723076923077
-0.30895938461538464
-0.3738387692307692
-0.3913624615384615
-0.31542646153846154
-0.19547261538461536
-0.05799507692307692
0.07238953846153846
0.19505538461538463
0.3440067692307692
0.44455938461538463
0.48190153846153844
0.45457292307692304
0.33253292307692306
0.2125790769230769
0.08031692307692308
-0.058412307692307694
-0.13184492307692308
-0.20486030769230767
-0.23156307692307693
-0.20652923076923077
-0.16730953846153845
-0.07072061538461538
0.026494153846153844
0.11202646153846153
0.1704387692307692
0.19067446153846154
0.21028430769230766
0.19296923076923078
0.1802436923076923
0.15938215384615384
0.11035753846153845
0.08344615384615384
0.0446436923076923
0.03129230769230769
0.028163076923076923
0.005215384615384615
0.009804923076923077
-0.0006258461538461538
-0.015020307692307692
-0.0035464615384615383
-0.011265230769230769
-0.026494153846153844
-0.035464615384615386
-0.03233538461538461
0.01272553846153846
0.08135999999999999
0.143736
0.18879692307692306
0.2138307692307692
0.23510953846153848
0.23093723076923076
0.1873366153846154
0.11640738461538462
0.024408000000000003
-0.058412307692307694
-0.14728246153846153
-0.21237046153846154
-0.2342750769230769
-0.23448369230769228
-0.16772676923076923
-0.0828203076923077
0.0025033846153846152
0.103056
0.1787833846153846
0.2647329230769231
0.3229366153846154
0.3193901538461538
0.273912
0.18379015384615385
0.08720123076923077
-0.009596307692307692
-0.10096984615384616
-0.17231630769230769
-0.23010276923076922
-0.2415766153846154
-0.21487384615384614
-0.16313723076923078
-0.07593599999999999
0.0025033846153846152
0.06341907692307691
0.10117846153846152
0.10868861538461538
0.11473846153846154
0.09116492307692307
0.03671630769230769
-0.02753723076923077
-0.11077476923076923
-0.17690584615384616
-0.20548615384615385
-0.20360861538461536
-0.18504184615384617
-0.16438892307692307
-0.12913292307692306
-0.07781353846153846
-0.01814953846153846
0.02795446153846154
0.031918153846153846
0.0029206153846153843
-0.049233230769230765
-0.09658892307692307
-0.12308307692307692
-0.15917353846153848
-0.1783661538461538
-0.17169046153846151
-0.14331876923076922
-0.08323753846153846
-0.014603076923076923
0.05194523076923077
0.09971815384615385
0.127464
0.14018953846153845
0.1353913846153846
0.09825784615384614
0.04318338461538461
-0.018358153846153843
-0.08323753846153846
-0.12662953846153846
-0.14519630769230768
-0.13309661538461537
-0.11599015384615384
-0.09658892307692307
-0.06028984615384615
0.002086153846153846
0.084072
0.1476996923076923
0.19317784615384614
0.20632061538461538
0.18650215384615382
0.15270646153846154
0.10347323076923076
0.045060923076923075
-0.022530461538461537
-0.09095630769230768
-0.13080184615384613
-0.11807630769230769
-0.06988615384615385
-0.005215384615384615
0.05236246153846154
0.0988836923076923
0.1462393846153846
0.18545907692307692
0.20924123076923076
0.20131384615384615
0.17252492307692308
0.12788123076923075
0.08490646153846154
0.06258461538461538
0.04631261538461538
0.03609046153846154
0.023990769230769232
0.01043076923076923
0.013142769230769229
0.018358153846153843
0.015646153846153844
0.006467076923076923
-0.013768615384615384
-0.019192615384615384
-0.017523692307692306
-0.011265230769230769
0.002086153846153846
0.014394461538461538
0.028163076923076923
0.03692492307692308
0.05653476923076922
0.06842584615384616
0.06717415384615384
0.048816000000000005
0.015020307692307692
-0.010013538461538461
-0.035464615384615386
-0.053405538461538456
-0.06842584615384616
-0.08782707692307692
-0.09575446153846154
-0.08469784615384615
-0.06070707692307692
-0.03650769230769231
-0.017315076923076923
0.003129230769230769
0.03233538461538461
0.06821723076923077
0.10535076923076922
0.12016246153846154
0.11056615384615384
0.08031692307692308
0.04172307692307692
0.01043076923076923
-0.03108369230769231
-0.06926030769230769
-0.10618523076923077
-0.13893784615384613
-0.13914646153846155
-0.1097316923076923
-0.0717636923076923
-0.03421292307692308
-0.0006258461538461538
0.03275261538461539
0.06550523076923077
0.07280676923076923
0.06279323076923077
0.028163076923076923
-0.013142769230769229
-0.04944184615384615
-0.08115138461538463
-0.09137353846153846
-0.10472492307692308
-0.11160923076923077
-0.11390399999999999
-0.11265230769230769
-0.09930092307692308
-0.08073415384615384
-0.05444861538461539
-0.022947692307692308
0.0043809230769230765
0.03066646153846154
0.048816000000000005
0.05048492307692308
0.04672984615384615
0.028163076923076923
0.0029206153846153843
-0.024408000000000003
-0.054657230769230764
-0.08782707692307692
-0.12391753846153845
-0.13664307692307692
-0.13497415384615385
-0.11807630769230769
-0.08699261538461538
-0.06613107692307692
-0.04401784615384615
-0.03024923076923077
-0.021696
-0.0025033846153846152
0.011265230769230769
0.023990769230769232
0.029832
0.025659692307692307
0.03212676923076923
0.03504738461538461
0.03901107692307692
0.044435076923076924
0.04526953846153846
0.06049846153846154
0.07092923076923077
0.07781353846153846
0.06675692307692307
0.03379569230769231
-0.0018775384615384615
-0.03838523076923077
-0.06195876923076923
-0.07009476923076922
-0.059038153846153844
-0.030040615384615384
0.004798153846153846
0.0448523076923077
0.09554584615384615
0.14269292307692305
0.17440246153846153
0.18337292307692307
0.1710646153846154
0.14102399999999998
0.08991323076923076
0.023364923076923075
-0.04526953846153846
-0.10639384615384614
-0.15270646153846154
-0.16647507692307692
-0.16000799999999998
-0.12850707692307692
-0.06988615384615385
0.001043076923076923
0.08386338461538462
0.17231630769230769
0.24679199999999998
0.29185292307692307
0.31000246153846156
0.2997803076923077
0.2699483076923077
0.21675138461538462
0.14060676923076923
0.07197230769230768
0.012308307692307691
-0.03755076923076923
-0.06633969230769231
-0.08198584615384615
-0.08615815384615384
-0.07259815384615384
-0.04735569230769231
-0.006467076923076923
0.04380923076923077
0.08448923076923077
0.11202646153846153
0.12725538461538463
0.13726892307692307
0.1356
0.11828492307692307
0.08866153846153846
0.04318338461538461
-0.01043076923076923
-0.06905169230769231
-0.11870215384615385
-0.15562707692307692
-0.19651569230769228
-0.222384
-0.22947692307692308
-0.21529107692307692
-0.1656406153846154
-0.1028473846153846
-0.03942830769230769
0.01814953846153846
0.0771876923076923
0.13935507692307691
0.1883796923076923
0.21091015384615383
0.2125790769230769
0.18963138461538462
0.12829846153846153
0.05298830769230769
-0.029206153846153847
-0.10806276923076923
-0.1787833846153846
-0.23761292307692305
-0.26097784615384617
-0.25513661538461535
-0.21716861538461538
-0.154584
-0.07489292307692308
0.02482523076923077
0.12162276923076921
0.20632061538461538
0.2624381538461539
0.2782929230769231
0.2647329230769231
0.22467876923076924
0.1712732307692308
0.10889723076923077
0.03358707692307692
-0.041514461538461535
-0.11035753846153845
-0.14519630769230768
-0.14749107692307692
-0.13726892307692307
-0.10597661538461538
-0.06258461538461538
-0.010848
0.04547815384615384
0.10117846153846152
0.14978584615384616
0.1710646153846154
0.17315076923076922
0.17398523076923075
0.17669723076923077
0.1787833846153846
0.16292861538461537
0.1218313846153846
0.06821723076923077
0.021278769230769233
-0.019609846153846155
-0.05444861538461539
-0.07781353846153846
-0.10243015384615384
-0.1136953846153846
-0.10389046153846154
-0.06717415384615384
-0.013142769230769229
0.016272
0.024199384615384616
0.0025033846153846152
-0.06049846153846154
-0.12391753846153845
-0.13518276923076925
-0.11724184615384614
-0.056951999999999996
0.03212676923076923
0.15520984615384617
0.34984799999999994
0.5058923076923076
0.6298098461538462
0.6490024615384615
0.5557513846153845
0.3984553846153846
0.20444307692307692
0.03275261538461539
-0.19338646153846153
-0.3442153846153846
-0.4522781538461538
-0.48565661538461535
-0.38426953846153844
-0.2749550769230769
-0.09596307692307693
0.06905169230769231
0.20715507692307691
0.33023815384615385
0.35235138461538457
0.2979027692307692
0.16605784615384614
-0.03108369230769231
-0.25451076923076926
-0.44122153846153844
-0.55596
-0.5764043076923077
-0.5004683076923077
-0.3521427692307692
-0.14853415384615384
0.06300184615384616
0.233232
0.3485963076923077
0.39115384615384613
0.3210590769230769
0.20298276923076922
0.06195876923076923
-0.06049846153846154
-0.12308307692307692
-0.15562707692307692
-0.1356
-0.08782707692307692
-0.025033846153846153
0.03379569230769231
0.07781353846153846
0.09116492307692307
0.08469784615384615
0.07072061538461538
0.012934153846153845
-0.04944184615384615
-0.10764553846153846
-0.15959076923076923
-0.17732307692307692
-0.1706473846153846
-0.14206707692307693
-0.07155507692307693
0.03504738461538461
0.1639716923076923
0.2993630769230769
0.36674584615384614
0.35965292307692304
0.301032
0.16856123076923077
-0.011265230769230769
-0.19547261538461536
-0.3475532307692307
-0.4280787692307692
-0.4145187692307692
-0.3160523076923077
-0.13351384615384615
0.08991323076923076
0.29602523076923076
0.4783550769230769
0.5880867692307692
0.6051932307692307
0.5486584615384615
0.4337113846153846
0.265776
0.07635323076923077
-0.09283384615384616
-0.22572184615384616
-0.2993630769230769
-0.32982092307692307
-0.3216849230769231
-0.26765353846153844
-0.16793538461538463
-0.03045784615384615
0.11494707692307692
0.21591692307692306
0.2563883076923077
0.24408
0.16188553846153847
0.052571076923076915
-0.0798996923076923
-0.23135446153846154
-0.34504984615384615
-0.40930338461538457
-0.39511753846153846
-0.29915446153846154
-0.14102399999999998
0.03755076923076923
0.20256553846153844
0.33524492307692305
0.39052800000000004
0.3798886153846154
0.2947735384615384
0.14957723076923077
-0.0002086153846153846
-0.15354092307692307
-0.2724516923076923
-0.3248141538461538
-0.31688676923076925
-0.23510953846153848
-0.0936683076923077
0.07092923076923077
0.22655630769230767
0.3383741538461538
0.37926276923076924
0.347136
0.2492953846153846
0.10618523076923077
-0.04944184615384615
-0.21028430769230766
-0.3573581538461538
-0.452904
-0.4866996923076923
-0.4581193846153846
-0.3767593846153846
-0.2624381538461539
-0.1314276923076923
0.006675692307692307
0.13247076923076923
0.21925476923076925
0.2526332307692308
0.22154953846153846
0.13351384615384615
0.012934153846153845
-0.12412615384615384
-0.25555384615384613
-0.3609046153846154
-0.4326683076923077
-0.42640984615384614
-0.3375396923076923
-0.20319138461538463
-0.04214030769230769
0.10994030769230768
0.24011630769230768
0.3379569230769231
0.38343507692307693
0.3903193846153846
0.3571495384615384
0.2814221538461538
0.18963138461538462
0.11306953846153844
0.06800861538461538
0.041514461538461535
0.026076923076923077
0.02044430769230769
0.016480615384615385
0.02232184615384615
0.021904615384615383
-0.003963692307692307
-0.04714707692307692
-0.116616
-0.1842073846153846
-0.21341353846153846
-0.21091015384615383
-0.1710646153846154
-0.11432123076923076
-0.04547815384615384
0.0609156923076923
0.1775316923076923
0.2920615384615385
0.3782196923076923
0.40200184615384615
0.3692492307692308
0.2899753846153846
0.19317784615384614
0.07697907692307693
-0.05382276923076923
-0.17711446153846155
-0.2695310769230769
-0.2920615384615385
-0.24449723076923074
-0.14144123076923076
-0.008136
0.11494707692307692
0.22697353846153845
0.31772123076923076
0.3584012307692308
0.3485963076923077
0.26118646153846153
0.12120553846153845
-0.03108369230769231
-0.17815753846153848
-0.28434276923076923
-0.3542289230769231
-0.3855212307692308
-0.36382523076923073
-0.28476
-0.14999446153846155
0.005841230769230769
0.14916
0.2624381538461539
0.3202246153846154
0.32606584615384615
0.28163076923076924
0.18337292307692307
0.05090215384615384
-0.10138707692307691
-0.2355267692307692
-0.31396615384615384
-0.3346190769230769
-0.2828824615384615
-0.18525046153846153
-0.07843938461538462
0.035464615384615386
0.14665661538461539
0.23969907692307693
0.2832996923076923
0.2674449230769231
0.20798953846153845
0.12287446153846153
0.033169846153846154
-0.05507446153846154
-0.13518276923076925
-0.19213476923076922
-0.22864246153846152
-0.22572184615384616
-0.19150892307692308
-0.1356
-0.07092923076923077
-0.03296123076923077
0.003129230769230769
0.031709538461538456
0.04088861538461538
0.03942830769230769
0.020652923076923076
-0.01397723076923077
-0.046104
-0.06529661538461538
-0.07030338461538461
-0.05590892307692308
-0.040054153846153843
-0.021278769230769233
0.0029206153846153843
0.03150092307692308
0.055491692307692304
0.06905169230769231
0.073224
0.06800861538461538
0.07510153846153846
0.09325107692307691
0.11494707692307692
0.13038461538461538
0.13226215384615383
0.1314276923076923
0.13205353846153844
0.12204
0.10889723076923077
0.08907876923076924
0.05069353846153846
0.017523692307692306
-0.011056615384615385
-0.026076923076923077
-0.03609046153846154
-0.05444861538461539
-0.056326153846153845
-0.04693846153846153
-0.016897846153846156
0.02753723076923077
0.08115138461538463
0.14081538461538462
0.19004861538461537
0.22634769230769228
0.24199384615384617
0.23844738461538462
0.21362215384615382
0.16835261538461538
0.11265230769230769
0.06696553846153847
0.028788923076923077
0.007301538461538462
0.0008344615384615384
0.0008344615384615384
0.016480615384615385
0.03713353846153846
0.06195876923076923
0.08156861538461539
0.09846646153846153
0.111192
0.11599015384615384
0.11432123076923076
0.10722830769230769
0.0892873846153846
0.058412307692307694
0.027328615384615382
-0.014603076923076923
-0.06404492307692307
-0.1151556923076923
-0.16438892307692307
-0.20527753846153846
-0.22843384615384613
-0.21862892307692305
-0.1913003076923077
-0.15166338461538462
-0.10347323076923076
-0.05048492307692308
0.015646153846153844
0.08344615384615384
0.14081538461538462
0.18942276923076923
0.22134092307692307
0.22822523076923076
0.21091015384615383
0.16584923076923075
0.0963803076923077
0.016272
-0.05528307692307692
-0.10889723076923077
-0.14519630769230768
-0.16042523076923076
-0.15333230769230768
-0.12266584615384615
-0.06967753846153846
-0.0033378461538461535
0.0717636923076923
0.13205353846153844
0.1706473846153846
0.1867107692307692
0.165432
0.12433476923076923
0.06446215384615385
-0.01981846153846154
-0.10952307692307692
-0.200688
-0.2659846153846154
-0.2858030769230769
-0.27328615384615385
-0.22467876923076924
-0.15771323076923077
-0.06988615384615385
0.031709538461538456
0.12433476923076923
0.21320492307692307
0.2726603076923077
0.30207507692307695
0.30708184615384615
0.27599815384615384
0.22864246153846152
0.1558356923076923
0.07259815384615384
0.0
-0.06759138461538462
-0.11265230769230769
-0.1397723076923077
-0.1435273846153846
-0.11953661538461538
-0.06926030769230769
0.006675692307692307
0.08866153846153846
0.1656406153846154
0.2207150769230769
0.24303692307692307
0.23677846153846152
0.20444307692307692
0.14916
0.07927384615384615
-0.006049846153846154
-0.09596307692307693
-0.1718990769230769
-0.21800307692307694
-0.22780799999999998
-0.2157083076923077
-0.1913003076923077
-0.15124615384615384
-0.10472492307692308
-0.04839876923076923
0.008136
0.04172307692307692
0.06258461538461538
0.05820369230769231
0.048816000000000005
0.042348923076923076
0.009387692307692307
-0.025033846153846153
-0.0678
-0.1151556923076923
-0.146448
-0.1635544615384615
-0.15249784615384615
-0.13247076923076923
-0.10117846153846152
-0.06738276923076922
-0.04276615384615385
-0.014394461538461538
-0.005424
-0.013142769230769229
-0.026285538461538457
-0.04693846153846153
-0.059872615384615385
-0.06738276923076922
-0.07405846153846153
-0.06988615384615385
-0.07531015384615385
-0.07614461538461538
-0.06863446153846153
-0.065088
-0.05820369230769231
-0.05736923076923077
-0.05757784615384615
-0.05027630769230769
-0.03212676923076923
-0.008970461538461538
0.02044430769230769
0.04944184615384615
0.07364123076923076
0.09909230769230769
0.12329169230769231
0.13518276923076925
0.130176
0.11411261538461538
0.09909230769230769
0.08991323076923076
0.08031692307692308
0.06550523076923077
0.047772923076923074
0.031709538461538456
0.015020307692307692
0.010013538461538461
0.012516923076923077
0.011891076923076923
0.012516923076923077
0.006258461538461538
0.006467076923076923
0.017315076923076923
0.02858030769230769
0.04276615384615385
0.047981538461538464
0.045895384615384616
0.02899753846153846
0.0006258461538461538
-0.028371692307692306
-0.06529661538461538
-0.10347323076923076
-0.13643446153846153
-0.15625292307692307
-0.15500123076923078
-0.138312
-0.119328
-0.09033046153846153
-0.06216738461538462
-0.04318338461538461
-0.04756430769230769
-0.07927384615384615
-0.13622584615384614
-0.18274707692307693
-0.14206707692307693
-0.065088
0.065088
0.20673784615384616
0.3170953846153846
0.46083138461538464
0.5584633846153846
0.6179187692307693
0.5691027692307692
0.41910830769230767
0.23344061538461539
-0.0016689230769230767
-0.20798953846153845
-0.41618769230769226
-0.5651390769230769
-0.6510886153846154
-0.6650658461538461
-0.553248
-0.38426953846153844
-0.14331876923076922
0.11035753846153845
0.31542646153846154
0.4675070769230769
0.5275883076923077
0.4985907692307692
0.3994984615384615
0.21529107692307692
-0.03609046153846154
-0.2830910769230769
-0.48002399999999995
-0.5755698461538461
-0.5672252307692307
-0.4812756923076923
-0.32377107692307694
-0.12308307692307692
0.09033046153846153
0.2937304615384615
0.44393353846153844
0.5013027692307692
0.48398769230769234
0.4007501538461538
0.29832
0.18796246153846152
0.055491692307692304
-0.06967753846153846
-0.1785747692307692
-0.23928184615384615
-0.26160369230769226
-0.2517987692307692
-0.20486030769230767
-0.13518276923076925
-0.03588184615384615
0.05444861538461539
0.1316363076923077
0.19881046153846152
0.21049292307692305
0.20131384615384615
0.17711446153846155
0.14457046153846154
0.13601723076923075
0.12996738461538462
0.14436184615384615
0.17544553846153846
0.18358153846153846
0.1612596923076923
0.11348676923076922
0.040679999999999994
-0.0609156923076923
-0.1691870769230769
-0.24846092307692308
-0.2807963076923077
-0.2507556923076923
-0.1693956923076923
-0.03921969230769231
0.12829846153846153
0.2920615384615385
0.42724430769230765
0.48628246153846155
0.44998338461538456
0.3442153846153846
0.200688
0.04401784615384615
-0.11828492307692307
-0.2749550769230769
-0.3947003076923077
-0.44581107692307687
-0.42703569230769234
-0.3448412307692308
-0.22405292307692307
-0.08782707692307692
0.055491692307692304
0.20632061538461538
0.33670523076923076
0.4113895384615384
0.4478972307692307
0.42265476923076917
0.3421292307692308
0.23177169230769232
0.09512861538461538
-0.028788923076923077
-0.14164984615384615
-0.22801661538461537
-0.24491446153846153
-0.1913003076923077
-0.08344615384615384
0.059038153846153844
0.2021483076923077
0.3198073846153846
0.3942830769230769
0.41994276923076923
0.3949089230769231
0.3198073846153846
0.2021483076923077
0.05382276923076923
-0.07364123076923076
-0.1691870769230769
-0.22405292307692307
-0.2342750769230769
-0.23072861538461537
-0.19985353846153847
-0.146448
-0.07656184615384615
-0.005632615384615384
0.041514461538461535
0.0609156923076923
0.07009476923076922
0.08219446153846154
0.08302892307692307
0.07009476923076922
0.03024923076923077
-0.022530461538461537
-0.061124307692307686
-0.08198584615384615
-0.08699261538461538
-0.08177723076923075
-0.06905169230769231
-0.04631261538461538
-0.01668923076923077
0.004172307692307692
0.015228923076923076
0.018358153846153843
0.0035464615384615383
-0.022947692307692308
-0.051528
-0.08469784615384615
-0.11098338461538461
-0.11265230769230769
-0.09763200000000001
-0.05757784615384615
0.006467076923076923
0.07155507692307693
0.1356
0.1787833846153846
0.19505538461538463
0.19547261538461536
0.1760713846153846
0.13622584615384614
0.07468430769230769
-0.006049846153846154
-0.07843938461538462
-0.12162276923076921
-0.1368516923076923
-0.1314276923076923
-0.11244369230769231
-0.0855323076923077
-0.05236246153846154
-0.011891076923076923
0.021070153846153846
0.037967999999999995
0.034630153846153845
0.01814953846153846
0.0
-0.007927384615384614
-0.015020307692307692
-0.02273907692307692
-0.01668923076923077
-0.003755076923076923
0.03775938461538462
0.08386338461538462
0.10827138461538462
0.11473846153846154
0.08845292307692308
0.05674338461538461
0.010848
-0.04944184615384615
-0.10263876923076923
-0.15896492307692306
-0.20110523076923076
-0.21529107692307692
-0.18337292307692307
-0.11557292307692307
-0.03859384615384615
0.03963692307692308
0.10743692307692307
0.1656406153846154
0.2056947692307692
0.20819815384615384
0.1785747692307692
0.11703323076923078
0.027328615384615382
-0.05236246153846154
-0.12037107692307693
-0.1693956923076923
-0.1869193846153846
-0.17732307692307692
-0.12600369230769232
-0.04401784615384615
0.05236246153846154
0.14686523076923075
0.20027076923076922
0.21132738461538458
0.19651569230769228
0.1543753846153846
0.08219446153846154
-0.013351384615384614
-0.11849353846153846
-0.21070153846153844
-0.2703655384615385
-0.2805876923076923
-0.24720923076923076
-0.1829556923076923
-0.09784061538461537
-0.01814953846153846
0.059872615384615385
0.12099692307692309
0.14916
0.1489513846153846
0.11265230769230769
0.05319692307692307
-0.006884307692307692
-0.05319692307692307
-0.07885661538461539
-0.08574092307692306
-0.07677046153846154
-0.04109723076923077
0.007510153846153846
0.048816000000000005
0.07677046153846154
0.073224
0.03400430769230769
-0.029832
-0.09450276923076922
-0.14060676923076923
-0.17398523076923075
-0.1829556923076923
-0.16438892307692307
-0.11202646153846153
-0.026285538461538457
0.06884307692307692
0.16438892307692307
0.235944
0.2768326153846154
0.2799618461538461
0.22947692307692308
0.14811692307692306
0.040262769230769234
-0.07885661538461539
-0.18086953846153844
-0.26619323076923074
-0.3141747692307692
-0.3248141538461538
-0.2860116923076923
-0.1990190769230769
-0.08636676923076922
0.050067692307692306
0.17982646153846152
0.2883064615384615
0.3485963076923077
0.3544375384615384
0.3214763076923077
0.2526332307692308
0.1506203076923077
0.026285538461538457
-0.0936683076923077
-0.19505538461538463
-0.25701415384615384
-0.2776670769230769
-0.26619323076923074
-0.21883753846153844
-0.14749107692307692
-0.06362769230769232
0.028371692307692306
0.10910584615384614
0.16856123076923077
0.19839323076923077
0.19588984615384614
0.1760713846153846
0.14290153846153844
0.09471138461538461
0.042557538461538466
-0.012516923076923077
-0.05924676923076923
-0.0826116923076923
-0.09450276923076922
-0.09846646153846153
-0.08907876923076924
-0.07489292307692308
-0.052571076923076915
-0.016063384615384615
0.018775384615384614
0.04693846153846153
0.06800861538461538
0.08302892307692307
0.09471138461538461
0.10409907692307692
0.10868861538461538
0.10597661538461538
0.09429415384615383
0.07426707692307692
0.04902461538461538
0.02211323076923077
-0.011265230769230769
-0.04985907692307692
-0.084072
-0.1205796923076923
-0.146448
-0.15750461538461538
-0.15562707692307692
-0.1368516923076923
-0.11035753846153845
-0.07697907692307693
-0.025033846153846153
0.03838523076923077
0.10222153846153846
0.15646153846153846
0.18754523076923074
0.20047938461538461
0.19651569230769228
0.17273353846153844
0.12433476923076923
0.05653476923076922
-0.018775384615384614
-0.08198584615384615
-0.12662953846153846
-0.16438892307692307
-0.18504184615384617
-0.18796246153846152
-0.15813046153846153
-0.09387692307692307
-0.015854769230769228
0.07384984615384615
0.16021661538461537
0.2342750769230769
0.2891409230769231
0.3214763076923077
0.3225193846153846
0.28476
0.2138307692307692
0.11035753846153845
0.0
-0.09679753846153846
-0.18379015384615385
-0.24303692307692307
-0.26932246153846157
-0.2655673846153846
-0.22697353846153845
-0.16313723076923078
-0.07843938461538462
0.01043076923076923
0.08740984615384616
0.15270646153846154
0.20298276923076922
0.23281476923076924
0.23510953846153848
0.2075723076923077
0.16271999999999998
0.10806276923076923
0.058412307692307694
0.015854769230769228
-0.031918153846153846
-0.07384984615384615
-0.10326461538461539
-0.11473846153846154
-0.10493353846153847
-0.08115138461538463
-0.05716061538461538
-0.028788923076923077
0.003129230769230769
0.04088861538461538
0.07948246153846153
0.10117846153846152
0.11432123076923076
0.11745046153846153
0.11619876923076923
0.10868861538461538
0.08824430769230769
0.05236246153846154
-0.0077187692307692304
-0.06800861538461538
-0.13038461538461538
-0.18107815384615383
-0.20965846153846154
-0.22572184615384616
-0.21195323076923075
-0.17690584615384616
-0.11286092307692308
-0.026494153846153844
0.06133292307692308
0.1449876923076923
0.20465169230769228
0.23886461538461537
0.25805723076923076
0.24470584615384613
0.19818461538461538
0.1287156923076923
0.041514461538461535
-0.034630153846153845
-0.09575446153846154
-0.13330523076923076
-0.14957723076923077
-0.14269292307692305
-0.10117846153846152
-0.05111076923076923
0.006049846153846154
0.05590892307692308
0.08073415384615384
0.09033046153846153
0.08949599999999999
0.08574092307692306
0.07489292307692308
0.058829538461538454
0.045895384615384616
0.03901107692307692
0.04172307692307692
0.053614153846153846
0.06070707692307692
0.05799507692307692
0.049233230769230765
0.03588184615384615
0.03400430769230769
0.043392
0.048816000000000005
0.051319384615384614
0.054240000000000003
0.06133292307692308
0.07364123076923076
0.08115138461538463
0.08469784615384615
0.09158215384615384
0.10263876923076923
0.11974523076923077
0.14957723076923077
0.16501476923076921
0.14916
0.11473846153846154
0.06613107692307692
0.021904615384615383
-0.010013538461538461
-0.0448523076923077
-0.08073415384615384
-0.10222153846153846
-0.11286092307692308
-0.10660246153846153
-0.086784
-0.06487938461538462
-0.054657230769230764
-0.03504738461538461
-0.013142769230769229
0.03609046153846154
0.09679753846153846
0.1775316923076923
0.3323243076923077
0.3314898461538462
0.3235624615384615
0.3456756923076923
0.2776670769230769
0.2559710769230769
0.09930092307692308
-0.07197230769230768
-0.24679199999999998
-0.40387938461538464
-0.40387938461538464
-0.431208
-0.37738523076923075
-0.31396615384615384
-0.1992276923076923
0.06800861538461538
0.27140861538461536
0.49817353846153845
0.6028984615384615
0.5588806153846154
0.5248763076923078
0.34317230769230767
0.14540492307692307
-0.09179076923076923
-0.39011076923076926
-0.5453206153846154
-0.7103353846153846
-0.7645753846153847
-0.6477507692307691
-0.5357243076923077
-0.31062830769230765
-0.09179076923076923
0.09325107692307691
0.27787569230769227
0.3540203076923077
0.42599261538461536
0.4349630769230769
0.3419206153846154
0.2273907692307692
0.08198584615384615
-0.016480615384615385
-0.11911938461538461
-0.25117292307692307
-0.328152
-0.40679999999999994
-0.4030449230769231
-0.32627446153846157
-0.26118646153846153
-0.13080184615384613
-0.010639384615384617
0.11244369230769231
0.25346769230769234
0.31104553846153843
0.3611132307692308
0.3819747692307692
0.3554806153846154
0.3542289230769231
0.30520430769230766
0.21716861538461538
0.10660246153846153
-0.028788923076923077
-0.15124615384615384
-0.2855944615384615
-0.38719015384615385
-0.45895384615384616
-0.4720966153846154
-0.4042966153846154
-0.33983446153846153
-0.20152246153846154
-0.019609846153846155
0.15208061538461537
0.3490135384615385
0.4627089230769231
0.509856
0.4958787692307692
0.39595199999999997
0.27850153846153847
0.09658892307692307
-0.10222153846153846
-0.26494153846153845
-0.41681353846153846
-0.4983821538461538
-0.5242504615384616
-0.47772923076923074
-0.34046030769230773
-0.16188553846153847
0.05277969230769231
0.254928
0.43392000000000003
0.5910073846153846
0.6446215384615385
0.5962227692307692
0.46938461538461534
0.2620209230769231
0.058412307692307694
-0.14540492307692307
-0.32898646153846156
-0.4389267692307692
-0.5108990769230769
-0.49400123076923075
-0.4086775384615385
-0.279336
-0.09763200000000001
0.08594953846153845
0.2641070769230769
0.4049224615384615
0.4896203076923077
0.5017199999999999
0.43392000000000003
0.33357600000000004
0.20861538461538462
0.07927384615384615
-0.03421292307692308
-0.15833907692307692
-0.24470584615384613
-0.28267384615384616
-0.2837169230769231
-0.21445661538461538
-0.13518276923076925
-0.052153846153846155
0.03963692307692308
0.09971815384615385
0.14144123076923076
0.15208061538461537
0.1341396923076923
0.10910584615384614
0.06592246153846154
0.01940123076923077
-0.022530461538461537
-0.06696553846153847
-0.10138707692307691
-0.13038461538461538
-0.14832553846153845
-0.15354092307692307
-0.14957723076923077
-0.13205353846153844
-0.1356
-0.14707384615384617
-0.13789476923076924
-0.12621230769230768
-0.08010830769230769
-0.023364923076923075
0.017732307692307693
0.07593599999999999
0.11974523076923077
0.16772676923076923
0.208824
0.20027076923076922
0.16710092307692306
0.11014892307692307
0.04714707692307692
-0.007301538461538462
-0.061750153846153844
-0.10806276923076923
-0.14811692307692306
-0.15875630769230767
-0.119328
-0.05924676923076923
0.013351384615384614
0.07468430769230769
0.11077476923076923
0.13497415384615385
0.13247076923076923
0.12683815384615382
0.10263876923076923
0.05048492307692308
-0.008344615384615384
-0.08177723076923075
-0.13643446153846153
-0.16230276923076925
-0.17252492307692308
-0.1760713846153846
-0.15813046153846153
-0.10764553846153846
-0.03129230769230769
0.05444861538461539
0.12496061538461539
0.16584923076923075
0.1656406153846154
0.14665661538461539
0.12496061538461539
0.09471138461538461
0.03921969230769231
-0.026702769230769228
-0.07843938461538462
-0.10430769230769231
-0.0963803076923077
-0.07781353846153846
-0.045895384615384616
-0.0022947692307692304
0.04318338461538461
0.09596307692307693
0.13914646153846155
0.1558356923076923
0.14603076923076924
0.1205796923076923
0.08156861538461539
0.037342153846153844
0.0014603076923076922
-0.030040615384615384
-0.04547815384615384
-0.04088861538461538
-0.011056615384615385
0.043600615384615383
0.08991323076923076
0.11745046153846153
0.12391753846153845
0.10827138461538462
0.07697907692307693
0.03650769230769231
-0.0070929230769230765
-0.05236246153846154
-0.0892873846153846
-0.10576799999999999
-0.0892873846153846
-0.03045784615384615
0.044435076923076924
0.11452984615384615
0.1704387692307692
0.1990190769230769
0.2125790769230769
0.19985353846153847
0.14916
0.07906523076923076
-0.008344615384615384
-0.09533723076923077
-0.157296
-0.1927606153846154
-0.19735015384615384
-0.17169046153846151
-0.11891076923076922
-0.04965046153846154
0.025033846153846153
0.08720123076923077
0.11870215384615385
0.11891076923076922
0.09241661538461539
0.045895384615384616
-0.015646153846153844
-0.08386338461538462
-0.14853415384615384
-0.18900553846153845
-0.1977673846153846
-0.17169046153846151
-0.11995384615384615
-0.056326153846153845
0.012516923076923077
0.07092923076923077
0.11953661538461538
0.15145476923076923
0.15500123076923078
0.13330523076923076
0.09074769230769231
0.042974769230769226
0.003755076923076923
-0.01668923076923077
-0.018358153846153843
-0.02044430769230769
-0.010848
0.004798153846153846
0.026702769230769228
0.05674338461538461
0.07113784615384615
0.078648
0.07426707692307692
0.05716061538461538
0.035464615384615386
0.0050067692307692304
-0.03108369230769231
-0.06133292307692308
-0.08031692307692308
-0.084072
-0.07259815384615384
-0.056326153846153845
-0.03609046153846154
-0.02023569230769231
0.0035464615384615383
0.03504738461538461
0.05319692307692307
0.06133292307692308
0.04568676923076923
0.02858030769230769
0.016897846153846156
0.005841230769230769
0.0035464615384615383
-0.011056615384615385
-0.030040615384615384
-0.03963692307692308
-0.03838523076923077
-0.030875076923076922
-0.02586830769230769
-0.018775384615384614
0.0022947692307692304
0.03775938461538462
0.08782707692307692
0.13476553846153844
0.1614683076923077
0.17002153846153847
0.15479261538461536
0.12642092307692307
0.08615815384615384
0.035464615384615386
-0.018983999999999997
-0.07781353846153846
-0.1178676923076923
-0.13518276923076925
-0.12808984615384614
-0.08615815384615384
-0.031709538461538456
0.026494153846153844
0.08636676923076922
0.127464
0.15333230769230768
0.14457046153846154
0.08782707692307692
0.021904615384615383
-0.04568676923076923
-0.08720123076923077
-0.09095630769230768
-0.08031692307692308
-0.05298830769230769
-0.013560000000000001
0.04401784615384615
0.11160923076923077
0.16647507692307692
0.19025723076923076
0.16793538461538463
0.12934153846153845
0.07614461538461538
0.0070929230769230765
-0.04902461538461538
-0.10493353846153847
-0.13893784615384613
-0.14790830769230767
-0.13747753846153846
-0.0936683076923077
-0.035464615384615386
0.03609046153846154
0.10535076923076922
0.1666836923076923
0.22029784615384615
0.24741784615384615
0.24491446153846153
0.20548615384615385
0.13935507692307691
0.07489292307692308
0.018983999999999997
-0.021696
-0.051528
-0.06967753846153846
-0.056951999999999996
-0.026285538461538457
0.02211323076923077
0.07739630769230768
0.11286092307692308
0.1395636923076923
0.1543753846153846
0.1597993846153846
0.16897846153846155
0.15917353846153848
0.14081538461538462
0.12996738461538462
0.11724184615384614
0.1136953846153846
0.10493353846153847
0.08177723076923075
0.04965046153846154
0.00855323076923077
-0.021070153846153846
-0.05716061538461538
-0.09471138461538461
-0.11828492307692307
-0.13935507692307691
-0.12537784615384615
-0.0880356923076923
-0.035464615384615386
0.029623384615384614
0.07531015384615385
0.11953661538461538
0.1504116923076923
0.15416676923076922
0.13768615384615385
0.0798996923076923
-0.004798153846153846
-0.09658892307692307
-0.1869193846153846
-0.24574892307692306
-0.2776670769230769
-0.28017046153846153
-0.24595753846153845
-0.1794092307692308
-0.06675692307692307
0.058412307692307694
0.17315076923076922
0.2453316923076923
0.26494153846153845
0.2605606153846154
0.21508246153846153
0.13497415384615385
0.022947692307692308
-0.10827138461538462
-0.22008923076923076
-0.31062830769230765
-0.3671630769230769
-0.37884553846153846
-0.3650769230769231
-0.31834707692307695
-0.24303692307692307
-0.1435273846153846
-0.034630153846153845
0.043392
0.09825784615384614
0.12329169230769231
0.12412615384615384
0.1136953846153846
0.07802215384615384
0.03880246153846154
-0.0050067692307692304
-0.051319384615384614
-0.06863446153846153
-0.06884307692307692
-0.049233230769230765
-0.02482523076923077
-0.02211323076923077
-0.012934153846153845
-0.003963692307692307
0.012516923076923077
0.03400430769230769
0.034630153846153845
0.03838523076923077
0.045895384615384616
0.06654830769230768
0.0988836923076923
0.12496061538461539
0.13789476923076924
0.13205353846153844
0.12037107692307693
0.11265230769230769
0.08866153846153846
0.027120000000000002
-0.05194523076923077
-0.12245723076923076
-0.1639716923076923
-0.1779489230769231
-0.15875630769230767
-0.10722830769230769
-0.042348923076923076
0.04318338461538461
0.13393107692307693
0.21320492307692307
0.24512307692307692
0.2209236923076923
0.16251138461538459
0.10576799999999999
0.04526953846153846
-0.031709538461538456
-0.08949599999999999
-0.14707384615384617
-0.1341396923076923
-0.08782707692307692
0.08469784615384615
0.23364923076923078
0.19526400000000002
0.24282830769230768
0.20652923076923077
0.2411593846153846
0.25054707692307693
0.06675692307692307
-0.06425353846153846
-0.2981113846153846
-0.33983446153846153
-0.30583015384615386
-0.32669169230769235
-0.260352
-0.2937304615384615
-0.1476996923076923
0.04860738461538461
0.22822523076923076
0.40888615384615384
0.3379569230769231
0.2830910769230769
0.1942209230769231
0.06195876923076923
0.010848
-0.17419384615384614
-0.28204799999999997
-0.35610646153846154
-0.47230523076923075
-0.3646596923076923
-0.26640184615384616
-0.12350030769230769
0.047772923076923074
0.07635323076923077
0.17419384615384614
0.2125790769230769
0.2532590769230769
0.32335384615384616
0.24178523076923078
0.14665661538461539
0.03296123076923077
-0.03150092307692308
-0.018775384615384614
-0.0961716923076923
-0.17502830769230768
-0.25930892307692305
-0.2995716923076923
-0.19630707692307692
-0.13267938461538462
-0.08115138461538463
-0.03880246153846154
-0.023990769230769232
0.09074769230769231
0.17481969230769231
0.22551323076923077
0.27432923076923077
0.23969907692307693
0.25117292307692307
0.26348123076923075
0.23135446153846154
0.17690584615384616
0.03129230769230769
-0.09679753846153846
-0.20527753846153846
-0.29498215384615384
-0.32314523076923074
-0.33295015384615384
-0.2701569230769231
-0.20027076923076922
-0.11265230769230769
0.05653476923076922
0.1804523076923077
0.29456492307692306
0.3544375384615384
0.32606584615384615
0.29873723076923075
0.19588984615384614
0.09241661538461539
-0.03650769230769231
-0.2209236923076923
-0.32585723076923073
-0.40200184615384615
-0.4360061538461539
-0.43058215384615384
-0.41723076923076924
-0.31396615384615384
-0.16105107692307694
0.009179076923076922
0.16856123076923077
0.2638984615384615
0.3550633846153846
0.3957433846153846
0.3713353846153846
0.328152
0.2008966153846154
0.06383630769230769
-0.05277969230769231
-0.17502830769230768
-0.21800307692307694
-0.23677846153846152
-0.21508246153846153
-0.13080184615384613
-0.06279323076923077
0.05027630769230769
0.16584923076923075
0.26139507692307695
0.3385827692307692
0.3473446153846154
0.3402516923076923
0.2981113846153846
0.24324553846153843
0.19839323076923077
0.11599015384615384
0.030040615384615384
-0.07030338461538461
-0.1543753846153846
-0.17502830769230768
-0.19588984615384614
-0.1867107692307692
-0.16856123076923077
-0.16063384615384615
-0.086784
0.0012516923076923076
0.07384984615384615
0.1207883076923077
0.12412615384615384
0.143736
0.17461107692307692
0.18358153846153846
0.16751815384615384
0.10368184615384615
0.037342153846153844
-0.01272553846153846
-0.05319692307692307
-0.06070707692307692
-0.07405846153846153
-0.07739630769230768
-0.07197230769230768
-0.06487938461538462
-0.015854769230769228
0.032544
0.08448923076923077
0.12975876923076923
0.12579507692307693
0.12099692307692309
0.11327815384615383
0.10493353846153847
0.10597661538461538
0.06362769230769232
0.009179076923076922
-0.023364923076923075
-0.03880246153846154
-0.021070153846153846
-0.006049846153846154
-0.011265230769230769
-0.019192615384615384
-0.018775384615384614
0.008344615384615384
0.03129230769230769
0.03150092307692308
0.030040615384615384
0.017315076923076923
0.014603076923076923
0.00855323076923077
-0.008136
-0.015646153846153844
-0.034630153846153845
-0.03442153846153846
-0.031918153846153846
-0.03045784615384615
-0.017315076923076923
-0.02232184615384615
-0.03045784615384615
-0.03504738461538461
-0.03609046153846154
-0.027328615384615382
-0.016480615384615385
-0.017940923076923077
-0.02899753846153846
-0.04965046153846154
-0.06070707692307692
-0.055491692307692304
-0.04318338461538461
-0.031918153846153846
-0.03838523076923077
-0.031709538461538456
-0.01043076923076923
0.011891076923076923
0.022530461538461537
0.014185846153846153
0.017940923076923077
0.02482523076923077
0.026702769230769228
0.035255999999999996
0.03609046153846154
0.03567323076923076
0.04672984615384615
0.06195876923076923
0.07781353846153846
0.08866153846153846
0.09471138461538461
0.092208
0.08907876923076924
0.08866153846153846
0.08490646153846154
0.07969107692307692
0.07051199999999999
0.054657230769230764
0.03442153846153846
0.005424
-0.01668923076923077
-0.02273907692307692
-0.026285538461538457
-0.019192615384615384
-0.014185846153846153
-0.0006258461538461538
0.02482523076923077
0.042348923076923076
0.05799507692307692
0.06258461538461538
0.04631261538461538
0.026494153846153844
0.0077187692307692304
-0.012099692307692308
-0.02524246153846154
-0.03609046153846154
-0.0446436923076923
-0.05090215384615384
-0.05236246153846154
-0.04839876923076923
-0.033169846153846154
-0.006467076923076923
0.013768615384615384
0.025659692307692307
0.03421292307692308
0.04714707692307692
0.065088
0.06696553846153847
0.04672984615384615
0.027328615384615382
0.007510153846153846
-0.0016689230769230767
0.013560000000000001
0.04318338461538461
0.07635323076923077
0.10013538461538461
0.13226215384615383
0.1712732307692308
0.20673784615384616
0.2221753846153846
0.2090326153846154
0.1792006153846154
0.12996738461538462
0.07572738461538461
0.015854769230769228
-0.047981538461538464
-0.10764553846153846
-0.15938215384615384
-0.18650215384615382
-0.18504184615384617
-0.1543753846153846
-0.09950953846153845
-0.027328615384615382
0.05820369230769231
0.14018953846153845
0.20360861538461536
0.22780799999999998
0.20861538461538462
0.16084246153846155
0.08073415384615384
-0.010013538461538461
-0.1045163076923077
-0.20339999999999997
-0.2832996923076923
-0.336288
-0.3346190769230769
-0.2814221538461538
-0.19839323076923077
-0.0974233846153846
-0.0002086153846153846
0.09325107692307691
0.17419384615384614
0.2330233846153846
0.2574313846153846
0.22530461538461538
0.14206707692307693
0.03275261538461539
-0.08991323076923076
-0.20131384615384615
-0.2989458461538462
-0.37050092307692306
-0.39282276923076925
-0.3684147692307692
-0.28392553846153845
-0.17732307692307692
-0.065088
0.04965046153846154
0.1435273846153846
0.21967199999999998
0.26452430769230767
0.2757895384615385
0.24282830769230768
0.16626646153846153
0.07218092307692307
-0.022947692307692308
-0.10096984615384616
-0.16292861538461537
-0.20694646153846152
-0.22154953846153846
-0.20652923076923077
-0.15228923076923076
-0.06759138461538462
0.008970461538461538
0.06654830769230768
0.11870215384615385
0.16334584615384617
0.19067446153846154
0.19442953846153843
0.16438892307692307
0.11411261538461538
0.059872615384615385
0.012934153846153845
-0.014603076923076923
-0.03400430769230769
-0.05069353846153846
-0.07489292307692308
-0.10222153846153846
-0.116616
-0.12683815384615382
-0.1316363076923077
-0.12621230769230768
-0.10138707692307691
-0.05736923076923077
0.009804923076923077
0.0988836923076923
0.19004861538461537
0.26368984615384616
0.3143833846153846
0.3485963076923077
0.3473446153846154
0.301032
0.2090326153846154
0.08782707692307692
-0.04526953846153846
-0.16292861538461537
-0.2399076923076923
-0.27975323076923075
-0.28267384615384616
-0.24428861538461538
-0.15208061538461537
-0.024199384615384616
0.11327815384615383
0.23969907692307693
0.3277347692307692
0.3682061538461538
0.35610646153846154
0.29581661538461534
0.19693292307692306
0.06571384615384615
-0.07593599999999999
-0.2075723076923077
-0.3131316923076923
-0.37592492307692305
-0.4026276923076923
-0.3942830769230769
-0.33524492307692305
-0.249504
-0.13455692307692307
0.003755076923076923
0.13184492307692308
0.24053353846153847
0.3077076923076923
0.33712246153846154
0.328152
0.2749550769230769
0.19797599999999999
0.09512861538461538
-0.008344615384615384
-0.09095630769230768
-0.14603076923076924
-0.15938215384615384
-0.15187199999999998
-0.11202646153846153
-0.04819015384615385
0.019192615384615384
0.08907876923076924
0.12913292307692306
0.14164984615384615
0.13747753846153846
0.116616
0.09909230769230769
0.08198584615384615
0.0609156923076923
0.045895384615384616
0.040054153846153843
0.046104
0.04318338461538461
0.025033846153846153
-0.0077187692307692304
-0.053614153846153846
-0.09658892307692307
-0.132888
-0.15270646153846154
-0.15416676923076922
-0.13330523076923076
-0.09325107692307691
-0.051528
0.003755076923076923
0.07551876923076924
0.13893784615384613
0.18629353846153843
0.21737723076923077
0.23072861538461537
0.2221753846153846
0.18712800000000002
0.12370892307692308
0.047772923076923074
-0.02545107692307692
-0.08574092307692306
-0.10994030769230768
-0.11828492307692307
-0.11265230769230769
-0.08615815384615384
-0.050067692307692306
0.0025033846153846152
0.050067692307692306
0.08135999999999999
0.09721476923076922
0.09074769230769231
0.07426707692307692
0.04547815384615384
0.0002086153846153846
-0.051319384615384614
-0.09575446153846154
-0.11557292307692307
-0.10409907692307692
-0.0771876923076923
-0.03713353846153846
0.0077187692307692304
0.04318338461538461
0.07113784615384615
0.07510153846153846
0.058829538461538454
0.026285538461538457
-0.027120000000000002
-0.06195876923076923
-0.08636676923076922
-0.10743692307692307
-0.12642092307692307
-0.1712732307692308
-0.2073636923076923
-0.23907323076923076
-0.17398523076923075
-0.03921969230769231
0.12808984615384614
0.33295015384615384
0.4683415384615384
0.6239686153846153
0.7232695384615385
0.7566479999999999
0.7024079999999999
0.477312
0.22718215384615387
-0.04693846153846153
-0.2862203076923077
-0.4620830769230769
-0.599352
-0.6477507692307691
-0.6102
-0.4460196923076923
-0.20006215384615383
0.05590892307692308
0.3095852307692307
0.4929581538461539
0.5974744615384615
0.6147895384615384
0.49963384615384615
0.3243969230769231
0.07468430769230769
-0.23218892307692307
-0.46312615384615385
-0.6583901538461538
-0.729528
-0.644412923076923
-0.4950443076923077
-0.2540935384615385
-0.03483876923076923
0.15667015384615385
0.3235624615384615
0.3692492307692308
0.344424
0.25138153846153843
0.12370892307692308
0.03296123076923077
-0.04276615384615385
-0.08386338461538462
-0.11745046153846153
-0.14269292307692305
-0.1353913846153846
-0.13726892307692307
-0.12788123076923075
-0.13935507692307691
-0.17231630769230769
-0.16167692307692308
-0.146448
-0.11870215384615385
-0.08657538461538461
-0.08386338461538462
-0.04526953846153846
0.0033378461538461535
0.061750153846153844
0.15291507692307693
0.2303113846153846
0.31772123076923076
0.39699507692307695
0.4174393846153846
0.3752990769230769
0.26452430769230767
0.10722830769230769
-0.07405846153846153
-0.25305046153846156
-0.376968
-0.43663199999999996
-0.4007501538461538
-0.28434276923076923
-0.11870215384615385
0.09158215384615384
0.2862203076923077
0.458328
0.5640959999999999
0.5563772307692307
0.47063630769230763
0.3193901538461538
0.1287156923076923
-0.05736923076923077
-0.24720923076923076
-0.4049224615384615
-0.48857723076923076
-0.5008855384615384
-0.43663199999999996
-0.3279433846153846
-0.18525046153846153
-0.014185846153846153
0.16230276923076925
0.3225193846153846
0.4151446153846154
0.4456024615384615
0.4086775384615385
0.3062473846153846
0.18796246153846152
0.05027630769230769
-0.06383630769230769
-0.12829846153846153
-0.15896492307692306
-0.12204
-0.03984553846153846
0.05653476923076922
0.15604430769230768
0.2090326153846154
0.208824
0.16271999999999998
0.07364123076923076
-0.030040615384615384
-0.13267938461538462
-0.22029784615384615
-0.2753723076923077
-0.27787569230769227
-0.22447015384615385
-0.13747753846153846
-0.02524246153846154
0.0826116923076923
0.15604430769230768
0.19693292307692306
0.18316430769230768
0.12767261538461538
0.027328615384615382
-0.12266584615384615
-0.2632726153846154
-0.3880246153846154
-0.4679243076923077
-0.48294461538461536
-0.45206953846153847
-0.35235138461538457
-0.20319138461538463
-0.024408000000000003
0.1718990769230769
0.3342018461538461
0.4516523076923077
0.5019286153846154
0.4756430769230769
0.3861470769230769
0.21612553846153845
0.023364923076923075
-0.1691870769230769
-0.34233784615384616
-0.44393353846153844
-0.49087200000000003
-0.46396061538461536
-0.35923569230769226
-0.21132738461538458
-0.022530461538461537
0.16334584615384617
0.30979384615384614
0.4124326153846154
0.4351716923076923
0.404088
0.330864
0.2209236923076923
0.1178676923076923
0.014811692307692307
-0.06863446153846153
-0.11452984615384615
-0.12120553846153845
-0.092208
-0.051528
-0.006467076923076923
0.026702769230769228
0.04735569230769231
0.06905169230769231
0.06884307692307692
0.047772923076923074
0.02482523076923077
0.0043809230769230765
0.006675692307692307
0.025659692307692307
0.05674338461538461
0.10660246153846153
0.15291507692307693
0.20506892307692307
0.2526332307692308
0.2707827692307692
0.24345415384615382
0.1614683076923077
0.04318338461538461
-0.09450276923076922
-0.22488738461538463
-0.34171199999999996
-0.4188996923076923
-0.43329415384615383
-0.38677292307692307
-0.27412061538461535
-0.11098338461538461
0.07489292307692308
0.25200738461538463
0.38656430769230765
0.46020553846153844
0.4750172307692308
0.41952553846153845
0.3060387692307692
0.14957723076923077
-0.026494153846153844
-0.1802436923076923
-0.28893230769230765
-0.33587076923076925
-0.3304467692307692
-0.2707827692307692
-0.16084246153846155
-0.00855323076923077
0.16230276923076925
0.3081249230769231
0.4141015384615384
0.458328
0.4389267692307692
0.3648683076923077
0.25117292307692307
0.11035753846153845
-0.04965046153846154
-0.19797599999999999
-0.30749907692307693
-0.35005661538461535
-0.32961230769230765
-0.26097784615384617
-0.16042523076923076
-0.05799507692307692
0.03483876923076923
0.10910584615384614
0.15124615384615384
0.1502030769230769
0.10764553846153846
0.03483876923076923
-0.04819015384615385
-0.12287446153846153
-0.1718990769230769
-0.19359507692307693
-0.1908830769230769
-0.1543753846153846
-0.09158215384615384
-0.005632615384615384
0.08365476923076923
0.15187199999999998
0.18170399999999998
0.16021661538461537
0.11578153846153846
0.054240000000000003
-0.02315630769230769
-0.09700615384615385
-0.16209415384615386
-0.1923433846153846
-0.18483323076923078
-0.13643446153846153
-0.05444861538461539
0.03275261538461539
0.1207883076923077
0.19046584615384615
0.23677846153846152
0.2572227692307692
0.23093723076923076
0.1712732307692308
0.0961716923076923
0.018775384615384614
-0.04130584615384615
-0.08949599999999999
-0.11870215384615385
-0.12558646153846154
-0.11891076923076922
-0.08156861538461539
-0.02482523076923077
0.03567323076923076
0.08720123076923077
0.1070196923076923
0.11140061538461538
0.10681107692307691
0.09116492307692307
0.06842584615384616
0.03692492307692308
0.016480615384615385
0.011265230769230769
0.017940923076923077
0.03901107692307692
0.05799507692307692
0.059664
0.0448523076923077
0.018358153846153843
-0.010013538461538461
-0.061750153846153844
-0.13372246153846154
-0.1927606153846154
-0.23636123076923077
-0.24011630769230768
-0.20339999999999997
-0.13351384615384615
-0.03212676923076923
0.07218092307692307
0.1696043076923077
0.24574892307692306
0.2872633846153846
0.28893230769230765
0.2480436923076923
0.17294215384615383
0.08073415384615384
-0.02211323076923077
-0.11974523076923077
-0.200688
-0.25555384615384613
-0.25513661538461535
-0.20444307692307692
-0.11077476923076923
0.007510153846153846
0.11578153846153846
0.20193969230769232
0.25764
0.29727692307692305
0.3160523076923077
0.2799618461538461
0.21174461538461536
0.1316363076923077
0.04672984615384615
-0.030040615384615384
-0.09846646153846153
-0.14457046153846154
-0.17377661538461536
-0.17899199999999998
-0.14603076923076924
-0.0826116923076923
-0.019609846153846155
0.026702769230769228
0.06613107692307692
0.09554584615384615
0.12412615384615384
0.13810338461538463
0.12934153846153845
0.10827138461538462
0.06592246153846154
0.026285538461538457
0.006884307692307692
0.0014603076923076922
0.011682461538461537
0.014185846153846153
0.01272553846153846
0.027120000000000002
0.040262769230769234
0.055491692307692304
0.05528307692307692
0.03880246153846154
0.03421292307692308
0.04318338461538461
0.08219446153846154
0.12412615384615384
0.1543753846153846
0.17481969230769231
0.18191261538461537
0.19797599999999999
0.19547261538461536
0.16710092307692306
0.10159569230769232
0.007510153846153846
-0.0717636923076923
-0.14290153846153844
-0.19651569230769228
-0.23156307692307693
-0.25054707692307693
-0.23656984615384613
-0.19672430769230767
-0.12788123076923075
-0.04109723076923077
0.03963692307692308
0.1028473846153846
0.14206707692307693
0.17252492307692308
0.1777403076923077
0.14206707692307693
0.07614461538461538
-0.008761846153846153
-0.09179076923076923
-0.15875630769230767
-0.20548615384615385
-0.23886461538461537
-0.26619323076923074
-0.2830910769230769
-0.26452430769230767
-0.20944984615384615
-0.13330523076923076
-0.053614153846153846
0.010639384615384617
0.065088
0.10535076923076922
0.12016246153846154
0.10535076923076922
0.052571076923076915
-0.026702769230769228
-0.11056615384615384
-0.1760713846153846
-0.21800307692307694
-0.24282830769230768
-0.24574892307692306
-0.22822523076923076
-0.18629353846153843
-0.124752
-0.05570030769230769
0.008970461538461538
0.05444861538461539
0.08490646153846154
0.10681107692307691
0.11390399999999999
0.10222153846153846
0.08031692307692308
0.040262769230769234
-0.006675692307692307
-0.040262769230769234
-0.06446215384615385
-0.07843938461538462
-0.09387692307692307
-0.10263876923076923
-0.08511507692307693
-0.04985907692307692
-0.008344615384615384
0.03713353846153846
0.07614461538461538
0.09930092307692308
0.11181784615384616
0.11953661538461538
0.12829846153846153
0.12016246153846154
0.08323753846153846
0.04568676923076923
0.01710646153846154
-0.0070929230769230765
-0.019609846153846155
-0.03337846153846154
-0.04756430769230769
-0.05319692307692307
-0.03942830769230769
-0.01397723076923077
0.008761846153846153
0.025659692307692307
0.03755076923076923
0.06884307692307692
0.11640738461538462
0.16897846153846155
0.20548615384615385
0.21049292307692305
0.19735015384615384
0.16021661538461537
0.10597661538461538
0.043600615384615383
-0.03379569230769231
-0.111192
-0.17023015384615386
-0.20381723076923075
-0.18879692307692306
-0.15208061538461537
-0.09408553846153846
-0.023990769230769232
0.045895384615384616
0.14164984615384615
0.20819815384615384
0.24491446153846153
0.21111876923076925
0.127464
0.051528
-0.020652923076923076
-0.07134646153846153
-0.1205796923076923
-0.17461107692307692
-0.1910916923076923
-0.15938215384615384
-0.042348923076923076
0.19505538461538463
0.22175815384615383
0.1908830769230769
0.20673784615384616
0.14540492307692307
0.2701569230769231
0.17982646153846152
-0.02232184615384615
-0.20027076923076922
-0.40387938461538464
-0.3054129230769231
-0.26786215384615386
-0.19818461538461538
-0.1696043076923077
-0.17315076923076922
0.0853236923076923
0.233232
0.42953907692307686
0.458328
0.27704123076923076
0.2342750769230769
0.06195876923076923
0.006884307692307692
-0.06383630769230769
-0.27599815384615384
-0.279336
-0.3957433846153846
-0.4011673846153846
-0.22300984615384614
-0.157296
0.059872615384615385
0.1504116923076923
0.1656406153846154
0.27412061538461535
0.26222953846153846
0.3502652307692307
0.34588430769230766
0.19693292307692306
0.078648
-0.0828203076923077
-0.07927384615384615
-0.06133292307692308
-0.12913292307692306
-0.14185846153846154
-0.19067446153846154
-0.0961716923076923
0.04985907692307692
0.08490646153846154
0.14561353846153846
0.11411261538461538
0.1097316923076923
0.18921415384615384
0.17148184615384612
0.18483323076923078
0.15896492307692306
0.08824430769230769
0.12037107692307693
0.103056
0.07781353846153846
0.04088861538461538
-0.055491692307692304
-0.09930092307692308
-0.1597993846153846
-0.19192615384615386
-0.19693292307692306
-0.17648861538461538
-0.08866153846153846
-0.05048492307692308
0.04672984615384615
0.16418030769230768
0.22822523076923076
0.32085046153846153
0.30144923076923075
0.25200738461538463
0.20861538461538462
0.0897046153846154
0.006049846153846154
-0.13434830769230768
-0.2776670769230769
-0.32585723076923073
-0.3588184615384616
-0.31626092307692305
-0.26869661538461537
-0.206112
-0.04714707692307692
0.10076123076923077
0.22175815384615383
0.26869661538461537
0.26723630769230766
0.28413415384615387
0.2238443076923077
0.130176
-0.012308307692307691
-0.20339999999999997
-0.29185292307692307
-0.35193415384615384
-0.36027876923076924
-0.28434276923076923
-0.2194633846153846
-0.08490646153846154
0.06863446153846153
0.1942209230769231
0.3383741538461538
0.417648
0.4456024615384615
0.41326707692307696
0.30186646153846153
0.1777403076923077
0.032544
-0.0880356923076923
-0.18650215384615382
-0.26118646153846153
-0.27599815384615384
-0.2872633846153846
-0.22697353846153845
-0.11911938461538461
-0.019609846153846155
0.11411261538461538
0.19442953846153843
0.2626467692307692
0.3502652307692307
0.36945784615384614
0.347136
0.2482523076923077
0.09763200000000001
-0.010639384615384617
-0.11452984615384615
-0.20027076923076922
-0.26139507692307695
-0.3031181538461538
-0.27558092307692306
-0.208824
-0.10931446153846153
0.00855323076923077
0.10243015384615384
0.192552
0.23782153846153845
0.25200738461538463
0.26139507692307695
0.2275993846153846
0.21132738461538458
0.17419384615384614
0.100344
0.05173661538461538
-0.0033378461538461535
-0.015228923076923076
-0.01940123076923077
-0.06967753846153846
-0.10368184615384615
-0.12329169230769231
-0.10055261538461538
-0.04401784615384615
-0.011473846153846154
0.007510153846153846
0.012308307692307691
0.029623384615384614
0.07218092307692307
0.09325107692307691
0.10263876923076923
0.07593599999999999
0.032544
0.014185846153846153
-0.025033846153846153
-0.04547815384615384
-0.07614461538461538
-0.1151556923076923
-0.13330523076923076
-0.1652233846153846
-0.15228923076923076
-0.12016246153846154
-0.08991323076923076
-0.05674338461538461
-0.04714707692307692
-0.010639384615384617
0.04985907692307692
0.1097316923076923
0.14144123076923076
0.11348676923076922
0.06258461538461538
0.002086153846153846
-0.0446436923076923
-0.06446215384615385
-0.10076123076923077
-0.1435273846153846
-0.16647507692307692
-0.16271999999999998
-0.11745046153846153
-0.08052553846153847
-0.05298830769230769
-0.012934153846153845
0.009596307692307692
0.04214030769230769
0.059664
0.05507446153846154
0.05444861538461539
0.04214030769230769
0.04860738461538461
0.06321046153846153
0.07843938461538462
0.10076123076923077
0.10493353846153847
0.09930092307692308
0.08574092307692306
0.07739630769230768
0.07927384615384615
0.059872615384615385
0.030875076923076922
-0.0050067692307692304
-0.04652123076923077
-0.058829538461538454
-0.05528307692307692
-0.032544
-0.006049846153846154
0.0014603076923076922
0.034630153846153845
0.084072
0.13330523076923076
0.1639716923076923
0.13601723076923075
0.07531015384615385
0.005424
-0.06467076923076923
-0.12642092307692307
-0.19630707692307692
-0.2641070769230769
-0.3129230769230769
-0.32669169230769235
-0.2891409230769231
-0.2207150769230769
-0.13726892307692307
-0.05757784615384615
0.0016689230769230767
0.06028984615384615
0.10743692307692307
0.12642092307692307
0.13101046153846155
0.10597661538461538
0.06592246153846154
0.027328615384615382
-0.004798153846153846
-0.012099692307692308
-0.017315076923076923
-0.02524246153846154
-0.02858030769230769
-0.02858030769230769
-0.011056615384615385
0.0035464615384615383
0.0006258461538461538
-0.0043809230769230765
0.004589538461538461
0.04088861538461538
0.09825784615384614
0.154584
0.18712800000000002
0.200688
0.2125790769230769
0.2140393846153846
0.18379015384615385
0.11327815384615383
0.009804923076923077
-0.09679753846153846
-0.18316430769230768
-0.2438713846153846
-0.2697396923076923
-0.2643156923076923
-0.22593046153846155
-0.14394461538461537
-0.035464615384615386
0.07906523076923076
0.17523692307692307
0.23844738461538462
0.2626467692307692
0.24679199999999998
0.21466523076923077
0.16897846153846155
0.10201292307692307
0.018983999999999997
-0.06404492307692307
-0.12975876923076923
-0.16480615384615382
-0.16626646153846153
-0.1422756923076923
-0.103056
-0.06279323076923077
-0.008344615384615384
0.05653476923076922
0.111192
0.14561353846153846
0.14686523076923075
0.12245723076923076
0.08219446153846154
0.04839876923076923
0.011891076923076923
-0.032544
-0.06654830769230768
-0.08177723076923075
-0.06675692307692307
-0.04568676923076923
-0.021696
-0.007510153846153846
-0.015228923076923076
-0.019609846153846155
-0.011891076923076923
0.0004172307692307692
0.010222153846153844
0.01397723076923077
0.01668923076923077
0.03275261538461539
0.05611753846153846
0.08094276923076923
0.09658892307692307
0.0853236923076923
0.06028984615384615
0.035255999999999996
0.0043809230769230765
-0.03233538461538461
-0.07051199999999999
-0.11327815384615383
-0.14144123076923076
-0.13914646153846155
-0.11870215384615385
-0.06717415384615384
0.0014603076923076922
0.06759138461538462
0.12996738461538462
0.17523692307692307
0.20173107692307693
0.18086953846153844
0.12245723076923076
0.03942830769230769
-0.05111076923076923
-0.130176
-0.19317784615384614
-0.22676492307692306
-0.23823876923076923
-0.21195323076923075
-0.1435273846153846
-0.04526953846153846
0.058412307692307694
0.14582215384615385
0.2059033846153846
0.2453316923076923
0.2695310769230769
0.2737033846153846
0.25451076923076926
0.20360861538461536
0.13643446153846153
0.06279323076923077
0.002086153846153846
-0.04631261538461538
-0.08010830769230769
-0.09179076923076923
-0.08490646153846154
-0.03963692307692308
0.02545107692307692
0.10222153846153846
0.16730953846153845
0.20256553846153844
0.21508246153846153
0.19651569230769228
0.16730953846153845
0.12037107692307693
0.056326153846153845
-0.015228923076923076
-0.08720123076923077
-0.1341396923076923
-0.16334584615384617
-0.1639716923076923
-0.14540492307692307
-0.12579507692307693
-0.09909230769230769
-0.07468430769230769
-0.0446436923076923
-0.009804923076923077
0.022530461538461537
0.059038153846153844
0.09450276923076922
0.11494707692307692
0.12412615384615384
0.12162276923076921
0.100344
0.07197230769230768
0.046104
0.018983999999999997
-0.0002086153846153846
-0.010013538461538461
-0.018983999999999997
-0.01043076923076923
0.0002086153846153846
0.01668923076923077
0.04819015384615385
0.06300184615384616
0.07113784615384615
0.06842584615384616
0.04985907692307692
0.03108369230769231
0.0018775384615384615
-0.02586830769230769
-0.041514461538461535
-0.05236246153846154
-0.05048492307692308
-0.035464615384615386
-0.015228923076923076
0.0043809230769230765
0.017940923076923077
0.022530461538461537
0.018358153846153843
0.0070929230769230765
-0.008136
-0.02899753846153846
-0.05611753846153846
-0.07468430769230769
-0.08073415384615384
-0.06675692307692307
-0.03692492307692308
0.0006258461538461538
0.042557538461538466
0.08302892307692307
0.11056615384615384
0.12099692307692309
0.1218313846153846
0.10096984615384616
0.07635323076923077
0.03859384615384615
-0.009179076923076922
-0.042557538461538466
-0.078648
-0.10347323076923076
-0.12433476923076923
-0.138312
-0.1353913846153846
-0.11578153846153846
-0.07510153846153846
-0.02524246153846154
0.02211323076923077
0.058412307692307694
0.08574092307692306
0.10639384615384614
0.11536430769230768
0.10868861538461538
0.08115138461538463
0.037342153846153844
0.013560000000000001
-0.0016689230769230767
-0.004798153846153846
-0.014394461538461538
-0.051528
-0.07614461538461538
-0.12245723076923076
-0.16313723076923078
-0.21049292307692305
-0.24887815384615386
-0.24992123076923078
-0.19547261538461536
-0.050067692307692306
0.20444307692307692
0.5069353846153847
0.7038683076923077
0.921036923076923
1.0499612307692308
1.0971083076923076
1.0695710769230768
0.8110966153846153
0.46020553846153844
-0.04422646153846154
-0.5363501538461538
-0.9825784615384614
-1.3968886153846154
-1.6334584615384613
-1.7613396923076923
-1.6086332307692308
-1.216644923076923
-0.6439956923076923
0.08907876923076924
0.7414190769230768
1.3320092307692308
1.7425643076923079
1.8979827692307691
1.8345636923076922
1.4432012307692306
0.859704
0.14540492307692307
-0.6479593846153846
-1.2635833846153846
-1.7144012307692307
-1.935742153846154
-1.8844227692307691
-1.6601612307692306
-1.192654153846154
-0.5995606153846154
0.08052553846153847
0.7839766153846154
1.3409796923076922
1.7321335384615384
1.8777470769230769
1.7968043076923077
1.5212233846153846
1.006152
0.37237846153846155
-0.3008233846153846
-0.923748923076923
-1.351201846153846
-1.628243076923077
-1.717739076923077
-1.6084246153846153
-1.3647618461538462
-0.9587963076923077
-0.47647753846153845
0.016480615384615385
0.5065181538461538
0.904764923076923
1.2120553846153845
1.4091969230769232
1.4473735384615385
1.343065846153846
1.0666504615384615
0.6702812307692307
0.20131384615384615
-0.2951907692307692
-0.7435052307692308
-1.1302781538461537
-1.3799907692307691
-1.4926430769230767
-1.4444529230769232
-1.1680375384615385
-0.7533101538461537
-0.2261390769230769
0.3617390769230769
0.9151956923076924
1.4112830769230769
1.7475710769230768
1.8787901538461538
1.782409846153846
1.4298498461538462
0.9126923076923076
0.2822566153846154
-0.3949089230769231
-1.035984
-1.5723341538461537
-1.8981913846153846
-1.981428923076923
-1.8066092307692307
-1.3981403076923076
-0.8217359999999999
-0.11452984615384615
0.6181273846153846
1.2667126153846153
1.769267076923077
2.014598769230769
1.9805944615384614
1.6876984615384614
1.1609446153846155
0.5311347692307692
-0.14060676923076923
-0.7768836923076924
-1.2783950769230767
-1.624488
-1.744441846153846
-1.610302153846154
-1.2700504615384614
-0.7720855384615384
-0.20840676923076923
0.3584012307692308
0.8632504615384615
1.2489803076923076
1.4876363076923076
1.5114184615384616
1.3445261538461537
1.0161655384615385
0.5816196923076923
0.1368516923076923
-0.30895938461538464
-0.6890566153846153
-0.9648461538461538
-1.1290264615384615
-1.1286092307692306
-0.9938436923076923
-0.7606116923076923
-0.45791076923076923
-0.14311015384615386
0.17419384615384614
0.4756430769230769
0.7120043076923076
0.8584523076923076
0.8957944615384614
0.8382166153846153
0.71868
0.553248
0.3659113846153846
0.15166338461538462
-0.07092923076923077
-0.2899753846153846
-0.4879513846153846
-0.6045673846153846
-0.6656916923076922
-0.6652744615384616
-0.5995606153846154
-0.4912892307692307
-0.3087507692307692
-0.07134646153846153
0.1992276923076923
0.4716793846153846
0.6832153846153847
0.8227790769230768
0.8861981538461539
0.8638763076923077
0.7487206153846153
0.5424
0.2707827692307692
-0.037967999999999995
-0.3321156923076923
-0.5653476923076923
-0.7297366153846154
-0.8037950769230768
-0.7802215384615385
-0.6700726153846154
-0.4710535384615384
-0.22488738461538463
0.04276615384615385
0.29414769230769233
0.4812756923076923
0.6074879999999999
0.6402406153846154
0.5930935384615384
0.48565661538461535
0.3095852307692307
0.10660246153846153
-0.09763200000000001
-0.2716172307692308
-0.385104
-0.45040061538461534
-0.4647950769230769
-0.442056
-0.3917796923076923
-0.30708184615384615
-0.222384
-0.13747753846153846
-0.07405846153846153
-0.0448523076923077
-0.015228923076923076
-0.010013538461538461
-0.0029206153846153843
0.0043809230769230765
-0.0018775384615384615
0.018775384615384614
0.042348923076923076
0.0678
0.08574092307692306
0.07072061538461538
0.03296123076923077
-0.02753723076923077
-0.10389046153846154
-0.18191261538461537
-0.24866953846153847
-0.2822566153846154
-0.2709913846153846
-0.200688
-0.0744756923076923
0.09074769230769231
0.2776670769230769
0.4487316923076923
0.5891298461538461
0.6838412307692308
0.6936461538461538
0.6087396923076923
0.4414301538461538
0.214248
-0.027328615384615382
-0.2586830769230769
-0.45624184615384616
-0.5941366153846154
-0.656304
-0.6170843076923077
-0.4850307692307692
-0.29039261538461536
-0.052153846153846155
0.18483323076923078
0.3873987692307692
0.5380190769230769
0.6164584615384615
0.6116603076923077
0.500676923076923
0.31104553846153843
0.08761846153846153
-0.13935507692307691
-0.32606584615384615
-0.4720966153846154
-0.5665993846153846
-0.5870436923076923
-0.533220923076923
-0.40283630769230766
-0.2207150769230769
-0.018358153846153843
0.1829556923076923
0.3479704615384615
0.4750172307692308
0.5574203076923077
0.5736923076923076
0.5361415384615384
0.4322510769230769
0.29748553846153847
0.17002153846153847
0.0448523076923077
-0.05799507692307692
-0.14039815384615384
-0.19380369230769232
-0.21111876923076925
-0.1881710769230769
-0.12642092307692307
-0.06362769230769232
-0.018358153846153843
0.02211323076923077
0.07280676923076923
0.13789476923076924
0.19380369230769232
0.2330233846153846
0.25972615384615383
0.26348123076923075
0.25117292307692307
0.21320492307692307
0.14123261538461537
0.03421292307692308
-0.10138707692307691
-0.22530461538461538
-0.3102110769230769
-0.3490135384615385
-0.3490135384615385
-0.3269003076923077
-0.26869661538461537
-0.16856123076923077
-0.042974769230769226
0.09179076923076923
0.20444307692307692
0.2818393846153846
0.31250584615384613
0.2993630769230769
0.2638984615384615
0.1873366153846154
0.06759138461538462
-0.07259815384615384
-0.206112
-0.2997803076923077
-0.3485963076923077
-0.3517255384615385
-0.31000246153846156
-0.23656984615384613
-0.12788123076923075
0.017732307692307693
0.16730953846153845
0.2891409230769231
0.3538116923076923
0.35464615384615383
0.3143833846153846
0.23969907692307693
0.14686523076923075
0.02899753846153846
-0.10201292307692307
-0.21195323076923075
-0.28017046153846153
-0.27975323076923075
-0.23636123076923077
-0.16626646153846153
-0.0855323076923077
-0.010639384615384617
0.06926030769230769
0.12496061538461539
0.13935507692307691
0.10514215384615383
0.019192615384615384
-0.07489292307692308
-0.15750461538461538
-0.2127876923076923
-0.23052
-0.23281476923076924
-0.20798953846153845
-0.15187199999999998
-0.07030338461538461
0.03108369230769231
0.10660246153846153
0.14123261538461537
0.14728246153846153
0.12370892307692308
0.08615815384615384
0.026702769230769228
-0.05194523076923077
-0.13622584615384614
-0.2090326153846154
-0.23406646153846156
-0.2090326153846154
-0.143736
-0.06195876923076923
0.03108369230769231
0.15103753846153847
0.28204799999999997
0.40387938461538464
0.49274953846153846
0.517992
0.4814843076923077
0.39928984615384616
0.2931046153846154
0.18232984615384615
0.05820369230769231
-0.05799507692307692
-0.14436184615384615
-0.19046584615384615
-0.18963138461538462
-0.157296
-0.10618523076923077
-0.055491692307692304
-0.0043809230769230765
0.05611753846153846
0.1178676923076923
0.16251138461538459
0.1718990769230769
0.14957723076923077
0.11494707692307692
0.07468430769230769
0.03921969230769231
0.007510153846153846
-0.03713353846153846
-0.08469784615384615
-0.13101046153846155
-0.157296
-0.16042523076923076
-0.16480615384615382
-0.15938215384615384
-0.13726892307692307
-0.09512861538461538
-0.029623384615384614
0.040679999999999994
0.1136953846153846
0.17690584615384616
0.21633415384615384
0.23928184615384615
0.23344061538461539
0.19985353846153847
0.12850707692307692
0.023990769230769232
-0.09137353846153846
-0.19067446153846154
-0.25284184615384614
-0.2883064615384615
-0.29832
-0.2851772307692308
-0.23406646153846156
-0.15249784615384615
-0.054240000000000003
0.04380923076923077
0.12245723076923076
0.1802436923076923
0.21779446153846155
0.23615261538461538
0.21132738461538458
0.14686523076923075
0.05194523076923077
-0.04902461538461538
-0.13622584615384614
-0.20527753846153846
-0.2482523076923077
-0.27328615384615385
-0.2697396923076923
-0.23761292307692305
-0.18107815384615383
-0.10931446153846153
-0.040679999999999994
0.019609846153846155
0.07238953846153846
0.11494707692307692
0.15291507692307693
0.1792006153846154
0.19171753846153847
0.19547261538461536
0.1779489230769231
0.15479261538461536
0.12704676923076924
0.09095630769230768
0.044435076923076924
-0.01856676923076923
-0.07572738461538461
-0.12433476923076923
-0.1543753846153846
-0.16459753846153846
-0.15750461538461538
-0.13247076923076923
-0.10889723076923077
-0.06070707692307692
0.012099692307692308
0.09074769230769231
0.17169046153846151
0.22947692307692308
0.2722430769230769
0.29039261538461536
0.2586830769230769
0.1913003076923077
0.078648
-0.056326153846153845
-0.1800350769230769
-0.29644246153846154
-0.36611999999999995
-0.40012430769230767
-0.3907366153846154
-0.32731753846153844
-0.2563883076923077
-0.13518276923076925
0.011891076923076923
0.16021661538461537
0.30374399999999996
0.3903193846153846
0.43350276923076925
0.44268184615384615
0.4303735384615384
0.40992923076923077
0.3483876923076923
0.15270646153846154
-0.06383630769230769
-0.26494153846153845
-0.39657784615384617
-0.41305846153846154
-0.5275883076923077
-0.5471981538461539
-0.5052664615384616
-0.3646596923076923
-0.06154153846153846
0.15416676923076922
0.38343507692307693
0.4929581538461539
0.5789076923076923
0.6821723076923076
0.631896
0.5382276923076923
0.26765353846153844
-0.043600615384615383
-0.292896
-0.5401052307692308
-0.6250116923076923
-0.6880135384615385
-0.6667347692307692
-0.4866996923076923
-0.32564861538461537
-0.04401784615384615
0.2415766153846154
0.4641692307692307
0.6823809230769231
0.6936461538461538
0.6490024615384615
0.554916923076923
0.3727956923076923
0.23218892307692307
0.006884307692307692
-0.2140393846153846
-0.3955347692307692
-0.5323864615384615
-0.5200781538461539
-0.48336184615384614
-0.4214030769230769
-0.31918153846153846
-0.20047938461538461
0.004589538461538461
0.19150892307692308
0.3202246153846154
0.4086775384615385
0.4076344615384615
0.4105550769230769
0.3924055384615385
0.31855569230769226
0.26348123076923075
0.17815753846153848
0.09700615384615385
0.04214030769230769
-0.027120000000000002
-0.06070707692307692
-0.119328
-0.19964492307692308
-0.23260615384615385
-0.26222953846153846
-0.2415766153846154
-0.1712732307692308
-0.06967753846153846
0.06008123076923077
0.1612596923076923
0.26869661538461537
0.3419206153846154
0.37091815384615384
0.35005661538461535
0.23761292307692305
0.11828492307692307
-0.018775384615384614
-0.16605784615384614
-0.27620676923076926
-0.37363015384615383
-0.40554830769230765
-0.376968
-0.30895938461538464
-0.173568
-0.030040615384615384
0.12934153846153845
0.2914356923076923
0.40575692307692307
0.4825273846153846
0.47877230769230766
0.4287046153846154
0.3475532307692307
0.20673784615384616
0.05048492307692308
-0.11035753846153845
-0.22530461538461538
-0.26723630769230766
-0.2822566153846154
-0.23448369230769228
-0.1422756923076923
-0.03838523076923077
0.09512861538461538
0.19463815384615382
0.2626467692307692
0.2966510769230769
0.2680707692307692
0.21716861538461538
0.12412615384615384
0.003963692307692307
-0.11077476923076923
-0.21758584615384616
-0.2737033846153846
-0.28851507692307693
-0.2716172307692308
-0.23907323076923076
-0.1977673846153846
-0.11306953846153844
-0.029623384615384614
0.04318338461538461
0.10055261538461538
0.11202646153846153
0.11557292307692307
0.10138707692307691
0.06654830769230768
0.028371692307692306
-0.03921969230769231
-0.09658892307692307
-0.11181784615384616
-0.10430769230769231
-0.08115138461538463
-0.054657230769230764
-0.02753723076923077
0.009387692307692307
0.049233230769230765
0.09283384615384616
0.12955015384615384
0.14144123076923076
0.13309661538461537
0.09429415384615383
0.06362769230769232
0.058412307692307694
0.06300184615384616
0.08240307692307691
0.0678
0.04088861538461538
0.020652923076923076
0.003129230769230769
0.014185846153846153
0.0014603076923076922
-0.040262769230769234
-0.06300184615384616
-0.05674338461538461
-0.0077187692307692304
0.06279323076923077
0.10868861538461538
0.15395815384615386
0.19004861538461537
0.23135446153846154
0.2768326153846154
0.2774584615384615
0.24324553846153843
0.1612596923076923
0.07802215384615384
0.01814953846153846
-0.031709538461538456
-0.05319692307692307
-0.06821723076923077
-0.06738276923076922
-0.034630153846153845
0.02273907692307692
0.10347323076923076
0.1802436923076923
0.22008923076923076
0.22676492307692306
0.20527753846153846
0.1704387692307692
0.12412615384615384
0.040054153846153843
-0.07802215384615384
-0.20944984615384615
-0.3116713846153846
-0.36403384615384615
-0.36778892307692307
-0.32877784615384614
-0.279336
-0.20027076923076922
-0.08824430769230769
0.03942830769230769
0.15792184615384616
0.21320492307692307
0.21320492307692307
0.1718990769230769
0.10597661538461538
0.04047138461538462
-0.04172307692307692
-0.12433476923076923
-0.17481969230769231
-0.1923433846153846
-0.16689230769230767
-0.11640738461538462
-0.06654830769230768
-0.016480615384615385
0.03483876923076923
0.08887015384615385
0.13226215384615383
0.15416676923076922
0.14665661538461539
0.09554584615384615
0.025659692307692307
-0.05194523076923077
-0.12725538461538463
-0.17377661538461536
-0.21007569230769232
-0.22676492307692306
-0.21842030769230766
-0.1800350769230769
-0.10660246153846153
-0.03275261538461539
0.037967999999999995
0.09033046153846153
0.11306953846153844
0.1287156923076923
0.12913292307692306
0.10639384615384614
0.07259815384615384
0.019609846153846155
-0.03379569230769231
-0.073224
-0.10409907692307692
-0.1178676923076923
-0.12412615384615384
-0.1028473846153846
-0.056951999999999996
-0.0016689230769230767
0.06467076923076923
0.11473846153846154
0.15500123076923078
0.18086953846153844
0.17419384615384614
0.1506203076923077
0.09512861538461538
0.015646153846153844
-0.05319692307692307
-0.11599015384615384
-0.15813046153846153
-0.18149538461538461
-0.20047938461538461
-0.19067446153846154
-0.15896492307692306
-0.10535076923076922
-0.03692492307692308
0.015646153846153844
0.05945538461538461
0.08302892307692307
0.09554584615384615
0.10430769230769231
0.09763200000000001
0.0853236923076923
0.05820369230769231
0.02545107692307692
0.0002086153846153846
-0.023990769230769232
-0.042557538461538466
-0.06341907692307691
-0.08302892307692307
-0.0826116923076923
-0.06988615384615385
-0.03880246153846154
-0.006675692307692307
0.017523692307692306
0.047772923076923074
0.06821723076923077
0.09074769230769231
0.0961716923076923
0.06842584615384616
0.021904615384615383
-0.043600615384615383
-0.10159569230769232
-0.1449876923076923
-0.17711446153846155
-0.18942276923076923
-0.18650215384615382
-0.157296
-0.10660246153846153
-0.04672984615384615
0.010848
0.0448523076923077
0.07030338461538461
0.0961716923076923
0.11244369230769231
0.12204
0.11494707692307692
0.09763200000000001
0.09325107692307691
0.0961716923076923
0.11473846153846154
0.1356
0.13893784615384613
0.14018953846153845
0.13852061538461538
0.14457046153846154
0.14749107692307692
0.13267938461538462
0.11014892307692307
0.07614461538461538
0.040262769230769234
0.007510153846153846
-0.023990769230769232
-0.041514461538461535
-0.05111076923076923
-0.035255999999999996
0.014603076923076923
0.062376
0.11014892307692307
0.12704676923076924
0.10368184615384615
0.06717415384615384
0.0008344615384615384
-0.07197230769230768
-0.15813046153846153
-0.2497126153846154
-0.3131316923076923
-0.3517255384615385
-0.3269003076923077
-0.25159015384615385
-0.15771323076923077
-0.052153846153846155
0.04965046153846154
0.14164984615384615
0.21696000000000001
0.260352
0.24679199999999998
0.1869193846153846
0.1097316923076923
0.03942830769230769
-0.03129230769230769
-0.09825784615384614
-0.15562707692307692
-0.1927606153846154
-0.18650215384615382
-0.14749107692307692
-0.07969107692307692
-0.009804923076923077
0.045895384615384616
0.09304246153846155
0.13101046153846155
0.16418030769230768
0.18191261538461537
0.16418030769230768
0.11974523076923077
0.05486584615384615
-0.009596307692307692
-0.059664
-0.11327815384615383
-0.15520984615384617
-0.18900553846153845
-0.19588984615384614
-0.15667015384615385
-0.09241661538461539
-0.0018775384615384615
0.08490646153846154
0.15479261538461536
0.22780799999999998
0.287472
0.32898646153846156
0.3333673846153846
0.30019753846153846
0.2422024615384615
0.16626646153846153
0.100344
0.03755076923076923
-0.02482523076923077
-0.08845292307692308
-0.13706030769230768
-0.15667015384615385
-0.1476996923076923
-0.116616
-0.07697907692307693
-0.03921969230769231
-0.004798153846153846
0.037967999999999995
0.0717636923076923
0.08824430769230769
0.08887015384615385
0.07134646153846153
0.04693846153846153
0.026911384615384615
0.008344615384615384
-0.02044430769230769
-0.049233230769230765
-0.08156861538461539
-0.09930092307692308
-0.09700615384615385
-0.08782707692307692
-0.06800861538461538
-0.05298830769230769
-0.02795446153846154
0.01814953846153846
0.07739630769230768
0.13664307692307692
0.17273353846153844
0.18212123076923076
0.17502830769230768
0.16438892307692307
0.1397723076923077
0.10743692307692307
0.05799507692307692
-0.006049846153846154
-0.04401784615384615
-0.06154153846153846
-0.058829538461538454
-0.04860738461538461
-0.03775938461538462
-0.016480615384615385
0.012308307692307691
0.049233230769230765
0.07885661538461539
0.09158215384615384
0.08386338461538462
0.06821723076923077
0.054657230769230764
0.048816000000000005
0.04672984615384615
0.04193169230769231
0.03024923076923077
0.017732307692307693
0.031709538461538456
0.058829538461538454
0.08365476923076923
0.0988836923076923
0.09387692307692307
0.08866153846153846
0.08991323076923076
0.09408553846153846
0.09596307692307693
0.08448923076923077
0.06926030769230769
0.06404492307692307
0.08177723076923075
0.11181784615384616
0.13810338461538463
0.15917353846153848
0.16793538461538463
0.16710092307692306
0.15604430769230768
0.13184492307692308
0.09387692307692307
0.03275261538461539
-0.042974769230769226
-0.11807630769230769
-0.19818461538461538
-0.26535876923076923
-0.32231076923076923
-0.36299076923076923
-0.3294036923076923
-0.2140393846153846
-0.042974769230769226
0.16084246153846155
0.32982092307692307
0.4729310769230769
0.5872523076923076
0.634608
0.6195876923076923
0.4812756923076923
0.2782929230769231
0.035464615384615386
-0.1721076923076923
-0.32898646153846156
-0.5052664615384616
-0.5736923076923076
-0.6006036923076923
-0.5086043076923077
-0.30270092307692303
-0.09033046153846153
0.16042523076923076
0.31626092307692305
0.4585366153846154
0.5469895384615384
0.5146541538461539
0.4322510769230769
0.22968553846153844
0.009179076923076922
-0.21967199999999998
-0.4391353846153846
-0.5526221538461538
-0.6141636923076923
-0.5724406153846154
-0.45665907692307695
-0.3143833846153846
-0.12767261538461538
0.03629907692307692
0.19359507692307693
0.30854215384615385
0.32669169230769235
0.3229366153846154
0.2803790769230769
0.21925476923076925
0.15333230769230768
0.03609046153846154
-0.06821723076923077
-0.15771323076923077
-0.2157083076923077
-0.21758584615384616
-0.2207150769230769
-0.21132738461538458
-0.17648861538461538
-0.10764553846153846
0.0
0.08866153846153846
0.15813046153846153
0.19213476923076922
0.19380369230769232
0.20381723076923075
0.18170399999999998
0.14728246153846153
0.1028473846153846
0.04214030769230769
0.0035464615384615383
-0.05298830769230769
-0.13643446153846153
-0.21487384615384614
-0.30207507692307695
-0.3650769230769231
-0.38990215384615384
-0.376968
-0.2981113846153846
-0.1942209230769231
-0.05611753846153846
0.09825784615384614
0.23656984615384613
0.3650769230769231
0.42891323076923077
0.43663199999999996
0.3767593846153846
0.2532590769230769
0.13059323076923077
-0.007927384615384614
-0.13664307692307692
-0.25117292307692307
-0.3410861538461538
-0.3558978461538462
-0.3198073846153846
-0.23907323076923076
-0.13852061538461538
-0.041514461538461535
0.07364123076923076
0.19693292307692306
0.29581661538461534
0.3452584615384615
0.34171199999999996
0.2943563076923077
0.19797599999999999
0.08490646153846154
-0.029414769230769227
-0.1506203076923077
-0.24762646153846155
-0.3072904615384615
-0.31626092307692305
-0.26076923076923075
-0.16710092307692306
-0.05507446153846154
0.06341907692307691
0.15187199999999998
0.22196676923076922
0.25847446153846154
0.25951753846153847
0.23510953846153848
0.16209415384615386
0.073224
-0.0050067692307692304
-0.05924676923076923
-0.07906523076923076
-0.08594953846153845
-0.08761846153846153
-0.07885661538461539
-0.06738276923076922
-0.03942830769230769
-0.015646153846153844
-0.012516923076923077
-0.028371692307692306
-0.05716061538461538
-0.06154153846153846
-0.058412307692307694
-0.05945538461538461
-0.05736923076923077
-0.05194523076923077
-0.025033846153846153
0.008344615384615384
0.03755076923076923
0.05862092307692307
0.05757784615384615
0.04631261538461538
0.02899753846153846
0.009804923076923077
-0.021070153846153846
-0.073224
-0.11327815384615383
-0.1341396923076923
-0.14123261538461537
-0.13101046153846155
-0.11160923076923077
-0.06717415384615384
-0.004589538461538461
0.05507446153846154
0.12621230769230768
0.19025723076923076
0.24512307692307692
0.2883064615384615
0.2899753846153846
0.27286892307692306
0.23093723076923076
0.16334584615384617
0.09325107692307691
0.0002086153846153846
-0.08302892307692307
-0.13476553846153844
-0.16647507692307692
-0.157296
-0.13601723076923075
-0.1045163076923077
-0.05799507692307692
-0.01710646153846154
0.024408000000000003
0.038176615384615385
0.04109723076923077
0.05653476923076922
0.07197230769230768
0.08824430769230769
0.0826116923076923
0.05799507692307692
0.040679999999999994
0.042557538461538466
0.05382276923076923
0.04944184615384615
0.023990769230769232
-0.007510153846153846
-0.043392
-0.07697907692307693
-0.09784061538461537
-0.11223507692307692
-0.11599015384615384
-0.10555938461538462
-0.07739630769230768
-0.033169846153846154
0.01814953846153846
0.07113784615384615
0.111192
0.12704676923076924
0.12037107692307693
0.09471138461538461
0.06258461538461538
0.01981846153846154
-0.031918153846153846
-0.08386338461538462
-0.12370892307692308
-0.13914646153846155
-0.1397723076923077
-0.12934153846153845
-0.11140061538461538
-0.073224
-0.014185846153846153
0.05507446153846154
0.12412615384615384
0.1792006153846154
0.21091015384615383
0.21341353846153846
0.19046584615384615
0.14728246153846153
0.08177723076923075
-0.003129230769230769
-0.07927384615384615
-0.1341396923076923
-0.16334584615384617
-0.1558356923076923
-0.12913292307692306
-0.09158215384615384
-0.04401784615384615
0.013768615384615384
0.08511507692307693
0.14519630769230768
0.18900553846153845
0.2075723076923077
0.19839323076923077
0.17398523076923075
0.13330523076923076
0.08177723076923075
0.021487384615384613
-0.03588184615384615
-0.08469784615384615
-0.12433476923076923
-0.14081538461538462
-0.132888
-0.10597661538461538
-0.05820369230769231
-0.0012516923076923076
0.06571384615384615
0.12934153846153845
0.1696043076923077
0.1927606153846154
0.1927606153846154
0.18107815384615383
0.16230276923076925
0.13706030769230768
0.10096984615384616
0.05590892307692308
0.021904615384615383
0.002086153846153846
0.0018775384615384615
0.017940923076923077
0.03671630769230769
0.052571076923076915
0.07301538461538462
0.086784
0.08615815384615384
0.07510153846153846
0.053614153846153846
0.03024923076923077
0.0014603076923076922
-0.028788923076923077
-0.04944184615384615
-0.06675692307692307
-0.07760492307692309
-0.07426707692307692
-0.06195876923076923
-0.03233538461538461
0.0050067692307692304
0.02273907692307692
0.035464615384615386
0.04672984615384615
0.052153846153846155
0.056326153846153845
0.044435076923076924
0.02315630769230769
-0.010222153846153844
-0.04193169230769231
-0.058829538461538454
-0.07280676923076923
-0.08073415384615384
-0.09241661538461539
-0.09408553846153846
-0.06905169230769231
-0.02858030769230769
0.022947692307692308
0.07301538461538462
0.11286092307692308
0.14686523076923075
0.16751815384615384
0.16835261538461538
0.1462393846153846
0.092208
0.016480615384615385
-0.06759138461538462
-0.14540492307692307
-0.19818461538461538
-0.22154953846153846
-0.20506892307692307
-0.16584923076923075
-0.10681107692307691
-0.025033846153846153
0.05778646153846154
0.12767261538461538
0.1652233846153846
0.1787833846153846
0.17628
0.15166338461538462
0.11056615384615384
0.051319384615384614
-0.021278769230769233
-0.08448923076923077
-0.12287446153846153
-0.13726892307692307
-0.13184492307692308
-0.11098338461538461
-0.07468430769230769
-0.022947692307692308
0.03129230769230769
0.07197230769230768
0.10138707692307691
0.11327815384615383
0.1045163076923077
0.08699261538461538
0.0717636923076923
0.054657230769230764
0.02545107692307692
0.005632615384615384
-0.006258461538461538
-0.021070153846153846
-0.03129230769230769
-0.05194523076923077
-0.084072
-0.12162276923076921
-0.16042523076923076
-0.18858830769230767
-0.20047938461538461
-0.19359507692307693
-0.16689230769230767
-0.12037107692307693
-0.047772923076923074
0.043600615384615383
0.13393107692307693
0.20840676923076923
0.25242461538461536
0.26932246153846157
0.2586830769230769
0.21779446153846155
0.14603076923076924
0.04693846153846153
-0.06216738461538462
-0.16292861538461537
-0.2238443076923077
-0.24282830769230768
-0.22572184615384616
-0.1760713846153846
-0.09804923076923076
0.004798153846153846
0.11640738461538462
0.22280123076923075
0.3039526153846154
0.35005661538461535
0.3502652307692307
0.31542646153846154
0.2507556923076923
0.15124615384615384
0.03692492307692308
-0.07906523076923076
-0.16876984615384616
-0.222384
-0.2415766153846154
-0.23177169230769232
-0.20652923076923077
-0.16271999999999998
-0.1045163076923077
-0.03421292307692308
0.031709538461538456
0.08219446153846154
0.11181784615384616
0.12204
0.127464
0.13205353846153844
0.12433476923076923
0.10389046153846154
0.07197230769230768
0.022947692307692308
-0.020027076923076922
-0.06300184615384616
-0.10743692307692307
-0.15124615384615384
-0.19338646153846153
-0.20339999999999997
-0.18379015384615385
-0.13330523076923076
-0.06633969230769231
0.003129230769230769
0.07885661538461539
0.14832553846153845
0.2127876923076923
0.2532590769230769
0.26160369230769226
0.23281476923076924
0.16438892307692307
0.06946892307692307
-0.03567323076923076
-0.13101046153846155
-0.21508246153846153
-0.265776
-0.2705741538461538
-0.22426153846153846
-0.12662953846153846
-0.0050067692307692304
0.12308307692307692
0.2369870769230769
0.32272799999999996
0.37550769230769226
0.3836436923076923
0.34171199999999996
0.2532590769230769
0.13434830769230768
0.005841230769230769
-0.111192
-0.1992276923076923
-0.25346769230769234
-0.2670276923076923
-0.23406646153846156
-0.16042523076923076
-0.058829538461538454
0.05111076923076923
0.146448
0.21862892307692305
0.26076923076923075
0.27328615384615385
0.25117292307692307
0.1794092307692308
0.07906523076923076
-0.027328615384615382
-0.12266584615384615
-0.19067446153846154
-0.23052
-0.2399076923076923
-0.2238443076923077
-0.19171753846153847
-0.13518276923076925
-0.06070707692307692
0.00855323076923077
0.06967753846153846
0.12016246153846154
0.1612596923076923
0.19067446153846154
0.20277415384615383
0.19609846153846153
0.15124615384615384
0.08344615384615384
0.0043809230769230765
-0.05194523076923077
-0.08907876923076924
-0.14206707692307693
-0.16710092307692306
-0.2008966153846154
-0.1787833846153846
-0.12829846153846153
0.008344615384615384
0.17586276923076924
0.16271999999999998
0.20673784615384616
0.19442953846153843
0.17481969230769231
0.17273353846153844
-0.01397723076923077
-0.19067446153846154
-0.42035999999999996
-0.5367673846153845
-0.5342640000000001
-0.5599236923076922
-0.5061009230769231
-0.48649107692307686
-0.3312812307692308
-0.06905169230769231
0.16021661538461537
0.40575692307692307
0.45707630769230767
0.44122153846153844
0.41389292307692305
0.29873723076923075
0.22718215384615387
0.050067692307692306
-0.13393107692307693
-0.24282830769230768
-0.39052800000000004
-0.3717526153846154
-0.2899753846153846
-0.20423446153846153
-0.05069353846153846
0.03275261538461539
0.15500123076923078
0.28350830769230767
0.3684147692307692
0.4725138461538462
0.477312
0.4090947692307692
0.32189353846153845
0.21821169230769227
0.15270646153846154
0.03150092307692308
-0.11765907692307691
-0.22801661538461537
-0.30436984615384616
-0.2626467692307692
-0.20632061538461538
-0.15875630769230767
-0.07489292307692308
-0.013560000000000001
0.09408553846153846
0.1858763076923077
0.21195323076923075
0.2436627692307692
0.2238443076923077
0.20778092307692309
0.22467876923076924
0.2059033846153846
0.16251138461538459
0.06133292307692308
-0.05486584615384615
-0.1570873846153846
-0.2632726153846154
-0.3327415384615385
-0.3798886153846154
-0.3665372307692307
-0.31751261538461534
-0.2568055384615385
-0.10994030769230768
0.04985907692307692
0.2008966153846154
0.3323243076923077
0.38927630769230764
0.41973415384615387
0.3826006153846154
0.28809784615384615
0.16501476923076921
-0.014185846153846153
-0.16209415384615386
-0.26765353846153844
-0.3373310769230769
-0.3502652307692307
-0.336288
-0.25972615384615383
-0.11286092307692308
0.047981538461538464
0.1881710769230769
0.28809784615384615
0.37425600000000003
0.44685415384615385
0.45791076923076923
0.4214030769230769
0.31688676923076925
0.1783661538461538
0.06592246153846154
-0.052571076923076915
-0.12287446153846153
-0.16188553846153847
-0.19693292307692306
-0.1785747692307692
-0.14936861538461538
-0.08615815384615384
0.008970461538461538
0.08344615384615384
0.14686523076923075
0.16710092307692306
0.16105107692307694
0.13622584615384614
0.07969107692307692
0.028788923076923077
-0.03442153846153846
-0.0897046153846154
-0.12934153846153845
-0.16897846153846155
-0.16626646153846153
-0.16000799999999998
-0.14018953846153845
-0.08156861538461539
-0.041514461538461535
0.015020307692307692
0.08135999999999999
0.11348676923076922
0.1289243076923077
0.116616
0.11181784615384616
0.13226215384615383
0.13726892307692307
0.13205353846153844
0.10263876923076923
0.06028984615384615
0.02858030769230769
-0.015020307692307692
-0.04526953846153846
-0.07656184615384615
-0.10743692307692307
-0.11098338461538461
-0.10931446153846153
-0.0826116923076923
-0.051319384615384614
-0.014811692307692307
0.04318338461538461
0.07927384615384615
0.10138707692307691
0.10222153846153846
0.07343261538461537
0.046104
-0.0014603076923076922
-0.07009476923076922
-0.1316363076923077
-0.18963138461538462
-0.21237046153846154
-0.20152246153846154
-0.17440246153846153
-0.12412615384615384
-0.06926030769230769
0.0006258461538461538
0.06905169230769231
0.12850707692307692
0.1792006153846154
0.18983999999999998
0.18316430769230768
0.154584
0.10618523076923077
0.06800861538461538
0.02858030769230769
-0.002712
-0.02858030769230769
-0.05528307692307692
-0.045895384615384616
-0.002086153846153846
0.03880246153846154
0.07551876923076924
0.10576799999999999
0.14290153846153844
0.17711446153846155
0.19067446153846154
0.17481969230769231
0.1097316923076923
0.026702769230769228
-0.054240000000000003
-0.10180430769230768
-0.12162276923076921
-0.14582215384615385
-0.1476996923076923
-0.13518276923076925
-0.09846646153846153
-0.04172307692307692
0.0018775384615384615
0.040679999999999994
0.05653476923076922
0.047772923076923074
0.046104
0.03692492307692308
0.025659692307692307
0.01710646153846154
-0.0008344615384615384
-0.0014603076923076922
-0.0006258461538461538
0.0050067692307692304
0.014394461538461538
0.0029206153846153843
-0.010013538461538461
-0.024199384615384616
-0.03504738461538461
-0.037967999999999995
-0.051319384615384614
-0.06446215384615385
-0.07948246153846153
-0.09471138461538461
-0.08720123076923077
-0.06946892307692307
-0.04902461538461538
-0.034630153846153845
-0.03045784615384615
0.0016689230769230767
0.05277969230769231
0.10138707692307691
0.13643446153846153
0.12913292307692306
0.09804923076923076
0.0609156923076923
0.01668923076923077
-0.023782153846153845
-0.07030338461538461
-0.12329169230769231
-0.15145476923076923
-0.14331876923076922
-0.09387692307692307
-0.02357353846153846
0.03775938461538462
0.0880356923076923
0.11703323076923078
0.14811692307692306
0.17377661538461536
0.16876984615384616
0.15124615384615384
0.11724184615384614
0.08574092307692306
0.05820369230769231
0.02795446153846154
0.003963692307692307
-0.027120000000000002
-0.05236246153846154
-0.06884307692307692
-0.07489292307692308
-0.06863446153846153
-0.06467076923076923
-0.05799507692307692
-0.035464615384615386
0.0025033846153846152
0.05528307692307692
0.10660246153846153
0.1476996923076923
0.1706473846153846
0.17023015384615386
0.1693956923076923
0.15103753846153847
0.10764553846153846
0.04985907692307692
-0.02273907692307692
-0.0826116923076923
-0.12266584615384615
-0.14311015384615386
-0.1358086153846154
-0.1218313846153846
-0.09575446153846154
-0.054240000000000003
0.0025033846153846152
0.07280676923076923
0.124752
0.15813046153846153
0.1693956923076923
0.15750461538461538
0.13747753846153846
0.0880356923076923
0.006675692307692307
-0.08031692307692308
-0.17481969230769231
-0.2478350769230769
-0.29581661538461534
-0.32231076923076923
-0.2985286153846154
-0.26160369230769226
-0.19588984615384614
-0.10326461538461539
-0.01856676923076923
0.058412307692307694
0.10493353846153847
0.13247076923076923
0.1368516923076923
0.119328
0.09429415384615383
0.05674338461538461
0.017940923076923077
-0.01668923076923077
-0.03901107692307692
-0.04047138461538462
-0.030875076923076922
-0.017940923076923077
0.0043809230769230765
0.025033846153846153
0.052571076923076915
0.08469784615384615
0.10263876923076923
0.11640738461538462
0.11098338461538461
0.10159569230769232
0.10514215384615383
0.111192
0.13038461538461538
0.13330523076923076
0.12016246153846154
0.10430769230769231
0.07072061538461538
0.02482523076923077
-0.049233230769230765
-0.13184492307692308
-0.2090326153846154
-0.2722430769230769
-0.29685969230769227
-0.29080984615384614
-0.23239753846153846
-0.1358086153846154
-0.01981846153846154
0.11745046153846153
0.22488738461538463
0.292896
0.31396615384615384
0.2730775384615384
0.19067446153846154
0.06905169230769231
-0.06529661538461538
-0.1883796923076923
-0.287472
-0.3442153846153846
-0.34338092307692303
-0.2753723076923077
-0.154584
-0.004798153846153846
0.15646153846153846
0.30186646153846153
0.41660492307692304
0.4798153846153846
0.47418276923076924
0.40846892307692306
0.2858030769230769
0.13852061538461538
-0.004172307692307692
-0.13309661538461537
-0.22843384615384613
-0.27975323076923075
-0.29080984615384614
-0.2503384615384615
-0.16188553846153847
-0.05298830769230769
0.06425353846153846
0.15646153846153846
0.22488738461538463
0.273912
0.2868461538461538
0.2737033846153846
0.2290596923076923
0.16209415384615386
0.08490646153846154
0.010639384615384617
-0.04985907692307692
-0.10597661538461538
-0.13914646153846155
-0.14832553846153845
-0.13872923076923074
-0.09992676923076924
-0.05820369230769231
-0.02044430769230769
0.017732307692307693
0.04902461538461538
0.08302892307692307
0.11098338461538461
0.124752
0.12642092307692307
0.11765907692307691
0.09679753846153846
0.06821723076923077
0.035464615384615386
-0.0043809230769230765
-0.04693846153846153
-0.08365476923076923
-0.10722830769230769
-0.11557292307692307
-0.10514215384615383
-0.08344615384615384
-0.05444861538461539
-0.01981846153846154
0.020652923076923076
0.06759138461538462
0.10347323076923076
0.12829846153846153
0.138312
0.12141415384615384
0.08907876923076924
0.04088861538461538
-0.018358153846153843
-0.07823076923076923
-0.14206707692307693
-0.19296923076923078
-0.22175815384615383
-0.23239753846153846
-0.21737723076923077
-0.17565415384615385
-0.11181784615384616
-0.03045784615384615
0.051528
0.12245723076923076
0.16626646153846153
0.17502830769230768
0.15333230769230768
0.10159569230769232
0.03442153846153846
-0.0446436923076923
-0.11703323076923078
-0.16710092307692306
-0.20027076923076922
-0.20298276923076922
-0.17669723076923077
-0.13643446153846153
-0.07969107692307692
-0.011265230769230769
0.055491692307692304
0.1136953846153846
0.1504116923076923
0.16438892307692307
0.15833907692307692
0.13372246153846154
0.10722830769230769
0.08010830769230769
0.04276615384615385
0.006884307692307692
-0.017315076923076923
-0.017732307692307693
0.009596307692307692
0.05090215384615384
0.09387692307692307
0.12913292307692306
0.15520984615384617
0.16876984615384616
0.1775316923076923
0.16730953846153845
0.1287156923076923
0.08010830769230769
0.026494153846153844
-0.018983999999999997
-0.05945538461538461
-0.09012184615384615
-0.11536430769230768
-0.11494707692307692
-0.10597661538461538
-0.09199938461538461
-0.05486584615384615
-0.03296123076923077
0.013768615384615384
0.03963692307692308
0.1612596923076923
0.2480436923076923
0.17544553846153846
0.18629353846153843
0.1218313846153846
0.11056615384615384
0.08615815384615384
-0.07238953846153846
-0.1693956923076923
-0.33295015384615384
-0.3408775384615384
-0.276624
-0.24866953846153847
-0.14519630769230768
-0.1178676923076923
0.04839876923076923
0.24345415384615382
0.3880246153846154
0.5340553846153846
0.4549901538461538
0.3780110769230769
0.273912
0.11160923076923077
0.030875076923076922
-0.154584
-0.2517987692307692
-0.2966510769230769
-0.3957433846153846
-0.3016578461538461
-0.20277415384615383
-0.07259815384615384
0.09575446153846154
0.14811692307692306
0.2478350769230769
0.27871015384615383
0.28392553846153845
0.3346190769230769
0.2751636923076923
0.1923433846153846
0.092208
0.024199384615384616
0.022530461538461537
-0.05277969230769231
-0.14436184615384615
-0.2478350769230769
-0.3195987692307692
-0.265776
-0.21821169230769227
-0.15500123076923078
-0.07238953846153846
-0.013768615384615384
0.1207883076923077
0.22989415384615383
0.3004061538461538
0.36778892307692307
0.3327415384615385
0.2993630769230769
0.26097784615384617
0.1783661538461538
0.0892873846153846
-0.05799507692307692
-0.19004861538461537
-0.2939390769230769
-0.3780110769230769
-0.39657784615384617
-0.3692492307692308
-0.273912
-0.18253846153846154
-0.08365476923076923
0.09554584615384615
0.25471938461538457
0.3880246153846154
0.4585366153846154
0.4351716923076923
0.38301784615384615
0.24595753846153845
0.08344615384615384
-0.08365476923076923
-0.29769415384615383
-0.4391353846153846
-0.5190350769230769
-0.5357243076923077
-0.477312
-0.40325353846153844
-0.2632726153846154
-0.08907876923076924
0.07593599999999999
0.2207150769230769
0.301032
0.3554806153846154
0.36027876923076924
0.29602523076923076
0.21237046153846154
0.07948246153846153
-0.04714707692307692
-0.15646153846153846
-0.2789187692307692
-0.33357600000000004
-0.3584012307692308
-0.35297723076923077
-0.2883064615384615
-0.2290596923076923
-0.12350030769230769
0.012308307692307691
0.13601723076923075
0.25847446153846154
0.3133403076923077
0.3312812307692308
0.31062830769230765
0.2586830769230769
0.21883753846153844
0.14811692307692306
0.061124307692307686
-0.040054153846153843
-0.1314276923076923
-0.16981292307692308
-0.19150892307692308
-0.17481969230769231
-0.13852061538461538
-0.1097316923076923
-0.029414769230769227
0.0717636923076923
0.16042523076923076
0.2221753846153846
0.22718215384615387
0.2355267692307692
0.25534523076923077
0.2399076923076923
0.2021483076923077
0.11348676923076922
0.008344615384615384
-0.07280676923076923
-0.13810338461538463
-0.14853415384615384
-0.15082892307692305
-0.14999446153846155
-0.13893784615384613
-0.12412615384615384
-0.061124307692307686
-0.0006258461538461538
0.059664
0.1218313846153846
0.1395636923076923
0.15625292307692307
0.16418030769230768
0.1639716923076923
0.16730953846153845
0.1205796923076923
0.05757784615384615
0.021904615384615383
-0.0012516923076923076
0.005215384615384615
0.009387692307692307
0.0012516923076923076
-0.0029206153846153843
-0.011056615384615385
0.012099692307692308
0.02211323076923077
0.008136
-0.013560000000000001
-0.05611753846153846
-0.08240307692307691
-0.10117846153846152
-0.10764553846153846
-0.0961716923076923
-0.09179076923076923
-0.073224
-0.046104
-0.029623384615384614
-0.012099692307692308
-0.009596307692307692
-0.015854769230769228
-0.021904615384615383
-0.03650769230769231
-0.041514461538461535
-0.053614153846153846
-0.086784
-0.12955015384615384
-0.1733593846153846
-0.19442953846153843
-0.1867107692307692
-0.16084246153846155
-0.12433476923076923
-0.07572738461538461
-0.0070929230769230765
0.0771876923076923
0.15416676923076922
0.20632061538461538
0.2290596923076923
0.22822523076923076
0.20298276923076922
0.1489513846153846
0.07426707692307692
-0.018358153846153843
-0.10743692307692307
-0.1691870769230769
-0.19714153846153845
-0.18983999999999998
-0.1597993846153846
-0.10597661538461538
-0.031918153846153846
0.056951999999999996
0.14811692307692306
0.222384
0.2680707692307692
0.2674449230769231
0.2273907692307692
0.15938215384615384
0.06905169230769231
-0.029623384615384614
-0.13226215384615383
-0.21779446153846155
-0.26535876923076923
-0.28809784615384615
-0.27328615384615385
-0.2207150769230769
-0.14269292307692305
-0.03692492307692308
0.06738276923076922
0.1639716923076923
0.23886461538461537
0.2730775384615384
0.2791273846153846
0.25388492307692306
0.20924123076923076
0.14916
0.07572738461538461
0.011891076923076923
-0.037967999999999995
-0.07134646153846153
-0.08365476923076923
-0.08156861538461539
-0.06863446153846153
-0.04819015384615385
-0.020027076923076922
0.028163076923076923
0.078648
0.11557292307692307
0.14081538461538462
0.14603076923076924
0.157296
0.1706473846153846
0.1760713846153846
0.16793538461538463
0.1314276923076923
0.0855323076923077
0.023364923076923075
-0.038176615384615385
-0.08699261538461538
-0.13664307692307692
-0.16438892307692307
-0.1792006153846154
-0.16751815384615384
-0.12266584615384615
-0.07238953846153846
-0.008136
0.058412307692307694
0.11286092307692308
0.15124615384615384
0.1614683076923077
0.1502030769230769
0.11953661538461538
0.055491692307692304
-0.015020307692307692
-0.08198584615384615
-0.146448
-0.19067446153846154
-0.22530461538461538
-0.22676492307692306
-0.19735015384615384
-0.14206707692307693
-0.061124307692307686
0.01940123076923077
0.09533723076923077
0.16042523076923076
0.20256553846153844
0.214248
0.1927606153846154
0.13121907692307694
0.046104
-0.035464615384615386
-0.09137353846153846
-0.1151556923076923
-0.12120553846153845
-0.10430769230769231
-0.06821723076923077
-0.009804923076923077
0.07843938461538462
0.15792184615384616
0.21111876923076925
0.22968553846153844
0.20778092307692309
0.16418030769230768
0.10263876923076923
0.026494153846153844
-0.06070707692307692
-0.14936861538461538
-0.21028430769230766
-0.222384
-0.19442953846153843
-0.14394461538461537
-0.08323753846153846
-0.013142769230769229
0.06446215384615385
0.13372246153846154
0.1883796923076923
0.21007569230769232
0.18650215384615382
0.13309661538461537
0.05736923076923077
-0.012308307692307691
-0.07384984615384615
-0.13184492307692308
-0.16292861538461537
-0.16334584615384617
-0.11995384615384615
-0.03838523076923077
0.061750153846153844
0.16626646153846153
0.25451076923076926
0.33253292307692306
0.38760738461538463
0.4022104615384615
0.3748818461538461
0.292896
0.17461107692307692
0.04568676923076923
-0.06675692307692307
-0.1543753846153846
-0.225096
-0.2588916923076923
-0.2503384615384615
-0.20527753846153846
-0.11640738461538462
-0.004798153846153846
0.103056
0.1867107692307692
0.24282830769230768
0.27620676923076926
0.2737033846153846
0.24658338461538462
0.17982646153846152
0.08031692307692308
-0.026494153846153844
-0.12996738461538462
-0.2138307692307692
-0.2853858461538461
-0.3210590769230769
-0.3198073846153846
-0.2791273846153846
-0.1787833846153846
-0.040054153846153843
0.09867507692307692
0.21842030769230766
0.31125415384615385
0.3746732307692308
0.401376
0.3686233846153846
0.2887236923076923
0.17169046153846151
0.040262769230769234
-0.07551876923076924
-0.1696043076923077
-0.23531815384615382
-0.28350830769230767
-0.29769415384615383
-0.265776
-0.20444307692307692
-0.11745046153846153
-0.03066646153846154
0.05528307692307692
0.13664307692307692
0.1942209230769231
0.23364923076923078
0.241368
0.2056947692307692
0.1353913846153846
0.03775938461538462
-0.06279323076923077
-0.14999446153846155
-0.22697353846153845
-0.2830910769230769
-0.3156350769230769
-0.31104553846153843
-0.26160369230769226
-0.1846246153846154
-0.09471138461538461
-0.006049846153846154
0.07781353846153846
0.15291507692307693
0.2207150769230769
0.27558092307692306
0.2970683076923077
0.2791273846153846
0.2355267692307692
0.18316430769230768
0.11953661538461538
0.042974769230769226
-0.05611753846153846
-0.16167692307692308
-0.2478350769230769
-0.30144923076923075
-0.30583015384615386
-0.28350830769230767
-0.2292683076923077
-0.15416676923076922
-0.05924676923076923
0.06362769230769232
0.17982646153846152
0.27599815384615384
0.32648307692307693
0.3279433846153846
0.2943563076923077
0.2275993846153846
0.14081538461538462
0.03108369230769231
-0.0892873846153846
-0.1867107692307692
-0.24679199999999998
-0.26348123076923075
-0.2426196923076923
-0.20152246153846154
-0.13372246153846154
-0.05069353846153846
0.040262769230769234
0.1356
0.20131384615384615
0.238656
0.24491446153846153
0.22029784615384615
0.18253846153846154
0.12579507692307693
0.05111076923076923
-0.03024923076923077
-0.10472492307692308
-0.16730953846153845
-0.20381723076923075
-0.225096
-0.24282830769230768
-0.25284184615384614
-0.24616615384615384
-0.20944984615384615
-0.17481969230769231
-0.15416676923076922
-0.16626646153846153
-0.19463815384615382
-0.2453316923076923
-0.235944
-0.12683815384615382
0.0006258461538461538
0.19630707692307692
0.3738387692307692
0.5578375384615384
0.7303624615384615
0.8148516923076923
0.8254910769230769
0.7030338461538461
0.46688123076923077
0.14457046153846154
-0.15813046153846153
-0.42724430769230765
-0.6360683076923077
-0.7633236923076923
-0.815268923076923
-0.7134646153846153
-0.4917064615384615
-0.18337292307692307
0.13852061538461538
0.4163963076923077
0.6016467692307692
0.6696553846153845
0.6216738461538461
0.427452923076923
0.15896492307692306
-0.21091015384615383
-0.5997692307692307
-0.8728467692307691
-1.035984
-1.0015624615384615
-0.8075501538461538
-0.5244590769230769
-0.14832553846153845
0.19547261538461536
0.47063630769230763
0.6765396923076923
0.7113784615384615
0.6442043076923077
0.4994252307692308
0.3079163076923077
0.14749107692307692
-0.004798153846153846
-0.0892873846153846
-0.13706030769230768
-0.16459753846153846
-0.15604430769230768
-0.14582215384615385
-0.09971815384615385
-0.05570030769230769
-0.024199384615384616
0.020652923076923076
0.020652923076923076
0.01397723076923077
-0.0043809230769230765
-0.05736923076923077
-0.0771876923076923
-0.09033046153846153
-0.06946892307692307
0.0035464615384615383
0.08761846153846153
0.2021483076923077
0.29602523076923076
0.3131316923076923
0.26368984615384616
0.1356
-0.04985907692307692
-0.25805723076923076
-0.441012923076923
-0.5551255384615384
-0.5914246153846153
-0.512568
-0.3314898461538462
-0.06425353846153846
0.23761292307692305
0.5046406153846154
0.7228523076923077
0.8317495384615384
0.8110966153846153
0.7140904615384616
0.5342640000000001
0.287472
0.03129230769230769
-0.21696000000000001
-0.38677292307692307
-0.45978830769230766
-0.4587452307692308
-0.3713353846153846
-0.2436627692307692
-0.07405846153846153
0.12099692307692309
0.2979027692307692
0.43433723076923075
0.49358399999999997
0.4848221538461538
0.39699507692307695
0.2697396923076923
0.13309661538461537
-0.03713353846153846
-0.17961784615384613
-0.273912
-0.32543999999999995
-0.28809784615384615
-0.19860184615384616
-0.09304246153846155
0.030040615384615384
0.12162276923076921
0.18963138461538462
0.22572184615384616
0.20673784615384616
0.1639716923076923
0.09700615384615385
0.027745846153846152
-0.018775384615384614
-0.03963692307692308
-0.033169846153846154
-0.01272553846153846
0.028788923076923077
0.07635323076923077
0.11181784615384616
0.12955015384615384
0.10243015384615384
0.04965046153846154
-0.027328615384615382
-0.1368516923076923
-0.2357353846153846
-0.3243969230769231
-0.3836436923076923
-0.38677292307692307
-0.3490135384615385
-0.2559710769230769
-0.1218313846153846
0.029623384615384614
0.18358153846153846
0.3049956923076923
0.39324
0.42953907692307686
0.39303138461538456
0.2899753846153846
0.13330523076923076
-0.03024923076923077
-0.1860849230769231
-0.30937661538461536
-0.3738387692307692
-0.3955347692307692
-0.3448412307692308
-0.23656984615384613
-0.09784061538461537
0.07364123076923076
0.22676492307692306
0.33315876923076926
0.39699507692307695
0.41723076923076924
0.40742584615384614
0.3517255384615385
0.24491446153846153
0.12955015384615384
0.025659692307692307
-0.052571076923076915
-0.09241661538461539
-0.11181784615384616
-0.12266584615384615
-0.12850707692307692
-0.12287446153846153
-0.1045163076923077
-0.08094276923076923
-0.05716061538461538
-0.04839876923076923
-0.05048492307692308
-0.03713353846153846
-0.009804923076923077
0.035255999999999996
0.07823076923076923
0.11494707692307692
0.1696043076923077
0.22175815384615383
0.2858030769230769
0.33983446153846153
0.3571495384615384
0.32648307692307693
0.24282830769230768
0.14582215384615385
0.03692492307692308
-0.07197230769230768
-0.17398523076923075
-0.2411593846153846
-0.24512307692307692
-0.21091015384615383
-0.1287156923076923
-0.01814953846153846
0.08574092307692306
0.1760713846153846
0.22634769230769228
0.23281476923076924
0.19380369230769232
0.10681107692307691
-0.0070929230769230765
-0.13726892307692307
-0.2526332307692308
-0.33566215384615383
-0.3811403076923077
-0.38572984615384615
-0.3513083076923077
-0.260352
-0.14102399999999998
0.0025033846153846152
0.1435273846153846
0.23803015384615384
0.287472
0.2849686153846154
0.2374043076923077
0.15082892307692305
0.03609046153846154
-0.09095630769230768
-0.20486030769230767
-0.287472
-0.32314523076923074
-0.30436984615384616
-0.24908676923076922
-0.17231630769230769
-0.08428061538461538
0.0043809230769230765
0.08177723076923075
0.1368516923076923
0.1597993846153846
0.14290153846153844
0.09199938461538461
0.030040615384615384
-0.03379569230769231
-0.09408553846153846
-0.1397723076923077
-0.1704387692307692
-0.17502830769230768
-0.15270646153846154
-0.1151556923076923
-0.0609156923076923
-0.006049846153846154
0.05298830769230769
0.10743692307692307
0.13643446153846153
0.1435273846153846
0.11974523076923077
0.07113784615384615
0.016063384615384615
-0.03713353846153846
-0.06842584615384616
-0.07927384615384615
-0.07593599999999999
-0.049233230769230765
-0.0050067692307692304
0.05298830769230769
0.11557292307692307
0.17648861538461538
0.2154996923076923
0.22947692307692308
0.2290596923076923
0.20298276923076922
0.15896492307692306
0.09721476923076922
0.013351384615384614
-0.07218092307692307
-0.14457046153846154
-0.20131384615384615
-0.235944
-0.25305046153846156
-0.23949046153846154
-0.19547261538461536
-0.12767261538461538
-0.03421292307692308
0.06070707692307692
0.13747753846153846
0.18525046153846153
0.2059033846153846
0.20652923076923077
0.19296923076923078
0.15687876923076924
0.10055261538461538
0.03129230769230769
-0.04526953846153846
-0.11432123076923076
-0.173568
-0.20944984615384615
-0.2207150769230769
-0.19735015384615384
-0.13664307692307692
-0.056951999999999996
0.03421292307692308
0.11578153846153846
0.17982646153846152
0.2225926153846154
0.2399076923076923
0.22426153846153846
0.17628
0.10055261538461538
-0.001043076923076923
-0.10180430769230768
-0.18712800000000002
-0.24700061538461537
-0.279336
-0.2768326153846154
-0.2374043076923077
-0.1704387692307692
-0.08156861538461539
0.003755076923076923
0.09012184615384615
0.1637630769230769
0.21591692307692306
0.25117292307692307
0.24679199999999998
0.21049292307692305
0.1506203076923077
0.07343261538461537
0.006675692307692307
-0.0446436923076923
-0.07593599999999999
-0.08177723076923075
-0.08094276923076923
-0.053614153846153846
-0.010639384615384617
0.041514461538461535
0.09596307692307693
0.13351384615384615
0.1693956923076923
0.1842073846153846
0.18712800000000002
0.1804523076923077
0.15208061538461537
0.1097316923076923
0.06738276923076922
0.03233538461538461
0.002712
-0.02586830769230769
-0.061124307692307686
-0.09283384615384616
-0.12245723076923076
-0.1462393846153846
-0.15416676923076922
-0.154584
-0.14811692307692306
-0.12642092307692307
-0.08490646153846154
-0.029414769230769227
0.031709538461538456
0.09825784615384614
0.1612596923076923
0.21237046153846154
0.241368
0.25388492307692306
0.24303692307692307
0.19818461538461538
0.13601723076923075
0.06195876923076923
-0.0043809230769230765
-0.049233230769230765
-0.0771876923076923
-0.08761846153846153
-0.08866153846153846
-0.08469784615384615
-0.06967753846153846
-0.04652123076923077
-0.017523692307692306
0.0025033846153846152
0.010013538461538461
0.01668923076923077
0.023990769230769232
0.03567323076923076
0.03629907692307692
0.021696
0.006884307692307692
-0.009596307692307692
-0.023364923076923075
-0.03400430769230769
-0.05590892307692308
-0.08344615384615384
-0.11745046153846153
-0.13706030769230768
-0.13372246153846154
-0.11974523076923077
-0.09930092307692308
-0.08302892307692307
-0.06154153846153846
-0.03045784615384615
0.010848
0.05236246153846154
0.08490646153846154
0.10806276923076923
0.1178676923076923
0.11745046153846153
0.10868861538461538
0.08386338461538462
0.041514461538461535
-0.014394461538461538
-0.07113784615384615
-0.10201292307692307
-0.11745046153846153
-0.12767261538461538
-0.12704676923076924
-0.1136953846153846
-0.07593599999999999
-0.013351384615384614
0.06300184615384616
0.13309661538461537
0.1785747692307692
0.19192615384615386
0.19985353846153847
0.200688
0.15833907692307692
0.08636676923076922
0.008344615384615384
-0.06487938461538462
-0.11286092307692308
-0.1397723076923077
-0.14081538461538462
-0.1218313846153846
-0.09867507692307692
-0.04672984615384615
0.02482523076923077
0.09450276923076922
0.14290153846153844
0.16021661538461537
0.16313723076923078
0.15896492307692306
0.14999446153846155
0.13497415384615385
0.1097316923076923
0.08240307692307691
0.05757784615384615
0.03671630769230769
0.03212676923076923
0.021070153846153846
-0.0033378461538461535
-0.03921969230769231
-0.07697907692307693
-0.09137353846153846
-0.09679753846153846
-0.09867507692307692
-0.09930092307692308
-0.09283384615384616
-0.06195876923076923
-0.006675692307692307
0.056326153846153845
0.10868861538461538
0.12496061538461539
0.116616
0.11327815384615383
0.10910584615384614
0.10576799999999999
0.07280676923076923
0.01397723076923077
-0.040262769230769234
-0.0771876923076923
-0.09137353846153846
-0.10618523076923077
-0.10743692307692307
-0.09325107692307691
-0.06759138461538462
-0.008136
0.05194523076923077
0.08240307692307691
0.09971815384615385
0.09679753846153846
0.10806276923076923
0.13852061538461538
0.14665661538461539
0.13810338461538463
0.13267938461538462
0.14999446153846155
0.16188553846153847
0.1846246153846154
0.16480615384615382
0.08615815384615384
0.004172307692307692
-0.03296123076923077
-0.06654830769230768
-0.16021661538461537
-0.23260615384615385
-0.3323243076923077
-0.3686233846153846
-0.3229366153846154
-0.24345415384615382
-0.116616
-0.024199384615384616
0.11828492307692307
0.25159015384615385
0.3594443076923077
0.44455938461538463
0.41034646153846155
0.33816553846153846
0.19359507692307693
0.03942830769230769
-0.06905169230769231
-0.20986707692307693
-0.2951907692307692
-0.35464615384615383
-0.37550769230769226
-0.3170953846153846
-0.23949046153846154
-0.09575446153846154
0.035255999999999996
0.1028473846153846
0.19004861538461537
0.2482523076923077
0.3039526153846154
0.3408775384615384
0.301032
0.23010276923076922
0.10159569230769232
-0.011891076923076923
-0.07781353846153846
-0.15625292307692307
-0.22008923076923076
-0.28267384615384616
-0.30436984615384616
-0.2480436923076923
-0.17502830769230768
-0.08344615384615384
-0.011056615384615385
0.05277969230769231
0.13810338461538463
0.19881046153846152
0.25117292307692307
0.25993476923076925
0.22530461538461538
0.1785747692307692
0.10660246153846153
0.04193169230769231
-0.02795446153846154
-0.13101046153846155
-0.22947692307692308
-0.31855569230769226
-0.3707095384615384
-0.37050092307692306
-0.3490135384615385
-0.28017046153846153
-0.18754523076923074
-0.06967753846153846
0.06905169230769231
0.18796246153846152
0.2937304615384615
0.32898646153846156
0.29644246153846154
0.24679199999999998
0.15416676923076922
0.03692492307692308
-0.09241661538461539
-0.2238443076923077
-0.30562153846153844
-0.347136
-0.3291950769230769
-0.26348123076923075
-0.19067446153846154
-0.08115138461538463
0.03045784615384615
0.13852061538461538
0.23093723076923076
0.2666104615384615
0.27412061538461535
0.23677846153846152
0.16501476923076921
0.07760492307692309
-0.03588184615384615
-0.13038461538461538
-0.20506892307692307
-0.2557624615384615
-0.2438713846153846
-0.20444307692307692
-0.13601723076923075
-0.05590892307692308
-0.0016689230769230767
0.059872615384615385
0.10076123076923077
0.12412615384615384
0.1316363076923077
0.09387692307692307
0.05090215384615384
-0.0012516923076923076
-0.045060923076923075
-0.06675692307692307
-0.09596307692307693
-0.11953661538461538
-0.14957723076923077
-0.15750461538461538
-0.1218313846153846
-0.07280676923076923
-0.011056615384615385
0.03358707692307692
0.07489292307692308
0.12955015384615384
0.1710646153846154
0.21111876923076925
0.21758584615384616
0.19359507692307693
0.16501476923076921
0.13664307692307692
0.11599015384615384
0.07948246153846153
0.040679999999999994
0.009596307692307692
-0.017523692307692306
-0.02315630769230769
-0.014603076923076923
0.0022947692307692304
0.028788923076923077
0.045060923076923075
0.06800861538461538
0.103056
0.127464
0.14519630769230768
0.14269292307692305
0.12162276923076921
0.09158215384615384
0.05674338461538461
0.030040615384615384
-0.0070929230769230765
-0.05277969230769231
-0.09596307692307693
-0.12850707692307692
-0.12224861538461537
-0.09283384615384616
-0.06070707692307692
-0.02482523076923077
0.01397723076923077
0.056951999999999996
0.08740984615384616
0.09471138461538461
0.08240307692307691
0.04214030769230769
0.003755076923076923
-0.021278769230769233
-0.04714707692307692
-0.05757784615384615
-0.06550523076923077
-0.06195876923076923
-0.042557538461538466
-0.027120000000000002
-0.0043809230769230765
0.023364923076923075
0.050067692307692306
0.07364123076923076
0.086784
0.09387692307692307
0.09575446153846154
0.08574092307692306
0.07092923076923077
0.04401784615384615
0.02315630769230769
0.01272553846153846
-0.0016689230769230767
-0.0035464615384615383
-0.009804923076923077
-0.005215384615384615
0.011473846153846154
0.032544
0.06654830769230768
0.08761846153846153
0.09825784615384614
0.10994030769230768
0.12016246153846154
0.12308307692307692
0.10764553846153846
0.07948246153846153
0.05570030769230769
0.033169846153846154
0.017523692307692306
0.00855323076923077
-0.006467076923076923
-0.02524246153846154
-0.047772923076923074
-0.06383630769230769
-0.08240307692307691
-0.10430769230769231
-0.11640738461538462
-0.11098338461538461
-0.092208
-0.06738276923076922
-0.038176615384615385
-0.010013538461538461
0.018983999999999997
0.040679999999999994
0.05611753846153846
0.06216738461538462
0.05653476923076922
0.04380923076923077
0.03066646153846154
0.022947692307692308
0.021904615384615383
0.026285538461538457
0.02482523076923077
0.024408000000000003
0.025033846153846153
0.028788923076923077
0.03963692307692308
0.05528307692307692
0.07468430769230769
0.08469784615384615
0.0934596923076923
0.10389046153846154
0.10868861538461538
0.10430769230769231
0.08386338461538462
0.05653476923076922
0.03629907692307692
0.01940123076923077
0.0008344615384615384
-0.021278769230769233
-0.04819015384615385
-0.06946892307692307
-0.07885661538461539
-0.07781353846153846
-0.07009476923076922
-0.06362769230769232
-0.05924676923076923
-0.04672984615384615
-0.018983999999999997
0.013351384615384614
0.04672984615384615
0.08094276923076923
0.10660246153846153
0.10910584615384614
0.08824430769230769
0.05403138461538461
0.007927384615384614
-0.05590892307692308
-0.11891076923076922
-0.1597993846153846
-0.17544553846153846
-0.15333230769230768
-0.10389046153846154
-0.03442153846153846
0.05298830769230769
0.14269292307692305
0.2261390769230769
0.29080984615384614
0.3193901538461538
0.31000246153846156
0.2699483076923077
0.20924123076923076
0.13038461538461538
0.032544
-0.07051199999999999
-0.16313723076923078
-0.2261390769230769
-0.24992123076923078
-0.233232
-0.1842073846153846
-0.10889723076923077
-0.014394461538461538
0.09241661538461539
0.19672430769230767
0.2638984615384615
0.2805876923076923
0.23907323076923076
0.15959076923076923
0.0609156923076923
-0.04693846153846153
-0.15124615384615384
-0.23656984615384613
-0.28768061538461537
-0.301032
-0.26222953846153846
-0.18379015384615385
-0.08761846153846153
0.016272
0.11098338461538461
0.18983999999999998
0.23510953846153848
0.23364923076923078
0.1948467692307692
0.1136953846153846
0.011265230769230769
-0.08594953846153845
-0.17273353846153844
-0.2292683076923077
-0.25305046153846156
-0.249504
-0.20006215384615383
-0.11098338461538461
-0.007510153846153846
0.08866153846153846
0.14665661538461539
0.16730953846153845
0.17023015384615386
0.14936861538461538
0.10889723076923077
0.04735569230769231
-0.023364923076923075
-0.08720123076923077
-0.12204
-0.1151556923076923
-0.09304246153846155
-0.05736923076923077
-0.025033846153846153
0.013142769230769229
0.05277969230769231
0.06967753846153846
0.07343261538461537
0.04860738461538461
0.0008344615384615384
-0.052153846153846155
-0.09512861538461538
-0.11891076923076922
-0.12788123076923075
-0.11724184615384614
-0.0826116923076923
-0.03108369230769231
0.03024923076923077
0.08344615384615384
0.11265230769230769
0.10681107692307691
0.06633969230769231
0.011056615384615385
-0.051528
-0.11578153846153846
-0.1704387692307692
-0.2140393846153846
-0.22426153846153846
-0.184416
-0.10827138461538462
-0.0070929230769230765
0.09971815384615385
0.200688
0.2912270769230769
0.3536030769230769
0.384060923076923
0.36215630769230767
0.28350830769230767
0.17732307692307692
0.05590892307692308
-0.05194523076923077
-0.13914646153846155
-0.20173107692307693
-0.22551323076923077
-0.20840676923076923
-0.13726892307692307
-0.040679999999999994
0.06425353846153846
0.15792184615384616
0.2154996923076923
0.24846092307692308
0.25367630769230765
0.2154996923076923
0.14206707692307693
0.040054153846153843
-0.07531015384615385
-0.168144
-0.2415766153846154
-0.2912270769230769
-0.31125415384615385
-0.30708184615384615
-0.26723630769230766
-0.19985353846153847
-0.10743692307692307
-0.012099692307692308
0.06821723076923077
0.13664307692307692
0.17815753846153848
0.20193969230769232
0.19505538461538463
0.14832553846153845
0.08156861538461539
-0.005215384615384615
-0.0798996923076923
-0.12496061538461539
-0.14832553846153845
-0.14018953846153845
-0.10827138461538462
-0.05528307692307692
0.015646153846153844
0.09137353846153846
0.16292861538461537
0.20548615384615385
0.21007569230769232
0.18858830769230767
0.15082892307692305
0.09992676923076924
0.03859384615384615
-0.022530461538461537
-0.0771876923076923
-0.1136953846153846
-0.1205796923076923
-0.10389046153846154
-0.0771876923076923
-0.05528307692307692
-0.042557538461538466
-0.02044430769230769
0.010013538461538461
0.03755076923076923
0.05757784615384615
0.051528
0.03755076923076923
0.022947692307692308
-0.0008344615384615384
-0.02795446153846154
-0.062376
-0.09721476923076922
-0.12141415384615384
-0.12350030769230769
-0.10535076923076922
-0.07614461538461538
-0.03921969230769231
0.0022947692307692304
0.040679999999999994
0.07364123076923076
0.09575446153846154
0.09971815384615385
0.08866153846153846
0.07051199999999999
0.05736923076923077
0.04547815384615384
0.03984553846153846
0.035255999999999996
0.029832
0.02753723076923077
0.021278769230769233
0.021070153846153846
-0.007510153846153846
-0.05778646153846154
-0.12141415384615384
-0.17398523076923075
-0.21028430769230766
-0.233232
-0.21591692307692306
-0.15896492307692306
-0.024616615384615383
0.18253846153846154
0.4775206153846153
0.6878049230769231
0.8367563076923077
0.9679753846153847
0.9871679999999999
0.9871679999999999
0.7935729230769231
0.4681329230769231
0.04401784615384615
-0.4287046153846154
-0.7858541538461539
-1.1402916923076922
-1.3545396923076922
-1.4452873846153844
-1.3653876923076922
-1.0249273846153846
-0.5624270769230769
0.05298830769230769
0.629184
1.088137846153846
1.4317273846153846
1.520806153846154
1.4279723076923077
1.1016978461538462
0.5770301538461539
0.004798153846153846
-0.6414923076923077
-1.1722098461538462
-1.4778313846153845
-1.6090504615384613
-1.4792916923076922
-1.2053796923076923
-0.7927384615384615
-0.2559710769230769
0.28204799999999997
0.8338356923076924
1.2316652307692308
1.4317273846153846
1.466148923076923
1.319075076923077
1.0833396923076923
0.7211833846153846
0.24908676923076922
-0.22405292307692307
-0.6713243076923077
-0.9754855384615384
-1.1313212307692306
-1.184100923076923
-1.0900153846153846
-0.9110233846153847
-0.6293926153846153
-0.2643156923076923
0.0771876923076923
0.40742584615384614
0.6694467692307693
0.8359218461538461
0.9512861538461538
0.9554584615384615
0.8540713846153847
0.6485852307692307
0.3452584615384615
0.008344615384615384
-0.3506824615384615
-0.6811292307692307
-0.9527464615384614
-1.1344504615384614
-1.1962006153846152
-1.1413347692307692
-0.9114406153846153
-0.536976
-0.08845292307692308
0.4124326153846154
0.8711778461538462
1.249814769230769
1.5074547692307692
1.5802615384615384
1.4721987692307692
1.1561464615384616
0.6936461538461538
0.18086953846153844
-0.3473446153846154
-0.8267427692307692
-1.2043366153846153
-1.4290153846153846
-1.4505027692307693
-1.264835076923077
-0.8997581538461538
-0.4134756923076923
0.14039815384615384
0.7053286153846154
1.175964923076923
1.4961895384615385
1.6155175384615386
1.4853415384615385
1.163030769230769
0.6867618461538461
0.12767261538461538
-0.4113895384615384
-0.897672
-1.2458510769230768
-1.4285981538461536
-1.4450787692307692
-1.2504406153846155
-0.913944
-0.4823187692307692
-0.008136
0.42328061538461537
0.7810560000000001
1.0094898461538462
1.1058701538461537
1.0626867692307693
0.8693003076923077
0.5799507692307692
0.2355267692307692
-0.09387692307692307
-0.3780110769230769
-0.6045673846153846
-0.7357864615384615
-0.7860627692307691
-0.7387070769230768
-0.5972658461538461
-0.40346215384615386
-0.18358153846153846
0.026076923076923077
0.2207150769230769
0.40617415384615385
0.5524135384615385
0.6387803076923076
0.6696553846153845
0.6327304615384615
0.5551255384615384
0.45311261538461534
0.31834707692307695
0.1829556923076923
0.03400430769230769
-0.12099692307692309
-0.26786215384615386
-0.4030449230769231
-0.48982892307692305
-0.5394793846153846
-0.5286313846153846
-0.46145723076923073
-0.347136
-0.15917353846153848
0.06070707692307692
0.31062830769230765
0.5398966153846154
0.6926030769230769
0.7846024615384615
0.7852283076923077
0.695940923076923
0.5211212307692308
0.2574313846153846
-0.04172307692307692
-0.3419206153846154
-0.5953883076923077
-0.7568566153846153
-0.8413458461538461
-0.8188153846153846
-0.6957323076923076
-0.5023458461538461
-0.24679199999999998
0.021278769230769233
0.28204799999999997
0.49316676923076924
0.629184
0.6827981538461538
0.6354424615384615
0.5215384615384615
0.3558978461538462
0.16021661538461537
-0.03880246153846154
-0.21821169230769227
-0.344424
-0.41034646153846155
-0.4141015384615384
-0.37363015384615383
-0.29873723076923075
-0.20715507692307691
-0.10848000000000001
-0.005424
0.08302892307692307
0.14790830769230767
0.18170399999999998
0.1942209230769231
0.18358153846153846
0.15228923076923076
0.10806276923076923
0.06571384615384615
0.030040615384615384
-0.01981846153846154
-0.07426707692307692
-0.143736
-0.22175815384615383
-0.2912270769230769
-0.34880492307692307
-0.3780110769230769
-0.37947138461538454
-0.3392086153846154
-0.25972615384615383
-0.146448
-0.011265230769230769
0.12767261538461538
0.26619323076923074
0.3782196923076923
0.4487316923076923
0.45665907692307695
0.39011076923076926
0.2591003076923077
0.08720123076923077
-0.0897046153846154
-0.2503384615384615
-0.3786369230769231
-0.45603323076923075
-0.46375199999999994
-0.3915710769230769
-0.2509643076923077
-0.06049846153846154
0.14665661538461539
0.33712246153846154
0.4914978461538461
0.5832886153846154
0.6037329230769231
0.55596
0.43475446153846153
0.2563883076923077
0.052153846153846155
-0.14916
-0.306456
-0.39762092307692304
-0.4205686153846153
-0.384060923076923
-0.30374399999999996
-0.1800350769230769
-0.02753723076923077
0.12162276923076921
0.23448369230769228
0.2951907692307692
0.295608
0.25012984615384615
0.17628
0.0853236923076923
-0.0035464615384615383
-0.08490646153846154
-0.1356
-0.14457046153846154
-0.11536430769230768
-0.06383630769230769
-0.011682461538461537
0.034630153846153845
0.06467076923076923
0.08594953846153845
0.0974233846153846
0.08699261538461538
0.06195876923076923
0.02524246153846154
-0.009596307692307692
-0.026702769230769228
-0.03337846153846154
-0.025659692307692307
-0.008970461538461538
0.009596307692307692
0.02795446153846154
0.03984553846153846
0.043600615384615383
0.03275261538461539
0.008970461538461538
-0.02044430769230769
-0.045895384615384616
-0.06362769230769232
-0.07593599999999999
-0.08156861538461539
-0.0826116923076923
-0.0678
-0.030040615384615384
0.015854769230769228
0.06216738461538462
0.08991323076923076
0.08782707692307692
0.06487938461538462
0.025659692307692307
-0.026076923076923077
-0.08031692307692308
-0.1316363076923077
-0.17315076923076922
-0.1867107692307692
-0.16459753846153846
-0.1151556923076923
-0.05277969230769231
0.009804923076923077
0.06905169230769231
0.11995384615384615
0.15270646153846154
0.15667015384615385
0.12224861538461537
0.06425353846153846
-0.010848
-0.08219446153846154
-0.12975876923076923
-0.17023015384615386
-0.18942276923076923
-0.1948467692307692
-0.16730953846153845
-0.0974233846153846
-0.01856676923076923
0.05507446153846154
0.11432123076923076
0.17315076923076922
0.21174461538461536
0.21654276923076923
0.19213476923076922
0.13121907692307694
0.042348923076923076
-0.05736923076923077
-0.13789476923076924
-0.19755876923076923
-0.23385784615384617
-0.2371956923076923
-0.20527753846153846
-0.11870215384615385
-0.0022947692307692304
0.11891076923076922
0.2275993846153846
0.2999889230769231
0.34066892307692304
0.33357600000000004
0.2749550769230769
0.1775316923076923
0.04860738461538461
-0.09429415384615383
-0.2221753846153846
-0.3095852307692307
-0.33962584615384617
-0.3235624615384615
-0.27286892307692306
-0.1783661538461538
-0.044435076923076924
0.10910584615384614
0.24741784615384615
0.3565236923076923
0.41431015384615383
0.4113895384615384
0.3669544615384615
0.3068732307692308
0.22780799999999998
0.11703323076923078
0.004798153846153846
-0.08344615384615384
-0.13393107692307693
-0.1531236923076923
-0.15249784615384615
-0.13247076923076923
-0.09825784615384614
-0.041514461538461535
0.033169846153846154
0.11140061538461538
0.1777403076923077
0.2154996923076923
0.233232
0.23969907692307693
0.2355267692307692
0.21633415384615384
0.17315076923076922
0.10910584615384614
0.03921969230769231
-0.021278769230769233
-0.07426707692307692
-0.11724184615384614
-0.15145476923076923
-0.18337292307692307
-0.1942209230769231
-0.17398523076923075
-0.12913292307692306
-0.06800861538461538
-0.018983999999999997
0.02795446153846154
0.07843938461538462
0.12537784615384615
0.1635544615384615
0.17252492307692308
0.14916
0.09700615384615385
0.04172307692307692
-0.005215384615384615
-0.04547815384615384
-0.086784
-0.12704676923076924
-0.1558356923076923
-0.16021661538461537
-0.13455692307692307
-0.09763200000000001
-0.04839876923076923
0.008344615384615384
0.06362769230769232
0.10931446153846153
0.13664307692307692
0.1424843076923077
0.10994030769230768
0.052571076923076915
-0.005841230769230769
-0.05403138461538461
-0.086784
-0.10868861538461538
-0.11724184615384614
-0.11640738461538462
-0.10472492307692308
-0.0826116923076923
-0.05382276923076923
-0.03713353846153846
-0.03421292307692308
-0.045060923076923075
-0.050067692307692306
-0.04401784615384615
-0.04088861538461538
-0.020652923076923076
0.0018775384615384615
0.04109723076923077
0.08469784615384615
0.11724184615384614
0.13309661538461537
0.11807630769230769
0.08907876923076924
0.050067692307692306
0.010013538461538461
-0.031709538461538456
-0.06946892307692307
-0.10827138461538462
-0.13455692307692307
-0.14394461538461537
-0.13914646153846155
-0.1136953846153846
-0.08469784615384615
-0.040262769230769234
0.014811692307692307
0.07489292307692308
0.13267938461538462
0.16897846153846155
0.1913003076923077
0.18107815384615383
0.1435273846153846
0.08845292307692308
0.01272553846153846
-0.07238953846153846
-0.15395815384615386
-0.20944984615384615
-0.2292683076923077
-0.19588984615384614
-0.1531236923076923
-0.092208
-0.01043076923076923
0.07802215384615384
0.17294215384615383
0.23364923076923078
0.26160369230769226
0.25972615384615383
0.24595753846153845
0.23531815384615382
0.3214763076923077
0.2578486153846154
0.084072
-0.0025033846153846152
-0.15500123076923078
-0.0853236923076923
-0.08177723076923075
-0.22321846153846153
-0.26139507692307695
-0.344424
-0.16501476923076921
0.008970461538461538
0.10639384615384614
0.184416
0.1435273846153846
0.3047870769230769
0.3984553846153846
0.4641692307692307
0.4287046153846154
0.16313723076923078
0.04088861538461538
-0.12162276923076921
-0.19588984615384614
-0.19171753846153847
-0.32836061538461536
-0.28163076923076924
-0.27432923076923077
-0.2532590769230769
-0.03337846153846154
0.05757784615384615
0.2221753846153846
0.3229366153846154
0.265776
0.3202246153846154
0.27975323076923075
0.290184
0.31000246153846156
0.16313723076923078
0.03713353846153846
-0.12412615384615384
-0.18107815384615383
-0.16626646153846153
-0.24887815384615386
-0.29456492307692306
-0.35047384615384614
-0.2906012307692308
-0.10555938461538462
-0.02023569230769231
0.07551876923076924
0.10743692307692307
0.11077476923076923
0.21967199999999998
0.23510953846153848
0.23782153846153845
0.2138307692307692
0.09408553846153846
0.06800861538461538
0.02899753846153846
-0.04172307692307692
-0.09846646153846153
-0.2090326153846154
-0.2701569230769231
-0.2931046153846154
-0.2870547692307692
-0.23093723076923076
-0.1449876923076923
-0.021278769230769233
0.051528
0.13852061538461538
0.24491446153846153
0.29456492307692306
0.34233784615384616
0.28163076923076924
0.17690584615384616
0.10472492307692308
-0.018358153846153843
-0.09596307692307693
-0.18796246153846152
-0.29331323076923077
-0.32648307692307693
-0.3538116923076923
-0.3170953846153846
-0.25555384615384613
-0.19797599999999999
-0.06926030769230769
0.07572738461538461
0.20047938461538461
0.26348123076923075
0.27704123076923076
0.3031181538461538
0.2822566153846154
0.22593046153846155
0.13059323076923077
-0.028788923076923077
-0.12934153846153845
-0.21967199999999998
-0.30374399999999996
-0.30249230769230767
-0.31229723076923077
-0.260352
-0.1635544615384615
-0.09179076923076923
0.04318338461538461
0.16501476923076921
0.26681907692307694
0.3473446153846154
0.3419206153846154
0.31354892307692306
0.2480436923076923
0.1558356923076923
0.04985907692307692
-0.08511507692307693
-0.20193969230769232
-0.3279433846153846
-0.39052800000000004
-0.3682061538461538
-0.3314898461538462
-0.24616615384615384
-0.17544553846153846
-0.08428061538461538
0.07113784615384615
0.19547261538461536
0.2970683076923077
0.3402516923076923
0.3081249230769231
0.290184
0.25284184615384614
0.17377661538461536
0.07072061538461538
-0.07301538461538462
-0.1792006153846154
-0.23281476923076924
-0.24053353846153847
-0.19463815384615382
-0.14206707692307693
-0.06195876923076923
0.01814953846153846
0.11098338461538461
0.22447015384615385
0.2920615384615385
0.35256
0.35005661538461535
0.2814221538461538
0.2194633846153846
0.12788123076923075
0.058829538461538454
-0.018775384615384614
-0.13810338461538463
-0.21862892307692305
-0.2701569230769231
-0.2638984615384615
-0.20193969230769232
-0.14603076923076924
-0.07843938461538462
-0.014811692307692307
0.07343261538461537
0.17523692307692307
0.22989415384615383
0.2480436923076923
0.20047938461538461
0.13476553846153844
0.08887015384615385
0.026911384615384615
-0.023782153846153845
-0.08782707692307692
-0.14749107692307692
-0.16021661538461537
-0.15875630769230767
-0.11640738461538462
-0.05820369230769231
-0.017315076923076923
0.029832
0.06404492307692307
0.10597661538461538
0.15416676923076922
0.17461107692307692
0.16438892307692307
0.11265230769230769
0.05319692307692307
0.005841230769230769
-0.02795446153846154
-0.043600615384615383
-0.08302892307692307
-0.11828492307692307
-0.13184492307692308
-0.13706030769230768
-0.1070196923076923
-0.09241661538461539
-0.08511507692307693
-0.04819015384615385
-0.02023569230769231
0.023782153846153845
0.04693846153846153
0.03421292307692308
0.023782153846153845
0.0016689230769230767
-0.005215384615384615
-0.012099692307692308
-0.031709538461538456
-0.04380923076923077
-0.04672984615384615
-0.030040615384615384
-0.005424
0.014185846153846153
0.030040615384615384
0.02273907692307692
0.0
-0.025659692307692307
-0.07155507692307693
-0.10535076923076922
-0.13622584615384614
-0.15124615384615384
-0.12788123076923075
-0.10952307692307692
-0.06759138461538462
-0.012516923076923077
0.034630153846153845
0.09241661538461539
0.11327815384615383
0.11306953846153844
0.10681107692307691
0.08448923076923077
0.06487938461538462
0.03692492307692308
0.01940123076923077
-0.003755076923076923
-0.030040615384615384
-0.029414769230769227
-0.018358153846153843
0.013142769230769229
0.05570030769230769
0.08198584615384615
0.11098338461538461
0.1358086153846154
0.16042523076923076
0.19609846153846153
0.21216184615384615
0.21132738461538458
0.1800350769230769
0.1207883076923077
0.07238953846153846
0.02023569230769231
-0.028163076923076923
-0.07426707692307692
-0.12350030769230769
-0.13497415384615385
-0.11640738461538462
-0.08052553846153847
-0.03942830769230769
-0.003963692307692307
0.04902461538461538
0.10785415384615385
0.1597993846153846
0.18983999999999998
0.1706473846153846
0.12433476923076923
0.05862092307692307
-0.010848
-0.06279323076923077
-0.12308307692307692
-0.17377661538461536
-0.19505538461538463
-0.18942276923076923
-0.14311015384615386
-0.07510153846153846
-0.0008344615384615384
0.07948246153846153
0.14832553846153845
0.2157083076923077
0.26786215384615386
0.2814221538461538
0.26222953846153846
0.200688
0.1207883076923077
0.05048492307692308
-0.021278769230769233
-0.07384984615384615
-0.10868861538461538
-0.13184492307692308
-0.11411261538461538
-0.06717415384615384
0.017732307692307693
0.11348676923076922
0.1867107692307692
0.24595753846153845
0.26765353846153844
0.2618123076923077
0.22300984615384614
0.14415323076923076
0.044435076923076924
-0.06821723076923077
-0.15896492307692306
-0.21111876923076925
-0.23928184615384615
-0.23907323076923076
-0.2075723076923077
-0.13747753846153846
-0.027745846153846152
0.08991323076923076
0.20256553846153844
0.27432923076923077
0.301032
0.3068732307692308
0.2805876923076923
0.24658338461538462
0.18170399999999998
0.08949599999999999
0.01043076923076923
-0.05653476923076922
-0.09450276923076922
-0.12099692307692309
-0.1558356923076923
-0.17481969230769231
-0.1721076923076923
-0.14436184615384615
-0.084072
-0.014603076923076923
0.050067692307692306
0.100344
0.146448
0.1867107692307692
0.21049292307692305
0.21237046153846154
0.1635544615384615
0.08991323076923076
0.010639384615384617
-0.07113784615384615
-0.15124615384615384
-0.23364923076923078
-0.29832
-0.3346190769230769
-0.3344104615384615
-0.28663753846153844
-0.20444307692307692
-0.11849353846153846
-0.03421292307692308
0.05674338461538461
0.15541846153846153
0.23615261538461538
0.2776670769230769
0.2680707692307692
0.2075723076923077
0.12537784615384615
0.025033846153846153
-0.0826116923076923
-0.19588984615384614
-0.31626092307692305
-0.40325353846153844
-0.4391353846153846
-0.4163963076923077
-0.3314898461538462
-0.21883753846153844
-0.0961716923076923
0.03066646153846154
0.1449876923076923
0.24595753846153845
0.30520430769230766
0.29685969230769227
0.24032492307692307
0.14102399999999998
0.029414769230769227
-0.07051199999999999
-0.1639716923076923
-0.2330233846153846
-0.27850153846153847
-0.28267384615384616
-0.2371956923076923
-0.14999446153846155
-0.03483876923076923
0.07051199999999999
0.16480615384615382
0.249504
0.31208861538461535
0.3473446153846154
0.33357600000000004
0.2768326153846154
0.19338646153846153
0.10117846153846152
0.03150092307692308
-0.024408000000000003
-0.08073415384615384
-0.12412615384615384
-0.1502030769230769
-0.1502030769230769
-0.1178676923076923
-0.07197230769230768
-0.027120000000000002
0.0029206153846153843
0.033169846153846154
0.06592246153846154
0.086784
0.09429415384615383
0.0855323076923077
0.07280676923076923
0.054657230769230764
0.0446436923076923
0.04985907692307692
0.045895384615384616
0.021696
-0.02273907692307692
-0.06592246153846154
-0.0934596923076923
-0.11828492307692307
-0.13747753846153846
-0.14665661538461539
-0.13205353846153844
-0.08302892307692307
-0.007301538461538462
0.07948246153846153
0.1489513846153846
0.1927606153846154
0.21487384615384614
0.2225926153846154
0.214248
0.1779489230769231
0.111192
0.028788923076923077
-0.04735569230769231
-0.10409907692307692
-0.14957723076923077
-0.18379015384615385
-0.19839323076923077
-0.19547261538461536
-0.1612596923076923
-0.1028473846153846
-0.03129230769230769
0.03942830769230769
0.09283384615384616
0.11745046153846153
0.116616
0.09909230769230769
0.06863446153846153
0.027745846153846152
-0.022530461538461537
-0.06717415384615384
-0.09909230769230769
-0.10555938461538462
-0.09930092307692308
-0.08469784615384615
-0.058829538461538454
-0.03129230769230769
0.004798153846153846
0.04693846153846153
0.0855323076923077
0.09658892307692307
0.07593599999999999
0.032544
-0.028788923076923077
-0.09846646153846153
-0.11578153846153846
-0.09012184615384615
-0.005841230769230769
0.12496061538461539
0.20819815384615384
0.330864
0.4113895384615384
0.4541556923076923
0.4524867692307692
0.32314523076923074
0.1792006153846154
-0.028371692307692306
-0.17481969230769231
-0.3193901538461538
-0.46396061538461536
-0.49316676923076924
-0.5042233846153846
-0.3548547692307692
-0.15813046153846153
0.05653476923076922
0.27599815384615384
0.38301784615384615
0.4889944615384615
0.48857723076923076
0.3994984615384615
0.2578486153846154
0.024408000000000003
-0.1804523076923077
-0.38280923076923074
-0.523416
-0.5578375384615384
-0.533220923076923
-0.4022104615384615
-0.23406646153846156
-0.06049846153846154
0.11286092307692308
0.23072861538461537
0.3285692307692308
0.35464615384615383
0.2937304615384615
0.21508246153846153
0.10368184615384615
0.027328615384615382
-0.03108369230769231
-0.10368184615384615
-0.15562707692307692
-0.21362215384615382
-0.2415766153846154
-0.23782153846153845
-0.23177169230769232
-0.22300984615384614
-0.20235692307692305
-0.15395815384615386
-0.0828203076923077
-0.019609846153846155
0.028163076923076923
0.05653476923076922
0.08177723076923075
0.10743692307692307
0.11870215384615385
0.14394461538461537
0.1635544615384615
0.1733593846153846
0.17815753846153848
0.13101046153846155
0.05319692307692307
-0.029414769230769227
-0.12433476923076923
-0.19881046153846152
-0.2572227692307692
-0.27850153846153847
-0.2275993846153846
-0.12537784615384615
0.02586830769230769
0.17461107692307692
0.2981113846153846
0.3909452307692307
0.4318338461538461
0.431208
0.35986153846153845
0.24074215384615386
0.1218313846153846
0.0025033846153846152
-0.09387692307692307
-0.16501476923076921
-0.19463815384615382
-0.1666836923076923
-0.11098338461538461
-0.01940123076923077
0.084072
0.19359507692307693
0.31188
0.4115981538461538
0.47021907692307696
0.4627089230769231
0.40638276923076927
0.30436984615384616
0.17961784615384613
0.050067692307692306
-0.07551876923076924
-0.16856123076923077
-0.21925476923076925
-0.214248
-0.16209415384615386
-0.06800861538461538
0.04214030769230769
0.1570873846153846
0.24512307692307692
0.279336
0.279336
0.2205064615384615
0.138312
0.040054153846153843
-0.07364123076923076
-0.168144
-0.23969907692307693
-0.26306399999999996
-0.24282830769230768
-0.184416
-0.10347323076923076
-0.015228923076923076
0.078648
0.16334584615384617
0.21883753846153844
0.23218892307692307
0.19463815384615382
0.1316363076923077
0.059872615384615385
-0.019192615384615384
-0.07906523076923076
-0.13872923076923074
-0.17440246153846153
-0.16438892307692307
-0.12099692307692309
-0.03609046153846154
0.059664
0.1397723076923077
0.20673784615384616
0.24491446153846153
0.24887815384615386
0.22175815384615383
0.15270646153846154
0.054240000000000003
-0.06675692307692307
-0.18128676923076922
-0.25284184615384614
-0.2872633846153846
-0.27558092307692306
-0.24011630769230768
-0.18796246153846152
-0.10931446153846153
-0.026076923076923077
0.07343261538461537
0.15208061538461537
0.18337292307692307
0.19442953846153843
0.17732307692307692
0.15228923076923076
0.1218313846153846
0.06070707692307692
0.0
-0.051319384615384614
-0.08845292307692308
-0.09325107692307691
-0.08699261538461538
-0.07343261538461537
-0.05799507692307692
-0.04193169230769231
-0.012308307692307691
0.009596307692307692
0.030875076923076922
0.04735569230769231
0.04693846153846153
0.05194523076923077
0.045060923076923075
0.04819015384615385
0.05590892307692308
0.04380923076923077
0.038176615384615385
0.017940923076923077
0.0006258461538461538
-0.011265230769230769
-0.03421292307692308
-0.065088
-0.11035753846153845
-0.1395636923076923
-0.1489513846153846
-0.14582215384615385
-0.12934153846153845
-0.10076123076923077
-0.06070707692307692
-0.01043076923076923
0.05528307692307692
0.11578153846153846
0.14436184615384615
0.13476553846153844
0.09554584615384615
0.040262769230769234
-0.026285538461538457
-0.10806276923076923
-0.19568123076923075
-0.2559710769230769
-0.2776670769230769
-0.2586830769230769
-0.1990190769230769
-0.11557292307692307
-0.015854769230769228
0.0853236923076923
0.17419384615384614
0.24512307692307692
0.26911384615384615
0.23907323076923076
0.168144
0.05862092307692307
-0.06133292307692308
-0.1704387692307692
-0.2559710769230769
-0.3047870769230769
-0.3235624615384615
-0.292896
-0.21299630769230768
-0.10555938461538462
0.0043809230769230765
0.09325107692307691
0.1704387692307692
0.2209236923076923
0.24741784615384615
0.2374043076923077
0.18629353846153843
0.12141415384615384
0.04088861538461538
-0.02023569230769231
-0.05298830769230769
-0.06926030769230769
-0.0717636923076923
-0.06467076923076923
-0.02524246153846154
0.03483876923076923
0.09471138461538461
0.14102399999999998
0.15520984615384617
0.14978584615384616
0.1287156923076923
0.08615815384615384
0.040679999999999994
-0.014603076923076923
-0.07280676923076923
-0.11035753846153845
-0.13205353846153844
-0.12600369230769232
-0.10159569230769232
-0.07843938461538462
-0.05444861538461539
-0.02858030769230769
-0.010848
-0.005841230769230769
-0.010013538461538461
-0.027328615384615382
-0.046104
-0.06070707692307692
-0.05319692307692307
-0.018775384615384614
0.013351384615384614
0.03233538461538461
0.040679999999999994
0.041514461538461535
0.042557538461538466
0.028788923076923077
-0.009596307692307692
-0.05403138461538461
-0.09137353846153846
-0.10514215384615383
-0.09992676923076924
-0.07823076923076923
-0.04714707692307692
-0.028371692307692306
-0.002712
0.034630153846153845
0.06425353846153846
0.07948246153846153
0.06571384615384615
0.03629907692307692
0.013560000000000001
-0.01397723076923077
-0.03609046153846154
-0.05319692307692307
-0.06258461538461538
-0.045895384615384616
-0.01981846153846154
0.019192615384615384
0.05736923076923077
0.07301538461538462
0.07092923076923077
0.053614153846153846
0.032544
0.0035464615384615383
-0.03024923076923077
-0.059872615384615385
-0.08699261538461538
-0.09179076923076923
-0.06738276923076922
-0.03212676923076923
0.019609846153846155
0.07134646153846153
0.11807630769230769
0.1696043076923077
0.20006215384615383
0.21237046153846154
0.19568123076923075
0.14916
0.09804923076923076
0.04318338461538461
-0.012099692307692308
-0.06863446153846153
-0.12579507692307693
-0.16438892307692307
-0.1706473846153846
-0.14811692307692306
-0.10055261538461538
-0.043600615384615383
0.003129230769230769
0.04547815384615384
0.086784
0.12120553846153845
0.1368516923076923
0.11891076923076922
0.08073415384615384
0.03150092307692308
-0.011891076923076923
-0.042348923076923076
-0.06195876923076923
-0.07906523076923076
-0.09283384615384616
-0.08073415384615384
-0.05924676923076923
-0.03400430769230769
-0.018358153846153843
-0.016063384615384615
-0.011056615384615385
0.00855323076923077
0.042557538461538466
0.08094276923076923
0.11348676923076922
0.12558646153846154
0.13643446153846153
0.13706030769230768
0.12955015384615384
0.10931446153846153
0.05674338461538461
-0.0006258461538461538
-0.05048492307692308
-0.07593599999999999
-0.07343261538461537
-0.06258461538461538
-0.04568676923076923
-0.029206153846153847
-0.009596307692307692
0.027120000000000002
0.059038153846153844
0.07635323076923077
0.07802215384615384
0.05653476923076922
0.04819015384615385
0.05277969230769231
0.06008123076923077
0.06467076923076923
0.046104
0.02545107692307692
0.007927384615384614
0.0002086153846153846
-0.0012516923076923076
-0.010848
-0.024408000000000003
-0.037342153846153844
-0.03337846153846154
-0.017315076923076923
0.0008344615384615384
0.01981846153846154
0.03150092307692308
0.04965046153846154
0.08365476923076923
0.11473846153846154
0.13205353846153844
0.12266584615384615
0.0961716923076923
0.06926030769230769
0.04088861538461538
0.006467076923076923
-0.03421292307692308
-0.07426707692307692
-0.10076123076923077
-0.10180430769230768
-0.08240307692307691
-0.046104
-0.006258461538461538
0.03713353846153846
0.08615815384615384
0.14206707692307693
0.20652923076923077
0.24720923076923076
0.2563883076923077
0.2330233846153846
0.18963138461538462
0.1489513846153846
0.09846646153846153
0.040262769230769234
-0.02211323076923077
-0.07885661538461539
-0.09950953846153845
-0.0961716923076923
-0.07697907692307693
-0.054240000000000003
-0.040054153846153843
-0.012934153846153845
0.017940923076923077
0.04109723076923077
0.059664
0.07197230769230768
0.07802215384615384
0.08824430769230769
0.10389046153846154
0.11014892307692307
0.09575446153846154
0.06341907692307691
0.022947692307692308
-0.011682461538461537
-0.03150092307692308
-0.04819015384615385
-0.05820369230769231
-0.0744756923076923
-0.09199938461538461
-0.08907876923076924
-0.07656184615384615
-0.04819015384615385
-0.010013538461538461
0.023990769230769232
0.07113784615384615
0.12725538461538463
0.18086953846153844
0.22551323076923077
0.23281476923076924
0.20944984615384615
0.16167692307692308
0.08991323076923076
0.0077187692307692304
-0.09658892307692307
-0.19672430769230767
-0.28476
-0.3319070769230769
-0.31855569230769226
-0.2628553846153846
-0.1718990769230769
-0.06571384615384615
0.03379569230769231
0.0961716923076923
0.15208061538461537
0.1913003076923077
0.2194633846153846
0.20110523076923076
0.138312
0.07364123076923076
0.010639384615384617
-0.03692492307692308
-0.029832
0.04985907692307692
-0.05173661538461538
-0.12558646153846154
-0.1314276923076923
-0.1691870769230769
-0.011682461538461537
-0.053614153846153846
-0.14060676923076923
-0.17023015384615386
-0.20110523076923076
-0.003963692307692307
0.07072061538461538
0.12621230769230768
0.09596307692307693
0.04819015384615385
0.1858763076923077
0.2225926153846154
0.28663753846153844
0.1635544615384615
-0.052571076923076915
-0.11953661538461538
-0.25805723076923076
-0.2532590769230769
-0.2851772307692308
-0.3811403076923077
-0.28017046153846153
-0.273912
-0.13872923076923074
0.0934596923076923
0.18253846153846154
0.3721698461538462
0.4011673846153846
0.35694092307692304
0.37947138461538454
0.27975323076923075
0.25200738461538463
0.157296
-0.03212676923076923
-0.1656406153846154
-0.292896
-0.2655673846153846
-0.2127876923076923
-0.19735015384615384
-0.13643446153846153
-0.10389046153846154
0.05924676923076923
0.2273907692307692
0.28768061538461537
0.3517255384615385
0.2999889230769231
0.2666104615384615
0.268488
0.16105107692307694
0.09095630769230768
-0.01272553846153846
-0.13247076923076923
-0.13601723076923075
-0.17294215384615383
-0.1856676923076923
-0.18191261538461537
-0.21007569230769232
-0.1696043076923077
-0.12808984615384614
-0.07259815384615384
-0.017315076923076923
0.05382276923076923
0.12433476923076923
0.12245723076923076
0.16897846153846155
0.19588984615384614
0.19046584615384615
0.21132738461538458
0.13247076923076923
0.059872615384615385
0.006675692307692307
-0.08824430769230769
-0.11724184615384614
-0.18712800000000002
-0.2436627692307692
-0.2194633846153846
-0.19985353846153847
-0.11870215384615385
-0.05090215384615384
0.015437538461538461
0.12934153846153845
0.2073636923076923
0.25242461538461536
0.22822523076923076
0.1785747692307692
0.1449876923076923
0.054240000000000003
-0.045895384615384616
-0.17231630769230769
-0.306456
-0.3379569230769231
-0.35631507692307696
-0.3193901538461538
-0.2154996923076923
-0.12996738461538462
0.018358153846153843
0.1422756923076923
0.2288510769230769
0.32210215384615387
0.3350363076923077
0.3077076923076923
0.22801661538461537
0.09012184615384615
-0.05236246153846154
-0.18921415384615384
-0.2712
-0.3102110769230769
-0.30583015384615386
-0.2618123076923077
-0.21654276923076923
-0.11306953846153844
-0.0012516923076923076
0.08761846153846153
0.17690584615384616
0.18337292307692307
0.1693956923076923
0.1635544615384615
0.11974523076923077
0.07468430769230769
-0.01397723076923077
-0.11077476923076923
-0.14603076923076924
-0.16334584615384617
-0.15333230769230768
-0.13622584615384614
-0.13309661538461537
-0.09992676923076924
-0.06383630769230769
-0.015020307692307692
0.03838523076923077
0.06529661538461538
0.08135999999999999
0.05820369230769231
0.04401784615384615
0.0448523076923077
0.0446436923076923
0.08469784615384615
0.08010830769230769
0.04819015384615385
0.031918153846153846
0.006884307692307692
0.026494153846153844
0.02044430769230769
-0.03692492307692308
-0.0771876923076923
-0.10910584615384614
-0.08887015384615385
-0.03609046153846154
-0.010639384615384617
0.002086153846153846
0.0022947692307692304
0.02753723076923077
0.07113784615384615
0.08949599999999999
0.08219446153846154
0.022530461538461537
-0.04088861538461538
-0.07948246153846153
-0.11870215384615385
-0.13267938461538462
-0.15562707692307692
-0.16501476923076921
-0.13601723076923075
-0.086784
0.011056615384615385
0.11891076923076922
0.19442953846153843
0.23406646153846156
0.23510953846153848
0.22822523076923076
0.22029784615384615
0.17690584615384616
0.09095630769230768
-0.023782153846153845
-0.11870215384615385
-0.1639716923076923
-0.15604430769230768
-0.10263876923076923
-0.059664
-0.015228923076923076
0.04756430769230769
0.12725538461538463
0.21925476923076925
0.24658338461538462
0.2207150769230769
0.17565415384615385
0.10263876923076923
0.04693846153846153
-0.015020307692307692
-0.09095630769230768
-0.13935507692307691
-0.1693956923076923
-0.15145476923076923
-0.10201292307692307
-0.05194523076923077
0.0035464615384615383
0.03650769230769231
0.06216738461538462
0.0892873846153846
0.10263876923076923
0.10159569230769232
0.06633969230769231
0.023990769230769232
-0.009596307692307692
-0.03609046153846154
-0.03713353846153846
-0.03984553846153846
-0.03692492307692308
-0.027120000000000002
-0.025659692307692307
0.004798153846153846
0.04631261538461538
0.07259815384615384
0.09971815384615385
0.10576799999999999
0.11244369230769231
0.1289243076923077
0.127464
0.11703323076923078
0.086784
0.05403138461538461
0.024408000000000003
-0.010013538461538461
-0.023990769230769232
-0.031918153846153846
-0.028163076923076923
-0.010639384615384617
0.006049846153846154
0.03713353846153846
0.058829538461538454
0.07551876923076924
0.10722830769230769
0.12788123076923075
0.14707384615384617
0.15103753846153847
0.1314276923076923
0.12016246153846154
0.1028473846153846
0.08031692307692308
0.04401784615384615
-0.008970461538461538
-0.04756430769230769
-0.07885661538461539
-0.09241661538461539
-0.09033046153846153
-0.07572738461538461
-0.0448523076923077
-0.006258461538461538
0.04172307692307692
0.07510153846153846
0.08469784615384615
0.07510153846153846
0.041514461538461535
0.0022947692307692304
-0.03629907692307692
-0.07614461538461538
-0.10868861538461538
-0.14060676923076923
-0.1635544615384615
-0.16647507692307692
-0.15333230769230768
-0.11682461538461539
-0.06967753846153846
-0.029414769230769227
0.02273907692307692
0.08094276923076923
0.14018953846153845
0.19442953846153843
0.21967199999999998
0.22008923076923076
0.19463815384615382
0.15124615384615384
0.10222153846153846
0.04318338461538461
-0.025033846153846153
-0.09575446153846154
-0.13852061538461538
-0.13121907692307694
-0.08428061538461538
-0.014811692307692307
0.05528307692307692
0.11953661538461538
0.1787833846153846
0.22426153846153846
0.249504
0.23656984615384613
0.18316430769230768
0.11640738461538462
0.051319384615384614
-0.008761846153846153
-0.07197230769230768
-0.13789476923076924
-0.18379015384615385
-0.21299630769230768
-0.20986707692307693
-0.17523692307692307
-0.14540492307692307
-0.11432123076923076
-0.08094276923076923
-0.04214030769230769
0.01272553846153846
0.061750153846153844
0.09095630769230768
0.10263876923076923
0.09387692307692307
0.07948246153846153
0.07030338461538461
0.06216738461538462
0.047772923076923074
0.021487384615384613
-0.012516923076923077
-0.046104
-0.06967753846153846
-0.08699261538461538
-0.10535076923076922
-0.11286092307692308
-0.10493353846153847
-0.07489292307692308
-0.02482523076923077
0.02795446153846154
0.078648
0.11599015384615384
0.14290153846153844
0.17231630769230769
0.1910916923076923
0.18107815384615383
0.14311015384615386
0.07259815384615384
-0.006675692307692307
-0.06738276923076922
-0.12829846153846153
-0.18170399999999998
-0.21174461538461536
-0.20965846153846154
-0.16501476923076921
-0.09408553846153846
-0.015228923076923076
0.06008123076923077
0.12099692307692309
0.16772676923076923
0.2021483076923077
0.22008923076923076
0.20715507692307691
0.16105107692307694
0.08824430769230769
0.005424
-0.06341907692307691
-0.12099692307692309
-0.15667015384615385
-0.17461107692307692
-0.18086953846153844
-0.15354092307692307
-0.0988836923076923
-0.03880246153846154
0.02023569230769231
0.06946892307692307
0.10868861538461538
0.14311015384615386
0.165432
0.16647507692307692
0.1395636923076923
0.09721476923076922
0.06341907692307691
0.03942830769230769
0.01940123076923077
-0.0025033846153846152
-0.030040615384615384
-0.05507446153846154
-0.06884307692307692
-0.05486584615384615
-0.027745846153846152
0.0
0.03296123076923077
0.061124307692307686
0.09658892307692307
0.13706030769230768
0.15959076923076923
0.16021661538461537
0.1358086153846154
0.09679753846153846
0.06592246153846154
0.03921969230769231
0.013560000000000001
-0.011056615384615385
-0.037342153846153844
-0.05799507692307692
-0.05653476923076922
-0.04380923076923077
-0.03421292307692308
-0.034630153846153845
-0.05027630769230769
-0.06341907692307691
-0.07030338461538461
-0.07948246153846153
-0.09387692307692307
-0.10409907692307692
-0.10138707692307691
-0.08177723076923075
-0.047981538461538464
-0.021070153846153846
-0.004798153846153846
0.0050067692307692304
0.008136
0.019609846153846155
0.028788923076923077
0.018775384615384614
0.0006258461538461538
-0.025033846153846153
-0.042557538461538466
-0.04088861538461538
-0.026911384615384615
-0.006675692307692307
0.011891076923076923
0.03588184615384615
0.06341907692307691
0.09408553846153846
0.12600369230769232
0.14436184615384615
0.1422756923076923
0.12621230769230768
0.10138707692307691
0.07113784615384615
0.02795446153846154
-0.03504738461538461
-0.11035753846153845
-0.18316430769230768
-0.22718215384615387
-0.23782153846153845
-0.2209236923076923
-0.18775384615384613
-0.15667015384615385
-0.11140061538461538
-0.04422646153846154
0.021278769230769233
0.07510153846153846
0.09304246153846155
0.08010830769230769
0.05862092307692307
0.027745846153846152
-0.006884307692307692
-0.05194523076923077
-0.09971815384615385
-0.12955015384615384
-0.13393107692307693
-0.10827138461538462
-0.07677046153846154
-0.06154153846153846
-0.053614153846153846
-0.06529661538461538
-0.05820369230769231
-0.05444861538461539
-0.05736923076923077
-0.05298830769230769
-0.03567323076923076
0.02795446153846154
0.14707384615384617
0.3510996923076923
0.40992923076923077
0.4355889230769231
0.4814843076923077
0.4291218461538462
0.43412861538461534
0.27474646153846155
0.04860738461538461
-0.1883796923076923
-0.42182030769230766
-0.4816929230769231
-0.566808
-0.5572116923076923
-0.4994252307692308
-0.38301784615384615
-0.111192
0.127464
0.4245323076923077
0.6041501538461539
0.6312701538461538
0.6379458461538461
0.4848221538461538
0.32189353846153845
0.10514215384615383
-0.1777403076923077
-0.3342018461538461
-0.5328036923076923
-0.6106172307692308
-0.508187076923077
-0.4113895384615384
-0.19380369230769232
-0.02044430769230769
0.12642092307692307
0.2899753846153846
0.35694092307692304
0.44914892307692306
0.4539470769230769
0.36611999999999995
0.2699483076923077
0.15604430769230768
0.09992676923076924
0.006258461538461538
-0.12329169230769231
-0.21696000000000001
-0.31229723076923077
-0.29685969230769227
-0.23093723076923076
-0.19004861538461537
-0.10994030769230768
-0.07051199999999999
-0.005841230769230769
0.08699261538461538
0.11035753846153845
0.14018953846153845
0.14144123076923076
0.1287156923076923
0.1867107692307692
0.22843384615384613
0.25388492307692306
0.23114584615384615
0.14832553846153845
0.05653476923076922
-0.08198584615384615
-0.21237046153846154
-0.3385827692307692
-0.42661846153846156
-0.45749353846153845
-0.4704276923076923
-0.3623649230769231
-0.19025723076923076
-0.021278769230769233
0.16856123076923077
0.29685969230769227
0.39866399999999996
0.4551987692307692
0.40930338461538457
0.33002953846153843
0.17148184615384612
-0.012308307692307691
-0.14394461538461537
-0.2737033846153846
-0.3798886153846154
-0.4681329230769231
-0.513611076923077
-0.4656295384615385
-0.3548547692307692
-0.20173107692307693
-0.03755076923076923
0.13434830769230768
0.3102110769230769
0.4291218461538462
0.5067267692307692
0.514236923076923
0.43412861538461534
0.32585723076923073
0.16209415384615386
-0.005215384615384615
-0.13101046153846155
-0.2497126153846154
-0.30416123076923074
-0.31772123076923076
-0.2993630769230769
-0.19985353846153847
-0.08302892307692307
0.04401784615384615
0.14665661538461539
0.21362215384615382
0.26160369230769226
0.26118646153846153
0.26160369230769226
0.2290596923076923
0.16105107692307694
0.08198584615384615
-0.016272
-0.07280676923076923
-0.11077476923076923
-0.13810338461538463
-0.13455692307692307
-0.14123261538461537
-0.11223507692307692
-0.03233538461538461
0.030040615384615384
0.06967753846153846
0.08177723076923075
0.09408553846153846
0.138312
0.1710646153846154
0.19150892307692308
0.20798953846153845
0.20652923076923077
0.21091015384615383
0.21466523076923077
0.2140393846153846
0.19317784615384614
0.14060676923076923
0.08824430769230769
0.02357353846153846
-0.03024923076923077
-0.07593599999999999
-0.12016246153846154
-0.11974523076923077
-0.10868861538461538
-0.08073415384615384
-0.018983999999999997
0.05069353846153846
0.1356
0.20819815384615384
0.2411593846153846
0.26619323076923074
0.26348123076923075
0.22822523076923076
0.1656406153846154
0.06884307692307692
-0.02023569230769231
-0.10430769230769231
-0.16438892307692307
-0.19067446153846154
-0.19609846153846153
-0.17398523076923075
-0.14269292307692305
-0.07489292307692308
0.011265230769230769
0.06821723076923077
0.12016246153846154
0.15833907692307692
0.1883796923076923
0.20527753846153846
0.17023015384615386
0.124752
0.08323753846153846
0.033169846153846154
0.0029206153846153843
-0.016272
-0.016063384615384615
0.003755076923076923
0.018358153846153843
0.03942830769230769
0.05528307692307692
0.0446436923076923
0.012934153846153845
-0.025659692307692307
-0.05590892307692308
-0.08031692307692308
-0.10055261538461538
-0.10827138461538462
-0.10827138461538462
-0.09846646153846153
-0.08115138461538463
-0.052153846153846155
-0.002712
0.016480615384615385
0.006258461538461538
-0.013560000000000001
-0.059872615384615385
-0.09992676923076924
-0.14290153846153844
-0.18963138461538462
-0.21967199999999998
-0.2480436923076923
-0.24887815384615386
-0.21737723076923077
-0.173568
-0.11265230769230769
-0.044435076923076924
0.026702769230769228
0.10055261538461538
0.15166338461538462
0.16480615384615382
0.14102399999999998
0.08824430769230769
0.02023569230769231
-0.05090215384615384
-0.11953661538461538
-0.19317784615384614
-0.23907323076923076
-0.22968553846153844
-0.17982646153846152
-0.08636676923076922
0.02023569230769231
0.11557292307692307
0.20277415384615383
0.26118646153846153
0.2897667692307692
0.2858030769230769
0.2292683076923077
0.1435273846153846
0.04714707692307692
-0.03233538461538461
-0.07280676923076923
-0.09053907692307692
-0.07572738461538461
-0.041514461538461535
0.008344615384615384
0.07238953846153846
0.13080184615384613
0.17419384615384614
0.18086953846153844
0.15228923076923076
0.1070196923076923
0.04735569230769231
-0.003129230769230769
-0.03942830769230769
-0.07510153846153846
-0.09116492307692307
-0.08949599999999999
-0.06425353846153846
-0.028788923076923077
-0.014603076923076923
-0.008761846153846153
-0.013560000000000001
-0.020027076923076922
-0.021278769230769233
-0.026285538461538457
-0.03212676923076923
-0.0448523076923077
-0.05194523076923077
-0.04172307692307692
-0.027328615384615382
-0.012308307692307691
-0.0016689230769230767
0.008136
0.02586830769230769
0.05382276923076923
0.08511507692307693
0.1028473846153846
0.0988836923076923
0.084072
0.06738276923076922
0.04985907692307692
0.02899753846153846
-0.010222153846153844
-0.04526953846153846
-0.06133292307692308
-0.06070707692307692
-0.026702769230769228
0.011265230769230769
0.040679999999999994
0.06341907692307691
0.06195876923076923
0.05736923076923077
0.04985907692307692
0.03212676923076923
0.006884307692307692
-0.021278769230769233
-0.03421292307692308
-0.04819015384615385
-0.06008123076923077
-0.07405846153846153
-0.08615815384615384
-0.08887015384615385
-0.08219446153846154
-0.054657230769230764
-0.026494153846153844
-0.0018775384615384615
0.010222153846153844
0.020652923076923076
0.03650769230769231
0.052153846153846155
0.06821723076923077
0.06675692307692307
0.04756430769230769
0.02044430769230769
0.0016689230769230767
-0.008136
-0.014394461538461538
-0.013560000000000001
-0.004798153846153846
0.013351384615384614
0.044435076923076924
0.06884307692307692
0.07218092307692307
0.05674338461538461
0.024199384615384616
-0.004172307692307692
-0.03379569230769231
-0.06738276923076922
-0.092208
-0.11432123076923076
-0.11724184615384614
-0.08949599999999999
-0.045060923076923075
0.017940923076923077
0.08761846153846153
0.1462393846153846
0.18712800000000002
0.19171753846153847
0.1614683076923077
0.09846646153846153
0.009179076923076922
-0.09158215384615384
-0.1908830769230769
-0.26765353846153844
-0.3216849230769231
-0.34504984615384615
-0.3210590769230769
-0.25200738461538463
-0.13852061538461538
-0.0008344615384615384
0.12454338461538461
0.23156307692307693
0.2906012307692308
0.29727692307692305
0.2680707692307692
0.18650215384615382
0.08949599999999999
-0.032544
-0.16584923076923075
-0.2572227692307692
-0.3187643076923077
-0.3323243076923077
-0.3016578461538461
-0.23281476923076924
-0.12120553846153845
0.011265230769230769
0.14394461538461537
0.254928
0.32836061538461536
0.3548547692307692
0.3379569230769231
0.28350830769230767
0.20632061538461538
0.11014892307692307
0.015646153846153844
-0.06717415384615384
-0.12496061538461539
-0.13810338461538463
-0.12621230769230768
-0.078648
-0.017523692307692306
0.03984553846153846
0.10493353846153847
0.14978584615384616
0.18337292307692307
0.19881046153846152
0.1883796923076923
0.17002153846153847
0.1424843076923077
0.1136953846153846
0.08448923076923077
0.04735569230769231
0.008136
-0.021904615384615383
-0.04172307692307692
-0.06133292307692308
-0.08907876923076924
-0.10785415384615385
-0.11599015384615384
-0.11745046153846153
-0.10868861538461538
-0.08302892307692307
-0.03901107692307692
0.0022947692307692304
0.049233230769230765
0.10013538461538461
0.13935507692307691
0.15896492307692306
0.14394461538461537
0.10806276923076923
0.052571076923076915
-0.018358153846153843
-0.08469784615384615
-0.13601723076923075
-0.1612596923076923
-0.1652233846153846
-0.14123261538461537
-0.08720123076923077
-0.012516923076923077
0.07280676923076923
0.143736
0.19067446153846154
0.20944984615384615
0.19609846153846153
0.154584
0.08073415384615384
-0.007927384615384614
-0.09512861538461538
-0.17544553846153846
-0.23239753846153846
-0.25451076923076926
-0.24470584615384613
-0.20861538461538462
-0.13205353846153844
-0.021070153846153846
0.09429415384615383
0.1867107692307692
0.2438713846153846
0.268488
0.25200738461538463
0.19735015384615384
0.11557292307692307
0.022947692307692308
-0.06633969230769231
-0.12767261538461538
-0.14311015384615386
-0.1218313846153846
-0.06362769230769232
0.008344615384615384
0.09012184615384615
0.16480615384615382
0.21091015384615383
0.2355267692307692
0.21487384615384614
0.16647507692307692
0.10013538461538461
0.017523692307692306
-0.05653476923076922
-0.13601723076923075
-0.20986707692307693
-0.28163076923076924
-0.3567323076923076
-0.3415033846153846
-0.24866953846153847
-0.0988836923076923
0.09930092307692308
0.2899753846153846
0.5156972307692308
0.6978184615384615
0.8183981538461539
0.8542799999999999
0.7293193846153846
0.48419630769230765
0.17481969230769231
-0.09512861538461538
-0.3521427692307692
-0.5436516923076923
-0.6490024615384615
-0.6990701538461538
-0.6064449230769231
-0.431208
-0.17961784615384613
0.08302892307692307
0.2864289230769231
0.4307907692307692
0.48586523076923077
0.4599969230769231
0.34776184615384614
0.168144
-0.09784061538461537
-0.3558978461538462
-0.5246676923076923
-0.6022726153846154
-0.5528307692307692
-0.4351716923076923
-0.2532590769230769
-0.04172307692307692
0.12308307692307692
0.2709913846153846
0.3571495384615384
0.32189353846153845
0.21988061538461537
0.08490646153846154
-0.030040615384615384
-0.09658892307692307
-0.1287156923076923
-0.10681107692307691
-0.07051199999999999
-0.02899753846153846
0.0077187692307692304
0.030040615384615384
0.03129230769230769
-0.009804923076923077
-0.04380923076923077
-0.08010830769230769
-0.11682461538461539
-0.12642092307692307
-0.14123261538461537
-0.13768615384615385
-0.10785415384615385
-0.06341907692307691
0.026911384615384615
0.14561353846153846
0.26222953846153846
0.37655076923076924
0.450192
0.4487316923076923
0.37738523076923075
0.23239753846153846
0.031918153846153846
-0.1867107692307692
-0.36319938461538465
-0.45332123076923075
-0.44393353846153844
-0.33482769230769227
-0.1543753846153846
0.09033046153846153
0.34275507692307694
0.5513704615384615
0.6990701538461538
0.7232695384615385
0.6354424615384615
0.48336184615384614
0.279336
0.07009476923076922
-0.13434830769230768
-0.3081249230769231
-0.41305846153846154
-0.4524867692307692
-0.41973415384615387
-0.32961230769230765
-0.20193969230769232
-0.045895384615384616
0.12433476923076923
0.27975323076923075
0.3988726153846154
0.46291753846153844
0.43809230769230767
0.33002953846153843
0.184416
0.009804923076923077
-0.1792006153846154
-0.3377483076923077
-0.4675070769230769
-0.5340553846153846
-0.5111076923076923
-0.4309993846153846
-0.306456
-0.1635544615384615
-0.028788923076923077
0.08887015384615385
0.17481969230769231
0.222384
0.2355267692307692
0.20486030769230767
0.14436184615384615
0.08156861538461539
0.021904615384615383
-0.01668923076923077
-0.049233230769230765
-0.07030338461538461
-0.078648
-0.08156861538461539
-0.07948246153846153
-0.09554584615384615
-0.11223507692307692
-0.14331876923076922
-0.16271999999999998
-0.14477907692307693
-0.11160923076923077
-0.047772923076923074
0.03108369230769231
0.10827138461538462
0.17899199999999998
0.22843384615384613
0.24762646153846155
0.2261390769230769
0.1506203076923077
0.03921969230769231
-0.0853236923076923
-0.214248
-0.3342018461538461
-0.42369784615384615
-0.46688123076923077
-0.46354338461538463
-0.40930338461538457
-0.3127144615384615
-0.19171753846153847
-0.046104
0.09909230769230769
0.2292683076923077
0.3387913846153846
0.3826006153846154
0.3540203076923077
0.2559710769230769
0.1178676923076923
-0.021070153846153846
-0.154584
-0.25805723076923076
-0.3214763076923077
-0.32564861538461537
-0.26932246153846157
-0.15333230769230768
0.00855323076923077
0.15792184615384616
0.2822566153846154
0.36904061538461536
0.40638276923076927
0.4007501538461538
0.33962584615384617
0.21842030769230766
0.065088
-0.08156861538461539
-0.20027076923076922
-0.2697396923076923
-0.30270092307692303
-0.29498215384615384
-0.23949046153846154
-0.1422756923076923
0.0022947692307692304
0.16167692307692308
0.29748553846153847
0.37300430769230764
0.3880246153846154
0.3619476923076923
0.29873723076923075
0.19651569230769228
0.07405846153846153
-0.052153846153846155
-0.16438892307692307
-0.21862892307692305
-0.21195323076923075
-0.16000799999999998
-0.09846646153846153
-0.03921969230769231
0.02899753846153846
0.0897046153846154
0.14603076923076924
0.17982646153846152
0.1710646153846154
0.1356
0.08511507692307693
0.040679999999999994
0.014811692307692307
-0.007301538461538462
-0.029206153846153847
-0.04401784615384615
-0.037342153846153844
-0.001043076923076923
0.040262769230769234
0.07760492307692309
0.100344
0.08761846153846153
0.05590892307692308
0.014603076923076923
-0.03984553846153846
-0.11286092307692308
-0.1992276923076923
-0.25284184615384614
-0.2582658461538461
-0.2221753846153846
-0.15082892307692305
-0.07030338461538461
0.010848
0.08323753846153846
0.143736
0.1860849230769231
0.18525046153846153
0.13622584615384614
0.05820369230769231
-0.02211323076923077
-0.07364123076923076
-0.09095630769230768
-0.092208
-0.07405846153846153
-0.045895384615384616
-0.007510153846153846
0.05194523076923077
0.10117846153846152
0.12788123076923075
0.124752
0.08782707692307692
0.03296123076923077
-0.023782153846153845
-0.06362769230769232
-0.09846646153846153
-0.12600369230769232
-0.12350030769230769
-0.09241661538461539
-0.03629907692307692
0.018358153846153843
0.05924676923076923
0.086784
0.10076123076923077
0.10347323076923076
0.08907876923076924
0.06341907692307691
0.035464615384615386
0.012308307692307691
0.006258461538461538
0.02858030769230769
0.06028984615384615
0.09199938461538461
0.10722830769230769
0.10994030769230768
0.1178676923076923
0.12204
0.12266584615384615
0.10868861538461538
0.09095630769230768
0.07051199999999999
0.051528
0.043600615384615383
0.030875076923076922
0.015854769230769228
0.005424
0.009596307692307692
0.03296123076923077
0.05507446153846154
0.06258461538461538
0.05570030769230769
0.03629907692307692
0.012308307692307691
-0.015646153846153844
-0.04109723076923077
-0.065088
-0.07760492307692309
-0.06613107692307692
-0.03275261538461539
0.009179076923076922
0.05173661538461538
0.0963803076923077
0.1287156923076923
0.1506203076923077
0.157296
0.14394461538461537
0.09930092307692308
0.031709538461538456
-0.040262769230769234
-0.10681107692307691
-0.1462393846153846
-0.16188553846153847
-0.15208061538461537
-0.12350030769230769
-0.07802215384615384
-0.013768615384615384
0.05048492307692308
0.10785415384615385
0.1462393846153846
0.16063384615384615
0.15374953846153847
0.12642092307692307
0.07760492307692309
0.012934153846153845
-0.053614153846153846
-0.11098338461538461
-0.14123261538461537
-0.14311015384615386
-0.119328
-0.08219446153846154
-0.03880246153846154
0.010013538461538461
0.06008123076923077
0.10180430769230768
0.12558646153846154
0.13455692307692307
0.12162276923076921
0.10347323076923076
0.0855323076923077
0.073224
0.059872615384615385
0.0446436923076923
0.04547815384615384
0.054240000000000003
0.07551876923076924
0.09179076923076923
0.103056
0.09512861538461538
0.07113784615384615
0.049233230769230765
0.012934153846153845
-0.02273907692307692
-0.06571384615384615
-0.10493353846153847
-0.12642092307692307
-0.12808984615384614
-0.10117846153846152
-0.054240000000000003
0.007510153846153846
0.06821723076923077
0.11870215384615385
0.14916
0.15124615384615384
0.12537784615384615
0.07238953846153846
-0.0014603076923076922
-0.07218092307692307
-0.13330523076923076
-0.18253846153846154
-0.21007569230769232
-0.21967199999999998
-0.20047938461538461
-0.16167692307692308
-0.10555938461538462
-0.031918153846153846
0.042348923076923076
0.10660246153846153
0.15187199999999998
0.18128676923076922
0.1858763076923077
0.165432
0.11995384615384615
0.05403138461538461
-0.009596307692307692
-0.06905169230769231
-0.11745046153846153
-0.15896492307692306
-0.184416
-0.18525046153846153
-0.17481969230769231
-0.14582215384615385
-0.11327815384615383
-0.08323753846153846
-0.05069353846153846
-0.016480615384615385
0.02357353846153846
0.05507446153846154
0.08094276923076923
0.09930092307692308
0.10201292307692307
0.09199938461538461
0.06300184615384616
0.01668923076923077
-0.042348923076923076
-0.11098338461538461
-0.16876984615384616
-0.2008966153846154
-0.2140393846153846
-0.19839323076923077
-0.1506203076923077
-0.07572738461538461
0.023364923076923075
0.130176
0.23656984615384613
0.32669169230769235
0.3780110769230769
0.3880246153846154
0.3588184615384616
0.2916443076923077
0.19359507692307693
0.07072061538461538
-0.059664
-0.1777403076923077
-0.2724516923076923
-0.3202246153846154
-0.3229366153846154
-0.2943563076923077
-0.22780799999999998
-0.14206707692307693
-0.03650769230769231
0.0853236923076923
0.18379015384615385
0.24449723076923074
0.25701415384615384
0.23198030769230768
0.18107815384615383
0.10138707692307691
0.01043076923076923
-0.0855323076923077
-0.16501476923076921
-0.20986707692307693
-0.21779446153846155
-0.18921415384615384
-0.14686523076923075
-0.09471138461538461
-0.03233538461538461
0.03713353846153846
0.10389046153846154
0.1570873846153846
0.18796246153846152
0.18900553846153845
0.16605784615384614
0.12099692307692309
0.07635323076923077
0.02357353846153846
-0.03588184615384615
-0.08845292307692308
-0.13747753846153846
-0.157296
-0.15792184615384616
-0.14290153846153844
-0.11578153846153846
-0.08761846153846153
-0.05111076923076923
-0.010848
0.027745846153846152
0.054240000000000003
0.058829538461538454
0.03567323076923076
0.0025033846153846152
-0.03275261538461539
-0.0892873846153846
-0.15082892307692305
-0.16334584615384617
-0.13038461538461538
-0.059872615384615385
0.06446215384615385
0.17982646153846152
0.3095852307692307
0.43287692307692305
0.5061009230769231
0.5292572307692308
0.4549901538461538
0.3442153846153846
0.18963138461538462
0.021278769230769233
-0.14978584615384616
-0.2993630769230769
-0.38572984615384615
-0.4389267692307692
-0.384060923076923
-0.27975323076923075
-0.13393107692307693
0.06008123076923077
0.23135446153846154
0.37300430769230764
0.427452923076923
0.39261415384615383
0.2962338461538461
0.15333230769230768
-0.030040615384615384
-0.22780799999999998
-0.3917796923076923
-0.5040147692307693
-0.5236246153846154
-0.4593710769230769
-0.3304467692307692
-0.17481969230769231
-0.032544
0.11056615384615384
0.235944
0.3045784615384615
0.31083692307692307
0.2891409230769231
0.2503384615384615
0.20047938461538461
0.13852061538461538
0.06133292307692308
-0.017940923076923077
-0.09491999999999999
-0.16626646153846153
-0.2157083076923077
-0.24074215384615386
-0.252216
-0.23135446153846154
-0.19004861538461537
-0.13789476923076924
-0.07259815384615384
-0.03233538461538461
0.0014603076923076922
0.04422646153846154
0.06362769230769232
0.08845292307692308
0.11870215384615385
0.14832553846153845
0.18358153846153846
0.19651569230769228
0.1710646153846154
0.11891076923076922
0.05736923076923077
-0.03150092307692308
-0.13872923076923074
-0.23177169230769232
-0.2897667692307692
-0.2803790769230769
-0.19693292307692306
-0.06842584615384616
0.09158215384615384
0.25200738461538463
0.39511753846153846
0.5248763076923078
0.5866264615384615
0.5590892307692308
0.46145723076923073
0.30666461538461537
0.1435273846153846
-0.015228923076923076
-0.16856123076923077
-0.27453784615384613
-0.32648307692307693
-0.3312812307692308
-0.2943563076923077
-0.21737723076923077
-0.11160923076923077
0.005215384615384615
0.12996738461538462
0.22989415384615383
0.30249230769230767
0.3314898461538462
0.29414769230769233
0.2207150769230769
0.11348676923076922
-0.008344615384615384
-0.11494707692307692
-0.20027076923076922
-0.2601433846153846
-0.28204799999999997
-0.2689052307692308
-0.21091015384615383
-0.10868861538461538
-0.004589538461538461
0.07927384615384615
0.12955015384615384
0.1585476923076923
0.18525046153846153
0.20402584615384614
0.19651569230769228
0.17419384615384614
0.14874276923076923
0.12850707692307692
0.13914646153846155
0.146448
0.13038461538461538
0.09450276923076922
0.040054153846153843
-0.013560000000000001
-0.06279323076923077
-0.12287446153846153
-0.17628
-0.2021483076923077
-0.19588984615384614
-0.14018953846153845
-0.06341907692307691
0.02357353846153846
0.10722830769230769
0.17565415384615385
0.2288510769230769
0.25555384615384613
0.2605606153846154
0.2207150769230769
0.14311015384615386
0.05069353846153846
-0.05611753846153846
-0.14164984615384615
-0.20652923076923077
-0.2591003076923077
-0.2764153846153846
-0.27140861538461536
-0.22342707692307692
-0.13059323076923077
-0.03775938461538462
0.038176615384615385
0.092208
0.12558646153846154
0.14331876923076922
0.13810338461538463
0.10764553846153846
0.05736923076923077
0.0025033846153846152
-0.03880246153846154
-0.054657230769230764
-0.04547815384615384
-0.031709538461538456
-0.02023569230769231
-0.0043809230769230765
0.01981846153846154
0.04714707692307692
0.06613107692307692
0.05570030769230769
0.02545107692307692
-0.006675692307692307
-0.03421292307692308
-0.044435076923076924
-0.0446436923076923
-0.03629907692307692
-0.005632615384615384
0.04109723076923077
0.10660246153846153
0.1873366153846154
0.2497126153846154
0.2870547692307692
0.2883064615384615
0.249504
0.1913003076923077
0.10389046153846154
-0.014811692307692307
-0.14436184615384615
-0.26494153846153845
-0.3456756923076923
-0.36611999999999995
-0.336288
-0.27432923076923077
-0.18253846153846154
-0.07155507692307693
0.04860738461538461
0.1704387692307692
0.2557624615384615
0.2849686153846154
0.2620209230769231
0.19526400000000002
0.1045163076923077
-0.0002086153846153846
-0.11494707692307692
-0.22447015384615385
-0.3095852307692307
-0.3454670769230769
-0.3246055384615385
-0.2588916923076923
-0.15896492307692306
-0.04631261538461538
0.0771876923076923
0.2021483076923077
0.30436984615384616
0.3780110769230769
0.4007501538461538
0.3698750769230769
0.2914356923076923
0.19213476923076922
0.0828203076923077
-0.03692492307692308
-0.13726892307692307
-0.21237046153846154
-0.2507556923076923
-0.2422024615384615
-0.19881046153846152
-0.13789476923076924
-0.06446215384615385
0.008344615384615384
0.08010830769230769
0.1422756923076923
0.17002153846153847
0.17169046153846151
0.14665661538461539
0.10368184615384615
0.051528
-0.002712
-0.04714707692307692
-0.0855323076923077
-0.1136953846153846
-0.1353913846153846
-0.15228923076923076
-0.16021661538461537
-0.17273353846153844
-0.1802436923076923
-0.1802436923076923
-0.1787833846153846
-0.16334584615384617
-0.13893784615384613
-0.10493353846153847
-0.05507446153846154
-0.0008344615384615384
0.058412307692307694
0.11473846153846154
0.14707384615384617
0.157296
0.14457046153846154
0.1151556923076923
0.07781353846153846
0.03859384615384615
-0.001043076923076923
-0.046104
-0.09283384615384616
-0.1341396923076923
-0.1597993846153846
-0.16230276923076925
-0.14832553846153845
-0.11974523076923077
-0.06675692307692307
-0.0025033846153846152
0.06216738461538462
0.1178676923076923
0.15625292307692307
0.17252492307692308
0.16251138461538459
0.13935507692307691
0.10472492307692308
0.058412307692307694
0.010639384615384617
-0.03984553846153846
-0.08073415384615384
-0.10889723076923077
-0.12975876923076923
-0.13935507692307691
-0.13998092307692306
-0.11974523076923077
-0.07802215384615384
-0.021278769230769233
0.0446436923076923
0.10263876923076923
0.1435273846153846
0.16772676923076923
0.18504184615384617
0.1869193846153846
0.1585476923076923
0.1045163076923077
0.033169846153846154
-0.03108369230769231
-0.08219446153846154
-0.12704676923076924
-0.15604430769230768
-0.1712732307692308
-0.1706473846153846
-0.14477907692307693
-0.09325107692307691
-0.027328615384615382
0.04631261538461538
0.12600369230769232
0.2021483076923077
0.2680707692307692
0.3141747692307692
0.328152
0.31396615384615384
0.27182584615384614
0.2075723076923077
0.12642092307692307
0.032544
-0.05048492307692308
-0.11765907692307691
-0.1691870769230769
-0.20173107692307693
-0.21299630769230768
-0.19818461538461538
-0.1531236923076923
-0.09095630769230768
-0.015228923076923076
0.06550523076923077
0.14394461538461537
0.22572184615384616
0.28246523076923075
0.3079163076923077
0.29456492307692306
0.24199384615384617
0.1635544615384615
0.054657230769230764
-0.06529661538461538
-0.19067446153846154
-0.2953993846153846
-0.36319938461538465
-0.3924055384615385
-0.36778892307692307
-0.301032
-0.19547261538461536
-0.06446215384615385
0.07739630769230768
0.22405292307692307
0.3467187692307692
0.4326683076923077
0.4748086153846154
0.46312615384615385
0.39595199999999997
0.27704123076923076
0.12788123076923075
-0.03024923076923077
-0.18066092307692305
-0.306456
-0.38948492307692306
-0.4216116923076923
-0.3980381538461538
-0.3285692307692308
-0.21633415384615384
-0.07364123076923076
0.06863446153846153
0.1927606153846154
0.2860116923076923
0.34046030769230773
0.3452584615384615
0.3087507692307692
0.23135446153846154
0.11891076923076922
-0.011473846153846154
-0.14018953846153845
-0.2497126153846154
-0.32898646153846156
-0.3675803076923077
-0.36778892307692307
-0.31500923076923076
-0.21988061538461537
-0.09700615384615385
0.04214030769230769
0.16418030769230768
0.26160369230769226
0.32210215384615387
0.3510996923076923
0.34630153846153844
0.3035353846153846
0.23969907692307693
0.15938215384615384
0.08031692307692308
0.012099692307692308
-0.03650769230769231
-0.06717415384615384
-0.08365476923076923
-0.084072
-0.07551876923076924
-0.05319692307692307
-0.01940123076923077
0.017940923076923077
0.05382276923076923
0.08636676923076922
0.12162276923076921
0.15938215384615384
0.1881710769230769
0.20360861538461536
0.19818461538461538
0.1777403076923077
0.14999446153846155
0.11181784615384616
0.05924676923076923
-0.007301538461538462
-0.07906523076923076
-0.146448
-0.1923433846153846
-0.20527753846153846
-0.19714153846153845
-0.16271999999999998
-0.10681107692307691
-0.040054153846153843
0.04819015384615385
0.12412615384615384
0.17690584615384616
0.19192615384615386
0.16710092307692306
0.12496061538461539
0.06529661538461538
0.0014603076923076922
-0.06654830769230768
-0.13455692307692307
-0.1846246153846154
-0.20527753846153846
-0.19171753846153847
-0.16167692307692308
-0.12642092307692307
-0.08115138461538463
-0.04526953846153846
-0.012308307692307691
0.024199384615384616
0.04172307692307692
0.03859384615384615
0.01710646153846154
-0.006049846153846154
-0.01043076923076923
-0.012308307692307691
-0.01272553846153846
-0.019192615384615384
-0.017315076923076923
0.007510153846153846
0.03588184615384615
0.0717636923076923
0.07843938461538462
0.06300184615384616
0.04380923076923077
0.024408000000000003
0.016480615384615385
-0.008136
-0.050067692307692306
-0.10472492307692308
-0.15625292307692307
-0.17648861538461538
-0.17732307692307692
-0.18316430769230768
-0.16209415384615386
-0.11557292307692307
-0.015228923076923076
0.11703323076923078
0.3022836923076923
0.499008
0.5138196923076923
0.5380190769230769
0.5119421538461538
0.4220289230769231
0.34984799999999994
0.1136953846153846
-0.116616
-0.3949089230769231
-0.5999778461538462
-0.6700726153846154
-0.7343261538461539
-0.6640227692307692
-0.5753612307692307
-0.3350363076923077
0.017315076923076923
0.3573581538461538
0.7389156923076923
0.9151956923076924
0.9857076923076923
0.957336
0.7543532307692307
0.5355156923076922
0.16459753846153846
-0.2371956923076923
-0.5615926153846154
-0.8866153846153845
-0.9888369230769231
-0.9396036923076923
-0.8079673846153845
-0.5350984615384615
-0.2805876923076923
0.02044430769230769
0.3131316923076923
0.5273796923076923
0.7255643076923077
0.7649926153846154
0.6892652307692307
0.546780923076923
0.33002953846153843
0.12329169230769231
-0.14811692307692306
-0.42995630769230764
-0.6581815384615385
-0.8296633846153846
-0.8392596923076923
-0.7787612307692308
-0.6606849230769232
-0.4551987692307692
-0.23761292307692305
0.04547815384615384
0.3202246153846154
0.5127766153846154
0.6757052307692307
0.7422535384615384
0.7422535384615384
0.7122129230769231
0.5832886153846154
0.40095876923076923
0.16251138461538459
-0.09095630769230768
-0.3148006153846154
-0.5161144615384615
-0.6469163076923078
-0.7088750769230768
-0.6504627692307692
-0.5052664615384616
-0.3114627692307692
-0.01981846153846154
0.2709913846153846
0.5355156923076922
0.761028923076923
0.8686744615384615
0.8899532307692308
0.7837679999999999
0.5703544615384616
0.3141747692307692
-0.007301538461538462
-0.30833353846153844
-0.5528307692307692
-0.7410018461538461
-0.8319581538461538
-0.8373821538461538
-0.7253556923076923
-0.5002596923076923
-0.21612553846153845
0.09074769230769231
0.3686233846153846
0.6060276923076923
0.7718769230769231
0.8142258461538462
0.7558135384615385
0.5757784615384615
0.31250584615384613
0.06008123076923077
-0.20256553846153844
-0.4072172307692307
-0.5465723076923077
-0.6323132307692307
-0.6066535384615385
-0.5238332307692307
-0.3713353846153846
-0.16105107692307694
0.03692492307692308
0.22321846153846153
0.37029230769230764
0.4650036923076923
0.4971304615384615
0.45311261538461534
0.37655076923076924
0.2561796923076923
0.11348676923076922
-0.021487384615384613
-0.15875630769230767
-0.24637476923076923
-0.30749907692307693
-0.3277347692307692
-0.28955815384615385
-0.24574892307692306
-0.16251138461538459
-0.06321046153846153
0.018358153846153843
0.09283384615384616
0.14394461538461537
0.1992276923076923
0.25555384615384613
0.27787569230769227
0.2724516923076923
0.23782153846153845
0.1858763076923077
0.12767261538461538
0.059038153846153844
-0.0029206153846153843
-0.07343261538461537
-0.14269292307692305
-0.19985353846153847
-0.25513661538461535
-0.2737033846153846
-0.2737033846153846
-0.24345415384615382
-0.1597993846153846
-0.07969107692307692
0.011891076923076923
0.1136953846153846
0.19881046153846152
0.28121353846153846
0.31500923076923076
0.3045784615384615
0.2647329230769231
0.1800350769230769
0.09325107692307691
0.005215384615384615
-0.07614461538461538
-0.12808984615384614
-0.1570873846153846
-0.14916
-0.10618523076923077
-0.04693846153846153
0.022947692307692308
0.07614461538461538
0.12391753846153845
0.15354092307692307
0.15208061538461537
0.15145476923076923
0.12433476923076923
0.0974233846153846
0.06300184615384616
0.018775384615384614
-0.0025033846153846152
-0.021487384615384613
-0.028788923076923077
-0.03692492307692308
-0.05111076923076923
-0.054240000000000003
-0.05069353846153846
-0.04547815384615384
-0.050067692307692306
-0.07468430769230769
-0.10201292307692307
-0.12350030769230769
-0.11724184615384614
-0.08740984615384616
-0.06341907692307691
-0.031918153846153846
0.004172307692307692
0.048816000000000005
0.0961716923076923
0.11807630769230769
0.12808984615384614
0.11995384615384615
0.09450276923076922
0.07510153846153846
0.049233230769230765
0.021696
-0.005215384615384615
-0.03650769230769231
-0.04944184615384615
-0.032544
0.0033378461538461535
0.04652123076923077
0.08490646153846154
0.12037107692307693
0.15479261538461536
0.18274707692307693
0.1942209230769231
0.16626646153846153
0.10806276923076923
0.022947692307692308
-0.07238953846153846
-0.14686523076923075
-0.2090326153846154
-0.25284184615384614
-0.27704123076923076
-0.2753723076923077
-0.21800307692307694
-0.12266584615384615
-0.010013538461538461
0.100344
0.1792006153846154
0.23385784615384617
0.2670276923076923
0.26786215384615386
0.22405292307692307
0.1397723076923077
0.02545107692307692
-0.09116492307692307
-0.17398523076923075
-0.22467876923076924
-0.24282830769230768
-0.222384
-0.17023015384615386
-0.09304246153846155
0.004798153846153846
0.09679753846153846
0.16438892307692307
0.19881046153846152
0.19317784615384614
0.1666836923076923
0.11765907692307691
0.05090215384615384
-0.021070153846153846
-0.09429415384615383
-0.15562707692307692
-0.1858763076923077
-0.18900553846153845
-0.16835261538461538
-0.13101046153846155
-0.10180430769230768
-0.06633969230769231
-0.028788923076923077
0.006884307692307692
0.03609046153846154
0.04965046153846154
0.05277969230769231
0.05194523076923077
0.06362769230769232
0.06195876923076923
0.04672984615384615
0.016897846153846156
-0.023782153846153845
-0.048816000000000005
-0.06800861538461538
-0.0717636923076923
-0.07739630769230768
-0.08448923076923077
-0.07635323076923077
-0.04985907692307692
0.008761846153846153
0.07906523076923076
0.1489513846153846
0.20444307692307692
0.24074215384615386
0.26494153846153845
0.26911384615384615
0.24074215384615386
0.17481969230769231
0.08574092307692306
-0.010848
-0.08949599999999999
-0.14269292307692305
-0.17669723076923077
-0.1883796923076923
-0.16480615384615382
-0.09533723076923077
0.010639384615384617
0.11891076923076922
0.20506892307692307
0.25930892307692305
0.2628553846153846
0.23364923076923078
0.18358153846153846
0.11202646153846153
0.020652923076923076
-0.08490646153846154
-0.17461107692307692
-0.2288510769230769
-0.2532590769230769
-0.24449723076923074
-0.21007569230769232
-0.16292861538461537
-0.09471138461538461
-0.025033846153846153
0.03775938461538462
0.08010830769230769
0.08949599999999999
0.0771876923076923
0.052153846153846155
0.043600615384615383
0.03880246153846154
0.027745846153846152
0.008970461538461538
-0.027328615384615382
-0.05528307692307692
-0.07405846153846153
-0.09450276923076922
-0.10764553846153846
-0.11724184615384614
-0.11411261538461538
-0.08031692307692308
-0.03421292307692308
0.02586830769230769
0.09095630769230768
0.15103753846153847
0.2138307692307692
0.25242461538461536
0.27140861538461536
0.26076923076923075
0.20778092307692309
0.13706030769230768
0.05653476923076922
-0.017315076923076923
-0.08073415384615384
-0.13351384615384615
-0.1696043076923077
-0.1856676923076923
-0.16418030769230768
-0.09930092307692308
-0.013768615384615384
0.08219446153846154
0.1637630769230769
0.21779446153846155
0.25305046153846156
0.2480436923076923
0.20986707692307693
0.1287156923076923
0.010848
-0.10514215384615383
-0.21007569230769232
-0.28955815384615385
-0.347136
-0.3721698461538462
-0.35965292307692304
-0.3047870769230769
-0.2059033846153846
-0.09012184615384615
0.02545107692307692
0.12621230769230768
0.20423446153846153
0.26681907692307694
0.30416123076923074
0.30270092307692303
0.2722430769230769
0.2075723076923077
0.13080184615384613
0.061124307692307686
-0.008344615384615384
-0.05778646153846154
-0.08761846153846153
-0.09950953846153845
-0.08699261538461538
-0.059664
-0.025033846153846153
0.013351384615384614
0.04714707692307692
0.07885661538461539
0.10493353846153847
0.124752
0.14144123076923076
0.1476996923076923
0.14311015384615386
0.12767261538461538
0.1178676923076923
0.09658892307692307
0.05048492307692308
0.0029206153846153843
-0.05653476923076922
-0.10722830769230769
-0.13935507692307691
-0.1696043076923077
-0.17231630769230769
-0.16313723076923078
-0.13768615384615385
-0.07927384615384615
-0.01940123076923077
0.05069353846153846
0.1151556923076923
0.14477907692307693
0.16105107692307694
0.16167692307692308
0.14978584615384616
0.12496061538461539
0.07677046153846154
0.022530461538461537
-0.033169846153846154
-0.08782707692307692
-0.13476553846153844
-0.16042523076923076
-0.15896492307692306
-0.13267938461538462
-0.08615815384615384
-0.018358153846153843
0.053614153846153846
0.10994030769230768
0.15208061538461537
0.17023015384615386
0.17982646153846152
0.17002153846153847
0.1368516923076923
0.08824430769230769
0.02315630769230769
-0.037967999999999995
-0.09450276923076922
-0.14018953846153845
-0.17982646153846152
-0.21132738461538458
-0.22697353846153845
-0.2275993846153846
-0.2059033846153846
-0.1787833846153846
-0.15792184615384616
-0.12955015384615384
-0.08344615384615384
-0.025659692307692307
0.03108369230769231
0.07551876923076924
0.10347323076923076
0.11160923076923077
0.09387692307692307
0.07155507692307693
0.035464615384615386
-0.02086153846153846
-0.08699261538461538
-0.16188553846153847
-0.20840676923076923
-0.2221753846153846
-0.21070153846153844
-0.16167692307692308
-0.0826116923076923
0.005215384615384615
0.09533723076923077
0.1476996923076923
0.18900553846153845
0.2125790769230769
0.21132738461538458
0.19693292307692306
0.1506203076923077
0.10952307692307692
0.07197230769230768
0.05298830769230769
0.07760492307692309
0.20924123076923076
0.18921415384615384
0.11828492307692307
0.12850707692307692
0.07280676923076923
0.1585476923076923
0.09074769230769231
-0.02086153846153846
-0.09408553846153846
-0.19964492307692308
-0.06592246153846154
-0.011891076923076923
0.051528
0.07301538461538462
0.042348923076923076
0.1990190769230769
0.2601433846153846
0.3588184615384616
0.3246055384615385
0.13247076923076923
0.06133292307692308
-0.09804923076923076
-0.14978584615384616
-0.18942276923076923
-0.30249230769230767
-0.23198030769230768
-0.2557624615384615
-0.21487384615384614
-0.03755076923076923
0.03984553846153846
0.2073636923076923
0.2574313846153846
0.23114584615384615
0.24449723076923074
0.14206707692307693
0.12725538461538463
0.07677046153846154
-0.06008123076923077
-0.16021661538461537
-0.25993476923076925
-0.20798953846153845
-0.12934153846153845
-0.10576799999999999
-0.04985907692307692
-0.04401784615384615
0.05319692307692307
0.1867107692307692
0.22342707692307692
0.2436627692307692
0.15896492307692306
0.07593599999999999
0.05570030769230769
-0.016897846153846156
-0.04172307692307692
-0.08031692307692308
-0.1356
-0.0897046153846154
-0.04756430769230769
0.0029206153846153843
0.037967999999999995
0.019192615384615384
0.010222153846153844
-0.02858030769230769
-0.06008123076923077
-0.08010830769230769
-0.08094276923076923
-0.042348923076923076
-0.051528
-0.010222153846153844
0.07113784615384615
0.1207883076923077
0.19526400000000002
0.18274707692307693
0.14665661538461539
0.11557292307692307
0.04526953846153846
0.02545107692307692
-0.03859384615384615
-0.10681107692307691
-0.1205796923076923
-0.13852061538461538
-0.10117846153846152
-0.08031692307692308
-0.07113784615384615
-0.006675692307692307
0.04756430769230769
0.10514215384615383
0.1136953846153846
0.09429415384615383
0.09846646153846153
0.052153846153846155
-0.0012516923076923076
-0.07301538461538462
-0.16042523076923076
-0.1829556923076923
-0.2090326153846154
-0.19818461538461538
-0.12120553846153845
-0.05757784615384615
0.045895384615384616
0.12224861538461537
0.14290153846153844
0.16897846153846155
0.1476996923076923
0.11098338461538461
0.03942830769230769
-0.06467076923076923
-0.14853415384615384
-0.2374043076923077
-0.25805723076923076
-0.23052
-0.18149538461538461
-0.0961716923076923
-0.04172307692307692
0.04526953846153846
0.13726892307692307
0.18983999999999998
0.23761292307692305
0.20423446153846153
0.14269292307692305
0.09909230769230769
0.03942830769230769
-0.006884307692307692
-0.07593599999999999
-0.13622584615384614
-0.12162276923076921
-0.07489292307692308
0.0043809230769230765
0.08156861538461539
0.12287446153846153
0.1783661538461538
0.21487384615384614
0.2453316923076923
0.2586830769230769
0.21716861538461538
0.15792184615384616
0.05298830769230769
-0.03775938461538462
-0.0880356923076923
-0.13226215384615383
-0.116616
-0.08594953846153845
-0.05090215384615384
0.021278769230769233
0.08907876923076924
0.18900553846153845
0.26494153846153845
0.2572227692307692
0.22864246153846152
0.1721076923076923
0.12704676923076924
0.09241661538461539
0.021070153846153846
-0.045060923076923075
-0.11286092307692308
-0.14144123076923076
-0.10535076923076922
-0.06863446153846153
-0.01940123076923077
0.010013538461538461
0.02753723076923077
0.06404492307692307
0.08386338461538462
0.1045163076923077
0.09116492307692307
0.06404492307692307
0.05924676923076923
0.04380923076923077
0.04109723076923077
0.049233230769230765
0.04902461538461538
0.03671630769230769
0.014185846153846153
0.005841230769230769
0.013351384615384614
0.0077187692307692304
-0.01710646153846154
-0.06216738461538462
-0.10535076923076922
-0.12391753846153845
-0.12099692307692309
-0.100344
-0.09262523076923077
-0.07927384615384615
-0.05570030769230769
-0.025033846153846153
0.013351384615384614
0.011682461538461537
-0.019609846153846155
-0.05611753846153846
-0.10555938461538462
-0.14790830769230767
-0.18712800000000002
-0.23448369230769228
-0.2618123076923077
-0.2605606153846154
-0.2157083076923077
-0.14519630769230768
-0.07405846153846153
0.0035464615384615383
0.06905169230769231
0.12537784615384615
0.157296
0.16584923076923075
0.15541846153846153
0.10076123076923077
0.024199384615384616
-0.05716061538461538
-0.12704676923076924
-0.17252492307692308
-0.19672430769230767
-0.17461107692307692
-0.11536430769230768
-0.03838523076923077
0.0678
0.17648861538461538
0.2716172307692308
0.330864
0.32606584615384615
0.2805876923076923
0.206112
0.111192
0.0016689230769230767
-0.10848000000000001
-0.192552
-0.24846092307692308
-0.2647329230769231
-0.25054707692307693
-0.21362215384615382
-0.14832553846153845
-0.08135999999999999
-0.026911384615384615
0.017523692307692306
0.04568676923076923
0.05236246153846154
0.0448523076923077
0.03379569230769231
0.01814953846153846
-0.015228923076923076
-0.05528307692307692
-0.08490646153846154
-0.0936683076923077
-0.08490646153846154
-0.07697907692307693
-0.06675692307692307
-0.054240000000000003
-0.037967999999999995
-0.02482523076923077
-0.010013538461538461
0.01668923076923077
0.05069353846153846
0.09095630769230768
0.1353913846153846
0.1792006153846154
0.20965846153846154
0.22321846153846153
0.2221753846153846
0.20006215384615383
0.15562707692307692
0.10159569230769232
0.047981538461538464
-0.006049846153846154
-0.06654830769230768
-0.10910584615384614
-0.11640738461538462
-0.10409907692307692
-0.06404492307692307
-0.013768615384615384
0.0448523076923077
0.11244369230769231
0.16626646153846153
0.21111876923076925
0.2209236923076923
0.19463815384615382
0.14582215384615385
0.07092923076923077
-0.006884307692307692
-0.08135999999999999
-0.15667015384615385
-0.20277415384615383
-0.20944984615384615
-0.17899199999999998
-0.11348676923076922
-0.04526953846153846
0.03442153846153846
0.1097316923076923
0.157296
0.184416
0.18066092307692305
0.15333230769230768
0.10576799999999999
0.04985907692307692
0.0008344615384615384
-0.04193169230769231
-0.07405846153846153
-0.09053907692307692
-0.09033046153846153
-0.07134646153846153
-0.040054153846153843
-0.003963692307692307
0.026494153846153844
0.03567323076923076
0.027328615384615382
0.015646153846153844
0.003963692307692307
-0.004172307692307692
-0.02482523076923077
-0.05236246153846154
-0.06154153846153846
-0.059872615384615385
-0.033169846153846154
0.0014603076923076922
0.027120000000000002
0.05048492307692308
0.05611753846153846
0.05194523076923077
0.040262769230769234
0.015437538461538461
-0.017315076923076923
-0.04714707692307692
-0.05590892307692308
-0.037342153846153844
-0.005841230769230769
0.03755076923076923
0.07823076923076923
0.10639384615384614
0.11724184615384614
0.1045163076923077
0.07489292307692308
0.02273907692307692
-0.04380923076923077
-0.10535076923076922
-0.14415323076923076
-0.15520984615384617
-0.13706030769230768
-0.09491999999999999
-0.028163076923076923
0.05528307692307692
0.14331876923076922
0.22551323076923077
0.2643156923076923
0.25930892307692305
0.2154996923076923
0.13601723076923075
0.04860738461538461
-0.05319692307692307
-0.14540492307692307
-0.20298276923076922
-0.22634769230769228
-0.19755876923076923
-0.13038461538461538
-0.03984553846153846
0.054657230769230764
0.13998092307692306
0.21174461538461536
0.2563883076923077
0.25764
0.21007569230769232
0.12767261538461538
0.022530461538461537
-0.07593599999999999
-0.1639716923076923
-0.23177169230769232
-0.2814221538461538
-0.31062830769230765
-0.301032
-0.26222953846153846
-0.1867107692307692
-0.09825784615384614
-0.01043076923076923
0.06133292307692308
0.10493353846153847
0.13038461538461538
0.12829846153846153
0.1097316923076923
0.06696553846153847
0.012308307692307691
-0.032544
-0.05799507692307692
-0.05590892307692308
-0.04693846153846153
-0.03442153846153846
-0.012516923076923077
0.018358153846153843
0.06404492307692307
0.11578153846153846
0.1504116923076923
0.16584923076923075
0.17690584615384616
0.18650215384615382
0.1923433846153846
0.18754523076923074
0.1733593846153846
0.15374953846153847
0.12996738461538462
0.11265230769230769
0.09137353846153846
0.061124307692307686
0.01668923076923077
-0.030875076923076922
-0.05862092307692307
-0.06049846153846154
-0.044435076923076924
-0.03045784615384615
-0.02044430769230769
-0.008344615384615384
0.02211323076923077
0.06800861538461538
0.11599015384615384
0.14540492307692307
0.14957723076923077
0.1422756923076923
0.13080184615384613
0.12955015384615384
0.11953661538461538
0.09387692307692307
0.05090215384615384
0.008970461538461538
-0.0035464615384615383
-0.012099692307692308
-0.01668923076923077
-0.027328615384615382
-0.03421292307692308
-0.015228923076923076
0.014811692307692307
0.06195876923076923
0.10347323076923076
0.1207883076923077
0.12934153846153845
0.12955015384615384
0.1207883076923077
0.10368184615384615
0.06133292307692308
0.017523692307692306
-0.016480615384615385
-0.044435076923076924
-0.05048492307692308
-0.05924676923076923
-0.07739630769230768
-0.0974233846153846
-0.1045163076923077
-0.09199938461538461
-0.06821723076923077
-0.055491692307692304
-0.059038153846153844
-0.06946892307692307
-0.08094276923076923
-0.08198584615384615
-0.09846646153846153
-0.1353913846153846
-0.17628
-0.15500123076923078
-0.09471138461538461
0.02023569230769231
0.184416
0.2872633846153846
0.40679999999999994
0.482736
0.5255021538461538
0.5163230769230769
0.37321292307692305
0.18754523076923074
-0.02211323076923077
-0.19609846153846153
-0.3483876923076923
-0.4456024615384615
-0.49024615384615383
-0.48649107692307686
-0.3652855384615385
-0.19317784615384614
0.01981846153846154
0.22697353846153845
0.3813489230769231
0.47606030769230767
0.48336184615384614
0.39344861538461534
0.24303692307692307
0.06654830769230768
-0.16334584615384617
-0.3675803076923077
-0.5250849230769231
-0.5937193846153845
-0.5223729230769231
-0.39011076923076926
-0.19526400000000002
0.0002086153846153846
0.1558356923076923
0.30249230769230767
0.376968
0.36403384615384615
0.2832996923076923
0.14206707692307693
0.02315630769230769
-0.05799507692307692
-0.11014892307692307
-0.15333230769230768
-0.21111876923076925
-0.2436627692307692
-0.2626467692307692
-0.25534523076923077
-0.25367630769230765
-0.2749550769230769
-0.2563883076923077
-0.22843384615384613
-0.19442953846153843
-0.154584
-0.14123261538461537
-0.11745046153846153
-0.09387692307692307
-0.06884307692307692
-0.0070929230769230765
0.06759138461538462
0.13768615384615385
0.19651569230769228
0.22989415384615383
0.21862892307692305
0.1794092307692308
0.10722830769230769
0.005215384615384615
-0.08574092307692306
-0.16000799999999998
-0.18712800000000002
-0.14206707692307693
-0.04047138461538462
0.08615815384615384
0.21821169230769227
0.34046030769230773
0.4493575384615385
0.5252935384615384
0.5292572307692308
0.46625538461538457
0.3565236923076923
0.22780799999999998
0.09909230769230769
-0.03629907692307692
-0.17398523076923075
-0.2832996923076923
-0.3425464615384616
-0.3440067692307692
-0.2891409230769231
-0.19609846153846153
-0.08887015384615385
0.033169846153846154
0.16835261538461538
0.2659846153846154
0.31834707692307695
0.31354892307692306
0.24700061538461537
0.1597993846153846
0.040054153846153843
-0.08094276923076923
-0.16876984615384616
-0.23364923076923078
-0.24428861538461538
-0.20277415384615383
-0.1289243076923077
-0.01814953846153846
0.09512861538461538
0.17148184615384612
0.21195323076923075
0.21195323076923075
0.1804523076923077
0.13309661538461537
0.06425353846153846
-0.01814953846153846
-0.09784061538461537
-0.15959076923076923
-0.18900553846153845
-0.18066092307692305
-0.15833907692307692
-0.13998092307692306
-0.10952307692307692
-0.07343261538461537
-0.03859384615384615
-0.008136
-0.014394461538461538
-0.04839876923076923
-0.09158215384615384
-0.14331876923076922
-0.1802436923076923
-0.21508246153846153
-0.252216
-0.25388492307692306
-0.22280123076923075
-0.16167692307692308
-0.08094276923076923
-0.0008344615384615384
0.07551876923076924
0.12308307692307692
0.14916
0.1435273846153846
0.10743692307692307
0.05716061538461538
-0.02586830769230769
-0.09575446153846154
-0.15145476923076923
-0.19442953846153843
-0.19004861538461537
-0.17252492307692308
-0.1341396923076923
-0.07489292307692308
-0.021487384615384613
0.04985907692307692
0.11432123076923076
0.14206707692307693
0.1504116923076923
0.13372246153846154
0.10889723076923077
0.09304246153846155
0.07343261538461537
0.05590892307692308
0.04756430769230769
0.052153846153846155
0.0609156923076923
0.06654830769230768
0.0744756923076923
0.073224
0.07072061538461538
0.07197230769230768
0.06863446153846153
0.07384984615384615
0.07405846153846153
0.07405846153846153
0.08761846153846153
0.09784061538461537
0.11640738461538462
0.14749107692307692
0.1794092307692308
0.21800307692307694
0.24741784615384615
0.24741784615384615
0.22405292307692307
0.1696043076923077
0.08115138461538463
-0.018983999999999997
-0.12412615384615384
-0.21800307692307694
-0.2926873846153846
-0.3421292307692308
-0.3513083076923077
-0.3202246153846154
-0.25054707692307693
-0.1614683076923077
-0.06717415384615384
0.010013538461538461
0.06258461538461538
0.09596307692307693
0.10222153846153846
0.08344615384615384
0.03775938461538462
-0.031918153846153846
-0.1028473846153846
-0.1614683076923077
-0.19735015384615384
-0.19505538461538463
-0.16292861538461537
-0.09825784615384614
-0.0022947692307692304
0.1045163076923077
0.20673784615384616
0.28392553846153845
0.32585723076923073
0.3342018461538461
0.3141747692307692
0.2641070769230769
0.19985353846153847
0.13059323076923077
0.06425353846153846
0.026076923076923077
0.012308307692307691
0.021904615384615383
0.05048492307692308
0.08031692307692308
0.10952307692307692
0.13226215384615383
0.14457046153846154
0.13893784615384613
0.10952307692307692
0.058412307692307694
-0.005215384615384615
-0.06216738461538462
-0.10138707692307691
-0.11223507692307692
-0.09471138461538461
-0.05820369230769231
-0.006258461538461538
0.06675692307692307
0.14603076923076924
0.20778092307692309
0.24011630769230768
0.2371956923076923
0.20402584615384614
0.14957723076923077
0.07405846153846153
-0.017523692307692306
-0.10868861538461538
-0.19004861538461537
-0.23928184615384615
-0.24470584615384613
-0.21320492307692307
-0.15228923076923076
-0.07113784615384615
0.014811692307692307
0.09784061538461537
0.1666836923076923
0.20778092307692309
0.22154953846153846
0.20339999999999997
0.1585476923076923
0.0974233846153846
0.028163076923076923
-0.04547815384615384
-0.10910584615384614
-0.15771323076923077
-0.18149538461538461
-0.17377661538461536
-0.14665661538461539
-0.10222153846153846
-0.059038153846153844
-0.016063384615384615
0.03150092307692308
0.07572738461538461
0.11703323076923078
0.1341396923076923
0.1218313846153846
0.09700615384615385
0.07051199999999999
0.055491692307692304
0.03859384615384615
0.022947692307692308
0.010013538461538461
-0.009596307692307692
-0.01668923076923077
-0.02273907692307692
-0.035255999999999996
-0.050067692307692306
-0.06362769230769232
-0.06467076923076923
-0.04985907692307692
-0.028163076923076923
-0.0033378461538461535
0.014394461538461538
0.015228923076923076
0.02211323076923077
0.04193169230769231
0.06154153846153846
0.07426707692307692
0.07134646153846153
0.05048492307692308
0.027120000000000002
0.003755076923076923
-0.021278769230769233
-0.0446436923076923
-0.06759138461538462
-0.07301538461538462
-0.05298830769230769
-0.021070153846153846
0.0043809230769230765
0.02795446153846154
0.06133292307692308
0.08907876923076924
0.12975876923076923
0.17481969230769231
0.19818461538461538
0.20235692307692305
0.18253846153846154
0.16981292307692308
0.14916
0.1045163076923077
0.04756430769230769
-0.022530461538461537
-0.0936683076923077
-0.1597993846153846
-0.20423446153846153
-0.22113230769230768
-0.21654276923076923
-0.1990190769230769
-0.16271999999999998
-0.10409907692307692
-0.03129230769230769
0.035255999999999996
0.06425353846153846
0.07343261538461537
0.06425353846153846
0.042974769230769226
0.014603076923076923
-0.04193169230769231
-0.111192
-0.1802436923076923
-0.22634769230769228
-0.2330233846153846
-0.21529107692307692
-0.18149538461538461
-0.14144123076923076
-0.0880356923076923
-0.004798153846153846
0.08073415384615384
0.15833907692307692
0.22676492307692306
0.2726603076923077
0.3049956923076923
0.317304
0.3039526153846154
0.2632726153846154
0.18900553846153845
0.09533723076923077
-0.003129230769230769
-0.0892873846153846
-0.15333230769230768
-0.20861538461538462
-0.25346769230769234
-0.2726603076923077
-0.25012984615384615
-0.1942209230769231
-0.11724184615384614
-0.02586830769230769
0.05674338461538461
0.12037107692307693
0.16751815384615384
0.19755876923076923
0.19380369230769232
0.15145476923076923
0.07677046153846154
-0.009596307692307692
-0.09095630769230768
-0.1710646153846154
-0.23239753846153846
-0.28476
-0.3133403076923077
-0.29227015384615385
-0.22947692307692308
-0.12245723076923076
0.0
0.11473846153846154
0.21654276923076923
0.29101846153846156
0.3375396923076923
0.33545353846153847
0.27432923076923077
0.17690584615384616
0.05528307692307692
-0.05674338461538461
-0.1506203076923077
-0.2221753846153846
-0.2578486153846154
-0.26160369230769226
-0.21862892307692305
-0.13768615384615385
-0.04109723076923077
0.05027630769230769
0.11494707692307692
0.16626646153846153
0.20861538461538462
0.22989415384615383
0.23406646153846156
0.20465169230769228
0.15082892307692305
0.08636676923076922
0.013560000000000001
-0.041514461538461535
-0.08594953846153845
-0.11473846153846154
-0.12391753846153845
-0.12308307692307692
-0.08657538461538461
-0.037342153846153844
0.005424
0.045895384615384616
0.06759138461538462
0.0855323076923077
0.09408553846153846
0.08469784615384615
0.05444861538461539
-0.0033378461538461535
-0.06258461538461538
-0.09784061538461537
-0.10806276923076923
-0.10243015384615384
-0.09179076923076923
-0.08156861538461539
-0.06258461538461538
-0.042557538461538466
-0.021904615384615383
-0.009804923076923077
-0.01043076923076923
-0.0077187692307692304
-0.0022947692307692304
0.020652923076923076
0.047981538461538464
0.06884307692307692
0.07572738461538461
0.06383630769230769
0.05090215384615384
0.026911384615384615
-0.005215384615384615
-0.05069353846153846
-0.10201292307692307
-0.132888
-0.1316363076923077
-0.10117846153846152
-0.051319384615384614
0.007927384615384614
0.05924676923076923
0.11327815384615383
0.13810338461538463
0.15520984615384617
0.1314276923076923
0.04047138461538462
-0.040679999999999994
-0.11745046153846153
-0.15208061538461537
-0.18379015384615385
-0.21842030769230766
-0.233232
-0.20256553846153844
-0.13393107692307693
0.04965046153846154
0.22175815384615383
0.16710092307692306
0.1869193846153846
0.1462393846153846
0.14665661538461539
0.21091015384615383
-0.003755076923076923
-0.1856676923076923
-0.4124326153846154
-0.4729310769230769
-0.33357600000000004
-0.27412061538461535
-0.13706030769230768
-0.12683815384615382
0.04985907692307692
0.34171199999999996
0.5421913846153846
0.7480947692307692
0.6387803076923076
0.5257107692307692
0.41013784615384613
0.20673784615384616
0.14081538461538462
-0.10389046153846154
-0.2939390769230769
-0.38301784615384615
-0.5463636923076923
-0.43809230769230767
-0.31250584615384613
-0.168144
0.07489292307692308
0.14436184615384615
0.2799618461538461
0.39365723076923076
0.4551987692307692
0.5534566153846153
0.44810584615384613
0.28476
0.09596307692307693
-0.07405846153846153
-0.11348676923076922
-0.22989415384615383
-0.3387913846153846
-0.4262012307692308
-0.4620830769230769
-0.295608
-0.15750461538461538
-0.043392
0.06946892307692307
0.11098338461538461
0.24574892307692306
0.344424
0.3510996923076923
0.3490135384615385
0.23469230769230767
0.14853415384615384
0.11306953846153844
0.024408000000000003
-0.04547815384615384
-0.15228923076923076
-0.2371956923076923
-0.2659846153846154
-0.26765353846153844
-0.21007569230769232
-0.14665661538461539
-0.028371692307692306
0.06258461538461538
0.12141415384615384
0.23886461538461537
0.29414769230769233
0.3452584615384615
0.3609046153846154
0.2724516923076923
0.21111876923076925
0.11286092307692308
0.0043809230769230765
-0.0826116923076923
-0.2157083076923077
-0.268488
-0.27599815384615384
-0.2561796923076923
-0.18712800000000002
-0.14144123076923076
-0.03379569230769231
0.11327815384615383
0.24887815384615386
0.33670523076923076
0.3327415384615385
0.3379569230769231
0.3229366153846154
0.2478350769230769
0.14916
-0.03963692307692308
-0.214248
-0.3187643076923077
-0.42474092307692307
-0.43809230769230767
-0.41305846153846154
-0.35860984615384617
-0.20861538461538462
-0.07364123076923076
0.09095630769230768
0.26869661538461537
0.3811403076923077
0.45373846153846153
0.442056
0.3752990769230769
0.2632726153846154
0.12204
0.006884307692307692
-0.12266584615384615
-0.2273907692307692
-0.30290953846153845
-0.34692738461538464
-0.29748553846153847
-0.23010276923076922
-0.12913292307692306
-0.0033378461538461535
0.09325107692307691
0.22822523076923076
0.3442153846153846
0.4072172307692307
0.40930338461538457
0.3202246153846154
0.20840676923076923
0.09971815384615385
-0.029414769230769227
-0.17481969230769231
-0.328152
-0.4470627692307692
-0.48607384615384613
-0.4616658461538461
-0.36945784615384614
-0.24491446153846153
-0.10848000000000001
0.030875076923076922
0.1341396923076923
0.23135446153846154
0.27599815384615384
0.2749550769230769
0.25555384615384613
0.16021661538461537
0.052153846153846155
-0.05027630769230769
-0.13872923076923074
-0.16230276923076925
-0.19296923076923078
-0.2194633846153846
-0.19693292307692306
-0.1397723076923077
-0.01710646153846154
0.10868861538461538
0.19797599999999999
0.26619323076923074
0.30061476923076924
0.3419206153846154
0.35694092307692304
0.34317230769230767
0.30207507692307695
0.21028430769230766
0.13601723076923075
0.06425353846153846
0.008344615384615384
-0.020027076923076922
-0.049233230769230765
-0.051319384615384614
-0.056951999999999996
-0.05862092307692307
-0.03129230769230769
-0.0004172307692307692
0.026285538461538457
0.03233538461538461
0.027745846153846152
0.04526953846153846
0.07405846153846153
0.09721476923076922
0.09137353846153846
0.052153846153846155
0.011265230769230769
-0.018983999999999997
-0.02753723076923077
-0.04672984615384615
-0.10096984615384616
-0.15082892307692305
-0.18921415384615384
-0.18170399999999998
-0.14018953846153845
-0.11411261538461538
-0.07238953846153846
-0.03108369230769231
0.006258461538461538
0.054657230769230764
0.07489292307692308
0.07781353846153846
0.06738276923076922
0.03629907692307692
0.016897846153846156
-0.006884307692307692
-0.029832
-0.046104
-0.07259815384615384
-0.08824430769230769
-0.09074769230769231
-0.07238953846153846
-0.033169846153846154
0.0002086153846153846
0.022530461538461537
0.03108369230769231
0.041514461538461535
0.06884307692307692
0.0988836923076923
0.12266584615384615
0.10848000000000001
0.073224
0.058412307692307694
0.05674338461538461
0.06070707692307692
0.05048492307692308
0.012934153846153845
-0.02315630769230769
-0.04756430769230769
-0.06529661538461538
-0.07238953846153846
-0.08636676923076922
-0.10013538461538461
-0.10514215384615383
-0.09554584615384615
-0.06216738461538462
-0.02044430769230769
0.021696
0.04109723076923077
0.03504738461538461
0.02273907692307692
-0.003963692307692307
-0.04172307692307692
-0.09429415384615383
-0.16251138461538459
-0.21800307692307694
-0.25471938461538457
-0.2540935384615385
-0.20819815384615384
-0.14311015384615386
-0.07197230769230768
-0.003129230769230769
0.06988615384615385
0.13768615384615385
0.1785747692307692
0.17711446153846155
0.1397723076923077
0.09471138461538461
0.05048492307692308
0.015020307692307692
-0.015646153846153844
-0.040262769230769234
-0.04672984615384615
-0.03629907692307692
-0.013768615384615384
0.0070929230769230765
0.011891076923076923
0.005424
0.003755076923076923
0.005841230769230769
0.01272553846153846
0.025033846153846153
0.028163076923076923
0.02586830769230769
0.023990769230769232
0.024199384615384616
0.021904615384615383
0.008136
-0.014811692307692307
-0.046104
-0.07948246153846153
-0.09283384615384616
-0.09283384615384616
-0.09116492307692307
-0.08469784615384615
-0.08365476923076923
-0.061750153846153844
-0.019609846153846155
0.025033846153846153
0.08073415384615384
0.12370892307692308
0.16063384615384615
0.1992276923076923
0.21529107692307692
0.21508246153846153
0.18358153846153846
0.116616
0.042348923076923076
-0.029206153846153847
-0.06821723076923077
-0.08010830769230769
-0.07697907692307693
-0.04756430769230769
0.006884307692307692
0.08824430769230769
0.17628
0.2399076923076923
0.2709913846153846
0.2578486153846154
0.2125790769230769
0.1558356923076923
0.07802215384615384
-0.011682461538461537
-0.10827138461538462
-0.18879692307692306
-0.22968553846153844
-0.23490092307692306
-0.20381723076923075
-0.14936861538461538
-0.08386338461538462
-0.0043809230769230765
0.07051199999999999
0.12850707692307692
0.165432
0.1543753846153846
0.11703323076923078
0.06404492307692307
0.004172307692307692
-0.04839876923076923
-0.10159569230769232
-0.13706030769230768
-0.15938215384615384
-0.15541846153846153
-0.11807630769230769
-0.07301538461538462
-0.03066646153846154
-0.0012516923076923076
0.014603076923076923
0.03629907692307692
0.053405538461538456
0.05799507692307692
0.056951999999999996
0.03838523076923077
0.024199384615384616
0.02023569230769231
0.014394461538461538
0.012934153846153845
-0.0016689230769230767
-0.016897846153846156
-0.017315076923076923
-0.0016689230769230767
0.021278769230769233
0.030875076923076922
0.03442153846153846
0.03233538461538461
0.043392
0.06759138461538462
0.08761846153846153
0.10389046153846154
0.111192
0.12412615384615384
0.14039815384615384
0.15166338461538462
0.15500123076923078
0.13914646153846155
0.10660246153846153
0.06675692307692307
0.024616615384615383
-0.016897846153846156
-0.055491692307692304
-0.08699261538461538
-0.09241661538461539
-0.06008123076923077
-0.0025033846153846152
0.07092923076923077
0.14603076923076924
0.20173107692307693
0.23072861538461537
0.2342750769230769
0.21007569230769232
0.15562707692307692
0.07113784615384615
-0.02482523076923077
-0.11056615384615384
-0.17481969230769231
-0.20402584615384614
-0.20027076923076922
-0.1639716923076923
-0.09658892307692307
-0.008344615384615384
0.08323753846153846
0.1710646153846154
0.23260615384615385
0.2572227692307692
0.25951753846153847
0.23448369230769228
0.19296923076923078
0.12829846153846153
0.04631261538461538
-0.03400430769230769
-0.10618523076923077
-0.14749107692307692
-0.16042523076923076
-0.14832553846153845
-0.12120553846153845
-0.092208
-0.05069353846153846
-0.006049846153846154
0.03775938461538462
0.06926030769230769
0.07301538461538462
0.054240000000000003
0.01043076923076923
-0.042557538461538466
-0.10138707692307691
-0.15896492307692306
-0.20819815384615384
-0.24032492307692307
-0.22676492307692306
-0.18066092307692305
-0.11599015384615384
-0.03942830769230769
0.04276615384615385
0.12245723076923076
0.1829556923076923
0.2154996923076923
0.20944984615384615
0.1777403076923077
0.119328
0.06362769230769232
0.02044430769230769
-0.021278769230769233
-0.03775938461538462
-0.051319384615384614
-0.044435076923076924
-0.020652923076923076
0.002086153846153846
0.03921969230769231
0.06300184615384616
0.08824430769230769
0.11828492307692307
0.13518276923076925
0.15270646153846154
0.15270646153846154
0.132888
0.1045163076923077
0.05444861538461539
0.003755076923076923
-0.047772923076923074
-0.0936683076923077
-0.12516923076923075
-0.143736
-0.14749107692307692
-0.16647507692307692
-0.16751815384615384
-0.1802436923076923
-0.20193969230769232
-0.22968553846153844
-0.25930892307692305
-0.25054707692307693
-0.20027076923076922
-0.08594953846153845
0.10576799999999999
0.3846867692307692
0.5538738461538462
0.7261901538461538
0.8784793846153847
0.9168646153846153
0.9473224615384616
0.7658270769230768
0.5029716923076922
0.13518276923076925
-0.2780843076923077
-0.6099913846153846
-0.9700615384615384
-1.1880646153846153
-1.3188664615384615
-1.256281846153846
-0.9677667692307692
-0.5778646153846153
-0.028788923076923077
0.46667261538461535
0.9099803076923076
1.2669212307692306
1.4023126153846155
1.3868750769230769
1.1236024615384614
0.6836326153846153
0.18066092307692305
-0.42953907692307686
-0.931259076923077
-1.2773519999999998
-1.4897224615384614
-1.4582215384615382
-1.312608
-1.0030227692307692
-0.5661821538461538
-0.0855323076923077
0.46583815384615385
0.9124836923076923
1.2262412307692308
1.386249230769231
1.3635101538461536
1.2229033846153847
0.8934996923076922
0.43016492307692306
-0.06800861538461538
-0.5734836923076922
-0.9454449230769231
-1.1964092307692307
-1.3167803076923077
-1.2575335384615385
-1.0868861538461538
-0.7791784615384616
-0.3909452307692307
-0.00855323076923077
0.39365723076923076
0.7351606153846154
0.998016
1.1918196923076922
1.2354203076923076
1.1615704615384614
0.9402295384615384
0.6024812307692308
0.20965846153846154
-0.2355267692307692
-0.6385716923076923
-0.9825784615384614
-1.214558769230769
-1.3059323076923077
-1.279438153846154
-1.059348923076923
-0.6946892307692308
-0.25012984615384615
0.25534523076923077
0.7128387692307692
1.11192
1.3927163076923077
1.4865932307692307
1.416289846153846
1.1313212307692306
0.7134646153846153
0.235944
-0.2897667692307692
-0.7858541538461539
-1.2105950769230769
-1.4865932307692307
-1.5646153846153845
-1.4413236923076924
-1.1290264615384615
-0.6838412307692308
-0.14123261538461537
0.4355889230769231
0.9412726153846153
1.3336781538461537
1.5443796923076922
1.5304024615384615
1.327211076923077
0.9297987692307691
0.43579753846153846
-0.07238953846153846
-0.5691027692307692
-0.9542067692307693
-1.2158104615384615
-1.3330523076923075
-1.2560732307692308
-1.0130363076923077
-0.6423267692307693
-0.2073636923076923
0.23677846153846152
0.6356510769230769
0.955667076923077
1.174921846153846
1.2462683076923076
1.1619876923076922
0.9275039999999999
0.5945538461538461
0.23177169230769232
-0.13789476923076924
-0.4685501538461538
-0.7341175384615384
-0.9206196923076923
-0.9836215384615384
-0.9189507692307692
-0.7535187692307692
-0.5257107692307692
-0.27182584615384614
-0.004798153846153846
0.2655673846153846
0.4977563076923077
0.663396923076923
0.7449655384615385
0.7341175384615384
0.6508799999999999
0.5094387692307691
0.34275507692307694
0.15270646153846154
-0.05236246153846154
-0.2563883076923077
-0.452904
-0.5870436923076923
-0.6558867692307692
-0.656304
-0.5824541538461538
-0.4698018461538461
-0.2951907692307692
-0.06738276923076922
0.1829556923076923
0.443724923076923
0.649211076923077
0.7745889230769232
0.8290375384615384
0.7956590769230768
0.688848
0.508187076923077
0.25930892307692305
-0.02086153846153846
-0.301032
-0.5282141538461538
-0.6926030769230769
-0.7871058461538462
-0.7829335384615385
-0.6992787692307693
-0.5311347692307692
-0.28809784615384615
-0.017940923076923077
0.2638984615384615
0.5002596923076923
0.672576
0.7731286153846153
0.7722941538461539
0.6890566153846153
0.5177833846153846
0.2830910769230769
0.01814953846153846
-0.23448369230769228
-0.42599261538461536
-0.5547083076923077
-0.6106172307692308
-0.5991433846153846
-0.5334295384615384
-0.4086775384615385
-0.24178523076923078
-0.04819015384615385
0.14206707692307693
0.28934953846153844
0.3984553846153846
0.45373846153846153
0.44351630769230765
0.3750904615384615
0.25159015384615385
0.11056615384615384
-0.03421292307692308
-0.17523692307692307
-0.2887236923076923
-0.3838523076923077
-0.44810584615384613
-0.47084492307692305
-0.4551987692307692
-0.39303138461538456
-0.3148006153846154
-0.23093723076923076
-0.1287156923076923
-0.019192615384615384
0.09992676923076924
0.2154996923076923
0.31125415384615385
0.37321292307692305
0.3844781538461538
0.3567323076923076
0.28163076923076924
0.15687876923076924
0.004589538461538461
-0.16334584615384617
-0.3170953846153846
-0.43704923076923075
-0.5075612307692308
-0.5046406153846154
-0.4401784615384615
-0.3193901538461538
-0.14582215384615385
0.06279323076923077
0.27704123076923076
0.45791076923076923
0.5764043076923077
0.628140923076923
0.6108258461538462
0.5198695384615385
0.3571495384615384
0.14853415384615384
-0.06821723076923077
-0.2724516923076923
-0.4182738461538461
-0.49358399999999997
-0.5094387692307691
-0.46104
-0.3642424615384615
-0.21696000000000001
-0.027120000000000002
0.1704387692307692
0.34233784615384616
0.45332123076923075
0.49274953846153846
0.48044123076923073
0.41681353846153846
0.31125415384615385
0.1721076923076923
0.004798153846153846
-0.14582215384615385
-0.25701415384615384
-0.3127144615384615
-0.3229366153846154
-0.2995716923076923
-0.23531815384615382
-0.14018953846153845
-0.022947692307692308
0.0936683076923077
0.19317784615384614
0.2582658461538461
0.2707827692307692
0.25534523076923077
0.2424110769230769
0.2288510769230769
0.20694646153846152
0.1656406153846154
0.11452984615384615
0.07697907692307693
0.04568676923076923
0.014185846153846153
-0.018358153846153843
-0.059872615384615385
-0.0892873846153846
-0.08824430769230769
-0.06216738461538462
-0.0070929230769230765
0.046104
0.08887015384615385
0.13664307692307692
0.18086953846153844
0.23093723076923076
0.26723630769230766
0.27140861538461536
0.25138153846153843
0.20444307692307692
0.15562707692307692
0.10806276923076923
0.05611753846153846
-0.003755076923076923
-0.07969107692307692
-0.1397723076923077
-0.17461107692307692
-0.18963138461538462
-0.1856676923076923
-0.16793538461538463
-0.12266584615384615
-0.05319692307692307
0.031709538461538456
0.11411261538461538
0.16710092307692306
0.1923433846153846
0.18754523076923074
0.16167692307692308
0.12245723076923076
0.053614153846153846
-0.03024923076923077
-0.11411261538461538
-0.1733593846153846
-0.18337292307692307
-0.15270646153846154
-0.09074769230769231
-0.00855323076923077
0.08115138461538463
0.16626646153846153
0.23949046153846154
0.2764153846153846
0.2689052307692308
0.2138307692307692
0.13267938461538462
0.058412307692307694
-0.009804923076923077
-0.06362769230769232
-0.10347323076923076
-0.12266584615384615
-0.11578153846153846
-0.08198584615384615
-0.030875076923076922
0.015020307692307692
0.03045784615384615
0.021487384615384613
-0.0016689230769230767
-0.040262769230769234
-0.08991323076923076
-0.16251138461538459
-0.24011630769230768
-0.30666461538461537
-0.34984799999999994
-0.3542289230769231
-0.33002953846153843
-0.2737033846153846
-0.1913003076923077
-0.08720123076923077
0.03942830769230769
0.15124615384615384
0.22447015384615385
0.249504
0.21988061538461537
0.14916
0.05403138461538461
-0.05111076923076923
-0.15938215384615384
-0.2591003076923077
-0.32085046153846153
-0.32377107692307694
-0.27412061538461535
-0.18191261538461537
-0.07072061538461538
0.05048492307692308
0.165432
0.2601433846153846
0.33587076923076925
0.36299076923076923
0.33670523076923076
0.27140861538461536
0.18921415384615384
0.11828492307692307
0.058412307692307694
-0.0018775384615384615
-0.05277969230769231
-0.08031692307692308
-0.08615815384615384
-0.06154153846153846
-0.023990769230769232
0.012934153846153845
0.04401784615384615
0.06404492307692307
0.09095630769230768
0.11411261538461538
0.13038461538461538
0.13309661538461537
0.11745046153846153
0.09909230769230769
0.0855323076923077
0.07969107692307692
0.0678
0.044435076923076924
0.017315076923076923
0.0002086153846153846
-0.0070929230769230765
-0.003129230769230769
-0.0014603076923076922
-0.006258461538461538
-0.006049846153846154
0.0050067692307692304
0.04318338461538461
0.084072
0.11473846153846154
0.14185846153846154
0.165432
0.19046584615384615
0.20360861538461536
0.18629353846153843
0.13706030769230768
0.05444861538461539
-0.038176615384615385
-0.1097316923076923
-0.16897846153846155
-0.2075723076923077
-0.22864246153846152
-0.22175815384615383
-0.17231630769230769
-0.10096984615384616
-0.014603076923076923
0.06341907692307691
0.11745046153846153
0.14144123076923076
0.13914646153846155
0.12266584615384615
0.078648
0.015646153846153844
-0.05090215384615384
-0.11828492307692307
-0.17565415384615385
-0.21925476923076925
-0.2399076923076923
-0.23928184615384615
-0.22989415384615383
-0.19839323076923077
-0.15500123076923078
-0.11327815384615383
-0.07489292307692308
-0.06529661538461538
-0.06988615384615385
-0.07134646153846153
-0.06884307692307692
-0.05048492307692308
-0.03629907692307692
-0.02357353846153846
0.003129230769230769
0.027745846153846152
0.059038153846153844
0.08323753846153846
0.07656184615384615
0.040262769230769234
-0.025033846153846153
-0.0855323076923077
-0.13309661538461537
-0.17815753846153848
-0.2125790769230769
-0.22572184615384616
-0.22321846153846153
-0.19881046153846152
-0.13351384615384615
-0.02899753846153846
0.086784
0.1867107692307692
0.2641070769230769
0.32961230769230765
0.40033292307692303
0.4522781538461538
0.485448
0.38719015384615385
0.19526400000000002
0.008970461538461538
-0.1777403076923077
-0.24846092307692308
-0.3919883076923077
-0.5200781538461539
-0.552204923076923
-0.5259193846153846
-0.290184
-0.092208
0.1097316923076923
0.2509643076923077
0.3241883076923077
0.4750172307692308
0.4912892307692307
0.4593710769230769
0.2799618461538461
-0.0008344615384615384
-0.18650215384615382
-0.39052800000000004
-0.4622916923076923
-0.4743913846153846
-0.4746
-0.31897292307692304
-0.17252492307692308
0.03609046153846154
0.2828824615384615
0.41535323076923075
0.5361415384615384
0.500676923076923
0.3707095384615384
0.25367630769230765
0.06446215384615385
-0.040679999999999994
-0.146448
-0.2563883076923077
-0.28788923076923073
-0.30583015384615386
-0.2075723076923077
-0.0961716923076923
-0.03963692307692308
0.02524246153846154
0.03859384615384615
0.09199938461538461
0.13622584615384614
0.09763200000000001
0.06300184615384616
-0.018358153846153843
-0.06571384615384615
-0.058829538461538454
-0.06675692307692307
-0.026702769230769228
0.017315076923076923
0.07697907692307693
0.18212123076923076
0.23260615384615385
0.2517987692307692
0.22989415384615383
0.13872923076923074
0.05590892307692308
-0.052571076923076915
-0.14290153846153844
-0.1923433846153846
-0.19735015384615384
-0.12287446153846153
-0.02586830769230769
0.12162276923076921
0.2799618461538461
0.4076344615384615
0.5061009230769231
0.5123593846153845
0.47021907692307696
0.3819747692307692
0.23406646153846156
0.0974233846153846
-0.05319692307692307
-0.173568
-0.23928184615384615
-0.2791273846153846
-0.24908676923076922
-0.1990190769230769
-0.10952307692307692
0.02023569230769231
0.12037107692307693
0.19359507692307693
0.20673784615384616
0.18525046153846153
0.15187199999999998
0.07489292307692308
-0.016897846153846156
-0.12642092307692307
-0.22300984615384614
-0.24741784615384615
-0.23239753846153846
-0.17085599999999998
-0.08031692307692308
-0.003963692307692307
0.09158215384615384
0.154584
0.17148184615384612
0.16084246153846155
0.09971815384615385
0.03588184615384615
-0.04193169230769231
-0.1178676923076923
-0.15959076923076923
-0.17440246153846153
-0.13267938461538462
-0.06425353846153846
0.011473846153846154
0.0826116923076923
0.1178676923076923
0.1462393846153846
0.14874276923076923
0.10597661538461538
0.0448523076923077
-0.05716061538461538
-0.15333230769230768
-0.214248
-0.25117292307692307
-0.23636123076923077
-0.20381723076923075
-0.13872923076923074
-0.027745846153846152
0.0892873846153846
0.20673784615384616
0.29685969230769227
0.34358953846153845
0.3410861538461538
0.27140861538461536
0.16084246153846155
0.02315630769230769
-0.12454338461538461
-0.2453316923076923
-0.34943076923076927
-0.40617415384615385
-0.3909452307692307
-0.3060387692307692
-0.1506203076923077
0.007510153846153846
0.14811692307692306
0.27182584615384614
0.35297723076923077
0.40283630769230766
0.38760738461538463
0.2916443076923077
0.1570873846153846
0.007301538461538462
-0.1045163076923077
-0.16793538461538463
-0.2073636923076923
-0.2056947692307692
-0.1704387692307692
-0.09450276923076922
0.023782153846153845
0.1353913846153846
0.22864246153846152
0.2774584615384615
0.2757895384615385
0.26160369230769226
0.22426153846153846
0.18107815384615383
0.12558646153846154
0.05736923076923077
0.014603076923076923
-0.01272553846153846
0.0025033846153846152
0.04401784615384615
0.07906523076923076
0.10555938461538462
0.10201292307692307
0.103056
0.11306953846153844
0.10389046153846154
0.06133292307692308
-0.00855323076923077
-0.08094276923076923
-0.1395636923076923
-0.1612596923076923
-0.1502030769230769
-0.12850707692307692
-0.10785415384615385
-0.07051199999999999
-0.014185846153846153
0.03859384615384615
0.06070707692307692
0.03838523076923077
-0.001043076923076923
-0.049233230769230765
-0.09158215384615384
-0.12934153846153845
-0.165432
-0.17628
-0.1558356923076923
-0.09137353846153846
0.0
0.09825784615384614
0.1883796923076923
0.24992123076923078
0.2828824615384615
0.2853858461538461
0.2647329230769231
0.2194633846153846
0.13914646153846155
0.03755076923076923
-0.06195876923076923
-0.13852061538461538
-0.17586276923076924
-0.1777403076923077
-0.154584
-0.11223507692307692
-0.05111076923076923
0.02545107692307692
0.10952307692307692
0.18149538461538461
0.2225926153846154
0.22467876923076924
0.19004861538461537
0.14185846153846154
0.08720123076923077
0.025033846153846153
-0.03504738461538461
-0.08094276923076923
-0.1097316923076923
-0.12496061538461539
-0.12808984615384614
-0.1287156923076923
-0.119328
-0.09596307692307693
-0.06821723076923077
-0.03337846153846154
-0.010639384615384617
0.003755076923076923
0.02315630769230769
0.030040615384615384
0.045895384615384616
0.05736923076923077
0.040054153846153843
0.019609846153846155
-0.0077187692307692304
-0.029414769230769227
-0.053614153846153846
-0.09491999999999999
-0.13038461538461538
-0.16793538461538463
-0.1927606153846154
-0.19505538461538463
-0.18316430769230768
-0.14916
-0.10535076923076922
-0.04902461538461538
0.021487384615384613
0.0853236923076923
0.14707384615384617
0.18525046153846153
0.18212123076923076
0.15813046153846153
0.10660246153846153
0.04902461538461538
-0.010848
-0.09450276923076922
-0.1693956923076923
-0.23156307692307693
-0.25847446153846154
-0.23886461538461537
-0.19192615384615386
-0.10326461538461539
0.005215384615384615
0.12516923076923075
0.24032492307692307
0.31646953846153847
0.34296369230769225
0.31041969230769234
0.23135446153846154
0.13706030769230768
0.026494153846153844
-0.09179076923076923
-0.206112
-0.30436984615384616
-0.35568923076923076
-0.3642424615384615
-0.330864
-0.2716172307692308
-0.19860184615384616
-0.10430769230769231
-0.0016689230769230767
0.09137353846153846
0.16584923076923075
0.21466523076923077
0.23239753846153846
0.23615261538461538
0.21967199999999998
0.16647507692307692
0.084072
-0.009596307692307692
-0.09158215384615384
-0.15228923076923076
-0.1785747692307692
-0.16292861538461537
-0.12204
-0.06154153846153846
0.01043076923076923
0.09554584615384615
0.1883796923076923
0.2641070769230769
0.31918153846153846
0.33941723076923075
0.33899999999999997
0.3225193846153846
0.27704123076923076
0.21633415384615384
0.13101046153846155
0.031918153846153846
-0.0771876923076923
-0.1842073846153846
-0.2730775384615384
-0.35193415384615384
-0.40513107692307687
-0.42077723076923074
-0.3750904615384615
-0.26118646153846153
-0.1178676923076923
0.02795446153846154
0.16105107692307694
0.2647329230769231
0.32961230769230765
0.34275507692307694
0.29748553846153847
0.19588984615384614
0.051319384615384614
-0.10994030769230768
-0.2509643076923077
-0.34963938461538463
-0.4017932307692308
-0.39970707692307694
-0.3392086153846154
-0.222384
-0.0609156923076923
0.11557292307692307
0.2730775384615384
0.3882332307692308
0.44998338461538456
0.45978830769230766
0.41493599999999997
0.32377107692307694
0.20152246153846154
0.06550523076923077
-0.07468430769230769
-0.1913003076923077
-0.25764
-0.28851507692307693
-0.2870547692307692
-0.26118646153846153
-0.19714153846153845
-0.10117846153846152
-0.0033378461538461535
0.09283384615384616
0.16042523076923076
0.19359507692307693
0.19380369230769232
0.17231630769230769
0.14290153846153844
0.08991323076923076
0.021904615384615383
-0.04109723076923077
-0.08615815384615384
-0.09679753846153846
-0.09408553846153846
-0.092208
-0.08115138461538463
-0.06467076923076923
-0.02357353846153846
0.026702769230769228
0.07051199999999999
0.1028473846153846
0.11599015384615384
0.13101046153846155
0.1449876923076923
0.15875630769230767
0.15103753846153847
0.11828492307692307
0.07218092307692307
0.016063384615384615
-0.02858030769230769
-0.06571384615384615
-0.09679753846153846
-0.12329169230769231
-0.1356
-0.12391753846153845
-0.08991323076923076
-0.040054153846153843
0.0077187692307692304
0.04985907692307692
0.08782707692307692
0.12204
0.15541846153846153
0.168144
0.15270646153846154
0.12350030769230769
0.092208
0.06571384615384615
0.03400430769230769
-0.013560000000000001
-0.06613107692307692
-0.11432123076923076
-0.14477907692307693
-0.14290153846153844
-0.11849353846153846
-0.073224
-0.018775384615384614
0.03880246153846154
0.10117846153846152
0.15354092307692307
0.1883796923076923
0.19004861538461537
0.15520984615384617
0.092208
0.019192615384615384
-0.04756430769230769
-0.111192
-0.17315076923076922
-0.22300984615384614
-0.2453316923076923
-0.23156307692307693
-0.18212123076923076
-0.10806276923076923
-0.02524246153846154
0.05778646153846154
0.13852061538461538
0.20778092307692309
0.2482523076923077
0.24866953846153847
0.21007569230769232
0.15270646153846154
0.08740984615384616
0.025033846153846153
-0.029623384615384614
-0.06842584615384616
-0.08177723076923075
-0.06446215384615385
-0.016480615384615385
0.043600615384615383
0.10827138461538462
0.16188553846153847
0.20131384615384615
0.21320492307692307
0.184416
0.11891076923076922
0.02044430769230769
-0.10535076923076922
-0.20235692307692305
-0.21904615384615383
-0.18212123076923076
-0.07426707692307692
0.05194523076923077
0.18170399999999998
0.3456756923076923
0.47418276923076924
0.5751526153846154
0.5607581538461538
0.43976123076923074
0.2601433846153846
0.047772923076923074
-0.11077476923076923
-0.31772123076923076
-0.45707630769230767
-0.5419827692307692
-0.5544996923076924
-0.4011673846153846
-0.22467876923076924
0.013560000000000001
0.22488738461538463
0.4011673846153846
0.547824
0.5797421538461539
0.5421913846153846
0.38343507692307693
0.14853415384615384
-0.1207883076923077
-0.38593846153846156
-0.5490756923076923
-0.6314787692307692
-0.6045673846153846
-0.4883686153846154
-0.32982092307692307
-0.12162276923076921
0.07343261538461537
0.24679199999999998
0.3675803076923077
0.3713353846153846
0.3129230769230769
0.21675138461538462
0.11432123076923076
0.026285538461538457
-0.08010830769230769
-0.17315076923076922
-0.24324553846153843
-0.27140861538461536
-0.25930892307692305
-0.23385784615384617
-0.20861538461538462
-0.18983999999999998
-0.14603076923076924
-0.07489292307692308
-0.007510153846153846
0.03859384615384615
0.040262769230769234
0.01814953846153846
0.016480615384615385
0.011891076923076923
0.015646153846153844
0.030040615384615384
0.04860738461538461
0.08469784615384615
0.10597661538461538
0.10076123076923077
0.07155507692307693
-0.0070929230769230765
-0.1178676923076923
-0.22467876923076924
-0.3212676923076923
-0.36674584615384614
-0.3584012307692308
-0.2916443076923077
-0.16793538461538463
-0.017940923076923077
0.15750461538461538
0.3141747692307692
0.4280787692307692
0.46688123076923077
0.4141015384615384
0.3229366153846154
0.192552
0.03859384615384615
-0.11035753846153845
-0.2517987692307692
-0.33295015384615384
-0.35005661538461535
-0.3195987692307692
-0.23510953846153848
-0.1289243076923077
-0.0029206153846153843
0.132888
0.26494153846153845
0.36611999999999995
0.4141015384615384
0.41994276923076923
0.36549415384615386
0.27558092307692306
0.15687876923076924
0.011473846153846154
-0.1151556923076923
-0.21341353846153846
-0.26640184615384616
-0.2557624615384615
-0.20506892307692307
-0.11953661538461538
-0.018775384615384614
0.06070707692307692
0.11953661538461538
0.14916
0.14832553846153845
0.12162276923076921
0.056951999999999996
-0.014185846153846153
-0.06613107692307692
-0.08949599999999999
-0.06905169230769231
-0.029623384615384614
0.015646153846153844
0.05048492307692308
0.08720123076923077
0.13726892307692307
0.15833907692307692
0.1395636923076923
0.07781353846153846
0.005841230769230769
-0.05507446153846154
-0.1097316923076923
-0.12788123076923075
-0.12934153846153845
-0.12162276923076921
-0.08198584615384615
-0.008136
0.09012184615384615
0.165432
0.20548615384615385
0.21633415384615384
0.19192615384615386
0.13664307692307692
0.051319384615384614
-0.04944184615384615
-0.15604430769230768
-0.26097784615384617
-0.33670523076923076
-0.36966646153846155
-0.36570276923076916
-0.3095852307692307
-0.22864246153846152
-0.1397723076923077
-0.03504738461538461
0.06300184615384616
0.15938215384615384
0.23135446153846154
0.25659692307692306
0.25117292307692307
0.214248
0.16271999999999998
0.1136953846153846
0.04172307692307692
-0.03379569230769231
-0.08073415384615384
-0.08949599999999999
-0.059038153846153844
-0.032544
-0.012308307692307691
0.005424
0.02899753846153846
0.07030338461538461
0.09137353846153846
0.10096984615384616
0.100344
0.08949599999999999
0.09012184615384615
0.09262523076923077
0.10409907692307692
0.1205796923076923
0.12579507692307693
0.13038461538461538
0.13393107692307693
0.11599015384615384
0.07802215384615384
0.029623384615384614
-0.02545107692307692
-0.08302892307692307
-0.13747753846153846
-0.1704387692307692
-0.17252492307692308
-0.16251138461538459
-0.1314276923076923
-0.06425353846153846
0.017523692307692306
0.1028473846153846
0.17085599999999998
0.20381723076923075
0.20798953846153845
0.18858830769230767
0.14707384615384617
0.08887015384615385
0.017523692307692306
-0.05444861538461539
-0.11536430769230768
-0.15520984615384617
-0.1696043076923077
-0.16021661538461537
-0.12850707692307692
-0.07259815384615384
0.007510153846153846
0.08866153846153846
0.1612596923076923
0.21633415384615384
0.23531815384615382
0.22029784615384615
0.1846246153846154
0.12934153846153845
0.05507446153846154
-0.022947692307692308
-0.09658892307692307
-0.13914646153846155
-0.13726892307692307
-0.10910584615384614
-0.05820369230769231
-0.0012516923076923076
0.050067692307692306
0.09930092307692308
0.12496061538461539
0.12037107692307693
0.09325107692307691
0.051528
0.012516923076923077
-0.02211323076923077
-0.03838523076923077
-0.03504738461538461
-0.03692492307692308
-0.037342153846153844
-0.027745846153846152
-0.014394461538461538
-0.0025033846153846152
-0.005215384615384615
-0.02858030769230769
-0.07218092307692307
-0.12308307692307692
-0.15520984615384617
-0.1792006153846154
-0.1942209230769231
-0.19442953846153843
-0.17502830769230768
-0.12704676923076924
-0.05924676923076923
0.01814953846153846
0.08574092307692306
0.14039815384615384
0.18712800000000002
0.21967199999999998
0.22154953846153846
0.1942209230769231
0.14686523076923075
0.08115138461538463
0.014185846153846153
-0.046104
-0.086784
-0.11140061538461538
-0.1218313846153846
-0.10096984615384616
-0.05382276923076923
0.02273907692307692
0.10180430769230768
0.16480615384615382
0.22113230769230768
0.2540935384615385
0.2632726153846154
0.24679199999999998
0.19463815384615382
0.11140061538461538
0.005424
-0.09137353846153846
-0.16042523076923076
-0.20256553846153844
-0.21862892307692305
-0.21925476923076925
-0.1940123076923077
-0.14957723076923077
-0.09116492307692307
-0.02524246153846154
0.02524246153846154
0.06008123076923077
0.08010830769230769
0.09053907692307692
0.08761846153846153
0.06926030769230769
0.042557538461538466
0.010848
-0.019609846153846155
-0.047772923076923074
-0.06926030769230769
-0.0855323076923077
-0.10243015384615384
-0.11452984615384615
-0.10868861538461538
-0.07551876923076924
-0.022530461538461537
0.03233538461538461
0.08177723076923075
0.12120553846153845
0.1543753846153846
0.17711446153846155
0.1856676923076923
0.17315076923076922
0.13518276923076925
0.09784061538461537
0.06404492307692307
0.03901107692307692
0.015854769230769228
-0.017940923076923077
-0.04047138461538462
-0.04985907692307692
-0.03629907692307692
-0.0077187692307692304
0.01710646153846154
0.03775938461538462
0.050067692307692306
0.07238953846153846
0.10347323076923076
0.11995384615384615
0.11348676923076922
0.08031692307692308
0.03901107692307692
-0.0029206153846153843
-0.04276615384615385
-0.06905169230769231
-0.09179076923076923
-0.09909230769230769
-0.09074769230769231
-0.06633969230769231
-0.025659692307692307
-0.0006258461538461538
0.003963692307692307
-0.009804923076923077
-0.037967999999999995
-0.06446215384615385
-0.092208
-0.12224861538461537
-0.14978584615384616
-0.16626646153846153
-0.1506203076923077
-0.10389046153846154
-0.03400430769230769
0.04088861538461538
0.100344
0.14269292307692305
0.16897846153846155
0.18399876923076922
0.17711446153846155
0.1422756923076923
0.0826116923076923
0.0070929230769230765
-0.06362769230769232
-0.11348676923076922
-0.15166338461538462
-0.17732307692307692
-0.18379015384615385
-0.16188553846153847
-0.0974233846153846
-0.015228923076923076
0.06863446153846153
0.13935507692307691
0.184416
0.206112
0.20193969230769232
0.17148184615384612
0.11599015384615384
0.035255999999999996
-0.055491692307692304
-0.13226215384615383
-0.18775384615384613
-0.222384
-0.24011630769230768
-0.23490092307692306
-0.2125790769230769
-0.17273353846153844
-0.11682461538461539
-0.06300184615384616
-0.017523692307692306
0.014185846153846153
0.037967999999999995
0.06195876923076923
0.08469784615384615
0.09387692307692307
0.08219446153846154
0.06216738461538462
0.03713353846153846
0.015020307692307692
-0.003963692307692307
-0.02858030769230769
-0.04819015384615385
-0.06049846153846154
-0.05778646153846154
-0.04130584615384615
-0.014811692307692307
0.015646153846153844
0.041514461538461535
0.07802215384615384
0.12391753846153845
0.17002153846153847
0.20715507692307691
0.22154953846153846
0.21862892307692305
0.18983999999999998
0.13601723076923075
0.06988615384615385
-0.007927384615384614
-0.08615815384615384
-0.1597993846153846
-0.21091015384615383
-0.23010276923076922
-0.2207150769230769
-0.1792006153846154
-0.11724184615384614
-0.03921969230769231
0.042557538461538466
0.1151556923076923
0.1693956923076923
0.1842073846153846
0.16042523076923076
0.11452984615384615
0.05674338461538461
-0.004589538461538461
-0.07364123076923076
-0.1316363076923077
-0.165432
-0.1693956923076923
-0.1353913846153846
-0.08094276923076923
-0.020652923076923076
0.04047138461538462
0.0974233846153846
0.1368516923076923
0.16313723076923078
0.16793538461538463
0.14081538461538462
0.10117846153846152
0.05403138461538461
0.014603076923076923
-0.019609846153846155
-0.05611753846153846
-0.08031692307692308
-0.09679753846153846
-0.092208
-0.06675692307692307
-0.026702769230769228
0.023990769230769232
0.07009476923076922
0.11578153846153846
0.14603076923076924
0.16480615384615382
0.16042523076923076
0.12662953846153846
0.08323753846153846
0.04526953846153846
0.02524246153846154
0.003963692307692307
0.00855323076923077
0.01272553846153846
0.051528
0.09658892307692307
0.20778092307692309
0.3611132307692308
0.31772123076923076
0.2858030769230769
0.208824
0.1218313846153846
0.09679753846153846
-0.07405846153846153
-0.21195323076923075
-0.37237846153846155
-0.43809230769230767
-0.3479704615384615
-0.27975323076923075
-0.15667015384615385
-0.1028473846153846
0.011265230769230769
0.21487384615384614
0.3573581538461538
0.4987993846153846
0.44414215384615385
0.29101846153846156
0.1489513846153846
-0.06049846153846154
-0.1792006153846154
-0.32982092307692307
-0.47606030769230767
-0.49003753846153847
-0.5275883076923077
-0.4076344615384615
-0.1802436923076923
0.009596307692307692
0.23135446153846154
0.3291950769230769
0.3915710769230769
0.4378836923076923
0.40617415384615385
0.3942830769230769
0.28663753846153844
0.1045163076923077
-0.06279323076923077
-0.19839323076923077
-0.2273907692307692
-0.2586830769230769
-0.30895938461538464
-0.3187643076923077
-0.3081249230769231
-0.19171753846153847
-0.046104
0.054240000000000003
0.15333230769230768
0.1883796923076923
0.2303113846153846
0.273912
0.23218892307692307
0.1858763076923077
0.09429415384615383
0.004798153846153846
-0.017732307692307693
-0.05027630769230769
-0.07092923076923077
-0.10910584615384614
-0.1558356923076923
-0.1733593846153846
-0.18253846153846154
-0.1570873846153846
-0.1205796923076923
-0.06154153846153846
0.0022947692307692304
0.04214030769230769
0.13852061538461538
0.23844738461538462
0.32001599999999997
0.38948492307692306
0.3780110769230769
0.3387913846153846
0.2497126153846154
0.12016246153846154
-0.01043076923076923
-0.18921415384615384
-0.327108923076923
-0.3982467692307692
-0.41681353846153846
-0.3567323076923076
-0.27620676923076926
-0.15208061538461537
0.027745846153846152
0.21237046153846154
0.3738387692307692
0.45457292307692304
0.48190153846153844
0.4781464615384615
0.3855212307692308
0.2572227692307692
0.08574092307692306
-0.10994030769230768
-0.24908676923076922
-0.37091815384615384
-0.41681353846153846
-0.38343507692307693
-0.32001599999999997
-0.18358153846153846
-0.028163076923076923
0.13393107692307693
0.3047870769230769
0.4178566153846154
0.4681329230769231
0.4349630769230769
0.3425464615384616
0.21341353846153846
0.05736923076923077
-0.07259815384615384
-0.1869193846153846
-0.26640184615384616
-0.30249230769230767
-0.3054129230769231
-0.24887815384615386
-0.1794092307692308
-0.10409907692307692
-0.013560000000000001
0.042974769230769226
0.092208
0.13768615384615385
0.14123261538461537
0.11265230769230769
0.05528307692307692
0.008761846153846153
0.0012516923076923076
-0.002712
0.008136
0.014603076923076923
0.015646153846153844
0.030875076923076922
0.03629907692307692
0.05069353846153846
0.042974769230769226
0.017315076923076923
-0.006258461538461538
-0.05069353846153846
-0.06884307692307692
-0.06675692307692307
-0.05736923076923077
-0.01668923076923077
0.018775384615384614
0.051319384615384614
0.09053907692307692
0.11578153846153846
0.1449876923076923
0.13768615384615385
0.08010830769230769
0.016480615384615385
-0.05799507692307692
-0.11828492307692307
-0.1637630769230769
-0.19338646153846153
-0.19442953846153843
-0.1794092307692308
-0.12767261538461538
-0.06028984615384615
0.010013538461538461
0.08720123076923077
0.13789476923076924
0.17023015384615386
0.17669723076923077
0.15270646153846154
0.12496061538461539
0.07781353846153846
0.03880246153846154
0.009804923076923077
-0.02753723076923077
-0.03609046153846154
-0.019609846153846155
0.010013538461538461
0.031918153846153846
0.042348923076923076
0.06279323076923077
0.08490646153846154
0.0936683076923077
0.08323753846153846
0.05048492307692308
-0.008970461538461538
-0.06529661538461538
-0.09095630769230768
-0.09053907692307692
-0.08073415384615384
-0.05736923076923077
-0.022530461538461537
0.02044430769230769
0.0717636923076923
0.100344
0.10910584615384614
0.08699261538461538
0.026285538461538457
-0.042557538461538466
-0.11703323076923078
-0.18212123076923076
-0.21779446153846155
-0.23177169230769232
-0.2059033846153846
-0.14081538461538462
-0.04756430769230769
0.07238953846153846
0.17628
0.26076923076923075
0.3095852307692307
0.32043323076923075
0.3077076923076923
0.2497126153846154
0.16438892307692307
0.059038153846153844
-0.055491692307692304
-0.15166338461538462
-0.22426153846153846
-0.2601433846153846
-0.2638984615384615
-0.24345415384615382
-0.18066092307692305
-0.07927384615384615
0.04672984615384615
0.16042523076923076
0.233232
0.2643156923076923
0.2453316923076923
0.1867107692307692
0.09512861538461538
-0.016897846153846156
-0.13393107692307693
-0.2572227692307692
-0.3412947692307692
-0.3600701538461538
-0.3198073846153846
-0.22718215384615387
-0.12391753846153845
-0.02086153846153846
0.07948246153846153
0.15896492307692306
0.21049292307692305
0.2209236923076923
0.18191261538461537
0.11599015384615384
0.04109723076923077
-0.022530461538461537
-0.06133292307692308
-0.08094276923076923
-0.08323753846153846
-0.07259815384615384
-0.03692492307692308
0.010013538461538461
0.04380923076923077
0.05444861538461539
0.04172307692307692
0.029414769230769227
0.016897846153846156
0.008970461538461538
0.005841230769230769
0.0014603076923076922
-0.0014603076923076922
0.0016689230769230767
0.017315076923076923
0.027328615384615382
0.03421292307692308
0.03212676923076923
0.030040615384615384
0.035464615384615386
0.040054153846153843
0.056951999999999996
0.06425353846153846
0.055491692307692304
0.035464615384615386
0.017940923076923077
0.016480615384615385
0.02023569230769231
0.026702769230769228
0.03379569230769231
0.04902461538461538
0.07426707692307692
0.100344
0.11411261538461538
0.1151556923076923
0.08991323076923076
0.045060923076923075
0.005841230769230769
-0.028163076923076923
-0.05194523076923077
-0.0771876923076923
-0.086784
-0.06821723076923077
-0.04214030769230769
-0.008136
0.010013538461538461
0.010639384615384617
0.002086153846153846
-0.021070153846153846
-0.03400430769230769
-0.04860738461538461
-0.07092923076923077
-0.09012184615384615
-0.09930092307692308
-0.08344615384615384
-0.055491692307692304
-0.017940923076923077
0.02753723076923077
0.06571384615384615
0.09846646153846153
0.12516923076923075
0.13914646153846155
0.14164984615384615
0.12099692307692309
0.0828203076923077
0.05236246153846154
0.027745846153846152
0.019192615384615384
0.0077187692307692304
-0.006675692307692307
0.003963692307692307
0.02545107692307692
0.061124307692307686
0.08240307692307691
0.08907876923076924
0.08094276923076923
0.04693846153846153
0.01856676923076923
-0.02211323076923077
-0.058829538461538454
-0.08344615384615384
-0.10055261538461538
-0.08761846153846153
-0.06383630769230769
-0.03108369230769231
0.007510153846153846
0.03275261538461539
0.051528
0.04902461538461538
0.027745846153846152
0.0029206153846153843
-0.04380923076923077
-0.0936683076923077
-0.14081538461538462
-0.16856123076923077
-0.16063384615384615
-0.1368516923076923
-0.09491999999999999
-0.04401784615384615
0.017523692307692306
0.086784
0.143736
0.18712800000000002
0.19317784615384614
0.1612596923076923
0.124752
0.07551876923076924
0.021487384615384613
-0.026285538461538457
-0.0744756923076923
-0.09992676923076924
-0.1045163076923077
-0.0974233846153846
-0.07072061538461538
-0.042974769230769226
-0.01814953846153846
0.015437538461538461
0.05444861538461539
0.09992676923076924
0.13872923076923074
0.15625292307692307
0.14957723076923077
0.12579507692307693
0.09825784615384614
0.06654830769230768
0.03379569230769231
-0.006675692307692307
-0.04756430769230769
-0.07426707692307692
-0.09304246153846155
-0.09575446153846154
-0.08365476923076923
-0.06800861538461538
-0.04172307692307692
-0.0043809230769230765
0.04672984615384615
0.1097316923076923
0.17481969230769231
0.2288510769230769
0.26076923076923075
0.26765353846153844
0.25054707692307693
0.20381723076923075
0.13101046153846155
0.04401784615384615
-0.043392
-0.1218313846153846
-0.1794092307692308
-0.2075723076923077
-0.21675138461538462
-0.1908830769230769
-0.12913292307692306
-0.049233230769230765
0.046104
0.12850707692307692
0.19025723076923076
0.233232
0.2480436923076923
0.24762646153846155
0.22634769230769228
0.18358153846153846
0.11411261538461538
0.027328615384615382
-0.05194523076923077
-0.12412615384615384
-0.1783661538461538
-0.21696000000000001
-0.22968553846153844
-0.21821169230769227
-0.18858830769230767
-0.13726892307692307
-0.07697907692307693
-0.0070929230769230765
0.06633969230769231
0.13622584615384614
0.18775384615384613
0.21028430769230766
0.20256553846153844
0.16209415384615386
0.10117846153846152
0.023990769230769232
-0.06467076923076923
-0.15291507692307693
-0.23344061538461539
-0.29873723076923075
-0.336288
-0.33607938461538456
-0.29685969230769227
-0.22300984615384614
-0.13101046153846155
-0.03609046153846154
0.05528307692307692
0.13601723076923075
0.18796246153846152
0.2090326153846154
0.19609846153846153
0.14331876923076922
0.07155507692307693
-0.011056615384615385
-0.08490646153846154
-0.14999446153846155
-0.19735015384615384
-0.214248
-0.200688
-0.14978584615384616
-0.07405846153846153
0.01856676923076923
0.1045163076923077
0.1691870769230769
0.21028430769230766
0.21800307692307694
0.2059033846153846
0.18525046153846153
0.12433476923076923
0.06967753846153846
0.009804923076923077
-0.02795446153846154
-0.03337846153846154
-0.002086153846153846
0.15416676923076922
0.16167692307692308
0.14916
0.18983999999999998
0.15687876923076924
0.21800307692307694
0.12621230769230768
-0.010013538461538461
-0.14874276923076923
-0.29331323076923077
-0.25200738461538463
-0.2707827692307692
-0.2415766153846154
-0.21362215384615382
-0.16710092307692306
0.05653476923076922
0.21132738461538458
0.39699507692307695
0.4675070769230769
0.3821833846153846
0.3473446153846154
0.20423446153846153
0.09950953846153845
-0.018775384615384614
-0.22008923076923076
-0.29685969230769227
-0.4228633846153846
-0.4585366153846154
-0.34233784615384616
-0.2588916923076923
-0.061124307692307686
0.08219446153846154
0.1693956923076923
0.28392553846153845
0.30708184615384615
0.3821833846153846
0.4072172307692307
0.32543999999999995
0.2503384615384615
0.14728246153846153
0.11140061538461538
0.06884307692307692
-0.04526953846153846
-0.13038461538461538
-0.23093723076923076
-0.2563883076923077
-0.22154953846153846
-0.2209236923076923
-0.17398523076923075
-0.1424843076923077
-0.08073415384615384
0.05570030769230769
0.14018953846153845
0.241368
0.30708184615384615
0.3152178461538461
0.3659113846153846
0.35339446153846155
0.3077076923076923
0.21967199999999998
0.06571384615384615
-0.08991323076923076
-0.2680707692307692
-0.39928984615384616
-0.48419630769230765
-0.5198695384615385
-0.47355692307692304
-0.40992923076923077
-0.26097784615384617
-0.040054153846153843
0.17231630769230769
0.4024190769230769
0.5490756923076923
0.6110344615384615
0.6072793846153846
0.49984246153846157
0.3650769230769231
0.14978584615384616
-0.09971815384615385
-0.28392553846153845
-0.43433723076923075
-0.5054750769230769
-0.5154886153846154
-0.4618744615384615
-0.3095852307692307
-0.130176
0.050067692307692306
0.20381723076923075
0.3193901538461538
0.41618769230769226
0.4389267692307692
0.40033292307692303
0.3129230769230769
0.16689230769230767
0.045895384615384616
-0.08323753846153846
-0.20339999999999997
-0.26640184615384616
-0.3214763076923077
-0.32001599999999997
-0.29581661538461534
-0.2722430769230769
-0.20527753846153846
-0.12913292307692306
-0.04672984615384615
0.017940923076923077
0.05069353846153846
0.06592246153846154
0.053614153846153846
0.05945538461538461
0.07155507692307693
0.06467076923076923
0.05069353846153846
0.005215384615384615
-0.023364923076923075
-0.041514461538461535
-0.065088
-0.06967753846153846
-0.0988836923076923
-0.116616
-0.09074769230769231
-0.05716061538461538
-0.014603076923076923
0.006258461538461538
0.02023569230769231
0.07489292307692308
0.13309661538461537
0.19171753846153847
0.22426153846153846
0.21132738461538458
0.19505538461538463
0.16438892307692307
0.14394461538461537
0.12099692307692309
0.05924676923076923
-0.0050067692307692304
-0.09012184615384615
-0.16063384615384615
-0.18232984615384615
-0.1913003076923077
-0.15416676923076922
-0.11494707692307692
-0.07781353846153846
0.008136
0.09700615384615385
0.20277415384615383
0.2724516923076923
0.26765353846153844
0.25346769230769234
0.225096
0.20006215384615383
0.165432
0.09679753846153846
0.017732307692307693
-0.06425353846153846
-0.10055261538461538
-0.10117846153846152
-0.11327815384615383
-0.11578153846153846
-0.12391753846153845
-0.1070196923076923
-0.042557538461538466
0.02044430769230769
0.09533723076923077
0.15333230769230768
0.19192615384615386
0.23656984615384613
0.24846092307692308
0.24074215384615386
0.21049292307692305
0.138312
0.046104
-0.043392
-0.10347323076923076
-0.14018953846153845
-0.18191261538461537
-0.21654276923076923
-0.23969907692307693
-0.23135446153846154
-0.19192615384615386
-0.13998092307692306
-0.08115138461538463
-0.0446436923076923
-0.0002086153846153846
0.059038153846153844
0.11286092307692308
0.15333230769230768
0.1435273846153846
0.10618523076923077
0.06717415384615384
0.021278769230769233
-0.025659692307692307
-0.09408553846153846
-0.17231630769230769
-0.22551323076923077
-0.24282830769230768
-0.22113230769230768
-0.17461107692307692
-0.12099692307692309
-0.06070707692307692
0.003963692307692307
0.07656184615384615
0.1489513846153846
0.19171753846153847
0.20131384615384615
0.17815753846153848
0.14123261538461537
0.10096984615384616
0.04735569230769231
-0.004589538461538461
-0.05736923076923077
-0.10389046153846154
-0.12350030769230769
-0.12850707692307692
-0.11286092307692308
-0.08720123076923077
-0.06195876923076923
-0.021696
0.012308307692307691
0.04944184615384615
0.07781353846153846
0.07697907692307693
0.06633969230769231
0.04109723076923077
0.02586830769230769
0.02273907692307692
0.009387692307692307
-0.005215384615384615
-0.021278769230769233
-0.02357353846153846
-0.017523692307692306
-0.03108369230769231
-0.045895384615384616
-0.07197230769230768
-0.111192
-0.1422756923076923
-0.17294215384615383
-0.18399876923076922
-0.18253846153846154
-0.1693956923076923
-0.12329169230769231
-0.04693846153846153
0.05507446153846154
0.15145476923076923
0.23052
0.28350830769230767
0.30749907692307693
0.30019753846153846
0.24887815384615386
0.16897846153846155
0.06613107692307692
-0.04526953846153846
-0.13643446153846153
-0.1923433846153846
-0.21341353846153846
-0.19609846153846153
-0.14457046153846154
-0.05716061538461538
0.05611753846153846
0.1718990769230769
0.2782929230769231
0.35610646153846154
0.4007501538461538
0.412224
0.3844781538461538
0.31646953846153847
0.21696000000000001
0.09012184615384615
-0.04380923076923077
-0.1570873846153846
-0.23218892307692307
-0.26076923076923075
-0.25471938461538457
-0.2075723076923077
-0.11849353846153846
-0.008970461538461538
0.11327815384615383
0.22154953846153846
0.2981113846153846
0.33002953846153843
0.31041969230769234
0.25930892307692305
0.1710646153846154
0.06592246153846154
-0.027120000000000002
-0.11807630769230769
-0.1846246153846154
-0.2059033846153846
-0.19192615384615386
-0.15270646153846154
-0.11056615384615384
-0.04756430769230769
0.03275261538461539
0.09992676923076924
0.14957723076923077
0.16981292307692308
0.16856123076923077
0.14832553846153845
0.10785415384615385
0.06279323076923077
0.012516923076923077
-0.03483876923076923
-0.06800861538461538
-0.084072
-0.07134646153846153
-0.058412307692307694
-0.05590892307692308
-0.05444861538461539
-0.059038153846153844
-0.06300184615384616
-0.08135999999999999
-0.11098338461538461
-0.13706030769230768
-0.157296
-0.16167692307692308
-0.14164984615384615
-0.10138707692307691
-0.03504738461538461
0.023990769230769232
0.07030338461538461
0.11494707692307692
0.1314276923076923
0.12558646153846154
0.08094276923076923
0.012099692307692308
-0.07051199999999999
-0.16230276923076925
-0.22843384615384613
-0.27453784615384613
-0.28350830769230767
-0.24992123076923078
-0.17982646153846152
-0.06675692307692307
0.058829538461538454
0.1783661538461538
0.273912
0.32961230769230765
0.35339446153846155
0.33587076923076925
0.27558092307692306
0.18358153846153846
0.07030338461538461
-0.04631261538461538
-0.1422756923076923
-0.19839323076923077
-0.22029784615384615
-0.2138307692307692
-0.17252492307692308
-0.10117846153846152
-0.013768615384615384
0.08365476923076923
0.16876984615384616
0.22467876923076924
0.249504
0.24053353846153847
0.21049292307692305
0.16438892307692307
0.10514215384615383
0.03838523076923077
-0.02795446153846154
-0.07468430769230769
-0.10076123076923077
-0.1070196923076923
-0.09596307692307693
-0.08073415384615384
-0.06571384615384615
-0.03963692307692308
0.0
0.04214030769230769
0.07823076923076923
0.10159569230769232
0.11745046153846153
0.14185846153846154
0.16626646153846153
0.17377661538461536
0.1531236923076923
0.10159569230769232
0.034630153846153845
-0.034630153846153845
-0.0963803076923077
-0.154584
-0.19463815384615382
-0.21508246153846153
-0.21612553846153845
-0.17502830769230768
-0.09992676923076924
-0.0022947692307692304
0.09012184615384615
0.16584923076923075
0.2221753846153846
0.24637476923076923
0.2369870769230769
0.1883796923076923
0.10994030769230768
0.005215384615384615
-0.09450276923076922
-0.16438892307692307
-0.21195323076923075
-0.22551323076923077
-0.2075723076923077
-0.15082892307692305
-0.05444861538461539
0.05611753846153846
0.16105107692307694
0.23844738461538462
0.2680707692307692
0.2659846153846154
0.22864246153846152
0.1585476923076923
0.06404492307692307
-0.05611753846153846
-0.15896492307692306
-0.23448369230769228
-0.2643156923076923
-0.25200738461538463
-0.21842030769230766
-0.1424843076923077
-0.04214030769230769
0.07969107692307692
0.2056947692307692
0.28809784615384615
0.3243969230769231
0.3039526153846154
0.2290596923076923
0.13247076923076923
0.015646153846153844
-0.10263876923076923
-0.2059033846153846
-0.2920615384615385
-0.3206418461538461
-0.2897667692307692
-0.208824
-0.0892873846153846
0.03212676923076923
0.15124615384615384
0.24449723076923074
0.3045784615384615
0.31834707692307695
0.26911384615384615
0.16835261538461538
0.03713353846153846
-0.09533723076923077
-0.23385784615384617
-0.3652855384615385
-0.4889944615384615
-0.5816196923076923
-0.6362769230769231
-0.5782818461538461
-0.39741230769230773
-0.17023015384615386
0.143736
0.42015138461538465
0.6855101538461539
0.9162387692307692
1.0368184615384615
1.0653987692307691
0.9066424615384615
0.6604763076923077
0.3141747692307692
-0.035255999999999996
-0.34275507692307694
-0.6385716923076923
-0.8090104615384615
-0.9133181538461539
-0.8524024615384616
-0.6475421538461539
-0.3604873846153846
0.013142769230769229
0.35005661538461535
0.644412923076923
0.8390510769230769
0.8926652307692308
0.8265341538461539
0.625428923076923
0.301032
-0.078648
-0.4262012307692308
-0.6892652307692307
-0.8256996923076924
-0.8350873846153846
-0.7353692307692308
-0.5528307692307692
-0.3316984615384615
-0.111192
0.10576799999999999
0.2720344615384615
0.36904061538461536
0.41618769230769226
0.41368430769230763
0.3994984615384615
0.35694092307692304
0.2730775384615384
0.16876984615384616
0.040054153846153843
-0.10368184615384615
-0.2374043076923077
-0.3485963076923077
-0.4228633846153846
-0.4424732307692308
-0.41034646153846155
-0.3425464615384616
-0.2492953846153846
-0.14749107692307692
-0.04380923076923077
0.05590892307692308
0.15082892307692305
0.24637476923076923
0.3275261538461538
0.3988726153846154
0.44038707692307694
0.44914892307692306
0.3819747692307692
0.21362215384615382
0.013768615384615384
-0.21988061538461537
-0.4493575384615385
-0.6177101538461538
-0.7218092307692308
-0.7120043076923076
-0.5872523076923076
-0.3686233846153846
-0.06821723076923077
0.2411593846153846
0.5111076923076923
0.7120043076923076
0.8021261538461537
0.7779267692307692
0.6596418461538461
0.47355692307692304
0.2415766153846154
-0.01272553846153846
-0.2399076923076923
-0.3949089230769231
-0.4539470769230769
-0.4184824615384615
-0.30979384615384614
-0.14582215384615385
0.04965046153846154
0.26160369230769226
0.4716793846153846
0.6099913846153846
0.6604763076923077
0.6270978461538461
0.5050578461538461
0.34504984615384615
0.17023015384615386
-0.0002086153846153846
-0.14206707692307693
-0.23782153846153845
-0.2695310769230769
-0.2342750769230769
-0.15187199999999998
-0.05799507692307692
0.04109723076923077
0.12099692307692309
0.16793538461538463
0.19067446153846154
0.1721076923076923
0.12808984615384614
0.08344615384615384
0.034630153846153845
0.005841230769230769
-0.003963692307692307
-0.018358153846153843
-0.00855323076923077
0.02044430769230769
0.045895384615384616
0.06905169230769231
0.07614461538461538
0.06028984615384615
0.013560000000000001
-0.05757784615384615
-0.14123261538461537
-0.21487384615384614
-0.26681907692307694
-0.2995716923076923
-0.2931046153846154
-0.2509643076923077
-0.1783661538461538
-0.08240307692307691
0.016897846153846156
0.11181784615384616
0.19588984615384614
0.23385784615384617
0.21508246153846153
0.15750461538461538
0.03212676923076923
-0.11870215384615385
-0.25388492307692306
-0.3675803076923077
-0.41973415384615387
-0.42599261538461536
-0.39657784615384617
-0.3095852307692307
-0.17565415384615385
-0.015646153846153844
0.14311015384615386
0.2601433846153846
0.3252313846153846
0.34171199999999996
0.32210215384615387
0.27328615384615385
0.20360861538461536
0.12850707692307692
0.05236246153846154
-0.0006258461538461538
-0.024408000000000003
-0.01814953846153846
0.014811692307692307
0.04109723076923077
0.05716061538461538
0.07531015384615385
0.07906523076923076
0.08365476923076923
0.07885661538461539
0.05194523076923077
0.037342153846153844
0.02357353846153846
0.026494153846153844
0.05090215384615384
0.06613107692307692
0.07823076923076923
0.09241661538461539
0.12287446153846153
0.1693956923076923
0.20131384615384615
0.20193969230769232
0.1637630769230769
0.10138707692307691
0.023782153846153845
-0.06258461538461538
-0.13476553846153844
-0.20652923076923077
-0.24866953846153847
-0.23656984615384613
-0.1858763076923077
-0.08094276923076923
0.03504738461538461
0.13622584615384614
0.21445661538461538
0.24574892307692306
0.25117292307692307
0.21362215384615382
0.130176
0.01940123076923077
-0.10138707692307691
-0.20152246153846154
-0.2753723076923077
-0.314592
-0.3243969230769231
-0.30708184615384615
-0.2540935384615385
-0.1637630769230769
-0.059038153846153844
0.04422646153846154
0.12683815384615382
0.165432
0.1691870769230769
0.1358086153846154
0.08636676923076922
0.023990769230769232
-0.05820369230769231
-0.13080184615384613
-0.19213476923076922
-0.21716861538461538
-0.19735015384615384
-0.16209415384615386
-0.10597661538461538
-0.04214030769230769
0.019609846153846155
0.07969107692307692
0.12433476923076923
0.14311015384615386
0.1341396923076923
0.11098338461538461
0.08198584615384615
0.04172307692307692
0.006258461538461538
-0.024199384615384616
-0.05298830769230769
-0.06216738461538462
-0.06550523076923077
-0.06425353846153846
-0.05653476923076922
-0.04985907692307692
-0.03942830769230769
-0.03567323076923076
-0.04276615384615385
-0.04902461538461538
-0.061124307692307686
-0.07259815384615384
-0.07697907692307693
-0.07572738461538461
-0.06133292307692308
-0.04985907692307692
-0.03859384615384615
-0.021696
-0.003129230769230769
0.018775384615384614
0.03692492307692308
0.045895384615384616
0.042557538461538466
0.03337846153846154
0.03692492307692308
0.05444861538461539
0.07364123076923076
0.10013538461538461
0.11974523076923077
0.13205353846153844
0.13643446153846153
0.11974523076923077
0.09095630769230768
0.04088861538461538
-0.018358153846153843
-0.06279323076923077
-0.10430769230769231
-0.13455692307692307
-0.14728246153846153
-0.14603076923076924
-0.11828492307692307
-0.07405846153846153
-0.014394461538461538
0.05048492307692308
0.0961716923076923
0.11953661538461538
0.11390399999999999
0.08887015384615385
0.04860738461538461
-0.008344615384615384
-0.07155507692307693
-0.13497415384615385
-0.17732307692307692
-0.1856676923076923
-0.16730953846153845
-0.119328
-0.05382276923076923
0.015228923076923076
0.08782707692307692
0.1424843076923077
0.17690584615384616
0.17648861538461538
0.14540492307692307
0.10785415384615385
0.05590892307692308
0.010639384615384617
-0.02858030769230769
-0.06487938461538462
-0.08344615384615384
-0.09158215384615384
-0.07531015384615385
-0.03838523076923077
-0.006049846153846154
0.02795446153846154
0.051319384615384614
0.06154153846153846
0.06654830769230768
0.04422646153846154
0.016480615384615385
-0.021070153846153846
-0.05653476923076922
-0.06070707692307692
-0.051528
-0.01272553846153846
0.035255999999999996
0.08073415384615384
0.130176
0.16480615384615382
0.18086953846153844
0.16897846153846155
0.12621230769230768
0.058829538461538454
-0.014394461538461538
-0.07927384615384615
-0.124752
-0.14665661538461539
-0.13789476923076924
-0.0988836923076923
-0.029206153846153847
0.07593599999999999
0.17419384615384614
0.2563883076923077
0.31041969230769234
0.3160523076923077
0.28788923076923073
0.21320492307692307
0.11077476923076923
-0.010013538461538461
-0.14039815384615384
-0.23928184615384615
-0.29685969230769227
-0.2995716923076923
-0.25138153846153843
-0.17231630769230769
-0.06487938461538462
0.05298830769230769
0.16876984615384616
0.265776
0.3193901538461538
0.34066892307692304
0.31772123076923076
0.25659692307692306
0.18170399999999998
0.08699261538461538
-0.004798153846153846
-0.08761846153846153
-0.14853415384615384
-0.1652233846153846
-0.143736
-0.09846646153846153
-0.0448523076923077
0.017315076923076923
0.08177723076923075
0.14018953846153845
0.19839323076923077
0.24491446153846153
0.26765353846153844
0.2632726153846154
0.2399076923076923
0.20486030769230767
0.15354092307692307
0.09137353846153846
0.021070153846153846
-0.05611753846153846
-0.12412615384615384
-0.17586276923076924
-0.2154996923076923
-0.23531815384615382
-0.23239753846153846
-0.20694646153846152
-0.15541846153846153
-0.07677046153846154
0.010222153846153844
0.08761846153846153
0.15208061538461537
0.19150892307692308
0.2238443076923077
0.2369870769230769
0.22300984615384614
0.1860849230769231
0.10827138461538462
0.02482523076923077
-0.05444861538461539
-0.1205796923076923
-0.16188553846153847
-0.19588984615384614
-0.19985353846153847
-0.15917353846153848
-0.08094276923076923
0.022530461538461537
0.12496061538461539
0.21842030769230766
0.2897667692307692
0.3239796923076923
0.3246055384615385
0.2803790769230769
0.18983999999999998
0.061124307692307686
-0.0771876923076923
-0.18942276923076923
-0.268488
-0.31041969230769234
-0.3081249230769231
-0.26139507692307695
-0.17711446153846155
-0.06738276923076922
0.04714707692307692
0.14853415384615384
0.2205064615384615
0.2574313846153846
0.25993476923076925
0.2374043076923077
0.1883796923076923
0.11140061538461538
0.026285538461538457
-0.059038153846153844
-0.11974523076923077
-0.14018953846153845
-0.1341396923076923
-0.10535076923076922
-0.06821723076923077
-0.020652923076923076
0.04693846153846153
0.11202646153846153
0.15959076923076923
0.1779489230769231
0.15374953846153847
0.11098338461538461
0.06258461538461538
0.0012516923076923076
-0.06425353846153846
-0.12955015384615384
-0.18337292307692307
-0.21070153846153844
-0.19818461538461538
-0.15103753846153847
-0.08094276923076923
-0.0035464615384615383
0.06321046153846153
0.11619876923076923
0.15374953846153847
0.16459753846153846
0.13518276923076925
0.0826116923076923
0.018983999999999997
-0.03692492307692308
-0.0826116923076923
-0.12955015384615384
-0.14144123076923076
-0.12642092307692307
-0.0771876923076923
0.01397723076923077
0.10618523076923077
0.1869193846153846
0.2655673846153846
0.3442153846153846
0.3813489230769231
0.4082603076923077
0.3646596923076923
0.2275993846153846
0.06759138461538462
-0.06675692307692307
-0.15166338461538462
-0.2931046153846154
-0.39261415384615383
-0.4645864615384615
-0.4906633846153846
-0.3913624615384615
-0.26640184615384616
-0.100344
0.026911384615384615
0.1635544615384615
0.30666461538461537
0.3924055384615385
0.4470627692307692
0.376968
0.2517987692307692
0.08574092307692306
-0.0988836923076923
-0.21466523076923077
-0.3285692307692308
-0.39699507692307695
-0.40617415384615385
-0.3815575384615385
-0.28955815384615385
-0.16480615384615382
-0.006258461538461538
0.14185846153846154
0.20924123076923076
0.2726603076923077
0.3193901538461538
0.33524492307692305
0.33566215384615383
0.2709913846153846
0.1800350769230769
0.048816000000000005
-0.07593599999999999
-0.14707384615384617
-0.22008923076923076
-0.287472
-0.347136
-0.36445107692307693
-0.3047870769230769
-0.21049292307692305
-0.10201292307692307
-0.014394461538461538
0.050067692307692306
0.12412615384615384
0.18921415384615384
0.23823876923076923
0.2478350769230769
0.21028430769230766
0.1462393846153846
0.07051199999999999
-0.0008344615384615384
-0.06571384615384615
-0.154584
-0.24053353846153847
-0.29456492307692306
-0.31855569230769226
-0.2872633846153846
-0.22822523076923076
-0.1435273846153846
-0.04714707692307692
0.05799507692307692
0.18358153846153846
0.29101846153846156
0.37926276923076924
0.39699507692307695
0.3379569230769231
0.25200738461538463
0.1353913846153846
0.010848
-0.1205796923076923
-0.24679199999999998
-0.3410861538461538
-0.39115384615384613
-0.3669544615384615
-0.28392553846153845
-0.1792006153846154
-0.04860738461538461
0.09325107692307691
0.22676492307692306
0.3410861538461538
0.39365723076923076
0.38656430769230765
0.33899999999999997
0.249504
0.13601723076923075
-0.0014603076923076922
-0.13059323076923077
-0.22780799999999998
-0.292896
-0.2951907692307692
-0.25242461538461536
-0.17398523076923075
-0.07113784615384615
0.02044430769230769
0.10409907692307692
0.16334584615384617
0.19693292307692306
0.20798953846153845
0.16772676923076923
0.0936683076923077
0.012934153846153845
-0.06383630769230769
-0.12642092307692307
-0.18399876923076922
-0.235944
-0.2751636923076923
-0.2864289230769231
-0.25471938461538457
-0.1923433846153846
-0.12016246153846154
-0.05820369230769231
-0.007510153846153846
0.043392
0.08761846153846153
0.12266584615384615
0.1353913846153846
0.11870215384615385
0.0936683076923077
0.078648
0.07885661538461539
0.06988615384615385
0.04088861538461538
0.003129230769230769
-0.032544
-0.05945538461538461
-0.07969107692307692
-0.08991323076923076
-0.09450276923076922
-0.08490646153846154
-0.05611753846153846
-0.007510153846153846
0.05924676923076923
0.12767261538461538
0.1792006153846154
0.20444307692307692
0.214248
0.20402584615384614
0.18170399999999998
0.13476553846153844
0.05736923076923077
-0.01814953846153846
-0.08761846153846153
-0.12245723076923076
-0.124752
-0.11306953846153844
-0.0892873846153846
-0.045895384615384616
0.01856676923076923
0.08344615384615384
0.14749107692307692
0.19046584615384615
0.21007569230769232
0.206112
0.18483323076923078
0.15187199999999998
0.10952307692307692
0.06717415384615384
0.014185846153846153
-0.020652923076923076
-0.03379569230769231
-0.03045784615384615
-0.014185846153846153
0.002712
0.03066646153846154
0.052153846153846155
0.06133292307692308
0.06571384615384615
0.059872615384615385
0.034630153846153845
-0.002086153846153846
-0.03880246153846154
-0.06592246153846154
-0.07343261538461537
-0.07092923076923077
-0.05319692307692307
-0.028371692307692306
0.0029206153846153843
0.03775938461538462
0.06738276923076922
0.09158215384615384
0.09179076923076923
0.07134646153846153
0.03963692307692308
0.0004172307692307692
-0.03692492307692308
-0.06884307692307692
-0.07843938461538462
-0.06008123076923077
-0.022947692307692308
0.030040615384615384
0.08240307692307691
0.13205353846153844
0.1635544615384615
0.16876984615384616
0.15291507692307693
0.09930092307692308
0.029832
-0.045895384615384616
-0.11974523076923077
-0.17461107692307692
-0.2056947692307692
-0.2021483076923077
-0.17398523076923075
-0.11745046153846153
-0.04276615384615385
0.024616615384615383
0.0826116923076923
0.12370892307692308
0.14665661538461539
0.1543753846153846
0.13434830769230768
0.092208
0.034630153846153845
-0.027120000000000002
-0.07092923076923077
-0.09033046153846153
-0.08386338461538462
-0.06154153846153846
-0.02545107692307692
0.018775384615384614
0.06487938461538462
0.116616
0.1570873846153846
0.17502830769230768
0.16501476923076921
0.13226215384615383
0.08991323076923076
0.04985907692307692
0.011265230769230769
-0.025033846153846153
-0.042557538461538466
-0.042348923076923076
-0.023990769230769232
-0.0008344615384615384
0.021696
0.04214030769230769
0.043392
0.03233538461538461
0.02315630769230769
0.014811692307692307
0.006049846153846154
-0.0077187692307692304
-0.018358153846153843
-0.023990769230769232
-0.029414769230769227
-0.030040615384615384
-0.027120000000000002
-0.017940923076923077
-0.012308307692307691
0.0004172307692307692
0.02315630769230769
0.04652123076923077
0.06529661538461538
0.07823076923076923
0.08386338461538462
0.08782707692307692
0.09283384615384616
0.08135999999999999
0.07468430769230769
0.06884307692307692
0.06675692307692307
0.07802215384615384
0.09074769230769231
0.10138707692307691
0.09116492307692307
0.06738276923076922
0.03609046153846154
0.00855323076923077
-0.0014603076923076922
-0.009596307692307692
-0.011056615384615385
0.006884307692307692
0.042974769230769226
0.09033046153846153
0.13059323076923077
0.14916
0.14728246153846153
0.12204
0.08761846153846153
0.042557538461538466
-0.027745846153846152
-0.09325107692307691
-0.14039815384615384
-0.16751815384615384
-0.1543753846153846
-0.11202646153846153
-0.04860738461538461
0.029623384615384614
0.11056615384615384
0.19317784615384614
0.26452430769230767
0.30249230769230767
0.3012406153846154
0.2526332307692308
0.1612596923076923
0.05528307692307692
-0.04985907692307692
-0.14477907692307693
-0.22530461538461538
-0.2822566153846154
-0.30061476923076924
-0.2699483076923077
-0.1923433846153846
-0.09992676923076924
-0.005841230769230769
0.07697907692307693
0.14018953846153845
0.18900553846153845
0.19818461538461538
0.1637630769230769
0.08907876923076924
-0.010013538461538461
-0.10326461538461539
-0.18232984615384615
-0.24053353846153847
-0.2703655384615385
-0.268488
-0.2355267692307692
-0.17502830769230768
-0.09471138461538461
-0.017315076923076923
0.042557538461538466
0.08448923076923077
0.103056
0.11181784615384616
0.11181784615384616
0.09429415384615383
0.07030338461538461
0.042974769230769226
0.024199384615384616
0.018983999999999997
0.01940123076923077
0.016063384615384615
-0.0014603076923076922
-0.02044430769230769
-0.03567323076923076
-0.04631261538461538
-0.059872615384615385
-0.08615815384615384
-0.1136953846153846
-0.124752
-0.11452984615384615
-0.08386338461538462
-0.04088861538461538
0.008344615384615384
0.07739630769230768
0.14436184615384615
0.1994363076923077
0.24345415384615382
0.2503384615384615
0.21341353846153846
0.14102399999999998
0.056326153846153845
-0.02273907692307692
-0.09074769230769231
-0.14060676923076923
-0.1558356923076923
-0.13747753846153846
-0.08699261538461538
-0.0022947692307692304
0.08866153846153846
0.1696043076923077
0.2275993846153846
0.25659692307692306
0.2586830769230769
0.22530461538461538
0.17231630769230769
0.08991323076923076
-0.004589538461538461
-0.07384984615384615
-0.132888
-0.17273353846153844
-0.19881046153846152
-0.21237046153846154
-0.19755876923076923
-0.1637630769230769
-0.11140061538461538
-0.05590892307692308
-0.013351384615384614
0.011473846153846154
0.026494153846153844
0.04547815384615384
0.05590892307692308
0.04902461538461538
0.028788923076923077
0.009179076923076922
0.004798153846153846
0.009179076923076922
0.01814953846153846
0.02211323076923077
0.021487384615384613
0.01940123076923077
0.015854769230769228
0.014394461538461538
0.013142769230769229
0.0012516923076923076
-0.021487384615384613
-0.03942830769230769
-0.043392
-0.028163076923076923
-0.0014603076923076922
0.026702769230769228
0.05382276923076923
0.07301538461538462
0.08156861538461539
0.08699261538461538
0.06946892307692307
0.026494153846153844
-0.02273907692307692
-0.07510153846153846
-0.11891076923076922
-0.14582215384615385
-0.16271999999999998
-0.1696043076923077
-0.15520984615384617
-0.124752
-0.08115138461538463
-0.042974769230769226
-0.01981846153846154
-0.006884307692307692
0.002086153846153846
0.010013538461538461
0.013560000000000001
0.021278769230769233
0.02482523076923077
0.03150092307692308
0.04172307692307692
0.04631261538461538
0.04985907692307692
0.04568676923076923
0.03588184615384615
0.024199384615384616
0.01940123076923077
0.021904615384615383
0.02357353846153846
0.020652923076923076
0.015646153846153844
0.018983999999999997
0.025659692307692307
0.03963692307692308
0.021278769230769233
-0.029206153846153847
-0.09262523076923077
-0.16105107692307694
-0.2127876923076923
-0.2626467692307692
-0.2897667692307692
-0.28100492307692304
-0.20423446153846153
-0.02795446153846154
0.25367630769230765
0.49400123076923075
0.7015735384615385
0.9010098461538462
1.024718769230769
1.1236024615384614
1.0307686153846154
0.7814732307692308
0.38677292307692307
-0.10889723076923077
-0.539688
-0.9759027692307692
-1.2923723076923075
-1.5026566153846153
-1.5520984615384616
-1.3059323076923077
-0.8816086153846154
-0.25138153846153843
0.4209858461538461
1.0117846153846153
1.511835692307692
1.7686412307692305
1.8097384615384615
1.5781753846153848
1.0699883076923078
0.4337113846153846
-0.3285692307692308
-1.038696
-1.5425021538461536
-1.858763076923077
-1.8815021538461538
-1.6887415384615385
-1.308852923076923
-0.7330744615384615
-0.09325107692307691
0.6124947692307692
1.2151846153846153
1.5944473846153844
1.7861649230769232
1.74924
1.5495950769230769
1.17972
0.6389889230769231
0.04985907692307692
-0.5434430769230769
-1.0205464615384614
-1.32888
-1.507872
-1.5130873846153847
-1.3745667692307693
-1.086468923076923
-0.6648572307692308
-0.2127876923076923
0.25242461538461536
0.665483076923077
0.9802836923076922
1.2243636923076924
1.3374332307692305
1.3025944615384615
1.1062873846153847
0.7491378461538462
0.3116713846153846
-0.18629353846153843
-0.6734104615384615
-1.0968996923076921
-1.4260947692307693
-1.6075901538461537
-1.635961846153846
-1.443409846153846
-1.043076923076923
-0.5129852307692307
0.1045163076923077
0.723060923076923
1.2765175384615384
1.703136
1.9330301538461536
1.9388713846153847
1.6816486153846153
1.1999556923076924
0.6041501538461539
-0.05048492307692308
-0.6809206153846155
-1.2156018461538463
-1.6004972307692307
-1.7523692307692307
-1.6622473846153847
-1.3418141538461539
-0.8317495384615384
-0.21216184615384615
0.47710338461538465
1.121724923076923
1.6363790769230768
1.9488849230769232
1.9793427692307692
1.7592535384615384
1.2998824615384617
0.701364923076923
0.06258461538461538
-0.5709803076923077
-1.089180923076923
-1.4642713846153848
-1.6568233846153846
-1.620107076923077
-1.3839544615384616
-0.9738166153846153
-0.4650036923076923
0.06258461538461538
0.5592978461538461
0.9579618461538462
1.2385495384615384
1.362049846153846
1.3021772307692308
1.0895981538461537
0.7458
0.3467187692307692
-0.05236246153846154
-0.42724430769230765
-0.7228523076923077
-0.9285470769230769
-1.023467076923077
-0.977988923076923
-0.8317495384615384
-0.6074879999999999
-0.33587076923076925
-0.05528307692307692
0.23448369230769228
0.48857723076923076
0.6761224615384615
0.7823076923076923
0.7858541538461539
0.7180541538461538
0.584748923076923
0.4086775384615385
0.20339999999999997
-0.03379569230769231
-0.25388492307692306
-0.46020553846153844
-0.6235513846153846
-0.7170110769230769
-0.7551876923076922
-0.7126301538461539
-0.6066535384615385
-0.4466455384615384
-0.22676492307692306
0.023364923076923075
0.29039261538461536
0.536976
0.7207661538461537
0.8344615384615385
0.856992
0.784811076923077
0.6212566153846153
0.3813489230769231
0.10827138461538462
-0.17377661538461536
-0.42077723076923074
-0.6031070769230769
-0.7172196923076923
-0.7370381538461539
-0.6642313846153846
-0.5127766153846154
-0.3031181538461538
-0.06842584615384616
0.1718990769230769
0.3821833846153846
0.5424
0.6323132307692307
0.6396147692307692
0.5764043076923077
0.452904
0.2995716923076923
0.12016246153846154
-0.04902461538461538
-0.18483323076923078
-0.2897667692307692
-0.3425464615384616
-0.3584012307692308
-0.33482769230769227
-0.2849686153846154
-0.2236356923076923
-0.14540492307692307
-0.061750153846153844
0.010639384615384617
0.06988615384615385
0.12037107692307693
0.16730953846153845
0.20673784615384616
0.23093723076923076
0.24908676923076922
0.2438713846153846
0.2127876923076923
0.15208061538461537
0.056326153846153845
-0.04526953846153846
-0.16021661538461537
-0.2695310769230769
-0.3623649230769231
-0.43642338461538455
-0.4599969230769231
-0.43809230769230767
-0.35694092307692304
-0.22467876923076924
-0.06717415384615384
0.10660246153846153
0.2701569230769231
0.40450523076923073
0.49045476923076925
0.5000510769230769
0.4282873846153846
0.2891409230769231
0.09992676923076924
-0.09992676923076924
-0.29602523076923076
-0.46312615384615385
-0.5659735384615384
-0.591216
-0.5303003076923076
-0.39928984615384616
-0.21049292307692305
0.0043809230769230765
0.2125790769230769
0.3890676923076923
0.5117335384615385
0.5620098461538461
0.5275883076923077
0.4186910769230769
0.24992123076923078
0.06341907692307691
-0.1070196923076923
-0.2424110769230769
-0.3321156923076923
-0.37592492307692305
-0.36549415384615386
-0.29748553846153847
-0.18232984615384615
-0.04902461538461538
0.0826116923076923
0.18796246153846152
0.24887815384615386
0.26911384615384615
0.2509643076923077
0.21445661538461538
0.15520984615384617
0.0826116923076923
0.024408000000000003
-0.018358153846153843
-0.03692492307692308
-0.04902461538461538
-0.059872615384615385
-0.06049846153846154
-0.056951999999999996
-0.03859384615384615
-0.014185846153846153
0.002086153846153846
0.01668923076923077
0.03421292307692308
0.06717415384615384
0.11327815384615383
0.14290153846153844
0.1597993846153846
0.15875630769230767
0.13476553846153844
0.10618523076923077
0.06446215384615385
0.01397723076923077
-0.04902461538461538
-0.11765907692307691
-0.16438892307692307
-0.18712800000000002
-0.17169046153846151
-0.13080184615384613
-0.07906523076923076
-0.010639384615384617
0.06341907692307691
0.14916
0.2275993846153846
0.2753723076923077
0.2851772307692308
0.24303692307692307
0.16897846153846155
0.08094276923076923
-0.021070153846153846
-0.11953661538461538
-0.20298276923076922
-0.2624381538461539
-0.2682793846153846
-0.2209236923076923
-0.13038461538461538
-0.008344615384615384
0.10889723076923077
0.21487384615384614
0.29685969230769227
0.3475532307692307
0.35798399999999997
0.30207507692307695
0.20110523076923076
0.06675692307692307
-0.06049846153846154
-0.17273353846153844
-0.2868461538461538
-0.37091815384615384
-0.41681353846153846
-0.39678646153846153
-0.31646953846153847
-0.20277415384615383
-0.06258461538461538
0.06967753846153846
0.1860849230769231
0.2916443076923077
0.3558978461538462
0.36319938461538465
0.29873723076923075
0.16793538461538463
0.015854769230769228
-0.14206707692307693
-0.2855944615384615
-0.4030449230769231
-0.48419630769230765
-0.4950443076923077
-0.44643692307692306
-0.33023815384615385
-0.165432
0.0035464615384615383
0.16793538461538463
0.290184
0.37550769230769226
0.40679999999999994
0.36319938461538465
0.25430215384615384
0.08344615384615384
-0.1045163076923077
-0.27850153846153847
-0.41493599999999997
-0.49024615384615383
-0.5040147692307693
-0.4652123076923077
-0.3675803076923077
-0.21070153846153844
-0.020652923076923076
0.14790830769230767
0.273912
0.3648683076923077
0.41535323076923075
0.4282873846153846
0.3890676923076923
0.29748553846153847
0.16584923076923075
0.01397723076923077
-0.11286092307692308
-0.200688
-0.2532590769230769
-0.2757895384615385
-0.27453784615384613
-0.22718215384615387
-0.13393107692307693
-0.010222153846153844
0.11494707692307692
0.2127876923076923
0.2891409230769231
0.3410861538461538
0.37237846153846155
0.38572984615384615
0.36257353846153845
0.30436984615384616
0.2205064615384615
0.12996738461538462
0.055491692307692304
-0.009804923076923077
-0.07238953846153846
-0.12829846153846153
-0.16876984615384616
-0.17690584615384616
-0.14916
-0.09554584615384615
-0.026702769230769228
0.044435076923076924
0.12120553846153845
0.20027076923076922
0.26723630769230766
0.3133403076923077
0.3148006153846154
0.28768061538461537
0.24199384615384617
0.17711446153846155
0.10055261538461538
0.0014603076923076922
-0.09283384615384616
-0.16605784615384614
-0.21028430769230766
-0.21445661538461538
-0.1860849230769231
-0.13476553846153844
-0.06487938461538462
0.023782153846153845
0.11807630769230769
0.20256553846153844
0.2588916923076923
0.2712
0.241368
0.18712800000000002
0.1151556923076923
0.03108369230769231
-0.052153846153846155
-0.13309661538461537
-0.19025723076923076
-0.2157083076923077
-0.21529107692307692
-0.18149538461538461
-0.14728246153846153
-0.11891076923076922
-0.07677046153846154
-0.03129230769230769
0.02482523076923077
0.07489292307692308
0.10868861538461538
0.13643446153846153
0.14018953846153845
0.14102399999999998
0.12642092307692307
0.08636676923076922
0.03421292307692308
-0.03942830769230769
-0.09095630769230768
-0.12683815384615382
-0.1462393846153846
-0.14436184615384615
-0.14102399999999998
-0.10827138461538462
-0.05653476923076922
0.0043809230769230765
0.06759138461538462
0.10368184615384615
0.12537784615384615
0.13455692307692307
0.12537784615384615
0.12141415384615384
0.10117846153846152
0.06571384615384615
0.015228923076923076
-0.04401784615384615
-0.07927384615384615
-0.10660246153846153
-0.1353913846153846
-0.15145476923076923
-0.157296
-0.14436184615384615
-0.08761846153846153
-0.04631261538461538
-0.0012516923076923076
0.043600615384615383
0.0855323076923077
0.14436184615384615
0.17273353846153844
0.1783661538461538
0.15604430769230768
0.12350030769230769
0.11306953846153844
0.21716861538461538
0.19004861538461537
0.04193169230769231
-0.023364923076923075
-0.157296
-0.09971815384615385
-0.08031692307692308
-0.2330233846153846
-0.2953993846153846
-0.38990215384615384
-0.25200738461538463
-0.07614461538461538
0.013768615384615384
0.09095630769230768
0.053405538461538456
0.19839323076923077
0.31104553846153843
0.38009723076923074
0.36215630769230767
0.11140061538461538
-0.010222153846153844
-0.15187199999999998
-0.23114584615384615
-0.206112
-0.3239796923076923
-0.2814221538461538
-0.252216
-0.23135446153846154
-0.0077187692307692304
0.08782707692307692
0.23239753846153846
0.3373310769230769
0.25701415384615384
0.2751636923076923
0.23177169230769232
0.2238443076923077
0.2559710769230769
0.13810338461538463
0.045060923076923075
-0.06154153846153846
-0.07781353846153846
-0.006675692307692307
-0.03588184615384615
-0.059872615384615385
-0.12662953846153846
-0.11703323076923078
0.009387692307692307
0.04088861538461538
0.06821723076923077
0.043600615384615383
0.006258461538461538
0.10096984615384616
0.13226215384615383
0.15416676923076922
0.18212123076923076
0.1207883076923077
0.1476996923076923
0.15562707692307692
0.10159569230769232
0.05173661538461538
-0.08490646153846154
-0.19463815384615382
-0.2753723076923077
-0.32836061538461536
-0.31751261538461534
-0.2720344615384615
-0.15604430769230768
-0.061750153846153844
0.06133292307692308
0.21883753846153844
0.31062830769230765
0.4147273846153846
0.4134756923076923
0.31667815384615383
0.24303692307692307
0.0988836923076923
-0.02357353846153846
-0.1531236923076923
-0.31104553846153843
-0.35631507692307696
-0.36549415384615386
-0.30583015384615386
-0.19171753846153847
-0.09450276923076922
0.06571384615384615
0.222384
0.3252313846153846
0.35235138461538457
0.29414769230769233
0.23406646153846156
0.13121907692307694
0.006675692307692307
-0.119328
-0.28246523076923075
-0.3517255384615385
-0.35923569230769226
-0.33607938461538456
-0.21737723076923077
-0.12245723076923076
-0.009596307692307692
0.11390399999999999
0.1639716923076923
0.22634769230769228
0.23385784615384617
0.1910916923076923
0.1368516923076923
0.01814953846153846
-0.11306953846153844
-0.23615261538461538
-0.3035353846153846
-0.32377107692307694
-0.32585723076923073
-0.2734947692307692
-0.2205064615384615
-0.12496061538461539
-0.003755076923076923
0.07030338461538461
0.14603076923076924
0.15374953846153847
0.119328
0.11619876923076923
0.08469784615384615
0.04214030769230769
-0.030040615384615384
-0.12391753846153845
-0.14519630769230768
-0.12662953846153846
-0.10827138461538462
-0.09179076923076923
-0.10931446153846153
-0.10117846153846152
-0.06028984615384615
-0.019192615384615384
0.029832
0.05507446153846154
0.06863446153846153
0.059872615384615385
0.05736923076923077
0.08594953846153845
0.08073415384615384
0.08219446153846154
0.07572738461538461
0.035464615384615386
0.018358153846153843
-0.0018775384615384615
0.015020307692307692
0.053614153846153846
0.03880246153846154
0.02482523076923077
0.02524246153846154
0.053614153846153846
0.12308307692307692
0.16772676923076923
0.18253846153846154
0.17982646153846152
0.17085599999999998
0.17023015384615386
0.1356
0.08031692307692308
-0.003963692307692307
-0.09784061538461537
-0.1422756923076923
-0.16897846153846155
-0.16271999999999998
-0.1356
-0.09679753846153846
-0.006049846153846154
0.07760492307692309
0.16000799999999998
0.24866953846153847
0.2858030769230769
0.2851772307692308
0.23114584615384615
0.14707384615384617
0.0678
-0.029623384615384614
-0.127464
-0.22280123076923075
-0.29185292307692307
-0.3008233846153846
-0.24887815384615386
-0.13706030769230768
-0.023364923076923075
0.08031692307692308
0.1869193846153846
0.26619323076923074
0.3248141538461538
0.3206418461538461
0.24428861538461538
0.16271999999999998
0.06216738461538462
-0.03942830769230769
-0.13059323076923077
-0.23823876923076923
-0.2939390769230769
-0.30416123076923074
-0.2712
-0.18253846153846154
-0.086784
0.02044430769230769
0.119328
0.20006215384615383
0.25555384615384613
0.265776
0.23656984615384613
0.1585476923076923
0.05778646153846154
-0.050067692307692306
-0.16438892307692307
-0.24762646153846155
-0.2947735384615384
-0.30249230769230767
-0.2578486153846154
-0.1846246153846154
-0.08469784615384615
0.04380923076923077
0.16042523076923076
0.25659692307692306
0.30854215384615385
0.2891409230769231
0.24074215384615386
0.16188553846153847
0.06926030769230769
-0.011473846153846154
-0.09387692307692307
-0.154584
-0.18212123076923076
-0.17648861538461538
-0.13372246153846154
-0.06070707692307692
0.020027076923076922
0.08031692307692308
0.12412615384615384
0.16084246153846155
0.18149538461538461
0.20006215384615383
0.21007569230769232
0.19672430769230767
0.17148184615384612
0.13226215384615383
0.10910584615384614
0.10889723076923077
0.09825784615384614
0.08219446153846154
0.058412307692307694
0.04047138461538462
0.04214030769230769
0.049233230769230765
0.04819015384615385
0.040679999999999994
0.035255999999999996
0.040679999999999994
0.055491692307692304
0.059038153846153844
0.04902461538461538
0.02586830769230769
0.0043809230769230765
-0.014603076923076923
-0.034630153846153845
-0.06487938461538462
-0.1097316923076923
-0.14290153846153844
-0.17419384615384614
-0.18712800000000002
-0.17669723076923077
-0.16584923076923075
-0.13101046153846155
-0.08490646153846154
-0.026285538461538457
0.047772923076923074
0.10868861538461538
0.15833907692307692
0.17711446153846155
0.1712732307692308
0.15938215384615384
0.12224861538461537
0.06425353846153846
-0.018358153846153843
-0.1097316923076923
-0.1656406153846154
-0.18483323076923078
-0.15291507692307693
-0.08323753846153846
-0.007510153846153846
0.08344615384615384
0.17461107692307692
0.2647329230769231
0.3312812307692308
0.3387913846153846
0.301032
0.2238443076923077
0.13059323076923077
0.0448523076923077
-0.04088861538461538
-0.12120553846153845
-0.19693292307692306
-0.24074215384615386
-0.23656984615384613
-0.19588984615384614
-0.12516923076923075
-0.058829538461538454
-0.0014603076923076922
0.06133292307692308
0.12016246153846154
0.16605784615384614
0.1842073846153846
0.1666836923076923
0.13518276923076925
0.09804923076923076
0.06926030769230769
0.05716061538461538
0.03588184615384615
0.018358153846153843
0.006049846153846154
0.009804923076923077
0.038176615384615385
0.06654830769230768
0.09137353846153846
0.10055261538461538
0.10952307692307692
0.12329169230769231
0.12913292307692306
0.12120553846153845
0.09512861538461538
0.05924676923076923
0.02753723076923077
0.0022947692307692304
-0.010013538461538461
-0.017732307692307693
-0.04902461538461538
-0.08073415384615384
-0.09971815384615385
-0.10994030769230768
-0.11035753846153845
-0.11599015384615384
-0.12245723076923076
-0.10868861538461538
-0.07656184615384615
-0.025659692307692307
0.026494153846153844
0.058412307692307694
0.08115138461538463
0.092208
0.09137353846153846
0.078648
0.04526953846153846
-0.012308307692307691
-0.07468430769230769
-0.11473846153846154
-0.1397723076923077
-0.14874276923076923
-0.14164984615384615
-0.12496061538461539
-0.07677046153846154
-0.01397723076923077
0.06070707692307692
0.132888
0.16188553846153847
0.1637630769230769
0.14290153846153844
0.10555938461538462
0.058412307692307694
-0.007510153846153846
-0.07969107692307692
-0.1504116923076923
-0.19839323076923077
-0.20444307692307692
-0.1783661538461538
-0.12642092307692307
-0.07197230769230768
-0.013768615384615384
0.05716061538461538
0.12141415384615384
0.17899199999999998
0.2008966153846154
0.173568
0.1207883076923077
0.047981538461538464
-0.018775384615384614
-0.07802215384615384
-0.14060676923076923
-0.17628
-0.16480615384615382
-0.10722830769230769
-0.021904615384615383
0.07384984615384615
0.16897846153846155
0.2415766153846154
0.2730775384615384
0.268488
0.22822523076923076
0.14102399999999998
0.01043076923076923
-0.130176
-0.24303692307692307
-0.317304
-0.336288
-0.31772123076923076
-0.2734947692307692
-0.20006215384615383
-0.11578153846153846
-0.012308307692307691
0.08010830769230769
0.12266584615384615
0.1316363076923077
0.10910584615384614
0.07030338461538461
0.02586830769230769
-0.033169846153846154
-0.10096984615384616
-0.17502830769230768
-0.2207150769230769
-0.2238443076923077
-0.19505538461538463
-0.13309661538461537
-0.06216738461538462
0.02315630769230769
0.11348676923076922
0.18963138461538462
0.24512307692307692
0.25388492307692306
0.2209236923076923
0.15124615384615384
0.06425353846153846
-0.015020307692307692
-0.09116492307692307
-0.15291507692307693
-0.19839323076923077
-0.2207150769230769
-0.20798953846153845
-0.17169046153846151
-0.11223507692307692
-0.040054153846153843
0.031709538461538456
0.10076123076923077
0.1506203076923077
0.17690584615384616
0.18483323076923078
0.1597993846153846
0.10764553846153846
0.05277969230769231
-0.0035464615384615383
-0.04193169230769231
-0.07885661538461539
-0.11286092307692308
-0.13998092307692306
-0.17628
-0.20235692307692305
-0.22134092307692307
-0.16000799999999998
-0.05027630769230769
0.11807630769230769
0.3241883076923077
0.48336184615384614
0.6702812307692307
0.7927384615384615
0.864084923076923
0.8240307692307692
0.6337735384615385
0.37363015384615383
0.04672984615384615
-0.20944984615384615
-0.4866996923076923
-0.6892652307692307
-0.7812646153846153
-0.7977452307692308
-0.6110344615384615
-0.38426953846153844
-0.09304246153846155
0.184416
0.3780110769230769
0.5384363076923077
0.5609667692307693
0.4921236923076923
0.31855569230769226
0.06654830769230768
-0.19296923076923078
-0.4616658461538461
-0.6575556923076923
-0.7589427692307691
-0.737664
-0.5903815384615384
-0.39595199999999997
-0.15875630769230767
0.06592246153846154
0.26139507692307695
0.4322510769230769
0.48816
0.47126215384615383
0.3924055384615385
0.27182584615384614
0.1802436923076923
0.07197230769230768
-0.03650769230769231
-0.12934153846153845
-0.20965846153846154
-0.241368
-0.2415766153846154
-0.23949046153846154
-0.22634769230769228
-0.18337292307692307
-0.11536430769230768
-0.045895384615384616
0.010848
0.04109723076923077
0.054240000000000003
0.07969107692307692
0.09471138461538461
0.10472492307692308
0.11891076923076922
0.11995384615384615
0.132888
0.13393107692307693
0.09053907692307692
0.02899753846153846
-0.052571076923076915
-0.1435273846153846
-0.22134092307692307
-0.2860116923076923
-0.3035353846153846
-0.2559710769230769
-0.14561353846153846
-0.0012516923076923076
0.14978584615384616
0.2979027692307692
0.409512
0.4779378461538461
0.47939815384615386
0.39678646153846153
0.27975323076923075
0.14144123076923076
0.009596307692307692
-0.10076123076923077
-0.20110523076923076
-0.24303692307692307
-0.23803015384615384
-0.1977673846153846
-0.12558646153846154
-0.059872615384615385
0.015020307692307692
0.1070196923076923
0.19463815384615382
0.25388492307692306
0.28267384615384616
0.28809784615384615
0.2703655384615385
0.24095076923076922
0.19004861538461537
0.12704676923076924
0.06821723076923077
0.013768615384615384
-0.021904615384615383
-0.02357353846153846
-0.006258461538461538
0.032544
0.0936683076923077
0.130176
0.14728246153846153
0.15228923076923076
0.14582215384615385
0.14477907692307693
0.1287156923076923
0.09158215384615384
0.04839876923076923
0.004589538461538461
-0.030040615384615384
-0.05298830769230769
-0.07030338461538461
-0.09658892307692307
-0.12558646153846154
-0.14123261538461537
-0.14144123076923076
-0.12579507692307693
-0.11953661538461538
-0.11828492307692307
-0.10096984615384616
-0.07030338461538461
-0.02482523076923077
0.023364923076923075
0.05277969230769231
0.07113784615384615
0.08219446153846154
0.07948246153846153
0.07259815384615384
0.05653476923076922
0.03233538461538461
0.013768615384615384
-0.004172307692307692
-0.015854769230769228
-0.011265230769230769
0.0018775384615384615
0.021487384615384613
0.033169846153846154
0.044435076923076924
0.05611753846153846
0.08073415384615384
0.11473846153846154
0.12266584615384615
0.11870215384615385
0.09971815384615385
0.0828203076923077
0.08219446153846154
0.07259815384615384
0.059664
0.043600615384615383
0.02753723076923077
0.03671630769230769
0.051528
0.058412307692307694
0.05653476923076922
0.04172307692307692
0.03275261538461539
0.01940123076923077
-0.006884307692307692
-0.03588184615384615
-0.065088
-0.08448923076923077
-0.086784
-0.07343261538461537
-0.03713353846153846
0.006258461538461538
0.048816000000000005
0.08845292307692308
0.11974523076923077
0.15833907692307692
0.18107815384615383
0.1873366153846154
0.1829556923076923
0.1424843076923077
0.09199938461538461
0.03755076923076923
-0.02273907692307692
-0.07697907692307693
-0.1422756923076923
-0.19755876923076923
-0.22154953846153846
-0.21862892307692305
-0.1881710769230769
-0.1424843076923077
-0.08198584615384615
-0.0033378461538461535
0.08344615384615384
0.16167692307692308
0.2056947692307692
0.21737723076923077
0.19964492307692308
0.15959076923076923
0.10535076923076922
0.026285538461538457
-0.058829538461538454
-0.13601723076923075
-0.20319138461538463
-0.23615261538461538
-0.23636123076923077
-0.20131384615384615
-0.13476553846153844
-0.05570030769230769
0.029623384615384614
0.11035753846153845
0.17481969230769231
0.20944984615384615
0.20778092307692309
0.15667015384615385
0.07969107692307692
-0.004589538461538461
-0.10514215384615383
-0.19818461538461538
-0.27453784615384613
-0.31772123076923076
-0.3277347692307692
-0.31125415384615385
-0.26348123076923075
-0.20506892307692307
-0.1397723076923077
-0.07113784615384615
0.005424
0.07468430769230769
0.11244369230769231
0.12412615384615384
0.11724184615384614
0.09721476923076922
0.06028984615384615
0.007510153846153846
-0.05298830769230769
-0.09429415384615383
-0.11098338461538461
-0.09658892307692307
-0.0446436923076923
0.009387692307692307
0.05945538461538461
0.09825784615384614
0.11911938461538461
0.132888
0.12913292307692306
0.1028473846153846
0.06654830769230768
0.040054153846153843
0.028788923076923077
0.03713353846153846
0.06133292307692308
0.0897046153846154
0.11640738461538462
0.12913292307692306
0.12955015384615384
0.1178676923076923
0.09053907692307692
0.03942830769230769
-0.02273907692307692
-0.08156861538461539
-0.12955015384615384
-0.1489513846153846
-0.1597993846153846
-0.16105107692307694
-0.13872923076923074
-0.10389046153846154
-0.05298830769230769
0.006884307692307692
0.058412307692307694
0.09450276923076922
0.11557292307692307
0.13601723076923075
0.15562707692307692
0.15646153846153846
0.13664307692307692
0.09763200000000001
0.05570030769230769
0.014394461538461538
-0.028371692307692306
-0.07030338461538461
-0.12370892307692308
-0.168144
-0.18900553846153845
-0.18316430769230768
-0.15145476923076923
-0.10827138461538462
-0.061750153846153844
-0.004798153846153846
0.06321046153846153
0.12433476923076923
0.17148184615384612
0.18858830769230767
0.1733593846153846
0.14457046153846154
0.09450276923076922
0.03483876923076923
-0.03504738461538461
-0.1151556923076923
-0.1794092307692308
-0.21737723076923077
-0.21737723076923077
-0.19004861538461537
-0.15103753846153847
-0.10096984615384616
-0.045895384615384616
0.013560000000000001
0.07364123076923076
0.12370892307692308
0.15166338461538462
0.15792184615384616
0.15166338461538462
0.13872923076923074
0.12245723076923076
0.09867507692307692
0.050067692307692306
-0.016897846153846156
-0.07343261538461537
-0.11619876923076923
-0.13789476923076924
-0.14582215384615385
-0.14436184615384615
-0.11724184615384614
-0.0798996923076923
-0.021696
0.04965046153846154
0.10096984615384616
0.1341396923076923
0.15938215384615384
0.1775316923076923
0.18900553846153845
0.18253846153846154
0.14457046153846154
0.08782707692307692
0.009596307692307692
-0.06863446153846153
-0.13726892307692307
-0.19797599999999999
-0.23823876923076923
-0.25138153846153843
-0.2140393846153846
-0.13852061538461538
-0.031709538461538456
0.09095630769230768
0.19714153846153845
0.2920615384615385
0.3636166153846153
0.38885907692307686
0.36632861538461536
0.29039261538461536
0.17628
0.04318338461538461
-0.0853236923076923
-0.1829556923076923
-0.25284184615384614
-0.2912270769230769
-0.29581661538461534
-0.2680707692307692
-0.20673784615384616
-0.12537784615384615
-0.046104
0.012308307692307691
0.04819015384615385
0.07510153846153846
0.09721476923076922
0.11098338461538461
0.11035753846153845
0.09325107692307691
0.07510153846153846
0.061124307692307686
0.05236246153846154
0.04172307692307692
0.013560000000000001
-0.02357353846153846
-0.04944184615384615
-0.05674338461538461
-0.05298830769230769
-0.044435076923076924
-0.04401784615384615
-0.03650769230769231
-0.004798153846153846
0.042557538461538466
0.1045163076923077
0.15416676923076922
0.18316430769230768
0.19797599999999999
0.200688
0.1908830769230769
0.16063384615384615
0.10764553846153846
0.03024923076923077
-0.05570030769230769
-0.12955015384615384
-0.17544553846153846
-0.19588984615384614
-0.19630707692307692
-0.16876984615384616
-0.10931446153846153
-0.015854769230769228
0.09471138461538461
0.18921415384615384
0.25451076923076926
0.2837169230769231
0.27599815384615384
0.24178523076923078
0.1779489230769231
0.07927384615384615
-0.040054153846153843
-0.138312
-0.19213476923076922
-0.20006215384615383
-0.1635544615384615
-0.10618523076923077
-0.04130584615384615
0.031918153846153846
0.10785415384615385
0.1777403076923077
0.21904615384615383
0.21466523076923077
0.1777403076923077
0.12642092307692307
0.05924676923076923
-0.009179076923076922
-0.08156861538461539
-0.15416676923076922
-0.20110523076923076
-0.21591692307692306
-0.18483323076923078
-0.12642092307692307
-0.05298830769230769
0.01272553846153846
0.061124307692307686
0.10722830769230769
0.13393107692307693
0.14164984615384615
0.11557292307692307
0.06154153846153846
0.007510153846153846
-0.03880246153846154
-0.05757784615384615
-0.05611753846153846
-0.04401784615384615
-0.006675692307692307
0.04652123076923077
0.1028473846153846
0.14603076923076924
0.16480615384615382
0.16209415384615386
0.13601723076923075
0.09971815384615385
0.06946892307692307
0.044435076923076924
0.003129230769230769
-0.04088861538461538
-0.08949599999999999
-0.12662953846153846
-0.11974523076923077
-0.08782707692307692
-0.047772923076923074
-0.029623384615384614
-0.0022947692307692304
0.045895384615384616
0.11745046153846153
0.1842073846153846
0.2883064615384615
0.33941723076923075
0.2157083076923077
0.15166338461538462
0.06133292307692308
0.006884307692307692
-0.012308307692307691
-0.18775384615384613
-0.2947735384615384
-0.4011673846153846
-0.3665372307692307
-0.2209236923076923
-0.1504116923076923
-0.05799507692307692
-0.05653476923076922
0.05820369230769231
0.21821169230769227
0.31918153846153846
0.38948492307692306
0.2453316923076923
0.11870215384615385
0.013768615384615384
-0.10138707692307691
-0.13393107692307693
-0.26932246153846157
-0.3481790769230769
-0.36778892307692307
-0.4182738461538461
-0.29581661538461534
-0.1800350769230769
-0.07823076923076923
0.06487938461538462
0.10472492307692308
0.1775316923076923
0.222384
0.23615261538461538
0.27599815384615384
0.20193969230769232
0.09575446153846154
-0.01814953846153846
-0.103056
-0.10055261538461538
-0.14039815384615384
-0.1802436923076923
-0.20819815384615384
-0.21341353846153846
-0.11077476923076923
-0.02795446153846154
0.03483876923076923
0.0936683076923077
0.11181784615384616
0.19338646153846153
0.2586830769230769
0.2557624615384615
0.25951753846153847
0.19338646153846153
0.124752
0.08302892307692307
-0.0025033846153846152
-0.07343261538461537
-0.16334584615384617
-0.22989415384615383
-0.2480436923076923
-0.24199384615384617
-0.20047938461538461
-0.14728246153846153
-0.04714707692307692
0.03483876923076923
0.09074769230769231
0.17085599999999998
0.21237046153846154
0.2436627692307692
0.2480436923076923
0.18128676923076922
0.12099692307692309
0.041514461538461535
-0.027745846153846152
-0.06279323076923077
-0.12287446153846153
-0.13747753846153846
-0.1218313846153846
-0.08949599999999999
-0.03045784615384615
0.008136
0.07197230769230768
0.14394461538461537
0.18775384615384613
0.20402584615384614
0.1706473846153846
0.14874276923076923
0.12558646153846154
0.073224
0.023782153846153845
-0.06633969230769231
-0.12391753846153845
-0.13184492307692308
-0.14686523076923075
-0.11265230769230769
-0.07656184615384615
-0.03713353846153846
0.0448523076923077
0.09825784615384614
0.14790830769230767
0.18858830769230767
0.1869193846153846
0.168144
0.11640738461538462
0.059038153846153844
-0.0077187692307692304
-0.07134646153846153
-0.09930092307692308
-0.11327815384615383
-0.09804923076923076
-0.08740984615384616
-0.06592246153846154
-0.013768615384615384
0.023364923076923075
0.07697907692307693
0.11724184615384614
0.10827138461538462
0.10952307692307692
0.10430769230769231
0.08615815384615384
0.06800861538461538
0.017940923076923077
-0.021070153846153846
-0.03671630769230769
-0.04965046153846154
-0.05069353846153846
-0.06842584615384616
-0.07969107692307692
-0.073224
-0.06008123076923077
-0.028163076923076923
-0.007301538461538462
0.006467076923076923
0.004589538461538461
-0.014603076923076923
-0.0043809230769230765
0.010639384615384617
0.03880246153846154
0.08135999999999999
0.08469784615384615
0.09116492307692307
0.10347323076923076
0.116616
0.15354092307692307
0.14206707692307693
0.09033046153846153
0.03859384615384615
-0.006675692307692307
-0.010848
-0.010013538461538461
-0.025659692307692307
-0.05194523076923077
-0.07614461538461538
-0.06425353846153846
-0.04276615384615385
-0.018983999999999997
-0.003963692307692307
-0.011265230769230769
0.0022947692307692304
0.021696
0.04672984615384615
0.06154153846153846
0.03233538461538461
-0.006258461538461538
-0.05111076923076923
-0.07697907692307693
-0.06926030769230769
-0.06446215384615385
-0.06571384615384615
-0.07593599999999999
-0.08010830769230769
-0.052153846153846155
-0.010848
0.016480615384615385
0.018775384615384614
0.01043076923076923
0.012934153846153845
0.03942830769230769
0.092208
0.13205353846153844
0.1449876923076923
0.15562707692307692
0.17231630769230769
0.20402584615384614
0.21779446153846155
0.17586276923076924
0.10597661538461538
0.03150092307692308
-0.031918153846153846
-0.06738276923076922
-0.0988836923076923
-0.130176
-0.13664307692307692
-0.11640738461538462
-0.058829538461538454
0.015854769230769228
0.08010830769230769
0.11828492307692307
0.1289243076923077
0.13038461538461538
0.12496061538461539
0.10743692307692307
0.05528307692307692
-0.025659692307692307
-0.11223507692307692
-0.18983999999999998
-0.2374043076923077
-0.25659692307692306
-0.2601433846153846
-0.24595753846153845
-0.214248
-0.15270646153846154
-0.04860738461538461
0.056951999999999996
0.14102399999999998
0.19442953846153843
0.20527753846153846
0.20027076923076922
0.1787833846153846
0.130176
0.06300184615384616
-0.015646153846153844
-0.08615815384615384
-0.14144123076923076
-0.17690584615384616
-0.19526400000000002
-0.20319138461538463
-0.19442953846153843
-0.1693956923076923
-0.12579507692307693
-0.07572738461538461
-0.03650769230769231
-0.0006258461538461538
0.04172307692307692
0.08845292307692308
0.13747753846153846
0.16188553846153847
0.16209415384615386
0.15667015384615385
0.1476996923076923
0.13309661538461537
0.09471138461538461
0.03108369230769231
-0.052153846153846155
-0.124752
-0.16271999999999998
-0.16626646153846153
-0.12913292307692306
-0.06884307692307692
0.0008344615384615384
0.08887015384615385
0.17732307692307692
0.26160369230769226
0.3275261538461538
0.33899999999999997
0.31041969230769234
0.25513661538461535
0.18963138461538462
0.12308307692307692
0.03838523076923077
-0.05319692307692307
-0.138312
-0.20298276923076922
-0.22467876923076924
-0.20402584615384614
-0.15771323076923077
-0.09387692307692307
-0.017523692307692306
0.0771876923076923
0.1794092307692308
0.2578486153846154
0.2993630769230769
0.2897667692307692
0.24449723076923074
0.1792006153846154
0.09429415384615383
0.009804923076923077
-0.0717636923076923
-0.132888
-0.14999446153846155
-0.12788123076923075
-0.07697907692307693
-0.010639384615384617
0.050067692307692306
0.10660246153846153
0.15667015384615385
0.18900553846153845
0.19380369230769232
0.15354092307692307
0.09137353846153846
0.024616615384615383
-0.03650769230769231
-0.08115138461538463
-0.10535076923076922
-0.10868861538461538
-0.10722830769230769
-0.09512861538461538
-0.07593599999999999
-0.06279323076923077
-0.05757784615384615
-0.07113784615384615
-0.0988836923076923
-0.12099692307692309
-0.14164984615384615
-0.1543753846153846
-0.1570873846153846
-0.1489513846153846
-0.11494707692307692
-0.07259815384615384
-0.018358153846153843
0.03567323076923076
0.06425353846153846
0.06988615384615385
0.059038153846153844
0.03233538461538461
-0.009387692307692307
-0.05778646153846154
-0.10618523076923077
-0.13893784615384613
-0.14790830769230767
-0.12725538461538463
-0.08720123076923077
-0.03838523076923077
0.016480615384615385
0.07405846153846153
0.138312
0.18983999999999998
0.21737723076923077
0.21299630769230768
0.1696043076923077
0.11306953846153844
0.05382276923076923
-0.0070929230769230765
-0.053405538461538456
-0.08490646153846154
-0.1028473846153846
-0.0963803076923077
-0.06800861538461538
-0.02795446153846154
0.02273907692307692
0.07405846153846153
0.11578153846153846
0.13914646153846155
0.13789476923076924
0.12120553846153845
0.08323753846153846
0.035255999999999996
-0.0006258461538461538
-0.012308307692307691
-0.008136
0.002086153846153846
0.025033846153846153
0.054240000000000003
0.08574092307692306
0.11098338461538461
0.12537784615384615
0.1178676923076923
0.08636676923076922
0.05173661538461538
0.02795446153846154
0.012099692307692308
-0.0022947692307692304
-0.01272553846153846
-0.012099692307692308
0.005215384615384615
0.03921969230769231
0.08094276923076923
0.0988836923076923
0.09053907692307692
0.06321046153846153
0.020027076923076922
-0.017315076923076923
-0.04860738461538461
-0.06905169230769231
-0.08115138461538463
-0.07781353846153846
-0.04902461538461538
-0.0008344615384615384
0.065088
0.12245723076923076
0.16292861538461537
0.18921415384615384
0.19839323076923077
0.18754523076923074
0.15208061538461537
0.09304246153846155
0.019609846153846155
-0.04860738461538461
-0.09450276923076922
-0.116616
-0.12287446153846153
-0.11452984615384615
-0.086784
-0.030875076923076922
0.03629907692307692
0.10576799999999999
0.15124615384615384
0.168144
0.1696043076923077
0.14603076923076924
0.11494707692307692
0.056951999999999996
-0.02753723076923077
-0.11035753846153845
-0.18316430769230768
-0.22697353846153845
-0.24658338461538462
-0.2492953846153846
-0.23218892307692307
-0.19609846153846153
-0.1397723076923077
-0.06800861538461538
0.0035464615384615383
0.06070707692307692
0.09471138461538461
0.10117846153846152
0.08720123076923077
0.059872615384615385
0.022947692307692308
-0.016480615384615385
-0.05382276923076923
-0.08636676923076922
-0.111192
-0.11703323076923078
-0.11181784615384616
-0.10514215384615383
-0.09596307692307693
-0.0853236923076923
-0.05027630769230769
-0.005424
0.03692492307692308
0.07697907692307693
0.09429415384615383
0.10806276923076923
0.11911938461538461
0.11452984615384615
0.09179076923076923
0.04422646153846154
-0.01668923076923077
-0.0717636923076923
-0.11306953846153844
-0.1424843076923077
-0.16042523076923076
-0.16793538461538463
-0.14519630769230768
-0.09784061538461537
-0.030875076923076922
0.03629907692307692
0.08094276923076923
0.1070196923076923
0.13309661538461537
0.14957723076923077
0.14457046153846154
0.132888
0.08010830769230769
0.04965046153846154
0.011891076923076923
0.07551876923076924
0.13747753846153846
0.03629907692307692
0.047772923076923074
0.010639384615384617
0.03108369230769231
0.08469784615384615
-0.01272553846153846
-0.05507446153846154
-0.17732307692307692
-0.15750461538461538
-0.07218092307692307
-0.07614461538461538
-0.028163076923076923
-0.08156861538461539
-0.006467076923076923
0.10764553846153846
0.1775316923076923
0.2897667692307692
0.21362215384615382
0.15145476923076923
0.0974233846153846
-0.0035464615384615383
-0.004589538461538461
-0.09825784615384614
-0.14185846153846154
-0.13852061538461538
-0.22989415384615383
-0.14936861538461538
-0.06967753846153846
0.005841230769230769
0.12496061538461539
0.11056615384615384
0.15646153846153846
0.165432
0.16856123076923077
0.23615261538461538
0.1908830769230769
0.1435273846153846
0.08699261538461538
0.059038153846153844
0.09992676923076924
0.04756430769230769
-0.022947692307692308
-0.10201292307692307
-0.17648861538461538
-0.143736
-0.13852061538461538
-0.13935507692307691
-0.11974523076923077
-0.1218313846153846
-0.03296123076923077
0.05757784615384615
0.10848000000000001
0.18379015384615385
0.20152246153846154
0.24658338461538462
0.3102110769230769
0.31542646153846154
0.30937661538461536
0.21716861538461538
0.10076123076923077
-0.019192615384615384
-0.15687876923076924
-0.24345415384615382
-0.3239796923076923
-0.3304467692307692
-0.29227015384615385
-0.2238443076923077
-0.03713353846153846
0.14290153846153844
0.31125415384615385
0.4508178461538461
0.4960873846153846
0.5242504615384616
0.4746
0.36403384615384615
0.2205064615384615
0.004798153846153846
-0.16647507692307692
-0.29331323076923077
-0.3913624615384615
-0.4387181538461538
-0.45895384615384616
-0.40346215384615386
-0.29039261538461536
-0.15124615384615384
-0.011473846153846154
0.100344
0.21821169230769227
0.3079163076923077
0.3385827692307692
0.3291950769230769
0.2453316923076923
0.130176
0.02232184615384615
-0.10639384615384614
-0.18942276923076923
-0.2374043076923077
-0.2695310769230769
-0.2578486153846154
-0.2574313846153846
-0.2209236923076923
-0.1558356923076923
-0.09450276923076922
-0.017940923076923077
0.025659692307692307
0.06049846153846154
0.08073415384615384
0.09199938461538461
0.11911938461538461
0.12099692307692309
0.103056
0.05319692307692307
-0.011473846153846154
-0.04944184615384615
-0.103056
-0.1652233846153846
-0.225096
-0.28392553846153845
-0.2774584615384615
-0.22801661538461537
-0.1785747692307692
-0.12412615384615384
-0.0826116923076923
-0.018983999999999997
0.07739630769230768
0.15479261538461536
0.2127876923076923
0.21779446153846155
0.1802436923076923
0.13935507692307691
0.08240307692307691
0.03671630769230769
-0.021904615384615383
-0.08156861538461539
-0.1151556923076923
-0.13309661538461537
-0.10159569230769232
-0.04318338461538461
0.02858030769230769
0.11140061538461538
0.15875630769230767
0.19630707692307692
0.2303113846153846
0.23928184615384615
0.24554030769230767
0.20256553846153844
0.13706030769230768
0.10076123076923077
0.06946892307692307
0.07760492307692309
0.0892873846153846
0.08448923076923077
0.08615815384615384
0.08782707692307692
0.1151556923076923
0.1207883076923077
0.09554584615384615
0.06258461538461538
0.01043076923076923
-0.028788923076923077
-0.06633969230769231
-0.0974233846153846
-0.1028473846153846
-0.0988836923076923
-0.05590892307692308
0.007510153846153846
0.07635323076923077
0.1585476923076923
0.21737723076923077
0.2559710769230769
0.26869661538461537
0.2588916923076923
0.23385784615384617
0.17586276923076924
0.09158215384615384
-0.003963692307692307
-0.09825784615384614
-0.17252492307692308
-0.21842030769230766
-0.23949046153846154
-0.23928184615384615
-0.21362215384615382
-0.14686523076923075
-0.053405538461538456
0.045060923076923075
0.1314276923076923
0.2021483076923077
0.25847446153846154
0.28121353846153846
0.2703655384615385
0.22113230769230768
0.1341396923076923
0.03713353846153846
-0.05298830769230769
-0.1314276923076923
-0.19588984615384614
-0.2503384615384615
-0.2814221538461538
-0.2828824615384615
-0.2620209230769231
-0.22113230769230768
-0.16501476923076921
-0.09179076923076923
-0.014185846153846153
0.06300184615384616
0.12913292307692306
0.16251138461538459
0.1543753846153846
0.1151556923076923
0.054240000000000003
-0.021070153846153846
-0.10430769230769231
-0.19588984615384614
-0.2682793846153846
-0.3129230769230769
-0.31918153846153846
-0.2906012307692308
-0.24074215384615386
-0.16730953846153845
-0.0880356923076923
-0.009596307692307692
0.06300184615384616
0.11703323076923078
0.14477907692307693
0.14164984615384615
0.12391753846153845
0.10994030769230768
0.09575446153846154
0.08094276923076923
0.05507446153846154
0.026076923076923077
0.011265230769230769
0.0014603076923076922
-0.003755076923076923
-0.009179076923076922
-0.023990769230769232
-0.043600615384615383
-0.05799507692307692
-0.04693846153846153
-0.005215384615384615
0.04401784615384615
0.09491999999999999
0.14290153846153844
0.18900553846153845
0.23344061538461539
0.25430215384615384
0.2438713846153846
0.19985353846153847
0.13476553846153844
0.065088
-0.0077187692307692304
-0.07051199999999999
-0.12496061538461539
-0.16856123076923077
-0.18066092307692305
-0.15896492307692306
-0.10430769230769231
-0.03838523076923077
0.014394461538461538
0.065088
0.116616
0.15959076923076923
0.184416
0.18525046153846153
0.16751815384615384
0.1356
0.09408553846153846
0.055491692307692304
0.011473846153846154
-0.04380923076923077
-0.08907876923076924
-0.11286092307692308
-0.0936683076923077
-0.048816000000000005
0.0029206153846153843
0.048816000000000005
0.07426707692307692
0.10827138461538462
0.13309661538461537
0.15187199999999998
0.16647507692307692
0.14853415384615384
0.1136953846153846
0.07802215384615384
0.03880246153846154
0.005841230769230769
-0.028163076923076923
-0.06884307692307692
-0.09700615384615385
-0.11724184615384614
-0.116616
-0.10347323076923076
-0.09304246153846155
-0.08094276923076923
-0.06800861538461538
-0.0448523076923077
-0.016897846153846156
0.009804923076923077
0.021070153846153846
0.005215384615384615
-0.010639384615384617
-0.019192615384615384
-0.02315630769230769
-0.027120000000000002
-0.05194523076923077
-0.07489292307692308
-0.08198584615384615
-0.07906523076923076
-0.06258461538461538
-0.05653476923076922
-0.05716061538461538
-0.05757784615384615
-0.04735569230769231
-0.03442153846153846
-0.03921969230769231
-0.04693846153846153
-0.06049846153846154
-0.059038153846153844
-0.035464615384615386
0.0002086153846153846
0.04526953846153846
0.08344615384615384
0.11432123076923076
0.14018953846153845
0.14957723076923077
0.130176
0.08490646153846154
0.012099692307692308
-0.06487938461538462
-0.13330523076923076
-0.18858830769230767
-0.21821169230769227
-0.22655630769230767
-0.20527753846153846
-0.14957723076923077
-0.05277969230769231
0.06383630769230769
0.18066092307692305
0.2734947692307692
0.31500923076923076
0.33670523076923076
0.3269003076923077
0.2674449230769231
0.1696043076923077
0.03379569230769231
-0.10868861538461538
-0.23823876923076923
-0.34004307692307695
-0.3896935384615384
-0.38948492307692306
-0.34046030769230773
-0.2355267692307692
-0.08991323076923076
0.07489292307692308
0.233232
0.3502652307692307
0.417648
0.4314166153846154
0.39282276923076925
0.3095852307692307
0.18796246153846152
0.05277969230769231
-0.08135999999999999
-0.18900553846153845
-0.24866953846153847
-0.2626467692307692
-0.23615261538461538
-0.1858763076923077
-0.11348676923076922
-0.024616615384615383
0.06529661538461538
0.15291507692307693
0.21091015384615383
0.2422024615384615
0.2632726153846154
0.26723630769230766
0.2532590769230769
0.22113230769230768
0.17544553846153846
0.11724184615384614
0.05069353846153846
-0.01397723076923077
-0.06633969230769231
-0.11619876923076923
-0.16772676923076923
-0.2021483076923077
-0.20819815384615384
-0.18212123076923076
-0.13643446153846153
-0.07343261538461537
0.007927384615384614
0.0936683076923077
0.18316430769230768
0.25513661538461535
0.29873723076923075
0.31125415384615385
0.2655673846153846
0.18149538461538461
0.07635323076923077
-0.03692492307692308
-0.1424843076923077
-0.24428861538461538
-0.31500923076923076
-0.3452584615384615
-0.3243969230769231
-0.25012984615384615
-0.1449876923076923
-0.015020307692307692
0.10868861538461538
0.214248
0.3072904615384615
0.37196123076923077
0.3836436923076923
0.330864
0.241368
0.13247076923076923
0.009596307692307692
-0.10618523076923077
-0.20548615384615385
-0.2734947692307692
-0.29685969230769227
-0.2749550769230769
-0.2090326153846154
-0.1151556923076923
-0.005424
0.0988836923076923
0.1858763076923077
0.25012984615384615
0.27599815384615384
0.25555384615384613
0.19755876923076923
0.12579507692307693
0.04944184615384615
-0.026494153846153844
-0.08782707692307692
-0.12016246153846154
-0.13372246153846154
-0.12704676923076924
-0.09992676923076924
-0.051528
0.0016689230769230767
0.04088861538461538
0.08031692307692308
0.10180430769230768
0.09825784615384614
0.054240000000000003
-0.021696
-0.12996738461538462
-0.2482523076923077
-0.27558092307692306
-0.23615261538461538
-0.1314276923076923
0.03629907692307692
0.21842030769230766
0.443724923076923
0.6396147692307692
0.790860923076923
0.8626246153846153
0.7449655384615385
0.5015113846153846
0.22321846153846153
-0.059038153846153844
-0.3072904615384615
-0.4965046153846154
-0.6475421538461539
-0.7174283076923077
-0.6625624615384615
-0.4848221538461538
-0.23823876923076923
0.009804923076923077
0.21237046153846154
0.35339446153846155
0.45603323076923075
0.4547815384615384
0.37884553846153846
0.200688
-0.07635323076923077
-0.28663753846153844
-0.4405956923076923
-0.4720966153846154
-0.3903193846153846
-0.276624
-0.08761846153846153
0.07468430769230769
0.20673784615384616
0.32543999999999995
0.336288
0.2578486153846154
0.12224861538461537
-0.034630153846153845
-0.12808984615384614
-0.15374953846153847
-0.11160923076923077
-0.03692492307692308
0.013351384615384614
0.06738276923076922
0.100344
0.11870215384615385
0.09596307692307693
0.011056615384615385
-0.0880356923076923
-0.21466523076923077
-0.30290953846153845
-0.3513083076923077
-0.4024190769230769
-0.41577046153846153
-0.3855212307692308
-0.2899753846153846
-0.12120553846153845
0.08469784615384615
0.2951907692307692
0.4814843076923077
0.5928849230769231
0.6072793846153846
0.5209126153846153
0.31834707692307695
0.028163076923076923
-0.2751636923076923
-0.5257107692307692
-0.673619076923077
-0.6800861538461539
-0.5651390769230769
-0.34296369230769225
-0.05757784615384615
0.22551323076923077
0.49692184615384616
0.6882221538461537
0.7410018461538461
0.6792516923076923
0.520704
0.30332676923076923
0.06863446153846153
-0.15896492307692306
-0.34066892307692304
-0.4551987692307692
-0.49441846153846153
-0.4472713846153846
-0.3344104615384615
-0.1829556923076923
-0.015228923076923076
0.15124615384615384
0.295608
0.3786369230769231
0.39052800000000004
0.32210215384615387
0.20298276923076922
0.0826116923076923
-0.03921969230769231
-0.13267938461538462
-0.18253846153846154
-0.19547261538461536
-0.14874276923076923
-0.05194523076923077
0.06425353846153846
0.18149538461538461
0.26139507692307695
0.28350830769230767
0.2532590769230769
0.17544553846153846
0.07551876923076924
-0.038176615384615385
-0.16063384615384615
-0.25972615384615383
-0.2966510769230769
-0.2689052307692308
-0.18879692307692306
-0.05507446153846154
0.08094276923076923
0.18212123076923076
0.24908676923076922
0.2586830769230769
0.214248
0.10931446153846153
-0.04860738461538461
-0.208824
-0.34651015384615386
-0.4251581538461538
-0.43245969230769227
-0.37926276923076924
-0.2703655384615385
-0.11724184615384614
0.05945538461538461
0.22530461538461538
0.3573581538461538
0.4178566153846154
0.4030449230769231
0.33295015384615384
0.22113230769230768
0.08469784615384615
-0.06383630769230769
-0.20673784615384616
-0.3160523076923077
-0.3698750769230769
-0.36632861538461536
-0.30708184615384615
-0.21508246153846153
-0.10430769230769231
0.015646153846153844
0.11849353846153846
0.19755876923076923
0.24345415384615382
0.24616615384615384
0.214248
0.15291507692307693
0.0853236923076923
0.026494153846153844
-0.011891076923076923
-0.02357353846153846
-0.021278769230769233
0.021070153846153846
0.07113784615384615
0.0988836923076923
0.10660246153846153
0.06258461538461538
-0.005215384615384615
-0.08219446153846154
-0.1612596923076923
-0.21779446153846155
-0.24992123076923078
-0.235944
-0.16710092307692306
-0.05924676923076923
0.07384984615384615
0.20027076923076922
0.3049956923076923
0.38343507692307693
0.4211944615384615
0.409512
0.328152
0.19004861538461537
0.02545107692307692
-0.14436184615384615
-0.28100492307692304
-0.3750904615384615
-0.41681353846153846
-0.3913624615384615
-0.30332676923076923
-0.1462393846153846
0.04652123076923077
0.2275993846153846
0.36340799999999995
0.4282873846153846
0.42703569230769234
0.36632861538461536
0.2651501538461538
0.143736
0.016480615384615385
-0.09950953846153845
-0.18316430769230768
-0.21737723076923077
-0.200688
-0.1397723076923077
-0.054657230769230764
0.029832
0.12016246153846154
0.22634769230769228
0.3133403076923077
0.34963938461538463
0.33524492307692305
0.26306399999999996
0.15771323076923077
0.03692492307692308
-0.09930092307692308
-0.22801661538461537
-0.3379569230769231
-0.4124326153846154
-0.4245323076923077
-0.37425600000000003
-0.2872633846153846
-0.1829556923076923
-0.08156861538461539
0.013768615384615384
0.0961716923076923
0.1506203076923077
0.1639716923076923
0.1287156923076923
0.06675692307692307
-0.0014603076923076922
-0.0446436923076923
-0.06362769230769232
-0.06654830769230768
-0.04756430769230769
-0.021487384615384613
0.02232184615384615
0.08469784615384615
0.14811692307692306
0.18650215384615382
0.184416
0.1506203076923077
0.10827138461538462
0.07072061538461538
0.02858030769230769
-0.006049846153846154
-0.02586830769230769
-0.021070153846153846
0.013142769230769229
0.06154153846153846
0.1097316923076923
0.14394461538461537
0.14978584615384616
0.12266584615384615
0.086784
0.03755076923076923
-0.02795446153846154
-0.09283384615384616
-0.14144123076923076
-0.1462393846153846
-0.10994030769230768
-0.05653476923076922
-0.0022947692307692304
0.04318338461538461
0.07885661538461539
0.11390399999999999
0.13747753846153846
0.1358086153846154
0.09930092307692308
0.033169846153846154
-0.02482523076923077
-0.059664
-0.07551876923076924
-0.08094276923076923
-0.07677046153846154
-0.04693846153846153
0.015020307692307692
0.10222153846153846
0.19192615384615386
0.2532590769230769
0.28350830769230767
0.27432923076923077
0.23510953846153848
0.18921415384615384
0.12266584615384615
0.034630153846153845
-0.06258461538461538
-0.14561353846153846
-0.19046584615384615
-0.19505538461538463
-0.1656406153846154
-0.11202646153846153
-0.054657230769230764
0.005841230769230769
0.07197230769230768
0.11724184615384614
0.13038461538461538
0.10263876923076923
0.06216738461538462
0.020652923076923076
-0.03024923076923077
-0.062376
-0.09304246153846155
-0.1151556923076923
-0.1218313846153846
-0.11390399999999999
-0.07823076923076923
-0.047772923076923074
-0.03275261538461539
-0.027745846153846152
-0.03609046153846154
-0.04172307692307692
-0.03838523076923077
-0.04214030769230769
-0.0446436923076923
-0.04839876923076923
-0.041514461538461535
-0.010013538461538461
0.028788923076923077
0.06884307692307692
0.08094276923076923
0.07948246153846153
0.07030338461538461
0.05236246153846154
0.03629907692307692
-0.0018775384615384615
-0.04193169230769231
-0.0826116923076923
-0.11849353846153846
-0.12913292307692306
-0.12683815384615382
-0.10159569230769232
-0.05069353846153846
0.01856676923076923
0.09763200000000001
0.17398523076923075
0.22947692307692308
0.24866953846153847
0.22864246153846152
0.18525046153846153
0.12642092307692307
0.051319384615384614
-0.02753723076923077
-0.09700615384615385
-0.14206707692307693
-0.14665661538461539
-0.09304246153846155
0.0050067692307692304
0.11327815384615383
0.21716861538461538
0.3079163076923077
0.3671630769230769
0.38426953846153844
0.3513083076923077
0.26640184615384616
0.1424843076923077
-0.006049846153846154
-0.14916
-0.2707827692307692
-0.3646596923076923
-0.4118067692307692
-0.4124326153846154
-0.3648683076923077
-0.2722430769230769
-0.15354092307692307
-0.019609846153846155
0.10514215384615383
0.20944984615384615
0.28204799999999997
0.30583015384615386
0.2883064615384615
0.22405292307692307
0.12433476923076923
0.01710646153846154
-0.08761846153846153
-0.165432
-0.2207150769230769
-0.23510953846153848
-0.20402584615384614
-0.15896492307692306
-0.08740984615384616
-0.018775384615384614
0.03233538461538461
0.06133292307692308
0.05507446153846154
0.040054153846153843
0.017315076923076923
-0.016063384615384615
-0.046104
-0.07593599999999999
-0.09053907692307692
-0.09408553846153846
-0.09909230769230769
-0.09199938461538461
-0.0936683076923077
-0.09074769230769231
-0.07927384615384615
-0.07405846153846153
-0.06404492307692307
-0.06404492307692307
-0.065088
-0.06133292307692308
-0.05194523076923077
-0.02023569230769231
0.013560000000000001
0.05090215384615384
0.08887015384615385
0.1136953846153846
0.13476553846153844
0.13789476923076924
0.11745046153846153
0.07635323076923077
0.015854769230769228
-0.042348923076923076
-0.09158215384615384
-0.13247076923076923
-0.154584
-0.16209415384615386
-0.14081538461538462
-0.086784
-0.015646153846153844
0.059664
0.11911938461538461
0.16209415384615386
0.18379015384615385
0.17982646153846152
0.15646153846153846
0.10117846153846152
0.03024923076923077
-0.03045784615384615
-0.08073415384615384
-0.11494707692307692
-0.13330523076923076
-0.13393107692307693
-0.11682461538461539
-0.0855323076923077
-0.03421292307692308
0.027120000000000002
0.08302892307692307
0.12412615384615384
0.14728246153846153
0.15479261538461536
0.14832553846153845
0.13643446153846153
0.11619876923076923
0.0826116923076923
0.03880246153846154
-0.006675692307692307
-0.03942830769230769
-0.052153846153846155
-0.05570030769230769
-0.05403138461538461
-0.05298830769230769
-0.05069353846153846
-0.03713353846153846
-0.03838523076923077
-0.05757784615384615
-0.08740984615384616
-0.124752
-0.16271999999999998
-0.20277415384615383
-0.25367630769230765
-0.26681907692307694
-0.21320492307692307
-0.11828492307692307
0.04109723076923077
0.21091015384615383
0.3588184615384616
0.5017199999999999
0.5793249230769231
0.6149981538461539
0.5678510769230769
0.43704923076923075
0.2768326153846154
0.06362769230769232
-0.10889723076923077
-0.2753723076923077
-0.38677292307692307
-0.4262012307692308
-0.41973415384615387
-0.28809784615384615
-0.1341396923076923
0.07739630769230768
0.2966510769230769
0.4472713846153846
0.5599236923076922
0.5484498461538461
0.4645864615384615
0.3206418461538461
0.12120553846153845
-0.06946892307692307
-0.2709913846153846
-0.4216116923076923
-0.4704276923076923
-0.4262012307692308
-0.29769415384615383
-0.14957723076923077
0.0006258461538461538
0.14457046153846154
0.233232
0.29227015384615385
0.2807963076923077
0.20006215384615383
0.10806276923076923
0.002712
-0.05069353846153846
-0.07280676923076923
-0.09304246153846155
-0.0853236923076923
-0.07551876923076924
-0.04672984615384615
0.0008344615384615384
0.030040615384615384
0.06216738461538462
0.07802215384615384
0.06738276923076922
0.047772923076923074
0.0016689230769230767
-0.049233230769230765
-0.09596307692307693
-0.13518276923076925
-0.15270646153846154
-0.13872923076923074
-0.07656184615384615
0.018983999999999997
0.1218313846153846
0.20715507692307691
0.22280123076923075
0.19735015384615384
0.13998092307692306
0.03713353846153846
-0.07635323076923077
-0.2090326153846154
-0.3062473846153846
-0.34046030769230773
-0.3179298461538461
-0.22300984615384614
-0.09825784615384614
0.04860738461538461
0.2127876923076923
0.3479704615384615
0.4262012307692308
0.4193169230769231
0.3473446153846154
0.24428861538461538
0.11599015384615384
0.0002086153846153846
-0.09554584615384615
-0.15938215384615384
-0.1785747692307692
-0.16167692307692308
-0.09846646153846153
-0.01981846153846154
0.06195876923076923
0.1558356923076923
0.21716861538461538
0.2436627692307692
0.24178523076923078
0.20027076923076922
0.13872923076923074
0.04965046153846154
-0.05590892307692308
-0.14102399999999998
-0.18921415384615384
-0.19359507692307693
-0.16271999999999998
-0.10117846153846152
-0.006675692307692307
0.10848000000000001
0.23218892307692307
0.3198073846153846
0.3321156923076923
0.28017046153846153
0.17294215384615383
0.055491692307692304
-0.05862092307692307
-0.1777403076923077
-0.27975323076923075
-0.35256
-0.36027876923076924
-0.30249230769230767
-0.21007569230769232
-0.09158215384615384
0.027328615384615382
0.12955015384615384
0.22154953846153846
0.2712
0.26452430769230767
0.20673784615384616
0.09283384615384616
-0.03066646153846154
-0.12558646153846154
-0.1858763076923077
-0.21654276923076923
-0.22697353846153845
-0.20152246153846154
-0.14519630769230768
-0.06195876923076923
0.04693846153846153
0.13914646153846155
0.18754523076923074
0.18963138461538462
0.15520984615384617
0.11286092307692308
0.05611753846153846
-0.011265230769230769
-0.07197230769230768
-0.11995384615384615
-0.12516923076923075
-0.09012184615384615
-0.03629907692307692
0.02795446153846154
0.08240307692307691
0.12204
0.15938215384615384
0.18483323076923078
0.18754523076923074
0.15520984615384617
0.09325107692307691
0.03296123076923077
-0.014185846153846153
-0.03984553846153846
-0.04902461538461538
-0.06049846153846154
-0.05319692307692307
-0.035464615384615386
-0.008136
0.029414769230769227
0.04672984615384615
0.047981538461538464
0.016897846153846156
-0.02482523076923077
-0.05820369230769231
-0.09387692307692307
-0.12537784615384615
-0.15813046153846153
-0.1691870769230769
-0.13852061538461538
-0.06717415384615384
0.03150092307692308
0.13038461538461538
0.2127876923076923
0.26786215384615386
0.28434276923076923
0.26494153846153845
0.2056947692307692
0.103056
-0.018983999999999997
-0.12537784615384615
-0.1923433846153846
-0.22426153846153846
-0.22154953846153846
-0.18525046153846153
-0.12120553846153845
-0.028788923076923077
0.07906523076923076
0.1710646153846154
0.21821169230769227
0.22405292307692307
0.19839323076923077
0.15333230769230768
0.09387692307692307
0.019192615384615384
-0.05048492307692308
-0.11265230769230769
-0.157296
-0.17273353846153844
-0.1639716923076923
-0.14185846153846154
-0.11974523076923077
-0.08156861538461539
-0.04088861538461538
-0.01272553846153846
0.005424
-0.0012516923076923076
-0.024616615384615383
-0.05486584615384615
-0.07343261538461537
-0.07510153846153846
-0.07551876923076924
-0.07468430769230769
-0.06446215384615385
-0.03984553846153846
-0.0070929230769230765
0.021070153846153846
0.03775938461538462
0.04088861538461538
0.02315630769230769
-0.011056615384615385
-0.05236246153846154
-0.09930092307692308
-0.1504116923076923
-0.18629353846153843
-0.1860849230769231
-0.15103753846153847
-0.09033046153846153
-0.020652923076923076
0.03984553846153846
0.08094276923076923
0.103056
0.10868861538461538
0.09158215384615384
0.045895384615384616
-0.022530461538461537
-0.10472492307692308
-0.1785747692307692
-0.21237046153846154
-0.20673784615384616
-0.17023015384615386
-0.11306953846153844
-0.03713353846153846
0.05194523076923077
0.13518276923076925
0.20235692307692305
0.23761292307692305
0.23782153846153845
0.21654276923076923
0.1785747692307692
0.12120553846153845
0.044435076923076924
-0.0446436923076923
-0.12516923076923075
-0.18107815384615383
-0.2075723076923077
-0.2008966153846154
-0.1597993846153846
-0.09596307692307693
-0.021070153846153846
0.06028984615384615
0.132888
0.18274707692307693
0.20423446153846153
0.19505538461538463
0.1637630769230769
0.11974523076923077
0.06279323076923077
0.0016689230769230767
-0.06446215384615385
-0.1218313846153846
-0.15145476923076923
-0.15270646153846154
-0.11640738461538462
-0.05820369230769231
0.003963692307692307
0.065088
0.12224861538461537
0.17252492307692308
0.20444307692307692
0.20778092307692309
0.1842073846153846
0.14853415384615384
0.09867507692307692
0.04985907692307692
0.0002086153846153846
-0.05924676923076923
-0.10535076923076922
-0.13059323076923077
-0.11995384615384615
-0.08094276923076923
-0.037342153846153844
0.004589538461538461
0.051528
0.09763200000000001
0.13184492307692308
0.146448
0.13643446153846153
0.11202646153846153
0.073224
0.031709538461538456
-0.014603076923076923
-0.05820369230769231
-0.09679753846153846
-0.12850707692307692
-0.13059323076923077
-0.1136953846153846
-0.07697907692307693
-0.031709538461538456
0.0077187692307692304
0.037967999999999995
0.0609156923076923
0.07802215384615384
0.07927384615384615
0.06592246153846154
0.030040615384615384
-0.01272553846153846
-0.048816000000000005
-0.06759138461538462
-0.07051199999999999
-0.06154153846153846
-0.03984553846153846
-0.023364923076923075
0.0029206153846153843
0.02211323076923077
0.022947692307692308
0.014185846153846153
-0.011891076923076923
-0.038176615384615385
-0.058412307692307694
-0.07572738461538461
-0.08198584615384615
-0.08657538461538461
-0.07697907692307693
-0.03233538461538461
0.02211323076923077
0.0853236923076923
0.14144123076923076
0.1800350769230769
0.21174461538461536
0.22321846153846153
0.21967199999999998
0.19442953846153843
0.14665661538461539
0.09012184615384615
0.03984553846153846
0.0016689230769230767
-0.020652923076923076
-0.026911384615384615
-0.021904615384615383
0.0008344615384615384
0.03045784615384615
0.07009476923076922
0.10180430769230768
0.12037107692307693
0.1287156923076923
0.119328
0.11995384615384615
0.11599015384615384
0.10889723076923077
0.09575446153846154
0.06675692307692307
0.041514461538461535
0.01272553846153846
-0.006258461538461538
-0.02586830769230769
-0.05382276923076923
-0.07238953846153846
-0.08240307692307691
-0.07092923076923077
-0.045895384615384616
-0.02086153846153846
0.0050067692307692304
0.03045784615384615
0.06300184615384616
0.09909230769230769
0.130176
0.1558356923076923
0.16772676923076923
0.15959076923076923
0.14790830769230767
0.1218313846153846
0.08156861538461539
0.03671630769230769
-0.014185846153846153
-0.04965046153846154
-0.07343261538461537
-0.06946892307692307
-0.04714707692307692
-0.018775384615384614
0.03024923076923077
0.08219446153846154
0.13706030769230768
0.1860849230769231
0.21529107692307692
0.21174461538461536
0.17899199999999998
0.12621230769230768
0.06195876923076923
-0.0070929230769230765
-0.08219446153846154
-0.15520984615384617
-0.21633415384615384
-0.24700061538461537
-0.24908676923076922
-0.21633415384615384
-0.16251138461538459
-0.10994030769230768
-0.05090215384615384
0.009387692307692307
0.06821723076923077
0.111192
0.12579507692307693
0.11599015384615384
0.09012184615384615
0.06195876923076923
0.029414769230769227
0.0022947692307692304
-0.025659692307692307
-0.059664
-0.07823076923076923
-0.08720123076923077
-0.08115138461538463
-0.07384984615384615
-0.07113784615384615
-0.07259815384615384
-0.06446215384615385
-0.041514461538461535
-0.013768615384615384
0.023782153846153845
0.05319692307692307
0.09137353846153846
0.13372246153846154
0.1704387692307692
0.1923433846153846
0.18358153846153846
0.15291507692307693
0.1070196923076923
0.06133292307692308
0.013560000000000001
-0.03921969230769231
-0.09262523076923077
-0.12662953846153846
-0.12016246153846154
-0.09241661538461539
-0.04819015384615385
-0.017523692307692306
0.005215384615384615
0.018358153846153843
0.013560000000000001
-0.0077187692307692304
-0.05507446153846154
-0.09325107692307691
-0.12704676923076924
-0.09408553846153846
-0.015646153846153844
0.15771323076923077
0.28934953846153844
0.3467187692307692
0.482736
0.5169489230769231
0.5634701538461538
0.4983821538461538
0.29101846153846156
0.04526953846153846
-0.3127144615384615
-0.5607581538461538
-0.8037950769230768
-0.983412923076923
-1.049126769230769
-1.0480836923076924
-0.8029606153846153
-0.46145723076923073
-0.002086153846153846
0.4750172307692308
0.8154775384615385
1.1127544615384615
1.2135156923076922
1.1636566153846153
0.9544153846153846
0.5219556923076923
0.06633969230769231
-0.4401784615384615
-0.8784793846153847
-1.0887636923076924
-1.1882732307692307
-1.0835483076923076
-0.8459353846153846
-0.5409396923076923
-0.11286092307692308
0.29101846153846156
0.6867618461538461
0.9817440000000001
1.0887636923076924
1.0704055384615385
0.9022615384615383
0.6665261538461538
0.36027876923076924
-0.032544
-0.4080516923076923
-0.7537273846153846
-0.9788233846153845
-1.0606006153846153
-1.062060923076923
-0.9475310769230769
-0.7589427692307691
-0.5029716923076922
-0.1787833846153846
0.10806276923076923
0.3538116923076923
0.5499101538461538
0.6573470769230768
0.7449655384615385
0.763115076923077
0.6834239999999999
0.5275883076923077
0.2862203076923077
0.030040615384615384
-0.2374043076923077
-0.48649107692307686
-0.6940633846153845
-0.8526110769230768
-0.900384
-0.8480215384615384
-0.6615193846153845
-0.34943076923076927
0.011265230769230769
0.4170221538461538
0.7898178461538462
1.088137846153846
1.2884086153846155
1.3146941538461536
1.1911938461538463
0.8978806153846154
0.47418276923076924
0.018775384615384614
-0.450192
-0.8578264615384615
-1.1632393846153846
-1.3265852307692307
-1.2829846153846154
-1.0497526153846155
-0.6694467692307693
-0.20632061538461538
0.2799618461538461
0.7591513846153846
1.136328
1.3509932307692307
1.3843716923076923
1.185144
0.8290375384615384
0.3815575384615385
-0.10722830769230769
-0.5380190769230769
-0.9016356923076922
-1.1248541538461538
-1.1795113846153846
-1.0900153846153846
-0.824448
-0.4647950769230769
-0.06863446153846153
0.3225193846153846
0.6352338461538461
0.861372923076923
0.9448190769230769
0.8972547692307693
0.7393329230769231
0.471888
0.1721076923076923
-0.14686523076923075
-0.4216116923076923
-0.6160412307692308
-0.7480947692307692
-0.7685390769230769
-0.7017821538461538
-0.5680596923076923
-0.3652855384615385
-0.15291507692307693
0.047772923076923074
0.21925476923076925
0.3415033846153846
0.43579753846153846
0.4789809230769231
0.45603323076923075
0.3844781538461538
0.2734947692307692
0.1612596923076923
0.04985907692307692
-0.06300184615384616
-0.15479261538461536
-0.22947692307692308
-0.27558092307692306
-0.29727692307692305
-0.29039261538461536
-0.2517987692307692
-0.20986707692307693
-0.14102399999999998
-0.05069353846153846
0.03984553846153846
0.14582215384615385
0.23823876923076923
0.3241883076923077
0.3903193846153846
0.39532615384615377
0.3617390769230769
0.2753723076923077
0.14978584615384616
0.017523692307692306
-0.11953661538461538
-0.2273907692307692
-0.3045784615384615
-0.3342018461538461
-0.29352184615384613
-0.21091015384615383
-0.08657538461538461
0.05048492307692308
0.16751815384615384
0.260352
0.29498215384615384
0.28955815384615385
0.2526332307692308
0.18149538461538461
0.10055261538461538
0.0022947692307692304
-0.07134646153846153
-0.1070196923076923
-0.11432123076923076
-0.07551876923076924
-0.018775384615384614
0.05674338461538461
0.14269292307692305
0.21070153846153844
0.26494153846153845
0.27182584615384614
0.2209236923076923
0.1356
0.019609846153846155
-0.0853236923076923
-0.17419384615384614
-0.24762646153846155
-0.279336
-0.27787569230769227
-0.2138307692307692
-0.10660246153846153
0.017315076923076923
0.15646153846153846
0.25659692307692306
0.3148006153846154
0.3252313846153846
0.27453784615384613
0.18483323076923078
0.05403138461538461
-0.09241661538461539
-0.2225926153846154
-0.3156350769230769
-0.35047384615384614
-0.3319070769230769
-0.26535876923076923
-0.1614683076923077
-0.03400430769230769
0.1070196923076923
0.23135446153846154
0.3079163076923077
0.3225193846153846
0.26911384615384615
0.1802436923076923
0.07259815384615384
-0.04860738461538461
-0.16251138461538459
-0.26494153846153845
-0.33545353846153847
-0.3510996923076923
-0.31542646153846154
-0.238656
-0.15082892307692305
-0.065088
0.022530461538461537
0.08949599999999999
0.138312
0.15333230769230768
0.12454338461538461
0.065088
-0.007927384615384614
-0.05924676923076923
-0.09158215384615384
-0.09825784615384614
-0.08052553846153847
-0.05924676923076923
-0.020652923076923076
0.02795446153846154
0.06967753846153846
0.10389046153846154
0.11494707692307692
0.10597661538461538
0.08219446153846154
0.04526953846153846
0.014603076923076923
-0.006884307692307692
-0.015437538461538461
-0.0014603076923076922
0.03421292307692308
0.09137353846153846
0.15145476923076923
0.18379015384615385
0.18983999999999998
0.168144
0.12683815384615382
0.07843938461538462
0.012934153846153845
-0.051319384615384614
-0.11494707692307692
-0.15792184615384616
-0.16021661538461537
-0.13455692307692307
-0.07238953846153846
0.0004172307692307692
0.07697907692307693
0.15103753846153847
0.20277415384615383
0.23823876923076923
0.22947692307692308
0.18253846153846154
0.1151556923076923
0.037342153846153844
-0.02357353846153846
-0.06613107692307692
-0.08490646153846154
-0.08720123076923077
-0.07593599999999999
-0.03045784615384615
0.045060923076923075
0.12329169230769231
0.18399876923076922
0.20965846153846154
0.19818461538461538
0.15875630769230767
0.1028473846153846
0.042974769230769226
-0.024408000000000003
-0.07802215384615384
-0.10159569230769232
-0.0936683076923077
-0.056951999999999996
-0.005215384615384615
0.058412307692307694
0.11807630769230769
0.1696043076923077
0.222384
0.25367630769230765
0.24866953846153847
0.21362215384615382
0.143736
0.06195876923076923
-0.02357353846153846
-0.1028473846153846
-0.15959076923076923
-0.20193969230769232
-0.2207150769230769
-0.20798953846153845
-0.16334584615384617
-0.0974233846153846
-0.02211323076923077
0.04965046153846154
0.11181784615384616
0.16000799999999998
0.17690584615384616
0.1585476923076923
0.0988836923076923
0.0050067692307692304
-0.09679753846153846
-0.1994363076923077
-0.287472
-0.3485963076923077
-0.37425600000000003
-0.36319938461538465
-0.309168
-0.21862892307692305
-0.11202646153846153
0.009179076923076922
0.11348676923076922
0.19171753846153847
0.2480436923076923
0.2641070769230769
0.2411593846153846
0.17982646153846152
0.09658892307692307
0.004798153846153846
-0.08135999999999999
-0.14457046153846154
-0.19380369230769232
-0.21320492307692307
-0.20360861538461536
-0.16626646153846153
-0.08720123076923077
0.0077187692307692304
0.10743692307692307
0.19025723076923076
0.25117292307692307
0.3012406153846154
0.31772123076923076
0.29873723076923075
0.24700061538461537
0.16772676923076923
0.08344615384615384
-0.0029206153846153843
-0.07823076923076923
-0.14018953846153845
-0.20047938461538461
-0.23928184615384615
-0.25138153846153843
-0.23177169230769232
-0.19150892307692308
-0.1424843076923077
-0.07843938461538462
-0.012308307692307691
0.06717415384615384
0.14978584615384616
0.21237046153846154
0.25805723076923076
0.26306399999999996
0.23761292307692305
0.1881710769230769
0.10806276923076923
0.021904615384615383
-0.07197230769230768
-0.15416676923076922
-0.20840676923076923
-0.23156307692307693
-0.20694646153846152
-0.1558356923076923
-0.08636676923076922
0.006049846153846154
0.10806276923076923
0.2056947692307692
0.2845513846153846
0.32982092307692307
0.3339932307692307
0.2979027692307692
0.2355267692307692
0.15374953846153847
0.052153846153846155
-0.04860738461538461
-0.13768615384615385
-0.20652923076923077
-0.23928184615384615
-0.23239753846153846
-0.19588984615384614
-0.15333230769230768
-0.09554584615384615
-0.021696
0.043600615384615383
0.08824430769230769
0.10201292307692307
0.09179076923076923
0.06842584615384616
0.03609046153846154
0.008136
-0.015646153846153844
-0.037967999999999995
-0.058412307692307694
-0.08031692307692308
-0.08469784615384615
-0.07635323076923077
-0.06821723076923077
-0.05736923076923077
-0.054657230769230764
-0.053614153846153846
-0.04631261538461538
-0.04422646153846154
-0.041514461538461535
-0.033169846153846154
-0.019192615384615384
0.014394461538461538
0.05757784615384615
0.10493353846153847
0.13768615384615385
0.14561353846153846
0.14916
0.14164984615384615
0.11891076923076922
0.07155507692307693
0.007510153846153846
-0.05403138461538461
-0.10660246153846153
-0.1424843076923077
-0.15208061538461537
-0.1341396923076923
-0.10681107692307691
-0.06654830769230768
-0.011473846153846154
0.05069353846153846
0.09846646153846153
0.1136953846153846
0.10639384615384614
0.08490646153846154
0.04631261538461538
-0.008761846153846153
-0.07259815384615384
-0.14331876923076922
-0.20527753846153846
-0.2399076923076923
-0.2422024615384615
-0.2127876923076923
-0.15604430769230768
-0.09491999999999999
-0.03650769230769231
-0.0025033846153846152
0.007927384615384614
-0.0033378461538461535
-0.028163076923076923
-0.07092923076923077
-0.13643446153846153
-0.18399876923076922
-0.2238443076923077
-0.19442953846153843
-0.13935507692307691
0.03984553846153846
0.17148184615384612
0.1397723076923077
0.21111876923076925
0.1785747692307692
0.214248
0.19526400000000002
-0.0077187692307692304
-0.13935507692307691
-0.35151692307692306
-0.35339446153846155
-0.2979027692307692
-0.2989458461538462
-0.21716861538461538
-0.21779446153846155
-0.017523692307692306
0.19714153846153845
0.3805144615384615
0.5469895384615384
0.4518609230769231
0.41013784615384613
0.3077076923076923
0.1666836923076923
0.10159569230769232
-0.11849353846153846
-0.21862892307692305
-0.2951907692307692
-0.40638276923076927
-0.2995716923076923
-0.2292683076923077
-0.08574092307692306
0.09116492307692307
0.143736
0.2641070769230769
0.2993630769230769
0.3473446153846154
0.417648
0.3379569230769231
0.2374043076923077
0.08636676923076922
-0.016897846153846156
-0.038176615384615385
-0.11891076923076922
-0.16438892307692307
-0.21445661538461538
-0.21237046153846154
-0.08386338461538462
0.0008344615384615384
0.08699261538461538
0.1368516923076923
0.1356
0.19797599999999999
0.21049292307692305
0.20256553846153844
0.21132738461538458
0.16021661538461537
0.15896492307692306
0.16689230769230767
0.14185846153846154
0.12037107692307693
0.03775938461538462
-0.030040615384615384
-0.10681107692307691
-0.19442953846153843
-0.23239753846153846
-0.24741784615384615
-0.18775384615384613
-0.13101046153846155
-0.06383630769230769
0.06946892307692307
0.1696043076923077
0.2868461538461538
0.3659113846153846
0.3600701538461538
0.3342018461538461
0.2371956923076923
0.15395815384615386
0.05799507692307692
-0.09825784615384614
-0.200688
-0.2789187692307692
-0.31062830769230765
-0.30019753846153846
-0.2726603076923077
-0.16751815384615384
-0.03775938461538462
0.09053907692307692
0.20527753846153846
0.28100492307692304
0.3652855384615385
0.3942830769230769
0.3456756923076923
0.2578486153846154
0.09554584615384615
-0.042974769230769226
-0.15959076923076923
-0.2799618461538461
-0.31834707692307695
-0.32898646153846156
-0.28663753846153844
-0.18545907692307692
-0.10055261538461538
0.013351384615384614
0.11098338461538461
0.18379015384615385
0.2422024615384615
0.23218892307692307
0.19171753846153847
0.09804923076923076
-0.005841230769230769
-0.08323753846153846
-0.17231630769230769
-0.22280123076923075
-0.2818393846153846
-0.31250584615384613
-0.2737033846153846
-0.22551323076923077
-0.12204
-0.032544
0.024199384615384616
0.10514215384615383
0.1635544615384615
0.20110523076923076
0.1913003076923077
0.12162276923076921
0.06258461538461538
0.013560000000000001
-0.03838523076923077
-0.06759138461538462
-0.10722830769230769
-0.13393107692307693
-0.12266584615384615
-0.07781353846153846
0.005215384615384615
0.07072061538461538
0.13080184615384613
0.1666836923076923
0.1652233846153846
0.1721076923076923
0.15833907692307692
0.14916
0.12600369230769232
0.05236246153846154
-0.006884307692307692
-0.05173661538461538
-0.05716061538461538
-0.020027076923076922
-0.012934153846153845
-0.0033378461538461535
0.016897846153846156
0.04756430769230769
0.11223507692307692
0.15145476923076923
0.15959076923076923
0.13226215384615383
0.09471138461538461
0.09763200000000001
0.09283384615384616
0.07677046153846154
0.037342153846153844
-0.023364923076923075
-0.04693846153846153
-0.06195876923076923
-0.061124307692307686
-0.04735569230769231
-0.04401784615384615
-0.014394461538461538
0.013768615384615384
0.05757784615384615
0.11974523076923077
0.15646153846153846
0.17502830769230768
0.16501476923076921
0.1635544615384615
0.1760713846153846
0.17294215384615383
0.14957723076923077
0.09074769230769231
0.020652923076923076
-0.042974769230769226
-0.08323753846153846
-0.09199938461538461
-0.10430769230769231
-0.12204
-0.10910584615384614
-0.06070707692307692
0.01043076923076923
0.0771876923076923
0.10931446153846153
0.130176
0.14436184615384615
0.14665661538461539
0.12704676923076924
0.06028984615384615
-0.028788923076923077
-0.1218313846153846
-0.20423446153846153
-0.26452430769230767
-0.3022836923076923
-0.3198073846153846
-0.32627446153846157
-0.3004061538461538
-0.23281476923076924
-0.14415323076923076
-0.05090215384615384
0.012099692307692308
0.04735569230769231
0.06070707692307692
0.038176615384615385
0.0002086153846153846
-0.05090215384615384
-0.10096984615384616
-0.13455692307692307
-0.15813046153846153
-0.15354092307692307
-0.11056615384615384
-0.047772923076923074
0.015854769230769228
0.06592246153846154
0.09950953846153845
0.11807630769230769
0.11724184615384614
0.0974233846153846
0.06258461538461538
0.02524246153846154
-0.008136
-0.021278769230769233
-0.0002086153846153846
0.03671630769230769
0.07802215384615384
0.12600369230769232
0.173568
0.1948467692307692
0.18149538461538461
0.13789476923076924
0.06905169230769231
-0.012516923076923077
-0.10201292307692307
-0.1883796923076923
-0.2574313846153846
-0.2858030769230769
-0.25367630769230765
-0.1637630769230769
-0.04547815384615384
0.07426707692307692
0.18983999999999998
0.2805876923076923
0.33023815384615385
0.33524492307692305
0.2920615384615385
0.2127876923076923
0.103056
-0.015646153846153844
-0.12350030769230769
-0.2140393846153846
-0.25930892307692305
-0.26160369230769226
-0.22822523076923076
-0.15750461538461538
-0.059038153846153844
0.05611753846153846
0.16626646153846153
0.25054707692307693
0.3068732307692308
0.32231076923076923
0.292896
0.22718215384615387
0.12016246153846154
-0.002086153846153846
-0.12913292307692306
-0.2275993846153846
-0.28163076923076924
-0.31041969230769234
-0.3016578461538461
-0.2647329230769231
-0.19693292307692306
-0.10722830769230769
-0.017315076923076923
0.058829538461538454
0.11348676923076922
0.14290153846153844
0.1558356923076923
0.15604430769230768
0.12808984615384614
0.08135999999999999
0.016480615384615385
-0.05319692307692307
-0.11035753846153845
-0.15333230769230768
-0.18545907692307692
-0.20277415384615383
-0.19213476923076922
-0.1543753846153846
-0.0936683076923077
-0.01856676923076923
0.06258461538461538
0.14185846153846154
0.20798953846153845
0.25471938461538457
0.2851772307692308
0.27704123076923076
0.21925476923076925
0.13998092307692306
0.03629907692307692
-0.06070707692307692
-0.14394461538461537
-0.22467876923076924
-0.27474646153846155
-0.3054129230769231
-0.2997803076923077
-0.24178523076923078
-0.15082892307692305
-0.04214030769230769
0.07030338461538461
0.16876984615384616
0.24866953846153847
0.3008233846153846
0.3158436923076923
0.29644246153846154
0.2330233846153846
0.14457046153846154
0.044435076923076924
-0.037967999999999995
-0.09763200000000001
-0.1489513846153846
-0.1693956923076923
-0.1693956923076923
-0.1341396923076923
-0.06717415384615384
0.0
0.06592246153846154
0.11473846153846154
0.15166338461538462
0.18337292307692307
0.19380369230769232
0.17669723076923077
0.13455692307692307
0.0826116923076923
0.03775938461538462
0.0016689230769230767
-0.03775938461538462
-0.08720123076923077
-0.14269292307692305
-0.18858830769230767
-0.21341353846153846
-0.2090326153846154
-0.19067446153846154
-0.16626646153846153
-0.12767261538461538
-0.08010830769230769
-0.0014603076923076922
0.08490646153846154
0.15103753846153847
0.19442953846153843
0.1927606153846154
0.1666836923076923
0.12537784615384615
0.059872615384615385
-0.010013538461538461
-0.09158215384615384
-0.15896492307692306
-0.19380369230769232
-0.19526400000000002
-0.15395815384615386
-0.0988836923076923
-0.032544
0.03024923076923077
0.08594953846153845
0.14686523076923075
0.18316430769230768
0.1858763076923077
0.15667015384615385
0.09930092307692308
0.04047138461538462
-0.008344615384615384
-0.051319384615384614
-0.0974233846153846
-0.14269292307692305
-0.1543753846153846
-0.12913292307692306
-0.08240307692307691
-0.030875076923076922
0.003129230769230769
0.02545107692307692
0.042348923076923076
0.06717415384615384
0.08949599999999999
0.08866153846153846
0.07948246153846153
0.073224
0.08344615384615384
0.11098338461538461
0.14415323076923076
0.15938215384615384
0.14853415384615384
0.1205796923076923
0.09471138461538461
0.06133292307692308
0.01043076923076923
-0.03921969230769231
-0.0963803076923077
-0.12788123076923075
-0.12579507692307693
-0.10347323076923076
-0.06070707692307692
-0.024408000000000003
0.009596307692307692
0.047772923076923074
0.0853236923076923
0.11202646153846153
0.09930092307692308
0.046104
-0.017523692307692306
-0.07468430769230769
-0.11056615384615384
-0.12245723076923076
-0.12204
-0.09846646153846153
-0.05653476923076922
0.005632615384615384
0.084072
0.14206707692307693
0.1787833846153846
0.19338646153846153
0.20027076923076922
0.21779446153846155
0.22134092307692307
0.20402584615384614
0.15541846153846153
0.08031692307692308
0.03108369230769231
0.008344615384615384
0.012308307692307691
0.0448523076923077
0.07384984615384615
0.10868861538461538
0.1506203076923077
0.1948467692307692
0.22780799999999998
0.21466523076923077
0.16772676923076923
0.0974233846153846
0.02273907692307692
-0.044435076923076924
-0.10660246153846153
-0.1502030769230769
-0.19296923076923078
-0.21696000000000001
-0.2290596923076923
-0.241368
-0.25346769230769234
-0.21237046153846154
-0.11098338461538461
0.030875076923076922
0.23072861538461537
0.3917796923076923
0.5405224615384615
0.6364855384615384
0.6675692307692307
0.6500455384615383
0.5108990769230769
0.3285692307692308
0.12391753846153845
-0.07030338461538461
-0.25284184615384614
-0.3913624615384615
-0.46354338461538463
-0.48628246153846155
-0.4007501538461538
-0.26681907692307694
-0.09846646153846153
0.10117846153846152
0.27620676923076926
0.39762092307692304
0.4349630769230769
0.3686233846153846
0.23469230769230767
0.0717636923076923
-0.14102399999999998
-0.34046030769230773
-0.511524923076923
-0.629184
-0.6179187692307693
-0.5238332307692307
-0.35318584615384613
-0.16063384615384615
-0.008136
0.13518276923076925
0.22822523076923076
0.2526332307692308
0.2194633846153846
0.1341396923076923
0.05862092307692307
0.01043076923076923
-0.01043076923076923
-0.023990769230769232
-0.05507446153846154
-0.07739630769230768
-0.10848000000000001
-0.13330523076923076
-0.15208061538461537
-0.1873366153846154
-0.1923433846153846
-0.1908830769230769
-0.184416
-0.14018953846153845
-0.11202646153846153
-0.07384984615384615
-0.02211323076923077
0.010848
0.06675692307692307
0.11765907692307691
0.15833907692307692
0.1860849230769231
0.16501476923076921
0.09596307692307693
-0.013560000000000001
-0.1316363076923077
-0.25367630769230765
-0.36257353846153845
-0.42369784615384615
-0.4291218461538462
-0.3339932307692307
-0.15145476923076923
0.049233230769230765
0.25159015384615385
0.40700861538461536
0.5204953846153846
0.5880867692307692
0.5578375384615384
0.4551987692307692
0.2953993846153846
0.11953661538461538
-0.02023569230769231
-0.12037107692307693
-0.18379015384615385
-0.21007569230769232
-0.19609846153846153
-0.13518276923076925
-0.04380923076923077
0.05736923076923077
0.1435273846153846
0.208824
0.25200738461538463
0.24053353846153847
0.19735015384615384
0.12808984615384614
0.029414769230769227
-0.05924676923076923
-0.14999446153846155
-0.20986707692307693
-0.20423446153846153
-0.16584923076923075
-0.09429415384615383
-0.0043809230769230765
0.07405846153846153
0.14665661538461539
0.1913003076923077
0.18316430769230768
0.12099692307692309
0.013351384615384614
-0.09012184615384615
-0.1656406153846154
-0.20778092307692309
-0.2157083076923077
-0.1881710769230769
-0.12329169230769231
-0.040679999999999994
0.06675692307692307
0.16480615384615382
0.21091015384615383
0.20944984615384615
0.16334584615384617
0.10076123076923077
0.022947692307692308
-0.08323753846153846
-0.18274707692307693
-0.2638984615384615
-0.3179298461538461
-0.31751261538461534
-0.2774584615384615
-0.21633415384615384
-0.1397723076923077
-0.05736923076923077
0.026494153846153844
0.10201292307692307
0.16438892307692307
0.19547261538461536
0.18921415384615384
0.14665661538461539
0.06592246153846154
-0.021070153846153846
-0.09867507692307692
-0.16897846153846155
-0.21091015384615383
-0.22321846153846153
-0.20298276923076922
-0.13101046153846155
-0.03880246153846154
0.05590892307692308
0.13914646153846155
0.18983999999999998
0.2342750769230769
0.25430215384615384
0.23636123076923077
0.19547261538461536
0.1356
0.08177723076923075
0.04318338461538461
0.021487384615384613
0.00855323076923077
-0.009179076923076922
-0.022947692307692308
-0.031709538461538456
-0.03942830769230769
-0.051319384615384614
-0.08177723076923075
-0.10660246153846153
-0.11265230769230769
-0.10660246153846153
-0.07802215384615384
-0.040679999999999994
0.011682461538461537
0.07405846153846153
0.13226215384615383
0.19213476923076922
0.23928184615384615
0.2682793846153846
0.2737033846153846
0.25242461538461536
0.21445661538461538
0.1585476923076923
0.100344
0.040054153846153843
-0.021904615384615383
-0.07280676923076923
-0.10493353846153847
-0.09408553846153846
-0.059664
-0.013768615384615384
0.046104
0.09679753846153846
0.1356
0.16167692307692308
0.15562707692307692
0.11432123076923076
0.04193169230769231
-0.045895384615384616
-0.12120553846153845
-0.18337292307692307
-0.2290596923076923
-0.25346769230769234
-0.25054707692307693
-0.2209236923076923
-0.168144
-0.10076123076923077
-0.03337846153846154
0.03775938461538462
0.09971815384615385
0.1358086153846154
0.14561353846153846
0.11640738461538462
0.05027630769230769
-0.03379569230769231
-0.13205353846153844
-0.21675138461538462
-0.2722430769230769
-0.295608
-0.26494153846153845
-0.1927606153846154
-0.09012184615384615
0.03629907692307692
0.157296
0.25430215384615384
0.3131316923076923
0.32085046153846153
0.28163076923076924
0.20819815384615384
0.11223507692307692
-0.0012516923076923076
-0.10764553846153846
-0.1800350769230769
-0.20798953846153845
-0.1908830769230769
-0.14185846153846154
-0.06946892307692307
0.015646153846153844
0.09763200000000001
0.1718990769230769
0.22801661538461537
0.2436627692307692
0.2194633846153846
0.1710646153846154
0.10868861538461538
0.04172307692307692
-0.019192615384615384
-0.05653476923076922
-0.06300184615384616
-0.04172307692307692
0.005424
0.06926030769230769
0.13622584615384614
0.18942276923076923
0.22488738461538463
0.24679199999999998
0.25117292307692307
0.238656
0.21174461538461536
0.16793538461538463
0.11703323076923078
0.06592246153846154
0.022530461538461537
-0.006467076923076923
-0.02899753846153846
-0.051528
-0.0771876923076923
-0.09763200000000001
-0.10076123076923077
-0.09679753846153846
-0.0963803076923077
-0.08156861538461539
-0.04985907692307692
-0.006258461538461538
0.047772923076923074
0.08887015384615385
0.12454338461538461
0.14853415384615384
0.16167692307692308
0.17273353846153844
0.16334584615384617
0.1314276923076923
0.06341907692307691
-0.020652923076923076
-0.09408553846153846
-0.14477907692307693
-0.16438892307692307
-0.15959076923076923
-0.12829846153846153
-0.06633969230769231
0.017315076923076923
0.10576799999999999
0.1856676923076923
0.22968553846153844
0.22968553846153844
0.19463815384615382
0.12788123076923075
0.040262769230769234
-0.058829538461538454
-0.1612596923076923
-0.24449723076923074
-0.29498215384615384
-0.306456
-0.2651501538461538
-0.18775384615384613
-0.10222153846153846
-0.02482523076923077
0.04839876923076923
0.11223507692307692
0.1449876923076923
0.13872923076923074
0.09658892307692307
0.040054153846153843
-0.03400430769230769
-0.10660246153846153
-0.15667015384615385
-0.19526400000000002
-0.20924123076923076
-0.19735015384615384
-0.14603076923076924
-0.06216738461538462
0.02211323076923077
0.0934596923076923
0.14707384615384617
0.184416
0.21675138461538462
0.23072861538461537
0.21967199999999998
0.18754523076923074
0.13101046153846155
0.07259815384615384
0.010013538461538461
-0.03984553846153846
-0.07948246153846153
-0.1178676923076923
-0.1395636923076923
-0.15500123076923078
-0.15208061538461537
-0.14394461538461537
-0.13497415384615385
-0.10889723076923077
-0.07197230769230768
-0.021696
0.03921969230769231
0.10263876923076923
0.15667015384615385
0.19839323076923077
0.22154953846153846
0.22488738461538463
0.20798953846153845
0.16438892307692307
0.0963803076923077
0.01814953846153846
-0.05027630769230769
-0.10347323076923076
-0.14582215384615385
-0.17628
-0.18316430769230768
-0.16710092307692306
-0.13351384615384615
-0.07197230769230768
0.003755076923076923
0.06404492307692307
0.11473846153846154
0.14832553846153845
0.16105107692307694
0.15374953846153847
0.11223507692307692
0.046104
-0.030875076923076922
-0.10096984615384616
-0.15291507692307693
-0.18525046153846153
-0.19547261538461536
-0.19359507692307693
-0.1802436923076923
-0.1506203076923077
-0.11578153846153846
-0.07781353846153846
-0.052153846153846155
-0.027328615384615382
0.009804923076923077
0.04401784615384615
0.0880356923076923
0.11891076923076922
0.12162276923076921
0.11286092307692308
0.092208
0.06863446153846153
0.03400430769230769
-0.026911384615384615
-0.09304246153846155
-0.1489513846153846
-0.17982646153846152
-0.17690584615384616
-0.15103753846153847
-0.10117846153846152
-0.031709538461538456
0.05653476923076922
0.1543753846153846
0.23844738461538462
0.30270092307692303
0.3269003076923077
0.3116713846153846
0.2707827692307692
0.20506892307692307
0.12412615384615384
0.02753723076923077
-0.07593599999999999
-0.17231630769230769
-0.23782153846153845
-0.2709913846153846
-0.2701569230769231
-0.23782153846153845
-0.19442953846153843
-0.12725538461538463
-0.03755076923076923
0.06633969230769231
0.1656406153846154
0.23907323076923076
0.2891409230769231
0.3087507692307692
0.3035353846153846
0.26723630769230766
0.1923433846153846
0.10138707692307691
0.003755076923076923
-0.0717636923076923
-0.11891076923076922
-0.1502030769230769
-0.154584
-0.14832553846153845
-0.12496061538461539
-0.07823076923076923
-0.03045784615384615
0.022530461538461537
0.05924676923076923
0.08198584615384615
0.11014892307692307
0.11870215384615385
0.1218313846153846
0.11807630769230769
0.09679753846153846
0.08010830769230769
0.04672984615384615
0.009596307692307692
-0.026494153846153844
-0.0744756923076923
-0.1207883076923077
-0.15959076923076923
-0.16584923076923075
-0.14728246153846153
-0.11432123076923076
-0.07092923076923077
-0.021487384615384613
0.02357353846153846
0.07030338461538461
0.07885661538461539
0.04318338461538461
0.0035464615384615383
-0.03880246153846154
-0.05319692307692307
-0.078648
-0.10660246153846153
-0.12642092307692307
-0.13038461538461538
-0.10243015384615384
0.05069353846153846
0.13622584615384614
0.04130584615384615
0.03567323076923076
-0.04985907692307692
-0.023990769230769232
0.018983999999999997
-0.154584
-0.2559710769230769
-0.4128498461538462
-0.35339446153846155
-0.1913003076923077
-0.11327815384615383
-0.0070929230769230765
-0.04526953846153846
0.10910584615384614
0.27286892307692306
0.38885907692307686
0.4750172307692308
0.2737033846153846
0.16605784615384614
0.033169846153846154
-0.0897046153846154
-0.07969107692307692
-0.22488738461538463
-0.2357353846153846
-0.2303113846153846
-0.28434276923076923
-0.10389046153846154
0.013560000000000001
0.16856123076923077
0.330864
0.30708184615384615
0.36257353846153845
0.34338092307692303
0.3314898461538462
0.35339446153846155
0.1994363076923077
0.03921969230769231
-0.14311015384615386
-0.22655630769230767
-0.19150892307692308
-0.235944
-0.25346769230769234
-0.2914356923076923
-0.265776
-0.09554584615384615
0.003963692307692307
0.09241661538461539
0.13747753846153846
0.1287156923076923
0.22676492307692306
0.2782929230769231
0.29352184615384613
0.32085046153846153
0.241368
0.1990190769230769
0.1704387692307692
0.08949599999999999
0.012308307692307691
-0.11891076923076922
-0.22134092307692307
-0.2872633846153846
-0.31125415384615385
-0.26368984615384616
-0.18754523076923074
-0.045060923076923075
0.06049846153846154
0.16626646153846153
0.3344104615384615
0.4322510769230769
0.5159058461538462
0.5156972307692308
0.40325353846153844
0.3077076923076923
0.15520984615384617
0.013560000000000001
-0.11849353846153846
-0.290184
-0.36299076923076923
-0.38009723076923074
-0.32210215384615387
-0.20465169230769228
-0.09930092307692308
0.073224
0.25451076923076926
0.4105550769230769
0.49316676923076924
0.47355692307692304
0.45269538461538456
0.36611999999999995
0.222384
0.06800861538461538
-0.15562707692307692
-0.31772123076923076
-0.4163963076923077
-0.4877427692307692
-0.4372578461538461
-0.36674584615384614
-0.2482523076923077
-0.06800861538461538
0.06863446153846153
0.2157083076923077
0.32627446153846157
0.3752990769230769
0.3748818461538461
0.28121353846153846
0.14978584615384616
-0.006675692307692307
-0.1395636923076923
-0.21925476923076925
-0.28768061538461537
-0.30416123076923074
-0.31104553846153843
-0.2730775384615384
-0.1543753846153846
-0.05236246153846154
0.07051199999999999
0.157296
0.18274707692307693
0.24741784615384615
0.2858030769230769
0.29456492307692306
0.276624
0.19526400000000002
0.14331876923076922
0.11807630769230769
0.08323753846153846
0.040262769230769234
-0.04693846153846153
-0.1178676923076923
-0.16042523076923076
-0.18316430769230768
-0.16584923076923075
-0.16793538461538463
-0.1597993846153846
-0.15270646153846154
-0.14540492307692307
-0.08949599999999999
-0.054240000000000003
-0.006258461538461538
0.03838523076923077
0.026494153846153844
0.026494153846153844
0.012934153846153845
0.0029206153846153843
0.006258461538461538
-0.06049846153846154
-0.14290153846153844
-0.19693292307692306
-0.22342707692307692
-0.19588984615384614
-0.15833907692307692
-0.12266584615384615
-0.0744756923076923
-0.0016689230769230767
0.11348676923076922
0.21028430769230766
0.26786215384615386
0.2772498461538462
0.23761292307692305
0.20506892307692307
0.14978584615384616
0.09325107692307691
0.04088861538461538
-0.028371692307692306
-0.05736923076923077
-0.06884307692307692
-0.05444861538461539
-0.0002086153846153846
0.059664
0.11411261538461538
0.1462393846153846
0.16292861538461537
0.16876984615384616
0.15813046153846153
0.119328
0.047981538461538464
-0.03275261538461539
-0.09658892307692307
-0.12642092307692307
-0.12412615384615384
-0.11452984615384615
-0.11098338461538461
-0.08448923076923077
-0.03692492307692308
0.02232184615384615
0.06884307692307692
0.07343261538461537
0.06946892307692307
0.05194523076923077
0.022530461538461537
-0.0014603076923076922
-0.05069353846153846
-0.10055261538461538
-0.12350030769230769
-0.12308307692307692
-0.08866153846153846
-0.043392
0.0016689230769230767
0.053614153846153846
0.0936683076923077
0.11870215384615385
0.11974523076923077
0.10201292307692307
0.06300184615384616
0.0025033846153846152
-0.05236246153846154
-0.11181784615384616
-0.14832553846153845
-0.1597993846153846
-0.1558356923076923
-0.11995384615384615
-0.09012184615384615
-0.05611753846153846
0.0008344615384615384
0.06321046153846153
0.12996738461538462
0.16730953846153845
0.17252492307692308
0.17148184615384612
0.14957723076923077
0.11953661538461538
0.07551876923076924
0.016897846153846156
-0.035464615384615386
-0.08949599999999999
-0.13038461538461538
-0.15166338461538462
-0.14978584615384616
-0.12370892307692308
-0.10180430769230768
-0.0678
-0.020027076923076922
0.017732307692307693
0.06613107692307692
0.10743692307692307
0.12683815384615382
0.12350030769230769
0.08782707692307692
0.04714707692307692
0.007510153846153846
-0.03713353846153846
-0.07927384615384615
-0.11724184615384614
-0.130176
-0.1097316923076923
-0.07155507692307693
-0.029623384615384614
0.007301538461538462
0.05236246153846154
0.1028473846153846
0.15374953846153847
0.20360861538461536
0.22300984615384614
0.22447015384615385
0.21111876923076925
0.1775316923076923
0.14144123076923076
0.08699261538461538
0.025033846153846153
-0.026702769230769228
-0.07238953846153846
-0.0853236923076923
-0.07364123076923076
-0.05090215384615384
-0.011265230769230769
0.027328615384615382
0.0744756923076923
0.11473846153846154
0.13309661538461537
0.13247076923076923
0.09971815384615385
0.04631261538461538
-0.010848
-0.06300184615384616
-0.10597661538461538
-0.14519630769230768
-0.18399876923076922
-0.208824
-0.20965846153846154
-0.18775384615384613
-0.15687876923076924
-0.12934153846153845
-0.10994030769230768
-0.0853236923076923
-0.05069353846153846
-0.016480615384615385
0.018358153846153843
0.032544
0.029206153846153847
0.03629907692307692
0.05736923076923077
0.0855323076923077
0.10409907692307692
0.09971815384615385
0.09429415384615383
0.09450276923076922
0.08761846153846153
0.07113784615384615
0.033169846153846154
-0.014811692307692307
-0.052153846153846155
-0.06821723076923077
-0.05277969230769231
-0.024408000000000003
0.0002086153846153846
0.026494153846153844
0.0609156923076923
0.10889723076923077
0.14832553846153845
0.1639716923076923
0.14144123076923076
0.09074769230769231
0.03358707692307692
-0.032544
-0.09095630769230768
-0.14749107692307692
-0.21195323076923075
-0.2557624615384615
-0.26306399999999996
-0.23656984615384613
-0.17002153846153847
-0.08907876923076924
-0.006049846153846154
0.08031692307692308
0.154584
0.21779446153846155
0.2369870769230769
0.20339999999999997
0.13893784615384613
0.05674338461538461
-0.010848
-0.059664
-0.0974233846153846
-0.12245723076923076
-0.12683815384615382
-0.09053907692307692
-0.03045784615384615
0.03650769230769231
0.09408553846153846
0.12412615384615384
0.14999446153846155
0.17294215384615383
0.1858763076923077
0.184416
0.14811692307692306
0.09784061538461537
0.05319692307692307
0.009596307692307692
-0.015854769230769228
-0.03984553846153846
-0.07259815384615384
-0.08135999999999999
-0.06383630769230769
-0.006884307692307692
0.07072061538461538
0.138312
0.18399876923076922
0.19735015384615384
0.1977673846153846
0.18191261538461537
0.1449876923076923
0.0855323076923077
0.0022947692307692304
-0.06592246153846154
-0.10159569230769232
-0.10889723076923077
-0.078648
-0.042557538461538466
-0.009179076923076922
0.03629907692307692
0.07885661538461539
0.11640738461538462
0.12329169230769231
0.08428061538461538
0.023990769230769232
-0.04276615384615385
-0.09387692307692307
-0.11828492307692307
-0.130176
-0.12558646153846154
-0.10159569230769232
-0.059664
0.003963692307692307
0.07280676923076923
0.12850707692307692
0.15604430769230768
0.15333230769230768
0.1356
0.10910584615384614
0.07280676923076923
0.023990769230769232
-0.03108369230769231
-0.07301538461538462
-0.086784
-0.06905169230769231
-0.04172307692307692
-0.015228923076923076
0.01272553846153846
0.040262769230769234
0.0826116923076923
0.1205796923076923
0.12391753846153845
0.08782707692307692
0.021696
-0.04401784615384615
-0.1097316923076923
-0.1710646153846154
-0.23218892307692307
-0.2887236923076923
-0.3047870769230769
-0.2709913846153846
-0.18775384615384613
-0.08490646153846154
0.008970461538461538
0.0853236923076923
0.1353913846153846
0.16271999999999998
0.165432
0.12579507692307693
0.053614153846153846
-0.027328615384615382
-0.09658892307692307
-0.1358086153846154
-0.14561353846153846
-0.12204
-0.08198584615384615
-0.028163076923076923
0.03880246153846154
0.10827138461538462
0.17231630769230769
0.21737723076923077
0.23052
0.2154996923076923
0.19505538461538463
0.17648861538461538
0.15792184615384616
0.12704676923076924
0.08824430769230769
0.05111076923076923
0.026076923076923077
0.02795446153846154
0.03504738461538461
0.037967999999999995
0.021696
-0.027745846153846152
-0.07238953846153846
-0.14477907692307693
-0.22426153846153846
-0.3152178461538461
-0.4053396923076923
-0.43162523076923076
-0.3903193846153846
-0.24679199999999998
-0.011056615384615385
0.3047870769230769
0.5257107692307692
0.7437138461538461
0.938977846153846
1.0034399999999999
1.0268049230769232
0.8023347692307692
0.45686769230769225
0.006049846153846154
-0.4752258461538461
-0.8505249230769231
-1.2277015384615384
-1.4354824615384614
-1.5253956923076923
-1.386249230769231
-0.9838301538461538
-0.46708984615384613
0.20131384615384615
0.7843938461538461
1.2834018461538461
1.650564923076923
1.7411039999999998
1.6516080000000002
1.2781864615384615
0.7195144615384615
0.11765907692307691
-0.5680596923076923
-1.1110855384615383
-1.4726160000000001
-1.673929846153846
-1.5942387692307693
-1.3806166153846153
-0.9888369230769231
-0.46291753846153844
0.0798996923076923
0.676956923076923
1.1448812307692309
1.4546750769230767
1.5927784615384613
1.5212233846153846
1.318032
0.9212455384615384
0.3957433846153846
-0.15333230769230768
-0.6913513846153846
-1.0772898461538463
-1.327836923076923
-1.4317273846153846
-1.3537052307692308
-1.1592756923076923
-0.8215273846153847
-0.4113895384615384
-0.003755076923076923
0.4128498461538462
0.7695821538461539
1.0505870769230767
1.2521095384615384
1.3067667692307694
1.2385495384615384
1.0261790769230767
0.6936461538461538
0.2939390769230769
-0.16480615384615382
-0.5964313846153846
-0.9717304615384615
-1.2199827692307692
-1.327836923076923
-1.3086443076923076
-1.0916843076923077
-0.7316141538461538
-0.2641070769230769
0.28163076923076924
0.8050467692307692
1.2667126153846153
1.5940301538461539
1.7338024615384615
1.6826916923076922
1.4029384615384615
0.9629686153846154
0.4186910769230769
-0.1867107692307692
-0.7670787692307692
-1.2740141538461538
-1.6119710769230768
-1.7475710769230768
-1.6664196923076922
-1.371228923076923
-0.9245833846153846
-0.3479704615384615
0.28246523076923075
0.8619987692307692
1.3205353846153847
1.5754633846153845
1.5977852307692306
1.4112830769230769
1.0249273846153846
0.5121507692307692
-0.04985907692307692
-0.6114516923076924
-1.0718658461538462
-1.3912559999999998
-1.5370781538461538
-1.4767883076923076
-1.243764923076923
-0.859704
-0.39407446153846154
0.092208
0.5371846153846154
0.872220923076923
1.0985686153846153
1.1790941538461537
1.1094166153846154
0.90852
0.5914246153846153
0.24303692307692307
-0.10764553846153846
-0.41994276923076923
-0.6479593846153846
-0.8006658461538461
-0.843432
-0.780012923076923
-0.6391975384615384
-0.4372578461538461
-0.21508246153846153
0.014811692307692307
0.25242461538461536
0.4508178461538461
0.6008123076923076
0.6882221538461537
0.6930203076923077
0.6394061538461538
0.5202867692307692
0.3707095384615384
0.19442953846153843
-0.007510153846153846
-0.21320492307692307
-0.42995630769230764
-0.6083224615384615
-0.7297366153846154
-0.7829335384615385
-0.7393329230769231
-0.6293926153846153
-0.452904
-0.20924123076923076
0.07218092307692307
0.38072307692307694
0.6431612307692307
0.808176
0.8834861538461539
0.8607470769230768
0.750180923076923
0.5607581538461538
0.3068732307692308
0.021487384615384613
-0.25930892307692305
-0.48565661538461535
-0.6245944615384615
-0.6823809230769231
-0.6550523076923076
-0.5624270769230769
-0.40575692307692307
-0.19463815384615382
0.033169846153846154
0.2674449230769231
0.45791076923076923
0.5924676923076923
0.6652744615384616
0.6615193846153845
0.6099913846153846
0.5071439999999999
0.3510996923076923
0.17669723076923077
0.014185846153846153
-0.11306953846153844
-0.18525046153846153
-0.23239753846153846
-0.2632726153846154
-0.2724516923076923
-0.260352
-0.2157083076923077
-0.14999446153846155
-0.07155507692307693
-0.0029206153846153843
0.05862092307692307
0.12808984615384614
0.2021483076923077
0.27328615384615385
0.31250584615384613
0.31626092307692305
0.292896
0.23969907692307693
0.17169046153846151
0.07280676923076923
-0.05194523076923077
-0.1779489230769231
-0.3035353846153846
-0.39282276923076925
-0.4449766153846154
-0.4599969230769231
-0.4209858461538461
-0.336288
-0.20193969230769232
-0.03129230769230769
0.15374953846153847
0.330864
0.46771569230769233
0.5325950769230768
0.5209126153846153
0.44038707692307694
0.2926873846153846
0.08198584615384615
-0.1693956923076923
-0.41076369230769233
-0.6095741538461538
-0.7359950769230769
-0.7760492307692308
-0.7357864615384615
-0.6083224615384615
-0.4086775384615385
-0.16188553846153847
0.10263876923076923
0.330864
0.49003753846153847
0.5640959999999999
0.5409396923076923
0.44226461538461537
0.2822566153846154
0.07614461538461538
-0.14039815384615384
-0.3346190769230769
-0.47647753846153845
-0.5582547692307692
-0.56952
-0.5198695384615385
-0.42953907692307686
-0.2999889230769231
-0.1489513846153846
0.01981846153846154
0.17690584615384616
0.2872633846153846
0.3613218461538461
0.4030449230769231
0.41535323076923075
0.39365723076923076
0.33524492307692305
0.24887815384615386
0.14018953846153845
0.015020307692307692
-0.08782707692307692
-0.15228923076923076
-0.19797599999999999
-0.2209236923076923
-0.2205064615384615
-0.1881710769230769
-0.12287446153846153
-0.03942830769230769
0.043600615384615383
0.12391753846153845
0.20173107692307693
0.2751636923076923
0.34046030769230773
0.3763421538461538
0.3642424615384615
0.29748553846153847
0.18900553846153845
0.056951999999999996
-0.061750153846153844
-0.16626646153846153
-0.2563883076923077
-0.30061476923076924
-0.30895938461538464
-0.26160369230769226
-0.15625292307692307
-0.02858030769230769
0.1028473846153846
0.21842030769230766
0.30854215384615385
0.36445107692307693
0.37592492307692305
0.33357600000000004
0.24345415384615382
0.12850707692307692
0.010639384615384617
-0.08594953846153845
-0.1476996923076923
-0.184416
-0.19693292307692306
-0.17231630769230769
-0.11536430769230768
-0.037967999999999995
0.040262769230769234
0.10472492307692308
0.15124615384615384
0.1614683076923077
0.15082892307692305
0.11849353846153846
0.06362769230769232
0.0050067692307692304
-0.05069353846153846
-0.08699261538461538
-0.10263876923076923
-0.10201292307692307
-0.08761846153846153
-0.05736923076923077
-0.017315076923076923
0.02795446153846154
0.06988615384615385
0.0988836923076923
0.10263876923076923
0.07572738461538461
0.027328615384615382
-0.038176615384615385
-0.09784061538461537
-0.1462393846153846
-0.18316430769230768
-0.18942276923076923
-0.15792184615384616
-0.09304246153846155
-0.002712
0.100344
0.19964492307692308
0.2845513846153846
0.3490135384615385
0.3713353846153846
0.3425464615384616
0.2659846153846154
0.15646153846153846
0.04172307692307692
-0.06821723076923077
-0.15354092307692307
-0.21654276923076923
-0.254928
-0.25471938461538457
-0.21654276923076923
-0.14686523076923075
-0.058412307692307694
0.034630153846153845
0.1356
0.23677846153846152
0.32001599999999997
0.3750904615384615
0.3832264615384615
0.3467187692307692
0.2722430769230769
0.1718990769230769
0.05194523076923077
-0.07697907692307693
-0.20423446153846153
-0.3239796923076923
-0.4109723076923077
-0.4470627692307692
-0.4228633846153846
-0.3513083076923077
-0.24741784615384615
-0.12516923076923075
0.021278769230769233
0.1704387692307692
0.2883064615384615
0.36445107692307693
0.37363015384615383
0.32982092307692307
0.24762646153846155
0.13706030769230768
0.015646153846153844
-0.116616
-0.23907323076923076
-0.3314898461538462
-0.3750904615384615
-0.3584012307692308
-0.30562153846153844
-0.23114584615384615
-0.13706030769230768
-0.02357353846153846
0.10681107692307691
0.22947692307692308
0.3243969230769231
0.37425600000000003
0.36778892307692307
0.3285692307692308
0.2618123076923077
0.1666836923076923
0.05611753846153846
-0.06905169230769231
-0.17628
-0.23969907692307693
-0.2620209230769231
-0.24658338461538462
-0.21132738461538458
-0.165432
-0.10889723076923077
-0.04318338461538461
0.04088861538461538
0.11953661538461538
0.1802436923076923
0.22467876923076924
0.25200738461538463
0.2737033846153846
0.27328615384615385
0.24720923076923076
0.19192615384615386
0.1097316923076923
0.02899753846153846
-0.04860738461538461
-0.11140061538461538
-0.16271999999999998
-0.21049292307692305
-0.22405292307692307
-0.20277415384615383
-0.15124615384615384
-0.08615815384615384
-0.028371692307692306
0.03483876923076923
0.09825784615384614
0.16730953846153845
0.2355267692307692
0.2803790769230769
0.28788923076923073
0.24741784615384615
0.1883796923076923
0.11807630769230769
0.04172307692307692
-0.03504738461538461
-0.12537784615384615
-0.19797599999999999
-0.2422024615384615
-0.2540935384615385
-0.23093723076923076
-0.19588984615384614
-0.14916
-0.09721476923076922
-0.03713353846153846
0.040679999999999994
0.11745046153846153
0.16418030769230768
0.1787833846153846
0.1666836923076923
0.1449876923076923
0.11390399999999999
0.045895384615384616
-0.054240000000000003
-0.16710092307692306
-0.2632726153846154
-0.3235624615384615
-0.3481790769230769
-0.3373310769230769
-0.2997803076923077
-0.26452430769230767
-0.21028430769230766
-0.11098338461538461
0.0077187692307692304
0.13852061538461538
0.233232
0.2993630769230769
0.3613218461538461
0.42265476923076917
0.46667261538461535
0.4577021538461538
0.3798886153846154
0.18858830769230767
-0.011265230769230769
-0.19860184615384616
-0.30207507692307695
-0.3896935384615384
-0.5146541538461539
-0.5250849230769231
-0.5002596923076923
-0.3148006153846154
-0.07343261538461537
0.13372246153846154
0.3285692307692308
0.4245323076923077
0.5557513846153845
0.5949710769230769
0.5540824615384615
0.427452923076923
0.14102399999999998
-0.11098338461538461
-0.3565236923076923
-0.5165316923076922
-0.5755698461538461
-0.6400319999999999
-0.570563076923077
-0.4303735384615384
-0.24032492307692307
0.030875076923076922
0.24011630769230768
0.4418473846153846
0.5507446153846154
0.5229987692307692
0.5021372307692308
0.39657784615384617
0.2845513846153846
0.1635544615384615
-0.01272553846153846
-0.13706030769230768
-0.2641070769230769
-0.31354892307692306
-0.30207507692307695
-0.31104553846153843
-0.2724516923076923
-0.22634769230769228
-0.12850707692307692
0.01814953846153846
0.1097316923076923
0.17711446153846155
0.1913003076923077
0.1829556923076923
0.19380369230769232
0.15938215384615384
0.1151556923076923
0.065088
0.0029206153846153843
-0.029623384615384614
-0.061124307692307686
-0.08866153846153846
-0.10743692307692307
-0.14728246153846153
-0.1531236923076923
-0.1397723076923077
-0.10722830769230769
-0.04130584615384615
0.018775384615384614
0.11473846153846154
0.2125790769230769
0.2970683076923077
0.3682061538461538
0.39762092307692304
0.3988726153846154
0.33649661538461534
0.24491446153846153
0.15500123076923078
0.03129230769230769
-0.07843938461538462
-0.1614683076923077
-0.20986707692307693
-0.2075723076923077
-0.184416
-0.11619876923076923
-0.02899753846153846
0.06717415384615384
0.19067446153846154
0.28788923076923073
0.34880492307692307
0.3419206153846154
0.26348123076923075
0.17690584615384616
0.06821723076923077
-0.05820369230769231
-0.19150892307692308
-0.314592
-0.36778892307692307
-0.3615304615384615
-0.3072904615384615
-0.20402584615384614
-0.09116492307692307
0.03588184615384615
0.1597993846153846
0.23636123076923077
0.279336
0.2655673846153846
0.2059033846153846
0.12370892307692308
0.012516923076923077
-0.08574092307692306
-0.17732307692307692
-0.23823876923076923
-0.25367630769230765
-0.24053353846153847
-0.18066092307692305
-0.11432123076923076
-0.03400430769230769
0.05069353846153846
0.09408553846153846
0.12683815384615382
0.13205353846153844
0.11244369230769231
0.08115138461538463
0.021904615384615383
-0.03692492307692308
-0.09429415384615383
-0.12996738461538462
-0.12433476923076923
-0.09971815384615385
-0.059664
-0.020652923076923076
0.017523692307692306
0.06341907692307691
0.10576799999999999
0.13434830769230768
0.14081538461538462
0.13518276923076925
0.12391753846153845
0.0974233846153846
0.07072061538461538
0.054657230769230764
0.04902461538461538
0.05945538461538461
0.06988615384615385
0.07781353846153846
0.07572738461538461
0.06049846153846154
0.05486584615384615
0.04714707692307692
0.021696
-0.012308307692307691
-0.042974769230769226
-0.05611753846153846
-0.042348923076923076
-0.021904615384615383
0.008344615384615384
0.035464615384615386
0.059664
0.08949599999999999
0.10326461538461539
0.09784061538461537
0.05528307692307692
-0.0050067692307692304
-0.06759138461538462
-0.12350030769230769
-0.1504116923076923
-0.16188553846153847
-0.154584
-0.1218313846153846
-0.06550523076923077
0.015646153846153844
0.10868861538461538
0.18712800000000002
0.23344061538461539
0.2411593846153846
0.21612553846153845
0.17523692307692307
0.11807630769230769
0.030040615384615384
-0.08094276923076923
-0.1846246153846154
-0.25451076923076926
-0.2737033846153846
-0.24053353846153847
-0.1760713846153846
-0.09700615384615385
-0.013142769230769229
0.07781353846153846
0.16459753846153846
0.2127876923076923
0.20632061538461538
0.15625292307692307
0.07969107692307692
-0.011891076923076923
-0.10409907692307692
-0.19380369230769232
-0.2701569230769231
-0.32314523076923074
-0.3379569230769231
-0.2989458461538462
-0.22113230769230768
-0.1207883076923077
-0.017940923076923077
0.08115138461538463
0.16856123076923077
0.23803015384615384
0.2837169230769231
0.2768326153846154
0.23010276923076922
0.15333230769230768
0.06279323076923077
-0.009804923076923077
-0.0771876923076923
-0.12350030769230769
-0.14957723076923077
-0.157296
-0.11494707692307692
-0.03400430769230769
0.05924676923076923
0.14144123076923076
0.18900553846153845
0.20965846153846154
0.21091015384615383
0.18754523076923074
0.1462393846153846
0.08094276923076923
-0.0014603076923076922
-0.07781353846153846
-0.13226215384615383
-0.15562707692307692
-0.14957723076923077
-0.12391753846153845
-0.09387692307692307
-0.051319384615384614
-0.0016689230769230767
0.03233538461538461
0.058412307692307694
0.06529661538461538
0.059038153846153844
0.04819015384615385
0.026911384615384615
0.006049846153846154
-0.025033846153846153
-0.04965046153846154
-0.05236246153846154
-0.03859384615384615
-0.006884307692307692
0.030875076923076922
0.05820369230769231
0.07051199999999999
0.06550523076923077
0.054657230769230764
0.040262769230769234
0.01940123076923077
-0.005841230769230769
-0.03775938461538462
-0.058829538461538454
-0.07155507692307693
-0.073224
-0.06863446153846153
-0.06300184615384616
-0.04568676923076923
-0.013560000000000001
0.03609046153846154
0.07364123076923076
0.08720123076923077
0.08636676923076922
0.07364123076923076
0.05778646153846154
0.04047138461538462
0.013560000000000001
-0.015854769230769228
-0.03755076923076923
-0.04193169230769231
-0.027328615384615382
-0.008344615384615384
0.014185846153846153
0.03233538461538461
0.05027630769230769
0.07405846153846153
0.09554584615384615
0.11619876923076923
0.12704676923076924
0.13080184615384613
0.13309661538461537
0.127464
0.10868861538461538
0.06738276923076922
0.005215384615384615
-0.058829538461538454
-0.11411261538461538
-0.15833907692307692
-0.18066092307692305
-0.18629353846153843
-0.17565415384615385
-0.15333230769230768
-0.11703323076923078
-0.06487938461538462
-0.025659692307692307
0.005424
0.026702769230769228
0.03880246153846154
0.04631261538461538
0.03421292307692308
0.012934153846153845
-0.016897846153846156
-0.05194523076923077
-0.08490646153846154
-0.10889723076923077
-0.10660246153846153
-0.0934596923076923
-0.0771876923076923
-0.04756430769230769
0.0002086153846153846
0.059038153846153844
0.11807630769230769
0.15938215384615384
0.17481969230769231
0.17273353846153844
0.14665661538461539
0.10201292307692307
0.042557538461538466
-0.022530461538461537
-0.08866153846153846
-0.14457046153846154
-0.16647507692307692
-0.15500123076923078
-0.11327815384615383
-0.05298830769230769
0.018775384615384614
0.09512861538461538
0.16063384615384615
0.20506892307692307
0.21591692307692306
0.18858830769230767
0.13267938461538462
0.06821723076923077
-0.0035464615384615383
-0.06654830769230768
-0.10409907692307692
-0.11828492307692307
-0.0961716923076923
-0.04965046153846154
0.016897846153846156
0.09429415384615383
0.16000799999999998
0.21132738461538458
0.25117292307692307
0.2753723076923077
0.2682793846153846
0.23198030769230768
0.17231630769230769
0.10681107692307691
0.037342153846153844
-0.017523692307692306
-0.044435076923076924
-0.06279323076923077
-0.06800861538461538
-0.056326153846153845
-0.021696
0.026076923076923077
0.06759138461538462
0.09012184615384615
0.09325107692307691
0.09053907692307692
0.09074769230769231
0.07635323076923077
0.04672984615384615
0.01043076923076923
-0.023364923076923075
-0.03921969230769231
-0.04819015384615385
-0.050067692307692306
-0.05590892307692308
-0.07009476923076922
-0.07551876923076924
-0.07551876923076924
-0.06279323076923077
-0.04047138461538462
-0.023990769230769232
-0.006467076923076923
0.021070153846153846
0.06425353846153846
0.10535076923076922
0.1358086153846154
0.14540492307692307
0.13080184615384613
0.100344
0.05778646153846154
0.010848
-0.04714707692307692
-0.10889723076923077
-0.15875630769230767
-0.1760713846153846
-0.168144
-0.13789476923076924
-0.10159569230769232
-0.06863446153846153
-0.014185846153846153
0.04047138461538462
0.0897046153846154
0.12558646153846154
0.1368516923076923
0.13455692307692307
0.11891076923076922
0.10222153846153846
0.08010830769230769
0.048816000000000005
0.015437538461538461
-0.014394461538461538
-0.032544
-0.043600615384615383
-0.045060923076923075
-0.03838523076923077
-0.027745846153846152
-0.0033378461538461535
0.03358707692307692
0.073224
0.11494707692307692
0.14582215384615385
0.1693956923076923
0.1923433846153846
0.21028430769230766
0.21800307692307694
0.19547261538461536
0.15208061538461537
0.0936683076923077
0.03942830769230769
-0.006049846153846154
-0.06049846153846154
-0.11348676923076922
-0.16438892307692307
-0.19755876923076923
-0.208824
-0.18858830769230767
-0.14999446153846155
-0.10743692307692307
-0.053614153846153846
0.00855323076923077
0.08115138461538463
0.1368516923076923
0.168144
0.16292861538461537
0.13622584615384614
0.09784061538461537
0.052153846153846155
-0.0012516923076923076
-0.07280676923076923
-0.14603076923076924
-0.214248
-0.25513661538461535
-0.27286892307692306
-0.26681907692307694
-0.25284184615384614
-0.20632061538461538
-0.09179076923076923
0.05319692307692307
0.22634769230769228
0.3707095384615384
0.469176
0.5434430769230769
0.551579076923077
0.5213298461538461
0.39261415384615383
0.20256553846153844
-0.007510153846153846
-0.20110523076923076
-0.3198073846153846
-0.45624184615384616
-0.4889944615384615
-0.4733483076923077
-0.3942830769230769
-0.20339999999999997
-0.017315076923076923
0.21716861538461538
0.37738523076923075
0.4975476923076923
0.5718147692307692
0.5150713846153846
0.4222375384615385
0.24095076923076922
0.031918153846153846
-0.1792006153846154
-0.39219692307692305
-0.5031803076923077
-0.5511618461538461
-0.4985907692307692
-0.3609046153846154
-0.20193969230769232
-0.005841230769230769
0.15833907692307692
0.30562153846153844
0.4086775384615385
0.3896935384615384
0.32085046153846153
0.20047938461538461
0.06759138461538462
-0.030875076923076922
-0.13789476923076924
-0.222384
-0.2962338461538461
-0.33649661538461534
-0.31626092307692305
-0.2774584615384615
-0.22947692307692308
-0.18983999999999998
-0.14081538461538462
-0.07656184615384615
-0.03421292307692308
-0.0035464615384615383
-0.010222153846153844
-0.04380923076923077
-0.059872615384615385
-0.07760492307692309
-0.06467076923076923
-0.03713353846153846
-0.012099692307692308
0.04422646153846154
0.08887015384615385
0.10430769230769231
0.11327815384615383
0.0798996923076923
0.022530461538461537
-0.0446436923076923
-0.12162276923076921
-0.15959076923076923
-0.17544553846153846
-0.15249784615384615
-0.10159569230769232
-0.037967999999999995
0.04819015384615385
0.12579507692307693
0.18963138461538462
0.2090326153846154
0.1883796923076923
0.15875630769230767
0.10952307692307692
0.061750153846153844
0.018983999999999997
-0.03629907692307692
-0.06654830769230768
-0.0892873846153846
-0.09095630769230768
-0.06216738461538462
-0.04380923076923077
0.002712
0.059664
0.11432123076923076
0.16167692307692308
0.17565415384615385
0.1733593846153846
0.14477907692307693
0.09763200000000001
0.04672984615384615
-0.003129230769230769
-0.025033846153846153
-0.034630153846153845
-0.03921969230769231
-0.0070929230769230765
0.03379569230769231
0.08490646153846154
0.13205353846153844
0.12850707692307692
0.10514215384615383
0.05069353846153846
-0.013142769230769229
-0.054657230769230764
-0.11035753846153845
-0.15208061538461537
-0.1760713846153846
-0.1712732307692308
-0.12016246153846154
-0.06300184615384616
0.0018775384615384615
0.05716061538461538
0.08824430769230769
0.11202646153846153
0.11745046153846153
0.10618523076923077
0.06008123076923077
-0.025659692307692307
-0.10389046153846154
-0.16042523076923076
-0.19150892307692308
-0.19672430769230767
-0.1867107692307692
-0.1449876923076923
-0.07823076923076923
0.006884307692307692
0.10222153846153846
0.17815753846153848
0.2261390769230769
0.24032492307692307
0.21821169230769227
0.17502830769230768
0.1151556923076923
0.03984553846153846
-0.03942830769230769
-0.11160923076923077
-0.1656406153846154
-0.19171753846153847
-0.18316430769230768
-0.15562707692307692
-0.12454338461538461
-0.07927384615384615
-0.026076923076923077
0.044435076923076924
0.12329169230769231
0.16251138461538459
0.1696043076923077
0.15416676923076922
0.1316363076923077
0.13059323076923077
0.11974523076923077
0.10222153846153846
0.08469784615384615
0.07113784615384615
0.08636676923076922
0.10764553846153846
0.12955015384615384
0.13643446153846153
0.11974523076923077
0.10555938461538462
0.08344615384615384
0.05653476923076922
0.025659692307692307
-0.021904615384615383
-0.051528
-0.06633969230769231
-0.059872615384615385
-0.015854769230769228
0.040679999999999994
0.11473846153846154
0.18212123076923076
0.24408
0.30332676923076923
0.31855569230769226
0.2837169230769231
0.20027076923076922
0.086784
-0.02482523076923077
-0.13309661538461537
-0.22676492307692306
-0.2872633846153846
-0.31688676923076925
-0.2993630769230769
-0.24512307692307692
-0.16209415384615386
-0.065088
0.015228923076923076
0.09283384615384616
0.15646153846153846
0.20193969230769232
0.22300984615384614
0.19651569230769228
0.13852061538461538
0.06049846153846154
-0.019609846153846155
-0.08177723076923075
-0.13643446153846153
-0.18212123076923076
-0.19672430769230767
-0.1800350769230769
-0.12767261538461538
-0.06028984615384615
0.0006258461538461538
0.05611753846153846
0.09596307692307693
0.1287156923076923
0.13726892307692307
0.11619876923076923
0.06821723076923077
0.010222153846153844
-0.035464615384615386
-0.07364123076923076
-0.08615815384615384
-0.084072
-0.07489292307692308
-0.05528307692307692
-0.03045784615384615
0.0002086153846153846
0.021696
0.025659692307692307
0.02023569230769231
0.007301538461538462
-0.008970461538461538
-0.003963692307692307
0.011891076923076923
0.026911384615384615
0.04109723076923077
0.05778646153846154
0.09679753846153846
0.12558646153846154
0.13935507692307691
0.13247076923076923
0.09846646153846153
0.07072061538461538
0.031709538461538456
-0.008344615384615384
-0.05069353846153846
-0.09533723076923077
-0.11828492307692307
-0.12350030769230769
-0.0988836923076923
-0.05611753846153846
-0.007927384615384614
0.04318338461538461
0.10117846153846152
0.16584923076923075
0.214248
0.23448369230769228
0.22634769230769228
0.18712800000000002
0.13267938461538462
0.07051199999999999
0.004172307692307692
-0.055491692307692304
-0.11494707692307692
-0.16084246153846155
-0.1792006153846154
-0.1656406153846154
-0.12266584615384615
-0.06279323076923077
0.008136
0.08302892307692307
0.154584
0.2157083076923077
0.2497126153846154
0.25117292307692307
0.22175815384615383
0.16772676923076923
0.1045163076923077
0.029623384615384614
-0.04672984615384615
-0.11599015384615384
-0.16981292307692308
-0.19004861538461537
-0.1873366153846154
-0.165432
-0.13059323076923077
-0.09721476923076922
-0.061750153846153844
-0.015020307692307692
0.03859384615384615
0.08574092307692306
0.11160923076923077
0.10848000000000001
0.09429415384615383
0.07510153846153846
0.04172307692307692
-0.0012516923076923076
-0.046104
-0.08782707692307692
-0.11494707692307692
-0.11432123076923076
-0.09533723076923077
-0.06884307692307692
-0.047772923076923074
-0.031918153846153846
-0.01397723076923077
0.005424
0.024408000000000003
0.026494153846153844
0.011682461538461537
-0.007301538461538462
-0.014394461538461538
-0.002086153846153846
0.010848
0.017940923076923077
0.025033846153846153
0.03421292307692308
0.049233230769230765
0.05298830769230769
0.04318338461538461
0.016063384615384615
-0.03296123076923077
-0.06988615384615385
-0.09074769230769231
-0.09846646153846153
-0.08511507692307693
-0.06383630769230769
-0.03045784615384615
0.01856676923076923
0.07531015384615385
0.13706030769230768
0.18358153846153846
0.2073636923076923
0.2125790769230769
0.19755876923076923
0.16835261538461538
0.11807630769230769
0.051528
-0.02023569230769231
-0.09179076923076923
-0.1397723076923077
-0.15124615384615384
-0.13267938461538462
-0.08845292307692308
-0.023990769230769232
0.058412307692307694
0.14957723076923077
0.23135446153846154
0.28663753846153844
0.295608
0.2624381538461539
0.208824
0.14519630769230768
0.07843938461538462
0.002086153846153846
-0.07343261538461537
-0.13038461538461538
-0.16271999999999998
-0.16418030769230768
-0.14311015384615386
-0.11077476923076923
-0.06675692307692307
-0.014603076923076923
0.041514461538461535
0.09846646153846153
0.14290153846153844
0.16480615384615382
0.16167692307692308
0.1422756923076923
0.11265230769230769
0.06842584615384616
0.01397723076923077
-0.04985907692307692
-0.12141415384615384
-0.1860849230769231
-0.23135446153846154
-0.2578486153846154
-0.27140861538461536
-0.2737033846153846
-0.2582658461538461
-0.21883753846153844
-0.15959076923076923
-0.09679753846153846
-0.043392
0.0018775384615384615
0.03045784615384615
0.03901107692307692
0.026494153846153844
-0.010639384615384617
-0.07092923076923077
-0.1435273846153846
-0.200688
-0.23969907692307693
-0.25451076923076926
-0.2426196923076923
-0.21111876923076925
-0.1502030769230769
-0.06467076923076923
0.032544
0.13184492307692308
0.21028430769230766
0.2624381538461539
0.2837169230769231
0.2724516923076923
0.23490092307692306
0.16647507692307692
0.084072
0.0022947692307692304
-0.07092923076923077
-0.116616
-0.14018953846153845
-0.14477907692307693
-0.11828492307692307
-0.07510153846153846
-0.00855323076923077
0.07572738461538461
0.1543753846153846
0.21508246153846153
0.2399076923076923
0.2303113846153846
0.19505538461538463
0.14415323076923076
0.07405846153846153
-0.005841230769230769
-0.08094276923076923
-0.14102399999999998
-0.16876984615384616
-0.16584923076923075
-0.13267938461538462
-0.08448923076923077
-0.029206153846153847
0.03921969230769231
0.11411261538461538
0.18399876923076922
0.22697353846153845
0.24303692307692307
0.23218892307692307
0.19588984615384614
0.1476996923076923
0.09658892307692307
0.04631261538461538
-0.015646153846153844
-0.07197230769230768
-0.11202646153846153
-0.13726892307692307
-0.1435273846153846
-0.1397723076923077
-0.11640738461538462
-0.0771876923076923
-0.03212676923076923
0.026494153846153844
0.07927384615384615
0.1136953846153846
0.1353913846153846
0.12266584615384615
0.08907876923076924
0.03421292307692308
-0.05319692307692307
-0.12496061538461539
-0.2056947692307692
-0.2651501538461538
-0.2751636923076923
-0.26911384615384615
-0.1923433846153846
-0.10889723076923077
0.09262523076923077
0.29727692307692305
0.3402516923076923
0.43162523076923076
0.4159790769230769
0.39365723076923076
0.34984799999999994
0.154584
-0.021904615384615383
-0.26368984615384616
-0.3819747692307692
-0.4078430769230769
-0.43058215384615384
-0.36299076923076923
-0.32314523076923074
-0.14457046153846154
0.09554584615384615
0.3079163076923077
0.5313433846153847
0.5624270769230769
0.540731076923077
0.477312
0.32564861538461537
0.22530461538461538
0.02899753846153846
-0.14916
-0.2655673846153846
-0.4239064615384615
-0.4113895384615384
-0.33962584615384617
-0.23949046153846154
-0.06821723076923077
0.01981846153846154
0.1353913846153846
0.238656
0.3160523076923077
0.4243236923076923
0.4326683076923077
0.37592492307692305
0.28663753846153844
0.19526400000000002
0.14686523076923075
0.03859384615384615
-0.09241661538461539
-0.21716861538461538
-0.3321156923076923
-0.33607938461538456
-0.31396615384615384
-0.2818393846153846
-0.21696000000000001
-0.17315076923076922
-0.06216738461538462
0.05298830769230769
0.12329169230769231
0.19797599999999999
0.20423446153846153
0.20360861538461536
0.20715507692307691
0.165432
0.10535076923076922
-0.0025033846153846152
-0.12391753846153845
-0.23677846153846152
-0.33524492307692305
-0.3855212307692308
-0.40033292307692303
-0.35339446153846155
-0.28434276923076923
-0.20924123076923076
-0.045895384615384616
0.130176
0.3049956923076923
0.4593710769230769
0.5211212307692308
0.5501187692307692
0.514236923076923
0.4489403076923077
0.3590270769230769
0.1869193846153846
0.026285538461538457
-0.10159569230769232
-0.20632061538461538
-0.2682793846153846
-0.3035353846153846
-0.2707827692307692
-0.16501476923076921
-0.03421292307692308
0.11765907692307691
0.2424110769230769
0.3542289230769231
0.43704923076923075
0.43809230769230767
0.40346215384615386
0.29185292307692307
0.13852061538461538
-0.008344615384615384
-0.18107815384615383
-0.3004061538461538
-0.37321292307692305
-0.4105550769230769
-0.3692492307692308
-0.30833353846153844
-0.21007569230769232
-0.06592246153846154
0.06717415384615384
0.18483323076923078
0.25367630769230765
0.2753723076923077
0.2509643076923077
0.18900553846153845
0.12913292307692306
0.04735569230769231
-0.03859384615384615
-0.12287446153846153
-0.20131384615384615
-0.2288510769230769
-0.2330233846153846
-0.20673784615384616
-0.15208061538461537
-0.11745046153846153
-0.05528307692307692
0.02795446153846154
0.08490646153846154
0.1207883076923077
0.11223507692307692
0.10159569230769232
0.09909230769230769
0.07259815384615384
0.04714707692307692
-0.0012516923076923076
-0.06133292307692308
-0.1097316923076923
-0.14749107692307692
-0.14540492307692307
-0.13768615384615385
-0.12099692307692309
-0.09408553846153846
-0.07343261538461537
-0.027120000000000002
0.016480615384615385
0.06300184615384616
0.10827138461538462
0.10889723076923077
0.10535076923076922
0.10201292307692307
0.09763200000000001
0.10493353846153847
0.07134646153846153
0.019609846153846155
-0.021487384615384613
-0.04547815384615384
-0.03901107692307692
-0.03775938461538462
-0.031918153846153846
-0.021904615384615383
-0.006258461538461538
0.04422646153846154
0.0853236923076923
0.10785415384615385
0.11682461538461539
0.10430769230769231
0.10096984615384616
0.086784
0.06654830769230768
0.053614153846153846
0.03692492307692308
0.040054153846153843
0.04631261538461538
0.05403138461538461
0.07656184615384615
0.09909230769230769
0.1205796923076923
0.12662953846153846
0.12516923076923075
0.13706030769230768
0.143736
0.13914646153846155
0.1151556923076923
0.06926030769230769
0.02357353846153846
-0.02482523076923077
-0.05778646153846154
-0.08448923076923077
-0.11682461538461539
-0.119328
-0.10743692307692307
-0.0771876923076923
-0.03901107692307692
-0.015020307692307692
0.018775384615384614
0.03942830769230769
0.029414769230769227
-0.002086153846153846
-0.059872615384615385
-0.12704676923076924
-0.1881710769230769
-0.23364923076923078
-0.24908676923076922
-0.24574892307692306
-0.21049292307692305
-0.14853415384615384
-0.08073415384615384
-0.003129230769230769
0.05736923076923077
0.10159569230769232
0.12350030769230769
0.11202646153846153
0.09596307692307693
0.05298830769230769
-0.0012516923076923076
-0.04714707692307692
-0.09825784615384614
-0.13038461538461538
-0.1543753846153846
-0.15896492307692306
-0.12579507692307693
-0.06884307692307692
0.01814953846153846
0.1151556923076923
0.20193969230769232
0.2782929230769231
0.31396615384615384
0.3133403076923077
0.2751636923076923
0.1923433846153846
0.08511507692307693
-0.052571076923076915
-0.18274707692307693
-0.28434276923076923
-0.3410861538461538
-0.327108923076923
-0.27975323076923075
-0.19839323076923077
-0.09012184615384615
0.016897846153846156
0.13184492307692308
0.22196676923076922
0.2647329230769231
0.2559710769230769
0.1873366153846154
0.09721476923076922
0.001043076923076923
-0.0936683076923077
-0.17085599999999998
-0.22843384615384613
-0.24345415384615382
-0.21925476923076925
-0.1639716923076923
-0.08615815384615384
-0.006258461538461538
0.086784
0.16876984615384616
0.24095076923076922
0.29832
0.3131316923076923
0.3045784615384615
0.2586830769230769
0.17398523076923075
0.07697907692307693
-0.027120000000000002
-0.12788123076923075
-0.20423446153846153
-0.25159015384615385
-0.24658338461538462
-0.1908830769230769
-0.1070196923076923
-0.010639384615384617
0.073224
0.15228923076923076
0.21654276923076923
0.2557624615384615
0.2682793846153846
0.23969907692307693
0.184416
0.11891076923076922
0.05486584615384615
-0.0025033846153846152
-0.05757784615384615
-0.10535076923076922
-0.14728246153846153
-0.1696043076923077
-0.1558356923076923
-0.11870215384615385
-0.07364123076923076
-0.021278769230769233
0.033169846153846154
0.08574092307692306
0.13935507692307691
0.17586276923076924
0.18629353846153843
0.17085599999999998
0.13768615384615385
0.09763200000000001
0.05382276923076923
0.007510153846153846
-0.04714707692307692
-0.09784061538461537
-0.13914646153846155
-0.16105107692307694
-0.15896492307692306
-0.15145476923076923
-0.13226215384615383
-0.09950953846153845
-0.04172307692307692
0.03567323076923076
0.11849353846153846
0.1873366153846154
0.21842030769230766
0.23448369230769228
0.23072861538461537
0.21216184615384615
0.17273353846153844
0.09512861538461538
0.0018775384615384615
-0.09784061538461537
-0.1804523076923077
-0.23281476923076924
-0.25972615384615383
-0.25471938461538457
-0.21862892307692305
-0.14707384615384617
-0.04652123076923077
0.06446215384615385
0.1712732307692308
0.25764
0.31041969230769234
0.3210590769230769
0.2845513846153846
0.2056947692307692
0.08824430769230769
-0.05799507692307692
-0.20006215384615383
-0.32314523076923074
-0.4026276923076923
-0.42724430769230765
-0.40575692307692307
-0.328152
-0.20965846153846154
-0.05653476923076922
0.1045163076923077
0.23844738461538462
0.33295015384615384
0.3821833846153846
0.3896935384615384
0.3550633846153846
0.2791273846153846
0.1704387692307692
0.04714707692307692
-0.07238953846153846
-0.16876984615384616
-0.22300984615384614
-0.23093723076923076
-0.20402584615384614
-0.14144123076923076
-0.052153846153846155
0.05319692307692307
0.1733593846153846
0.2737033846153846
0.3387913846153846
0.3713353846153846
0.36445107692307693
0.3275261538461538
0.26160369230769226
0.16584923076923075
0.054240000000000003
-0.06133292307692308
-0.16418030769230768
-0.2355267692307692
-0.27704123076923076
-0.2962338461538461
-0.2828824615384615
-0.2411593846153846
-0.17815753846153848
-0.10263876923076923
-0.028163076923076923
0.037342153846153844
0.07927384615384615
0.10618523076923077
0.12642092307692307
0.12955015384615384
0.11160923076923077
0.06759138461538462
0.01272553846153846
-0.03942830769230769
-0.08991323076923076
-0.12600369230769232
-0.16188553846153847
-0.18879692307692306
-0.1883796923076923
-0.1635544615384615
-0.10618523076923077
-0.032544
0.052153846153846155
0.14164984615384615
0.21988061538461537
0.2789187692307692
0.3133403076923077
0.30144923076923075
0.2422024615384615
0.14686523076923075
0.03671630769230769
-0.05736923076923077
-0.1422756923076923
-0.20319138461538463
-0.24178523076923078
-0.2503384615384615
-0.21007569230769232
-0.13038461538461538
-0.02086153846153846
0.09387692307692307
0.18983999999999998
0.25367630769230765
0.28893230769230765
0.2912270769230769
0.2559710769230769
0.18545907692307692
0.08574092307692306
-0.017523692307692306
-0.1045163076923077
-0.15604430769230768
-0.17085599999999998
-0.1502030769230769
-0.09137353846153846
-0.01272553846153846
0.07697907692307693
0.16647507692307692
0.2422024615384615
0.2837169230769231
0.27704123076923076
0.2261390769230769
0.14540492307692307
0.04631261538461538
-0.047981538461538464
-0.1356
-0.20402584615384614
-0.22572184615384616
-0.2127876923076923
-0.15875630769230767
-0.08448923076923077
-0.006675692307692307
0.06967753846153846
0.12934153846153845
0.16856123076923077
0.17377661538461536
0.14290153846153844
0.0826116923076923
0.00855323076923077
-0.05945538461538461
-0.11411261538461538
-0.15416676923076922
-0.17648861538461538
-0.19380369230769232
-0.1881710769230769
-0.16772676923076923
-0.11557292307692307
-0.06550523076923077
-0.03838523076923077
0.0022947692307692304
0.017523692307692306
0.06028984615384615
0.08386338461538462
0.19067446153846154
0.23490092307692306
0.12329169230769231
0.11807630769230769
0.04047138461538462
0.03421292307692308
0.0029206153846153843
-0.1506203076923077
-0.22864246153846152
-0.3584012307692308
-0.3102110769230769
-0.238656
-0.21633415384615384
-0.13998092307692306
-0.14081538461538462
0.014394461538461538
0.16605784615384614
0.28663753846153844
0.40513107692307687
0.31897292307692304
0.2780843076923077
0.21779446153846155
0.11891076923076922
0.06738276923076922
-0.11327815384615383
-0.19735015384615384
-0.24616615384615384
-0.33649661538461534
-0.2436627692307692
-0.17544553846153846
-0.06738276923076922
0.08115138461538463
0.13747753846153846
0.25972615384615383
0.3129230769230769
0.3650769230769231
0.44038707692307694
0.385104
0.31125415384615385
0.20110523076923076
0.11056615384615384
0.053614153846153846
-0.07781353846153846
-0.19150892307692308
-0.3004061538461538
-0.36549415384615386
-0.31834707692307695
-0.2864289230769231
-0.22426153846153846
-0.1353913846153846
-0.05277969230769231
0.10055261538461538
0.1942209230769231
0.2453316923076923
0.30332676923076923
0.28100492307692304
0.27328615384615385
0.2399076923076923
0.16292861538461537
0.07969107692307692
-0.059664
-0.15270646153846154
-0.22989415384615383
-0.29331323076923077
-0.30416123076923074
-0.29331323076923077
-0.19609846153846153
-0.11411261538461538
-0.03337846153846154
0.10430769230769231
0.19651569230769228
0.29414769230769233
0.3544375384615384
0.34233784615384616
0.32377107692307694
0.24074215384615386
0.15187199999999998
0.05403138461538461
-0.08782707692307692
-0.17002153846153847
-0.24595753846153845
-0.2939390769230769
-0.30374399999999996
-0.31104553846153843
-0.2369870769230769
-0.14018953846153845
-0.03775938461538462
0.052153846153846155
0.10618523076923077
0.19442953846153843
0.2517987692307692
0.25659692307692306
0.2330233846153846
0.14081538461538462
0.058412307692307694
-0.014185846153846153
-0.10764553846153846
-0.14999446153846155
-0.19588984615384614
-0.22175815384615383
-0.20256553846153844
-0.19046584615384615
-0.13789476923076924
-0.08365476923076923
-0.028788923076923077
0.04214030769230769
0.09533723076923077
0.15208061538461537
0.1693956923076923
0.16626646153846153
0.16167692307692308
0.12850707692307692
0.09679753846153846
0.031709538461538456
-0.04422646153846154
-0.0974233846153846
-0.16000799999999998
-0.18337292307692307
-0.19568123076923075
-0.20778092307692309
-0.16418030769230768
-0.11828492307692307
-0.06967753846153846
-0.021904615384615383
-0.003755076923076923
0.03379569230769231
0.06362769230769232
0.07572738461538461
0.08365476923076923
0.050067692307692306
0.021070153846153846
-0.01272553846153846
-0.04944184615384615
-0.0609156923076923
-0.078648
-0.07051199999999999
-0.07656184615384615
-0.10201292307692307
-0.10597661538461538
-0.11223507692307692
-0.08657538461538461
-0.04652123076923077
-0.035255999999999996
-0.015646153846153844
0.0012516923076923076
0.03755076923076923
0.1028473846153846
0.12308307692307692
0.1205796923076923
0.10785415384615385
0.09512861538461538
0.1178676923076923
0.14081538461538462
0.15833907692307692
0.15374953846153847
0.13205353846153844
0.13622584615384614
0.13101046153846155
0.1207883076923077
0.09658892307692307
0.04631261538461538
0.018775384615384614
-0.005215384615384615
0.002086153846153846
0.042557538461538466
0.07510153846153846
0.12934153846153845
0.1710646153846154
0.2154996923076923
0.2774584615384615
0.29602523076923076
0.2709913846153846
0.2008966153846154
0.11640738461538462
0.05486584615384615
-0.003963692307692307
-0.06446215384615385
-0.12996738461538462
-0.18921415384615384
-0.21132738461538458
-0.18900553846153845
-0.12662953846153846
-0.05799507692307692
-0.01272553846153846
0.040679999999999994
0.11035753846153845
0.1804523076923077
0.2236356923076923
0.21633415384615384
0.1802436923076923
0.11619876923076923
0.04172307692307692
-0.02586830769230769
-0.10597661538461538
-0.18212123076923076
-0.24491446153846153
-0.2730775384615384
-0.2426196923076923
-0.17231630769230769
-0.08156861538461539
0.007510153846153846
0.09033046153846153
0.16584923076923075
0.2290596923076923
0.26911384615384615
0.2578486153846154
0.19463815384615382
0.10368184615384615
0.004172307692307692
-0.07927384615384615
-0.14728246153846153
-0.20673784615384616
-0.2438713846153846
-0.26640184615384616
-0.24741784615384615
-0.1721076923076923
-0.07969107692307692
0.011265230769230769
0.07551876923076924
0.12433476923076923
0.1802436923076923
0.2194633846153846
0.22655630769230767
0.1992276923076923
0.15249784615384615
0.09053907692307692
0.02273907692307692
-0.04088861538461538
-0.09992676923076924
-0.14999446153846155
-0.18316430769230768
-0.18212123076923076
-0.15208061538461537
-0.09471138461538461
-0.02211323076923077
0.04172307692307692
0.1070196923076923
0.1656406153846154
0.20652923076923077
0.21716861538461538
0.19192615384615386
0.15291507692307693
0.1045163076923077
0.05194523076923077
0.008970461538461538
-0.026702769230769228
-0.06717415384615384
-0.10430769230769231
-0.12662953846153846
-0.12433476923076923
-0.10076123076923077
-0.07802215384615384
-0.053614153846153846
-0.009804923076923077
0.04568676923076923
0.10535076923076922
0.15291507692307693
0.17377661538461536
0.16459753846153846
0.12913292307692306
0.08761846153846153
0.046104
0.006049846153846154
-0.040054153846153843
-0.08302892307692307
-0.1045163076923077
-0.10618523076923077
-0.08469784615384615
-0.05069353846153846
-0.0077187692307692304
0.03108369230769231
0.05611753846153846
0.07572738461538461
0.08386338461538462
0.07906523076923076
0.061750153846153844
0.03984553846153846
0.012516923076923077
-0.004589538461538461
-0.00855323076923077
-0.017315076923076923
-0.029623384615384614
-0.03984553846153846
-0.04380923076923077
-0.04088861538461538
-0.04172307692307692
-0.043600615384615383
-0.030875076923076922
-0.02086153846153846
-0.01043076923076923
0.0035464615384615383
0.016480615384615385
0.03984553846153846
0.05507446153846154
0.06905169230769231
0.08323753846153846
0.08490646153846154
0.07843938461538462
0.06738276923076922
0.07635323076923077
0.09304246153846155
0.10117846153846152
0.11098338461538461
0.11703323076923078
0.12370892307692308
0.13101046153846155
0.13080184615384613
0.12266584615384615
0.10660246153846153
0.07656184615384615
0.04088861538461538
0.004589538461538461
-0.02586830769230769
-0.04985907692307692
-0.06988615384615385
-0.06738276923076922
-0.040054153846153843
-0.0022947692307692304
0.03942830769230769
0.08845292307692308
0.13080184615384613
0.1585476923076923
0.17461107692307692
0.1704387692307692
0.13747753846153846
0.0717636923076923
-0.02273907692307692
-0.12433476923076923
-0.20861538461538462
-0.26932246153846157
-0.29414769230769233
-0.2737033846153846
-0.20798953846153845
-0.10618523076923077
0.01981846153846154
0.14707384615384617
0.25930892307692305
0.3421292307692308
0.3775938461538461
0.3686233846153846
0.3079163076923077
0.19568123076923075
0.042557538461538466
-0.12266584615384615
-0.26911384615384615
-0.3861470769230769
-0.450192
-0.45373846153846153
-0.4047138461538461
-0.31000246153846156
-0.18232984615384615
-0.022947692307692308
0.132888
0.2526332307692308
0.32961230769230765
0.3410861538461538
0.2937304615384615
0.19735015384615384
0.07280676923076923
-0.06028984615384615
-0.19609846153846153
-0.3060387692307692
-0.3763421538461538
-0.39324
-0.3623649230769231
-0.30416123076923074
-0.23344061538461539
-0.1506203076923077
-0.06070707692307692
0.025659692307692307
0.09596307692307693
0.14018953846153845
0.17023015384615386
0.1802436923076923
0.17252492307692308
0.15187199999999998
0.12204
0.08010830769230769
0.023782153846153845
-0.035464615384615386
-0.09679753846153846
-0.15562707692307692
-0.2154996923076923
-0.26619323076923074
-0.30249230769230767
-0.30895938461538464
-0.27850153846153847
-0.2225926153846154
-0.1397723076923077
-0.042557538461538466
0.06383630769230769
0.17023015384615386
0.2707827692307692
0.3481790769230769
0.37363015384615383
0.35193415384615384
0.2862203076923077
0.18983999999999998
0.06842584615384616
-0.06863446153846153
-0.18775384615384613
-0.2730775384615384
-0.3062473846153846
-0.2791273846153846
-0.20506892307692307
-0.10639384615384614
0.013351384615384614
0.14790830769230767
0.28017046153846153
0.3896935384615384
0.4512350769230769
0.45707630769230767
0.4124326153846154
0.3246055384615385
0.21654276923076923
0.10430769230769231
-0.007927384615384614
-0.10076123076923077
-0.16793538461538463
-0.20402584615384614
-0.20298276923076922
-0.17273353846153844
-0.1207883076923077
-0.06258461538461538
-0.0022947692307692304
0.059872615384615385
0.11327815384615383
0.15500123076923078
0.16418030769230768
0.1502030769230769
0.13309661538461537
0.11035753846153845
0.09992676923076924
0.08720123076923077
0.06613107692307692
0.03942830769230769
0.008970461538461538
-0.006884307692307692
-0.027328615384615382
-0.06133292307692308
-0.10681107692307691
-0.14185846153846154
-0.1718990769230769
-0.1977673846153846
-0.222384
-0.2618123076923077
-0.2953993846153846
-0.34275507692307694
-0.2737033846153846
-0.12391753846153845
0.07364123076923076
0.32606584615384615
0.5113163076923077
0.70512
0.8292461538461539
0.8672141538461537
0.7992055384615384
0.5855833846153846
0.2868461538461538
-0.05590892307692308
-0.34338092307692303
-0.5761956923076923
-0.7243126153846153
-0.8006658461538461
-0.794616
-0.6544264615384615
-0.4053396923076923
-0.08302892307692307
0.22780799999999998
0.458328
0.5801593846153845
0.6197963076923076
0.5524135384615385
0.3942830769230769
0.16459753846153846
-0.16105107692307694
-0.4368406153846153
-0.6262633846153846
-0.6946892307692308
-0.6066535384615385
-0.45707630769230767
-0.25930892307692305
-0.06258461538461538
0.078648
0.20110523076923076
0.2526332307692308
0.20256553846153844
0.12350030769230769
0.010848
-0.05611753846153846
-0.062376
-0.03775938461538462
0.021696
0.049233230769230765
0.059664
0.042557538461538466
0.006258461538461538
-0.027745846153846152
-0.10597661538461538
-0.19067446153846154
-0.2626467692307692
-0.32877784615384614
-0.3421292307692308
-0.3440067692307692
-0.3225193846153846
-0.25242461538461536
-0.15166338461538462
0.0025033846153846152
0.18316430769230768
0.3571495384615384
0.5061009230769231
0.588504
0.571188923076923
0.47418276923076924
0.2912270769230769
0.031709538461538456
-0.23761292307692305
-0.46688123076923077
-0.6135378461538461
-0.6421181538461538
-0.5630529230769231
-0.38572984615384615
-0.12600369230769232
0.1504116923076923
0.4145187692307692
0.6248030769230769
0.7286935384615385
0.7282763076923077
0.6469163076923078
0.49692184615384616
0.31229723076923077
0.10618523076923077
-0.1028473846153846
-0.24887815384615386
-0.3314898461538462
-0.3481790769230769
-0.3039526153846154
-0.2127876923076923
-0.07677046153846154
0.08344615384615384
0.25513661538461535
0.38698153846153843
0.4652123076923077
0.47689476923076923
0.4151446153846154
0.3275261538461538
0.22968553846153844
0.13622584615384614
0.07259815384615384
0.03379569230769231
0.03066646153846154
0.08720123076923077
0.1666836923076923
0.24074215384615386
0.2682793846153846
0.23218892307692307
0.1652233846153846
0.07259815384615384
-0.03233538461538461
-0.12579507692307693
-0.19964492307692308
-0.24199384615384617
-0.23510953846153848
-0.17315076923076922
-0.06070707692307692
0.06592246153846154
0.19171753846153847
0.29498215384615384
0.3540203076923077
0.3752990769230769
0.32335384615384616
0.2090326153846154
0.04714707692307692
-0.13872923076923074
-0.29331323076923077
-0.4214030769230769
-0.49108061538461534
-0.4919150769230769
-0.44351630769230765
-0.3210590769230769
-0.14311015384615386
0.058412307692307694
0.2540935384615385
0.4026276923076923
0.4823187692307692
0.4879513846153846
0.417648
0.2724516923076923
0.07030338461538461
-0.14415323076923076
-0.33899999999999997
-0.48982892307692305
-0.5707716923076922
-0.5755698461538461
-0.4919150769230769
-0.3490135384615385
-0.16584923076923075
0.03880246153846154
0.21779446153846155
0.3473446153846154
0.40450523076923073
0.3944916923076923
0.34296369230769225
0.26348123076923075
0.16334584615384617
0.06821723076923077
-0.006467076923076923
-0.043392
-0.04631261538461538
-0.027328615384615382
0.006675692307692307
0.02586830769230769
0.042557538461538466
0.04965046153846154
0.06154153846153846
0.07885661538461539
0.06592246153846154
0.04860738461538461
0.03588184615384615
0.0448523076923077
0.08031692307692308
0.11724184615384614
0.16105107692307694
0.19150892307692308
0.20444307692307692
0.22342707692307692
0.2330233846153846
0.21445661538461538
0.15604430769230768
0.05611753846153846
-0.05382276923076923
-0.1585476923076923
-0.23803015384615384
-0.29352184615384613
-0.3277347692307692
-0.31104553846153843
-0.24345415384615382
-0.1205796923076923
0.024408000000000003
0.15103753846153847
0.23823876923076923
0.2647329230769231
0.24491446153846153
0.19150892307692308
0.09429415384615383
-0.03233538461538461
-0.16772676923076923
-0.2943563076923077
-0.37050092307692306
-0.3882332307692308
-0.3517255384615385
-0.2716172307692308
-0.16438892307692307
-0.04526953846153846
0.07280676923076923
0.17690584615384616
0.23928184615384615
0.23928184615384615
0.1800350769230769
0.08344615384615384
-0.030040615384615384
-0.14728246153846153
-0.2699483076923077
-0.37425600000000003
-0.43433723076923075
-0.431208
-0.3575667692307692
-0.24345415384615382
-0.11223507692307692
0.014603076923076923
0.11724184615384614
0.19004861538461537
0.22530461538461538
0.21132738461538458
0.16105107692307694
0.07426707692307692
-0.027328615384615382
-0.11432123076923076
-0.17669723076923077
-0.19693292307692306
-0.1910916923076923
-0.14144123076923076
-0.05403138461538461
0.05069353846153846
0.16730953846153845
0.25659692307692306
0.31396615384615384
0.3248141538461538
0.290184
0.22989415384615383
0.14164984615384615
0.03859384615384615
-0.06800861538461538
-0.15604430769230768
-0.20652923076923077
-0.21654276923076923
-0.18545907692307692
-0.1289243076923077
-0.056951999999999996
0.01814953846153846
0.08720123076923077
0.14018953846153845
0.1718990769230769
0.17982646153846152
0.17273353846153844
0.16042523076923076
0.14081538461538462
0.11327815384615383
0.06592246153846154
0.01814953846153846
-0.015020307692307692
-0.03400430769230769
-0.03692492307692308
-0.03233538461538461
-0.03421292307692308
-0.03921969230769231
-0.038176615384615385
-0.03024923076923077
-0.014394461538461538
-0.0016689230769230767
0.01272553846153846
0.028788923076923077
0.05090215384615384
0.07823076923076923
0.09450276923076922
0.09784061538461537
0.07656184615384615
0.03588184615384615
-0.011056615384615385
-0.059664
-0.11390399999999999
-0.173568
-0.22843384615384613
-0.2588916923076923
-0.25659692307692306
-0.22551323076923077
-0.16584923076923075
-0.10639384615384614
-0.05194523076923077
-0.004798153846153846
0.028163076923076923
0.05611753846153846
0.05820369230769231
0.033169846153846154
-0.009387692307692307
-0.05820369230769231
-0.0961716923076923
-0.12642092307692307
-0.14832553846153845
-0.15896492307692306
-0.15082892307692305
-0.11327815384615383
-0.05590892307692308
0.015854769230769228
0.0853236923076923
0.13789476923076924
0.17982646153846152
0.19526400000000002
0.18545907692307692
0.1489513846153846
0.08031692307692308
-0.0016689230769230767
-0.0828203076923077
-0.15082892307692305
-0.1927606153846154
-0.19755876923076923
-0.17377661538461536
-0.12141415384615384
-0.05027630769230769
0.028163076923076923
0.1070196923076923
0.15667015384615385
0.17440246153846153
0.16292861538461537
0.1358086153846154
0.09930092307692308
0.05736923076923077
0.01668923076923077
-0.022947692307692308
-0.04714707692307692
-0.04672984615384615
-0.021696
0.015646153846153844
0.059664
0.09992676923076924
0.13309661538461537
0.15604430769230768
0.16647507692307692
0.16418030769230768
0.15187199999999998
0.13247076923076923
0.1028473846153846
0.07802215384615384
0.052571076923076915
0.02899753846153846
0.006884307692307692
-0.002086153846153846
0.013351384615384614
0.04193169230769231
0.07697907692307693
0.10597661538461538
0.12642092307692307
0.13038461538461538
0.11682461538461539
0.09825784615384614
0.07614461538461538
0.04172307692307692
-0.0033378461538461535
-0.05277969230769231
-0.08991323076923076
-0.11140061538461538
-0.1207883076923077
-0.10910584615384614
-0.07635323076923077
-0.026076923076923077
0.02753723076923077
0.07843938461538462
0.11599015384615384
0.13601723076923075
0.1449876923076923
0.138312
0.12329169230769231
0.10055261538461538
0.0678
0.02795446153846154
-0.017523692307692306
-0.056951999999999996
-0.07927384615384615
-0.08240307692307691
-0.07051199999999999
-0.04631261538461538
-0.011682461538461537
0.027328615384615382
0.06258461538461538
0.09199938461538461
0.10159569230769232
0.09199938461538461
0.07739630769230768
0.054657230769230764
0.022530461538461537
-0.022947692307692308
-0.05611753846153846
-0.06821723076923077
-0.07614461538461538
-0.054657230769230764
-0.014185846153846153
0.031709538461538456
0.08469784615384615
0.13080184615384613
0.17982646153846152
0.21237046153846154
0.2127876923076923
0.2008966153846154
0.17231630769230769
0.13518276923076925
0.09012184615384615
0.03483876923076923
-0.005215384615384615
-0.037967999999999995
-0.06258461538461538
-0.06571384615384615
-0.055491692307692304
-0.021904615384615383
0.013768615384615384
0.03859384615384615
0.06571384615384615
0.07635323076923077
0.08323753846153846
0.08428061538461538
0.07364123076923076
0.06362769230769232
0.041514461538461535
0.02858030769230769
0.026076923076923077
0.026494153846153844
0.04047138461538462
0.04839876923076923
0.05674338461538461
0.06216738461538462
0.04693846153846153
0.027745846153846152
0.006049846153846154
-0.00855323076923077
-0.017315076923076923
-0.019609846153846155
-0.004172307692307692
0.019609846153846155
0.050067692307692306
0.06905169230769231
0.0717636923076923
0.06279323076923077
0.03129230769230769
-0.01981846153846154
-0.07572738461538461
-0.1207883076923077
-0.15208061538461537
-0.17231630769230769
-0.1733593846153846
-0.14415323076923076
-0.09325107692307691
-0.02899753846153846
0.03129230769230769
0.084072
0.10743692307692307
0.09179076923076923
0.05590892307692308
-0.02232184615384615
-0.09784061538461537
-0.1597993846153846
-0.222384
-0.2503384615384615
-0.2574313846153846
-0.22551323076923077
-0.15750461538461538
-0.05757784615384615
0.05298830769230769
0.13914646153846155
0.25701415384615384
0.31688676923076925
0.2953993846153846
0.23615261538461538
0.16730953846153845
0.08448923076923077
-0.06279323076923077
-0.1846246153846154
-0.32627446153846157
-0.4178566153846154
-0.39928984615384616
-0.3210590769230769
-0.1869193846153846
-0.061124307692307686
0.1028473846153846
0.26139507692307695
0.37967999999999996
0.450192
0.4024190769230769
0.29227015384615385
0.14123261538461537
-0.017732307692307693
-0.13935507692307691
-0.2707827692307692
-0.36278215384615387
-0.38426953846153844
-0.3467187692307692
-0.24574892307692306
-0.12350030769230769
0.03337846153846154
0.17461107692307692
0.2436627692307692
0.30270092307692303
0.3095852307692307
0.28204799999999997
0.25159015384615385
0.18900553846153845
0.12245723076923076
0.013768615384615384
-0.078648
-0.10618523076923077
-0.11348676923076922
-0.1097316923076923
-0.11578153846153846
-0.10660246153846153
-0.06133292307692308
-0.006884307692307692
0.05236246153846154
0.07551876923076924
0.06863446153846153
0.08490646153846154
0.10597661538461538
0.1316363076923077
0.1531236923076923
0.15103753846153847
0.13309661538461537
0.10368184615384615
0.06633969230769231
0.032544
-0.03045784615384615
-0.10347323076923076
-0.15500123076923078
-0.200688
-0.21111876923076925
-0.1908830769230769
-0.1316363076923077
-0.0446436923076923
0.035255999999999996
0.11202646153846153
0.1860849230769231
0.2478350769230769
0.25993476923076925
0.22154953846153846
0.15228923076923076
0.04985907692307692
-0.05298830769230769
-0.14081538461538462
-0.23281476923076924
-0.3127144615384615
-0.35318584615384613
-0.32606584615384615
-0.25054707692307693
-0.1597993846153846
-0.04172307692307692
0.08699261538461538
0.21216184615384615
0.30708184615384615
0.3383741538461538
0.31772123076923076
0.24679199999999998
0.13351384615384615
-0.005424
-0.14686523076923075
-0.2572227692307692
-0.3235624615384615
-0.3410861538461538
-0.2981113846153846
-0.21111876923076925
-0.08115138461538463
0.07948246153846153
0.22718215384615387
0.34588430769230766
0.42328061538461537
0.45916246153846146
0.4470627692307692
0.3815575384615385
0.2851772307692308
0.16251138461538459
0.029623384615384614
-0.09325107692307691
-0.1942209230769231
-0.2638984615384615
-0.31188
-0.3131316923076923
-0.2643156923076923
-0.1777403076923077
-0.06049846153846154
0.050067692307692306
0.13810338461538463
0.19568123076923075
0.23114584615384615
0.25242461538461536
0.2290596923076923
0.14853415384615384
0.04672984615384615
-0.05590892307692308
-0.14164984615384615
-0.21028430769230766
-0.2680707692307692
-0.2947735384615384
-0.29832
-0.2682793846153846
-0.20548615384615385
-0.13747753846153846
-0.07635323076923077
-0.030040615384615384
0.008344615384615384
0.04860738461538461
0.08386338461538462
0.11327815384615383
0.13518276923076925
0.13330523076923076
0.11432123076923076
0.08010830769230769
0.042557538461538466
0.008344615384615384
-0.03880246153846154
-0.09596307692307693
-0.14561353846153846
-0.16480615384615382
-0.14603076923076924
-0.10722830769230769
-0.05528307692307692
0.002086153846153846
0.05653476923076922
0.12391753846153845
0.19317784615384614
0.2369870769230769
0.23531815384615382
0.20381723076923075
0.16501476923076921
0.11140061538461538
0.04631261538461538
-0.032544
-0.11014892307692307
-0.16730953846153845
-0.20110523076923076
-0.19380369230769232
-0.1476996923076923
-0.07364123076923076
0.017523692307692306
0.11098338461538461
0.20465169230769228
0.2782929230769231
0.32085046153846153
0.31646953846153847
0.26494153846153845
0.18858830769230767
0.0853236923076923
-0.021070153846153846
-0.1178676923076923
-0.1923433846153846
-0.23615261538461538
-0.24720923076923076
-0.200688
-0.1097316923076923
-0.0070929230769230765
0.08219446153846154
0.15562707692307692
0.208824
0.22697353846153845
0.21466523076923077
0.1656406153846154
0.0892873846153846
0.007301538461538462
-0.06383630769230769
-0.10660246153846153
-0.13455692307692307
-0.14519630769230768
-0.12788123076923075
-0.09053907692307692
-0.030875076923076922
0.028163076923076923
0.073224
0.10743692307692307
0.12704676923076924
0.13059323076923077
0.11724184615384614
0.09262523076923077
0.059872615384615385
0.03024923076923077
0.005841230769230769
-0.009804923076923077
-0.019192615384615384
-0.027328615384615382
-0.027745846153846152
-0.026494153846153844
-0.024199384615384616
-0.024408000000000003
-0.03296123076923077
-0.042348923076923076
-0.051528
-0.05757784615384615
-0.05298830769230769
-0.032544
-0.006675692307692307
0.01668923076923077
0.051319384615384614
0.08740984615384616
0.12412615384615384
0.15103753846153847
0.14999446153846155
0.130176
0.09700615384615385
0.05820369230769231
0.02273907692307692
-0.006258461538461538
-0.025659692307692307
-0.03275261538461539
-0.02232184615384615
0.014603076923076923
0.06362769230769232
0.10931446153846153
0.14290153846153844
0.16835261538461538
0.19192615384615386
0.2059033846153846
0.20193969230769232
0.17085599999999998
0.11327815384615383
0.03984553846153846
-0.041514461538461535
-0.119328
-0.1800350769230769
-0.22029784615384615
-0.23344061538461539
-0.21320492307692307
-0.1558356923076923
-0.07906523076923076
0.006258461538461538
0.08490646153846154
0.13372246153846154
0.15374953846153847
0.14331876923076922
0.1136953846153846
0.07301538461538462
0.012934153846153845
-0.05590892307692308
-0.11098338461538461
-0.14582215384615385
-0.15792184615384616
-0.16271999999999998
-0.15228923076923076
-0.12037107692307693
-0.07781353846153846
-0.015646153846153844
0.042348923076923076
0.09262523076923077
0.12934153846153845
0.15416676923076922
0.17231630769230769
0.16501476923076921
0.13226215384615383
0.06321046153846153
-0.021070153846153846
-0.09909230769230769
-0.16438892307692307
-0.20256553846153844
-0.2209236923076923
-0.21696000000000001
-0.18900553846153845
-0.1397723076923077
-0.06216738461538462
0.025033846153846153
0.09846646153846153
0.15687876923076924
0.18712800000000002
0.19985353846153847
0.19797599999999999
0.16751815384615384
0.12975876923076923
0.07259815384615384
0.01043076923076923
-0.03421292307692308
-0.06675692307692307
-0.08386338461538462
-0.08845292307692308
-0.07259815384615384
-0.03671630769230769
0.02086153846153846
0.08907876923076924
0.1449876923076923
0.192552
0.2221753846153846
0.23239753846153846
0.23010276923076922
0.20778092307692309
0.16438892307692307
0.10180430769230768
0.038176615384615385
-0.012308307692307691
-0.04693846153846153
-0.07551876923076924
-0.09241661538461539
-0.09408553846153846
-0.08699261538461538
-0.06821723076923077
-0.04401784615384615
-0.017940923076923077
-0.0035464615384615383
0.0043809230769230765
0.017940923076923077
0.04276615384615385
0.07551876923076924
0.10222153846153846
0.12120553846153845
0.12266584615384615
0.12120553846153845
0.111192
0.08490646153846154
0.047981538461538464
-0.007510153846153846
-0.05757784615384615
-0.0974233846153846
-0.12141415384615384
-0.12704676923076924
-0.12767261538461538
-0.11911938461538461
-0.09262523076923077
-0.04088861538461538
0.02357353846153846
0.0826116923076923
0.12141415384615384
0.14331876923076922
0.14582215384615385
0.12266584615384615
0.08052553846153847
0.015020307692307692
-0.06571384615384615
-0.1506203076923077
-0.22113230769230768
-0.2563883076923077
-0.26932246153846157
-0.2526332307692308
-0.200688
-0.12558646153846154
-0.02023569230769231
0.08490646153846154
0.1696043076923077
0.2194633846153846
0.22029784615384615
0.18900553846153845
0.13267938461538462
0.061124307692307686
-0.01940123076923077
-0.09784061538461537
-0.16480615384615382
-0.19755876923076923
-0.1869193846153846
-0.14123261538461537
-0.073224
0.0025033846153846152
0.08490646153846154
0.1612596923076923
0.21967199999999998
0.2422024615384615
0.22008923076923076
0.15938215384615384
0.0771876923076923
-0.006258461538461538
-0.08052553846153847
-0.14519630769230768
-0.1923433846153846
-0.21091015384615383
-0.19860184615384616
-0.14561353846153846
-0.06341907692307691
0.025659692307692307
0.103056
0.16313723076923078
0.19317784615384614
0.19025723076923076
0.1639716923076923
0.10576799999999999
0.03024923076923077
-0.042557538461538466
-0.09784061538461537
-0.1205796923076923
-0.12120553846153845
-0.10639384615384614
-0.07489292307692308
-0.03045784615384615
0.03233538461538461
0.09679753846153846
0.14018953846153845
0.15500123076923078
0.14331876923076922
0.12120553846153845
0.092208
0.06070707692307692
0.027120000000000002
-0.013768615384615384
-0.047772923076923074
-0.06717415384615384
-0.07843938461538462
-0.0798996923076923
-0.09012184615384615
-0.1045163076923077
-0.11265230769230769
-0.11306953846153844
-0.09846646153846153
-0.08177723076923075
-0.06258461538461538
-0.045895384615384616
-0.020652923076923076
0.021487384615384613
0.058829538461538454
0.08699261538461538
0.09909230769230769
0.09095630769230768
0.08657538461538461
0.0771876923076923
0.05736923076923077
0.03421292307692308
0.002086153846153846
-0.028788923076923077
-0.06550523076923077
-0.12391753846153845
-0.1792006153846154
-0.22572184615384616
-0.249504
-0.2422024615384615
-0.214248
-0.1506203076923077
-0.05090215384615384
0.09679753846153846
0.3210590769230769
0.5903815384615384
0.7750061538461538
0.9304246153846154
1.028473846153846
1.0426596923076923
1.0076123076923076
0.7877316923076922
0.45436430769230773
0.008761846153846153
-0.4564504615384615
-0.8563661538461539
-1.2266584615384615
-1.4628110769230767
-1.589649230769231
-1.4986929230769233
-1.1680375384615385
-0.6773741538461538
-0.029623384615384614
0.5845403076923077
1.1384141538461539
1.5652412307692305
1.7467366153846153
1.715027076923077
1.3908387692307693
0.8615815384615384
0.22447015384615385
-0.5144455384615384
-1.1484276923076921
-1.6046695384615384
-1.8537563076923076
-1.8226726153846153
-1.6023747692307693
-1.1801372307692308
-0.609156923076923
0.025659692307692307
0.6953150769230769
1.2279101538461539
1.5539759999999998
1.6722609230769232
1.581304615384615
1.3384763076923076
0.9247920000000001
0.39282276923076925
-0.16730953846153845
-0.7015735384615385
-1.0870947692307693
-1.318032
-1.3883353846153845
-1.2886172307692305
-1.0699883076923078
-0.7272332307692306
-0.30895938461538464
0.11911938461538461
0.5334295384615384
0.8753501538461538
1.1236024615384614
1.284027692307692
1.3130252307692305
1.2172707692307692
0.9888369230769231
0.6391975384615384
0.206112
-0.26786215384615386
-0.7080406153846154
-1.0812535384615385
-1.3391021538461536
-1.4690695384615384
-1.4538406153846153
-1.2360461538461538
-0.8528196923076923
-0.33899999999999997
0.24303692307692307
0.7950332307692307
1.274222769230769
1.6084246153846153
1.7611310769230768
1.6975033846153844
1.386249230769231
0.8947513846153846
0.29685969230769227
-0.33357600000000004
-0.9093544615384616
-1.3758184615384614
-1.6662110769230767
-1.7348455384615384
-1.5760892307692307
-1.1930713846153846
-0.6448301538461538
0.007301538461538462
0.6867618461538461
1.2713021538461537
1.6910363076923076
1.8938104615384617
1.8493753846153846
1.5767150769230767
1.0923101538461537
0.49358399999999997
-0.12662953846153846
-0.7019907692307692
-1.146132923076923
-1.4342307692307692
-1.5304024615384615
-1.4198363076923077
-1.1267316923076922
-0.6976098461538461
-0.21216184615384615
0.2626467692307692
0.6533833846153847
0.9350141538461538
1.102115076923077
1.1206818461538461
1.000728
0.7439224615384615
0.40012430769230767
0.047772923076923074
-0.2860116923076923
-0.557628923076923
-0.7564393846153846
-0.8907876923076924
-0.9258350769230769
-0.8488559999999999
-0.6777913846153846
-0.44810584615384613
-0.200688
0.045895384615384616
0.2862203076923077
0.4983821538461538
0.6642313846153846
0.7641581538461538
0.7768836923076924
0.7157593846153846
0.5955969230769231
0.4372578461538461
0.24428861538461538
0.024199384615384616
-0.21195323076923075
-0.4478972307692307
-0.641075076923077
-0.7683304615384615
-0.8115138461538461
-0.7747975384615384
-0.6713243076923077
-0.49045476923076925
-0.23907323076923076
0.06404492307692307
0.38280923076923074
0.647124923076923
0.8177723076923077
0.8851550769230768
0.8563661538461539
0.7401673846153847
0.5303003076923076
0.24449723076923074
-0.07823076923076923
-0.3836436923076923
-0.6179187692307693
-0.7572738461538462
-0.8040036923076923
-0.7543532307692307
-0.6141636923076923
-0.39303138461538456
-0.12162276923076921
0.16730953846153845
0.4320424615384615
0.6279323076923077
0.7505981538461538
0.7754233846153845
0.7209747692307692
0.609156923076923
0.4443507692307692
0.24741784615384615
0.04047138461538462
-0.13267938461538462
-0.25367630769230765
-0.31500923076923076
-0.327108923076923
-0.30708184615384615
-0.26160369230769226
-0.18963138461538462
-0.10055261538461538
-0.003129230769230769
0.07531015384615385
0.12141415384615384
0.1570873846153846
0.18650215384615382
0.22113230769230768
0.24199384615384617
0.23677846153846152
0.2157083076923077
0.1792006153846154
0.13768615384615385
0.0897046153846154
0.014185846153846153
-0.08594953846153845
-0.18879692307692306
-0.2730775384615384
-0.32377107692307694
-0.3442153846153846
-0.32982092307692307
-0.2776670769230769
-0.1856676923076923
-0.055491692307692304
0.09116492307692307
0.23844738461538462
0.3565236923076923
0.4239064615384615
0.4383009230769231
0.38072307692307694
0.2626467692307692
0.10368184615384615
-0.07843938461538462
-0.25659692307692306
-0.4193169230769231
-0.533220923076923
-0.5734836923076922
-0.5424
-0.4418473846153846
-0.2887236923076923
-0.10514215384615383
0.0936683076923077
0.2753723076923077
0.41389292307692305
0.4852393846153846
0.47418276923076924
0.40575692307692307
0.2822566153846154
0.12370892307692308
-0.04526953846153846
-0.20715507692307691
-0.32898646153846156
-0.40846892307692306
-0.4405956923076923
-0.4280787692307692
-0.37592492307692305
-0.2795446153846154
-0.15145476923076923
-0.02023569230769231
0.09012184615384615
0.16480615384615382
0.20944984615384615
0.23344061538461539
0.22780799999999998
0.19735015384615384
0.14185846153846154
0.07739630769230768
0.021904615384615383
-0.022947692307692308
-0.05069353846153846
-0.08031692307692308
-0.11181784615384616
-0.13935507692307691
-0.16000799999999998
-0.16334584615384617
-0.157296
-0.12808984615384614
-0.08198584615384615
-0.023364923076923075
0.059664
0.1489513846153846
0.23281476923076924
0.3031181538461538
0.3402516923076923
0.3473446153846154
0.31897292307692304
0.25701415384615384
0.17148184615384612
0.05757784615384615
-0.05924676923076923
-0.16021661538461537
-0.22029784615384615
-0.22989415384615383
-0.200688
-0.1353913846153846
-0.0448523076923077
0.06717415384615384
0.18504184615384617
0.2914356923076923
0.3611132307692308
0.3734215384615384
0.3252313846153846
0.23072861538461537
0.10472492307692308
-0.042557538461538466
-0.1908830769230769
-0.3225193846153846
-0.40742584615384614
-0.43287692307692305
-0.3913624615384615
-0.29685969230769227
-0.17669723076923077
-0.037967999999999995
0.10263876923076923
0.22801661538461537
0.31542646153846154
0.34776184615384614
0.3269003076923077
0.25159015384615385
0.14018953846153845
0.03233538461538461
-0.06321046153846153
-0.15145476923076923
-0.21049292307692305
-0.22488738461538463
-0.1923433846153846
-0.10952307692307692
-0.005424
0.09909230769230769
0.19797599999999999
0.2703655384615385
0.3129230769230769
0.32272799999999996
0.28392553846153845
0.20715507692307691
0.09825784615384614
-0.012516923076923077
-0.09387692307692307
-0.15082892307692305
-0.16626646153846153
-0.1612596923076923
-0.1356
-0.08156861538461539
-0.01814953846153846
0.046104
0.09429415384615383
0.11473846153846154
0.1028473846153846
0.06571384615384615
0.017315076923076923
-0.03942830769230769
-0.12204
-0.20319138461538463
-0.2557624615384615
-0.27328615384615385
-0.2557624615384615
-0.21612553846153845
-0.14749107692307692
-0.06863446153846153
0.01272553846153846
0.09846646153846153
0.1712732307692308
0.21216184615384615
0.21091015384615383
0.1804523076923077
0.138312
0.09596307692307693
0.04672984615384615
-0.016063384615384615
-0.08156861538461539
-0.13059323076923077
-0.1504116923076923
-0.143736
-0.12704676923076924
-0.10597661538461538
-0.084072
-0.06800861538461538
-0.03921969230769231
-0.008136
0.014185846153846153
0.026702769230769228
0.02211323076923077
0.019192615384615384
0.012934153846153845
0.003755076923076923
-0.007510153846153846
-0.03567323076923076
-0.07238953846153846
-0.10243015384615384
-0.12621230769230768
-0.14749107692307692
-0.1666836923076923
-0.18337292307692307
-0.17669723076923077
-0.14039815384615384
-0.084072
-0.027328615384615382
0.012099692307692308
0.042348923076923076
0.06216738461538462
0.07697907692307693
0.09033046153846153
0.08323753846153846
0.06633969230769231
0.040054153846153843
0.01668923076923077
0.011473846153846154
0.010222153846153844
0.013768615384615384
0.01981846153846154
0.03984553846153846
0.0717636923076923
0.10785415384615385
0.14331876923076922
0.1652233846153846
0.1787833846153846
0.192552
0.21091015384615383
0.23135446153846154
0.23761292307692305
0.21779446153846155
0.19004861538461537
0.1693956923076923
0.1637630769230769
0.16897846153846155
0.16981292307692308
0.157296
0.13372246153846154
0.11306953846153844
0.08720123076923077
0.054240000000000003
-0.0002086153846153846
-0.06633969230769231
-0.10910584615384614
-0.11891076923076922
-0.08302892307692307
-0.026285538461538457
0.042974769230769226
0.11745046153846153
0.19380369230769232
0.2689052307692308
0.3062473846153846
0.3012406153846154
0.2374043076923077
0.13518276923076925
0.021696
-0.09158215384615384
-0.17628
-0.23907323076923076
-0.27286892307692306
-0.2697396923076923
-0.22718215384615387
-0.14144123076923076
-0.03024923076923077
0.09179076923076923
0.1948467692307692
0.2647329230769231
0.3079163076923077
0.31855569230769226
0.2920615384615385
0.2157083076923077
0.0892873846153846
-0.05069353846153846
-0.1733593846153846
-0.2651501538461538
-0.31772123076923076
-0.3573581538461538
-0.3490135384615385
-0.2993630769230769
-0.23177169230769232
-0.12037107692307693
-0.011891076923076923
0.10159569230769232
0.1942209230769231
0.2478350769230769
0.2845513846153846
0.29352184615384613
0.26535876923076923
0.2774584615384615
0.2626467692307692
0.08469784615384615
-0.059038153846153844
-0.19964492307692308
-0.27787569230769227
-0.21967199999999998
-0.3316984615384615
-0.4205686153846153
-0.45269538461538456
-0.40596553846153843
-0.16981292307692308
-0.029414769230769227
0.10868861538461538
0.15959076923076923
0.2422024615384615
0.43433723076923075
0.49733907692307694
0.5401052307692308
0.3513083076923077
0.10868861538461538
-0.04401784615384615
-0.26681907692307694
-0.3415033846153846
-0.4779378461538461
-0.5795335384615384
-0.504432
-0.48711692307692306
-0.2914356923076923
-0.05736923076923077
0.1028473846153846
0.3536030769230769
0.4378836923076923
0.47355692307692304
0.5119421538461538
0.43350276923076925
0.4134756923076923
0.2805876923076923
0.07384984615384615
-0.10347323076923076
-0.28163076923076924
-0.30290953846153845
-0.32043323076923075
-0.347136
-0.32669169230769235
-0.2916443076923077
-0.10389046153846154
0.07572738461538461
0.1858763076923077
0.2906012307692308
0.2966510769230769
0.34275507692307694
0.38009723076923074
0.3225193846153846
0.2926873846153846
0.19463815384615382
0.09930092307692308
0.078648
0.01272553846153846
-0.027120000000000002
-0.08344615384615384
-0.16271999999999998
-0.17899199999999998
-0.1992276923076923
-0.19588984615384614
-0.16000799999999998
-0.07551876923076924
0.01814953846153846
0.07218092307692307
0.17628
0.26118646153846153
0.34943076923076927
0.42891323076923077
0.39762092307692304
0.36403384615384615
0.2851772307692308
0.15291507692307693
0.032544
-0.13998092307692306
-0.2832996923076923
-0.3752990769230769
-0.4374664615384615
-0.40992923076923077
-0.34317230769230767
-0.20819815384615384
0.007301538461538462
0.21320492307692307
0.38572984615384615
0.47355692307692304
0.5194523076923077
0.5217470769230769
0.417648
0.25930892307692305
0.016897846153846156
-0.2205064615384615
-0.36632861538461536
-0.4873255384615384
-0.5198695384615385
-0.5010941538461539
-0.4547815384615384
-0.30332676923076923
-0.1424843076923077
0.017523692307692306
0.19046584615384615
0.31083692307692307
0.3942830769230769
0.4036707692307692
0.33315876923076926
0.21508246153846153
0.05507446153846154
-0.09909230769230769
-0.2453316923076923
-0.347136
-0.4109723076923077
-0.4416387692307692
-0.3746732307692308
-0.26619323076923074
-0.12412615384615384
0.020027076923076922
0.10514215384615383
0.1860849230769231
0.24700061538461537
0.24762646153846155
0.2059033846153846
0.0974233846153846
-0.027745846153846152
-0.09679753846153846
-0.1614683076923077
-0.21508246153846153
-0.25847446153846154
-0.29748553846153847
-0.2864289230769231
-0.24720923076923076
-0.17899199999999998
-0.1070196923076923
-0.058412307692307694
-0.005841230769230769
0.02753723076923077
0.05820369230769231
0.08448923076923077
0.09596307692307693
0.12975876923076923
0.12788123076923075
0.11098338461538461
0.11265230769230769
0.09825784615384614
0.11891076923076922
0.10618523076923077
0.03755076923076923
-0.007301538461538462
-0.043600615384615383
-0.03337846153846154
-0.0014603076923076922
0.006258461538461538
0.01710646153846154
0.03275261538461539
0.08469784615384615
0.15333230769230768
0.18879692307692306
0.1927606153846154
0.154584
0.10910584615384614
0.06800861538461538
-0.0008344615384615384
-0.059872615384615385
-0.12767261538461538
-0.18358153846153846
-0.19860184615384616
-0.20110523076923076
-0.15103753846153847
-0.08845292307692308
-0.031709538461538456
0.034630153846153845
0.07280676923076923
0.11745046153846153
0.1558356923076923
0.1462393846153846
0.092208
-0.008970461538461538
-0.1097316923076923
-0.1733593846153846
-0.19818461538461538
-0.19505538461538463
-0.18900553846153845
-0.1570873846153846
-0.07948246153846153
0.025033846153846153
0.12642092307692307
0.18170399999999998
0.20861538461538462
0.2221753846153846
0.20110523076923076
0.16647507692307692
0.09241661538461539
-0.007927384615384614
-0.09283384615384616
-0.1614683076923077
-0.1783661538461538
-0.15959076923076923
-0.13184492307692308
-0.08365476923076923
-0.014185846153846153
0.06675692307692307
0.14957723076923077
0.21779446153846155
0.24574892307692306
0.22780799999999998
0.1710646153846154
0.0988836923076923
0.019609846153846155
-0.05570030769230769
-0.12224861538461537
-0.16710092307692306
-0.17002153846153847
-0.14331876923076922
-0.06633969230769231
0.03504738461538461
0.14102399999999998
0.2411593846153846
0.2943563076923077
0.3193901538461538
0.31646953846153847
0.2632726153846154
0.1829556923076923
0.0936683076923077
0.0006258461538461538
-0.06967753846153846
-0.11911938461538461
-0.14060676923076923
-0.1287156923076923
-0.09095630769230768
-0.023990769230769232
0.053614153846153846
0.1287156923076923
0.18399876923076922
0.2194633846153846
0.2426196923076923
0.2357353846153846
0.20235692307692305
0.15208061538461537
0.07614461538461538
0.01272553846153846
-0.01710646153846154
-0.037967999999999995
-0.04672984615384615
-0.05048492307692308
-0.03984553846153846
-0.005424
0.03358707692307692
0.07051199999999999
0.08991323076923076
0.08866153846153846
0.07906523076923076
0.06258461538461538
0.04422646153846154
0.028371692307692306
0.0004172307692307692
-0.03504738461538461
-0.06321046153846153
-0.08323753846153846
-0.09137353846153846
-0.09471138461538461
-0.09241661538461539
-0.08949599999999999
-0.084072
-0.06154153846153846
-0.03942830769230769
-0.026285538461538457
-0.029414769230769227
-0.04526953846153846
-0.051319384615384614
-0.05319692307692307
-0.059038153846153844
-0.07697907692307693
-0.10722830769230769
-0.12245723076923076
-0.1218313846153846
-0.10576799999999999
-0.07885661538461539
-0.06425353846153846
-0.04944184615384615
-0.03421292307692308
-0.010639384615384617
0.028788923076923077
0.06800861538461538
0.10201292307692307
0.11724184615384614
0.1314276923076923
0.15520984615384617
0.15938215384615384
0.14018953846153845
0.10096984615384616
0.049233230769230765
0.011682461538461537
-0.022947692307692308
-0.05799507692307692
-0.08198584615384615
-0.09554584615384615
-0.08615815384615384
-0.05924676923076923
-0.018983999999999997
0.02232184615384615
0.054240000000000003
0.08115138461538463
0.09909230769230769
0.11140061538461538
0.10889723076923077
0.08010830769230769
0.03921969230769231
-0.007927384615384614
-0.056951999999999996
-0.09533723076923077
-0.13080184615384613
-0.15228923076923076
-0.15103753846153847
-0.12913292307692306
-0.07843938461538462
-0.006884307692307692
0.08177723076923075
0.16063384615384615
0.21195323076923075
0.24574892307692306
0.2632726153846154
0.2620209230769231
0.21862892307692305
0.14081538461538462
0.049233230769230765
-0.04088861538461538
-0.10430769230769231
-0.1397723076923077
-0.15166338461538462
-0.13622584615384614
-0.0988836923076923
-0.02586830769230769
0.07051199999999999
0.13789476923076924
0.19171753846153847
0.22426153846153846
0.23198030769230768
0.22447015384615385
0.18545907692307692
0.11849353846153846
0.027328615384615382
-0.056951999999999996
-0.12308307692307692
-0.17023015384615386
-0.1908830769230769
-0.19338646153846153
-0.17377661538461536
-0.12266584615384615
-0.04401784615384615
0.05027630769230769
0.13205353846153844
0.18149538461538461
0.20924123076923076
0.20944984615384615
0.20298276923076922
0.18775384615384613
0.1502030769230769
0.1028473846153846
0.03358707692307692
-0.02023569230769231
-0.05486584615384615
-0.08115138461538463
-0.09679753846153846
-0.12496061538461539
-0.14206707692307693
-0.12955015384615384
-0.09533723076923077
-0.05528307692307692
-0.027120000000000002
-0.013142769230769229
0.0035464615384615383
0.03609046153846154
0.08240307692307691
0.1097316923076923
0.10535076923076922
0.08699261538461538
0.05757784615384615
0.028371692307692306
-0.013351384615384614
-0.07426707692307692
-0.14206707692307693
-0.21299630769230768
-0.2526332307692308
-0.2415766153846154
-0.19588984615384614
-0.12329169230769231
-0.040679999999999994
0.04839876923076923
0.13726892307692307
0.21132738461538458
0.26368984615384616
0.2670276923076923
0.22551323076923077
0.15228923076923076
0.06633969230769231
-0.00855323076923077
-0.09074769230769231
-0.1800350769230769
-0.25972615384615383
-0.3143833846153846
-0.3141747692307692
-0.2730775384615384
-0.21904615384615383
-0.157296
-0.08615815384615384
0.012308307692307691
0.1178676923076923
0.19380369230769232
0.22175815384615383
0.19505538461538463
0.13622584615384614
0.06446215384615385
0.002086153846153846
-0.05674338461538461
-0.11724184615384614
-0.15333230769230768
-0.15875630769230767
-0.11870215384615385
-0.04401784615384615
0.027745846153846152
0.08219446153846154
0.1136953846153846
0.13518276923076925
0.154584
0.1597993846153846
0.1476996923076923
0.11202646153846153
0.06028984615384615
0.023782153846153845
0.008136
0.018775384615384614
0.03859384615384615
0.04944184615384615
0.054240000000000003
0.05862092307692307
0.06633969230769231
0.06028984615384615
0.027328615384615382
-0.024616615384615383
-0.09158215384615384
-0.14999446153846155
-0.17586276923076924
-0.1867107692307692
-0.1923433846153846
-0.19630707692307692
-0.17628
-0.13810338461538463
-0.06028984615384615
0.0446436923076923
0.1476996923076923
0.2699483076923077
0.35193415384615384
0.4255753846153846
0.48294461538461536
0.4877427692307692
0.46896738461538456
0.36382523076923073
0.21988061538461537
0.062376
-0.08907876923076924
-0.16793538461538463
-0.2789187692307692
-0.33983446153846153
-0.3442153846153846
-0.30416123076923074
-0.1462393846153846
0.005215384615384615
0.1693956923076923
0.2737033846153846
0.32606584615384615
0.3949089230769231
0.3615304615384615
0.2862203076923077
0.1397723076923077
-0.06195876923076923
-0.21341353846153846
-0.38885907692307686
-0.4814843076923077
-0.5052664615384616
-0.5046406153846154
-0.40012430769230767
-0.2870547692307692
-0.14311015384615386
0.006467076923076923
0.11891076923076922
0.24428861538461538
0.2966510769230769
0.2979027692307692
0.2868461538461538
0.2374043076923077
0.20840676923076923
0.14519630769230768
0.04672984615384615
-0.05382276923076923
-0.1783661538461538
-0.2588916923076923
-0.31626092307692305
-0.3536030769230769
-0.34046030769230773
-0.29873723076923075
-0.20006215384615383
-0.07969107692307692
0.017315076923076923
0.11160923076923077
0.16480615384615382
0.19526400000000002
0.21070153846153844
0.18754523076923074
0.168144
0.13476553846153844
0.0961716923076923
0.049233230769230765
-0.03713353846153846
-0.11745046153846153
-0.1867107692307692
-0.23907323076923076
-0.2561796923076923
-0.2628553846153846
-0.21320492307692307
-0.10827138461538462
0.023990769230769232
0.18650215384615382
0.31208861538461535
0.40033292307692303
0.44414215384615385
0.43392000000000003
0.39261415384615383
0.28204799999999997
0.1489513846153846
0.02357353846153846
-0.09199938461538461
-0.15938215384615384
-0.20047938461538461
-0.19150892307692308
-0.138312
-0.07948246153846153
-0.005215384615384615
0.06425353846153846
0.12829846153846153
0.18253846153846154
0.1948467692307692
0.16793538461538463
0.10889723076923077
0.03629907692307692
-0.014185846153846153
-0.06446215384615385
-0.1070196923076923
-0.13330523076923076
-0.14394461538461537
-0.10201292307692307
-0.04401784615384615
0.025033846153846153
0.09491999999999999
0.13706030769230768
0.1800350769230769
0.1992276923076923
0.19588984615384614
0.17002153846153847
0.11140061538461538
0.05924676923076923
0.014394461538461538
-0.010013538461538461
-0.01272553846153846
-0.003963692307692307
0.03421292307692308
0.08073415384615384
0.1314276923076923
0.1792006153846154
0.19004861538461537
0.18525046153846153
0.154584
0.09095630769230768
0.013768615384615384
-0.0828203076923077
-0.1558356923076923
-0.200688
-0.23093723076923076
-0.22008923076923076
-0.1873366153846154
-0.13434830769230768
-0.05736923076923077
0.010848
0.06738276923076922
0.10076123076923077
0.10639384615384614
0.09387692307692307
0.040054153846153843
-0.038176615384615385
-0.11724184615384614
-0.18107815384615383
-0.20819815384615384
-0.22154953846153846
-0.20694646153846152
-0.16271999999999998
-0.09971815384615385
-0.0035464615384615383
0.078648
0.13226215384615383
0.16772676923076923
0.1785747692307692
0.19192615384615386
0.1869193846153846
0.15145476923076923
0.11452984615384615
0.07259815384615384
0.050067692307692306
0.04944184615384615
0.043600615384615383
0.051319384615384614
0.054657230769230764
0.058412307692307694
0.06967753846153846
0.05924676923076923
0.04672984615384615
0.018983999999999997
-0.005632615384615384
-0.018983999999999997
-0.03379569230769231
-0.017940923076923077
-0.004589538461538461
0.019609846153846155
0.050067692307692306
0.0609156923076923
0.0855323076923077
0.11348676923076922
0.1368516923076923
0.13706030769230768
0.100344
0.05069353846153846
0.003755076923076923
-0.040262769230769234
-0.0855323076923077
-0.13935507692307691
-0.18483323076923078
-0.20339999999999997
-0.19296923076923078
-0.15291507692307693
-0.1045163076923077
-0.054240000000000003
-0.009179076923076922
0.029832
0.065088
0.07113784615384615
0.055491692307692304
0.021070153846153846
-0.017940923076923077
-0.04631261538461538
-0.07489292307692308
-0.0897046153846154
-0.09763200000000001
-0.09158215384615384
-0.06654830769230768
-0.03400430769230769
0.01272553846153846
0.04819015384615385
0.06049846153846154
0.06905169230769231
0.07426707692307692
0.07051199999999999
0.05862092307692307
0.03504738461538461
0.0008344615384615384
-0.03504738461538461
-0.06195876923076923
-0.055491692307692304
-0.03108369230769231
-0.016272
-0.003129230769230769
0.009387692307692307
0.024616615384615383
0.03442153846153846
0.025033846153846153
0.004798153846153846
-0.023782153846153845
-0.058412307692307694
-0.0934596923076923
-0.124752
-0.14123261538461537
-0.146448
-0.143736
-0.1207883076923077
-0.0853236923076923
-0.053614153846153846
-0.027745846153846152
-0.013768615384615384
-0.006467076923076923
0.0022947692307692304
0.0077187692307692304
0.011265230769230769
0.012934153846153845
0.006467076923076923
-0.0035464615384615383
-0.0035464615384615383
-0.0033378461538461535
-0.007927384615384614
-0.0070929230769230765
0.0016689230769230767
0.023990769230769232
0.05799507692307692
0.0961716923076923
0.12934153846153845
0.15354092307692307
0.1721076923076923
0.18358153846153846
0.19067446153846154
0.19046584615384615
0.1706473846153846
0.1353913846153846
0.09533723076923077
0.059664
0.030875076923076922
-0.0012516923076923076
-0.04380923076923077
-0.08177723076923075
-0.10347323076923076
-0.10576799999999999
-0.09930092307692308
-0.08302892307692307
-0.05924676923076923
-0.042348923076923076
-0.014394461538461538
0.017732307692307693
0.04276615384615385
0.055491692307692304
0.04318338461538461
0.023364923076923075
-0.006049846153846154
-0.04819015384615385
-0.09304246153846155
-0.14540492307692307
-0.1802436923076923
-0.1927606153846154
-0.18316430769230768
-0.13789476923076924
-0.08636676923076922
-0.02357353846153846
0.04860738461538461
0.10952307692307692
0.16480615384615382
0.19213476923076922
0.18316430769230768
0.15166338461538462
0.09429415384615383
0.028163076923076923
-0.02482523076923077
-0.06967753846153846
-0.10347323076923076
-0.12308307692307692
-0.12266584615384615
-0.0961716923076923
-0.04860738461538461
0.008344615384615384
0.05757784615384615
0.0853236923076923
0.10555938461538462
0.10806276923076923
0.09700615384615385
0.07969107692307692
0.054240000000000003
0.040679999999999994
0.030040615384615384
0.03129230769230769
0.03984553846153846
0.04902461538461538
0.058829538461538454
0.06467076923076923
0.07426707692307692
0.07927384615384615
0.07489292307692308
0.06154153846153846
0.029206153846153847
-0.01814953846153846
-0.06529661538461538
-0.09992676923076924
-0.111192
-0.10326461538461539
-0.06759138461538462
-0.0022947692307692304
0.08135999999999999
0.1718990769230769
0.2540935384615385
0.3035353846153846
0.3152178461538461
0.2924787692307692
0.22321846153846153
0.12788123076923075
0.02273907692307692
-0.06696553846153847
-0.124752
-0.15166338461538462
-0.12955015384615384
-0.06738276923076922
0.023364923076923075
0.12725538461538463
0.22718215384615387
0.30979384615384614
0.3588184615384616
0.3750904615384615
0.3485963076923077
0.2939390769230769
0.21883753846153844
0.11745046153846153
0.006884307692307692
-0.09512861538461538
-0.1760713846153846
-0.2292683076923077
-0.24866953846153847
-0.23928184615384615
-0.21487384615384614
-0.18483323076923078
-0.13476553846153844
-0.07405846153846153
-0.01710646153846154
0.022947692307692308
0.03108369230769231
0.017523692307692306
-0.009387692307692307
-0.029832
-0.05319692307692307
-0.084072
-0.11953661538461538
-0.15270646153846154
-0.16480615384615382
-0.15750461538461538
-0.13706030769230768
-0.10660246153846153
-0.07551876923076924
-0.05048492307692308
-0.016897846153846156
0.017315076923076923
0.045060923076923075
0.06926030769230769
0.07927384615384615
0.08887015384615385
0.10931446153846153
0.1287156923076923
0.1449876923076923
0.1449876923076923
0.12955015384615384
0.10806276923076923
0.07781353846153846
0.04172307692307692
0.0033378461538461535
-0.040679999999999994
-0.08428061538461538
-0.10013538461538461
-0.07677046153846154
-0.029623384615384614
0.027328615384615382
0.08490646153846154
0.13351384615384615
0.17252492307692308
0.19693292307692306
0.20319138461538463
0.17586276923076924
0.11160923076923077
0.04547815384615384
-0.008761846153846153
-0.06383630769230769
-0.11223507692307692
-0.14811692307692306
-0.17023015384615386
-0.15500123076923078
-0.10722830769230769
-0.03838523076923077
0.03859384615384615
0.09825784615384614
0.15228923076923076
0.19735015384615384
0.22864246153846152
0.24303692307692307
0.21842030769230766
0.1656406153846154
0.10055261538461538
0.04380923076923077
0.004589538461538461
-0.027328615384615382
-0.04839876923076923
-0.06279323076923077
-0.05319692307692307
-0.014603076923076923
0.024199384615384616
0.05298830769230769
0.06028984615384615
0.047981538461538464
0.04193169230769231
0.02753723076923077
0.015228923076923076
-0.003755076923076923
-0.04985907692307692
-0.09575446153846154
-0.12788123076923075
-0.12996738461538462
-0.11265230769230769
-0.09012184615384615
-0.06884307692307692
-0.038176615384615385
0.006675692307692307
0.06028984615384615
0.09512861538461538
0.10368184615384615
0.065088
-0.003963692307692307
-0.04526953846153846
-0.07510153846153846
-0.0936683076923077
-0.12204
-0.14582215384615385
-0.13747753846153846
-0.08115138461538463
-0.008136
0.17023015384615386
0.2411593846153846
0.13768615384615385
0.13914646153846155
0.05736923076923077
0.08824430769230769
0.078648
-0.10994030769230768
-0.22154953846153846
-0.3848953846153846
-0.30249230769230767
-0.168144
-0.09700615384615385
0.004798153846153846
-0.02524246153846154
0.14081538461538462
0.28955815384615385
0.39365723076923076
0.444768
0.2127876923076923
0.08699261538461538
-0.04672984615384615
-0.14457046153846154
-0.12662953846153846
-0.265776
-0.26222953846153846
-0.22551323076923077
-0.21591692307692306
-0.003129230769230769
0.10347323076923076
0.21237046153846154
0.2914356923076923
0.21216184615384615
0.20965846153846154
0.11557292307692307
0.041514461538461535
0.01814953846153846
-0.12016246153846154
-0.1990190769230769
-0.2701569230769231
-0.25054707692307693
-0.13914646153846155
-0.12287446153846153
-0.08115138461538463
-0.07885661538461539
-0.05277969230769231
0.06675692307692307
0.07051199999999999
0.05507446153846154
0.02044430769230769
-0.037342153846153844
0.009804923076923077
0.015646153846153844
0.008761846153846153
0.03379569230769231
0.002712
0.0446436923076923
0.10263876923076923
0.10180430769230768
0.08448923076923077
0.004172307692307692
-0.044435076923076924
-0.07614461538461538
-0.10743692307692307
-0.10660246153846153
-0.100344
-0.027328615384615382
0.01814953846153846
0.06571384615384615
0.16021661538461537
0.18149538461538461
0.20673784615384616
0.173568
0.06842584615384616
-0.008136
-0.13476553846153844
-0.2157083076923077
-0.2764153846153846
-0.34588430769230766
-0.30436984615384616
-0.24303692307692307
-0.1395636923076923
-0.021904615384615383
0.05757784615384615
0.18170399999999998
0.2891409230769231
0.3510996923076923
0.330864
0.22175815384615383
0.14039815384615384
0.05236246153846154
-0.04902461538461538
-0.12516923076923075
-0.23615261538461538
-0.2805876923076923
-0.25388492307692306
-0.20486030769230767
-0.06613107692307692
0.053614153846153846
0.1775316923076923
0.3133403076923077
0.38072307692307694
0.4449766153846154
0.4456024615384615
0.3844781538461538
0.28893230769230765
0.1449876923076923
0.018358153846153843
-0.10868861538461538
-0.19735015384615384
-0.23260615384615385
-0.24846092307692308
-0.20486030769230767
-0.14999446153846155
-0.0826116923076923
0.006884307692307692
0.051319384615384614
0.10096984615384616
0.12496061538461539
0.09596307692307693
0.09825784615384614
0.08240307692307691
0.05194523076923077
0.018358153846153843
-0.04401784615384615
-0.0609156923076923
-0.06529661538461538
-0.07656184615384615
-0.084072
-0.11807630769230769
-0.13330523076923076
-0.1424843076923077
-0.14665661538461539
-0.12329169230769231
-0.10722830769230769
-0.08052553846153847
-0.05799507692307692
-0.04318338461538461
-0.0014603076923076922
0.025659692307692307
0.07092923076923077
0.11828492307692307
0.11244369230769231
0.09846646153846153
0.06279323076923077
0.03755076923076923
0.027328615384615382
-0.02232184615384615
-0.06675692307692307
-0.08845292307692308
-0.07572738461538461
-0.01043076923076923
0.06321046153846153
0.13601723076923075
0.19067446153846154
0.22593046153846155
0.2695310769230769
0.2862203076923077
0.27787569230769227
0.23072861538461537
0.1397723076923077
0.06216738461538462
-0.014185846153846153
-0.06133292307692308
-0.07468430769230769
-0.08657538461538461
-0.06383630769230769
-0.03859384615384615
0.007510153846153846
0.08949599999999999
0.15541846153846153
0.18650215384615382
0.16000799999999998
0.11140061538461538
0.06717415384615384
0.018775384615384614
-0.03275261538461539
-0.10076123076923077
-0.17315076923076922
-0.2207150769230769
-0.21216184615384615
-0.13726892307692307
-0.05277969230769231
0.011265230769230769
0.073224
0.13372246153846154
0.20423446153846153
0.2540935384615385
0.25117292307692307
0.21800307692307694
0.15208061538461537
0.078648
0.02753723076923077
-0.026911384615384615
-0.06905169230769231
-0.09450276923076922
-0.1028473846153846
-0.06905169230769231
-0.010639384615384617
0.06529661538461538
0.13622584615384614
0.18796246153846152
0.22530461538461538
0.25117292307692307
0.2726603076923077
0.25346769230769234
0.18128676923076922
0.07551876923076924
-0.05069353846153846
-0.157296
-0.22551323076923077
-0.2772498461538462
-0.31250584615384613
-0.3333673846153846
-0.32377107692307694
-0.25346769230769234
-0.15416676923076922
-0.044435076923076924
0.04172307692307692
0.08636676923076922
0.12350030769230769
0.14269292307692305
0.14749107692307692
0.12934153846153845
0.07468430769230769
0.0022947692307692304
-0.07051199999999999
-0.11870215384615385
-0.13706030769230768
-0.146448
-0.14665661538461539
-0.13706030769230768
-0.10639384615384614
-0.03859384615384615
0.021487384615384613
0.06696553846153847
0.09533723076923077
0.10368184615384615
0.127464
0.14749107692307692
0.1639716923076923
0.1693956923076923
0.1489513846153846
0.11828492307692307
0.08490646153846154
0.04839876923076923
0.002086153846153846
-0.05820369230769231
-0.12329169230769231
-0.15875630769230767
-0.15646153846153846
-0.11703323076923078
-0.053614153846153846
0.013560000000000001
0.07739630769230768
0.13935507692307691
0.20465169230769228
0.2503384615384615
0.25847446153846154
0.21925476923076925
0.15291507692307693
0.0897046153846154
0.02586830769230769
-0.035464615384615386
-0.086784
-0.12996738461538462
-0.1424843076923077
-0.12579507692307693
-0.08636676923076922
-0.021904615384615383
0.043600615384615383
0.10931446153846153
0.16271999999999998
0.20235692307692305
0.22843384615384613
0.21195323076923075
0.15875630769230767
0.08323753846153846
-0.0018775384615384615
-0.07301538461538462
-0.13038461538461538
-0.16689230769230767
-0.17315076923076922
-0.1597993846153846
-0.11035753846153845
-0.030040615384615384
0.05298830769230769
0.13226215384615383
0.1869193846153846
0.20778092307692309
0.200688
0.1656406153846154
0.116616
0.054240000000000003
-0.00855323076923077
-0.052153846153846155
-0.06967753846153846
-0.05382276923076923
-0.017940923076923077
0.028163076923076923
0.06800861538461538
0.08574092307692306
0.08720123076923077
0.06446215384615385
0.01710646153846154
-0.042557538461538466
-0.11202646153846153
-0.17085599999999998
-0.21362215384615382
-0.23344061538461539
-0.2207150769230769
-0.1858763076923077
-0.13101046153846155
-0.06571384615384615
-0.008344615384615384
0.028788923076923077
0.047772923076923074
0.04819015384615385
0.03650769230769231
0.016480615384615385
-0.011473846153846154
-0.04172307692307692
-0.06383630769230769
-0.0771876923076923
-0.07510153846153846
-0.04902461538461538
-0.013768615384615384
0.03775938461538462
0.09241661538461539
0.14123261538461537
0.18232984615384615
0.19505538461538463
0.19004861538461537
0.16856123076923077
0.12391753846153845
0.06675692307692307
0.01397723076923077
-0.027120000000000002
-0.05799507692307692
-0.06529661538461538
-0.04172307692307692
0.0016689230769230767
0.05486584615384615
0.10597661538461538
0.13914646153846155
0.15354092307692307
0.14018953846153845
0.09992676923076924
0.047981538461538464
-0.027328615384615382
-0.10243015384615384
-0.16793538461538463
-0.21174461538461536
-0.21174461538461536
-0.19881046153846152
-0.15959076923076923
-0.10576799999999999
-0.04714707692307692
0.026076923076923077
0.08448923076923077
0.12788123076923075
0.14749107692307692
0.14477907692307693
0.13080184615384613
0.10138707692307691
0.065088
0.03045784615384615
0.0035464615384615383
-0.003129230769230769
0.005841230769230769
0.013351384615384614
0.018983999999999997
0.012934153846153845
0.00855323076923077
0.004798153846153846
-0.003963692307692307
-0.00855323076923077
-0.03129230769230769
-0.05590892307692308
-0.07280676923076923
-0.08365476923076923
-0.07760492307692309
-0.06654830769230768
-0.052153846153846155
-0.04318338461538461
-0.03275261538461539
-0.014811692307692307
-0.006884307692307692
-0.006884307692307692
-0.024408000000000003
-0.05507446153846154
-0.0771876923076923
-0.09053907692307692
-0.08198584615384615
-0.06633969230769231
-0.05653476923076922
-0.02899753846153846
0.008136
0.04944184615384615
0.09199938461538461
0.11348676923076922
0.12934153846153845
0.13935507692307691
0.13226215384615383
0.12016246153846154
0.08991323076923076
0.04631261538461538
0.0029206153846153843
-0.029623384615384614
-0.040054153846153843
-0.048816000000000005
-0.05590892307692308
-0.05236246153846154
-0.03650769230769231
0.004172307692307692
0.05048492307692308
0.09074769230769231
0.12016246153846154
0.11807630769230769
0.10639384615384614
0.08991323076923076
0.06341907692307691
0.0446436923076923
0.014394461538461538
-0.019192615384615384
-0.04860738461538461
-0.07614461538461538
-0.08073415384615384
-0.086784
-0.09262523076923077
-0.092208
-0.08490646153846154
-0.05173661538461538
-0.015228923076923076
0.015020307692307692
0.03880246153846154
0.04631261538461538
0.06654830769230768
0.09179076923076923
0.10096984615384616
0.10326461538461539
0.08031692307692308
0.054657230769230764
0.03379569230769231
0.01668923076923077
0.011891076923076923
-0.010639384615384617
-0.03337846153846154
-0.05674338461538461
-0.078648
-0.08991323076923076
-0.11411261538461538
-0.13226215384615383
-0.13101046153846155
-0.10743692307692307
-0.06258461538461538
0.010013538461538461
0.08636676923076922
0.17690584615384616
0.23281476923076924
0.3152178461538461
0.4307907692307692
0.3379569230769231
0.24011630769230768
0.09971815384615385
-0.07134646153846153
-0.12350030769230769
-0.2858030769230769
-0.37425600000000003
-0.46896738461538456
-0.4789809230769231
-0.290184
-0.15541846153846153
0.03880246153846154
0.13330523076923076
0.22989415384615383
0.3836436923076923
0.40700861538461536
0.44810584615384613
0.29352184615384613
0.06446215384615385
-0.09909230769230769
-0.3179298461538461
-0.3786369230769231
-0.44810584615384613
-0.477312
-0.3479704615384615
-0.29581661538461534
-0.12245723076923076
0.09179076923076923
0.21612553846153845
0.38009723076923074
0.39741230769230773
0.3707095384615384
0.3243969230769231
0.2090326153846154
0.1783661538461538
0.09450276923076922
-0.01043076923076923
-0.07635323076923077
-0.11765907692307691
-0.03859384615384615
0.015437538461538461
0.033169846153846154
0.05236246153846154
0.02357353846153846
0.0798996923076923
0.1316363076923077
0.13059323076923077
0.13247076923076923
0.06529661538461538
0.04547815384615384
0.06446215384615385
0.037342153846153844
0.04526953846153846
0.021904615384615383
0.0033378461538461535
0.061124307692307686
0.09554584615384615
0.12516923076923075
0.1097316923076923
0.05444861538461539
-0.0002086153846153846
-0.08991323076923076
-0.157296
-0.2261390769230769
-0.25367630769230765
-0.2415766153846154
-0.23949046153846154
-0.14603076923076924
-0.03942830769230769
0.056951999999999996
0.17628
0.21967199999999998
0.2568055384615385
0.27432923076923077
0.24846092307692308
0.22467876923076924
0.13080184615384613
0.04109723076923077
0.0004172307692307692
-0.02545107692307692
-0.025033846153846153
-0.04214030769230769
-0.048816000000000005
-0.021070153846153846
0.01814953846153846
0.0678
0.08949599999999999
0.11202646153846153
0.14936861538461538
0.14603076923076924
0.14728246153846153
0.11494707692307692
0.05194523076923077
0.030875076923076922
-0.008136
-0.015020307692307692
0.006049846153846154
0.0029206153846153843
0.029623384615384614
0.026285538461538457
0.0043809230769230765
-0.0006258461538461538
-0.032544
-0.05736923076923077
-0.0963803076923077
-0.13706030769230768
-0.15520984615384617
-0.14853415384615384
-0.08240307692307691
-0.012308307692307691
0.06258461538461538
0.12350030769230769
0.13914646153846155
0.15959076923076923
0.15374953846153847
0.12391753846153845
0.06654830769230768
-0.054240000000000003
-0.15813046153846153
-0.21487384615384614
-0.2492953846153846
-0.252216
-0.25117292307692307
-0.21132738461538458
-0.09992676923076924
0.03233538461538461
0.17252492307692308
0.2789187692307692
0.327108923076923
0.34358953846153845
0.3114627692307692
0.25200738461538463
0.15228923076923076
0.02086153846153846
-0.11098338461538461
-0.24741784615384615
-0.3269003076923077
-0.3542289230769231
-0.33545353846153847
-0.24992123076923078
-0.15270646153846154
-0.04318338461538461
0.07551876923076924
0.17690584615384616
0.2830910769230769
0.3304467692307692
0.2989458461538462
0.24637476923076923
0.1733593846153846
0.0974233846153846
0.017523692307692306
-0.05820369230769231
-0.11703323076923078
-0.15500123076923078
-0.1424843076923077
-0.09283384615384616
-0.035464615384615386
0.012099692307692308
0.03337846153846154
0.06008123076923077
0.09012184615384615
0.10055261538461538
0.10096984615384616
0.07113784615384615
0.04902461538461538
0.037967999999999995
0.029623384615384614
0.051528
0.07531015384615385
0.09033046153846153
0.08907876923076924
0.08907876923076924
0.09825784615384614
0.10389046153846154
0.0988836923076923
0.07009476923076922
0.03379569230769231
-0.00855323076923077
-0.04944184615384615
-0.06946892307692307
-0.0771876923076923
-0.08344615384615384
-0.07635323076923077
-0.04401784615384615
0.005841230769230769
0.058829538461538454
0.07802215384615384
0.08574092307692306
0.09095630769230768
0.06279323076923077
0.02211323076923077
-0.037967999999999995
-0.10555938461538462
-0.14978584615384616
-0.1639716923076923
-0.1506203076923077
-0.11870215384615385
-0.07885661538461539
-0.037967999999999995
0.014603076923076923
0.06654830769230768
0.11452984615384615
0.15291507692307693
0.16021661538461537
0.14603076923076924
0.12725538461538463
0.0963803076923077
0.05236246153846154
0.0043809230769230765
-0.03880246153846154
-0.06300184615384616
-0.07823076923076923
-0.07635323076923077
-0.05403138461538461
-0.025033846153846153
0.014811692307692307
0.06341907692307691
0.10159569230769232
0.12120553846153845
0.12204
0.09763200000000001
0.058412307692307694
0.018775384615384614
-0.020652923076923076
-0.06300184615384616
-0.09679753846153846
-0.12662953846153846
-0.14603076923076924
-0.14311015384615386
-0.12829846153846153
-0.111192
-0.09721476923076922
-0.0826116923076923
-0.06592246153846154
-0.04839876923076923
-0.03692492307692308
-0.03629907692307692
-0.051528
-0.06258461538461538
-0.050067692307692306
-0.015646153846153844
0.02858030769230769
0.05924676923076923
0.08469784615384615
0.10764553846153846
0.1289243076923077
0.14164984615384615
0.13080184615384613
0.0961716923076923
0.04193169230769231
-0.012099692307692308
-0.052153846153846155
-0.08386338461538462
-0.10076123076923077
-0.09387692307692307
-0.07614461538461538
-0.03483876923076923
0.015020307692307692
0.05507446153846154
0.08845292307692308
0.09325107692307691
0.08845292307692308
0.08094276923076923
0.06216738461538462
0.029206153846153847
-0.017940923076923077
-0.06696553846153847
-0.10493353846153847
-0.12642092307692307
-0.138312
-0.13872923076923074
-0.14269292307692305
-0.13205353846153844
-0.10117846153846152
-0.06800861538461538
-0.018358153846153843
0.02357353846153846
0.04944184615384615
0.06946892307692307
0.07927384615384615
0.09158215384615384
0.08720123076923077
0.06195876923076923
0.034630153846153845
0.006049846153846154
-0.0014603076923076922
0.005215384615384615
0.012099692307692308
0.02044430769230769
0.01981846153846154
0.03650769230769231
0.06717415384615384
0.09784061538461537
0.12558646153846154
0.12829846153846153
0.12808984615384614
0.13121907692307694
0.12975876923076923
0.12767261538461538
0.10368184615384615
0.07113784615384615
0.04860738461538461
0.03713353846153846
0.045895384615384616
0.040262769230769234
0.02211323076923077
0.006258461538461538
-0.0008344615384615384
0.01940123076923077
0.03984553846153846
0.05048492307692308
0.04380923076923077
0.032544
0.024199384615384616
0.01981846153846154
0.01856676923076923
-0.003963692307692307
-0.03150092307692308
-0.03755076923076923
-0.030040615384615384
-0.01043076923076923
0.023364923076923075
0.04088861538461538
0.056951999999999996
0.06028984615384615
0.04756430769230769
0.047981538461538464
0.021904615384615383
-0.018775384615384614
-0.06300184615384616
-0.10096984615384616
-0.09450276923076922
-0.07009476923076922
-0.034630153846153845
0.012099692307692308
0.05590892307692308
0.10096984615384616
0.13810338461538463
0.15187199999999998
0.14311015384615386
0.10660246153846153
0.059038153846153844
0.021904615384615383
-0.010848
-0.040679999999999994
-0.0826116923076923
-0.10868861538461538
-0.11286092307692308
-0.10368184615384615
-0.06487938461538462
-0.03629907692307692
-0.007301538461538462
0.027745846153846152
0.05236246153846154
0.0826116923076923
0.09429415384615383
0.07802215384615384
0.04276615384615385
-0.017315076923076923
-0.0771876923076923
-0.12913292307692306
-0.1829556923076923
-0.22634769230769228
-0.2482523076923077
-0.2411593846153846
-0.1994363076923077
-0.1353913846153846
-0.07969107692307692
-0.029623384615384614
0.017315076923076923
0.05382276923076923
0.08448923076923077
0.10743692307692307
0.11223507692307692
0.09533723076923077
0.06821723076923077
0.05194523076923077
0.04902461538461538
0.040054153846153843
0.019609846153846155
-0.0043809230769230765
-0.021487384615384613
-0.031709538461538456
-0.03024923076923077
-0.016272
-0.0029206153846153843
0.01940123076923077
0.06028984615384615
0.11202646153846153
0.17461107692307692
0.22572184615384616
0.2517987692307692
0.2620209230769231
0.2540935384615385
0.22676492307692306
0.16626646153846153
0.07384984615384615
-0.03504738461538461
-0.13852061538461538
-0.2127876923076923
-0.25284184615384614
-0.25367630769230765
-0.22530461538461538
-0.1779489230769231
-0.10117846153846152
0.007510153846153846
0.12308307692307692
0.22154953846153846
0.279336
0.30854215384615385
0.3049956923076923
0.25993476923076925
0.20861538461538462
0.13643446153846153
0.06028984615384615
-0.003755076923076923
-0.03901107692307692
-0.03629907692307692
-0.02086153846153846
0.01856676923076923
0.05778646153846154
0.09804923076923076
0.14561353846153846
0.17377661538461536
0.18879692307692306
0.18775384615384613
0.15813046153846153
0.12350030769230769
0.08720123076923077
0.053614153846153846
0.028788923076923077
0.007301538461538462
0.006049846153846154
0.005215384615384615
0.016063384615384615
0.02858030769230769
0.028163076923076923
0.029414769230769227
0.00855323076923077
-0.011265230769230769
-0.04318338461538461
-0.08177723076923075
-0.11327815384615383
-0.1612596923076923
-0.19609846153846153
-0.24053353846153847
-0.28768061538461537
-0.33482769230769227
-0.39970707692307694
-0.37300430769230764
-0.27182584615384614
-0.1136953846153846
0.11953661538461538
0.35610646153846154
0.611868923076923
0.8090104615384615
0.932928
0.9773630769230769
0.8442664615384615
0.5799507692307692
0.25951753846153847
-0.0771876923076923
-0.3713353846153846
-0.6031070769230769
-0.7891919999999999
-0.8791052307692307
-0.8486473846153846
-0.6727846153846154
-0.3919883076923077
-0.08094276923076923
0.21341353846153846
0.4374664615384615
0.59664
0.6256375384615384
0.5526221538461538
0.36403384615384615
0.03880246153846154
-0.2695310769230769
-0.5446947692307692
-0.7103353846153846
-0.7280676923076923
-0.6611021538461538
-0.47001046153846154
-0.249504
-0.041514461538461535
0.19881046153846152
0.36257353846153845
0.42953907692307686
0.4174393846153846
0.33002953846153843
0.26681907692307694
0.21132738461538458
0.1802436923076923
0.16418030769230768
0.09429415384615383
0.02044430769230769
-0.06216738461538462
-0.13518276923076925
-0.19568123076923075
-0.26932246153846157
-0.3079163076923077
-0.32210215384615387
-0.3016578461538461
-0.22342707692307692
-0.15541846153846153
-0.08907876923076924
-0.023364923076923075
0.04109723076923077
0.14686523076923075
0.2563883076923077
0.35860984615384617
0.44810584615384613
0.4620830769230769
0.39324
0.26076923076923075
0.05277969230769231
-0.20402584615384614
-0.4754344615384615
-0.6882221538461537
-0.7793870769230768
-0.737664
-0.5659735384615384
-0.2906012307692308
0.04965046153846154
0.38030584615384616
0.6775827692307692
0.8928738461538461
0.9514947692307693
0.8699261538461538
0.6636055384615385
0.37425600000000003
0.06028984615384615
-0.25555384615384613
-0.5261279999999999
-0.7195144615384615
-0.8169378461538461
-0.7923212307692308
-0.6567212307692307
-0.42640984615384614
-0.14018953846153845
0.14853415384615384
0.417648
0.6187532307692307
0.725772923076923
0.7147163076923077
0.5753612307692307
0.368832
0.11035753846153845
-0.13601723076923075
-0.32898646153846156
-0.4758516923076923
-0.5198695384615385
-0.46667261538461535
-0.32982092307692307
-0.124752
0.08845292307692308
0.2853858461538461
0.43621476923076924
0.5119421538461538
0.5305089230769231
0.4965046153846154
0.4076344615384615
0.2772498461538462
0.132888
0.008344615384615384
-0.0880356923076923
-0.13267938461538462
-0.143736
-0.15291507692307693
-0.14436184615384615
-0.1397723076923077
-0.13101046153846155
-0.13664307692307692
-0.1785747692307692
-0.20944984615384615
-0.24345415384615382
-0.25367630769230765
-0.2125790769230769
-0.14477907692307693
-0.052571076923076915
0.03421292307692308
0.11181784615384616
0.18149538461538461
0.2225926153846154
0.22864246153846152
0.1785747692307692
0.07426707692307692
-0.052571076923076915
-0.19004861538461537
-0.31104553846153843
-0.3913624615384615
-0.43245969230769227
-0.417648
-0.34630153846153844
-0.21216184615384615
-0.024199384615384616
0.15374953846153847
0.30854215384615385
0.41556184615384617
0.46312615384615385
0.46291753846153844
0.38927630769230764
0.2632726153846154
0.0988836923076923
-0.07572738461538461
-0.21153599999999997
-0.2830910769230769
-0.29101846153846156
-0.23949046153846154
-0.1353913846153846
0.0014603076923076922
0.1462393846153846
0.2780843076923077
0.3684147692307692
0.38426953846153844
0.3327415384615385
0.21654276923076923
0.059664
-0.09930092307692308
-0.2355267692307692
-0.3193901538461538
-0.344424
-0.3039526153846154
-0.18983999999999998
-0.03150092307692308
0.14457046153846154
0.3193901538461538
0.45728492307692303
0.5346812307692307
0.5317606153846154
0.4516523076923077
0.3012406153846154
0.0974233846153846
-0.11682461538461539
-0.3114627692307692
-0.450192
-0.5131938461538461
-0.4975476923076923
-0.3947003076923077
-0.24199384615384617
-0.06529661538461538
0.10827138461538462
0.23448369230769228
0.3129230769230769
0.32669169230769235
0.2860116923076923
0.21529107692307692
0.10076123076923077
-0.02795446153846154
-0.13747753846153846
-0.21362215384615382
-0.23886461538461537
-0.22801661538461537
-0.17628
-0.0934596923076923
0.0002086153846153846
0.10409907692307692
0.19296923076923078
0.2582658461538461
0.2851772307692308
0.2638984615384615
0.21612553846153845
0.13726892307692307
0.032544
-0.06759138461538462
-0.15813046153846153
-0.21195323076923075
-0.2205064615384615
-0.20047938461538461
-0.14978584615384616
-0.10013538461538461
-0.05653476923076922
-0.008136
0.023782153846153845
0.03755076923076923
0.026494153846153844
-0.012099692307692308
-0.06633969230769231
-0.11202646153846153
-0.11891076923076922
-0.09930092307692308
-0.06571384615384615
-0.02211323076923077
0.03066646153846154
0.10347323076923076
0.1710646153846154
0.21925476923076925
0.24199384615384617
0.22321846153846153
0.17648861538461538
0.1289243076923077
0.08740984615384616
0.055491692307692304
0.03358707692307692
0.025659692307692307
0.053405538461538456
0.11181784615384616
0.18900553846153845
0.26494153846153845
0.3143833846153846
0.33545353846153847
0.33065538461538463
0.3152178461538461
0.28017046153846153
0.22175815384615383
0.15082892307692305
0.06863446153846153
0.0008344615384615384
-0.04422646153846154
-0.07635323076923077
-0.10743692307692307
-0.14123261538461537
-0.15208061538461537
-0.12975876923076923
-0.09721476923076922
-0.06195876923076923
-0.037967999999999995
-0.03233538461538461
-0.012516923076923077
0.01043076923076923
0.040054153846153843
0.06821723076923077
0.07238953846153846
0.06613107692307692
0.054657230769230764
0.05653476923076922
0.06070707692307692
0.04944184615384615
0.028788923076923077
-0.002712
-0.029623384615384614
-0.04819015384615385
-0.06967753846153846
-0.0961716923076923
-0.12329169230769231
-0.13518276923076925
-0.11327815384615383
-0.06571384615384615
-0.008761846153846153
0.04172307692307692
0.06633969230769231
0.07739630769230768
0.07259815384615384
0.05444861538461539
0.026702769230769228
-0.031918153846153846
-0.09930092307692308
-0.154584
-0.19067446153846154
-0.200688
-0.20193969230769232
-0.1942209230769231
-0.17148184615384612
-0.13226215384615383
-0.056951999999999996
0.021696
0.08761846153846153
0.12913292307692306
0.14185846153846154
0.1635544615384615
0.17419384615384614
0.1693956923076923
0.14728246153846153
0.10409907692307692
0.06154153846153846
0.02273907692307692
-0.0050067692307692304
-0.034630153846153845
-0.07030338461538461
-0.09429415384615383
-0.11056615384615384
-0.10827138461538462
-0.09033046153846153
-0.06988615384615385
-0.04172307692307692
-0.01856676923076923
0.013351384615384614
0.051319384615384614
0.08031692307692308
0.0974233846153846
0.092208
0.08490646153846154
0.07614461538461538
0.06863446153846153
0.06195876923076923
0.026911384615384615
-0.018358153846153843
-0.06195876923076923
-0.0936683076923077
-0.10764553846153846
-0.1097316923076923
-0.09033046153846153
-0.04380923076923077
0.03504738461538461
0.13622584615384614
0.23761292307692305
0.32085046153846153
0.3721698461538462
0.3882332307692308
0.38072307692307694
0.3502652307692307
0.28246523076923075
0.1881710769230769
0.07697907692307693
-0.03880246153846154
-0.12704676923076924
-0.19547261538461536
-0.23615261538461538
-0.25200738461538463
-0.25659692307692306
-0.2225926153846154
-0.16334584615384617
-0.08657538461538461
-0.011265230769230769
0.04318338461538461
0.0853236923076923
0.10430769230769231
0.10180430769230768
0.07677046153846154
0.021070153846153846
-0.05590892307692308
-0.13872923076923074
-0.2073636923076923
-0.2503384615384615
-0.2774584615384615
-0.2782929230769231
-0.25346769230769234
-0.20235692307692305
-0.11870215384615385
-0.03233538461538461
0.0448523076923077
0.10347323076923076
0.14081538461538462
0.1597993846153846
0.1597993846153846
0.1449876923076923
0.10994030769230768
0.06049846153846154
0.0
-0.048816000000000005
-0.084072
-0.11640738461538462
-0.13309661538461537
-0.14123261538461537
-0.13101046153846155
-0.10263876923076923
-0.061124307692307686
-0.015437538461538461
0.019609846153846155
0.04735569230769231
0.06800861538461538
0.0897046153846154
0.10722830769230769
0.11411261538461538
0.1097316923076923
0.09325107692307691
0.07572738461538461
0.05736923076923077
0.026076923076923077
-0.014185846153846153
-0.05590892307692308
-0.09512861538461538
-0.11244369230769231
-0.11265230769230769
-0.09992676923076924
-0.07343261538461537
-0.042974769230769226
-0.005424
0.028788923076923077
0.05027630769230769
0.05528307692307692
0.04526953846153846
0.020027076923076922
-0.005632615384615384
-0.027328615384615382
-0.04902461538461538
-0.05862092307692307
-0.065088
-0.06070707692307692
-0.046104
-0.031709538461538456
-0.018358153846153843
-0.006884307692307692
-0.002086153846153846
-0.005424
-0.008761846153846153
-0.016063384615384615
-0.022530461538461537
-0.035255999999999996
-0.049233230769230765
-0.0448523076923077
-0.03066646153846154
-0.011265230769230769
0.0025033846153846152
0.008136
0.024616615384615383
0.040679999999999994
0.06258461538461538
0.08469784615384615
0.0880356923076923
0.0855323076923077
0.073224
0.06362769230769232
0.051528
0.016480615384615385
-0.035464615384615386
-0.11014892307692307
-0.184416
-0.26160369230769226
-0.3133403076923077
-0.2891409230769231
-0.22718215384615387
-0.09992676923076924
0.06404492307692307
0.22488738461538463
0.4086775384615385
0.5386449230769231
0.6202135384615385
0.6037329230769231
0.5021372307692308
0.3594443076923077
0.12120553846153845
-0.10368184615384615
-0.35235138461538457
-0.5665993846153846
-0.6961495384615385
-0.7635323076923076
-0.6696553846153845
-0.49963384615384615
-0.24345415384615382
0.07364123076923076
0.38719015384615385
0.6773741538461538
0.8359218461538461
0.880356923076923
0.8123483076923077
0.6289753846153846
0.37425600000000003
0.06946892307692307
-0.2127876923076923
-0.44643692307692306
-0.5872523076923076
-0.6001864615384616
-0.5227901538461539
-0.37258707692307685
-0.18942276923076923
0.0
0.19964492307692308
0.34275507692307694
0.4268270769230769
0.47418276923076924
0.46312615384615385
0.4353803076923077
0.360696
0.2540935384615385
0.14665661538461539
0.01043076923076923
-0.11306953846153844
-0.22697353846153845
-0.3137575384615385
-0.3373310769230769
-0.32314523076923074
-0.2726603076923077
-0.1990190769230769
-0.12955015384615384
-0.04819015384615385
0.03755076923076923
0.11703323076923078
0.19588984615384614
0.249504
0.306456
0.36278215384615387
0.39511753846153846
0.3949089230769231
0.3039526153846154
0.1783661538461538
0.03650769230769231
-0.1341396923076923
-0.28392553846153845
-0.42348923076923073
-0.5002596923076923
-0.4952529230769231
-0.4180652307692308
-0.2601433846153846
-0.06279323076923077
0.14728246153846153
0.3327415384615385
0.4720966153846154
0.547824
0.5411483076923076
0.46312615384615385
0.3216849230769231
0.13747753846153846
-0.06258461538461538
-0.2507556923076923
-0.3886504615384615
-0.4577021538461538
-0.47668615384615387
-0.4276615384615384
-0.31500923076923076
-0.154584
0.0446436923076923
0.23010276923076922
0.3813489230769231
0.48294461538461536
0.5267538461538461
0.5033889230769231
0.4193169230769231
0.2830910769230769
0.10994030769230768
-0.05778646153846154
-0.19755876923076923
-0.28663753846153844
-0.31772123076923076
-0.29185292307692307
-0.21195323076923075
-0.08135999999999999
0.065088
0.20632061538461538
0.3212676923076923
0.3848953846153846
0.40554830769230765
0.37237846153846155
0.30207507692307695
0.20444307692307692
0.07927384615384615
-0.04631261538461538
-0.15208061538461537
-0.2221753846153846
-0.24554030769230767
-0.22864246153846152
-0.18525046153846153
-0.12120553846153845
-0.03942830769230769
0.04109723076923077
0.11181784615384616
0.16501476923076921
0.18066092307692305
0.16063384615384615
0.11724184615384614
0.06154153846153846
-0.0004172307692307692
-0.06258461538461538
-0.11724184615384614
-0.1543753846153846
-0.16188553846153847
-0.15416676923076922
-0.13768615384615385
-0.11891076923076922
-0.11286092307692308
-0.10514215384615383
-0.09158215384615384
-0.07468430769230769
-0.055491692307692304
-0.0446436923076923
-0.03233538461538461
-0.008970461538461538
0.027120000000000002
0.06195876923076923
0.08135999999999999
0.08511507692307693
0.0798996923076923
0.07531015384615385
0.06383630769230769
0.04965046153846154
0.028788923076923077
0.0043809230769230765
-0.014394461538461538
-0.022947692307692308
-0.010222153846153844
0.01814953846153846
0.05382276923076923
0.08219446153846154
0.103056
0.11557292307692307
0.11327815384615383
0.09825784615384614
0.06738276923076922
0.013142769230769229
-0.05069353846153846
-0.11265230769230769
-0.1706473846153846
-0.2090326153846154
-0.23510953846153848
-0.23093723076923076
-0.1779489230769231
-0.086784
0.025033846153846153
0.12683815384615382
0.20402584615384614
0.25054707692307693
0.2563883076923077
0.21696000000000001
0.12329169230769231
-0.010639384615384617
-0.1435273846153846
-0.2503384615384615
-0.31626092307692305
-0.3316984615384615
-0.29727692307692305
-0.20694646153846152
-0.07593599999999999
0.08511507692307693
0.24762646153846155
0.3717526153846154
0.44643692307692306
0.44977476923076926
0.4024190769230769
0.32085046153846153
0.20173107692307693
0.06133292307692308
-0.08490646153846154
-0.20861538461538462
-0.2883064615384615
-0.3047870769230769
-0.2638984615384615
-0.18483323076923078
-0.07739630769230768
0.03400430769230769
0.143736
0.22488738461538463
0.25951753846153847
0.24658338461538462
0.1858763076923077
0.1045163076923077
0.005424
-0.09491999999999999
-0.1846246153846154
-0.26118646153846153
-0.30666461538461537
-0.29685969230769227
-0.22718215384615387
-0.1356
-0.04631261538461538
0.021070153846153846
0.056951999999999996
0.07197230769230768
0.06717415384615384
0.03838523076923077
-0.007510153846153846
-0.06675692307692307
-0.116616
-0.12662953846153846
-0.10263876923076923
-0.05403138461538461
-0.005841230769230769
0.029623384615384614
0.06070707692307692
0.06946892307692307
0.05736923076923077
0.02044430769230769
-0.047981538461538464
-0.11411261538461538
-0.15520984615384617
-0.1570873846153846
-0.12016246153846154
-0.061124307692307686
0.01668923076923077
0.10347323076923076
0.19380369230769232
0.2737033846153846
0.32085046153846153
0.330864
0.295608
0.2303113846153846
0.1449876923076923
0.04652123076923077
-0.051528
-0.1558356923076923
-0.24178523076923078
-0.2864289230769231
-0.2814221538461538
-0.2221753846153846
-0.13101046153846155
-0.03337846153846154
0.06070707692307692
0.13935507692307691
0.19526400000000002
0.22113230769230768
0.20006215384615383
0.13622584615384614
0.03755076923076923
-0.07760492307692309
-0.18358153846153846
-0.2753723076923077
-0.34066892307692304
-0.3686233846153846
-0.3502652307692307
-0.28476
-0.1990190769230769
-0.10827138461538462
-0.018358153846153843
0.05653476923076922
0.11557292307692307
0.16626646153846153
0.1990190769230769
0.20319138461538463
0.1804523076923077
0.14686523076923075
0.11536430769230768
0.08323753846153846
0.04819015384615385
0.013142769230769229
-0.011056615384615385
-0.02023569230769231
-0.008970461538461538
0.011265230769230769
0.021904615384615383
0.029414769230769227
0.03650769230769231
0.051319384615384614
0.07656184615384615
0.10889723076923077
0.13205353846153844
0.13726892307692307
0.14102399999999998
0.14665661538461539
0.14957723076923077
0.13706030769230768
0.10576799999999999
0.05382276923076923
-0.0033378461538461535
-0.05048492307692308
-0.10076123076923077
-0.14957723076923077
-0.200688
-0.2369870769230769
-0.23844738461538462
-0.21174461538461536
-0.15374953846153847
-0.08302892307692307
-0.006258461538461538
0.07760492307692309
0.17085599999999998
0.26681907692307694
0.3375396923076923
0.37029230769230764
0.3510996923076923
0.28663753846153844
0.20861538461538462
0.11703323076923078
0.0035464615384615383
-0.11181784615384616
-0.21487384615384614
-0.2805876923076923
-0.2989458461538462
-0.26619323076923074
-0.18629353846153843
-0.0855323076923077
0.03692492307692308
0.1760713846153846
0.3160523076923077
0.425784
0.4821101538461538
0.47689476923076923
0.41535323076923075
0.3079163076923077
0.16626646153846153
0.011265230769230769
-0.15687876923076924
-0.3012406153846154
-0.4011673846153846
-0.4451852307692308
-0.41952553846153845
-0.3454670769230769
-0.23198030769230768
-0.09992676923076924
0.04109723076923077
0.17711446153846155
0.2837169230769231
0.3475532307692307
0.34984799999999994
0.3047870769230769
0.2275993846153846
0.12788123076923075
0.024199384615384616
-0.0880356923076923
-0.19463815384615382
-0.2774584615384615
-0.3252313846153846
-0.32606584615384615
-0.2979027692307692
-0.2526332307692308
-0.19046584615384615
-0.1178676923076923
-0.037342153846153844
0.04756430769230769
0.1136953846153846
0.1543753846153846
0.17982646153846152
0.19526400000000002
0.20506892307692307
0.20319138461538463
0.1858763076923077
0.14978584615384616
0.10201292307692307
0.053614153846153846
0.008761846153846153
-0.035464615384615386
-0.078648
-0.111192
-0.12767261538461538
-0.11578153846153846
-0.0717636923076923
0.003755076923076923
0.09033046153846153
0.17440246153846153
0.25388492307692306
0.3129230769230769
0.3467187692307692
0.3344104615384615
0.2845513846153846
0.20339999999999997
0.09930092307692308
0.004798153846153846
-0.08866153846153846
-0.17085599999999998
-0.23218892307692307
-0.26681907692307694
-0.25701415384615384
-0.21320492307692307
-0.14561353846153846
-0.06654830769230768
0.0043809230769230765
0.06258461538461538
0.11035753846153845
0.14123261538461537
0.15395815384615386
0.13497415384615385
0.092208
0.046104
-0.0012516923076923076
-0.026285538461538457
-0.03400430769230769
-0.021278769230769233
0.006884307692307692
0.04047138461538462
0.09012184615384615
0.1353913846153846
0.1639716923076923
0.16418030769230768
0.13747753846153846
0.10201292307692307
0.06529661538461538
0.032544
-0.0022947692307692304
-0.031918153846153846
-0.03713353846153846
-0.014603076923076923
0.03442153846153846
0.09012184615384615
0.13622584615384614
0.17586276923076924
0.19547261538461536
0.18086953846153844
0.1422756923076923
0.07405846153846153
-0.009387692307692307
-0.08740984615384616
-0.16271999999999998
-0.200688
-0.23218892307692307
-0.25930892307692305
-0.2624381538461539
-0.23949046153846154
-0.1948467692307692
-0.15687876923076924
-0.08323753846153846
0.0002086153846153846
0.1136953846153846
0.24408
0.44268184615384615
0.5872523076923076
0.5793249230769231
0.6206307692307692
0.5373932307692307
0.4453938461538462
0.3031181538461538
0.02545107692307692
-0.20840676923076923
-0.5250849230769231
-0.6884307692307692
-0.7745889230769232
-0.8261169230769231
-0.7562307692307693
-0.6894738461538461
-0.4276615384615384
-0.12370892307692308
0.20965846153846154
0.5734836923076922
0.7401673846153847
0.8684658461538461
0.8490646153846154
0.6855101538461539
0.4877427692307692
0.10722830769230769
-0.24866953846153847
-0.5935107692307693
-0.9341796923076923
-1.0249273846153846
-1.0311858461538461
-0.8960030769230769
-0.6308529230769231
-0.3780110769230769
-0.022530461538461537
0.29602523076923076
0.6037329230769231
0.8757673846153846
0.9621341538461539
0.9548326153846154
0.817980923076923
0.6187532307692307
0.3944916923076923
0.06529661538461538
-0.25430215384615384
-0.5628443076923076
-0.7910695384615384
-0.8492732307692307
-0.8461439999999999
-0.7307796923076922
-0.5378104615384616
-0.31229723076923077
-0.003129230769230769
0.27599815384615384
0.5061009230769231
0.6784172307692308
0.7268159999999999
0.7399587692307692
0.7049113846153846
0.587460923076923
0.4151446153846154
0.16772676923076923
-0.08052553846153847
-0.32210215384615387
-0.5238332307692307
-0.6506713846153847
-0.7195144615384615
-0.6779999999999999
-0.5849575384615384
-0.41013784615384613
-0.12955015384615384
0.14457046153846154
0.4282873846153846
0.6585987692307692
0.7964935384615384
0.884112
0.8488559999999999
0.7330744615384615
0.5296744615384615
0.21967199999999998
-0.08156861538461539
-0.37300430769230764
-0.6179187692307693
-0.7802215384615385
-0.8788966153846154
-0.8511507692307692
-0.7019907692307692
-0.45957969230769224
-0.15291507692307693
0.15541846153846153
0.469176
0.7159679999999999
0.8538627692307692
0.8974633846153846
0.7747975384615384
0.5574203076923077
0.28017046153846153
-0.043392
-0.3047870769230769
-0.5317606153846154
-0.6819636923076923
-0.7205575384615385
-0.6832153846153847
-0.523416
-0.2818393846153846
-0.008136
0.2695310769230769
0.48628246153846155
0.6417009230769231
0.7059544615384615
0.6802947692307691
0.587460923076923
0.4109723076923077
0.20339999999999997
-0.028371692307692306
-0.2426196923076923
-0.38990215384615384
-0.504432
-0.5503273846153846
-0.5430258461538462
-0.4942098461538461
-0.3686233846153846
-0.22113230769230768
-0.0826116923076923
0.031918153846153846
0.10368184615384615
0.17628
0.2275993846153846
0.2369870769230769
0.2209236923076923
0.154584
0.07489292307692308
0.005841230769230769
-0.051528
-0.08469784615384615
-0.124752
-0.14603076923076924
-0.146448
-0.14185846153846154
-0.10555938461538462
-0.07614461538461538
-0.04047138461538462
0.011265230769230769
0.05757784615384615
0.13101046153846155
0.2021483076923077
0.27558092307692306
0.34588430769230766
0.36215630769230767
0.3513083076923077
0.3114627692307692
0.23218892307692307
0.130176
0.005841230769230769
-0.1151556923076923
-0.22134092307692307
-0.29748553846153847
-0.31834707692307695
-0.3077076923076923
-0.26348123076923075
-0.18149538461538461
-0.08845292307692308
0.023990769230769232
0.119328
0.18212123076923076
0.21862892307692305
0.21466523076923077
0.19150892307692308
0.14436184615384615
0.0717636923076923
-0.0077187692307692304
-0.08302892307692307
-0.14102399999999998
-0.16647507692307692
-0.15938215384615384
-0.12162276923076921
-0.07259815384615384
-0.009804923076923077
0.06863446153846153
0.12725538461538463
0.1710646153846154
0.18921415384615384
0.18545907692307692
0.16438892307692307
0.12204
0.08115138461538463
0.03504738461538461
-0.006467076923076923
-0.03692492307692308
-0.051319384615384614
-0.037967999999999995
-0.015020307692307692
0.010639384615384617
0.03150092307692308
0.03379569230769231
0.02023569230769231
0.0029206153846153843
-0.023990769230769232
-0.05945538461538461
-0.086784
-0.08824430769230769
-0.05403138461538461
-0.002712
0.059664
0.12412615384615384
0.17315076923076922
0.1992276923076923
0.18983999999999998
0.14874276923076923
0.06800861538461538
-0.047981538461538464
-0.15938215384615384
-0.2561796923076923
-0.31626092307692305
-0.33357600000000004
-0.3206418461538461
-0.2561796923076923
-0.1585476923076923
-0.03984553846153846
0.0828203076923077
0.17273353846153844
0.23156307692307693
0.2415766153846154
0.208824
0.1449876923076923
0.04088861538461538
-0.07823076923076923
-0.200688
-0.29685969230769227
-0.3387913846153846
-0.3339932307692307
-0.2768326153846154
-0.19067446153846154
-0.08594953846153845
0.040262769230769234
0.16063384615384615
0.2601433846153846
0.3304467692307692
0.34651015384615386
0.30332676923076923
0.2140393846153846
0.10117846153846152
0.003963692307692307
-0.08615815384615384
-0.15520984615384617
-0.1783661538461538
-0.1666836923076923
-0.10889723076923077
-0.027328615384615382
0.05862092307692307
0.1424843076923077
0.21111876923076925
0.2605606153846154
0.28267384615384616
0.27432923076923077
0.22968553846153844
0.16167692307692308
0.08991323076923076
0.015228923076923076
-0.051319384615384614
-0.10493353846153847
-0.14457046153846154
-0.165432
-0.16876984615384616
-0.1476996923076923
-0.10910584615384614
-0.05945538461538461
-0.0077187692307692304
0.027120000000000002
0.05674338461538461
0.08824430769230769
0.10243015384615384
0.10660246153846153
0.08991323076923076
0.06487938461538462
0.04985907692307692
0.029206153846153847
0.019609846153846155
0.008344615384615384
-0.003963692307692307
-0.008136
-0.0070929230769230765
0.004589538461538461
0.02357353846153846
0.03567323076923076
0.0446436923076923
0.049233230769230765
0.040679999999999994
0.026911384615384615
0.0
-0.024408000000000003
-0.043392
-0.05194523076923077
-0.03859384615384615
-0.01668923076923077
0.014603076923076923
0.04652123076923077
0.07739630769230768
0.1028473846153846
0.10868861538461538
0.10180430769230768
0.07572738461538461
0.03400430769230769
0.0
-0.028163076923076923
-0.043392
-0.04276615384615385
-0.03233538461538461
0.0033378461538461535
0.05945538461538461
0.12204
0.17815753846153848
0.20047938461538461
0.1992276923076923
0.168144
0.11578153846153846
0.06487938461538462
0.014811692307692307
-0.016272
-0.0446436923076923
-0.04839876923076923
-0.028788923076923077
0.0043809230769230765
0.06404492307692307
0.10785415384615385
0.14269292307692305
0.1666836923076923
0.15771323076923077
0.13434830769230768
0.08115138461538463
0.003963692307692307
-0.06863446153846153
-0.1424843076923077
-0.18921415384615384
-0.21237046153846154
-0.21862892307692305
-0.19317784615384614
-0.14665661538461539
-0.06654830769230768
0.024616615384615383
0.10827138461538462
0.17982646153846152
0.20715507692307691
0.21153599999999997
0.18921415384615384
0.1316363076923077
0.06300184615384616
-0.024408000000000003
-0.10180430769230768
-0.15416676923076922
-0.184416
-0.17252492307692308
-0.14394461538461537
-0.11160923076923077
-0.059664
-0.006675692307692307
0.04631261538461538
0.08720123076923077
0.10117846153846152
0.09909230769230769
0.07739630769230768
0.06341907692307691
0.04985907692307692
0.021904615384615383
-0.006049846153846154
-0.04214030769230769
-0.07259815384615384
-0.09450276923076922
-0.1136953846153846
-0.12725538461538463
-0.14728246153846153
-0.1635544615384615
-0.1712732307692308
-0.1712732307692308
-0.15270646153846154
-0.124752
-0.08365476923076923
-0.028788923076923077
0.023364923076923075
0.08740984615384616
0.15103753846153847
0.1977673846153846
0.21800307692307694
0.20527753846153846
0.17961784615384613
0.13101046153846155
0.06279323076923077
-0.024408000000000003
-0.11140061538461538
-0.1666836923076923
-0.1856676923076923
-0.16251138461538459
-0.09930092307692308
-0.011265230769230769
0.08365476923076923
0.18358153846153846
0.2795446153846154
0.3554806153846154
0.3882332307692308
0.3748818461538461
0.3323243076923077
0.26765353846153844
0.18545907692307692
0.092208
-0.003963692307692307
-0.09408553846153846
-0.15896492307692306
-0.18900553846153845
-0.18212123076923076
-0.1506203076923077
-0.10681107692307691
-0.055491692307692304
0.003963692307692307
0.07072061538461538
0.13038461538461538
0.1802436923076923
0.20277415384615383
0.19964492307692308
0.1858763076923077
0.15374953846153847
0.11306953846153844
0.07405846153846153
0.02315630769230769
-0.037342153846153844
-0.09158215384615384
-0.13226215384615383
-0.168144
-0.208824
-0.23344061538461539
-0.2275993846153846
-0.1913003076923077
-0.13101046153846155
-0.059872615384615385
0.021487384615384613
0.09825784615384614
0.16084246153846155
0.21716861538461538
0.24679199999999998
0.24658338461538462
0.20861538461538462
0.13226215384615383
0.043392
-0.054657230769230764
-0.1476996923076923
-0.22300984615384614
-0.2726603076923077
-0.27787569230769227
-0.24199384615384617
-0.15875630769230767
-0.045060923076923075
0.06592246153846154
0.16292861538461537
0.2138307692307692
0.24428861538461538
0.24866953846153847
0.214248
0.13184492307692308
0.021278769230769233
-0.0936683076923077
-0.1733593846153846
-0.22405292307692307
-0.19004861538461537
-0.07384984615384615
-0.14540492307692307
-0.1543753846153846
-0.12788123076923075
-0.11494707692307692
0.002086153846153846
-0.09408553846153846
-0.1656406153846154
-0.2768326153846154
-0.33712246153846154
-0.20778092307692309
-0.20944984615384615
-0.15333230769230768
-0.1777403076923077
-0.14311015384615386
0.04172307692307692
0.1316363076923077
0.2807963076923077
0.22196676923076922
0.10514215384615383
0.0853236923076923
-0.02482523076923077
-0.01814953846153846
-0.09992676923076924
-0.19735015384615384
-0.15667015384615385
-0.222384
-0.14060676923076923
-0.011265230769230769
0.035464615384615386
0.17023015384615386
0.1785747692307692
0.19651569230769228
0.2275993846153846
0.18921415384615384
0.241368
0.2021483076923077
0.111192
0.033169846153846154
-0.056326153846153845
-0.03275261538461539
-0.05674338461538461
-0.11494707692307692
-0.13872923076923074
-0.18712800000000002
-0.10764553846153846
-0.02273907692307692
0.012308307692307691
0.06946892307692307
0.053614153846153846
0.0880356923076923
0.13601723076923075
0.11098338461538461
0.12433476923076923
0.09930092307692308
0.08991323076923076
0.15270646153846154
0.1704387692307692
0.19192615384615386
0.16730953846153845
0.10806276923076923
0.07113784615384615
-0.0016689230769230767
-0.05048492307692308
-0.08198584615384615
-0.061124307692307686
0.0022947692307692304
0.02858030769230769
0.10994030769230768
0.18900553846153845
0.24512307692307692
0.3049956923076923
0.2832996923076923
0.25367630769230765
0.18900553846153845
0.09471138461538461
0.04088861538461538
-0.050067692307692306
-0.10389046153846154
-0.111192
-0.1205796923076923
-0.08490646153846154
-0.05924676923076923
-0.014603076923076923
0.06300184615384616
0.11619876923076923
0.15813046153846153
0.16063384615384615
0.16981292307692308
0.1873366153846154
0.15416676923076922
0.1151556923076923
0.03483876923076923
-0.05528307692307692
-0.08448923076923077
-0.116616
-0.11807630769230769
-0.10055261538461538
-0.09784061538461537
-0.042974769230769226
-0.00855323076923077
0.013351384615384614
0.05757784615384615
0.06821723076923077
0.0853236923076923
0.07885661538461539
0.05945538461538461
0.03400430769230769
-0.013768615384615384
-0.025033846153846153
-0.029832
-0.01856676923076923
-0.01272553846153846
-0.03713353846153846
-0.03859384615384615
-0.04944184615384615
-0.05403138461538461
-0.045060923076923075
-0.06800861538461538
-0.07551876923076924
-0.06258461538461538
-0.0448523076923077
-0.01043076923076923
0.003129230769230769
0.013351384615384614
0.05236246153846154
0.08866153846153846
0.11828492307692307
0.12120553846153845
0.09784061538461537
0.06341907692307691
0.006049846153846154
-0.03108369230769231
-0.05799507692307692
-0.0853236923076923
-0.10472492307692308
-0.13893784615384613
-0.1489513846153846
-0.13747753846153846
-0.11244369230769231
-0.06133292307692308
-0.03775938461538462
-0.028371692307692306
-0.011473846153846154
0.006675692307692307
0.06154153846153846
0.0974233846153846
0.086784
0.06425353846153846
0.03275261538461539
0.03650769230769231
0.04568676923076923
0.024199384615384616
-0.015228923076923076
-0.07364123076923076
-0.09596307692307693
-0.08469784615384615
-0.06300184615384616
-0.027745846153846152
-0.017523692307692306
-0.0033378461538461535
0.025659692307692307
0.05924676923076923
0.11432123076923076
0.13893784615384613
0.14457046153846154
0.13476553846153844
0.10743692307692307
0.09199938461538461
0.059038153846153844
0.009179076923076922
-0.06070707692307692
-0.12850707692307692
-0.15124615384615384
-0.13372246153846154
-0.10076123076923077
-0.07677046153846154
-0.06946892307692307
-0.04860738461538461
0.003755076923076923
0.07843938461538462
0.14540492307692307
0.15208061538461537
0.12913292307692306
0.11640738461538462
0.10681107692307691
0.09012184615384615
0.041514461538461535
-0.016272
-0.05611753846153846
-0.08386338461538462
-0.056951999999999996
0.0008344615384615384
0.04401784615384615
0.09721476923076922
0.14999446153846155
0.20652923076923077
0.25930892307692305
0.2703655384615385
0.25054707692307693
0.20819815384615384
0.15875630769230767
0.12454338461538461
0.09533723076923077
0.07238953846153846
0.037342153846153844
-0.006467076923076923
-0.0448523076923077
-0.07551876923076924
-0.08469784615384615
-0.09408553846153846
-0.09846646153846153
-0.09491999999999999
-0.08156861538461539
-0.03713353846153846
0.014394461538461538
0.06404492307692307
0.09930092307692308
0.10263876923076923
0.0988836923076923
0.09116492307692307
0.06028984615384615
0.005841230769230769
-0.06487938461538462
-0.12433476923076923
-0.16730953846153845
-0.20152246153846154
-0.21153599999999997
-0.20652923076923077
-0.17398523076923075
-0.11348676923076922
-0.040054153846153843
0.054240000000000003
0.13059323076923077
0.18754523076923074
0.23406646153846156
0.2480436923076923
0.2422024615384615
0.200688
0.12934153846153845
0.05298830769230769
-0.022530461538461537
-0.08052553846153847
-0.12662953846153846
-0.15270646153846154
-0.15208061538461537
-0.13184492307692308
-0.09325107692307691
-0.034630153846153845
0.037342153846153844
0.09950953846153845
0.138312
0.16292861538461537
0.1652233846153846
0.14081538461538462
0.09325107692307691
0.013768615384615384
-0.07092923076923077
-0.15687876923076924
-0.2194633846153846
-0.23510953846153848
-0.23656984615384613
-0.21633415384615384
-0.1787833846153846
-0.12913292307692306
-0.06675692307692307
-0.02044430769230769
0.004798153846153846
0.017315076923076923
0.010848
-0.009179076923076922
-0.028788923076923077
-0.04902461538461538
-0.062376
-0.07468430769230769
-0.0853236923076923
-0.07697907692307693
-0.06258461538461538
-0.054240000000000003
-0.05090215384615384
-0.05507446153846154
-0.05090215384615384
-0.04672984615384615
-0.051319384615384614
-0.05319692307692307
-0.06926030769230769
-0.07739630769230768
-0.073224
-0.06425353846153846
-0.042974769230769226
-0.028371692307692306
0.007510153846153846
0.05194523076923077
0.0974233846153846
0.14185846153846154
0.15291507692307693
0.15228923076923076
0.12934153846153845
0.09554584615384615
0.06738276923076922
0.026285538461538457
-0.003755076923076923
-0.03275261538461539
-0.05069353846153846
-0.03650769230769231
-0.006675692307692307
0.037967999999999995
0.08115138461538463
0.11640738461538462
0.14999446153846155
0.16105107692307694
0.16292861538461537
0.15145476923076923
0.10952307692307692
0.06008123076923077
-0.003129230769230769
-0.037967999999999995
-0.04985907692307692
-0.05528307692307692
-0.028788923076923077
0.0025033846153846152
0.05319692307692307
0.11891076923076922
0.16793538461538463
0.19171753846153847
0.17648861538461538
0.13080184615384613
0.09179076923076923
0.05048492307692308
0.008970461538461538
-0.023990769230769232
-0.06070707692307692
-0.06592246153846154
-0.042557538461538466
0.009179076923076922
0.07739630769230768
0.13372246153846154
0.19150892307692308
0.23072861538461537
0.25367630769230765
0.25388492307692306
0.20173107692307693
0.11327815384615383
-0.0008344615384615384
-0.11828492307692307
-0.21111876923076925
-0.2709913846153846
-0.29456492307692306
-0.2853858461538461
-0.23615261538461538
-0.14144123076923076
-0.025659692307692307
0.08907876923076924
0.18212123076923076
0.22989415384615383
0.23928184615384615
0.20694646153846152
0.14311015384615386
0.05924676923076923
-0.04860738461538461
-0.15416676923076922
-0.23448369230769228
-0.2726603076923077
-0.25701415384615384
-0.2073636923076923
-0.13476553846153844
-0.042557538461538466
0.05799507692307692
0.1597993846153846
0.24053353846153847
0.276624
0.26160369230769226
0.20944984615384615
0.14853415384615384
0.08490646153846154
0.018775384615384614
-0.04047138461538462
-0.09283384615384616
-0.12099692307692309
-0.11390399999999999
-0.08699261538461538
-0.04547815384615384
-0.01043076923076923
0.011473846153846154
0.031709538461538456
0.05173661538461538
0.07593599999999999
0.07948246153846153
0.06383630769230769
0.052153846153846155
0.05444861538461539
0.07948246153846153
0.11536430769230768
0.14811692307692306
0.15750461538461538
0.1504116923076923
0.13101046153846155
0.09429415384615383
0.04401784615384615
-0.02586830769230769
-0.09137353846153846
-0.13872923076923074
-0.1597993846153846
-0.14477907692307693
-0.11306953846153844
-0.06487938461538462
0.0025033846153846152
0.07343261538461537
0.1476996923076923
0.1990190769230769
0.2008966153846154
0.1696043076923077
0.09533723076923077
0.009596307692307692
-0.06049846153846154
-0.124752
-0.17440246153846153
-0.21800307692307694
-0.24554030769230767
-0.23844738461538462
-0.20652923076923077
-0.15520984615384617
-0.09408553846153846
-0.040262769230769234
0.015228923076923076
0.05924676923076923
0.09658892307692307
0.11703323076923078
0.10827138461538462
0.09491999999999999
0.07092923076923077
0.05277969230769231
0.04631261538461538
0.03609046153846154
0.030875076923076922
0.034630153846153845
0.04965046153846154
0.08094276923076923
0.1097316923076923
0.12850707692307692
0.12037107692307693
0.09471138461538461
0.07280676923076923
0.04193169230769231
0.021487384615384613
-0.01043076923076923
-0.04172307692307692
-0.08198584615384615
-0.13267938461538462
-0.17732307692307692
-0.20673784615384616
-0.14874276923076923
-0.06675692307692307
0.09012184615384615
0.2695310769230769
0.4118067692307692
0.5628443076923076
0.6197963076923076
0.6469163076923078
0.5603409230769231
0.3890676923076923
0.2127876923076923
-0.014185846153846153
-0.19609846153846153
-0.3540203076923077
-0.44581107692307687
-0.46667261538461535
-0.42599261538461536
-0.28017046153846153
-0.09095630769230768
0.12662953846153846
0.3402516923076923
0.47647753846153845
0.5403138461538461
0.5077698461538461
0.3844781538461538
0.23531815384615382
0.019609846153846155
-0.2056947692307692
-0.40033292307692303
-0.5674338461538462
-0.5947624615384616
-0.5202867692307692
-0.3734215384615384
-0.18525046153846153
-0.034630153846153845
0.09846646153846153
0.18858830769230767
0.21341353846153846
0.1792006153846154
0.0853236923076923
-0.017940923076923077
-0.09012184615384615
-0.1205796923076923
-0.0988836923076923
-0.07280676923076923
-0.04839876923076923
-0.034630153846153845
-0.03692492307692308
-0.026285538461538457
-0.04735569230769231
-0.08073415384615384
-0.1178676923076923
-0.17815753846153848
-0.20840676923076923
-0.23156307692307693
-0.23615261538461538
-0.1883796923076923
-0.13789476923076924
-0.04944184615384615
0.07572738461538461
0.21174461538461536
0.3544375384615384
0.4228633846153846
0.404088
0.30019753846153846
0.14102399999999998
-0.03129230769230769
-0.24011630769230768
-0.42348923076923073
-0.553248
-0.6039415384615384
-0.5213298461538461
-0.35339446153846155
-0.12558646153846154
0.09930092307692308
0.2858030769230769
0.45561599999999997
0.5484498461538461
0.5507446153846154
0.4714707692307692
0.3131316923076923
0.1353913846153846
-0.040054153846153843
-0.19046584615384615
-0.292896
-0.3502652307692307
-0.3375396923076923
-0.2712
-0.1531236923076923
0.0033378461538461535
0.1637630769230769
0.31751261538461534
0.41368430769230763
0.4460196923076923
0.4372578461538461
0.36403384615384615
0.24491446153846153
0.09784061538461537
-0.07051199999999999
-0.1908830769230769
-0.2588916923076923
-0.26911384615384615
-0.22405292307692307
-0.15625292307692307
-0.05778646153846154
0.042557538461538466
0.11974523076923077
0.15145476923076923
0.130176
0.06738276923076922
-0.014603076923076923
-0.07280676923076923
-0.11432123076923076
-0.14603076923076924
-0.14978584615384616
-0.13768615384615385
-0.0936683076923077
-0.015646153846153844
0.05277969230769231
0.10535076923076922
0.11745046153846153
0.09095630769230768
0.06154153846153846
0.006258461538461538
-0.056951999999999996
-0.1207883076923077
-0.1777403076923077
-0.19526400000000002
-0.18253846153846154
-0.12767261538461538
-0.05111076923076923
0.02086153846153846
0.09512861538461538
0.15792184615384616
0.20819815384615384
0.23886461538461537
0.22530461538461538
0.1760713846153846
0.09491999999999999
-0.0002086153846153846
-0.07531015384615385
-0.14311015384615386
-0.19296923076923078
-0.21821169230769227
-0.2194633846153846
-0.16647507692307692
-0.07551876923076924
0.029414769230769227
0.13080184615384613
0.1992276923076923
0.23531815384615382
0.24762646153846155
0.23385784615384617
0.19672430769230767
0.13184492307692308
0.06487938461538462
0.026076923076923077
0.015228923076923076
0.03859384615384615
0.06759138461538462
0.09971815384615385
0.12934153846153845
0.13852061538461538
0.143736
0.12266584615384615
0.06842584615384616
-0.008970461538461538
-0.10222153846153846
-0.1760713846153846
-0.21862892307692305
-0.22843384615384613
-0.20131384615384615
-0.15562707692307692
-0.08574092307692306
0.006675692307692307
0.10159569230769232
0.19296923076923078
0.25367630769230765
0.265776
0.2355267692307692
0.16772676923076923
0.07635323076923077
-0.03421292307692308
-0.14582215384615385
-0.24658338461538462
-0.31229723076923077
-0.31062830769230765
-0.26076923076923075
-0.16292861538461537
-0.04547815384615384
0.08115138461538463
0.22175815384615383
0.33566215384615383
0.4047138461538461
0.41034646153846155
0.3581926153846154
0.2701569230769231
0.15208061538461537
0.023990769230769232
-0.09533723076923077
-0.2059033846153846
-0.2851772307692308
-0.317304
-0.29498215384615384
-0.2207150769230769
-0.119328
-0.0012516923076923076
0.11014892307692307
0.20152246153846154
0.260352
0.2722430769230769
0.24512307692307692
0.17502830769230768
0.07384984615384615
-0.030875076923076922
-0.13309661538461537
-0.20423446153846153
-0.23406646153846156
-0.233232
-0.18379015384615385
-0.10868861538461538
-0.031918153846153846
0.03692492307692308
0.07551876923076924
0.0880356923076923
0.07113784615384615
0.03066646153846154
-0.015854769230769228
-0.06592246153846154
-0.1028473846153846
-0.11223507692307692
-0.09158215384615384
-0.04672984615384615
0.005215384615384615
0.05862092307692307
0.10952307692307692
0.13998092307692306
0.14811692307692306
0.12496061538461539
0.06905169230769231
-0.010222153846153844
-0.10201292307692307
-0.1777403076923077
-0.2275993846153846
-0.24282830769230768
-0.21675138461538462
-0.15646153846153846
-0.06028984615384615
0.05528307692307692
0.1693956923076923
0.2730775384615384
0.3383741538461538
0.3594443076923077
0.327108923076923
0.24637476923076923
0.14582215384615385
0.032544
-0.06905169230769231
-0.1506203076923077
-0.18900553846153845
-0.17628
-0.12496061538461539
-0.04109723076923077
0.05528307692307692
0.1489513846153846
0.23052
0.2868461538461538
0.2993630769230769
0.2705741538461538
0.19609846153846153
0.09471138461538461
-0.010639384615384617
-0.10430769230769231
-0.1635544615384615
-0.19714153846153845
-0.19171753846153847
-0.14749107692307692
-0.0826116923076923
-0.007301538461538462
0.05090215384615384
0.0880356923076923
0.09784061538461537
0.08198584615384615
0.05924676923076923
0.03108369230769231
0.0002086153846153846
-0.024408000000000003
-0.03838523076923077
-0.027120000000000002
0.009596307692307692
0.05277969230769231
0.10389046153846154
0.14561353846153846
0.16063384615384615
0.15771323076923077
0.13852061538461538
0.10409907692307692
0.042348923076923076
-0.026494153846153844
-0.08219446153846154
-0.13309661538461537
-0.16084246153846155
-0.16584923076923075
-0.14874276923076923
-0.10868861538461538
-0.06425353846153846
-0.009596307692307692
0.05048492307692308
0.1028473846153846
0.13497415384615385
0.13601723076923075
0.12579507692307693
0.1045163076923077
0.06967753846153846
0.030040615384615384
-0.021070153846153846
-0.059664
-0.08615815384615384
-0.10409907692307692
-0.09930092307692308
-0.08761846153846153
-0.07197230769230768
-0.04756430769230769
-0.021904615384615383
0.008970461538461538
0.04088861538461538
0.059664
0.08219446153846154
0.10138707692307691
0.12266584615384615
0.14603076923076924
0.15208061538461537
0.154584
0.13205353846153844
0.09408553846153846
0.05027630769230769
-0.003963692307692307
-0.04902461538461538
-0.09241661538461539
-0.12266584615384615
-0.13101046153846155
-0.12037107692307693
-0.08657538461538461
-0.03942830769230769
0.018358153846153843
0.084072
0.1397723076923077
0.1802436923076923
0.19797599999999999
0.1923433846153846
0.16271999999999998
0.11223507692307692
0.056326153846153845
-0.01043076923076923
-0.08302892307692307
-0.14811692307692306
-0.19839323076923077
-0.2221753846153846
-0.22321846153846153
-0.20131384615384615
-0.14749107692307692
-0.07781353846153846
0.0004172307692307692
0.07948246153846153
0.13998092307692306
0.17252492307692308
0.16501476923076921
0.1205796923076923
0.061124307692307686
-0.005424
-0.07823076923076923
-0.15667015384615385
-0.22989415384615383
-0.2860116923076923
-0.31396615384615384
-0.3095852307692307
-0.28163076923076924
-0.23928184615384615
-0.1867107692307692
-0.11849353846153846
-0.04047138461538462
0.04276615384615385
0.10931446153846153
0.15604430769230768
0.17732307692307692
0.17461107692307692
0.15270646153846154
0.09491999999999999
0.025033846153846153
-0.04819015384615385
-0.11223507692307692
-0.14853415384615384
-0.1585476923076923
-0.13706030769230768
-0.08782707692307692
-0.03108369230769231
0.037342153846153844
0.11452984615384615
0.1846246153846154
0.23364923076923078
0.24866953846153847
0.24282830769230768
0.21237046153846154
0.17002153846153847
0.12621230769230768
0.07551876923076924
0.02858030769230769
-0.015646153846153844
-0.04526953846153846
-0.05528307692307692
-0.06446215384615385
-0.07405846153846153
-0.07781353846153846
-0.0771876923076923
-0.06571384615384615
-0.04088861538461538
-0.016480615384615385
0.005632615384615384
0.023364923076923075
0.03859384615384615
0.053614153846153846
0.06487938461538462
0.06800861538461538
0.06049846153846154
0.050067692307692306
0.04672984615384615
0.05048492307692308
0.04839876923076923
0.042557538461538466
0.03400430769230769
0.02315630769230769
0.012308307692307691
0.0004172307692307692
-0.009179076923076922
-0.018983999999999997
-0.023782153846153845
-0.020652923076923076
-0.009804923076923077
0.013351384615384614
0.03212676923076923
0.04193169230769231
0.044435076923076924
0.03400430769230769
0.01981846153846154
-0.00855323076923077
-0.049233230769230765
-0.08344615384615384
-0.10159569230769232
-0.09179076923076923
-0.05528307692307692
-0.015437538461538461
0.026076923076923077
0.040054153846153843
0.03629907692307692
0.027120000000000002
-0.022947692307692308
-0.06133292307692308
-0.111192
-0.13935507692307691
-0.13768615384615385
-0.130176
-0.09408553846153846
-0.031918153846153846
0.04109723076923077
0.20486030769230767
0.4024190769230769
0.35339446153846155
0.3127144615384615
0.22530461538461538
0.10409907692307692
0.13226215384615383
-0.08949599999999999
-0.3114627692307692
-0.5077698461538461
-0.6179187692307693
-0.4549901538461538
-0.35256
-0.17377661538461536
-0.08135999999999999
0.07051199999999999
0.38030584615384616
0.5574203076923077
0.7493464615384616
0.6636055384615385
0.4848221538461538
0.3734215384615384
0.12913292307692306
0.030875076923076922
-0.15917353846153848
-0.3675803076923077
-0.3919883076923077
-0.514236923076923
-0.42369784615384615
-0.24408
-0.119328
0.1704387692307692
0.2899753846153846
0.3815575384615385
0.4896203076923077
0.48419630769230765
0.5494929230769231
0.46083138461538464
0.26348123076923075
0.06070707692307692
-0.15500123076923078
-0.20715507692307691
-0.268488
-0.3510996923076923
-0.3848953846153846
-0.41034646153846155
-0.2626467692307692
-0.10326461538461539
-0.019609846153846155
0.078648
0.06967753846153846
0.111192
0.19985353846153847
0.19442953846153843
0.2194633846153846
0.1775316923076923
0.10743692307692307
0.11390399999999999
0.06362769230769232
0.017315076923076923
-0.040679999999999994
-0.14457046153846154
-0.21007569230769232
-0.26348123076923075
-0.2680707692307692
-0.22676492307692306
-0.12913292307692306
-0.012308307692307691
0.05194523076923077
0.17502830769230768
0.28476
0.3698750769230769
0.4577021538461538
0.40700861538461536
0.33587076923076925
0.2509643076923077
0.11891076923076922
0.01981846153846154
-0.14102399999999998
-0.26765353846153844
-0.31396615384615384
-0.33712246153846154
-0.2774584615384615
-0.21508246153846153
-0.11974523076923077
0.03379569230769231
0.1693956923076923
0.28121353846153846
0.3081249230769231
0.3193901538461538
0.32627446153846157
0.25659692307692306
0.17732307692307692
0.027745846153846152
-0.13205353846153844
-0.1948467692307692
-0.2716172307692308
-0.2897667692307692
-0.24512307692307692
-0.20298276923076922
-0.06529661538461538
0.06300184615384616
0.16418030769230768
0.28267384615384616
0.32961230769230765
0.35193415384615384
0.31667815384615383
0.20381723076923075
0.062376
-0.09825784615384614
-0.21091015384615383
-0.2989458461538462
-0.33816553846153846
-0.33545353846153847
-0.3187643076923077
-0.21111876923076925
-0.0826116923076923
0.051528
0.18170399999999998
0.2221753846153846
0.26076923076923075
0.3047870769230769
0.295608
0.2586830769230769
0.1502030769230769
0.013768615384615384
-0.06800861538461538
-0.12558646153846154
-0.15520984615384617
-0.1800350769230769
-0.20360861538461536
-0.1721076923076923
-0.10535076923076922
-0.003963692307692307
0.10848000000000001
0.19067446153846154
0.24074215384615386
0.23448369230769228
0.22113230769230768
0.19964492307692308
0.15604430769230768
0.11578153846153846
0.01940123076923077
-0.08574092307692306
-0.14853415384615384
-0.1867107692307692
-0.16042523076923076
-0.13476553846153844
-0.16209415384615386
-0.17502830769230768
-0.16251138461538459
-0.09721476923076922
-0.015854769230769228
0.017315076923076923
0.027328615384615382
0.021904615384615383
0.042974769230769226
0.06633969230769231
0.06863446153846153
0.05507446153846154
0.001043076923076923
-0.026494153846153844
-0.03629907692307692
-0.051319384615384614
-0.05716061538461538
-0.09262523076923077
-0.116616
-0.12120553846153845
-0.11557292307692307
-0.07364123076923076
-0.02899753846153846
0.004589538461538461
0.013768615384615384
0.010013538461538461
0.024616615384615383
0.04756430769230769
0.059038153846153844
0.03233538461538461
-0.024616615384615383
-0.06863446153846153
-0.08636676923076922
-0.07781353846153846
-0.065088
-0.07635323076923077
-0.086784
-0.07677046153846154
-0.03713353846153846
0.008136
0.0070929230769230765
-0.010013538461538461
-0.019609846153846155
-0.022947692307692308
-0.010848
-0.010013538461538461
-0.021904615384615383
-0.018358153846153843
0.0029206153846153843
0.04902461538461538
0.1045163076923077
0.14811692307692306
0.17523692307692307
0.17690584615384616
0.16084246153846155
0.11870215384615385
0.06675692307692307
0.009387692307692307
-0.06279323076923077
-0.10555938461538462
-0.1287156923076923
-0.12850707692307692
-0.08135999999999999
-0.01814953846153846
0.06571384615384615
0.14436184615384615
0.19588984615384614
0.24679199999999998
0.2638984615384615
0.24658338461538462
0.19359507692307693
0.08866153846153846
-0.022530461538461537
-0.13622584615384614
-0.23156307692307693
-0.28955815384615385
-0.31813846153846154
-0.3022836923076923
-0.24908676923076922
-0.1612596923076923
-0.05653476923076922
0.04109723076923077
0.13080184615384613
0.19568123076923075
0.214248
0.20548615384615385
0.16856123076923077
0.11578153846153846
0.0717636923076923
0.020027076923076922
-0.026702769230769228
-0.07113784615384615
-0.10764553846153846
-0.11286092307692308
-0.09325107692307691
-0.06446215384615385
-0.03483876923076923
-0.014185846153846153
0.005424
0.033169846153846154
0.046104
0.04860738461538461
0.04631261538461538
0.037342153846153844
0.037342153846153844
0.05298830769230769
0.06759138461538462
0.07238953846153846
0.07238953846153846
0.05757784615384615
0.03233538461538461
0.0004172307692307692
-0.029623384615384614
-0.047981538461538464
-0.06842584615384616
-0.06988615384615385
-0.045895384615384616
-0.005841230769230769
0.053614153846153846
0.11265230769230769
0.16710092307692306
0.21007569230769232
0.23385784615384617
0.2424110769230769
0.21487384615384614
0.15604430769230768
0.08615815384615384
0.010639384615384617
-0.047772923076923074
-0.09158215384615384
-0.1218313846153846
-0.12558646153846154
-0.11348676923076922
-0.07343261538461537
-0.0018775384615384615
0.06446215384615385
0.11098338461538461
0.1397723076923077
0.14102399999999998
0.12600369230769232
0.09950953846153845
0.05090215384615384
-0.020652923076923076
-0.09241661538461539
-0.1316363076923077
-0.12412615384615384
-0.08574092307692306
-0.029414769230769227
0.02858030769230769
0.09053907692307692
0.14957723076923077
0.19714153846153845
0.22572184615384616
0.19651569230769228
0.1368516923076923
0.05799507692307692
-0.02795446153846154
-0.0892873846153846
-0.14060676923076923
-0.17398523076923075
-0.18086953846153844
-0.15959076923076923
-0.10222153846153846
-0.026076923076923077
0.041514461538461535
0.09763200000000001
0.13518276923076925
0.15333230769230768
0.16000799999999998
0.1422756923076923
0.08657538461538461
-0.0002086153846153846
-0.09199938461538461
-0.1704387692307692
-0.21028430769230766
-0.21362215384615382
-0.2056947692307692
-0.17502830769230768
-0.13330523076923076
-0.07405846153846153
0.0014603076923076922
0.05674338461538461
0.08219446153846154
0.0798996923076923
0.07843938461538462
0.08866153846153846
0.100344
0.10243015384615384
0.0936683076923077
0.09012184615384615
0.09304246153846155
0.10514215384615383
0.10910584615384614
0.08448923076923077
0.042348923076923076
-0.0029206153846153843
-0.03838523076923077
-0.04902461538461538
-0.0446436923076923
-0.03129230769230769
-0.0022947692307692304
0.03024923076923077
0.07468430769230769
0.12308307692307692
0.146448
0.14957723076923077
0.13476553846153844
0.10159569230769232
0.0744756923076923
0.04401784615384615
-0.011891076923076923
-0.07489292307692308
-0.1424843076923077
-0.1860849230769231
-0.19609846153846153
-0.1923433846153846
-0.18253846153846154
-0.1693956923076923
-0.13393107692307693
-0.07927384615384615
0.0077187692307692304
0.10096984615384616
0.17002153846153847
0.2157083076923077
0.22780799999999998
0.22572184615384616
0.19881046153846152
0.13622584615384614
0.05277969230769231
-0.04526953846153846
-0.12913292307692306
-0.1802436923076923
-0.19693292307692306
-0.18629353846153843
-0.15291507692307693
-0.09533723076923077
-0.019609846153846155
0.0717636923076923
0.15416676923076922
0.20965846153846154
0.22697353846153845
0.20402584615384614
0.16105107692307694
0.11348676923076922
0.05674338461538461
-0.014603076923076923
-0.08031692307692308
-0.12391753846153845
-0.12788123076923075
-0.10347323076923076
-0.073224
-0.03775938461538462
-0.006258461538461538
0.04047138461538462
0.10618523076923077
0.1656406153846154
0.19547261538461536
0.17565415384615385
0.12934153846153845
0.07468430769230769
0.026076923076923077
-0.01981846153846154
-0.08386338461538462
-0.13267938461538462
-0.15291507692307693
-0.13768615384615385
-0.07426707692307692
0.005424
0.08448923076923077
0.14853415384615384
0.18900553846153845
0.21341353846153846
0.20423446153846153
0.14436184615384615
0.04652123076923077
-0.061750153846153844
-0.15500123076923078
-0.2194633846153846
-0.24992123076923078
-0.24095076923076922
-0.20193969230769232
-0.14185846153846154
-0.05507446153846154
0.054657230769230764
0.16313723076923078
0.23636123076923077
0.2737033846153846
0.2680707692307692
0.22530461538461538
0.1612596923076923
0.08177723076923075
-0.006884307692307692
-0.09930092307692308
-0.1706473846153846
-0.20277415384615383
-0.18900553846153845
-0.15395815384615386
-0.10243015384615384
-0.07593599999999999
-0.03984553846153846
-0.0043809230769230765
0.002086153846153846
-0.009596307692307692
-0.07948246153846153
-0.13706030769230768
-0.18149538461538461
-0.15208061538461537
-0.07843938461538462
0.08302892307692307
0.2221753846153846
0.3054129230769231
0.49733907692307694
0.5805766153846154
0.6788344615384615
0.6517144615384615
0.46104
0.23177169230769232
-0.13351384615384615
-0.4147273846153846
-0.7514326153846154
-1.0510043076923077
-1.2249895384615384
-1.2921636923076922
-1.0668590769230768
-0.7236867692307692
-0.22843384615384613
0.3141747692307692
0.760403076923077
1.1918196923076922
1.4254689230769229
1.479708923076923
1.3351384615384614
0.9260436923076922
0.4508178461538461
-0.12037107692307693
-0.6875963076923076
-1.072908923076923
-1.3643446153846153
-1.4219224615384616
-1.2957101538461537
-1.0405735384615384
-0.6049846153846153
-0.1424843076923077
0.3738387692307692
0.844475076923077
1.17972
1.3958455384615385
1.4238000000000002
1.3005083076923076
1.0063606153846154
0.5507446153846154
0.05486584615384615
-0.44998338461538456
-0.8674227692307692
-1.1523913846153846
-1.3355556923076923
-1.3441089230769232
-1.2168535384615384
-0.9683926153846153
-0.604776
-0.23469230769230767
0.1449876923076923
0.51528
0.8225704615384615
1.0843827692307693
1.2272843076923077
1.226867076923077
1.0977341538461538
0.8359218461538461
0.49692184615384616
0.08323753846153846
-0.3510996923076923
-0.768121846153846
-1.1121286153846153
-1.308227076923077
-1.3845803076923078
-1.2829846153846154
-1.0049003076923078
-0.6195876923076923
-0.11202646153846153
0.4282873846153846
0.9416898461538461
1.377696
1.6228190769230768
1.6829003076923077
1.526230153846154
1.1655341538461539
0.6815464615384615
0.09825784615384614
-0.5050578461538461
-1.0589316923076924
-1.4694867692307692
-1.664124923076923
-1.644097846153846
-1.4052332307692308
-0.9923833846153847
-0.4456024615384615
0.19380369230769232
0.820067076923077
1.349532923076923
1.7045963076923076
1.8124504615384613
1.6997981538461537
1.3735236923076921
0.8726381538461538
0.2966510769230769
-0.32314523076923074
-0.8861981538461539
-1.307809846153846
-1.5677446153846153
-1.6036264615384614
-1.4384030769230767
-1.1071218461538461
-0.6508799999999999
-0.14185846153846154
0.36904061538461536
0.8042123076923077
1.1302781538461537
1.2982135384615385
1.2867396923076924
1.114632
0.7906523076923075
0.39699507692307695
-0.02273907692307692
-0.42891323076923077
-0.7514326153846154
-0.9821612307692307
-1.091892923076923
-1.059348923076923
-0.929172923076923
-0.7190972307692308
-0.4453938461538462
-0.15270646153846154
0.15354092307692307
0.4268270769230769
0.6189618461538461
0.7424621538461539
0.7814732307692308
0.750180923076923
0.6592246153846153
0.5131938461538461
0.33670523076923076
0.1356
-0.06738276923076922
-0.28100492307692304
-0.48586523076923077
-0.6467076923076923
-0.7616547692307691
-0.7862713846153846
-0.733908923076923
-0.6137464615384616
-0.40095876923076923
-0.1353913846153846
0.1785747692307692
0.5000510769230769
0.7556049230769231
0.929172923076923
0.9928006153846154
0.9348055384615384
0.7670787692307692
0.5058923076923076
0.1785747692307692
-0.17377661538461536
-0.4948356923076923
-0.7374553846153846
-0.8761846153846153
-0.8947513846153846
-0.8094276923076922
-0.6356510769230769
-0.3767593846153846
-0.07155507692307693
0.25513661538461535
0.5557513846153845
0.7737544615384615
0.8851550769230768
0.8751415384615384
0.762072
0.5791163076923077
0.3410861538461538
0.07384984615384615
-0.1794092307692308
-0.38343507692307693
-0.4960873846153846
-0.5236246153846154
-0.4837790769230769
-0.3880246153846154
-0.2620209230769231
-0.11223507692307692
0.047981538461538464
0.20110523076923076
0.31751261538461534
0.3815575384615385
0.40012430769230767
0.3848953846153846
0.34943076923076927
0.28663753846153844
0.20715507692307691
0.12913292307692306
0.058829538461538454
0.0012516923076923076
-0.04839876923076923
-0.09784061538461537
-0.14081538461538462
-0.1666836923076923
-0.1800350769230769
-0.17252492307692308
-0.1422756923076923
-0.08845292307692308
-0.02273907692307692
0.04130584615384615
0.12037107692307693
0.21320492307692307
0.3062473846153846
0.3675803076923077
0.385104
0.36319938461538465
0.2906012307692308
0.18170399999999998
0.053405538461538456
-0.08740984615384616
-0.23010276923076922
-0.36278215384615387
-0.450192
-0.46354338461538463
-0.4141015384615384
-0.30436984615384616
-0.15249784615384615
0.018358153846153843
0.20256553846153844
0.35923569230769226
0.46145723076923073
0.4952529230769231
0.44455938461538463
0.32231076923076923
0.14957723076923077
-0.03859384615384615
-0.21612553846153845
-0.36632861538461536
-0.45749353846153845
-0.49024615384615383
-0.45978830769230766
-0.3600701538461538
-0.23177169230769232
-0.08490646153846154
0.058829538461538454
0.16188553846153847
0.2194633846153846
0.23052
0.19964492307692308
0.12412615384615384
0.01814953846153846
-0.084072
-0.17544553846153846
-0.2497126153846154
-0.29227015384615385
-0.301032
-0.2703655384615385
-0.20798953846153845
-0.12496061538461539
-0.03838523076923077
0.03233538461538461
0.07781353846153846
0.0826116923076923
0.05757784615384615
0.01856676923076923
-0.029414769230769227
-0.06884307692307692
-0.092208
-0.08386338461538462
-0.050067692307692306
-0.010639384615384617
0.04214030769230769
0.09095630769230768
0.11974523076923077
0.12704676923076924
0.10493353846153847
0.058412307692307694
-0.0035464615384615383
-0.07030338461538461
-0.12579507692307693
-0.1506203076923077
-0.1476996923076923
-0.11411261538461538
-0.054657230769230764
0.014185846153846153
0.08365476923076923
0.14269292307692305
0.1829556923076923
0.19150892307692308
0.17231630769230769
0.13101046153846155
0.08135999999999999
0.03045784615384615
-0.023990769230769232
-0.06404492307692307
-0.07739630769230768
-0.06258461538461538
-0.014185846153846153
0.05319692307692307
0.12350030769230769
0.18900553846153845
0.23803015384615384
0.26911384615384615
0.27474646153846155
0.24992123076923078
0.20110523076923076
0.14144123076923076
0.0744756923076923
0.012516923076923077
-0.03024923076923077
-0.05507446153846154
-0.05444861538461539
-0.021487384615384613
0.03921969230769231
0.11327815384615383
0.18504184615384617
0.24053353846153847
0.2701569230769231
0.25847446153846154
0.21466523076923077
0.14707384615384617
0.04652123076923077
-0.06028984615384615
-0.15500123076923078
-0.22634769230769228
-0.24762646153846155
-0.22342707692307692
-0.165432
-0.07739630769230768
0.021070153846153846
0.1178676923076923
0.19714153846153845
0.2399076923076923
0.22989415384615383
0.1612596923076923
0.06154153846153846
-0.04631261538461538
-0.15270646153846154
-0.23844738461538462
-0.29581661538461534
-0.3187643076923077
-0.29227015384615385
-0.21633415384615384
-0.1028473846153846
0.016897846153846156
0.12704676923076924
0.21237046153846154
0.2655673846153846
0.29331323076923077
0.28246523076923075
0.24199384615384617
0.16876984615384616
0.07238953846153846
-0.021904615384615383
-0.10263876923076923
-0.1718990769230769
-0.22801661538461537
-0.2705741538461538
-0.2818393846153846
-0.25159015384615385
-0.20673784615384616
-0.13893784615384613
-0.07468430769230769
-0.02023569230769231
0.03755076923076923
0.09012184615384615
0.13768615384615385
0.15208061538461537
0.13393107692307693
0.09179076923076923
0.043600615384615383
0.002086153846153846
-0.04172307692307692
-0.092208
-0.143736
-0.18337292307692307
-0.20527753846153846
-0.20819815384615384
-0.20027076923076922
-0.1858763076923077
-0.15667015384615385
-0.10576799999999999
-0.03024923076923077
0.05820369230769231
0.13622584615384614
0.19067446153846154
0.2090326153846154
0.19735015384615384
0.15291507692307693
0.07843938461538462
-0.00855323076923077
-0.11432123076923076
-0.20798953846153845
-0.2699483076923077
-0.290184
-0.2601433846153846
-0.20047938461538461
-0.12037107692307693
-0.026494153846153844
0.07489292307692308
0.1760713846153846
0.25242461538461536
0.29227015384615385
0.29748553846153847
0.27787569230769227
0.2497126153846154
0.20527753846153846
0.1424843076923077
0.056951999999999996
-0.027328615384615382
-0.08219446153846154
-0.1070196923076923
-0.09846646153846153
-0.08052553846153847
-0.058412307692307694
-0.03379569230769231
-0.0077187692307692304
0.02586830769230769
0.046104
0.048816000000000005
0.03880246153846154
0.031709538461538456
0.031709538461538456
0.040679999999999994
0.05069353846153846
0.05277969230769231
0.05048492307692308
0.046104
0.05382276923076923
0.05194523076923077
0.04631261538461538
0.03337846153846154
-0.005841230769230769
-0.03609046153846154
-0.05507446153846154
-0.065088
-0.07280676923076923
-0.0880356923076923
-0.07969107692307692
-0.040054153846153843
0.02482523076923077
0.10180430769230768
0.16459753846153846
0.20694646153846152
0.22718215384615387
0.23448369230769228
0.21967199999999998
0.16063384615384615
0.06613107692307692
-0.04672984615384615
-0.1462393846153846
-0.20319138461538463
-0.23677846153846152
-0.24199384615384617
-0.23156307692307693
-0.23490092307692306
-0.20027076923076922
-0.12350030769230769
-0.021278769230769233
0.0826116923076923
0.14957723076923077
0.20047938461538461
0.2716172307692308
0.34358953846153845
0.4076344615384615
0.4024190769230769
0.25346769230769234
0.08302892307692307
-0.09074769230769231
-0.18316430769230768
-0.2601433846153846
-0.42787015384615384
-0.49546153846153845
-0.5428172307692307
-0.4374664615384615
-0.23656984615384613
-0.06341907692307691
0.12808984615384614
0.18900553846153845
0.3148006153846154
0.4072172307692307
0.4111809230769231
0.37008369230769234
0.13726892307692307
-0.06446215384615385
-0.2559710769230769
-0.4109723076923077
-0.4322510769230769
-0.47710338461538465
-0.41034646153846155
-0.2682793846153846
-0.12391753846153845
0.11891076923076922
0.30416123076923074
0.4549901538461538
0.5353070769230769
0.45436430769230773
0.38280923076923074
0.25701415384615384
0.13872923076923074
0.06613107692307692
-0.06341907692307691
-0.13247076923076923
-0.19192615384615386
-0.1923433846153846
-0.10430769230769231
-0.07280676923076923
-0.04130584615384615
-0.018775384615384614
0.012308307692307691
0.09596307692307693
0.11432123076923076
0.10409907692307692
0.07906523076923076
0.035464615384615386
0.05590892307692308
0.06738276923076922
0.06759138461538462
0.0880356923076923
0.09387692307692307
0.13038461538461538
0.1585476923076923
0.1558356923076923
0.13852061538461538
0.04944184615384615
-0.03921969230769231
-0.11619876923076923
-0.19463815384615382
-0.21675138461538462
-0.21862892307692305
-0.1656406153846154
-0.07134646153846153
0.028163076923076923
0.16480615384615382
0.2638984615384615
0.3202246153846154
0.330864
0.28121353846153846
0.22634769230769228
0.12850707692307692
0.024199384615384616
-0.06195876923076923
-0.14832553846153845
-0.1712732307692308
-0.16772676923076923
-0.13184492307692308
-0.06633969230769231
-0.013768615384615384
0.08636676923076922
0.18358153846153846
0.2424110769230769
0.2624381538461539
0.21675138461538462
0.16501476923076921
0.10159569230769232
0.01397723076923077
-0.07051199999999999
-0.1612596923076923
-0.2154996923076923
-0.21007569230769232
-0.17565415384615385
-0.09304246153846155
-0.013142769230769229
0.052571076923076915
0.11724184615384614
0.13747753846153846
0.14457046153846154
0.111192
0.04568676923076923
-0.02524246153846154
-0.11411261538461538
-0.165432
-0.1873366153846154
-0.17231630769230769
-0.10910584615384614
-0.04401784615384615
0.03421292307692308
0.0974233846153846
0.13601723076923075
0.16313723076923078
0.14603076923076924
0.10096984615384616
0.03588184615384615
-0.04380923076923077
-0.1045163076923077
-0.14394461538461537
-0.15541846153846153
-0.14269292307692305
-0.10952307692307692
-0.03150092307692308
0.06362769230769232
0.15228923076923076
0.21967199999999998
0.24616615384615384
0.2480436923076923
0.2209236923076923
0.1635544615384615
0.092208
0.0
-0.08302892307692307
-0.14331876923076922
-0.1846246153846154
-0.17628
-0.13205353846153844
-0.05090215384615384
0.054657230769230764
0.14519630769230768
0.2207150769230769
0.26348123076923075
0.27787569230769227
0.27432923076923077
0.23093723076923076
0.16167692307692308
0.07802215384615384
0.003129230769230769
-0.03755076923076923
-0.059872615384615385
-0.06154153846153846
-0.052153846153846155
-0.03275261538461539
0.002086153846153846
0.030040615384615384
0.04965046153846154
0.04693846153846153
0.008761846153846153
-0.03671630769230769
-0.0880356923076923
-0.12725538461538463
-0.13810338461538463
-0.143736
-0.1218313846153846
-0.08782707692307692
-0.0448523076923077
0.02273907692307692
0.0826116923076923
0.13518276923076925
0.14081538461538462
0.10660246153846153
0.07405846153846153
0.02795446153846154
-0.012308307692307691
-0.06154153846153846
-0.11348676923076922
-0.1397723076923077
-0.13664307692307692
-0.08323753846153846
-0.003129230769230769
0.06738276923076922
0.12016246153846154
0.16042523076923076
0.18858830769230767
0.19213476923076922
0.15479261538461536
0.084072
-0.006467076923076923
-0.09867507692307692
-0.16000799999999998
-0.19839323076923077
-0.20944984615384615
-0.19881046153846152
-0.16626646153846153
-0.09825784615384614
-0.027328615384615382
0.040679999999999994
0.08240307692307691
0.08386338461538462
0.059038153846153844
0.012308307692307691
-0.027328615384615382
-0.06070707692307692
-0.10347323076923076
-0.15228923076923076
-0.20444307692307692
-0.23052
-0.21529107692307692
-0.1779489230769231
-0.12642092307692307
-0.07823076923076923
-0.027745846153846152
0.03421292307692308
0.09784061538461537
0.15896492307692306
0.19004861538461537
0.18983999999999998
0.17419384615384614
0.15124615384615384
0.13622584615384614
0.10681107692307691
0.053405538461538456
-0.008761846153846153
-0.06341907692307691
-0.0934596923076923
-0.10597661538461538
-0.10681107692307691
-0.10409907692307692
-0.09325107692307691
-0.06946892307692307
-0.038176615384615385
0.0025033846153846152
0.0448523076923077
0.07343261538461537
0.08866153846153846
0.09012184615384615
0.0826116923076923
0.06362769230769232
0.02586830769230769
-0.014394461538461538
-0.05924676923076923
-0.0936683076923077
-0.11202646153846153
-0.1205796923076923
-0.11411261538461538
-0.0988836923076923
-0.059872615384615385
0.003963692307692307
0.08574092307692306
0.16418030769230768
0.21779446153846155
0.2438713846153846
0.25054707692307693
0.23949046153846154
0.20715507692307691
0.15667015384615385
0.0798996923076923
-0.007927384615384614
-0.08699261538461538
-0.15479261538461536
-0.2075723076923077
-0.2438713846153846
-0.25305046153846156
-0.22405292307692307
-0.16105107692307694
-0.07072061538461538
0.023782153846153845
0.10347323076923076
0.16647507692307692
0.20527753846153846
0.21800307692307694
0.206112
0.15291507692307693
0.06821723076923077
-0.02899753846153846
-0.12162276923076921
-0.18399876923076922
-0.22655630769230767
-0.23636123076923077
-0.21925476923076925
-0.1913003076923077
-0.1368516923076923
-0.06216738461538462
0.015020307692307692
0.06863446153846153
0.10263876923076923
0.1316363076923077
0.14477907692307693
0.14394461538461537
0.12391753846153845
0.09074769230769231
0.054657230769230764
0.0077187692307692304
-0.040679999999999994
-0.08344615384615384
-0.12725538461538463
-0.16856123076923077
-0.1990190769230769
-0.214248
-0.19547261538461536
-0.15667015384615385
-0.10576799999999999
-0.042348923076923076
0.02482523076923077
0.0974233846153846
0.15938215384615384
0.2008966153846154
0.20798953846153845
0.18086953846153844
0.13080184615384613
0.06070707692307692
-0.006258461538461538
-0.06529661538461538
-0.12913292307692306
-0.1787833846153846
-0.19860184615384616
-0.1883796923076923
-0.1476996923076923
-0.08866153846153846
-0.011056615384615385
0.07551876923076924
0.16647507692307692
0.24887815384615386
0.2989458461538462
0.3229366153846154
0.30583015384615386
0.25305046153846156
0.1760713846153846
0.07051199999999999
-0.04214030769230769
-0.15208061538461537
-0.238656
-0.27850153846153847
-0.2705741538461538
-0.2125790769230769
-0.11974523076923077
-0.012516923076923077
0.10722830769230769
0.2140393846153846
0.2943563076923077
0.34296369230769225
0.34358953846153845
0.30854215384615385
0.23218892307692307
0.14603076923076924
0.06967753846153846
-0.00855323076923077
-0.07551876923076924
-0.12600369230769232
-0.14603076923076924
-0.13080184615384613
-0.08386338461538462
-0.01814953846153846
0.05945538461538461
0.13810338461538463
0.21696000000000001
0.2822566153846154
0.3152178461538461
0.32627446153846157
0.29915446153846154
0.24470584615384613
0.1721076923076923
0.0853236923076923
0.0012516923076923076
-0.08949599999999999
-0.1597993846153846
-0.20652923076923077
-0.23239753846153846
-0.2292683076923077
-0.20924123076923076
-0.1712732307692308
-0.127464
-0.07051199999999999
-0.012934153846153845
0.03379569230769231
0.06884307692307692
0.09137353846153846
0.11202646153846153
0.12829846153846153
0.13434830769230768
0.124752
0.10201292307692307
0.05757784615384615
0.008344615384615384
-0.037342153846153844
-0.07948246153846153
-0.11411261538461538
-0.13768615384615385
-0.12788123076923075
-0.08594953846153845
-0.016897846153846156
0.059664
0.13267938461538462
0.19651569230769228
0.24199384615384617
0.26640184615384616
0.25555384615384613
0.2056947692307692
0.12245723076923076
0.022947692307692308
-0.06571384615384615
-0.13643446153846153
-0.19463815384615382
-0.22822523076923076
-0.23677846153846152
-0.21320492307692307
-0.14853415384615384
-0.06341907692307691
0.027120000000000002
0.10222153846153846
0.15208061538461537
0.18170399999999998
0.192552
0.1923433846153846
0.1656406153846154
0.11140061538461538
0.0448523076923077
-0.01710646153846154
-0.053614153846153846
-0.07197230769230768
-0.07051199999999999
-0.05653476923076922
-0.029623384615384614
0.021696
0.09387692307692307
0.16292861538461537
0.19693292307692306
0.19588984615384614
0.1777403076923077
0.1489513846153846
0.116616
0.07635323076923077
0.011473846153846154
-0.04944184615384615
-0.09450276923076922
-0.10764553846153846
-0.09241661538461539
-0.07510153846153846
-0.05507446153846154
-0.044435076923076924
-0.031709538461538456
-0.012934153846153845
-0.006884307692307692
-0.014394461538461538
-0.04631261538461538
-0.09262523076923077
-0.13747753846153846
-0.18316430769230768
-0.22676492307692306
-0.25471938461538457
-0.21821169230769227
-0.12913292307692306
0.01043076923076923
0.17481969230769231
0.31229723076923077
0.44956615384615384
0.5305089230769231
0.5540824615384615
0.5029716923076922
0.3684147692307692
0.20110523076923076
0.006049846153846154
-0.14060676923076923
-0.3277347692307692
-0.4704276923076923
-0.5340553846153846
-0.5603409230769231
-0.44309907692307693
-0.30854215384615385
-0.11494707692307692
0.07510153846153846
0.2225926153846154
0.37884553846153846
0.4078430769230769
0.3826006153846154
0.27975323076923075
0.11870215384615385
-0.033169846153846154
-0.2225926153846154
-0.3467187692307692
-0.425784
-0.43329415384615383
-0.34004307692307695
-0.233232
-0.0826116923076923
0.04172307692307692
0.13935507692307691
0.2492953846153846
0.2703655384615385
0.25117292307692307
0.2059033846153846
0.1316363076923077
0.10764553846153846
0.06592246153846154
0.027745846153846152
0.0014603076923076922
-0.037342153846153844
-0.02899753846153846
-0.025033846153846153
-0.022530461538461537
-0.031709538461538456
-0.0609156923076923
-0.06258461538461538
-0.07906523076923076
-0.092208
-0.1151556923076923
-0.15249784615384615
-0.14957723076923077
-0.14916
-0.12808984615384614
-0.07572738461538461
-0.02753723076923077
0.031918153846153846
0.07030338461538461
0.06967753846153846
0.05507446153846154
0.012308307692307691
-0.05194523076923077
-0.11953661538461538
-0.19213476923076922
-0.2273907692307692
-0.22300984615384614
-0.17711446153846155
-0.09012184615384615
0.0008344615384615384
0.09074769230769231
0.16501476923076921
0.2207150769230769
0.23907323076923076
0.19317784615384614
0.12245723076923076
0.04380923076923077
-0.02753723076923077
-0.086784
-0.1462393846153846
-0.17461107692307692
-0.18337292307692307
-0.1710646153846154
-0.130176
-0.07927384615384615
-0.008970461538461538
0.059872615384615385
0.11140061538461538
0.13601723076923075
0.13309661538461537
0.12662953846153846
0.09700615384615385
0.045895384615384616
-0.015228923076923076
-0.078648
-0.11578153846153846
-0.11452984615384615
-0.07677046153846154
-0.009596307692307692
0.06863446153846153
0.1502030769230769
0.2275993846153846
0.26368984615384616
0.24846092307692308
0.19025723076923076
0.10952307692307692
0.027328615384615382
-0.05736923076923077
-0.13309661538461537
-0.17628
-0.19213476923076922
-0.1783661538461538
-0.12287446153846153
-0.04172307692307692
0.03483876923076923
0.08740984615384616
0.14018953846153845
0.18232984615384615
0.192552
0.17419384615384614
0.12204
0.058412307692307694
-0.012308307692307691
-0.07948246153846153
-0.11494707692307692
-0.13747753846153846
-0.1435273846153846
-0.1178676923076923
-0.06821723076923077
0.009179076923076922
0.09533723076923077
0.16647507692307692
0.21612553846153845
0.23135446153846154
0.21466523076923077
0.17148184615384612
0.11223507692307692
0.054240000000000003
-0.006049846153846154
-0.06049846153846154
-0.10117846153846152
-0.1070196923076923
-0.0771876923076923
-0.045895384615384616
-0.008970461538461538
0.03024923076923077
0.05924676923076923
0.09012184615384615
0.10764553846153846
0.10555938461538462
0.0826116923076923
0.04193169230769231
0.017523692307692306
-0.006049846153846154
-0.04109723076923077
-0.07051199999999999
-0.10660246153846153
-0.12996738461538462
-0.12662953846153846
-0.11703323076923078
-0.10076123076923077
-0.09012184615384615
-0.06988615384615385
-0.040054153846153843
-0.011473846153846154
0.040679999999999994
0.08448923076923077
0.11953661538461538
0.14978584615384616
0.1718990769230769
0.19964492307692308
0.20944984615384615
0.20339999999999997
0.1881710769230769
0.15750461538461538
0.12683815384615382
0.09283384615384616
0.0446436923076923
-0.006049846153846154
-0.06383630769230769
-0.10117846153846152
-0.10868861538461538
-0.09137353846153846
-0.05611753846153846
-0.025033846153846153
0.017315076923076923
0.058412307692307694
0.09950953846153845
0.12350030769230769
0.10618523076923077
0.0678
0.016063384615384615
-0.02023569230769231
-0.03358707692307692
-0.04526953846153846
-0.056951999999999996
-0.06425353846153846
-0.058412307692307694
-0.029206153846153847
0.009179076923076922
0.03483876923076923
0.04380923076923077
0.04652123076923077
0.05111076923076923
0.06884307692307692
0.08490646153846154
0.09095630769230768
0.09095630769230768
0.07113784615384615
0.04526953846153846
0.014185846153846153
-0.016897846153846156
-0.04714707692307692
-0.07823076923076923
-0.09262523076923077
-0.09074769230769231
-0.07134646153846153
-0.04422646153846154
-0.013560000000000001
0.007927384615384614
0.015437538461538461
0.03024923076923077
0.03921969230769231
0.02357353846153846
-0.009387692307692307
-0.04401784615384615
-0.05653476923076922
-0.05027630769230769
-0.031918153846153846
-0.010222153846153844
0.0014603076923076922
0.01940123076923077
0.04318338461538461
0.06300184615384616
0.06446215384615385
0.03942830769230769
0.001043076923076923
-0.03755076923076923
-0.055491692307692304
-0.05590892307692308
-0.049233230769230765
-0.03629907692307692
-0.015020307692307692
0.025033846153846153
0.07405846153846153
0.11306953846153844
0.13476553846153844
0.13247076923076923
0.11640738461538462
0.0897046153846154
0.049233230769230765
0.0043809230769230765
-0.049233230769230765
-0.10389046153846154
-0.14707384615384617
-0.16418030769230768
-0.1558356923076923
-0.138312
-0.10931446153846153
-0.06362769230769232
-0.007927384615384614
0.054240000000000003
0.11014892307692307
0.14144123076923076
0.14978584615384616
0.1435273846153846
0.13038461538461538
0.11411261538461538
0.08887015384615385
0.05048492307692308
0.008761846153846153
-0.029414769230769227
-0.04985907692307692
-0.05319692307692307
-0.04944184615384615
-0.03901107692307692
-0.030875076923076922
-0.014603076923076923
0.011473846153846154
0.03629907692307692
0.047772923076923074
0.046104
0.0446436923076923
0.04693846153846153
0.05757784615384615
0.06633969230769231
0.07134646153846153
0.06321046153846153
0.03650769230769231
0.005632615384615384
-0.026494153846153844
-0.058412307692307694
-0.09304246153846155
-0.12642092307692307
-0.13747753846153846
-0.11411261538461538
-0.06133292307692308
0.005841230769230769
0.06738276923076922
0.119328
0.15520984615384617
0.17899199999999998
0.1860849230769231
0.15938215384615384
0.11619876923076923
0.06446215384615385
0.02044430769230769
-0.003963692307692307
-0.016897846153846156
-0.010639384615384617
-0.0002086153846153846
0.021696
0.06154153846153846
0.09763200000000001
0.12496061538461539
0.11745046153846153
0.08761846153846153
0.04860738461538461
-0.003755076923076923
-0.04819015384615385
-0.08469784615384615
-0.10910584615384614
-0.11703323076923078
-0.10389046153846154
-0.06821723076923077
-0.016897846153846156
0.03838523076923077
0.08699261538461538
0.11974523076923077
0.130176
0.12162276923076921
0.08428061538461538
0.02482523076923077
-0.048816000000000005
-0.12391753846153845
-0.17732307692307692
-0.20193969230769232
-0.18942276923076923
-0.15374953846153847
-0.09095630769230768
0.0022947692307692304
0.10138707692307691
0.1867107692307692
0.23823876923076923
0.25513661538461535
0.23385784615384617
0.17231630769230769
0.08448923076923077
-0.022947692307692308
-0.14018953846153845
-0.24053353846153847
-0.30666461538461537
-0.3275261538461538
-0.3031181538461538
-0.241368
-0.15750461538461538
-0.06383630769230769
0.03755076923076923
0.12704676923076924
0.20235692307692305
0.24282830769230768
0.24178523076923078
0.21320492307692307
0.15562707692307692
0.09596307692307693
0.03421292307692308
-0.025033846153846153
-0.06905169230769231
-0.10868861538461538
-0.13059323076923077
-0.1397723076923077
-0.14603076923076924
-0.1489513846153846
-0.1543753846153846
-0.14561353846153846
-0.11536430769230768
-0.06738276923076922
-0.007301538461538462
0.05048492307692308
0.11098338461538461
0.16271999999999998
0.19797599999999999
0.21111876923076925
0.1775316923076923
0.10409907692307692
0.0029206153846153843
-0.10347323076923076
-0.20840676923076923
-0.3047870769230769
-0.37321292307692305
-0.4022104615384615
-0.37592492307692305
-0.28768061538461537
-0.15354092307692307
-0.006049846153846154
0.13518276923076925
0.2574313846153846
0.3548547692307692
0.41305846153846154
0.431208
0.39970707692307694
0.3116713846153846
0.1856676923076923
0.03483876923076923
-0.10514215384615383
-0.22551323076923077
-0.31667815384615383
-0.3611132307692308
-0.3506824615384615
-0.2774584615384615
-0.16230276923076925
-0.016272
0.13121907692307694
0.2503384615384615
0.3327415384615385
0.37237846153846155
0.3659113846153846
0.31000246153846156
0.20694646153846152
0.07614461538461538
-0.042557538461538466
-0.13872923076923074
-0.20548615384615385
-0.23782153846153845
-0.2399076923076923
-0.206112
-0.1570873846153846
-0.09658892307692307
-0.029623384615384614
0.027328615384615382
0.07301538461538462
0.10660246153846153
0.1353913846153846
0.154584
0.15082892307692305
0.13455692307692307
0.10785415384615385
0.07802215384615384
0.05236246153846154
0.021278769230769233
-0.0043809230769230765
-0.028788923076923077
-0.049233230769230765
-0.053614153846153846
-0.05277969230769231
-0.042974769230769226
-0.02753723076923077
-0.016063384615384615
-0.0029206153846153843
0.003129230769230769
-0.0035464615384615383
-0.027328615384615382
-0.05236246153846154
-0.06675692307692307
-0.09971815384615385
-0.09971815384615385
-0.09012184615384615
-0.06028984615384615
-0.005841230769230769
0.06154153846153846
0.23177169230769232
0.26619323076923074
0.24762646153846155
0.249504
0.1597993846153846
0.13518276923076925
0.0016689230769230767
-0.15833907692307692
-0.3131316923076923
-0.46020553846153844
-0.43704923076923075
-0.4216116923076923
-0.3350363076923077
-0.23448369230769228
-0.11473846153846154
0.1543753846153846
0.3646596923076923
0.5818283076923076
0.6871790769230769
0.6093655384615385
0.5325950769230768
0.3402516923076923
0.14018953846153845
-0.065088
-0.3350363076923077
-0.4825273846153846
-0.6337735384615385
-0.6930203076923077
-0.565764923076923
-0.4239064615384615
-0.18337292307692307
0.03775938461538462
0.20715507692307691
0.3917796923076923
0.4925409230769231
0.5887126153846154
0.6135378461538461
0.5092301538461538
0.3615304615384615
0.16876984615384616
0.03692492307692308
-0.06133292307692308
-0.19463815384615382
-0.27453784615384613
-0.344424
-0.3319070769230769
-0.22968553846153844
-0.14457046153846154
-0.020027076923076922
0.07823076923076923
0.173568
0.30332676923076923
0.3669544615384615
0.40846892307692306
0.4015846153846154
0.32669169230769235
0.2659846153846154
0.1881710769230769
0.09575446153846154
-0.014603076923076923
-0.1531236923076923
-0.2709913846153846
-0.3782196923076923
-0.4372578461538461
-0.43475446153846153
-0.3811403076923077
-0.2720344615384615
-0.16897846153846155
-0.015437538461538461
0.184416
0.35568923076923076
0.5002596923076923
0.5465723076923077
0.5159058461538462
0.4389267692307692
0.30520430769230766
0.17502830769230768
0.006675692307692307
-0.1794092307692308
-0.2979027692307692
-0.3600701538461538
-0.3402516923076923
-0.2724516923076923
-0.18232984615384615
-0.03379569230769231
0.12308307692307692
0.2724516923076923
0.3890676923076923
0.4518609230769231
0.4950443076923077
0.45436430769230773
0.35318584615384613
0.22426153846153846
0.04839876923076923
-0.09387692307692307
-0.23218892307692307
-0.33962584615384617
-0.36778892307692307
-0.3623649230769231
-0.28204799999999997
-0.18066092307692305
-0.09658892307692307
0.008970461538461538
0.09784061538461537
0.16710092307692306
0.1940123076923077
0.1639716923076923
0.09700615384615385
0.0018775384615384615
-0.07030338461538461
-0.1205796923076923
-0.16418030769230768
-0.1858763076923077
-0.19693292307692306
-0.17377661538461536
-0.11765907692307691
-0.06133292307692308
0.002086153846153846
0.03692492307692308
0.04735569230769231
0.08031692307692308
0.10368184615384615
0.10743692307692307
0.084072
0.042974769230769226
0.031918153846153846
0.03275261538461539
0.03755076923076923
0.03713353846153846
0.009596307692307692
-0.02211323076923077
-0.05444861538461539
-0.06926030769230769
-0.05924676923076923
-0.05757784615384615
-0.05778646153846154
-0.07405846153846153
-0.08782707692307692
-0.06905169230769231
-0.04401784615384615
0.004589538461538461
0.04109723076923077
0.04276615384615385
0.052153846153846155
0.05653476923076922
0.07364123076923076
0.07739630769230768
0.02795446153846154
-0.026702769230769228
-0.07531015384615385
-0.09700615384615385
-0.09137353846153846
-0.09658892307692307
-0.09012184615384615
-0.06905169230769231
-0.01814953846153846
0.06279323076923077
0.12141415384615384
0.16021661538461537
0.16730953846153845
0.14999446153846155
0.132888
0.09012184615384615
0.03609046153846154
-0.02211323076923077
-0.07885661538461539
-0.103056
-0.10514215384615383
-0.08636676923076922
-0.04693846153846153
-0.011682461538461537
0.013768615384615384
0.040054153846153843
0.0826116923076923
0.13601723076923075
0.16730953846153845
0.1733593846153846
0.154584
0.11599015384615384
0.08198584615384615
0.051319384615384614
0.025659692307692307
-0.0016689230769230767
-0.02482523076923077
-0.013768615384615384
0.011891076923076923
0.04860738461538461
0.08031692307692308
0.09179076923076923
0.11223507692307692
0.11828492307692307
0.10180430769230768
0.06529661538461538
0.0022947692307692304
-0.04693846153846153
-0.08094276923076923
-0.09700615384615385
-0.08720123076923077
-0.07843938461538462
-0.05444861538461539
-0.03129230769230769
-0.019609846153846155
-0.009596307692307692
-0.019192615384615384
-0.03921969230769231
-0.07051199999999999
-0.10806276923076923
-0.1289243076923077
-0.14686523076923075
-0.15124615384615384
-0.13497415384615385
-0.11348676923076922
-0.07072061538461538
-0.02795446153846154
0.01814953846153846
0.065088
0.0892873846153846
0.10368184615384615
0.0974233846153846
0.0828203076923077
0.06863446153846153
0.03442153846153846
-0.002086153846153846
-0.03901107692307692
-0.06738276923076922
-0.08594953846153845
-0.11056615384615384
-0.11348676923076922
-0.10222153846153846
-0.073224
-0.016480615384615385
0.028371692307692306
0.06070707692307692
0.08699261538461538
0.10159569230769232
0.11202646153846153
0.10660246153846153
0.07593599999999999
0.016480615384615385
-0.053614153846153846
-0.10055261538461538
-0.12704676923076924
-0.13226215384615383
-0.13226215384615383
-0.12308307692307692
-0.09450276923076922
-0.0717636923076923
-0.04547815384615384
-0.019192615384615384
-0.0029206153846153843
0.013142769230769229
0.03233538461538461
0.0678
0.11578153846153846
0.1531236923076923
0.18066092307692305
0.19568123076923075
0.18900553846153845
0.16271999999999998
0.11265230769230769
0.0446436923076923
-0.033169846153846154
-0.1045163076923077
-0.15270646153846154
-0.16584923076923075
-0.13935507692307691
-0.09554584615384615
-0.042348923076923076
0.027745846153846152
0.09950953846153845
0.16730953846153845
0.21633415384615384
0.22634769230769228
0.20298276923076922
0.16313723076923078
0.11536430769230768
0.052571076923076915
-0.015228923076923076
-0.086784
-0.14916
-0.18170399999999998
-0.1787833846153846
-0.1422756923076923
-0.09763200000000001
-0.03880246153846154
0.028163076923076923
0.09137353846153846
0.14749107692307692
0.17648861538461538
0.17273353846153844
0.1395636923076923
0.09596307692307693
0.06425353846153846
0.053405538461538456
0.04756430769230769
0.04860738461538461
0.05069353846153846
0.052153846153846155
0.06487938461538462
0.06571384615384615
0.05277969230769231
0.009804923076923077
-0.03984553846153846
-0.07781353846153846
-0.11286092307692308
-0.12204
-0.13455692307692307
-0.1287156923076923
-0.08469784615384615
-0.01856676923076923
0.07739630769230768
0.16063384615384615
0.20986707692307693
0.23385784615384617
0.21028430769230766
0.15249784615384615
0.07113784615384615
-0.03880246153846154
-0.16209415384615386
-0.2724516923076923
-0.33816553846153846
-0.3502652307692307
-0.3049956923076923
-0.21716861538461538
-0.1070196923076923
0.018775384615384614
0.13393107692307693
0.22697353846153845
0.2832996923076923
0.2699483076923077
0.20694646153846152
0.1151556923076923
0.006884307692307692
-0.09053907692307692
-0.1787833846153846
-0.25200738461538463
-0.28955815384615385
-0.2891409230769231
-0.25138153846153843
-0.18066092307692305
-0.09992676923076924
-0.02858030769230769
0.03504738461538461
0.0798996923076923
0.10806276923076923
0.11473846153846154
0.08386338461538462
0.03838523076923077
-0.009387692307692307
-0.05090215384615384
-0.0678
-0.06988615384615385
-0.07030338461538461
-0.06216738461538462
-0.04714707692307692
-0.021696
0.011891076923076923
0.03150092307692308
0.03567323076923076
0.032544
0.03629907692307692
0.04693846153846153
0.05444861538461539
0.053614153846153846
0.04756430769230769
0.049233230769230765
0.05507446153846154
0.07280676923076923
0.0988836923076923
0.1097316923076923
0.1045163076923077
0.08386338461538462
0.055491692307692304
0.02586830769230769
-0.011473846153846154
-0.06446215384615385
-0.11953661538461538
-0.1502030769230769
-0.14999446153846155
-0.11223507692307692
-0.05736923076923077
0.011265230769230769
0.09283384615384616
0.17023015384615386
0.24574892307692306
0.28955815384615385
0.2805876923076923
0.22572184615384616
0.14311015384615386
0.05674338461538461
-0.018775384615384614
-0.07969107692307692
-0.12329169230769231
-0.1449876923076923
-0.13455692307692307
-0.08386338461538462
-0.005841230769230769
0.0771876923076923
0.14290153846153844
0.18358153846153846
0.20861538461538462
0.21111876923076925
0.18650215384615382
0.13998092307692306
0.059872615384615385
-0.026494153846153844
-0.0961716923076923
-0.14144123076923076
-0.15124615384615384
-0.14060676923076923
-0.11244369230769231
-0.06300184615384616
0.004172307692307692
0.08010830769230769
0.15228923076923076
0.20110523076923076
0.22822523076923076
0.23385784615384617
0.21529107692307692
0.1783661538461538
0.12120553846153845
0.053405538461538456
-0.008970461538461538
-0.053405538461538456
-0.07259815384615384
-0.06216738461538462
-0.030875076923076922
0.008761846153846153
0.05277969230769231
0.09909230769230769
0.14311015384615386
0.17648861538461538
0.18525046153846153
0.1639716923076923
0.12704676923076924
0.08949599999999999
0.05173661538461538
0.025033846153846153
-0.0022947692307692304
-0.030875076923076922
-0.04672984615384615
-0.05757784615384615
-0.052571076923076915
-0.051319384615384614
-0.06028984615384615
-0.06571384615384615
-0.06613107692307692
-0.04631261538461538
-0.017940923076923077
-0.002712
0.003755076923076923
-0.004798153846153846
-0.0016689230769230767
0.011265230769230769
0.026702769230769228
0.023364923076923075
0.0
-0.016480615384615385
-0.029832
-0.008344615384615384
0.011891076923076923
0.13205353846153844
0.15374953846153847
0.0828203076923077
0.11077476923076923
0.05090215384615384
0.07593599999999999
0.0077187692307692304
-0.15646153846153846
-0.26097784615384617
-0.4042966153846154
-0.336288
-0.2655673846153846
-0.22822523076923076
-0.1856676923076923
-0.19860184615384616
-0.026076923076923077
0.124752
0.26348123076923075
0.31897292307692304
0.19463815384615382
0.15333230769230768
0.05570030769230769
-0.006884307692307692
-0.03984553846153846
-0.1869193846153846
-0.20924123076923076
-0.2655673846153846
-0.3047870769230769
-0.1846246153846154
-0.14603076923076924
-0.03838523076923077
0.06028984615384615
0.09867507692307692
0.2056947692307692
0.22405292307692307
0.28350830769230767
0.3344104615384615
0.2768326153846154
0.23093723076923076
0.14832553846153845
0.12162276923076921
0.10827138461538462
0.012308307692307691
-0.06383630769230769
-0.16251138461538459
-0.19985353846153847
-0.15959076923076923
-0.15833907692307692
-0.1136953846153846
-0.07739630769230768
-0.034630153846153845
0.08490646153846154
0.15249784615384615
0.21111876923076925
0.249504
0.22697353846153845
0.249504
0.23364923076923078
0.16042523076923076
0.06362769230769232
-0.06905169230769231
-0.1612596923076923
-0.23823876923076923
-0.2845513846153846
-0.28392553846153845
-0.24199384615384617
-0.12391753846153845
-0.035464615384615386
0.07009476923076922
0.20256553846153844
0.27182584615384614
0.3473446153846154
0.3659113846153846
0.3350363076923077
0.28246523076923075
0.16313723076923078
0.06446215384615385
-0.05319692307692307
-0.17899199999999998
-0.23406646153846156
-0.2709913846153846
-0.268488
-0.24679199999999998
-0.21237046153846154
-0.10827138461538462
0.003755076923076923
0.09179076923076923
0.14060676923076923
0.15792184615384616
0.20298276923076922
0.21237046153846154
0.18399876923076922
0.1341396923076923
0.026494153846153844
-0.03880246153846154
-0.0828203076923077
-0.12788123076923075
-0.12704676923076924
-0.15792184615384616
-0.16647507692307692
-0.14436184615384615
-0.13789476923076924
-0.09199938461538461
-0.055491692307692304
-0.024616615384615383
0.010848
0.028788923076923077
0.053614153846153846
0.05757784615384615
0.06404492307692307
0.065088
0.05048492307692308
0.040262769230769234
0.0029206153846153843
-0.03609046153846154
-0.07593599999999999
-0.12767261538461538
-0.14018953846153845
-0.143736
-0.1422756923076923
-0.0988836923076923
-0.05799507692307692
-0.021904615384615383
0.008970461538461538
0.029414769230769227
0.0717636923076923
0.10493353846153847
0.10889723076923077
0.09679753846153846
0.065088
0.037342153846153844
0.008970461538461538
-0.02023569230769231
-0.03671630769230769
-0.053614153846153846
-0.05507446153846154
-0.06070707692307692
-0.07489292307692308
-0.08386338461538462
-0.10368184615384615
-0.09137353846153846
-0.06717415384615384
-0.06341907692307691
-0.0448523076923077
-0.038176615384615385
-0.012516923076923077
0.026702769230769228
0.021278769230769233
0.0002086153846153846
-0.03275261538461539
-0.05277969230769231
-0.04860738461538461
-0.05173661538461538
-0.054240000000000003
-0.06592246153846154
-0.07280676923076923
-0.06133292307692308
-0.053614153846153846
-0.040262769230769234
-0.049233230769230765
-0.07802215384615384
-0.08782707692307692
-0.09408553846153846
-0.07280676923076923
-0.03609046153846154
-0.002086153846153846
0.050067692307692306
0.08615815384615384
0.13226215384615383
0.19150892307692308
0.22697353846153845
0.23344061538461539
0.20131384615384615
0.16251138461538459
0.1356
0.10868861538461538
0.07343261538461537
0.021278769230769233
-0.03838523076923077
-0.07238953846153846
-0.06571384615384615
-0.027745846153846152
0.008136
0.031918153846153846
0.06759138461538462
0.11578153846153846
0.17628
0.21779446153846155
0.22697353846153845
0.21862892307692305
0.19025723076923076
0.15500123076923078
0.11098338461538461
0.0446436923076923
-0.03108369230769231
-0.09596307692307693
-0.13872923076923074
-0.1476996923076923
-0.12391753846153845
-0.07551876923076924
-0.02545107692307692
0.02023569230769231
0.0717636923076923
0.11557292307692307
0.15771323076923077
0.17398523076923075
0.15416676923076922
0.11974523076923077
0.07885661538461539
0.05027630769230769
0.028788923076923077
0.004589538461538461
-0.025659692307692307
-0.052153846153846155
-0.059664
-0.05027630769230769
-0.04526953846153846
-0.06258461538461538
-0.092208
-0.116616
-0.11807630769230769
-0.09679753846153846
-0.06321046153846153
-0.03483876923076923
-0.003129230769230769
0.04172307692307692
0.08302892307692307
0.12308307692307692
0.1358086153846154
0.10409907692307692
0.05298830769230769
-0.018358153846153843
-0.09450276923076922
-0.1614683076923077
-0.2207150769230769
-0.2578486153846154
-0.27474646153846155
-0.25701415384615384
-0.19964492307692308
-0.12433476923076923
-0.043392
0.03859384615384615
0.12224861538461537
0.20360861538461536
0.2568055384615385
0.2682793846153846
0.2342750769230769
0.16042523076923076
0.06362769230769232
-0.04214030769230769
-0.13184492307692308
-0.21362215384615382
-0.26911384615384615
-0.2772498461538462
-0.24908676923076922
-0.17398523076923075
-0.07197230769230768
0.03337846153846154
0.14060676923076923
0.23239753846153846
0.29873723076923075
0.32836061538461536
0.30144923076923075
0.23406646153846156
0.13998092307692306
0.043392
-0.03629907692307692
-0.09763200000000001
-0.13226215384615383
-0.1424843076923077
-0.12725538461538463
-0.08761846153846153
-0.024408000000000003
0.04693846153846153
0.09596307692307693
0.12579507692307693
0.14582215384615385
0.15124615384615384
0.13893784615384613
0.10660246153846153
0.06487938461538462
0.02273907692307692
-0.016897846153846156
-0.04172307692307692
-0.04839876923076923
-0.04714707692307692
-0.049233230769230765
-0.04401784615384615
-0.00855323076923077
0.030875076923076922
0.06133292307692308
0.08115138461538463
0.0826116923076923
0.08720123076923077
0.08615815384615384
0.08094276923076923
0.06654830769230768
0.03942830769230769
0.01981846153846154
0.012099692307692308
0.013560000000000001
0.016897846153846156
0.01940123076923077
0.021278769230769233
0.026285538461538457
0.045895384615384616
0.06988615384615385
0.07739630769230768
0.07656184615384615
0.06988615384615385
0.05799507692307692
0.04693846153846153
0.037342153846153844
0.042557538461538466
0.0446436923076923
0.04276615384615385
0.051528
0.06154153846153846
0.0826116923076923
0.09179076923076923
0.08740984615384616
0.08073415384615384
0.07238953846153846
0.06967753846153846
0.05924676923076923
0.033169846153846154
-0.008970461538461538
-0.05173661538461538
-0.08344615384615384
-0.10013538461538461
-0.1028473846153846
-0.10409907692307692
-0.09241661538461539
-0.05236246153846154
0.003129230769230769
0.06258461538461538
0.1178676923076923
0.16251138461538459
0.1856676923076923
0.18358153846153846
0.16418030769230768
0.12537784615384615
0.06279323076923077
-0.018775384615384614
-0.10076123076923077
-0.1639716923076923
-0.20944984615384615
-0.22572184615384616
-0.2127876923076923
-0.1867107692307692
-0.1358086153846154
-0.06446215384615385
0.015228923076923076
0.0974233846153846
0.15145476923076923
0.17023015384615386
0.15813046153846153
0.11223507692307692
0.051319384615384614
-0.027328615384615382
-0.10952307692307692
-0.17023015384615386
-0.2056947692307692
-0.21508246153846153
-0.2125790769230769
-0.1913003076923077
-0.14957723076923077
-0.08949599999999999
-0.005424
0.06946892307692307
0.12579507692307693
0.1570873846153846
0.15562707692307692
0.14311015384615386
0.11745046153846153
0.07948246153846153
0.02795446153846154
-0.029414769230769227
-0.07593599999999999
-0.09971815384615385
-0.09533723076923077
-0.07635323076923077
-0.04756430769230769
-0.021278769230769233
0.006049846153846154
0.046104
0.08636676923076922
0.12162276923076921
0.13747753846153846
0.13330523076923076
0.1205796923076923
0.10681107692307691
0.10055261538461538
0.08344615384615384
0.04547815384615384
-0.0070929230769230765
-0.06070707692307692
-0.10201292307692307
-0.13038461538461538
-0.1462393846153846
-0.13789476923076924
-0.11306953846153844
-0.07259815384615384
-0.020652923076923076
0.029832
0.07885661538461539
0.10827138461538462
0.1316363076923077
0.15667015384615385
0.16167692307692308
0.1476996923076923
0.11098338461538461
0.06195876923076923
0.016063384615384615
-0.018358153846153843
-0.035464615384615386
-0.044435076923076924
-0.04672984615384615
-0.03609046153846154
-0.009804923076923077
0.021278769230769233
0.05444861538461539
0.07510153846153846
0.07092923076923077
0.04714707692307692
0.012308307692307691
-0.022947692307692308
-0.07030338461538461
-0.12767261538461538
-0.18379015384615385
-0.22175815384615383
-0.22029784615384615
-0.18629353846153843
-0.13935507692307691
-0.08740984615384616
-0.042348923076923076
-0.0022947692307692304
0.03233538461538461
0.05945538461538461
0.06717415384615384
0.040054153846153843
-0.0022947692307692304
-0.06404492307692307
-0.1435273846153846
-0.24449723076923074
-0.34922215384615385
-0.46354338461538463
-0.5040147692307693
-0.40700861538461536
-0.2426196923076923
0.037342153846153844
0.3229366153846154
0.6112430769230769
0.8960030769230769
1.0839655384615383
1.1832664615384614
1.0950221538461538
0.8611643076923077
0.49274953846153846
0.08490646153846154
-0.29080984615384614
-0.6195876923076923
-0.8453095384615383
-1.0071950769230769
-1.0030227692307692
-0.8367563076923077
-0.5486584615384615
-0.1693956923076923
0.18983999999999998
0.4758516923076923
0.663396923076923
0.7395415384615384
0.694272
0.5476153846153846
0.2578486153846154
-0.09804923076923076
-0.40575692307692307
-0.6273064615384616
-0.6875963076923076
-0.627515076923077
-0.48816
-0.27620676923076926
-0.05528307692307692
0.14811692307692306
0.3319070769230769
0.41326707692307696
0.40679999999999994
0.3442153846153846
0.25388492307692306
0.2090326153846154
0.17690584615384616
0.16480615384615382
0.13872923076923074
0.07343261538461537
0.0022947692307692304
-0.08219446153846154
-0.16897846153846155
-0.26681907692307694
-0.35860984615384617
-0.4134756923076923
-0.44810584615384613
-0.4303735384615384
-0.37091815384615384
-0.3081249230769231
-0.21612553846153845
-0.10827138461538462
0.03129230769230769
0.20715507692307691
0.360696
0.471888
0.5221643076923077
0.47230523076923075
0.34275507692307694
0.15291507692307693
-0.09846646153846153
-0.3652855384615385
-0.591216
-0.7241040000000001
-0.7280676923076923
-0.6131206153846154
-0.3994984615384615
-0.11452984615384615
0.19338646153846153
0.4877427692307692
0.7197230769230769
0.8448923076923077
0.8407199999999999
0.7362036923076923
0.557628923076923
0.32543999999999995
0.08010830769230769
-0.1704387692307692
-0.37738523076923075
-0.5046406153846154
-0.5432344615384616
-0.48690830769230764
-0.3623649230769231
-0.1842073846153846
0.014811692307692307
0.21633415384615384
0.39741230769230773
0.5219556923076923
0.5741095384615384
0.5227901538461539
0.4026276923076923
0.254928
0.09387692307692307
-0.042557538461538466
-0.15813046153846153
-0.2374043076923077
-0.2482523076923077
-0.19964492307692308
-0.10576799999999999
0.003129230769230769
0.08761846153846153
0.12683815384615382
0.14018953846153845
0.14164984615384615
0.12245723076923076
0.08845292307692308
0.03629907692307692
-0.016272
-0.03921969230769231
-0.03233538461538461
-0.0070929230769230765
0.018358153846153843
0.024616615384615383
0.008344615384615384
-0.013142769230769229
-0.03942830769230769
-0.07280676923076923
-0.12516923076923075
-0.19651569230769228
-0.24700061538461537
-0.2647329230769231
-0.24470584615384613
-0.18086953846153844
-0.09909230769230769
-0.010013538461538461
0.09491999999999999
0.2138307692307692
0.3277347692307692
0.42369784615384615
0.48002399999999995
0.4729310769230769
0.4124326153846154
0.30186646153846153
0.16105107692307694
0.006049846153846154
-0.15562707692307692
-0.2868461538461538
-0.36966646153846155
-0.3884418461538462
-0.3369138461538461
-0.23072861538461537
-0.0936683076923077
0.06028984615384615
0.2194633846153846
0.33962584615384617
0.40700861538461536
0.40450523076923073
0.3342018461538461
0.23510953846153848
0.11891076923076922
0.011056615384615385
-0.07635323076923077
-0.1489513846153846
-0.19380369230769232
-0.2059033846153846
-0.1940123076923077
-0.16793538461538463
-0.13747753846153846
-0.11181784615384616
-0.09137353846153846
-0.06529661538461538
-0.02899753846153846
0.008970461538461538
0.051528
0.09012184615384615
0.12934153846153845
0.1760713846153846
0.2140393846153846
0.24512307692307692
0.25346769230769234
0.2509643076923077
0.25200738461538463
0.23823876923076923
0.19860184615384616
0.12370892307692308
0.02357353846153846
-0.08156861538461539
-0.17440246153846153
-0.24637476923076923
-0.2822566153846154
-0.2926873846153846
-0.27432923076923077
-0.20319138461538463
-0.09930092307692308
0.014185846153846153
0.10806276923076923
0.1614683076923077
0.17565415384615385
0.15145476923076923
0.10159569230769232
0.02482523076923077
-0.08031692307692308
-0.18712800000000002
-0.2772498461538462
-0.32210215384615387
-0.3216849230769231
-0.2832996923076923
-0.2073636923076923
-0.12329169230769231
-0.027328615384615382
0.0771876923076923
0.17085599999999998
0.23531815384615382
0.24428861538461538
0.20694646153846152
0.14436184615384615
0.06300184615384616
-0.025659692307692307
-0.12245723076923076
-0.21633415384615384
-0.27474646153846155
-0.2926873846153846
-0.2647329230769231
-0.20381723076923075
-0.13622584615384614
-0.06446215384615385
0.0012516923076923076
0.07635323076923077
0.14457046153846154
0.1800350769230769
0.18086953846153844
0.132888
0.06675692307692307
0.002086153846153846
-0.05298830769230769
-0.09408553846153846
-0.13184492307692308
-0.15270646153846154
-0.14290153846153844
-0.10368184615384615
-0.033169846153846154
0.049233230769230765
0.11703323076923078
0.16793538461538463
0.1927606153846154
0.192552
0.15959076923076923
0.09137353846153846
0.009179076923076922
-0.06613107692307692
-0.11098338461538461
-0.11286092307692308
-0.09137353846153846
-0.06216738461538462
-0.029623384615384614
0.0006258461538461538
0.03692492307692308
0.06654830769230768
0.07426707692307692
0.06926030769230769
0.045895384615384616
0.018775384615384614
-0.006675692307692307
-0.03838523076923077
-0.07468430769230769
-0.11140061538461538
-0.1356
-0.13935507692307691
-0.11599015384615384
-0.07969107692307692
-0.042974769230769226
-0.0014603076923076922
0.04902461538461538
0.10722830769230769
0.16772676923076923
0.21737723076923077
0.2426196923076923
0.24637476923076923
0.23469230769230767
0.22175815384615383
0.20423446153846153
0.17711446153846155
0.1422756923076923
0.09429415384615383
0.04944184615384615
0.012099692307692308
-0.016480615384615385
-0.03629907692307692
-0.051319384615384614
-0.05319692307692307
-0.045060923076923075
-0.02023569230769231
0.011265230769230769
0.02357353846153846
0.031709538461538456
0.03671630769230769
0.03984553846153846
0.04985907692307692
0.03775938461538462
0.00855323076923077
-0.03233538461538461
-0.08240307692307691
-0.12037107692307693
-0.15520984615384617
-0.1710646153846154
-0.17252492307692308
-0.1597993846153846
-0.12391753846153845
-0.07781353846153846
-0.02273907692307692
0.026494153846153844
0.06759138461538462
0.09784061538461537
0.12224861538461537
0.14311015384615386
0.15354092307692307
0.14081538461538462
0.10493353846153847
0.06487938461538462
0.024199384615384616
-0.005841230769230769
-0.035464615384615386
-0.06446215384615385
-0.08761846153846153
-0.10868861538461538
-0.10681107692307691
-0.08699261538461538
-0.05778646153846154
-0.01814953846153846
0.021070153846153846
0.07134646153846153
0.12454338461538461
0.15771323076923077
0.1760713846153846
0.1704387692307692
0.14957723076923077
0.11703323076923078
0.06633969230769231
0.0008344615384615384
-0.0828203076923077
-0.16438892307692307
-0.22989415384615383
-0.2643156923076923
-0.254928
-0.2059033846153846
-0.12350030769230769
-0.01668923076923077
0.10263876923076923
0.21654276923076923
0.31000246153846156
0.3780110769230769
0.41326707692307696
0.3972036923076923
0.3304467692307692
0.23239753846153846
0.10889723076923077
-0.03108369230769231
-0.16251138461538459
-0.2682793846153846
-0.33545353846153847
-0.3671630769230769
-0.368832
-0.3316984615384615
-0.2701569230769231
-0.18754523076923074
-0.0880356923076923
0.016063384615384615
0.12120553846153845
0.21111876923076925
0.27975323076923075
0.3077076923076923
0.29456492307692306
0.2480436923076923
0.168144
0.08574092307692306
0.002086153846153846
-0.07197230769230768
-0.11974523076923077
-0.15145476923076923
-0.1597993846153846
-0.14457046153846154
-0.11995384615384615
-0.08073415384615384
-0.031918153846153846
0.01272553846153846
0.06675692307692307
0.11828492307692307
0.17231630769230769
0.22447015384615385
0.24992123076923078
0.25972615384615383
0.2497126153846154
0.21174461538461536
0.14144123076923076
0.056951999999999996
-0.033169846153846154
-0.12767261538461538
-0.21362215384615382
-0.25951753846153847
-0.25701415384615384
-0.23010276923076922
-0.17502830769230768
-0.09408553846153846
0.006467076923076923
0.11244369230769231
0.21007569230769232
0.2899753846153846
0.3392086153846154
0.35193415384615384
0.32606584615384615
0.26139507692307695
0.1710646153846154
0.06675692307692307
-0.04047138461538462
-0.12683815384615382
-0.18086953846153844
-0.20110523076923076
-0.1800350769230769
-0.12266584615384615
-0.040679999999999994
0.06028984615384615
0.15938215384615384
0.2415766153846154
0.29602523076923076
0.3079163076923077
0.2828824615384615
0.23281476923076924
0.16584923076923075
0.09179076923076923
0.020027076923076922
-0.03775938461538462
-0.07134646153846153
-0.08469784615384615
-0.09283384615384616
-0.10368184615384615
-0.1178676923076923
-0.13476553846153844
-0.1397723076923077
-0.1424843076923077
-0.13226215384615383
-0.09784061538461537
-0.06049846153846154
-0.003755076923076923
0.05778646153846154
0.12204
0.18170399999999998
0.20715507692307691
0.20694646153846152
0.17628
0.12370892307692308
0.06049846153846154
-0.0050067692307692304
-0.06821723076923077
-0.1353913846153846
-0.19463815384615382
-0.23510953846153848
-0.25555384615384613
-0.25159015384615385
-0.2355267692307692
-0.20819815384615384
-0.1558356923076923
-0.11870215384615385
-0.08887015384615385
-0.04130584615384615
0.0029206153846153843
0.06383630769230769
0.11160923076923077
0.12913292307692306
0.14519630769230768
0.17982646153846152
0.22968553846153844
0.25367630769230765
0.21049292307692305
0.09930092307692308
-0.018775384615384614
-0.11098338461538461
-0.1424843076923077
-0.2369870769230769
-0.36403384615384615
-0.4389267692307692
-0.48023261538461537
-0.39511753846153846
-0.2995716923076923
-0.16334584615384617
-0.02211323076923077
0.11974523076923077
0.34358953846153845
0.47272246153846154
0.5634701538461538
0.5384363076923077
0.38885907692307686
0.2374043076923077
0.007510153846153846
-0.17565415384615385
-0.35256
-0.5269624615384615
-0.5837058461538461
-0.599352
-0.5092301538461538
-0.3392086153846154
-0.14477907692307693
0.09721476923076922
0.25930892307692305
0.3692492307692308
0.45603323076923075
0.4645864615384615
0.46083138461538464
0.3727956923076923
0.21737723076923077
0.05298830769230769
-0.13455692307692307
-0.2482523076923077
-0.3312812307692308
-0.3978295384615384
-0.3980381538461538
-0.3611132307692308
-0.2480436923076923
-0.10055261538461538
0.01856676923076923
0.13205353846153844
0.21299630769230768
0.2868461538461538
0.35005661538461535
0.36278215384615387
0.3490135384615385
0.29331323076923077
0.21195323076923075
0.12287446153846153
0.009596307692307692
-0.09909230769230769
-0.20402584615384614
-0.3054129230769231
-0.37029230769230764
-0.40638276923076927
-0.39219692307692305
-0.32627446153846157
-0.22447015384615385
-0.08031692307692308
0.06654830769230768
0.214248
0.34358953846153845
0.42891323076923077
0.4798153846153846
0.45269538461538456
0.37655076923076924
0.2751636923076923
0.130176
-0.011891076923076923
-0.14978584615384616
-0.2557624615384615
-0.3156350769230769
-0.3383741538461538
-0.30249230769230767
-0.23156307692307693
-0.1207883076923077
0.02858030769230769
0.16418030769230768
0.2647329230769231
0.32001599999999997
0.3333673846153846
0.32627446153846157
0.2680707692307692
0.15792184615384616
0.024616615384615383
-0.10827138461538462
-0.19296923076923078
-0.2426196923076923
-0.25367630769230765
-0.21466523076923077
-0.15896492307692306
-0.06717415384615384
0.031709538461538456
0.1028473846153846
0.15354092307692307
0.15833907692307692
0.14060676923076923
0.10722830769230769
0.053614153846153846
0.015854769230769228
-0.021070153846153846
-0.03775938461538462
-0.03838523076923077
-0.03233538461538461
-0.009596307692307692
-0.006467076923076923
0.003963692307692307
0.021070153846153846
0.03296123076923077
0.04547815384615384
0.04047138461538462
0.03921969230769231
0.040679999999999994
0.03984553846153846
0.04693846153846153
0.04839876923076923
0.04130584615384615
0.035464615384615386
0.025033846153846153
0.013351384615384614
0.005215384615384615
-0.0029206153846153843
0.0029206153846153843
0.008761846153846153
0.012934153846153845
0.01981846153846154
0.01710646153846154
0.008970461538461538
-0.017315076923076923
-0.05173661538461538
-0.07843938461538462
-0.086784
-0.06696553846153847
-0.04547815384615384
-0.032544
-0.0077187692307692304
0.027745846153846152
0.07155507692307693
0.11286092307692308
0.12350030769230769
0.11682461538461539
0.09095630769230768
0.06633969230769231
0.055491692307692304
0.021696
-0.03129230769230769
-0.09825784615384614
-0.15416676923076922
-0.18504184615384617
-0.20298276923076922
-0.20298276923076922
-0.20193969230769232
-0.18483323076923078
-0.13518276923076925
-0.07092923076923077
0.016480615384615385
0.10117846153846152
0.1597993846153846
0.1990190769230769
0.21028430769230766
0.2140393846153846
0.19505538461538463
0.14457046153846154
0.07572738461538461
-0.01043076923076923
-0.07155507692307693
-0.09575446153846154
-0.08782707692307692
-0.06592246153846154
-0.04944184615384615
-0.015228923076923076
0.03838523076923077
0.10514215384615383
0.16418030769230768
0.18483323076923078
0.17544553846153846
0.1506203076923077
0.12725538461538463
0.11494707692307692
0.08824430769230769
0.05090215384615384
0.02044430769230769
0.0043809230769230765
0.017523692307692306
0.04172307692307692
0.058412307692307694
0.06070707692307692
0.059872615384615385
0.07614461538461538
0.10868861538461538
0.13184492307692308
0.13768615384615385
0.12808984615384614
0.100344
0.06988615384615385
0.037342153846153844
0.008344615384615384
-0.031918153846153846
-0.08219446153846154
-0.11640738461538462
-0.12829846153846153
-0.103056
-0.052153846153846155
0.006258461538461538
0.06571384615384615
0.11202646153846153
0.15374953846153847
0.18483323076923078
0.1873366153846154
0.16188553846153847
0.11202646153846153
0.0609156923076923
0.01940123076923077
-0.020652923076923076
-0.06300184615384616
-0.10618523076923077
-0.14185846153846154
-0.14916
-0.13664307692307692
-0.11452984615384615
-0.08490646153846154
-0.059664
-0.027328615384615382
0.008761846153846153
0.04109723076923077
0.051319384615384614
0.03671630769230769
0.016480615384615385
-0.005424
-0.027328615384615382
-0.042557538461538466
-0.05236246153846154
-0.05757784615384615
-0.05382276923076923
-0.03838523076923077
-0.016897846153846156
0.001043076923076923
0.017523692307692306
0.03108369230769231
0.04756430769230769
0.06487938461538462
0.08031692307692308
0.08636676923076922
0.07343261538461537
0.045060923076923075
0.00855323076923077
-0.03337846153846154
-0.07823076923076923
-0.11703323076923078
-0.14916
-0.16480615384615382
-0.15771323076923077
-0.11452984615384615
-0.047981538461538464
0.011891076923076923
0.06696553846153847
0.116616
0.15813046153846153
0.18900553846153845
0.20173107692307693
0.1910916923076923
0.14686523076923075
0.08448923076923077
0.03024923076923077
-0.017940923076923077
-0.05716061538461538
-0.08344615384615384
-0.08949599999999999
-0.06425353846153846
-0.013768615384615384
0.056326153846153845
0.13706030769230768
0.20673784615384616
0.26681907692307694
0.3016578461538461
0.2947735384615384
0.25200738461538463
0.16793538461538463
0.0609156923076923
-0.04860738461538461
-0.14916
-0.22968553846153844
-0.28350830769230767
-0.2926873846153846
-0.24992123076923078
-0.16626646153846153
-0.05653476923076922
0.051528
0.14311015384615386
0.20235692307692305
0.2154996923076923
0.18775384615384613
0.11807630769230769
0.012934153846153845
-0.10848000000000001
-0.23177169230769232
-0.3304467692307692
-0.3836436923076923
-0.39282276923076925
-0.3483876923076923
-0.26160369230769226
-0.15166338461538462
-0.02753723076923077
0.10472492307692308
0.2209236923076923
0.29873723076923075
0.3291950769230769
0.31813846153846154
0.2716172307692308
0.19442953846153843
0.09846646153846153
-0.013768615384615384
-0.11390399999999999
-0.1927606153846154
-0.23114584615384615
-0.22593046153846155
-0.19317784615384614
-0.13247076923076923
-0.06821723076923077
0.006467076923076923
0.07635323076923077
0.12329169230769231
0.15208061538461537
0.1422756923076923
0.11578153846153846
0.09429415384615383
0.07009476923076922
0.05194523076923077
0.03963692307692308
0.03108369230769231
0.024408000000000003
0.015854769230769228
0.012099692307692308
0.005424
-0.01272553846153846
-0.042557538461538466
-0.06613107692307692
-0.07238953846153846
-0.06821723076923077
-0.05382276923076923
-0.02586830769230769
0.015020307692307692
0.05090215384615384
0.09262523076923077
0.12955015384615384
0.14686523076923075
0.1435273846153846
0.12204
0.08761846153846153
0.04526953846153846
0.0006258461538461538
-0.058412307692307694
-0.11452984615384615
-0.16856123076923077
-0.19693292307692306
-0.19380369230769232
-0.17419384615384614
-0.13038461538461538
-0.07635323076923077
-0.011891076923076923
0.05382276923076923
0.11181784615384616
0.14999446153846155
0.16021661538461537
0.1368516923076923
0.09491999999999999
0.051528
-0.003755076923076923
-0.058412307692307694
-0.10722830769230769
-0.14457046153846154
-0.1504116923076923
-0.12224861538461537
-0.06884307692307692
-0.0014603076923076922
0.06633969230769231
0.13101046153846155
0.18483323076923078
0.2157083076923077
0.21842030769230766
0.1927606153846154
0.14144123076923076
0.07948246153846153
0.027120000000000002
-0.02482523076923077
-0.06946892307692307
-0.09596307692307693
-0.11056615384615384
-0.10326461538461539
-0.07593599999999999
-0.04088861538461538
-0.005424
0.02232184615384615
0.043600615384615383
0.05277969230769231
0.04944184615384615
0.029623384615384614
-0.013560000000000001
-0.062376
-0.10535076923076922
-0.12350030769230769
-0.1136953846153846
-0.08866153846153846
-0.04526953846153846
0.011473846153846154
0.07802215384615384
0.14999446153846155
0.21111876923076925
0.2399076923076923
0.23218892307692307
0.1948467692307692
0.14582215384615385
0.09074769230769231
0.035464615384615386
-0.018775384615384614
-0.073224
-0.10994030769230768
-0.11745046153846153
-0.0897046153846154
-0.051528
-0.017732307692307693
0.010848
0.03275261538461539
0.06216738461538462
0.08845292307692308
0.09825784615384614
0.08615815384615384
0.046104
0.006049846153846154
-0.03045784615384615
-0.07051199999999999
-0.11452984615384615
-0.16000799999999998
-0.1856676923076923
-0.184416
-0.16063384615384615
-0.11327815384615383
-0.06529661538461538
-0.02044430769230769
0.010639384615384617
0.004589538461538461
-0.013142769230769229
-0.06717415384615384
-0.12350030769230769
-0.19588984615384614
-0.2453316923076923
-0.235944
-0.1710646153846154
-0.02795446153846154
0.19505538461538463
0.45373846153846153
0.6076966153846154
0.7887747692307692
0.9083113846153846
0.9471138461538461
0.9258350769230769
0.6869704615384615
0.376968
-0.03275261538461539
-0.41389292307692305
-0.7316141538461538
-1.0447458461538461
-1.2083003076923078
-1.2811070769230768
-1.1223507692307693
-0.7699993846153846
-0.3131316923076923
0.25117292307692307
0.7044941538461539
1.0979427692307693
1.352870769230769
1.3933421538461537
1.284444923076923
0.9277126153846154
0.4616658461538461
-0.05111076923076923
-0.6250116923076923
-1.0409907692307692
-1.325124923076923
-1.4446615384615384
-1.3330523076923075
-1.112963076923077
-0.7280676923076923
-0.27328615384615385
0.21153599999999997
0.7180541538461538
1.0848
1.3017599999999998
1.3543310769230767
1.2533612307692308
1.0253446153846153
0.6406578461538461
0.18983999999999998
-0.2795446153846154
-0.7174283076923077
-1.0136621538461539
-1.199747076923077
-1.243764923076923
-1.1350763076923076
-0.9252092307692307
-0.604776
-0.23761292307692305
0.12829846153846153
0.5021372307692308
0.8100535384615385
1.0451630769230769
1.2001643076923076
1.2103864615384614
1.1029495384615384
0.8619987692307692
0.5255021538461538
0.12579507692307693
-0.31000246153846156
-0.6982356923076922
-1.0199206153846154
-1.211220923076923
-1.2700504615384614
-1.1943230769230768
-0.9191593846153845
-0.5192436923076923
-0.022947692307692308
0.5211212307692308
0.9936350769230768
1.3699772307692308
1.5721255384615382
1.5881889230769228
1.4198363076923077
1.0532990769230768
0.5751526153846154
0.022530461538461537
-0.5357243076923077
-1.024718769230769
-1.386457846153846
-1.5629464615384616
-1.5454227692307692
-1.3255421538461538
-0.9433587692307692
-0.43579753846153846
0.16105107692307694
0.7537273846153846
1.2460596923076923
1.5685790769230767
1.669548923076923
1.545214153846154
1.2385495384615384
0.7750061538461538
0.23052
-0.3246055384615385
-0.8256996923076924
-1.1772166153846153
-1.3731064615384616
-1.3872923076923076
-1.2174793846153846
-0.9055993846153846
-0.4831532307692308
-0.018983999999999997
0.4309993846153846
0.7871058461538462
1.0130363076923077
1.1069132307692306
1.0616436923076924
0.9008012307692307
0.6250116923076923
0.27182584615384614
-0.0880356923076923
-0.4282873846153846
-0.6946892307692308
-0.862416
-0.9431501538461539
-0.9187421538461538
-0.8035864615384616
-0.612912
-0.36904061538461536
-0.11140061538461538
0.13706030769230768
0.35256
0.513611076923077
0.6143723076923077
0.6504627692307692
0.6179187692307693
0.5213298461538461
0.3744646153846154
0.20298276923076922
0.026285538461538457
-0.13706030769230768
-0.2858030769230769
-0.4262012307692308
-0.5317606153846154
-0.5891298461538461
-0.5768215384615385
-0.49692184615384616
-0.3863556923076923
-0.23761292307692305
-0.050067692307692306
0.16647507692307692
0.3949089230769231
0.5764043076923077
0.6757052307692307
0.6923944615384616
0.6229255384615384
0.4906633846153846
0.3077076923076923
0.07948246153846153
-0.17085599999999998
-0.41076369230769233
-0.584123076923077
-0.6717415384615385
-0.6759138461538462
-0.6026898461538461
-0.46583815384615385
-0.27558092307692306
-0.06550523076923077
0.15750461538461538
0.36340799999999995
0.5069353846153847
0.5837058461538461
0.5795335384615384
0.5192436923076923
0.4253667692307692
0.306456
0.16689230769230767
0.016480615384615385
-0.11056615384615384
-0.1942209230769231
-0.21842030769230766
-0.20339999999999997
-0.17669723076923077
-0.14603076923076924
-0.11536430769230768
-0.06696553846153847
-0.006049846153846154
0.047772923076923074
0.08240307692307691
0.10368184615384615
0.13330523076923076
0.17440246153846153
0.21883753846153844
0.2415766153846154
0.24554030769230767
0.23510953846153848
0.20339999999999997
0.1612596923076923
0.0892873846153846
-0.016063384615384615
-0.12934153846153845
-0.23093723076923076
-0.30019753846153846
-0.33378461538461535
-0.33002953846153843
-0.2795446153846154
-0.18253846153846154
-0.03942830769230769
0.12850707692307692
0.29748553846153847
0.44330769230769224
0.5338467692307692
0.5547083076923077
0.5023458461538461
0.3809316923076923
0.20506892307692307
0.0012516923076923076
-0.20110523076923076
-0.3815575384615385
-0.5104818461538462
-0.547824
-0.49441846153846153
-0.37008369230769234
-0.2021483076923077
-0.014185846153846153
0.1794092307692308
0.3502652307692307
0.46312615384615385
0.4965046153846154
0.4472713846153846
0.3319070769230769
0.17690584615384616
0.002086153846153846
-0.16459753846153846
-0.3133403076923077
-0.41535323076923075
-0.4470627692307692
-0.42599261538461536
-0.3548547692307692
-0.26118646153846153
-0.1558356923076923
-0.04130584615384615
0.06717415384615384
0.15917353846153848
0.2090326153846154
0.2127876923076923
0.17732307692307692
0.1151556923076923
0.03588184615384615
-0.054657230769230764
-0.14415323076923076
-0.21821169230769227
-0.2720344615384615
-0.292896
-0.27474646153846155
-0.2399076923076923
-0.19547261538461536
-0.15270646153846154
-0.10952307692307692
-0.06133292307692308
-0.027745846153846152
0.0006258461538461538
0.017315076923076923
0.014603076923076923
0.01668923076923077
0.019192615384615384
0.026285538461538457
0.030875076923076922
0.01940123076923077
0.005841230769230769
-0.012308307692307691
-0.025659692307692307
-0.021696
-0.011682461538461537
0.010639384615384617
0.048816000000000005
0.09971815384615385
0.16501476923076921
0.214248
0.2517987692307692
0.2695310769230769
0.2674449230769231
0.26160369230769226
0.22947692307692308
0.18316430769230768
0.11223507692307692
0.02858030769230769
-0.037342153846153844
-0.08636676923076922
-0.11056615384615384
-0.10994030769230768
-0.08845292307692308
-0.046104
0.008761846153846153
0.07280676923076923
0.14269292307692305
0.20027076923076922
0.23010276923076922
0.2238443076923077
0.19651569230769228
0.14665661538461539
0.06133292307692308
-0.04401784615384615
-0.15354092307692307
-0.24720923076923076
-0.3047870769230769
-0.3279433846153846
-0.3008233846153846
-0.22843384615384613
-0.12788123076923075
0.0025033846153846152
0.13601723076923075
0.2697396923076923
0.38343507692307693
0.4414301538461538
0.44914892307692306
0.3944916923076923
0.287472
0.15103753846153847
-0.006884307692307692
-0.15562707692307692
-0.279336
-0.3548547692307692
-0.3682061538461538
-0.3225193846153846
-0.2290596923076923
-0.1151556923076923
0.026494153846153844
0.1846246153846154
0.31918153846153846
0.40972061538461535
0.4372578461538461
0.4017932307692308
0.31062830769230765
0.16772676923076923
0.008344615384615384
-0.14665661538461539
-0.2916443076923077
-0.4030449230769231
-0.45728492307692303
-0.44581107692307687
-0.3782196923076923
-0.25951753846153847
-0.10889723076923077
0.054240000000000003
0.21862892307692305
0.35256
0.43642338461538455
0.46667261538461535
0.43350276923076925
0.35276861538461535
0.23510953846153848
0.09596307692307693
-0.04672984615384615
-0.18399876923076922
-0.28476
-0.3440067692307692
-0.3615304615384615
-0.34046030769230773
-0.2837169230769231
-0.18775384615384613
-0.06946892307692307
0.05590892307692308
0.17419384615384614
0.2670276923076923
0.3275261538461538
0.35193415384615384
0.3442153846153846
0.3202246153846154
0.26076923076923075
0.16105107692307694
0.040679999999999994
-0.0892873846153846
-0.20047938461538461
-0.28246523076923075
-0.33545353846153847
-0.35047384615384614
-0.3350363076923077
-0.28204799999999997
-0.19046584615384615
-0.0744756923076923
0.04130584615384615
0.13059323076923077
0.19693292307692306
0.23406646153846156
0.23072861538461537
0.19004861538461537
0.10263876923076923
-0.014185846153846153
-0.13852061538461538
-0.25242461538461536
-0.32669169230769235
-0.3684147692307692
-0.37258707692307685
-0.35151692307692306
-0.3060387692307692
-0.2125790769230769
-0.09512861538461538
0.029832
0.14060676923076923
0.2138307692307692
0.2540935384615385
0.2628553846153846
0.23761292307692305
0.18253846153846154
0.09679753846153846
-0.0022947692307692304
-0.08490646153846154
-0.1341396923076923
-0.14018953846153845
-0.12621230769230768
-0.09554584615384615
-0.040262769230769234
0.03755076923076923
0.13476553846153844
0.21696000000000001
0.2726603076923077
0.3012406153846154
0.29352184615384613
0.26765353846153844
0.23364923076923078
0.19004861538461537
0.1506203076923077
0.10660246153846153
0.0717636923076923
0.04652123076923077
0.023364923076923075
0.014811692307692307
-0.005215384615384615
-0.016480615384615385
-0.01668923076923077
-0.021278769230769233
-0.012516923076923077
-0.003963692307692307
0.004589538461538461
0.011056615384615385
0.010848
0.025033846153846153
0.045895384615384616
0.05277969230769231
0.05319692307692307
0.03629907692307692
0.025659692307692307
0.024408000000000003
0.010013538461538461
-0.008344615384615384
-0.04172307692307692
-0.06613107692307692
-0.07364123076923076
-0.06028984615384615
-0.03755076923076923
-0.01272553846153846
-0.003963692307692307
-0.007927384615384614
0.013560000000000001
0.040262769230769234
0.0744756923076923
0.07155507692307693
0.05111076923076923
0.04109723076923077
0.05319692307692307
0.07009476923076922
0.16063384615384615
0.22175815384615383
0.08845292307692308
0.05090215384615384
-0.024199384615384616
-0.02232184615384615
0.07927384615384615
-0.09325107692307691
-0.18253846153846154
-0.29581661538461534
-0.28809784615384615
-0.11411261538461538
-0.11223507692307692
-0.059872615384615385
-0.13747753846153846
-0.07614461538461538
0.11202646153846153
0.18900553846153845
0.29832
0.1395636923076923
0.02795446153846154
0.003755076923076923
-0.08344615384615384
-0.017940923076923077
-0.12850707692307692
-0.19609846153846153
-0.14957723076923077
-0.22342707692307692
-0.07885661538461539
0.010639384615384617
0.04318338461538461
0.19004861538461537
0.14394461538461537
0.17628
0.20465169230769228
0.1635544615384615
0.23969907692307693
0.16334584615384617
0.06738276923076922
-0.022530461538461537
-0.11327815384615383
-0.07510153846153846
-0.12162276923076921
-0.17628
-0.214248
-0.23615261538461538
-0.09930092307692308
-0.017940923076923077
0.031918153846153846
0.09241661538461539
0.07218092307692307
0.15813046153846153
0.21341353846153846
0.18754523076923074
0.19839323076923077
0.11244369230769231
0.06863446153846153
0.06529661538461538
-0.027328615384615382
-0.08866153846153846
-0.1800350769230769
-0.24637476923076923
-0.23239753846153846
-0.23093723076923076
-0.17252492307692308
-0.092208
0.02586830769230769
0.12725538461538463
0.1666836923076923
0.22947692307692308
0.21320492307692307
0.19755876923076923
0.17002153846153847
0.05799507692307692
0.004589538461538461
-0.07259815384615384
-0.13372246153846154
-0.13622584615384614
-0.17502830769230768
-0.14665661538461539
-0.10806276923076923
-0.07551876923076924
-0.0035464615384615383
0.01814953846153846
0.08720123076923077
0.19505538461538463
0.25367630769230765
0.2722430769230769
0.20778092307692309
0.14978584615384616
0.10347323076923076
0.015646153846153844
-0.06863446153846153
-0.20319138461538463
-0.2805876923076923
-0.25284184615384614
-0.2290596923076923
-0.1356
-0.052153846153846155
0.0033378461538461535
0.10514215384615383
0.14853415384615384
0.19359507692307693
0.22488738461538463
0.1869193846153846
0.15124615384615384
0.08636676923076922
0.021487384615384613
-0.042557538461538466
-0.11619876923076923
-0.14999446153846155
-0.17273353846153844
-0.16063384615384615
-0.14603076923076924
-0.12975876923076923
-0.05862092307692307
0.004798153846153846
0.08845292307692308
0.1666836923076923
0.19150892307692308
0.2426196923076923
0.268488
0.24846092307692308
0.21362215384615382
0.11494707692307692
0.03421292307692308
-0.0016689230769230767
-0.03129230769230769
-0.04944184615384615
-0.1045163076923077
-0.14561353846153846
-0.13810338461538463
-0.116616
-0.06946892307692307
-0.03108369230769231
0.0012516923076923076
0.026285538461538457
0.009804923076923077
0.005424
-0.009596307692307692
-0.023364923076923075
-0.015854769230769228
-0.056951999999999996
-0.08720123076923077
-0.10827138461538462
-0.1207883076923077
-0.0771876923076923
-0.06571384615384615
-0.07155507692307693
-0.06341907692307691
-0.04214030769230769
0.040054153846153843
0.11348676923076922
0.14290153846153844
0.13998092307692306
0.1151556923076923
0.12120553846153845
0.12245723076923076
0.10868861538461538
0.07301538461538462
-0.0033378461538461535
-0.0448523076923077
-0.061124307692307686
-0.042348923076923076
0.007510153846153846
0.03296123076923077
0.07927384615384615
0.11557292307692307
0.13309661538461537
0.15875630769230767
0.1531236923076923
0.12537784615384615
0.06404492307692307
-0.017315076923076923
-0.06487938461538462
-0.10201292307692307
-0.13726892307692307
-0.18128676923076922
-0.23281476923076924
-0.23969907692307693
-0.19672430769230767
-0.11494707692307692
-0.04214030769230769
-0.0012516923076923076
0.04047138461538462
0.08156861538461539
0.13622584615384614
0.1704387692307692
0.14457046153846154
0.09971815384615385
0.042348923076923076
-0.009804923076923077
-0.03859384615384615
-0.07927384615384615
-0.11411261538461538
-0.11995384615384615
-0.10347323076923076
-0.046104
0.024199384615384616
0.08845292307692308
0.14477907692307693
0.16897846153846155
0.18629353846153843
0.19651569230769228
0.1927606153846154
0.1652233846153846
0.09596307692307693
0.022530461538461537
-0.05048492307692308
-0.10743692307692307
-0.130176
-0.14957723076923077
-0.14436184615384615
-0.12537784615384615
-0.08907876923076924
-0.004798153846153846
0.07468430769230769
0.14916
0.20486030769230767
0.21612553846153845
0.2225926153846154
0.2059033846153846
0.16480615384615382
0.12016246153846154
0.05236246153846154
-0.004589538461538461
-0.03859384615384615
-0.05590892307692308
-0.04944184615384615
-0.03296123076923077
0.005841230769230769
0.04693846153846153
0.08866153846153846
0.1476996923076923
0.18754523076923074
0.2127876923076923
0.2238443076923077
0.20715507692307691
0.17648861538461538
0.11578153846153846
0.03713353846153846
-0.035464615384615386
-0.10639384615384614
-0.1570873846153846
-0.19046584615384615
-0.1990190769230769
-0.17648861538461538
-0.14811692307692306
-0.09658892307692307
-0.03108369230769231
0.03692492307692308
0.10222153846153846
0.13872923076923074
0.16418030769230768
0.16584923076923075
0.15500123076923078
0.13706030769230768
0.0853236923076923
0.011891076923076923
-0.07280676923076923
-0.14519630769230768
-0.18483323076923078
-0.20256553846153844
-0.1992276923076923
-0.16647507692307692
-0.1097316923076923
-0.021487384615384613
0.07697907692307693
0.16334584615384617
0.23010276923076922
0.25847446153846154
0.25471938461538457
0.21341353846153846
0.13935507692307691
0.04756430769230769
-0.059664
-0.1656406153846154
-0.25012984615384615
-0.29832
-0.30061476923076924
-0.26765353846153844
-0.20778092307692309
-0.11911938461538461
-0.01981846153846154
0.07572738461538461
0.15187199999999998
0.19213476923076922
0.2056947692307692
0.19755876923076923
0.16856123076923077
0.12099692307692309
0.062376
0.01272553846153846
-0.023364923076923075
-0.045895384615384616
-0.05319692307692307
-0.03880246153846154
-0.006467076923076923
0.030040615384615384
0.0771876923076923
0.12558646153846154
0.16042523076923076
0.1800350769230769
0.17252492307692308
0.14164984615384615
0.09825784615384614
0.04318338461538461
-0.008761846153846153
-0.04318338461538461
-0.07197230769230768
-0.09533723076923077
-0.11745046153846153
-0.13455692307692307
-0.13998092307692306
-0.15374953846153847
-0.1597993846153846
-0.15792184615384616
-0.13601723076923075
-0.09846646153846153
-0.06571384615384615
-0.023782153846153845
0.006884307692307692
0.0446436923076923
0.08887015384615385
0.11828492307692307
0.14060676923076923
0.127464
0.09429415384615383
0.059872615384615385
0.009596307692307692
-0.03567323076923076
-0.0853236923076923
-0.1368516923076923
-0.15374953846153847
-0.14206707692307693
-0.09658892307692307
-0.033169846153846154
0.03442153846153846
0.10076123076923077
0.14957723076923077
0.18921415384615384
0.20173107692307693
0.18358153846153846
0.13038461538461538
0.046104
-0.04109723076923077
-0.13372246153846154
-0.21028430769230766
-0.25972615384615383
-0.29039261538461536
-0.28163076923076924
-0.233232
-0.15833907692307692
-0.05528307692307692
0.043392
0.12412615384615384
0.19526400000000002
0.23198030769230768
0.238656
0.20798953846153845
0.14874276923076923
0.08156861538461539
0.022947692307692308
-0.005215384615384615
-0.011891076923076923
-0.0025033846153846152
0.014394461538461538
0.05277969230769231
0.111192
0.1597993846153846
0.1913003076923077
0.19797599999999999
0.16876984615384616
0.12350030769230769
0.06738276923076922
0.011891076923076923
-0.04193169230769231
-0.10096984615384616
-0.1341396923076923
-0.1368516923076923
-0.11640738461538462
-0.0892873846153846
-0.07030338461538461
-0.059872615384615385
-0.06049846153846154
-0.059038153846153844
-0.05757784615384615
-0.06821723076923077
-0.0826116923076923
-0.111192
-0.13998092307692306
-0.15228923076923076
-0.15750461538461538
-0.14206707692307693
-0.1218313846153846
-0.0963803076923077
-0.042348923076923076
0.02899753846153846
0.11077476923076923
0.1718990769230769
0.19004861538461537
0.18712800000000002
0.16000799999999998
0.11348676923076922
0.04652123076923077
-0.041514461538461535
-0.12725538461538463
-0.20131384615384615
-0.23177169230769232
-0.2221753846153846
-0.18900553846153845
-0.13643446153846153
-0.084072
-0.009804923076923077
0.07697907692307693
0.15604430769230768
0.21675138461538462
0.23490092307692306
0.2273907692307692
0.2021483076923077
0.16167692307692308
0.11599015384615384
0.056951999999999996
-0.015646153846153844
-0.07948246153846153
-0.12141415384615384
-0.13643446153846153
-0.12913292307692306
-0.12016246153846154
-0.10263876923076923
-0.06759138461538462
-0.009596307692307692
0.07280676923076923
0.15082892307692305
0.21487384615384614
0.254928
0.26786215384615386
0.27453784615384613
0.26869661538461537
0.2275993846153846
0.13247076923076923
0.0004172307692307692
-0.130176
-0.23135446153846154
-0.3068732307692308
-0.3752990769230769
-0.43704923076923075
-0.46437784615384614
-0.44685415384615385
-0.33566215384615383
-0.16418030769230768
0.023364923076923075
0.23782153846153845
0.38760738461538463
0.5401052307692308
0.6498369230769231
0.6642313846153846
0.614580923076923
0.41034646153846155
0.1718990769230769
-0.0974233846153846
-0.3137575384615385
-0.4549901538461538
-0.6266806153846154
-0.6671520000000001
-0.6456646153846154
-0.49274953846153846
-0.21070153846153844
0.05570030769230769
0.3479704615384615
0.5380190769230769
0.6763310769230769
0.7553963076923077
0.6894738461538461
0.5480326153846153
0.2768326153846154
-0.02086153846153846
-0.27474646153846155
-0.5077698461538461
-0.6175015384615384
-0.6611021538461538
-0.6191704615384614
-0.4762689230769231
-0.31104553846153843
-0.09033046153846153
0.0961716923076923
0.24345415384615382
0.35860984615384617
0.37425600000000003
0.37592492307692305
0.3379569230769231
0.27558092307692306
0.22488738461538463
0.130176
0.04631261538461538
-0.03650769230769231
-0.11202646153846153
-0.15813046153846153
-0.2090326153846154
-0.23364923076923078
-0.21237046153846154
-0.14665661538461539
-0.03880246153846154
0.05924676923076923
0.13080184615384613
0.18629353846153843
0.22467876923076924
0.2680707692307692
0.2782929230769231
0.25346769230769234
0.22405292307692307
0.1873366153846154
0.16042523076923076
0.11974523076923077
0.04756430769230769
-0.035255999999999996
-0.13121907692307694
-0.20256553846153844
-0.2411593846153846
-0.27140861538461536
-0.25242461538461536
-0.20006215384615383
-0.10597661538461538
0.026911384615384615
0.1476996923076923
0.25951753846153847
0.32627446153846157
0.35193415384615384
0.34066892307692304
0.2789187692307692
0.20506892307692307
0.10806276923076923
0.0006258461538461538
-0.09596307692307693
-0.17273353846153844
-0.1913003076923077
-0.17315076923076922
-0.1341396923076923
-0.07405846153846153
-0.010639384615384617
0.08386338461538462
0.19985353846153847
0.2862203076923077
0.32606584615384615
0.301032
0.23969907692307693
0.16730953846153845
0.07468430769230769
-0.01940123076923077
-0.1205796923076923
-0.20632061538461538
-0.24720923076923076
-0.2424110769230769
-0.17815753846153848
-0.0974233846153846
-0.009387692307692307
0.08073415384615384
0.14874276923076923
0.20819815384615384
0.23364923076923078
0.2290596923076923
0.19797599999999999
0.13476553846153844
0.06738276923076922
-0.0008344615384615384
-0.06446215384615385
-0.09575446153846154
-0.10743692307692307
-0.086784
-0.041514461538461535
0.011891076923076923
0.086784
0.13726892307692307
0.1696043076923077
0.16751815384615384
0.13768615384615385
0.11202646153846153
0.06800861538461538
0.02586830769230769
-0.02899753846153846
-0.08469784615384615
-0.10660246153846153
-0.103056
-0.08073415384615384
-0.05236246153846154
-0.029832
-0.0035464615384615383
0.015020307692307692
0.013560000000000001
-0.0018775384615384615
-0.045060923076923075
-0.08469784615384615
-0.11223507692307692
-0.13706030769230768
-0.14081538461538462
-0.13601723076923075
-0.1045163076923077
-0.050067692307692306
0.003129230769230769
0.04860738461538461
0.06467076923076923
0.07280676923076923
0.07969107692307692
0.06571384615384615
0.041514461538461535
0.0022947692307692304
-0.03108369230769231
-0.03671630769230769
-0.026285538461538457
-0.0029206153846153843
0.022530461538461537
0.04130584615384615
0.06133292307692308
0.07656184615384615
0.08031692307692308
0.059872615384615385
0.01814953846153846
-0.021070153846153846
-0.06905169230769231
-0.12099692307692309
-0.15500123076923078
-0.16501476923076921
-0.15667015384615385
-0.130176
-0.08594953846153845
-0.014811692307692307
0.07551876923076924
0.16105107692307694
0.2369870769230769
0.2772498461538462
0.28788923076923073
0.2699483076923077
0.21466523076923077
0.1356
0.02545107692307692
-0.08636676923076922
-0.17481969230769231
-0.2236356923076923
-0.22593046153846155
-0.19818461538461538
-0.13747753846153846
-0.05570030769230769
0.04172307692307692
0.13726892307692307
0.20652923076923077
0.24199384615384617
0.2357353846153846
0.20506892307692307
0.15249784615384615
0.07969107692307692
0.001043076923076923
-0.08907876923076924
-0.17169046153846151
-0.22447015384615385
-0.252216
-0.25513661538461535
-0.23093723076923076
-0.18629353846153843
-0.13747753846153846
-0.08490646153846154
-0.02795446153846154
0.029623384615384614
0.061750153846153844
0.06008123076923077
0.03942830769230769
0.01043076923076923
-0.006049846153846154
-0.014394461538461538
-0.01272553846153846
-0.006884307692307692
-0.008136
-0.013142769230769229
-0.010013538461538461
-0.006675692307692307
-0.013560000000000001
-0.03629907692307692
-0.06383630769230769
-0.07384984615384615
-0.07259815384615384
-0.05382276923076923
-0.02899753846153846
-0.004589538461538461
0.028788923076923077
0.06383630769230769
0.09429415384615383
0.10743692307692307
0.09408553846153846
0.055491692307692304
0.0016689230769230767
-0.059038153846153844
-0.12016246153846154
-0.17628
-0.22300984615384614
-0.24741784615384615
-0.2426196923076923
-0.21111876923076925
-0.16063384615384615
-0.0961716923076923
-0.024408000000000003
0.043600615384615383
0.10409907692307692
0.15187199999999998
0.1867107692307692
0.1883796923076923
0.15124615384615384
0.09596307692307693
0.035464615384615386
-0.013560000000000001
-0.05653476923076922
-0.09408553846153846
-0.11578153846153846
-0.11765907692307691
-0.09867507692307692
-0.05924676923076923
-0.022530461538461537
-0.003129230769230769
0.003129230769230769
0.0033378461538461535
0.010013538461538461
0.017315076923076923
0.01814953846153846
0.018775384615384614
0.02858030769230769
0.04401784615384615
0.06133292307692308
0.07134646153846153
0.07280676923076923
0.06154153846153846
0.04109723076923077
0.01668923076923077
-0.01043076923076923
-0.02753723076923077
-0.04193169230769231
-0.05444861538461539
-0.05507446153846154
-0.03713353846153846
-0.0016689230769230767
0.04214030769230769
0.08428061538461538
0.11202646153846153
0.1314276923076923
0.14457046153846154
0.14206707692307693
0.12266584615384615
0.08115138461538463
0.028371692307692306
-0.014394461538461538
-0.045895384615384616
-0.06571384615384615
-0.06717415384615384
-0.06362769230769232
-0.040262769230769234
-0.0016689230769230767
0.03838523076923077
0.08344615384615384
0.11077476923076923
0.12433476923076923
0.11745046153846153
0.10472492307692308
0.09012184615384615
0.06696553846153847
0.03775938461538462
0.0008344615384615384
-0.03275261538461539
-0.06195876923076923
-0.07781353846153846
-0.08574092307692306
-0.08010830769230769
-0.06049846153846154
-0.023990769230769232
0.026285538461538457
0.07134646153846153
0.116616
0.14331876923076922
0.15395815384615386
0.15813046153846153
0.14060676923076923
0.10910584615384614
0.06383630769230769
0.014394461538461538
-0.023364923076923075
-0.056326153846153845
-0.07802215384615384
-0.08657538461538461
-0.092208
-0.09158215384615384
-0.07802215384615384
-0.05090215384615384
-0.02524246153846154
-0.0022947692307692304
0.022530461538461537
0.04672984615384615
0.07489292307692308
0.09700615384615385
0.10994030769230768
0.1151556923076923
0.10159569230769232
0.08240307692307691
0.06571384615384615
0.04547815384615384
0.03233538461538461
0.008136
-0.014603076923076923
-0.02586830769230769
-0.029832
-0.02357353846153846
-0.025033846153846153
-0.022947692307692308
-0.015228923076923076
0.007510153846153846
0.037342153846153844
0.06446215384615385
0.09554584615384615
0.12391753846153845
0.1449876923076923
0.15562707692307692
0.15604430769230768
0.13935507692307691
0.10868861538461538
0.06446215384615385
0.012099692307692308
-0.03942830769230769
-0.08594953846153845
-0.1205796923076923
-0.1449876923076923
-0.14749107692307692
-0.12537784615384615
-0.08302892307692307
-0.025659692307692307
0.035255999999999996
0.09909230769230769
0.1504116923076923
0.17961784615384613
0.18712800000000002
0.16251138461538459
0.1136953846153846
0.045895384615384616
-0.03129230769230769
-0.09930092307692308
-0.1504116923076923
-0.17565415384615385
-0.1794092307692308
-0.1666836923076923
-0.13935507692307691
-0.0988836923076923
-0.04714707692307692
0.006258461538461538
0.05173661538461538
0.09596307692307693
0.1397723076923077
0.15896492307692306
0.14603076923076924
0.11265230769230769
0.05799507692307692
-0.014185846153846153
-0.08720123076923077
-0.15270646153846154
-0.20298276923076922
-0.23385784615384617
-0.23823876923076923
-0.21237046153846154
-0.15875630769230767
-0.08866153846153846
-0.016272
0.058412307692307694
0.12850707692307692
0.18232984615384615
0.21341353846153846
0.2090326153846154
0.18086953846153844
0.13893784615384613
0.09304246153846155
0.06008123076923077
0.029414769230769227
0.008970461538461538
0.005424
0.015228923076923076
0.04714707692307692
0.08782707692307692
0.12433476923076923
0.154584
0.1612596923076923
0.15520984615384617
0.15103753846153847
0.14540492307692307
0.14665661538461539
0.13789476923076924
0.12391753846153845
0.12037107692307693
0.11265230769230769
0.09825784615384614
0.06821723076923077
0.018775384615384614
-0.03066646153846154
-0.07113784615384615
-0.0963803076923077
-0.11306953846153844
-0.1136953846153846
-0.09429415384615383
-0.050067692307692306
0.004589538461538461
0.05674338461538461
0.09533723076923077
0.08052553846153847
0.06341907692307691
0.05444861538461539
0.052153846153846155
0.029414769230769227
-0.012099692307692308
-0.052153846153846155
-0.07468430769230769
-0.06988615384615385
-0.013768615384615384
0.13747753846153846
0.08907876923076924
0.02315630769230769
0.01940123076923077
-0.01981846153846154
0.08782707692307692
0.018983999999999997
-0.08574092307692306
-0.200688
-0.31041969230769234
-0.19735015384615384
-0.154584
-0.0855323076923077
-0.09554584615384615
-0.10055261538461538
0.06717415384615384
0.1800350769230769
0.34963938461538463
0.33587076923076925
0.20319138461538463
0.16292861538461537
0.05277969230769231
0.048816000000000005
-0.013351384615384614
-0.16501476923076921
-0.19609846153846153
-0.30436984615384616
-0.2782929230769231
-0.1289243076923077
-0.07218092307692307
0.07614461538461538
0.11849353846153846
0.14039815384615384
0.2303113846153846
0.2342750769230769
0.314592
0.30019753846153846
0.17481969230769231
0.06905169230769231
-0.056951999999999996
-0.06738276923076922
-0.09512861538461538
-0.18525046153846153
-0.24095076923076922
-0.31813846153846154
-0.26160369230769226
-0.15416676923076922
-0.11724184615384614
-0.05528307692307692
-0.03880246153846154
0.025659692307692307
0.15813046153846153
0.21612553846153845
0.26911384615384615
0.25951753846153847
0.20632061538461538
0.22676492307692306
0.20339999999999997
0.14811692307692306
0.05090215384615384
-0.08302892307692307
-0.16793538461538463
-0.24282830769230768
-0.2697396923076923
-0.27286892307692306
-0.23615261538461538
-0.15103753846153847
-0.07823076923076923
0.06926030769230769
0.21445661538461538
0.3156350769230769
0.40346215384615386
0.38239199999999995
0.32961230769230765
0.24637476923076923
0.10827138461538462
-0.01814953846153846
-0.20861538461538462
-0.3880246153846154
-0.4783550769230769
-0.5244590769230769
-0.48857723076923076
-0.43621476923076924
-0.35631507692307696
-0.20506892307692307
-0.05048492307692308
0.09241661538461539
0.16501476923076921
0.19964492307692308
0.2238443076923077
0.18358153846153846
0.13476553846153844
0.03984553846153846
-0.10785415384615385
-0.2056947692307692
-0.2828824615384615
-0.3035353846153846
-0.2572227692307692
-0.21028430769230766
-0.10660246153846153
-0.0016689230769230767
0.09095630769230768
0.21737723076923077
0.30436984615384616
0.3544375384615384
0.3448412307692308
0.28204799999999997
0.2056947692307692
0.11870215384615385
0.058829538461538454
0.0004172307692307692
-0.04088861538461538
-0.05736923076923077
-0.07405846153846153
-0.037967999999999995
-0.003129230769230769
0.011265230769230769
0.029623384615384614
-0.002086153846153846
-0.019192615384615384
0.003129230769230769
0.01668923076923077
0.027328615384615382
0.012308307692307691
0.0016689230769230767
0.035255999999999996
0.07280676923076923
0.1070196923076923
0.11160923076923077
0.07572738461538461
0.0446436923076923
0.00855323076923077
-0.018775384615384614
-0.04714707692307692
-0.10368184615384615
-0.14728246153846153
-0.1940123076923077
-0.21299630769230768
-0.19693292307692306
-0.17231630769230769
-0.09846646153846153
-0.040054153846153843
0.0070929230769230765
0.06467076923076923
0.092208
0.12287446153846153
0.10660246153846153
0.03483876923076923
-0.03233538461538461
-0.09804923076923076
-0.12642092307692307
-0.12391753846153845
-0.11911938461538461
-0.09304246153846155
-0.05778646153846154
0.010848
0.0934596923076923
0.14916
0.18545907692307692
0.1804523076923077
0.16188553846153847
0.14957723076923077
0.12141415384615384
0.08469784615384615
0.04860738461538461
0.035464615384615386
0.05194523076923077
0.06926030769230769
0.1070196923076923
0.16271999999999998
0.19755876923076923
0.21007569230769232
0.1867107692307692
0.14999446153846155
0.10785415384615385
0.044435076923076924
-0.027120000000000002
-0.10430769230769231
-0.165432
-0.19588984615384614
-0.18107815384615383
-0.12621230769230768
-0.06592246153846154
0.0012516923076923076
0.06362769230769232
0.12412615384615384
0.16876984615384616
0.15833907692307692
0.11494707692307692
0.050067692307692306
-0.026702769230769228
-0.08052553846153847
-0.11974523076923077
-0.14081538461538462
-0.11911938461538461
-0.073224
0.0008344615384615384
0.08490646153846154
0.16084246153846155
0.2303113846153846
0.27412061538461535
0.2951907692307692
0.2807963076923077
0.241368
0.19150892307692308
0.11953661538461538
0.04401784615384615
-0.028788923076923077
-0.10535076923076922
-0.15374953846153847
-0.17481969230769231
-0.17294215384615383
-0.1558356923076923
-0.1506203076923077
-0.11870215384615385
-0.06759138461538462
-0.013560000000000001
0.05069353846153846
0.07969107692307692
0.08594953846153845
0.07677046153846154
0.052571076923076915
0.03066646153846154
-0.008136
-0.05820369230769231
-0.12412615384615384
-0.19526400000000002
-0.24345415384615382
-0.27140861538461536
-0.2578486153846154
-0.21466523076923077
-0.1712732307692308
-0.1045163076923077
-0.030040615384615384
0.05277969230769231
0.14060676923076923
0.19881046153846152
0.2482523076923077
0.26368984615384616
0.25242461538461536
0.22947692307692308
0.18212123076923076
0.12370892307692308
0.04839876923076923
-0.021487384615384613
-0.07802215384615384
-0.11327815384615383
-0.12642092307692307
-0.12099692307692309
-0.0853236923076923
-0.03233538461538461
0.04172307692307692
0.130176
0.20486030769230767
0.2572227692307692
0.2805876923076923
0.279336
0.25305046153846156
0.19463815384615382
0.09971815384615385
-0.013351384615384614
-0.11911938461538461
-0.20506892307692307
-0.25054707692307693
-0.2638984615384615
-0.2436627692307692
-0.1883796923076923
-0.10681107692307691
0.005841230769230769
0.11974523076923077
0.21091015384615383
0.273912
0.29832
0.29602523076923076
0.2632726153846154
0.19296923076923078
0.10076123076923077
-0.006884307692307692
-0.10785415384615385
-0.19067446153846154
-0.25513661538461535
-0.28350830769230767
-0.2853858461538461
-0.25200738461538463
-0.1785747692307692
-0.0897046153846154
0.015854769230769228
0.10827138461538462
0.1721076923076923
0.20402584615384614
0.19985353846153847
0.18379015384615385
0.14582215384615385
0.09784061538461537
0.054240000000000003
0.01043076923076923
-0.015228923076923076
-0.03108369230769231
-0.04088861538461538
-0.051528
-0.07238953846153846
-0.08115138461538463
-0.08365476923076923
-0.0771876923076923
-0.058829538461538454
-0.051528
-0.040679999999999994
-0.00855323076923077
0.042974769230769226
0.10868861538461538
0.16251138461538459
0.1869193846153846
0.18983999999999998
0.17148184615384612
0.12996738461538462
0.06759138461538462
-0.016480615384615385
-0.10722830769230769
-0.1883796923076923
-0.24303692307692307
-0.2659846153846154
-0.2643156923076923
-0.22467876923076924
-0.15687876923076924
-0.06425353846153846
0.045895384615384616
0.14269292307692305
0.22405292307692307
0.26494153846153845
0.26911384615384615
0.25701415384615384
0.21696000000000001
0.16459753846153846
0.09909230769230769
0.015020307692307692
-0.05945538461538461
-0.11286092307692308
-0.14206707692307693
-0.14123261538461537
-0.12287446153846153
-0.09179076923076923
-0.04318338461538461
0.023990769230769232
0.10201292307692307
0.16188553846153847
0.1867107692307692
0.1846246153846154
0.17669723076923077
0.15938215384615384
0.12850707692307692
0.0853236923076923
0.01856676923076923
-0.05069353846153846
-0.10722830769230769
-0.14749107692307692
-0.1706473846153846
-0.18921415384615384
-0.19359507692307693
-0.173568
-0.13372246153846154
-0.06967753846153846
-0.005632615384615384
0.0448523076923077
0.08594953846153845
0.11724184615384614
0.1449876923076923
0.16418030769230768
0.17315076923076922
0.15917353846153848
0.12204
0.07697907692307693
0.028788923076923077
-0.013560000000000001
-0.051528
-0.08386338461538462
-0.10263876923076923
-0.1097316923076923
-0.0936683076923077
-0.05507446153846154
-0.011265230769230769
0.02899753846153846
0.06216738461538462
0.09867507692307692
0.12955015384615384
0.14561353846153846
0.13434830769230768
0.08866153846153846
0.045060923076923075
0.0050067692307692304
-0.03337846153846154
-0.07134646153846153
-0.11974523076923077
-0.15208061538461537
-0.16751815384615384
-0.1656406153846154
-0.14728246153846153
-0.12808984615384614
-0.1097316923076923
-0.08845292307692308
-0.05674338461538461
-0.02357353846153846
0.011891076923076923
0.042974769230769226
0.06216738461538462
0.07405846153846153
0.07948246153846153
0.08115138461538463
0.0717636923076923
0.047772923076923074
0.012934153846153845
-0.01710646153846154
-0.03650769230769231
-0.037342153846153844
-0.016897846153846156
0.011891076923076923
0.04422646153846154
0.07781353846153846
0.10910584615384614
0.13455692307692307
0.14665661538461539
0.14707384615384617
0.13726892307692307
0.119328
0.10096984615384616
0.06738276923076922
0.028788923076923077
-0.011056615384615385
-0.05069353846153846
-0.07781353846153846
-0.0988836923076923
-0.09825784615384614
-0.0880356923076923
-0.058412307692307694
0.0002086153846153846
0.05820369230769231
0.11703323076923078
0.16063384615384615
0.18232984615384615
0.18232984615384615
0.14582215384615385
0.084072
0.013560000000000001
-0.06571384615384615
-0.13768615384615385
-0.18232984615384615
-0.1992276923076923
-0.17502830769230768
-0.12037107692307693
-0.047772923076923074
0.02545107692307692
0.07468430769230769
0.10222153846153846
0.09784061538461537
0.07405846153846153
0.009596307692307692
-0.05069353846153846
-0.100344
-0.12433476923076923
-0.09325107692307691
-0.043392
0.14290153846153844
0.21049292307692305
0.20506892307692307
0.26723630769230766
0.2140393846153846
0.22801661538461537
0.1207883076923077
-0.06487938461538462
-0.23510953846153848
-0.4251581538461538
-0.4118067692307692
-0.4159790769230769
-0.3890676923076923
-0.3179298461538461
-0.25200738461538463
-0.012308307692307691
0.18358153846153846
0.385104
0.5146541538461539
0.44268184615384615
0.39657784615384617
0.2399076923076923
0.061750153846153844
-0.09763200000000001
-0.34880492307692307
-0.4522781538461538
-0.5597150769230769
-0.6210479999999999
-0.48586523076923077
-0.36945784615384614
-0.15562707692307692
0.03650769230769231
0.15333230769230768
0.2906012307692308
0.3116713846153846
0.34233784615384616
0.33566215384615383
0.22551323076923077
0.11432123076923076
-0.010639384615384617
-0.05382276923076923
-0.0744756923076923
-0.14290153846153844
-0.17085599999999998
-0.2157083076923077
-0.1990190769230769
-0.10994030769230768
-0.058412307692307694
0.02044430769230769
0.07426707692307692
0.11974523076923077
0.20840676923076923
0.23886461538461537
0.2638984615384615
0.2712
0.23177169230769232
0.2424110769230769
0.2422024615384615
0.2221753846153846
0.18379015384615385
0.09763200000000001
0.01668923076923077
-0.086784
-0.1777403076923077
-0.241368
-0.2782929230769231
-0.2411593846153846
-0.21737723076923077
-0.1462393846153846
-0.010013538461538461
0.10263876923076923
0.24053353846153847
0.3187643076923077
0.34504984615384615
0.3425464615384616
0.25012984615384615
0.15938215384615384
0.027120000000000002
-0.127464
-0.21696000000000001
-0.29644246153846154
-0.3239796923076923
-0.3187643076923077
-0.28955815384615385
-0.18232984615384615
-0.06216738461538462
0.07030338461538461
0.19296923076923078
0.28413415384615387
0.3913624615384615
0.4314166153846154
0.40575692307692307
0.3421292307692308
0.20861538461538462
0.09450276923076922
-0.021278769230769233
-0.13434830769230768
-0.18274707692307693
-0.21696000000000001
-0.18545907692307692
-0.11014892307692307
-0.03921969230769231
0.07259815384615384
0.17440246153846153
0.25972615384615383
0.2979027692307692
0.2807963076923077
0.24741784615384615
0.16167692307692308
0.07197230769230768
-0.015437538461538461
-0.0988836923076923
-0.143736
-0.19192615384615386
-0.20339999999999997
-0.17169046153846151
-0.13080184615384613
-0.04672984615384615
0.015646153846153844
0.06404492307692307
0.14144123076923076
0.18191261538461537
0.19359507692307693
0.16188553846153847
0.0961716923076923
0.05090215384615384
0.004798153846153846
-0.02899753846153846
-0.05757784615384615
-0.09387692307692307
-0.10514215384615383
-0.10931446153846153
-0.08386338461538462
-0.037342153846153844
-0.0050067692307692304
0.03400430769230769
0.043392
0.04214030769230769
0.04318338461538461
0.02899753846153846
0.042974769230769226
0.03880246153846154
-0.0025033846153846152
-0.027328615384615382
-0.03984553846153846
-0.028788923076923077
-0.015854769230769228
-0.026911384615384615
-0.03045784615384615
-0.028788923076923077
-0.016480615384615385
0.012934153846153845
0.02858030769230769
0.02273907692307692
0.0008344615384615384
-0.01668923076923077
-0.005424
-0.0008344615384615384
-0.003755076923076923
-0.018775384615384614
-0.0446436923076923
-0.05048492307692308
-0.06592246153846154
-0.06529661538461538
-0.05757784615384615
-0.06133292307692308
-0.043392
-0.024199384615384616
0.011891076923076923
0.059038153846153844
0.08720123076923077
0.09679753846153846
0.08824430769230769
0.08907876923076924
0.09825784615384614
0.09283384615384616
0.07030338461538461
0.02753723076923077
-0.02315630769230769
-0.05862092307692307
-0.06654830769230768
-0.05862092307692307
-0.059872615384615385
-0.06300184615384616
-0.043600615384615383
0.007301538461538462
0.08031692307692308
0.14415323076923076
0.184416
0.21466523076923077
0.22196676923076922
0.21028430769230766
0.18170399999999998
0.11035753846153845
0.025033846153846153
-0.04985907692307692
-0.1045163076923077
-0.12642092307692307
-0.13372246153846154
-0.124752
-0.09763200000000001
-0.051319384615384614
0.020652923076923076
0.10535076923076922
0.1706473846153846
0.20339999999999997
0.19526400000000002
0.1558356923076923
0.10868861538461538
0.05048492307692308
-0.017315076923076923
-0.09095630769230768
-0.15687876923076924
-0.20339999999999997
-0.21049292307692305
-0.18086953846153844
-0.1316363076923077
-0.07781353846153846
-0.03671630769230769
0.010013538461538461
0.06321046153846153
0.10514215384615383
0.11724184615384614
0.09512861538461538
0.06028984615384615
0.021904615384615383
-0.010639384615384617
-0.03400430769230769
-0.06154153846153846
-0.08031692307692308
-0.08594953846153845
-0.07843938461538462
-0.053614153846153846
-0.03963692307692308
-0.03713353846153846
-0.04130584615384615
-0.05048492307692308
-0.05507446153846154
-0.06926030769230769
-0.09012184615384615
-0.10806276923076923
-0.11286092307692308
-0.09074769230769231
-0.059872615384615385
-0.03337846153846154
-0.004589538461538461
0.017523692307692306
0.02795446153846154
0.02545107692307692
0.01668923076923077
-0.003755076923076923
-0.05319692307692307
-0.10827138461538462
-0.1489513846153846
-0.16793538461538463
-0.1531236923076923
-0.12767261538461538
-0.09429415384615383
-0.047981538461538464
0.008136
0.07635323076923077
0.12788123076923075
0.15896492307692306
0.165432
0.14728246153846153
0.12621230769230768
0.09325107692307691
0.05590892307692308
0.013560000000000001
-0.03442153846153846
-0.059872615384615385
-0.06863446153846153
-0.06341907692307691
-0.04944184615384615
-0.03713353846153846
-0.012934153846153845
0.017940923076923077
0.05736923076923077
0.092208
0.11223507692307692
0.12496061538461539
0.1218313846153846
0.11724184615384614
0.11056615384615384
0.0892873846153846
0.05194523076923077
-0.0022947692307692304
-0.051319384615384614
-0.08761846153846153
-0.10931446153846153
-0.11202646153846153
-0.10472492307692308
-0.08010830769230769
-0.030875076923076922
0.026494153846153844
0.0934596923076923
0.1422756923076923
0.1558356923076923
0.16021661538461537
0.1504116923076923
0.14060676923076923
0.111192
0.06049846153846154
0.0077187692307692304
-0.04714707692307692
-0.07635323076923077
-0.08574092307692306
-0.08574092307692306
-0.0771876923076923
-0.059872615384615385
-0.027328615384615382
0.015020307692307692
0.05090215384615384
0.07823076923076923
0.08991323076923076
0.08031692307692308
0.06258461538461538
0.04047138461538462
0.018775384615384614
-0.007927384615384614
-0.03838523076923077
-0.056326153846153845
-0.040679999999999994
0.002712
0.05194523076923077
0.09429415384615383
0.11390399999999999
0.11432123076923076
0.09491999999999999
0.05382276923076923
-0.006049846153846154
-0.084072
-0.16042523076923076
-0.208824
-0.2157083076923077
-0.18232984615384615
-0.12099692307692309
-0.04631261538461538
0.04631261538461538
0.14206707692307693
0.21716861538461538
0.24554030769230767
0.2154996923076923
0.14582215384615385
0.054240000000000003
-0.03859384615384615
-0.12767261538461538
-0.1927606153846154
-0.233232
-0.241368
-0.20235692307692305
-0.12725538461538463
-0.03024923076923077
0.059664
0.13726892307692307
0.20277415384615383
0.25555384615384613
0.27871015384615383
0.2705741538461538
0.22780799999999998
0.15395815384615386
0.08094276923076923
0.008344615384615384
-0.047772923076923074
-0.09283384615384616
-0.12704676923076924
-0.14311015384615386
-0.14394461538461537
-0.1136953846153846
-0.06529661538461538
-0.02545107692307692
-0.009804923076923077
0.0008344615384615384
0.009596307692307692
0.013351384615384614
0.021487384615384613
0.021070153846153846
0.02211323076923077
0.029832
0.03984553846153846
0.05277969230769231
0.05236246153846154
0.02482523076923077
-0.023364923076923075
-0.07489292307692308
-0.10743692307692307
-0.12704676923076924
-0.14686523076923075
-0.154584
-0.14060676923076923
-0.09095630769230768
-0.01272553846153846
0.09179076923076923
0.20360861538461536
0.30270092307692303
0.3805144615384615
0.41618769230769226
0.41431015384615383
0.35610646153846154
0.2415766153846154
0.09512861538461538
-0.047772923076923074
-0.16188553846153847
-0.25701415384615384
-0.3072904615384615
-0.30937661538461536
-0.2632726153846154
-0.16313723076923078
-0.025659692307692307
0.13080184615384613
0.2557624615384615
0.32502276923076917
0.34943076923076927
0.3314898461538462
0.28121353846153846
0.19526400000000002
0.08302892307692307
-0.031709538461538456
-0.13267938461538462
-0.19463815384615382
-0.21696000000000001
-0.20694646153846152
-0.1693956923076923
-0.11682461538461539
-0.03379569230769231
0.06967753846153846
0.16418030769230768
0.23531815384615382
0.25805723076923076
0.25764
0.23844738461538462
0.19839323076923077
0.16418030769230768
0.11619876923076923
0.06008123076923077
0.0012516923076923076
-0.04985907692307692
-0.07301538461538462
-0.08469784615384615
-0.09450276923076922
-0.10597661538461538
-0.11974523076923077
-0.12558646153846154
-0.12683815384615382
-0.1207883076923077
-0.1136953846153846
-0.1316363076923077
-0.16730953846153845
-0.19881046153846152
-0.24595753846153845
-0.29039261538461536
-0.26368984615384616
-0.1927606153846154
-0.053614153846153846
0.143736
0.3617390769230769
0.5816196923076923
0.7286935384615385
0.8175636923076922
0.8217359999999999
0.676956923076923
0.4337113846153846
0.16710092307692306
-0.1178676923076923
-0.3425464615384616
-0.5021372307692308
-0.612912
-0.6316873846153847
-0.565764923076923
-0.38426953846153844
-0.15604430769230768
0.08031692307692308
0.27599815384615384
0.3988726153846154
0.47021907692307696
0.4222375384615385
0.32543999999999995
0.138312
-0.12579507692307693
-0.3235624615384615
-0.49316676923076924
-0.5403138461538461
-0.4743913846153846
-0.3740473846153846
-0.1779489230769231
-0.011891076923076923
0.11348676923076922
0.24658338461538462
0.27412061538461535
0.2572227692307692
0.18316430769230768
0.07405846153846153
0.03942830769230769
0.03859384615384615
0.11411261538461538
0.200688
0.233232
0.24032492307692307
0.18796246153846152
0.12850707692307692
0.05444861538461539
-0.06195876923076923
-0.16647507692307692
-0.2789187692307692
-0.3448412307692308
-0.34275507692307694
-0.34275507692307694
-0.30374399999999996
-0.2509643076923077
-0.1794092307692308
-0.03901107692307692
0.1070196923076923
0.2532590769230769
0.3692492307692308
0.3884418461538462
0.34651015384615386
0.23886461538461537
0.06404492307692307
-0.15520984615384617
-0.3942830769230769
-0.5747353846153846
-0.6594332307692308
-0.6216738461538461
-0.47126215384615383
-0.2374043076923077
0.030875076923076922
0.2689052307692308
0.47960676923076917
0.6210479999999999
0.6565126153846153
0.6008123076923076
0.4577021538461538
0.25451076923076926
0.04672984615384615
-0.14603076923076924
-0.29748553846153847
-0.4049224615384615
-0.47376553846153846
-0.46583815384615385
-0.39928984615384616
-0.2670276923076923
-0.10722830769230769
0.03588184615384615
0.16334584615384617
0.24199384615384617
0.27704123076923076
0.24908676923076922
0.16730953846153845
0.05590892307692308
-0.08782707692307692
-0.2127876923076923
-0.2999889230769231
-0.33962584615384617
-0.31000246153846156
-0.23761292307692305
-0.13998092307692306
-0.012934153846153845
0.10785415384615385
0.2056947692307692
0.26535876923076923
0.2699483076923077
0.2557624615384615
0.22989415384615383
0.20027076923076922
0.1635544615384615
0.12454338461538461
0.10201292307692307
0.08386338461538462
0.09846646153846153
0.12600369230769232
0.1531236923076923
0.16730953846153845
0.14582215384615385
0.12204
0.08219446153846154
0.01981846153846154
-0.040679999999999994
-0.09909230769230769
-0.14811692307692306
-0.15917353846153848
-0.1424843076923077
-0.09846646153846153
-0.029623384615384614
0.030040615384615384
0.0853236923076923
0.11974523076923077
0.13038461538461538
0.1045163076923077
0.03400430769230769
-0.044435076923076924
-0.13914646153846155
-0.21445661538461538
-0.2568055384615385
-0.28768061538461537
-0.2822566153846154
-0.2628553846153846
-0.21800307692307694
-0.13351384615384615
-0.04380923076923077
0.06154153846153846
0.146448
0.1990190769230769
0.24324553846153843
0.2399076923076923
0.21633415384615384
0.1666836923076923
0.08720123076923077
0.02482523076923077
-0.02858030769230769
-0.05382276923076923
-0.05611753846153846
-0.05027630769230769
-0.03421292307692308
-0.018775384615384614
-0.004798153846153846
-0.0012516923076923076
-0.01668923076923077
-0.0448523076923077
-0.0855323076923077
-0.12350030769230769
-0.1287156923076923
-0.11682461538461539
-0.08866153846153846
-0.05382276923076923
-0.01981846153846154
0.03859384615384615
0.100344
0.1612596923076923
0.21362215384615382
0.2369870769230769
0.233232
0.1908830769230769
0.12934153846153845
0.046104
-0.06195876923076923
-0.15145476923076923
-0.208824
-0.22008923076923076
-0.1779489230769231
-0.09930092307692308
0.0033378461538461535
0.10409907692307692
0.1858763076923077
0.23052
0.21988061538461537
0.17398523076923075
0.08302892307692307
-0.03859384615384615
-0.1504116923076923
-0.24616615384615384
-0.3012406153846154
-0.3148006153846154
-0.28121353846153846
-0.19755876923076923
-0.08177723076923075
0.049233230769230765
0.16772676923076923
0.2620209230769231
0.31772123076923076
0.32731753846153844
0.2937304615384615
0.214248
0.11056615384615384
-0.0004172307692307692
-0.11807630769230769
-0.20423446153846153
-0.24554030769230767
-0.24762646153846155
-0.20110523076923076
-0.11870215384615385
-0.014603076923076923
0.10055261538461538
0.1992276923076923
0.26222953846153846
0.2849686153846154
0.2689052307692308
0.22634769230769228
0.1506203076923077
0.05653476923076922
-0.04130584615384615
-0.12913292307692306
-0.18253846153846154
-0.20527753846153846
-0.19693292307692306
-0.16647507692307692
-0.12767261538461538
-0.07781353846153846
-0.021696
0.03859384615384615
0.08887015384615385
0.100344
0.084072
0.06362769230769232
0.045895384615384616
0.03629907692307692
0.03692492307692308
0.04693846153846153
0.06195876923076923
0.08365476923076923
0.11056615384615384
0.13935507692307691
0.14978584615384616
0.1218313846153846
0.0771876923076923
0.03024923076923077
0.0018775384615384615
-0.0014603076923076922
0.015437538461538461
0.05611753846153846
0.1028473846153846
0.154584
0.2127876923076923
0.26222953846153846
0.2814221538461538
0.25659692307692306
0.19359507692307693
0.10806276923076923
0.016480615384615385
-0.07843938461538462
-0.1696043076923077
-0.23844738461538462
-0.26535876923076923
-0.24282830769230768
-0.1802436923076923
-0.0974233846153846
-0.014185846153846153
0.06884307692307692
0.1502030769230769
0.22697353846153845
0.2789187692307692
0.28851507692307693
0.25284184615384614
0.18232984615384615
0.10597661538461538
0.028163076923076923
-0.03400430769230769
-0.07948246153846153
-0.11432123076923076
-0.124752
-0.103056
-0.059872615384615385
-0.016480615384615385
0.018358153846153843
0.03713353846153846
0.04276615384615385
0.035255999999999996
0.02899753846153846
0.012516923076923077
-0.02524246153846154
-0.06884307692307692
-0.10597661538461538
-0.1097316923076923
-0.0974233846153846
-0.08052553846153847
-0.06154153846153846
-0.04088861538461538
-0.018775384615384614
-0.003963692307692307
0.003755076923076923
-0.011891076923076923
-0.04214030769230769
-0.06717415384615384
-0.08135999999999999
-0.07885661538461539
-0.059872615384615385
-0.03901107692307692
-0.004798153846153846
0.0448523076923077
0.1028473846153846
0.16209415384615386
0.18379015384615385
0.16793538461538463
0.12913292307692306
0.07969107692307692
0.034630153846153845
-0.0077187692307692304
-0.03963692307692308
-0.06321046153846153
-0.07697907692307693
-0.06362769230769232
-0.03024923076923077
0.007301538461538462
0.037967999999999995
0.05090215384615384
0.056951999999999996
0.05319692307692307
0.02753723076923077
-0.013142769230769229
-0.06821723076923077
-0.1314276923076923
-0.17982646153846152
-0.2008966153846154
-0.1908830769230769
-0.165432
-0.12934153846153845
-0.06049846153846154
0.03588184615384615
0.1489513846153846
0.24595753846153845
0.2966510769230769
0.30937661538461536
0.2764153846153846
0.2205064615384615
0.14999446153846155
0.059872615384615385
-0.03275261538461539
-0.12308307692307692
-0.17398523076923075
-0.18399876923076922
-0.16626646153846153
-0.12767261538461538
-0.08386338461538462
-0.029206153846153847
0.029623384615384614
0.09053907692307692
0.14060676923076923
0.15604430769230768
0.13622584615384614
0.09909230769230769
0.05382276923076923
0.011056615384615385
-0.03421292307692308
-0.08365476923076923
-0.12850707692307692
-0.1597993846153846
-0.1612596923076923
-0.14185846153846154
-0.10764553846153846
-0.08010830769230769
-0.05945538461538461
-0.026911384615384615
0.012099692307692308
0.05611753846153846
0.08720123076923077
0.09846646153846153
0.09450276923076922
0.08594953846153845
0.08720123076923077
0.07405846153846153
0.040262769230769234
-0.0050067692307692304
-0.05674338461538461
-0.09408553846153846
-0.11098338461538461
-0.10827138461538462
-0.09763200000000001
-0.07677046153846154
-0.04276615384615385
0.0025033846153846152
0.05653476923076922
0.10389046153846154
0.14039815384615384
0.15833907692307692
0.16063384615384615
0.15562707692307692
0.14269292307692305
0.11348676923076922
0.05924676923076923
-0.008136
-0.06988615384615385
-0.12662953846153846
-0.17315076923076922
-0.20360861538461536
-0.21925476923076925
-0.20715507692307691
-0.15520984615384617
-0.06633969230769231
0.03921969230769231
0.1395636923076923
0.2221753846153846
0.28663753846153844
0.3193901538461538
0.3193901538461538
0.28163076923076924
0.2059033846153846
0.11327815384615383
0.01397723076923077
-0.06759138461538462
-0.12579507692307693
-0.16271999999999998
-0.17815753846153848
-0.17398523076923075
-0.14436184615384615
-0.09930092307692308
-0.049233230769230765
-0.006258461538461538
0.020652923076923076
0.03650769230769231
0.04130584615384615
0.03942830769230769
0.028788923076923077
0.006675692307692307
-0.026494153846153844
-0.061124307692307686
-0.08073415384615384
-0.09053907692307692
-0.09512861538461538
-0.10347323076923076
-0.1097316923076923
-0.10430769230769231
-0.09575446153846154
-0.086784
-0.08761846153846153
-0.09304246153846155
-0.08907876923076924
-0.07593599999999999
-0.05590892307692308
-0.047772923076923074
-0.04088861538461538
-0.05611753846153846
-0.07510153846153846
-0.03358707692307692
0.024408000000000003
0.10618523076923077
0.18712800000000002
0.23636123076923077
0.2970683076923077
0.32961230769230765
0.33670523076923076
0.30144923076923075
0.19797599999999999
0.10055261538461538
-0.014603076923076923
-0.11098338461538461
-0.19067446153846154
-0.27620676923076926
-0.30854215384615385
-0.3279433846153846
-0.2705741538461538
-0.17711446153846155
-0.07343261538461537
0.07823076923076923
0.18066092307692305
0.2701569230769231
0.30708184615384615
0.28121353846153846
0.23093723076923076
0.1045163076923077
-0.031709538461538456
-0.18191261538461537
-0.31041969230769234
-0.37321292307692305
-0.3861470769230769
-0.3158436923076923
-0.20444307692307692
-0.07364123076923076
0.07238953846153846
0.19672430769230767
0.2993630769230769
0.3440067692307692
0.3160523076923077
0.27704123076923076
0.21007569230769232
0.14018953846153845
0.06800861538461538
-0.021487384615384613
-0.08740984615384616
-0.14686523076923075
-0.18379015384615385
-0.20339999999999997
-0.214248
-0.200688
-0.1543753846153846
-0.08302892307692307
-0.008761846153846153
0.05194523076923077
0.09325107692307691
0.130176
0.17148184615384612
0.20423446153846153
0.21842030769230766
0.22342707692307692
0.2225926153846154
0.21612553846153845
0.20173107692307693
0.15145476923076923
0.07948246153846153
0.003129230769230769
-0.10222153846153846
-0.1873366153846154
-0.23135446153846154
-0.23782153846153845
-0.19296923076923078
-0.10660246153846153
0.01981846153846154
0.16751815384615384
0.3072904615384615
0.4182738461538461
0.48064984615384615
0.4612486153846154
0.3738387692307692
0.24095076923076922
0.0826116923076923
-0.07885661538461539
-0.23510953846153848
-0.3538116923076923
-0.4188996923076923
-0.4151446153846154
-0.35860984615384617
-0.2563883076923077
-0.11056615384615384
0.04047138461538462
0.19442953846153843
0.3327415384615385
0.4124326153846154
0.4395526153846154
0.40888615384615384
0.3160523076923077
0.19505538461538463
0.05507446153846154
-0.07238953846153846
-0.17732307692307692
-0.24512307692307692
-0.2582658461538461
-0.2238443076923077
-0.13643446153846153
-0.027745846153846152
0.08720123076923077
0.17628
0.2288510769230769
0.26118646153846153
0.2601433846153846
0.24345415384615382
0.20965846153846154
0.14916
0.100344
0.059872615384615385
0.02545107692307692
0.01043076923076923
-0.007301538461538462
-0.026911384615384615
-0.04214030769230769
-0.05069353846153846
-0.055491692307692304
-0.07218092307692307
-0.0963803076923077
-0.11181784615384616
-0.10868861538461538
-0.09012184615384615
-0.05736923076923077
-0.013560000000000001
0.026076923076923077
0.07030338461538461
0.1097316923076923
0.13351384615384615
0.13893784615384613
0.11578153846153846
0.07405846153846153
0.019609846153846155
-0.04902461538461538
-0.13247076923076923
-0.21174461538461536
-0.27704123076923076
-0.3160523076923077
-0.3137575384615385
-0.28267384615384616
-0.22029784615384615
-0.13601723076923075
-0.04944184615384615
0.028163076923076923
0.09262523076923077
0.13309661538461537
0.1353913846153846
0.10743692307692307
0.05298830769230769
-0.019192615384615384
-0.08198584615384615
-0.13747753846153846
-0.17481969230769231
-0.17481969230769231
-0.15667015384615385
-0.10889723076923077
-0.053614153846153846
-0.007510153846153846
0.026285538461538457
0.028163076923076923
0.024199384615384616
0.011473846153846154
-0.00855323076923077
-0.033169846153846154
-0.06675692307692307
-0.08824430769230769
-0.09116492307692307
-0.07259815384615384
-0.040054153846153843
-0.006675692307692307
0.03859384615384615
0.08135999999999999
0.12412615384615384
0.16084246153846155
0.1614683076923077
0.14081538461538462
0.09700615384615385
0.03942830769230769
-0.018358153846153843
-0.07906523076923076
-0.132888
-0.1718990769230769
-0.18858830769230767
-0.17002153846153847
-0.10681107692307691
-0.017315076923076923
0.08115138461538463
0.16209415384615386
0.22134092307692307
0.26076923076923075
0.2651501538461538
0.2415766153846154
0.18107815384615383
0.10096984615384616
0.02023569230769231
-0.04714707692307692
-0.08636676923076922
-0.1136953846153846
-0.11411261538461538
-0.08615815384615384
-0.028163076923076923
0.059038153846153844
0.14540492307692307
0.21195323076923075
0.235944
0.2238443076923077
0.2059033846153846
0.18900553846153845
0.1570873846153846
0.10117846153846152
0.02795446153846154
-0.04172307692307692
-0.09721476923076922
-0.13205353846153844
-0.14707384615384617
-0.15270646153846154
-0.14519630769230768
-0.12558646153846154
-0.08761846153846153
-0.0446436923076923
-0.012516923076923077
0.008136
0.014394461538461538
0.01668923076923077
0.022947692307692308
0.025659692307692307
0.015020307692307692
-0.005632615384615384
-0.021070153846153846
-0.022530461538461537
-0.018358153846153843
-0.01668923076923077
-0.027328615384615382
-0.054240000000000003
-0.08511507692307693
-0.11286092307692308
-0.13622584615384614
-0.1558356923076923
-0.16730953846153845
-0.15500123076923078
-0.11390399999999999
-0.04735569230769231
0.03629907692307692
0.11682461538461539
0.17315076923076922
0.2073636923076923
0.21737723076923077
0.21195323076923075
0.18796246153846152
0.12329169230769231
0.040679999999999994
-0.046104
-0.11098338461538461
-0.14999446153846155
-0.16730953846153845
-0.15270646153846154
-0.11807630769230769
-0.05716061538461538
0.01940123076923077
0.10430769230769231
0.1792006153846154
0.22447015384615385
0.24700061538461537
0.2503384615384615
0.2355267692307692
0.19588984615384614
0.13184492307692308
0.05069353846153846
-0.03108369230769231
-0.10138707692307691
-0.14060676923076923
-0.15082892307692305
-0.14853415384615384
-0.12955015384615384
-0.09304246153846155
-0.03108369230769231
0.03421292307692308
0.08386338461538462
0.11640738461538462
0.12955015384615384
0.12662953846153846
0.11891076923076922
0.100344
0.059872615384615385
0.0035464615384615383
-0.059038153846153844
-0.10639384615384614
-0.13455692307692307
-0.1502030769230769
-0.15374953846153847
-0.13706030769230768
-0.09387692307692307
-0.033169846153846154
0.032544
0.08699261538461538
0.11724184615384614
0.1356
0.1395636923076923
0.1397723076923077
0.127464
0.09095630769230768
0.04819015384615385
-0.005215384615384615
-0.04902461538461538
-0.08115138461538463
-0.11390399999999999
-0.13789476923076924
-0.15541846153846153
-0.15792184615384616
-0.13935507692307691
-0.10430769230769231
-0.059872615384615385
-0.029206153846153847
-0.00855323076923077
0.007301538461538462
0.02023569230769231
0.035464615384615386
0.03838523076923077
0.026911384615384615
0.01272553846153846
0.0035464615384615383
0.003963692307692307
0.006049846153846154
0.005215384615384615
-0.0008344615384615384
-0.016063384615384615
-0.021278769230769233
-0.014185846153846153
-0.0043809230769230765
0.0016689230769230767
0.009387692307692307
0.03108369230769231
0.05799507692307692
0.09241661538461539
0.12412615384615384
0.146448
0.16835261538461538
0.1910916923076923
0.2209236923076923
0.2426196923076923
0.24303692307692307
0.2292683076923077
0.19964492307692308
0.16167692307692308
0.12037107692307693
0.06967753846153846
0.015646153846153844
-0.041514461538461535
-0.09053907692307692
-0.10889723076923077
-0.10159569230769232
-0.07510153846153846
-0.035464615384615386
0.00855323076923077
0.056326153846153845
0.10639384615384614
0.14686523076923075
0.16584923076923075
0.15959076923076923
0.12683815384615382
0.08615815384615384
0.03629907692307692
-0.01856676923076923
-0.07343261538461537
-0.13226215384615383
-0.165432
-0.16772676923076923
-0.13998092307692306
-0.09930092307692308
-0.052571076923076915
-0.0022947692307692304
0.03629907692307692
0.07113784615384615
0.09116492307692307
0.09471138461538461
0.07197230769230768
0.03400430769230769
-0.004798153846153846
-0.04109723076923077
-0.06362769230769232
-0.08156861538461539
-0.09074769230769231
-0.09429415384615383
-0.0880356923076923
-0.07802215384615384
-0.08344615384615384
-0.0988836923076923
-0.11306953846153844
-0.116616
-0.10201292307692307
-0.06800861538461538
-0.023364923076923075
0.02482523076923077
0.07593599999999999
0.12683815384615382
0.17419384615384614
0.19964492307692308
0.19442953846153843
0.16084246153846155
0.103056
0.02482523076923077
-0.06049846153846154
-0.132888
-0.19588984615384614
-0.23531815384615382
-0.2509643076923077
-0.23260615384615385
-0.1760713846153846
-0.09846646153846153
-0.015854769230769228
0.059664
0.12808984615384614
0.17315076923076922
0.20047938461538461
0.20173107692307693
0.16710092307692306
0.10514215384615383
0.033169846153846154
-0.03337846153846154
-0.08949599999999999
-0.12704676923076924
-0.14603076923076924
-0.14457046153846154
-0.11536430769230768
-0.061750153846153844
-0.0006258461538461538
0.05945538461538461
0.11056615384615384
0.14707384615384617
0.173568
0.18379015384615385
0.17252492307692308
0.15103753846153847
0.11891076923076922
0.08574092307692306
0.05945538461538461
0.04318338461538461
0.025033846153846153
-0.002712
-0.026076923076923077
-0.044435076923076924
-0.051319384615384614
-0.05820369230769231
-0.052153846153846155
-0.042348923076923076
-0.03275261538461539
-0.03567323076923076
-0.06404492307692307
-0.09325107692307691
-0.1449876923076923
-0.192552
-0.2492953846153846
-0.2822566153846154
-0.27286892307692306
-0.2090326153846154
-0.09283384615384616
0.10055261538461538
0.32898646153846156
0.4282873846153846
0.5751526153846154
0.6479593846153846
0.6429526153846153
0.6081138461538461
0.3752990769230769
0.1368516923076923
-0.19526400000000002
-0.47960676923076917
-0.6750793846153846
-0.8676313846153846
-0.89496
-0.8715950769230769
-0.6567212307692307
-0.3137575384615385
0.06633969230769231
0.5252935384615384
0.8382166153846153
1.0825052307692307
1.1857698461538462
1.088555076923077
0.9018443076923077
0.5096473846153846
0.07259815384615384
-0.3481790769230769
-0.8037950769230768
-1.0503784615384615
-1.1582326153846154
-1.1294436923076923
-0.9028873846153846
-0.6400319999999999
-0.265776
0.12433476923076923
0.4775206153846153
0.8171464615384615
0.9894627692307691
1.034315076923077
0.9381433846153846
0.7178455384615384
0.45332123076923075
0.08866153846153846
-0.2853858461538461
-0.6206307692307692
-0.8957944615384614
-1.0074036923076921
-1.0190861538461538
-0.9095630769230768
-0.6771655384615384
-0.40930338461538457
-0.0717636923076923
0.2532590769230769
0.5146541538461539
0.7468430769230768
0.8565747692307693
0.886824
0.843432
0.6890566153846153
0.4873255384615384
0.2154996923076923
-0.07885661538461539
-0.37237846153846155
-0.6379458461538461
-0.8156861538461538
-0.9043476923076923
-0.8632504615384615
-0.7270246153846154
-0.5127766153846154
-0.18545907692307692
0.17023015384615386
0.5300916923076923
0.8488559999999999
1.0366098461538462
1.121724923076923
1.0516301538461539
0.8578264615384615
0.5734836923076922
0.1856676923076923
-0.1992276923076923
-0.5674338461538462
-0.8611643076923077
-1.0357753846153845
-1.109208
-1.0351495384615383
-0.8282030769230768
-0.5167403076923076
-0.13998092307692306
0.2509643076923077
0.6341907692307692
0.92208
1.060392
1.064772923076923
0.9001753846153846
0.6193790769230769
0.2751636923076923
-0.12204
-0.482736
-0.7793870769230768
-0.9625513846153846
-1.0019796923076922
-0.9337624615384615
-0.7368295384615384
-0.43642338461538455
-0.07948246153846153
0.2981113846153846
0.6235513846153846
0.862416
0.9788233846153845
0.9744424615384616
0.882025846153846
0.6840498461538461
0.42182030769230766
0.11911938461538461
-0.18525046153846153
-0.42244615384615386
-0.5895470769230768
-0.656304
-0.6362769230769231
-0.5670166153846153
-0.4280787692307692
-0.241368
-0.03880246153846154
0.1597993846153846
0.31500923076923076
0.42265476923076917
0.4889944615384615
0.5038061538461538
0.46542092307692307
0.3600701538461538
0.19985353846153847
0.01272553846153846
-0.17440246153846153
-0.317304
-0.4178566153846154
-0.4762689230769231
-0.5027630769230769
-0.5004683076923077
-0.43308553846153847
-0.3243969230769231
-0.18754523076923074
-0.043392
0.05736923076923077
0.14457046153846154
0.2303113846153846
0.3079163076923077
0.37550769230769226
0.3880246153846154
0.34963938461538463
0.27850153846153847
0.19380369230769232
0.11286092307692308
0.018983999999999997
-0.07218092307692307
-0.15646153846153846
-0.21842030769230766
-0.22342707692307692
-0.19067446153846154
-0.12934153846153845
-0.05277969230769231
0.010013538461538461
0.08302892307692307
0.15395815384615386
0.21466523076923077
0.26097784615384617
0.2568055384615385
0.22634769230769228
0.17565415384615385
0.12391753846153845
0.08720123076923077
0.03880246153846154
-0.011891076923076923
-0.06154153846153846
-0.08323753846153846
-0.06592246153846154
-0.03942830769230769
-0.018983999999999997
-0.016480615384615385
-0.024616615384615383
-0.026076923076923077
-0.018358153846153843
-0.007927384615384614
-0.0025033846153846152
-0.014603076923076923
-0.02211323076923077
-0.015228923076923076
0.008761846153846153
0.04130584615384615
0.05590892307692308
0.07927384615384615
0.11140061538461538
0.13998092307692306
0.16438892307692307
0.16438892307692307
0.13768615384615385
0.09262523076923077
0.03024923076923077
-0.02315630769230769
-0.06592246153846154
-0.1028473846153846
-0.12496061538461539
-0.12162276923076921
-0.06300184615384616
0.026076923076923077
0.12600369230769232
0.2125790769230769
0.26494153846153845
0.2872633846153846
0.26786215384615386
0.21696000000000001
0.1289243076923077
0.011056615384615385
-0.11202646153846153
-0.2154996923076923
-0.2782929230769231
-0.2906012307692308
-0.26118646153846153
-0.20319138461538463
-0.10994030769230768
0.0
0.10806276923076923
0.19588984615384614
0.23281476923076924
0.2221753846153846
0.17586276923076924
0.10055261538461538
0.01272553846153846
-0.078648
-0.16167692307692308
-0.23260615384615385
-0.2768326153846154
-0.2872633846153846
-0.2682793846153846
-0.22864246153846152
-0.18086953846153844
-0.12433476923076923
-0.07572738461538461
-0.026076923076923077
0.017315076923076923
0.03504738461538461
0.046104
0.04631261538461538
0.047772923076923074
0.05319692307692307
0.04819015384615385
0.040262769230769234
0.031709538461538456
0.025659692307692307
0.023782153846153845
0.01668923076923077
0.003129230769230769
-0.016063384615384615
-0.04214030769230769
-0.06467076923076923
-0.08198584615384615
-0.07927384615384615
-0.048816000000000005
-0.009804923076923077
0.04172307692307692
0.10076123076923077
0.14811692307692306
0.17502830769230768
0.17982646153846152
0.1612596923076923
0.11265230769230769
0.04568676923076923
-0.028163076923076923
-0.10243015384615384
-0.1652233846153846
-0.1992276923076923
-0.19839323076923077
-0.16105107692307694
-0.0974233846153846
-0.017523692307692306
0.06821723076923077
0.13914646153846155
0.19296923076923078
0.21174461538461536
0.18900553846153845
0.1316363076923077
0.05173661538461538
-0.028788923076923077
-0.09283384615384616
-0.130176
-0.14331876923076922
-0.12162276923076921
-0.08115138461538463
-0.021278769230769233
0.05528307692307692
0.116616
0.16209415384615386
0.17565415384615385
0.173568
0.16689230769230767
0.1422756923076923
0.10764553846153846
0.061124307692307686
0.009179076923076922
-0.03337846153846154
-0.055491692307692304
-0.06675692307692307
-0.06946892307692307
-0.07155507692307693
-0.06738276923076922
-0.052153846153846155
-0.02899753846153846
0.0025033846153846152
0.028163076923076923
0.06195876923076923
0.08761846153846153
0.10430769230769231
0.11473846153846154
0.0855323076923077
0.04109723076923077
-0.016480615384615385
-0.07510153846153846
-0.11244369230769231
-0.14394461538461537
-0.1558356923076923
-0.1424843076923077
-0.11327815384615383
-0.06529661538461538
0.005841230769230769
0.08469784615384615
0.15103753846153847
0.19380369230769232
0.21925476923076925
0.22447015384615385
0.2059033846153846
0.1666836923076923
0.09533723076923077
0.017315076923076923
-0.06133292307692308
-0.124752
-0.15604430769230768
-0.1693956923076923
-0.14749107692307692
-0.10076123076923077
-0.03108369230769231
0.06341907692307691
0.15354092307692307
0.23052
0.27599815384615384
0.28017046153846153
0.25701415384615384
0.20360861538461536
0.127464
0.03358707692307692
-0.06467076923076923
-0.1435273846153846
-0.19881046153846152
-0.20715507692307691
-0.18545907692307692
-0.14978584615384616
-0.09283384615384616
-0.034630153846153845
0.03567323076923076
0.09846646153846153
0.13935507692307691
0.16501476923076921
0.16105107692307694
0.14582215384615385
0.12120553846153845
0.078648
0.032544
-0.017315076923076923
-0.06884307692307692
-0.10159569230769232
-0.12204
-0.1314276923076923
-0.13768615384615385
-0.15208061538461537
-0.15792184615384616
-0.1558356923076923
-0.13706030769230768
-0.11140061538461538
-0.09095630769230768
-0.07760492307692309
-0.06154153846153846
-0.02795446153846154
0.004589538461538461
0.033169846153846154
0.055491692307692304
0.05757784615384615
0.04047138461538462
0.0022947692307692304
-0.04693846153846153
-0.10117846153846152
-0.16438892307692307
-0.20861538461538462
-0.22008923076923076
-0.20152246153846154
-0.15604430769230768
-0.10117846153846152
-0.03504738461538461
0.03421292307692308
0.09992676923076924
0.16105107692307694
0.19588984615384614
0.19985353846153847
0.17565415384615385
0.12955015384615384
0.08615815384615384
0.04214030769230769
-0.005841230769230769
-0.046104
-0.08031692307692308
-0.0892873846153846
-0.07781353846153846
-0.056951999999999996
-0.02753723076923077
0.0029206153846153843
0.03942830769230769
0.08094276923076923
0.13476553846153844
0.18983999999999998
0.22467876923076924
0.23448369230769228
0.22864246153846152
0.22697353846153845
0.22342707692307692
0.20193969230769232
0.16334584615384617
0.11432123076923076
0.06300184615384616
0.012308307692307691
-0.03024923076923077
-0.05924676923076923
-0.08448923076923077
-0.10138707692307691
-0.08657538461538461
-0.04380923076923077
0.011891076923076923
0.07468430769230769
0.1314276923076923
0.1860849230769231
0.23385784615384617
0.2641070769230769
0.26160369230769226
0.21487384615384614
0.14081538461538462
0.04631261538461538
-0.04631261538461538
-0.12099692307692309
-0.18253846153846154
-0.21487384615384614
-0.21842030769230766
-0.17544553846153846
-0.0974233846153846
-0.016480615384615385
0.05194523076923077
0.08031692307692308
0.1045163076923077
0.1136953846153846
0.10389046153846154
0.07051199999999999
0.011891076923076923
-0.04714707692307692
-0.06738276923076922
-0.05820369230769231
0.03629907692307692
0.16438892307692307
0.09909230769230769
0.08448923076923077
0.05507446153846154
0.015020307692307692
0.08699261538461538
-0.049233230769230765
-0.18712800000000002
-0.34880492307692307
-0.43392000000000003
-0.32210215384615387
-0.2845513846153846
-0.20632061538461538
-0.2059033846153846
-0.12704676923076924
0.08511507692307693
0.23782153846153845
0.4053396923076923
0.33524492307692305
0.1860849230769231
0.08115138461538463
-0.0897046153846154
-0.12955015384615384
-0.24658338461538462
-0.3750904615384615
-0.37425600000000003
-0.45311261538461534
-0.35256
-0.19004861538461537
-0.09763200000000001
0.0798996923076923
0.1178676923076923
0.15896492307692306
0.2221753846153846
0.21320492307692307
0.27432923076923077
0.2225926153846154
0.10618523076923077
0.007301538461538462
-0.09554584615384615
-0.09033046153846153
-0.13226215384615383
-0.2021483076923077
-0.24887815384615386
-0.2999889230769231
-0.200688
-0.09471138461538461
-0.037342153846153844
0.031709538461538456
0.04214030769230769
0.1218313846153846
0.22864246153846152
0.2591003076923077
0.30019753846153846
0.27620676923076926
0.23928184615384615
0.2624381538461539
0.2236356923076923
0.15687876923076924
0.040262769230769234
-0.10222153846153846
-0.19338646153846153
-0.268488
-0.2993630769230769
-0.2937304615384615
-0.23406646153846156
-0.13267938461538462
-0.026285538461538457
0.15124615384615384
0.314592
0.4309993846153846
0.5286313846153846
0.5165316923076922
0.4720966153846154
0.3767593846153846
0.21174461538461536
0.06216738461538462
-0.14269292307692305
-0.30019753846153846
-0.3717526153846154
-0.41660492307692304
-0.38426953846153844
-0.3344104615384615
-0.23239753846153846
-0.05277969230769231
0.1316363076923077
0.29498215384615384
0.3790541538461539
0.42494953846153843
0.44977476923076926
0.404088
0.3248141538461538
0.17732307692307692
0.003963692307692307
-0.10889723076923077
-0.21132738461538458
-0.2438713846153846
-0.2157083076923077
-0.19359507692307693
-0.11306953846153844
-0.03629907692307692
0.04965046153846154
0.16897846153846155
0.23782153846153845
0.28204799999999997
0.2776670769230769
0.23156307692307693
0.17502830769230768
0.09846646153846153
0.04276615384615385
-0.025659692307692307
-0.08469784615384615
-0.11077476923076923
-0.1353913846153846
-0.10159569230769232
-0.07051199999999999
-0.051319384615384614
-0.0043809230769230765
-0.0002086153846153846
0.02545107692307692
0.06675692307692307
0.053405538461538456
0.021278769230769233
-0.04318338461538461
-0.08761846153846153
-0.06884307692307692
-0.05277969230769231
-0.028371692307692306
-0.015437538461538461
-0.018775384615384614
-0.0014603076923076922
0.0077187692307692304
0.021278769230769233
0.011056615384615385
-0.02044430769230769
-0.0446436923076923
-0.07635323076923077
-0.07259815384615384
-0.06195876923076923
-0.05048492307692308
-0.011682461538461537
0.0029206153846153843
0.02044430769230769
0.03671630769230769
0.026494153846153844
0.03880246153846154
0.02211323076923077
-0.01940123076923077
-0.03692492307692308
-0.04652123076923077
-0.025659692307692307
-0.005632615384615384
0.0002086153846153846
0.014394461538461538
0.023364923076923075
0.03775938461538462
0.04422646153846154
0.037967999999999995
0.037967999999999995
0.017523692307692306
0.005841230769230769
0.0012516923076923076
-0.014185846153846153
-0.008970461538461538
-0.015228923076923076
-0.0008344615384615384
0.02086153846153846
0.022530461538461537
0.04735569230769231
0.07656184615384615
0.10639384615384614
0.12391753846153845
0.1289243076923077
0.1353913846153846
0.12767261538461538
0.1028473846153846
0.054657230769230764
-0.02273907692307692
-0.10472492307692308
-0.17023015384615386
-0.19839323076923077
-0.19651569230769228
-0.18149538461538461
-0.13726892307692307
-0.07802215384615384
-0.0050067692307692304
0.07614461538461538
0.13080184615384613
0.15792184615384616
0.15208061538461537
0.11098338461538461
0.06425353846153846
0.010639384615384617
-0.050067692307692306
-0.0892873846153846
-0.11911938461538461
-0.13664307692307692
-0.12850707692307692
-0.09950953846153845
-0.04276615384615385
0.013560000000000001
0.06154153846153846
0.10493353846153847
0.14540492307692307
0.1785747692307692
0.1775316923076923
0.1489513846153846
0.0963803076923077
0.03880246153846154
0.003963692307692307
-0.02044430769230769
-0.027120000000000002
-0.02858030769230769
-0.042974769230769226
-0.03233538461538461
-0.005215384615384615
0.02273907692307692
0.028163076923076923
-0.013560000000000001
-0.058412307692307694
-0.103056
-0.13872923076923074
-0.14916
-0.14957723076923077
-0.1358086153846154
-0.11348676923076922
-0.06633969230769231
-0.002086153846153846
0.05924676923076923
0.111192
0.12662953846153846
0.11160923076923077
0.07948246153846153
0.03296123076923077
-0.02357353846153846
-0.0826116923076923
-0.13726892307692307
-0.17398523076923075
-0.16751815384615384
-0.12433476923076923
-0.05194523076923077
0.035255999999999996
0.11223507692307692
0.18107815384615383
0.2371956923076923
0.26640184615384616
0.2532590769230769
0.19359507692307693
0.10368184615384615
0.011891076923076923
-0.07384984615384615
-0.13038461538461538
-0.16313723076923078
-0.19004861538461537
-0.1783661538461538
-0.1341396923076923
-0.06884307692307692
-0.0016689230769230767
0.04985907692307692
0.0855323076923077
0.10389046153846154
0.11619876923076923
0.1178676923076923
0.10827138461538462
0.07843938461538462
0.029206153846153847
-0.019192615384615384
-0.04547815384615384
-0.05319692307692307
-0.061124307692307686
-0.07510153846153846
-0.08845292307692308
-0.07906523076923076
-0.052153846153846155
-0.017523692307692306
0.008344615384615384
0.026076923076923077
0.042348923076923076
0.05862092307692307
0.08490646153846154
0.10389046153846154
0.10055261538461538
0.08323753846153846
0.06049846153846154
0.03921969230769231
0.010848
-0.035464615384615386
-0.09137353846153846
-0.15750461538461538
-0.21299630769230768
-0.23844738461538462
-0.2273907692307692
-0.18086953846153844
-0.11056615384615384
-0.027745846153846152
0.061750153846153844
0.157296
0.233232
0.2751636923076923
0.2699483076923077
0.21466523076923077
0.13747753846153846
0.05048492307692308
-0.03901107692307692
-0.1316363076923077
-0.21591692307692306
-0.2601433846153846
-0.2517987692307692
-0.1994363076923077
-0.12099692307692309
-0.03379569230769231
0.052153846153846155
0.13121907692307694
0.19651569230769228
0.233232
0.2238443076923077
0.17481969230769231
0.09575446153846154
0.017732307692307693
-0.04401784615384615
-0.09763200000000001
-0.12725538461538463
-0.14790830769230767
-0.15145476923076923
-0.1289243076923077
-0.0974233846153846
-0.06341907692307691
-0.044435076923076924
-0.04318338461538461
-0.03609046153846154
-0.014394461538461538
0.016480615384615385
0.05048492307692308
0.07635323076923077
0.09721476923076922
0.11619876923076923
0.14874276923076923
0.17419384615384614
0.1860849230769231
0.17294215384615383
0.12725538461538463
0.08594953846153845
0.03629907692307692
-0.006049846153846154
-0.04193169230769231
-0.0744756923076923
-0.08156861538461539
-0.06362769230769232
-0.016272
0.042974769230769226
0.11599015384615384
0.18399876923076922
0.24595753846153845
0.31250584615384613
0.3479704615384615
0.3442153846153846
0.29727692307692305
0.20986707692307693
0.1097316923076923
0.010848
-0.07969107692307692
-0.14999446153846155
-0.20444307692307692
-0.23052
-0.21716861538461538
-0.1706473846153846
-0.08574092307692306
0.017940923076923077
0.11432123076923076
0.19338646153846153
0.2618123076923077
0.3054129230769231
0.31000246153846156
0.27787569230769227
0.20402584615384614
0.11619876923076923
0.02524246153846154
-0.059038153846153844
-0.12537784615384615
-0.17481969230769231
-0.1942209230769231
-0.1846246153846154
-0.14999446153846155
-0.09950953846153845
-0.031709538461538456
0.033169846153846154
0.08115138461538463
0.12621230769230768
0.14519630769230768
0.13601723076923075
0.10806276923076923
0.0609156923076923
0.018775384615384614
-0.01981846153846154
-0.06279323076923077
-0.09199938461538461
-0.11494707692307692
-0.1287156923076923
-0.12433476923076923
-0.11870215384615385
-0.09700615384615385
-0.07197230769230768
-0.06362769230769232
-0.04526953846153846
-0.02273907692307692
0.016897846153846156
0.06446215384615385
0.09512861538461538
0.11953661538461538
0.10764553846153846
0.07760492307692309
0.052153846153846155
0.015854769230769228
-0.008970461538461538
-0.035464615384615386
-0.06425353846153846
-0.06800861538461538
-0.07426707692307692
-0.07364123076923076
-0.07092923076923077
-0.07551876923076924
-0.06571384615384615
-0.061124307692307686
-0.054240000000000003
-0.045895384615384616
-0.03984553846153846
-0.025033846153846153
-0.01043076923076923
-0.0012516923076923076
0.0070929230769230765
0.008344615384615384
0.004798153846153846
0.009804923076923077
0.016897846153846156
0.024199384615384616
0.01940123076923077
0.007510153846153846
0.0029206153846153843
-0.005424
-0.010222153846153844
-0.014603076923076923
-0.02211323076923077
-0.03045784615384615
-0.03483876923076923
-0.021487384615384613
-0.00855323076923077
-0.0018775384615384615
-0.012516923076923077
-0.04819015384615385
-0.08302892307692307
-0.07927384615384615
-0.02586830769230769
0.06070707692307692
0.1867107692307692
0.301032
0.4147273846153846
0.5182006153846154
0.552204923076923
0.5303003076923076
0.40700861538461536
0.2426196923076923
0.04088861538461538
-0.13998092307692306
-0.2951907692307692
-0.4720966153846154
-0.5417741538461538
-0.568476923076923
-0.471888
-0.27620676923076926
-0.07677046153846154
0.15562707692307692
0.3252313846153846
0.4783550769230769
0.5519963076923077
0.5077698461538461
0.38656430769230765
0.1733593846153846
-0.047981538461538464
-0.2860116923076923
-0.48294461538461536
-0.5895470769230768
-0.6358596923076922
-0.5555427692307692
-0.3949089230769231
-0.18399876923076922
0.058412307692307694
0.24679199999999998
0.3972036923076923
0.46437784615384614
0.4376750769230769
0.3819747692307692
0.26306399999999996
0.1368516923076923
0.015437538461538461
-0.124752
-0.22780799999999998
-0.3187643076923077
-0.36799753846153843
-0.3698750769230769
-0.360696
-0.31855569230769226
-0.2426196923076923
-0.132888
-0.012308307692307691
0.06654830769230768
0.10910584615384614
0.12433476923076923
0.13309661538461537
0.14832553846153845
0.13518276923076925
0.1341396923076923
0.1395636923076923
0.14603076923076924
0.17023015384615386
0.16271999999999998
0.116616
0.04172307692307692
-0.07364123076923076
-0.17565415384615385
-0.25346769230769234
-0.3068732307692308
-0.290184
-0.22175815384615383
-0.0892873846153846
0.05319692307692307
0.18712800000000002
0.30207507692307695
0.34943076923076927
0.3542289230769231
0.2858030769230769
0.18170399999999998
0.07781353846153846
-0.04380923076923077
-0.1476996923076923
-0.23844738461538462
-0.28934953846153844
-0.2699483076923077
-0.235944
-0.18253846153846154
-0.10910584615384614
-0.030875076923076922
0.07739630769230768
0.1860849230769231
0.26765353846153844
0.29748553846153847
0.2891409230769231
0.2655673846153846
0.21028430769230766
0.14081538461538462
0.04756430769230769
-0.046104
-0.1028473846153846
-0.12975876923076923
-0.10618523076923077
-0.051528
0.0012516923076923076
0.06592246153846154
0.11703323076923078
0.1424843076923077
0.15270646153846154
0.11974523076923077
0.06070707692307692
-0.013142769230769229
-0.0961716923076923
-0.15270646153846154
-0.18900553846153845
-0.20131384615384615
-0.19192615384615386
-0.16730953846153845
-0.12016246153846154
-0.07051199999999999
-0.025033846153846153
0.006675692307692307
0.015228923076923076
0.010639384615384617
-0.015437538461538461
-0.042348923076923076
-0.06988615384615385
-0.1097316923076923
-0.13434830769230768
-0.14874276923076923
-0.1435273846153846
-0.11056615384615384
-0.07489292307692308
-0.02899753846153846
0.018983999999999997
0.06425353846153846
0.12204
0.15896492307692306
0.1635544615384615
0.13747753846153846
0.09053907692307692
0.040262769230769234
-0.021904615384615383
-0.07948246153846153
-0.14123261538461537
-0.19046584615384615
-0.19860184615384616
-0.17023015384615386
-0.10347323076923076
-0.03066646153846154
0.03296123076923077
0.10138707692307691
0.1612596923076923
0.20423446153846153
0.235944
0.23218892307692307
0.19964492307692308
0.15479261538461536
0.10430769230769231
0.07155507692307693
0.045895384615384616
0.02545107692307692
0.017315076923076923
0.011265230769230769
0.019609846153846155
0.029414769230769227
0.04422646153846154
0.06842584615384616
0.08219446153846154
0.10368184615384615
0.1289243076923077
0.15103753846153847
0.1733593846153846
0.1704387692307692
0.16042523076923076
0.15416676923076922
0.13998092307692306
0.1397723076923077
0.124752
0.08240307692307691
0.03755076923076923
-0.0070929230769230765
-0.0448523076923077
-0.084072
-0.12913292307692306
-0.15938215384615384
-0.16251138461538459
-0.13476553846153844
-0.07551876923076924
0.0022947692307692304
0.07426707692307692
0.1289243076923077
0.17586276923076924
0.19839323076923077
0.19463815384615382
0.16772676923076923
0.11223507692307692
0.05444861538461539
0.0006258461538461538
-0.031918153846153846
-0.04276615384615385
-0.0448523076923077
-0.037967999999999995
-0.02023569230769231
0.017315076923076923
0.06049846153846154
0.09679753846153846
0.11390399999999999
0.10514215384615383
0.08219446153846154
0.049233230769230765
0.00855323076923077
-0.04088861538461538
-0.10347323076923076
-0.15625292307692307
-0.19046584615384615
-0.20110523076923076
-0.17419384615384614
-0.12579507692307693
-0.06571384615384615
-0.005632615384615384
0.04860738461538461
0.09283384615384616
0.10722830769230769
0.08323753846153846
0.02545107692307692
-0.04756430769230769
-0.11578153846153846
-0.17419384615384614
-0.21007569230769232
-0.21612553846153845
-0.19818461538461538
-0.14311015384615386
-0.05507446153846154
0.05194523076923077
0.16063384615384615
0.23636123076923077
0.27599815384615384
0.28476
0.25242461538461536
0.18983999999999998
0.100344
-0.006884307692307692
-0.11306953846153844
-0.20486030769230767
-0.2601433846153846
-0.2799618461538461
-0.26619323076923074
-0.21800307692307694
-0.143736
-0.043392
0.06425353846153846
0.1635544615384615
0.24303692307692307
0.28809784615384615
0.2985286153846154
0.2720344615384615
0.21800307692307694
0.14603076923076924
0.047772923076923074
-0.059038153846153844
-0.15291507692307693
-0.2221753846153846
-0.2497126153846154
-0.24866953846153847
-0.21675138461538462
-0.14832553846153845
-0.05799507692307692
0.04839876923076923
0.1489513846153846
0.23156307692307693
0.2916443076923077
0.3198073846153846
0.3156350769230769
0.2851772307692308
0.23239753846153846
0.16334584615384617
0.0853236923076923
0.0077187692307692304
-0.06195876923076923
-0.12016246153846154
-0.15187199999999998
-0.1639716923076923
-0.1585476923076923
-0.12496061538461539
-0.08094276923076923
-0.018358153846153843
0.05507446153846154
0.11181784615384616
0.16021661538461537
0.19004861538461537
0.19067446153846154
0.1504116923076923
0.08699261538461538
0.01043076923076923
-0.07468430769230769
-0.14582215384615385
-0.19881046153846152
-0.20798953846153845
-0.19985353846153847
-0.17273353846153844
-0.11202646153846153
-0.03671630769230769
0.051528
0.119328
0.16876984615384616
0.20444307692307692
0.20819815384615384
0.18107815384615383
0.127464
0.06049846153846154
-0.003963692307692307
-0.073224
-0.12162276923076921
-0.14916
-0.17252492307692308
-0.1718990769230769
-0.16876984615384616
-0.14936861538461538
-0.11432123076923076
-0.07510153846153846
-0.03233538461538461
-0.008761846153846153
0.009179076923076922
0.01668923076923077
0.020027076923076922
0.02357353846153846
0.01981846153846154
0.007301538461538462
-0.0029206153846153843
0.0004172307692307692
0.005841230769230769
0.009387692307692307
-0.0035464615384615383
-0.02273907692307692
-0.038176615384615385
-0.05048492307692308
-0.058412307692307694
-0.06759138461538462
-0.06154153846153846
-0.04526953846153846
-0.02023569230769231
0.021904615384615383
0.06425353846153846
0.100344
0.11452984615384615
0.10868861538461538
0.100344
0.08198584615384615
0.059872615384615385
0.035464615384615386
0.01043076923076923
-0.01043076923076923
-0.02858030769230769
-0.03609046153846154
-0.03650769230769231
-0.03692492307692308
-0.03609046153846154
-0.03442153846153846
-0.02315630769230769
-0.007510153846153846
0.011056615384615385
0.028788923076923077
0.035464615384615386
0.03859384615384615
0.037342153846153844
0.03379569230769231
0.028371692307692306
0.011265230769230769
-0.009596307692307692
-0.026285538461538457
-0.03984553846153846
-0.042974769230769226
-0.0448523076923077
-0.04839876923076923
-0.04214030769230769
-0.03275261538461539
-0.018358153846153843
-0.0043809230769230765
-0.004798153846153846
-0.008970461538461538
-0.008344615384615384
-0.008136
-0.010639384615384617
-0.020027076923076922
-0.04193169230769231
-0.07009476923076922
-0.0974233846153846
-0.12579507692307693
-0.15500123076923078
-0.18274707692307693
-0.1990190769230769
-0.19526400000000002
-0.17481969230769231
-0.13998092307692306
-0.09012184615384615
-0.02524246153846154
0.03775938461538462
0.09450276923076922
0.14582215384615385
0.17273353846153844
0.17273353846153844
0.14582215384615385
0.09971815384615385
0.040262769230769234
-0.018775384615384614
-0.06863446153846153
-0.10785415384615385
-0.13518276923076925
-0.14728246153846153
-0.12934153846153845
-0.08469784615384615
-0.021278769230769233
0.04214030769230769
0.0988836923076923
0.14853415384615384
0.1858763076923077
0.20339999999999997
0.19046584615384615
0.15646153846153846
0.10076123076923077
0.042557538461538466
-0.004589538461538461
-0.051528
-0.08887015384615385
-0.11995384615384615
-0.13372246153846154
-0.12120553846153845
-0.08240307692307691
-0.017523692307692306
0.04965046153846154
0.10994030769230768
0.16626646153846153
0.2127876923076923
0.23469230769230767
0.23010276923076922
0.19755876923076923
0.13747753846153846
0.06571384615384615
0.0035464615384615383
-0.041514461538461535
-0.07885661538461539
-0.1097316923076923
-0.14144123076923076
-0.15082892307692305
-0.12558646153846154
-0.08177723076923075
-0.01814953846153846
0.03504738461538461
0.08386338461538462
0.13497415384615385
0.18879692307692306
0.2205064615384615
0.20924123076923076
0.1704387692307692
0.07572738461538461
-0.008970461538461538
-0.08782707692307692
-0.1462393846153846
-0.18858830769230767
-0.238656
-0.24512307692307692
-0.21842030769230766
-0.14540492307692307
-0.018983999999999997
0.20673784615384616
0.26160369230769226
0.24595753846153845
0.30332676923076923
0.24512307692307692
0.3156350769230769
0.2369870769230769
-0.0070929230769230765
-0.208824
-0.41535323076923075
-0.3623649230769231
-0.29727692307692305
-0.24428861538461538
-0.2021483076923077
-0.1881710769230769
0.04214030769230769
0.23823876923076923
0.4245323076923077
0.4652123076923077
0.2993630769230769
0.2374043076923077
0.11953661538461538
0.061124307692307686
0.003129230769230769
-0.19797599999999999
-0.24428861538461538
-0.3294036923076923
-0.35276861538461535
-0.19547261538461536
-0.14540492307692307
0.005215384615384615
0.12537784615384615
0.15541846153846153
0.2799618461538461
0.32085046153846153
0.4015846153846154
0.44581107692307687
0.3375396923076923
0.23406646153846156
0.08657538461538461
0.018983999999999997
-0.011265230769230769
-0.11348676923076922
-0.1792006153846154
-0.26306399999999996
-0.23010276923076922
-0.0963803076923077
-0.037342153846153844
0.04756430769230769
0.08490646153846154
0.12683815384615382
0.2509643076923077
0.2724516923076923
0.2799618461538461
0.2563883076923077
0.15959076923076923
0.14394461538461537
0.10201292307692307
0.022947692307692308
-0.05820369230769231
-0.17481969230769231
-0.2411593846153846
-0.2862203076923077
-0.30416123076923074
-0.2814221538461538
-0.2059033846153846
-0.07218092307692307
0.015020307692307692
0.12955015384615384
0.24866953846153847
0.30833353846153844
0.38572984615384615
0.36319938461538465
0.268488
0.16689230769230767
0.007301538461538462
-0.11160923076923077
-0.2303113846153846
-0.34066892307692304
-0.3642424615384615
-0.3548547692307692
-0.2774584615384615
-0.17502830769230768
-0.06759138461538462
0.08845292307692308
0.23156307692307693
0.3235624615384615
0.3277347692307692
0.2891409230769231
0.268488
0.20402584615384614
0.116616
-0.0018775384615384615
-0.16271999999999998
-0.2374043076923077
-0.2774584615384615
-0.29331323076923077
-0.2411593846153846
-0.21320492307692307
-0.12996738461538462
-0.005215384615384615
0.09533723076923077
0.21925476923076925
0.3012406153846154
0.347136
0.3652855384615385
0.34066892307692304
0.28163076923076924
0.16501476923076921
0.05507446153846154
-0.04819015384615385
-0.130176
-0.1635544615384615
-0.20444307692307692
-0.1977673846153846
-0.15667015384615385
-0.10952307692307692
-0.016897846153846156
0.0448523076923077
0.09512861538461538
0.1712732307692308
0.2125790769230769
0.23531815384615382
0.21862892307692305
0.15145476923076923
0.10096984615384616
0.03921969230769231
-0.04547815384615384
-0.12955015384615384
-0.21779446153846155
-0.25993476923076925
-0.2774584615384615
-0.2626467692307692
-0.20673784615384616
-0.14018953846153845
-0.03838523076923077
0.043600615384615383
0.11745046153846153
0.18253846153846154
0.19839323076923077
0.23156307692307693
0.22530461538461538
0.15270646153846154
0.07843938461538462
-0.006884307692307692
-0.042974769230769226
-0.05403138461538461
-0.10639384615384614
-0.14457046153846154
-0.16897846153846155
-0.1506203076923077
-0.07593599999999999
-0.016272
0.014185846153846153
0.004798153846153846
-0.0012516923076923076
0.018358153846153843
0.02482523076923077
0.035464615384615386
0.006467076923076923
-0.029832
-0.03859384615384615
-0.051528
-0.027328615384615382
-0.019192615384615384
-0.01814953846153846
-0.0014603076923076922
-0.01272553846153846
-0.0018775384615384615
0.028788923076923077
0.0448523076923077
0.03838523076923077
0.0014603076923076922
-0.022530461538461537
-0.0077187692307692304
0.02023569230769231
0.03588184615384615
0.017315076923076923
-0.02232184615384615
-0.041514461538461535
-0.02273907692307692
0.018775384615384614
0.026702769230769228
0.004172307692307692
-0.011891076923076923
-0.016063384615384615
0.01668923076923077
0.029206153846153847
0.011891076923076923
-0.008761846153846153
-0.042348923076923076
-0.04902461538461538
-0.051319384615384614
-0.07468430769230769
-0.09575446153846154
-0.11411261538461538
-0.11494707692307692
-0.07885661538461539
-0.03421292307692308
0.006675692307692307
0.03629907692307692
0.05236246153846154
0.06675692307692307
0.07572738461538461
0.07843938461538462
0.052153846153846155
-0.0012516923076923076
-0.06300184615384616
-0.12287446153846153
-0.14999446153846155
-0.15938215384615384
-0.15750461538461538
-0.13372246153846154
-0.10848000000000001
-0.05444861538461539
0.02545107692307692
0.10430769230769231
0.16710092307692306
0.17502830769230768
0.14394461538461537
0.10263876923076923
0.03713353846153846
-0.04547815384615384
-0.13747753846153846
-0.2292683076923077
-0.2887236923076923
-0.3016578461538461
-0.2632726153846154
-0.19609846153846153
-0.11202646153846153
-0.02482523076923077
0.0448523076923077
0.10806276923076923
0.14540492307692307
0.14665661538461539
0.12683815384615382
0.09053907692307692
0.050067692307692306
0.008344615384615384
-0.04568676923076923
-0.0892873846153846
-0.1136953846153846
-0.1151556923076923
-0.0828203076923077
-0.04193169230769231
0.010639384615384617
0.06800861538461538
0.10743692307692307
0.13267938461538462
0.15103753846153847
0.16292861538461537
0.15896492307692306
0.13872923076923074
0.11181784615384616
0.08991323076923076
0.078648
0.06070707692307692
0.042557538461538466
0.027328615384615382
0.003129230769230769
-0.013351384615384614
-0.026494153846153844
-0.042348923076923076
-0.05277969230769231
-0.0609156923076923
-0.05069353846153846
-0.016480615384615385
0.030875076923076922
0.08115138461538463
0.12037107692307693
0.14999446153846155
0.16730953846153845
0.16647507692307692
0.14582215384615385
0.10076123076923077
0.03921969230769231
-0.02023569230769231
-0.065088
-0.0961716923076923
-0.116616
-0.13080184615384613
-0.12391753846153845
-0.0828203076923077
-0.016063384615384615
0.054240000000000003
0.11286092307692308
0.14916
0.1666836923076923
0.16230276923076925
0.13351384615384615
0.09429415384615383
0.03442153846153846
-0.02044430769230769
-0.06425353846153846
-0.0988836923076923
-0.10827138461538462
-0.10764553846153846
-0.0855323076923077
-0.05298830769230769
-0.016897846153846156
0.017315076923076923
0.03233538461538461
0.043600615384615383
0.040054153846153843
0.034630153846153845
0.03275261538461539
0.02315630769230769
0.02211323076923077
0.018775384615384614
0.013351384615384614
0.017523692307692306
0.025659692307692307
0.03629907692307692
0.052153846153846155
0.05674338461538461
0.04819015384615385
0.03713353846153846
0.016272
-0.008344615384615384
-0.040679999999999994
-0.0826116923076923
-0.1097316923076923
-0.10827138461538462
-0.08156861538461539
-0.04130584615384615
-0.006675692307692307
0.023990769230769232
0.05674338461538461
0.07656184615384615
0.09012184615384615
0.08845292307692308
0.05862092307692307
0.01397723076923077
-0.03212676923076923
-0.06341907692307691
-0.07510153846153846
-0.06759138461538462
-0.03838523076923077
0.009804923076923077
0.06842584615384616
0.13121907692307694
0.1856676923076923
0.22593046153846155
0.24574892307692306
0.24095076923076922
0.21696000000000001
0.17711446153846155
0.1397723076923077
0.0936683076923077
0.04672984615384615
0.021070153846153846
0.004589538461538461
0.008136
0.02357353846153846
0.035464615384615386
0.051528
0.06696553846153847
0.07635323076923077
0.08240307692307691
0.07593599999999999
0.06028984615384615
0.03838523076923077
0.006258461538461538
-0.02044430769230769
-0.04568676923076923
-0.07364123076923076
-0.09408553846153846
-0.09596307692307693
-0.08094276923076923
-0.06362769230769232
-0.051528
-0.050067692307692306
-0.06154153846153846
-0.07843938461538462
-0.09012184615384615
-0.10952307692307692
-0.12913292307692306
-0.14123261538461537
-0.1397723076923077
-0.11473846153846154
-0.07092923076923077
-0.011682461538461537
0.05090215384615384
0.10055261538461538
0.14081538461538462
0.1704387692307692
0.17648861538461538
0.15813046153846153
0.10389046153846154
0.02586830769230769
-0.061750153846153844
-0.13872923076923074
-0.18921415384615384
-0.21591692307692306
-0.20652923076923077
-0.16772676923076923
-0.100344
-0.007927384615384614
0.08761846153846153
0.17169046153846151
0.22175815384615383
0.235944
0.23052
0.18775384615384613
0.1178676923076923
0.03150092307692308
-0.059664
-0.12204
-0.16042523076923076
-0.16730953846153845
-0.15333230769230768
-0.127464
-0.07843938461538462
-0.008761846153846153
0.078648
0.168144
0.23969907692307693
0.27850153846153847
0.28663753846153844
0.2674449230769231
0.21612553846153845
0.13643446153846153
0.04547815384615384
-0.04735569230769231
-0.12558646153846154
-0.173568
-0.19651569230769228
-0.1927606153846154
-0.17502830769230768
-0.1395636923076923
-0.08198584615384615
-0.00855323076923077
0.0744756923076923
0.1422756923076923
0.18629353846153843
0.21007569230769232
0.22113230769230768
0.22196676923076922
0.20715507692307691
0.17398523076923075
0.11870215384615385
0.06133292307692308
0.024408000000000003
-0.005632615384615384
-0.026702769230769228
-0.07551876923076924
-0.13768615384615385
-0.1858763076923077
-0.2221753846153846
-0.2303113846153846
-0.24282830769230768
-0.21508246153846153
-0.15750461538461538
-0.026285538461538457
0.1531236923076923
0.41076369230769233
0.6348166153846153
0.6763310769230769
0.7581083076923077
0.7065803076923076
0.6218824615384615
0.48628246153846155
0.1693956923076923
-0.13351384615384615
-0.5194523076923077
-0.7712510769230768
-0.9594221538461538
-1.1123372307692307
-1.1160923076923077
-1.0781243076923075
-0.8077587692307693
-0.43704923076923075
0.004589538461538461
0.47877230769230766
0.7716683076923077
1.0265963076923077
1.1242283076923076
1.07124
0.9360572307692308
0.5709803076923077
0.17523692307692307
-0.25054707692307693
-0.6913513846153846
-0.9108147692307692
-1.043076923076923
-1.0341064615384616
-0.8684658461538461
-0.6638141538461538
-0.31834707692307695
0.04088861538461538
0.41264123076923076
0.7616547692307691
0.9594221538461538
1.0718658461538462
1.0568455384615385
0.948156923076923
0.747468923076923
0.38948492307692306
-0.005841230769230769
-0.40846892307692306
-0.7449655384615385
-0.9285470769230769
-1.0482923076923076
-1.0535076923076923
-0.9521206153846153
-0.7808473846153846
-0.477312
-0.15875630769230767
0.13768615384615385
0.4287046153846154
0.6308529230769231
0.802752
0.904764923076923
0.8799396923076923
0.7520584615384615
0.4983821538461538
0.200688
-0.11807630769230769
-0.4303735384615384
-0.7003218461538462
-0.9174904615384616
-1.0057347692307692
-1.0071950769230769
-0.8828603076923076
-0.6028984615384615
-0.29185292307692307
0.07218092307692307
0.4385095384615385
0.737664
0.9857076923076923
1.0923101538461537
1.0797932307692308
0.9343883076923076
0.6400319999999999
0.3116713846153846
-0.054240000000000003
-0.42599261538461536
-0.7601944615384615
-1.0172086153846154
-1.1154664615384615
-1.0643556923076922
-0.8609556923076923
-0.5590892307692308
-0.2127876923076923
0.18170399999999998
0.5419827692307692
0.834252923076923
1.0282652307692308
1.0437027692307692
0.9202024615384615
0.6928116923076922
0.38030584615384616
0.07739630769230768
-0.22426153846153846
-0.48941169230769227
-0.6669433846153846
-0.7779267692307692
-0.7589427692307691
-0.6258461538461538
-0.4180652307692308
-0.168144
0.08031692307692308
0.32564861538461537
0.5257107692307692
0.6757052307692307
0.7493464615384616
0.7155507692307692
0.604776
0.4216116923076923
0.21925476923076925
0.029414769230769227
-0.17377661538461536
-0.3383741538461538
-0.45916246153846146
-0.531552
-0.5023458461538461
-0.4214030769230769
-0.3133403076923077
-0.1923433846153846
-0.07259815384615384
0.07593599999999999
0.21821169230769227
0.328152
0.3813489230769231
0.37258707692307685
0.3269003076923077
0.2582658461538461
0.18107815384615383
0.08720123076923077
-0.02899753846153846
-0.14394461538461537
-0.252216
-0.34296369230769225
-0.3855212307692308
-0.425784
-0.4349630769230769
-0.4024190769230769
-0.3600701538461538
-0.2647329230769231
-0.15687876923076924
-0.035464615384615386
0.09846646153846153
0.19797599999999999
0.2858030769230769
0.3502652307692307
0.36966646153846155
0.34338092307692303
0.2689052307692308
0.165432
0.03671630769230769
-0.09554584615384615
-0.20840676923076923
-0.3179298461538461
-0.39344861538461534
-0.4314166153846154
-0.4211944615384615
-0.3442153846153846
-0.25138153846153843
-0.11995384615384615
0.03629907692307692
0.1860849230769231
0.3412947692307692
0.44748
0.5027630769230769
0.5119421538461538
0.45665907692307695
0.36382523076923073
0.23531815384615382
0.09095630769230768
-0.03504738461538461
-0.15124615384615384
-0.24470584615384613
-0.3087507692307692
-0.3513083076923077
-0.3540203076923077
-0.3206418461538461
-0.2482523076923077
-0.14978584615384616
-0.04693846153846153
0.06592246153846154
0.15667015384615385
0.233232
0.2845513846153846
0.2924787692307692
0.2943563076923077
0.26494153846153845
0.19860184615384616
0.11974523076923077
0.02586830769230769
-0.05528307692307692
-0.12934153846153845
-0.1942209230769231
-0.2261390769230769
-0.2438713846153846
-0.2261390769230769
-0.16459753846153846
-0.065088
0.06195876923076923
0.1802436923076923
0.29644246153846154
0.39741230769230773
0.45311261538461534
0.46291753846153844
0.40554830769230765
0.29581661538461534
0.16418030769230768
0.009804923076923077
-0.13205353846153844
-0.26097784615384617
-0.3609046153846154
-0.39219692307692305
-0.3815575384615385
-0.3087507692307692
-0.18754523076923074
-0.046104
0.11348676923076922
0.2559710769230769
0.36904061538461536
0.4318338461538461
0.4360061538461539
0.38009723076923074
0.2705741538461538
0.12433476923076923
-0.045060923076923075
-0.20381723076923075
-0.31000246153846156
-0.3698750769230769
-0.39407446153846154
-0.3584012307692308
-0.2828824615384615
-0.17002153846153847
-0.04380923076923077
0.07843938461538462
0.1910916923076923
0.25951753846153847
0.2962338461538461
0.3012406153846154
0.273912
0.21716861538461538
0.13330523076923076
0.047981538461538464
-0.033169846153846154
-0.10535076923076922
-0.15541846153846153
-0.1696043076923077
-0.13935507692307691
-0.07969107692307692
-0.015020307692307692
0.04526953846153846
0.09658892307692307
0.13726892307692307
0.16313723076923078
0.15938215384615384
0.13226215384615383
0.08949599999999999
0.04109723076923077
-0.0002086153846153846
-0.035464615384615386
-0.06070707692307692
-0.07551876923076924
-0.07969107692307692
-0.06529661538461538
-0.04401784615384615
-0.027328615384615382
-0.015437538461538461
-0.017315076923076923
-0.017940923076923077
-0.022530461538461537
-0.029832
-0.023782153846153845
-0.02753723076923077
-0.03609046153846154
-0.049233230769230765
-0.059038153846153844
-0.05194523076923077
-0.0448523076923077
-0.03859384615384615
-0.03212676923076923
-0.031709538461538456
-0.021070153846153846
-0.0035464615384615383
0.005424
0.015020307692307692
0.011473846153846154
0.010222153846153844
0.021904615384615383
0.03629907692307692
0.04860738461538461
0.044435076923076924
0.02586830769230769
0.008344615384615384
0.001043076923076923
-0.0006258461538461538
0.004589538461538461
0.012308307692307691
0.021487384615384613
0.03901107692307692
0.07113784615384615
0.10848000000000001
0.1368516923076923
0.14832553846153845
0.13914646153846155
0.12496061538461539
0.11077476923076923
0.09596307692307693
0.07697907692307693
0.04109723076923077
-0.0050067692307692304
-0.04860738461538461
-0.08490646153846154
-0.11077476923076923
-0.13664307692307692
-0.14936861538461538
-0.13476553846153844
-0.0880356923076923
-0.009804923076923077
0.07092923076923077
0.13893784615384613
0.17628
0.19609846153846153
0.2008966153846154
0.17315076923076922
0.11807630769230769
0.028788923076923077
-0.07531015384615385
-0.16793538461538463
-0.23385784615384617
-0.2559710769230769
-0.2369870769230769
-0.18879692307692306
-0.10618523076923077
0.006049846153846154
0.14436184615384615
0.27850153846153847
0.3757163076923077
0.4456024615384615
0.4558246153846154
0.41723076923076924
0.3460929230769231
0.23156307692307693
0.10409907692307692
-0.04318338461538461
-0.18066092307692305
-0.2730775384615384
-0.32627446153846157
-0.33065538461538463
-0.30270092307692303
-0.24512307692307692
-0.1435273846153846
-0.02795446153846154
0.09095630769230768
0.19004861538461537
0.2507556923076923
0.2789187692307692
0.2561796923076923
0.20360861538461536
0.124752
0.021904615384615383
-0.07948246153846153
-0.1718990769230769
-0.23281476923076924
-0.25513661538461535
-0.24992123076923078
-0.21925476923076925
-0.18066092307692305
-0.13476553846153844
-0.07843938461538462
-0.028163076923076923
0.018358153846153843
0.054657230769230764
0.07301538461538462
0.08740984615384616
0.09158215384615384
0.08490646153846154
0.06884307692307692
0.03504738461538461
-0.005215384615384615
-0.05236246153846154
-0.0988836923076923
-0.14269292307692305
-0.19526400000000002
-0.23239753846153846
-0.2478350769230769
-0.23052
-0.18066092307692305
-0.12683815384615382
-0.06717415384615384
-0.005215384615384615
0.06821723076923077
0.143736
0.19693292307692306
0.2275993846153846
0.21091015384615383
0.15833907692307692
0.09179076923076923
0.007927384615384614
-0.07426707692307692
-0.15082892307692305
-0.21216184615384615
-0.24095076923076922
-0.23969907692307693
-0.2090326153846154
-0.15646153846153846
-0.10138707692307691
-0.03775938461538462
0.023990769230769232
0.0744756923076923
0.12558646153846154
0.15354092307692307
0.16188553846153847
0.15187199999999998
0.12913292307692306
0.11432123076923076
0.0853236923076923
0.050067692307692306
0.008136
-0.03650769230769231
-0.06425353846153846
-0.08574092307692306
-0.09867507692307692
-0.10472492307692308
-0.103056
-0.09512861538461538
-0.07551876923076924
-0.03713353846153846
0.002712
0.03713353846153846
0.08156861538461539
0.13497415384615385
0.19797599999999999
0.25847446153846154
0.29039261538461536
0.3039526153846154
0.28163076923076924
0.21716861538461538
0.13205353846153844
0.025659692307692307
-0.08198584615384615
-0.17982646153846152
-0.2480436923076923
-0.26911384615384615
-0.2897667692307692
-0.26640184615384616
-0.1760713846153846
-0.04965046153846154
0.116616
0.2620209230769231
0.38239199999999995
0.47313969230769226
0.5209126153846153
0.5530393846153846
0.5565858461538462
0.42599261538461536
0.20819815384615384
-0.028163076923076923
-0.2492953846153846
-0.38009723076923074
-0.5444861538461538
-0.627515076923077
-0.6571384615384616
-0.5945538461538461
-0.3565236923076923
-0.13247076923076923
0.14457046153846154
0.30416123076923074
0.4151446153846154
0.5282141538461538
0.4879513846153846
0.4351716923076923
0.21862892307692305
-0.06821723076923077
-0.30270092307692303
-0.547824
-0.6227169230769231
-0.6377372307692307
-0.5880867692307692
-0.4082603076923077
-0.25430215384615384
-0.028788923076923077
0.20694646153846152
0.3692492307692308
0.5052664615384616
0.46583815384615385
0.36340799999999995
0.2330233846153846
0.053614153846153846
-0.03504738461538461
-0.14916
-0.25388492307692306
-0.32377107692307694
-0.3652855384615385
-0.27558092307692306
-0.17502830769230768
-0.09596307692307693
-0.026702769230769228
-0.0035464615384615383
0.065088
0.1287156923076923
0.14561353846153846
0.14582215384615385
0.09179076923076923
0.06863446153846153
0.07405846153846153
0.07697907692307693
0.12204
0.1422756923076923
0.15562707692307692
0.18358153846153846
0.1777403076923077
0.17377661538461536
0.11974523076923077
0.024408000000000003
-0.055491692307692304
-0.14457046153846154
-0.17502830769230768
-0.16793538461538463
-0.12600369230769232
-0.0446436923076923
0.024408000000000003
0.12829846153846153
0.21779446153846155
0.27412061538461535
0.2989458461538462
0.24074215384615386
0.15938215384615384
0.065088
-0.03942830769230769
-0.11244369230769231
-0.18775384615384613
-0.23156307692307693
-0.22488738461538463
-0.18900553846153845
-0.10389046153846154
-0.02586830769230769
0.05277969230769231
0.1422756923076923
0.19380369230769232
0.22551323076923077
0.20527753846153846
0.14978584615384616
0.09053907692307692
-0.007927384615384614
-0.09512861538461538
-0.15875630769230767
-0.20193969230769232
-0.1802436923076923
-0.13372246153846154
-0.05653476923076922
0.0446436923076923
0.12955015384615384
0.21967199999999998
0.2557624615384615
0.24908676923076922
0.21716861538461538
0.14164984615384615
0.06425353846153846
-0.04214030769230769
-0.138312
-0.19505538461538463
-0.22551323076923077
-0.19192615384615386
-0.12913292307692306
-0.055491692307692304
0.026702769230769228
0.08949599999999999
0.1506203076923077
0.18545907692307692
0.18107815384615383
0.14519630769230768
0.06404492307692307
-0.009179076923076922
-0.05674338461538461
-0.07781353846153846
-0.07113784615384615
-0.06863446153846153
-0.035464615384615386
0.033169846153846154
0.12120553846153845
0.21487384615384614
0.2680707692307692
0.279336
0.26118646153846153
0.21716861538461538
0.16501476923076921
0.09930092307692308
0.021278769230769233
-0.05069353846153846
-0.11619876923076923
-0.13393107692307693
-0.1028473846153846
-0.04631261538461538
0.03045784615384615
0.09012184615384615
0.13810338461538463
0.1721076923076923
0.18650215384615382
0.1867107692307692
0.13747753846153846
0.05799507692307692
-0.027745846153846152
-0.09846646153846153
-0.1097316923076923
-0.10201292307692307
-0.08323753846153846
-0.044435076923076924
-0.0012516923076923076
0.06905169230769231
0.1356
0.17586276923076924
0.17586276923076924
0.11724184615384614
0.045895384615384616
-0.026911384615384615
-0.1045163076923077
-0.1612596923076923
-0.21132738461538458
-0.22467876923076924
-0.1908830769230769
-0.13121907692307694
-0.03629907692307692
0.05194523076923077
0.127464
0.17544553846153846
0.1867107692307692
0.18525046153846153
0.14436184615384615
0.06028984615384615
-0.049233230769230765
-0.16751815384615384
-0.25367630769230765
-0.30332676923076923
-0.306456
-0.25555384615384613
-0.1867107692307692
-0.08887015384615385
0.02273907692307692
0.12850707692307692
0.22029784615384615
0.25805723076923076
0.25284184615384614
0.21111876923076925
0.143736
0.06696553846153847
-0.027328615384615382
-0.11098338461538461
-0.16710092307692306
-0.17648861538461538
-0.13080184615384613
-0.06487938461538462
0.008344615384615384
0.07697907692307693
0.12662953846153846
0.16042523076923076
0.16042523076923076
0.12662953846153846
0.07802215384615384
0.0002086153846153846
-0.08344615384615384
-0.1506203076923077
-0.2056947692307692
-0.23886461538461537
-0.2453316923076923
-0.22321846153846153
-0.1794092307692308
-0.1314276923076923
-0.08302892307692307
-0.037967999999999995
-0.0008344615384615384
0.027745846153846152
0.03504738461538461
0.02044430769230769
-0.005841230769230769
-0.030875076923076922
-0.05236246153846154
-0.07009476923076922
-0.07280676923076923
-0.05862092307692307
-0.04130584615384615
-0.022947692307692308
-0.0006258461538461538
0.021487384615384613
0.03671630769230769
0.04214030769230769
0.037967999999999995
0.033169846153846154
0.03045784615384615
0.02899753846153846
0.029623384615384614
0.02044430769230769
0.004798153846153846
-0.008970461538461538
-0.011473846153846154
0.006675692307692307
0.031709538461538456
0.04819015384615385
0.04902461538461538
0.037967999999999995
0.02315630769230769
0.001043076923076923
-0.026285538461538457
-0.05277969230769231
-0.07113784615384615
-0.07030338461538461
-0.04672984615384615
-0.0050067692307692304
0.03671630769230769
0.07072061538461538
0.09450276923076922
0.11202646153846153
0.12454338461538461
0.12204
0.10368184615384615
0.07927384615384615
0.04839876923076923
0.02482523076923077
0.01981846153846154
0.016897846153846156
0.014394461538461538
0.012308307692307691
0.021070153846153846
0.051528
0.09137353846153846
0.12808984615384614
0.15187199999999998
0.1585476923076923
0.1504116923076923
0.12829846153846153
0.10013538461538461
0.04985907692307692
-0.02211323076923077
-0.0855323076923077
-0.12704676923076924
-0.138312
-0.1397723076923077
-0.13622584615384614
-0.11807630769230769
-0.10117846153846152
-0.07739630769230768
-0.04860738461538461
-0.029414769230769227
-0.02232184615384615
-0.03045784615384615
-0.03921969230769231
-0.03212676923076923
-0.019192615384615384
0.0012516923076923076
0.021696
0.04214030769230769
0.06905169230769231
0.07948246153846153
0.073224
0.04380923076923077
-0.020652923076923076
-0.10055261538461538
-0.17899199999999998
-0.2482523076923077
-0.2872633846153846
-0.30249230769230767
-0.29581661538461534
-0.24762646153846155
-0.15291507692307693
-0.030875076923076922
0.08198584615384615
0.1666836923076923
0.2140393846153846
0.23052
0.20298276923076922
0.13518276923076925
0.028788923076923077
-0.1045163076923077
-0.22551323076923077
-0.31667815384615383
-0.35235138461538457
-0.33524492307692305
-0.2751636923076923
-0.17628
-0.03838523076923077
0.124752
0.2864289230769231
0.41660492307692304
0.4812756923076923
0.48628246153846155
0.4378836923076923
0.35005661538461535
0.235944
0.100344
-0.033169846153846154
-0.14290153846153844
-0.20819815384615384
-0.21028430769230766
-0.16105107692307694
-0.08094276923076923
0.012934153846153845
0.11140061538461538
0.20715507692307691
0.2751636923076923
0.30708184615384615
0.29414769230769233
0.23844738461538462
0.16292861538461537
0.07781353846153846
0.002086153846153846
-0.061750153846153844
-0.11745046153846153
-0.15875630769230767
-0.1777403076923077
-0.15959076923076923
-0.1151556923076923
-0.05820369230769231
-0.005424
0.03942830769230769
0.09074769230769231
0.13643446153846153
0.17565415384615385
0.19735015384615384
0.192552
0.1783661538461538
0.15938215384615384
0.14039815384615384
0.10910584615384614
0.06633969230769231
0.02232184615384615
-0.018775384615384614
-0.03984553846153846
-0.042348923076923076
-0.04047138461538462
-0.041514461538461535
-0.04735569230769231
-0.051319384615384614
-0.044435076923076924
-0.040679999999999994
-0.04547815384615384
-0.05528307692307692
-0.06613107692307692
-0.06070707692307692
-0.041514461538461535
-0.016897846153846156
0.005215384615384615
0.02586830769230769
0.04965046153846154
0.073224
0.08949599999999999
0.08156861538461539
0.05799507692307692
0.02795446153846154
0.005424
0.003963692307692307
0.011473846153846154
0.026285538461538457
0.04318338461538461
0.06613107692307692
0.0963803076923077
0.13101046153846155
0.16063384615384615
0.16501476923076921
0.13998092307692306
0.09992676923076924
0.05757784615384615
0.023364923076923075
-0.003755076923076923
-0.03629907692307692
-0.07343261538461537
-0.10222153846153846
-0.10472492307692308
-0.09012184615384615
-0.06884307692307692
-0.06362769230769232
-0.06905169230769231
-0.062376
-0.037967999999999995
-0.0070929230769230765
0.004589538461538461
0.006884307692307692
0.009804923076923077
0.01981846153846154
0.04088861538461538
0.059872615384615385
0.05382276923076923
0.032544
0.006258461538461538
-0.0035464615384615383
0.007510153846153846
0.011891076923076923
0.016897846153846156
0.015646153846153844
0.017315076923076923
0.03024923076923077
0.040054153846153843
0.046104
0.04193169230769231
0.03504738461538461
0.03629907692307692
0.04130584615384615
0.050067692307692306
0.03775938461538462
0.002086153846153846
-0.051319384615384614
-0.11160923076923077
-0.16334584615384617
-0.21362215384615382
-0.26494153846153845
-0.3152178461538461
-0.3540203076923077
-0.34630153846153844
-0.24449723076923074
-0.09012184615384615
0.09095630769230768
0.2701569230769231
0.40930338461538457
0.5388535384615384
0.6072793846153846
0.5999778461538462
0.49274953846153846
0.2906012307692308
0.07405846153846153
-0.15333230769230768
-0.2995716923076923
-0.4541556923076923
-0.5734836923076922
-0.5780732307692308
-0.5365587692307692
-0.3248141538461538
-0.09199938461538461
0.154584
0.3907366153846154
0.5294658461538462
0.6830067692307692
0.694272
0.5943452307692307
0.4047138461538461
0.10201292307692307
-0.17315076923076922
-0.4656295384615385
-0.6773741538461538
-0.7898178461538462
-0.8336270769230769
-0.7197230769230769
-0.5432344615384616
-0.2937304615384615
-0.011265230769230769
0.2138307692307692
0.4345458461538461
0.5384363076923077
0.5444861538461538
0.5275883076923077
0.41264123076923076
0.287472
0.11703323076923078
-0.078648
-0.22572184615384616
-0.3740473846153846
-0.44038707692307694
-0.4535298461538461
-0.4391353846153846
-0.3510996923076923
-0.22321846153846153
-0.05277969230769231
0.11473846153846154
0.2290596923076923
0.31772123076923076
0.3538116923076923
0.36632861538461536
0.36257353846153845
0.2995716923076923
0.23907323076923076
0.157296
0.07635323076923077
0.02044430769230769
-0.07635323076923077
-0.17315076923076922
-0.2734947692307692
-0.3684147692307692
-0.4030449230769231
-0.41034646153846155
-0.36382523076923073
-0.2605606153846154
-0.1205796923076923
0.06946892307692307
0.25012984615384615
0.40346215384615386
0.5048492307692307
0.5194523076923077
0.46625538461538457
0.3387913846153846
0.18525046153846153
0.03066646153846154
-0.14582215384615385
-0.2997803076923077
-0.4276615384615384
-0.4866996923076923
-0.45749353846153845
-0.3819747692307692
-0.24762646153846155
-0.08866153846153846
0.08490646153846154
0.2724516923076923
0.4282873846153846
0.531552
0.5547083076923077
0.5002596923076923
0.3903193846153846
0.2303113846153846
0.03379569230769231
-0.17023015384615386
-0.34338092307692303
-0.4512350769230769
-0.49045476923076925
-0.45102646153846154
-0.3323243076923077
-0.17815753846153848
-0.004172307692307692
0.15333230769230768
0.28121353846153846
0.37300430769230764
0.3880246153846154
0.3554806153846154
0.2791273846153846
0.16084246153846155
0.04819015384615385
-0.05194523076923077
-0.11765907692307691
-0.16647507692307692
-0.20319138461538463
-0.20506892307692307
-0.19296923076923078
-0.14686523076923075
-0.09700615384615385
-0.061124307692307686
-0.020027076923076922
-0.005841230769230769
0.002086153846153846
0.006258461538461538
-0.003755076923076923
-0.003129230769230769
-0.015228923076923076
-0.026911384615384615
-0.008970461538461538
0.006884307692307692
0.032544
0.04944184615384615
0.03921969230769231
0.02795446153846154
0.0002086153846153846
-0.029623384615384614
-0.065088
-0.1045163076923077
-0.1287156923076923
-0.14936861538461538
-0.14665661538461539
-0.11494707692307692
-0.06946892307692307
0.0016689230769230767
0.0855323076923077
0.16710092307692306
0.23782153846153845
0.2701569230769231
0.2774584615384615
0.2641070769230769
0.21174461538461536
0.1353913846153846
0.03671630769230769
-0.06049846153846154
-0.13267938461538462
-0.1927606153846154
-0.21445661538461538
-0.19651569230769228
-0.16292861538461537
-0.1136953846153846
-0.04985907692307692
0.023782153846153845
0.08866153846153846
0.13247076923076923
0.15604430769230768
0.157296
0.14603076923076924
0.12329169230769231
0.08177723076923075
0.03024923076923077
-0.028163076923076923
-0.07259815384615384
-0.09012184615384615
-0.0853236923076923
-0.06592246153846154
-0.048816000000000005
-0.02858030769230769
-0.0014603076923076922
0.031709538461538456
0.05716061538461538
0.06133292307692308
0.05945538461538461
0.06300184615384616
0.07635323076923077
0.10389046153846154
0.14185846153846154
0.18191261538461537
0.20444307692307692
0.2127876923076923
0.21967199999999998
0.20047938461538461
0.15771323076923077
0.09491999999999999
0.011682461538461537
-0.06404492307692307
-0.12996738461538462
-0.168144
-0.17085599999999998
-0.154584
-0.10493353846153847
-0.03379569230769231
0.04693846153846153
0.12788123076923075
0.17961784615384613
0.2056947692307692
0.19818461538461538
0.17273353846153844
0.13622584615384614
0.07405846153846153
0.006884307692307692
-0.07197230769230768
-0.14665661538461539
-0.1992276923076923
-0.22300984615384614
-0.21508246153846153
-0.19463815384615382
-0.15520984615384617
-0.09199938461538461
-0.014394461538461538
0.06362769230769232
0.1218313846153846
0.14790830769230767
0.13998092307692306
0.10535076923076922
0.059038153846153844
0.0018775384615384615
-0.06362769230769232
-0.127464
-0.17085599999999998
-0.17711446153846155
-0.14561353846153846
-0.09053907692307692
-0.033169846153846154
0.021904615384615383
0.07426707692307692
0.12537784615384615
0.16251138461538459
0.1693956923076923
0.1504116923076923
0.103056
0.043600615384615383
-0.009804923076923077
-0.050067692307692306
-0.07218092307692307
-0.07697907692307693
-0.05736923076923077
-0.015228923076923076
0.049233230769230765
0.11765907692307691
0.17002153846153847
0.1942209230769231
0.19818461538461538
0.18066092307692305
0.13893784615384613
0.07364123076923076
-0.021904615384615383
-0.116616
-0.19463815384615382
-0.2342750769230769
-0.23364923076923078
-0.21007569230769232
-0.16647507692307692
-0.10889723076923077
-0.023990769230769232
0.07739630769230768
0.168144
0.23364923076923078
0.25659692307692306
0.241368
0.20152246153846154
0.14123261538461537
0.06759138461538462
-0.02211323076923077
-0.10764553846153846
-0.15833907692307692
-0.1779489230769231
-0.15416676923076922
-0.0961716923076923
-0.021904615384615383
0.05945538461538461
0.12996738461538462
0.20193969230769232
0.25430215384615384
0.2737033846153846
0.26097784615384617
0.2073636923076923
0.1368516923076923
0.06049846153846154
-0.019192615384615384
-0.09450276923076922
-0.1656406153846154
-0.2225926153846154
-0.25471938461538457
-0.2572227692307692
-0.23803015384615384
-0.20527753846153846
-0.15833907692307692
-0.100344
-0.03358707692307692
0.03629907692307692
0.09533723076923077
0.130176
0.13434830769230768
0.1097316923076923
0.07051199999999999
0.009804923076923077
-0.07364123076923076
-0.16271999999999998
-0.24345415384615382
-0.2997803076923077
-0.31855569230769226
-0.2989458461538462
-0.2492953846153846
-0.17648861538461538
-0.08720123076923077
0.014811692307692307
0.10994030769230768
0.18629353846153843
0.23677846153846152
0.25138153846153843
0.24303692307692307
0.21675138461538462
0.17690584615384616
0.12642092307692307
0.07405846153846153
0.03442153846153846
0.003129230769230769
-0.014185846153846153
-0.021487384615384613
-0.029832
-0.031918153846153846
-0.027328615384615382
-0.014394461538461538
0.005841230769230769
0.027120000000000002
0.05048492307692308
0.07802215384615384
0.1097316923076923
0.13935507692307691
0.16063384615384615
0.17419384615384614
0.16605784615384614
0.14144123076923076
0.11160923076923077
0.07760492307692309
0.04547815384615384
0.004798153846153846
-0.038176615384615385
-0.07468430769230769
-0.103056
-0.11953661538461538
-0.12642092307692307
-0.12725538461538463
-0.11953661538461538
-0.09033046153846153
-0.04380923076923077
0.016063384615384615
0.07551876923076924
0.11327815384615383
0.13768615384615385
0.14206707692307693
0.13059323076923077
0.09658892307692307
0.03066646153846154
-0.0446436923076923
-0.12642092307692307
-0.1910916923076923
-0.23239753846153846
-0.2497126153846154
-0.23969907692307693
-0.21341353846153846
-0.16167692307692308
-0.0897046153846154
-0.012934153846153845
0.05277969230769231
0.08991323076923076
0.10764553846153846
0.11244369230769231
0.10910584615384614
0.09825784615384614
0.07092923076923077
0.03275261538461539
-0.00855323076923077
-0.03963692307692308
-0.05778646153846154
-0.06696553846153847
-0.08240307692307691
-0.10681107692307691
-0.12120553846153845
-0.11745046153846153
-0.09867507692307692
-0.0678
-0.03024923076923077
0.0043809230769230765
0.03692492307692308
0.06759138461538462
0.09241661538461539
0.09867507692307692
0.08761846153846153
0.06821723076923077
0.049233230769230765
0.026702769230769228
0.0029206153846153843
-0.023990769230769232
-0.05674338461538461
-0.08574092307692306
-0.10868861538461538
-0.11014892307692307
-0.09825784615384614
-0.07739630769230768
-0.04568676923076923
-0.001043076923076923
0.06571384615384615
0.1435273846153846
0.21508246153846153
0.25701415384615384
0.27328615384615385
0.26640184615384616
0.2236356923076923
0.16063384615384615
0.07969107692307692
-0.017315076923076923
-0.10555938461538462
-0.16626646153846153
-0.18629353846153843
-0.18107815384615383
-0.1637630769230769
-0.12224861538461537
-0.06946892307692307
-0.003755076923076923
0.0609156923076923
0.10326461538461539
0.13476553846153844
0.14060676923076923
0.13205353846153844
0.11265230769230769
0.07280676923076923
0.018983999999999997
-0.04965046153846154
-0.11974523076923077
-0.17899199999999998
-0.21028430769230766
-0.21716861538461538
-0.19588984615384614
-0.15374953846153847
-0.09053907692307692
-0.009179076923076922
0.0744756923076923
0.1597993846153846
0.22008923076923076
0.2424110769230769
0.222384
0.1787833846153846
0.127464
0.07426707692307692
-0.002086153846153846
-0.062376
-0.11202646153846153
-0.10952307692307692
-0.058829538461538454
0.0448523076923077
0.23239753846153846
0.235944
0.2517987692307692
0.273912
0.23907323076923076
0.27975323076923075
0.13455692307692307
-0.014185846153846153
-0.18712800000000002
-0.31542646153846154
-0.2695310769230769
-0.28163076923076924
-0.22947692307692308
-0.21529107692307692
-0.1502030769230769
0.05507446153846154
0.19609846153846153
0.35923569230769226
0.37300430769230764
0.28851507692307693
0.25367630769230765
0.13372246153846154
0.07218092307692307
-0.03921969230769231
-0.20486030769230767
-0.2453316923076923
-0.34880492307692307
-0.3421292307692308
-0.22968553846153844
-0.1775316923076923
-0.04672984615384615
0.01043076923076923
0.06195876923076923
0.13893784615384613
0.14978584615384616
0.21842030769230766
0.22321846153846153
0.15103753846153847
0.08428061538461538
0.012516923076923077
0.005841230769230769
-0.033169846153846154
-0.11140061538461538
-0.15228923076923076
-0.208824
-0.17899199999999998
-0.12391753846153845
-0.11557292307692307
-0.07030338461538461
-0.06028984615384615
-0.015854769230769228
0.0678
0.08469784615384615
0.13309661538461537
0.1635544615384615
0.1792006153846154
0.2532590769230769
0.27975323076923075
0.27975323076923075
0.23156307692307693
0.13247076923076923
0.03400430769230769
-0.1028473846153846
-0.22780799999999998
-0.328152
-0.3782196923076923
-0.3698750769230769
-0.34943076923076927
-0.23677846153846152
-0.08240307692307691
0.07343261538461537
0.25430215384615384
0.3646596923076923
0.4345458461538461
0.4318338461538461
0.3502652307692307
0.25284184615384614
0.07426707692307692
-0.11286092307692308
-0.26306399999999996
-0.38301784615384615
-0.4320424615384615
-0.43642338461538455
-0.36319938461538465
-0.2073636923076923
-0.021696
0.16292861538461537
0.29352184615384613
0.4015846153846154
0.49379261538461533
0.4965046153846154
0.44226461538461537
0.3133403076923077
0.12975876923076923
-0.018775384615384614
-0.16418030769230768
-0.26619323076923074
-0.3160523076923077
-0.3456756923076923
-0.28350830769230767
-0.1829556923076923
-0.06049846153846154
0.08782707692307692
0.18921415384615384
0.2651501538461538
0.290184
0.2647329230769231
0.20235692307692305
0.08344615384615384
-0.031709538461538456
-0.14123261538461537
-0.2225926153846154
-0.2618123076923077
-0.2920615384615385
-0.2726603076923077
-0.22718215384615387
-0.16209415384615386
-0.06446215384615385
0.0033378461538461535
0.054240000000000003
0.11181784615384616
0.14185846153846154
0.14749107692307692
0.1314276923076923
0.10430769230769231
0.10597661538461538
0.1070196923076923
0.09658892307692307
0.08490646153846154
0.06571384615384615
0.05736923076923077
0.05111076923076923
0.04672984615384615
0.04172307692307692
0.03150092307692308
0.03358707692307692
0.021904615384615383
0.012934153846153845
0.01272553846153846
0.021696
0.07426707692307692
0.11599015384615384
0.1314276923076923
0.13101046153846155
0.11202646153846153
0.10785415384615385
0.0826116923076923
0.010848
-0.07614461538461538
-0.16710092307692306
-0.22572184615384616
-0.24303692307692307
-0.24053353846153847
-0.21883753846153844
-0.18170399999999998
-0.1097316923076923
-0.010639384615384617
0.08594953846153845
0.1718990769230769
0.21654276923076923
0.2207150769230769
0.1942209230769231
0.12996738461538462
0.05048492307692308
-0.0446436923076923
-0.13852061538461538
-0.21341353846153846
-0.2666104615384615
-0.2655673846153846
-0.2127876923076923
-0.13914646153846155
-0.06341907692307691
0.0035464615384615383
0.08156861538461539
0.1635544615384615
0.21842030769230766
0.2369870769230769
0.19818461538461538
0.11953661538461538
0.03921969230769231
-0.021070153846153846
-0.06258461538461538
-0.11452984615384615
-0.16751815384615384
-0.18629353846153843
-0.15249784615384615
-0.07489292307692308
0.0043809230769230765
0.0828203076923077
0.15166338461538462
0.1923433846153846
0.22467876923076924
0.22447015384615385
0.1802436923076923
0.10994030769230768
0.03233538461538461
-0.016063384615384615
-0.03838523076923077
-0.037342153846153844
-0.011265230769230769
0.010639384615384617
0.043392
0.08615815384615384
0.11870215384615385
0.13330523076923076
0.10222153846153846
0.042348923076923076
-0.042557538461538466
-0.13476553846153844
-0.20027076923076922
-0.24658338461538462
-0.25805723076923076
-0.2438713846153846
-0.20465169230769228
-0.11473846153846154
0.0077187692307692304
0.13476553846153844
0.2290596923076923
0.2647329230769231
0.260352
0.22175815384615383
0.15687876923076924
0.07030338461538461
-0.041514461538461535
-0.14519630769230768
-0.22321846153846153
-0.25200738461538463
-0.22488738461538463
-0.16897846153846155
-0.09095630769230768
0.0008344615384615384
0.10055261538461538
0.19985353846153847
0.27787569230769227
0.30708184615384615
0.2883064615384615
0.233232
0.14123261538461537
0.02357353846153846
-0.10827138461538462
-0.23949046153846154
-0.344424
-0.4007501538461538
-0.4072172307692307
-0.3604873846153846
-0.2757895384615385
-0.17481969230769231
-0.07009476923076922
0.019609846153846155
0.10055261538461538
0.15395815384615386
0.1666836923076923
0.14561353846153846
0.10493353846153847
0.06341907692307691
0.02795446153846154
0.0043809230769230765
-0.021278769230769233
-0.04172307692307692
-0.05090215384615384
-0.035255999999999996
0.0022947692307692304
0.04047138461538462
0.07614461538461538
0.10222153846153846
0.13393107692307693
0.1704387692307692
0.20173107692307693
0.2238443076923077
0.23218892307692307
0.23093723076923076
0.22530461538461538
0.21696000000000001
0.200688
0.1666836923076923
0.11640738461538462
0.07155507692307693
0.029414769230769227
-0.011473846153846154
-0.05236246153846154
-0.10159569230769232
-0.13852061538461538
-0.15562707692307692
-0.15562707692307692
-0.127464
-0.0892873846153846
-0.0448523076923077
0.012308307692307691
0.058829538461538454
0.09679753846153846
0.11578153846153846
0.11473846153846154
0.0936683076923077
0.04860738461538461
-0.0008344615384615384
-0.05590892307692308
-0.10201292307692307
-0.14144123076923076
-0.17023015384615386
-0.15875630769230767
-0.12558646153846154
-0.065088
0.017315076923076923
0.07948246153846153
0.13226215384615383
0.16730953846153845
0.18232984615384615
0.18107815384615383
0.14018953846153845
0.07343261538461537
-0.007927384615384614
-0.08699261538461538
-0.14811692307692306
-0.1977673846153846
-0.22697353846153845
-0.2357353846153846
-0.2194633846153846
-0.17419384615384614
-0.111192
-0.040262769230769234
0.015020307692307692
0.05653476923076922
0.09596307692307693
0.13706030769230768
0.16730953846153845
0.16730953846153845
0.146448
0.10389046153846154
0.04672984615384615
-0.019609846153846155
-0.08469784615384615
-0.14561353846153846
-0.19213476923076922
-0.20256553846153844
-0.1800350769230769
-0.12308307692307692
-0.03150092307692308
0.06988615384615385
0.168144
0.260352
0.327108923076923
0.3692492307692308
0.3684147692307692
0.31396615384615384
0.22864246153846152
0.12016246153846154
0.004798153846153846
-0.09158215384615384
-0.16084246153846155
-0.20360861538461536
-0.2073636923076923
-0.16876984615384616
-0.10138707692307691
-0.01710646153846154
0.06258461538461538
0.13080184615384613
0.18379015384615385
0.20944984615384615
0.2207150769230769
0.20778092307692309
0.1652233846153846
0.10055261538461538
0.01981846153846154
-0.05319692307692307
-0.12308307692307692
-0.18483323076923078
-0.23364923076923078
-0.2651501538461538
-0.268488
-0.25513661538461535
-0.21612553846153845
-0.16584923076923075
-0.10597661538461538
-0.033169846153846154
0.03567323076923076
0.0961716923076923
0.12725538461538463
0.13101046153846155
0.10868861538461538
0.06988615384615385
0.018358153846153843
-0.04401784615384615
-0.10889723076923077
-0.1777403076923077
-0.23177169230769232
-0.2574313846153846
-0.2532590769230769
-0.2221753846153846
-0.1637630769230769
-0.0934596923076923
-0.003755076923076923
0.09721476923076922
0.18712800000000002
0.2641070769230769
0.30144923076923075
0.301032
0.2666104615384615
0.20110523076923076
0.11452984615384615
0.007510153846153846
-0.092208
-0.16167692307692308
-0.18900553846153845
-0.17502830769230768
-0.1353913846153846
-0.0771876923076923
-0.00855323076923077
0.07510153846153846
0.16021661538461537
0.21821169230769227
0.23656984615384613
0.20694646153846152
0.1435273846153846
0.07238953846153846
0.0029206153846153843
-0.065088
-0.12329169230769231
-0.16876984615384616
-0.1881710769230769
-0.16605784615384614
-0.11578153846153846
-0.04965046153846154
0.012934153846153845
0.05528307692307692
0.07906523076923076
0.08636676923076922
0.08448923076923077
0.06300184615384616
0.02586830769230769
-0.01043076923076923
-0.03504738461538461
-0.03150092307692308
-0.0008344615384615384
0.04276615384615385
0.08386338461538462
0.11432123076923076
0.14436184615384615
0.18066092307692305
0.20819815384615384
0.20798953846153845
0.17398523076923075
0.11974523076923077
0.06049846153846154
0.007510153846153846
-0.03880246153846154
-0.08031692307692308
-0.11327815384615383
-0.12537784615384615
-0.09825784615384614
-0.04756430769230769
0.002086153846153846
0.04318338461538461
0.06696553846153847
0.08782707692307692
0.12245723076923076
0.11140061538461538
0.09053907692307692
0.03859384615384615
-0.024408000000000003
-0.06008123076923077
-0.0717636923076923
0.06195876923076923
0.06800861538461538
0.03275261538461539
0.061124307692307686
0.009387692307692307
0.07113784615384615
0.014185846153846153
-0.1045163076923077
-0.22530461538461538
-0.3744646153846154
-0.31751261538461534
-0.2845513846153846
-0.22947692307692308
-0.16292861538461537
-0.11223507692307692
0.10514215384615383
0.28017046153846153
0.4758516923076923
0.5601323076923077
0.4353803076923077
0.3508910769230769
0.17899199999999998
0.03024923076923077
-0.10952307692307692
-0.33983446153846153
-0.4318338461538461
-0.5444861538461538
-0.5661821538461538
-0.3949089230769231
-0.25993476923076925
-0.02482523076923077
0.16438892307692307
0.28851507692307693
0.44414215384615385
0.4762689230769231
0.5182006153846154
0.48294461538461536
0.30562153846153844
0.12204
-0.0855323076923077
-0.21696000000000001
-0.3133403076923077
-0.4387181538461538
-0.5056836923076923
-0.5578375384615384
-0.508187076923077
-0.3542289230769231
-0.2342750769230769
-0.10618523076923077
-0.013142769230769229
0.08031692307692308
0.22488738461538463
0.2853858461538461
0.31688676923076925
0.3068732307692308
0.23177169230769232
0.2090326153846154
0.165432
0.09930092307692308
0.002712
-0.13852061538461538
-0.24074215384615386
-0.32502276923076917
-0.360696
-0.35235138461538457
-0.3054129230769231
-0.1942209230769231
-0.07948246153846153
0.09074769230769231
0.29331323076923077
0.4476886153846154
0.591216
0.6521316923076923
0.6425353846153846
0.5870436923076923
0.4387181538461538
0.2703655384615385
0.05924676923076923
-0.16334584615384617
-0.30562153846153844
-0.40700861538461536
-0.4478972307692307
-0.4389267692307692
-0.3884418461538462
-0.2424110769230769
-0.04819015384615385
0.15959076923076923
0.3410861538461538
0.4685501538461538
0.5665993846153846
0.5843316923076923
0.5317606153846154
0.41556184615384617
0.2154996923076923
0.028788923076923077
-0.14811692307692306
-0.301032
-0.37258707692307685
-0.42265476923076917
-0.41034646153846155
-0.34651015384615386
-0.2572227692307692
-0.100344
0.05862092307692307
0.19296923076923078
0.2912270769230769
0.3323243076923077
0.3421292307692308
0.3187643076923077
0.28392553846153845
0.23198030769230768
0.15228923076923076
0.06863446153846153
-0.03296123076923077
-0.1070196923076923
-0.14999446153846155
-0.1867107692307692
-0.1881710769230769
-0.19046584615384615
-0.17565415384615385
-0.10535076923076922
-0.028788923076923077
0.040262769230769234
0.07781353846153846
0.08866153846153846
0.12141415384615384
0.13789476923076924
0.13205353846153844
0.09033046153846153
-0.0029206153846153843
-0.07906523076923076
-0.1353913846153846
-0.16584923076923075
-0.16856123076923077
-0.1858763076923077
-0.19463815384615382
-0.1990190769230769
-0.18545907692307692
-0.14749107692307692
-0.12204
-0.08073415384615384
-0.04401784615384615
-0.010848
0.0448523076923077
0.084072
0.13664307692307692
0.17231630769230769
0.15291507692307693
0.13643446153846153
0.10764553846153846
0.07614461538461538
0.042974769230769226
-0.014603076923076923
-0.06571384615384615
-0.12412615384615384
-0.15416676923076922
-0.1424843076923077
-0.1316363076923077
-0.1097316923076923
-0.10368184615384615
-0.08636676923076922
-0.04380923076923077
-0.01814953846153846
0.021278769230769233
0.04652123076923077
0.06759138461538462
0.09930092307692308
0.09554584615384615
0.0855323076923077
0.06070707692307692
0.01043076923076923
-0.05069353846153846
-0.12934153846153845
-0.18963138461538462
-0.22572184615384616
-0.2526332307692308
-0.2532590769230769
-0.23677846153846152
-0.19985353846153847
-0.13518276923076925
-0.05590892307692308
0.03379569230769231
0.10764553846153846
0.16271999999999998
0.21049292307692305
0.23469230769230767
0.23656984615384613
0.20319138461538463
0.14269292307692305
0.08866153846153846
0.028788923076923077
-0.02795446153846154
-0.07739630769230768
-0.12391753846153845
-0.143736
-0.13852061538461538
-0.10868861538461538
-0.06195876923076923
-0.004172307692307692
0.06404492307692307
0.13121907692307694
0.19171753846153847
0.23844738461538462
0.268488
0.2807963076923077
0.2751636923076923
0.23364923076923078
0.1585476923076923
0.06133292307692308
-0.03567323076923076
-0.11640738461538462
-0.16751815384615384
-0.1785747692307692
-0.17419384615384614
-0.14060676923076923
-0.0771876923076923
0.011265230769230769
0.11473846153846154
0.19004861538461537
0.2357353846153846
0.25367630769230765
0.24637476923076923
0.2273907692307692
0.18900553846153845
0.14164984615384615
0.08490646153846154
0.02023569230769231
-0.02524246153846154
-0.05674338461538461
-0.06905169230769231
-0.06884307692307692
-0.08824430769230769
-0.09596307692307693
-0.07614461538461538
-0.046104
-0.0016689230769230767
0.03504738461538461
0.06842584615384616
0.09679753846153846
0.10660246153846153
0.1178676923076923
0.12370892307692308
0.11390399999999999
0.08469784615384615
0.052153846153846155
0.03838523076923077
0.03275261538461539
0.025033846153846153
0.006884307692307692
-0.005215384615384615
-0.007510153846153846
-0.007301538461538462
-0.010639384615384617
-0.037342153846153844
-0.07343261538461537
-0.10013538461538461
-0.10952307692307692
-0.09512861538461538
-0.06195876923076923
-0.02211323076923077
0.019192615384615384
0.07030338461538461
0.11599015384615384
0.13998092307692306
0.13351384615384615
0.08073415384615384
0.006884307692307692
-0.05653476923076922
-0.1136953846153846
-0.15750461538461538
-0.1867107692307692
-0.21111876923076925
-0.21675138461538462
-0.19755876923076923
-0.146448
-0.07072061538461538
-0.011473846153846154
0.031918153846153846
0.07259815384615384
0.11327815384615383
0.15771323076923077
0.17148184615384612
0.15646153846153846
0.11891076923076922
0.06613107692307692
0.02482523076923077
-0.018775384615384614
-0.059664
-0.10868861538461538
-0.15813046153846153
-0.17231630769230769
-0.157296
-0.11682461538461539
-0.07948246153846153
-0.05173661538461538
-0.021696
0.005424
0.04568676923076923
0.07656184615384615
0.08365476923076923
0.07468430769230769
0.04839876923076923
0.02899753846153846
0.016480615384615385
0.0006258461538461538
-0.03296123076923077
-0.09137353846153846
-0.14811692307692306
-0.1908830769230769
-0.2288510769230769
-0.2670276923076923
-0.30374399999999996
-0.31542646153846154
-0.2737033846153846
-0.18212123076923076
-0.05277969230769231
0.08761846153846153
0.2140393846153846
0.32731753846153844
0.4170221538461538
0.4725138461538462
0.4808584615384615
0.41681353846153846
0.29185292307692307
0.13601723076923075
-0.027120000000000002
-0.1800350769230769
-0.3035353846153846
-0.37550769230769226
-0.3942830769230769
-0.3448412307692308
-0.2261390769230769
-0.05319692307692307
0.1395636923076923
0.3148006153846154
0.46896738461538456
0.5795335384615384
0.628140923076923
0.6031070769230769
0.4987993846153846
0.32606584615384615
0.10096984615384616
-0.1205796923076923
-0.30937661538461536
-0.45665907692307695
-0.5438603076923076
-0.5645132307692308
-0.5058923076923076
-0.3817661538461538
-0.21466523076923077
-0.021070153846153846
0.16876984615384616
0.33002953846153843
0.46041415384615386
0.5346812307692307
0.5457378461538461
0.49379261538461533
0.371544
0.21904615384615383
0.05674338461538461
-0.09512861538461538
-0.22154953846153846
-0.3319070769230769
-0.4086775384615385
-0.43704923076923075
-0.4141015384615384
-0.34358953846153845
-0.2411593846153846
-0.11640738461538462
0.017523692307692306
0.14665661538461539
0.26306399999999996
0.34922215384615385
0.3890676923076923
0.37738523076923075
0.31772123076923076
0.22530461538461538
0.10368184615384615
-0.03650769230769231
-0.18274707692307693
-0.32189353846153845
-0.42182030769230766
-0.46896738461538456
-0.4599969230769231
-0.39762092307692304
-0.2920615384615385
-0.16042523076923076
-0.014394461538461538
0.13810338461538463
0.27975323076923075
0.3813489230769231
0.43579753846153846
0.44038707692307694
0.3821833846153846
0.2799618461538461
0.14457046153846154
-0.016897846153846156
-0.18212123076923076
-0.33295015384615384
-0.431208
-0.4660467692307692
-0.4451852307692308
-0.3686233846153846
-0.25701415384615384
-0.11286092307692308
0.04756430769230769
0.200688
0.3239796923076923
0.3947003076923077
0.409512
0.3734215384615384
0.2926873846153846
0.1860849230769231
0.07030338461538461
-0.04819015384615385
-0.14686523076923075
-0.21779446153846155
-0.2411593846153846
-0.22426153846153846
-0.18483323076923078
-0.11891076923076922
-0.04672984615384615
0.035464615384615386
0.11140061538461538
0.16292861538461537
0.19171753846153847
0.1860849230769231
0.15750461538461538
0.0974233846153846
0.04047138461538462
-0.0033378461538461535
-0.042557538461538466
-0.056326153846153845
-0.06988615384615385
-0.07113784615384615
-0.08073415384615384
-0.10493353846153847
-0.13247076923076923
-0.18274707692307693
-0.2273907692307692
-0.2582658461538461
-0.27412061538461535
-0.2707827692307692
-0.26765353846153844
-0.2578486153846154
-0.2426196923076923
-0.22718215384615387
-0.1341396923076923
-0.001043076923076923
0.15813046153846153
0.35193415384615384
0.4848221538461538
0.6229255384615384
0.6978184615384615
0.7074147692307692
0.648168
0.46250030769230766
0.2709913846153846
0.02211323076923077
-0.20110523076923076
-0.39344861538461534
-0.545112
-0.5812024615384616
-0.5588806153846154
-0.40700861538461536
-0.20193969230769232
0.03400430769230769
0.2995716923076923
0.5104818461538462
0.6625624615384615
0.6884307692307692
0.5755698461538461
0.3915710769230769
0.15228923076923076
-0.12516923076923075
-0.3836436923076923
-0.5987261538461538
-0.7080406153846154
-0.6754966153846154
-0.536976
-0.314592
-0.08031692307692308
0.1397723076923077
0.3321156923076923
0.46145723076923073
0.51528
0.4852393846153846
0.38948492307692306
0.26619323076923074
0.15500123076923078
0.065088
-0.009387692307692307
-0.06341907692307691
-0.09325107692307691
-0.1151556923076923
-0.11911938461538461
-0.10576799999999999
-0.08198584615384615
-0.04672984615384615
-0.02753723076923077
-0.021278769230769233
-0.021904615384615383
-0.02858030769230769
-0.018775384615384614
0.003129230769230769
0.02899753846153846
0.07134646153846153
0.13789476923076924
0.21779446153846155
0.28476
0.30186646153846153
0.2422024615384615
0.12433476923076923
-0.024408000000000003
-0.19672430769230767
-0.36778892307692307
-0.5056836923076923
-0.5782818461538461
-0.5390621538461537
-0.3984553846153846
-0.18775384615384613
0.06550523076923077
0.29644246153846154
0.4850307692307692
0.6054018461538461
0.6289753846153846
0.5703544615384616
0.43704923076923075
0.2638984615384615
0.07051199999999999
-0.12266584615384615
-0.2782929230769231
-0.3744646153846154
-0.39866399999999996
-0.36966646153846155
-0.29498215384615384
-0.17377661538461536
-0.024199384615384616
0.14018953846153845
0.28788923076923073
0.37008369230769234
0.4030449230769231
0.3821833846153846
0.3072904615384615
0.2056947692307692
0.06863446153846153
-0.06216738461538462
-0.15520984615384617
-0.18921415384615384
-0.16271999999999998
-0.10555938461538462
-0.023782153846153845
0.0717636923076923
0.16334584615384617
0.22467876923076924
0.24053353846153847
0.20256553846153844
0.12558646153846154
0.031709538461538456
-0.05862092307692307
-0.1289243076923077
-0.17169046153846151
-0.18170399999999998
-0.16334584615384617
-0.10243015384615384
-0.018775384615384614
0.053614153846153846
0.09784061538461537
0.10013538461538461
0.06383630769230769
-0.006258461538461538
-0.10159569230769232
-0.20339999999999997
-0.2851772307692308
-0.3408775384615384
-0.3609046153846154
-0.34358953846153845
-0.28350830769230767
-0.18128676923076922
-0.07510153846153846
0.029623384615384614
0.12829846153846153
0.21612553846153845
0.27474646153846155
0.2849686153846154
0.241368
0.15082892307692305
0.049233230769230765
-0.04088861538461538
-0.11286092307692308
-0.16480615384615382
-0.1869193846153846
-0.17502830769230768
-0.10430769230769231
0.010222153846153844
0.14457046153846154
0.2791273846153846
0.36674584615384614
0.4228633846153846
0.4408043076923077
0.41618769230769226
0.3609046153846154
0.26368984615384616
0.15959076923076923
0.06487938461538462
-0.015020307692307692
-0.06300184615384616
-0.09241661538461539
-0.103056
-0.10910584615384614
-0.10159569230769232
-0.07301538461538462
-0.06341907692307691
-0.059038153846153844
-0.06425353846153846
-0.07635323076923077
-0.07197230769230768
-0.05945538461538461
-0.022530461538461537
0.02482523076923077
0.06341907692307691
0.10576799999999999
0.14936861538461538
0.18379015384615385
0.20861538461538462
0.20486030769230767
0.16063384615384615
0.09721476923076922
0.021278769230769233
-0.05507446153846154
-0.13247076923076923
-0.20798953846153845
-0.2411593846153846
-0.2275993846153846
-0.1777403076923077
-0.09116492307692307
0.006675692307692307
0.09867507692307692
0.1800350769230769
0.23469230769230767
0.24700061538461537
0.20235692307692305
0.11640738461538462
-0.0014603076923076922
-0.13476553846153844
-0.25159015384615385
-0.3460929230769231
-0.40054153846153845
-0.4174393846153846
-0.39011076923076926
-0.3087507692307692
-0.19380369230769232
-0.06550523076923077
0.05778646153846154
0.15145476923076923
0.21049292307692305
0.2290596923076923
0.20027076923076922
0.130176
0.008970461538461538
-0.12537784615384615
-0.2480436923076923
-0.3321156923076923
-0.3617390769230769
-0.3460929230769231
-0.28893230769230765
-0.20506892307692307
-0.09325107692307691
0.023990769230769232
0.12537784615384615
0.18504184615384617
0.19296923076923078
0.15750461538461538
0.0963803076923077
0.021278769230769233
-0.06654830769230768
-0.15208061538461537
-0.21696000000000001
-0.2426196923076923
-0.22634769230769228
-0.1733593846153846
-0.10159569230769232
-0.028163076923076923
0.03629907692307692
0.10138707692307691
0.165432
0.21091015384615383
0.22718215384615387
0.19651569230769228
0.14039815384615384
0.08073415384615384
0.024408000000000003
-0.01710646153846154
-0.05048492307692308
-0.07134646153846153
-0.08094276923076923
-0.06404492307692307
-0.012308307692307691
0.04130584615384615
0.0855323076923077
0.116616
0.13393107692307693
0.14936861538461538
0.15333230769230768
0.13768615384615385
0.09450276923076922
0.03483876923076923
-0.016897846153846156
-0.05820369230769231
-0.08219446153846154
-0.10263876923076923
-0.12788123076923075
-0.14916
-0.1666836923076923
-0.17294215384615383
-0.17023015384615386
-0.16230276923076925
-0.138312
-0.10535076923076922
-0.06133292307692308
-0.004798153846153846
0.050067692307692306
0.10430769230769231
0.13998092307692306
0.15541846153846153
0.16105107692307694
0.14707384615384617
0.11411261538461538
0.05674338461538461
-0.004589538461538461
-0.05090215384615384
-0.08094276923076923
-0.07510153846153846
-0.05236246153846154
-0.01043076923076923
0.05298830769230769
0.12099692307692309
0.1994363076923077
0.25513661538461535
0.2782929230769231
0.2737033846153846
0.23448369230769228
0.18086953846153844
0.11181784615384616
0.025659692307692307
-0.06300184615384616
-0.14957723076923077
-0.21132738461538458
-0.23844738461538462
-0.2357353846153846
-0.20298276923076922
-0.15938215384615384
-0.10618523076923077
-0.03901107692307692
0.028788923076923077
0.08720123076923077
0.12558646153846154
0.13372246153846154
0.11807630769230769
0.08010830769230769
0.03150092307692308
-0.014603076923076923
-0.06404492307692307
-0.09512861538461538
-0.09533723076923077
-0.07113784615384615
-0.02899753846153846
0.004798153846153846
0.026702769230769228
0.03629907692307692
0.037967999999999995
0.043600615384615383
0.042348923076923076
0.03150092307692308
0.0029206153846153843
-0.02357353846153846
-0.03233538461538461
-0.014394461538461538
0.026285538461538457
0.06341907692307691
0.10639384615384614
0.1462393846153846
0.1718990769230769
0.18191261538461537
0.17002153846153847
0.132888
0.07948246153846153
0.028163076923076923
-0.017315076923076923
-0.04380923076923077
-0.05444861538461539
-0.04839876923076923
-0.02211323076923077
0.028788923076923077
0.10472492307692308
0.17294215384615383
0.22467876923076924
0.2574313846153846
0.2659846153846154
0.25117292307692307
0.21654276923076923
0.165432
0.09867507692307692
0.028163076923076923
-0.03880246153846154
-0.09053907692307692
-0.12788123076923075
-0.14749107692307692
-0.15354092307692307
-0.138312
-0.0936683076923077
-0.034630153846153845
0.03838523076923077
0.09784061538461537
0.13789476923076924
0.15750461538461538
0.15500123076923078
0.132888
0.0892873846153846
0.028163076923076923
-0.040262769230769234
-0.09554584615384615
-0.1356
-0.15291507692307693
-0.15354092307692307
-0.13330523076923076
-0.09408553846153846
-0.04735569230769231
0.0029206153846153843
0.055491692307692304
0.10430769230769231
0.12788123076923075
0.13038461538461538
0.12642092307692307
0.11724184615384614
0.0988836923076923
0.0717636923076923
0.0446436923076923
0.017523692307692306
-0.015854769230769228
-0.03942830769230769
-0.05820369230769231
-0.08156861538461539
-0.09721476923076922
-0.11098338461538461
-0.11160923076923077
-0.1028473846153846
-0.09804923076923076
-0.08761846153846153
-0.06633969230769231
-0.026285538461538457
0.02315630769230769
0.05716061538461538
0.07072061538461538
0.05820369230769231
0.029832
-0.0012516923076923076
-0.04985907692307692
-0.09575446153846154
-0.14060676923076923
-0.1783661538461538
-0.1794092307692308
-0.15771323076923077
-0.1097316923076923
-0.054240000000000003
0.014185846153846153
0.09199938461538461
0.16418030769230768
0.22822523076923076
0.2601433846153846
0.2751636923076923
0.2632726153846154
0.23198030769230768
0.19338646153846153
0.1504116923076923
0.11202646153846153
0.06362769230769232
0.015020307692307692
-0.020652923076923076
-0.03755076923076923
-0.028788923076923077
-0.005841230769230769
0.02273907692307692
0.056951999999999996
0.08574092307692306
0.11473846153846154
0.1462393846153846
0.1570873846153846
0.1435273846153846
0.10848000000000001
0.0609156923076923
0.011265230769230769
-0.04672984615384615
-0.09971815384615385
-0.13372246153846154
-0.14519630769230768
-0.13121907692307694
-0.09471138461538461
-0.041514461538461535
0.009804923076923077
0.045895384615384616
0.07343261538461537
0.08991323076923076
0.08949599999999999
0.08115138461538463
0.033169846153846154
-0.04380923076923077
-0.09804923076923076
-0.138312
-0.1397723076923077
-0.116616
-0.092208
-0.05674338461538461
0.001043076923076923
0.10618523076923077
0.18775384615384613
0.23156307692307693
0.20027076923076922
0.11098338461538461
0.01814953846153846
-0.0448523076923077
-0.09304246153846155
-0.23469230769230767
-0.33670523076923076
-0.4042966153846154
-0.3947003076923077
-0.2780843076923077
-0.16271999999999998
-0.02086153846153846
0.07259815384615384
0.21341353846153846
0.35860984615384617
0.43663199999999996
0.47418276923076924
0.3642424615384615
0.23135446153846154
0.07906523076923076
-0.09325107692307691
-0.19380369230769232
-0.3252313846153846
-0.41681353846153846
-0.43934399999999996
-0.42703569230769234
-0.314592
-0.18796246153846152
-0.035255999999999996
0.1218313846153846
0.18796246153846152
0.2620209230769231
0.3081249230769231
0.31208861538461535
0.2989458461538462
0.20381723076923075
0.09658892307692307
-0.027745846153846152
-0.12913292307692306
-0.15959076923076923
-0.20298276923076922
-0.22718215384615387
-0.22843384615384613
-0.19672430769230767
-0.10201292307692307
-0.03233538461538461
0.02211323076923077
0.06425353846153846
0.073224
0.11098338461538461
0.1397723076923077
0.15333230769230768
0.1696043076923077
0.15416676923076922
0.14123261538461537
0.12099692307692309
0.073224
0.015228923076923076
-0.07885661538461539
-0.17481969230769231
-0.2503384615384615
-0.3127144615384615
-0.32982092307692307
-0.32564861538461537
-0.28204799999999997
-0.200688
-0.10368184615384615
0.014185846153846153
0.10848000000000001
0.1883796923076923
0.2225926153846154
0.19735015384615384
0.1652233846153846
0.09325107692307691
-0.017732307692307693
-0.13622584615384614
-0.24866953846153847
-0.31667815384615383
-0.3490135384615385
-0.3415033846153846
-0.287472
-0.208824
-0.06988615384615385
0.09763200000000001
0.24741784615384615
0.36778892307692307
0.4318338461538461
0.46396061538461536
0.4460196923076923
0.3686233846153846
0.25367630769230765
0.09137353846153846
-0.06654830769230768
-0.1881710769230769
-0.2643156923076923
-0.2689052307692308
-0.2355267692307692
-0.16480615384615382
-0.05173661538461538
0.06321046153846153
0.1804523076923077
0.26869661538461537
0.30416123076923074
0.28893230769230765
0.22175815384615383
0.143736
0.05799507692307692
-0.029623384615384614
-0.10576799999999999
-0.1733593846153846
-0.21237046153846154
-0.23010276923076922
-0.21508246153846153
-0.16251138461538459
-0.10868861538461538
-0.05027630769230769
0.0029206153846153843
0.052153846153846155
0.10827138461538462
0.13706030769230768
0.14853415384615384
0.13518276923076925
0.09387692307692307
0.06133292307692308
0.02899753846153846
-0.008136
-0.050067692307692306
-0.09325107692307691
-0.11181784615384616
-0.1045163076923077
-0.07802215384615384
-0.04109723076923077
-0.008136
0.029206153846153847
0.06675692307692307
0.10222153846153846
0.13622584615384614
0.1531236923076923
0.16501476923076921
0.17481969230769231
0.16710092307692306
0.15333230769230768
0.111192
0.05799507692307692
0.015020307692307692
-0.03921969230769231
-0.086784
-0.12558646153846154
-0.14728246153846153
-0.13935507692307691
-0.10222153846153846
-0.04401784615384615
0.03024923076923077
0.11411261538461538
0.19150892307692308
0.25555384615384613
0.29227015384615385
0.2943563076923077
0.25513661538461535
0.17628
0.06884307692307692
-0.05444861538461539
-0.16021661538461537
-0.2415766153846154
-0.2937304615384615
-0.3079163076923077
-0.292896
-0.22864246153846152
-0.13205353846153844
-0.012934153846153845
0.100344
0.16626646153846153
0.2138307692307692
0.22822523076923076
0.21049292307692305
0.16230276923076925
0.078648
-0.006467076923076923
-0.08615815384615384
-0.1368516923076923
-0.15792184615384616
-0.15354092307692307
-0.13476553846153844
-0.11098338461538461
-0.05799507692307692
0.012308307692307691
0.078648
0.13247076923076923
0.16334584615384617
0.17669723076923077
0.17502830769230768
0.1506203076923077
0.12516923076923075
0.09387692307692307
0.040054153846153843
-0.017732307692307693
-0.06967753846153846
-0.10618523076923077
-0.12767261538461538
-0.14519630769230768
-0.15813046153846153
-0.16105107692307694
-0.15395815384615386
-0.12913292307692306
-0.10076123076923077
-0.08428061538461538
-0.073224
-0.0609156923076923
-0.02545107692307692
0.024616615384615383
0.07113784615384615
0.0934596923076923
0.08720123076923077
0.06967753846153846
0.049233230769230765
0.03358707692307692
0.0016689230769230767
-0.046104
-0.08010830769230769
-0.08991323076923076
-0.06592246153846154
-0.011473846153846154
0.043392
0.09804923076923076
0.16105107692307694
0.21988061538461537
0.27432923076923077
0.3081249230769231
0.3072904615384615
0.2774584615384615
0.2238443076923077
0.16188553846153847
0.09700615384615385
0.032544
-0.03045784615384615
-0.0853236923076923
-0.10535076923076922
-0.09450276923076922
-0.05736923076923077
-0.004172307692307692
0.04819015384615385
0.09512861538461538
0.13184492307692308
0.15875630769230767
0.16772676923076923
0.15270646153846154
0.11223507692307692
0.0609156923076923
0.011473846153846154
-0.029206153846153847
-0.06070707692307692
-0.09137353846153846
-0.11452984615384615
-0.1205796923076923
-0.10493353846153847
-0.06863446153846153
-0.024199384615384616
0.01668923076923077
0.043600615384615383
0.05924676923076923
0.07906523076923076
0.09325107692307691
0.08824430769230769
0.059872615384615385
0.021487384615384613
-0.007510153846153846
-0.023364923076923075
-0.02858030769230769
-0.03504738461538461
-0.04965046153846154
-0.056951999999999996
-0.05090215384615384
-0.03859384615384615
-0.02357353846153846
-0.012308307692307691
0.0014603076923076922
0.02545107692307692
0.05277969230769231
0.0855323076923077
0.11452984615384615
0.1356
0.14853415384615384
0.1422756923076923
0.12120553846153845
0.08177723076923075
0.03045784615384615
-0.02586830769230769
-0.08156861538461539
-0.11765907692307691
-0.1341396923076923
-0.1287156923076923
-0.10576799999999999
-0.07510153846153846
-0.03129230769230769
0.02044430769230769
0.07614461538461538
0.11682461538461539
0.12037107692307693
0.09095630769230768
0.03671630769230769
-0.020652923076923076
-0.08907876923076924
-0.16981292307692308
-0.24637476923076923
-0.30708184615384615
-0.330864
-0.31083692307692307
-0.25284184615384614
-0.1760713846153846
-0.0936683076923077
-0.01272553846153846
0.06279323076923077
0.12558646153846154
0.15896492307692306
0.1570873846153846
0.1287156923076923
0.08782707692307692
0.03963692307692308
-0.006884307692307692
-0.04693846153846153
-0.08073415384615384
-0.09283384615384616
-0.08386338461538462
-0.050067692307692306
0.0002086153846153846
0.05069353846153846
0.09179076923076923
0.11432123076923076
0.12683815384615382
0.12162276923076921
0.10764553846153846
0.08949599999999999
0.06195876923076923
0.04276615384615385
0.03609046153846154
0.03024923076923077
0.018983999999999997
0.001043076923076923
-0.023990769230769232
-0.052153846153846155
-0.08574092307692306
-0.11390399999999999
-0.13998092307692306
-0.17544553846153846
-0.19150892307692308
-0.1802436923076923
-0.1356
-0.06613107692307692
0.003129230769230769
0.07072061538461538
0.12996738461538462
0.17628
0.20965846153846154
0.21842030769230766
0.19588984615384614
0.14978584615384616
0.07426707692307692
-0.004172307692307692
-0.07197230769230768
-0.12767261538461538
-0.1506203076923077
-0.14811692307692306
-0.10535076923076922
-0.026702769230769228
0.07009476923076922
0.16438892307692307
0.23344061538461539
0.27328615384615385
0.27453784615384613
0.24554030769230767
0.18921415384615384
0.10618523076923077
0.01668923076923077
-0.06926030769230769
-0.13434830769230768
-0.17544553846153846
-0.20444307692307692
-0.20798953846153845
-0.1881710769230769
-0.15395815384615386
-0.09512861538461538
-0.02586830769230769
0.029206153846153847
0.06675692307692307
0.07948246153846153
0.08073415384615384
0.07092923076923077
0.04380923076923077
0.0016689230769230767
-0.052571076923076915
-0.09721476923076922
-0.12767261538461538
-0.13789476923076924
-0.1353913846153846
-0.12329169230769231
-0.1028473846153846
-0.08094276923076923
-0.05194523076923077
-0.022530461538461537
-0.006675692307692307
-0.006049846153846154
-0.012099692307692308
-0.018983999999999997
-0.024616615384615383
-0.02899753846153846
-0.040679999999999994
-0.059038153846153844
-0.0771876923076923
-0.08302892307692307
-0.06988615384615385
-0.05027630769230769
-0.022947692307692308
0.008136
0.03963692307692308
0.07468430769230769
0.11056615384615384
0.14311015384615386
0.16480615384615382
0.173568
0.1792006153846154
0.17544553846153846
0.16230276923076925
0.13601723076923075
0.09053907692307692
0.04214030769230769
0.0025033846153846152
-0.017315076923076923
-0.03024923076923077
-0.032544
-0.02315630769230769
0.008970461538461538
0.06362769230769232
0.1289243076923077
0.2021483076923077
0.2509643076923077
0.28017046153846153
0.28121353846153846
0.252216
0.19714153846153845
0.09971815384615385
-0.005215384615384615
-0.10681107692307691
-0.1910916923076923
-0.22801661538461537
-0.24908676923076922
-0.24449723076923074
-0.23364923076923078
-0.20319138461538463
-0.1462393846153846
-0.084072
-0.027328615384615382
-0.009179076923076922
0.008970461538461538
0.03108369230769231
0.0961716923076923
0.19839323076923077
0.3698750769230769
0.45269538461538456
0.46542092307692307
0.5373932307692307
0.5129852307692307
0.527171076923077
0.4216116923076923
0.18629353846153843
-0.0678
-0.38426953846153844
-0.5592978461538461
-0.747468923076923
-0.8882843076923077
-0.9339710769230769
-0.9095630769230768
-0.6512972307692307
-0.328152
0.08031692307692308
0.45916246153846146
0.6907255384615385
0.8824430769230769
0.9001753846153846
0.8077587692307693
0.585792
0.1908830769230769
-0.1804523076923077
-0.5870436923076923
-0.9147784615384615
-1.042033846153846
-1.0893895384615384
-0.9441932307692308
-0.7036596923076923
-0.41535323076923075
-0.02482523076923077
0.3327415384615385
0.6907255384615385
0.9533723076923077
1.0626867692307693
1.0795846153846154
0.9646375384615384
0.7879403076923077
0.5192436923076923
0.15166338461538462
-0.20778092307692309
-0.5540824615384615
-0.7825163076923077
-0.8870326153846153
-0.9122750769230769
-0.8079673846153845
-0.631896
-0.37717661538461533
-0.06425353846153846
0.20798953846153845
0.45686769230769225
0.6558867692307692
0.7737544615384615
0.8521938461538461
0.834252923076923
0.7182627692307693
0.5129852307692307
0.21654276923076923
-0.0961716923076923
-0.42077723076923074
-0.7080406153846154
-0.9308418461538461
-1.0591403076923076
-1.0462061538461538
-0.9396036923076923
-0.6892652307692307
-0.32231076923076923
0.0744756923076923
0.5019286153846154
0.8695089230769231
1.1467587692307692
1.300716923076923
1.2640006153846153
1.103158153846154
0.8029606153846153
0.4128498461538462
0.024199384615384616
-0.3752990769230769
-0.7109612307692308
-0.961716923076923
-1.0870947692307693
-1.0462061538461538
-0.8776449230769231
-0.5985175384615384
-0.26932246153846157
0.10743692307692307
0.5067267692307692
0.836964923076923
1.0635212307692308
1.1392486153846153
1.0482923076923076
0.8490646153846154
0.5517876923076923
0.200688
-0.14060676923076923
-0.4821101538461538
-0.7541446153846154
-0.9179076923076923
-0.9727735384615385
-0.8830689230769231
-0.6992787692307693
-0.44643692307692306
-0.14811692307692306
0.13747753846153846
0.39866399999999996
0.5941366153846154
0.7163852307692308
0.763115076923077
0.7170110769230769
0.6056104615384615
0.4268270769230769
0.2140393846153846
-0.012934153846153845
-0.23761292307692305
-0.41368430769230763
-0.5424
-0.6006036923076923
-0.5862092307692308
-0.5248763076923078
-0.42244615384615386
-0.28434276923076923
-0.10743692307692307
0.10848000000000001
0.31250584615384613
0.46542092307692307
0.5592978461538461
0.5789076923076923
0.5540824615384615
0.47230523076923075
0.3321156923076923
0.15124615384615384
-0.05674338461538461
-0.24074215384615386
-0.4076344615384615
-0.5338467692307692
-0.6024812307692308
-0.6212566153846153
-0.5524135384615385
-0.4320424615384615
-0.26911384615384615
-0.07551876923076924
0.11202646153846153
0.3047870769230769
0.45665907692307695
0.547824
0.570563076923077
0.5186178461538461
0.4193169230769231
0.2670276923076923
0.0853236923076923
-0.09950953846153845
-0.2870547692307692
-0.42787015384615384
-0.513611076923077
-0.5426086153846154
-0.49546153846153845
-0.40387938461538464
-0.2618123076923077
-0.10222153846153846
0.05236246153846154
0.2140393846153846
0.3344104615384615
0.42182030769230766
0.46542092307692307
0.44309907692307693
0.38343507692307693
0.292896
0.19317784615384614
0.08323753846153846
-0.02482523076923077
-0.09784061538461537
-0.1395636923076923
-0.14665661538461539
-0.1314276923076923
-0.10681107692307691
-0.084072
-0.06446215384615385
-0.027120000000000002
0.02899753846153846
0.07614461538461538
0.10514215384615383
0.11995384615384615
0.13247076923076923
0.1570873846153846
0.16647507692307692
0.15395815384615386
0.12162276923076921
0.06905169230769231
0.020652923076923076
-0.026285538461538457
-0.08094276923076923
-0.13726892307692307
-0.19380369230769232
-0.23490092307692306
-0.25555384615384613
-0.25200738461538463
-0.22697353846153845
-0.19755876923076923
-0.14936861538461538
-0.086784
-0.0004172307692307692
0.10618523076923077
0.20173107692307693
0.2822566153846154
0.3141747692307692
0.29748553846153847
0.254928
0.19067446153846154
0.10889723076923077
0.003129230769230769
-0.11244369230769231
-0.19964492307692308
-0.24074215384615386
-0.2355267692307692
-0.19735015384615384
-0.14936861538461538
-0.08761846153846153
-0.015646153846153844
0.06654830769230768
0.14081538461538462
0.1785747692307692
0.17544553846153846
0.1341396923076923
0.08887015384615385
0.054657230769230764
0.026076923076923077
-0.003755076923076923
-0.045060923076923075
-0.08991323076923076
-0.12433476923076923
-0.14957723076923077
-0.16772676923076923
-0.18232984615384615
-0.19609846153846153
-0.1948467692307692
-0.1783661538461538
-0.13622584615384614
-0.07510153846153846
-0.015228923076923076
0.05048492307692308
0.111192
0.17023015384615386
0.2221753846153846
0.2411593846153846
0.22718215384615387
0.17502830769230768
0.1028473846153846
0.03045784615384615
-0.04672984615384615
-0.11223507692307692
-0.16835261538461538
-0.21466523076923077
-0.21904615384615383
-0.19192615384615386
-0.14102399999999998
-0.06988615384615385
-0.0014603076923076922
0.07364123076923076
0.14477907692307693
0.1913003076923077
0.20256553846153844
0.16292861538461537
0.09158215384615384
0.005424
-0.08052553846153847
-0.15249784615384615
-0.208824
-0.2374043076923077
-0.24053353846153847
-0.22154953846153846
-0.17982646153846152
-0.1218313846153846
-0.05674338461538461
0.005424
0.051528
0.073224
0.08135999999999999
0.07489292307692308
0.058412307692307694
0.025033846153846153
-0.016063384615384615
-0.043600615384615383
-0.07030338461538461
-0.09283384615384616
-0.10764553846153846
-0.111192
-0.09825784615384614
-0.07051199999999999
-0.027120000000000002
0.023990769230769232
0.06529661538461538
0.09283384615384616
0.10806276923076923
0.11223507692307692
0.10952307692307692
0.08574092307692306
0.05444861538461539
0.024199384615384616
-0.006049846153846154
-0.027745846153846152
-0.04985907692307692
-0.05820369230769231
-0.056951999999999996
-0.04130584615384615
-0.0014603076923076922
0.04318338461538461
0.09283384615384616
0.12579507692307693
0.12996738461538462
0.11724184615384614
0.09053907692307692
0.05778646153846154
0.014603076923076923
-0.02357353846153846
-0.04109723076923077
-0.05319692307692307
-0.05611753846153846
-0.03504738461538461
0.006675692307692307
0.047981538461538464
0.08907876923076924
0.13330523076923076
0.16897846153846155
0.18212123076923076
0.1656406153846154
0.127464
0.07885661538461539
0.03692492307692308
0.003129230769230769
-0.017315076923076923
-0.02086153846153846
-0.005215384615384615
0.029414769230769227
0.08866153846153846
0.16251138461538459
0.22321846153846153
0.26786215384615386
0.2864289230769231
0.2849686153846154
0.2626467692307692
0.2090326153846154
0.14582215384615385
0.07927384615384615
0.023990769230769232
-0.011265230769230769
-0.031709538461538456
-0.03212676923076923
-0.029623384615384614
-0.01981846153846154
-0.0025033846153846152
0.018983999999999997
0.043600615384615383
0.04109723076923077
0.02586830769230769
-0.006258461538461538
-0.04860738461538461
-0.07885661538461539
-0.10535076923076922
-0.11077476923076923
-0.10868861538461538
-0.10055261538461538
-0.07760492307692309
-0.050067692307692306
-0.01856676923076923
0.0050067692307692304
0.017315076923076923
0.026494153846153844
0.033169846153846154
0.03233538461538461
0.021696
-0.0050067692307692304
-0.031918153846153846
-0.05069353846153846
-0.05069353846153846
-0.031918153846153846
-0.006049846153846154
0.026494153846153844
0.059872615384615385
0.0988836923076923
0.13622584615384614
0.16772676923076923
0.1846246153846154
0.18274707692307693
0.16021661538461537
0.12496061538461539
0.07697907692307693
0.013768615384615384
-0.052571076923076915
-0.124752
-0.1787833846153846
-0.20486030769230767
-0.21070153846153844
-0.19714153846153845
-0.17398523076923075
-0.143736
-0.09721476923076922
-0.05277969230769231
-0.013560000000000001
0.017732307692307693
0.026702769230769228
0.023782153846153845
0.0004172307692307692
-0.033169846153846154
-0.07802215384615384
-0.12788123076923075
-0.16689230769230767
-0.19860184615384616
-0.2075723076923077
-0.20027076923076922
-0.17252492307692308
-0.1205796923076923
-0.05590892307692308
0.029623384615384614
0.11452984615384615
0.18379015384615385
0.24178523076923078
0.27140861538461536
0.2716172307692308
0.24428861538461538
0.19338646153846153
0.13226215384615383
0.06550523076923077
-0.0012516923076923076
-0.05236246153846154
-0.07781353846153846
-0.07739630769230768
-0.05507446153846154
-0.015020307692307692
0.03504738461538461
0.09095630769230768
0.14916
0.19463815384615382
0.2261390769230769
0.23198030769230768
0.21320492307692307
0.1800350769230769
0.13184492307692308
0.07969107692307692
0.025659692307692307
-0.032544
-0.07551876923076924
-0.09283384615384616
-0.10618523076923077
-0.09450276923076922
-0.10013538461538461
-0.10138707692307691
-0.06592246153846154
-0.019609846153846155
0.05069353846153846
0.09429415384615383
0.11891076923076922
0.14477907692307693
0.17899199999999998
0.21675138461538462
0.3392086153846154
0.3314898461538462
0.15667015384615385
0.06571384615384615
-0.10138707692307691
-0.09825784615384614
-0.0963803076923077
-0.2937304615384615
-0.3738387692307692
-0.48294461538461536
-0.35297723076923077
-0.14457046153846154
-0.04652123076923077
0.07301538461538462
0.044435076923076924
0.21237046153846154
0.3780110769230769
0.45957969230769224
0.4919150769230769
0.23782153846153845
0.10263876923076923
-0.037967999999999995
-0.157296
-0.15604430769230768
-0.3540203076923077
-0.3903193846153846
-0.3884418461538462
-0.42369784615384615
-0.20277415384615383
-0.09179076923076923
0.05820369230769231
0.22488738461538463
0.18712800000000002
0.26306399999999996
0.2624381538461539
0.24449723076923074
0.26869661538461537
0.1097316923076923
-0.025659692307692307
-0.17377661538461536
-0.25367630769230765
-0.22447015384615385
-0.2887236923076923
-0.3291950769230769
-0.36799753846153843
-0.33607938461538456
-0.165432
-0.08302892307692307
-0.012516923076923077
0.042348923076923076
0.0678
0.21341353846153846
0.2832996923076923
0.2989458461538462
0.32335384615384616
0.24658338461538462
0.23156307692307693
0.200688
0.0853236923076923
-0.017315076923076923
-0.1856676923076923
-0.31041969230769234
-0.35923569230769226
-0.38009723076923074
-0.3314898461538462
-0.2411593846153846
-0.07697907692307693
0.07197230769230768
0.21153599999999997
0.36299076923076923
0.41973415384615387
0.4612486153846154
0.4128498461538462
0.2716172307692308
0.16209415384615386
-0.0043809230769230765
-0.14811692307692306
-0.26869661538461537
-0.409512
-0.442056
-0.44956615384615384
-0.41034646153846155
-0.3141747692307692
-0.23844738461538462
-0.0609156923076923
0.15208061538461537
0.31000246153846156
0.39636923076923075
0.38572984615384615
0.3713353846153846
0.2995716923076923
0.16230276923076925
0.005424
-0.2238443076923077
-0.37258707692307685
-0.42953907692307686
-0.4466455384615384
-0.3387913846153846
-0.241368
-0.124752
0.04985907692307692
0.1570873846153846
0.2855944615384615
0.36027876923076924
0.3467187692307692
0.31229723076923077
0.20277415384615383
0.0988836923076923
-0.010848
-0.11390399999999999
-0.17461107692307692
-0.23886461538461537
-0.2540935384615385
-0.2509643076923077
-0.21508246153846153
-0.12433476923076923
-0.06070707692307692
0.03755076923076923
0.12308307692307692
0.15416676923076922
0.22467876923076924
0.24700061538461537
0.2261390769230769
0.1783661538461538
0.08031692307692308
0.04652123076923077
0.027745846153846152
-0.02315630769230769
-0.07238953846153846
-0.14603076923076924
-0.1693956923076923
-0.14144123076923076
-0.09909230769230769
-0.03212676923076923
0.012099692307692308
0.06738276923076922
0.12808984615384614
0.17315076923076922
0.22676492307692306
0.23406646153846156
0.24345415384615382
0.25764
0.2157083076923077
0.1733593846153846
0.09804923076923076
0.026702769230769228
-0.008136
-0.084072
-0.14394461538461537
-0.17481969230769231
-0.1858763076923077
-0.13852061538461538
-0.08240307692307691
-0.020027076923076922
0.04526953846153846
0.09491999999999999
0.15813046153846153
0.18525046153846153
0.17085599999999998
0.12224861538461537
0.03588184615384615
-0.03692492307692308
-0.1205796923076923
-0.18942276923076923
-0.2154996923076923
-0.22947692307692308
-0.2075723076923077
-0.17544553846153846
-0.13267938461538462
-0.05194523076923077
0.027120000000000002
0.09179076923076923
0.11828492307692307
0.11432123076923076
0.11995384615384615
0.11035753846153845
0.06946892307692307
0.0012516923076923076
-0.08720123076923077
-0.16856123076923077
-0.21633415384615384
-0.21612553846153845
-0.19755876923076923
-0.1829556923076923
-0.14457046153846154
-0.08490646153846154
0.006884307692307692
0.09846646153846153
0.1424843076923077
0.17690584615384616
0.17461107692307692
0.14311015384615386
0.10597661538461538
0.037967999999999995
-0.023364923076923075
-0.08115138461538463
-0.1287156923076923
-0.13768615384615385
-0.12037107692307693
-0.07531015384615385
-0.022947692307692308
0.01981846153846154
0.05319692307692307
0.07802215384615384
0.10472492307692308
0.11536430769230768
0.08824430769230769
0.04088861538461538
-0.020652923076923076
-0.06842584615384616
-0.08761846153846153
-0.0961716923076923
-0.07259815384615384
-0.04714707692307692
-0.011473846153846154
0.05799507692307692
0.12433476923076923
0.18712800000000002
0.20131384615384615
0.16856123076923077
0.13372246153846154
0.0826116923076923
0.03150092307692308
-0.006049846153846154
-0.03859384615384615
-0.052571076923076915
-0.04214030769230769
0.003963692307692307
0.08094276923076923
0.14916
0.21153599999999997
0.2415766153846154
0.23803015384615384
0.22864246153846152
0.1910916923076923
0.14853415384615384
0.0974233846153846
0.031918153846153846
-0.017315076923076923
-0.05382276923076923
-0.06946892307692307
-0.05736923076923077
-0.04130584615384615
-0.015020307692307692
0.01940123076923077
0.053614153846153846
0.10535076923076922
0.13247076923076923
0.1205796923076923
0.09179076923076923
0.04631261538461538
-0.0006258461538461538
-0.05236246153846154
-0.10618523076923077
-0.15124615384615384
-0.17648861538461538
-0.16418030769230768
-0.12412615384615384
-0.06487938461538462
-0.0012516923076923076
0.04839876923076923
0.09074769230769231
0.11724184615384614
0.11995384615384615
0.10889723076923077
0.08720123076923077
0.06717415384615384
0.05528307692307692
0.04902461538461538
0.059038153846153844
0.07238953846153846
0.0853236923076923
0.09950953846153845
0.10389046153846154
0.10660246153846153
0.08428061538461538
0.05298830769230769
0.028788923076923077
-0.006258461538461538
-0.02232184615384615
-0.035464615384615386
-0.04172307692307692
-0.02482523076923077
-0.00855323076923077
0.02524246153846154
0.06946892307692307
0.10576799999999999
0.1356
0.14436184615384615
0.12996738461538462
0.10117846153846152
0.059038153846153844
0.01397723076923077
-0.02586830769230769
-0.06800861538461538
-0.103056
-0.119328
-0.11014892307692307
-0.07468430769230769
-0.01856676923076923
0.03942830769230769
0.09158215384615384
0.13789476923076924
0.16209415384615386
0.15124615384615384
0.10055261538461538
0.021278769230769233
-0.06258461538461538
-0.13706030769230768
-0.20277415384615383
-0.24512307692307692
-0.2641070769230769
-0.2578486153846154
-0.21132738461538458
-0.13643446153846153
-0.05236246153846154
0.031709538461538456
0.10889723076923077
0.1635544615384615
0.20193969230769232
0.20339999999999997
0.16292861538461537
0.10263876923076923
0.018775384615384614
-0.06300184615384616
-0.12683815384615382
-0.18274707692307693
-0.21362215384615382
-0.2127876923076923
-0.18191261538461537
-0.10952307692307692
-0.016480615384615385
0.07760492307692309
0.16459753846153846
0.22134092307692307
0.249504
0.26076923076923075
0.24908676923076922
0.21487384615384614
0.15604430769230768
0.08177723076923075
0.006675692307692307
-0.05444861538461539
-0.09825784615384614
-0.13330523076923076
-0.15604430769230768
-0.17002153846153847
-0.16334584615384617
-0.14311015384615386
-0.12662953846153846
-0.10430769230769231
-0.09012184615384615
-0.0771876923076923
-0.042348923076923076
0.0025033846153846152
0.054657230769230764
0.09554584615384615
0.1070196923076923
0.10743692307692307
0.08907876923076924
0.04318338461538461
-0.012099692307692308
-0.07948246153846153
-0.14832553846153845
-0.19964492307692308
-0.22780799999999998
-0.21445661538461538
-0.1656406153846154
-0.09262523076923077
0.015020307692307692
0.13247076923076923
0.23531815384615382
0.3160523076923077
0.3588184615384616
0.3682061538461538
0.3344104615384615
0.2618123076923077
0.16209415384615386
0.048816000000000005
-0.058412307692307694
-0.1597993846153846
-0.2355267692307692
-0.27286892307692306
-0.26911384615384615
-0.23072861538461537
-0.1666836923076923
-0.08344615384615384
0.005632615384615384
0.092208
0.15500123076923078
0.1792006153846154
0.157296
0.09387692307692307
-0.0022947692307692304
-0.11056615384615384
-0.20506892307692307
-0.28392553846153845
-0.33545353846153847
-0.3485963076923077
-0.3148006153846154
-0.24345415384615382
-0.15208061538461537
-0.05444861538461539
0.03671630769230769
0.11181784615384616
0.15750461538461538
0.173568
0.15416676923076922
0.1151556923076923
0.07238953846153846
0.01710646153846154
-0.03108369230769231
-0.06383630769230769
-0.07343261538461537
-0.05319692307692307
-0.015646153846153844
0.03421292307692308
0.08866153846153846
0.130176
0.1531236923076923
0.15604430769230768
0.12975876923076923
0.08094276923076923
0.010639384615384617
-0.059038153846153844
-0.11703323076923078
-0.16584923076923075
-0.1792006153846154
-0.16084246153846155
-0.11390399999999999
-0.054240000000000003
0.008761846153846153
0.08031692307692308
0.1395636923076923
0.17711446153846155
0.17690584615384616
0.14436184615384615
0.09992676923076924
0.05277969230769231
0.0022947692307692304
-0.054240000000000003
-0.11640738461538462
-0.1585476923076923
-0.1706473846153846
-0.17481969230769231
-0.16584923076923075
-0.165432
-0.17461107692307692
-0.15833907692307692
-0.09179076923076923
0.008970461538461538
0.14290153846153844
0.2578486153846154
0.3312812307692308
0.4193169230769231
0.45749353846153845
0.47230523076923075
0.4015846153846154
0.23782153846153845
0.05319692307692307
-0.1476996923076923
-0.26118646153846153
-0.4147273846153846
-0.5167403076923076
-0.558672
-0.5761956923076923
-0.41577046153846153
-0.22843384615384613
0.027120000000000002
0.2574313846153846
0.4109723076923077
0.5699372307692308
0.6018553846153846
0.5709803076923077
0.43308553846153847
0.19860184615384616
-0.04109723076923077
-0.3077076923076923
-0.47647753846153845
-0.5653476923076923
-0.5724406153846154
-0.46437784615384614
-0.3323243076923077
-0.13706030769230768
0.06821723076923077
0.23928184615384615
0.38719015384615385
0.41034646153846155
0.3746732307692308
0.31751261538461534
0.23364923076923078
0.1869193846153846
0.09491999999999999
-0.02315630769230769
-0.1314276923076923
-0.24762646153846155
-0.30416123076923074
-0.33065538461538463
-0.35005661538461535
-0.3294036923076923
-0.26681907692307694
-0.13893784615384613
0.015854769230769228
0.14978584615384616
0.25200738461538463
0.3141747692307692
0.36674584615384614
0.384060923076923
0.37321292307692305
0.34171199999999996
0.254928
0.16772676923076923
0.08219446153846154
-0.015854769230769228
-0.09241661538461539
-0.1656406153846154
-0.21904615384615383
-0.22655630769230767
-0.20423446153846153
-0.12329169230769231
-0.007510153846153846
0.10952307692307692
0.222384
0.30061476923076924
0.35986153846153845
0.3721698461538462
0.328152
0.24491446153846153
0.10994030769230768
-0.01272553846153846
-0.10743692307692307
-0.17648861538461538
-0.20715507692307691
-0.23677846153846152
-0.21696000000000001
-0.14853415384615384
-0.07238953846153846
0.020652923076923076
0.08991323076923076
0.14603076923076924
0.20277415384615383
0.23469230769230767
0.24992123076923078
0.22780799999999998
0.173568
0.11181784615384616
0.04819015384615385
0.0012516923076923076
-0.03629907692307692
-0.06550523076923077
-0.07259815384615384
-0.06654830769230768
-0.029414769230769227
0.01272553846153846
0.0448523076923077
0.07343261538461537
0.061750153846153844
0.04693846153846153
0.037967999999999995
0.018358153846153843
0.011265230769230769
-0.005841230769230769
-0.021696
-0.024199384615384616
-0.030875076923076922
-0.02357353846153846
-0.029623384615384614
-0.04944184615384615
-0.06738276923076922
-0.0892873846153846
-0.08615815384615384
-0.06905169230769231
-0.05507446153846154
-0.04735569230769231
-0.04902461538461538
-0.028371692307692306
0.009179076923076922
0.04088861538461538
0.07009476923076922
0.07426707692307692
0.07593599999999999
0.09012184615384615
0.10117846153846152
0.10952307692307692
0.0897046153846154
0.049233230769230765
0.01043076923076923
-0.02524246153846154
-0.05924676923076923
-0.08720123076923077
-0.1207883076923077
-0.1424843076923077
-0.13914646153846155
-0.11536430769230768
-0.06884307692307692
-0.02586830769230769
0.021070153846153846
0.054657230769230764
0.07697907692307693
0.10013538461538461
0.09867507692307692
0.09596307692307693
0.07697907692307693
0.04839876923076923
0.026076923076923077
-0.0043809230769230765
-0.015854769230769228
-0.02795446153846154
-0.04547815384615384
-0.056951999999999996
-0.07259815384615384
-0.07259815384615384
-0.07155507692307693
-0.07405846153846153
-0.07134646153846153
-0.058412307692307694
-0.02482523076923077
0.015854769230769228
0.06425353846153846
0.11703323076923078
0.15938215384615384
0.19150892307692308
0.20173107692307693
0.1804523076923077
0.13810338461538463
0.07405846153846153
0.01043076923076923
-0.048816000000000005
-0.11098338461538461
-0.14978584615384616
-0.1783661538461538
-0.17815753846153848
-0.15124615384615384
-0.10493353846153847
-0.042348923076923076
0.013560000000000001
0.06884307692307692
0.10743692307692307
0.13998092307692306
0.14999446153846155
0.13601723076923075
0.1097316923076923
0.062376
0.01668923076923077
-0.025033846153846153
-0.06446215384615385
-0.09074769230769231
-0.09095630769230768
-0.07697907692307693
-0.05194523076923077
-0.009387692307692307
0.03901107692307692
0.09053907692307692
0.12642092307692307
0.1489513846153846
0.1612596923076923
0.14916
0.1151556923076923
0.06905169230769231
0.01043076923076923
-0.05778646153846154
-0.12433476923076923
-0.1777403076923077
-0.208824
-0.23156307692307693
-0.24408
-0.23656984615384613
-0.19985353846153847
-0.1395636923076923
-0.08636676923076922
-0.03963692307692308
0.011056615384615385
0.051319384615384614
0.08657538461538461
0.10368184615384615
0.09763200000000001
0.07384984615384615
0.03504738461538461
0.0035464615384615383
-0.02586830769230769
-0.04631261538461538
-0.06383630769230769
-0.06821723076923077
-0.05590892307692308
-0.033169846153846154
-0.004798153846153846
0.015646153846153844
0.040262769230769234
0.05590892307692308
0.06717415384615384
0.07238953846153846
0.07468430769230769
0.06967753846153846
0.04672984615384615
0.017940923076923077
-0.011473846153846154
-0.022947692307692308
-0.022530461538461537
-0.02086153846153846
-0.017315076923076923
-0.013142769230769229
-0.0043809230769230765
0.004172307692307692
0.010639384615384617
0.011891076923076923
0.005841230769230769
-0.004172307692307692
-0.016480615384615385
-0.021696
-0.031709538461538456
-0.042557538461538466
-0.043392
-0.03337846153846154
-0.0077187692307692304
0.014394461538461538
0.02858030769230769
0.03880246153846154
0.040054153846153843
0.040679999999999994
0.04380923076923077
0.04756430769230769
0.05319692307692307
0.05277969230769231
0.04422646153846154
0.03358707692307692
0.028163076923076923
0.019192615384615384
0.003129230769230769
-0.01272553846153846
-0.03629907692307692
-0.04902461538461538
-0.05111076923076923
-0.046104
-0.02586830769230769
0.0012516923076923076
0.04109723076923077
0.07948246153846153
0.10743692307692307
0.11432123076923076
0.09721476923076922
0.07343261538461537
0.04214030769230769
0.013768615384615384
-0.023990769230769232
-0.0609156923076923
-0.09074769230769231
-0.11181784615384616
-0.1028473846153846
-0.07572738461538461
-0.029414769230769227
0.021278769230769233
0.07030338461538461
0.11891076923076922
0.16000799999999998
0.16876984615384616
0.13455692307692307
0.08073415384615384
0.002086153846153846
-0.07510153846153846
-0.13184492307692308
-0.17377661538461536
-0.19755876923076923
-0.20465169230769228
-0.18149538461538461
-0.12642092307692307
-0.05653476923076922
0.011473846153846154
0.0609156923076923
0.08887015384615385
0.09930092307692308
0.09596307692307693
0.09012184615384615
0.07134646153846153
0.04109723076923077
0.010848
-0.008344615384615384
0.0004172307692307692
0.024199384615384616
0.05444861538461539
0.08177723076923075
0.10368184615384615
0.13789476923076924
0.16188553846153847
0.1635544615384615
0.1422756923076923
0.08866153846153846
0.03859384615384615
-0.0008344615384615384
-0.024199384615384616
-0.02357353846153846
-0.013351384615384614
0.012516923076923077
0.05194523076923077
0.10660246153846153
0.16793538461538463
0.20673784615384616
0.2140393846153846
0.1846246153846154
0.13038461538461538
0.07259815384615384
0.006884307692307692
-0.06821723076923077
-0.14206707692307693
-0.21195323076923075
-0.2620209230769231
-0.28163076923076924
-0.273912
-0.24053353846153847
-0.1994363076923077
-0.14853415384615384
-0.08782707692307692
-0.017315076923076923
0.04819015384615385
0.08720123076923077
0.11390399999999999
0.12099692307692309
0.116616
0.11056615384615384
0.07572738461538461
0.03045784615384615
-0.010639384615384617
-0.05069353846153846
-0.07009476923076922
-0.08490646153846154
-0.10117846153846152
-0.11077476923076923
-0.116616
-0.10201292307692307
-0.06049846153846154
0.002086153846153846
0.0826116923076923
0.16105107692307694
0.225096
0.2716172307692308
0.2920615384615385
0.2768326153846154
0.22029784615384615
0.13184492307692308
0.02357353846153846
-0.07572738461538461
-0.1558356923076923
-0.225096
-0.26494153846153845
-0.2605606153846154
-0.2221753846153846
-0.1449876923076923
-0.04172307692307692
0.06529661538461538
0.15938215384615384
0.22989415384615383
0.2832996923076923
0.3062473846153846
0.29602523076923076
0.2415766153846154
0.14519630769230768
0.031709538461538456
-0.08907876923076924
-0.19693292307692306
-0.287472
-0.35694092307692304
-0.37613353846153846
-0.3440067692307692
-0.2582658461538461
-0.1287156923076923
0.009596307692307692
0.14519630769230768
0.25471938461538457
0.32585723076923073
0.3615304615384615
0.34922215384615385
0.2851772307692308
0.1794092307692308
0.051319384615384614
-0.0678
-0.15667015384615385
-0.2056947692307692
-0.22008923076923076
-0.2008966153846154
-0.14394461538461537
-0.06321046153846153
0.030875076923076922
0.11703323076923078
0.1794092307692308
0.22655630769230767
0.24908676923076922
0.24741784615384615
0.22718215384615387
0.19067446153846154
0.14603076923076924
0.09992676923076924
0.05173661538461538
0.0
-0.0448523076923077
-0.09179076923076923
-0.12308307692307692
-0.14206707692307693
-0.14978584615384616
-0.1341396923076923
-0.10389046153846154
-0.05862092307692307
-0.020652923076923076
0.015646153846153844
0.021696
0.015854769230769228
0.01272553846153846
-0.0050067692307692304
-0.021278769230769233
-0.054240000000000003
-0.06759138461538462
-0.058829538461538454
-0.024616615384615383
0.013351384615384614
0.11265230769230769
0.14978584615384616
0.06654830769230768
0.058829538461538454
-0.010222153846153844
-0.009596307692307692
-0.0025033846153846152
-0.10347323076923076
-0.14060676923076923
-0.22321846153846153
-0.16501476923076921
-0.05570030769230769
-0.0035464615384615383
0.056951999999999996
0.033169846153846154
0.11035753846153845
0.18983999999999998
0.25346769230769234
0.28017046153846153
0.13643446153846153
0.045895384615384616
-0.047981538461538464
-0.11035753846153845
-0.10868861538461538
-0.21153599999999997
-0.238656
-0.25346769230769234
-0.27975323076923075
-0.15520984615384617
-0.07489292307692308
0.014603076923076923
0.11327815384615383
0.10952307692307692
0.1585476923076923
0.17315076923076922
0.18879692307692306
0.22530461538461538
0.1570873846153846
0.06633969230769231
-0.05069353846153846
-0.1218313846153846
-0.132888
-0.19213476923076922
-0.23490092307692306
-0.2912270769230769
-0.2997803076923077
-0.19380369230769232
-0.10597661538461538
-0.0035464615384615383
0.07280676923076923
0.11411261538461538
0.21737723076923077
0.273912
0.28350830769230767
0.27328615384615385
0.17148184615384612
0.08302892307692307
0.01668923076923077
-0.07677046153846154
-0.143736
-0.22467876923076924
-0.2716172307692308
-0.2626467692307692
-0.21341353846153846
-0.10931446153846153
0.01272553846153846
0.157296
0.2638984615384615
0.3460929230769231
0.42182030769230766
0.428496
0.4188996923076923
0.3475532307692307
0.21091015384615383
0.09554584615384615
-0.03629907692307692
-0.13121907692307694
-0.19964492307692308
-0.2858030769230769
-0.2989458461538462
-0.2641070769230769
-0.1792006153846154
-0.055491692307692304
0.03921969230769231
0.13726892307692307
0.22447015384615385
0.27620676923076926
0.2757895384615385
0.21779446153846155
0.14811692307692306
0.05090215384615384
-0.059872615384615385
-0.1635544615384615
-0.2757895384615385
-0.3339932307692307
-0.3412947692307692
-0.328152
-0.25346769230769234
-0.16105107692307694
-0.058829538461538454
0.06446215384615385
0.143736
0.21842030769230766
0.2868461538461538
0.301032
0.2837169230769231
0.21049292307692305
0.1028473846153846
-0.009387692307692307
-0.1136953846153846
-0.1785747692307692
-0.22154953846153846
-0.23239753846153846
-0.22801661538461537
-0.19985353846153847
-0.12496061538461539
-0.048816000000000005
0.03880246153846154
0.0934596923076923
0.10576799999999999
0.13789476923076924
0.15374953846153847
0.15833907692307692
0.14561353846153846
0.0826116923076923
0.02753723076923077
-0.010639384615384617
-0.041514461538461535
-0.06300184615384616
-0.11327815384615383
-0.15813046153846153
-0.1693956923076923
-0.1558356923076923
-0.10389046153846154
-0.052153846153846155
-0.006467076923076923
0.03108369230769231
0.06279323076923077
0.11223507692307692
0.14415323076923076
0.1706473846153846
0.17628
0.13121907692307694
0.08657538461538461
0.03984553846153846
0.004798153846153846
-0.013560000000000001
-0.07051199999999999
-0.12558646153846154
-0.154584
-0.15395815384615386
-0.10368184615384615
-0.05403138461538461
-0.011682461538461537
0.016063384615384615
0.040054153846153843
0.0936683076923077
0.13893784615384613
0.16021661538461537
0.14394461538461537
0.09679753846153846
0.05277969230769231
0.011265230769230769
-0.02858030769230769
-0.07197230769230768
-0.11452984615384615
-0.13372246153846154
-0.11995384615384615
-0.07781353846153846
-0.00855323076923077
0.058829538461538454
0.10055261538461538
0.1314276923076923
0.15291507692307693
0.17023015384615386
0.17085599999999998
0.1449876923076923
0.10138707692307691
0.033169846153846154
-0.031918153846153846
-0.06550523076923077
-0.06821723076923077
-0.061750153846153844
-0.05403138461538461
-0.03024923076923077
0.004798153846153846
0.05444861538461539
0.09387692307692307
0.09199938461538461
0.06863446153846153
0.027745846153846152
-0.019609846153846155
-0.05611753846153846
-0.09867507692307692
-0.12683815384615382
-0.1316363076923077
-0.10764553846153846
-0.054657230769230764
0.008761846153846153
0.07092923076923077
0.11181784615384616
0.13706030769230768
0.14916
0.14582215384615385
0.12308307692307692
0.07593599999999999
0.021070153846153846
-0.032544
-0.07405846153846153
-0.08907876923076924
-0.07969107692307692
-0.056951999999999996
-0.021487384615384613
0.016897846153846156
0.04985907692307692
0.09450276923076922
0.132888
0.14978584615384616
0.1424843076923077
0.09992676923076924
0.053405538461538456
0.009179076923076922
-0.03421292307692308
-0.06383630769230769
-0.09074769230769231
-0.11640738461538462
-0.1358086153846154
-0.14749107692307692
-0.13914646153846155
-0.12016246153846154
-0.09992676923076924
-0.07802215384615384
-0.061124307692307686
-0.03609046153846154
-0.011891076923076923
0.015020307692307692
0.04819015384615385
0.06425353846153846
0.07468430769230769
0.07781353846153846
0.0855323076923077
0.10597661538461538
0.11599015384615384
0.10764553846153846
0.08010830769230769
0.051528
0.031918153846153846
0.012099692307692308
-0.01668923076923077
-0.044435076923076924
-0.05862092307692307
-0.05194523076923077
-0.019609846153846155
0.024408000000000003
0.06905169230769231
0.11098338461538461
0.14957723076923077
0.17481969230769231
0.18191261538461537
0.16647507692307692
0.11557292307692307
0.04652123076923077
-0.03275261538461539
-0.11077476923076923
-0.16772676923076923
-0.21508246153846153
-0.2342750769230769
-0.2209236923076923
-0.17982646153846152
-0.08907876923076924
0.016897846153846156
0.11745046153846153
0.19755876923076923
0.23949046153846154
0.26640184615384616
0.2655673846153846
0.24074215384615386
0.18983999999999998
0.103056
0.008136
-0.07426707692307692
-0.13184492307692308
-0.15667015384615385
-0.16230276923076925
-0.14978584615384616
-0.10722830769230769
-0.054240000000000003
0.024199384615384616
0.09784061538461537
0.13643446153846153
0.14060676923076923
0.10910584615384614
0.07364123076923076
0.029832
-0.01981846153846154
-0.07927384615384615
-0.13330523076923076
-0.15667015384615385
-0.14978584615384616
-0.116616
-0.07781353846153846
-0.05382276923076923
-0.043600615384615383
-0.03212676923076923
-0.027745846153846152
-0.03129230769230769
-0.05027630769230769
-0.07656184615384615
-0.08845292307692308
-0.08135999999999999
-0.037342153846153844
0.017523692307692306
0.05736923076923077
0.08782707692307692
0.10681107692307691
0.12496061538461539
0.13267938461538462
0.11056615384615384
0.059038153846153844
-0.013142769230769229
-0.08469784615384615
-0.130176
-0.14081538461538462
-0.12767261538461538
-0.10096984615384616
-0.059038153846153844
-0.003129230769230769
0.06821723076923077
0.14206707692307693
0.19192615384615386
0.21320492307692307
0.19359507692307693
0.1462393846153846
0.09658892307692307
0.03755076923076923
-0.030040615384615384
-0.09825784615384614
-0.14707384615384617
-0.15604430769230768
-0.13393107692307693
-0.08866153846153846
-0.03880246153846154
0.010013538461538461
0.06926030769230769
0.12516923076923075
0.17023015384615386
0.184416
0.1558356923076923
0.10994030769230768
0.05382276923076923
0.011891076923076923
-0.009596307692307692
-0.03921969230769231
-0.05757784615384615
-0.06613107692307692
-0.06258461538461538
-0.029832
-0.002086153846153846
0.013142769230769229
0.007510153846153846
-0.009804923076923077
-0.013768615384615384
-0.01814953846153846
-0.02044430769230769
-0.028163076923076923
-0.03609046153846154
-0.026702769230769228
-0.006258461538461538
0.03108369230769231
0.058829538461538454
0.06049846153846154
0.05069353846153846
0.016897846153846156
-0.011891076923076923
-0.026076923076923077
-0.049233230769230765
-0.06821723076923077
-0.084072
-0.065088
-0.007510153846153846
0.053405538461538456
0.11265230769230769
0.15687876923076924
0.1883796923076923
0.21007569230769232
0.21341353846153846
0.18650215384615382
0.12287446153846153
0.03921969230769231
-0.04318338461538461
-0.10722830769230769
-0.15145476923076923
-0.18337292307692307
-0.19213476923076922
-0.17419384615384614
-0.12496061538461539
-0.04401784615384615
0.038176615384615385
0.09763200000000001
0.1353913846153846
0.14540492307692307
0.13747753846153846
0.1151556923076923
0.0609156923076923
-0.011891076923076923
-0.09846646153846153
-0.17419384615384614
-0.21758584615384616
-0.23886461538461537
-0.22947692307692308
-0.2059033846153846
-0.1696043076923077
-0.10263876923076923
-0.026702769230769228
0.059038153846153844
0.14394461538461537
0.20131384615384615
0.24303692307692307
0.25701415384615384
0.249504
0.21737723076923077
0.14686523076923075
0.06738276923076922
-0.017523692307692306
-0.08219446153846154
-0.11432123076923076
-0.1314276923076923
-0.12579507692307693
-0.11181784615384616
-0.08240307692307691
-0.040262769230769234
0.004172307692307692
0.05069353846153846
0.084072
0.11014892307692307
0.13872923076923074
0.16981292307692308
0.1992276923076923
0.208824
0.19067446153846154
0.1531236923076923
0.092208
0.03024923076923077
-0.04088861538461538
-0.12621230769230768
-0.20298276923076922
-0.252216
-0.24637476923076923
-0.20006215384615383
-0.12788123076923075
-0.04944184615384615
0.03129230769230769
0.10159569230769232
0.17690584615384616
0.23177169230769232
0.24491446153846153
0.23656984615384613
0.184416
0.15291507692307693
0.10013538461538461
0.13852061538461538
0.12683815384615382
-0.03859384615384615
-0.09095630769230768
-0.19192615384615386
-0.20193969230769232
-0.200688
-0.3133403076923077
-0.3452584615384615
-0.41264123076923076
-0.29748553846153847
-0.12204
-0.02524246153846154
0.0961716923076923
0.11953661538461538
0.2572227692307692
0.3913624615384615
0.45373846153846153
0.47939815384615386
0.28246523076923075
0.11327815384615383
-0.049233230769230765
-0.21466523076923077
-0.27453784615384613
-0.4178566153846154
-0.4627089230769231
-0.4418473846153846
-0.4391353846153846
-0.2482523076923077
-0.07677046153846154
0.09471138461538461
0.2776670769230769
0.32377107692307694
0.3863556923076923
0.3698750769230769
0.30854215384615385
0.25471938461538457
0.0771876923076923
-0.09491999999999999
-0.2509643076923077
-0.3473446153846154
-0.3565236923076923
-0.4080516923076923
-0.4113895384615384
-0.38072307692307694
-0.3079163076923077
-0.14039815384615384
-0.02482523076923077
0.06717415384615384
0.13330523076923076
0.14957723076923077
0.2140393846153846
0.2209236923076923
0.17461107692307692
0.14206707692307693
0.06404492307692307
0.0448523076923077
0.04902461538461538
0.02899753846153846
0.011473846153846154
-0.051319384615384614
-0.08031692307692308
-0.09930092307692308
-0.10910584615384614
-0.0961716923076923
-0.08240307692307691
-0.009596307692307692
0.042557538461538466
0.1097316923076923
0.2342750769230769
0.30979384615384614
0.3752990769230769
0.40200184615384615
0.36382523076923073
0.32085046153846153
0.21195323076923075
0.09283384615384616
-0.021904615384615383
-0.1666836923076923
-0.23448369230769228
-0.26681907692307694
-0.26932246153846157
-0.23615261538461538
-0.20173107692307693
-0.09283384615384616
0.03775938461538462
0.1422756923076923
0.20444307692307692
0.2140393846153846
0.23761292307692305
0.23177169230769232
0.18212123076923076
0.116616
0.002086153846153846
-0.07906523076923076
-0.11724184615384614
-0.14728246153846153
-0.1207883076923077
-0.09179076923076923
-0.04318338461538461
0.01981846153846154
0.03942830769230769
0.06383630769230769
0.06842584615384616
0.045895384615384616
0.008761846153846153
-0.03963692307692308
-0.06383630769230769
-0.09283384615384616
-0.09053907692307692
-0.0448523076923077
0.007927384615384614
0.0826116923076923
0.1353913846153846
0.1800350769230769
0.2221753846153846
0.20486030769230767
0.1800350769230769
0.13038461538461538
0.043600615384615383
-0.009596307692307692
-0.0678
-0.12245723076923076
-0.1543753846153846
-0.17544553846153846
-0.1356
-0.05674338461538461
0.030040615384615384
0.12099692307692309
0.1858763076923077
0.24053353846153847
0.2776670769230769
0.273912
0.23677846153846152
0.15562707692307692
0.07092923076923077
-0.02273907692307692
-0.1316363076923077
-0.20027076923076922
-0.2436627692307692
-0.23490092307692306
-0.1800350769230769
-0.12537784615384615
-0.03609046153846154
0.05444861538461539
0.13893784615384613
0.23510953846153848
0.27182584615384614
0.26640184615384616
0.23093723076923076
0.16251138461538459
0.10347323076923076
0.029414769230769227
-0.04756430769230769
-0.12955015384615384
-0.19150892307692308
-0.20173107692307693
-0.19839323076923077
-0.1696043076923077
-0.13226215384615383
-0.08720123076923077
-0.027745846153846152
0.014394461538461538
0.06696553846153847
0.11557292307692307
0.14018953846153845
0.15896492307692306
0.1435273846153846
0.11411261538461538
0.08949599999999999
0.05611753846153846
0.013560000000000001
-0.05090215384615384
-0.12099692307692309
-0.17273353846153844
-0.21049292307692305
-0.2355267692307692
-0.254928
-0.26535876923076923
-0.25367630769230765
-0.21508246153846153
-0.15270646153846154
-0.0963803076923077
-0.050067692307692306
-0.0012516923076923076
0.04631261538461538
0.10222153846153846
0.14415323076923076
0.16084246153846155
0.1652233846153846
0.13914646153846155
0.10159569230769232
0.05736923076923077
-0.0025033846153846152
-0.05444861538461539
-0.09909230769230769
-0.12788123076923075
-0.1341396923076923
-0.11891076923076922
-0.08511507692307693
-0.03838523076923077
0.02023569230769231
0.08010830769230769
0.1506203076923077
0.22947692307692308
0.28350830769230767
0.30937661538461536
0.3087507692307692
0.2722430769230769
0.21174461538461536
0.130176
0.03629907692307692
-0.05590892307692308
-0.15479261538461536
-0.22864246153846152
-0.25284184615384614
-0.23281476923076924
-0.1696043076923077
-0.10409907692307692
-0.029623384615384614
0.058829538461538454
0.14331876923076922
0.21237046153846154
0.241368
0.2369870769230769
0.19630707692307692
0.14436184615384615
0.10180430769230768
0.056951999999999996
0.015437538461538461
-0.017940923076923077
-0.045895384615384616
-0.05444861538461539
-0.05090215384615384
-0.04401784615384615
-0.031918153846153846
-0.03504738461538461
-0.02858030769230769
-0.01940123076923077
-0.009179076923076922
0.021278769230769233
0.05194523076923077
0.08594953846153845
0.10868861538461538
0.12516923076923075
0.15124615384615384
0.1693956923076923
0.16793538461538463
0.1289243076923077
0.07468430769230769
0.013351384615384614
-0.07405846153846153
-0.1666836923076923
-0.252216
-0.3187643076923077
-0.3454670769230769
-0.327108923076923
-0.26619323076923074
-0.17544553846153846
-0.07030338461538461
0.03921969230769231
0.14311015384615386
0.22321846153846153
0.25117292307692307
0.2207150769230769
0.14164984615384615
0.040679999999999994
-0.06049846153846154
-0.1558356923076923
-0.23406646153846156
-0.2951907692307692
-0.32731753846153844
-0.32085046153846153
-0.2789187692307692
-0.20402584615384614
-0.12120553846153845
-0.04318338461538461
0.028163076923076923
0.08699261538461538
0.13789476923076924
0.16209415384615386
0.157296
0.1316363076923077
0.07489292307692308
0.013142769230769229
-0.03692492307692308
-0.08574092307692306
-0.11682461538461539
-0.13726892307692307
-0.14999446153846155
-0.14206707692307693
-0.1151556923076923
-0.06675692307692307
-0.01856676923076923
0.018983999999999997
0.06133292307692308
0.10201292307692307
0.13309661538461537
0.15082892307692305
0.13622584615384614
0.11473846153846154
0.0892873846153846
0.05590892307692308
0.025033846153846153
-0.025659692307692307
-0.0744756923076923
-0.12350030769230769
-0.1612596923076923
-0.1760713846153846
-0.18629353846153843
-0.17690584615384616
-0.16626646153846153
-0.13643446153846153
-0.07697907692307693
-0.007927384615384614
0.07051199999999999
0.13455692307692307
0.18712800000000002
0.22530461538461538
0.23114584615384615
0.21174461538461536
0.16334584615384617
0.09596307692307693
0.02899753846153846
-0.031918153846153846
-0.06341907692307691
-0.07197230769230768
-0.07489292307692308
-0.05757784615384615
-0.028371692307692306
0.02482523076923077
0.0880356923076923
0.13247076923076923
0.17085599999999998
0.1940123076923077
0.20965846153846154
0.22572184615384616
0.23677846153846152
0.24032492307692307
0.2221753846153846
0.19317784615384614
0.16167692307692308
0.11807630769230769
0.06154153846153846
-0.015020307692307692
-0.0963803076923077
-0.16167692307692308
-0.19755876923076923
-0.19964492307692308
-0.18253846153846154
-0.1462393846153846
-0.09575446153846154
-0.03421292307692308
0.04401784615384615
0.11891076923076922
0.1733593846153846
0.20256553846153844
0.1942209230769231
0.1656406153846154
0.12496061538461539
0.07259815384615384
0.008970461538461538
-0.07197230769230768
-0.14102399999999998
-0.1869193846153846
-0.21028430769230766
-0.21508246153846153
-0.1908830769230769
-0.13893784615384613
-0.07343261538461537
0.012308307692307691
0.09992676923076924
0.17628
0.22530461538461538
0.2422024615384615
0.24032492307692307
0.22342707692307692
0.1883796923076923
0.12725538461538463
0.04985907692307692
-0.028371692307692306
-0.092208
-0.14728246153846153
-0.1923433846153846
-0.22154953846153846
-0.22697353846153845
-0.1992276923076923
-0.1504116923076923
-0.08490646153846154
-0.019192615384615384
0.030875076923076922
0.06800861538461538
0.10576799999999999
0.13664307692307692
0.1476996923076923
0.13852061538461538
0.111192
0.06988615384615385
0.016897846153846156
-0.03963692307692308
-0.08720123076923077
-0.1314276923076923
-0.18170399999999998
-0.21341353846153846
-0.22113230769230768
-0.20339999999999997
-0.16188553846153847
-0.09867507692307692
-0.024616615384615383
0.05736923076923077
0.143736
0.2140393846153846
0.2605606153846154
0.26911384615384615
0.25242461538461536
0.21633415384615384
0.16772676923076923
0.10848000000000001
0.04109723076923077
-0.01940123076923077
-0.06487938461538462
-0.08386338461538462
-0.09074769230769231
-0.08365476923076923
-0.07134646153846153
-0.05528307692307692
-0.027328615384615382
0.008136
0.04902461538461538
0.078648
0.09679753846153846
0.10576799999999999
0.11557292307692307
0.12767261538461538
0.12496061538461539
0.10409907692307692
0.06675692307692307
0.025033846153846153
-0.019609846153846155
-0.06133292307692308
-0.09491999999999999
-0.1287156923076923
-0.15771323076923077
-0.1710646153846154
-0.16084246153846155
-0.14582215384615385
-0.14331876923076922
-0.1733593846153846
-0.21174461538461536
-0.25346769230769234
-0.30186646153846153
-0.2651501538461538
-0.17565415384615385
-0.026494153846153844
0.1869193846153846
0.39678646153846153
0.6306443076923076
0.8029606153846153
0.8974633846153846
0.904764923076923
0.7218092307692308
0.43621476923076924
0.12537784615384615
-0.1948467692307692
-0.43809230769230767
-0.6296012307692308
-0.7537273846153846
-0.7647839999999999
-0.6629796923076924
-0.4174393846153846
-0.13852061538461538
0.14978584615384616
0.3896935384615384
0.544068923076923
0.6700726153846154
0.6360683076923077
0.5192436923076923
0.2858030769230769
-0.059038153846153844
-0.314592
-0.5378104615384616
-0.62376
-0.5820369230769231
-0.48023261538461537
-0.24408
-0.015020307692307692
0.18545907692307692
0.384060923076923
0.4606227692307692
0.4524867692307692
0.36299076923076923
0.20986707692307693
0.10159569230769232
0.01272553846153846
0.006258461538461538
0.03692492307692308
0.03880246153846154
0.04526953846153846
0.013142769230769229
-0.011056615384615385
-0.058829538461538454
-0.15270646153846154
-0.23052
-0.317304
-0.3692492307692308
-0.3600701538461538
-0.34338092307692303
-0.28768061538461537
-0.2090326153846154
-0.10910584615384614
0.04193169230769231
0.1869193846153846
0.32961230769230765
0.4389267692307692
0.4514436923076923
0.3838523076923077
0.22175815384615383
-0.018358153846153843
-0.30207507692307695
-0.5795335384615384
-0.7785526153846153
-0.8674227692307692
-0.8025433846153845
-0.5991433846153846
-0.2887236923076923
0.08156861538461539
0.41910830769230767
0.7080406153846154
0.8937083076923077
0.9258350769230769
0.8438492307692307
0.6427439999999999
0.3738387692307692
0.09825784615384614
-0.1666836923076923
-0.3619476923076923
-0.4879513846153846
-0.5309261538461538
-0.471888
-0.3437981538461538
-0.14331876923076922
0.09012184615384615
0.309168
0.49400123076923075
0.5937193846153845
0.6031070769230769
0.5067267692307692
0.33545353846153847
0.1476996923076923
-0.073224
-0.2707827692307692
-0.4080516923076923
-0.48023261538461537
-0.44122153846153844
-0.33607938461538456
-0.19672430769230767
-0.040054153846153843
0.07656184615384615
0.15813046153846153
0.18900553846153845
0.16167692307692308
0.11098338461538461
0.045060923076923075
-0.024616615384615383
-0.09095630769230768
-0.12850707692307692
-0.12955015384615384
-0.11223507692307692
-0.05298830769230769
0.026494153846153844
0.08699261538461538
0.12266584615384615
0.10681107692307691
0.056951999999999996
-0.010013538461538461
-0.10117846153846152
-0.1760713846153846
-0.24074215384615386
-0.27975323076923075
-0.2478350769230769
-0.18212123076923076
-0.07739630769230768
0.05111076923076923
0.16459753846153846
0.2670276923076923
0.3243969230769231
0.3235624615384615
0.2557624615384615
0.12037107692307693
-0.0448523076923077
-0.2194633846153846
-0.3684147692307692
-0.46291753846153844
-0.4965046153846154
-0.4558246153846154
-0.3650769230769231
-0.2261390769230769
-0.04547815384615384
0.1314276923076923
0.295608
0.4026276923076923
0.4214030769230769
0.3811403076923077
0.287472
0.17461107692307692
0.05799507692307692
-0.07280676923076923
-0.15896492307692306
-0.18712800000000002
-0.14665661538461539
-0.03713353846153846
0.09763200000000001
0.23949046153846154
0.3410861538461538
0.4159790769230769
0.4524867692307692
0.41681353846153846
0.32314523076923074
0.1710646153846154
0.003129230769230769
-0.13247076923076923
-0.21716861538461538
-0.23677846153846152
-0.208824
-0.14936861538461538
-0.043392
0.07489292307692308
0.20381723076923075
0.330864
0.4011673846153846
0.41618769230769226
0.360696
0.26535876923076923
0.15270646153846154
0.010848
-0.1397723076923077
-0.2789187692307692
-0.3609046153846154
-0.3682061538461538
-0.31083692307692307
-0.20277415384615383
-0.08198584615384615
0.023990769230769232
0.11599015384615384
0.18483323076923078
0.2205064615384615
0.19881046153846152
0.11724184615384614
0.021487384615384613
-0.07802215384615384
-0.1422756923076923
-0.17544553846153846
-0.19442953846153843
-0.1804523076923077
-0.14561353846153846
-0.0880356923076923
-0.021070153846153846
0.03692492307692308
0.06821723076923077
0.058829538461538454
0.014185846153846153
-0.04547815384615384
-0.11140061538461538
-0.17398523076923075
-0.23636123076923077
-0.29227015384615385
-0.30290953846153845
-0.26911384615384615
-0.1858763076923077
-0.0771876923076923
0.03066646153846154
0.13184492307692308
0.19380369230769232
0.22864246153846152
0.22822523076923076
0.1787833846153846
0.0892873846153846
-0.03045784615384615
-0.13518276923076925
-0.20193969230769232
-0.22843384615384613
-0.208824
-0.154584
-0.06383630769230769
0.06070707692307692
0.18358153846153846
0.2943563076923077
0.3611132307692308
0.36632861538461536
0.32085046153846153
0.22551323076923077
0.11557292307692307
-0.001043076923076923
-0.11807630769230769
-0.2125790769230769
-0.2730775384615384
-0.273912
-0.2194633846153846
-0.1314276923076923
-0.021070153846153846
0.09053907692307692
0.18086953846153844
0.2411593846153846
0.26911384615384615
0.25993476923076925
0.21091015384615383
0.138312
0.07259815384615384
0.020027076923076922
-0.017732307692307693
-0.04568676923076923
-0.06216738461538462
-0.04944184615384615
-0.01668923076923077
0.026076923076923077
0.06383630769230769
0.07155507692307693
0.06550523076923077
0.04631261538461538
0.023990769230769232
0.01981846153846154
0.008136
0.008344615384615384
0.023990769230769232
0.04568676923076923
0.08302892307692307
0.11473846153846154
0.13810338461538463
0.14665661538461539
0.1358086153846154
0.11035753846153845
0.06884307692307692
0.00855323076923077
-0.058412307692307694
-0.12037107692307693
-0.16042523076923076
-0.1704387692307692
-0.15500123076923078
-0.11223507692307692
-0.0609156923076923
0.0014603076923076922
0.06467076923076923
0.11703323076923078
0.15938215384615384
0.16897846153846155
0.16063384615384615
0.13893784615384613
0.10117846153846152
0.06028984615384615
-0.0008344615384615384
-0.06133292307692308
-0.10576799999999999
-0.13267938461538462
-0.12725538461538463
-0.11014892307692307
-0.07927384615384615
-0.04672984615384615
-0.02315630769230769
0.004798153846153846
0.01814953846153846
0.017315076923076923
-0.0025033846153846152
-0.041514461538461535
-0.07343261538461537
-0.09596307692307693
-0.09387692307692307
-0.07197230769230768
-0.04672984615384615
-0.009596307692307692
0.024408000000000003
0.05069353846153846
0.06550523076923077
0.05736923076923077
0.03650769230769231
0.008136
-0.015020307692307692
-0.02753723076923077
-0.03755076923076923
-0.047772923076923074
-0.04839876923076923
-0.02858030769230769
0.006884307692307692
0.054657230769230764
0.09700615384615385
0.12099692307692309
0.12412615384615384
0.10952307692307692
0.0853236923076923
0.037967999999999995
-0.02482523076923077
-0.09429415384615383
-0.15917353846153848
-0.19630707692307692
-0.2059033846153846
-0.1787833846153846
-0.12370892307692308
-0.05194523076923077
0.03275261538461539
0.12266584615384615
0.2090326153846154
0.26160369230769226
0.27850153846153847
0.25346769230769234
0.1858763076923077
0.09784061538461537
-0.010848
-0.12600369230769232
-0.23656984615384613
-0.32836061538461536
-0.37050092307692306
-0.3490135384615385
-0.2805876923076923
-0.1785747692307692
-0.054240000000000003
0.07843938461538462
0.20152246153846154
0.29727692307692305
0.3550633846153846
0.35694092307692304
0.2999889230769231
0.20339999999999997
0.09533723076923077
-0.015020307692307692
-0.1136953846153846
-0.19150892307692308
-0.23823876923076923
-0.23928184615384615
-0.2056947692307692
-0.14269292307692305
-0.07364123076923076
-0.019192615384615384
0.021904615384615383
0.053405538461538456
0.07218092307692307
0.07510153846153846
0.058412307692307694
0.02858030769230769
-0.0035464615384615383
-0.03275261538461539
-0.05277969230769231
-0.073224
-0.09053907692307692
-0.10722830769230769
-0.11306953846153844
-0.09658892307692307
-0.07155507692307693
-0.03838523076923077
-0.010222153846153844
0.005841230769230769
0.010222153846153844
0.016063384615384615
0.023990769230769232
0.013768615384615384
-0.008344615384615384
-0.02482523076923077
-0.020652923076923076
-0.0025033846153846152
0.01814953846153846
0.028788923076923077
0.021070153846153846
0.0
-0.02586830769230769
-0.051319384615384614
-0.08115138461538463
-0.11828492307692307
-0.14206707692307693
-0.13664307692307692
-0.10389046153846154
-0.052571076923076915
-0.0029206153846153843
0.042348923076923076
0.07531015384615385
0.0963803076923077
0.11327815384615383
0.12245723076923076
0.11244369230769231
0.08177723076923075
0.047981538461538464
0.02273907692307692
0.013560000000000001
0.01668923076923077
0.031709538461538456
0.04985907692307692
0.06675692307692307
0.09325107692307691
0.12934153846153845
0.1710646153846154
0.19881046153846152
0.19818461538461538
0.18775384615384613
0.17377661538461536
0.15562707692307692
0.12934153846153845
0.08386338461538462
0.029414769230769227
-0.021278769230769233
-0.051528
-0.06133292307692308
-0.05570030769230769
-0.04652123076923077
-0.025659692307692307
0.0029206153846153843
0.029206153846153847
0.05611753846153846
0.05590892307692308
0.03588184615384615
-0.009804923076923077
-0.07426707692307692
-0.14749107692307692
-0.22780799999999998
-0.3133403076923077
-0.3565236923076923
-0.30854215384615385
-0.2021483076923077
-0.02357353846153846
0.17252492307692308
0.3550633846153846
0.5384363076923077
0.6671520000000001
0.7416276923076923
0.6946892307692308
0.5536652307692308
0.3650769230769231
0.086784
-0.17315076923076922
-0.43642338461538455
-0.6402406153846154
-0.7493464615384616
-0.7964935384615384
-0.6842584615384616
-0.5021372307692308
-0.22718215384615387
0.08323753846153846
0.3373310769230769
0.5757784615384615
0.6788344615384615
0.6926030769230769
0.6179187692307693
0.4220289230769231
0.18921415384615384
-0.11244369230769231
-0.36611999999999995
-0.5286313846153846
-0.6189618461538461
-0.5862092307692308
-0.5023458461538461
-0.34463261538461537
-0.13622584615384614
0.04672984615384615
0.23636123076923077
0.3510996923076923
0.3909452307692307
0.4222375384615385
0.401376
0.3684147692307692
0.290184
0.16501476923076921
0.05736923076923077
-0.05820369230769231
-0.14457046153846154
-0.20027076923076922
-0.24741784615384615
-0.25200738461538463
-0.23406646153846156
-0.19505538461538463
-0.13706030769230768
-0.09596307692307693
-0.05674338461538461
-0.026494153846153844
0.0008344615384615384
0.03692492307692308
0.08344615384615384
0.1543753846153846
0.22780799999999998
0.28955815384615385
0.3327415384615385
0.31772123076923076
0.25388492307692306
0.15145476923076923
-0.002086153846153846
-0.15354092307692307
-0.2906012307692308
-0.371544
-0.3819747692307692
-0.33816553846153846
-0.21779446153846155
-0.05236246153846154
0.15270646153846154
0.36403384615384615
0.5319692307692307
0.6341907692307692
0.6485852307692307
0.5920504615384615
0.47668615384615387
0.30144923076923075
0.09262523076923077
-0.12204
-0.3035353846153846
-0.4216116923076923
-0.4887858461538461
-0.48023261538461537
-0.401376
-0.2712
-0.09763200000000001
0.08198584615384615
0.24658338461538462
0.3642424615384615
0.4151446153846154
0.3873987692307692
0.28851507692307693
0.15354092307692307
0.0016689230769230767
-0.13998092307692306
-0.2482523076923077
-0.31083692307692307
-0.2966510769230769
-0.21487384615384614
-0.09012184615384615
0.05444861538461539
0.17419384615384614
0.26160369230769226
0.2995716923076923
0.2768326153846154
0.2207150769230769
0.1218313846153846
0.003129230769230769
-0.10764553846153846
-0.19755876923076923
-0.22780799999999998
-0.21779446153846155
-0.1760713846153846
-0.0963803076923077
-0.004589538461538461
0.09325107692307691
0.1800350769230769
0.22780799999999998
0.22488738461538463
0.1696043076923077
0.08887015384615385
-0.003129230769230769
-0.10743692307692307
-0.2021483076923077
-0.2789187692307692
-0.31772123076923076
-0.30520430769230766
-0.2532590769230769
-0.15959076923076923
-0.049233230769230765
0.06133292307692308
0.16021661538461537
0.21696000000000001
0.2355267692307692
0.20944984615384615
0.14290153846153844
0.05653476923076922
-0.03942830769230769
-0.11432123076923076
-0.1639716923076923
-0.1869193846153846
-0.17273353846153844
-0.1353913846153846
-0.06487938461538462
0.018775384615384614
0.08699261538461538
0.13893784615384613
0.15291507692307693
0.13893784615384613
0.10555938461538462
0.05799507692307692
0.01043076923076923
-0.03921969230769231
-0.078648
-0.09533723076923077
-0.08636676923076922
-0.05778646153846154
-0.02795446153846154
-0.005215384615384615
0.008344615384615384
0.009804923076923077
0.0004172307692307692
-0.023782153846153845
-0.06383630769230769
-0.10076123076923077
-0.1287156923076923
-0.1368516923076923
-0.12016246153846154
-0.08636676923076922
-0.03129230769230769
0.028163076923076923
0.09262523076923077
0.1543753846153846
0.19881046153846152
0.21842030769230766
0.18775384615384613
0.11619876923076923
0.013560000000000001
-0.10597661538461538
-0.21508246153846153
-0.3206418461538461
-0.3955347692307692
-0.4178566153846154
-0.3913624615384615
-0.30290953846153845
-0.17440246153846153
-0.040262769230769234
0.08219446153846154
0.1777403076923077
0.23886461538461537
0.26306399999999996
0.2438713846153846
0.18149538461538461
0.08073415384615384
-0.03629907692307692
-0.14206707692307693
-0.21091015384615383
-0.23636123076923077
-0.23448369230769228
-0.20006215384615383
-0.1397723076923077
-0.05820369230769231
0.027328615384615382
0.08657538461538461
0.11995384615384615
0.13309661538461537
0.12141415384615384
0.10159569230769232
0.07843938461538462
0.050067692307692306
0.023364923076923075
0.006049846153846154
0.007301538461538462
0.017732307692307693
0.03629907692307692
0.041514461538461535
0.02753723076923077
0.016063384615384615
0.003963692307692307
-0.013560000000000001
-0.03629907692307692
-0.061124307692307686
-0.078648
-0.0798996923076923
-0.062376
-0.03066646153846154
0.008136
0.05194523076923077
0.103056
0.15875630769230767
0.20486030769230767
0.23052
0.22780799999999998
0.18712800000000002
0.11432123076923076
0.033169846153846154
-0.042557538461538466
-0.10639384615384614
-0.15374953846153847
-0.1706473846153846
-0.14477907692307693
-0.08636676923076922
-0.004798153846153846
0.07927384615384615
0.15771323076923077
0.2261390769230769
0.2724516923076923
0.2860116923076923
0.25534523076923077
0.1802436923076923
0.07280676923076923
-0.03838523076923077
-0.13914646153846155
-0.21862892307692305
-0.2734947692307692
-0.3016578461538461
-0.292896
-0.25117292307692307
-0.17669723076923077
-0.0798996923076923
0.018775384615384614
0.103056
0.16584923076923075
0.21091015384615383
0.23656984615384613
0.23218892307692307
0.19046584615384615
0.12016246153846154
0.04047138461538462
-0.03129230769230769
-0.07927384615384615
-0.10827138461538462
-0.12662953846153846
-0.13518276923076925
-0.12662953846153846
-0.08720123076923077
-0.03045784615384615
0.021904615384615383
0.06008123076923077
0.08469784615384615
0.10535076923076922
0.12329169230769231
0.13434830769230768
0.12037107692307693
0.07468430769230769
0.02545107692307692
-0.021278769230769233
-0.049233230769230765
-0.061124307692307686
-0.07155507692307693
-0.07280676923076923
-0.06946892307692307
-0.04756430769230769
-0.018775384615384614
0.004589538461538461
0.023364923076923075
0.024199384615384616
0.03024923076923077
0.04985907692307692
0.07197230769230768
0.103056
0.119328
0.12683815384615382
0.1356
0.13706030769230768
0.13393107692307693
0.11098338461538461
0.06946892307692307
0.01814953846153846
-0.03838523076923077
-0.08386338461538462
-0.11140061538461538
-0.12642092307692307
-0.12579507692307693
-0.11578153846153846
-0.08177723076923075
-0.018775384615384614
0.04672984615384615
0.09909230769230769
0.14185846153846154
0.1792006153846154
0.20277415384615383
0.20027076923076922
0.165432
0.09700615384615385
0.0029206153846153843
-0.09408553846153846
-0.17690584615384616
-0.2374043076923077
-0.27704123076923076
-0.2862203076923077
-0.24449723076923074
-0.15082892307692305
-0.02086153846153846
0.127464
0.2618123076923077
0.3682061538461538
0.442056
0.46667261538461535
0.4424732307692308
0.36382523076923073
0.2342750769230769
0.08094276923076923
-0.06926030769230769
-0.19359507692307693
-0.28267384615384616
-0.3319070769230769
-0.3346190769230769
-0.2937304615384615
-0.20673784615384616
-0.09304246153846155
0.025659692307692307
0.13622584615384614
0.21508246153846153
0.26786215384615386
0.28851507692307693
0.27704123076923076
0.23969907692307693
0.16292861538461537
0.07468430769230769
-0.012934153846153845
-0.09074769230769231
-0.14477907692307693
-0.1881710769230769
-0.21070153846153844
-0.1990190769230769
-0.15562707692307692
-0.08574092307692306
-0.007510153846153846
0.06654830769230768
0.13789476923076924
0.19860184615384616
0.24679199999999998
0.27328615384615385
0.2588916923076923
0.2140393846153846
0.14916
0.08657538461538461
0.02586830769230769
-0.03880246153846154
-0.09325107692307691
-0.15187199999999998
-0.19526400000000002
-0.20798953846153845
-0.1990190769230769
-0.16710092307692306
-0.12767261538461538
-0.07155507692307693
0.003129230769230769
0.07969107692307692
0.14790830769230767
0.19359507692307693
0.20715507692307691
0.18629353846153843
0.13518276923076925
0.06529661538461538
-0.021278769230769233
-0.11640738461538462
-0.19985353846153847
-0.2643156923076923
-0.27620676923076926
-0.2517987692307692
-0.20027076923076922
-0.11828492307692307
-0.026702769230769228
0.07426707692307692
0.16251138461538459
0.22843384615384613
0.2626467692307692
0.2517987692307692
0.20235692307692305
0.12996738461538462
0.04819015384615385
-0.026285538461538457
-0.09304246153846155
-0.14311015384615386
-0.15395815384615386
-0.12913292307692306
-0.078648
-0.016272
0.04693846153846153
0.0988836923076923
0.12850707692307692
0.1462393846153846
0.13747753846153846
0.10639384615384614
0.06216738461538462
-0.006258461538461538
-0.06154153846153846
-0.08991323076923076
-0.0855323076923077
-0.05298830769230769
-0.011891076923076923
0.051528
0.13768615384615385
0.2236356923076923
0.2891409230769231
0.3102110769230769
0.2822566153846154
0.21925476923076925
0.138312
0.05570030769230769
-0.024408000000000003
-0.10660246153846153
-0.1639716923076923
-0.20486030769230767
-0.22697353846153845
-0.2073636923076923
-0.18379015384615385
-0.154584
-0.14394461538461537
-0.11807630769230769
-0.08052553846153847
-0.017732307692307693
0.06842584615384616
0.20402584615384614
0.3373310769230769
0.33607938461538456
0.4047138461538461
0.4111809230769231
0.3811403076923077
0.3269003076923077
0.10597661538461538
-0.08782707692307692
-0.3713353846153846
-0.565764923076923
-0.690516923076923
-0.8317495384615384
-0.8286203076923077
-0.8048381538461538
-0.5770301538461539
-0.23928184615384615
0.1218313846153846
0.5424
0.7973279999999999
1.005108923076923
1.0741606153846155
0.9523292307692308
0.7558135384615385
0.3571495384615384
-0.06195876923076923
-0.46083138461538464
-0.8738898461538461
-1.054968
-1.1177612307692308
-1.039321846153846
-0.7741716923076923
-0.49358399999999997
-0.11140061538461538
0.25367630769230765
0.5713975384615384
0.8519852307692307
0.938977846153846
0.898715076923077
0.728484923076923
0.4758516923076923
0.20360861538461536
-0.14436184615384615
-0.4675070769230769
-0.7441310769230769
-0.937308923076923
-0.9640116923076922
-0.9091458461538461
-0.7455913846153845
-0.4958787692307692
-0.2330233846153846
0.07572738461538461
0.33670523076923076
0.5223729230769231
0.6742449230769231
0.7347433846153846
0.7543532307692307
0.7266073846153845
0.6062363076923076
0.4547815384615384
0.24741784615384615
0.012099692307692308
-0.2273907692307692
-0.46583815384615385
-0.6439956923076923
-0.7522670769230769
-0.7560221538461538
-0.6867618461538461
-0.5359329230769231
-0.26911384615384615
0.03609046153846154
0.37738523076923075
0.7042855384615384
0.9398123076923076
1.085843076923077
1.086468923076923
0.9646375384615384
0.7391243076923076
0.3919883076923077
0.024616615384615383
-0.34358953846153845
-0.6813378461538461
-0.9189507692307692
-1.0526732307692308
-1.0313944615384616
-0.8655452307692308
-0.5985175384615384
-0.24866953846153847
0.13768615384615385
0.5361415384615384
0.877019076923077
1.079376
1.1475932307692307
1.037652923076923
0.7956590769230768
0.49024615384615383
0.10409907692307692
-0.2651501538461538
-0.6014381538461538
-0.8661710769230769
-0.9827870769230769
-0.9996849230769231
-0.8853636923076923
-0.659016
-0.3782196923076923
-0.04985907692307692
0.25471938461538457
0.5102732307692307
0.6734104615384615
0.7197230769230769
0.6948978461538461
0.5855833846153846
0.4111809230769231
0.19067446153846154
-0.05069353846153846
-0.2559710769230769
-0.431208
-0.5336381538461539
-0.5561686153846154
-0.5426086153846154
-0.4593710769230769
-0.3387913846153846
-0.21111876923076925
-0.06467076923076923
0.07051199999999999
0.206112
0.32272799999999996
0.3884418461538462
0.431208
0.4297476923076923
0.38593846153846156
0.3072904615384615
0.17982646153846152
0.042348923076923076
-0.09867507692307692
-0.23364923076923078
-0.3513083076923077
-0.46145723076923073
-0.5300916923076923
-0.546780923076923
-0.4987993846153846
-0.385104
-0.25346769230769234
-0.09846646153846153
0.07134646153846153
0.2482523076923077
0.41994276923076923
0.5259193846153846
0.5588806153846154
0.5273796923076923
0.4253667692307692
0.2830910769230769
0.116616
-0.06300184615384616
-0.22718215384615387
-0.3588184615384616
-0.41305846153846154
-0.3903193846153846
-0.301032
-0.14728246153846153
0.019609846153846155
0.1860849230769231
0.33378461538461535
0.4472713846153846
0.5129852307692307
0.509856
0.4489403076923077
0.3385827692307692
0.214248
0.10472492307692308
0.006884307692307692
-0.07551876923076924
-0.1316363076923077
-0.1504116923076923
-0.12204
-0.06049846153846154
-0.0008344615384615384
0.03588184615384615
0.04422646153846154
0.042974769230769226
0.03838523076923077
0.03984553846153846
0.03692492307692308
0.009387692307692307
-0.015020307692307692
-0.024616615384615383
-0.013768615384615384
0.01043076923076923
0.029623384615384614
0.04756430769230769
0.06258461538461538
0.06675692307692307
0.07405846153846153
0.06404492307692307
0.03483876923076923
-0.005424
-0.055491692307692304
-0.08490646153846154
-0.10263876923076923
-0.10159569230769232
-0.092208
-0.07197230769230768
-0.019192615384615384
0.052153846153846155
0.13330523076923076
0.18963138461538462
0.19818461538461538
0.16584923076923075
0.11056615384615384
0.037967999999999995
-0.04839876923076923
-0.14206707692307693
-0.22989415384615383
-0.2860116923076923
-0.29581661538461534
-0.23928184615384615
-0.13372246153846154
-0.014185846153846153
0.10743692307692307
0.2059033846153846
0.2753723076923077
0.3062473846153846
0.2716172307692308
0.1846246153846154
0.06070707692307692
-0.06967753846153846
-0.1783661538461538
-0.2540935384615385
-0.2782929230769231
-0.2591003076923077
-0.1794092307692308
-0.055491692307692304
0.08386338461538462
0.2236356923076923
0.31667815384615383
0.36319938461538465
0.35798399999999997
0.3016578461538461
0.20673784615384616
0.06759138461538462
-0.08845292307692308
-0.22655630769230767
-0.3239796923076923
-0.36319938461538465
-0.34776184615384614
-0.28768061538461537
-0.19067446153846154
-0.062376
0.078648
0.20632061538461538
0.2997803076923077
0.3321156923076923
0.31104553846153843
0.24595753846153845
0.14811692307692306
0.03838523076923077
-0.07426707692307692
-0.18086953846153844
-0.2591003076923077
-0.29748553846153847
-0.2814221538461538
-0.21049292307692305
-0.12266584615384615
-0.024408000000000003
0.07092923076923077
0.15145476923076923
0.21320492307692307
0.2374043076923077
0.2207150769230769
0.16418030769230768
0.08740984615384616
0.023990769230769232
-0.026702769230769228
-0.06446215384615385
-0.09512861538461538
-0.12454338461538461
-0.13643446153846153
-0.13184492307692308
-0.11452984615384615
-0.10576799999999999
-0.11849353846153846
-0.124752
-0.11035753846153845
-0.07134646153846153
-0.01043076923076923
0.04985907692307692
0.09825784615384614
0.132888
0.15354092307692307
0.16584923076923075
0.15145476923076923
0.10952307692307692
0.054240000000000003
-0.009596307692307692
-0.05799507692307692
-0.092208
-0.11098338461538461
-0.1136953846153846
-0.10389046153846154
-0.06738276923076922
-0.016897846153846156
0.040262769230769234
0.08907876923076924
0.11870215384615385
0.13622584615384614
0.1476996923076923
0.16021661538461537
0.16480615384615382
0.15291507692307693
0.12996738461538462
0.09116492307692307
0.040054153846153843
-0.010848
-0.06696553846153847
-0.12120553846153845
-0.1779489230769231
-0.20819815384615384
-0.19171753846153847
-0.14206707692307693
-0.06341907692307691
0.01940123076923077
0.10201292307692307
0.18399876923076922
0.249504
0.2926873846153846
0.30061476923076924
0.2632726153846154
0.20423446153846153
0.12850707692307692
0.05111076923076923
-0.012308307692307691
-0.07697907692307693
-0.12287446153846153
-0.14707384615384617
-0.14269292307692305
-0.10806276923076923
-0.06467076923076923
-0.009804923076923077
0.044435076923076924
0.09471138461538461
0.15082892307692305
0.18775384615384613
0.20840676923076923
0.20360861538461536
0.16897846153846155
0.13101046153846155
0.07906523076923076
0.029414769230769227
-0.017732307692307693
-0.06759138461538462
-0.09784061538461537
-0.11640738461538462
-0.12224861538461537
-0.10868861538461538
-0.0961716923076923
-0.08699261538461538
-0.06321046153846153
-0.030875076923076922
0.013560000000000001
0.05507446153846154
0.0934596923076923
0.1353913846153846
0.17085599999999998
0.21111876923076925
0.2292683076923077
0.22029784615384615
0.1800350769230769
0.10743692307692307
0.03150092307692308
-0.04860738461538461
-0.12204
-0.18545907692307692
-0.23844738461538462
-0.2478350769230769
-0.22467876923076924
-0.18650215384615382
-0.12350030769230769
-0.061124307692307686
0.01043076923076923
0.07802215384615384
0.1287156923076923
0.17961784615384613
0.18712800000000002
0.1476996923076923
0.08115138461538463
-0.008761846153846153
-0.09700615384615385
-0.19046584615384615
-0.2730775384615384
-0.327108923076923
-0.3567323076923076
-0.3387913846153846
-0.2845513846153846
-0.19672430769230767
-0.08699261538461538
0.0035464615384615383
0.08824430769230769
0.15395815384615386
0.18086953846153844
0.18128676923076922
0.13893784615384613
0.0798996923076923
0.01981846153846154
-0.04693846153846153
-0.10013538461538461
-0.15604430769230768
-0.19881046153846152
-0.2238443076923077
-0.23198030769230768
-0.20632061538461538
-0.16438892307692307
-0.11974523076923077
-0.08115138461538463
-0.03421292307692308
0.023782153846153845
0.073224
0.1070196923076923
0.13101046153846155
0.1358086153846154
0.12788123076923075
0.11411261538461538
0.092208
0.06550523076923077
0.01668923076923077
-0.03108369230769231
-0.07155507692307693
-0.09533723076923077
-0.09825784615384614
-0.10117846153846152
-0.0853236923076923
-0.0448523076923077
0.021487384615384613
0.10889723076923077
0.20006215384615383
0.2828824615384615
0.336288
0.3584012307692308
0.3594443076923077
0.32377107692307694
0.25346769230769234
0.1504116923076923
0.03504738461538461
-0.06133292307692308
-0.143736
-0.19067446153846154
-0.19672430769230767
-0.1787833846153846
-0.1136953846153846
-0.028163076923076923
0.06884307692307692
0.1543753846153846
0.1829556923076923
0.19505538461538463
0.1860849230769231
0.15875630769230767
0.10555938461538462
0.033169846153846154
-0.050067692307692306
-0.10096984615384616
-0.1368516923076923
-0.050067692307692306
0.06529661538461538
-0.006258461538461538
0.02899753846153846
0.024616615384615383
0.07656184615384615
0.19213476923076922
0.0717636923076923
-0.0029206153846153843
-0.17315076923076922
-0.2154996923076923
-0.11682461538461539
-0.14311015384615386
-0.10117846153846152
-0.1794092307692308
-0.11640738461538462
0.05924676923076923
0.18128676923076922
0.35339446153846155
0.26118646153846153
0.1693956923076923
0.11077476923076923
-0.010013538461538461
0.0070929230769230765
-0.11911938461538461
-0.20965846153846154
-0.22008923076923076
-0.33566215384615383
-0.23218892307692307
-0.12975876923076923
-0.04631261538461538
0.10743692307692307
0.08365476923076923
0.11640738461538462
0.13184492307692308
0.12266584615384615
0.19651569230769228
0.1287156923076923
0.03504738461538461
-0.05674338461538461
-0.11244369230769231
-0.040679999999999994
-0.05048492307692308
-0.0826116923076923
-0.11578153846153846
-0.14853415384615384
-0.03024923076923077
0.04860738461538461
0.0853236923076923
0.103056
0.03713353846153846
0.06592246153846154
0.0853236923076923
0.0609156923076923
0.07384984615384615
0.017315076923076923
0.01856676923076923
0.07823076923076923
0.100344
0.14269292307692305
0.11640738461538462
0.0717636923076923
0.04714707692307692
-0.0008344615384615384
-0.0077187692307692304
-0.030040615384615384
-0.027745846153846152
-0.03212676923076923
-0.058829538461538454
0.009179076923076922
0.061750153846153844
0.12704676923076924
0.18879692307692306
0.17544553846153846
0.19046584615384615
0.16689230769230767
0.13434830769230768
0.10472492307692308
-0.003755076923076923
-0.07614461538461538
-0.12016246153846154
-0.1543753846153846
-0.1570873846153846
-0.19505538461538463
-0.19046584615384615
-0.13184492307692308
-0.06988615384615385
-0.0029206153846153843
0.016272
0.05611753846153846
0.10138707692307691
0.1028473846153846
0.11682461538461539
0.07155507692307693
0.02545107692307692
0.006049846153846154
-0.048816000000000005
-0.06028984615384615
-0.08386338461538462
-0.11202646153846153
-0.09554584615384615
-0.10514215384615383
-0.08031692307692308
-0.026285538461538457
0.027745846153846152
0.09930092307692308
0.13706030769230768
0.15792184615384616
0.1585476923076923
0.15374953846153847
0.1666836923076923
0.1504116923076923
0.12204
0.06028984615384615
-0.0035464615384615383
-0.009179076923076922
-0.01981846153846154
-0.010848
0.0
-0.0077187692307692304
0.031918153846153846
0.08302892307692307
0.11995384615384615
0.12808984615384614
0.0936683076923077
0.07697907692307693
0.09700615384615385
0.11265230769230769
0.116616
0.0892873846153846
0.03838523076923077
0.012099692307692308
-0.0018775384615384615
0.0022947692307692304
-0.0006258461538461538
-0.02044430769230769
-0.03400430769230769
-0.054240000000000003
-0.04130584615384615
-0.016897846153846156
0.015020307692307692
0.059872615384615385
0.059872615384615385
0.06404492307692307
0.08219446153846154
0.09721476923076922
0.12308307692307692
0.10389046153846154
0.061750153846153844
0.03671630769230769
0.014603076923076923
0.012099692307692308
0.0014603076923076922
-0.035464615384615386
-0.07635323076923077
-0.10263876923076923
-0.08845292307692308
-0.06571384615384615
-0.06154153846153846
-0.06383630769230769
-0.06654830769230768
-0.03588184615384615
0.006049846153846154
0.04214030769230769
0.07843938461538462
0.08636676923076922
0.09575446153846154
0.08761846153846153
0.052153846153846155
0.01814953846153846
-0.032544
-0.08845292307692308
-0.14582215384615385
-0.18316430769230768
-0.16459753846153846
-0.12412615384615384
-0.08323753846153846
-0.04735569230769231
-0.023782153846153845
0.003963692307692307
0.021487384615384613
0.035464615384615386
0.04109723076923077
0.010639384615384617
-0.020027076923076922
-0.04109723076923077
-0.047772923076923074
-0.04819015384615385
-0.07405846153846153
-0.07885661538461539
-0.06946892307692307
-0.07238953846153846
-0.07051199999999999
-0.09095630769230768
-0.0961716923076923
-0.073224
-0.051528
-0.01814953846153846
0.003963692307692307
0.029206153846153847
0.06133292307692308
0.086784
0.10889723076923077
0.10910584615384614
0.09950953846153845
0.06738276923076922
0.02086153846153846
-0.023782153846153845
-0.0853236923076923
-0.13810338461538463
-0.1706473846153846
-0.18337292307692307
-0.16230276923076925
-0.12329169230769231
-0.06279323076923077
0.03442153846153846
0.12788123076923075
0.22113230769230768
0.2995716923076923
0.32982092307692307
0.330864
0.28246523076923075
0.20652923076923077
0.12141415384615384
0.03671630769230769
-0.03859384615384615
-0.11599015384615384
-0.16647507692307692
-0.1794092307692308
-0.14832553846153845
-0.08240307692307691
-0.012934153846153845
0.04276615384615385
0.09179076923076923
0.13914646153846155
0.1775316923076923
0.19192615384615386
0.16480615384615382
0.10514215384615383
0.027328615384615382
-0.03358707692307692
-0.06633969230769231
-0.07969107692307692
-0.07468430769230769
-0.06759138461538462
-0.04672984615384615
-0.010013538461538461
0.02482523076923077
0.042974769230769226
0.038176615384615385
0.02023569230769231
-0.005841230769230769
-0.02753723076923077
-0.04214030769230769
-0.047772923076923074
-0.04944184615384615
-0.053405538461538456
-0.04902461538461538
-0.029623384615384614
-0.008136
-0.0022947692307692304
-0.010848
-0.02795446153846154
-0.03567323076923076
-0.03671630769230769
-0.05069353846153846
-0.07155507692307693
-0.0961716923076923
-0.11181784615384616
-0.100344
-0.07760492307692309
-0.05298830769230769
-0.03609046153846154
-0.031709538461538456
-0.0025033846153846152
0.03629907692307692
0.07280676923076923
0.09930092307692308
0.08615815384615384
0.06592246153846154
0.03984553846153846
0.012516923076923077
-0.007510153846153846
-0.03609046153846154
-0.05924676923076923
-0.07259815384615384
-0.06717415384615384
-0.041514461538461535
-0.011891076923076923
0.012099692307692308
0.021904615384615383
0.028788923076923077
0.042974769230769226
0.05799507692307692
0.07030338461538461
0.06633969230769231
0.051319384615384614
0.03713353846153846
0.026702769230769228
0.03150092307692308
0.026702769230769228
0.006049846153846154
-0.009596307692307692
-0.01856676923076923
-0.016897846153846156
-0.014603076923076923
-0.015646153846153844
-0.012516923076923077
-0.0033378461538461535
0.019609846153846155
0.06404492307692307
0.10660246153846153
0.13998092307692306
0.16167692307692308
0.16856123076923077
0.18316430769230768
0.18128676923076922
0.16584923076923075
0.12829846153846153
0.06884307692307692
0.027120000000000002
-0.007927384615384614
-0.02044430769230769
-0.02211323076923077
-0.031709538461538456
-0.03504738461538461
-0.04860738461538461
-0.061124307692307686
-0.06592246153846154
-0.08010830769230769
-0.09283384615384616
-0.10055261538461538
-0.09971815384615385
-0.078648
-0.05924676923076923
-0.031918153846153846
0.0002086153846153846
0.03233538461538461
0.07134646153846153
0.08740984615384616
0.07551876923076924
0.035464615384615386
-0.03233538461538461
-0.10138707692307691
-0.15520984615384617
-0.18712800000000002
-0.19568123076923075
-0.18149538461538461
-0.13226215384615383
-0.05590892307692308
0.03775938461538462
0.1368516923076923
0.21633415384615384
0.27599815384615384
0.30144923076923075
0.295608
0.26097784615384617
0.18858830769230767
0.09429415384615383
-0.008136
-0.09784061538461537
-0.14999446153846155
-0.16313723076923078
-0.1435273846153846
-0.09846646153846153
-0.04714707692307692
0.016897846153846156
0.08219446153846154
0.13393107692307693
0.16730953846153845
0.16188553846153847
0.13393107692307693
0.09387692307692307
0.047772923076923074
0.004172307692307692
-0.033169846153846154
-0.047772923076923074
-0.05403138461538461
-0.04902461538461538
-0.021070153846153846
0.003129230769230769
0.022947692307692308
0.04401784615384615
0.06487938461538462
0.086784
0.09679753846153846
0.10222153846153846
0.09930092307692308
0.09179076923076923
0.09179076923076923
0.09387692307692307
0.10597661538461538
0.1207883076923077
0.130176
0.12558646153846154
0.10618523076923077
0.08511507692307693
0.051528
0.008136
-0.04380923076923077
-0.09554584615384615
-0.1316363076923077
-0.16334584615384617
-0.17690584615384616
-0.16313723076923078
-0.13309661538461537
-0.07823076923076923
-0.009179076923076922
0.06070707692307692
0.124752
0.157296
0.1691870769230769
0.16188553846153847
0.12913292307692306
0.08699261538461538
0.03233538461538461
-0.018983999999999997
-0.04318338461538461
-0.04568676923076923
-0.027328615384615382
0.0016689230769230767
0.028163076923076923
0.061124307692307686
0.08824430769230769
0.11140061538461538
0.12308307692307692
0.1151556923076923
0.09909230769230769
0.06946892307692307
0.042348923076923076
0.016897846153846156
-0.002086153846153846
-0.01668923076923077
-0.01668923076923077
0.0016689230769230767
0.014394461538461538
0.03400430769230769
0.04839876923076923
0.05945538461538461
0.061750153846153844
0.052153846153846155
0.033169846153846154
-0.007510153846153846
-0.049233230769230765
-0.084072
-0.09763200000000001
-0.09784061538461537
-0.09554584615384615
-0.11494707692307692
-0.1543753846153846
-0.20861538461538462
-0.20110523076923076
-0.09950953846153845
0.023364923076923075
0.19755876923076923
0.3421292307692308
0.4748086153846154
0.5937193846153845
0.654217846153846
0.6723673846153846
0.5430258461538462
0.34358953846153845
0.12621230769230768
-0.0853236923076923
-0.2680707692307692
-0.4383009230769231
-0.5570030769230769
-0.6218824615384615
-0.5780732307692308
-0.44622830769230765
-0.2807963076923077
-0.09930092307692308
0.06571384615384615
0.1913003076923077
0.26681907692307694
0.2776670769230769
0.21654276923076923
0.12037107692307693
-0.03880246153846154
-0.2140393846153846
-0.3584012307692308
-0.4652123076923077
-0.46020553846153844
-0.39991569230769225
-0.287472
-0.14185846153846154
-0.024408000000000003
0.092208
0.15646153846153846
0.16292861538461537
0.13247076923076923
0.06300184615384616
0.03713353846153846
0.052153846153846155
0.07802215384615384
0.103056
0.0880356923076923
0.07635323076923077
0.052571076923076915
0.004798153846153846
-0.059664
-0.15541846153846153
-0.22321846153846153
-0.2651501538461538
-0.287472
-0.2701569230769231
-0.25200738461538463
-0.2073636923076923
-0.12913292307692306
-0.059038153846153844
0.03755076923076923
0.13247076923076923
0.22029784615384615
0.31208861538461535
0.3636166153846153
0.3623649230769231
0.2897667692307692
0.17815753846153848
0.0448523076923077
-0.10597661538461538
-0.22989415384615383
-0.30207507692307695
-0.29101846153846156
-0.19735015384615384
-0.06362769230769232
0.09909230769230769
0.2632726153846154
0.4011673846153846
0.5031803076923077
0.5134024615384616
0.44581107692307687
0.336288
0.1990190769230769
0.07843938461538462
-0.042974769230769226
-0.14936861538461538
-0.2125790769230769
-0.23239753846153846
-0.20381723076923075
-0.17544553846153846
-0.15082892307692305
-0.12496061538461539
-0.09950953846153845
-0.056951999999999996
-0.03629907692307692
-0.03024923076923077
-0.02795446153846154
-0.04839876923076923
-0.058829538461538454
-0.06800861538461538
-0.07280676923076923
-0.056951999999999996
-0.04318338461538461
-0.008136
0.03921969230769231
0.07635323076923077
0.11265230769230769
0.12204
0.10117846153846152
0.05277969230769231
-0.017315076923076923
-0.09116492307692307
-0.16292861538461537
-0.21716861538461538
-0.2480436923076923
-0.24741784615384615
-0.19985353846153847
-0.12266584615384615
-0.02753723076923077
0.07343261538461537
0.13768615384615385
0.17502830769230768
0.184416
0.1612596923076923
0.11619876923076923
0.02357353846153846
-0.07948246153846153
-0.165432
-0.22572184615384616
-0.23364923076923078
-0.2157083076923077
-0.1785747692307692
-0.11286092307692308
-0.030875076923076922
0.06341907692307691
0.14060676923076923
0.184416
0.21007569230769232
0.21132738461538458
0.19985353846153847
0.17002153846153847
0.11077476923076923
0.055491692307692304
0.0018775384615384615
-0.03859384615384615
-0.06800861538461538
-0.09596307692307693
-0.09095630769230768
-0.0771876923076923
-0.049233230769230765
-0.0022947692307692304
0.02753723076923077
0.058412307692307694
0.07614461538461538
0.08386338461538462
0.09533723076923077
0.08782707692307692
0.08991323076923076
0.09158215384615384
0.07969107692307692
0.07426707692307692
0.07134646153846153
0.073224
0.07030338461538461
0.05236246153846154
0.02545107692307692
-0.015020307692307692
-0.05173661538461538
-0.07969107692307692
-0.10868861538461538
-0.12204
-0.11974523076923077
-0.08344615384615384
-0.006675692307692307
0.08115138461538463
0.17461107692307692
0.2588916923076923
0.327108923076923
0.384060923076923
0.41973415384615387
0.4174393846153846
0.36778892307692307
0.2776670769230769
0.15124615384615384
0.014185846153846153
-0.11724184615384614
-0.24303692307692307
-0.33816553846153846
-0.3919883076923077
-0.39657784615384617
-0.33962584615384617
-0.2415766153846154
-0.11849353846153846
0.013351384615384614
0.12412615384615384
0.2125790769230769
0.2701569230769231
0.2799618461538461
0.24199384615384617
0.16313723076923078
0.061124307692307686
-0.037342153846153844
-0.11953661538461538
-0.1777403076923077
-0.20652923076923077
-0.21508246153846153
-0.18712800000000002
-0.12350030769230769
-0.04193169230769231
0.042557538461538466
0.11286092307692308
0.16251138461538459
0.184416
0.18858830769230767
0.17481969230769231
0.13518276923076925
0.07134646153846153
0.003755076923076923
-0.031709538461538456
-0.03755076923076923
-0.025659692307692307
0.002086153846153846
0.024408000000000003
0.03379569230769231
0.03379569230769231
0.030040615384615384
0.017940923076923077
-0.012934153846153845
-0.05528307692307692
-0.0855323076923077
-0.08991323076923076
-0.07134646153846153
-0.028371692307692306
0.022947692307692308
0.084072
0.14144123076923076
0.19067446153846154
0.2275993846153846
0.22154953846153846
0.18399876923076922
0.11286092307692308
0.03233538461538461
-0.04109723076923077
-0.10952307692307692
-0.1585476923076923
-0.18337292307692307
-0.17419384615384614
-0.11974523076923077
-0.03421292307692308
0.058412307692307694
0.1543753846153846
0.22634769230769228
0.26640184615384616
0.2655673846153846
0.2292683076923077
0.16334584615384617
0.06049846153846154
-0.042974769230769226
-0.13184492307692308
-0.1883796923076923
-0.21132738461538458
-0.21508246153846153
-0.18879692307692306
-0.14206707692307693
-0.07843938461538462
-0.005424
0.05507446153846154
0.10138707692307691
0.11807630769230769
0.10514215384615383
0.08636676923076922
0.06133292307692308
0.04047138461538462
0.021487384615384613
0.006049846153846154
0.018983999999999997
0.04547815384615384
0.07885661538461539
0.10994030769230768
0.11953661538461538
0.11432123076923076
0.09658892307692307
0.06654830769230768
0.028163076923076923
-0.027745846153846152
-0.09825784615384614
-0.15124615384615384
-0.17982646153846152
-0.18504184615384617
-0.1691870769230769
-0.1314276923076923
-0.0744756923076923
-0.02023569230769231
0.03504738461538461
0.07927384615384615
0.09471138461538461
0.07885661538461539
0.04172307692307692
0.006675692307692307
-0.026911384615384615
-0.06195876923076923
-0.08615815384615384
-0.09784061538461537
-0.0892873846153846
-0.05924676923076923
-0.016897846153846156
0.03358707692307692
0.07030338461538461
0.09137353846153846
0.09846646153846153
0.100344
0.11140061538461538
0.11181784615384616
0.11014892307692307
0.1097316923076923
0.10806276923076923
0.12704676923076924
0.14457046153846154
0.14916
0.14665661538461539
0.13101046153846155
0.116616
0.09700615384615385
0.07405846153846153
0.04276615384615385
-0.006884307692307692
-0.04985907692307692
-0.07426707692307692
-0.08323753846153846
-0.07677046153846154
-0.06988615384615385
-0.06070707692307692
-0.04380923076923077
-0.024408000000000003
-0.0043809230769230765
0.005424
0.0006258461538461538
-0.02315630769230769
-0.05528307692307692
-0.07927384615384615
-0.09095630769230768
-0.09992676923076924
-0.1045163076923077
-0.0892873846153846
-0.054657230769230764
0.0043809230769230765
0.06446215384615385
0.10952307692307692
0.13455692307692307
0.12683815384615382
0.11160923076923077
0.0826116923076923
0.04547815384615384
0.006258461538461538
-0.045895384615384616
-0.0880356923076923
-0.12162276923076921
-0.14018953846153845
-0.14144123076923076
-0.14144123076923076
-0.12975876923076923
-0.10827138461538462
-0.0853236923076923
-0.04756430769230769
-0.011473846153846154
0.020652923076923076
0.04839876923076923
0.05674338461538461
0.061750153846153844
0.053405538461538456
0.02586830769230769
-0.0050067692307692304
-0.03775938461538462
-0.05924676923076923
-0.06446215384615385
-0.06154153846153846
-0.05736923076923077
-0.05444861538461539
-0.055491692307692304
-0.04714707692307692
-0.026285538461538457
-0.010013538461538461
0.0022947692307692304
0.012099692307692308
0.03275261538461539
0.05570030769230769
0.065088
0.05716061538461538
0.02858030769230769
-0.0070929230769230765
-0.04819015384615385
-0.08198584615384615
-0.1045163076923077
-0.11870215384615385
-0.12099692307692309
-0.10409907692307692
-0.07113784615384615
-0.021070153846153846
0.040679999999999994
0.10076123076923077
0.1489513846153846
0.16751815384615384
0.17002153846153847
0.14436184615384615
0.09012184615384615
0.021904615384615383
-0.059038153846153844
-0.12245723076923076
-0.1612596923076923
-0.17481969230769231
-0.16251138461538459
-0.13998092307692306
-0.092208
-0.02482523076923077
0.04756430769230769
0.11974523076923077
0.165432
0.18900553846153845
0.18963138461538462
0.16856123076923077
0.1397723076923077
0.08907876923076924
0.022530461538461537
-0.045895384615384616
-0.10806276923076923
-0.138312
-0.1489513846153846
-0.15228923076923076
-0.1368516923076923
-0.10931446153846153
-0.06133292307692308
-0.0029206153846153843
0.05799507692307692
0.11202646153846153
0.13372246153846154
0.13643446153846153
0.12037107692307693
0.09554584615384615
0.06800861538461538
0.026494153846153844
-0.014394461538461538
-0.052153846153846155
-0.07259815384615384
-0.0771876923076923
-0.07739630769230768
-0.06946892307692307
-0.058412307692307694
-0.03504738461538461
0.011265230769230769
0.06300184615384616
0.10555938461538462
0.13372246153846154
0.14039815384615384
0.1489513846153846
0.12934153846153845
0.08949599999999999
0.023364923076923075
-0.0961716923076923
-0.1804523076923077
-0.23093723076923076
-0.22008923076923076
-0.1792006153846154
-0.14311015384615386
-0.07739630769230768
0.01856676923076923
0.12725538461538463
0.3158436923076923
0.49337538461538455
0.4022104615384615
0.3312812307692308
0.21341353846153846
0.1070196923076923
0.11160923076923077
-0.1424843076923077
-0.3375396923076923
-0.5530393846153846
-0.6181273846153846
-0.4268270769230769
-0.3275261538461538
-0.12496061538461539
-0.059872615384615385
0.12037107692307693
0.4337113846153846
0.6006036923076923
0.7764664615384615
0.6060276923076923
0.38426953846153844
0.20944984615384615
-0.07134646153846153
-0.16438892307692307
-0.3873987692307692
-0.5538738461538462
-0.5446947692307692
-0.6323132307692307
-0.44956615384615384
-0.2290596923076923
-0.054657230769230764
0.22530461538461538
0.29039261538461536
0.3994984615384615
0.48565661538461535
0.47021907692307696
0.5313433846153847
0.39282276923076925
0.19609846153846153
-0.011265230769230769
-0.21299630769230768
-0.23823876923076923
-0.32606584615384615
-0.3982467692307692
-0.4113895384615384
-0.3988726153846154
-0.18525046153846153
0.0035464615384615383
0.1506203076923077
0.30019753846153846
0.33670523076923076
0.44393353846153844
0.5177833846153846
0.477312
0.4395526153846154
0.2981113846153846
0.17294215384615383
0.10889723076923077
-0.013351384615384614
-0.10493353846153847
-0.2236356923076923
-0.32001599999999997
-0.3323243076923077
-0.3346190769230769
-0.2701569230769231
-0.19338646153846153
-0.05945538461538461
0.08845292307692308
0.18170399999999998
0.33566215384615383
0.4253667692307692
0.47606030769230767
0.49921661538461537
0.3890676923076923
0.28434276923076923
0.13038461538461538
-0.059038153846153844
-0.20423446153846153
-0.39282276923076925
-0.4914978461538461
-0.5035975384615384
-0.46625538461538457
-0.3333673846153846
-0.20256553846153844
-0.014394461538461538
0.21299630769230768
0.3909452307692307
0.4977563076923077
0.47376553846153846
0.4147273846153846
0.3344104615384615
0.16751815384615384
-0.013351384615384614
-0.24658338461538462
-0.4627089230769231
-0.5553341538461538
-0.6070707692307692
-0.5492843076923076
-0.43016492307692306
-0.30937661538461536
-0.10889723076923077
0.06759138461538462
0.2399076923076923
0.4049224615384615
0.4821101538461538
0.5038061538461538
0.4303735384615384
0.29915446153846154
0.13914646153846155
-0.04130584615384615
-0.17648861538461538
-0.29602523076923076
-0.35568923076923076
-0.3513083076923077
-0.30895938461538464
-0.17711446153846155
-0.037342153846153844
0.10764553846153846
0.24199384615384617
0.3012406153846154
0.3682061538461538
0.4053396923076923
0.3744646153846154
0.3062473846153846
0.17481969230769231
0.05507446153846154
-0.006258461538461538
-0.05945538461538461
-0.0936683076923077
-0.13184492307692308
-0.16438892307692307
-0.14394461538461537
-0.11411261538461538
-0.065088
-0.028163076923076923
-0.0016689230769230767
0.04380923076923077
0.056951999999999996
0.08636676923076922
0.10076123076923077
0.10138707692307691
0.12788123076923075
0.10493353846153847
0.07781353846153846
0.04902461538461538
0.006258461538461538
0.004798153846153846
-0.021904615384615383
-0.07697907692307693
-0.10868861538461538
-0.12850707692307692
-0.09533723076923077
-0.0448523076923077
-0.017315076923076923
0.007301538461538462
0.017523692307692306
0.059038153846153844
0.09950953846153845
0.11265230769230769
0.11181784615384616
0.06133292307692308
0.020027076923076922
-0.024616615384615383
-0.07843938461538462
-0.10597661538461538
-0.14874276923076923
-0.16584923076923075
-0.1656406153846154
-0.15938215384615384
-0.10576799999999999
-0.04380923076923077
0.012308307692307691
0.04965046153846154
0.054657230769230764
0.06717415384615384
0.08636676923076922
0.09450276923076922
0.0717636923076923
0.014394461538461538
-0.045060923076923075
-0.08302892307692307
-0.07593599999999999
-0.05528307692307692
-0.05653476923076922
-0.05298830769230769
-0.03942830769230769
-0.0002086153846153846
0.05570030769230769
0.08031692307692308
0.09700615384615385
0.0936683076923077
0.07134646153846153
0.08094276923076923
0.08219446153846154
0.07635323076923077
0.06633969230769231
0.043392
0.030040615384615384
0.017315076923076923
0.017315076923076923
0.003755076923076923
-0.02524246153846154
-0.05799507692307692
-0.09283384615384616
-0.09304246153846155
-0.07635323076923077
-0.059038153846153844
-0.03880246153846154
-0.024616615384615383
0.0014603076923076922
0.04631261538461538
0.08949599999999999
0.12955015384615384
0.14081538461538462
0.11953661538461538
0.10827138461538462
0.10639384615384614
0.11286092307692308
0.10180430769230768
0.05611753846153846
0.014185846153846153
-0.013768615384615384
-0.029414769230769227
-0.03775938461538462
-0.04985907692307692
-0.06028984615384615
-0.06550523076923077
-0.0448523076923077
0.0014603076923076922
0.04735569230769231
0.086784
0.09930092307692308
0.08887015384615385
0.0771876923076923
0.05027630769230769
0.006884307692307692
-0.042348923076923076
-0.09262523076923077
-0.12642092307692307
-0.14144123076923076
-0.14331876923076922
-0.12162276923076921
-0.09074769230769231
-0.05924676923076923
-0.02482523076923077
0.01272553846153846
0.061124307692307686
0.100344
0.11891076923076922
0.1218313846153846
0.13038461538461538
0.14081538461538462
0.12955015384615384
0.10931446153846153
0.06654830769230768
0.019609846153846155
-0.007301538461538462
-0.03400430769230769
-0.04839876923076923
-0.058412307692307694
-0.06675692307692307
-0.056951999999999996
-0.04109723076923077
-0.02044430769230769
-0.004172307692307692
-0.004589538461538461
0.003755076923076923
0.02232184615384615
0.047772923076923074
0.07113784615384615
0.07030338461538461
0.05590892307692308
0.023990769230769232
-0.022530461538461537
-0.06049846153846154
-0.09408553846153846
-0.12829846153846153
-0.1570873846153846
-0.184416
-0.18086953846153844
-0.15604430769230768
-0.12266584615384615
-0.07238953846153846
-0.03150092307692308
0.014394461538461538
0.059872615384615385
0.09971815384615385
0.1316363076923077
0.13038461538461538
0.11745046153846153
0.09012184615384615
0.04985907692307692
0.01272553846153846
-0.028788923076923077
-0.06028984615384615
-0.09471138461538461
-0.11223507692307692
-0.09804923076923076
-0.07760492307692309
-0.04735569230769231
-0.02586830769230769
-0.01814953846153846
-0.006049846153846154
0.002086153846153846
0.009179076923076922
0.02044430769230769
0.018775384615384614
0.020027076923076922
0.03337846153846154
0.049233230769230765
0.06487938461538462
0.0717636923076923
0.06884307692307692
0.06258461538461538
0.062376
0.06154153846153846
0.05236246153846154
0.03838523076923077
0.022947692307692308
0.017732307692307693
0.017523692307692306
0.02044430769230769
0.037342153846153844
0.045895384615384616
0.04839876923076923
0.06613107692307692
0.09053907692307692
0.11452984615384615
0.12934153846153845
0.13226215384615383
0.12934153846153845
0.11703323076923078
0.09491999999999999
0.06529661538461538
0.025659692307692307
-0.02023569230769231
-0.04944184615384615
-0.05820369230769231
-0.05298830769230769
-0.035464615384615386
-0.021904615384615383
-0.005841230769230769
0.010222153846153844
0.031918153846153846
0.05507446153846154
0.058412307692307694
0.044435076923076924
0.018358153846153843
0.0
-0.009179076923076922
-0.014603076923076923
-0.010222153846153844
-0.0006258461538461538
0.025659692307692307
0.07259815384615384
0.11640738461538462
0.15667015384615385
0.17461107692307692
0.16584923076923075
0.15291507692307693
0.11536430769230768
0.06633969230769231
0.009179076923076922
-0.05611753846153846
-0.10618523076923077
-0.13497415384615385
-0.13706030769230768
-0.12266584615384615
-0.09137353846153846
-0.04714707692307692
-0.0012516923076923076
0.04756430769230769
0.07468430769230769
0.07614461538461538
0.05820369230769231
0.010848
-0.044435076923076924
-0.10889723076923077
-0.1712732307692308
-0.21466523076923077
-0.2526332307692308
-0.25847446153846154
-0.22551323076923077
-0.16209415384615386
-0.07343261538461537
0.026076923076923077
0.12308307692307692
0.19693292307692306
0.24512307692307692
0.25471938461538457
0.22447015384615385
0.16000799999999998
0.06633969230769231
-0.03129230769230769
-0.11849353846153846
-0.18712800000000002
-0.2236356923076923
-0.22447015384615385
-0.18754523076923074
-0.11035753846153845
-0.016272
0.08156861538461539
0.16230276923076925
0.20861538461538462
0.22405292307692307
0.20006215384615383
0.14540492307692307
0.07134646153846153
-0.012934153846153845
-0.08469784615384615
-0.1368516923076923
-0.16334584615384617
-0.1558356923076923
-0.12245723076923076
-0.058829538461538454
0.022530461538461537
0.10201292307692307
0.16605784615384614
0.20277415384615383
0.2154996923076923
0.19985353846153847
0.1558356923076923
0.09909230769230769
0.042348923076923076
-0.006467076923076923
-0.04088861538461538
-0.058412307692307694
-0.04401784615384615
-0.01397723076923077
0.018983999999999997
0.05674338461538461
0.08636676923076922
0.1136953846153846
0.132888
0.1314276923076923
0.10722830769230769
0.058412307692307694
0.003129230769230769
-0.03650769230769231
-0.06529661538461538
-0.07781353846153846
-0.08428061538461538
-0.07113784615384615
-0.03400430769230769
0.010848
0.05653476923076922
0.06446215384615385
0.052153846153846155
-0.004172307692307692
-0.0853236923076923
-0.17398523076923075
-0.2563883076923077
-0.29685969230769227
-0.2720344615384615
-0.16751815384615384
0.028371692307692306
0.3170953846153846
0.4752258461538461
0.6437870769230769
0.7856455384615385
0.7906523076923075
0.7956590769230768
0.5887126153846154
0.3277347692307692
-0.011265230769230769
-0.37300430769230764
-0.6218824615384615
-0.9020529230769231
-1.0140793846153846
-1.0503784615384615
-0.9275039999999999
-0.611868923076923
-0.26097784615384617
0.2205064615384615
0.5893384615384615
0.8565747692307693
1.0372356923076922
0.9967643076923076
0.882025846153846
0.588504
0.18754523076923074
-0.19150892307692308
-0.6569298461538461
-0.9596307692307692
-1.095648
-1.132572923076923
-0.9587963076923077
-0.7541446153846154
-0.45665907692307695
-0.10430769230769231
0.21633415384615384
0.5688941538461538
0.7979538461538461
0.9158215384615385
0.9327193846153846
0.8346701538461537
0.6917686153846153
0.4280787692307692
0.09763200000000001
-0.22593046153846155
-0.540731076923077
-0.7247298461538462
-0.8161033846153846
-0.8340443076923076
-0.7364123076923076
-0.6043587692307693
-0.3942830769230769
-0.13852061538461538
0.08907876923076924
0.3383741538461538
0.5346812307692307
0.6853015384615384
0.8238221538461539
0.8647107692307693
0.8206929230769231
0.6581815384615385
0.39511753846153846
0.08907876923076924
-0.24324553846153843
-0.5353070769230769
-0.7806387692307692
-0.9241661538461537
-0.9585876923076923
-0.8937083076923077
-0.6538006153846154
-0.3202246153846154
0.051319384615384614
0.44956615384615384
0.7764664615384615
1.0422424615384616
1.194948923076923
1.1928627692307692
1.0708227692307692
0.7820990769230769
0.4120153846153846
0.017523692307692306
-0.40095876923076923
-0.7689563076923076
-1.0643556923076922
-1.2212344615384616
-1.1984953846153845
-1.0130363076923077
-0.6838412307692308
-0.2774584615384615
0.18212123076923076
0.631896
0.9746510769230768
1.203084923076923
1.2592024615384616
1.1210990769230769
0.8482301538461539
0.44643692307692306
0.016897846153846156
-0.36632861538461536
-0.7080406153846154
-0.9302159999999999
-1.042451076923077
-1.0282652307692308
-0.8494818461538461
-0.5709803076923077
-0.22488738461538463
0.1218313846153846
0.42494953846153843
0.6642313846153846
0.8113052307692307
0.8766018461538462
0.8334184615384616
0.6890566153846153
0.4679243076923077
0.1977673846153846
-0.05382276923076923
-0.2764153846153846
-0.45957969230769224
-0.5816196923076923
-0.6554695384615384
-0.6433698461538462
-0.5421913846153846
-0.39407446153846154
-0.2140393846153846
-0.03880246153846154
0.13998092307692306
0.3314898461538462
0.4987993846153846
0.6206307692307692
0.6775827692307692
0.6506713846153847
0.557628923076923
0.43350276923076925
0.29414769230769233
0.132888
-0.05528307692307692
-0.2422024615384615
-0.4182738461538461
-0.5392707692307692
-0.5853747692307693
-0.572232
-0.48002399999999995
-0.34651015384615386
-0.16459753846153846
0.07510153846153846
0.32543999999999995
0.5688941538461538
0.7374553846153846
0.7921126153846154
0.7595686153846154
0.6404492307692308
0.4514436923076923
0.20652923076923077
-0.07843938461538462
-0.3536030769230769
-0.584123076923077
-0.723060923076923
-0.7645753846153847
-0.7263987692307693
-0.6033156923076922
-0.4351716923076923
-0.2140393846153846
0.026702769230769228
0.23531815384615382
0.40513107692307687
0.49546153846153845
0.5211212307692308
0.4814843076923077
0.37425600000000003
0.22572184615384616
0.04672984615384615
-0.14081538461538462
-0.306456
-0.40930338461538457
-0.4489403076923077
-0.4383009230769231
-0.3813489230769231
-0.30290953846153845
-0.20339999999999997
-0.09053907692307692
0.0070929230769230765
0.09387692307692307
0.15103753846153847
0.15833907692307692
0.14832553846153845
0.11953661538461538
0.07614461538461538
0.021904615384615383
-0.047772923076923074
-0.09158215384615384
-0.11849353846153846
-0.14311015384615386
-0.15333230769230768
-0.16835261538461538
-0.18107815384615383
-0.19067446153846154
-0.19651569230769228
-0.1800350769230769
-0.16689230769230767
-0.15082892307692305
-0.11411261538461538
-0.06258461538461538
0.018775384615384614
0.10389046153846154
0.1829556923076923
0.2591003076923077
0.30520430769230766
0.32189353846153845
0.29727692307692305
0.22655630769230767
0.13226215384615383
0.02357353846153846
-0.07218092307692307
-0.14206707692307693
-0.19046584615384615
-0.1923433846153846
-0.14853415384615384
-0.06675692307692307
0.045895384615384616
0.15959076923076923
0.26452430769230767
0.34066892307692304
0.38593846153846156
0.3972036923076923
0.3604873846153846
0.290184
0.1860849230769231
0.06362769230769232
-0.05027630769230769
-0.13852061538461538
-0.18170399999999998
-0.1910916923076923
-0.17982646153846152
-0.1353913846153846
-0.07280676923076923
-0.004589538461538461
0.055491692307692304
0.09429415384615383
0.11244369230769231
0.08907876923076924
0.05590892307692308
0.03859384615384615
0.034630153846153845
0.03963692307692308
0.03755076923076923
0.04714707692307692
0.06592246153846154
0.08907876923076924
0.10910584615384614
0.09804923076923076
0.07051199999999999
0.027328615384615382
-0.028371692307692306
-0.07531015384615385
-0.12934153846153845
-0.18086953846153844
-0.21174461538461536
-0.2127876923076923
-0.1704387692307692
-0.103056
-0.014603076923076923
0.07906523076923076
0.15291507692307693
0.21508246153846153
0.24428861538461538
0.2422024615384615
0.2008966153846154
0.10764553846153846
0.005215384615384615
-0.09763200000000001
-0.1800350769230769
-0.23093723076923076
-0.2651501538461538
-0.25805723076923076
-0.2140393846153846
-0.14394461538461537
-0.04860738461538461
0.0448523076923077
0.12350030769230769
0.1787833846153846
0.20360861538461536
0.20819815384615384
0.19004861538461537
0.14102399999999998
0.06571384615384615
-0.025033846153846153
-0.10201292307692307
-0.15270646153846154
-0.18754523076923074
-0.19797599999999999
-0.19213476923076922
-0.16501476923076921
-0.11327815384615383
-0.05298830769230769
0.010222153846153844
0.051319384615384614
0.07489292307692308
0.09074769230769231
0.09679753846153846
0.10827138461538462
0.111192
0.10409907692307692
0.09971815384615385
0.0961716923076923
0.09825784615384614
0.10013538461538461
0.09450276923076922
0.07238953846153846
0.03108369230769231
-0.0077187692307692304
-0.03442153846153846
-0.04756430769230769
-0.06154153846153846
-0.07510153846153846
-0.07259815384615384
-0.052571076923076915
-0.006049846153846154
0.05820369230769231
0.11849353846153846
0.16856123076923077
0.20673784615384616
0.23281476923076924
0.24449723076923074
0.22593046153846155
0.1785747692307692
0.1097316923076923
0.018358153846153843
-0.06675692307692307
-0.13664307692307692
-0.1994363076923077
-0.24637476923076923
-0.2697396923076923
-0.26076923076923075
-0.21111876923076925
-0.13852061538461538
-0.05862092307692307
0.02524246153846154
0.09721476923076922
0.16438892307692307
0.22843384615384613
0.2751636923076923
0.2837169230769231
0.24887815384615386
0.1883796923076923
0.1070196923076923
0.029832
-0.04672984615384615
-0.12162276923076921
-0.1696043076923077
-0.19672430769230767
-0.19714153846153845
-0.17023015384615386
-0.1316363076923077
-0.08031692307692308
-0.013351384615384614
0.05799507692307692
0.14394461538461537
0.23072861538461537
0.2864289230769231
0.3141747692307692
0.2979027692307692
0.25513661538461535
0.1977673846153846
0.10722830769230769
0.009387692307692307
-0.09512861538461538
-0.1908830769230769
-0.2507556923076923
-0.2764153846153846
-0.2670276923076923
-0.23886461538461537
-0.19860184615384616
-0.138312
-0.06195876923076923
0.022530461538461537
0.09304246153846155
0.13789476923076924
0.16313723076923078
0.1666836923076923
0.16438892307692307
0.14436184615384615
0.09429415384615383
0.022947692307692308
-0.07426707692307692
-0.16313723076923078
-0.21800307692307694
-0.25117292307692307
-0.2643156923076923
-0.25305046153846156
-0.2194633846153846
-0.1597993846153846
-0.07697907692307693
0.006049846153846154
0.07948246153846153
0.14311015384615386
0.19609846153846153
0.235944
0.24345415384615382
0.21487384615384614
0.15333230769230768
0.07572738461538461
-0.004798153846153846
-0.07280676923076923
-0.12496061538461539
-0.1721076923076923
-0.19317784615384614
-0.1992276923076923
-0.1779489230769231
-0.12621230769230768
-0.07656184615384615
-0.020652923076923076
0.022530461538461537
0.06028984615384615
0.10868861538461538
0.138312
0.15938215384615384
0.16710092307692306
0.14832553846153845
0.119328
0.07906523076923076
0.043392
-0.0043809230769230765
-0.07593599999999999
-0.1356
-0.1800350769230769
-0.19442953846153843
-0.1777403076923077
-0.15333230769230768
-0.10994030769230768
-0.059038153846153844
0.003755076923076923
0.08574092307692306
0.1543753846153846
0.21007569230769232
0.24908676923076922
0.26368984615384616
0.26911384615384615
0.2482523076923077
0.19755876923076923
0.11348676923076922
0.005841230769230769
-0.09074769230769231
-0.17565415384615385
-0.24053353846153847
-0.27599815384615384
-0.2828824615384615
-0.2415766153846154
-0.18149538461538461
-0.11578153846153846
-0.015020307692307692
0.09867507692307692
0.22572184615384616
0.31667815384615383
0.36299076923076923
0.40346215384615386
0.4251581538461538
0.4151446153846154
0.3805144615384615
0.292896
0.12642092307692307
-0.05820369230769231
-0.22321846153846153
-0.29456492307692306
-0.3844781538461538
-0.452904
-0.43976123076923074
-0.38677292307692307
-0.19150892307692308
-0.01856676923076923
0.16292861538461537
0.3016578461538461
0.360696
0.44414215384615385
0.4026276923076923
0.33378461538461535
0.19192615384615386
-0.03233538461538461
-0.20506892307692307
-0.3903193846153846
-0.4681329230769231
-0.4748086153846154
-0.44581107692307687
-0.29727692307692305
-0.1424843076923077
0.03400430769230769
0.21862892307692305
0.3448412307692308
0.4683415384615384
0.46396061538461536
0.37237846153846155
0.27975323076923075
0.12683815384615382
0.03838523076923077
-0.04526953846153846
-0.12162276923076921
-0.15187199999999998
-0.19442953846153843
-0.15667015384615385
-0.09679753846153846
-0.06884307692307692
-0.03942830769230769
-0.0446436923076923
-0.03442153846153846
-0.0070929230769230765
-0.012308307692307691
-0.011682461538461537
-0.02795446153846154
-0.02524246153846154
0.016480615384615385
0.05236246153846154
0.119328
0.18253846153846154
0.2154996923076923
0.23156307692307693
0.20047938461538461
0.1696043076923077
0.11411261538461538
0.010639384615384617
-0.06988615384615385
-0.15896492307692306
-0.20819815384615384
-0.20402584615384614
-0.16334584615384617
-0.059038153846153844
0.03275261538461539
0.13101046153846155
0.23177169230769232
0.29602523076923076
0.3277347692307692
0.2897667692307692
0.22405292307692307
0.14060676923076923
0.018358153846153843
-0.0892873846153846
-0.1804523076923077
-0.2426196923076923
-0.2720344615384615
-0.2853858461538461
-0.241368
-0.17544553846153846
-0.09408553846153846
0.005841230769230769
0.07197230769230768
0.12266584615384615
0.13622584615384614
0.1178676923076923
0.10514215384615383
0.07468430769230769
0.035255999999999996
0.008970461538461538
-0.009179076923076922
0.0006258461538461538
0.02044430769230769
0.03421292307692308
0.059038153846153844
0.06884307692307692
0.0771876923076923
0.06383630769230769
0.012934153846153845
-0.043392
-0.10222153846153846
-0.12850707692307692
-0.13121907692307694
-0.12621230769230768
-0.08135999999999999
-0.026494153846153844
0.04714707692307692
0.1462393846153846
0.21028430769230766
0.2497126153846154
0.23928184615384615
0.1873366153846154
0.12558646153846154
0.027745846153846152
-0.07134646153846153
-0.17252492307692308
-0.2632726153846154
-0.3095852307692307
-0.3081249230769231
-0.25555384615384613
-0.1787833846153846
-0.0853236923076923
0.03233538461538461
0.16209415384615386
0.28663753846153844
0.38030584615384616
0.4174393846153846
0.40513107692307687
0.3373310769230769
0.23072861538461537
0.11745046153846153
-0.005215384615384615
-0.11286092307692308
-0.20548615384615385
-0.26681907692307694
-0.2591003076923077
-0.1977673846153846
-0.0961716923076923
0.016063384615384615
0.09846646153846153
0.1652233846153846
0.21800307692307694
0.2497126153846154
0.25138153846153843
0.20298276923076922
0.1314276923076923
0.0448523076923077
-0.02211323076923077
-0.06592246153846154
-0.11557292307692307
-0.14749107692307692
-0.1783661538461538
-0.17502830769230768
-0.13643446153846153
-0.09784061538461537
-0.04756430769230769
-0.017940923076923077
-0.0035464615384615383
0.017732307692307693
0.043600615384615383
0.08094276923076923
0.11140061538461538
0.124752
0.1358086153846154
0.14561353846153846
0.16209415384615386
0.1597993846153846
0.12725538461538463
0.07802215384615384
-0.0002086153846153846
-0.06362769230769232
-0.10660246153846153
-0.14874276923076923
-0.18066092307692305
-0.208824
-0.20381723076923075
-0.16105107692307694
-0.0988836923076923
-0.015854769230769228
0.05507446153846154
0.09512861538461538
0.11202646153846153
0.11223507692307692
0.10180430769230768
0.056951999999999996
-0.02586830769230769
-0.11536430769230768
-0.19359507692307693
-0.2453316923076923
-0.2737033846153846
-0.2828824615384615
-0.25555384615384613
-0.19714153846153845
-0.1070196923076923
-0.005215384615384615
0.09053907692307692
0.1712732307692308
0.21633415384615384
0.24428861538461538
0.2517987692307692
0.22989415384615383
0.18107815384615383
0.10347323076923076
0.011265230769230769
-0.07906523076923076
-0.15500123076923078
-0.2056947692307692
-0.22426153846153846
-0.21487384615384614
-0.1794092307692308
-0.12829846153846153
-0.06842584615384616
0.0029206153846153843
0.06383630769230769
0.10994030769230768
0.13852061538461538
0.14540492307692307
0.13622584615384614
0.09930092307692308
0.05236246153846154
-0.0008344615384615384
-0.04860738461538461
-0.07572738461538461
-0.10368184615384615
-0.12099692307692309
-0.12016246153846154
-0.10639384615384614
-0.06946892307692307
-0.01814953846153846
0.03609046153846154
0.08740984615384616
0.12558646153846154
0.16021661538461537
0.184416
0.18316430769230768
0.1558356923076923
0.10514215384615383
0.04839876923076923
-0.009179076923076922
-0.05507446153846154
-0.086784
-0.1136953846153846
-0.12642092307692307
-0.13038461538461538
-0.10910584615384614
-0.07280676923076923
-0.043600615384615383
-0.01043076923076923
0.017732307692307693
0.0448523076923077
0.07802215384615384
0.10430769230769231
0.11348676923076922
0.10138707692307691
0.06905169230769231
0.027120000000000002
-0.026285538461538457
-0.07489292307692308
-0.111192
-0.13935507692307691
-0.13935507692307691
-0.11181784615384616
-0.054240000000000003
0.018358153846153843
0.08949599999999999
0.15187199999999998
0.19797599999999999
0.24574892307692306
0.2749550769230769
0.268488
0.2374043076923077
0.19046584615384615
0.138312
0.07969107692307692
0.016897846153846156
-0.04401784615384615
-0.10722830769230769
-0.16313723076923078
-0.1858763076923077
-0.18128676923076922
-0.16063384615384615
-0.13080184615384613
-0.09304246153846155
-0.03901107692307692
0.014603076923076923
0.05736923076923077
0.07426707692307692
0.06258461538461538
0.04088861538461538
0.010639384615384617
-0.017523692307692306
-0.040262769230769234
-0.06341907692307691
-0.0771876923076923
-0.07843938461538462
-0.06133292307692308
-0.02357353846153846
0.018775384615384614
0.04944184615384615
0.06487938461538462
0.08448923076923077
0.11286092307692308
0.13101046153846155
0.14311015384615386
0.14144123076923076
0.1316363076923077
0.13038461538461538
0.12996738461538462
0.12642092307692307
0.10368184615384615
0.054657230769230764
-0.0043809230769230765
-0.06487938461538462
-0.11348676923076922
-0.14790830769230767
-0.18066092307692305
-0.20465169230769228
-0.2090326153846154
-0.1779489230769231
-0.11411261538461538
-0.04088861538461538
0.04318338461538461
0.12391753846153845
0.1927606153846154
0.24512307692307692
0.26348123076923075
0.24554030769230767
0.17669723076923077
0.07343261538461537
-0.03212676923076923
-0.12975876923076923
-0.20861538461538462
-0.2632726153846154
-0.27599815384615384
-0.23510953846153848
-0.1462393846153846
-0.01940123076923077
0.12224861538461537
0.25471938461538457
0.3538116923076923
0.41368430769230763
0.4318338461538461
0.4011673846153846
0.32377107692307694
0.19964492307692308
0.05090215384615384
-0.09158215384615384
-0.20319138461538463
-0.2772498461538462
-0.3127144615384615
-0.3137575384615385
-0.27704123076923076
-0.18921415384615384
-0.06362769230769232
0.0717636923076923
0.1779489230769231
0.2422024615384615
0.27850153846153847
0.28267384615384616
0.2626467692307692
0.22154953846153846
0.1543753846153846
0.0717636923076923
-0.011265230769230769
-0.08428061538461538
-0.13309661538461537
-0.1666836923076923
-0.20027076923076922
-0.2125790769230769
-0.19735015384615384
-0.1462393846153846
-0.07072061538461538
0.0077187692307692304
0.07593599999999999
0.12725538461538463
0.17544553846153846
0.2157083076923077
0.23218892307692307
0.19693292307692306
0.11953661538461538
0.02753723076923077
-0.06321046153846153
-0.13601723076923075
-0.1977673846153846
-0.24428861538461538
-0.2674449230769231
-0.2591003076923077
-0.2056947692307692
-0.12266584615384615
-0.029832
0.052153846153846155
0.11390399999999999
0.16876984615384616
0.21883753846153844
0.2574313846153846
0.2722430769230769
0.24574892307692306
0.18754523076923074
0.11703323076923078
0.053614153846153846
0.010013538461538461
-0.03129230769230769
-0.06654830769230768
-0.08615815384615384
-0.07030338461538461
-0.01940123076923077
0.042348923076923076
0.10347323076923076
0.14540492307692307
0.1783661538461538
0.21237046153846154
0.22947692307692308
0.22342707692307692
0.18337292307692307
0.11223507692307692
0.04172307692307692
-0.011473846153846154
-0.040679999999999994
-0.06258461538461538
-0.084072
-0.092208
-0.08386338461538462
-0.05486584615384615
-0.029623384615384614
-0.023364923076923075
-0.027120000000000002
-0.04380923076923077
-0.04756430769230769
-0.042974769230769226
-0.03650769230769231
-0.02211323076923077
-0.014394461538461538
-0.001043076923076923
0.01940123076923077
0.04985907692307692
0.0798996923076923
0.09429415384615383
0.10159569230769232
0.100344
0.10076123076923077
0.09804923076923076
0.08574092307692306
0.05757784615384615
0.013351384615384614
-0.0446436923076923
-0.11265230769230769
-0.19150892307692308
-0.2912270769230769
-0.39052800000000004
-0.4418473846153846
-0.38280923076923074
-0.249504
-0.052153846153846155
0.1531236923076923
0.3440067692307692
0.5419827692307692
0.6800861538461539
0.7654098461538462
0.7067889230769231
0.523416
0.28121353846153846
0.034630153846153845
-0.20110523076923076
-0.46250030769230766
-0.6525489230769231
-0.7833507692307693
-0.780012923076923
-0.6323132307692307
-0.4159790769230769
-0.1462393846153846
0.10201292307692307
0.3383741538461538
0.5173661538461538
0.604776
0.5893384615384615
0.46083138461538464
0.260352
-0.01272553846153846
-0.28955815384615385
-0.5211212307692308
-0.6775827692307692
-0.7172196923076923
-0.6675692307692307
-0.5355156923076922
-0.35318584615384613
-0.15541846153846153
0.06049846153846154
0.2194633846153846
0.2993630769230769
0.3246055384615385
0.30332676923076923
0.2782929230769231
0.23156307692307693
0.14477907692307693
0.031709538461538456
-0.07614461538461538
-0.13935507692307691
-0.16856123076923077
-0.18379015384615385
-0.20027076923076922
-0.20444307692307692
-0.15687876923076924
-0.09158215384615384
-0.020652923076923076
0.03421292307692308
0.043392
0.06404492307692307
0.07969107692307692
0.08866153846153846
0.10076123076923077
0.09825784615384614
0.10576799999999999
0.130176
0.14957723076923077
0.14185846153846154
0.10493353846153847
0.03129230769230769
-0.065088
-0.17544553846153846
-0.26535876923076923
-0.30436984615384616
-0.2855944615384615
-0.22426153846153846
-0.13852061538461538
-0.01814953846153846
0.10493353846153847
0.22321846153846153
0.30332676923076923
0.3133403076923077
0.2799618461538461
0.2236356923076923
0.15625292307692307
0.078648
-0.003129230769230769
-0.06738276923076922
-0.09137353846153846
-0.06675692307692307
-0.010848
0.0448523076923077
0.10201292307692307
0.1614683076923077
0.2273907692307692
0.2822566153846154
0.2883064615384615
0.26681907692307694
0.2125790769230769
0.14144123076923076
0.06592246153846154
-0.024199384615384616
-0.09053907692307692
-0.14144123076923076
-0.1693956923076923
-0.14290153846153844
-0.07697907692307693
0.009804923076923077
0.103056
0.18107815384615383
0.20965846153846154
0.18775384615384613
0.12704676923076924
0.04735569230769231
-0.04109723076923077
-0.15249784615384615
-0.2426196923076923
-0.28163076923076924
-0.26911384615384615
-0.20652923076923077
-0.11473846153846154
-0.016063384615384615
0.07238953846153846
0.1504116923076923
0.20193969230769232
0.22029784615384615
0.19672430769230767
0.12662953846153846
0.03963692307692308
-0.04714707692307692
-0.12245723076923076
-0.17231630769230769
-0.20131384615384615
-0.20652923076923077
-0.16856123076923077
-0.10013538461538461
-0.016897846153846156
0.06905169230769231
0.14290153846153844
0.19714153846153845
0.22196676923076922
0.21320492307692307
0.17148184615384612
0.1028473846153846
0.016272
-0.06863446153846153
-0.13872923076923074
-0.19547261538461536
-0.22780799999999998
-0.22405292307692307
-0.19735015384615384
-0.14728246153846153
-0.07656184615384615
-0.009596307692307692
0.07092923076923077
0.15395815384615386
0.20944984615384615
0.23907323076923076
0.238656
0.22405292307692307
0.1910916923076923
0.12642092307692307
0.059664
0.0012516923076923076
-0.03942830769230769
-0.05611753846153846
-0.06592246153846154
-0.06926030769230769
-0.07593599999999999
-0.07572738461538461
-0.06425353846153846
-0.058412307692307694
-0.04756430769230769
-0.03921969230769231
-0.020652923076923076
0.016272
0.04214030769230769
0.06988615384615385
0.09304246153846155
0.11411261538461538
0.13935507692307691
0.14311015384615386
0.13372246153846154
0.11014892307692307
0.07238953846153846
0.022947692307692308
-0.03671630769230769
-0.09429415384615383
-0.14582215384615385
-0.1787833846153846
-0.19213476923076922
-0.1777403076923077
-0.13267938461538462
-0.073224
0.004589538461538461
0.07739630769230768
0.12850707692307692
0.15938215384615384
0.16689230769230767
0.1597993846153846
0.12496061538461539
0.06425353846153846
-0.007510153846153846
-0.07551876923076924
-0.1218313846153846
-0.154584
-0.15667015384615385
-0.1341396923076923
-0.09137353846153846
-0.016897846153846156
0.05799507692307692
0.13372246153846154
0.18921415384615384
0.20924123076923076
0.208824
0.1940123076923077
0.1639716923076923
0.12037107692307693
0.07635323076923077
0.02482523076923077
-0.012099692307692308
-0.02753723076923077
-0.02586830769230769
-0.003963692307692307
0.014185846153846153
0.040054153846153843
0.07593599999999999
0.10806276923076923
0.1368516923076923
0.15291507692307693
0.15354092307692307
0.14436184615384615
0.13852061538461538
0.1341396923076923
0.13601723076923075
0.1397723076923077
0.13497415384615385
0.13330523076923076
0.12996738461538462
0.12120553846153845
0.103056
0.06633969230769231
0.020027076923076922
-0.02858030769230769
-0.06800861538461538
-0.10138707692307691
-0.13101046153846155
-0.14206707692307693
-0.1341396923076923
-0.09763200000000001
-0.04756430769230769
-0.005215384615384615
0.029623384615384614
0.04631261538461538
0.056326153846153845
0.06154153846153846
0.053614153846153846
0.031918153846153846
-0.007510153846153846
-0.04902461538461538
-0.08198584615384615
-0.10222153846153846
-0.10743692307692307
-0.11035753846153845
-0.10389046153846154
-0.08782707692307692
-0.06967753846153846
-0.053614153846153846
-0.05319692307692307
-0.05945538461538461
-0.06842584615384616
-0.06550523076923077
-0.040262769230769234
-0.014394461538461538
0.010013538461538461
0.03150092307692308
0.043600615384615383
0.05236246153846154
0.059664
0.05674338461538461
0.03692492307692308
0.005841230769230769
-0.02232184615384615
-0.04130584615384615
-0.047772923076923074
-0.037342153846153844
-0.02315630769230769
-0.006049846153846154
0.01397723076923077
0.034630153846153845
0.053614153846153846
0.0609156923076923
0.059664
0.04944184615384615
0.03775938461538462
0.022947692307692308
0.002086153846153846
-0.021696
-0.04568676923076923
-0.06759138461538462
-0.07843938461538462
-0.0678
-0.044435076923076924
-0.017315076923076923
0.005841230769230769
0.028163076923076923
0.04985907692307692
0.05611753846153846
0.0448523076923077
0.011473846153846154
-0.031918153846153846
-0.07405846153846153
-0.11473846153846154
-0.13935507692307691
-0.16292861538461537
-0.17815753846153848
-0.1639716923076923
-0.12537784615384615
-0.056951999999999996
0.01668923076923077
0.07551876923076924
0.12099692307692309
0.14144123076923076
0.1435273846153846
0.11807630769230769
0.055491692307692304
-0.017940923076923077
-0.0897046153846154
-0.1424843076923077
-0.16605784615384614
-0.16271999999999998
-0.13434830769230768
-0.08761846153846153
-0.01856676923076923
0.06404492307692307
0.13184492307692308
0.1733593846153846
0.17565415384615385
0.13935507692307691
0.07551876923076924
-0.005632615384615384
-0.07072061538461538
-0.13080184615384613
-0.18650215384615382
-0.21070153846153844
-0.21028430769230766
-0.1691870769230769
-0.10076123076923077
-0.037342153846153844
0.02899753846153846
0.0853236923076923
0.1353913846153846
0.18066092307692305
0.20298276923076922
0.19839323076923077
0.157296
0.1045163076923077
0.05570030769230769
0.008136
-0.037967999999999995
-0.08699261538461538
-0.12496061538461539
-0.14853415384615384
-0.14540492307692307
-0.11327815384615383
-0.06070707692307692
0.007510153846153846
0.08386338461538462
0.16480615384615382
0.2422024615384615
0.28809784615384615
0.29602523076923076
0.26306399999999996
0.19338646153846153
0.11870215384615385
0.03775938461538462
-0.040054153846153843
-0.10535076923076922
-0.16000799999999998
-0.1881710769230769
-0.1883796923076923
-0.154584
-0.09512861538461538
-0.033169846153846154
0.029414769230769227
0.09053907692307692
0.15562707692307692
0.20965846153846154
0.23281476923076924
0.2288510769230769
0.18879692307692306
0.12662953846153846
0.049233230769230765
-0.049233230769230765
-0.14999446153846155
-0.2415766153846154
-0.3004061538461538
-0.30061476923076924
-0.25138153846153843
-0.16480615384615382
-0.05382276923076923
0.06362769230769232
0.1760713846153846
0.2641070769230769
0.31688676923076925
0.3246055384615385
0.27599815384615384
0.19004861538461537
0.09158215384615384
-0.00855323076923077
-0.09596307692307693
-0.17294215384615383
-0.23531815384615382
-0.2707827692307692
-0.26911384615384615
-0.22697353846153845
-0.16480615384615382
-0.09283384615384616
-0.02586830769230769
0.03963692307692308
0.11870215384615385
0.19150892307692308
0.25200738461538463
0.2776670769230769
0.2666104615384615
0.23886461538461537
0.184416
0.12162276923076921
0.045895384615384616
-0.03504738461538461
-0.09512861538461538
-0.1314276923076923
-0.12913292307692306
-0.10430769230769231
-0.06863446153846153
-0.026076923076923077
0.01710646153846154
0.06654830769230768
0.11390399999999999
0.143736
0.15500123076923078
0.14665661538461539
0.11849353846153846
0.08699261538461538
0.04047138461538462
-0.012308307692307691
-0.06321046153846153
-0.11473846153846154
-0.1502030769230769
-0.17169046153846151
-0.1712732307692308
-0.15333230769230768
-0.12955015384615384
-0.08720123076923077
-0.027328615384615382
0.03233538461538461
0.084072
0.10639384615384614
0.09846646153846153
0.06487938461538462
0.037967999999999995
0.006675692307692307
-0.026702769230769228
-0.043600615384615383
-0.05820369230769231
-0.014603076923076923
0.04401784615384615
0.21716861538461538
0.3333673846153846
0.30562153846153844
0.3342018461538461
0.2730775384615384
0.26306399999999996
0.19588984615384614
0.0035464615384615383
-0.1706473846153846
-0.38009723076923074
-0.39970707692307694
-0.3502652307692307
-0.2899753846153846
-0.19213476923076922
-0.1489513846153846
0.033169846153846154
0.22947692307692308
0.39970707692307694
0.5244590769230769
0.42891323076923077
0.3116713846153846
0.16084246153846155
-0.015854769230769228
-0.12162276923076921
-0.3079163076923077
-0.4214030769230769
-0.4781464615384615
-0.5290486153846153
-0.39011076923076926
-0.2371956923076923
-0.061750153846153844
0.12308307692307692
0.20652923076923077
0.32669169230769235
0.4047138461538461
0.45102646153846154
0.48023261538461537
0.3746732307692308
0.21111876923076925
0.03337846153846154
-0.09784061538461537
-0.16730953846153845
-0.273912
-0.3571495384615384
-0.3994984615384615
-0.3727956923076923
-0.225096
-0.0771876923076923
0.06404492307692307
0.19651569230769228
0.295608
0.42640984615384614
0.4977563076923077
0.4873255384615384
0.43287692307692305
0.2953993846153846
0.18066092307692305
0.09325107692307691
-0.009804923076923077
-0.103056
-0.2125790769230769
-0.28934953846153844
-0.32606584615384615
-0.3193901538461538
-0.2582658461538461
-0.17690584615384616
-0.06821723076923077
0.02753723076923077
0.12308307692307692
0.2482523076923077
0.3327415384615385
0.38426953846153844
0.37592492307692305
0.30019753846153846
0.2157083076923077
0.09012184615384615
-0.03129230769230769
-0.1635544615384615
-0.32210215384615387
-0.4147273846153846
-0.4449766153846154
-0.4151446153846154
-0.3536030769230769
-0.28350830769230767
-0.1597993846153846
-0.008344615384615384
0.13497415384615385
0.23761292307692305
0.27787569230769227
0.2997803076923077
0.2897667692307692
0.23239753846153846
0.15520984615384617
0.03337846153846154
-0.09074769230769231
-0.17440246153846153
-0.23281476923076924
-0.22864246153846152
-0.20131384615384615
-0.16167692307692308
-0.08428061538461538
-0.01856676923076923
0.06884307692307692
0.1635544615384615
0.22300984615384614
0.2526332307692308
0.23615261538461538
0.2008966153846154
0.14832553846153845
0.09158215384615384
0.04422646153846154
-0.010848
-0.058829538461538454
-0.10201292307692307
-0.13059323076923077
-0.13601723076923075
-0.13768615384615385
-0.130176
-0.1178676923076923
-0.11306953846153844
-0.08323753846153846
-0.04088861538461538
-0.012934153846153845
0.003129230769230769
-0.0002086153846153846
0.016897846153846156
0.05590892307692308
0.08428061538461538
0.103056
0.092208
0.06696553846153847
0.04631261538461538
0.018775384615384614
-0.0002086153846153846
-0.02482523076923077
-0.051528
-0.06654830769230768
-0.07697907692307693
-0.051319384615384614
-0.013768615384615384
0.031918153846153846
0.09930092307692308
0.14519630769230768
0.19150892307692308
0.22676492307692306
0.24428861538461538
0.2586830769230769
0.22530461538461538
0.1656406153846154
0.1045163076923077
0.04193169230769231
-0.003963692307692307
-0.04526953846153846
-0.08782707692307692
-0.11745046153846153
-0.12788123076923075
-0.10514215384615383
-0.06654830769230768
-0.03275261538461539
0.003129230769230769
0.03045784615384615
0.05507446153846154
0.06905169230769231
0.07218092307692307
0.07113784615384615
0.06216738461538462
0.052153846153846155
0.026702769230769228
-0.008136
-0.03045784615384615
-0.045895384615384616
-0.06070707692307692
-0.07927384615384615
-0.103056
-0.11557292307692307
-0.11599015384615384
-0.10785415384615385
-0.09137353846153846
-0.08949599999999999
-0.08302892307692307
-0.054657230769230764
-0.0070929230769230765
0.047981538461538464
0.07301538461538462
0.07280676923076923
0.05528307692307692
0.03421292307692308
0.01856676923076923
-0.012934153846153845
-0.040679999999999994
-0.06967753846153846
-0.09992676923076924
-0.09700615384615385
-0.08323753846153846
-0.06675692307692307
-0.046104
-0.03379569230769231
-0.014394461538461538
0.010848
0.031709538461538456
0.04693846153846153
0.04965046153846154
0.05382276923076923
0.058412307692307694
0.05507446153846154
0.05674338461538461
0.03901107692307692
0.012516923076923077
-0.02482523076923077
-0.06967753846153846
-0.09387692307692307
-0.116616
-0.12579507692307693
-0.13330523076923076
-0.13852061538461538
-0.10660246153846153
-0.054657230769230764
0.016480615384615385
0.08031692307692308
0.10889723076923077
0.12850707692307692
0.13789476923076924
0.14686523076923075
0.1502030769230769
0.124752
0.08073415384615384
0.02211323076923077
-0.017940923076923077
-0.034630153846153845
-0.049233230769230765
-0.056326153846153845
-0.06905169230769231
-0.07572738461538461
-0.05799507692307692
-0.022947692307692308
0.02273907692307692
0.06571384615384615
0.10138707692307691
0.13706030769230768
0.15103753846153847
0.14665661538461539
0.1341396923076923
0.09053907692307692
0.03838523076923077
-0.011473846153846154
-0.04672984615384615
-0.06216738461538462
-0.07656184615384615
-0.08156861538461539
-0.0798996923076923
-0.06216738461538462
-0.03692492307692308
-0.016480615384615385
0.0008344615384615384
-0.002712
-0.01856676923076923
-0.030875076923076922
-0.04401784615384615
-0.06383630769230769
-0.09471138461538461
-0.12788123076923075
-0.14457046153846154
-0.13518276923076925
-0.10263876923076923
-0.05924676923076923
-0.02273907692307692
0.015854769230769228
0.06049846153846154
0.10263876923076923
0.13852061538461538
0.1424843076923077
0.11807630769230769
0.07489292307692308
0.029832
0.0022947692307692304
-0.020652923076923076
-0.031709538461538456
-0.023990769230769232
-0.0008344615384615384
0.026702769230769228
0.05862092307692307
0.09304246153846155
0.12537784615384615
0.13643446153846153
0.12120553846153845
0.1045163076923077
0.07051199999999999
0.02545107692307692
-0.03129230769230769
-0.09158215384615384
-0.12245723076923076
-0.12120553846153845
-0.08135999999999999
-0.023782153846153845
0.03150092307692308
0.08949599999999999
0.1449876923076923
0.18963138461538462
0.20298276923076922
0.17523692307692307
0.11077476923076923
0.01814953846153846
-0.061124307692307686
-0.10910584615384614
-0.14060676923076923
-0.14916
-0.1341396923076923
-0.08845292307692308
-0.008344615384615384
0.0828203076923077
0.16772676923076923
0.2140393846153846
0.22467876923076924
0.20840676923076923
0.16438892307692307
0.10076123076923077
0.015646153846153844
-0.06738276923076922
-0.13789476923076924
-0.1779489230769231
-0.1783661538461538
-0.15354092307692307
-0.10764553846153846
-0.03942830769230769
0.03838523076923077
0.11891076923076922
0.18232984615384615
0.20673784615384616
0.20277415384615383
0.16251138461538459
0.10180430769230768
0.03880246153846154
-0.021487384615384613
-0.078648
-0.13267938461538462
-0.165432
-0.16209415384615386
-0.11724184615384614
-0.04756430769230769
0.035464615384615386
0.11557292307692307
0.1800350769230769
0.23656984615384613
0.2707827692307692
0.25972615384615383
0.20652923076923077
0.11828492307692307
0.029414769230769227
-0.035464615384615386
-0.08198584615384615
-0.09533723076923077
-0.08323753846153846
-0.05319692307692307
0.001043076923076923
0.06717415384615384
0.12767261538461538
0.165432
0.1656406153846154
0.14394461538461537
0.1205796923076923
0.09679753846153846
0.08115138461538463
0.07155507692307693
0.06696553846153847
0.07635323076923077
0.09700615384615385
0.12955015384615384
0.15228923076923076
0.14978584615384616
0.12266584615384615
0.07280676923076923
0.02586830769230769
-0.025033846153846153
-0.0771876923076923
-0.12579507692307693
-0.17231630769230769
-0.1908830769230769
-0.18066092307692305
-0.14665661538461539
-0.09199938461538461
-0.027328615384615382
0.044435076923076924
0.11473846153846154
0.16835261538461538
0.18942276923076923
0.16689230769230767
0.0988836923076923
-0.0022947692307692304
-0.11494707692307692
-0.22405292307692307
-0.32189353846153845
-0.39762092307692304
-0.43016492307692306
-0.39261415384615383
-0.2862203076923077
-0.14832553846153845
0.003129230769230769
0.14164984615384615
0.24741784615384615
0.32043323076923075
0.33899999999999997
0.2995716923076923
0.20110523076923076
0.05674338461538461
-0.09387692307692307
-0.22342707692307692
-0.3095852307692307
-0.35005661538461535
-0.3490135384615385
-0.29832
-0.20632061538461538
-0.0855323076923077
0.044435076923076924
0.15395815384615386
0.23010276923076922
0.2638984615384615
0.25805723076923076
0.22822523076923076
0.1691870769230769
0.09199938461538461
0.004798153846153846
-0.08052553846153847
-0.1356
-0.1712732307692308
-0.18337292307692307
-0.17502830769230768
-0.15792184615384616
-0.12162276923076921
-0.08115138461538463
-0.030875076923076922
0.017523692307692306
0.040679999999999994
0.05799507692307692
0.06633969230769231
0.07364123076923076
0.0880356923076923
0.0853236923076923
0.08010830769230769
0.07510153846153846
0.06884307692307692
0.07551876923076924
0.06696553846153847
0.054240000000000003
0.03755076923076923
0.008970461538461538
0.006258461538461538
0.01043076923076923
0.015228923076923076
0.037342153846153844
0.0609156923076923
0.09429415384615383
0.13080184615384613
0.1656406153846154
0.1869193846153846
0.19755876923076923
0.19797599999999999
0.15604430769230768
0.11473846153846154
0.051528
0.007510153846153846
-0.022947692307692308
0.025033846153846153
0.15208061538461537
0.12037107692307693
0.14561353846153846
0.16897846153846155
0.1800350769230769
0.25159015384615385
0.14519630769230768
0.058412307692307694
-0.08845292307692308
-0.18545907692307692
-0.17815753846153848
-0.2709913846153846
-0.28663753846153844
-0.35256
-0.31626092307692305
-0.1506203076923077
-0.03129230769230769
0.15896492307692306
0.19881046153846152
0.1992276923076923
0.23448369230769228
0.16313723076923078
0.14874276923076923
0.04944184615384615
-0.07113784615384615
-0.111192
-0.25138153846153843
-0.27474646153846155
-0.23928184615384615
-0.21716861538461538
-0.0963803076923077
-0.0609156923076923
0.013351384615384614
0.09992676923076924
0.15228923076923076
0.2872633846153846
0.33357600000000004
0.3304467692307692
0.2981113846153846
0.233232
0.21883753846153844
0.1218313846153846
-0.03337846153846154
-0.1883796923076923
-0.33566215384615383
-0.36674584615384614
-0.3619476923076923
-0.34776184615384614
-0.28100492307692304
-0.22321846153846153
-0.10785415384615385
0.026285538461538457
0.10514215384615383
0.19672430769230767
0.22113230769230768
0.22321846153846153
0.2438713846153846
0.19839323076923077
0.14018953846153845
0.014394461538461538
-0.1435273846153846
-0.2818393846153846
-0.42724430769230765
-0.5065181538461538
-0.5432344615384616
-0.5025544615384615
-0.4118067692307692
-0.32543999999999995
-0.13998092307692306
0.05653476923076922
0.23010276923076922
0.3896935384615384
0.44309907692307693
0.46375199999999994
0.417648
0.3068732307692308
0.19651569230769228
0.018983999999999997
-0.1341396923076923
-0.23844738461538462
-0.33002953846153843
-0.3707095384615384
-0.4049224615384615
-0.38301784615384615
-0.279336
-0.14853415384615384
0.0025033846153846152
0.13330523076923076
0.2620209230769231
0.3890676923076923
0.443724923076923
0.4558246153846154
0.40033292307692303
0.2853858461538461
0.1718990769230769
0.00855323076923077
-0.13497415384615385
-0.23928184615384615
-0.3342018461538461
-0.3554806153846154
-0.36257353846153845
-0.33295015384615384
-0.23615261538461538
-0.12725538461538463
0.007927384615384614
0.130176
0.23093723076923076
0.3047870769230769
0.3415033846153846
0.3750904615384615
0.36945784615384614
0.3206418461538461
0.23677846153846152
0.1178676923076923
0.009596307692307692
-0.09304246153846155
-0.1733593846153846
-0.20673784615384616
-0.23052
-0.20131384615384615
-0.11202646153846153
-0.013142769230769229
0.10055261538461538
0.18983999999999998
0.2722430769230769
0.36319938461538465
0.40638276923076927
0.40992923076923077
0.34963938461538463
0.23844738461538462
0.12370892307692308
0.006884307692307692
-0.08073415384615384
-0.14853415384615384
-0.20444307692307692
-0.225096
-0.23198030769230768
-0.19839323076923077
-0.12496061538461539
-0.04631261538461538
0.04714707692307692
0.10493353846153847
0.13852061538461538
0.17461107692307692
0.18107815384615383
0.17481969230769231
0.13059323076923077
0.04547815384615384
-0.03045784615384615
-0.09283384615384616
-0.12120553846153845
-0.1205796923076923
-0.12141415384615384
-0.11160923076923077
-0.08824430769230769
-0.032544
0.035464615384615386
0.07405846153846153
0.09658892307692307
0.08386338461538462
0.05611753846153846
0.026702769230769228
-0.01668923076923077
-0.05298830769230769
-0.09825784615384614
-0.1289243076923077
-0.13205353846153844
-0.11995384615384615
-0.07885661538461539
-0.03275261538461539
-0.0002086153846153846
0.023364923076923075
0.043392
0.06633969230769231
0.07364123076923076
0.049233230769230765
0.0008344615384615384
-0.05778646153846154
-0.10931446153846153
-0.14081538461538462
-0.15208061538461537
-0.15333230769230768
-0.15604430769230768
-0.13935507692307691
-0.092208
-0.042557538461538466
0.0018775384615384615
0.02586830769230769
0.047772923076923074
0.07405846153846153
0.08115138461538463
0.07948246153846153
0.05799507692307692
0.016063384615384615
-0.018983999999999997
-0.03859384615384615
-0.04965046153846154
-0.058412307692307694
-0.0678
-0.06967753846153846
-0.059872615384615385
-0.03045784615384615
0.017940923076923077
0.07280676923076923
0.11348676923076922
0.1397723076923077
0.17419384615384614
0.20319138461538463
0.20924123076923076
0.19317784615384614
0.15333230769230768
0.10514215384615383
0.05173661538461538
-0.0012516923076923076
-0.03880246153846154
-0.07280676923076923
-0.08866153846153846
-0.08574092307692306
-0.06216738461538462
-0.010013538461538461
0.043600615384615383
0.09721476923076922
0.14728246153846153
0.19985353846153847
0.25972615384615383
0.2849686153846154
0.2828824615384615
0.2563883076923077
0.18858830769230767
0.11452984615384615
0.02524246153846154
-0.07384984615384615
-0.15875630769230767
-0.23803015384615384
-0.2720344615384615
-0.24658338461538462
-0.18483323076923078
-0.086784
0.016480615384615385
0.12913292307692306
0.24512307692307692
0.33607938461538456
0.3861470769230769
0.3577753846153846
0.28121353846153846
0.17315076923076922
0.04672984615384615
-0.06759138461538462
-0.17711446153846155
-0.2563883076923077
-0.3045784615384615
-0.3060387692307692
-0.23949046153846154
-0.15374953846153847
-0.052153846153846155
0.056951999999999996
0.14665661538461539
0.23093723076923076
0.2926873846153846
0.3160523076923077
0.30207507692307695
0.2399076923076923
0.14477907692307693
0.029414769230769227
-0.09325107692307691
-0.19964492307692308
-0.29331323076923077
-0.36319938461538465
-0.3919883076923077
-0.3613218461538461
-0.2774584615384615
-0.19067446153846154
-0.09784061538461537
-0.006675692307692307
0.07572738461538461
0.15291507692307693
0.192552
0.19797599999999999
0.15520984615384617
0.08302892307692307
0.01940123076923077
-0.031918153846153846
-0.065088
-0.09596307692307693
-0.11599015384615384
-0.11202646153846153
-0.08219446153846154
-0.02795446153846154
0.027328615384615382
0.06467076923076923
0.09992676923076924
0.14728246153846153
0.19630707692307692
0.23531815384615382
0.24741784615384615
0.23218892307692307
0.19192615384615386
0.15208061538461537
0.12579507692307693
0.08240307692307691
0.019609846153846155
-0.04568676923076923
-0.08699261538461538
-0.09512861538461538
-0.08240307692307691
-0.056951999999999996
-0.030040615384615384
-0.006258461538461538
0.009804923076923077
0.03045784615384615
0.04631261538461538
0.035255999999999996
0.005424
-0.029414769230769227
-0.04631261538461538
-0.04380923076923077
-0.02753723076923077
-0.010013538461538461
0.0077187692307692304
0.034630153846153845
0.06467076923076923
0.10326461538461539
0.1289243076923077
0.11807630769230769
0.07510153846153846
0.014185846153846153
-0.037967999999999995
-0.07697907692307693
-0.11411261538461538
-0.13893784615384613
-0.14206707692307693
-0.11557292307692307
-0.05799507692307692
0.013351384615384614
0.08490646153846154
0.14144123076923076
0.17648861538461538
0.20256553846153844
0.19568123076923075
0.14457046153846154
0.05653476923076922
-0.05507446153846154
-0.16292861538461537
-0.25367630769230765
-0.30666461538461537
-0.3314898461538462
-0.3323243076923077
-0.295608
-0.22321846153846153
-0.1045163076923077
0.040054153846153843
0.16856123076923077
0.26097784615384617
0.30207507692307695
0.30061476923076924
0.26619323076923074
0.1927606153846154
0.08657538461538461
-0.03901107692307692
-0.1504116923076923
-0.21591692307692306
-0.22801661538461537
-0.20632061538461538
-0.16105107692307694
-0.09992676923076924
-0.029832
0.058412307692307694
0.14164984615384615
0.20027076923076922
0.21779446153846155
0.20110523076923076
0.17315076923076922
0.13226215384615383
0.09179076923076923
0.04380923076923077
-0.011891076923076923
-0.06884307692307692
-0.12808984615384614
-0.165432
-0.19317784615384614
-0.2154996923076923
-0.2140393846153846
-0.19359507692307693
-0.15374953846153847
-0.09262523076923077
-0.02858030769230769
0.035464615384615386
0.09053907692307692
0.14331876923076922
0.20339999999999997
0.24700061538461537
0.26681907692307694
0.24637476923076923
0.20506892307692307
0.15249784615384615
0.08720123076923077
0.03129230769230769
-0.037342153846153844
-0.10806276923076923
-0.15667015384615385
-0.17544553846153846
-0.14999446153846155
-0.10430769230769231
-0.051528
0.009596307692307692
0.07092923076923077
0.13080184615384613
0.1779489230769231
0.18858830769230767
0.154584
0.08177723076923075
-0.011265230769230769
-0.09304246153846155
-0.1597993846153846
-0.22134092307692307
-0.2620209230769231
-0.27286892307692306
-0.24282830769230768
-0.17377661538461536
-0.08866153846153846
0.0077187692307692304
0.08657538461538461
0.14686523076923075
0.18900553846153845
0.19442953846153843
0.16501476923076921
0.0855323076923077
-0.014603076923076923
-0.11181784615384616
-0.18921415384615384
-0.21612553846153845
-0.20652923076923077
-0.15520984615384617
-0.07635323076923077
0.016480615384615385
0.12224861538461537
0.20131384615384615
0.23260615384615385
0.20819815384615384
0.1314276923076923
0.03379569230769231
-0.0798996923076923
-0.21049292307692305
-0.34776184615384614
-0.4752258461538461
-0.5782818461538461
-0.6175015384615384
-0.5073526153846153
-0.3210590769230769
-0.05027630769230769
0.26452430769230767
0.5405224615384615
0.8277858461538461
1.0128276923076922
1.0998203076923077
1.0063606153846154
0.7460086153846153
0.4251581538461538
0.03233538461538461
-0.3210590769230769
-0.6494196923076923
-0.8880756923076923
-0.9965556923076923
-0.9696443076923076
-0.7639495384615383
-0.46312615384615385
-0.09408553846153846
0.29414769230769233
0.6114516923076924
0.8407199999999999
0.9254178461538461
0.8344615384615385
0.6396147692307692
0.3158436923076923
-0.07948246153846153
-0.4383009230769231
-0.7572738461538462
-0.9316763076923077
-0.9623427692307691
-0.8693003076923077
-0.653592
-0.4147273846153846
-0.15187199999999998
0.10430769230769231
0.295608
0.4220289230769231
0.47063630769230763
0.4733483076923077
0.4652123076923077
0.4214030769230769
0.360696
0.26932246153846157
0.1476996923076923
0.030875076923076922
-0.10013538461538461
-0.20277415384615383
-0.2782929230769231
-0.3148006153846154
-0.28663753846153844
-0.24428861538461538
-0.18316430769230768
-0.11098338461538461
-0.032544
0.07259815384615384
0.17732307692307692
0.28204799999999997
0.3880246153846154
0.4821101538461538
0.5691027692307692
0.6166670769230769
0.5943452307692307
0.4685501538461538
0.2601433846153846
0.014394461538461538
-0.26222953846153846
-0.5019286153846154
-0.6711156923076923
-0.7489292307692308
-0.6875963076923076
-0.5244590769230769
-0.2651501538461538
0.058829538461538454
0.3711267692307692
0.661728
0.8565747692307693
0.9247920000000001
0.8907876923076924
0.7443396923076924
0.5273796923076923
0.25346769230769234
-0.04902461538461538
-0.30937661538461536
-0.49379261538461533
-0.5793249230769231
-0.5822455384615384
-0.5121507692307692
-0.36299076923076923
-0.16105107692307694
0.09512861538461538
0.3392086153846154
0.5010941538461539
0.5981003076923076
0.6031070769230769
0.5317606153846154
0.40012430769230767
0.21237046153846154
0.02086153846153846
-0.16584923076923075
-0.3143833846153846
-0.3844781538461538
-0.38426953846153844
-0.32231076923076923
-0.22989415384615383
-0.13247076923076923
-0.040679999999999994
0.02273907692307692
0.06425353846153846
0.06946892307692307
0.04756430769230769
0.018775384615384614
-0.024408000000000003
-0.044435076923076924
-0.03984553846153846
-0.015854769230769228
0.04047138461538462
0.0936683076923077
0.14102399999999998
0.17523692307692307
0.1733593846153846
0.1397723076923077
0.05382276923076923
-0.06008123076923077
-0.1656406153846154
-0.2647329230769231
-0.33002953846153843
-0.3665372307692307
-0.35568923076923076
-0.2828824615384615
-0.1693956923076923
-0.018358153846153843
0.12579507692307693
0.2497126153846154
0.34296369230769225
0.38030584615384616
0.37237846153846155
0.30290953846153845
0.17419384615384614
0.02545107692307692
-0.12767261538461538
-0.25993476923076925
-0.3521427692307692
-0.4076344615384615
-0.3919883076923077
-0.2993630769230769
-0.14853415384615384
0.042557538461538466
0.23177169230769232
0.3961606153846154
0.5083956923076923
0.5484498461538461
0.5275883076923077
0.4485230769230769
0.32189353846153845
0.16897846153846155
0.018358153846153843
-0.09784061538461537
-0.17419384615384614
-0.20402584615384614
-0.1913003076923077
-0.157296
-0.10055261538461538
-0.042557538461538466
0.016480615384615385
0.06884307692307692
0.08761846153846153
0.0826116923076923
0.05236246153846154
0.02357353846153846
0.009596307692307692
-0.008136
-0.033169846153846154
-0.05924676923076923
-0.06467076923076923
-0.03963692307692308
0.003755076923076923
0.04631261538461538
0.06070707692307692
0.04401784615384615
0.016480615384615385
-0.026494153846153844
-0.07551876923076924
-0.1368516923076923
-0.1908830769230769
-0.21842030769230766
-0.22175815384615383
-0.17252492307692308
-0.09262523076923077
-0.005841230769230769
0.078648
0.14081538461538462
0.1842073846153846
0.19881046153846152
0.17231630769230769
0.10743692307692307
0.004589538461538461
-0.11035753846153845
-0.2073636923076923
-0.28017046153846153
-0.31083692307692307
-0.3133403076923077
-0.2845513846153846
-0.214248
-0.11432123076923076
0.008136
0.1097316923076923
0.17398523076923075
0.18712800000000002
0.15667015384615385
0.09679753846153846
0.005632615384615384
-0.103056
-0.21737723076923077
-0.306456
-0.33712246153846154
-0.2953993846153846
-0.20298276923076922
-0.078648
0.06216738461538462
0.1977673846153846
0.31834707692307695
0.3984553846153846
0.4188996923076923
0.37091815384615384
0.2624381538461539
0.12370892307692308
-0.02211323076923077
-0.14811692307692306
-0.2438713846153846
-0.2999889230769231
-0.3068732307692308
-0.26139507692307695
-0.165432
-0.04839876923076923
0.07280676923076923
0.18942276923076923
0.27620676923076926
0.32231076923076923
0.32001599999999997
0.2626467692307692
0.16480615384615382
0.03233538461538461
-0.10430769230769231
-0.20339999999999997
-0.26869661538461537
-0.29644246153846154
-0.2830910769230769
-0.2330233846153846
-0.14123261538461537
-0.026702769230769228
0.09512861538461538
0.1992276923076923
0.26786215384615386
0.3079163076923077
0.3087507692307692
0.2799618461538461
0.2221753846153846
0.13059323076923077
0.03755076923076923
-0.04088861538461538
-0.09700615384615385
-0.130176
-0.15374953846153847
-0.16188553846153847
-0.157296
-0.14811692307692306
-0.12996738461538462
-0.11223507692307692
-0.09909230769230769
-0.09158215384615384
-0.07927384615384615
-0.04902461538461538
-0.014603076923076923
0.022530461538461537
0.053614153846153846
0.073224
0.0826116923076923
0.07426707692307692
0.04902461538461538
-0.008136
-0.0853236923076923
-0.16063384615384615
-0.21988061538461537
-0.24199384615384617
-0.23677846153846152
-0.21445661538461538
-0.17085599999999998
-0.10347323076923076
-0.011265230769230769
0.09658892307692307
0.19818461538461538
0.2764153846153846
0.3131316923076923
0.31688676923076925
0.2931046153846154
0.23656984615384613
0.15833907692307692
0.05799507692307692
-0.04088861538461538
-0.12266584615384615
-0.18212123076923076
-0.2127876923076923
-0.21967199999999998
-0.19588984615384614
-0.13998092307692306
-0.05277969230769231
0.05403138461538461
0.15959076923076923
0.23949046153846154
0.29414769230769233
0.3158436923076923
0.2997803076923077
0.26619323076923074
0.20277415384615383
0.11974523076923077
0.028163076923076923
-0.05799507692307692
-0.11286092307692308
-0.1424843076923077
-0.14164984615384615
-0.11682461538461539
-0.06988615384615385
-0.0016689230769230767
0.07030338461538461
0.13643446153846153
0.1779489230769231
0.19547261538461536
0.20131384615384615
0.20131384615384615
0.1923433846153846
0.16876984615384616
0.124752
0.06341907692307691
-0.005841230769230769
-0.06821723076923077
-0.11849353846153846
-0.1635544615384615
-0.19985353846153847
-0.21466523076923077
-0.19547261538461536
-0.15354092307692307
-0.08887015384615385
-0.013142769230769229
0.06070707692307692
0.127464
0.18316430769230768
0.2225926153846154
0.23218892307692307
0.2090326153846154
0.15520984615384617
0.092208
0.04276615384615385
0.0029206153846153843
-0.03442153846153846
-0.07072061538461538
-0.09784061538461537
-0.10806276923076923
-0.1045163076923077
-0.08574092307692306
-0.059872615384615385
-0.03275261538461539
0.005215384615384615
0.06133292307692308
0.12642092307692307
0.184416
0.21299630769230768
0.21091015384615383
0.18358153846153846
0.13226215384615383
0.07134646153846153
0.0022947692307692304
-0.07551876923076924
-0.16063384615384615
-0.2355267692307692
-0.27474646153846155
-0.27453784615384613
-0.25534523076923077
-0.21883753846153844
-0.15667015384615385
-0.07885661538461539
0.011265230769230769
0.09533723076923077
0.17252492307692308
0.2207150769230769
0.22447015384615385
0.21111876923076925
0.17440246153846153
0.116616
0.031709538461538456
-0.0717636923076923
-0.14916
-0.1908830769230769
-0.19380369230769232
-0.16689230769230767
-0.12433476923076923
-0.054657230769230764
0.033169846153846154
0.12433476923076923
0.21529107692307692
0.2774584615384615
0.2937304615384615
0.2701569230769231
0.21716861538461538
0.15291507692307693
0.07426707692307692
-0.01668923076923077
-0.0963803076923077
-0.15270646153846154
-0.1800350769230769
-0.17315076923076922
-0.14603076923076924
-0.11056615384615384
-0.06654830769230768
-0.02086153846153846
0.03045784615384615
0.08031692307692308
0.11348676923076922
0.11870215384615385
0.09554584615384615
0.07155507692307693
0.04860738461538461
0.034630153846153845
0.024408000000000003
0.010013538461538461
0.009804923076923077
0.016063384615384615
0.02753723076923077
0.030040615384615384
0.018983999999999997
-0.010013538461538461
-0.05090215384615384
-0.07405846153846153
-0.08365476923076923
-0.08365476923076923
-0.07051199999999999
-0.042348923076923076
0.0043809230769230765
0.06571384615384615
0.12808984615384614
0.1721076923076923
0.1779489230769231
0.143736
0.08010830769230769
0.012934153846153845
-0.058412307692307694
-0.1287156923076923
-0.1858763076923077
-0.2261390769230769
-0.22488738461538463
-0.1860849230769231
-0.11473846153846154
-0.030875076923076922
0.053614153846153846
0.12621230769230768
0.1785747692307692
0.2056947692307692
0.16689230769230767
0.0961716923076923
0.017523692307692306
-0.05757784615384615
-0.08782707692307692
-0.10868861538461538
-0.10868861538461538
-0.07197230769230768
0.01043076923076923
0.12329169230769231
0.22947692307692308
0.29039261538461536
0.2782929230769231
0.22530461538461538
0.1597993846153846
0.11599015384615384
-0.025033846153846153
-0.192552
-0.33295015384615384
-0.4443507692307692
-0.4186910769230769
-0.36319938461538465
-0.25159015384615385
-0.14290153846153844
-0.0012516923076923076
0.20319138461538463
0.3412947692307692
0.46312615384615385
0.44956615384615384
0.34776184615384614
0.2194633846153846
0.02524246153846154
-0.1070196923076923
-0.2482523076923077
-0.37613353846153846
-0.42307199999999995
-0.4391353846153846
-0.36027876923076924
-0.22634769230769228
-0.06341907692307691
0.12788123076923075
0.23928184615384615
0.32314523076923074
0.3903193846153846
0.4111809230769231
0.41681353846153846
0.3246055384615385
0.184416
0.02753723076923077
-0.12662953846153846
-0.19693292307692306
-0.25951753846153847
-0.30895938461538464
-0.3170953846153846
-0.29581661538461534
-0.18942276923076923
-0.06529661538461538
0.04088861538461538
0.13998092307692306
0.18983999999999998
0.24720923076923076
0.29832
0.3095852307692307
0.2953993846153846
0.22718215384615387
0.14582215384615385
0.06195876923076923
-0.031918153846153846
-0.10117846153846152
-0.18170399999999998
-0.24866953846153847
-0.2858030769230769
-0.3081249230769231
-0.27412061538461535
-0.21862892307692305
-0.14269292307692305
-0.05194523076923077
0.030040615384615384
0.12767261538461538
0.20778092307692309
0.25555384615384613
0.25555384615384613
0.18316430769230768
0.10013538461538461
0.005841230769230769
-0.11911938461538461
-0.23677846153846152
-0.3510996923076923
-0.42369784615384615
-0.44643692307692306
-0.41952553846153845
-0.33899999999999997
-0.2509643076923077
-0.1314276923076923
0.005841230769230769
0.13476553846153844
0.25513661538461535
0.3216849230769231
0.3510996923076923
0.34963938461538463
0.2920615384615385
0.1942209230769231
0.05611753846153846
-0.092208
-0.21696000000000001
-0.3143833846153846
-0.3483876923076923
-0.32231076923076923
-0.25430215384615384
-0.13810338461538463
-0.007510153846153846
0.12266584615384615
0.24741784615384615
0.3375396923076923
0.39282276923076925
0.385104
0.3133403076923077
0.2154996923076923
0.09950953846153845
-0.008344615384615384
-0.11724184615384614
-0.2157083076923077
-0.2845513846153846
-0.32627446153846157
-0.3012406153846154
-0.23385784615384617
-0.15082892307692305
-0.06008123076923077
0.018983999999999997
0.10138707692307691
0.17398523076923075
0.2290596923076923
0.24908676923076922
0.22175815384615383
0.1710646153846154
0.12433476923076923
0.08365476923076923
0.040054153846153843
-0.006675692307692307
-0.051528
-0.06613107692307692
-0.06133292307692308
-0.03379569230769231
0.0002086153846153846
0.018358153846153843
0.029414769230769227
0.02232184615384615
0.025033846153846153
0.03233538461538461
0.03045784615384615
0.04318338461538461
0.05298830769230769
0.07051199999999999
0.11181784615384616
0.15875630769230767
0.21049292307692305
0.23114584615384615
0.21779446153846155
0.18796246153846152
0.14144123076923076
0.09012184615384615
0.012308307692307691
-0.08010830769230769
-0.16021661538461537
-0.21716861538461538
-0.22300984615384614
-0.18775384615384613
-0.12621230769230768
-0.0448523076923077
0.04088861538461538
0.13768615384615385
0.22175815384615383
0.265776
0.26348123076923075
0.21007569230769232
0.13184492307692308
0.03838523076923077
-0.06529661538461538
-0.14874276923076923
-0.21779446153846155
-0.25993476923076925
-0.2620209230769231
-0.23615261538461538
-0.17899199999999998
-0.10618523076923077
-0.03442153846153846
0.027120000000000002
0.07906523076923076
0.11745046153846153
0.14457046153846154
0.15667015384615385
0.14749107692307692
0.12120553846153845
0.08135999999999999
0.04672984615384615
0.02315630769230769
0.006675692307692307
-0.008761846153846153
-0.009179076923076922
0.013560000000000001
0.04735569230769231
0.08594953846153845
0.11202646153846153
0.13184492307692308
0.15896492307692306
0.17419384615384614
0.17648861538461538
0.1614683076923077
0.12913292307692306
0.09909230769230769
0.0828203076923077
0.07843938461538462
0.07051199999999999
0.05799507692307692
0.03984553846153846
0.017940923076923077
-0.0070929230769230765
-0.044435076923076924
-0.09033046153846153
-0.13914646153846155
-0.184416
-0.19317784615384614
-0.17252492307692308
-0.14039815384615384
-0.09491999999999999
-0.052153846153846155
0.0004172307692307692
0.05486584615384615
0.092208
0.11390399999999999
0.10868861538461538
0.07802215384615384
0.04401784615384615
0.008761846153846153
-0.02232184615384615
-0.04839876923076923
-0.07468430769230769
-0.0855323076923077
-0.07489292307692308
-0.04130584615384615
0.003963692307692307
0.04172307692307692
0.06800861538461538
0.09012184615384615
0.10827138461538462
0.12120553846153845
0.1136953846153846
0.08574092307692306
0.049233230769230765
0.010013538461538461
-0.01668923076923077
-0.03567323076923076
-0.05048492307692308
-0.06529661538461538
-0.06863446153846153
-0.051319384615384614
-0.025033846153846153
0.009804923076923077
0.04318338461538461
0.058412307692307694
0.054657230769230764
0.03045784615384615
-0.0029206153846153843
-0.042974769230769226
-0.0936683076923077
-0.14185846153846154
-0.17273353846153844
-0.1760713846153846
-0.15124615384615384
-0.09763200000000001
-0.031709538461538456
0.033169846153846154
0.09304246153846155
0.1424843076923077
0.17231630769230769
0.16209415384615386
0.12141415384615384
0.06300184615384616
0.006258461538461538
-0.037967999999999995
-0.084072
-0.11807630769230769
-0.1358086153846154
-0.12204
-0.07030338461538461
-0.006049846153846154
0.06842584615384616
0.13267938461538462
0.18379015384615385
0.22947692307692308
0.2557624615384615
0.26306399999999996
0.23364923076923078
0.16063384615384615
0.06759138461538462
-0.031918153846153846
-0.11473846153846154
-0.17628
-0.21341353846153846
-0.21821169230769227
-0.18879692307692306
-0.116616
-0.009387692307692307
0.10868861538461538
0.20423446153846153
0.26452430769230767
0.295608
0.2924787692307692
0.25117292307692307
0.17231630769230769
0.06049846153846154
-0.05862092307692307
-0.16605784615384614
-0.23761292307692305
-0.26932246153846157
-0.2768326153846154
-0.25117292307692307
-0.19693292307692306
-0.11599015384615384
-0.01940123076923077
0.06529661538461538
0.11953661538461538
0.13518276923076925
0.1287156923076923
0.10535076923076922
0.07134646153846153
0.025659692307692307
-0.029832
-0.08031692307692308
-0.119328
-0.13038461538461538
-0.1205796923076923
-0.09387692307692307
-0.059664
-0.016063384615384615
0.03567323076923076
0.08135999999999999
0.11974523076923077
0.12808984615384614
0.12287446153846153
0.103056
0.07823076923076923
0.06487938461538462
0.05173661538461538
0.03921969230769231
0.026494153846153844
0.030875076923076922
0.04985907692307692
0.07802215384615384
0.10076123076923077
0.09679753846153846
0.06905169230769231
0.022530461538461537
-0.03108369230769231
-0.08386338461538462
-0.13998092307692306
-0.19547261538461536
-0.2273907692307692
-0.225096
-0.1940123076923077
-0.14081538461538462
-0.08073415384615384
-0.017315076923076923
0.04047138461538462
0.08991323076923076
0.12850707692307692
0.13372246153846154
0.10326461538461539
0.043600615384615383
-0.03337846153846154
-0.10827138461538462
-0.168144
-0.20819815384615384
-0.22029784615384615
-0.19380369230769232
-0.12725538461538463
-0.028788923076923077
0.08302892307692307
0.18379015384615385
0.2586830769230769
0.30374399999999996
0.31041969230769234
0.28663753846153844
0.23177169230769232
0.13518276923076925
0.027328615384615382
-0.07301538461538462
-0.14749107692307692
-0.1842073846153846
-0.19735015384615384
-0.17732307692307692
-0.13247076923076923
-0.06529661538461538
0.025659692307692307
0.11056615384615384
0.17398523076923075
0.20173107692307693
0.19046584615384615
0.15270646153846154
0.09387692307692307
0.017940923076923077
-0.07635323076923077
-0.168144
-0.2275993846153846
-0.2426196923076923
-0.21862892307692305
-0.16084246153846155
-0.09450276923076922
-0.026702769230769228
0.040262769230769234
0.09095630769230768
0.13080184615384613
0.1316363076923077
0.10201292307692307
0.05298830769230769
-0.008970461538461538
-0.058412307692307694
-0.09700615384615385
-0.124752
-0.14060676923076923
-0.13852061538461538
-0.10994030769230768
-0.05799507692307692
0.00855323076923077
0.07364123076923076
0.11578153846153846
0.13935507692307691
0.15333230769230768
0.15520984615384617
0.13518276923076925
0.08907876923076924
0.03275261538461539
-0.013560000000000001
-0.03880246153846154
-0.04088861538461538
-0.03379569230769231
-0.023364923076923075
-0.002086153846153846
0.02086153846153846
0.04714707692307692
0.06008123076923077
0.05945538461538461
0.05653476923076922
0.051319384615384614
0.058829538461538454
0.07009476923076922
0.08135999999999999
0.08761846153846153
0.08052553846153847
0.07635323076923077
0.07572738461538461
0.07405846153846153
0.06884307692307692
0.05444861538461539
0.03755076923076923
0.014603076923076923
-0.015020307692307692
-0.06738276923076922
-0.1368516923076923
-0.20944984615384615
-0.2753723076923077
-0.3102110769230769
-0.31918153846153846
-0.2862203076923077
-0.21716861538461538
-0.08636676923076922
0.12537784615384615
0.4243236923076923
0.6761224615384615
0.8392596923076923
0.9873766153846154
1.0245101538461538
1.0282652307692308
0.8960030769230769
0.6001864615384616
0.20360861538461536
-0.2912270769230769
-0.7019907692307692
-1.0866775384615384
-1.3643446153846153
-1.4957723076923075
-1.4884707692307693
-1.2139329230769231
-0.7798043076923077
-0.18253846153846154
0.4478972307692307
0.9683926153846153
1.392924923076923
1.5881889230769228
1.5706652307692306
1.3217870769230768
0.8304978461538461
0.2426196923076923
-0.4372578461538461
-1.0756209230769231
-1.507872
-1.7621741538461537
-1.760713846153846
-1.5577310769230768
-1.2122639999999998
-0.696984
-0.12955015384615384
0.4775206153846153
1.0167913846153847
1.352870769230769
1.5216406153846154
1.5005704615384614
1.332217846153846
1.0366098461538462
0.5866264615384615
0.08135999999999999
-0.4303735384615384
-0.8486473846153846
-1.1079563076923076
-1.2539870769230768
-1.2471027692307692
-1.1100424615384614
-0.8536541538461538
-0.4814843076923077
-0.08511507692307693
0.3179298461538461
0.6890566153846153
0.9700615384615384
1.1843095384615385
1.284444923076923
1.2512750769230767
1.085425846153846
0.778344
0.3848953846153846
-0.078648
-0.5455292307692308
-0.9600479999999999
-1.2917464615384615
-1.4951464615384615
-1.556688
-1.418376
-1.0681107692307692
-0.5743181538461538
0.02211323076923077
0.6273064615384616
1.1590670769230769
1.5737944615384614
1.7869993846153844
1.7711446153846153
1.4978584615384616
1.0053175384615385
0.41034646153846155
-0.2273907692307692
-0.8277858461538461
-1.3242904615384616
-1.6532769230769229
-1.7475710769230768
-1.6032092307692307
-1.2299963076923077
-0.6921858461538462
-0.07134646153846153
0.5826627692307692
1.1680375384615385
1.596324923076923
1.8114073846153844
1.7675981538461538
1.4995273846153845
1.0476664615384614
0.4789809230769231
-0.11432123076923076
-0.665483076923077
-1.0939790769230768
-1.3649704615384615
-1.451545846153846
-1.3313833846153844
-1.0347323076923076
-0.6024812307692308
-0.11452984615384615
0.35151692307692306
0.7416276923076923
1.005108923076923
1.1365366153846155
1.1269403076923077
0.9667236923076923
0.6913513846153846
0.3421292307692308
-0.016272
-0.32085046153846153
-0.5553341538461538
-0.6999046153846153
-0.7649926153846154
-0.7541446153846154
-0.6462904615384615
-0.4750172307692308
-0.273912
-0.06738276923076922
0.12642092307692307
0.3116713846153846
0.4783550769230769
0.6016467692307692
0.6636055384615385
0.6531747692307692
0.5960141538461537
0.5042233846153846
0.3844781538461538
0.25367630769230765
0.09053907692307692
-0.08240307692307691
-0.2436627692307692
-0.3915710769230769
-0.48816
-0.533220923076923
-0.5259193846153846
-0.4522781538461538
-0.32627446153846157
-0.14018953846153845
0.09387692307692307
0.3410861538461538
0.561384
0.7109612307692308
0.7820990769230769
0.7731286153846153
0.6784172307692308
0.5067267692307692
0.2722430769230769
-0.0022947692307692304
-0.2722430769230769
-0.5023458461538461
-0.6615193846153845
-0.7453827692307692
-0.7503895384615384
-0.6698639999999999
-0.5250849230769231
-0.3291950769230769
-0.12016246153846154
0.08594953846153845
0.25951753846153847
0.3780110769230769
0.44810584615384613
0.44998338461538456
0.3903193846153846
0.2837169230769231
0.14707384615384617
0.004172307692307692
-0.12808984615384614
-0.2288510769230769
-0.2897667692307692
-0.31626092307692305
-0.31188
-0.2828824615384615
-0.2422024615384615
-0.19672430769230767
-0.14978584615384616
-0.0988836923076923
-0.045895384615384616
0.015854769230769228
0.09471138461538461
0.1777403076923077
0.25451076923076926
0.32085046153846153
0.3617390769230769
0.376968
0.3565236923076923
0.27620676923076926
0.14290153846153844
-0.02357353846153846
-0.18921415384615384
-0.32606584615384615
-0.4245323076923077
-0.46583815384615385
-0.441012923076923
-0.3542289230769231
-0.21132738461538458
-0.033169846153846154
0.15667015384615385
0.32898646153846156
0.4622916923076923
0.5415655384615384
0.5492843076923076
0.48419630769230765
0.34358953846153845
0.13998092307692306
-0.0855323076923077
-0.2999889230769231
-0.47647753846153845
-0.5995606153846154
-0.6556781538461539
-0.6258461538461538
-0.508812923076923
-0.31250584615384613
-0.06049846153846154
0.2125790769230769
0.4612486153846154
0.6431612307692307
0.742044923076923
0.7414190769230768
0.6375286153846154
0.4449766153846154
0.1860849230769231
-0.09179076923076923
-0.3339932307692307
-0.5052664615384616
-0.5870436923076923
-0.5887126153846154
-0.5186178461538461
-0.38072307692307694
-0.20006215384615383
0.00855323076923077
0.20778092307692309
0.3513083076923077
0.43621476923076924
0.45624184615384616
0.41952553846153845
0.34630153846153844
0.23823876923076923
0.10472492307692308
-0.03504738461538461
-0.15667015384615385
-0.249504
-0.306456
-0.3312812307692308
-0.3291950769230769
-0.2916443076923077
-0.22008923076923076
-0.12621230769230768
-0.02232184615384615
0.06675692307692307
0.13455692307692307
0.1867107692307692
0.21028430769230766
0.2273907692307692
0.23052
0.20006215384615383
0.15813046153846153
0.09846646153846153
0.02858030769230769
-0.04380923076923077
-0.12120553846153845
-0.18921415384615384
-0.23364923076923078
-0.25012984615384615
-0.22801661538461537
-0.1614683076923077
-0.06717415384615384
0.047772923076923074
0.15896492307692306
0.2591003076923077
0.34776184615384614
0.3982467692307692
0.3863556923076923
0.31229723076923077
0.1908830769230769
0.033169846153846154
-0.13914646153846155
-0.29644246153846154
-0.41013784615384613
-0.4758516923076923
-0.4825273846153846
-0.4147273846153846
-0.2899753846153846
-0.12120553846153845
0.05319692307692307
0.21487384615384614
0.3565236923076923
0.43329415384615383
0.43934399999999996
0.3611132307692308
0.2075723076923077
0.026076923076923077
-0.16501476923076921
-0.3342018461538461
-0.45561599999999997
-0.5236246153846154
-0.5240418461538462
-0.4606227692307692
-0.3346190769230769
-0.1639716923076923
0.016272
0.18963138461538462
0.33607938461538456
0.44268184615384615
0.4821101538461538
0.44289046153846157
0.33524492307692305
0.1783661538461538
-0.003755076923076923
-0.19004861538461537
-0.3442153846153846
-0.4389267692307692
-0.4789809230769231
-0.4599969230769231
-0.36549415384615386
-0.2194633846153846
-0.044435076923076924
0.13455692307692307
0.28809784615384615
0.40012430769230767
0.4493575384615385
0.4360061538461539
0.3646596923076923
0.24658338461538462
0.09658892307692307
-0.06258461538461538
-0.19547261538461536
-0.2920615384615385
-0.34651015384615386
-0.35297723076923077
-0.31250584615384613
-0.21299630769230768
-0.0678
0.09053907692307692
0.2453316923076923
0.36215630769230767
0.42661846153846156
0.450192
0.431208
0.3784283076923077
0.2897667692307692
0.17002153846153847
0.04568676923076923
-0.06654830769230768
-0.1558356923076923
-0.21216184615384615
-0.24408
-0.25367630769230765
-0.23156307692307693
-0.1760713846153846
-0.09095630769230768
0.016063384615384615
0.12224861538461537
0.20673784615384616
0.2730775384615384
0.3210590769230769
0.3454670769230769
0.3316984615384615
0.2709913846153846
0.1656406153846154
0.03942830769230769
-0.0897046153846154
-0.20360861538461536
-0.2870547692307692
-0.34776184615384614
-0.36904061538461536
-0.3415033846153846
-0.2620209230769231
-0.14436184615384615
-0.011891076923076923
0.11828492307692307
0.2261390769230769
0.3079163076923077
0.35193415384615384
0.34651015384615386
0.29581661538461534
0.20027076923076922
0.0771876923076923
-0.04693846153846153
-0.15416676923076922
-0.22447015384615385
-0.25847446153846154
-0.25805723076923076
-0.21111876923076925
-0.1316363076923077
-0.022947692307692308
0.09554584615384615
0.19380369230769232
0.276624
0.3198073846153846
0.3206418461538461
0.2858030769230769
0.208824
0.10910584615384614
0.0016689230769230767
-0.08761846153846153
-0.14749107692307692
-0.17899199999999998
-0.17815753846153848
-0.15938215384615384
-0.12496061538461539
-0.06800861538461538
-0.014603076923076923
0.027745846153846152
0.054240000000000003
0.054240000000000003
0.04631261538461538
0.022947692307692308
0.003755076923076923
-0.007510153846153846
-0.01981846153846154
-0.010848
0.0014603076923076922
0.018358153846153843
0.03567323076923076
0.02795446153846154
0.008970461538461538
-0.026285538461538457
-0.07489292307692308
-0.11411261538461538
-0.15082892307692305
-0.16480615384615382
-0.16251138461538459
-0.14832553846153845
-0.10138707692307691
-0.03296123076923077
0.05507446153846154
0.1395636923076923
0.20486030769230767
0.2591003076923077
0.287472
0.27558092307692306
0.23281476923076924
0.15228923076923076
0.053405538461538456
-0.037967999999999995
-0.1218313846153846
-0.18379015384615385
-0.200688
-0.18900553846153845
-0.13622584615384614
-0.04672984615384615
0.026494153846153844
0.11202646153846153
0.1802436923076923
0.23448369230769228
0.2670276923076923
0.2492953846153846
0.19839323076923077
0.14477907692307693
0.0934596923076923
0.09053907692307692
0.15938215384615384
0.05319692307692307
-0.06341907692307691
-0.12016246153846154
-0.19192615384615386
-0.05653476923076922
-0.06884307692307692
-0.17628
-0.21529107692307692
-0.2632726153846154
-0.07760492307692309
0.035464615384615386
0.09971815384615385
0.10931446153846153
0.058829538461538454
0.21007569230769232
0.2730775384615384
0.34588430769230766
0.2699483076923077
0.0446436923076923
-0.016272
-0.15750461538461538
-0.17544553846153846
-0.19651569230769228
-0.3241883076923077
-0.25430215384615384
-0.2860116923076923
-0.2207150769230769
-0.01043076923076923
0.07072061538461538
0.27328615384615385
0.35276861538461535
0.32314523076923074
0.3838523076923077
0.33378461538461535
0.3506824615384615
0.30562153846153844
0.1178676923076923
-0.03838523076923077
-0.22405292307692307
-0.2670276923076923
-0.26619323076923074
-0.32335384615384616
-0.32627446153846157
-0.3387913846153846
-0.200688
0.0043809230769230765
0.10472492307692308
0.2021483076923077
0.1940123076923077
0.18900553846153845
0.2342750769230769
0.1652233846153846
0.11891076923076922
0.03504738461538461
-0.08699261538461538
-0.0988836923076923
-0.12600369230769232
-0.13914646153846155
-0.14269292307692305
-0.20047938461538461
-0.20715507692307691
-0.19630707692307692
-0.17252492307692308
-0.12162276923076921
-0.046104
0.04944184615384615
0.09179076923076923
0.1718990769230769
0.2492953846153846
0.2828824615384615
0.3195987692307692
0.23364923076923078
0.138312
0.07405846153846153
-0.018983999999999997
-0.055491692307692304
-0.12850707692307692
-0.1869193846153846
-0.18107815384615383
-0.19025723076923076
-0.1612596923076923
-0.14686523076923075
-0.12808984615384614
-0.03671630769230769
0.05444861538461539
0.13038461538461538
0.168144
0.1869193846153846
0.214248
0.18858830769230767
0.14394461538461537
0.051528
-0.08344615384615384
-0.15520984615384617
-0.22822523076923076
-0.2651501538461538
-0.235944
-0.22008923076923076
-0.1289243076923077
-0.023990769230769232
0.038176615384615385
0.13184492307692308
0.19213476923076922
0.22801661538461537
0.23052
0.17252492307692308
0.10660246153846153
0.03358707692307692
-0.006884307692307692
-0.034630153846153845
-0.06821723076923077
-0.08845292307692308
-0.12558646153846154
-0.10076123076923077
-0.03629907692307692
0.023364923076923075
0.09700615384615385
0.0961716923076923
0.09533723076923077
0.13226215384615383
0.13476553846153844
0.12350030769230769
0.065088
-0.014185846153846153
-0.03442153846153846
-0.038176615384615385
-0.03567323076923076
-0.04652123076923077
-0.08240307692307691
-0.08219446153846154
-0.059664
0.0043809230769230765
0.07572738461538461
0.11432123076923076
0.13038461538461538
0.10576799999999999
0.09804923076923076
0.10243015384615384
0.09325107692307691
0.100344
0.058829538461538454
0.0029206153846153843
-0.00855323076923077
-0.003129230769230769
0.05319692307692307
0.09095630769230768
0.07802215384615384
0.07092923076923077
0.06383630769230769
0.08073415384615384
0.10243015384615384
0.07614461538461538
0.02044430769230769
-0.033169846153846154
-0.05236246153846154
-0.04839876923076923
-0.06362769230769232
-0.09679753846153846
-0.154584
-0.19442953846153843
-0.19296923076923078
-0.18525046153846153
-0.16042523076923076
-0.14394461538461537
-0.1218313846153846
-0.073224
-0.03129230769230769
0.027328615384615382
0.07405846153846153
0.07948246153846153
0.06028984615384615
0.013351384615384614
-0.022530461538461537
-0.04902461538461538
-0.0988836923076923
-0.1558356923076923
-0.20924123076923076
-0.23364923076923078
-0.21091015384615383
-0.14811692307692306
-0.06654830769230768
-0.010848
0.037967999999999995
0.09471138461538461
0.14164984615384615
0.1696043076923077
0.13893784615384613
0.07531015384615385
0.021278769230769233
-0.03442153846153846
-0.06905169230769231
-0.10952307692307692
-0.15270646153846154
-0.15103753846153847
-0.13184492307692308
-0.07426707692307692
-0.0070929230769230765
0.042974769230769226
0.10785415384615385
0.15875630769230767
0.21070153846153844
0.25284184615384614
0.26368984615384616
0.2591003076923077
0.20652923076923077
0.13476553846153844
0.06926030769230769
-0.006258461538461538
-0.06425353846153846
-0.11140061538461538
-0.12037107692307693
-0.09158215384615384
-0.05674338461538461
0.026494153846153844
0.11953661538461538
0.20047938461538461
0.28392553846153845
0.31918153846153846
0.328152
0.30019753846153846
0.22342707692307692
0.14415323076923076
0.04401784615384615
-0.051528
-0.13059323076923077
-0.19881046153846152
-0.22405292307692307
-0.2303113846153846
-0.19964492307692308
-0.13726892307692307
-0.0855323076923077
-0.012308307692307691
0.05069353846153846
0.10535076923076922
0.17419384615384614
0.21195323076923075
0.23677846153846152
0.22822523076923076
0.17669723076923077
0.11578153846153846
0.03275261538461539
-0.05298830769230769
-0.143736
-0.23093723076923076
-0.2751636923076923
-0.28204799999999997
-0.24428861538461538
-0.1733593846153846
-0.08302892307692307
0.025659692307692307
0.1218313846153846
0.2059033846153846
0.25659692307692306
0.25284184615384614
0.214248
0.12996738461538462
0.02232184615384615
-0.0855323076923077
-0.19192615384615386
-0.26640184615384616
-0.3156350769230769
-0.3235624615384615
-0.28017046153846153
-0.21028430769230766
-0.11578153846153846
-0.020652923076923076
0.07197230769230768
0.17023015384615386
0.24491446153846153
0.2899753846153846
0.2989458461538462
0.2540935384615385
0.18149538461538461
0.103056
0.028788923076923077
-0.03045784615384615
-0.07927384615384615
-0.10493353846153847
-0.100344
-0.06571384615384615
0.0029206153846153843
0.08073415384615384
0.15145476923076923
0.208824
0.25451076923076926
0.28100492307692304
0.28413415384615387
0.2680707692307692
0.222384
0.16292861538461537
0.09971815384615385
0.05027630769230769
0.016272
-0.027745846153846152
-0.07739630769230768
-0.11995384615384615
-0.143736
-0.14311015384615386
-0.13747753846153846
-0.14185846153846154
-0.13601723076923075
-0.12391753846153845
-0.09158215384615384
-0.03588184615384615
0.014185846153846153
0.06321046153846153
0.09450276923076922
0.1218313846153846
0.14665661538461539
0.14185846153846154
0.10910584615384614
0.040262769230769234
-0.04130584615384615
-0.116616
-0.18232984615384615
-0.21696000000000001
-0.23469230769230767
-0.2369870769230769
-0.2073636923076923
-0.15792184615384616
-0.073224
0.024408000000000003
0.09825784615384614
0.15374953846153847
0.168144
0.15500123076923078
0.11557292307692307
0.03358707692307692
-0.05444861538461539
-0.14707384615384617
-0.2140393846153846
-0.23469230769230767
-0.21696000000000001
-0.16584923076923075
-0.10535076923076922
-0.020652923076923076
0.07969107692307692
0.17252492307692308
0.24574892307692306
0.27599815384615384
0.26348123076923075
0.2236356923076923
0.16167692307692308
0.10159569230769232
0.03775938461538462
-0.03504738461538461
-0.086784
-0.11807630769230769
-0.10555938461538462
-0.05590892307692308
-0.006675692307692307
0.04172307692307692
0.07843938461538462
0.10159569230769232
0.12204
0.12412615384615384
0.09763200000000001
0.042348923076923076
-0.026702769230769228
-0.06946892307692307
-0.09033046153846153
-0.10681107692307691
-0.11828492307692307
-0.12016246153846154
-0.10639384615384614
-0.08511507692307693
-0.04631261538461538
-0.012099692307692308
0.0006258461538461538
-0.0022947692307692304
-0.024408000000000003
-0.03713353846153846
-0.0446436923076923
-0.05611753846153846
-0.06362769230769232
-0.06988615384615385
-0.049233230769230765
0.0025033846153846152
0.06154153846153846
0.11348676923076922
0.13852061538461538
0.1356
0.11327815384615383
0.08219446153846154
0.04756430769230769
0.0014603076923076922
-0.04672984615384615
-0.0897046153846154
-0.10409907692307692
-0.07739630769230768
-0.04172307692307692
-0.0022947692307692304
0.035464615384615386
0.06842584615384616
0.10952307692307692
0.13706030769230768
0.13893784615384613
0.10952307692307692
0.05277969230769231
-0.0002086153846153846
-0.04047138461538462
-0.06821723076923077
-0.08949599999999999
-0.11035753846153845
-0.11724184615384614
-0.08991323076923076
-0.04318338461538461
0.0077187692307692304
0.042974769230769226
0.05382276923076923
0.061124307692307686
0.062376
0.06738276923076922
0.06300184615384616
0.050067692307692306
0.040679999999999994
0.031709538461538456
0.052153846153846155
0.08782707692307692
0.11473846153846154
0.12662953846153846
0.1136953846153846
0.09325107692307691
0.06592246153846154
0.027328615384615382
-0.018775384615384614
-0.07489292307692308
-0.124752
-0.15333230769230768
-0.1506203076923077
-0.11870215384615385
-0.07489292307692308
-0.025033846153846153
0.02357353846153846
0.07551876923076924
0.1341396923076923
0.16710092307692306
0.165432
0.12433476923076923
0.05820369230769231
-0.008136
-0.08052553846153847
-0.15124615384615384
-0.21633415384615384
-0.2703655384615385
-0.2832996923076923
-0.2641070769230769
-0.20944984615384615
-0.08490646153846154
0.06133292307692308
0.2526332307692308
0.42933046153846155
0.5342640000000001
0.62376
0.6152067692307692
0.5449033846153846
0.3949089230769231
0.16459753846153846
-0.05611753846153846
-0.2997803076923077
-0.4376750769230769
-0.5436516923076923
-0.6323132307692307
-0.6014381538461538
-0.5415655384615384
-0.34922215384615385
-0.12391753846153845
0.10076123076923077
0.3246055384615385
0.4389267692307692
0.5528307692307692
0.5693113846153846
0.48711692307692306
0.3548547692307692
0.12308307692307692
-0.07760492307692309
-0.28851507692307693
-0.47960676923076917
-0.5544996923076924
-0.5899643076923077
-0.5083956923076923
-0.35798399999999997
-0.1908830769230769
0.016063384615384615
0.17732307692307692
0.3479704615384615
0.4622916923076923
0.4785636923076923
0.4756430769230769
0.4090947692307692
0.3473446153846154
0.2845513846153846
0.16730953846153845
0.05236246153846154
-0.08636676923076922
-0.20506892307692307
-0.28163076923076924
-0.35193415384615384
-0.3752990769230769
-0.36570276923076916
-0.31542646153846154
-0.20319138461538463
-0.08949599999999999
0.03567323076923076
0.1506203076923077
0.23844738461538462
0.32606584615384615
0.35339446153846155
0.36215630769230767
0.3440067692307692
0.2730775384615384
0.1792006153846154
0.026494153846153844
-0.13038461538461538
-0.27286892307692306
-0.39657784615384617
-0.46020553846153844
-0.4808584615384615
-0.4211944615384615
-0.2670276923076923
-0.06571384615384615
0.17169046153846151
0.3767593846153846
0.5219556923076923
0.6135378461538461
0.614580923076923
0.5453206153846154
0.39636923076923075
0.19755876923076923
0.0043809230769230765
-0.18212123076923076
-0.3225193846153846
-0.41910830769230767
-0.4547815384615384
-0.4145187692307692
-0.33253292307692306
-0.19881046153846152
-0.03713353846153846
0.12808984615384614
0.2943563076923077
0.4251581538461538
0.5061009230769231
0.5194523076923077
0.4587452307692308
0.36319938461538465
0.22300984615384614
0.059872615384615385
-0.0798996923076923
-0.19067446153846154
-0.2369870769230769
-0.2371956923076923
-0.19067446153846154
-0.09784061538461537
-0.0002086153846153846
0.10514215384615383
0.18983999999999998
0.22447015384615385
0.22154953846153846
0.18232984615384615
0.13226215384615383
0.0826116923076923
0.015020307692307692
-0.04214030769230769
-0.09533723076923077
-0.12725538461538463
-0.13038461538461538
-0.12642092307692307
-0.11140061538461538
-0.11223507692307692
-0.11098338461538461
-0.09909230769230769
-0.09283384615384616
-0.08302892307692307
-0.08594953846153845
-0.09909230769230769
-0.10159569230769232
-0.09700615384615385
-0.07218092307692307
-0.04860738461538461
-0.03337846153846154
-0.010639384615384617
0.013560000000000001
0.04819015384615385
0.07885661538461539
0.09554584615384615
0.0897046153846154
0.06279323076923077
0.028163076923076923
-0.0008344615384615384
-0.021070153846153846
-0.035464615384615386
-0.04652123076923077
-0.05528307692307692
-0.03296123076923077
0.008136
0.05716061538461538
0.09700615384615385
0.10096984615384616
0.09179076923076923
0.06195876923076923
0.029414769230769227
-0.0025033846153846152
-0.05716061538461538
-0.10722830769230769
-0.14060676923076923
-0.13643446153846153
-0.09763200000000001
-0.053614153846153846
0.0016689230769230767
0.05048492307692308
0.08720123076923077
0.11745046153846153
0.11849353846153846
0.09429415384615383
0.03358707692307692
-0.049233230769230765
-0.11348676923076922
-0.15896492307692306
-0.17231630769230769
-0.16000799999999998
-0.13497415384615385
-0.07259815384615384
0.0070929230769230765
0.09658892307692307
0.18858830769230767
0.24074215384615386
0.25513661538461535
0.2342750769230769
0.18191261538461537
0.10868861538461538
0.014394461538461538
-0.09095630769230768
-0.1942209230769231
-0.28100492307692304
-0.3350363076923077
-0.34046030769230773
-0.3072904615384615
-0.24074215384615386
-0.15771323076923077
-0.07134646153846153
0.024408000000000003
0.12162276923076921
0.18379015384615385
0.20131384615384615
0.1992276923076923
0.168144
0.12537784615384615
0.07280676923076923
0.01043076923076923
-0.04109723076923077
-0.09846646153846153
-0.13643446153846153
-0.14039815384615384
-0.130176
-0.11306953846153844
-0.10076123076923077
-0.0771876923076923
-0.03588184615384615
0.0043809230769230765
0.0448523076923077
0.07405846153846153
0.10389046153846154
0.14018953846153845
0.15896492307692306
0.1787833846153846
0.1846246153846154
0.16856123076923077
0.14144123076923076
0.08845292307692308
0.03212676923076923
-0.028788923076923077
-0.0936683076923077
-0.13184492307692308
-0.15374953846153847
-0.157296
-0.1341396923076923
-0.09679753846153846
-0.035464615384615386
0.035464615384615386
0.10827138461538462
0.18983999999999998
0.25346769230769234
0.2897667692307692
0.29581661538461534
0.2624381538461539
0.20486030769230767
0.1314276923076923
0.042348923076923076
-0.059872615384615385
-0.15208061538461537
-0.2127876923076923
-0.25159015384615385
-0.25805723076923076
-0.2369870769230769
-0.1927606153846154
-0.12788123076923075
-0.05444861538461539
0.03713353846153846
0.127464
0.19797599999999999
0.23949046153846154
0.25451076923076926
0.2438713846153846
0.19672430769230767
0.12558646153846154
0.03024923076923077
-0.08094276923076923
-0.18879692307692306
-0.2791273846153846
-0.3379569230769231
-0.36215630769230767
-0.35339446153846155
-0.3116713846153846
-0.2374043076923077
-0.14311015384615386
-0.04088861538461538
0.05319692307692307
0.13476553846153844
0.19568123076923075
0.23406646153846156
0.25284184615384614
0.24053353846153847
0.2056947692307692
0.1506203076923077
0.09199938461538461
0.026494153846153844
-0.05173661538461538
-0.12996738461538462
-0.21153599999999997
-0.2774584615384615
-0.30937661538461536
-0.3031181538461538
-0.2626467692307692
-0.1856676923076923
-0.07969107692307692
0.04756430769230769
0.18629353846153843
0.30562153846153844
0.4024190769230769
0.441012923076923
0.42015138461538465
0.3548547692307692
0.24554030769230767
0.11870215384615385
-0.03045784615384615
-0.17231630769230769
-0.2814221538461538
-0.3479704615384615
-0.35276861538461535
-0.2989458461538462
-0.19568123076923075
-0.06321046153846153
0.0853236923076923
0.2422024615384615
0.37613353846153846
0.46375199999999994
0.49316676923076924
0.45707630769230767
0.3738387692307692
0.25388492307692306
0.11557292307692307
-0.025659692307692307
-0.15813046153846153
-0.2588916923076923
-0.3160523076923077
-0.32001599999999997
-0.2764153846153846
-0.20193969230769232
-0.11286092307692308
-0.022947692307692308
0.061124307692307686
0.13747753846153846
0.18754523076923074
0.19672430769230767
0.1696043076923077
0.11494707692307692
0.049233230769230765
-0.016897846153846156
-0.07259815384615384
-0.11202646153846153
-0.13914646153846155
-0.1489513846153846
-0.13789476923076924
-0.11056615384615384
-0.08177723076923075
-0.054240000000000003
-0.02899753846153846
-0.0022947692307692304
0.037967999999999995
0.07656184615384615
0.11640738461538462
0.16063384615384615
0.19860184615384616
0.2261390769230769
0.2415766153846154
0.23615261538461538
0.20715507692307691
0.16459753846153846
0.10848000000000001
0.05653476923076922
0.012308307692307691
-0.03337846153846154
-0.078648
-0.1207883076923077
-0.1395636923076923
-0.1289243076923077
-0.10096984615384616
-0.059038153846153844
-0.015854769230769228
0.024616615384615383
0.07614461538461538
0.12642092307692307
0.16710092307692306
0.18525046153846153
0.1652233846153846
0.12204
0.06717415384615384
0.013768615384615384
-0.028163076923076923
-0.059038153846153844
-0.07238953846153846
-0.065088
-0.042557538461538466
-0.007510153846153846
0.023990769230769232
0.03609046153846154
0.03421292307692308
0.030875076923076922
0.03045784615384615
0.03129230769230769
0.026285538461538457
0.0012516923076923076
-0.026076923076923077
-0.0448523076923077
-0.055491692307692304
-0.05048492307692308
-0.04672984615384615
-0.037342153846153844
-0.022947692307692308
-0.0006258461538461538
0.03942830769230769
0.06613107692307692
0.07802215384615384
0.06884307692307692
0.0448523076923077
0.029414769230769227
0.00855323076923077
-0.014811692307692307
-0.04902461538461538
-0.08761846153846153
-0.09867507692307692
-0.0798996923076923
-0.029206153846153847
0.035464615384615386
0.09262523076923077
0.13393107692307693
0.15875630769230767
0.17461107692307692
0.17085599999999998
0.13893784615384613
0.07927384615384615
0.005841230769230769
-0.05570030769230769
-0.09491999999999999
-0.11265230769230769
-0.11056615384615384
-0.10117846153846152
-0.08135999999999999
-0.04172307692307692
0.010639384615384617
0.056326153846153845
0.0828203076923077
0.100344
0.10952307692307692
0.11098338461538461
0.10555938461538462
0.08469784615384615
0.052153846153846155
0.0022947692307692304
-0.03692492307692308
-0.058412307692307694
-0.07510153846153846
-0.07343261538461537
-0.07405846153846153
-0.05570030769230769
-0.02315630769230769
0.017940923076923077
0.07197230769230768
0.10201292307692307
0.11473846153846154
0.11306953846153844
0.10493353846153847
0.09429415384615383
0.06738276923076922
0.023364923076923075
-0.04109723076923077
-0.09784061538461537
-0.12725538461538463
-0.13121907692307694
-0.11849353846153846
-0.09950953846153845
-0.09533723076923077
-0.11202646153846153
-0.1136953846153846
-0.10910584615384614
-0.10806276923076923
-0.13184492307692308
-0.14749107692307692
-0.13935507692307691
-0.0892873846153846
-0.015854769230769228
0.09700615384615385
0.22989415384615383
0.17586276923076924
0.14206707692307693
0.09179076923076923
0.01856676923076923
0.011473846153846154
-0.17169046153846151
-0.30708184615384615
-0.4372578461538461
-0.4489403076923077
-0.2803790769230769
-0.19067446153846154
-0.03609046153846154
0.03337846153846154
0.1652233846153846
0.37321292307692305
0.4698018461538461
0.5538738461538462
0.40325353846153844
0.20861538461538462
0.06988615384615385
-0.10910584615384614
-0.17252492307692308
-0.30144923076923075
-0.3955347692307692
-0.35798399999999997
-0.35694092307692304
-0.19609846153846153
-0.004589538461538461
0.11807630769230769
0.2772498461538462
0.29602523076923076
0.31751261538461534
0.3179298461538461
0.241368
0.2207150769230769
0.11223507692307692
-0.011265230769230769
-0.11098338461538461
-0.19505538461538463
-0.1597993846153846
-0.13852061538461538
-0.12120553846153845
-0.07739630769230768
-0.04965046153846154
0.05924676923076923
0.1368516923076923
0.15875630769230767
0.18212123076923076
0.1424843076923077
0.14081538461538462
0.13914646153846155
0.08448923076923077
0.06550523076923077
0.011682461538461537
-0.017523692307692306
0.018775384615384614
0.016063384615384615
0.004798153846153846
-0.04902461538461538
-0.11432123076923076
-0.14811692307692306
-0.1869193846153846
-0.19046584615384615
-0.17481969230769231
-0.11974523076923077
-0.04944184615384615
0.002712
0.10201292307692307
0.173568
0.21925476923076925
0.25430215384615384
0.20110523076923076
0.13309661538461537
0.02899753846153846
-0.08949599999999999
-0.16480615384615382
-0.26619323076923074
-0.3137575384615385
-0.3054129230769231
-0.26786215384615386
-0.17544553846153846
-0.092208
0.02482523076923077
0.16438892307692307
0.2638984615384615
0.31688676923076925
0.2981113846153846
0.2666104615384615
0.23052
0.14290153846153844
0.04672984615384615
-0.07489292307692308
-0.192552
-0.24095076923076922
-0.2726603076923077
-0.25138153846153843
-0.1927606153846154
-0.1341396923076923
-0.02315630769230769
0.07051199999999999
0.15896492307692306
0.2482523076923077
0.28017046153846153
0.29602523076923076
0.2559710769230769
0.18232984615384615
0.09679753846153846
-0.011056615384615385
-0.07697907692307693
-0.13247076923076923
-0.15291507692307693
-0.138312
-0.12162276923076921
-0.058412307692307694
-0.0043809230769230765
0.04819015384615385
0.11035753846153845
0.11265230769230769
0.10806276923076923
0.10576799999999999
0.08469784615384615
0.06383630769230769
0.014603076923076923
-0.025659692307692307
-0.03692492307692308
-0.059664
-0.07384984615384615
-0.09533723076923077
-0.12558646153846154
-0.14519630769230768
-0.16876984615384616
-0.16021661538461537
-0.1358086153846154
-0.10806276923076923
-0.06821723076923077
-0.04672984615384615
-0.003963692307692307
0.041514461538461535
0.08699261538461538
0.1504116923076923
0.16292861538461537
0.15646153846153846
0.13998092307692306
0.11432123076923076
0.11953661538461538
0.10117846153846152
0.06571384615384615
0.03692492307692308
0.017315076923076923
0.04902461538461538
0.08887015384615385
0.11557292307692307
0.12975876923076923
0.12683815384615382
0.14311015384615386
0.14978584615384616
0.14749107692307692
0.14185846153846154
0.09679753846153846
0.05048492307692308
0.011682461538461537
-0.017315076923076923
-0.021696
-0.042557538461538466
-0.05319692307692307
-0.048816000000000005
-0.042348923076923076
-0.010848
0.012934153846153845
0.013560000000000001
-0.011891076923076923
-0.052153846153846155
-0.08010830769230769
-0.09012184615384615
-0.10013538461538461
-0.12037107692307693
-0.14540492307692307
-0.16501476923076921
-0.14916
-0.09116492307692307
-0.017315076923076923
0.03692492307692308
0.07948246153846153
0.1207883076923077
0.15771323076923077
0.1883796923076923
0.17294215384615383
0.11891076923076922
0.043600615384615383
-0.04172307692307692
-0.1097316923076923
-0.17398523076923075
-0.22342707692307692
-0.2482523076923077
-0.23803015384615384
-0.1867107692307692
-0.11494707692307692
-0.021070153846153846
0.07009476923076922
0.14436184615384615
0.20152246153846154
0.24053353846153847
0.25993476923076925
0.24324553846153843
0.1860849230769231
0.0988836923076923
-0.0077187692307692304
-0.11140061538461538
-0.18754523076923074
-0.24053353846153847
-0.25972615384615383
-0.2526332307692308
-0.21904615384615383
-0.14123261538461537
-0.04318338461538461
0.06425353846153846
0.1614683076923077
0.23010276923076922
0.2780843076923077
0.29456492307692306
0.2795446153846154
0.24032492307692307
0.17565415384615385
0.09533723076923077
0.006467076923076923
-0.07927384615384615
-0.13893784615384613
-0.1794092307692308
-0.1881710769230769
-0.16105107692307694
-0.12037107692307693
-0.06425353846153846
-0.006675692307692307
0.05945538461538461
0.12767261538461538
0.1867107692307692
0.23218892307692307
0.24741784615384615
0.24345415384615382
0.22718215384615387
0.20632061538461538
0.1760713846153846
0.1287156923076923
0.07802215384615384
0.029206153846153847
-0.02044430769230769
-0.059872615384615385
-0.09387692307692307
-0.11452984615384615
-0.11202646153846153
-0.0936683076923077
-0.040679999999999994
0.024199384615384616
0.0880356923076923
0.15667015384615385
0.1992276923076923
0.22551323076923077
0.22154953846153846
0.19046584615384615
0.138312
0.04318338461538461
-0.058412307692307694
-0.165432
-0.26160369230769226
-0.32085046153846153
-0.35276861538461535
-0.3510996923076923
-0.31354892307692306
-0.2540935384615385
-0.16501476923076921
-0.05736923076923077
0.042974769230769226
0.12996738461538462
0.1860849230769231
0.21737723076923077
0.21842030769230766
0.19025723076923076
0.1356
0.044435076923076924
-0.05236246153846154
-0.12829846153846153
-0.17398523076923075
-0.1829556923076923
-0.17398523076923075
-0.14811692307692306
-0.10222153846153846
-0.04109723076923077
0.03692492307692308
0.10952307692307692
0.17169046153846151
0.21862892307692305
0.25117292307692307
0.26911384615384615
0.26348123076923075
0.23469230769230767
0.1923433846153846
0.14853415384615384
0.10389046153846154
0.05736923076923077
0.002086153846153846
-0.06425353846153846
-0.14018953846153845
-0.21007569230769232
-0.252216
-0.26118646153846153
-0.24679199999999998
-0.2090326153846154
-0.15687876923076924
-0.08887015384615385
-0.0008344615384615384
0.08177723076923075
0.15082892307692305
0.18900553846153845
0.1802436923076923
0.13393107692307693
0.05820369230769231
-0.03233538461538461
-0.12433476923076923
-0.21299630769230768
-0.2772498461538462
-0.3068732307692308
-0.29101846153846156
-0.23135446153846154
-0.14060676923076923
-0.03024923076923077
0.0771876923076923
0.1881710769230769
0.28017046153846153
0.33378461538461535
0.3392086153846154
0.2851772307692308
0.200688
0.09283384615384616
-0.025033846153846153
-0.12767261538461538
-0.21362215384615382
-0.25972615384615383
-0.24846092307692308
-0.18921415384615384
-0.09700615384615385
0.004172307692307692
0.103056
0.19067446153846154
0.252216
0.2832996923076923
0.2789187692307692
0.235944
0.15938215384615384
0.059664
-0.038176615384615385
-0.1205796923076923
-0.1829556923076923
-0.21696000000000001
-0.2209236923076923
-0.1867107692307692
-0.12224861538461537
-0.04130584615384615
0.04631261538461538
0.11682461538461539
0.16981292307692308
0.20235692307692305
0.20360861538461536
0.18316430769230768
0.1358086153846154
0.06279323076923077
-0.012099692307692308
-0.07510153846153846
-0.10868861538461538
-0.12120553846153845
-0.12204
-0.10743692307692307
-0.08866153846153846
-0.047772923076923074
0.005841230769230769
0.055491692307692304
0.09387692307692307
0.1097316923076923
0.11995384615384615
0.11745046153846153
0.103056
0.07614461538461538
0.026076923076923077
-0.026076923076923077
-0.061124307692307686
-0.06821723076923077
-0.05924676923076923
-0.05090215384615384
-0.04422646153846154
-0.03442153846153846
-0.014185846153846153
0.021696
0.059038153846153844
0.08010830769230769
0.09012184615384615
0.09095630769230768
0.0855323076923077
0.07155507692307693
0.03755076923076923
-0.01272553846153846
-0.06258461538461538
-0.10138707692307691
-0.12454338461538461
-0.13643446153846153
-0.14832553846153845
-0.1558356923076923
-0.15667015384615385
-0.13768615384615385
-0.10660246153846153
-0.08302892307692307
-0.0717636923076923
-0.07155507692307693
-0.06550523076923077
-0.04401784615384615
-0.007510153846153846
0.03567323076923076
0.07739630769230768
0.10910584615384614
0.12996738461538462
0.13935507692307691
0.12955015384615384
0.09867507692307692
0.04714707692307692
-0.013560000000000001
-0.059664
-0.07405846153846153
-0.059872615384615385
-0.028163076923076923
0.009596307692307692
0.05674338461538461
0.1151556923076923
0.17711446153846155
0.22947692307692308
0.23782153846153845
0.2021483076923077
0.14519630769230768
0.09241661538461539
0.055491692307692304
0.018775384615384614
-0.019192615384615384
-0.05507446153846154
-0.06884307692307692
-0.06216738461538462
-0.042557538461538466
-0.018775384615384614
-0.006049846153846154
0.013351384615384614
0.038176615384615385
0.06279323076923077
0.07218092307692307
0.04902461538461538
-0.008761846153846153
-0.059872615384615385
-0.092208
-0.12683815384615382
-0.11891076923076922
-0.12287446153846153
-0.08031692307692308
-0.011056615384615385
0.13330523076923076
0.3540203076923077
0.35193415384615384
0.3573581538461538
0.3216849230769231
0.24053353846153847
0.23531815384615382
0.040679999999999994
-0.14290153846153844
-0.3819747692307692
-0.5386449230769231
-0.4752258461538461
-0.4585366153846154
-0.3350363076923077
-0.24887815384615386
-0.09971815384615385
0.17669723076923077
0.3575667692307692
0.585792
0.6104086153846153
0.4971304615384615
0.40054153846153845
0.1783661538461538
0.044435076923076924
-0.14519630769230768
-0.3502652307692307
-0.40513107692307687
-0.5307175384615385
-0.4914978461538461
-0.32836061538461536
-0.18775384615384613
0.051528
0.16418030769230768
0.26786215384615386
0.3805144615384615
0.4047138461538461
0.4873255384615384
0.4522781538461538
0.32189353846153845
0.18316430769230768
0.03233538461538461
-0.006049846153846154
-0.08302892307692307
-0.20298276923076922
-0.2822566153846154
-0.36632861538461536
-0.3095852307692307
-0.2075723076923077
-0.15082892307692305
-0.07072061538461538
-0.05111076923076923
0.016063384615384615
0.11411261538461538
0.1424843076923077
0.19004861538461537
0.17023015384615386
0.14477907692307693
0.17502830769230768
0.16751815384615384
0.16459753846153846
0.09658892307692307
-0.013351384615384614
-0.11140061538461538
-0.22780799999999998
-0.30436984615384616
-0.36570276923076916
-0.37947138461538454
-0.34963938461538463
-0.3212676923076923
-0.1867107692307692
-0.014185846153846153
0.1395636923076923
0.295608
0.3652855384615385
0.4182738461538461
0.41618769230769226
0.3310726153846154
0.22467876923076924
0.015854769230769228
-0.18399876923076922
-0.31104553846153843
-0.41431015384615383
-0.450192
-0.4593710769230769
-0.40200184615384615
-0.24741784615384615
-0.0798996923076923
0.09700615384615385
0.23218892307692307
0.3408775384615384
0.4378836923076923
0.43287692307692305
0.3817661538461538
0.2618123076923077
0.08386338461538462
-0.06321046153846153
-0.21967199999999998
-0.30895938461538464
-0.3304467692307692
-0.33524492307692305
-0.2563883076923077
-0.15103753846153847
-0.020652923076923076
0.14060676923076923
0.2751636923076923
0.3813489230769231
0.41431015384615383
0.38426953846153844
0.30979384615384614
0.20486030769230767
0.11640738461538462
0.017940923076923077
-0.08115138461538463
-0.15291507692307693
-0.19797599999999999
-0.17315076923076922
-0.11807630769230769
-0.05403138461538461
0.021904615384615383
0.058829538461538454
0.10409907692307692
0.16313723076923078
0.17815753846153848
0.1531236923076923
0.07969107692307692
0.007927384615384614
-0.009804923076923077
-0.02795446153846154
-0.03650769230769231
-0.03358707692307692
-0.021696
0.02023569230769231
0.061124307692307686
0.11640738461538462
0.157296
0.1597993846153846
0.14665661538461539
0.1097316923076923
0.07906523076923076
0.04672984615384615
0.003755076923076923
-0.005841230769230769
-0.017523692307692306
-0.024408000000000003
-0.0008344615384615384
0.021070153846153846
0.07364123076923076
0.09700615384615385
0.07531015384615385
0.06696553846153847
0.05048492307692308
0.047772923076923074
0.03713353846153846
0.005841230769230769
-0.016480615384615385
-0.03379569230769231
-0.02086153846153846
0.0029206153846153843
0.003963692307692307
-0.0029206153846153843
-0.026285538461538457
-0.040054153846153843
-0.049233230769230765
-0.07739630769230768
-0.09450276923076922
-0.12433476923076923
-0.13706030769230768
-0.12600369230769232
-0.12350030769230769
-0.08448923076923077
-0.040679999999999994
-0.005424
0.026285538461538457
0.03442153846153846
0.05111076923076923
0.04839876923076923
0.018983999999999997
-0.024199384615384616
-0.0897046153846154
-0.14853415384615384
-0.19693292307692306
-0.21862892307692305
-0.20819815384615384
-0.1927606153846154
-0.14540492307692307
-0.06988615384615385
0.011265230769230769
0.0936683076923077
0.14206707692307693
0.1733593846153846
0.18942276923076923
0.16835261538461538
0.12266584615384615
0.03963692307692308
-0.0609156923076923
-0.1435273846153846
-0.20778092307692309
-0.23636123076923077
-0.23448369230769228
-0.21174461538461536
-0.165432
-0.10138707692307691
-0.021904615384615383
0.05778646153846154
0.12621230769230768
0.17377661538461536
0.1948467692307692
0.19192615384615386
0.16418030769230768
0.10806276923076923
0.041514461538461535
-0.025033846153846153
-0.09179076923076923
-0.15208061538461537
-0.20047938461538461
-0.21299630769230768
-0.1948467692307692
-0.14832553846153845
-0.07551876923076924
-0.005215384615384615
0.07072061538461538
0.1395636923076923
0.1846246153846154
0.20632061538461538
0.19693292307692306
0.16438892307692307
0.11181784615384616
0.05403138461538461
0.011056615384615385
-0.021070153846153846
-0.03629907692307692
-0.03337846153846154
-0.027120000000000002
-0.010639384615384617
0.010639384615384617
0.042348923076923076
0.08428061538461538
0.11870215384615385
0.14185846153846154
0.14540492307692307
0.14686523076923075
0.14519630769230768
0.13267938461538462
0.11599015384615384
0.09283384615384616
0.0717636923076923
0.05382276923076923
0.042348923076923076
0.025033846153846153
0.0008344615384615384
-0.018775384615384614
-0.04860738461538461
-0.06988615384615385
-0.08198584615384615
-0.09846646153846153
-0.10681107692307691
-0.10576799999999999
-0.08052553846153847
-0.03880246153846154
0.0035464615384615383
0.04965046153846154
0.08386338461538462
0.100344
0.10660246153846153
0.08615815384615384
0.050067692307692306
0.003963692307692307
-0.05277969230769231
-0.09554584615384615
-0.12454338461538461
-0.12996738461538462
-0.11640738461538462
-0.09033046153846153
-0.045895384615384616
0.005215384615384615
0.06738276923076922
0.132888
0.17481969230769231
0.19526400000000002
0.1792006153846154
0.14540492307692307
0.09992676923076924
0.04318338461538461
-0.006258461538461538
-0.06738276923076922
-0.11599015384615384
-0.143736
-0.14394461538461537
-0.116616
-0.07927384615384615
-0.03400430769230769
0.018983999999999997
0.0826116923076923
0.14477907692307693
0.18545907692307692
0.19568123076923075
0.1860849230769231
0.14540492307692307
0.09074769230769231
0.03504738461538461
-0.029623384615384614
-0.086784
-0.13852061538461538
-0.16042523076923076
-0.14728246153846153
-0.11327815384615383
-0.056951999999999996
0.009596307692307692
0.08761846153846153
0.1585476923076923
0.20235692307692305
0.20444307692307692
0.1635544615384615
0.08761846153846153
-0.005841230769230769
-0.0936683076923077
-0.17023015384615386
-0.22426153846153846
-0.2647329230769231
-0.27453784615384613
-0.24887815384615386
-0.19296923076923078
-0.11557292307692307
-0.03838523076923077
0.03671630769230769
0.09241661538461539
0.12224861538461537
0.12808984615384614
0.11327815384615383
0.07697907692307693
0.023364923076923075
-0.037342153846153844
-0.0892873846153846
-0.12579507692307693
-0.14957723076923077
-0.15687876923076924
-0.14415323076923076
-0.09575446153846154
-0.017732307692307693
0.07343261538461537
0.154584
0.20673784615384616
0.22801661538461537
0.22426153846153846
0.19714153846153845
0.1449876923076923
0.06946892307692307
-0.011891076923076923
-0.08094276923076923
-0.12099692307692309
-0.12788123076923075
-0.11140061538461538
-0.07301538461538462
-0.029414769230769227
0.023990769230769232
0.08323753846153846
0.12934153846153845
0.15208061538461537
0.1476996923076923
0.12370892307692308
0.0855323076923077
0.04631261538461538
0.016272
-0.01814953846153846
-0.06341907692307691
-0.09658892307692307
-0.10660246153846153
-0.08657538461538461
-0.04944184615384615
-0.014603076923076923
0.026702769230769228
0.06633969230769231
0.10806276923076923
0.15145476923076923
0.1867107692307692
0.22008923076923076
0.2436627692307692
0.2605606153846154
0.2737033846153846
0.26911384615384615
0.2415766153846154
0.18253846153846154
0.10994030769230768
0.04172307692307692
-0.024408000000000003
-0.07364123076923076
-0.10743692307692307
-0.11536430769230768
-0.08991323076923076
-0.035255999999999996
0.04902461538461538
0.14185846153846154
0.21800307692307694
0.2620209230769231
0.2849686153846154
0.2864289230769231
0.2497126153846154
0.1733593846153846
0.06028984615384615
-0.07259815384615384
-0.1881710769230769
-0.2782929230769231
-0.3235624615384615
-0.33587076923076925
-0.3216849230769231
-0.25430215384615384
-0.15291507692307693
-0.013768615384615384
0.132888
0.2572227692307692
0.34046030769230773
0.36904061538461536
0.35318584615384613
0.2805876923076923
0.16856123076923077
0.026285538461538457
-0.13121907692307694
-0.26494153846153845
-0.35276861538461535
-0.3838523076923077
-0.36549415384615386
-0.31229723076923077
-0.22029784615384615
-0.10096984615384616
0.015020307692307692
0.11327815384615383
0.1718990769230769
0.19004861538461537
0.16584923076923075
0.10138707692307691
0.029206153846153847
-0.05069353846153846
-0.1218313846153846
-0.17085599999999998
-0.19630707692307692
-0.18525046153846153
-0.1585476923076923
-0.11703323076923078
-0.07092923076923077
-0.03609046153846154
-0.0025033846153846152
0.01043076923076923
0.013768615384615384
0.009179076923076922
-0.006675692307692307
-0.023990769230769232
-0.061124307692307686
-0.1151556923076923
-0.1785747692307692
-0.2768326153846154
-0.3811403076923077
-0.37967999999999996
-0.2995716923076923
-0.14832553846153845
0.06821723076923077
0.2828824615384615
0.5340553846153846
0.7347433846153846
0.8728467692307691
0.9289643076923078
0.7649926153846154
0.48419630769230765
0.17377661538461536
-0.14123261538461537
-0.39011076923076926
-0.6166670769230769
-0.7916953846153846
-0.8649193846153845
-0.8100535384615385
-0.5891298461538461
-0.3229366153846154
-0.03150092307692308
0.20944984615384615
0.37550769230769226
0.5398966153846154
0.5688941538461538
0.5482412307692307
0.41076369230769233
0.13309661538461537
-0.0744756923076923
-0.2845513846153846
-0.3790541538461539
-0.3510996923076923
-0.3156350769230769
-0.16251138461538459
-0.02232184615384615
0.11619876923076923
0.29352184615384613
0.34943076923076927
0.3548547692307692
0.28955815384615385
0.1842073846153846
0.15771323076923077
0.14853415384615384
0.1908830769230769
0.21716861538461538
0.18212123076923076
0.1635544615384615
0.11432123076923076
0.07092923076923077
0.0070929230769230765
-0.11953661538461538
-0.21988061538461537
-0.32543999999999995
-0.38531261538461536
-0.3744646153846154
-0.3826006153846154
-0.3502652307692307
-0.2926873846153846
-0.20047938461538461
-0.030040615384615384
0.14999446153846155
0.33649661538461534
0.4866996923076923
0.545112
0.5219556923076923
0.3972036923076923
0.17231630769230769
-0.124752
-0.4345458461538461
-0.6721587692307691
-0.7935729230769231
-0.7670787692307692
-0.6135378461538461
-0.36299076923076923
-0.054240000000000003
0.24032492307692307
0.5154886153846154
0.7184713846153845
0.785436923076923
0.7489292307692308
0.6066535384615385
0.3980381538461538
0.17231630769230769
-0.07134646153846153
-0.2851772307692308
-0.4585366153846154
-0.5728578461538462
-0.5970572307692308
-0.5547083076923077
-0.4449766153846154
-0.2753723076923077
-0.06654830769230768
0.16835261538461538
0.3717526153846154
0.5108990769230769
0.5680596923076923
0.5252935384615384
0.42599261538461536
0.2572227692307692
0.06341907692307691
-0.10180430769230768
-0.2509643076923077
-0.3210590769230769
-0.327108923076923
-0.29080984615384614
-0.2059033846153846
-0.127464
-0.053614153846153846
0.013560000000000001
0.04652123076923077
0.06028984615384615
0.056326153846153845
0.03692492307692308
0.010639384615384617
-0.010222153846153844
-0.015020307692307692
-0.010848
0.0022947692307692304
0.013351384615384614
0.007510153846153846
-0.004798153846153846
-0.03400430769230769
-0.07572738461538461
-0.12350030769230769
-0.19839323076923077
-0.25701415384615384
-0.2995716923076923
-0.32648307692307693
-0.29748553846153847
-0.23239753846153846
-0.1287156923076923
0.001043076923076923
0.13601723076923075
0.2764153846153846
0.3767593846153846
0.42265476923076917
0.4115981538461538
0.33002953846153843
0.20819815384615384
0.04547815384615384
-0.13247076923076923
-0.2883064615384615
-0.4216116923076923
-0.4896203076923077
-0.4965046153846154
-0.441012923076923
-0.31229723076923077
-0.15082892307692305
0.03275261538461539
0.20423446153846153
0.32585723076923073
0.39928984615384616
0.40325353846153844
0.35464615384615383
0.27558092307692306
0.1531236923076923
0.026285538461538457
-0.08156861538461539
-0.1543753846153846
-0.17419384615384614
-0.1558356923076923
-0.0988836923076923
-0.02858030769230769
0.047772923076923074
0.1207883076923077
0.17148184615384612
0.19860184615384616
0.18650215384615382
0.14916
0.10159569230769232
0.06613107692307692
0.05236246153846154
0.06258461538461538
0.08991323076923076
0.13393107692307693
0.19630707692307692
0.25993476923076925
0.32731753846153844
0.35986153846153845
0.3387913846153846
0.26932246153846157
0.1570873846153846
0.03400430769230769
-0.08511507692307693
-0.18900553846153845
-0.2563883076923077
-0.28809784615384615
-0.2751636923076923
-0.19526400000000002
-0.07593599999999999
0.05507446153846154
0.16167692307692308
0.2330233846153846
0.2753723076923077
0.2722430769230769
0.23218892307692307
0.15896492307692306
0.06300184615384616
-0.041514461538461535
-0.13372246153846154
-0.18921415384615384
-0.2021483076923077
-0.1787833846153846
-0.13372246153846154
-0.06759138461538462
0.015646153846153844
0.10514215384615383
0.1913003076923077
0.24762646153846155
0.26452430769230767
0.24679199999999998
0.19296923076923078
0.11223507692307692
0.01668923076923077
-0.086784
-0.19067446153846154
-0.27412061538461535
-0.3143833846153846
-0.2989458461538462
-0.24282830769230768
-0.1792006153846154
-0.10618523076923077
-0.03045784615384615
0.04693846153846153
0.12162276923076921
0.16105107692307694
0.165432
0.13622584615384614
0.09450276923076922
0.05820369230769231
0.030875076923076922
0.018983999999999997
0.011682461538461537
0.007510153846153846
0.012516923076923077
0.03567323076923076
0.07072061538461538
0.1045163076923077
0.12391753846153845
0.12704676923076924
0.1097316923076923
0.07969107692307692
0.054657230769230764
0.027745846153846152
0.008344615384615384
-0.006675692307692307
0.0022947692307692304
0.03588184615384615
0.06592246153846154
0.0880356923076923
0.0936683076923077
0.08949599999999999
0.07614461538461538
0.059664
0.03421292307692308
-0.0043809230769230765
-0.045895384615384616
-0.0826116923076923
-0.1028473846153846
-0.1097316923076923
-0.09533723076923077
-0.07510153846153846
-0.054240000000000003
-0.026702769230769228
0.003755076923076923
0.026494153846153844
0.029414769230769227
0.026702769230769228
0.016480615384615385
0.017315076923076923
0.023782153846153845
0.03212676923076923
0.031918153846153846
0.027328615384615382
0.04380923076923077
0.06446215384615385
0.08824430769230769
0.09909230769230769
0.09825784615384614
0.08302892307692307
0.05674338461538461
0.02482523076923077
-0.010013538461538461
-0.03963692307692308
-0.073224
-0.08574092307692306
-0.0855323076923077
-0.07677046153846154
-0.05799507692307692
-0.04547815384615384
-0.027120000000000002
-0.015646153846153844
0.0022947692307692304
0.029832
0.04380923076923077
0.0448523076923077
0.025659692307692307
0.006258461538461538
-0.0014603076923076922
-0.0070929230769230765
-0.0050067692307692304
-0.01814953846153846
-0.03713353846153846
-0.04839876923076923
-0.05674338461538461
-0.042974769230769226
-0.025659692307692307
-0.002086153846153846
0.029414769230769227
0.06216738461538462
0.09971815384615385
0.12329169230769231
0.12662953846153846
0.11724184615384614
0.10138707692307691
0.092208
0.08824430769230769
0.07113784615384615
0.04735569230769231
0.009804923076923077
-0.029832
-0.05736923076923077
-0.084072
-0.10243015384615384
-0.12391753846153845
-0.14436184615384615
-0.13998092307692306
-0.11599015384615384
-0.06988615384615385
-0.015228923076923076
0.03442153846153846
0.09012184615384615
0.132888
0.1639716923076923
0.18191261538461537
0.15792184615384616
0.10681107692307691
0.03588184615384615
-0.033169846153846154
-0.0855323076923077
-0.13455692307692307
-0.16876984615384616
-0.18232984615384615
-0.16793538461538463
-0.11745046153846153
-0.044435076923076924
0.029623384615384614
0.09971815384615385
0.15562707692307692
0.19463815384615382
0.21925476923076925
0.22113230769230768
0.19025723076923076
0.12329169230769231
0.040262769230769234
-0.06321046153846153
-0.16897846153846155
-0.2641070769230769
-0.3558978461538462
-0.4243236923076923
-0.46312615384615385
-0.4456024615384615
-0.36945784615384614
-0.2572227692307692
-0.11807630769230769
0.023782153846153845
0.15667015384615385
0.26640184615384616
0.33587076923076925
0.35694092307692304
0.3193901538461538
0.2411593846153846
0.1422756923076923
0.03108369230769231
-0.0717636923076923
-0.15938215384615384
-0.2205064615384615
-0.24470584615384613
-0.23385784615384617
-0.18629353846153843
-0.1178676923076923
-0.041514461538461535
0.03296123076923077
0.10514215384615383
0.17544553846153846
0.2292683076923077
0.25805723076923076
0.24887815384615386
0.20256553846153844
0.13080184615384613
0.04672984615384615
-0.04714707692307692
-0.14853415384615384
-0.24199384615384617
-0.3081249230769231
-0.32982092307692307
-0.31250584615384613
-0.25764
-0.18191261538461537
-0.09241661538461539
0.005424
0.0961716923076923
0.173568
0.22113230769230768
0.2292683076923077
0.20673784615384616
0.17231630769230769
0.11745046153846153
0.05236246153846154
-0.016897846153846156
-0.08949599999999999
-0.14686523076923075
-0.19359507692307693
-0.20548615384615385
-0.18754523076923074
-0.15938215384615384
-0.1136953846153846
-0.061750153846153844
0.002086153846153846
0.065088
0.10848000000000001
0.13267938461538462
0.12621230769230768
0.09784061538461537
0.05736923076923077
0.015020307692307692
-0.020652923076923076
-0.05674338461538461
-0.08386338461538462
-0.0880356923076923
-0.07155507692307693
-0.05507446153846154
-0.04380923076923077
-0.03650769230769231
-0.03650769230769231
-0.035464615384615386
-0.027328615384615382
-0.014603076923076923
-0.0025033846153846152
0.021904615384615383
0.05611753846153846
0.09325107692307691
0.13914646153846155
0.1718990769230769
0.18316430769230768
0.1779489230769231
0.15520984615384617
0.12955015384615384
0.08720123076923077
0.032544
-0.02273907692307692
-0.06967753846153846
-0.08720123076923077
-0.084072
-0.05862092307692307
-0.03233538461538461
-0.02044430769230769
-0.009596307692307692
-0.017315076923076923
-0.04714707692307692
-0.040262769230769234
-0.0008344615384615384
0.05862092307692307
0.14540492307692307
0.2140393846153846
0.29414769230769233
0.3813489230769231
0.4322510769230769
0.4551987692307692
0.40575692307692307
0.3369138461538461
0.222384
0.05319692307692307
-0.0771876923076923
-0.24554030769230767
-0.36340799999999995
-0.4541556923076923
-0.49274953846153846
-0.40679999999999994
-0.3049956923076923
-0.10117846153846152
0.11181784615384616
0.2989458461538462
0.4577021538461538
0.48294461538461536
0.4750172307692308
0.38990215384615384
0.23010276923076922
0.03713353846153846
-0.2059033846153846
-0.37884553846153846
-0.4906633846153846
-0.517992
-0.4378836923076923
-0.3350363076923077
-0.18170399999999998
-0.02795446153846154
0.10618523076923077
0.2526332307692308
0.3170953846153846
0.34358953846153845
0.3467187692307692
0.3081249230769231
0.2780843076923077
0.19964492307692308
0.11724184615384614
0.042348923076923076
-0.06008123076923077
-0.13101046153846155
-0.18358153846153846
-0.21007569230769232
-0.18191261538461537
-0.13998092307692306
-0.08636676923076922
-0.021487384615384613
0.03442153846153846
0.08574092307692306
0.11035753846153845
0.10994030769230768
0.09700615384615385
0.073224
0.06258461538461538
0.06613107692307692
0.07238953846153846
0.07218092307692307
0.03692492307692308
0.002086153846153846
-0.044435076923076924
-0.12642092307692307
-0.20027076923076922
-0.27474646153846155
-0.3012406153846154
-0.27620676923076926
-0.21862892307692305
-0.11599015384615384
-0.005424
0.11306953846153844
0.21862892307692305
0.2782929230769231
0.30374399999999996
0.28121353846153846
0.2194633846153846
0.15145476923076923
0.06571384615384615
-0.01272553846153846
-0.0771876923076923
-0.11682461538461539
-0.12808984615384614
-0.13184492307692308
-0.10347323076923076
-0.06216738461538462
-0.0050067692307692304
0.07113784615384615
0.13455692307692307
0.19588984615384614
0.24074215384615386
0.2517987692307692
0.23823876923076923
0.19171753846153847
0.13226215384615383
0.07051199999999999
-0.006258461538461538
-0.06654830769230768
-0.11223507692307692
-0.1316363076923077
-0.11703323076923078
-0.0897046153846154
-0.03504738461538461
0.01043076923076923
0.0446436923076923
0.07301538461538462
0.08490646153846154
0.10243015384615384
0.0974233846153846
0.07030338461538461
0.040679999999999994
0.0
-0.02524246153846154
-0.027120000000000002
-0.03379569230769231
-0.03567323076923076
-0.040679999999999994
-0.03358707692307692
-0.0016689230769230767
0.016063384615384615
0.03400430769230769
0.04422646153846154
0.046104
0.053614153846153846
0.05674338461538461
0.06258461538461538
0.05611753846153846
0.03629907692307692
0.015020307692307692
-0.0035464615384615383
0.002086153846153846
0.019609846153846155
0.03233538461538461
0.04422646153846154
0.040262769230769234
0.04130584615384615
0.04965046153846154
0.04631261538461538
0.03942830769230769
0.010639384615384617
-0.016063384615384615
-0.021904615384615383
-0.02273907692307692
-0.005215384615384615
0.006258461538461538
0.009179076923076922
0.019609846153846155
0.02795446153846154
0.03838523076923077
0.03233538461538461
0.00855323076923077
-0.023364923076923075
-0.05444861538461539
-0.07384984615384615
-0.08177723076923075
-0.08094276923076923
-0.07697907692307693
-0.07197230769230768
-0.06571384615384615
-0.04902461538461538
-0.03337846153846154
-0.018775384615384614
-0.023990769230769232
-0.05027630769230769
-0.06946892307692307
-0.08866153846153846
-0.09491999999999999
-0.09867507692307692
-0.1045163076923077
-0.09199938461538461
-0.06195876923076923
-0.0029206153846153843
0.06070707692307692
0.1218313846153846
0.18253846153846154
0.22780799999999998
0.2572227692307692
0.2572227692307692
0.22968553846153844
0.16271999999999998
0.06467076923076923
-0.03838523076923077
-0.12600369230769232
-0.18337292307692307
-0.20486030769230767
-0.19046584615384615
-0.14853415384615384
-0.07280676923076923
0.027328615384615382
0.1435273846153846
0.235944
0.2849686153846154
0.2914356923076923
0.25117292307692307
0.1792006153846154
0.06863446153846153
-0.05528307692307692
-0.17481969230769231
-0.2828824615384615
-0.34651015384615386
-0.3615304615384615
-0.32648307692307693
-0.2591003076923077
-0.17023015384615386
-0.05862092307692307
0.054240000000000003
0.14916
0.20173107692307693
0.20715507692307691
0.16418030769230768
0.0892873846153846
0.0022947692307692304
-0.08699261538461538
-0.16042523076923076
-0.21007569230769232
-0.22822523076923076
-0.21111876923076925
-0.16042523076923076
-0.09158215384615384
-0.02023569230769231
0.04318338461538461
0.09909230769230769
0.14290153846153844
0.16188553846153847
0.15500123076923078
0.12704676923076924
0.07531015384615385
0.01272553846153846
-0.04214030769230769
-0.08386338461538462
-0.111192
-0.12683815384615382
-0.12683815384615382
-0.11494707692307692
-0.09700615384615385
-0.08344615384615384
-0.07405846153846153
-0.07009476923076922
-0.07510153846153846
-0.07551876923076924
-0.06884307692307692
-0.056951999999999996
-0.03504738461538461
-0.008970461538461538
0.02899753846153846
0.078648
0.12537784615384615
0.15792184615384616
0.1637630769230769
0.14394461538461537
0.10493353846153847
0.05319692307692307
-0.004798153846153846
-0.065088
-0.12808984615384614
-0.1777403076923077
-0.19046584615384615
-0.1721076923076923
-0.12412615384615384
-0.054240000000000003
0.025033846153846153
0.1136953846153846
0.1948467692307692
0.2572227692307692
0.2897667692307692
0.2799618461538461
0.22572184615384616
0.130176
0.029832
-0.06383630769230769
-0.15604430769230768
-0.22405292307692307
-0.24992123076923078
-0.22488738461538463
-0.16188553846153847
-0.07635323076923077
0.01668923076923077
0.10263876923076923
0.18337292307692307
0.25305046153846156
0.3047870769230769
0.32898646153846156
0.3095852307692307
0.25805723076923076
0.18775384615384613
0.10994030769230768
0.025659692307692307
-0.06967753846153846
-0.15500123076923078
-0.22008923076923076
-0.2438713846153846
-0.22405292307692307
-0.17085599999999998
-0.09325107692307691
-0.015020307692307692
0.062376
0.12996738461538462
0.18107815384615383
0.208824
0.20193969230769232
0.16334584615384617
0.1070196923076923
0.040262769230769234
-0.021487384615384613
-0.06759138461538462
-0.10764553846153846
-0.12955015384615384
-0.1341396923076923
-0.11682461538461539
-0.07823076923076923
-0.043392
-0.015854769230769228
0.01710646153846154
0.05674338461538461
0.09721476923076922
0.12391753846153845
0.13601723076923075
0.132888
0.11765907692307691
0.11452984615384615
0.10931446153846153
0.09971815384615385
0.078648
0.04839876923076923
0.03588184615384615
0.01940123076923077
0.005424
-0.023364923076923075
-0.06675692307692307
-0.09721476923076922
-0.12162276923076921
-0.1218313846153846
-0.11140061538461538
-0.08845292307692308
-0.04944184615384615
0.003129230769230769
0.07280676923076923
0.1395636923076923
0.18921415384615384
0.21362215384615382
0.206112
0.17023015384615386
0.1207883076923077
0.05194523076923077
-0.03233538461538461
-0.12141415384615384
-0.20047938461538461
-0.2415766153846154
-0.23803015384615384
-0.1881710769230769
-0.11202646153846153
-0.02899753846153846
0.06654830769230768
0.15646153846153846
0.2292683076923077
0.2695310769230769
0.25367630769230765
0.18900553846153845
0.10430769230769231
0.021278769230769233
-0.05444861538461539
-0.11995384615384615
-0.16856123076923077
-0.18775384615384613
-0.1733593846153846
-0.12788123076923075
-0.073224
-0.03400430769230769
-0.009387692307692307
0.01043076923076923
0.02753723076923077
0.03713353846153846
0.03296123076923077
0.022530461538461537
0.008136
-0.0016689230769230767
0.005215384615384615
0.020027076923076922
0.04276615384615385
0.06425353846153846
0.09387692307692307
0.13372246153846154
0.16251138461538459
0.17690584615384616
0.16730953846153845
0.13247076923076923
0.07760492307692309
0.009596307692307692
-0.05277969230769231
-0.10514215384615383
-0.14164984615384615
-0.14749107692307692
-0.11223507692307692
-0.033169846153846154
0.0678
0.16835261538461538
0.25284184615384614
0.30270092307692303
0.31542646153846154
0.28851507692307693
0.22175815384615383
0.12370892307692308
-0.0043809230769230765
-0.13080184615384613
-0.22634769230769228
-0.29039261538461536
-0.31542646153846154
-0.301032
-0.25430215384615384
-0.17231630769230769
-0.06571384615384615
0.04735569230769231
0.1476996923076923
0.21195323076923075
0.24282830769230768
0.2422024615384615
0.22405292307692307
0.18545907692307692
0.1218313846153846
0.046104
-0.03838523076923077
-0.10201292307692307
-0.12975876923076923
-0.14060676923076923
-0.13726892307692307
-0.124752
-0.0961716923076923
-0.052153846153846155
-0.013768615384615384
0.02273907692307692
0.03963692307692308
0.038176615384615385
0.035464615384615386
0.04130584615384615
0.05736923076923077
0.06571384615384615
0.06717415384615384
0.07134646153846153
0.07426707692307692
0.07927384615384615
0.078648
0.05570030769230769
0.030040615384615384
-0.005215384615384615
-0.03066646153846154
-0.04839876923076923
-0.06300184615384616
-0.07572738461538461
-0.10493353846153847
-0.11745046153846153
-0.11014892307692307
-0.09137353846153846
-0.07614461538461538
-0.05111076923076923
-0.021487384615384613
0.05298830769230769
0.15520984615384617
0.3346190769230769
0.4785636923076923
0.4551987692307692
0.4896203076923077
0.4268270769230769
0.35986153846153845
0.2774584615384615
0.03775938461538462
-0.16856123076923077
-0.46375199999999994
-0.6371113846153845
-0.7324486153846154
-0.8227790769230768
-0.7816818461538462
-0.7395415384615384
-0.5069353846153847
-0.2021483076923077
0.12767261538461538
0.504432
0.696984
0.8505249230769231
0.8811913846153846
0.7656184615384615
0.6095741538461538
0.27286892307692306
-0.06800861538461538
-0.40200184615384615
-0.754979076923077
-0.8968375384615385
-0.9427329230769231
-0.8655452307692308
-0.634608
-0.39991569230769225
-0.065088
0.2695310769230769
0.5782818461538461
0.8672141538461537
0.9809095384615385
0.9811181538461538
0.8611643076923077
0.653592
0.40930338461538457
0.048816000000000005
-0.3158436923076923
-0.6456646153846154
-0.8985064615384615
-0.9721476923076923
-0.9663064615384616
-0.8519852307692307
-0.6431612307692307
-0.40012430769230767
-0.07593599999999999
0.21800307692307694
0.4478972307692307
0.6366941538461539
0.7130473846153846
0.7397501538461538
0.7065803076923076
0.5741095384615384
0.3919883076923077
0.14123261538461537
-0.12037107692307693
-0.3659113846153846
-0.5757784615384615
-0.7128387692307692
-0.780012923076923
-0.7345347692307692
-0.6158326153846154
-0.4134756923076923
-0.10368184615384615
0.21174461538461536
0.5211212307692308
0.7770923076923076
0.9293815384615385
0.9996849230769231
0.943776
0.7902350769230769
0.5513704615384615
0.23010276923076922
-0.084072
-0.37363015384615383
-0.6248030769230769
-0.7996227692307692
-0.8960030769230769
-0.8728467692307691
-0.7109612307692308
-0.4539470769230769
-0.14665661538461539
0.17690584615384616
0.49733907692307694
0.7503895384615384
0.9016356923076922
0.9450276923076923
0.8313323076923077
0.6072793846153846
0.3225193846153846
-0.0050067692307692304
-0.29039261538461536
-0.5255021538461538
-0.6992787692307693
-0.7606116923076923
-0.7462172307692307
-0.6277236923076922
-0.4141015384615384
-0.17377661538461536
0.07948246153846153
0.2999889230769231
0.46896738461538456
0.5649304615384615
0.5826627692307692
0.5371846153846154
0.41326707692307696
0.2399076923076923
0.03108369230769231
-0.1718990769230769
-0.3241883076923077
-0.4418473846153846
-0.4879513846153846
-0.4748086153846154
-0.417648
-0.28476
-0.1218313846153846
0.028788923076923077
0.15604430769230768
0.25054707692307693
0.33253292307692306
0.38948492307692306
0.3994984615384615
0.3671630769230769
0.28955815384615385
0.1977673846153846
0.11411261538461538
0.03775938461538462
-0.023782153846153845
-0.07343261538461537
-0.10597661538461538
-0.1218313846153846
-0.13121907692307694
-0.11911938461538461
-0.09763200000000001
-0.07030338461538461
-0.03921969230769231
-0.025659692307692307
-0.0022947692307692304
0.02482523076923077
0.05319692307692307
0.0988836923076923
0.12016246153846154
0.11578153846153846
0.10764553846153846
0.08490646153846154
0.056951999999999996
0.013768615384615384
-0.042348923076923076
-0.0961716923076923
-0.14018953846153845
-0.1558356923076923
-0.15667015384615385
-0.13601723076923075
-0.09784061538461537
-0.05194523076923077
0.010848
0.06404492307692307
0.10722830769230769
0.14436184615384615
0.15875630769230767
0.1696043076923077
0.15479261538461536
0.11411261538461538
0.08135999999999999
0.05444861538461539
0.03671630769230769
0.02315630769230769
0.019609846153846155
0.03379569230769231
0.05486584615384615
0.07927384615384615
0.08761846153846153
0.06300184615384616
0.016480615384615385
-0.04401784615384615
-0.103056
-0.15646153846153846
-0.20027076923076922
-0.22321846153846153
-0.22154953846153846
-0.1913003076923077
-0.13872923076923074
-0.07531015384615385
-0.0012516923076923076
0.06633969230769231
0.11286092307692308
0.1462393846153846
0.14415323076923076
0.11599015384615384
0.073224
0.004589538461538461
-0.06654830769230768
-0.12496061538461539
-0.15270646153846154
-0.14519630769230768
-0.12204
-0.08907876923076924
-0.034630153846153845
0.04172307692307692
0.12412615384615384
0.19442953846153843
0.24282830769230768
0.2540935384615385
0.22405292307692307
0.1693956923076923
0.09700615384615385
0.009596307692307692
-0.08991323076923076
-0.17669723076923077
-0.22300984615384614
-0.222384
-0.19004861538461537
-0.13518276923076925
-0.07280676923076923
-0.011265230769230769
0.05653476923076922
0.1045163076923077
0.12996738461538462
0.11995384615384615
0.07009476923076922
0.01397723076923077
-0.04109723076923077
-0.07906523076923076
-0.10076123076923077
-0.11411261538461538
-0.11035753846153845
-0.09825784615384614
-0.06258461538461538
-0.018775384615384614
0.016897846153846156
0.04965046153846154
0.06821723076923077
0.08574092307692306
0.0961716923076923
0.10076123076923077
0.10180430769230768
0.0853236923076923
0.06592246153846154
0.05799507692307692
0.05653476923076922
0.05507446153846154
0.042557538461538466
0.016063384615384615
-0.005632615384615384
-0.012099692307692308
-0.0016689230769230767
0.01981846153846154
0.04109723076923077
0.059872615384615385
0.08845292307692308
0.12412615384615384
0.1531236923076923
0.16021661538461537
0.1356
0.09095630769230768
0.03880246153846154
0.0025033846153846152
-0.02357353846153846
-0.053405538461538456
-0.08469784615384615
-0.10827138461538462
-0.10201292307692307
-0.07238953846153846
-0.017940923076923077
0.031918153846153846
0.06696553846153847
0.10660246153846153
0.14164984615384615
0.18483323076923078
0.21049292307692305
0.20131384615384615
0.16793538461538463
0.116616
0.06070707692307692
-0.0025033846153846152
-0.07238953846153846
-0.13476553846153844
-0.1867107692307692
-0.20298276923076922
-0.17419384615384614
-0.12412615384615384
-0.05820369230769231
-0.0002086153846153846
0.05757784615384615
0.11724184615384614
0.1693956923076923
0.21466523076923077
0.22300984615384614
0.20006215384615383
0.16647507692307692
0.12266584615384615
0.07531015384615385
0.02044430769230769
-0.04756430769230769
-0.11223507692307692
-0.17085599999999998
-0.20652923076923077
-0.2125790769230769
-0.20924123076923076
-0.1867107692307692
-0.15270646153846154
-0.08887015384615385
0.010848
0.10910584615384614
0.19296923076923078
0.22780799999999998
0.21320492307692307
0.16167692307692308
0.07843938461538462
-0.01397723076923077
-0.12913292307692306
-0.23761292307692305
-0.31500923076923076
-0.34651015384615386
-0.3160523076923077
-0.25346769230769234
-0.16042523076923076
-0.048816000000000005
0.06654830769230768
0.17481969230769231
0.24700061538461537
0.2699483076923077
0.23928184615384615
0.1597993846153846
0.07134646153846153
-0.01710646153846154
-0.09533723076923077
-0.14018953846153845
-0.16438892307692307
-0.15124615384615384
-0.09825784615384614
-0.003755076923076923
0.11619876923076923
0.22154953846153846
0.30249230769230767
0.3452584615384615
0.3542289230769231
0.327108923076923
0.2572227692307692
0.15813046153846153
0.042348923076923076
-0.06195876923076923
-0.12996738461538462
-0.16584923076923075
-0.17398523076923075
-0.15625292307692307
-0.11828492307692307
-0.04860738461538461
0.030040615384615384
0.09053907692307692
0.12913292307692306
0.12391753846153845
0.08887015384615385
0.03504738461538461
-0.027745846153846152
-0.08720123076923077
-0.14123261538461537
-0.17085599999999998
-0.16897846153846155
-0.14081538461538462
-0.08907876923076924
-0.021904615384615383
0.042348923076923076
0.09429415384615383
0.1316363076923077
0.16480615384615382
0.17315076923076922
0.1506203076923077
0.10430769230769231
0.046104
0.0033378461538461535
-0.041514461538461535
-0.05820369230769231
-0.04526953846153846
-0.03045784615384615
0.0050067692307692304
0.05069353846153846
0.10409907692307692
0.1502030769230769
0.16689230769230767
0.1652233846153846
0.14457046153846154
0.12099692307692309
0.09575446153846154
0.05716061538461538
0.021904615384615383
-0.005424
-0.015854769230769228
-0.0077187692307692304
0.005424
0.008970461538461538
-0.006049846153846154
-0.03296123076923077
-0.06154153846153846
-0.08302892307692307
-0.10055261538461538
-0.11703323076923078
-0.12287446153846153
-0.11557292307692307
-0.10806276923076923
-0.0988836923076923
-0.0798996923076923
-0.059664
-0.05382276923076923
-0.061750153846153844
-0.0678
-0.06863446153846153
-0.07802215384615384
-0.09992676923076924
-0.12454338461538461
-0.13664307692307692
-0.13518276923076925
-0.12913292307692306
-0.1151556923076923
-0.09596307692307693
-0.06905169230769231
-0.03442153846153846
0.0029206153846153843
0.03650769230769231
0.05528307692307692
0.051528
0.03984553846153846
0.021904615384615383
-0.0022947692307692304
-0.029623384615384614
-0.061750153846153844
-0.07593599999999999
-0.078648
-0.06446215384615385
-0.03755076923076923
-0.014394461538461538
0.015646153846153844
0.04214030769230769
0.06926030769230769
0.08761846153846153
0.0880356923076923
0.06863446153846153
0.03108369230769231
-0.011891076923076923
-0.05194523076923077
-0.08156861538461539
-0.0974233846153846
-0.10013538461538461
-0.09512861538461538
-0.08636676923076922
-0.09325107692307691
-0.09012184615384615
-0.06967753846153846
-0.03921969230769231
-0.017523692307692306
0.0004172307692307692
0.018358153846153843
0.061750153846153844
0.10827138461538462
0.19714153846153845
0.3485963076923077
0.28246523076923075
0.2209236923076923
0.17148184615384612
0.08156861538461539
0.12308307692307692
-0.03629907692307692
-0.17982646153846152
-0.32272799999999996
-0.41556184615384617
-0.2618123076923077
-0.19797599999999999
-0.058412307692307694
0.012308307692307691
0.10848000000000001
0.37091815384615384
0.5094387692307691
0.6788344615384615
0.6181273846153846
0.4303735384615384
0.3214763076923077
0.10159569230769232
0.008136
-0.13872923076923074
-0.3170953846153846
-0.33357600000000004
-0.4414301538461538
-0.38280923076923074
-0.2207150769230769
-0.12621230769230768
0.08511507692307693
0.168144
0.23823876923076923
0.3310726153846154
0.3291950769230769
0.40700861538461536
0.3740473846153846
0.24595753846153845
0.11703323076923078
-0.046104
-0.08949599999999999
-0.1597993846153846
-0.27412061538461535
-0.34651015384615386
-0.42661846153846156
-0.3425464615384616
-0.21028430769230766
-0.1178676923076923
0.010639384615384617
0.06884307692307692
0.16897846153846155
0.2920615384615385
0.32961230769230765
0.37967999999999996
0.3467187692307692
0.26765353846153844
0.22843384615384613
0.12850707692307692
0.03379569230769231
-0.09408553846153846
-0.2342750769230769
-0.3131316923076923
-0.3873987692307692
-0.39282276923076925
-0.35256
-0.249504
-0.09325107692307691
0.024408000000000003
0.19505538461538463
0.35276861538461535
0.45332123076923075
0.5257107692307692
0.4652123076923077
0.35631507692307696
0.21320492307692307
0.03275261538461539
-0.10368184615384615
-0.27558092307692306
-0.40033292307692303
-0.4418473846153846
-0.44748
-0.360696
-0.2563883076923077
-0.11202646153846153
0.084072
0.2480436923076923
0.37717661538461533
0.4147273846153846
0.40033292307692303
0.36674584615384614
0.2507556923076923
0.11745046153846153
-0.05069353846153846
-0.22280123076923075
-0.29748553846153847
-0.3502652307692307
-0.33670523076923076
-0.2682793846153846
-0.20193969230769232
-0.07134646153846153
0.042974769230769226
0.1424843076923077
0.23344061538461539
0.2620209230769231
0.2722430769230769
0.23615261538461538
0.1712732307692308
0.08469784615384615
-0.02482523076923077
-0.08740984615384616
-0.13643446153846153
-0.16251138461538459
-0.17023015384615386
-0.18483323076923078
-0.14811692307692306
-0.10263876923076923
-0.04088861538461538
0.042348923076923076
0.06946892307692307
0.09387692307692307
0.1287156923076923
0.14290153846153844
0.15520984615384617
0.12496061538461539
0.08240307692307691
0.08010830769230769
0.07197230769230768
0.06821723076923077
0.04735569230769231
0.011682461538461537
0.007510153846153846
-0.003755076923076923
0.008136
0.029414769230769227
0.03504738461538461
0.04672984615384615
0.03275261538461539
0.037967999999999995
0.06049846153846154
0.07969107692307692
0.12621230769230768
0.13643446153846153
0.12266584615384615
0.10848000000000001
0.07843938461538462
0.08636676923076922
0.07072061538461538
0.011265230769230769
-0.04088861538461538
-0.08594953846153845
-0.07092923076923077
-0.019609846153846155
0.018983999999999997
0.04902461538461538
0.06133292307692308
0.09387692307692307
0.1314276923076923
0.1341396923076923
0.116616
0.054657230769230764
-0.016272
-0.06633969230769231
-0.11014892307692307
-0.12099692307692309
-0.12704676923076924
-0.12579507692307693
-0.1097316923076923
-0.086784
-0.031918153846153846
0.014811692307692307
0.02795446153846154
0.010848
-0.019192615384615384
-0.029414769230769227
-0.03129230769230769
-0.03024923076923077
-0.042974769230769226
-0.08636676923076922
-0.11536430769230768
-0.11202646153846153
-0.07885661538461539
-0.041514461538461535
-0.03901107692307692
-0.03609046153846154
-0.016063384615384615
0.024199384615384616
0.07197230769230768
0.07739630769230768
0.06571384615384615
0.05507446153846154
0.040679999999999994
0.04088861538461538
0.024616615384615383
-0.010639384615384617
-0.04631261538461538
-0.07572738461538461
-0.07155507692307693
-0.051319384615384614
-0.037967999999999995
-0.04088861538461538
-0.04819015384615385
-0.04380923076923077
-0.03650769230769231
-0.020652923076923076
-0.005841230769230769
-0.011265230769230769
-0.025033846153846153
-0.032544
-0.024616615384615383
-0.012516923076923077
-0.010848
-0.008136
-0.010013538461538461
-0.005841230769230769
0.01856676923076923
0.04756430769230769
0.06800861538461538
0.07030338461538461
0.06300184615384616
0.06613107692307692
0.07843938461538462
0.086784
0.08615815384615384
0.07969107692307692
0.08156861538461539
0.08240307692307691
0.07468430769230769
0.05778646153846154
0.024199384615384616
-0.0004172307692307692
-0.01814953846153846
-0.03921969230769231
-0.04380923076923077
-0.045895384615384616
-0.053614153846153846
-0.040262769230769234
-0.016897846153846156
0.003755076923076923
0.006258461538461538
-0.014185846153846153
-0.030040615384615384
-0.04631261538461538
-0.058412307692307694
-0.06571384615384615
-0.07343261538461537
-0.08177723076923075
-0.09158215384615384
-0.09179076923076923
-0.08323753846153846
-0.07092923076923077
-0.07259815384615384
-0.07468430769230769
-0.06258461538461538
-0.04109723076923077
-0.011682461538461537
0.014603076923076923
0.033169846153846154
0.04214030769230769
0.04401784615384615
0.04130584615384615
0.03921969230769231
0.03233538461538461
0.008136
-0.018983999999999997
-0.02273907692307692
-0.008136
0.011891076923076923
0.02586830769230769
0.03150092307692308
0.03880246153846154
0.038176615384615385
0.03421292307692308
0.02023569230769231
0.0004172307692307692
-0.0070929230769230765
-0.003755076923076923
0.021487384615384613
0.05611753846153846
0.0771876923076923
0.0936683076923077
0.10430769230769231
0.1151556923076923
0.12329169230769231
0.10243015384615384
0.06863446153846153
0.015854769230769228
-0.043600615384615383
-0.07656184615384615
-0.09387692307692307
-0.09053907692307692
-0.07092923076923077
-0.034630153846153845
0.029206153846153847
0.09971815384615385
0.16584923076923075
0.21633415384615384
0.22989415384615383
0.21821169230769227
0.18525046153846153
0.1368516923076923
0.07364123076923076
-0.009179076923076922
-0.0880356923076923
-0.15750461538461538
-0.19588984615384614
-0.18921415384615384
-0.1614683076923077
-0.11348676923076922
-0.059664
0.001043076923076923
0.08052553846153847
0.14832553846153845
0.19526400000000002
0.21862892307692305
0.20486030769230767
0.16334584615384617
0.09867507692307692
0.01710646153846154
-0.06592246153846154
-0.14060676923076923
-0.1927606153846154
-0.2090326153846154
-0.18650215384615382
-0.14081538461538462
-0.07614461538461538
-0.008136
0.05194523076923077
0.11035753846153845
0.13622584615384614
0.12683815384615382
0.08469784615384615
0.013142769230769229
-0.04985907692307692
-0.10055261538461538
-0.12850707692307692
-0.13101046153846155
-0.11995384615384615
-0.08574092307692306
-0.04735569230769231
-0.006467076923076923
0.01940123076923077
0.019609846153846155
0.0008344615384615384
-0.040262769230769234
-0.07906523076923076
-0.11745046153846153
-0.15103753846153847
-0.16334584615384617
-0.1597993846153846
-0.13351384615384615
-0.07405846153846153
0.003755076923076923
0.09512861538461538
0.17419384615384614
0.22530461538461538
0.2601433846153846
0.2586830769230769
0.21904615384615383
0.1462393846153846
0.050067692307692306
-0.04109723076923077
-0.11244369230769231
-0.15959076923076923
-0.17586276923076924
-0.16000799999999998
-0.11202646153846153
-0.03629907692307692
0.05924676923076923
0.15792184615384616
0.22989415384615383
0.2638984615384615
0.25200738461538463
0.20131384615384615
0.13998092307692306
0.05319692307692307
-0.03713353846153846
-0.11807630769230769
-0.1873366153846154
-0.21091015384615383
-0.19714153846153845
-0.15646153846153846
-0.09471138461538461
-0.029414769230769227
0.03275261538461539
0.10201292307692307
0.15604430769230768
0.18650215384615382
0.1940123076923077
0.16981292307692308
0.14394461538461537
0.11265230769230769
0.06821723076923077
0.03442153846153846
0.016063384615384615
0.019609846153846155
0.04401784615384615
0.06988615384615385
0.08824430769230769
0.09325107692307691
0.08344615384615384
0.08115138461538463
0.07656184615384615
0.06279323076923077
0.040262769230769234
-0.0008344615384615384
-0.03108369230769231
-0.04944184615384615
-0.037342153846153844
-0.01043076923076923
0.008136
0.02211323076923077
0.021487384615384613
0.030875076923076922
0.042557538461538466
0.04714707692307692
0.03588184615384615
0.010013538461538461
-0.012099692307692308
-0.016897846153846156
-0.0018775384615384615
0.009804923076923077
0.02315630769230769
0.03212676923076923
0.04380923076923077
0.06571384615384615
0.08490646153846154
0.09992676923076924
0.10159569230769232
0.0934596923076923
0.08866153846153846
0.09283384615384616
0.08657538461538461
0.07072061538461538
0.05319692307692307
0.034630153846153845
0.029414769230769227
0.035255999999999996
0.04401784615384615
0.04109723076923077
0.03024923076923077
0.017315076923076923
0.016480615384615385
0.021278769230769233
0.005841230769230769
-0.013768615384615384
-0.056326153846153845
-0.11745046153846153
-0.1783661538461538
-0.2399076923076923
-0.2951907692307692
-0.3039526153846154
-0.24449723076923074
-0.1207883076923077
0.08010830769230769
0.2628553846153846
0.4318338461538461
0.5615926153846154
0.6200049230769231
0.6323132307692307
0.5079784615384615
0.30290953846153845
0.043600615384615383
-0.1867107692307692
-0.39115384615384613
-0.5799507692307692
-0.6483766153846154
-0.6675692307692307
-0.554916923076923
-0.35276861538461535
-0.11724184615384614
0.15228923076923076
0.360696
0.539688
0.6179187692307693
0.5774473846153846
0.43642338461538455
0.19046584615384615
-0.084072
-0.37300430769230764
-0.6187532307692307
-0.7793870769230768
-0.8269513846153846
-0.7176369230769232
-0.5225815384615384
-0.2722430769230769
-0.011473846153846154
0.20402584615384614
0.40638276923076927
0.513611076923077
0.5204953846153846
0.466464
0.3448412307692308
0.24616615384615384
0.15228923076923076
0.051528
-0.040262769230769234
-0.1316363076923077
-0.18086953846153844
-0.20006215384615383
-0.20047938461538461
-0.1940123076923077
-0.18399876923076922
-0.14081538461538462
-0.08198584615384615
-0.027120000000000002
0.010848
0.01981846153846154
0.038176615384615385
0.054240000000000003
0.06341907692307691
0.10389046153846154
0.14811692307692306
0.19025723076923076
0.20652923076923077
0.15875630769230767
0.07259815384615384
-0.04318338461538461
-0.18212123076923076
-0.3095852307692307
-0.42077723076923074
-0.48064984615384615
-0.4518609230769231
-0.3373310769230769
-0.15187199999999998
0.05820369230769231
0.2697396923076923
0.458328
0.6147895384615384
0.7092923076923077
0.6878049230769231
0.5736923076923076
0.3984553846153846
0.19651569230769228
0.0014603076923076922
-0.18232984615384615
-0.3269003076923077
-0.41618769230769226
-0.4389267692307692
-0.37655076923076924
-0.252216
-0.084072
0.10430769230769231
0.2870547692307692
0.4360061538461539
0.5119421538461538
0.5192436923076923
0.44956615384615384
0.31500923076923076
0.13852061538461538
-0.06592246153846154
-0.2415766153846154
-0.3686233846153846
-0.4508178461538461
-0.4656295384615385
-0.41618769230769226
-0.3206418461538461
-0.17732307692307692
-0.02858030769230769
0.0961716923076923
0.18545907692307692
0.2140393846153846
0.21216184615384615
0.1867107692307692
0.13309661538461537
0.05590892307692308
-0.03588184615384615
-0.10806276923076923
-0.15145476923076923
-0.16167692307692308
-0.1558356923076923
-0.14999446153846155
-0.1314276923076923
-0.09992676923076924
-0.05945538461538461
-0.03108369230769231
-0.04819015384615385
-0.09033046153846153
-0.13267938461538462
-0.16730953846153845
-0.16334584615384617
-0.14081538461538462
-0.10743692307692307
-0.04214030769230769
0.03045784615384615
0.10743692307692307
0.16835261538461538
0.19526400000000002
0.1992276923076923
0.16063384615384615
0.08720123076923077
0.003129230769230769
-0.08344615384615384
-0.14957723076923077
-0.1994363076923077
-0.21883753846153844
-0.19964492307692308
-0.1462393846153846
-0.04526953846153846
0.059038153846153844
0.15354092307692307
0.23364923076923078
0.287472
0.33378461538461535
0.3442153846153846
0.3047870769230769
0.23114584615384615
0.1287156923076923
0.03984553846153846
-0.030875076923076922
-0.10096984615384616
-0.15124615384615384
-0.17544553846153846
-0.15771323076923077
-0.10931446153846153
-0.050067692307692306
0.004589538461538461
0.03275261538461539
0.050067692307692306
0.06404492307692307
0.06759138461538462
0.06759138461538462
0.053614153846153846
0.03296123076923077
0.015228923076923076
0.0002086153846153846
0.014394461538461538
0.04568676923076923
0.08615815384615384
0.13476553846153844
0.165432
0.1794092307692308
0.17711446153846155
0.14206707692307693
0.08469784615384615
0.013142769230769229
-0.05924676923076923
-0.10117846153846152
-0.10952307692307692
-0.09491999999999999
-0.058829538461538454
0.005424
0.08699261538461538
0.18212123076923076
0.2772498461538462
0.32648307692307693
0.3235624615384615
0.2764153846153846
0.19609846153846153
0.09679753846153846
-0.02273907692307692
-0.1462393846153846
-0.2586830769230769
-0.3373310769230769
-0.3617390769230769
-0.3323243076923077
-0.2682793846153846
-0.1777403076923077
-0.06383630769230769
0.056951999999999996
0.16626646153846153
0.2411593846153846
0.26494153846153845
0.23761292307692305
0.17419384615384614
0.07843938461538462
-0.02273907692307692
-0.11619876923076923
-0.19317784615384614
-0.2292683076923077
-0.22551323076923077
-0.1718990769230769
-0.08740984615384616
0.006467076923076923
0.10159569230769232
0.1785747692307692
0.22864246153846152
0.24282830769230768
0.21800307692307694
0.15750461538461538
0.06633969230769231
-0.026285538461538457
-0.09408553846153846
-0.12850707692307692
-0.12579507692307693
-0.09825784615384614
-0.046104
0.021278769230769233
0.0855323076923077
0.146448
0.18066092307692305
0.1710646153846154
0.132888
0.06759138461538462
-0.008970461538461538
-0.07843938461538462
-0.13309661538461537
-0.15520984615384617
-0.13747753846153846
-0.07364123076923076
0.011056615384615385
0.08949599999999999
0.15562707692307692
0.1913003076923077
0.19714153846153845
0.16897846153846155
0.10263876923076923
0.01043076923076923
-0.09137353846153846
-0.18775384615384613
-0.25930892307692305
-0.29832
-0.29727692307692305
-0.260352
-0.2059033846153846
-0.1151556923076923
-0.008970461538461538
0.09658892307692307
0.18963138461538462
0.23510953846153848
0.24512307692307692
0.2207150769230769
0.17440246153846153
0.11244369230769231
0.024408000000000003
-0.0744756923076923
-0.16647507692307692
-0.22113230769230768
-0.22551323076923077
-0.19463815384615382
-0.13372246153846154
-0.04652123076923077
0.04109723076923077
0.12162276923076921
0.19171753846153847
0.23281476923076924
0.23677846153846152
0.20298276923076922
0.1710646153846154
0.14686523076923075
0.10827138461538462
0.07510153846153846
0.04401784615384615
0.015437538461538461
-0.0004172307692307692
-0.011265230769230769
-0.01668923076923077
-0.03045784615384615
-0.07030338461538461
-0.11849353846153846
-0.16626646153846153
-0.1908830769230769
-0.18191261538461537
-0.16710092307692306
-0.13643446153846153
-0.09241661538461539
-0.03609046153846154
0.028788923076923077
0.07489292307692308
0.09992676923076924
0.09304246153846155
0.07238953846153846
0.047981538461538464
0.014185846153846153
-0.021070153846153846
-0.06341907692307691
-0.0936683076923077
-0.10055261538461538
-0.08469784615384615
-0.05319692307692307
-0.015854769230769228
0.03024923076923077
0.0771876923076923
0.12621230769230768
0.16647507692307692
0.19067446153846154
0.20298276923076922
0.18796246153846152
0.15145476923076923
0.10597661538461538
0.058829538461538454
0.011265230769230769
-0.040262769230769234
-0.08845292307692308
-0.11599015384615384
-0.12245723076923076
-0.11473846153846154
-0.09095630769230768
-0.06446215384615385
-0.03838523076923077
-0.013351384615384614
0.015854769230769228
0.03504738461538461
0.03504738461538461
0.023782153846153845
-0.002712
-0.020652923076923076
-0.03671630769230769
-0.05507446153846154
-0.06571384615384615
-0.07531015384615385
-0.07343261538461537
-0.06279323076923077
-0.04839876923076923
-0.03567323076923076
-0.026285538461538457
-0.027120000000000002
-0.02795446153846154
-0.018983999999999997
-0.011891076923076923
-0.003129230769230769
-0.009179076923076922
-0.016480615384615385
-0.007510153846153846
0.0077187692307692304
0.040679999999999994
0.08010830769230769
0.10493353846153847
0.12704676923076924
0.1397723076923077
0.13852061538461538
0.12955015384615384
0.09095630769230768
0.03609046153846154
-0.022530461538461537
-0.07426707692307692
-0.1151556923076923
-0.15333230769230768
-0.17502830769230768
-0.1777403076923077
-0.14603076923076924
-0.07531015384615385
0.014185846153846153
0.1151556923076923
0.20339999999999997
0.26118646153846153
0.2912270769230769
0.2805876923076923
0.21988061538461537
0.12245723076923076
0.007927384615384614
-0.11223507692307692
-0.2157083076923077
-0.28476
-0.3179298461538461
-0.309168
-0.2647329230769231
-0.1802436923076923
-0.05757784615384615
0.07134646153846153
0.18399876923076922
0.26118646153846153
0.295608
0.29456492307692306
0.26097784615384617
0.19714153846153845
0.10681107692307691
-0.002712
-0.11160923076923077
-0.19672430769230767
-0.24720923076923076
-0.25701415384615384
-0.22467876923076924
-0.1696043076923077
-0.09137353846153846
0.009596307692307692
0.10848000000000001
0.19067446153846154
0.24345415384615382
0.2643156923076923
0.2703655384615385
0.25972615384615383
0.22780799999999998
0.19213476923076922
0.13914646153846155
0.07155507692307693
0.0018775384615384615
-0.06884307692307692
-0.12433476923076923
-0.17461107692307692
-0.21195323076923075
-0.2209236923076923
-0.20506892307692307
-0.17023015384615386
-0.11202646153846153
-0.04547815384615384
0.018775384615384614
0.08824430769230769
0.14832553846153845
0.2008966153846154
0.22488738461538463
0.2138307692307692
0.17377661538461536
0.09846646153846153
0.0070929230769230765
-0.09512861538461538
-0.19505538461538463
-0.2860116923076923
-0.35256
-0.35860984615384617
-0.30854215384615385
-0.20819815384615384
-0.08636676923076922
0.05090215384615384
0.19630707692307692
0.3116713846153846
0.4007501538461538
0.4026276923076923
0.3604873846153846
0.2862203076923077
0.18086953846153844
0.08469784615384615
-0.042974769230769226
-0.15813046153846153
-0.23072861538461537
-0.249504
-0.18316430769230768
0.03755076923076923
0.12350030769230769
0.1314276923076923
0.23281476923076924
0.2221753846153846
0.3571495384615384
0.3536030769230769
0.1504116923076923
-0.029623384615384614
-0.27182584615384614
-0.2588916923076923
-0.24846092307692308
-0.25534523076923077
-0.2478350769230769
-0.2851772307692308
-0.061124307692307686
0.13706030769230768
0.3615304615384615
0.469176
0.3346190769230769
0.306456
0.17565415384615385
0.09825784615384614
0.05048492307692308
-0.15813046153846153
-0.19651569230769228
-0.28788923076923073
-0.33002953846153843
-0.15750461538461538
-0.09137353846153846
0.07927384615384615
0.18900553846153845
0.18212123076923076
0.2749550769230769
0.273912
0.32877784615384614
0.3419206153846154
0.19985353846153847
0.06946892307692307
-0.09763200000000001
-0.14394461538461537
-0.13518276923076925
-0.2056947692307692
-0.23782153846153845
-0.28934953846153844
-0.21696000000000001
-0.0446436923076923
0.021487384615384613
0.0855323076923077
0.07155507692307693
0.04380923076923077
0.11911938461538461
0.12162276923076921
0.12725538461538463
0.11724184615384614
0.043392
0.06592246153846154
0.07823076923076923
0.06300184615384616
0.0446436923076923
-0.042348923076923076
-0.10535076923076922
-0.16501476923076921
-0.206112
-0.22008923076923076
-0.21716861538461538
-0.15875630769230767
-0.15082892307692305
-0.092208
0.021070153846153846
0.09930092307692308
0.23072861538461537
0.28350830769230767
0.28663753846153844
0.3062473846153846
0.2517987692307692
0.19171753846153847
0.06884307692307692
-0.09575446153846154
-0.19672430769230767
-0.2926873846153846
-0.3285692307692308
-0.33065538461538463
-0.3195987692307692
-0.20381723076923075
-0.042557538461538466
0.14039815384615384
0.2799618461538461
0.36674584615384614
0.46083138461538464
0.47606030769230767
0.44309907692307693
0.35339446153846155
0.17273353846153844
0.04276615384615385
-0.0892873846153846
-0.2261390769230769
-0.27975323076923075
-0.3440067692307692
-0.33315876923076926
-0.26619323076923074
-0.21028430769230766
-0.08073415384615384
0.037967999999999995
0.14811692307692306
0.23636123076923077
0.25805723076923076
0.24428861538461538
0.1704387692307692
0.09179076923076923
-0.0043809230769230765
-0.11953661538461538
-0.21508246153846153
-0.327108923076923
-0.3636166153846153
-0.3275261538461538
-0.2716172307692308
-0.1543753846153846
-0.05611753846153846
0.03775938461538462
0.1710646153846154
0.2638984615384615
0.32085046153846153
0.3062473846153846
0.21654276923076923
0.15541846153846153
0.10722830769230769
0.05444861538461539
-0.00855323076923077
-0.09053907692307692
-0.1316363076923077
-0.1341396923076923
-0.09763200000000001
-0.03838523076923077
-0.009179076923076922
0.00855323076923077
0.0025033846153846152
0.0
0.02086153846153846
0.02211323076923077
0.040679999999999994
0.042348923076923076
0.009387692307692307
-0.0006258461538461538
-0.022947692307692308
-0.023990769230769232
-0.013768615384615384
-0.06216738461538462
-0.10493353846153847
-0.12913292307692306
-0.12266584615384615
-0.07593599999999999
-0.053405538461538456
-0.04819015384615385
-0.05194523076923077
-0.035464615384615386
0.011891076923076923
0.03880246153846154
0.058412307692307694
0.055491692307692304
0.042557538461538466
0.058412307692307694
0.06467076923076923
0.0717636923076923
0.05611753846153846
0.016897846153846156
0.0004172307692307692
-0.026702769230769228
-0.03671630769230769
-0.01940123076923077
-0.011056615384615385
0.0006258461538461538
0.011265230769230769
0.02899753846153846
0.06633969230769231
0.09512861538461538
0.10514215384615383
0.09325107692307691
0.06133292307692308
0.03588184615384615
0.018775384615384614
0.012516923076923077
0.0016689230769230767
-0.019192615384615384
-0.028371692307692306
-0.030040615384615384
-0.012934153846153845
-0.008970461538461538
-0.03275261538461539
-0.03942830769230769
-0.05444861538461539
-0.06133292307692308
-0.05945538461538461
-0.07635323076923077
-0.06529661538461538
-0.042348923076923076
-0.007927384615384614
0.043600615384615383
0.07781353846153846
0.100344
0.09763200000000001
0.07197230769230768
0.028163076923076923
-0.044435076923076924
-0.11599015384615384
-0.17899199999999998
-0.22321846153846153
-0.23761292307692305
-0.23114584615384615
-0.18525046153846153
-0.11348676923076922
-0.03650769230769231
0.04380923076923077
0.09971815384615385
0.13372246153846154
0.16271999999999998
0.1785747692307692
0.18921415384615384
0.17648861538461538
0.13101046153846155
0.0826116923076923
0.02899753846153846
-0.011682461538461537
-0.03692492307692308
-0.06279323076923077
-0.07155507692307693
-0.07280676923076923
-0.051319384615384614
-0.009179076923076922
0.03504738461538461
0.08720123076923077
0.11348676923076922
0.12996738461538462
0.13810338461538463
0.13080184615384613
0.13476553846153844
0.11870215384615385
0.08323753846153846
0.04631261538461538
0.0029206153846153843
-0.031918153846153846
-0.06258461538461538
-0.10138707692307691
-0.1462393846153846
-0.20381723076923075
-0.2342750769230769
-0.21800307692307694
-0.18232984615384615
-0.12662953846153846
-0.06154153846153846
0.024408000000000003
0.12391753846153845
0.21445661538461538
0.28246523076923075
0.30562153846153844
0.29456492307692306
0.2561796923076923
0.18858830769230767
0.100344
-0.0004172307692307692
-0.09658892307692307
-0.17294215384615383
-0.21696000000000001
-0.21925476923076925
-0.16835261538461538
-0.07614461538461538
0.040054153846153843
0.16647507692307692
0.2858030769230769
0.38948492307692306
0.44038707692307694
0.4395526153846154
0.3734215384615384
0.25012984615384615
0.10493353846153847
-0.054657230769230764
-0.1913003076923077
-0.3141747692307692
-0.40033292307692303
-0.42015138461538465
-0.39052800000000004
-0.3081249230769231
-0.19755876923076923
-0.084072
0.029623384615384614
0.12808984615384614
0.20193969230769232
0.24554030769230767
0.24032492307692307
0.18545907692307692
0.09930092307692308
0.014185846153846153
-0.04735569230769231
-0.09700615384615385
-0.12642092307692307
-0.13998092307692306
-0.12955015384615384
-0.09408553846153846
-0.05444861538461539
-0.012099692307692308
0.007301538461538462
0.008344615384615384
0.0077187692307692304
0.008344615384615384
0.015020307692307692
0.02023569230769231
0.021070153846153846
0.027328615384615382
0.049233230769230765
0.08094276923076923
0.11724184615384614
0.13914646153846155
0.130176
0.0988836923076923
0.05027630769230769
0.0
-0.04902461538461538
-0.09450276923076922
-0.13184492307692308
-0.14853415384615384
-0.12955015384615384
-0.08010830769230769
-0.0043809230769230765
0.07009476923076922
0.13747753846153846
0.1948467692307692
0.2369870769230769
0.25471938461538457
0.2411593846153846
0.19213476923076922
0.11098338461538461
0.03129230769230769
-0.04214030769230769
-0.09283384615384616
-0.12537784615384615
-0.14331876923076922
-0.13038461538461538
-0.09471138461538461
-0.04318338461538461
0.011056615384615385
0.05027630769230769
0.07885661538461539
0.09950953846153845
0.10514215384615383
0.100344
0.0771876923076923
0.040262769230769234
0.012308307692307691
0.0008344615384615384
0.0012516923076923076
0.015228923076923076
0.022947692307692308
0.021278769230769233
0.03379569230769231
0.04756430769230769
0.06905169230769231
0.0961716923076923
0.10076123076923077
0.09971815384615385
0.09429415384615383
0.08782707692307692
0.08991323076923076
0.086784
0.08323753846153846
0.07635323076923077
0.06884307692307692
0.07843938461538462
0.09471138461538461
0.11411261538461538
0.1151556923076923
0.09137353846153846
0.058412307692307694
0.007301538461538462
-0.03921969230769231
-0.09137353846153846
-0.14811692307692306
-0.19526400000000002
-0.23782153846153845
-0.2422024615384615
-0.22551323076923077
-0.20131384615384615
-0.1558356923076923
-0.10576799999999999
-0.04526953846153846
0.013142769230769229
0.05820369230769231
0.09846646153846153
0.10618523076923077
0.09763200000000001
0.08469784615384615
0.05382276923076923
0.010639384615384617
-0.0446436923076923
-0.08490646153846154
-0.1045163076923077
-0.09658892307692307
-0.05778646153846154
-0.0070929230769230765
0.045060923076923075
0.10514215384615383
0.16897846153846155
0.22530461538461538
0.2601433846153846
0.25305046153846156
0.21508246153846153
0.14957723076923077
0.07489292307692308
0.0016689230769230767
-0.07572738461538461
-0.14832553846153845
-0.20027076923076922
-0.21654276923076923
-0.20193969230769232
-0.15604430769230768
-0.08761846153846153
-0.02482523076923077
0.031709538461538456
0.08845292307692308
0.12245723076923076
0.13601723076923075
0.11703323076923078
0.06654830769230768
0.016063384615384615
-0.043392
-0.09512861538461538
-0.1353913846153846
-0.17023015384615386
-0.1785747692307692
-0.165432
-0.12287446153846153
-0.042557538461538466
0.046104
0.12621230769230768
0.18921415384615384
0.23406646153846156
0.26619323076923074
0.26118646153846153
0.22968553846153844
0.17148184615384612
0.08887015384615385
0.014185846153846153
-0.05236246153846154
-0.08428061538461538
-0.10389046153846154
-0.1151556923076923
-0.1287156923076923
-0.14331876923076922
-0.14811692307692306
-0.16710092307692306
-0.1927606153846154
-0.24491446153846153
-0.2734947692307692
-0.2707827692307692
-0.20193969230769232
-0.05757784615384615
0.17419384615384614
0.3665372307692307
0.4965046153846154
0.6809206153846155
0.7679132307692308
0.836964923076923
0.7645753846153847
0.5198695384615385
0.19818461538461538
-0.23469230769230767
-0.5924676923076923
-0.9567101538461538
-1.2493975384615383
-1.41024
-1.4365255384615385
-1.177008
-0.7716683076923077
-0.2075723076923077
0.409512
0.9377261538461539
1.4139950769230767
1.6735126153846154
1.722745846153846
1.5345747692307692
1.065816
0.49024615384615383
-0.192552
-0.8574092307692308
-1.3257507692307693
-1.6472270769230768
-1.7060566153846153
-1.5562707692307691
-1.2433476923076923
-0.7316141538461538
-0.17023015384615386
0.4456024615384615
0.9969729230769231
1.3770701538461538
1.5881889230769228
1.575046153846154
1.3879181538461536
1.032228923076923
0.5159058461538462
-0.040262769230769234
-0.5951796923076923
-1.0493353846153846
-1.3336781538461537
-1.4903483076923074
-1.457387076923077
-1.2856966153846152
-1.0023969230769232
-0.6049846153846153
-0.20152246153846154
0.20694646153846152
0.5853747692307693
0.8705519999999999
1.0991944615384615
1.205796923076923
1.173252923076923
1.0184603076923076
0.7274418461538461
0.3604873846153846
-0.07113784615384615
-0.5058923076923076
-0.884112
-1.1697064615384616
-1.3128166153846155
-1.3290886153846153
-1.1767993846153846
-0.8473956923076923
-0.4145187692307692
0.10389046153846154
0.6360683076923077
1.1117113846153845
1.4890966153846152
1.6866553846153847
1.6954172307692306
1.490556923076923
1.089180923076923
0.5789076923076923
-0.007927384615384614
-0.5968486153846153
-1.1275661538461539
-1.5218492307692306
-1.7002153846153847
-1.6620387692307692
-1.4085710769230768
-0.9731907692307692
-0.3915710769230769
0.2705741538461538
0.9016356923076922
1.4260947692307693
1.766555076923077
1.864395692307692
1.7283784615384614
1.3595464615384616
0.8090104615384615
0.18629353846153843
-0.44914892307692306
-1.0101156923076922
-1.420044923076923
-1.6507735384615385
-1.6580750769230768
-1.4477907692307692
-1.0466233846153845
-0.5192436923076923
0.05611753846153846
0.6037329230769231
1.0476664615384614
1.3591292307692306
1.4882621538461538
1.427137846153846
1.2035021538461537
0.8365476923076922
0.40700861538461536
-0.025659692307692307
-0.42244615384615386
-0.7188886153846153
-0.9154043076923076
-0.9990590769230768
-0.9517033846153846
-0.8050467692307692
-0.5753612307692307
-0.3102110769230769
-0.03483876923076923
0.23656984615384613
0.4675070769230769
0.6362769230769231
0.7263987692307693
0.7439224615384615
0.6855101538461539
0.5542910769230769
0.38531261538461536
0.19735015384615384
0.00855323076923077
-0.17294215384615383
-0.3619476923076923
-0.5311347692307692
-0.6552609230769231
-0.7307796923076922
-0.7293193846153846
-0.668820923076923
-0.5622184615384616
-0.3890676923076923
-0.15291507692307693
0.14144123076923076
0.44581107692307687
0.703451076923077
0.8807741538461539
0.9683926153846153
0.9579618461538462
0.8384252307692308
0.6268892307692308
0.3323243076923077
-0.009804923076923077
-0.3304467692307692
-0.5893384615384615
-0.7639495384615383
-0.8336270769230769
-0.8146430769230769
-0.6976098461538461
-0.4852393846153846
-0.2205064615384615
0.09095630769230768
0.3805144615384615
0.6056104615384615
0.7589427692307691
0.8056726153846153
0.7747975384615384
0.6650658461538461
0.47313969230769226
0.23156307692307693
-0.02482523076923077
-0.24887815384615386
-0.41305846153846154
-0.5144455384615384
-0.5599236923076922
-0.5599236923076922
-0.5108990769230769
-0.40742584615384614
-0.27558092307692306
-0.12704676923076924
0.009387692307692307
0.119328
0.20339999999999997
0.25138153846153843
0.2814221538461538
0.26786215384615386
0.2157083076923077
0.1558356923076923
0.09471138461538461
0.044435076923076924
-0.017315076923076923
-0.09179076923076923
-0.16334584615384617
-0.23385784615384617
-0.29080984615384614
-0.3373310769230769
-0.35694092307692304
-0.34296369230769225
-0.30562153846153844
-0.21591692307692306
-0.07885661538461539
0.09179076923076923
0.28017046153846153
0.4387181538461538
0.5580461538461539
0.6154153846153846
0.5872523076923076
0.4789809230769231
0.2818393846153846
0.03984553846153846
-0.20861538461538462
-0.44226461538461537
-0.6120775384615385
-0.7021993846153846
-0.710544
-0.6262633846153846
-0.45206953846153847
-0.19526400000000002
0.09512861538461538
0.3594443076923077
0.5818283076923076
0.7274418461538461
0.7725027692307692
0.7036596923076923
0.5275883076923077
0.2837169230769231
-0.003963692307692307
-0.28246523076923075
-0.4889944615384615
-0.6120775384615385
-0.6448301538461538
-0.5968486153846153
-0.484404923076923
-0.2999889230769231
-0.08052553846153847
0.1424843076923077
0.3346190769230769
0.45561599999999997
0.5063095384615385
0.4948356923076923
0.442056
0.35235138461538457
0.23677846153846152
0.11140061538461538
-0.004798153846153846
-0.07843938461538462
-0.11599015384615384
-0.12767261538461538
-0.11223507692307692
-0.09137353846153846
-0.06154153846153846
-0.023364923076923075
0.008344615384615384
0.04526953846153846
0.05674338461538461
0.04214030769230769
0.03358707692307692
0.03567323076923076
0.05757784615384615
0.084072
0.10618523076923077
0.127464
0.13434830769230768
0.12329169230769231
0.09283384615384616
0.03275261538461539
-0.04422646153846154
-0.13664307692307692
-0.21362215384615382
-0.2540935384615385
-0.26535876923076923
-0.238656
-0.19067446153846154
-0.116616
-0.016063384615384615
0.09971815384615385
0.2073636923076923
0.27871015384615383
0.3087507692307692
0.29873723076923075
0.25847446153846154
0.1948467692307692
0.12099692307692309
0.03379569230769231
-0.05382276923076923
-0.10618523076923077
-0.12037107692307693
-0.10326461538461539
-0.05820369230769231
0.007510153846153846
0.07510153846153846
0.14060676923076923
0.18212123076923076
0.1846246153846154
0.1531236923076923
0.07510153846153846
-0.008970461538461538
-0.08574092307692306
-0.14978584615384616
-0.1856676923076923
-0.20861538461538462
-0.20423446153846153
-0.17002153846153847
-0.1097316923076923
-0.032544
0.03942830769230769
0.09053907692307692
0.10493353846153847
0.0828203076923077
0.027745846153846152
-0.058412307692307694
-0.14540492307692307
-0.21925476923076925
-0.273912
-0.2791273846153846
-0.2342750769230769
-0.14415323076923076
-0.022947692307692308
0.09909230769230769
0.22634769230769228
0.330864
0.39657784615384617
0.4109723076923077
0.34984799999999994
0.235944
0.08010830769230769
-0.08073415384615384
-0.21842030769230766
-0.3319070769230769
-0.39657784615384617
-0.4011673846153846
-0.3419206153846154
-0.22405292307692307
-0.07593599999999999
0.08135999999999999
0.2290596923076923
0.344424
0.42265476923076917
0.4374664615384615
0.3863556923076923
0.28204799999999997
0.1314276923076923
-0.02524246153846154
-0.1696043076923077
-0.2853858461538461
-0.3615304615384615
-0.4072172307692307
-0.41013784615384613
-0.36570276923076916
-0.2799618461538461
-0.1710646153846154
-0.07051199999999999
0.029414769230769227
0.12308307692307692
0.200688
0.2651501538461538
0.2966510769230769
0.2943563076923077
0.25701415384615384
0.19881046153846152
0.13893784615384613
0.07802215384615384
0.013768615384615384
-0.05590892307692308
-0.1218313846153846
-0.165432
-0.17252492307692308
-0.146448
-0.09804923076923076
-0.03984553846153846
0.023990769230769232
0.09450276923076922
0.16856123076923077
0.24074215384615386
0.29039261538461536
0.31000246153846156
0.29581661538461534
0.25471938461538457
0.19818461538461538
0.11306953846153844
0.012934153846153845
-0.1045163076923077
-0.21007569230769232
-0.26765353846153844
-0.295608
-0.2947735384615384
-0.2632726153846154
-0.20506892307692307
-0.11703323076923078
-0.008344615384615384
0.10180430769230768
0.19672430769230767
0.25200738461538463
0.2730775384615384
0.25847446153846154
0.20715507692307691
0.12850707692307692
0.01668923076923077
-0.11035753846153845
-0.21862892307692305
-0.2951907692307692
-0.3319070769230769
-0.3314898461538462
-0.30270092307692303
-0.23886461538461537
-0.15249784615384615
-0.04944184615384615
0.05277969230769231
0.132888
0.18086953846153844
0.1858763076923077
0.16897846153846155
0.1462393846153846
0.11390399999999999
0.06967753846153846
0.021904615384615383
-0.020652923076923076
-0.05090215384615384
-0.06675692307692307
-0.07343261538461537
-0.08052553846153847
-0.09137353846153846
-0.09241661538461539
-0.08115138461538463
-0.054240000000000003
-0.03233538461538461
-0.029206153846153847
-0.03692492307692308
-0.03963692307692308
-0.012099692307692308
0.02482523076923077
0.05382276923076923
0.07468430769230769
0.08094276923076923
0.08782707692307692
0.09596307692307693
0.08720123076923077
0.04526953846153846
-0.03045784615384615
-0.1178676923076923
-0.20423446153846153
-0.268488
-0.30666461538461537
-0.32210215384615387
-0.3152178461538461
-0.2951907692307692
-0.21466523076923077
-0.08386338461538462
0.058412307692307694
0.21341353846153846
0.3291950769230769
0.409512
0.49358399999999997
0.5540824615384615
0.5538738461538462
0.48857723076923076
0.3054129230769231
0.06884307692307692
-0.15208061538461537
-0.3047870769230769
-0.39407446153846154
-0.5156972307692308
-0.5430258461538462
-0.511524923076923
-0.3588184615384616
-0.10138707692307691
0.12725538461538463
0.36403384615384615
0.48628246153846155
0.5983089230769231
0.654217846153846
0.5797421538461539
0.45040061538461534
0.1666836923076923
-0.11765907692307691
-0.3642424615384615
-0.5693113846153846
-0.6354424615384615
-0.6656916923076922
-0.5905901538461539
-0.4182738461538461
-0.21487384615384614
0.06842584615384616
0.3187643076923077
0.5286313846153846
0.66444
0.6467076923076923
0.5997692307692307
0.4877427692307692
0.33607938461538456
0.19651569230769228
0.01940123076923077
-0.11286092307692308
-0.22467876923076924
-0.2862203076923077
-0.25200738461538463
-0.2157083076923077
-0.1558356923076923
-0.06759138461538462
0.017523692307692306
0.12433476923076923
0.18858830769230767
0.21842030769230766
0.22634769230769228
0.20486030769230767
0.20652923076923077
0.19881046153846152
0.18274707692307693
0.16751815384615384
0.14603076923076924
0.13101046153846155
0.084072
0.00855323076923077
-0.07030338461538461
-0.1775316923076923
-0.2680707692307692
-0.3241883076923077
-0.347136
-0.30749907692307693
-0.23364923076923078
-0.11473846153846154
0.03880246153846154
0.18963138461538462
0.3214763076923077
0.40033292307692303
0.42307199999999995
0.38531261538461536
0.2897667692307692
0.1696043076923077
0.012934153846153845
-0.14603076923076924
-0.2707827692307692
-0.3604873846153846
-0.39011076923076926
-0.3798886153846154
-0.3116713846153846
-0.1923433846153846
-0.056951999999999996
0.10430769230769231
0.24074215384615386
0.3275261538461538
0.3577753846153846
0.31250584615384613
0.23072861538461537
0.12621230769230768
-0.012934153846153845
-0.16084246153846155
-0.29039261538461536
-0.3594443076923077
-0.34296369230769225
-0.2749550769230769
-0.15875630769230767
-0.03337846153846154
0.0855323076923077
0.20715507692307691
0.2822566153846154
0.3133403076923077
0.2776670769230769
0.18858830769230767
0.09512861538461538
-0.020027076923076922
-0.10910584615384614
-0.1637630769230769
-0.19609846153846153
-0.17440246153846153
-0.13267938461538462
-0.06195876923076923
0.02211323076923077
0.08094276923076923
0.13080184615384613
0.14164984615384615
0.11953661538461538
0.07885661538461539
0.016063384615384615
-0.03567323076923076
-0.08615815384615384
-0.124752
-0.12829846153846153
-0.11286092307692308
-0.06383630769230769
0.005215384615384615
0.07614461538461538
0.14978584615384616
0.20193969230769232
0.23615261538461538
0.24095076923076922
0.19213476923076922
0.11703323076923078
0.027328615384615382
-0.056326153846153845
-0.11098338461538461
-0.16271999999999998
-0.17711446153846155
-0.143736
-0.08198584615384615
0.012934153846153845
0.09179076923076923
0.14457046153846154
0.16710092307692306
0.15792184615384616
0.138312
0.08574092307692306
0.008344615384615384
-0.08115138461538463
-0.16042523076923076
-0.19046584615384615
-0.18796246153846152
-0.14978584615384616
-0.09012184615384615
-0.03629907692307692
0.02044430769230769
0.06446215384615385
0.08636676923076922
0.07969107692307692
0.02482523076923077
-0.05653476923076922
-0.1341396923076923
-0.19755876923076923
-0.21883753846153844
-0.214248
-0.1860849230769231
-0.1178676923076923
-0.024408000000000003
0.09992676923076924
0.2288510769230769
0.3246055384615385
0.3623649230769231
0.33524492307692305
0.27704123076923076
0.1994363076923077
0.0988836923076923
-0.015228923076923076
-0.12767261538461538
-0.21091015384615383
-0.23803015384615384
-0.2075723076923077
-0.13872923076923074
-0.05674338461538461
0.028788923076923077
0.11411261538461538
0.19192615384615386
0.25346769230769234
0.265776
0.22989415384615383
0.16313723076923078
0.06967753846153846
-0.02023569230769231
-0.09846646153846153
-0.16501476923076921
-0.22154953846153846
-0.25346769230769234
-0.24053353846153847
-0.19672430769230767
-0.1289243076923077
-0.05298830769230769
0.017315076923076923
0.07948246153846153
0.130176
0.18086953846153844
0.20798953846153845
0.19338646153846153
0.1506203076923077
0.08073415384615384
0.013351384615384614
-0.03942830769230769
-0.09554584615384615
-0.1368516923076923
-0.17085599999999998
-0.18754523076923074
-0.16000799999999998
-0.12120553846153845
-0.07593599999999999
-0.03838523076923077
-0.016480615384615385
0.021070153846153846
0.05716061538461538
0.09429415384615383
0.124752
0.1287156923076923
0.12662953846153846
0.10243015384615384
0.06404492307692307
0.013560000000000001
-0.06008123076923077
-0.1289243076923077
-0.19693292307692306
-0.2426196923076923
-0.24595753846153845
-0.23239753846153846
-0.18879692307692306
-0.12767261538461538
-0.06049846153846154
0.03400430769230769
0.12099692307692309
0.18754523076923074
0.2273907692307692
0.22968553846153844
0.21028430769230766
0.16418030769230768
0.09930092307692308
0.01940123076923077
-0.07635323076923077
-0.1597993846153846
-0.222384
-0.2507556923076923
-0.24345415384615382
-0.21967199999999998
-0.16418030769230768
-0.08866153846153846
-0.006467076923076923
0.078648
0.13706030769230768
0.168144
0.1635544615384615
0.127464
0.08031692307692308
0.014394461538461538
-0.05716061538461538
-0.12329169230769231
-0.1652233846153846
-0.16647507692307692
-0.1476996923076923
-0.09930092307692308
-0.035464615384615386
0.029832
0.09471138461538461
0.14749107692307692
0.18775384615384613
0.200688
0.18712800000000002
0.16209415384615386
0.13455692307692307
0.10889723076923077
0.07927384615384615
0.037967999999999995
-0.0008344615384615384
-0.033169846153846154
-0.06049846153846154
-0.07510153846153846
-0.08699261538461538
-0.08490646153846154
-0.08240307692307691
-0.08010830769230769
-0.06216738461538462
-0.049233230769230765
-0.03629907692307692
-0.03045784615384615
-0.02524246153846154
-0.006049846153846154
0.006049846153846154
0.010013538461538461
0.006884307692307692
-0.012099692307692308
-0.037342153846153844
-0.06133292307692308
-0.08302892307692307
-0.09554584615384615
-0.10806276923076923
-0.10994030769230768
-0.08824430769230769
-0.04193169230769231
0.03567323076923076
0.12412615384615384
0.2127876923076923
0.2916443076923077
0.3544375384615384
0.40095876923076923
0.41034646153846155
0.37926276923076924
0.3160523076923077
0.22947692307692308
0.13601723076923075
0.04276615384615385
-0.03129230769230769
-0.08761846153846153
-0.12558646153846154
-0.12370892307692308
-0.09179076923076923
-0.023990769230769232
0.054657230769230764
0.12329169230769231
0.1927606153846154
0.23448369230769228
0.2478350769230769
0.22134092307692307
0.16251138461538459
0.08511507692307693
-0.017315076923076923
-0.11578153846153846
-0.20047938461538461
-0.2563883076923077
-0.2828824615384615
-0.27620676923076926
-0.22718215384615387
-0.14832553846153845
-0.046104
0.055491692307692304
0.14164984615384615
0.19672430769230767
0.2275993846153846
0.23448369230769228
0.2056947692307692
0.1504116923076923
0.06216738461538462
-0.040054153846153843
-0.12913292307692306
-0.19004861538461537
-0.22342707692307692
-0.22447015384615385
-0.19881046153846152
-0.14415323076923076
-0.06028984615384615
0.020652923076923076
0.09846646153846153
0.14102399999999998
0.14164984615384615
0.12370892307692308
0.09763200000000001
0.07697907692307693
0.05298830769230769
0.023782153846153845
-0.008136
-0.028371692307692306
-0.04088861538461538
-0.046104
-0.05570030769230769
-0.07677046153846154
-0.09554584615384615
-0.09784061538461537
-0.07635323076923077
-0.04672984615384615
-0.012934153846153845
0.016480615384615385
0.05403138461538461
0.09992676923076924
0.14978584615384616
0.19025723076923076
0.19693292307692306
0.17690584615384616
0.1353913846153846
0.09554584615384615
0.06070707692307692
0.01940123076923077
-0.030875076923076922
-0.09033046153846153
-0.13768615384615385
-0.16480615384615382
-0.1597993846153846
-0.13226215384615383
-0.09992676923076924
-0.059038153846153844
-0.007301538461538462
0.05862092307692307
0.11745046153846153
0.15479261538461536
0.16418030769230768
0.14457046153846154
0.111192
0.07781353846153846
0.03713353846153846
-0.007510153846153846
-0.05528307692307692
-0.09199938461538461
-0.09846646153846153
-0.08115138461538463
-0.03358707692307692
0.02044430769230769
0.07405846153846153
0.12767261538461538
0.17502830769230768
0.2154996923076923
0.22154953846153846
0.19609846153846153
0.15479261538461536
0.10910584615384614
0.07510153846153846
0.04735569230769231
0.017523692307692306
-0.016063384615384615
-0.04318338461538461
-0.05611753846153846
-0.05757784615384615
-0.04944184615384615
-0.04902461538461538
-0.05674338461538461
-0.06300184615384616
-0.06154153846153846
-0.049233230769230765
-0.03901107692307692
-0.03296123076923077
-0.03379569230769231
-0.03024923076923077
-0.010013538461538461
0.0022947692307692304
0.004589538461538461
-0.010222153846153844
-0.03150092307692308
-0.04693846153846153
-0.06028984615384615
-0.06675692307692307
-0.07572738461538461
-0.08615815384615384
-0.11452984615384615
-0.1489513846153846
-0.17085599999999998
-0.20131384615384615
-0.21758584615384616
-0.16605784615384614
-0.05590892307692308
0.111192
0.3039526153846154
0.4593710769230769
0.6033156923076922
0.6923944615384616
0.7241040000000001
0.6675692307692307
0.4866996923076923
0.252216
-0.015646153846153844
-0.2292683076923077
-0.4378836923076923
-0.5899643076923077
-0.6431612307692307
-0.6356510769230769
-0.4704276923076923
-0.2591003076923077
-0.009387692307692307
0.23218892307692307
0.41326707692307696
0.5630529230769231
0.5805766153846154
0.5117335384615385
0.3542289230769231
0.13706030769230768
-0.09679753846153846
-0.3542289230769231
-0.5355156923076922
-0.6437870769230769
-0.6427439999999999
-0.5240418461538462
-0.3713353846153846
-0.19046584615384615
-0.03337846153846154
0.09971815384615385
0.22134092307692307
0.24199384615384617
0.19505538461538463
0.11807630769230769
0.02357353846153846
-0.025033846153846153
-0.073224
-0.12099692307692309
-0.16230276923076925
-0.1990190769230769
-0.1942209230769231
-0.17273353846153844
-0.14916
-0.146448
-0.14665661538461539
-0.11682461538461539
-0.08845292307692308
-0.05194523076923077
-0.03212676923076923
-0.04214030769230769
-0.04172307692307692
-0.04902461538461538
-0.042348923076923076
-0.013142769230769229
0.02795446153846154
0.092208
0.14123261538461537
0.15103753846153847
0.14290153846153844
0.09721476923076922
0.01043076923076923
-0.0936683076923077
-0.2125790769230769
-0.2924787692307692
-0.31688676923076925
-0.27704123076923076
-0.18545907692307692
-0.06738276923076922
0.07426707692307692
0.1992276923076923
0.30270092307692303
0.34651015384615386
0.30749907692307693
0.2209236923076923
0.10576799999999999
-0.006675692307692307
-0.10117846153846152
-0.18379015384615385
-0.2290596923076923
-0.2292683076923077
-0.19818461538461538
-0.12579507692307693
-0.03942830769230769
0.042557538461538466
0.12683815384615382
0.20402584615384614
0.2680707692307692
0.30666461538461537
0.31104553846153843
0.2805876923076923
0.23093723076923076
0.1691870769230769
0.09179076923076923
0.03337846153846154
0.0014603076923076922
-0.014185846153846153
0.008970461538461538
0.061750153846153844
0.13768615384615385
0.21737723076923077
0.2503384615384615
0.2357353846153846
0.17544553846153846
0.08344615384615384
-0.012308307692307691
-0.11181784615384616
-0.19609846153846153
-0.2453316923076923
-0.25012984615384615
-0.2090326153846154
-0.1287156923076923
-0.022947692307692308
0.06049846153846154
0.11599015384615384
0.154584
0.16334584615384617
0.1449876923076923
0.07697907692307693
-0.025033846153846153
-0.12162276923076921
-0.19296923076923078
-0.2261390769230769
-0.23093723076923076
-0.21237046153846154
-0.17231630769230769
-0.10222153846153846
-0.005841230769230769
0.10055261538461538
0.1883796923076923
0.23406646153846156
0.24700061538461537
0.22154953846153846
0.16084246153846155
0.07781353846153846
-0.02044430769230769
-0.10514215384615383
-0.17273353846153844
-0.21237046153846154
-0.20944984615384615
-0.16000799999999998
-0.07739630769230768
-0.0006258461538461538
0.06738276923076922
0.12683815384615382
0.18066092307692305
0.21862892307692305
0.22113230769230768
0.18858830769230767
0.12454338461538461
0.054657230769230764
-0.0016689230769230767
-0.04756430769230769
-0.09012184615384615
-0.12454338461538461
-0.13726892307692307
-0.12016246153846154
-0.07510153846153846
-0.018983999999999997
0.028163076923076923
0.06613107692307692
0.0988836923076923
0.1207883076923077
0.13497415384615385
0.13622584615384614
0.12725538461538463
0.10806276923076923
0.084072
0.06613107692307692
0.05820369230769231
0.06884307692307692
0.07885661538461539
0.08720123076923077
0.09241661538461539
0.0892873846153846
0.08720123076923077
0.07969107692307692
0.05507446153846154
0.018775384615384614
-0.007510153846153846
-0.025659692307692307
-0.03024923076923077
-0.03942830769230769
-0.04318338461538461
-0.02273907692307692
0.009179076923076922
0.06467076923076923
0.09825784615384614
0.1045163076923077
0.09450276923076922
0.06425353846153846
0.041514461538461535
0.017523692307692306
-0.0035464615384615383
-0.02044430769230769
-0.03921969230769231
-0.03838523076923077
-0.017315076923076923
0.008970461538461538
0.031918153846153846
0.04109723076923077
0.03921969230769231
0.026285538461538457
0.0014603076923076922
-0.029414769230769227
-0.07197230769230768
-0.12204
-0.15833907692307692
-0.17231630769230769
-0.165432
-0.13935507692307691
-0.09992676923076924
-0.04860738461538461
0.006884307692307692
0.06487938461538462
0.11473846153846154
0.14436184615384615
0.15354092307692307
0.13393107692307693
0.08824430769230769
0.034630153846153845
-0.024408000000000003
-0.07885661538461539
-0.12245723076923076
-0.14290153846153844
-0.12037107692307693
-0.06404492307692307
0.008970461538461538
0.08115138461538463
0.146448
0.20715507692307691
0.25972615384615383
0.28246523076923075
0.260352
0.18858830769230767
0.09429415384615383
-0.0012516923076923076
-0.08740984615384616
-0.143736
-0.18232984615384615
-0.19630707692307692
-0.1785747692307692
-0.1289243076923077
-0.05778646153846154
0.009596307692307692
0.07238953846153846
0.12308307692307692
0.14749107692307692
0.14936861538461538
0.1207883076923077
0.06529661538461538
-0.005841230769230769
-0.08511507692307693
-0.1462393846153846
-0.18942276923076923
-0.20402584615384614
-0.18900553846153845
-0.15813046153846153
-0.10806276923076923
-0.04965046153846154
0.016480615384615385
0.08428061538461538
0.13622584615384614
0.17502830769230768
0.20444307692307692
0.22572184615384616
0.2415766153846154
0.23448369230769228
0.2140393846153846
0.18379015384615385
0.138312
0.09262523076923077
0.03483876923076923
-0.029623384615384614
-0.09012184615384615
-0.138312
-0.1558356923076923
-0.1506203076923077
-0.12245723076923076
-0.06967753846153846
-0.0033378461538461535
0.07092923076923077
0.14457046153846154
0.20715507692307691
0.2426196923076923
0.23656984615384613
0.1873366153846154
0.11056615384615384
0.01668923076923077
-0.09116492307692307
-0.1992276923076923
-0.2912270769230769
-0.3542289230769231
-0.3798886153846154
-0.3538116923076923
-0.2920615384615385
-0.20819815384615384
-0.10848000000000001
-0.004798153846153846
0.09804923076923076
0.17398523076923075
0.21111876923076925
0.20527753846153846
0.16313723076923078
0.11265230769230769
0.05090215384615384
-0.03045784615384615
-0.11244369230769231
-0.17648861538461538
-0.20152246153846154
-0.18316430769230768
-0.12725538461538463
-0.05653476923076922
0.010639384615384617
0.07134646153846153
0.12141415384615384
0.16209415384615386
0.18149538461538461
0.173568
0.14415323076923076
0.10347323076923076
0.06028984615384615
0.034630153846153845
0.029832
0.03504738461538461
0.051319384615384614
0.06529661538461538
0.07614461538461538
0.07301538461538462
0.03880246153846154
-0.02211323076923077
-0.09387692307692307
-0.15938215384615384
-0.20381723076923075
-0.21696000000000001
-0.20193969230769232
-0.16251138461538459
-0.10326461538461539
-0.019192615384615384
0.07259815384615384
0.14582215384615385
0.1775316923076923
0.154584
0.09283384615384616
0.0004172307692307692
-0.11035753846153845
-0.22175815384615383
-0.32606584615384615
-0.41034646153846155
-0.4485230769230769
-0.425784
-0.344424
-0.23072861538461537
-0.10681107692307691
0.01814953846153846
0.1353913846153846
0.24199384615384617
0.3202246153846154
0.3581926153846154
0.34963938461538463
0.2916443076923077
0.200688
0.10243015384615384
0.013142769230769229
-0.06028984615384615
-0.11411261538461538
-0.14477907692307693
-0.1397723076923077
-0.09909230769230769
-0.040679999999999994
0.02858030769230769
0.09325107692307691
0.1435273846153846
0.18483323076923078
0.19588984615384614
0.17273353846153844
0.12558646153846154
0.06216738461538462
0.011265230769230769
-0.02023569230769231
-0.03588184615384615
-0.04526953846153846
-0.05236246153846154
-0.05778646153846154
-0.05778646153846154
-0.056951999999999996
-0.06675692307692307
-0.084072
-0.10994030769230768
-0.11891076923076922
-0.0974233846153846
-0.05444861538461539
0.00855323076923077
0.07197230769230768
0.13226215384615383
0.1794092307692308
0.21862892307692305
0.24095076923076922
0.22530461538461538
0.18379015384615385
0.10660246153846153
0.024408000000000003
-0.04109723076923077
-0.09053907692307692
-0.11849353846153846
-0.1424843076923077
-0.14331876923076922
-0.11077476923076923
-0.05820369230769231
0.004798153846153846
0.056951999999999996
0.09784061538461537
0.130176
0.1597993846153846
0.18858830769230767
0.19046584615384615
0.157296
0.103056
0.043600615384615383
-0.0008344615384615384
-0.03483876923076923
-0.065088
-0.08720123076923077
-0.09721476923076922
-0.08428061538461538
-0.059038153846153844
-0.029623384615384614
-0.0022947692307692304
0.016897846153846156
0.03775938461538462
0.05528307692307692
0.06988615384615385
0.07781353846153846
0.06988615384615385
0.04526953846153846
0.01856676923076923
-0.0029206153846153843
-0.020652923076923076
-0.035255999999999996
-0.05590892307692308
-0.0717636923076923
-0.08866153846153846
-0.09554584615384615
-0.08615815384615384
-0.08302892307692307
-0.07697907692307693
-0.06988615384615385
-0.056951999999999996
-0.03921969230769231
-0.022530461538461537
-0.015854769230769228
-0.012099692307692308
0.009804923076923077
0.021070153846153846
0.04631261538461538
0.04693846153846153
0.06070707692307692
0.07948246153846153
0.13518276923076925
0.2951907692307692
0.2951907692307692
0.2837169230769231
0.26869661538461537
0.19380369230769232
0.20423446153846153
0.086784
-0.03942830769230769
-0.19296923076923078
-0.32377107692307694
-0.2981113846153846
-0.2937304615384615
-0.22196676923076922
-0.16876984615384616
-0.07969107692307692
0.12913292307692306
0.28017046153846153
0.4466455384615384
0.48649107692307686
0.38343507692307693
0.2897667692307692
0.09784061538461537
-0.06300184615384616
-0.21195323076923075
-0.39657784615384617
-0.45457292307692304
-0.5424
-0.5386449230769231
-0.3855212307692308
-0.25284184615384614
-0.04652123076923077
0.08469784615384615
0.16209415384615386
0.2574313846153846
0.2931046153846154
0.37050092307692306
0.38698153846153843
0.30019753846153846
0.19693292307692306
0.08699261538461538
0.05444861538461539
0.018358153846153843
-0.07134646153846153
-0.14144123076923076
-0.22426153846153846
-0.21633415384615384
-0.14311015384615386
-0.09700615384615385
-0.019192615384615384
0.025659692307692307
0.08907876923076924
0.18858830769230767
0.22843384615384613
0.2757895384615385
0.2849686153846154
0.24199384615384617
0.233232
0.20402584615384614
0.1558356923076923
0.07823076923076923
-0.03984553846153846
-0.15187199999999998
-0.265776
-0.33357600000000004
-0.35256
-0.31918153846153846
-0.24345415384615382
-0.18253846153846154
-0.054657230769230764
0.11703323076923078
0.2753723076923077
0.42724430769230765
0.4914978461538461
0.4889944615384615
0.4449766153846154
0.33670523076923076
0.20527753846153846
0.021070153846153846
-0.1733593846153846
-0.3077076923076923
-0.39866399999999996
-0.4214030769230769
-0.40930338461538457
-0.3479704615384615
-0.21654276923076923
-0.06738276923076922
0.09533723076923077
0.21904615384615383
0.3095852307692307
0.37926276923076924
0.368832
0.3212676923076923
0.2292683076923077
0.09095630769230768
-0.02524246153846154
-0.15124615384615384
-0.24887815384615386
-0.28246523076923075
-0.29185292307692307
-0.24428861538461538
-0.17690584615384616
-0.103056
0.007301538461538462
0.10848000000000001
0.19317784615384614
0.23615261538461538
0.23823876923076923
0.2059033846153846
0.14665661538461539
0.10618523076923077
0.06759138461538462
0.02482523076923077
-0.014603076923076923
-0.058412307692307694
-0.073224
-0.06884307692307692
-0.06487938461538462
-0.03984553846153846
-0.03713353846153846
-0.03275261538461539
-0.001043076923076923
0.019609846153846155
0.03400430769230769
0.02545107692307692
0.012308307692307691
0.02023569230769231
0.03400430769230769
0.04401784615384615
0.04214030769230769
0.02273907692307692
0.002712
-0.015437538461538461
-0.02044430769230769
-0.011682461538461537
-0.016272
-0.018775384615384614
-0.03212676923076923
-0.027120000000000002
0.011891076923076923
0.048816000000000005
0.10117846153846152
0.12913292307692306
0.13101046153846155
0.1287156923076923
0.10994030769230768
0.10117846153846152
0.07030338461538461
-0.0002086153846153846
-0.06967753846153846
-0.12913292307692306
-0.15938215384615384
-0.16188553846153847
-0.15520984615384617
-0.1353913846153846
-0.09930092307692308
-0.03024923076923077
0.04735569230769231
0.10159569230769232
0.12996738461538462
0.11807630769230769
0.08469784615384615
0.03650769230769231
-0.03045784615384615
-0.0988836923076923
-0.17628
-0.23135446153846154
-0.23615261538461538
-0.21195323076923075
-0.1462393846153846
-0.05444861538461539
0.04172307692307692
0.13080184615384613
0.19964492307692308
0.25951753846153847
0.2951907692307692
0.2849686153846154
0.2342750769230769
0.1506203076923077
0.05194523076923077
-0.04276615384615385
-0.1097316923076923
-0.13789476923076924
-0.15082892307692305
-0.12955015384615384
-0.07468430769230769
-0.006467076923076923
0.06967753846153846
0.12391753846153845
0.16501476923076921
0.1829556923076923
0.16105107692307694
0.12016246153846154
0.06195876923076923
-0.009596307692307692
-0.07364123076923076
-0.12162276923076921
-0.14853415384615384
-0.15124615384615384
-0.13455692307692307
-0.10848000000000001
-0.08156861538461539
-0.04839876923076923
-0.010848
0.014185846153846153
0.022530461538461537
0.018775384615384614
0.01043076923076923
0.002086153846153846
-0.012308307692307691
-0.01710646153846154
-0.015854769230769228
-0.0077187692307692304
0.023990769230769232
0.05444861538461539
0.08720123076923077
0.124752
0.14790830769230767
0.16334584615384617
0.1543753846153846
0.11599015384615384
0.05653476923076922
-0.021696
-0.08845292307692308
-0.1424843076923077
-0.18629353846153843
-0.20819815384615384
-0.20277415384615383
-0.16793538461538463
-0.10931446153846153
-0.031709538461538456
0.04109723076923077
0.0853236923076923
0.10535076923076922
0.10368184615384615
0.07760492307692309
0.045060923076923075
0.0
-0.05570030769230769
-0.10618523076923077
-0.15333230769230768
-0.16876984615384616
-0.15959076923076923
-0.13455692307692307
-0.09325107692307691
-0.05716061538461538
-0.009596307692307692
0.03775938461538462
0.0771876923076923
0.10827138461538462
0.12350030769230769
0.13247076923076923
0.12621230769230768
0.12204
0.1207883076923077
0.103056
0.08031692307692308
0.054657230769230764
0.031709538461538456
0.011265230769230769
-0.018358153846153843
-0.04985907692307692
-0.08323753846153846
-0.10764553846153846
-0.10117846153846152
-0.07843938461538462
-0.040054153846153843
0.014185846153846153
0.0744756923076923
0.14561353846153846
0.20673784615384616
0.2526332307692308
0.26535876923076923
0.23656984615384613
0.18358153846153846
0.10117846153846152
0.010639384615384617
-0.08636676923076922
-0.17899199999999998
-0.25138153846153843
-0.2989458461538462
-0.2962338461538461
-0.24449723076923074
-0.15270646153846154
-0.044435076923076924
0.058829538461538454
0.15625292307692307
0.2374043076923077
0.2830910769230769
0.27182584615384614
0.20506892307692307
0.10138707692307691
-0.01981846153846154
-0.12913292307692306
-0.21675138461538462
-0.2830910769230769
-0.31834707692307695
-0.3148006153846154
-0.27140861538461536
-0.1940123076923077
-0.10076123076923077
-0.02023569230769231
0.04088861538461538
0.09012184615384615
0.12433476923076923
0.14436184615384615
0.14206707692307693
0.119328
0.08907876923076924
0.05653476923076922
0.04088861538461538
0.028163076923076923
0.005215384615384615
-0.018358153846153843
-0.03629907692307692
-0.035464615384615386
-0.025033846153846153
-0.012516923076923077
0.0006258461538461538
0.011265230769230769
0.022947692307692308
0.04672984615384615
0.0853236923076923
0.12704676923076924
0.15938215384615384
0.17377661538461536
0.17377661538461536
0.16418030769230768
0.14519630769230768
0.10618523076923077
0.042557538461538466
-0.02858030769230769
-0.09533723076923077
-0.14144123076923076
-0.168144
-0.18942276923076923
-0.20193969230769232
-0.1913003076923077
-0.1435273846153846
-0.06759138461538462
0.017315076923076923
0.09429415384615383
0.15208061538461537
0.19526400000000002
0.21883753846153844
0.21320492307692307
0.173568
0.10076123076923077
0.014603076923076923
-0.06195876923076923
-0.11452984615384615
-0.13768615384615385
-0.143736
-0.13330523076923076
-0.0936683076923077
-0.028371692307692306
0.051528
0.12996738461538462
0.17628
0.19359507692307693
0.1867107692307692
0.168144
0.14811692307692306
0.11056615384615384
0.05799507692307692
-0.007510153846153846
-0.05799507692307692
-0.08198584615384615
-0.08240307692307691
-0.06946892307692307
-0.05611753846153846
-0.02858030769230769
0.0070929230769230765
0.047772923076923074
0.0855323076923077
0.10180430769230768
0.09825784615384614
0.08115138461538463
0.05924676923076923
0.04526953846153846
0.03275261538461539
0.010639384615384617
-0.003755076923076923
0.0002086153846153846
0.029206153846153847
0.07843938461538462
0.12600369230769232
0.157296
0.1666836923076923
0.17252492307692308
0.17565415384615385
0.16167692307692308
0.124752
0.061124307692307686
-0.007510153846153846
-0.05611753846153846
-0.0798996923076923
-0.08490646153846154
-0.0880356923076923
-0.09137353846153846
-0.08428061538461538
-0.06049846153846154
-0.010639384615384617
0.03775938461538462
0.06154153846153846
0.059038153846153844
0.03629907692307692
0.021278769230769233
0.010639384615384617
-0.0043809230769230765
-0.030040615384615384
-0.06863446153846153
-0.09408553846153846
-0.10389046153846154
-0.10368184615384615
-0.09596307692307693
-0.09658892307692307
-0.08824430769230769
-0.0678
-0.03337846153846154
0.016480615384615385
0.04985907692307692
0.0717636923076923
0.08469784615384615
0.086784
0.08594953846153845
0.07113784615384615
0.032544
-0.018358153846153843
-0.073224
-0.11140061538461538
-0.12245723076923076
-0.1287156923076923
-0.12350030769230769
-0.10910584615384614
-0.08344615384615384
-0.03963692307692308
0.008970461538461538
0.053405538461538456
0.07405846153846153
0.07677046153846154
0.07113784615384615
0.06133292307692308
0.05090215384615384
0.021487384615384613
-0.017940923076923077
-0.05194523076923077
-0.07969107692307692
-0.08240307692307691
-0.07238953846153846
-0.07072061538461538
-0.06633969230769231
-0.06216738461538462
-0.02899753846153846
0.018358153846153843
0.07364123076923076
0.11953661538461538
0.14999446153846155
0.18525046153846153
0.20256553846153844
0.23886461538461537
0.2509643076923077
0.347136
0.3402516923076923
0.21091015384615383
0.19505538461538463
0.0961716923076923
0.10222153846153846
0.058829538461538454
-0.08699261538461538
-0.15082892307692305
-0.26118646153846153
-0.16438892307692307
-0.07760492307692309
-0.04401784615384615
0.01814953846153846
0.003129230769230769
0.16167692307692308
0.2753723076923077
0.35568923076923076
0.3836436923076923
0.2090326153846154
0.12662953846153846
0.010013538461538461
-0.09053907692307692
-0.11619876923076923
-0.2411593846153846
-0.22697353846153845
-0.21466523076923077
-0.22551323076923077
-0.08845292307692308
-0.04380923076923077
0.042557538461538466
0.11098338461538461
0.08323753846153846
0.10722830769230769
0.03775938461538462
0.02753723076923077
0.05528307692307692
-0.0050067692307692304
-0.02524246153846154
-0.054657230769230764
-0.020652923076923076
0.031918153846153846
-0.017732307692307693
-0.054240000000000003
-0.12642092307692307
-0.1696043076923077
-0.13872923076923074
-0.15938215384615384
-0.14916
-0.1435273846153846
-0.13706030769230768
-0.04109723076923077
0.021278769230769233
0.08720123076923077
0.1710646153846154
0.19797599999999999
0.26869661538461537
0.30833353846153844
0.2860116923076923
0.24053353846153847
0.12725538461538463
0.027745846153846152
-0.08845292307692308
-0.20256553846153844
-0.2705741538461538
-0.3081249230769231
-0.2624381538461539
-0.2157083076923077
-0.13601723076923075
0.003963692307692307
0.09992676923076924
0.20778092307692309
0.2588916923076923
0.2342750769230769
0.20193969230769232
0.10535076923076922
0.023990769230769232
-0.06884307692307692
-0.18775384615384613
-0.24282830769230768
-0.2864289230769231
-0.2979027692307692
-0.29227015384615385
-0.28017046153846153
-0.19630707692307692
-0.10597661538461538
-0.03108369230769231
0.02273907692307692
0.04631261538461538
0.10806276923076923
0.14164984615384615
0.138312
0.12600369230769232
0.06195876923076923
0.03400430769230769
0.015854769230769228
-0.013142769230769229
-0.0002086153846153846
-0.018358153846153843
-0.02232184615384615
-0.009596307692307692
-0.03400430769230769
-0.040679999999999994
-0.05674338461538461
-0.06738276923076922
-0.065088
-0.073224
-0.05924676923076923
-0.046104
-0.007927384615384614
0.041514461538461535
0.06863446153846153
0.0961716923076923
0.07948246153846153
0.04422646153846154
0.012308307692307691
-0.05236246153846154
-0.09909230769230769
-0.14749107692307692
-0.2021483076923077
-0.19150892307692308
-0.16438892307692307
-0.1205796923076923
-0.06967753846153846
-0.03775938461538462
0.028788923076923077
0.09846646153846153
0.15875630769230767
0.1994363076923077
0.19985353846153847
0.19380369230769232
0.17377661538461536
0.14999446153846155
0.13121907692307694
0.09784061538461537
0.06759138461538462
0.02482523076923077
-0.013142769230769229
-0.015646153846153844
-0.011891076923076923
0.018983999999999997
0.05799507692307692
0.07572738461538461
0.103056
0.12350030769230769
0.15750461538461538
0.19964492307692308
0.18983999999999998
0.15750461538461538
0.12808984615384614
0.1097316923076923
0.10722830769230769
0.09012184615384615
0.0609156923076923
0.02211323076923077
-0.005841230769230769
-0.0043809230769230765
-0.012516923076923077
-0.01668923076923077
-0.03337846153846154
-0.06154153846153846
-0.065088
-0.06592246153846154
-0.03775938461538462
-0.008136
0.011891076923076923
0.05173661538461538
0.08699261538461538
0.13372246153846154
0.17544553846153846
0.18921415384615384
0.16856123076923077
0.11473846153846154
0.05799507692307692
0.008136
-0.040679999999999994
-0.09930092307692308
-0.1597993846153846
-0.19693292307692306
-0.19964492307692308
-0.16063384615384615
-0.09053907692307692
-0.029623384615384614
0.028788923076923077
0.09429415384615383
0.15604430769230768
0.21320492307692307
0.21612553846153845
0.16772676923076923
0.09533723076923077
-0.002086153846153846
-0.08302892307692307
-0.15124615384615384
-0.214248
-0.24908676923076922
-0.26118646153846153
-0.23344061538461539
-0.15687876923076924
-0.05716061538461538
0.037967999999999995
0.10952307692307692
0.15833907692307692
0.1802436923076923
0.17002153846153847
0.127464
0.047772923076923074
-0.04839876923076923
-0.13998092307692306
-0.21341353846153846
-0.25159015384615385
-0.2647329230769231
-0.2540935384615385
-0.22113230769230768
-0.16710092307692306
-0.07280676923076923
0.028163076923076923
0.11473846153846154
0.17502830769230768
0.18921415384615384
0.17899199999999998
0.13643446153846153
0.073224
0.004589538461538461
-0.07593599999999999
-0.1358086153846154
-0.16000799999999998
-0.14060676923076923
-0.084072
-0.02357353846153846
0.04047138461538462
0.11098338461538461
0.16730953846153845
0.19985353846153847
0.1881710769230769
0.13706030769230768
0.07259815384615384
-0.003963692307692307
-0.05048492307692308
-0.07238953846153846
-0.08490646153846154
-0.06800861538461538
-0.040679999999999994
0.01814953846153846
0.08845292307692308
0.13643446153846153
0.1693956923076923
0.16835261538461538
0.14978584615384616
0.12120553846153845
0.07781353846153846
0.03337846153846154
-0.021904615384615383
-0.07885661538461539
-0.11578153846153846
-0.13643446153846153
-0.13393107692307693
-0.10514215384615383
-0.06717415384615384
-0.026702769230769228
0.024199384615384616
0.09199938461538461
0.15562707692307692
0.18629353846153843
0.1913003076923077
0.1785747692307692
0.15416676923076922
0.1356
0.10889723076923077
0.078648
0.05069353846153846
0.016480615384615385
0.0050067692307692304
0.009387692307692307
0.015646153846153844
0.027745846153846152
0.031918153846153846
0.0448523076923077
0.06717415384615384
0.08052553846153847
0.08177723076923075
0.07259815384615384
0.06529661538461538
0.06258461538461538
0.06529661538461538
0.07259815384615384
0.06279323076923077
0.03755076923076923
0.010639384615384617
-0.018983999999999997
-0.0448523076923077
-0.08991323076923076
-0.1422756923076923
-0.17252492307692308
-0.1792006153846154
-0.1502030769230769
-0.10889723076923077
-0.050067692307692306
0.019192615384615384
0.0798996923076923
0.14728246153846153
0.19672430769230767
0.21800307692307694
0.21028430769230766
0.1721076923076923
0.12308307692307692
0.06675692307692307
0.013351384615384614
-0.03275261538461539
-0.07781353846153846
-0.10326461538461539
-0.1070196923076923
-0.08845292307692308
-0.05590892307692308
-0.016897846153846156
0.02899753846153846
0.07155507692307693
0.1316363076923077
0.19442953846153843
0.233232
0.24741784615384615
0.23364923076923078
0.1992276923076923
0.1506203076923077
0.0853236923076923
0.0025033846153846152
-0.08949599999999999
-0.17648861538461538
-0.233232
-0.25430215384615384
-0.24616615384615384
-0.2238443076923077
-0.19317784615384614
-0.13247076923076923
-0.04965046153846154
0.03880246153846154
0.11807630769230769
0.1704387692307692
0.19067446153846154
0.18191261538461537
0.15500123076923078
0.10994030769230768
0.04088861538461538
-0.05319692307692307
-0.1597993846153846
-0.26118646153846153
-0.32961230769230765
-0.3646596923076923
-0.3713353846153846
-0.35005661538461535
-0.30374399999999996
-0.2056947692307692
-0.07760492307692309
0.05590892307692308
0.17711446153846155
0.2509643076923077
0.2883064615384615
0.2926873846153846
0.2624381538461539
0.19881046153846152
0.08845292307692308
-0.03504738461538461
-0.14957723076923077
-0.23844738461538462
-0.27850153846153847
-0.2837169230769231
-0.25054707692307693
-0.18650215384615382
-0.0961716923076923
0.021904615384615383
0.1287156923076923
0.21487384615384614
0.27599815384615384
0.3004061538461538
0.306456
0.28809784615384615
0.24095076923076922
0.1656406153846154
0.07009476923076922
-0.02044430769230769
-0.10138707692307691
-0.15604430769230768
-0.18316430769230768
-0.20152246153846154
-0.19630707692307692
-0.16063384615384615
-0.09491999999999999
-0.0050067692307692304
0.07885661538461539
0.1489513846153846
0.20444307692307692
0.2369870769230769
0.26097784615384617
0.2618123076923077
0.2292683076923077
0.17148184615384612
0.08991323076923076
0.01940123076923077
-0.04318338461538461
-0.10263876923076923
-0.15187199999999998
-0.19338646153846153
-0.1992276923076923
-0.17002153846153847
-0.111192
-0.03275261538461539
0.03421292307692308
0.10368184615384615
0.17023015384615386
0.22175815384615383
0.2559710769230769
0.24428861538461538
0.2021483076923077
0.14164984615384615
0.08219446153846154
0.03233538461538461
-0.028371692307692306
-0.09658892307692307
-0.165432
-0.21174461538461536
-0.23364923076923078
-0.23052
-0.20298276923076922
-0.1696043076923077
-0.12537784615384615
-0.0771876923076923
-0.018775384615384614
0.04693846153846153
0.08302892307692307
0.09074769230769231
0.07468430769230769
0.052153846153846155
0.04047138461538462
0.03024923076923077
0.009179076923076922
-0.02273907692307692
-0.05674338461538461
-0.08094276923076923
-0.08615815384615384
-0.0961716923076923
-0.11181784615384616
-0.13101046153846155
-0.13476553846153844
-0.12266584615384615
-0.10952307692307692
-0.10660246153846153
-0.13226215384615383
-0.1860849230769231
-0.23844738461538462
-0.18337292307692307
-0.073224
0.07510153846153846
0.25305046153846156
0.39115384615384613
0.5565858461538462
0.6713243076923077
0.7353692307692308
0.6926030769230769
0.52884
0.328152
0.06341907692307691
-0.16209415384615386
-0.37738523076923075
-0.5309261538461538
-0.6012295384615385
-0.5953883076923077
-0.4322510769230769
-0.21132738461538458
0.056951999999999996
0.3210590769230769
0.5021372307692308
0.6116603076923077
0.6143723076923077
0.5113163076923077
0.3440067692307692
0.1045163076923077
-0.17461107692307692
-0.41994276923076923
-0.6001864615384616
-0.6506713846153847
-0.5876695384615385
-0.44581107692307687
-0.24908676923076922
-0.05403138461538461
0.1289243076923077
0.25346769230769234
0.30416123076923074
0.2818393846153846
0.19526400000000002
0.10368184615384615
0.02753723076923077
-0.03442153846153846
-0.07697907692307693
-0.11494707692307692
-0.14144123076923076
-0.14999446153846155
-0.1693956923076923
-0.19150892307692308
-0.22029784615384615
-0.2436627692307692
-0.23949046153846154
-0.2273907692307692
-0.19860184615384616
-0.1733593846153846
-0.15667015384615385
-0.116616
-0.06487938461538462
0.016063384615384615
0.12412615384615384
0.2422024615384615
0.36319938461538465
0.46145723076923073
0.517992
0.48190153846153844
0.3659113846153846
0.19818461538461538
-0.024408000000000003
-0.23364923076923078
-0.3880246153846154
-0.47001046153846154
-0.44998338461538456
-0.35193415384615384
-0.18316430769230768
0.03692492307692308
0.2563883076923077
0.46020553846153844
0.5983089230769231
0.6473335384615384
0.6273064615384616
0.5455292307692308
0.427452923076923
0.2712
0.084072
-0.08907876923076924
-0.21967199999999998
-0.28246523076923075
-0.29352184615384613
-0.26118646153846153
-0.184416
-0.0826116923076923
0.05173661538461538
0.1860849230769231
0.2985286153846154
0.37613353846153846
0.3873987692307692
0.3542289230769231
0.295608
0.21737723076923077
0.13872923076923074
0.06258461538461538
0.005841230769230769
-0.01981846153846154
-0.012516923076923077
0.01940123076923077
0.04839876923076923
0.07405846153846153
0.07009476923076922
0.03859384615384615
0.005424
-0.04214030769230769
-0.08991323076923076
-0.13059323076923077
-0.16730953846153845
-0.17023015384615386
-0.13706030769230768
-0.0853236923076923
-0.01856676923076923
0.03483876923076923
0.08010830769230769
0.10597661538461538
0.09700615384615385
0.06759138461538462
-0.006884307692307692
-0.10347323076923076
-0.20819815384615384
-0.29414769230769233
-0.3314898461538462
-0.33607938461538456
-0.2943563076923077
-0.21696000000000001
-0.10597661538461538
0.03629907692307692
0.1718990769230769
0.2883064615384615
0.3686233846153846
0.3978295384615384
0.3826006153846154
0.2993630769230769
0.16230276923076925
0.016063384615384615
-0.1356
-0.2632726153846154
-0.3573581538461538
-0.4118067692307692
-0.412224
-0.36215630769230767
-0.25388492307692306
-0.11473846153846154
0.03588184615384615
0.1710646153846154
0.2734947692307692
0.3369138461538461
0.3513083076923077
0.3206418461538461
0.25242461538461536
0.1710646153846154
0.07593599999999999
-0.009387692307692307
-0.07781353846153846
-0.116616
-0.12120553846153845
-0.119328
-0.10430769230769231
-0.09241661538461539
-0.06633969230769231
-0.02211323076923077
0.003129230769230769
0.018775384615384614
0.01981846153846154
0.013351384615384614
0.030875076923076922
0.05298830769230769
0.06738276923076922
0.07197230769230768
0.07072061538461538
0.08428061538461538
0.10597661538461538
0.12725538461538463
0.12433476923076923
0.084072
0.019609846153846155
-0.06216738461538462
-0.13726892307692307
-0.19609846153846153
-0.24053353846153847
-0.2605606153846154
-0.25513661538461535
-0.21341353846153846
-0.1353913846153846
-0.04714707692307692
0.035464615384615386
0.092208
0.1218313846153846
0.13893784615384613
0.143736
0.13059323076923077
0.08782707692307692
0.026494153846153844
-0.04088861538461538
-0.0936683076923077
-0.12350030769230769
-0.14477907692307693
-0.15082892307692305
-0.13768615384615385
-0.10159569230769232
-0.03880246153846154
0.03775938461538462
0.10263876923076923
0.13726892307692307
0.1422756923076923
0.12558646153846154
0.08991323076923076
0.03629907692307692
-0.03880246153846154
-0.12913292307692306
-0.20632061538461538
-0.24345415384615382
-0.23761292307692305
-0.2008966153846154
-0.13706030769230768
-0.06613107692307692
0.0043809230769230765
0.07343261538461537
0.12496061538461539
0.15374953846153847
0.15208061538461537
0.12537784615384615
0.08845292307692308
0.05090215384615384
0.024199384615384616
0.008970461538461538
-0.0008344615384615384
-0.004589538461538461
0.003129230769230769
0.027328615384615382
0.054657230769230764
0.07489292307692308
0.0892873846153846
0.08949599999999999
0.08386338461538462
0.07134646153846153
0.047772923076923074
0.014811692307692307
-0.033169846153846154
-0.07155507692307693
-0.09387692307692307
-0.10660246153846153
-0.1028473846153846
-0.09283384615384616
-0.07155507692307693
-0.035464615384615386
0.007510153846153846
0.042557538461538466
0.05820369230769231
0.06154153846153846
0.05173661538461538
0.03567323076923076
0.021696
-0.0035464615384615383
-0.034630153846153845
-0.05736923076923077
-0.07030338461538461
-0.06592246153846154
-0.05799507692307692
-0.040262769230769234
-0.005841230769230769
0.023364923076923075
0.06654830769230768
0.1097316923076923
0.13935507692307691
0.1570873846153846
0.15333230769230768
0.14540492307692307
0.13309661538461537
0.119328
0.10222153846153846
0.06654830769230768
0.02273907692307692
-0.01272553846153846
-0.04526953846153846
-0.06592246153846154
-0.08198584615384615
-0.09471138461538461
-0.08907876923076924
-0.07384984615384615
-0.040679999999999994
-0.0025033846153846152
0.026494153846153844
0.04318338461538461
0.04088861538461538
0.032544
0.003755076923076923
-0.044435076923076924
-0.08720123076923077
-0.12955015384615384
-0.15333230769230768
-0.1435273846153846
-0.11745046153846153
-0.06842584615384616
-0.013560000000000001
0.03671630769230769
0.08907876923076924
0.12245723076923076
0.1422756923076923
0.13372246153846154
0.0936683076923077
0.03233538461538461
-0.040054153846153843
-0.10827138461538462
-0.16251138461538459
-0.19213476923076922
-0.19526400000000002
-0.16292861538461537
-0.10076123076923077
-0.015228923076923076
0.07280676923076923
0.14707384615384617
0.20256553846153844
0.23656984615384613
0.25367630769230765
0.23844738461538462
0.1942209230769231
0.12245723076923076
0.03024923076923077
-0.05048492307692308
-0.10785415384615385
-0.14415323076923076
-0.15520984615384617
-0.14582215384615385
-0.10430769230769231
-0.02858030769230769
0.06070707692307692
0.14978584615384616
0.22113230769230768
0.26765353846153844
0.28267384615384616
0.2647329230769231
0.2221753846153846
0.14790830769230767
0.051319384615384614
-0.03421292307692308
-0.09658892307692307
-0.11724184615384614
-0.10952307692307692
-0.08469784615384615
-0.03233538461538461
0.026494153846153844
0.09283384615384616
0.14665661538461539
0.17273353846153844
0.17461107692307692
0.1397723076923077
0.08949599999999999
0.0448523076923077
-0.0002086153846153846
-0.03692492307692308
-0.07384984615384615
-0.10493353846153847
-0.10743692307692307
-0.09512861538461538
-0.065088
-0.035464615384615386
-0.015437538461538461
0.012308307692307691
0.04672984615384615
0.09325107692307691
0.14331876923076922
0.1704387692307692
0.17252492307692308
0.16313723076923078
0.15416676923076922
0.13914646153846155
0.09763200000000001
0.04985907692307692
-0.009804923076923077
-0.0717636923076923
-0.1097316923076923
-0.1395636923076923
-0.15208061538461537
-0.1666836923076923
-0.16647507692307692
-0.12579507692307693
-0.06529661538461538
0.014185846153846153
0.0771876923076923
0.11703323076923078
0.14582215384615385
0.14686523076923075
0.13184492307692308
0.09387692307692307
0.02753723076923077
-0.05507446153846154
-0.15208061538461537
-0.21696000000000001
-0.24032492307692307
-0.23177169230769232
-0.18545907692307692
-0.1218313846153846
-0.02273907692307692
0.10597661538461538
0.23072861538461537
0.32564861538461537
0.36215630769230767
0.34776184615384614
0.29227015384615385
0.20924123076923076
0.10806276923076923
-0.018358153846153843
-0.14603076923076924
-0.2453316923076923
-0.2891409230769231
-0.2697396923076923
-0.206112
-0.10368184615384615
0.014603076923076923
0.1395636923076923
0.2605606153846154
0.3425464615384616
0.3821833846153846
0.3686233846153846
0.30416123076923074
0.21007569230769232
0.09512861538461538
-0.019609846153846155
-0.12850707692307692
-0.2209236923076923
-0.2695310769230769
-0.26869661538461537
-0.22029784615384615
-0.138312
-0.0448523076923077
0.03838523076923077
0.09846646153846153
0.14060676923076923
0.17148184615384612
0.1792006153846154
0.15354092307692307
0.10660246153846153
0.0446436923076923
-0.009387692307692307
-0.054657230769230764
-0.09825784615384614
-0.1316363076923077
-0.15792184615384616
-0.1614683076923077
-0.15604430769230768
-0.14519630769230768
-0.13351384615384615
-0.13038461538461538
-0.12704676923076924
-0.12704676923076924
-0.11494707692307692
-0.10681107692307691
-0.09241661538461539
-0.0771876923076923
-0.06571384615384615
-0.04756430769230769
-0.058829538461538454
-0.05653476923076922
-0.042348923076923076
-0.029623384615384614
0.005215384615384615
0.03504738461538461
0.06571384615384615
0.09763200000000001
0.16084246153846155
0.24032492307692307
0.30583015384615386
0.32314523076923074
0.26723630769230766
0.18858830769230767
0.12934153846153845
0.10868861538461538
0.004589538461538461
-0.11432123076923076
-0.2125790769230769
-0.27599815384615384
-0.238656
-0.20152246153846154
-0.11682461538461539
-0.06279323076923077
0.03233538461538461
0.19338646153846153
0.2897667692307692
0.3809316923076923
0.34171199999999996
0.2422024615384615
0.1316363076923077
-0.04318338461538461
-0.1531236923076923
-0.28434276923076923
-0.38990215384615384
-0.42369784615384615
-0.4489403076923077
-0.3684147692307692
-0.24887815384615386
-0.09658892307692307
0.0934596923076923
0.1792006153846154
0.24032492307692307
0.2795446153846154
0.27975323076923075
0.2920615384615385
0.21675138461538462
0.11035753846153845
-0.028163076923076923
-0.17023015384615386
-0.21487384615384614
-0.2532590769230769
-0.2751636923076923
-0.28246523076923075
-0.2730775384615384
-0.18358153846153846
-0.0934596923076923
-0.006675692307692307
0.07614461538461538
0.11181784615384616
0.16501476923076921
0.19985353846153847
0.2075723076923077
0.21028430769230766
0.16772676923076923
0.12204
0.05924676923076923
-0.020652923076923076
-0.07697907692307693
-0.15354092307692307
-0.22947692307692308
-0.2807963076923077
-0.31897292307692304
-0.29873723076923075
-0.241368
-0.15395815384615386
-0.0446436923076923
0.05945538461538461
0.18712800000000002
0.30186646153846153
0.3949089230769231
0.4416387692307692
0.3982467692307692
0.31688676923076925
0.19651569230769228
0.05069353846153846
-0.086784
-0.21737723076923077
-0.3068732307692308
-0.35568923076923076
-0.3490135384615385
-0.2709913846153846
-0.17461107692307692
-0.04214030769230769
0.11432123076923076
0.24282830769230768
0.3490135384615385
0.3978295384615384
0.4124326153846154
0.39908123076923074
0.32543999999999995
0.21758584615384616
0.07551876923076924
-0.06049846153846154
-0.1585476923076923
-0.23385784615384617
-0.26076923076923075
-0.24762646153846155
-0.19547261538461536
-0.086784
0.02232184615384615
0.12558646153846154
0.2225926153846154
0.2883064615384615
0.3310726153846154
0.3152178461538461
0.2526332307692308
0.16647507692307692
0.05736923076923077
-0.04172307692307692
-0.138312
-0.22467876923076924
-0.30207507692307695
-0.36299076923076923
-0.3675803076923077
-0.32982092307692307
-0.2588916923076923
-0.17461107692307692
-0.09512861538461538
0.002086153846153846
0.0988836923076923
0.1860849230769231
0.24428861538461538
0.24720923076923076
0.2125790769230769
0.14686523076923075
0.06633969230769231
-0.02795446153846154
-0.13726892307692307
-0.23761292307692305
-0.3081249230769231
-0.33899999999999997
-0.32335384615384616
-0.25993476923076925
-0.16313723076923078
-0.0448523076923077
0.06842584615384616
0.1760713846153846
0.2883064615384615
0.37780246153846153
0.42474092307692307
0.40700861538461536
0.330864
0.22572184615384616
0.11911938461538461
0.03150092307692308
-0.061124307692307686
-0.14603076923076924
-0.1992276923076923
-0.2059033846153846
-0.14728246153846153
-0.06717415384615384
0.010848
0.07739630769230768
0.13184492307692308
0.18712800000000002
0.21591692307692306
0.21925476923076925
0.1881710769230769
0.12204
0.05674338461538461
-0.004589538461538461
-0.051528
-0.08344615384615384
-0.11014892307692307
-0.12099692307692309
-0.10743692307692307
-0.06321046153846153
0.0
0.06759138461538462
0.12955015384615384
0.17502830769230768
0.19797599999999999
0.20673784615384616
0.20298276923076922
0.1693956923076923
0.10493353846153847
0.01981846153846154
-0.055491692307692304
-0.10743692307692307
-0.1341396923076923
-0.1397723076923077
-0.1422756923076923
-0.12245723076923076
-0.08219446153846154
-0.030040615384615384
0.018358153846153843
0.04109723076923077
0.056326153846153845
0.06404492307692307
0.08115138461538463
0.0961716923076923
0.09199938461538461
0.08469784615384615
0.07092923076923077
0.06362769230769232
0.06154153846153846
0.04902461538461538
0.026494153846153844
-0.0016689230769230767
-0.022947692307692308
-0.026494153846153844
-0.024199384615384616
-0.014185846153846153
-0.011682461538461537
-0.017732307692307693
-0.016480615384615385
-0.014185846153846153
-0.0006258461538461538
0.01814953846153846
0.03337846153846154
0.05236246153846154
0.07030338461538461
0.07948246153846153
0.09137353846153846
0.08511507692307693
0.06154153846153846
0.026285538461538457
-0.018358153846153843
-0.05048492307692308
-0.09053907692307692
-0.12099692307692309
-0.13038461538461538
-0.12370892307692308
-0.09408553846153846
-0.05862092307692307
-0.018983999999999997
0.01940123076923077
0.04526953846153846
0.07697907692307693
0.100344
0.103056
0.09992676923076924
0.073224
0.04672984615384615
0.03150092307692308
0.010222153846153844
-0.0014603076923076922
-0.014811692307692307
-0.026285538461538457
-0.01856676923076923
-0.013768615384615384
-0.0077187692307692304
-0.004798153846153846
-0.014185846153846153
-0.022947692307692308
-0.026702769230769228
-0.01272553846153846
0.01043076923076923
0.033169846153846154
0.056951999999999996
0.07259815384615384
0.07384984615384615
0.06550523076923077
0.03859384615384615
-0.014394461538461538
-0.0826116923076923
-0.14832553846153845
-0.18921415384615384
-0.20861538461538462
-0.20193969230769232
-0.1710646153846154
-0.12558646153846154
-0.046104
0.0448523076923077
0.1353913846153846
0.20632061538461538
0.2330233846153846
0.2453316923076923
0.23198030769230768
0.19860184615384616
0.14916
0.06487938461538462
-0.02273907692307692
-0.0974233846153846
-0.14039815384615384
-0.14018953846153845
-0.11953661538461538
-0.073224
-0.009596307692307692
0.06404492307692307
0.14749107692307692
0.20506892307692307
0.23052
0.21111876923076925
0.146448
0.07238953846153846
-0.012934153846153845
-0.09512861538461538
-0.1693956923076923
-0.23677846153846152
-0.25805723076923076
-0.23969907692307693
-0.18274707692307693
-0.09575446153846154
-0.009179076923076922
0.07510153846153846
0.1422756923076923
0.1913003076923077
0.20798953846153845
0.16689230769230767
0.08887015384615385
-0.009596307692307692
-0.0988836923076923
-0.15771323076923077
-0.18963138461538462
-0.1842073846153846
-0.1489513846153846
-0.08115138461538463
0.015646153846153844
0.11473846153846154
0.19735015384615384
0.2411593846153846
0.24428861538461538
0.22029784615384615
0.17461107692307692
0.10472492307692308
0.014185846153846153
-0.08469784615384615
-0.17148184615384612
-0.22718215384615387
-0.24282830769230768
-0.23385784615384617
-0.20319138461538463
-0.14457046153846154
-0.084072
-0.017940923076923077
0.05403138461538461
0.11056615384615384
0.14686523076923075
0.14269292307692305
0.119328
0.09596307692307693
0.06216738461538462
0.03212676923076923
-0.0014603076923076922
-0.03024923076923077
-0.03692492307692308
-0.03337846153846154
-0.016063384615384615
0.0
0.010848
0.029414769230769227
0.04944184615384615
0.07614461538461538
0.09992676923076924
0.10430769230769231
0.09387692307692307
0.08386338461538462
0.0798996923076923
0.07677046153846154
0.06300184615384616
0.040054153846153843
0.017940923076923077
0.0006258461538461538
-0.006049846153846154
-0.008970461538461538
-0.017315076923076923
-0.03650769230769231
-0.06049846153846154
-0.065088
-0.059664
-0.04172307692307692
-0.01272553846153846
0.011265230769230769
0.042974769230769226
0.08031692307692308
0.12162276923076921
0.14978584615384616
0.14665661538461539
0.12350030769230769
0.08845292307692308
0.051319384615384614
0.021278769230769233
-0.013768615384615384
-0.05069353846153846
-0.08094276923076923
-0.10117846153846152
-0.09491999999999999
-0.07092923076923077
-0.03775938461538462
-0.0012516923076923076
0.032544
0.07802215384615384
0.12204
0.1489513846153846
0.15500123076923078
0.12224861538461537
0.07009476923076922
0.006675692307692307
-0.06216738461538462
-0.12204
-0.18212123076923076
-0.21967199999999998
-0.22572184615384616
-0.19755876923076923
-0.14331876923076922
-0.08448923076923077
-0.02211323076923077
0.029206153846153847
0.06821723076923077
0.10159569230769232
0.11202646153846153
0.100344
0.0678
0.013560000000000001
-0.029623384615384614
-0.059872615384615385
-0.06738276923076922
-0.06049846153846154
-0.054240000000000003
-0.028163076923076923
0.016897846153846156
0.08594953846153845
0.15374953846153847
0.1977673846153846
0.214248
0.20173107692307693
0.17648861538461538
0.13706030769230768
0.07739630769230768
0.0006258461538461538
-0.08094276923076923
-0.13768615384615385
-0.15750461538461538
-0.14686523076923075
-0.119328
-0.086784
-0.04714707692307692
0.0029206153846153843
0.047772923076923074
0.08115138461538463
0.09596307692307693
0.07760492307692309
0.04547815384615384
0.0077187692307692304
-0.03650769230769231
-0.08115138461538463
-0.12433476923076923
-0.16167692307692308
-0.17711446153846155
-0.15938215384615384
-0.11077476923076923
-0.05069353846153846
0.02044430769230769
0.08845292307692308
0.14832553846153845
0.18900553846153845
0.16793538461538463
0.11703323076923078
0.016063384615384615
-0.10222153846153846
-0.21341353846153846
-0.30332676923076923
-0.34004307692307695
-0.31646953846153847
-0.19964492307692308
0.045895384615384616
0.33983446153846153
0.5563772307692307
0.7967021538461538
0.9587963076923077
1.0578886153846152
1.0660246153846153
0.8507335384615384
0.531552
0.06759138461538462
-0.36632861538461536
-0.7616547692307691
-1.1277747692307694
-1.3361815384615383
-1.4486252307692307
-1.299048
-0.9498258461538461
-0.4478972307692307
0.1860849230769231
0.7330744615384615
1.224780923076923
1.5460486153846154
1.6288689230769229
1.5176769230769231
1.1331987692307692
0.612912
0.0050067692307692304
-0.659016
-1.1551033846153846
-1.4932689230769232
-1.614057230769231
-1.4951464615384615
-1.257324923076923
-0.8359218461538461
-0.3342018461538461
0.214248
0.7710424615384616
1.1588584615384614
1.3860406153846154
1.422131076923077
1.2961273846153847
1.0587230769230769
0.6554695384615384
0.16981292307692308
-0.3392086153846154
-0.7967021538461538
-1.0948135384615385
-1.2721366153846154
-1.2992566153846152
-1.1886904615384615
-0.9754855384615384
-0.6433698461538462
-0.26786215384615386
0.1178676923076923
0.48586523076923077
0.7689563076923076
0.980700923076923
1.111502769230769
1.1244369230769231
1.0282652307692308
0.8021261538461537
0.47918953846153844
0.09450276923076922
-0.3198073846153846
-0.6938547692307693
-1.0084467692307693
-1.213307076923077
-1.2994652307692307
-1.2481458461538462
-0.9913403076923076
-0.5968486153846153
-0.10368184615384615
0.43663199999999996
0.9131095384615384
1.3109390769230769
1.5514726153846154
1.6009144615384616
1.4550923076923077
1.0758295384615384
0.5701458461538461
-0.0025033846153846152
-0.5805766153846154
-1.0758295384615384
-1.4555095384615384
-1.6324153846153846
-1.5869372307692307
-1.3286713846153846
-0.8876584615384615
-0.32543999999999995
0.3170953846153846
0.938352
1.4429926153846153
1.7774030769230769
1.8694024615384617
1.7137753846153845
1.351619076923077
0.8073415384615384
0.20027076923076922
-0.4042966153846154
-0.9341796923076923
-1.3013427692307693
-1.511835692307692
-1.5135046153846152
-1.3157372307692308
-0.9531636923076923
-0.46771569230769233
0.04756430769230769
0.5296744615384615
0.9033046153846154
1.146132923076923
1.2477286153846154
1.177008
0.9554584615384615
0.614580923076923
0.21195323076923075
-0.1794092307692308
-0.527796923076923
-0.7964935384615384
-0.9692270769230769
-1.0516301538461539
-1.0130363076923077
-0.8567833846153845
-0.6270978461538461
-0.3567323076923076
-0.0798996923076923
0.19171753846153847
0.44810584615384613
0.6504627692307692
0.7843938461538461
0.823404923076923
0.7641581538461538
0.6402406153846154
0.46020553846153844
0.25430215384615384
0.025033846153846153
-0.21341353846153846
-0.4387181538461538
-0.6394061538461538
-0.7750061538461538
-0.8321667692307693
-0.798996923076923
-0.6794603076923076
-0.4960873846153846
-0.2492953846153846
0.049233230769230765
0.3646596923076923
0.666108923076923
0.8878670769230769
0.9965556923076923
1.0094898461538462
0.9053907692307691
0.7042855384615384
0.42411507692307693
0.08448923076923077
-0.2509643076923077
-0.5428172307692307
-0.7416276923076923
-0.8367563076923077
-0.8344615384615385
-0.7301538461538462
-0.5424
-0.27787569230769227
0.022530461538461537
0.3148006153846154
0.5724406153846154
0.7497636923076922
0.8375907692307692
0.8309150769230769
0.7311969230769231
0.5632615384615385
0.33315876923076926
0.07489292307692308
-0.16209415384615386
-0.35193415384615384
-0.4627089230769231
-0.5042233846153846
-0.4929581538461539
-0.42599261538461536
-0.32961230769230765
-0.20819815384615384
-0.08198584615384615
0.016897846153846156
0.08448923076923077
0.11578153846153846
0.14039815384615384
0.1612596923076923
0.1706473846153846
0.17690584615384616
0.16042523076923076
0.1422756923076923
0.119328
0.07259815384615384
0.008970461538461538
-0.0974233846153846
-0.22113230769230768
-0.3206418461538461
-0.39657784615384617
-0.42703569230769234
-0.41431015384615383
-0.360696
-0.25284184615384614
-0.11265230769230769
0.059038153846153844
0.23156307692307693
0.37300430769230764
0.4758516923076923
0.5054750769230769
0.47063630769230763
0.36945784615384614
0.21320492307692307
0.026702769230769228
-0.18650215384615382
-0.3836436923076923
-0.5365587692307692
-0.6308529230769231
-0.6462904615384615
-0.5845403076923077
-0.444768
-0.2374043076923077
0.0004172307692307692
0.24095076923076922
0.444768
0.5843316923076923
0.6494196923076923
0.6195876923076923
0.5138196923076923
0.3375396923076923
0.11077476923076923
-0.11557292307692307
-0.309168
-0.43642338461538455
-0.49400123076923075
-0.48461353846153843
-0.4082603076923077
-0.2858030769230769
-0.12558646153846154
0.055491692307692304
0.21612553846153845
0.3344104615384615
0.4024190769230769
0.4309993846153846
0.4322510769230769
0.39365723076923076
0.32564861538461537
0.22697353846153845
0.11306953846153844
0.01272553846153846
-0.07238953846153846
-0.12934153846153845
-0.16835261538461538
-0.18754523076923074
-0.17502830769230768
-0.13601723076923075
-0.06279323076923077
0.010639384615384617
0.06821723076923077
0.12642092307692307
0.168144
0.20506892307692307
0.2426196923076923
0.2641070769230769
0.2716172307692308
0.2517987692307692
0.21675138461538462
0.17481969230769231
0.11995384615384615
0.05716061538461538
-0.023364923076923075
-0.09992676923076924
-0.14978584615384616
-0.17523692307692307
-0.18232984615384615
-0.17461107692307692
-0.14060676923076923
-0.07781353846153846
-0.002086153846153846
0.08219446153846154
0.1635544615384615
0.21174461538461536
0.21779446153846155
0.19004861538461537
0.14123261538461537
0.07343261538461537
-0.019192615384615384
-0.12391753846153845
-0.21341353846153846
-0.2697396923076923
-0.2830910769230769
-0.2480436923076923
-0.18399876923076922
-0.10409907692307692
-0.012099692307692308
0.08094276923076923
0.16209415384615386
0.21132738461538458
0.21612553846153845
0.18212123076923076
0.12934153846153845
0.07072061538461538
0.008136
-0.05674338461538461
-0.12016246153846154
-0.15750461538461538
-0.1635544615384615
-0.14394461538461537
-0.09199938461538461
-0.03629907692307692
0.011891076923076923
0.04756430769230769
0.0678
0.07948246153846153
0.05507446153846154
-0.003963692307692307
-0.0717636923076923
-0.13789476923076924
-0.19046584615384615
-0.22321846153846153
-0.22467876923076924
-0.19359507692307693
-0.143736
-0.06988615384615385
0.017315076923076923
0.10743692307692307
0.1779489230769231
0.19025723076923076
0.16000799999999998
0.09679753846153846
0.010222153846153844
-0.07781353846153846
-0.17732307692307692
-0.2680707692307692
-0.3252313846153846
-0.3421292307692308
-0.29498215384615384
-0.20152246153846154
-0.08219446153846154
0.05048492307692308
0.1777403076923077
0.2985286153846154
0.3811403076923077
0.4111809230769231
0.3880246153846154
0.3131316923076923
0.21320492307692307
0.09846646153846153
-0.021696
-0.1287156923076923
-0.21466523076923077
-0.26681907692307694
-0.2670276923076923
-0.21633415384615384
-0.1314276923076923
-0.04172307692307692
0.042974769230769226
0.1151556923076923
0.16730953846153845
0.20006215384615383
0.20673784615384616
0.1977673846153846
0.16334584615384617
0.12412615384615384
0.10013538461538461
0.0828203076923077
0.07572738461538461
0.06926030769230769
0.06258461538461538
0.06404492307692307
0.06633969230769231
0.06696553846153847
0.06279323076923077
0.04318338461538461
0.02044430769230769
0.003129230769230769
0.0006258461538461538
0.018775384615384614
0.042557538461538466
0.07030338461538461
0.10013538461538461
0.13330523076923076
0.16605784615384614
0.1792006153846154
0.1704387692307692
0.13914646153846155
0.09012184615384615
0.03921969230769231
-0.018983999999999997
-0.08219446153846154
-0.14018953846153845
-0.19004861538461537
-0.20360861538461536
-0.18274707692307693
-0.1353913846153846
-0.06425353846153846
0.007927384615384614
0.08740984615384616
0.16313723076923078
0.2207150769230769
0.241368
0.21153599999999997
0.14749107692307692
0.05820369230769231
-0.030040615384615384
-0.103056
-0.1612596923076923
-0.19818461538461538
-0.20965846153846154
-0.18942276923076923
-0.14144123076923076
-0.08031692307692308
-0.025659692307692307
0.013768615384615384
0.03942830769230769
0.05716061538461538
0.06300184615384616
0.06362769230769232
0.06300184615384616
0.06195876923076923
0.06258461538461538
0.05945538461538461
0.059872615384615385
0.05757784615384615
0.04318338461538461
0.010848
-0.03379569230769231
-0.08156861538461539
-0.12391753846153845
-0.16605784615384614
-0.20131384615384615
-0.21195323076923075
-0.1990190769230769
-0.14957723076923077
-0.07969107692307692
-0.0035464615384615383
0.07635323076923077
0.14039815384615384
0.19317784615384614
0.22947692307692308
0.2357353846153846
0.19547261538461536
0.10868861538461538
-0.003755076923076923
-0.12204
-0.22572184615384616
-0.3114627692307692
-0.3565236923076923
-0.36778892307692307
-0.32231076923076923
-0.24908676923076922
-0.15833907692307692
-0.03421292307692308
0.0853236923076923
0.21362215384615382
0.2989458461538462
0.34171199999999996
0.34630153846153844
0.3131316923076923
0.24762646153846155
0.27328615384615385
0.22196676923076922
-0.0006258461538461538
-0.09679753846153846
-0.249504
-0.23072861538461537
-0.1287156923076923
-0.2563883076923077
-0.24887815384615386
-0.2764153846153846
-0.12037107692307693
0.13872923076923074
0.222384
0.31751261538461534
0.23281476923076924
0.306456
0.40033292307692303
0.3821833846153846
0.36570276923076916
0.084072
-0.07072061538461538
-0.18149538461538461
-0.2993630769230769
-0.23886461538461537
-0.35297723076923077
-0.34171199999999996
-0.26160369230769226
-0.2989458461538462
-0.09241661538461539
0.005424
0.09992676923076924
0.2764153846153846
0.21842030769230766
0.2695310769230769
0.2853858461538461
0.26535876923076923
0.34776184615384614
0.22843384615384613
0.09116492307692307
-0.065088
-0.20715507692307691
-0.20778092307692309
-0.301032
-0.3698750769230769
-0.4026276923076923
-0.3805144615384615
-0.16605784615384614
-0.010848
0.130176
0.2605606153846154
0.2887236923076923
0.4163963076923077
0.46688123076923077
0.4287046153846154
0.40513107692307687
0.2482523076923077
0.14728246153846153
0.06988615384615385
-0.08052553846153847
-0.17502830769230768
-0.31646953846153847
-0.4262012307692308
-0.45269538461538456
-0.45373846153846153
-0.3684147692307692
-0.24053353846153847
-0.05528307692307692
0.09930092307692308
0.21758584615384616
0.35694092307692304
0.40054153846153845
0.41952553846153845
0.35339446153846155
0.18066092307692305
0.06195876923076923
-0.0936683076923077
-0.21737723076923077
-0.28204799999999997
-0.3727956923076923
-0.36570276923076916
-0.33524492307692305
-0.26681907692307694
-0.14144123076923076
-0.07197230769230768
0.04965046153846154
0.18900553846153845
0.2849686153846154
0.32606584615384615
0.2939390769230769
0.2862203076923077
0.24408
0.15270646153846154
0.04735569230769231
-0.12662953846153846
-0.2261390769230769
-0.2638984615384615
-0.3133403076923077
-0.26869661538461537
-0.22551323076923077
-0.15187199999999998
-0.011682461538461537
0.06133292307692308
0.14123261538461537
0.20819815384615384
0.23093723076923076
0.25805723076923076
0.23385784615384617
0.17315076923076922
0.08469784615384615
0.003129230769230769
-0.047772923076923074
-0.10660246153846153
-0.14916
-0.20632061538461538
-0.23510953846153848
-0.1927606153846154
-0.1585476923076923
-0.08052553846153847
-0.003129230769230769
0.02795446153846154
0.11599015384615384
0.18879692307692306
0.235944
0.260352
0.20360861538461536
0.15228923076923076
0.11849353846153846
0.06487938461538462
0.00855323076923077
-0.08135999999999999
-0.16188553846153847
-0.1908830769230769
-0.19755876923076923
-0.1462393846153846
-0.07051199999999999
0.006884307692307692
0.07531015384615385
0.1178676923076923
0.18399876923076922
0.21779446153846155
0.22280123076923075
0.21028430769230766
0.12224861538461537
0.0446436923076923
-0.01940123076923077
-0.05716061538461538
-0.028163076923076923
-0.04714707692307692
-0.06967753846153846
-0.04902461538461538
-0.006675692307692307
0.09304246153846155
0.16438892307692307
0.1829556923076923
0.18128676923076922
0.16209415384615386
0.16772676923076923
0.15813046153846153
0.11828492307692307
0.05173661538461538
-0.04756430769230769
-0.10347323076923076
-0.1314276923076923
-0.13768615384615385
-0.11745046153846153
-0.11703323076923078
-0.08448923076923077
-0.03212676923076923
0.02086153846153846
0.09491999999999999
0.13059323076923077
0.13101046153846155
0.10013538461538461
0.05048492307692308
0.02795446153846154
-0.0002086153846153846
-0.049233230769230765
-0.10848000000000001
-0.15291507692307693
-0.15249784615384615
-0.10743692307692307
-0.03483876923076923
0.021278769230769233
0.051319384615384614
0.078648
0.11098338461538461
0.14686523076923075
0.14331876923076922
0.08177723076923075
0.021487384615384613
-0.027745846153846152
-0.06487938461538462
-0.07802215384615384
-0.10117846153846152
-0.11140061538461538
-0.09158215384615384
-0.05716061538461538
0.004172307692307692
0.05924676923076923
0.08490646153846154
0.0963803076923077
0.10806276923076923
0.11807630769230769
0.11306953846153844
0.09533723076923077
0.06759138461538462
0.03337846153846154
0.005215384615384615
-0.016272
-0.026911384615384615
-0.029832
-0.03609046153846154
-0.017523692307692306
0.006467076923076923
0.035464615384615386
0.09179076923076923
0.13518276923076925
0.1760713846153846
0.19505538461538463
0.18086953846153844
0.17023015384615386
0.13664307692307692
0.08740984615384616
0.03692492307692308
-0.012099692307692308
-0.042974769230769226
-0.06487938461538462
-0.06446215384615385
-0.042348923076923076
-0.022947692307692308
0.005424
0.015646153846153844
0.0008344615384615384
-0.009596307692307692
-0.03671630769230769
-0.041514461538461535
-0.026285538461538457
-0.021487384615384613
0.0002086153846153846
0.009179076923076922
0.024408000000000003
0.044435076923076924
0.04526953846153846
0.0448523076923077
0.014811692307692307
-0.012099692307692308
-0.013351384615384614
-0.004589538461538461
0.016272
0.03379569230769231
0.06028984615384615
0.092208
0.12704676923076924
0.1656406153846154
0.18379015384615385
0.18149538461538461
0.1506203076923077
0.08887015384615385
0.03024923076923077
-0.028788923076923077
-0.08991323076923076
-0.12934153846153845
-0.16584923076923075
-0.18128676923076922
-0.16292861538461537
-0.12704676923076924
-0.06383630769230769
-0.007301538461538462
0.04318338461538461
0.09408553846153846
0.12162276923076921
0.12725538461538463
0.09533723076923077
0.02753723076923077
-0.051528
-0.12788123076923075
-0.1910916923076923
-0.24178523076923078
-0.28204799999999997
-0.28392553846153845
-0.24616615384615384
-0.1733593846153846
-0.05945538461538461
0.05528307692307692
0.157296
0.22634769230769228
0.2532590769230769
0.2628553846153846
0.2355267692307692
0.1733593846153846
0.0892873846153846
0.002086153846153846
-0.05194523076923077
-0.07885661538461539
-0.08448923076923077
-0.07072061538461538
-0.03901107692307692
0.009596307692307692
0.07405846153846153
0.14999446153846155
0.2073636923076923
0.22864246153846152
0.21299630769230768
0.165432
0.1028473846153846
0.031709538461538456
-0.044435076923076924
-0.11056615384615384
-0.16042523076923076
-0.18858830769230767
-0.1883796923076923
-0.16647507692307692
-0.1356
-0.09491999999999999
-0.04693846153846153
0.005424
0.06300184615384616
0.11077476923076923
0.1356
0.1462393846153846
0.14436184615384615
0.13455692307692307
0.13601723076923075
0.12099692307692309
0.08991323076923076
0.05069353846153846
-0.010013538461538461
-0.05674338461538461
-0.09575446153846154
-0.13518276923076925
-0.16730953846153845
-0.1990190769230769
-0.20402584615384614
-0.17023015384615386
-0.11244369230769231
-0.04172307692307692
0.03588184615384615
0.1097316923076923
0.17565415384615385
0.21487384615384614
0.21111876923076925
0.16313723076923078
0.07614461538461538
-0.032544
-0.1462393846153846
-0.24470584615384613
-0.3310726153846154
-0.3913624615384615
-0.40638276923076927
-0.37884553846153846
-0.28392553846153845
-0.15103753846153847
-0.01981846153846154
0.11160923076923077
0.22134092307692307
0.3116713846153846
0.3673716923076923
0.3536030769230769
0.2830910769230769
0.1635544615384615
0.011265230769230769
-0.12788123076923075
-0.241368
-0.3206418461538461
-0.35923569230769226
-0.35860984615384617
-0.29456492307692306
-0.173568
-0.018775384615384614
0.1353913846153846
0.2574313846153846
0.33566215384615383
0.3550633846153846
0.3206418461538461
0.24074215384615386
0.1207883076923077
-0.028788923076923077
-0.1792006153846154
-0.2979027692307692
-0.3686233846153846
-0.38301784615384615
-0.35256
-0.2860116923076923
-0.18650215384615382
-0.05507446153846154
0.09429415384615383
0.2221753846153846
0.3141747692307692
0.360696
0.3594443076923077
0.32836061538461536
0.2707827692307692
0.1804523076923077
0.07030338461538461
-0.045060923076923075
-0.143736
-0.1910916923076923
-0.2059033846153846
-0.19755876923076923
-0.17002153846153847
-0.12579507692307693
-0.049233230769230765
0.040679999999999994
0.12329169230769231
0.17586276923076924
0.19359507692307693
0.19630707692307692
0.1846246153846154
0.15520984615384617
0.10743692307692307
0.03692492307692308
-0.037342153846153844
-0.10055261538461538
-0.13372246153846154
-0.13601723076923075
-0.12433476923076923
-0.09512861538461538
-0.05319692307692307
0.010639384615384617
0.0897046153846154
0.16105107692307694
0.214248
0.23531815384615382
0.2205064615384615
0.18983999999999998
0.15187199999999998
0.103056
0.04526953846153846
-0.02795446153846154
-0.09304246153846155
-0.132888
-0.13935507692307691
-0.11953661538461538
-0.09784061538461537
-0.06571384615384615
-0.021278769230769233
0.035464615384615386
0.09930092307692308
0.1341396923076923
0.13080184615384613
0.08949599999999999
0.024199384615384616
-0.025659692307692307
-0.0897046153846154
-0.1718990769230769
-0.25430215384615384
-0.35256
-0.41577046153846153
-0.43642338461538455
-0.36215630769230767
-0.20819815384615384
-0.02086153846153846
0.23364923076923078
0.43579753846153846
0.6362769230769231
0.7889833846153846
0.8277858461538461
0.78648
0.5789076923076923
0.3387913846153846
0.053405538461538456
-0.18545907692307692
-0.3798886153846154
-0.5876695384615385
-0.6506713846153847
-0.6604763076923077
-0.5050578461538461
-0.24470584615384613
0.00855323076923077
0.2849686153846154
0.47647753846153845
0.6417009230769231
0.7124215384615384
0.6502541538461538
0.49045476923076925
0.21153599999999997
-0.08761846153846153
-0.3805144615384615
-0.6258461538461538
-0.7685390769230769
-0.8142258461538462
-0.7251470769230769
-0.5350984615384615
-0.29039261538461536
-0.02023569230769231
0.21925476923076925
0.42891323076923077
0.5540824615384615
0.5743181538461538
0.5361415384615384
0.42891323076923077
0.29873723076923075
0.15875630769230767
0.006049846153846154
-0.1289243076923077
-0.24032492307692307
-0.3077076923076923
-0.3243969230769231
-0.306456
-0.26494153846153845
-0.18942276923076923
-0.08574092307692306
0.01981846153846154
0.10618523076923077
0.16167692307692308
0.18650215384615382
0.20339999999999997
0.20152246153846154
0.1718990769230769
0.13810338461538463
0.10618523076923077
0.08073415384615384
0.06070707692307692
0.014394461538461538
-0.05319692307692307
-0.11599015384615384
-0.18650215384615382
-0.23510953846153848
-0.2709913846153846
-0.28267384615384616
-0.2369870769230769
-0.14290153846153844
-0.0008344615384615384
0.14978584615384616
0.28163076923076924
0.38280923076923074
0.4487316923076923
0.47313969230769226
0.4309993846153846
0.33941723076923075
0.22008923076923076
0.08845292307692308
-0.02753723076923077
-0.12996738461538462
-0.19755876923076923
-0.21612553846153845
-0.21111876923076925
-0.18066092307692305
-0.11807630769230769
-0.026494153846153844
0.09950953846153845
0.2238443076923077
0.3077076923076923
0.347136
0.3479704615384615
0.3133403076923077
0.2422024615384615
0.13497415384615385
0.0025033846153846152
-0.11327815384615383
-0.18942276923076923
-0.21883753846153844
-0.1990190769230769
-0.14561353846153846
-0.06905169230769231
0.03442153846153846
0.1368516923076923
0.21508246153846153
0.2647329230769231
0.2716172307692308
0.2578486153846154
0.2292683076923077
0.1846246153846154
0.13497415384615385
0.08428061538461538
0.042974769230769226
0.010222153846153844
-0.007510153846153846
-0.007301538461538462
-0.015020307692307692
-0.02357353846153846
-0.03567323076923076
-0.059872615384615385
-0.07927384615384615
-0.116616
-0.13998092307692306
-0.15374953846153847
-0.1783661538461538
-0.17085599999999998
-0.1570873846153846
-0.12496061538461539
-0.07885661538461539
-0.03755076923076923
0.006884307692307692
0.04088861538461538
0.07155507692307693
0.08323753846153846
0.07051199999999999
0.029414769230769227
-0.026702769230769228
-0.08386338461538462
-0.14269292307692305
-0.20131384615384615
-0.2561796923076923
-0.2807963076923077
-0.2574313846153846
-0.1846246153846154
-0.08949599999999999
0.0022947692307692304
0.08699261538461538
0.1637630769230769
0.22697353846153845
0.2626467692307692
0.2532590769230769
0.20632061538461538
0.12433476923076923
0.02899753846153846
-0.03838523076923077
-0.0961716923076923
-0.13205353846153844
-0.146448
-0.15374953846153847
-0.12266584615384615
-0.08198584615384615
-0.03483876923076923
0.0025033846153846152
0.008761846153846153
0.013560000000000001
0.010013538461538461
0.021487384615384613
0.035255999999999996
0.03942830769230769
0.047772923076923074
0.04714707692307692
0.06821723076923077
0.10889723076923077
0.14164984615384615
0.1656406153846154
0.1585476923076923
0.12955015384615384
0.10493353846153847
0.06654830769230768
0.023990769230769232
-0.02753723076923077
-0.09325107692307691
-0.13852061538461538
-0.154584
-0.14290153846153844
-0.1287156923076923
-0.10076123076923077
-0.05048492307692308
0.010013538461538461
0.084072
0.13476553846153844
0.1558356923076923
0.13080184615384613
0.06070707692307692
-0.016897846153846156
-0.10180430769230768
-0.18921415384615384
-0.2670276923076923
-0.3210590769230769
-0.32606584615384615
-0.2805876923076923
-0.19672430769230767
-0.08010830769230769
0.03483876923076923
0.13434830769230768
0.20632061538461538
0.24199384615384617
0.24637476923076923
0.20298276923076922
0.12016246153846154
0.019192615384615384
-0.07572738461538461
-0.1462393846153846
-0.19150892307692308
-0.20965846153846154
-0.1990190769230769
-0.1656406153846154
-0.10868861538461538
-0.04047138461538462
0.029206153846153847
0.0880356923076923
0.11619876923076923
0.12245723076923076
0.1136953846153846
0.07948246153846153
0.028788923076923077
-0.028163076923076923
-0.08428061538461538
-0.12287446153846153
-0.13810338461538463
-0.1368516923076923
-0.12391753846153845
-0.08720123076923077
-0.04631261538461538
-0.0004172307692307692
0.042557538461538466
0.06154153846153846
0.06633969230769231
0.03942830769230769
0.011265230769230769
0.0
-0.00855323076923077
0.0008344615384615384
0.01856676923076923
0.04756430769230769
0.08949599999999999
0.12788123076923075
0.17148184615384612
0.20319138461538463
0.21654276923076923
0.2138307692307692
0.19380369230769232
0.17377661538461536
0.13872923076923074
0.08636676923076922
0.028163076923076923
-0.02315630769230769
-0.05590892307692308
-0.0771876923076923
-0.09012184615384615
-0.0936683076923077
-0.0826116923076923
-0.053614153846153846
-0.012099692307692308
0.019609846153846155
0.03442153846153846
0.02482523076923077
0.002712
-0.003755076923076923
-0.013142769230769229
-0.018775384615384614
-0.02044430769230769
-0.028788923076923077
-0.026494153846153844
-0.021487384615384613
-0.01397723076923077
-0.005424
-0.010639384615384617
-0.027745846153846152
-0.04652123076923077
-0.05674338461538461
-0.05298830769230769
-0.05382276923076923
-0.06529661538461538
-0.07051199999999999
-0.06905169230769231
-0.051319384615384614
-0.026076923076923077
-0.01397723076923077
-0.010222153846153844
-0.021904615384615383
-0.03483876923076923
-0.04088861538461538
-0.056326153846153845
-0.06967753846153846
-0.08448923076923077
-0.08782707692307692
-0.06592246153846154
-0.031918153846153846
0.014603076923076923
0.05653476923076922
0.08720123076923077
0.11265230769230769
0.12558646153846154
0.12996738461538462
0.12099692307692309
0.09825784615384614
0.07030338461538461
0.04088861538461538
0.021696
0.011473846153846154
0.002086153846153846
-0.0014603076923076922
-0.005215384615384615
0.003963692307692307
0.03358707692307692
0.06696553846153847
0.10326461538461539
0.12412615384615384
0.1356
0.13622584615384614
0.11682461538461539
0.09512861538461538
0.05173661538461538
-0.003755076923076923
-0.05528307692307692
-0.0963803076923077
-0.10994030769230768
-0.10994030769230768
-0.092208
-0.05778646153846154
-0.021904615384615383
0.014603076923076923
0.042557538461538466
0.06362769230769232
0.07697907692307693
0.07531015384615385
0.07092923076923077
0.0609156923076923
0.04985907692307692
0.041514461538461535
0.03108369230769231
0.040262769230769234
0.06070707692307692
0.08365476923076923
0.10597661538461538
0.11745046153846153
0.1314276923076923
0.14018953846153845
0.1368516923076923
0.12099692307692309
0.086784
0.03942830769230769
-0.021070153846153846
-0.08344615384615384
-0.13768615384615385
-0.1775316923076923
-0.19526400000000002
-0.18399876923076922
-0.1356
-0.05486584615384615
0.03713353846153846
0.11411261538461538
0.16730953846153845
0.19818461538461538
0.2059033846153846
0.18358153846153846
0.13706030769230768
0.06926030769230769
-0.019609846153846155
-0.10201292307692307
-0.1652233846153846
-0.20694646153846152
-0.21883753846153844
-0.20673784615384616
-0.1570873846153846
-0.07197230769230768
0.027120000000000002
0.14561353846153846
0.2517987692307692
0.3252313846153846
0.35923569230769226
0.347136
0.3079163076923077
0.2238443076923077
0.1028473846153846
-0.03045784615384615
-0.16251138461538459
-0.2582658461538461
-0.30436984615384616
-0.29748553846153847
-0.23928184615384615
-0.15249784615384615
-0.03880246153846154
0.09429415384615383
0.21904615384615383
0.31813846153846154
0.36778892307692307
0.3619476923076923
0.31250584615384613
0.22488738461538463
0.1151556923076923
-0.01668923076923077
-0.14436184615384615
-0.24324553846153843
-0.3039526153846154
-0.3079163076923077
-0.2709913846153846
-0.20256553846153844
-0.11077476923076923
0.0006258461538461538
0.12204
0.225096
0.2970683076923077
0.3304467692307692
0.3277347692307692
0.2966510769230769
0.2342750769230769
0.15479261538461536
0.05444861538461539
-0.053614153846153846
-0.14603076923076924
-0.2138307692307692
-0.24345415384615382
-0.24595753846153845
-0.2236356923076923
-0.18942276923076923
-0.14311015384615386
-0.08177723076923075
-0.016480615384615385
0.04318338461538461
0.08448923076923077
0.111192
0.12391753846153845
0.12725538461538463
0.13101046153846155
0.11828492307692307
0.09304246153846155
0.06321046153846153
0.01397723076923077
-0.031709538461538456
-0.08740984615384616
-0.14686523076923075
-0.1923433846153846
-0.2238443076923077
-0.2127876923076923
-0.157296
-0.08198584615384615
0.006467076923076923
0.07259815384615384
0.11181784615384616
0.154584
0.1779489230769231
0.18086953846153844
0.12996738461538462
0.05069353846153846
-0.03984553846153846
-0.09930092307692308
-0.12996738461538462
-0.06258461538461538
0.019609846153846155
-0.06592246153846154
-0.05736923076923077
-0.062376
-0.016063384615384615
0.06967753846153846
-0.032544
-0.09158215384615384
-0.20965846153846154
-0.1913003076923077
-0.06884307692307692
-0.03838523076923077
0.02273907692307692
-0.03504738461538461
0.04047138461538462
0.17628
0.2517987692307692
0.32961230769230765
0.17023015384615386
0.03212676923076923
-0.07113784615384615
-0.19004861538461537
-0.1800350769230769
-0.28246523076923075
-0.330864
-0.29832
-0.3206418461538461
-0.14436184615384615
0.013351384615384614
0.13601723076923075
0.29080984615384614
0.2920615384615385
0.3312812307692308
0.3141747692307692
0.24470584615384613
0.22154953846153846
0.06321046153846153
-0.11348676923076922
-0.27286892307692306
-0.3784283076923077
-0.35610646153846154
-0.3744646153846154
-0.3584012307692308
-0.2985286153846154
-0.21237046153846154
-0.004589538461538461
0.1476996923076923
0.25200738461538463
0.3229366153846154
0.3012406153846154
0.3206418461538461
0.2947735384615384
0.20027076923076922
0.12996738461538462
0.015437538461538461
-0.04109723076923077
-0.03296123076923077
-0.04401784615384615
-0.03692492307692308
-0.06529661538461538
-0.06967753846153846
-0.04756430769230769
-0.03483876923076923
0.0
0.012516923076923077
0.05716061538461538
0.0855323076923077
0.08740984615384616
0.14331876923076922
0.15813046153846153
0.17502830769230768
0.1846246153846154
0.12683815384615382
0.09262523076923077
0.027120000000000002
-0.03755076923076923
-0.0826116923076923
-0.17315076923076922
-0.20193969230769232
-0.2008966153846154
-0.18483323076923078
-0.13059323076923077
-0.09137353846153846
-0.0022947692307692304
0.10764553846153846
0.19672430769230767
0.2497126153846154
0.22593046153846155
0.21654276923076923
0.20110523076923076
0.143736
0.09241661538461539
-0.01668923076923077
-0.11181784615384616
-0.15228923076923076
-0.19004861538461537
-0.16105107692307694
-0.13935507692307691
-0.12829846153846153
-0.07572738461538461
-0.05507446153846154
-0.012934153846153845
0.03755076923076923
0.061750153846153844
0.08344615384615384
0.06467076923076923
0.047772923076923074
0.02211323076923077
-0.018358153846153843
-0.03379569230769231
-0.056951999999999996
-0.05277969230769231
-0.04756430769230769
-0.04526953846153846
-0.005632615384615384
0.0014603076923076922
0.015020307692307692
0.022947692307692308
-0.012934153846153845
-0.01856676923076923
-0.03045784615384615
-0.04672984615384615
-0.042348923076923076
-0.04380923076923077
0.0012516923076923076
0.07489292307692308
0.14164984615384615
0.19693292307692306
0.19463815384615382
0.16751815384615384
0.12099692307692309
0.04193169230769231
-0.03421292307692308
-0.12704676923076924
-0.20965846153846154
-0.2680707692307692
-0.30854215384615385
-0.2868461538461538
-0.23490092307692306
-0.14123261538461537
-0.01043076923076923
0.08115138461538463
0.16438892307692307
0.2207150769230769
0.249504
0.27975323076923075
0.24470584615384613
0.1693956923076923
0.08469784615384615
0.0014603076923076922
-0.03504738461538461
-0.051319384615384614
-0.054240000000000003
-0.0446436923076923
-0.021070153846153846
0.04631261538461538
0.12245723076923076
0.19693292307692306
0.2503384615384615
0.25430215384615384
0.23448369230769228
0.18712800000000002
0.1397723076923077
0.1045163076923077
0.06028984615384615
0.03066646153846154
0.0050067692307692304
-0.0033378461538461535
0.03024923076923077
0.07280676923076923
0.10535076923076922
0.09700615384615385
0.06195876923076923
0.03150092307692308
0.006049846153846154
-0.021696
-0.073224
-0.138312
-0.19025723076923076
-0.20235692307692305
-0.16313723076923078
-0.10952307692307692
-0.07531015384615385
-0.03942830769230769
0.0025033846153846152
0.05507446153846154
0.1045163076923077
0.11452984615384615
0.1028473846153846
0.06216738461538462
0.01981846153846154
0.007927384615384614
-0.013142769230769229
-0.032544
-0.04735569230769231
-0.05507446153846154
-0.04130584615384615
-0.03045784615384615
-0.017523692307692306
-0.016897846153846156
-0.03755076923076923
-0.04944184615384615
-0.04860738461538461
-0.02023569230769231
0.008970461538461538
0.014811692307692307
0.018358153846153843
0.007301538461538462
0.006049846153846154
0.016480615384615385
0.009804923076923077
-0.009804923076923077
-0.06028984615384615
-0.11181784615384616
-0.12975876923076923
-0.13372246153846154
-0.12329169230769231
-0.11891076923076922
-0.12350030769230769
-0.10138707692307691
-0.05778646153846154
0.002086153846153846
0.06154153846153846
0.09387692307692307
0.116616
0.12996738461538462
0.13789476923076924
0.14290153846153844
0.11703323076923078
0.07697907692307693
0.016897846153846156
-0.04214030769230769
-0.06592246153846154
-0.07468430769230769
-0.06592246153846154
-0.04714707692307692
-0.018775384615384614
0.029206153846153847
0.08240307692307691
0.12683815384615382
0.15416676923076922
0.1639716923076923
0.15896492307692306
0.14269292307692305
0.12266584615384615
0.0853236923076923
0.03233538461538461
-0.01710646153846154
-0.048816000000000005
-0.04652123076923077
-0.02586830769230769
0.0035464615384615383
0.041514461538461535
0.07259815384615384
0.116616
0.17481969230769231
0.2154996923076923
0.2374043076923077
0.2209236923076923
0.17315076923076922
0.11849353846153846
0.052153846153846155
-0.013142769230769229
-0.07843938461538462
-0.13330523076923076
-0.15771323076923077
-0.15500123076923078
-0.11536430769230768
-0.054240000000000003
0.0029206153846153843
0.05090215384615384
0.084072
0.10576799999999999
0.11828492307692307
0.10138707692307691
0.04276615384615385
-0.03901107692307692
-0.12558646153846154
-0.19296923076923078
-0.23969907692307693
-0.26911384615384615
-0.265776
-0.24428861538461538
-0.19860184615384616
-0.1205796923076923
-0.04318338461538461
0.029414769230769227
0.0936683076923077
0.1422756923076923
0.17961784615384613
0.1908830769230769
0.1779489230769231
0.13309661538461537
0.06321046153846153
0.0014603076923076922
-0.047772923076923074
-0.07051199999999999
-0.078648
-0.08031692307692308
-0.07134646153846153
-0.06362769230769232
-0.031709538461538456
0.014811692307692307
0.05173661538461538
0.08469784615384615
0.10013538461538461
0.103056
0.11140061538461538
0.11098338461538461
0.10514215384615383
0.08949599999999999
0.055491692307692304
0.02357353846153846
-0.013142769230769229
-0.05590892307692308
-0.09763200000000001
-0.14436184615384615
-0.18149538461538461
-0.19755876923076923
-0.19359507692307693
-0.16772676923076923
-0.124752
-0.06571384615384615
0.0004172307692307692
0.06800861538461538
0.13038461538461538
0.1760713846153846
0.20444307692307692
0.21049292307692305
0.1992276923076923
0.17377661538461536
0.12913292307692306
0.073224
0.01668923076923077
-0.03442153846153846
-0.08052553846153847
-0.10117846153846152
-0.1028473846153846
-0.09575446153846154
-0.06967753846153846
-0.03921969230769231
0.003129230769230769
0.04547815384615384
0.0798996923076923
0.11035753846153845
0.13184492307692308
0.14290153846153844
0.13622584615384614
0.119328
0.09158215384615384
0.05382276923076923
0.0050067692307692304
-0.04631261538461538
-0.08699261538461538
-0.11494707692307692
-0.13038461538461538
-0.13601723076923075
-0.12391753846153845
-0.09241661538461539
-0.04193169230769231
0.014394461538461538
0.07885661538461539
0.14519630769230768
0.1913003076923077
0.22572184615384616
0.23886461538461537
0.233232
0.21320492307692307
0.1704387692307692
0.11348676923076922
0.043392
-0.03984553846153846
-0.12913292307692306
-0.20339999999999997
-0.25054707692307693
-0.2588916923076923
-0.23677846153846152
-0.1908830769230769
-0.12162276923076921
-0.042557538461538466
0.03984553846153846
0.11724184615384614
0.1775316923076923
0.200688
0.1992276923076923
0.17815753846153848
0.1368516923076923
0.08428061538461538
0.005841230769230769
-0.07468430769230769
-0.14060676923076923
-0.1913003076923077
-0.2075723076923077
-0.20673784615384616
-0.18629353846153843
-0.14415323076923076
-0.09074769230769231
-0.023364923076923075
0.03838523076923077
0.08866153846153846
0.12204
0.13226215384615383
0.13205353846153844
0.11140061538461538
0.073224
0.031918153846153846
-0.01668923076923077
-0.05528307692307692
-0.08782707692307692
-0.11807630769230769
-0.14561353846153846
-0.18170399999999998
-0.21028430769230766
-0.2207150769230769
-0.20819815384615384
-0.1666836923076923
-0.1097316923076923
-0.04819015384615385
0.019609846153846155
0.08177723076923075
0.13914646153846155
0.17315076923076922
0.17231630769230769
0.13893784615384613
0.06571384615384615
-0.018358153846153843
-0.09846646153846153
-0.17023015384615386
-0.22989415384615383
-0.26869661538461537
-0.27182584615384614
-0.23177169230769232
-0.15646153846153846
-0.06905169230769231
0.01814953846153846
0.09158215384615384
0.1614683076923077
0.22551323076923077
0.260352
0.25701415384615384
0.20527753846153846
0.1287156923076923
0.04714707692307692
-0.032544
-0.10493353846153847
-0.16835261538461538
-0.20444307692307692
-0.21153599999999997
-0.1858763076923077
-0.12308307692307692
-0.05319692307692307
-0.0004172307692307692
0.05048492307692308
0.0936683076923077
0.11828492307692307
0.157296
0.1635544615384615
0.1785747692307692
0.16501476923076921
0.20715507692307691
0.32314523076923074
0.24700061538461537
0.22676492307692306
0.18149538461538461
0.10806276923076923
0.12370892307692308
-0.027328615384615382
-0.1368516923076923
-0.2951907692307692
-0.3790541538461539
-0.28476
-0.25972615384615383
-0.14060676923076923
-0.08198584615384615
0.03755076923076923
0.2574313846153846
0.3675803076923077
0.5200781538461539
0.4746
0.3346190769230769
0.22551323076923077
0.0025033846153846152
-0.10952307692307692
-0.2532590769230769
-0.38239199999999995
-0.3642424615384615
-0.42724430769230765
-0.34358953846153845
-0.1783661538461538
-0.05090215384615384
0.16626646153846153
0.2503384615384615
0.3049956923076923
0.33357600000000004
0.2912270769230769
0.32961230769230765
0.2789187692307692
0.17398523076923075
0.0771876923076923
-0.011682461538461537
0.011265230769230769
0.0016689230769230767
-0.03775938461538462
-0.05507446153846154
-0.09950953846153845
-0.04985907692307692
0.01814953846153846
0.03483876923076923
0.06279323076923077
0.030040615384615384
0.03150092307692308
0.06592246153846154
0.04839876923076923
0.07614461538461538
0.06362769230769232
0.04965046153846154
0.09387692307692307
0.10868861538461538
0.14311015384615386
0.1341396923076923
0.08511507692307693
0.03921969230769231
-0.04693846153846153
-0.11056615384615384
-0.15750461538461538
-0.17231630769230769
-0.1704387692307692
-0.20027076923076922
-0.14206707692307693
-0.04547815384615384
0.05277969230769231
0.17440246153846153
0.22572184615384616
0.2789187692307692
0.3170953846153846
0.30019753846153846
0.2805876923076923
0.17461107692307692
0.05444861538461539
-0.023990769230769232
-0.11640738461538462
-0.1792006153846154
-0.25305046153846156
-0.29915446153846154
-0.27787569230769227
-0.24199384615384617
-0.1733593846153846
-0.10096984615384616
-0.021070153846153846
0.06633969230769231
0.10827138461538462
0.14811692307692306
0.14999446153846155
0.10055261538461538
0.07969107692307692
0.024199384615384616
-0.03504738461538461
-0.07009476923076922
-0.11745046153846153
-0.11807630769230769
-0.13747753846153846
-0.16626646153846153
-0.15187199999999998
-0.13601723076923075
-0.09304246153846155
-0.05862092307692307
-0.03358707692307692
-0.002086153846153846
0.021070153846153846
0.07739630769230768
0.12850707692307692
0.15124615384615384
0.143736
0.09971815384615385
0.07969107692307692
0.06571384615384615
0.04130584615384615
0.016480615384615385
-0.043600615384615383
-0.07051199999999999
-0.05090215384615384
-0.03233538461538461
-0.008344615384615384
-0.012934153846153845
-0.00855323076923077
0.035464615384615386
0.07614461538461538
0.12454338461538461
0.1435273846153846
0.11995384615384615
0.10347323076923076
0.08720123076923077
0.08720123076923077
0.07364123076923076
0.03337846153846154
-0.006258461538461538
-0.06321046153846153
-0.08991323076923076
-0.08302892307692307
-0.05590892307692308
0.004798153846153846
0.03942830769230769
0.065088
0.10889723076923077
0.14853415384615384
0.2073636923076923
0.21967199999999998
0.17711446153846155
0.14123261538461537
0.10138707692307691
0.08845292307692308
0.07551876923076924
0.03838523076923077
-0.0035464615384615383
-0.040054153846153843
-0.026494153846153844
0.007510153846153846
0.02795446153846154
0.0448523076923077
0.04526953846153846
0.05945538461538461
0.078648
0.07802215384615384
0.07572738461538461
0.048816000000000005
0.02232184615384615
0.011891076923076923
0.0006258461538461538
0.010222153846153844
0.020652923076923076
0.025033846153846153
0.03442153846153846
0.04631261538461538
0.07510153846153846
0.10597661538461538
0.11181784615384616
0.09012184615384615
0.03921969230769231
-0.021070153846153846
-0.0826116923076923
-0.13768615384615385
-0.18900553846153845
-0.2517987692307692
-0.2818393846153846
-0.26932246153846157
-0.2157083076923077
-0.1353913846153846
-0.07572738461538461
-0.0070929230769230765
0.06654830769230768
0.11348676923076922
0.13893784615384613
0.11223507692307692
0.04547815384615384
-0.026702769230769228
-0.10117846153846152
-0.15646153846153846
-0.20632061538461538
-0.25367630769230765
-0.2674449230769231
-0.249504
-0.19213476923076922
-0.11160923076923077
-0.026285538461538457
0.05298830769230769
0.10535076923076922
0.13789476923076924
0.14707384615384617
0.12704676923076924
0.08115138461538463
0.013351384615384614
-0.053405538461538456
-0.11640738461538462
-0.17544553846153846
-0.20652923076923077
-0.22154953846153846
-0.21508246153846153
-0.17690584615384616
-0.13101046153846155
-0.07092923076923077
-0.014185846153846153
0.01856676923076923
0.03942830769230769
0.04088861538461538
0.029623384615384614
0.010013538461538461
-0.02211323076923077
-0.050067692307692306
-0.06926030769230769
-0.06341907692307691
-0.03984553846153846
-0.02524246153846154
-0.012308307692307691
-0.004172307692307692
0.0025033846153846152
0.009179076923076922
0.005632615384615384
0.003755076923076923
-0.008761846153846153
-0.02545107692307692
-0.009179076923076922
0.023364923076923075
0.061124307692307686
0.09408553846153846
0.12329169230769231
0.16334584615384617
0.19839323076923077
0.22113230769230768
0.21967199999999998
0.20298276923076922
0.16501476923076921
0.10889723076923077
0.06070707692307692
0.01043076923076923
-0.02586830769230769
-0.045895384615384616
-0.05486584615384615
-0.03650769230769231
-0.0050067692307692304
0.04214030769230769
0.0974233846153846
0.13330523076923076
0.16042523076923076
0.16710092307692306
0.15333230769230768
0.13747753846153846
0.10493353846153847
0.06529661538461538
0.018983999999999997
-0.027120000000000002
-0.06946892307692307
-0.11411261538461538
-0.14853415384615384
-0.17231630769230769
-0.17315076923076922
-0.15562707692307692
-0.12579507692307693
-0.08907876923076924
-0.05069353846153846
-0.007927384615384614
0.03692492307692308
0.08574092307692306
0.12496061538461539
0.14269292307692305
0.14039815384615384
0.11891076923076922
0.07802215384615384
0.023364923076923075
-0.03775938461538462
-0.10201292307692307
-0.1531236923076923
-0.17523692307692307
-0.17169046153846151
-0.14018953846153845
-0.09533723076923077
-0.04172307692307692
0.024616615384615383
0.09950953846153845
0.17440246153846153
0.21654276923076923
0.22154953846153846
0.19067446153846154
0.13121907692307694
0.06592246153846154
-0.0025033846153846152
-0.06487938461538462
-0.1178676923076923
-0.15604430769230768
-0.16251138461538459
-0.14311015384615386
-0.10013538461538461
-0.05507446153846154
-0.027120000000000002
-0.0008344615384615384
0.02023569230769231
0.027120000000000002
0.02211323076923077
0.003963692307692307
-0.017940923076923077
-0.03755076923076923
-0.05090215384615384
-0.037342153846153844
-0.022947692307692308
-0.014185846153846153
-0.007927384615384614
-0.015437538461538461
-0.012308307692307691
-0.009596307692307692
-0.00855323076923077
-0.013351384615384614
-0.028163076923076923
-0.04193169230769231
-0.049233230769230765
-0.0448523076923077
-0.03859384615384615
-0.026076923076923077
-0.0014603076923076922
0.03775938461538462
0.0853236923076923
0.13059323076923077
0.15166338461538462
0.1504116923076923
0.13455692307692307
0.09846646153846153
0.058829538461538454
0.0016689230769230767
-0.06425353846153846
-0.11160923076923077
-0.13664307692307692
-0.12412615384615384
-0.08824430769230769
-0.03629907692307692
0.029623384615384614
0.08177723076923075
0.12245723076923076
0.16105107692307694
0.17711446153846155
0.1585476923076923
0.10952307692307692
0.046104
-0.008136
-0.053614153846153846
-0.09074769230769231
-0.11557292307692307
-0.12621230769230768
-0.11348676923076922
-0.07009476923076922
-0.008344615384615384
0.054240000000000003
0.0963803076923077
0.1097316923076923
0.10159569230769232
0.0880356923076923
0.06842584615384616
0.03650769230769231
0.008136
-0.02023569230769231
-0.029623384615384614
-0.00855323076923077
0.02357353846153846
0.058412307692307694
0.08761846153846153
0.10222153846153846
0.10743692307692307
0.11494707692307692
0.11745046153846153
0.09429415384615383
0.06195876923076923
0.042348923076923076
0.03337846153846154
0.041514461538461535
0.059664
0.08657538461538461
0.116616
0.143736
0.1710646153846154
0.19004861538461537
0.18483323076923078
0.14790830769230767
0.09137353846153846
0.035464615384615386
-0.010013538461538461
-0.052571076923076915
-0.09554584615384615
-0.1287156923076923
-0.13518276923076925
-0.10806276923076923
-0.04985907692307692
0.03150092307692308
0.10326461538461539
0.14540492307692307
0.16793538461538463
0.17586276923076924
0.168144
0.12287446153846153
0.049233230769230765
-0.026911384615384615
-0.09533723076923077
-0.13434830769230768
-0.14728246153846153
-0.13768615384615385
-0.10722830769230769
-0.06258461538461538
-0.003755076923076923
0.05778646153846154
0.09429415384615383
0.09700615384615385
0.0744756923076923
0.030875076923076922
-0.02044430769230769
-0.073224
-0.11745046153846153
-0.14144123076923076
-0.14457046153846154
-0.12662953846153846
-0.0853236923076923
-0.02357353846153846
0.03567323076923076
0.07489292307692308
0.08073415384615384
0.06425353846153846
0.042348923076923076
0.003129230769230769
-0.045895384615384616
-0.10159569230769232
-0.1506203076923077
-0.19609846153846153
-0.2369870769230769
-0.2822566153846154
-0.3452584615384615
-0.3062473846153846
-0.1779489230769231
0.021070153846153846
0.2939390769230769
0.5392707692307692
0.7718769230769231
0.9533723076923077
1.0426596923076923
1.0416166153846154
0.8816086153846154
0.5574203076923077
0.1942209230769231
-0.1639716923076923
-0.46312615384615385
-0.648168
-0.7716683076923077
-0.7877316923076922
-0.6815464615384615
-0.4443507692307692
-0.12704676923076924
0.1860849230769231
0.44998338461538456
0.5872523076923076
0.6504627692307692
0.5981003076923076
0.4620830769230769
0.27558092307692306
-0.06133292307692308
-0.36799753846153843
-0.6072793846153846
-0.7466344615384616
-0.6894738461538461
-0.5699372307692308
-0.36549415384615386
-0.12934153846153845
0.051319384615384614
0.2641070769230769
0.40513107692307687
0.43579753846153846
0.4053396923076923
0.2845513846153846
0.1858763076923077
0.10743692307692307
0.05674338461538461
0.03859384615384615
-0.03567323076923076
-0.10597661538461538
-0.184416
-0.2426196923076923
-0.2624381538461539
-0.31188
-0.3269003076923077
-0.32669169230769235
-0.31918153846153846
-0.2438713846153846
-0.18858830769230767
-0.1614683076923077
-0.13852061538461538
-0.13852061538461538
-0.09241661538461539
-0.009804923076923077
0.06967753846153846
0.15333230769230768
0.18629353846153843
0.154584
0.08094276923076923
-0.04401784615384615
-0.2059033846153846
-0.37550769230769226
-0.48816
-0.5046406153846154
-0.4015846153846154
-0.19964492307692308
0.03942830769230769
0.2993630769230769
0.5173661538461538
0.6754966153846154
0.770208
0.7374553846153846
0.5962227692307692
0.39344861538461534
0.15875630769230767
-0.05090215384615384
-0.22530461538461538
-0.3550633846153846
-0.4113895384615384
-0.40617415384615385
-0.33649661538461534
-0.21508246153846153
-0.06216738461538462
0.10764553846153846
0.25555384615384613
0.38677292307692307
0.46771569230769233
0.4816929230769231
0.42348923076923073
0.27328615384615385
0.09971815384615385
-0.08031692307692308
-0.235944
-0.32314523076923074
-0.37967999999999996
-0.37237846153846155
-0.2845513846153846
-0.15604430769230768
0.007510153846153846
0.1656406153846154
0.2772498461538462
0.32961230769230765
0.3277347692307692
0.29101846153846156
0.23406646153846156
0.15500123076923078
0.05048492307692308
-0.04526953846153846
-0.10889723076923077
-0.14269292307692305
-0.14415323076923076
-0.14060676923076923
-0.14477907692307693
-0.14144123076923076
-0.1435273846153846
-0.13768615384615385
-0.12329169230769231
-0.13059323076923077
-0.14665661538461539
-0.16251138461538459
-0.1733593846153846
-0.16084246153846155
-0.12913292307692306
-0.08887015384615385
-0.05277969230769231
-0.017523692307692306
0.015646153846153844
0.03901107692307692
0.042974769230769226
0.0006258461538461538
-0.06613107692307692
-0.14290153846153844
-0.22154953846153846
-0.2643156923076923
-0.28413415384615387
-0.28017046153846153
-0.23677846153846152
-0.1704387692307692
-0.0744756923076923
0.04380923076923077
0.14436184615384615
0.22405292307692307
0.27412061538461535
0.2822566153846154
0.26097784615384617
0.2059033846153846
0.11891076923076922
0.019192615384615384
-0.08010830769230769
-0.15792184615384616
-0.19380369230769232
-0.18379015384615385
-0.13038461538461538
-0.037342153846153844
0.0744756923076923
0.1792006153846154
0.26932246153846157
0.31083692307692307
0.2966510769230769
0.24074215384615386
0.14457046153846154
0.03921969230769231
-0.059664
-0.13768615384615385
-0.1792006153846154
-0.18232984615384615
-0.1502030769230769
-0.07030338461538461
0.0446436923076923
0.16209415384615386
0.2764153846153846
0.3682061538461538
0.41305846153846154
0.4007501538461538
0.3225193846153846
0.1948467692307692
0.049233230769230765
-0.103056
-0.2273907692307692
-0.2997803076923077
-0.3243969230769231
-0.292896
-0.21091015384615383
-0.0936683076923077
0.028371692307692306
0.13330523076923076
0.19881046153846152
0.2140393846153846
0.1908830769230769
0.12913292307692306
0.042348923076923076
-0.050067692307692306
-0.1314276923076923
-0.17982646153846152
-0.1908830769230769
-0.1656406153846154
-0.10660246153846153
-0.03024923076923077
0.05382276923076923
0.1341396923076923
0.20173107692307693
0.25367630769230765
0.2722430769230769
0.24720923076923076
0.19296923076923078
0.12245723076923076
0.04902461538461538
-0.01981846153846154
-0.07593599999999999
-0.10555938461538462
-0.10389046153846154
-0.06863446153846153
-0.019609846153846155
0.02795446153846154
0.0678
0.08490646153846154
0.08949599999999999
0.07843938461538462
0.053614153846153846
0.012308307692307691
-0.04756430769230769
-0.10430769230769231
-0.13810338461538463
-0.14018953846153845
-0.12224861538461537
-0.09158215384615384
-0.05611753846153846
-0.009387692307692307
0.0448523076923077
0.09053907692307692
0.12704676923076924
0.13935507692307691
0.11473846153846154
0.07426707692307692
0.03838523076923077
0.012516923076923077
-0.0014603076923076922
-0.01043076923076923
0.0025033846153846152
0.03504738461538461
0.07927384615384615
0.12704676923076924
0.15959076923076923
0.1792006153846154
0.17273353846153844
0.14832553846153845
0.11745046153846153
0.06905169230769231
0.018358153846153843
-0.03045784615384615
-0.06592246153846154
-0.06800861538461538
-0.050067692307692306
-0.016897846153846156
0.020027076923076922
0.042557538461538466
0.05653476923076922
0.059872615384615385
0.05444861538461539
0.03650769230769231
-0.011473846153846154
-0.059038153846153844
-0.09471138461538461
-0.1218313846153846
-0.124752
-0.12308307692307692
-0.1028473846153846
-0.06571384615384615
-0.01710646153846154
0.04756430769230769
0.09533723076923077
0.12266584615384615
0.11640738461538462
0.08490646153846154
0.045895384615384616
-0.0004172307692307692
-0.029832
-0.05194523076923077
-0.06008123076923077
-0.052153846153846155
-0.03442153846153846
0.004589538461538461
0.03921969230769231
0.058412307692307694
0.05924676923076923
0.035464615384615386
0.003129230769230769
-0.03504738461538461
-0.08031692307692308
-0.12433476923076923
-0.16188553846153847
-0.1760713846153846
-0.16209415384615386
-0.12934153846153845
-0.08511507692307693
-0.04401784615384615
-0.0022947692307692304
0.048816000000000005
0.09825784615384614
0.1353913846153846
0.14916
0.13080184615384613
0.09658892307692307
0.06028984615384615
0.026285538461538457
-0.005841230769230769
-0.03629907692307692
-0.05611753846153846
-0.06195876923076923
-0.040679999999999994
0.0016689230769230767
0.03880246153846154
0.06321046153846153
0.07405846153846153
0.08135999999999999
0.08240307692307691
0.06070707692307692
0.026494153846153844
-0.02545107692307692
-0.08469784615384615
-0.12558646153846154
-0.14582215384615385
-0.13330523076923076
-0.09950953846153845
-0.05945538461538461
-0.015646153846153844
0.02357353846153846
0.04985907692307692
0.05069353846153846
0.023782153846153845
-0.021070153846153846
-0.06821723076923077
-0.09909230769230769
-0.10493353846153847
-0.08907876923076924
-0.052153846153846155
0.0006258461538461538
0.07739630769230768
0.16856123076923077
0.24866953846153847
0.31000246153846156
0.3321156923076923
0.3152178461538461
0.2707827692307692
0.2073636923076923
0.13476553846153844
0.05069353846153846
-0.033169846153846154
-0.09471138461538461
-0.130176
-0.14123261538461537
-0.12704676923076924
-0.09804923076923076
-0.061124307692307686
-0.013351384615384614
0.042974769230769226
0.0934596923076923
0.12829846153846153
0.1314276923076923
0.10660246153846153
0.06967753846153846
0.01668923076923077
-0.04631261538461538
-0.11306953846153844
-0.17648861538461538
-0.21612553846153845
-0.21821169230769227
-0.18212123076923076
-0.11473846153846154
-0.03421292307692308
0.03838523076923077
0.10096984615384616
0.14665661538461539
0.165432
0.15228923076923076
0.10201292307692307
0.03650769230769231
-0.027328615384615382
-0.07656184615384615
-0.1070196923076923
-0.11974523076923077
-0.11849353846153846
-0.11682461538461539
-0.10535076923076922
-0.08845292307692308
-0.07635323076923077
-0.07238953846153846
-0.07468430769230769
-0.06759138461538462
-0.0448523076923077
-0.01710646153846154
0.014811692307692307
0.042974769230769226
0.06800861538461538
0.0934596923076923
0.11202646153846153
0.1289243076923077
0.13893784615384613
0.13080184615384613
0.10180430769230768
0.06070707692307692
0.012308307692307691
-0.034630153846153845
-0.07823076923076923
-0.11432123076923076
-0.12955015384615384
-0.12329169230769231
-0.09033046153846153
-0.03567323076923076
0.03024923076923077
0.09533723076923077
0.15187199999999998
0.20465169230769228
0.23656984615384613
0.2369870769230769
0.19359507692307693
0.11265230769230769
0.01981846153846154
-0.0826116923076923
-0.17544553846153846
-0.24491446153846153
-0.2860116923076923
-0.29414769230769233
-0.2638984615384615
-0.19964492307692308
-0.11640738461538462
-0.022947692307692308
0.056951999999999996
0.12287446153846153
0.1612596923076923
0.16710092307692306
0.14582215384615385
0.08636676923076922
0.008344615384615384
-0.06425353846153846
-0.11807630769230769
-0.1543753846153846
-0.16835261538461538
-0.15562707692307692
-0.116616
-0.05444861538461539
0.018775384615384614
0.09596307692307693
0.1570873846153846
0.1927606153846154
0.20527753846153846
0.1910916923076923
0.15813046153846153
0.10722830769230769
0.042557538461538466
-0.026702769230769228
-0.09283384615384616
-0.1696043076923077
-0.22113230769230768
-0.2125790769230769
-0.1804523076923077
-0.10159569230769232
0.019192615384615384
0.14436184615384615
0.28246523076923075
0.4049224615384615
0.4942098461538461
0.5119421538461538
0.469176
0.39657784615384617
0.2290596923076923
0.061750153846153844
-0.11953661538461538
-0.29727692307692305
-0.3917796923076923
-0.47772923076923074
-0.4587452307692308
-0.3821833846153846
-0.23949046153846154
-0.010222153846153844
0.18232984615384615
0.3750904615384615
0.4756430769230769
0.4960873846153846
0.4683415384615384
0.3421292307692308
0.19964492307692308
0.0029206153846153843
-0.17586276923076924
-0.2868461538461538
-0.35923569230769226
-0.3239796923076923
-0.26097784615384617
-0.1691870769230769
-0.043392
0.03358707692307692
0.12725538461538463
0.18066092307692305
0.17544553846153846
0.18086953846153844
0.14081538461538462
0.11140061538461538
0.07614461538461538
0.026285538461538457
0.001043076923076923
-0.06133292307692308
-0.1356
-0.19442953846153843
-0.22572184615384616
-0.21988061538461537
-0.20360861538461536
-0.1775316923076923
-0.14144123076923076
-0.10952307692307692
-0.059664
-0.006258461538461538
0.03692492307692308
0.08115138461538463
0.10994030769230768
0.16271999999999998
0.21967199999999998
0.24887815384615386
0.2647329230769231
0.21299630769230768
0.12037107692307693
0.023990769230769232
-0.10514215384615383
-0.22530461538461538
-0.3314898461538462
-0.4047138461538461
-0.40200184615384615
-0.32836061538461536
-0.17544553846153846
0.008136
0.1977673846153846
0.3671630769230769
0.4781464615384615
0.533220923076923
0.4919150769230769
0.3707095384615384
0.2090326153846154
0.020652923076923076
-0.14457046153846154
-0.2689052307692308
-0.34651015384615386
-0.355272
-0.31897292307692304
-0.2292683076923077
-0.08469784615384615
0.06258461538461538
0.2138307692307692
0.3379569230769231
0.4026276923076923
0.42474092307692307
0.39052800000000004
0.2997803076923077
0.1794092307692308
0.04401784615384615
-0.100344
-0.2209236923076923
-0.292896
-0.3158436923076923
-0.28788923076923073
-0.22196676923076922
-0.12329169230769231
-0.0025033846153846152
0.10263876923076923
0.17085599999999998
0.19693292307692306
0.17711446153846155
0.13476553846153844
0.09471138461538461
0.04318338461538461
-0.00855323076923077
-0.05716061538461538
-0.09304246153846155
-0.10117846153846152
-0.09512861538461538
-0.08031692307692308
-0.06988615384615385
-0.06383630769230769
-0.06717415384615384
-0.07593599999999999
-0.07948246153846153
-0.08615815384615384
-0.09784061538461537
-0.10764553846153846
-0.10430769230769231
-0.08094276923076923
-0.033169846153846154
0.012516923076923077
0.04693846153846153
0.06967753846153846
0.07113784615384615
0.07635323076923077
0.07051199999999999
0.0448523076923077
0.004589538461538461
-0.06571384615384615
-0.12579507692307693
-0.165432
-0.1883796923076923
-0.18629353846153843
-0.17628
-0.1449876923076923
-0.07802215384615384
0.005841230769230769
0.08198584615384615
0.15166338461538462
0.200688
0.2236356923076923
0.22947692307692308
0.21508246153846153
0.1804523076923077
0.13226215384615383
0.07885661538461539
0.032544
0.013351384615384614
0.01272553846153846
0.028788923076923077
0.051319384615384614
0.06195876923076923
0.07468430769230769
0.08094276923076923
0.07823076923076923
0.06633969230769231
0.03337846153846154
0.0022947692307692304
-0.02023569230769231
-0.030040615384615384
-0.02858030769230769
-0.02211323076923077
-0.011891076923076923
-0.012099692307692308
-0.0016689230769230767
0.02273907692307692
0.04944184615384615
0.07072061538461538
0.07697907692307693
0.06279323076923077
0.031918153846153846
-0.005215384615384615
-0.05027630769230769
-0.09158215384615384
-0.12829846153846153
-0.15208061538461537
-0.15103753846153847
-0.13518276923076925
-0.10180430769230768
-0.053405538461538456
0.003963692307692307
0.06446215384615385
0.1136953846153846
0.14164984615384615
0.14477907692307693
0.1151556923076923
0.05194523076923077
-0.021904615384615383
-0.09387692307692307
-0.16230276923076925
-0.21779446153846155
-0.2563883076923077
-0.26765353846153844
-0.24428861538461538
-0.1858763076923077
-0.10201292307692307
-0.008136
0.07843938461538462
0.1462393846153846
0.19526400000000002
0.20965846153846154
0.1881710769230769
0.12996738461538462
0.04318338461538461
-0.040054153846153843
-0.10889723076923077
-0.15416676923076922
-0.17565415384615385
-0.1787833846153846
-0.16042523076923076
-0.11891076923076922
-0.059872615384615385
0.0029206153846153843
0.06383630769230769
0.10910584615384614
0.14018953846153845
0.15750461538461538
0.14394461538461537
0.11432123076923076
0.084072
0.05319692307692307
0.031709538461538456
0.01668923076923077
-0.0006258461538461538
-0.019192615384615384
-0.03859384615384615
-0.06425353846153846
-0.08198584615384615
-0.09158215384615384
-0.10576799999999999
-0.11160923076923077
-0.11974523076923077
-0.1136953846153846
-0.0897046153846154
-0.05653476923076922
-0.0022947692307692304
0.05736923076923077
0.1178676923076923
0.1710646153846154
0.2154996923076923
0.241368
0.23886461538461537
0.21341353846153846
0.15875630769230767
0.09158215384615384
0.02545107692307692
-0.03901107692307692
-0.08845292307692308
-0.12141415384615384
-0.13184492307692308
-0.11557292307692307
-0.07405846153846153
-0.01043076923076923
0.059872615384615385
0.11891076923076922
0.16793538461538463
0.2075723076923077
0.21800307692307694
0.20173107692307693
0.15813046153846153
0.08302892307692307
-0.007510153846153846
-0.09679753846153846
-0.17252492307692308
-0.2225926153846154
-0.24741784615384615
-0.2436627692307692
-0.20360861538461536
-0.1395636923076923
-0.06529661538461538
-0.002086153846153846
0.04756430769230769
0.0826116923076923
0.103056
0.11765907692307691
0.11014892307692307
0.09491999999999999
0.07551876923076924
0.04860738461538461
0.03713353846153846
0.019609846153846155
-0.008136
-0.028163076923076923
-0.042974769230769226
-0.03901107692307692
-0.02524246153846154
-0.01272553846153846
0.007301538461538462
0.021904615384615383
0.035464615384615386
0.05236246153846154
0.06675692307692307
0.08240307692307691
0.0892873846153846
0.08907876923076924
0.09325107692307691
0.10222153846153846
0.1151556923076923
0.11807630769230769
0.10660246153846153
0.08699261538461538
0.053614153846153846
0.010639384615384617
-0.03588184615384615
-0.09095630769230768
-0.14540492307692307
-0.18399876923076922
-0.1881710769230769
-0.15875630769230767
-0.11452984615384615
-0.052153846153846155
0.02023569230769231
0.09825784615384614
0.18066092307692305
0.25367630769230765
0.30562153846153844
0.3193901538461538
0.30061476923076924
0.25805723076923076
0.19046584615384615
0.10263876923076923
0.0022947692307692304
-0.10952307692307692
-0.21195323076923075
-0.28768061538461537
-0.3323243076923077
-0.3344104615384615
-0.3035353846153846
-0.23156307692307693
-0.12329169230769231
0.016897846153846156
0.1656406153846154
0.2966510769230769
0.3984553846153846
0.43996984615384616
0.43642338461538455
0.3836436923076923
0.2883064615384615
0.146448
-0.022530461538461537
-0.1760713846153846
-0.3054129230769231
-0.3775938461538461
-0.39282276923076925
-0.35005661538461535
-0.2582658461538461
-0.12266584615384615
0.04902461538461538
0.22134092307692307
0.3686233846153846
0.4593710769230769
0.48586523076923077
0.4558246153846154
0.385104
0.2774584615384615
0.13998092307692306
-0.009596307692307692
-0.15270646153846154
-0.2618123076923077
-0.32377107692307694
-0.3410861538461538
-0.32961230769230765
-0.2924787692307692
-0.22718215384615387
-0.13914646153846155
-0.043392
0.03713353846153846
0.08949599999999999
0.11473846153846154
0.11911938461538461
0.09930092307692308
0.06550523076923077
0.009596307692307692
-0.06759138461538462
-0.13226215384615383
-0.1792006153846154
-0.1858763076923077
-0.17461107692307692
-0.1597993846153846
-0.12955015384615384
-0.09283384615384616
-0.04318338461538461
0.004589538461538461
0.05027630769230769
0.08302892307692307
0.10347323076923076
0.12767261538461538
0.15813046153846153
0.18754523076923074
0.200688
0.19359507692307693
0.17148184615384612
0.14060676923076923
0.10389046153846154
0.06028984615384615
-0.0006258461538461538
-0.07259815384615384
-0.13601723076923075
-0.16793538461538463
-0.16209415384615386
-0.12788123076923075
-0.08469784615384615
-0.040054153846153843
0.005215384615384615
0.051528
0.10117846153846152
0.13393107692307693
0.13372246153846154
0.09784061538461537
0.05736923076923077
0.024616615384615383
-0.004798153846153846
-0.023364923076923075
-0.04756430769230769
-0.07030338461538461
-0.07280676923076923
-0.053405538461538456
-0.010013538461538461
0.021904615384615383
0.026494153846153844
0.027745846153846152
0.02315630769230769
0.021278769230769233
0.012099692307692308
-0.011473846153846154
-0.037967999999999995
-0.06404492307692307
-0.07259815384615384
-0.061750153846153844
-0.048816000000000005
-0.03337846153846154
-0.018775384615384614
-0.005841230769230769
0.024199384615384616
0.04380923076923077
0.04902461538461538
0.03629907692307692
0.0002086153846153846
-0.03650769230769231
-0.06028984615384615
-0.08845292307692308
-0.13747753846153846
-0.1860849230769231
-0.2422024615384615
-0.26681907692307694
-0.2858030769230769
-0.2643156923076923
-0.20694646153846152
-0.11348676923076922
0.055491692307692304
0.2981113846153846
0.5628443076923076
0.7021993846153846
0.8498990769230769
0.913944
0.9131095384615384
0.851568
0.5878781538461538
0.25972615384615383
-0.19463815384615382
-0.5987261538461538
-0.9283384615384614
-1.2151846153846153
-1.3445261538461537
-1.3900043076923077
-1.1953661538461537
-0.8094276923076922
-0.2979027692307692
0.3137575384615385
0.8163119999999999
1.2416787692307694
1.4945206153846153
1.5157993846153845
1.3568344615384615
0.9270867692307693
0.36778892307692307
-0.24720923076923076
-0.8882843076923077
-1.3188664615384615
-1.567118769230769
-1.6002886153846154
-1.385832
-1.066441846153846
-0.5759870769230769
-0.02482523076923077
0.5334295384615384
1.0653987692307691
1.4014781538461538
1.5644067692307693
1.5356178461538461
1.3388935384615386
1.0347323076923076
0.5761956923076923
0.05194523076923077
-0.4729310769230769
-0.937308923076923
-1.2191483076923075
-1.3683083076923077
-1.3676824615384615
-1.2105950769230769
-0.9510775384615384
-0.5624270769230769
-0.12934153846153845
0.27787569230769227
0.6483766153846154
0.9018443076923077
1.0662332307692308
1.1402916923076922
1.0635212307692308
0.8839033846153846
0.5839144615384615
0.20298276923076922
-0.20339999999999997
-0.6089483076923077
-0.9525378461538462
-1.2191483076923075
-1.3537052307692308
-1.3497415384615383
-1.1897335384615384
-0.8365476923076922
-0.3692492307692308
0.1792006153846154
0.7299452307692307
1.1826406153846154
1.5274818461538462
1.6881156923076923
1.6503563076923076
1.4025212307692305
0.9433587692307692
0.3909452307692307
-0.19839323076923077
-0.7531015384615385
-1.2043366153846153
-1.5231009230769232
-1.6351273846153844
-1.5235181538461537
-1.204753846153846
-0.7190972307692308
-0.14394461538461537
0.46396061538461536
1.0165827692307692
1.4315187692307692
1.6778935384615383
1.6814399999999998
1.4492510769230769
1.03056
0.4714707692307692
-0.1028473846153846
-0.6467076923076923
-1.0893895384615384
-1.3639273846153845
-1.476371076923077
-1.3791563076923077
-1.100654769230769
-0.6926030769230769
-0.19296923076923078
0.3039526153846154
0.7468430769230768
1.0716572307692307
1.2460596923076923
1.2748486153846155
1.1338246153846154
0.8572006153846153
0.47355692307692304
0.040679999999999994
-0.3510996923076923
-0.6855101538461539
-0.9133181538461539
-1.025136
-1.046832
-0.9354313846153847
-0.7234781538461538
-0.44330769230769224
-0.13852061538461538
0.14665661538461539
0.41994276923076923
0.6456646153846154
0.7952418461538461
0.8492732307692307
0.7919039999999999
0.6469163076923078
0.4466455384615384
0.2127876923076923
-0.02044430769230769
-0.24741784615384615
-0.4418473846153846
-0.5778646153846153
-0.6473335384615384
-0.6289753846153846
-0.5474067692307693
-0.39991569230769225
-0.19735015384615384
0.005841230769230769
0.21654276923076923
0.42015138461538465
0.5926763076923077
0.7272332307692306
0.7725027692307692
0.7301538461538462
0.614580923076923
0.44226461538461537
0.24616615384615384
0.023990769230769232
-0.19442953846153843
-0.38239199999999995
-0.51528
-0.5643046153846153
-0.5476153846153846
-0.4593710769230769
-0.3095852307692307
-0.13518276923076925
0.06550523076923077
0.25555384615384613
0.4030449230769231
0.49984246153846157
0.52884
0.5048492307692307
0.42244615384615386
0.2872633846153846
0.13518276923076925
-0.012934153846153845
-0.13393107692307693
-0.22321846153846153
-0.2588916923076923
-0.23823876923076923
-0.18107815384615383
-0.10013538461538461
-0.02211323076923077
0.04819015384615385
0.0880356923076923
0.09554584615384615
0.08699261538461538
0.056951999999999996
0.007301538461538462
-0.04422646153846154
-0.07593599999999999
-0.0936683076923077
-0.09512861538461538
-0.08594953846153845
-0.059872615384615385
-0.019192615384615384
0.00855323076923077
0.01710646153846154
-0.010639384615384617
-0.06529661538461538
-0.130176
-0.19985353846153847
-0.2586830769230769
-0.29685969230769227
-0.2993630769230769
-0.2641070769230769
-0.19505538461538463
-0.09491999999999999
0.011891076923076923
0.11891076923076922
0.21237046153846154
0.26869661538461537
0.28121353846153846
0.23052
0.12913292307692306
0.002086153846153846
-0.12099692307692309
-0.22467876923076924
-0.30708184615384615
-0.3483876923076923
-0.3392086153846154
-0.268488
-0.14957723076923077
-0.003755076923076923
0.1435273846153846
0.26786215384615386
0.35339446153846155
0.38593846153846156
0.35798399999999997
0.265776
0.12329169230769231
-0.055491692307692304
-0.21779446153846155
-0.32961230769230765
-0.38719015384615385
-0.3748818461538461
-0.3129230769230769
-0.2127876923076923
-0.08845292307692308
0.04735569230769231
0.1775316923076923
0.26160369230769226
0.29331323076923077
0.26765353846153844
0.1990190769230769
0.11619876923076923
0.031709538461538456
-0.03504738461538461
-0.0853236923076923
-0.10138707692307691
-0.06675692307692307
-0.001043076923076923
0.07948246153846153
0.14060676923076923
0.1733593846153846
0.18212123076923076
0.16647507692307692
0.13935507692307691
0.10222153846153846
0.05319692307692307
0.002086153846153846
-0.03233538461538461
-0.04172307692307692
-0.021487384615384613
0.009179076923076922
0.03629907692307692
0.06133292307692308
0.08115138461538463
0.09784061538461537
0.10576799999999999
0.09909230769230769
0.06571384615384615
0.02023569230769231
-0.012934153846153845
-0.03859384615384615
-0.04526953846153846
-0.041514461538461535
-0.03671630769230769
-0.013142769230769229
0.023364923076923075
0.07572738461538461
0.12454338461538461
0.1476996923076923
0.138312
0.10660246153846153
0.07197230769230768
0.029414769230769227
-0.021070153846153846
-0.07197230769230768
-0.10618523076923077
-0.10555938461538462
-0.07051199999999999
-0.01272553846153846
0.05528307692307692
0.10868861538461538
0.1489513846153846
0.1760713846153846
0.18379015384615385
0.17169046153846151
0.11891076923076922
0.04172307692307692
-0.03942830769230769
-0.11098338461538461
-0.14916
-0.15875630769230767
-0.15187199999999998
-0.12662953846153846
-0.08761846153846153
-0.035255999999999996
0.027328615384615382
0.07760492307692309
0.11035753846153845
0.12454338461538461
0.13726892307692307
0.146448
0.14144123076923076
0.11327815384615383
0.0448523076923077
-0.031918153846153846
-0.10535076923076922
-0.1656406153846154
-0.20840676923076923
-0.24616615384615384
-0.2670276923076923
-0.2557624615384615
-0.2090326153846154
-0.12642092307692307
-0.023782153846153845
0.07468430769230769
0.16105107692307694
0.22154953846153846
0.2492953846153846
0.23469230769230767
0.1721076923076923
0.07051199999999999
-0.06341907692307691
-0.19338646153846153
-0.29414769230769233
-0.36778892307692307
-0.4053396923076923
-0.4078430769230769
-0.3594443076923077
-0.25451076923076926
-0.10472492307692308
0.06926030769230769
0.22134092307692307
0.3442153846153846
0.43809230769230767
0.49108061538461534
0.5017199999999999
0.4514436923076923
0.33607938461538456
0.1867107692307692
0.03108369230769231
-0.1136953846153846
-0.23239753846153846
-0.3170953846153846
-0.36445107692307693
-0.3573581538461538
-0.2837169230769231
-0.16647507692307692
-0.028163076923076923
0.10618523076923077
0.21716861538461538
0.3116713846153846
0.368832
0.40012430769230767
0.39908123076923074
0.32377107692307694
0.200688
0.06154153846153846
-0.07635323076923077
-0.2059033846153846
-0.32001599999999997
-0.39636923076923075
-0.43162523076923076
-0.4345458461538461
-0.3821833846153846
-0.2851772307692308
-0.1704387692307692
-0.05027630769230769
0.06216738461538462
0.17628
0.27850153846153847
0.3479704615384615
0.3707095384615384
0.34296369230769225
0.2837169230769231
0.20778092307692309
0.11390399999999999
0.014603076923076923
-0.08907876923076924
-0.19150892307692308
-0.2559710769230769
-0.2837169230769231
-0.2670276923076923
-0.21174461538461536
-0.13393107692307693
-0.02482523076923077
0.10138707692307691
0.23156307692307693
0.3392086153846154
0.39866399999999996
0.4113895384615384
0.38301784615384615
0.31772123076923076
0.23510953846153848
0.13852061538461538
0.028788923076923077
-0.086784
-0.18545907692307692
-0.24095076923076922
-0.2620209230769231
-0.2574313846153846
-0.2415766153846154
-0.20965846153846154
-0.1614683076923077
-0.09763200000000001
-0.018775384615384614
0.06008123076923077
0.13080184615384613
0.18149538461538461
0.2125790769230769
0.23072861538461537
0.22029784615384615
0.17273353846153844
0.09533723076923077
0.0070929230769230765
-0.07280676923076923
-0.15228923076923076
-0.21862892307692305
-0.2716172307692308
-0.31000246153846156
-0.31396615384615384
-0.27871015384615383
-0.20423446153846153
-0.10827138461538462
-0.007301538461538462
0.09429415384615383
0.19380369230769232
0.2768326153846154
0.33545353846153847
0.3513083076923077
0.3193901538461538
0.24679199999999998
0.13205353846153844
0.0043809230769230765
-0.130176
-0.2574313846153846
-0.3558978461538462
-0.4080516923076923
-0.39991569230769225
-0.33065538461538463
-0.21925476923076925
-0.09012184615384615
0.029623384615384614
0.10535076923076922
0.17398523076923075
0.21529107692307692
0.2209236923076923
0.1696043076923077
0.07009476923076922
-0.03233538461538461
-0.11494707692307692
-0.17169046153846151
-0.16021661538461537
-0.07510153846153846
-0.17565415384615385
-0.21758584615384616
-0.19735015384615384
-0.19338646153846153
-0.024199384615384616
-0.08177723076923075
-0.1476996923076923
-0.20861538461538462
-0.24408
-0.05611753846153846
-0.01272553846153846
0.04756430769230769
0.006467076923076923
-0.0016689230769230767
0.1696043076923077
0.23615261538461538
0.34963938461538463
0.2503384615384615
0.08365476923076923
0.03880246153846154
-0.07134646153846153
-0.024199384615384616
-0.054657230769230764
-0.12642092307692307
-0.03984553846153846
-0.07030338461538461
0.03483876923076923
0.18921415384615384
0.22676492307692306
0.34984799999999994
0.31062830769230765
0.25555384615384613
0.24032492307692307
0.14290153846153844
0.15833907692307692
0.09971815384615385
-0.014811692307692307
-0.07781353846153846
-0.13184492307692308
-0.053405538461538456
-0.0043809230769230765
-0.016272
-0.01814953846153846
-0.059664
0.014185846153846153
0.08198584615384615
0.059664
0.045895384615384616
-0.03713353846153846
-0.05027630769230769
0.003129230769230769
0.0006258461538461538
0.044435076923076924
0.051528
0.05444861538461539
0.14164984615384615
0.17586276923076924
0.19046584615384615
0.16084246153846155
0.084072
0.031709538461538456
-0.05090215384615384
-0.12120553846153845
-0.17732307692307692
-0.18253846153846154
-0.15374953846153847
-0.13622584615384614
-0.03045784615384615
0.07551876923076924
0.1783661538461538
0.30207507692307695
0.3321156923076923
0.3554806153846154
0.3379569230769231
0.2526332307692308
0.18128676923076922
0.03129230769230769
-0.11870215384615385
-0.22175815384615383
-0.317304
-0.33962584615384617
-0.3510996923076923
-0.31813846153846154
-0.19150892307692308
-0.05924676923076923
0.07468430769230769
0.15291507692307693
0.21132738461538458
0.28851507692307693
0.2855944615384615
0.26076923076923075
0.16856123076923077
0.03337846153846154
-0.026702769230769228
-0.11160923076923077
-0.1570873846153846
-0.16188553846153847
-0.19317784615384614
-0.1489513846153846
-0.10764553846153846
-0.07155507692307693
0.0
0.03233538461538461
0.07030338461538461
0.086784
0.08448923076923077
0.08720123076923077
0.06425353846153846
0.06696553846153847
0.05653476923076922
0.0446436923076923
0.03942830769230769
-0.009179076923076922
-0.021696
-0.0448523076923077
-0.07259815384615384
-0.06926030769230769
-0.11578153846153846
-0.12350030769230769
-0.10201292307692307
-0.08845292307692308
-0.048816000000000005
-0.04631261538461538
-0.028371692307692306
0.040262769230769234
0.09596307692307693
0.14749107692307692
0.1666836923076923
0.138312
0.11473846153846154
0.07593599999999999
0.03629907692307692
-0.012934153846153845
-0.08907876923076924
-0.14916
-0.21654276923076923
-0.23969907692307693
-0.222384
-0.1869193846153846
-0.08907876923076924
-0.013351384615384614
0.052153846153846155
0.12683815384615382
0.17982646153846152
0.25367630769230765
0.27620676923076926
0.22447015384615385
0.16084246153846155
0.08469784615384615
0.035464615384615386
0.004589538461538461
-0.040262769230769234
-0.08031692307692308
-0.11494707692307692
-0.10013538461538461
-0.051319384615384614
0.0012516923076923076
0.05820369230769231
0.07280676923076923
0.0828203076923077
0.0961716923076923
0.10472492307692308
0.12808984615384614
0.11432123076923076
0.09679753846153846
0.08991323076923076
0.06279323076923077
0.05382276923076923
0.04965046153846154
0.026285538461538457
-0.02753723076923077
-0.09930092307692308
-0.14415323076923076
-0.154584
-0.15646153846153846
-0.16710092307692306
-0.17523692307692307
-0.1693956923076923
-0.13121907692307694
-0.06070707692307692
0.015646153846153844
0.06341907692307691
0.08323753846153846
0.09408553846153846
0.103056
0.11223507692307692
0.07656184615384615
0.009596307692307692
-0.059664
-0.12808984615384614
-0.15938215384615384
-0.17169046153846151
-0.17440246153846153
-0.14686523076923075
-0.09325107692307691
-0.011891076923076923
0.09012184615384615
0.18399876923076922
0.2497126153846154
0.26097784615384617
0.21800307692307694
0.16188553846153847
0.08866153846153846
-0.007510153846153846
-0.12245723076923076
-0.23448369230769228
-0.31104553846153843
-0.35047384615384614
-0.3304467692307692
-0.25930892307692305
-0.16167692307692308
-0.04547815384615384
0.065088
0.18170399999999998
0.2822566153846154
0.3252313846153846
0.3072904615384615
0.21195323076923075
0.0853236923076923
-0.030040615384615384
-0.13747753846153846
-0.21091015384615383
-0.2480436923076923
-0.24595753846153845
-0.1913003076923077
-0.08845292307692308
0.04756430769230769
0.17398523076923075
0.2751636923076923
0.344424
0.3669544615384615
0.360696
0.3160523076923077
0.23886461538461537
0.14936861538461538
0.040262769230769234
-0.050067692307692306
-0.11765907692307691
-0.1785747692307692
-0.20319138461538463
-0.19505538461538463
-0.14874276923076923
-0.08031692307692308
-0.011682461538461537
0.05757784615384615
0.10576799999999999
0.12996738461538462
0.11974523076923077
0.08907876923076924
0.04214030769230769
-0.022947692307692308
-0.08907876923076924
-0.1558356923076923
-0.1908830769230769
-0.1829556923076923
-0.15354092307692307
-0.11223507692307692
-0.06926030769230769
-0.03045784615384615
0.01272553846153846
0.03880246153846154
0.047981538461538464
0.04547815384615384
0.03233538461538461
0.03233538461538461
0.040262769230769234
0.05298830769230769
0.05820369230769231
0.05486584615384615
0.04714707692307692
0.035255999999999996
0.015854769230769228
-0.008970461538461538
-0.032544
-0.05674338461538461
-0.06154153846153846
-0.05486584615384615
-0.033169846153846154
0.002712
0.038176615384615385
0.08323753846153846
0.12120553846153845
0.14603076923076924
0.15333230769230768
0.12162276923076921
0.06821723076923077
0.005215384615384615
-0.07009476923076922
-0.1289243076923077
-0.16188553846153847
-0.16981292307692308
-0.14081538461538462
-0.08386338461538462
-0.002086153846153846
0.100344
0.19526400000000002
0.27432923076923077
0.32669169230769235
0.34066892307692304
0.32085046153846153
0.2632726153846154
0.1779489230769231
0.08240307692307691
-0.005841230769230769
-0.07572738461538461
-0.12704676923076924
-0.15166338461538462
-0.15228923076923076
-0.13121907692307694
-0.07906523076923076
-0.014394461538461538
0.05757784615384615
0.12266584615384615
0.15750461538461538
0.17377661538461536
0.15959076923076923
0.11640738461538462
0.05528307692307692
-0.02899753846153846
-0.119328
-0.1881710769230769
-0.23010276923076922
-0.2438713846153846
-0.22572184615384616
-0.18921415384615384
-0.13226215384615383
-0.0609156923076923
0.010222153846153844
0.07238953846153846
0.10764553846153846
0.11891076923076922
0.11974523076923077
0.11682461538461539
0.10764553846153846
0.09930092307692308
0.09158215384615384
0.07614461538461538
0.05528307692307692
0.02273907692307692
-0.016897846153846156
-0.05924676923076923
-0.09971815384615385
-0.13184492307692308
-0.14790830769230767
-0.14728246153846153
-0.14102399999999998
-0.13101046153846155
-0.12808984615384614
-0.11411261538461538
-0.06905169230769231
-0.015437538461538461
0.03942830769230769
0.08991323076923076
0.12037107692307693
0.14686523076923075
0.16334584615384617
0.15228923076923076
0.12370892307692308
0.07405846153846153
0.008344615384615384
-0.05382276923076923
-0.09784061538461537
-0.1205796923076923
-0.127464
-0.11745046153846153
-0.0798996923076923
-0.006467076923076923
0.08219446153846154
0.16271999999999998
0.2330233846153846
0.2674449230769231
0.2724516923076923
0.2557624615384615
0.21675138461538462
0.16105107692307694
0.07781353846153846
-0.011265230769230769
-0.07802215384615384
-0.11640738461538462
-0.13267938461538462
-0.1368516923076923
-0.14916
-0.1531236923076923
-0.12725538461538463
-0.08448923076923077
-0.03337846153846154
0.003129230769230769
0.025033846153846153
0.04214030769230769
0.056326153846153845
0.08156861538461539
0.09596307692307693
0.09095630769230768
0.07531015384615385
0.05799507692307692
0.05674338461538461
0.06258461538461538
0.059872615384615385
0.04631261538461538
0.022947692307692308
0.006467076923076923
0.003963692307692307
-0.0035464615384615383
-0.0025033846153846152
-0.0050067692307692304
-0.006884307692307692
0.016897846153846156
0.043600615384615383
0.07259815384615384
0.07697907692307693
0.05236246153846154
0.02482523076923077
0.0008344615384615384
-0.01272553846153846
-0.03275261538461539
-0.05736923076923077
-0.08720123076923077
-0.10952307692307692
-0.11557292307692307
-0.11578153846153846
-0.11390399999999999
-0.12558646153846154
-0.12913292307692306
-0.10827138461538462
-0.06049846153846154
0.009804923076923077
0.07551876923076924
0.12204
0.154584
0.18399876923076922
0.21299630769230768
0.2355267692307692
0.23406646153846156
0.200688
0.14978584615384616
0.09554584615384615
0.051319384615384614
0.012934153846153845
-0.02545107692307692
-0.0609156923076923
-0.08344615384615384
-0.0717636923076923
-0.03379569230769231
0.012308307692307691
0.03129230769230769
0.027328615384615382
-0.005424
-0.0609156923076923
-0.14311015384615386
-0.2157083076923077
-0.21299630769230768
-0.1787833846153846
-0.06258461538461538
0.07238953846153846
0.222384
0.39219692307692305
0.5019286153846154
0.5834972307692308
0.5334295384615384
0.4076344615384615
0.22718215384615387
-0.015020307692307692
-0.2290596923076923
-0.44643692307692306
-0.5960141538461537
-0.680712
-0.672576
-0.5417741538461538
-0.36257353846153845
-0.11473846153846154
0.14081538461538462
0.3565236923076923
0.519660923076923
0.5540824615384615
0.4889944615384615
0.3594443076923077
0.13351384615384615
-0.12704676923076924
-0.38990215384615384
-0.602064
-0.6792516923076923
-0.6429526153846153
-0.4987993846153846
-0.3077076923076923
-0.1136953846153846
0.07969107692307692
0.23782153846153845
0.34463261538461537
0.36403384615384615
0.29769415384615383
0.19714153846153845
0.09930092307692308
0.03045784615384615
-0.017315076923076923
-0.06633969230769231
-0.10681107692307691
-0.14665661538461539
-0.16876984615384616
-0.1733593846153846
-0.17419384615384614
-0.14728246153846153
-0.11056615384615384
-0.0826116923076923
-0.04735569230769231
-0.015437538461538461
0.012099692307692308
0.029206153846153847
0.026285538461538457
0.03901107692307692
0.07426707692307692
0.14311015384615386
0.222384
0.2720344615384615
0.27432923076923077
0.20235692307692305
0.09512861538461538
-0.040262769230769234
-0.2125790769230769
-0.37884553846153846
-0.5159058461538462
-0.5713975384615384
-0.51528
-0.37926276923076924
-0.1792006153846154
0.037342153846153844
0.2426196923076923
0.42953907692307686
0.5567944615384616
0.6035243076923077
0.5630529230769231
0.44581107692307687
0.29039261538461536
0.12662953846153846
-0.03567323076923076
-0.17523692307692307
-0.2751636923076923
-0.3314898461538462
-0.33899999999999997
-0.2914356923076923
-0.1829556923076923
-0.03755076923076923
0.1178676923076923
0.24887815384615386
0.34171199999999996
0.4072172307692307
0.41389292307692305
0.37363015384615383
0.28163076923076924
0.14164984615384615
0.010848
-0.10806276923076923
-0.19192615384615386
-0.2330233846153846
-0.24282830769230768
-0.21237046153846154
-0.14936861538461538
-0.065088
0.012099692307692308
0.05945538461538461
0.0771876923076923
0.07551876923076924
0.06863446153846153
0.058412307692307694
0.03379569230769231
0.003129230769230769
-0.027745846153846152
-0.040054153846153843
-0.018358153846153843
0.005424
0.03129230769230769
0.0448523076923077
0.04735569230769231
0.05799507692307692
0.049233230769230765
0.023990769230769232
-0.013560000000000001
-0.06529661538461538
-0.10785415384615385
-0.13455692307692307
-0.14164984615384615
-0.12913292307692306
-0.10430769230769231
-0.06696553846153847
-0.016897846153846156
0.051528
0.11807630769230769
0.1614683076923077
0.1800350769230769
0.14957723076923077
0.08761846153846153
0.01940123076923077
-0.06133292307692308
-0.14018953846153845
-0.22154953846153846
-0.29101846153846156
-0.31125415384615385
-0.2853858461538461
-0.2261390769230769
-0.154584
-0.08469784615384615
0.0018775384615384615
0.10430769230769231
0.20486030769230767
0.2912270769230769
0.3321156923076923
0.33649661538461534
0.3214763076923077
0.28934953846153844
0.25555384615384613
0.21091015384615383
0.16021661538461537
0.1028473846153846
0.041514461538461535
-0.014603076923076923
-0.07343261538461537
-0.12162276923076921
-0.15792184615384616
-0.18483323076923078
-0.1794092307692308
-0.1424843076923077
-0.07426707692307692
0.008344615384615384
0.08177723076923075
0.16418030769230768
0.2503384615384615
0.32585723076923073
0.38656430769230765
0.40930338461538457
0.3811403076923077
0.3095852307692307
0.21132738461538458
0.10618523076923077
-0.010848
-0.13267938461538462
-0.24032492307692307
-0.31229723076923077
-0.3239796923076923
-0.27787569230769227
-0.18545907692307692
-0.06571384615384615
0.065088
0.2056947692307692
0.328152
0.39908123076923074
0.4141015384615384
0.35860984615384617
0.25805723076923076
0.1449876923076923
0.013351384615384614
-0.11724184615384614
-0.23928184615384615
-0.33816553846153846
-0.3890676923076923
-0.39344861538461534
-0.3402516923076923
-0.24574892307692306
-0.1316363076923077
-0.01043076923076923
0.10639384615384614
0.20798953846153845
0.26306399999999996
0.2757895384615385
0.23886461538461537
0.15750461538461538
0.059664
-0.04756430769230769
-0.13852061538461538
-0.20861538461538462
-0.2517987692307692
-0.25388492307692306
-0.21132738461538458
-0.1353913846153846
-0.046104
0.03984553846153846
0.11327815384615383
0.16501476923076921
0.19213476923076922
0.19317784615384614
0.15833907692307692
0.10743692307692307
0.05799507692307692
0.021904615384615383
0.004172307692307692
-0.0035464615384615383
-0.002086153846153846
0.0029206153846153843
0.02315630769230769
0.06633969230769231
0.0988836923076923
0.10055261538461538
0.0771876923076923
0.03713353846153846
-0.006467076923076923
-0.04631261538461538
-0.07948246153846153
-0.09992676923076924
-0.09846646153846153
-0.07739630769230768
-0.03379569230769231
0.03296123076923077
0.10117846153846152
0.16021661538461537
0.20444307692307692
0.2303113846153846
0.24992123076923078
0.25534523076923077
0.23177169230769232
0.18545907692307692
0.1178676923076923
0.04547815384615384
-0.016063384615384615
-0.06926030769230769
-0.11327815384615383
-0.15249784615384615
-0.1858763076923077
-0.18712800000000002
-0.1639716923076923
-0.127464
-0.08073415384615384
-0.03650769230769231
0.02232184615384615
0.07238953846153846
0.11098338461538461
0.13247076923076923
0.11286092307692308
0.06446215384615385
0.008344615384615384
-0.03337846153846154
-0.07635323076923077
-0.13059323076923077
-0.1846246153846154
-0.22426153846153846
-0.2399076923076923
-0.23093723076923076
-0.1994363076923077
-0.15082892307692305
-0.09804923076923076
-0.04401784615384615
0.017315076923076923
0.08574092307692306
0.14102399999999998
0.16438892307692307
0.16334584615384617
0.1368516923076923
0.10409907692307692
0.06133292307692308
0.0022947692307692304
-0.05757784615384615
-0.12621230769230768
-0.1704387692307692
-0.1787833846153846
-0.16793538461538463
-0.1397723076923077
-0.11035753846153845
-0.07384984615384615
-0.029623384615384614
0.020652923076923076
0.06529661538461538
0.08511507692307693
0.08135999999999999
0.058412307692307694
0.03379569230769231
0.010848
-0.011891076923076923
-0.037342153846153844
-0.06884307692307692
-0.10263876923076923
-0.12579507692307693
-0.12579507692307693
-0.1207883076923077
-0.11891076923076922
-0.11098338461538461
-0.0855323076923077
-0.03650769230769231
0.023990769230769232
0.07426707692307692
0.11745046153846153
0.14957723076923077
0.16251138461538459
0.1696043076923077
0.15875630769230767
0.1314276923076923
0.086784
0.028371692307692306
-0.02357353846153846
-0.08010830769230769
-0.13872923076923074
-0.18232984615384615
-0.2090326153846154
-0.20506892307692307
-0.16835261538461538
-0.11160923076923077
-0.03421292307692308
0.03963692307692308
0.10430769230769231
0.16063384615384615
0.19463815384615382
0.21111876923076925
0.19192615384615386
0.14561353846153846
0.07656184615384615
-0.0035464615384615383
-0.06070707692307692
-0.11035753846153845
-0.14477907692307693
-0.1656406153846154
-0.17461107692307692
-0.14686523076923075
-0.1045163076923077
-0.06008123076923077
-0.01710646153846154
0.016480615384615385
0.05090215384615384
0.07927384615384615
0.09262523076923077
0.08574092307692306
0.06049846153846154
0.03275261538461539
0.008970461538461538
-0.012308307692307691
-0.02586830769230769
-0.03901107692307692
-0.05736923076923077
-0.07197230769230768
-0.08052553846153847
-0.08302892307692307
-0.08490646153846154
-0.086784
-0.08094276923076923
-0.06028984615384615
-0.029623384615384614
0.008136
0.042348923076923076
0.06696553846153847
0.08574092307692306
0.1028473846153846
0.12266584615384615
0.12204
0.10222153846153846
0.06759138461538462
0.025033846153846153
-0.014603076923076923
-0.04547815384615384
-0.05298830769230769
-0.047981538461538464
-0.03275261538461539
-0.0029206153846153843
0.033169846153846154
0.0717636923076923
0.10347323076923076
0.11098338461538461
0.0988836923076923
0.07697907692307693
0.058412307692307694
0.040679999999999994
0.014394461538461538
-0.008136
-0.01981846153846154
-0.01668923076923077
0.003963692307692307
0.033169846153846154
0.05924676923076923
0.0826116923076923
0.0880356923076923
0.07906523076923076
0.055491692307692304
0.016897846153846156
-0.024408000000000003
-0.06926030769230769
-0.0963803076923077
-0.10952307692307692
-0.10848000000000001
-0.086784
-0.052153846153846155
-0.003963692307692307
0.05111076923076923
0.10430769230769231
0.15354092307692307
0.1883796923076923
0.1990190769230769
0.18170399999999998
0.13852061538461538
0.08198584615384615
0.016897846153846156
-0.04965046153846154
-0.11953661538461538
-0.17899199999999998
-0.2059033846153846
-0.19380369230769232
-0.15333230769230768
-0.09784061538461537
-0.03588184615384615
0.03379569230769231
0.09554584615384615
0.1287156923076923
0.13914646153846155
0.12808984615384614
0.10827138461538462
0.07280676923076923
0.03629907692307692
-0.006884307692307692
-0.045895384615384616
-0.07426707692307692
-0.09909230769230769
-0.10326461538461539
-0.13476553846153844
-0.13935507692307691
-0.1218313846153846
-0.08094276923076923
-0.026702769230769228
0.002712
0.044435076923076924
0.08240307692307691
0.119328
0.18337292307692307
0.31646953846153847
0.252216
0.12850707692307692
0.07280676923076923
-0.056951999999999996
-0.007510153846153846
-0.09700615384615385
-0.2828824615384615
-0.39866399999999996
-0.5121507692307692
-0.3721698461538462
-0.2655673846153846
-0.1543753846153846
-0.08094276923076923
-0.041514461538461535
0.20861538461538462
0.38343507692307693
0.5584633846153846
0.5471981538461539
0.34317230769230767
0.2411593846153846
0.04819015384615385
-0.051319384615384614
-0.154584
-0.3567323076923076
-0.3738387692307692
-0.44622830769230765
-0.4090947692307692
-0.1927606153846154
-0.06675692307692307
0.17252492307692308
0.32001599999999997
0.37780246153846153
0.5086043076923077
0.5309261538461538
0.5976830769230769
0.5864178461538462
0.4170221538461538
0.24470584615384613
0.03859384615384615
-0.05382276923076923
-0.11682461538461539
-0.23469230769230767
-0.3047870769230769
-0.3713353846153846
-0.29498215384615384
-0.12934153846153845
-0.031918153846153846
0.08657538461538461
0.14582215384615385
0.20840676923076923
0.34338092307692303
0.38760738461538463
0.409512
0.37655076923076924
0.2557624615384615
0.19380369230769232
0.09930092307692308
-0.019609846153846155
-0.12516923076923075
-0.2572227692307692
-0.3225193846153846
-0.3442153846153846
-0.30937661538461536
-0.22113230769230768
-0.10117846153846152
0.04214030769230769
0.1178676923076923
0.21883753846153844
0.31772123076923076
0.35256
0.3821833846153846
0.30249230769230767
0.16897846153846155
0.04276615384615385
-0.10994030769230768
-0.20047938461538461
-0.3035353846153846
-0.3949089230769231
-0.39407446153846154
-0.3604873846153846
-0.25471938461538457
-0.13622584615384614
-0.019192615384615384
0.14394461538461537
0.28476
0.36945784615384614
0.3669544615384615
0.3229366153846154
0.2872633846153846
0.19630707692307692
0.08386338461538462
-0.049233230769230765
-0.20360861538461536
-0.2628553846153846
-0.2872633846153846
-0.2803790769230769
-0.20360861538461536
-0.14519630769230768
-0.03692492307692308
0.07781353846153846
0.1449876923076923
0.22968553846153844
0.26076923076923075
0.26723630769230766
0.23844738461538462
0.16271999999999998
0.0892873846153846
-0.01043076923076923
-0.07364123076923076
-0.12955015384615384
-0.18483323076923078
-0.20944984615384615
-0.2497126153846154
-0.23135446153846154
-0.1785747692307692
-0.12850707692307692
-0.03650769230769231
0.009179076923076922
0.05382276923076923
0.14311015384615386
0.19672430769230767
0.2374043076923077
0.21758584615384616
0.1476996923076923
0.10347323076923076
0.049233230769230765
-0.005424
-0.06967753846153846
-0.1489513846153846
-0.1873366153846154
-0.1881710769230769
-0.14102399999999998
-0.06362769230769232
0.001043076923076923
0.07405846153846153
0.12537784615384615
0.17982646153846152
0.23886461538461537
0.2509643076923077
0.2620209230769231
0.2194633846153846
0.13080184615384613
0.059872615384615385
-0.03024923076923077
-0.092208
-0.15792184615384616
-0.2641070769230769
-0.33607938461538456
-0.36299076923076923
-0.32335384615384616
-0.23239753846153846
-0.15145476923076923
-0.08198584615384615
-0.02753723076923077
0.03859384615384615
0.1207883076923077
0.16271999999999998
0.1635544615384615
0.111192
0.04756430769230769
0.005215384615384615
-0.037967999999999995
-0.059664
-0.09721476923076922
-0.13247076923076923
-0.13747753846153846
-0.12808984615384614
-0.07885661538461539
-0.018358153846153843
0.027120000000000002
0.06341907692307691
0.09262523076923077
0.1422756923076923
0.2059033846153846
0.24554030769230767
0.2436627692307692
0.19609846153846153
0.12767261538461538
0.06863446153846153
0.02273907692307692
-0.021696
-0.09241661538461539
-0.157296
-0.17899199999999998
-0.16418030769230768
-0.10743692307692307
-0.065088
-0.03755076923076923
0.0012516923076923076
0.029414769230769227
0.058412307692307694
0.05611753846153846
0.003755076923076923
-0.059664
-0.11056615384615384
-0.13267938461538462
-0.12725538461538463
-0.11327815384615383
-0.09074769230769231
-0.06654830769230768
-0.04401784615384615
-0.024616615384615383
-0.01272553846153846
-0.015020307692307692
-0.04547815384615384
-0.07906523076923076
-0.11035753846153845
-0.12850707692307692
-0.12621230769230768
-0.12245723076923076
-0.10368184615384615
-0.08761846153846153
-0.07739630769230768
-0.054657230769230764
-0.026702769230769228
0.003129230769230769
0.03045784615384615
0.04547815384615384
0.04860738461538461
0.05090215384615384
0.04276615384615385
0.029623384615384614
0.015020307692307692
-0.002086153846153846
-0.0022947692307692304
0.0043809230769230765
0.02315630769230769
0.05736923076923077
0.10785415384615385
0.16835261538461538
0.2008966153846154
0.2127876923076923
0.20924123076923076
0.17628
0.1368516923076923
0.09846646153846153
0.06404492307692307
0.026702769230769228
-0.012099692307692308
-0.021904615384615383
-0.005215384615384615
0.027745846153846152
0.05069353846153846
0.05194523076923077
0.052571076923076915
0.04944184615384615
0.03859384615384615
0.018983999999999997
-0.012934153846153845
-0.045895384615384616
-0.06967753846153846
-0.08073415384615384
-0.08115138461538463
-0.07781353846153846
-0.06049846153846154
-0.03483876923076923
-0.01272553846153846
0.015854769230769228
0.0446436923076923
0.06049846153846154
0.06487938461538462
0.05862092307692307
0.04714707692307692
0.03963692307692308
0.027328615384615382
0.01981846153846154
0.017940923076923077
0.017315076923076923
0.037967999999999995
0.06300184615384616
0.084072
0.08344615384615384
0.06467076923076923
0.05048492307692308
0.03588184615384615
0.03775938461538462
0.037342153846153844
0.027120000000000002
0.018358153846153843
0.010013538461538461
0.013768615384615384
0.01710646153846154
0.005215384615384615
-0.021904615384615383
-0.054657230769230764
-0.08469784615384615
-0.10806276923076923
-0.1356
-0.1712732307692308
-0.20193969230769232
-0.21487384615384614
-0.1948467692307692
-0.14561353846153846
-0.08344615384615384
-0.01981846153846154
0.04735569230769231
0.111192
0.16334584615384617
0.19609846153846153
0.1842073846153846
0.14123261538461537
0.0717636923076923
-0.01272553846153846
-0.08594953846153845
-0.14311015384615386
-0.18086953846153844
-0.18900553846153845
-0.14957723076923077
-0.07259815384615384
0.035255999999999996
0.14331876923076922
0.22467876923076924
0.27453784615384613
0.2912270769230769
0.28267384615384616
0.24720923076923076
0.18399876923076922
0.10117846153846152
0.016063384615384615
-0.05924676923076923
-0.100344
-0.11223507692307692
-0.10430769230769231
-0.08177723076923075
-0.05236246153846154
-0.012308307692307691
0.03045784615384615
0.06258461538461538
0.07259815384615384
0.07051199999999999
0.05945538461538461
0.05611753846153846
0.06654830769230768
0.06654830769230768
0.06321046153846153
0.06675692307692307
0.07572738461538461
0.09512861538461538
0.11578153846153846
0.11306953846153844
0.08907876923076924
0.054240000000000003
0.009804923076923077
-0.030875076923076922
-0.08010830769230769
-0.1316363076923077
-0.16647507692307692
-0.18107815384615383
-0.15500123076923078
-0.10263876923076923
-0.04214030769230769
0.023364923076923075
0.08574092307692306
0.14665661538461539
0.19714153846153845
0.22676492307692306
0.21842030769230766
0.17252492307692308
0.09846646153846153
0.010222153846153844
-0.06988615384615385
-0.13622584615384614
-0.18525046153846153
-0.21111876923076925
-0.208824
-0.1666836923076923
-0.08594953846153845
0.01397723076923077
0.10806276923076923
0.17711446153846155
0.22718215384615387
0.24762646153846155
0.2369870769230769
0.1881710769230769
0.09784061538461537
-0.0029206153846153843
-0.10055261538461538
-0.16292861538461537
-0.1927606153846154
-0.20339999999999997
-0.1779489230769231
-0.13080184615384613
-0.07510153846153846
-0.003129230769230769
0.07364123076923076
0.12287446153846153
0.1422756923076923
0.13935507692307691
0.11745046153846153
0.08845292307692308
0.04401784615384615
-0.012934153846153845
-0.06800861538461538
-0.100344
-0.0961716923076923
-0.06216738461538462
-0.021487384615384613
0.015228923076923076
0.05194523076923077
0.0826116923076923
0.11995384615384615
0.1476996923076923
0.13706030769230768
0.09137353846153846
0.027745846153846152
-0.02795446153846154
-0.052153846153846155
-0.05382276923076923
-0.049233230769230765
-0.03504738461538461
-0.012099692307692308
0.03024923076923077
0.08615815384615384
0.13393107692307693
0.15917353846153848
0.14749107692307692
0.11432123076923076
0.07280676923076923
0.021696
-0.03859384615384615
-0.1045163076923077
-0.16710092307692306
-0.20965846153846154
-0.21925476923076925
-0.19359507692307693
-0.14477907692307693
-0.09116492307692307
-0.03984553846153846
0.011473846153846154
0.06967753846153846
0.1207883076923077
0.15500123076923078
0.1635544615384615
0.14457046153846154
0.11682461538461539
0.09074769230769231
0.06717415384615384
0.03108369230769231
-0.00855323076923077
-0.04109723076923077
-0.0446436923076923
-0.010848
0.031918153846153846
0.0717636923076923
0.06842584615384616
0.05736923076923077
0.029206153846153847
-0.009804923076923077
-0.06467076923076923
-0.15354092307692307
-0.21633415384615384
-0.24053353846153847
-0.16856123076923077
-0.026702769230769228
0.22300984615384614
0.39052800000000004
0.5067267692307692
0.6754966153846154
0.7063716923076923
0.7483033846153846
0.6097827692307692
0.33295015384615384
0.004172307692307692
-0.3944916923076923
-0.6673606153846153
-0.9771544615384615
-1.1832664615384614
-1.2861138461538462
-1.2598283076923076
-0.9648461538461538
-0.5914246153846153
-0.06884307692307692
0.43058215384615384
0.820067076923077
1.1834750769230769
1.332217846153846
1.3409796923076922
1.156980923076923
0.7437138461538461
0.3008233846153846
-0.24762646153846155
-0.7311969230769231
-1.0366098461538462
-1.2729710769230769
-1.2754744615384614
-1.1494707692307693
-0.8891187692307693
-0.46437784615384614
-0.024408000000000003
0.47960676923076917
0.899340923076923
1.1863956923076922
1.362467076923077
1.3534966153846153
1.2235292307692307
0.9151956923076924
0.45707630769230767
-0.017732307692307693
-0.5069353846153847
-0.8766018461538462
-1.105452923076923
-1.2423046153846153
-1.2064227692307692
-1.063104
-0.8088018461538461
-0.45457292307692304
-0.12266584615384615
0.23135446153846154
0.5653476923076923
0.8298719999999999
1.0624781538461538
1.1588584615384614
1.1242283076923076
0.9558756923076922
0.6581815384615385
0.3022836923076923
-0.11995384615384615
-0.523416
-0.8893273846153845
-1.1601101538461538
-1.2715107692307692
-1.267547076923077
-1.0760381538461539
-0.7353692307692308
-0.32543999999999995
0.1635544615384615
0.6300184615384615
1.0320203076923076
1.3311747692307694
1.4396547692307693
1.3908387692307693
1.159692923076923
0.7877316923076922
0.3652855384615385
-0.12621230769230768
-0.6089483076923077
-1.0391132307692306
-1.343483076923077
-1.4502941538461538
-1.3914646153846153
-1.1486363076923076
-0.7785526153846153
-0.3143833846153846
0.21654276923076923
0.698027076923077
1.088555076923077
1.322412923076923
1.3359729230769228
1.1928627692307692
0.8866153846153845
0.4660467692307692
0.019192615384615384
-0.45957969230769224
-0.8546972307692308
-1.1407089230769232
-1.3036375384615384
-1.2752658461538462
-1.1069132307692306
-0.8100535384615385
-0.43475446153846153
-0.033169846153846154
0.3686233846153846
0.6965667692307692
0.9377261538461539
1.0487095384615384
1.0053175384615385
0.8513593846153846
0.5839144615384615
0.2703655384615385
-0.055491692307692304
-0.37947138461538454
-0.6229255384615384
-0.7964935384615384
-0.8655452307692308
-0.7985796923076923
-0.66444
-0.46250030769230766
-0.214248
0.04819015384615385
0.33482769230769227
0.5780732307692308
0.754979076923077
0.8509421538461539
0.8398855384615385
0.7531015384615385
0.5807852307692307
0.36445107692307693
0.12496061538461539
-0.11745046153846153
-0.31125415384615385
-0.4852393846153846
-0.5999778461538462
-0.6404492307692308
-0.6266806153846154
-0.5202867692307692
-0.3727956923076923
-0.21612553846153845
-0.028371692307692306
0.15395815384615386
0.3412947692307692
0.5056836923076923
0.5955969230769231
0.6304356923076923
0.5930935384615384
0.49817353846153845
0.3609046153846154
0.18170399999999998
-0.00855323076923077
-0.1990190769230769
-0.35610646153846154
-0.4512350769230769
-0.48044123076923073
-0.4262012307692308
-0.32543999999999995
-0.18963138461538462
-0.020027076923076922
0.14311015384615386
0.31250584615384613
0.44581107692307687
0.5202867692307692
0.5438603076923076
0.49337538461538455
0.4118067692307692
0.3133403076923077
0.18379015384615385
0.04401784615384615
-0.08135999999999999
-0.16459753846153846
-0.19818461538461538
-0.20277415384615383
-0.18483323076923078
-0.15750461538461538
-0.13622584615384614
-0.10389046153846154
-0.04902461538461538
0.016063384615384615
0.05507446153846154
0.06195876923076923
0.06341907692307691
0.06300184615384616
0.06028984615384615
0.0448523076923077
0.013560000000000001
-0.018983999999999997
-0.056951999999999996
-0.08094276923076923
-0.08386338461538462
-0.09012184615384615
-0.09700615384615385
-0.10889723076923077
-0.12433476923076923
-0.13601723076923075
-0.14081538461538462
-0.14436184615384615
-0.15249784615384615
-0.15520984615384617
-0.12934153846153845
-0.05528307692307692
0.04047138461538462
0.13247076923076923
0.2021483076923077
0.23218892307692307
0.23177169230769232
0.21320492307692307
0.1597993846153846
0.05736923076923077
-0.06195876923076923
-0.17231630769230769
-0.25513661538461535
-0.2951907692307692
-0.30583015384615386
-0.2887236923076923
-0.24053353846153847
-0.1704387692307692
-0.056951999999999996
0.08448923076923077
0.20339999999999997
0.2858030769230769
0.31772123076923076
0.31396615384615384
0.27787569230769227
0.20339999999999997
0.09846646153846153
-0.025033846153846153
-0.13810338461538463
-0.23364923076923078
-0.29352184615384613
-0.3114627692307692
-0.3012406153846154
-0.26348123076923075
-0.20110523076923076
-0.10576799999999999
0.013351384615384614
0.11327815384615383
0.19171753846153847
0.24908676923076922
0.26535876923076923
0.27328615384615385
0.268488
0.2426196923076923
0.19442953846153843
0.11348676923076922
0.03901107692307692
-0.011473846153846154
-0.03838523076923077
-0.055491692307692304
-0.07051199999999999
-0.0717636923076923
-0.056951999999999996
-0.03337846153846154
-0.0029206153846153843
0.02357353846153846
0.04193169230769231
0.07405846153846153
0.1136953846153846
0.1693956923076923
0.2154996923076923
0.22947692307692308
0.22113230769230768
0.18066092307692305
0.13497415384615385
0.08657538461538461
0.023364923076923075
-0.047981538461538464
-0.12099692307692309
-0.1733593846153846
-0.1869193846153846
-0.16710092307692306
-0.11452984615384615
-0.05778646153846154
-0.0025033846153846152
0.06300184615384616
0.11724184615384614
0.1612596923076923
0.1704387692307692
0.15270646153846154
0.12412615384615384
0.078648
0.035464615384615386
-0.019609846153846155
-0.084072
-0.1422756923076923
-0.19046584615384615
-0.19818461538461538
-0.16647507692307692
-0.11286092307692308
-0.04130584615384615
0.02858030769230769
0.09491999999999999
0.15208061538461537
0.18900553846153845
0.20527753846153846
0.19317784615384614
0.15291507692307693
0.09533723076923077
0.031709538461538456
-0.026076923076923077
-0.07823076923076923
-0.11599015384615384
-0.12767261538461538
-0.11578153846153846
-0.08031692307692308
-0.03421292307692308
0.009804923076923077
0.04130584615384615
0.05236246153846154
0.05486584615384615
0.04172307692307692
0.005841230769230769
-0.03921969230769231
-0.09095630769230768
-0.13914646153846155
-0.15959076923076923
-0.15124615384615384
-0.11891076923076922
-0.06863446153846153
-0.004798153846153846
0.06800861538461538
0.12600369230769232
0.15374953846153847
0.146448
0.10743692307692307
0.05319692307692307
-0.019609846153846155
-0.0988836923076923
-0.1693956923076923
-0.22530461538461538
-0.24658338461538462
-0.2273907692307692
-0.1652233846153846
-0.06279323076923077
0.058829538461538454
0.1775316923076923
0.2855944615384615
0.36445107692307693
0.39282276923076925
0.3669544615384615
0.2818393846153846
0.165432
0.03755076923076923
-0.09325107692307691
-0.20027076923076922
-0.2862203076923077
-0.34066892307692304
-0.3513083076923077
-0.3216849230769231
-0.2497126153846154
-0.15354092307692307
-0.05173661538461538
0.043600615384615383
0.11995384615384615
0.17169046153846151
0.19505538461538463
0.1881710769230769
0.15479261538461536
0.09554584615384615
0.02586830769230769
-0.04672984615384615
-0.11286092307692308
-0.15667015384615385
-0.18274707692307693
-0.18629353846153843
-0.16584923076923075
-0.12662953846153846
-0.07551876923076924
-0.03024923076923077
0.008136
0.045895384615384616
0.08344615384615384
0.130176
0.17169046153846151
0.18900553846153845
0.18921415384615384
0.17690584615384616
0.14999446153846155
0.11327815384615383
0.06675692307692307
0.012308307692307691
-0.04693846153846153
-0.09053907692307692
-0.11244369230769231
-0.12391753846153845
-0.10785415384615385
-0.0826116923076923
-0.03629907692307692
0.037967999999999995
0.11140061538461538
0.1923433846153846
0.2482523076923077
0.27599815384615384
0.28204799999999997
0.25242461538461536
0.20652923076923077
0.13080184615384613
0.03775938461538462
-0.05590892307692308
-0.1543753846153846
-0.21883753846153844
-0.25367630769230765
-0.26723630769230766
-0.24866953846153847
-0.20798953846153845
-0.13372246153846154
-0.05236246153846154
0.014603076923076923
0.07092923076923077
0.10201292307692307
0.11974523076923077
0.12642092307692307
0.11682461538461539
0.10493353846153847
0.07238953846153846
0.02357353846153846
-0.023364923076923075
-0.065088
-0.08323753846153846
-0.09679753846153846
-0.11014892307692307
-0.11807630769230769
-0.12141415384615384
-0.09763200000000001
-0.06028984615384615
-0.02232184615384615
0.015646153846153844
0.04965046153846154
0.09658892307692307
0.15124615384615384
0.1927606153846154
0.2140393846153846
0.20339999999999997
0.16981292307692308
0.13101046153846155
0.08386338461538462
0.011473846153846154
-0.09283384615384616
-0.20548615384615385
-0.29581661538461534
-0.35256
-0.3848953846153846
-0.3746732307692308
-0.3467187692307692
-0.33378461538461535
-0.2724516923076923
-0.15604430769230768
-0.003129230769230769
0.1489513846153846
0.25284184615384614
0.34338092307692303
0.43934399999999996
0.5027630769230769
0.5244590769230769
0.4387181538461538
0.23886461538461537
0.0016689230769230767
-0.21195323076923075
-0.33065538461538463
-0.47084492307692305
-0.5597150769230769
-0.5866264615384615
-0.5401052307692308
-0.3035353846153846
-0.052153846153846155
0.23969907692307693
0.45102646153846154
0.5807852307692307
0.7140904615384616
0.695940923076923
0.625428923076923
0.42661846153846156
0.1207883076923077
-0.16480615384615382
-0.45728492307692303
-0.6014381538461538
-0.6560953846153846
-0.649211076923077
-0.5090215384615385
-0.33545353846153847
-0.08845292307692308
0.16793538461538463
0.3782196923076923
0.5672252307692307
0.5887126153846154
0.5353070769230769
0.45311261538461534
0.30666461538461537
0.20402584615384614
0.059038153846153844
-0.08636676923076922
-0.19588984615384614
-0.2864289230769231
-0.26911384615384615
-0.21862892307692305
-0.17502830769230768
-0.11306953846153844
-0.06049846153846154
0.018358153846153843
0.10263876923076923
0.1424843076923077
0.14457046153846154
0.10618523076923077
0.09971815384615385
0.12224861538461537
0.14603076923076924
0.17231630769230769
0.18191261538461537
0.19714153846153845
0.19067446153846154
0.14936861538461538
0.100344
-0.005215384615384615
-0.14957723076923077
-0.25513661538461535
-0.3383741538461538
-0.3510996923076923
-0.30666461538461537
-0.2290596923076923
-0.0828203076923077
0.06571384615384615
0.22029784615384615
0.3558978461538462
0.4326683076923077
0.4577021538461538
0.4036707692307692
0.3214763076923077
0.20798953846153845
0.04902461538461538
-0.10347323076923076
-0.2480436923076923
-0.33378461538461535
-0.3479704615384615
-0.3248141538461538
-0.24074215384615386
-0.14436184615384615
-0.022947692307692308
0.13935507692307691
0.2724516923076923
0.38030584615384616
0.40930338461538457
0.35798399999999997
0.2887236923076923
0.1777403076923077
0.04819015384615385
-0.09325107692307691
-0.23052
-0.3077076923076923
-0.32669169230769235
-0.2724516923076923
-0.17648861538461538
-0.06967753846153846
0.050067692307692306
0.138312
0.20423446153846153
0.24074215384615386
0.22634769230769228
0.18900553846153845
0.10222153846153846
0.0002086153846153846
-0.06884307692307692
-0.12496061538461539
-0.12621230769230768
-0.09304246153846155
-0.04693846153846153
0.018358153846153843
0.07280676923076923
0.13893784615384613
0.1846246153846154
0.17481969230769231
0.12975876923076923
0.06571384615384615
0.010013538461538461
-0.03337846153846154
-0.06717415384615384
-0.08991323076923076
-0.11140061538461538
-0.10055261538461538
-0.03629907692307692
0.03692492307692308
0.10868861538461538
0.15145476923076923
0.15416676923076922
0.14707384615384617
0.09804923076923076
0.03045784615384615
-0.056951999999999996
-0.1597993846153846
-0.22593046153846155
-0.2768326153846154
-0.28413415384615387
-0.2436627692307692
-0.1733593846153846
-0.06446215384615385
0.05277969230769231
0.16647507692307692
0.25701415384615384
0.3081249230769231
0.3195987692307692
0.2774584615384615
0.184416
0.07134646153846153
-0.044435076923076924
-0.14060676923076923
-0.20944984615384615
-0.25054707692307693
-0.23844738461538462
-0.19359507692307693
-0.10785415384615385
-0.003129230769230769
0.0826116923076923
0.1506203076923077
0.17377661538461536
0.1652233846153846
0.11411261538461538
0.020027076923076922
-0.0744756923076923
-0.16334584615384617
-0.23010276923076922
-0.26076923076923075
-0.265776
-0.22447015384615385
-0.1462393846153846
-0.042557538461538466
0.06800861538461538
0.12934153846153845
0.15959076923076923
0.16271999999999998
0.13789476923076924
0.09262523076923077
0.017523692307692306
-0.04714707692307692
-0.09116492307692307
-0.10472492307692308
-0.06759138461538462
-0.006675692307692307
0.06696553846153847
0.13393107692307693
0.1777403076923077
0.20652923076923077
0.20235692307692305
0.1635544615384615
0.103056
0.02795446153846154
-0.04652123076923077
-0.11703323076923078
-0.15917353846153848
-0.16105107692307694
-0.1422756923076923
-0.09596307692307693
-0.03504738461538461
0.04088861538461538
0.12642092307692307
0.1881710769230769
0.2125790769230769
0.1794092307692308
0.11077476923076923
0.03400430769230769
-0.05924676923076923
-0.15604430769230768
-0.25346769230769234
-0.32982092307692307
-0.35005661538461535
-0.3193901538461538
-0.24011630769230768
-0.13330523076923076
-0.026494153846153844
0.09199938461538461
0.20778092307692309
0.3039526153846154
0.3600701538461538
0.3440067692307692
0.2749550769230769
0.17148184615384612
0.05236246153846154
-0.05382276923076923
-0.15166338461538462
-0.222384
-0.2620209230769231
-0.2724516923076923
-0.23406646153846156
-0.16188553846153847
-0.06905169230769231
0.02211323076923077
0.08907876923076924
0.13935507692307691
0.17148184615384612
0.1860849230769231
0.18170399999999998
0.14081538461538462
0.07572738461538461
0.007301538461538462
-0.05862092307692307
-0.11452984615384615
-0.16188553846153847
-0.19985353846153847
-0.21111876923076925
-0.18942276923076923
-0.14603076923076924
-0.09012184615384615
-0.03713353846153846
0.0022947692307692304
0.03880246153846154
0.07364123076923076
0.10722830769230769
0.12704676923076924
0.12934153846153845
0.12204
0.10263876923076923
0.08323753846153846
0.04839876923076923
0.0008344615384615384
-0.058412307692307694
-0.13267938461538462
-0.20006215384615383
-0.25242461538461536
-0.27558092307692306
-0.279336
-0.2647329230769231
-0.20944984615384615
-0.1151556923076923
-0.002086153846153846
0.11306953846153844
0.20778092307692309
0.26869661538461537
0.2939390769230769
0.27704123076923076
0.22864246153846152
0.14749107692307692
0.042557538461538466
-0.06446215384615385
-0.15667015384615385
-0.2125790769230769
-0.233232
-0.22947692307692308
-0.20110523076923076
-0.14519630769230768
-0.06446215384615385
0.03421292307692308
0.12308307692307692
0.18149538461538461
0.20506892307692307
0.19797599999999999
0.16480615384615382
0.11265230769230769
0.061750153846153844
0.0043809230769230765
-0.059664
-0.11494707692307692
-0.15208061538461537
-0.16292861538461537
-0.16063384615384615
-0.15354092307692307
-0.13893784615384613
-0.12433476923076923
-0.09658892307692307
-0.059872615384615385
-0.02899753846153846
0.003963692307692307
0.038176615384615385
0.07906523076923076
0.12224861538461537
0.16251138461538459
0.19067446153846154
0.19004861538461537
0.17148184615384612
0.14707384615384617
0.11327815384615383
0.07238953846153846
0.02858030769230769
-0.010848
-0.03233538461538461
-0.03942830769230769
-0.025659692307692307
0.003755076923076923
0.05298830769230769
0.1178676923076923
0.19338646153846153
0.279336
0.3467187692307692
0.38280923076923074
0.37655076923076924
0.3344104615384615
0.2563883076923077
0.15520984615384617
0.04568676923076923
-0.07197230769230768
-0.17669723076923077
-0.2509643076923077
-0.2764153846153846
-0.2601433846153846
-0.20527753846153846
-0.1178676923076923
-0.025033846153846153
0.07739630769230768
0.17711446153846155
0.25430215384615384
0.2999889230769231
0.30562153846153844
0.273912
0.21237046153846154
0.13330523076923076
0.03921969230769231
-0.06279323076923077
-0.16251138461538459
-0.2399076923076923
-0.2749550769230769
-0.2641070769230769
-0.2154996923076923
-0.13622584615384614
-0.03984553846153846
0.058829538461538454
0.1506203076923077
0.2236356923076923
0.2578486153846154
0.24345415384615382
0.19213476923076922
0.11348676923076922
0.02482523076923077
-0.065088
-0.14603076923076924
-0.20027076923076922
-0.2221753846153846
-0.21466523076923077
-0.1779489230769231
-0.12537784615384615
-0.06550523076923077
-0.009804923076923077
0.031709538461538456
0.06759138461538462
0.09554584615384615
0.11140061538461538
0.1151556923076923
0.10159569230769232
0.07572738461538461
0.04088861538461538
0.0022947692307692304
-0.030040615384615384
-0.05653476923076922
-0.06675692307692307
-0.05611753846153846
-0.022947692307692308
0.02545107692307692
0.07572738461538461
0.12433476923076923
0.15833907692307692
0.18107815384615383
0.19860184615384616
0.19359507692307693
0.17690584615384616
0.1462393846153846
0.09283384615384616
0.03901107692307692
-0.021070153846153846
-0.06279323076923077
-0.0936683076923077
-0.12767261538461538
-0.14311015384615386
-0.1504116923076923
-0.13622584615384614
-0.10681107692307691
-0.07489292307692308
-0.030040615384615384
0.013560000000000001
0.054657230769230764
0.09575446153846154
0.11953661538461538
0.12829846153846153
0.11327815384615383
0.08386338461538462
0.046104
-0.0022947692307692304
-0.04276615384615385
-0.07927384615384615
-0.09095630769230768
-0.08386338461538462
-0.06884307692307692
-0.03838523076923077
-0.003963692307692307
0.04401784615384615
0.0961716923076923
0.13393107692307693
0.14936861538461538
0.14603076923076924
0.12162276923076921
0.0855323076923077
0.03984553846153846
-0.024616615384615383
-0.08699261538461538
-0.1489513846153846
-0.19213476923076922
-0.21341353846153846
-0.21654276923076923
-0.1910916923076923
-0.14811692307692306
-0.09241661538461539
-0.033169846153846154
0.02899753846153846
0.08302892307692307
0.10806276923076923
0.10159569230769232
0.06258461538461538
-0.004589538461538461
-0.08156861538461539
-0.17461107692307692
-0.23761292307692305
-0.2290596923076923
-0.17815753846153848
-0.054657230769230764
0.08720123076923077
0.22697353846153845
0.3884418461538462
0.49274953846153846
0.5611753846153846
0.5325950769230768
0.4188996923076923
0.26118646153846153
0.08198584615384615
-0.08031692307692308
-0.28392553846153845
-0.4090947692307692
-0.47939815384615386
-0.4535298461538461
-0.31542646153846154
-0.17252492307692308
0.024408000000000003
0.18232984615384615
0.32877784615384614
0.4291218461538462
0.4090947692307692
0.3225193846153846
0.14290153846153844
-0.05444861538461539
-0.2532590769230769
-0.43621476923076924
-0.5348898461538462
-0.5615926153846154
-0.47021907692307696
-0.2870547692307692
-0.07510153846153846
0.15416676923076922
0.3285692307692308
0.46542092307692307
0.5432344615384616
0.499008
0.4017932307692308
0.23364923076923078
0.058412307692307694
-0.07572738461538461
-0.20798953846153845
-0.28476
-0.3385827692307692
-0.3467187692307692
-0.295608
-0.23761292307692305
-0.15833907692307692
-0.07781353846153846
0.008970461538461538
0.09658892307692307
0.1449876923076923
0.16501476923076921
0.13789476923076924
0.078648
0.008136
-0.08135999999999999
-0.143736
-0.1777403076923077
-0.18921415384615384
-0.15270646153846154
-0.11035753846153845
-0.07614461538461538
-0.03567323076923076
-0.030040615384615384
-0.03129230769230769
-0.05319692307692307
-0.09825784615384614
-0.11891076923076922
-0.12204
-0.07051199999999999
0.010222153846153844
0.09450276923076922
0.1804523076923077
0.2415766153846154
0.2862203076923077
0.2709913846153846
0.19964492307692308
0.11056615384615384
-0.009179076923076922
-0.11077476923076923
-0.18066092307692305
-0.22634769230769228
-0.21341353846153846
-0.17002153846153847
-0.09137353846153846
0.012099692307692308
0.09846646153846153
0.18399876923076922
0.25138153846153843
0.28100492307692304
0.2572227692307692
0.19672430769230767
0.13184492307692308
0.04130584615384615
-0.06425353846153846
-0.17273353846153844
-0.25555384615384613
-0.2924787692307692
-0.28955815384615385
-0.23782153846153845
-0.13935507692307691
-0.014394461538461538
0.13101046153846155
0.2699483076923077
0.34880492307692307
0.36674584615384614
0.3077076923076923
0.20402584615384614
0.0853236923076923
-0.050067692307692306
-0.1693956923076923
-0.2737033846153846
-0.3294036923076923
-0.3214763076923077
-0.2568055384615385
-0.15166338461538462
-0.05799507692307692
0.030875076923076922
0.10493353846153847
0.15187199999999998
0.1804523076923077
0.15562707692307692
0.0853236923076923
-0.005841230769230769
-0.09971815384615385
-0.16105107692307694
-0.19818461538461538
-0.214248
-0.19192615384615386
-0.13601723076923075
-0.05236246153846154
0.04318338461538461
0.12725538461538463
0.19463815384615382
0.22697353846153845
0.21341353846153846
0.16418030769230768
0.10159569230769232
0.046104
-0.014394461538461538
-0.06675692307692307
-0.0974233846153846
-0.1028473846153846
-0.06654830769230768
-0.0035464615384615383
0.05757784615384615
0.10952307692307692
0.13747753846153846
0.15875630769230767
0.18399876923076922
0.16897846153846155
0.12204
0.05236246153846154
-0.020652923076923076
-0.05924676923076923
-0.08240307692307691
-0.08323753846153846
-0.065088
-0.034630153846153845
0.014394461538461538
0.06487938461538462
0.11202646153846153
0.13455692307692307
0.12767261538461538
0.10848000000000001
0.07343261538461537
0.03755076923076923
0.014603076923076923
-0.01043076923076923
-0.02545107692307692
-0.03045784615384615
-0.009804923076923077
0.04902461538461538
0.11452984615384615
0.1802436923076923
0.21049292307692305
0.20965846153846154
0.19609846153846153
0.16084246153846155
0.1045163076923077
0.01272553846153846
-0.07927384615384615
-0.14957723076923077
-0.18879692307692306
-0.18107815384615383
-0.14436184615384615
-0.07510153846153846
0.0077187692307692304
0.09158215384615384
0.1802436923076923
0.23928184615384615
0.2561796923076923
0.22488738461538463
0.15646153846153846
0.07301538461538462
-0.025659692307692307
-0.12913292307692306
-0.21654276923076923
-0.2751636923076923
-0.30144923076923075
-0.27286892307692306
-0.19213476923076922
-0.08594953846153845
0.02545107692307692
0.13101046153846155
0.22154953846153846
0.2807963076923077
0.30332676923076923
0.2822566153846154
0.22530461538461538
0.13706030769230768
0.027120000000000002
-0.08448923076923077
-0.18545907692307692
-0.26306399999999996
-0.31083692307692307
-0.32564861538461537
-0.2985286153846154
-0.23093723076923076
-0.13852061538461538
-0.034630153846153845
0.05736923076923077
0.12996738461538462
0.18316430769230768
0.20861538461538462
0.19839323076923077
0.1422756923076923
0.05444861538461539
-0.03692492307692308
-0.11452984615384615
-0.16271999999999998
-0.1860849230769231
-0.18900553846153845
-0.165432
-0.12788123076923075
-0.06654830769230768
-0.005424
0.033169846153846154
0.06863446153846153
0.08761846153846153
0.09596307692307693
0.09971815384615385
0.08761846153846153
0.07051199999999999
0.04693846153846153
0.02795446153846154
0.022947692307692308
0.01940123076923077
0.015854769230769228
0.008344615384615384
-0.0002086153846153846
-0.012934153846153845
-0.02524246153846154
-0.0446436923076923
-0.07280676923076923
-0.09909230769230769
-0.12308307692307692
-0.12162276923076921
-0.10076123076923077
-0.07009476923076922
-0.035464615384615386
-0.005424
0.032544
0.06467076923076923
0.09116492307692307
0.10576799999999999
0.0936683076923077
0.06946892307692307
0.03838523076923077
0.014394461538461538
-0.005632615384615384
-0.024199384615384616
-0.031918153846153846
-0.033169846153846154
-0.009596307692307692
0.037342153846153844
0.08782707692307692
0.13706030769230768
0.1704387692307692
0.1860849230769231
0.19526400000000002
0.19067446153846154
0.168144
0.12725538461538463
0.08720123076923077
0.058829538461538454
0.03150092307692308
0.015646153846153844
-0.0002086153846153846
-0.019609846153846155
-0.03379569230769231
-0.038176615384615385
-0.029832
-0.020027076923076922
-0.021696
-0.02899753846153846
-0.03379569230769231
-0.03108369230769231
-0.01940123076923077
-0.017732307692307693
-0.021070153846153846
-0.021904615384615383
-0.02211323076923077
-0.010639384615384617
0.006884307692307692
0.013768615384615384
0.006049846153846154
-0.014603076923076923
-0.03400430769230769
-0.03901107692307692
-0.04130584615384615
-0.03901107692307692
-0.03379569230769231
-0.024616615384615383
-0.005632615384615384
0.023364923076923075
0.05570030769230769
0.07072061538461538
0.07218092307692307
0.06633969230769231
0.05611753846153846
0.043600615384615383
0.018983999999999997
-0.010639384615384617
-0.03212676923076923
-0.037967999999999995
-0.015437538461538461
0.032544
0.0826116923076923
0.12850707692307692
0.16292861538461537
0.18858830769230767
0.200688
0.18107815384615383
0.13267938461538462
0.05507446153846154
-0.029623384615384614
-0.10430769230769231
-0.15687876923076924
-0.17461107692307692
-0.16251138461538459
-0.11306953846153844
-0.03358707692307692
0.059872615384615385
0.15520984615384617
0.21988061538461537
0.24428861538461538
0.22718215384615387
0.1718990769230769
0.0936683076923077
-0.015020307692307692
-0.1358086153846154
-0.2482523076923077
-0.3475532307692307
-0.40554830769230765
-0.41723076923076924
-0.3832264615384615
-0.31500923076923076
-0.23156307692307693
-0.12245723076923076
-0.005424
0.10076123076923077
0.184416
0.21779446153846155
0.21174461538461536
0.16897846153846155
0.09950953846153845
0.014603076923076923
-0.08907876923076924
-0.18066092307692305
-0.2572227692307692
-0.29915446153846154
-0.29080984615384614
-0.24846092307692308
-0.18066092307692305
-0.10326461538461539
-0.021070153846153846
0.06759138461538462
0.14978584615384616
0.20506892307692307
0.23177169230769232
0.22488738461538463
0.19588984615384614
0.16605784615384614
0.13101046153846155
0.08052553846153847
0.015228923076923076
-0.05048492307692308
-0.11223507692307692
-0.16334584615384617
-0.19296923076923078
-0.21299630769230768
-0.21883753846153844
-0.20444307692307692
-0.1612596923076923
-0.0855323076923077
-0.006049846153846154
0.07781353846153846
0.15562707692307692
0.208824
0.25367630769230765
0.2655673846153846
0.23844738461538462
0.1787833846153846
0.0826116923076923
-0.009596307692307692
-0.09325107692307691
-0.154584
-0.18942276923076923
-0.21320492307692307
-0.1927606153846154
-0.13121907692307694
-0.03504738461538461
0.08428061538461538
0.19463815384615382
0.28809784615384615
0.3573581538461538
0.39762092307692304
0.4024190769230769
0.35339446153846155
0.25930892307692305
0.1449876923076923
0.027745846153846152
-0.06341907692307691
-0.1316363076923077
-0.18107815384615383
-0.19797599999999999
-0.1842073846153846
-0.12850707692307692
-0.03838523076923077
0.05862092307692307
0.15270646153846154
0.22467876923076924
0.2701569230769231
0.2887236923076923
0.27620676923076926
0.23615261538461538
0.15520984615384617
0.05027630769230769
-0.05298830769230769
-0.14206707692307693
-0.19797599999999999
-0.22989415384615383
-0.23364923076923078
-0.20360861538461536
-0.14853415384615384
-0.06717415384615384
0.016480615384615385
0.08720123076923077
0.13184492307692308
0.13330523076923076
0.11432123076923076
0.07656184615384615
0.015020307692307692
-0.045895384615384616
-0.12704676923076924
-0.19463815384615382
-0.2221753846153846
-0.23782153846153845
-0.1860849230769231
-0.13059323076923077
0.02545107692307692
0.18775384615384613
0.20193969230769232
0.28434276923076923
0.2822566153846154
0.2897667692307692
0.2851772307692308
0.12788123076923075
-0.004798153846153846
-0.20798953846153845
-0.2906012307692308
-0.3137575384615385
-0.3740473846153846
-0.33899999999999997
-0.32961230769230765
-0.15833907692307692
0.07635323076923077
0.25951753846153847
0.4564504615384615
0.46396061538461536
0.441012923076923
0.3775938461538461
0.20444307692307692
0.07843938461538462
-0.14164984615384615
-0.31646953846153847
-0.40387938461538464
-0.5342640000000001
-0.4896203076923077
-0.39115384615384613
-0.2632726153846154
-0.05403138461538461
0.054657230769230764
0.17544553846153846
0.25513661538461535
0.2862203076923077
0.3548547692307692
0.31188
0.222384
0.1151556923076923
0.008970461538461538
-0.01856676923076923
-0.09825784615384614
-0.17023015384615386
-0.21111876923076925
-0.24866953846153847
-0.1775316923076923
-0.11557292307692307
-0.051528
0.042974769230769226
0.09012184615384615
0.1696043076923077
0.2194633846153846
0.21320492307692307
0.22447015384615385
0.18858830769230767
0.16501476923076921
0.16856123076923077
0.12913292307692306
0.10117846153846152
0.04109723076923077
-0.03024923076923077
-0.10243015384615384
-0.19881046153846152
-0.25451076923076926
-0.2862203076923077
-0.265776
-0.23886461538461537
-0.214248
-0.10430769230769231
0.02753723076923077
0.16710092307692306
0.2970683076923077
0.34358953846153845
0.3548547692307692
0.31104553846153843
0.22008923076923076
0.11578153846153846
-0.04965046153846154
-0.19213476923076922
-0.30019753846153846
-0.38030584615384616
-0.38719015384615385
-0.36278215384615387
-0.26076923076923075
-0.09992676923076924
0.06425353846153846
0.23218892307692307
0.3584012307692308
0.47272246153846154
0.5394793846153846
0.5019286153846154
0.4109723076923077
0.25200738461538463
0.08094276923076923
-0.06425353846153846
-0.22572184615384616
-0.32585723076923073
-0.37592492307692305
-0.37050092307692306
-0.2707827692307692
-0.16251138461538459
-0.03483876923076923
0.09971815384615385
0.20402584615384614
0.2864289230769231
0.3016578461538461
0.26097784615384617
0.16856123076923077
0.04318338461538461
-0.06049846153846154
-0.1597993846153846
-0.23052
-0.28392553846153845
-0.31834707692307695
-0.28934953846153844
-0.2426196923076923
-0.1585476923076923
-0.05757784615384615
0.0043809230769230765
0.07572738461538461
0.13622584615384614
0.15771323076923077
0.154584
0.11306953846153844
0.06905169230769231
0.03609046153846154
0.0006258461538461538
-0.017523692307692306
-0.032544
-0.03859384615384615
-0.03400430769230769
-0.028163076923076923
0.0006258461538461538
0.020652923076923076
0.031918153846153846
0.03358707692307692
0.010848
0.011265230769230769
0.01814953846153846
0.04965046153846154
0.10722830769230769
0.13247076923076923
0.15813046153846153
0.1802436923076923
0.2090326153846154
0.24595753846153845
0.22530461538461538
0.15896492307692306
0.07489292307692308
-0.006884307692307692
-0.05778646153846154
-0.09909230769230769
-0.13101046153846155
-0.1476996923076923
-0.14957723076923077
-0.10096984615384616
-0.031709538461538456
0.04672984615384615
0.1136953846153846
0.14164984615384615
0.168144
0.15792184615384616
0.11599015384615384
0.055491692307692304
-0.04172307692307692
-0.13080184615384613
-0.21132738461538458
-0.26160369230769226
-0.25346769230769234
-0.22447015384615385
-0.1783661538461538
-0.11724184615384614
-0.03129230769230769
0.08636676923076922
0.19442953846153843
0.2626467692307692
0.26786215384615386
0.21487384615384614
0.13810338461538463
0.05298830769230769
-0.020027076923076922
-0.09241661538461539
-0.16271999999999998
-0.19192615384615386
-0.17690584615384616
-0.11098338461538461
-0.025033846153846153
0.052153846153846155
0.13038461538461538
0.18358153846153846
0.20652923076923077
0.19735015384615384
0.1358086153846154
0.040054153846153843
-0.06967753846153846
-0.1666836923076923
-0.22697353846153845
-0.25951753846153847
-0.2559710769230769
-0.2238443076923077
-0.17377661538461536
-0.09909230769230769
-0.011682461538461537
0.06905169230769231
0.11536430769230768
0.11390399999999999
0.07885661538461539
0.02023569230769231
-0.04860738461538461
-0.12037107692307693
-0.19964492307692308
-0.25951753846153847
-0.29414769230769233
-0.2868461538461538
-0.22196676923076922
-0.12767261538461538
-0.010222153846153844
0.10472492307692308
0.2138307692307692
0.31229723076923077
0.36549415384615386
0.3698750769230769
0.3148006153846154
0.22280123076923075
0.11640738461538462
0.007510153846153846
-0.07739630769230768
-0.14060676923076923
-0.16334584615384617
-0.13998092307692306
-0.08386338461538462
-0.005424
0.07802215384615384
0.15208061538461537
0.206112
0.23928184615384615
0.24887815384615386
0.233232
0.18212123076923076
0.10660246153846153
0.028788923076923077
-0.043600615384615383
-0.09825784615384614
-0.13747753846153846
-0.15833907692307692
-0.1652233846153846
-0.1597993846153846
-0.13121907692307694
-0.08699261538461538
-0.03358707692307692
0.006049846153846154
0.03045784615384615
0.05799507692307692
0.0826116923076923
0.10222153846153846
0.11348676923076922
0.1151556923076923
0.10827138461538462
0.10618523076923077
0.1028473846153846
0.09283384615384616
0.07009476923076922
0.03337846153846154
-0.004589538461538461
-0.046104
-0.073224
-0.09262523076923077
-0.09763200000000001
-0.07697907692307693
-0.031709538461538456
0.040679999999999994
0.1207883076923077
0.20193969230769232
0.27871015384615383
0.3321156923076923
0.35151692307692306
0.3460929230769231
0.2989458461538462
0.21070153846153844
0.09471138461538461
-0.03755076923076923
-0.13893784615384613
-0.21487384615384614
-0.25346769230769234
-0.24741784615384615
-0.22321846153846153
-0.15959076923076923
-0.07551876923076924
0.015437538461538461
0.09971815384615385
0.15103753846153847
0.1787833846153846
0.17711446153846155
0.15103753846153847
0.10263876923076923
0.02899753846153846
-0.05507446153846154
-0.138312
-0.20047938461538461
-0.2374043076923077
-0.26640184615384616
-0.27599815384615384
-0.26869661538461537
-0.23677846153846152
-0.17690584615384616
-0.1097316923076923
-0.035464615384615386
0.024199384615384616
0.07405846153846153
0.11181784615384616
0.12934153846153845
0.132888
0.10889723076923077
0.06633969230769231
0.006884307692307692
-0.05716061538461538
-0.10430769230769231
-0.13768615384615385
-0.1558356923076923
-0.15124615384615384
-0.12516923076923075
-0.07572738461538461
0.0002086153846153846
0.08323753846153846
0.15124615384615384
0.19317784615384614
0.21007569230769232
0.21779446153846155
0.206112
0.16689230769230767
0.10660246153846153
0.03275261538461539
-0.03233538461538461
-0.08031692307692308
-0.11202646153846153
-0.130176
-0.13372246153846154
-0.11306953846153844
-0.0744756923076923
-0.027120000000000002
0.01272553846153846
0.03609046153846154
0.053405538461538456
0.056951999999999996
0.052571076923076915
0.04172307692307692
0.026076923076923077
0.008761846153846153
-0.023364923076923075
-0.04860738461538461
-0.06279323076923077
-0.07468430769230769
-0.08115138461538463
-0.08323753846153846
-0.078648
-0.06946892307692307
-0.05090215384615384
-0.026285538461538457
0.0018775384615384615
0.03108369230769231
0.06988615384615385
0.11411261538461538
0.15604430769230768
0.1829556923076923
0.1802436923076923
0.15208061538461537
0.10159569230769232
0.051319384615384614
-0.004589538461538461
-0.06696553846153847
-0.12725538461538463
-0.1785747692307692
-0.1908830769230769
-0.16188553846153847
-0.10243015384615384
-0.034630153846153845
0.03504738461538461
0.11098338461538461
0.1856676923076923
0.24866953846153847
0.27328615384615385
0.24908676923076922
0.1785747692307692
0.07614461538461538
-0.026702769230769228
-0.11995384615384615
-0.20319138461538463
-0.2626467692307692
-0.2914356923076923
-0.2776670769230769
-0.21466523076923077
-0.11536430769230768
0.0043809230769230765
0.11953661538461538
0.2205064615384615
0.30019753846153846
0.3521427692307692
0.3686233846153846
0.3321156923076923
0.2588916923076923
0.16105107692307694
0.05382276923076923
-0.042348923076923076
-0.13330523076923076
-0.214248
-0.27412061538461535
-0.2897667692307692
-0.24616615384615384
-0.15687876923076924
-0.04819015384615385
0.055491692307692304
0.14060676923076923
0.21132738461538458
0.2620209230769231
0.2805876923076923
0.2641070769230769
0.20486030769230767
0.1314276923076923
0.05507446153846154
-0.01272553846153846
-0.05528307692307692
-0.09387692307692307
-0.11557292307692307
-0.1178676923076923
-0.10889723076923077
-0.07593599999999999
-0.043600615384615383
-0.024616615384615383
-0.011891076923076923
-0.0008344615384615384
0.027745846153846152
0.06362769230769232
0.10201292307692307
0.13768615384615385
0.14665661538461539
0.1449876923076923
0.13372246153846154
0.09909230769230769
0.028371692307692306
-0.07218092307692307
-0.17273353846153844
-0.25430215384615384
-0.3022836923076923
-0.3239796923076923
-0.3170953846153846
-0.2751636923076923
-0.19693292307692306
-0.08490646153846154
0.032544
0.12788123076923075
0.18483323076923078
0.18650215384615382
0.13789476923076924
0.09241661538461539
0.023782153846153845
-0.07635323076923077
-0.16793538461538463
-0.26348123076923075
-0.2697396923076923
-0.25242461538461536
-0.11014892307692307
0.05382276923076923
0.03129230769230769
0.11995384615384615
0.14999446153846155
0.22488738461538463
0.3004061538461538
0.16501476923076921
0.07051199999999999
-0.12266584615384615
-0.17398523076923075
-0.15228923076923076
-0.22947692307692308
-0.2303113846153846
-0.30854215384615385
-0.2075723076923077
-0.018775384615384614
0.12600369230769232
0.30937661538461536
0.27474646153846155
0.25054707692307693
0.23114584615384615
0.1449876923076923
0.1358086153846154
-0.011473846153846154
-0.10389046153846154
-0.11974523076923077
-0.19735015384615384
-0.09491999999999999
-0.003129230769230769
0.08887015384615385
0.21591692307692306
0.20339999999999997
0.24595753846153845
0.24574892307692306
0.2288510769230769
0.2628553846153846
0.1869193846153846
0.12662953846153846
0.07635323076923077
0.05778646153846154
0.10347323076923076
0.05653476923076922
-0.006049846153846154
-0.06946892307692307
-0.12099692307692309
-0.07301538461538462
-0.06967753846153846
-0.08177723076923075
-0.07280676923076923
-0.07384984615384615
0.010013538461538461
0.07134646153846153
0.08720123076923077
0.12350030769230769
0.10994030769230768
0.13518276923076925
0.184416
0.1785747692307692
0.15500123076923078
0.0717636923076923
-0.006049846153846154
-0.08302892307692307
-0.184416
-0.25993476923076925
-0.32231076923076923
-0.3035353846153846
-0.25701415384615384
-0.19213476923076922
-0.03880246153846154
0.09971815384615385
0.23656984615384613
0.34963938461538463
0.3819747692307692
0.39678646153846153
0.3312812307692308
0.21988061538461537
0.09512861538461538
-0.0826116923076923
-0.20652923076923077
-0.29414769230769233
-0.3646596923076923
-0.39741230769230773
-0.425784
-0.36904061538461536
-0.2497126153846154
-0.12308307692307692
0.008970461538461538
0.10389046153846154
0.2138307692307692
0.30833353846153844
0.32877784615384614
0.31542646153846154
0.20652923076923077
0.07092923076923077
-0.03671630769230769
-0.1785747692307692
-0.26097784615384617
-0.32335384615384616
-0.3604873846153846
-0.32502276923076917
-0.2914356923076923
-0.20861538461538462
-0.10472492307692308
-0.015020307692307692
0.0826116923076923
0.1489513846153846
0.20673784615384616
0.23156307692307693
0.22113230769230768
0.21111876923076925
0.16188553846153847
0.10138707692307691
0.020652923076923076
-0.07677046153846154
-0.14164984615384615
-0.22175815384615383
-0.2716172307692308
-0.2803790769230769
-0.2805876923076923
-0.20778092307692309
-0.10681107692307691
-0.01668923076923077
0.07405846153846153
0.13330523076923076
0.20360861538461536
0.26535876923076923
0.2655673846153846
0.235944
0.15270646153846154
0.05945538461538461
-0.016063384615384615
-0.09158215384615384
-0.12496061538461539
-0.15333230769230768
-0.15500123076923078
-0.12099692307692309
-0.0961716923076923
-0.03984553846153846
0.010639384615384617
0.06905169230769231
0.15333230769230768
0.18149538461538461
0.19672430769230767
0.20027076923076922
0.1908830769230769
0.19839323076923077
0.15416676923076922
0.09074769230769231
0.03692492307692308
-0.014394461538461538
-0.028163076923076923
-0.03504738461538461
-0.030875076923076922
-0.015854769230769228
-0.0008344615384615384
0.032544
0.06300184615384616
0.08490646153846154
0.09533723076923077
0.07885661538461539
0.05820369230769231
0.029414769230769227
-0.0002086153846153846
-0.008761846153846153
-0.019609846153846155
-0.015228923076923076
-0.011891076923076923
-0.0070929230769230765
0.03358707692307692
0.07468430769230769
0.09700615384615385
0.09429415384615383
0.07572738461538461
0.06404492307692307
0.05382276923076923
0.03233538461538461
0.0016689230769230767
-0.03901107692307692
-0.0798996923076923
-0.09992676923076924
-0.09471138461538461
-0.07948246153846153
-0.06675692307692307
-0.03901107692307692
-0.0012516923076923076
0.03775938461538462
0.07051199999999999
0.07969107692307692
0.08574092307692306
0.073224
0.037342153846153844
0.0035464615384615383
-0.05277969230769231
-0.11223507692307692
-0.15771323076923077
-0.18963138461538462
-0.1883796923076923
-0.1666836923076923
-0.1178676923076923
-0.05048492307692308
0.010639384615384617
0.06592246153846154
0.11286092307692308
0.1597993846153846
0.18963138461538462
0.1908830769230769
0.1666836923076923
0.11828492307692307
0.0678
0.016063384615384615
-0.03567323076923076
-0.08031692307692308
-0.12934153846153845
-0.16063384615384615
-0.15813046153846153
-0.13038461538461538
-0.07531015384615385
-0.024616615384615383
0.017523692307692306
0.0678
0.12350030769230769
0.1794092307692308
0.20965846153846154
0.21487384615384614
0.19380369230769232
0.14811692307692306
0.09992676923076924
0.047981538461538464
0.0035464615384615383
-0.03296123076923077
-0.07072061538461538
-0.09471138461538461
-0.09721476923076922
-0.08177723076923075
-0.05444861538461539
-0.022530461538461537
0.015854769230769228
0.06300184615384616
0.11306953846153844
0.1652233846153846
0.20652923076923077
0.22676492307692306
0.21988061538461537
0.1858763076923077
0.14018953846153845
0.07697907692307693
-0.0033378461538461535
-0.09262523076923077
-0.1777403076923077
-0.2261390769230769
-0.24428861538461538
-0.23656984615384613
-0.20944984615384615
-0.17461107692307692
-0.12204
-0.06383630769230769
-0.007510153846153846
0.042974769230769226
0.08177723076923075
0.09450276923076922
0.0853236923076923
0.07072061538461538
0.0448523076923077
0.012516923076923077
-0.03942830769230769
-0.09512861538461538
-0.13434830769230768
-0.1666836923076923
-0.165432
-0.1506203076923077
-0.12204
-0.06592246153846154
-0.006675692307692307
0.06926030769230769
0.14185846153846154
0.19338646153846153
0.2236356923076923
0.22822523076923076
0.21341353846153846
0.17148184615384612
0.10639384615384614
0.02357353846153846
-0.058829538461538454
-0.11828492307692307
-0.14936861538461538
-0.15813046153846153
-0.14039815384615384
-0.09658892307692307
-0.05048492307692308
-0.005424
0.04672984615384615
0.08845292307692308
0.10409907692307692
0.09846646153846153
0.07218092307692307
0.04109723076923077
0.004798153846153846
-0.028371692307692306
-0.05090215384615384
-0.06654830769230768
-0.06759138461538462
-0.056951999999999996
-0.02753723076923077
0.0022947692307692304
0.030875076923076922
0.04944184615384615
0.05778646153846154
0.07489292307692308
0.0744756923076923
0.059038153846153844
0.034630153846153845
0.004172307692307692
-0.016063384615384615
-0.026702769230769228
-0.029414769230769227
-0.016063384615384615
0.012934153846153845
0.061124307692307686
0.13309661538461537
0.200688
0.238656
0.2374043076923077
0.20965846153846154
0.16167692307692308
0.08866153846153846
0.0012516923076923076
-0.10201292307692307
-0.20110523076923076
-0.27286892307692306
-0.30186646153846153
-0.27474646153846155
-0.20965846153846154
-0.12725538461538463
-0.035255999999999996
0.05611753846153846
0.13914646153846155
0.20673784615384616
0.233232
0.2157083076923077
0.16730953846153845
0.10201292307692307
0.031918153846153846
-0.04318338461538461
-0.10722830769230769
-0.16501476923076921
-0.21132738461538458
-0.22801661538461537
-0.2138307692307692
-0.18149538461538461
-0.1504116923076923
-0.11140061538461538
-0.06967753846153846
-0.012516923076923077
0.04839876923076923
0.0892873846153846
0.11870215384615385
0.11640738461538462
0.103056
0.08031692307692308
0.03108369230769231
-0.03108369230769231
-0.10555938461538462
-0.1666836923076923
-0.2008966153846154
-0.20277415384615383
-0.18754523076923074
-0.1656406153846154
-0.12350030769230769
-0.07593599999999999
-0.015020307692307692
0.05924676923076923
0.12204
0.17502830769230768
0.21654276923076923
0.2426196923076923
0.25930892307692305
0.24679199999999998
0.2125790769230769
0.15750461538461538
0.0828203076923077
0.005632615384615384
-0.06967753846153846
-0.12120553846153845
-0.16418030769230768
-0.19025723076923076
-0.17461107692307692
-0.12391753846153845
-0.040679999999999994
0.05403138461538461
0.13726892307692307
0.19881046153846152
0.23469230769230767
0.2482523076923077
0.233232
0.1760713846153846
0.07885661538461539
-0.03942830769230769
-0.15833907692307692
-0.25764
-0.3291950769230769
-0.3682061538461538
-0.3538116923076923
-0.2860116923076923
-0.1718990769230769
-0.03358707692307692
0.08991323076923076
0.18232984615384615
0.23531815384615382
0.2526332307692308
0.23677846153846152
0.18879692307692306
0.1218313846153846
0.04672984615384615
-0.01397723076923077
-0.05298830769230769
-0.07134646153846153
-0.05590892307692308
-0.024408000000000003
0.015020307692307692
0.05924676923076923
0.1070196923076923
0.154584
0.1783661538461538
0.17481969230769231
0.15145476923076923
0.11202646153846153
0.06467076923076923
0.016897846153846156
-0.032544
-0.07280676923076923
-0.09137353846153846
-0.07134646153846153
-0.016480615384615385
0.04965046153846154
0.10389046153846154
0.12621230769230768
0.12558646153846154
0.10535076923076922
0.06800861538461538
0.013768615384615384
-0.06028984615384615
-0.14144123076923076
-0.2056947692307692
-0.25764
-0.3012406153846154
-0.33545353846153847
-0.35256
-0.2689052307692308
-0.1178676923076923
0.08720123076923077
0.33295015384615384
0.5202867692307692
0.6946892307692308
0.7889833846153846
0.8073415384615384
0.7432966153846153
0.5355156923076922
0.27474646153846155
-0.022530461538461537
-0.3129230769230769
-0.5736923076923076
-0.7543532307692307
-0.8346701538461537
-0.8106793846153846
-0.6558867692307692
-0.40846892307692306
-0.09825784615384614
0.23281476923076924
0.5225815384615384
0.7067889230769231
0.7670787692307692
0.6742449230769231
0.49108061538461534
0.23969907692307693
-0.0963803076923077
-0.40095876923076923
-0.6527575384615384
-0.7843938461538461
-0.7480947692307692
-0.614580923076923
-0.39011076923076926
-0.16334584615384617
0.04276615384615385
0.25200738461538463
0.38572984615384615
0.43412861538461534
0.39678646153846153
0.30249230769230767
0.22280123076923075
0.1476996923076923
0.08302892307692307
0.02357353846153846
-0.05319692307692307
-0.11056615384615384
-0.16584923076923075
-0.2127876923076923
-0.25200738461538463
-0.2951907692307692
-0.30061476923076924
-0.28955815384615385
-0.26348123076923075
-0.21174461538461536
-0.16584923076923075
-0.09679753846153846
-0.011891076923076923
0.06675692307692307
0.17377661538461536
0.27599815384615384
0.36632861538461536
0.43329415384615383
0.4307907692307692
0.36278215384615387
0.23114584615384615
0.05757784615384615
-0.138312
-0.3291950769230769
-0.4683415384615384
-0.5248763076923078
-0.4675070769230769
-0.3045784615384615
-0.07739630769230768
0.1867107692307692
0.43475446153846153
0.6435784615384614
0.7894006153846154
0.8102621538461537
0.7324486153846154
0.5795335384615384
0.36611999999999995
0.130176
-0.11265230769230769
-0.3170953846153846
-0.45686769230769225
-0.523416
-0.5067267692307692
-0.42015138461538465
-0.2862203076923077
-0.12245723076923076
0.06070707692307692
0.24178523076923078
0.37258707692307685
0.4355889230769231
0.43016492307692306
0.3460929230769231
0.22342707692307692
0.07364123076923076
-0.06926030769230769
-0.16042523076923076
-0.22008923076923076
-0.22551323076923077
-0.18128676923076922
-0.10243015384615384
0.006258461538461538
0.10785415384615385
0.17148184615384612
0.18483323076923078
0.15750461538461538
0.11202646153846153
0.05173661538461538
-0.021070153846153846
-0.07739630769230768
-0.1205796923076923
-0.13309661538461537
-0.11348676923076922
-0.06717415384615384
0.0
0.042974769230769226
0.07906523076923076
0.092208
0.07551876923076924
0.029623384615384614
-0.07030338461538461
-0.1721076923076923
-0.2563883076923077
-0.31000246153846156
-0.30562153846153844
-0.2670276923076923
-0.19672430769230767
-0.09158215384615384
0.027745846153846152
0.1585476923076923
0.27558092307692306
0.3490135384615385
0.36904061538461536
0.32982092307692307
0.25388492307692306
0.14123261538461537
0.013768615384615384
-0.10368184615384615
-0.21925476923076925
-0.2883064615384615
-0.3131316923076923
-0.2899753846153846
-0.1883796923076923
-0.06383630769230769
0.06279323076923077
0.17899199999999998
0.254928
0.306456
0.3047870769230769
0.2436627692307692
0.15354092307692307
0.034630153846153845
-0.065088
-0.13038461538461538
-0.1783661538461538
-0.18942276923076923
-0.17419384615384614
-0.12788123076923075
-0.06028984615384615
0.002086153846153846
0.05382276923076923
0.06592246153846154
0.06195876923076923
0.05090215384615384
0.021070153846153846
0.0077187692307692304
-0.009179076923076922
-0.016063384615384615
0.001043076923076923
0.023990769230769232
0.07510153846153846
0.12725538461538463
0.1693956923076923
0.20798953846153845
0.21800307692307694
0.20298276923076922
0.16167692307692308
0.08219446153846154
-0.015228923076923076
-0.124752
-0.22718215384615387
-0.29227015384615385
-0.314592
-0.29331323076923077
-0.23886461538461537
-0.14582215384615385
-0.04214030769230769
0.050067692307692306
0.12224861538461537
0.14331876923076922
0.11411261538461538
0.03629907692307692
-0.06154153846153846
-0.15792184615384616
-0.24720923076923076
-0.30854215384615385
-0.33941723076923075
-0.3143833846153846
-0.23364923076923078
-0.12558646153846154
-0.009596307692307692
0.08761846153846153
0.16626646153846153
0.21967199999999998
0.23949046153846154
0.21967199999999998
0.1543753846153846
0.05924676923076923
-0.040262769230769234
-0.132888
-0.21049292307692305
-0.25242461538461536
-0.26076923076923075
-0.2292683076923077
-0.15687876923076924
-0.059872615384615385
0.04380923076923077
0.12934153846153845
0.18545907692307692
0.20381723076923075
0.1775316923076923
0.11911938461538461
0.04693846153846153
-0.03984553846153846
-0.12934153846153845
-0.20027076923076922
-0.23218892307692307
-0.21779446153846155
-0.16021661538461537
-0.07030338461538461
0.03755076923076923
0.15270646153846154
0.25200738461538463
0.33295015384615384
0.37321292307692305
0.3611132307692308
0.30416123076923074
0.214248
0.12287446153846153
0.028788923076923077
-0.05778646153846154
-0.12621230769230768
-0.1693956923076923
-0.17231630769230769
-0.14477907692307693
-0.0936683076923077
-0.04047138461538462
0.0077187692307692304
0.05653476923076922
0.0988836923076923
0.13372246153846154
0.14206707692307693
0.12850707692307692
0.0988836923076923
0.05298830769230769
0.003963692307692307
-0.05236246153846154
-0.11014892307692307
-0.16313723076923078
-0.20652923076923077
-0.22405292307692307
-0.21758584615384616
-0.18983999999999998
-0.1504116923076923
-0.10889723076923077
-0.05945538461538461
0.005424
0.086784
0.1693956923076923
0.23510953846153848
0.27975323076923075
0.30854215384615385
0.31751261538461534
0.3004061538461538
0.24887815384615386
0.16856123076923077
0.06216738461538462
-0.04672984615384615
-0.1353913846153846
-0.21132738461538458
-0.265776
-0.2887236923076923
-0.2774584615384615
-0.22300984615384614
-0.13226215384615383
-0.02482523076923077
0.07885661538461539
0.14999446153846155
0.19818461538461538
0.2225926153846154
0.2059033846153846
0.15833907692307692
0.06967753846153846
-0.042974769230769226
-0.15562707692307692
-0.2605606153846154
-0.3327415384615385
-0.37321292307692305
-0.3782196923076923
-0.33587076923076925
-0.254928
-0.13601723076923075
-0.005424
0.11265230769230769
0.20819815384615384
0.26869661538461537
0.3062473846153846
0.3170953846153846
0.2951907692307692
0.24741784615384615
0.17231630769230769
0.0880356923076923
0.01668923076923077
-0.037967999999999995
-0.07802215384615384
-0.10660246153846153
-0.12496061538461539
-0.11724184615384614
-0.08636676923076922
-0.03775938461538462
0.021070153846153846
0.06404492307692307
0.10117846153846152
0.14039815384615384
0.17315076923076922
0.19693292307692306
0.19588984615384614
0.1652233846153846
0.12558646153846154
0.09471138461538461
0.07927384615384615
0.05945538461538461
0.03775938461538462
0.017940923076923077
-0.002086153846153846
-0.013768615384615384
-0.02315630769230769
-0.031709538461538456
-0.0448523076923077
-0.05236246153846154
-0.03588184615384615
0.012099692307692308
0.073224
0.13935507692307691
0.19568123076923075
0.23907323076923076
0.273912
0.29227015384615385
0.28955815384615385
0.24053353846153847
0.15604430769230768
0.052153846153846155
-0.05069353846153846
-0.13267938461538462
-0.19860184615384616
-0.24574892307692306
-0.265776
-0.24574892307692306
-0.18399876923076922
-0.09992676923076924
-0.013560000000000001
0.07134646153846153
0.14269292307692305
0.18545907692307692
0.2140393846153846
0.2127876923076923
0.1785747692307692
0.11745046153846153
0.033169846153846154
-0.02858030769230769
-0.07677046153846154
-0.11536430769230768
-0.13852061538461538
-0.15833907692307692
-0.1531236923076923
-0.12934153846153845
-0.08365476923076923
-0.018358153846153843
0.042974769230769226
0.0936683076923077
0.13038461538461538
0.15750461538461538
0.17544553846153846
0.16876984615384616
0.12245723076923076
0.07030338461538461
0.020652923076923076
-0.017732307692307693
-0.04088861538461538
-0.08344615384615384
-0.1287156923076923
-0.16626646153846153
-0.17961784615384613
-0.16334584615384617
-0.1368516923076923
-0.10931446153846153
-0.09137353846153846
-0.06216738461538462
-0.006049846153846154
0.05590892307692308
0.11849353846153846
0.168144
0.19526400000000002
0.21237046153846154
0.20339999999999997
0.1733593846153846
0.11995384615384615
0.04047138461538462
-0.04088861538461538
-0.10994030769230768
-0.14978584615384616
-0.16480615384615382
-0.1656406153846154
-0.15291507692307693
-0.11828492307692307
-0.06133292307692308
0.006675692307692307
0.07468430769230769
0.12996738461538462
0.1614683076923077
0.17502830769230768
0.17461107692307692
0.16793538461538463
0.1476996923076923
0.0963803076923077
0.034630153846153845
-0.037967999999999995
-0.09554584615384615
-0.13247076923076923
-0.16167692307692308
-0.16501476923076921
-0.15228923076923076
-0.11306953846153844
-0.05590892307692308
0.005632615384615384
0.05778646153846154
0.09158215384615384
0.10639384615384614
0.09804923076923076
0.0855323076923077
0.05048492307692308
0.0018775384615384615
-0.05277969230769231
-0.10806276923076923
-0.13706030769230768
-0.14916
-0.13935507692307691
-0.12579507692307693
-0.10827138461538462
-0.08824430769230769
-0.06341907692307691
-0.04380923076923077
-0.051319384615384614
-0.06675692307692307
-0.11724184615384614
-0.15604430769230768
-0.16626646153846153
-0.1696043076923077
-0.14957723076923077
-0.12621230769230768
-0.10764553846153846
-0.06446215384615385
-0.0050067692307692304
0.10326461538461539
0.23615261538461538
0.2125790769230769
0.157296
0.09074769230769231
0.01043076923076923
0.03421292307692308
-0.09158215384615384
-0.2641070769230769
-0.3980381538461538
-0.48023261538461537
-0.3646596923076923
-0.2799618461538461
-0.1639716923076923
-0.07092923076923077
0.035255999999999996
0.2858030769230769
0.4449766153846154
0.5812024615384616
0.5538738461538462
0.40325353846153844
0.3133403076923077
0.1287156923076923
0.0077187692307692304
-0.14477907692307693
-0.3415033846153846
-0.39511753846153846
-0.48336184615384614
-0.43663199999999996
-0.28434276923076923
-0.17690584615384616
0.03379569230769231
0.15520984615384617
0.2371956923076923
0.3437981538461538
0.3550633846153846
0.40283630769230766
0.36632861538461536
0.2369870769230769
0.11974523076923077
-0.01814953846153846
-0.05611753846153846
-0.09179076923076923
-0.17315076923076922
-0.2225926153846154
-0.2655673846153846
-0.20423446153846153
-0.11703323076923078
-0.08052553846153847
-0.021696
-0.008344615384615384
0.032544
0.11953661538461538
0.14999446153846155
0.20131384615384615
0.2205064615384615
0.21237046153846154
0.24032492307692307
0.21049292307692305
0.15896492307692306
0.06905169230769231
-0.06529661538461538
-0.17023015384615386
-0.27975323076923075
-0.36027876923076924
-0.4049224615384615
-0.3972036923076923
-0.3216849230769231
-0.238656
-0.09012184615384615
0.07155507692307693
0.21174461538461536
0.3619476923076923
0.41660492307692304
0.42724430769230765
0.4007501538461538
0.2931046153846154
0.17252492307692308
0.008136
-0.1504116923076923
-0.26869661538461537
-0.371544
-0.40992923076923077
-0.41326707692307696
-0.3540203076923077
-0.20027076923076922
-0.040262769230769234
0.11473846153846154
0.22947692307692308
0.3127144615384615
0.4047138461538461
0.41723076923076924
0.36549415384615386
0.2415766153846154
0.07426707692307692
-0.037342153846153844
-0.15145476923076923
-0.23156307692307693
-0.25993476923076925
-0.2807963076923077
-0.23239753846153846
-0.15604430769230768
-0.07218092307692307
0.045895384615384616
0.12788123076923075
0.18921415384615384
0.2225926153846154
0.20715507692307691
0.18170399999999998
0.13226215384615383
0.09137353846153846
0.05069353846153846
0.012099692307692308
-0.003129230769230769
-0.03379569230769231
-0.030040615384615384
-0.015020307692307692
-0.013142769230769229
0.01043076923076923
0.003755076923076923
0.0077187692307692304
0.03337846153846154
0.035464615384615386
0.03713353846153846
0.025033846153846153
0.016480615384615385
0.04380923076923077
0.07572738461538461
0.09512861538461538
0.0988836923076923
0.09533723076923077
0.10409907692307692
0.09554584615384615
0.07697907692307693
0.043600615384615383
-0.013142769230769229
-0.06633969230769231
-0.12996738461538462
-0.17315076923076922
-0.18191261538461537
-0.16793538461538463
-0.10201292307692307
-0.030875076923076922
0.026285538461538457
0.09512861538461538
0.14060676923076923
0.18629353846153843
0.2056947692307692
0.15833907692307692
0.08991323076923076
0.016480615384615385
-0.035255999999999996
-0.06738276923076922
-0.100344
-0.11995384615384615
-0.12558646153846154
-0.09825784615384614
-0.045895384615384616
0.013560000000000001
0.07405846153846153
0.09450276923076922
0.10263876923076923
0.1045163076923077
0.08302892307692307
0.06967753846153846
0.03483876923076923
-0.011056615384615385
-0.05403138461538461
-0.11202646153846153
-0.1316363076923077
-0.1218313846153846
-0.10159569230769232
-0.07051199999999999
-0.04714707692307692
0.0008344615384615384
0.06529661538461538
0.12245723076923076
0.14665661538461539
0.12099692307692309
0.08386338461538462
0.05090215384615384
0.035255999999999996
0.03483876923076923
0.018983999999999997
0.005841230769230769
0.002086153846153846
0.015646153846153844
0.049233230769230765
0.05570030769230769
0.04631261538461538
0.030875076923076922
0.009804923076923077
0.007301538461538462
0.005632615384615384
0.008136
0.015228923076923076
0.016897846153846156
0.021278769230769233
0.026702769230769228
0.03233538461538461
0.02795446153846154
0.010848
-0.012099692307692308
-0.03483876923076923
-0.040679999999999994
-0.040054153846153843
-0.04693846153846153
-0.05236246153846154
-0.06154153846153846
-0.06300184615384616
-0.03567323076923076
0.010222153846153844
0.05799507692307692
0.09554584615384615
0.12037107692307693
0.1543753846153846
0.18191261538461537
0.1846246153846154
0.16584923076923075
0.10138707692307691
0.026911384615384615
-0.03483876923076923
-0.09137353846153846
-0.13601723076923075
-0.17169046153846151
-0.1779489230769231
-0.15813046153846153
-0.10493353846153847
-0.02357353846153846
0.056951999999999996
0.13768615384615385
0.200688
0.23469230769230767
0.23907323076923076
0.20381723076923075
0.13330523076923076
0.04526953846153846
-0.04714707692307692
-0.12829846153846153
-0.18253846153846154
-0.20465169230769228
-0.19526400000000002
-0.15291507692307693
-0.08302892307692307
0.0002086153846153846
0.0897046153846154
0.16897846153846155
0.2154996923076923
0.22843384615384613
0.21174461538461536
0.17982646153846152
0.13267938461538462
0.05528307692307692
-0.024408000000000003
-0.0974233846153846
-0.15208061538461537
-0.1706473846153846
-0.17815753846153848
-0.17315076923076922
-0.14749107692307692
-0.09846646153846153
-0.021904615384615383
0.05736923076923077
0.116616
0.14728246153846153
0.15291507692307693
0.14331876923076922
0.11974523076923077
0.08010830769230769
0.021278769230769233
-0.042348923076923076
-0.09241661538461539
-0.12704676923076924
-0.138312
-0.12788123076923075
-0.10117846153846152
-0.06341907692307691
-0.016063384615384615
0.040054153846153843
0.09283384615384616
0.132888
0.1504116923076923
0.15187199999999998
0.1356
0.09554584615384615
0.04276615384615385
-0.015854769230769228
-0.0826116923076923
-0.13935507692307691
-0.1802436923076923
-0.1948467692307692
-0.17648861538461538
-0.1504116923076923
-0.1097316923076923
-0.05528307692307692
0.003129230769230769
0.056951999999999996
0.09721476923076922
0.11014892307692307
0.09596307692307693
0.06487938461538462
0.010222153846153844
-0.05507446153846154
-0.12788123076923075
-0.20193969230769232
-0.25659692307692306
-0.2709913846153846
-0.24282830769230768
-0.18170399999999998
-0.09679753846153846
-0.008136
0.0826116923076923
0.16271999999999998
0.21779446153846155
0.24303692307692307
0.22342707692307692
0.17377661538461536
0.1045163076923077
0.02545107692307692
-0.03629907692307692
-0.07843938461538462
-0.10117846153846152
-0.09596307692307693
-0.06028984615384615
-0.007301538461538462
0.04547815384615384
0.08845292307692308
0.11265230769230769
0.11682461538461539
0.10660246153846153
0.08428061538461538
0.05027630769230769
0.009596307692307692
-0.030040615384615384
-0.05674338461538461
-0.05799507692307692
-0.04172307692307692
-0.020652923076923076
-0.0029206153846153843
0.004798153846153846
0.014185846153846153
0.014603076923076923
0.0
-0.02524246153846154
-0.06592246153846154
-0.09763200000000001
-0.11807630769230769
-0.12850707692307692
-0.11870215384615385
-0.10618523076923077
-0.08344615384615384
-0.045895384615384616
0.003129230769230769
0.06633969230769231
0.11974523076923077
0.15792184615384616
0.1718990769230769
0.15687876923076924
0.11557292307692307
0.05298830769230769
-0.024408000000000003
-0.10827138461538462
-0.1777403076923077
-0.21737723076923077
-0.22467876923076924
-0.2021483076923077
-0.14853415384615384
-0.07781353846153846
0.0035464615384615383
0.08615815384615384
0.15541846153846153
0.19818461538461538
0.20256553846153844
0.1693956923076923
0.119328
0.06571384615384615
0.022530461538461537
-0.014185846153846153
-0.056951999999999996
-0.0855323076923077
-0.10138707692307691
-0.09512861538461538
-0.0771876923076923
-0.056951999999999996
-0.03129230769230769
-0.00855323076923077
0.028371692307692306
0.06300184615384616
0.0853236923076923
0.09325107692307691
0.07510153846153846
0.05611753846153846
0.035464615384615386
0.00855323076923077
-0.021070153846153846
-0.06070707692307692
-0.0934596923076923
-0.12204
-0.13872923076923074
-0.14144123076923076
-0.13935507692307691
-0.13226215384615383
-0.12287446153846153
-0.11056615384615384
-0.08094276923076923
-0.03650769230769231
0.006258461538461538
0.05194523076923077
0.09387692307692307
0.13038461538461538
0.15103753846153847
0.14978584615384616
0.12433476923076923
0.07280676923076923
0.029206153846153847
0.002086153846153846
-0.01856676923076923
-0.023990769230769232
-0.029414769230769227
-0.020652923076923076
0.021904615384615383
0.08469784615384615
0.1597993846153846
0.22697353846153845
0.2764153846153846
0.3087507692307692
0.3143833846153846
0.2939390769230769
0.24282830769230768
0.15374953846153847
0.050067692307692306
-0.051528
-0.12141415384615384
-0.1597993846153846
-0.17732307692307692
-0.16480615384615382
-0.143736
-0.09304246153846155
-0.026285538461538457
0.031709538461538456
0.07280676923076923
0.07510153846153846
0.055491692307692304
0.03275261538461539
0.005632615384615384
-0.012099692307692308
-0.031918153846153846
-0.06967753846153846
-0.11140061538461538
-0.18086953846153844
-0.23469230769230767
-0.2845513846153846
-0.33357600000000004
-0.3665372307692307
-0.3917796923076923
-0.3565236923076923
-0.2726603076923077
-0.119328
0.11911938461538461
0.4211944615384615
0.6371113846153845
0.8298719999999999
0.9996849230769231
1.0553852307692309
1.0628953846153846
0.8532369230769231
0.520704
0.09012184615384615
-0.37967999999999996
-0.7522670769230769
-1.1236024615384614
-1.3534966153846153
-1.4628110769230767
-1.3687255384615384
-1.0192947692307692
-0.5484498461538461
0.06592246153846154
0.627515076923077
1.1089993846153847
1.4820036923076922
1.6132227692307692
1.5621120000000002
1.250857846153846
0.7514326153846154
0.19693292307692306
-0.4408043076923077
-0.9723563076923076
-1.3270024615384615
-1.5326972307692306
-1.4820036923076922
-1.275683076923077
-0.9168646153846153
-0.43350276923076925
0.07927384615384615
0.6369027692307692
1.0877206153846153
1.3685169230769232
1.4842984615384613
1.4100313846153847
1.2037107692307691
0.8363390769230769
0.35005661538461535
-0.16605784615384614
-0.6792516923076923
-1.0578886153846152
-1.2992566153846152
-1.3945938461538463
-1.3067667692307694
-1.0985686153846153
-0.7568566153846153
-0.3373310769230769
0.08240307692307691
0.5046406153846154
0.8630418461538462
1.127148923076923
1.3011341538461538
1.3299230769230768
1.225406769230769
0.9902972307692307
0.6431612307692307
0.21654276923076923
-0.24679199999999998
-0.6838412307692308
-1.0497526153846155
-1.2685901538461537
-1.3501587692307693
-1.2904947692307691
-1.0411993846153846
-0.6494196923076923
-0.15687876923076924
0.39282276923076925
0.8989236923076922
1.3055150769230768
1.5564793846153846
1.6128055384615383
1.4774141538461536
1.1286092307692306
0.6302270769230769
0.06487938461538462
-0.5173661538461538
-1.0347323076923076
-1.4267206153846155
-1.638465230769231
-1.644097846153846
-1.439028923076923
-1.0616436923076924
-0.5584633846153846
0.03421292307692308
0.6343993846153846
1.1484276923076921
1.502030769230769
1.6503563076923076
1.5744203076923076
1.3111476923076923
0.8897446153846154
0.37425600000000003
-0.15833907692307692
-0.659016
-1.038696
-1.269841846153846
-1.3455692307692309
-1.234377230769231
-0.9567101538461538
-0.5582547692307692
-0.09930092307692308
0.3542289230769231
0.7410018461538461
1.017
1.1669944615384615
1.1722098461538462
1.0480836923076924
0.7967021538461538
0.4451852307692308
0.06884307692307692
-0.3072904615384615
-0.6225083076923077
-0.8530283076923076
-1.0044830769230768
-1.0432855384615385
-0.9742338461538461
-0.804420923076923
-0.5578375384615384
-0.2768326153846154
0.011682461538461537
0.2851772307692308
0.5163230769230769
0.6880135384615385
0.7798043076923077
0.785436923076923
0.7149249230769231
0.5761956923076923
0.38990215384615384
0.17148184615384612
-0.04985907692307692
-0.273912
-0.48565661538461535
-0.647124923076923
-0.7533101538461537
-0.7718769230769231
-0.6988615384615385
-0.5661821538461538
-0.38301784615384615
-0.15395815384615386
0.11557292307692307
0.40325353846153844
0.6512972307692307
0.8150603076923078
0.8836947692307692
0.8540713846153847
0.7337003076923077
0.5394793846153846
0.2851772307692308
-0.018983999999999997
-0.327108923076923
-0.5816196923076923
-0.760403076923077
-0.8486473846153846
-0.841763076923077
-0.7489292307692308
-0.5751526153846154
-0.33962584615384617
-0.058829538461538454
0.2374043076923077
0.49274953846153846
0.6809206153846155
0.777300923076923
0.7820990769230769
0.7142990769230768
0.5724406153846154
0.36904061538461536
0.11953661538461538
-0.13351384615384615
-0.33378461538461535
-0.4539470769230769
-0.49546153846153845
-0.48649107692307686
-0.4291218461538462
-0.3269003076923077
-0.18650215384615382
-0.01397723076923077
0.1462393846153846
0.26535876923076923
0.34046030769230773
0.3826006153846154
0.4015846153846154
0.38426953846153844
0.3235624615384615
0.2290596923076923
0.1151556923076923
0.004798153846153846
-0.10159569230769232
-0.20360861538461536
-0.30270092307692303
-0.4015846153846154
-0.469176
-0.48941169230769227
-0.44956615384615384
-0.34984799999999994
-0.21174461538461536
-0.047981538461538464
0.11911938461538461
0.2709913846153846
0.3978295384615384
0.4733483076923077
0.4729310769230769
0.38927630769230764
0.23510953846153848
0.051319384615384614
-0.14457046153846154
-0.3294036923076923
-0.48023261538461537
-0.5991433846153846
-0.6515058461538462
-0.6202135384615385
-0.5138196923076923
-0.35568923076923076
-0.18379015384615385
0.0025033846153846152
0.1869193846153846
0.33899999999999997
0.4401784615384615
0.4564504615384615
0.3947003076923077
0.2776670769230769
0.12329169230769231
-0.034630153846153845
-0.18921415384615384
-0.3229366153846154
-0.39699507692307695
-0.39699507692307695
-0.33566215384615383
-0.2292683076923077
-0.09596307692307693
0.03859384615384615
0.15646153846153846
0.25054707692307693
0.3031181538461538
0.30019753846153846
0.2509643076923077
0.1693956923076923
0.08887015384615385
0.011682461538461537
-0.051528
-0.092208
-0.12308307692307692
-0.124752
-0.11452984615384615
-0.08636676923076922
-0.043392
-0.016480615384615385
0.003129230769230769
0.013351384615384614
0.023364923076923075
0.03296123076923077
0.035255999999999996
0.03629907692307692
0.02482523076923077
0.020027076923076922
0.03296123076923077
0.04631261538461538
0.05444861538461539
0.04672984615384615
0.03504738461538461
0.02753723076923077
0.016480615384615385
0.018983999999999997
0.021070153846153846
0.02044430769230769
0.037967999999999995
0.06404492307692307
0.11348676923076922
0.15875630769230767
0.17294215384615383
0.17231630769230769
0.15813046153846153
0.1424843076923077
0.11160923076923077
0.06800861538461538
0.022530461538461537
-0.033169846153846154
-0.07468430769230769
-0.09408553846153846
-0.103056
-0.09575446153846154
-0.08365476923076923
-0.06133292307692308
-0.010639384615384617
0.054240000000000003
0.11056615384615384
0.13747753846153846
0.1368516923076923
0.12308307692307692
0.08907876923076924
0.03921969230769231
-0.026494153846153844
-0.11348676923076922
-0.20402584615384614
-0.2707827692307692
-0.2814221538461538
-0.2517987692307692
-0.20339999999999997
-0.12579507692307693
-0.02899753846153846
0.08448923076923077
0.19755876923076923
0.2899753846153846
0.35965292307692304
0.3721698461538462
0.327108923076923
0.24595753846153845
0.13664307692307692
0.018775384615384614
-0.10722830769230769
-0.2225926153846154
-0.3022836923076923
-0.3225193846153846
-0.27474646153846155
-0.18650215384615382
-0.07218092307692307
0.05611753846153846
0.18379015384615385
0.30061476923076924
0.38948492307692306
0.43287692307692305
0.4147273846153846
0.33315876923076926
0.21466523076923077
0.073224
-0.08031692307692308
-0.21904615384615383
-0.33962584615384617
-0.4163963076923077
-0.4303735384615384
-0.385104
-0.2860116923076923
-0.15792184615384616
-0.015646153846153844
0.12120553846153845
0.2415766153846154
0.32898646153846156
0.36299076923076923
0.3392086153846154
0.2641070769230769
0.14957723076923077
0.013142769230769229
-0.13059323076923077
-0.25951753846153847
-0.34984799999999994
-0.401376
-0.4017932307692308
-0.35256
-0.2707827692307692
-0.16605784615384614
-0.05924676923076923
0.043600615384615383
0.13726892307692307
0.20465169230769228
0.24887815384615386
0.25972615384615383
0.2415766153846154
0.20339999999999997
0.14457046153846154
0.08115138461538463
0.011682461538461537
-0.06216738461538462
-0.12391753846153845
-0.16209415384615386
-0.16751815384615384
-0.1462393846153846
-0.10576799999999999
-0.037967999999999995
0.04214030769230769
0.13434830769230768
0.2261390769230769
0.2868461538461538
0.31646953846153847
0.2979027692307692
0.25555384615384613
0.20632061538461538
0.14123261538461537
0.07823076923076923
0.0035464615384615383
-0.06425353846153846
-0.10472492307692308
-0.12642092307692307
-0.12579507692307693
-0.11891076923076922
-0.10952307692307692
-0.086784
-0.055491692307692304
-0.013351384615384614
0.029832
0.06028984615384615
0.08636676923076922
0.10368184615384615
0.11828492307692307
0.12558646153846154
0.11056615384615384
0.08386338461538462
0.0448523076923077
0.013142769230769229
0.006258461538461538
0.005841230769230769
0.015854769230769228
0.024408000000000003
0.03379569230769231
0.048816000000000005
0.05924676923076923
0.07051199999999999
0.06467076923076923
0.055491692307692304
0.051319384615384614
0.056951999999999996
0.08156861538461539
0.10681107692307691
0.12391753846153845
0.1356
0.14164984615384615
0.14060676923076923
0.13622584615384614
0.11432123076923076
0.07635323076923077
0.03024923076923077
-0.011473846153846154
-0.03400430769230769
-0.046104
-0.05194523076923077
-0.06446215384615385
-0.08094276923076923
-0.08302892307692307
-0.06759138461538462
-0.04380923076923077
-0.021904615384615383
-0.005215384615384615
0.009596307692307692
0.024616615384615383
0.037342153846153844
0.03233538461538461
0.006258461538461538
-0.03713353846153846
-0.08156861538461539
-0.11432123076923076
-0.13309661538461537
-0.14874276923076923
-0.168144
-0.1794092307692308
-0.20423446153846153
-0.20152246153846154
-0.16793538461538463
-0.1178676923076923
-0.058829538461538454
-0.02044430769230769
0.013351384615384614
0.06321046153846153
0.10639384615384614
0.1927606153846154
0.29581661538461534
0.19192615384615386
0.05403138461538461
-0.07405846153846153
-0.19359507692307693
-0.13789476923076924
-0.25471938461538457
-0.3972036923076923
-0.4472713846153846
-0.4374664615384615
-0.18316430769230768
-0.016897846153846156
0.12120553846153845
0.17586276923076924
0.21320492307692307
0.4076344615384615
0.4685501538461538
0.5086043076923077
0.34066892307692304
0.06654830769230768
-0.058412307692307694
-0.23782153846153845
-0.26681907692307694
-0.32231076923076923
-0.4193169230769231
-0.3148006153846154
-0.2916443076923077
-0.146448
0.07259815384615384
0.1597993846153846
0.34275507692307694
0.36299076923076923
0.30583015384615386
0.3127144615384615
0.2125790769230769
0.19797599999999999
0.12308307692307692
-0.02586830769230769
-0.11140061538461538
-0.21195323076923075
-0.17377661538461536
-0.12975876923076923
-0.15500123076923078
-0.14603076923076924
-0.15646153846153846
-0.048816000000000005
0.07843938461538462
0.11160923076923077
0.1706473846153846
0.16313723076923078
0.1913003076923077
0.26911384615384615
0.25200738461538463
0.2697396923076923
0.25346769230769234
0.21716861538461538
0.24992123076923078
0.20319138461538463
0.1395636923076923
0.05194523076923077
-0.09429415384615383
-0.1858763076923077
-0.2751636923076923
-0.3350363076923077
-0.33607938461538456
-0.2716172307692308
-0.15354092307692307
-0.04380923076923077
0.11953661538461538
0.25764
0.35193415384615384
0.43058215384615384
0.38301784615384615
0.29581661538461534
0.18170399999999998
0.004798153846153846
-0.1422756923076923
-0.32189353846153845
-0.45707630769230767
-0.5025544615384615
-0.5282141538461538
-0.4750172307692308
-0.4053396923076923
-0.2858030769230769
-0.08073415384615384
0.10660246153846153
0.24574892307692306
0.2966510769230769
0.3187643076923077
0.34275507692307694
0.2872633846153846
0.1860849230769231
0.010848
-0.18191261538461537
-0.273912
-0.34630153846153844
-0.36027876923076924
-0.32648307692307693
-0.3141747692307692
-0.22113230769230768
-0.11494707692307692
-0.02858030769230769
0.07843938461538462
0.12600369230769232
0.15354092307692307
0.1506203076923077
0.10159569230769232
0.05277969230769231
-0.011682461538461537
-0.06967753846153846
-0.12099692307692309
-0.1639716923076923
-0.1783661538461538
-0.18149538461538461
-0.138312
-0.07802215384615384
-0.03129230769230769
0.03504738461538461
0.05590892307692308
0.08490646153846154
0.138312
0.14582215384615385
0.1476996923076923
0.1151556923076923
0.0826116923076923
0.103056
0.09992676923076924
0.08156861538461539
0.04318338461538461
-0.021070153846153846
-0.05799507692307692
-0.09199938461538461
-0.10430769230769231
-0.09930092307692308
-0.0934596923076923
-0.04819015384615385
-0.009179076923076922
0.03650769230769231
0.092208
0.12496061538461539
0.17523692307692307
0.168144
0.11640738461538462
0.06675692307692307
-0.010222153846153844
-0.0446436923076923
-0.07969107692307692
-0.14436184615384615
-0.18107815384615383
-0.20193969230769232
-0.17148184615384612
-0.09763200000000001
-0.043392
0.005632615384615384
0.038176615384615385
0.0771876923076923
0.1424843076923077
0.1721076923076923
0.17398523076923075
0.12725538461538463
0.06362769230769232
0.017315076923076923
-0.0448523076923077
-0.08010830769230769
-0.11703323076923078
-0.14832553846153845
-0.14811692307692306
-0.13872923076923074
-0.08031692307692308
0.0077187692307692304
0.08469784615384615
0.13768615384615385
0.15520984615384617
0.16167692307692308
0.16835261538461538
0.14728246153846153
0.08991323076923076
-0.010222153846153844
-0.11724184615384614
-0.17544553846153846
-0.18775384615384613
-0.1504116923076923
-0.10409907692307692
-0.059038153846153844
0.01940123076923077
0.116616
0.21633415384615384
0.26306399999999996
0.2605606153846154
0.23823876923076923
0.1913003076923077
0.14916
0.092208
0.015854769230769228
-0.03421292307692308
-0.05736923076923077
-0.043600615384615383
0.0077187692307692304
0.061124307692307686
0.11619876923076923
0.15500123076923078
0.17231630769230769
0.18921415384615384
0.19338646153846153
0.1846246153846154
0.14540492307692307
0.08428061538461538
0.021696
-0.03984553846153846
-0.07572738461538461
-0.09095630769230768
-0.09554584615384615
-0.08240307692307691
-0.04902461538461538
0.015020307692307692
0.10243015384615384
0.17961784615384613
0.23844738461538462
0.2601433846153846
0.24992123076923078
0.22405292307692307
0.15604430769230768
0.06717415384615384
-0.03108369230769231
-0.1218313846153846
-0.1706473846153846
-0.18545907692307692
-0.16418030769230768
-0.11306953846153844
-0.042348923076923076
0.033169846153846154
0.08907876923076924
0.12808984615384614
0.13914646153846155
0.11849353846153846
0.09053907692307692
0.04693846153846153
-0.007510153846153846
-0.06717415384615384
-0.1356
-0.17690584615384616
-0.18858830769230767
-0.18107815384615383
-0.1543753846153846
-0.13247076923076923
-0.10681107692307691
-0.08469784615384615
-0.06467076923076923
-0.029414769230769227
0.006258461538461538
0.044435076923076924
0.07113784615384615
0.0855323076923077
0.09700615384615385
0.11348676923076922
0.13080184615384613
0.12788123076923075
0.10535076923076922
0.07343261538461537
0.05319692307692307
0.04109723076923077
0.025033846153846153
0.0022947692307692304
-0.015228923076923076
-0.01043076923076923
0.013142769230769229
0.052153846153846155
0.08824430769230769
0.10994030769230768
0.127464
0.13330523076923076
0.12913292307692306
0.10889723076923077
0.06800861538461538
0.012099692307692308
-0.06070707692307692
-0.12683815384615382
-0.18525046153846153
-0.23844738461538462
-0.27558092307692306
-0.30207507692307695
-0.2914356923076923
-0.24053353846153847
-0.1696043076923077
-0.07656184615384615
0.003129230769230769
0.06863446153846153
0.11494707692307692
0.12808984615384614
0.13309661538461537
0.10493353846153847
0.04652123076923077
-0.015228923076923076
-0.07843938461538462
-0.12016246153846154
-0.14978584615384616
-0.15813046153846153
-0.13747753846153846
-0.10660246153846153
-0.04860738461538461
0.013768615384615384
0.0744756923076923
0.13372246153846154
0.16251138461538459
0.1846246153846154
0.18754523076923074
0.15959076923076923
0.12808984615384614
0.07343261538461537
0.011891076923076923
-0.03692492307692308
-0.07489292307692308
-0.08386338461538462
-0.08156861538461539
-0.07572738461538461
-0.05444861538461539
-0.024408000000000003
0.016897846153846156
0.06028984615384615
0.08761846153846153
0.10493353846153847
0.11098338461538461
0.11724184615384614
0.1178676923076923
0.10681107692307691
0.09784061538461537
0.08073415384615384
0.07843938461538462
0.09095630769230768
0.1028473846153846
0.11703323076923078
0.11181784615384616
0.09846646153846153
0.08448923076923077
0.05757784615384615
0.02586830769230769
-0.0070929230769230765
-0.028788923076923077
-0.029414769230769227
-0.013142769230769229
0.016897846153846156
0.05736923076923077
0.09158215384615384
0.11348676923076922
0.12934153846153845
0.13205353846153844
0.10076123076923077
0.03504738461538461
-0.04193169230769231
-0.12370892307692308
-0.20527753846153846
-0.276624
-0.3216849230769231
-0.33962584615384617
-0.33649661538461534
-0.2906012307692308
-0.19693292307692306
-0.07593599999999999
0.05382276923076923
0.16480615384615382
0.24345415384615382
0.2887236923076923
0.2862203076923077
0.23844738461538462
0.14394461538461537
0.02211323076923077
-0.10138707692307691
-0.2127876923076923
-0.2828824615384615
-0.3212676923076923
-0.33023815384615385
-0.30290953846153845
-0.24032492307692307
-0.14457046153846154
-0.044435076923076924
0.04172307692307692
0.0963803076923077
0.12412615384615384
0.14018953846153845
0.12725538461538463
0.08887015384615385
0.02586830769230769
-0.05486584615384615
-0.14060676923076923
-0.21466523076923077
-0.26160369230769226
-0.2805876923076923
-0.26097784615384617
-0.22488738461538463
-0.16584923076923075
-0.08469784615384615
-0.002086153846153846
0.07468430769230769
0.119328
0.14582215384615385
0.1612596923076923
0.16584923076923075
0.16438892307692307
0.14999446153846155
0.12391753846153845
0.10138707692307691
0.09429415384615383
0.08866153846153846
0.08386338461538462
0.05194523076923077
0.0035464615384615383
-0.04109723076923077
-0.08156861538461539
-0.09658892307692307
-0.10764553846153846
-0.09784061538461537
-0.06300184615384616
-0.016063384615384615
0.050067692307692306
0.11828492307692307
0.17481969230769231
0.20402584615384614
0.21237046153846154
0.19839323076923077
0.16897846153846155
0.1207883076923077
0.04547815384615384
-0.04193169230769231
-0.13247076923076923
-0.18983999999999998
-0.20360861538461536
-0.18149538461538461
-0.13497415384615385
-0.07030338461538461
0.007301538461538462
0.0936683076923077
0.19296923076923078
0.2774584615384615
0.3214763076923077
0.31626092307692305
0.2722430769230769
0.20006215384615383
0.11765907692307691
0.024199384615384616
-0.08010830769230769
-0.17815753846153848
-0.24762646153846155
-0.2666104615384615
-0.25200738461538463
-0.225096
-0.20965846153846154
-0.19192615384615386
-0.18316430769230768
-0.13768615384615385
-0.050067692307692306
0.048816000000000005
0.16689230769230767
0.23093723076923076
0.29915446153846154
0.3611132307692308
0.3942830769230769
0.3961606153846154
0.2822566153846154
0.1356
-0.0446436923076923
-0.18712800000000002
-0.2559710769230769
-0.3648683076923077
-0.3882332307692308
-0.37884553846153846
-0.29727692307692305
-0.10347323076923076
0.06028984615384615
0.2355267692307692
0.328152
0.4030449230769231
0.48857723076923076
0.47230523076923075
0.42724430769230765
0.27286892307692306
0.08511507692307693
-0.07218092307692307
-0.25346769230769234
-0.33962584615384617
-0.40972061538461535
-0.43663199999999996
-0.37550769230769226
-0.3081249230769231
-0.17461107692307692
-0.04985907692307692
0.054240000000000003
0.16751815384615384
0.208824
0.241368
0.25701415384615384
0.2480436923076923
0.2517987692307692
0.18754523076923074
0.10263876923076923
0.007301538461538462
-0.10493353846153847
-0.17440246153846153
-0.24470584615384613
-0.28663753846153844
-0.2768326153846154
-0.2221753846153846
-0.09825784615384614
0.030040615384615384
0.13455692307692307
0.21967199999999998
0.2705741538461538
0.31688676923076925
0.3152178461538461
0.24637476923076923
0.15187199999999998
0.03921969230769231
-0.04944184615384615
-0.12433476923076923
-0.21487384615384614
-0.29080984615384614
-0.35193415384615384
-0.35568923076923076
-0.301032
-0.21737723076923077
-0.08991323076923076
0.03421292307692308
0.16105107692307694
0.27704123076923076
0.3421292307692308
0.3646596923076923
0.3131316923076923
0.2157083076923077
0.09533723076923077
-0.040054153846153843
-0.12621230769230768
-0.17502830769230768
-0.20152246153846154
-0.18963138461538462
-0.15166338461538462
-0.061750153846153844
0.05507446153846154
0.1489513846153846
0.21028430769230766
0.22321846153846153
0.23782153846153845
0.25764
0.24908676923076922
0.21049292307692305
0.12433476923076923
0.04318338461538461
-0.012308307692307691
-0.05924676923076923
-0.0892873846153846
-0.12391753846153845
-0.14749107692307692
-0.13872923076923074
-0.11348676923076922
-0.05674338461538461
-0.003755076923076923
0.02232184615384615
0.0446436923076923
0.043600615384615383
0.04380923076923077
0.04526953846153846
0.024408000000000003
-0.004589538461538461
-0.04193169230769231
-0.06884307692307692
-0.07551876923076924
-0.06696553846153847
-0.03838523076923077
-0.022947692307692308
-0.018775384615384614
-0.011682461538461537
0.0
0.03400430769230769
0.06049846153846154
0.07948246153846153
0.09158215384615384
0.09992676923076924
0.12829846153846153
0.14311015384615386
0.14665661538461539
0.13330523076923076
0.09533723076923077
0.06675692307692307
0.03400430769230769
-0.004798153846153846
-0.05382276923076923
-0.10618523076923077
-0.12537784615384615
-0.11286092307692308
-0.08073415384615384
-0.042557538461538466
-0.0008344615384615384
0.05194523076923077
0.1097316923076923
0.15333230769230768
0.1800350769230769
0.17669723076923077
0.13893784615384613
0.0892873846153846
0.01981846153846154
-0.04526953846153846
-0.103056
-0.15124615384615384
-0.16251138461538459
-0.14457046153846154
-0.10389046153846154
-0.04672984615384615
0.015020307692307692
0.08094276923076923
0.1358086153846154
0.16856123076923077
0.19213476923076922
0.18379015384615385
0.14811692307692306
0.08699261538461538
0.007510153846153846
-0.06195876923076923
-0.12662953846153846
-0.16626646153846153
-0.19568123076923075
-0.20277415384615383
-0.1704387692307692
-0.1151556923076923
-0.03609046153846154
0.03024923076923077
0.08156861538461539
0.12788123076923075
0.15792184615384616
0.1706473846153846
0.14665661538461539
0.07656184615384615
0.0008344615384615384
-0.05382276923076923
-0.09262523076923077
-0.1205796923076923
-0.1368516923076923
-0.1341396923076923
-0.12412615384615384
-0.09512861538461538
-0.04860738461538461
-0.007510153846153846
0.015228923076923076
0.017315076923076923
0.02357353846153846
0.03296123076923077
0.03108369230769231
0.024408000000000003
0.012934153846153845
-0.0012516923076923076
-0.023364923076923075
-0.05194523076923077
-0.0717636923076923
-0.09262523076923077
-0.1151556923076923
-0.1397723076923077
-0.1504116923076923
-0.13059323076923077
-0.10368184615384615
-0.06905169230769231
-0.042974769230769226
-0.025659692307692307
-0.0018775384615384615
0.01940123076923077
0.04109723076923077
0.04756430769230769
0.03150092307692308
0.01397723076923077
0.010222153846153844
0.022947692307692308
0.03713353846153846
0.03400430769230769
0.030875076923076922
0.03692492307692308
0.04965046153846154
0.06717415384615384
0.06133292307692308
0.0446436923076923
0.026494153846153844
0.0077187692307692304
-0.0012516923076923076
-0.006675692307692307
-0.006258461538461538
-0.006884307692307692
-0.008136
-0.002086153846153846
0.01272553846153846
0.013560000000000001
0.0018775384615384615
-0.010013538461538461
-0.023990769230769232
-0.029414769230769227
-0.04276615384615385
-0.056951999999999996
-0.07510153846153846
-0.10117846153846152
-0.1205796923076923
-0.13101046153846155
-0.12662953846153846
-0.12370892307692308
-0.12162276923076921
-0.11077476923076923
-0.08657538461538461
-0.05090215384615384
-0.015228923076923076
0.010848
0.03212676923076923
0.05778646153846154
0.086784
0.1178676923076923
0.13226215384615383
0.12642092307692307
0.09971815384615385
0.06905169230769231
0.04944184615384615
0.02357353846153846
0.0002086153846153846
-0.020652923076923076
-0.03275261538461539
-0.02753723076923077
-0.0025033846153846152
0.03609046153846154
0.07656184615384615
0.11599015384615384
0.1435273846153846
0.1710646153846154
0.19985353846153847
0.21174461538461536
0.19672430769230767
0.14311015384615386
0.06487938461538462
-0.011682461538461537
-0.08511507692307693
-0.14916
-0.1977673846153846
-0.22175815384615383
-0.20173107692307693
-0.1435273846153846
-0.05090215384615384
0.04631261538461538
0.12224861538461537
0.17669723076923077
0.20256553846153844
0.20694646153846152
0.17669723076923077
0.1136953846153846
0.02044430769230769
-0.08740984615384616
-0.17461107692307692
-0.23510953846153848
-0.2588916923076923
-0.2582658461538461
-0.23615261538461538
-0.18337292307692307
-0.10514215384615383
-0.007301538461538462
0.08636676923076922
0.15625292307692307
0.19004861538461537
0.18754523076923074
0.15938215384615384
0.11327815384615383
0.06404492307692307
0.013560000000000001
-0.035464615384615386
-0.065088
-0.06717415384615384
-0.05048492307692308
-0.02524246153846154
-0.0029206153846153843
0.023364923076923075
0.058829538461538454
0.09658892307692307
0.12808984615384614
0.15228923076923076
0.16710092307692306
0.16856123076923077
0.16710092307692306
0.1543753846153846
0.13080184615384613
0.09283384615384616
0.044435076923076924
-0.002086153846153846
-0.03859384615384615
-0.06446215384615385
-0.09074769230769231
-0.10618523076923077
-0.11578153846153846
-0.10994030769230768
-0.07927384615384615
-0.04047138461538462
0.005424
0.05486584615384615
0.10159569230769232
0.14311015384615386
0.17481969230769231
0.19442953846153843
0.19505538461538463
0.16000799999999998
0.09304246153846155
0.020652923076923076
-0.054657230769230764
-0.11599015384615384
-0.16042523076923076
-0.1860849230769231
-0.17273353846153844
-0.1314276923076923
-0.05611753846153846
0.021696
0.08740984615384616
0.15333230769230768
0.20027076923076922
0.225096
0.21466523076923077
0.17481969230769231
0.11348676923076922
0.029414769230769227
-0.04819015384615385
-0.12141415384615384
-0.1856676923076923
-0.22488738461538463
-0.24303692307692307
-0.22530461538461538
-0.1856676923076923
-0.12558646153846154
-0.04631261538461538
0.02211323076923077
0.078648
0.10994030769230768
0.11974523076923077
0.10868861538461538
0.06821723076923077
0.015854769230769228
-0.05194523076923077
-0.12120553846153845
-0.17148184615384612
-0.20444307692307692
-0.20673784615384616
-0.1883796923076923
-0.16251138461538459
-0.12016246153846154
-0.073224
-0.023990769230769232
0.028163076923076923
0.06905169230769231
0.10430769230769231
0.13351384615384615
0.1449876923076923
0.14874276923076923
0.14582215384615385
0.13372246153846154
0.12350030769230769
0.10764553846153846
0.08574092307692306
0.06592246153846154
0.046104
0.03609046153846154
0.03421292307692308
0.02899753846153846
0.022530461538461537
0.021904615384615383
0.02795446153846154
0.03942830769230769
0.06279323076923077
0.09262523076923077
0.11745046153846153
0.14018953846153845
0.15646153846153846
0.16271999999999998
0.16209415384615386
0.13393107692307693
0.0988836923076923
0.06425353846153846
0.02023569230769231
-0.012099692307692308
-0.04214030769230769
-0.0609156923076923
-0.06258461538461538
-0.05298830769230769
-0.021696
0.016897846153846156
0.05277969230769231
0.08866153846153846
0.11223507692307692
0.12955015384615384
0.13706030769230768
0.12350030769230769
0.086784
0.032544
-0.028163076923076923
-0.08052553846153847
-0.11265230769230769
-0.13059323076923077
-0.13935507692307691
-0.14269292307692305
-0.13789476923076924
-0.11578153846153846
-0.08240307692307691
-0.06592246153846154
-0.06341907692307691
-0.06195876923076923
-0.051319384615384614
-0.045895384615384616
-0.04318338461538461
-0.04944184615384615
-0.07155507692307693
-0.06571384615384615
-0.05590892307692308
-0.03567323076923076
-0.027745846153846152
-0.03024923076923077
-0.03108369230769231
-0.014811692307692307
0.005215384615384615
0.07802215384615384
0.1779489230769231
0.08991323076923076
0.04214030769230769
0.0006258461538461538
-0.04088861538461538
0.014603076923076923
-0.09471138461538461
-0.17961784615384613
-0.28955815384615385
-0.3239796923076923
-0.1858763076923077
-0.12099692307692309
-0.01397723076923077
-0.0043809230769230765
0.05403138461538461
0.20506892307692307
0.28663753846153844
0.39365723076923076
0.28851507692307693
0.13476553846153844
0.04109723076923077
-0.086784
-0.08615815384615384
-0.15687876923076924
-0.2411593846153846
-0.22697353846153845
-0.2764153846153846
-0.17294215384615383
-0.024199384615384616
0.06529661538461538
0.21174461538461536
0.2303113846153846
0.25513661538461535
0.279336
0.24470584615384613
0.27286892307692306
0.19755876923076923
0.06884307692307692
-0.05486584615384615
-0.17377661538461536
-0.1873366153846154
-0.23239753846153846
-0.2912270769230769
-0.32085046153846153
-0.3392086153846154
-0.21758584615384616
-0.0853236923076923
0.0077187692307692304
0.10493353846153847
0.12767261538461538
0.20402584615384614
0.2807963076923077
0.2638984615384615
0.2342750769230769
0.11411261538461538
-0.011265230769230769
-0.06654830769230768
-0.13455692307692307
-0.1867107692307692
-0.25951753846153847
-0.31354892307692306
-0.3008233846153846
-0.2655673846153846
-0.18379015384615385
-0.09053907692307692
0.02858030769230769
0.14164984615384615
0.21487384615384614
0.32377107692307694
0.3882332307692308
0.4090947692307692
0.4024190769230769
0.30937661538461536
0.21487384615384614
0.10222153846153846
-0.01940123076923077
-0.10618523076923077
-0.22593046153846155
-0.3068732307692308
-0.3195987692307692
-0.28809784615384615
-0.1994363076923077
-0.12037107692307693
-0.018358153846153843
0.11578153846153846
0.24616615384615384
0.3538116923076923
0.376968
0.35798399999999997
0.31250584615384613
0.21675138461538462
0.11599015384615384
-0.016480615384615385
-0.1558356923076923
-0.241368
-0.30895938461538464
-0.30436984615384616
-0.2480436923076923
-0.19359507692307693
-0.09471138461538461
-0.012934153846153845
0.0771876923076923
0.1948467692307692
0.2695310769230769
0.31208861538461535
0.3039526153846154
0.2557624615384615
0.1800350769230769
0.08094276923076923
-0.0077187692307692304
-0.10889723076923077
-0.2059033846153846
-0.2858030769230769
-0.3342018461538461
-0.31104553846153843
-0.2563883076923077
-0.17419384615384614
-0.06613107692307692
0.012308307692307691
0.09596307692307693
0.1908830769230769
0.2509643076923077
0.2720344615384615
0.22989415384615383
0.1718990769230769
0.13810338461538463
0.09554584615384615
0.04819015384615385
-0.01668923076923077
-0.07885661538461539
-0.10493353846153847
-0.10660246153846153
-0.07843938461538462
-0.04985907692307692
-0.035255999999999996
-0.011891076923076923
0.005424
0.03984553846153846
0.07405846153846153
0.09450276923076922
0.12767261538461538
0.12287446153846153
0.10243015384615384
0.08323753846153846
0.04735569230769231
0.025033846153846153
-0.024616615384615383
-0.0988836923076923
-0.14811692307692306
-0.18337292307692307
-0.1869193846153846
-0.16751815384615384
-0.14728246153846153
-0.10597661538461538
-0.05173661538461538
0.020027076923076922
0.0961716923076923
0.14206707692307693
0.16418030769230768
0.15500123076923078
0.13372246153846154
0.10514215384615383
0.05111076923076923
0.0029206153846153843
-0.04547815384615384
-0.06613107692307692
-0.06195876923076923
-0.056326153846153845
-0.016480615384615385
0.03504738461538461
0.08740984615384616
0.119328
0.12266584615384615
0.119328
0.100344
0.06613107692307692
0.011682461538461537
-0.05736923076923077
-0.130176
-0.18399876923076922
-0.19505538461538463
-0.16897846153846155
-0.130176
-0.0828203076923077
-0.02524246153846154
0.031918153846153846
0.086784
0.10618523076923077
0.09179076923076923
0.04902461538461538
-0.03504738461538461
-0.12120553846153845
-0.19359507692307693
-0.2369870769230769
-0.23156307692307693
-0.19317784615384614
-0.1316363076923077
-0.050067692307692306
0.03859384615384615
0.13101046153846155
0.20819815384615384
0.24324553846153843
0.24616615384615384
0.23218892307692307
0.20778092307692309
0.1783661538461538
0.13914646153846155
0.07781353846153846
0.014185846153846153
-0.031918153846153846
-0.047772923076923074
-0.03400430769230769
-0.02023569230769231
-0.013142769230769229
-0.0012516923076923076
0.03880246153846154
0.09283384615384616
0.14540492307692307
0.16981292307692308
0.15416676923076922
0.12224861538461537
0.06946892307692307
0.023364923076923075
-0.02023569230769231
-0.0717636923076923
-0.12662953846153846
-0.16897846153846155
-0.17982646153846152
-0.16251138461538459
-0.12391753846153845
-0.09596307692307693
-0.07614461538461538
-0.054240000000000003
-0.013142769230769229
0.04547815384615384
0.09179076923076923
0.11348676923076922
0.10493353846153847
0.08866153846153846
0.07551876923076924
0.07134646153846153
0.06675692307692307
0.03692492307692308
-0.012934153846153845
-0.06195876923076923
-0.09554584615384615
-0.11181784615384616
-0.12975876923076923
-0.14728246153846153
-0.1397723076923077
-0.12016246153846154
-0.07551876923076924
-0.011891076923076923
0.03942830769230769
0.084072
0.12016246153846154
0.15875630769230767
0.18983999999999998
0.18858830769230767
0.1666836923076923
0.1178676923076923
0.05027630769230769
-0.012934153846153845
-0.06633969230769231
-0.10576799999999999
-0.13706030769230768
-0.15354092307692307
-0.14582215384615385
-0.09658892307692307
-0.015854769230769228
0.07238953846153846
0.15416676923076922
0.21612553846153845
0.2638984615384615
0.28392553846153845
0.2699483076923077
0.21633415384615384
0.12162276923076921
0.007510153846153846
-0.09429415384615383
-0.16689230769230767
-0.21028430769230766
-0.23677846153846152
-0.24345415384615382
-0.21925476923076925
-0.1733593846153846
-0.10597661538461538
-0.027120000000000002
0.03942830769230769
0.08073415384615384
0.103056
0.11765907692307691
0.12162276923076921
0.10681107692307691
0.08073415384615384
0.042974769230769226
0.005215384615384615
-0.011265230769230769
-0.017315076923076923
-0.016063384615384615
-0.022947692307692308
-0.03024923076923077
-0.024408000000000003
-0.017523692307692306
-0.0008344615384615384
0.01043076923076923
0.016272
0.026285538461538457
0.04860738461538461
0.09512861538461538
0.13893784615384613
0.16021661538461537
0.16105107692307694
0.1502030769230769
0.12391753846153845
0.07197230769230768
0.0002086153846153846
-0.08720123076923077
-0.18316430769230768
-0.26222953846153846
-0.3060387692307692
-0.30436984615384616
-0.2651501538461538
-0.20027076923076922
-0.11536430769230768
-0.006884307692307692
0.10806276923076923
0.20778092307692309
0.2805876923076923
0.30207507692307695
0.2782929230769231
0.2194633846153846
0.138312
0.043600615384615383
-0.06195876923076923
-0.14394461538461537
-0.17628
-0.1639716923076923
-0.10952307692307692
-0.03859384615384615
0.0448523076923077
0.13747753846153846
0.21320492307692307
0.2789187692307692
0.30666461538461537
0.29456492307692306
0.24554030769230767
0.16584923076923075
0.0855323076923077
0.0018775384615384615
-0.06341907692307691
-0.1136953846153846
-0.14290153846153844
-0.14060676923076923
-0.12829846153846153
-0.09262523076923077
-0.05382276923076923
-0.02023569230769231
0.007927384615384614
0.01814953846153846
0.029623384615384614
0.027328615384615382
0.011265230769230769
-0.025033846153846153
-0.07468430769230769
-0.1028473846153846
-0.1136953846153846
-0.09804923076923076
-0.06675692307692307
-0.042348923076923076
-0.016480615384615385
0.01272553846153846
0.04047138461538462
0.06258461538461538
0.06195876923076923
0.043600615384615383
0.024199384615384616
0.0025033846153846152
-0.009804923076923077
-0.026911384615384615
-0.04693846153846153
-0.04944184615384615
-0.03984553846153846
-0.015646153846153844
0.0043809230769230765
0.016063384615384615
0.018775384615384614
0.01043076923076923
0.005215384615384615
-0.0029206153846153843
-0.013768615384615384
-0.03400430769230769
-0.05736923076923077
-0.06633969230769231
-0.062376
-0.04819015384615385
-0.02858030769230769
-0.016272
0.007301538461538462
0.034630153846153845
0.05945538461538461
0.08344615384615384
0.08115138461538463
0.06049846153846154
0.02482523076923077
-0.009387692307692307
-0.027120000000000002
-0.026911384615384615
-0.010222153846153844
0.014185846153846153
0.03775938461538462
0.06654830769230768
0.09825784615384614
0.11703323076923078
0.12204
0.10535076923076922
0.08240307692307691
0.056951999999999996
0.03692492307692308
0.022947692307692308
0.0077187692307692304
0.00855323076923077
0.02858030769230769
0.06946892307692307
0.10389046153846154
0.12391753846153845
0.1368516923076923
0.13080184615384613
0.111192
0.08198584615384615
0.04088861538461538
-0.018983999999999997
-0.08198584615384615
-0.13455692307692307
-0.1712732307692308
-0.18858830769230767
-0.18712800000000002
-0.16313723076923078
-0.12266584615384615
-0.07572738461538461
-0.01981846153846154
0.035464615384615386
0.062376
0.05236246153846154
0.016272
-0.030875076923076922
-0.07343261538461537
-0.116616
-0.16835261538461538
-0.22634769230769228
-0.2845513846153846
-0.31000246153846156
-0.30270092307692303
-0.2557624615384615
-0.21320492307692307
-0.15959076923076923
-0.08699261538461538
-0.009596307692307692
0.08469784615384615
0.15959076923076923
0.31083692307692307
0.29185292307692307
0.20027076923076922
0.18066092307692305
0.06800861538461538
0.06529661538461538
-0.06487938461538462
-0.22697353846153845
-0.330864
-0.43976123076923074
-0.3137575384615385
-0.22572184615384616
-0.11181784615384616
0.0004172307692307692
0.09387692307692307
0.3540203076923077
0.5182006153846154
0.6704898461538461
0.6721587692307691
0.47376553846153846
0.33524492307692305
0.10827138461538462
-0.05653476923076922
-0.20402584615384614
-0.41618769230769226
-0.4355889230769231
-0.46771569230769233
-0.41577046153846153
-0.20110523076923076
-0.05757784615384615
0.1637630769230769
0.3039526153846154
0.36299076923076923
0.4372578461538461
0.3775938461538461
0.3536030769230769
0.28893230769230765
0.1356
0.004172307692307692
-0.14311015384615386
-0.1927606153846154
-0.20798953846153845
-0.2591003076923077
-0.25367630769230765
-0.2526332307692308
-0.17565415384615385
-0.040262769230769234
0.027745846153846152
0.11953661538461538
0.16480615384615382
0.20277415384615383
0.2858030769230769
0.28663753846153844
0.2914356923076923
0.27328615384615385
0.21028430769230766
0.19651569230769228
0.14957723076923077
0.07823076923076923
-0.006884307692307692
-0.11953661538461538
-0.19004861538461537
-0.2591003076923077
-0.3012406153846154
-0.2870547692307692
-0.22405292307692307
-0.10806276923076923
-0.019609846153846155
0.09053907692307692
0.21153599999999997
0.2868461538461538
0.36611999999999995
0.35986153846153845
0.28955815384615385
0.18483323076923078
0.02023569230769231
-0.11244369230769231
-0.2632726153846154
-0.3984553846153846
-0.46083138461538464
-0.4889944615384615
-0.4372578461538461
-0.3440067692307692
-0.21111876923076925
-0.015020307692307692
0.17169046153846151
0.3131316923076923
0.3844781538461538
0.40659138461538463
0.4222375384615385
0.3636166153846153
0.24303692307692307
0.09158215384615384
-0.09408553846153846
-0.20423446153846153
-0.2674449230769231
-0.2989458461538462
-0.24992123076923078
-0.1992276923076923
-0.10347323076923076
0.01981846153846154
0.11327815384615383
0.20715507692307691
0.2415766153846154
0.23677846153846152
0.2059033846153846
0.14123261538461537
0.07218092307692307
-0.02858030769230769
-0.10764553846153846
-0.14936861538461538
-0.173568
-0.15333230769230768
-0.13998092307692306
-0.1097316923076923
-0.06759138461538462
-0.043600615384615383
0.010848
0.029623384615384614
0.020652923076923076
0.027745846153846152
0.017523692307692306
0.009387692307692307
-0.02273907692307692
-0.06988615384615385
-0.07510153846153846
-0.07030338461538461
-0.058412307692307694
-0.04193169230769231
-0.035464615384615386
-0.011891076923076923
0.005841230769230769
0.02357353846153846
0.041514461538461535
0.04568676923076923
0.05653476923076922
0.03984553846153846
0.011265230769230769
0.0029206153846153843
-0.0070929230769230765
0.02044430769230769
0.04401784615384615
0.044435076923076924
0.06008123076923077
0.05173661538461538
0.07572738461538461
0.10076123076923077
0.07426707692307692
0.051528
0.024408000000000003
0.029832
0.058829538461538454
0.07051199999999999
0.07259815384615384
0.05090215384615384
0.041514461538461535
0.04714707692307692
0.044435076923076924
0.03984553846153846
0.0033378461538461535
-0.03838523076923077
-0.04756430769230769
-0.04318338461538461
-0.011891076923076923
0.009179076923076922
0.029623384615384614
0.06738276923076922
0.0934596923076923
0.14060676923076923
0.18107815384615383
0.1908830769230769
0.1656406153846154
0.10514215384615383
0.04860738461538461
0.0016689230769230767
-0.04130584615384615
-0.08240307692307691
-0.12537784615384615
-0.15604430769230768
-0.14978584615384616
-0.103056
-0.026494153846153844
0.03629907692307692
0.08740984615384616
0.154584
0.22530461538461538
0.30249230769230767
0.34066892307692304
0.3291950769230769
0.2897667692307692
0.222384
0.15479261538461536
0.07134646153846153
-0.035255999999999996
-0.14123261538461537
-0.22947692307692308
-0.2774584615384615
-0.27474646153846155
-0.235944
-0.1693956923076923
-0.0961716923076923
-0.015020307692307692
0.08386338461538462
0.16981292307692308
0.23072861538461537
0.24011630769230768
0.20506892307692307
0.14331876923076922
0.05444861538461539
-0.03984553846153846
-0.14164984615384615
-0.24011630769230768
-0.31897292307692304
-0.36799753846153843
-0.35860984615384617
-0.29727692307692305
-0.2075723076923077
-0.10222153846153846
-0.004589538461538461
0.09429415384615383
0.1913003076923077
0.2578486153846154
0.28204799999999997
0.25138153846153843
0.1829556923076923
0.10222153846153846
0.014185846153846153
-0.06821723076923077
-0.14415323076923076
-0.2056947692307692
-0.2303113846153846
-0.22697353846153845
-0.1942209230769231
-0.15145476923076923
-0.12162276923076921
-0.09012184615384615
-0.05653476923076922
-0.02273907692307692
-0.003963692307692307
-0.01272553846153846
-0.01814953846153846
-0.021070153846153846
-0.026702769230769228
-0.024408000000000003
-0.029623384615384614
-0.032544
-0.045060923076923075
-0.06946892307692307
-0.08907876923076924
-0.11327815384615383
-0.13789476923076924
-0.16876984615384616
-0.19839323076923077
-0.2125790769230769
-0.20047938461538461
-0.15625292307692307
-0.09262523076923077
-0.017732307692307693
0.06425353846153846
0.14728246153846153
0.22426153846153846
0.2828824615384615
0.2947735384615384
0.2588916923076923
0.1860849230769231
0.10138707692307691
0.017523692307692306
-0.06258461538461538
-0.12308307692307692
-0.16167692307692308
-0.16647507692307692
-0.13226215384615383
-0.06905169230769231
0.005215384615384615
0.08219446153846154
0.14832553846153845
0.20548615384615385
0.2415766153846154
0.24032492307692307
0.21362215384615382
0.16084246153846155
0.10201292307692307
0.040679999999999994
-0.017940923076923077
-0.05736923076923077
-0.08636676923076922
-0.10076123076923077
-0.08302892307692307
-0.03358707692307692
0.02586830769230769
0.0826116923076923
0.12934153846153845
0.1666836923076923
0.1794092307692308
0.17273353846153844
0.15833907692307692
0.12412615384615384
0.08365476923076923
0.03567323076923076
-0.003129230769230769
-0.01940123076923077
-0.03024923076923077
-0.03212676923076923
-0.03024923076923077
-0.021487384615384613
0.009179076923076922
0.03650769230769231
0.06154153846153846
0.09283384615384616
0.10827138461538462
0.11348676923076922
0.10201292307692307
0.0826116923076923
0.06154153846153846
0.02315630769230769
-0.024408000000000003
-0.06341907692307691
-0.08428061538461538
-0.0853236923076923
-0.06800861538461538
-0.03921969230769231
0.003963692307692307
0.051319384615384614
0.09804923076923076
0.13434830769230768
0.14832553846153845
0.13998092307692306
0.10618523076923077
0.06404492307692307
0.015020307692307692
-0.03984553846153846
-0.09784061538461537
-0.14707384615384617
-0.17169046153846151
-0.17815753846153848
-0.16897846153846155
-0.13789476923076924
-0.09053907692307692
-0.03442153846153846
0.031709538461538456
0.08469784615384615
0.10931446153846153
0.10493353846153847
0.0771876923076923
0.023782153846153845
-0.04693846153846153
-0.11452984615384615
-0.1760713846153846
-0.23010276923076922
-0.26765353846153844
-0.26535876923076923
-0.2238443076923077
-0.16856123076923077
-0.09930092307692308
-0.026494153846153844
0.04631261538461538
0.11578153846153846
0.168144
0.21007569230769232
0.21737723076923077
0.19755876923076923
0.16271999999999998
0.11140061538461538
0.056951999999999996
-0.007301538461538462
-0.07051199999999999
-0.12621230769230768
-0.15771323076923077
-0.15792184615384616
-0.14185846153846154
-0.11181784615384616
-0.07885661538461539
-0.03233538461538461
0.02211323076923077
0.07384984615384615
0.12850707692307692
0.15938215384615384
0.15333230769230768
0.13121907692307694
0.10243015384615384
0.05528307692307692
-0.014185846153846153
-0.09596307692307693
-0.17419384615384614
-0.24741784615384615
-0.287472
-0.28893230769230765
-0.25972615384615383
-0.1927606153846154
-0.10535076923076922
0.011473846153846154
0.13747753846153846
0.2540935384615385
0.3490135384615385
0.3903193846153846
0.38885907692307686
0.3456756923076923
0.26494153846153845
0.16334584615384617
0.044435076923076924
-0.07280676923076923
-0.1712732307692308
-0.22801661538461537
-0.23469230769230767
-0.20632061538461538
-0.1502030769230769
-0.06279323076923077
0.05716061538461538
0.1942209230769231
0.31188
0.38927630769230764
0.4205686153846153
0.3988726153846154
0.34651015384615386
0.2641070769230769
0.15562707692307692
0.03024923076923077
-0.10055261538461538
-0.1883796923076923
-0.23052
-0.2355267692307692
-0.2056947692307692
-0.15187199999999998
-0.08031692307692308
-0.003755076923076923
0.07593599999999999
0.15145476923076923
0.20402584615384614
0.21842030769230766
0.19714153846153845
0.15833907692307692
0.1207883076923077
0.0853236923076923
0.04526953846153846
-0.010848
-0.06571384615384615
-0.09491999999999999
-0.10868861538461538
-0.11828492307692307
-0.138312
-0.16876984615384616
-0.18963138461538462
-0.1881710769230769
-0.15938215384615384
-0.12329169230769231
-0.11348676923076922
-0.13267938461538462
-0.1718990769230769
-0.21529107692307692
-0.29101846153846156
-0.3410861538461538
-0.31041969230769234
-0.23469230769230767
-0.059872615384615385
0.16334584615384617
0.4115981538461538
0.6744535384615383
0.8645021538461538
1.0049003076923078
1.013244923076923
0.8215273846153847
0.5513704615384615
0.2209236923076923
-0.10263876923076923
-0.36549415384615386
-0.6074879999999999
-0.7364123076923076
-0.7670787692307692
-0.6627710769230769
-0.4470627692307692
-0.21007569230769232
0.061124307692307686
0.25200738461538463
0.4159790769230769
0.5021372307692308
0.4541556923076923
0.37967999999999996
0.15520984615384617
-0.08177723076923075
-0.25701415384615384
-0.42265476923076917
-0.42995630769230764
-0.38656430769230765
-0.2883064615384615
-0.12808984615384614
-0.05090215384615384
0.040262769230769234
0.10117846153846152
0.08887015384615385
0.07405846153846153
-0.004589538461538461
-0.042974769230769226
-0.010222153846153844
0.07489292307692308
0.24199384615384617
0.34317230769230767
0.37780246153846153
0.34880492307692307
0.241368
0.1358086153846154
-0.037342153846153844
-0.23052
-0.3947003076923077
-0.5638873846153847
-0.6214652307692308
-0.6225083076923077
-0.6018553846153846
-0.5063095384615385
-0.40095876923076923
-0.22697353846153845
0.005841230769230769
0.23469230769230767
0.46625538461538457
0.601020923076923
0.6097827692307692
0.5040147692307693
0.28017046153846153
-0.010639384615384617
-0.36299076923076923
-0.695940923076923
-0.9323021538461538
-1.0311858461538461
-0.9304246153846154
-0.6809206153846155
-0.31500923076923076
0.09304246153846155
0.4620830769230769
0.8035864615384616
1.018043076923077
1.0754123076923077
1.0009366153846153
0.7871058461538462
0.5146541538461539
0.21842030769230766
-0.058829538461538454
-0.28476
-0.4725138461538462
-0.5805766153846154
-0.5962227692307692
-0.5140283076923077
-0.33253292307692306
-0.10868861538461538
0.12558646153846154
0.3314898461538462
0.47668615384615387
0.561384
0.5505359999999999
0.46375199999999994
0.32648307692307693
0.13080184615384613
-0.04214030769230769
-0.17002153846153847
-0.24637476923076923
-0.24574892307692306
-0.22572184615384616
-0.1656406153846154
-0.07426707692307692
0.006675692307692307
0.07781353846153846
0.09512861538461538
0.078648
0.06216738461538462
0.047981538461538464
0.05194523076923077
0.06362769230769232
0.08031692307692308
0.09679753846153846
0.12975876923076923
0.19317784615384614
0.23406646153846156
0.2369870769230769
0.1923433846153846
0.10514215384615383
0.013351384615384614
-0.09179076923076923
-0.1942209230769231
-0.2789187692307692
-0.3550633846153846
-0.3682061538461538
-0.301032
-0.18253846153846154
-0.02753723076923077
0.12579507692307693
0.26222953846153846
0.36445107692307693
0.4174393846153846
0.40888615384615384
0.3225193846153846
0.1710646153846154
-0.025033846153846153
-0.22572184615384616
-0.3838523076923077
-0.4877427692307692
-0.5238332307692307
-0.49045476923076925
-0.41034646153846155
-0.25930892307692305
-0.059872615384615385
0.13247076923076923
0.29832
0.38698153846153843
0.41535323076923075
0.4082603076923077
0.3510996923076923
0.2751636923076923
0.15604430769230768
0.012516923076923077
-0.1028473846153846
-0.17732307692307692
-0.18712800000000002
-0.16105107692307694
-0.12016246153846154
-0.06279323076923077
-0.002086153846153846
0.06633969230769231
0.10952307692307692
0.1097316923076923
0.08031692307692308
0.006258461538461538
-0.06028984615384615
-0.09867507692307692
-0.12537784615384615
-0.12141415384615384
-0.10368184615384615
-0.05069353846153846
0.04088861538461538
0.1449876923076923
0.2674449230769231
0.37091815384615384
0.41389292307692305
0.3972036923076923
0.3252313846153846
0.22572184615384616
0.09679753846153846
-0.06800861538461538
-0.22342707692307692
-0.3448412307692308
-0.4042966153846154
-0.38698153846153843
-0.3062473846153846
-0.17544553846153846
-0.03233538461538461
0.11327815384615383
0.24345415384615382
0.3187643076923077
0.32272799999999996
0.2411593846153846
0.10409907692307692
-0.05528307692307692
-0.2207150769230769
-0.360696
-0.47021907692307696
-0.5252935384615384
-0.49733907692307694
-0.40888615384615384
-0.2720344615384615
-0.1070196923076923
0.06321046153846153
0.21737723076923077
0.31813846153846154
0.3692492307692308
0.36382523076923073
0.309168
0.21487384615384614
0.08594953846153845
-0.028163076923076923
-0.11870215384615385
-0.1656406153846154
-0.16105107692307694
-0.11807630769230769
-0.03421292307692308
0.06905169230769231
0.16459753846153846
0.2482523076923077
0.30436984615384616
0.3216849230769231
0.3114627692307692
0.26348123076923075
0.19839323076923077
0.11494707692307692
0.023990769230769232
-0.04276615384615385
-0.08323753846153846
-0.08845292307692308
-0.07155507692307693
-0.03421292307692308
0.017732307692307693
0.05924676923076923
0.08574092307692306
0.0892873846153846
0.05778646153846154
0.009387692307692307
-0.04526953846153846
-0.09450276923076922
-0.11703323076923078
-0.12662953846153846
-0.10910584615384614
-0.07030338461538461
-0.02357353846153846
0.04631261538461538
0.11724184615384614
0.17252492307692308
0.20047938461538461
0.19755876923076923
0.17023015384615386
0.12120553846153845
0.06341907692307691
0.005632615384615384
-0.05298830769230769
-0.09095630769230768
-0.09679753846153846
-0.08428061538461538
-0.051528
-0.015854769230769228
0.02086153846153846
0.043392
0.051319384615384614
0.05799507692307692
0.03755076923076923
0.0029206153846153843
-0.03984553846153846
-0.08073415384615384
-0.10096984615384616
-0.10764553846153846
-0.09283384615384616
-0.06571384615384615
-0.035255999999999996
0.003755076923076923
0.037967999999999995
0.06341907692307691
0.06967753846153846
0.04526953846153846
0.008970461538461538
-0.04088861538461538
-0.0897046153846154
-0.13518276923076925
-0.17419384615384614
-0.18796246153846152
-0.1846246153846154
-0.1476996923076923
-0.08991323076923076
-0.026911384615384615
0.028163076923076923
0.05924676923076923
0.06800861538461538
0.06258461538461538
0.042557538461538466
0.0002086153846153846
-0.05611753846153846
-0.12454338461538461
-0.17815753846153848
-0.20778092307692309
-0.22029784615384615
-0.21028430769230766
-0.18942276923076923
-0.1462393846153846
-0.08198584615384615
-0.011473846153846154
0.06154153846153846
0.1070196923076923
0.13247076923076923
0.14123261538461537
0.13205353846153844
0.12350030769230769
0.10347323076923076
0.08699261538461538
0.07677046153846154
0.07218092307692307
0.086784
0.1028473846153846
0.11849353846153846
0.12683815384615382
0.12245723076923076
0.12016246153846154
0.10368184615384615
0.07426707692307692
0.031709538461538456
-0.022947692307692308
-0.06800861538461538
-0.0974233846153846
-0.10180430769230768
-0.08615815384615384
-0.05570030769230769
-0.01668923076923077
0.021070153846153846
0.05820369230769231
0.07948246153846153
0.0678
0.02482523076923077
-0.052571076923076915
-0.14018953846153845
-0.21862892307692305
-0.2776670769230769
-0.2985286153846154
-0.2868461538461538
-0.23156307692307693
-0.13622584615384614
-0.01981846153846154
0.1028473846153846
0.2021483076923077
0.27599815384615384
0.3225193846153846
0.3373310769230769
0.31667815384615383
0.25430215384615384
0.1639716923076923
0.053614153846153846
-0.059872615384615385
-0.15541846153846153
-0.2238443076923077
-0.26076923076923075
-0.2632726153846154
-0.2238443076923077
-0.1395636923076923
-0.018358153846153843
0.119328
0.24637476923076923
0.3410861538461538
0.39762092307692304
0.4134756923076923
0.3838523076923077
0.30019753846153846
0.16772676923076923
0.0070929230769230765
-0.15374953846153847
-0.28434276923076923
-0.3717526153846154
-0.41973415384615387
-0.4297476923076923
-0.3957433846153846
-0.32001599999999997
-0.214248
-0.09763200000000001
0.013768615384615384
0.103056
0.16480615384615382
0.2073636923076923
0.23218892307692307
0.22447015384615385
0.17732307692307692
0.10347323076923076
0.0014603076923076922
-0.10681107692307691
-0.20110523076923076
-0.2774584615384615
-0.3252313846153846
-0.3473446153846154
-0.3294036923076923
-0.26535876923076923
-0.17690584615384616
-0.07405846153846153
0.030040615384615384
0.127464
0.21132738461538458
0.2753723076923077
0.3152178461538461
0.3160523076923077
0.2749550769230769
0.20256553846153844
0.12162276923076921
0.03567323076923076
-0.04902461538461538
-0.127464
-0.19797599999999999
-0.23636123076923077
-0.23281476923076924
-0.1787833846153846
-0.092208
0.003963692307692307
0.11411261538461538
0.2157083076923077
0.30583015384615386
0.3738387692307692
0.39866399999999996
0.38072307692307694
0.3114627692307692
0.22697353846153845
0.13747753846153846
0.04214030769230769
-0.053614153846153846
-0.15208061538461537
-0.21487384615384614
-0.24408
-0.2342750769230769
-0.18983999999999998
-0.130176
-0.05298830769230769
0.02586830769230769
0.10180430769230768
0.16981292307692308
0.21237046153846154
0.22488738461538463
0.21153599999999997
0.17023015384615386
0.11056615384615384
0.029414769230769227
-0.05716061538461538
-0.13768615384615385
-0.2073636923076923
-0.23615261538461538
-0.2330233846153846
-0.20006215384615383
-0.15208061538461537
-0.10493353846153847
-0.04714707692307692
0.024616615384615383
0.09450276923076922
0.12412615384615384
0.1368516923076923
0.11640738461538462
0.07697907692307693
0.06800861538461538
0.07468430769230769
0.11411261538461538
0.13664307692307692
0.132888
0.1424843076923077
0.15917353846153848
0.1783661538461538
0.1693956923076923
0.11056615384615384
0.04860738461538461
-0.015646153846153844
-0.058412307692307694
-0.10743692307692307
-0.18900553846153845
-0.23469230769230767
-0.30833353846153844
-0.3212676923076923
-0.2772498461538462
-0.22655630769230767
-0.11390399999999999
-0.02273907692307692
0.09992676923076924
0.20715507692307691
0.25534523076923077
0.28893230769230765
0.24574892307692306
0.18316430769230768
0.0936683076923077
-0.008761846153846153
-0.06717415384615384
-0.11223507692307692
-0.10263876923076923
-0.05528307692307692
0.005215384615384615
0.0988836923076923
0.17085599999999998
0.22780799999999998
0.26097784615384617
0.24074215384615386
0.23761292307692305
0.22029784615384615
0.21049292307692305
0.21487384615384614
0.17502830769230768
0.14060676923076923
0.09158215384615384
0.04380923076923077
-0.0002086153846153846
-0.07280676923076923
-0.12454338461538461
-0.1424843076923077
-0.12725538461538463
-0.09450276923076922
-0.07301538461538462
-0.05945538461538461
-0.061124307692307686
-0.05757784615384615
-0.04088861538461538
-0.02899753846153846
-0.003963692307692307
0.02795446153846154
0.07197230769230768
0.1341396923076923
0.168144
0.16480615384615382
0.12412615384615384
0.03713353846153846
-0.05820369230769231
-0.1666836923076923
-0.26723630769230766
-0.33315876923076926
-0.3604873846153846
-0.3193901538461538
-0.22572184615384616
-0.08824430769230769
0.06279323076923077
0.19588984615384614
0.31000246153846156
0.376968
0.3949089230769231
0.3826006153846154
0.3210590769230769
0.21362215384615382
0.07572738461538461
-0.07489292307692308
-0.19192615384615386
-0.27871015384615383
-0.3275261538461538
-0.32731753846153844
-0.29414769230769233
-0.19839323076923077
-0.054657230769230764
0.08907876923076924
0.22113230769230768
0.31250584615384613
0.36778892307692307
0.3826006153846154
0.33941723076923075
0.2643156923076923
0.14916
0.021487384615384613
-0.09095630769230768
-0.17002153846153847
-0.19651569230769228
-0.19964492307692308
-0.17252492307692308
-0.11953661538461538
-0.06154153846153846
0.005841230769230769
0.06028984615384615
0.10076123076923077
0.12767261538461538
0.11745046153846153
0.10138707692307691
0.0826116923076923
0.050067692307692306
0.017940923076923077
-0.023364923076923075
-0.056951999999999996
-0.06675692307692307
-0.054657230769230764
-0.02023569230769231
0.021904615384615383
0.05194523076923077
0.07405846153846153
0.09262523076923077
0.10201292307692307
0.10201292307692307
0.08177723076923075
0.04756430769230769
0.008136
-0.019609846153846155
-0.03108369230769231
-0.041514461538461535
-0.042557538461538466
-0.04088861538461538
-0.028163076923076923
-0.012099692307692308
-0.020027076923076922
-0.03921969230769231
-0.07280676923076923
-0.10848000000000001
-0.13309661538461537
-0.15604430769230768
-0.17085599999999998
-0.18086953846153844
-0.18128676923076922
-0.1706473846153846
-0.15520984615384617
-0.13914646153846155
-0.13998092307692306
-0.14686523076923075
-0.15667015384615385
-0.17502830769230768
-0.18399876923076922
-0.1913003076923077
-0.1883796923076923
-0.1693956923076923
-0.13706030769230768
-0.07969107692307692
-0.014185846153846153
0.046104
0.08949599999999999
0.09763200000000001
0.07280676923076923
0.026494153846153844
-0.024408000000000003
-0.07051199999999999
-0.11223507692307692
-0.13351384615384615
-0.12350030769230769
-0.08344615384615384
-0.016897846153846156
0.061124307692307686
0.1506203076923077
0.24199384615384617
0.31855569230769226
0.37237846153846155
0.37613353846153846
0.32877784615384614
0.2480436923076923
0.13893784615384613
0.023990769230769232
-0.09325107692307691
-0.20924123076923076
-0.28955815384615385
-0.3369138461538461
-0.3344104615384615
-0.27474646153846155
-0.17711446153846155
-0.04526953846153846
0.08699261538461538
0.20632061538461538
0.29581661538461534
0.3387913846153846
0.33712246153846154
0.2832996923076923
0.19171753846153847
0.08135999999999999
-0.03400430769230769
-0.130176
-0.2073636923076923
-0.2582658461538461
-0.2712
-0.24866953846153847
-0.17648861538461538
-0.07259815384615384
0.03421292307692308
0.12308307692307692
0.1783661538461538
0.21070153846153844
0.2194633846153846
0.1992276923076923
0.15145476923076923
0.08949599999999999
0.02586830769230769
-0.02524246153846154
-0.05528307692307692
-0.07697907692307693
-0.08574092307692306
-0.07843938461538462
-0.051319384615384614
-0.008136
0.03671630769230769
0.07238953846153846
0.08887015384615385
0.0936683076923077
0.08594953846153845
0.08177723076923075
0.084072
0.08135999999999999
0.07468430769230769
0.06404492307692307
0.058412307692307694
0.04756430769230769
0.026494153846153844
0.0018775384615384615
-0.031918153846153846
-0.06946892307692307
-0.10326461538461539
-0.13184492307692308
-0.15374953846153847
-0.1712732307692308
-0.17502830769230768
-0.15833907692307692
-0.12016246153846154
-0.061124307692307686
-0.0014603076923076922
0.054657230769230764
0.103056
0.13351384615384615
0.14665661538461539
0.1397723076923077
0.10806276923076923
0.04965046153846154
-0.026494153846153844
-0.09679753846153846
-0.14916
-0.18274707692307693
-0.19380369230769232
-0.1802436923076923
-0.13872923076923074
-0.07635323076923077
-0.001043076923076923
0.08740984615384616
0.17294215384615383
0.23782153846153845
0.2751636923076923
0.28267384615384616
0.2695310769230769
0.22405292307692307
0.14665661538461539
0.051528
-0.044435076923076924
-0.12537784615384615
-0.1829556923076923
-0.21237046153846154
-0.21508246153846153
-0.18858830769230767
-0.14457046153846154
-0.08740984615384616
-0.03609046153846154
-0.002086153846153846
0.02211323076923077
0.03108369230769231
0.03400430769230769
0.025033846153846153
-0.006675692307692307
-0.042557538461538466
-0.07802215384615384
-0.10889723076923077
-0.12996738461538462
-0.14164984615384615
-0.1341396923076923
-0.1136953846153846
-0.07927384615384615
-0.02795446153846154
0.028163076923076923
0.08135999999999999
0.12120553846153845
0.14144123076923076
0.14853415384615384
0.14540492307692307
0.130176
0.10931446153846153
0.08866153846153846
0.07843938461538462
0.07760492307692309
0.09909230769230769
0.1353913846153846
0.1710646153846154
0.19964492307692308
0.20486030769230767
0.19359507692307693
0.1612596923076923
0.11140061538461538
0.049233230769230765
-0.015020307692307692
-0.06550523076923077
-0.09658892307692307
-0.10180430769230768
-0.0892873846153846
-0.05757784615384615
-0.006675692307692307
0.06008123076923077
0.132888
0.1908830769230769
0.22342707692307692
0.21925476923076925
0.1860849230769231
0.13497415384615385
0.06926030769230769
-0.004172307692307692
-0.07969107692307692
-0.13852061538461538
-0.18212123076923076
-0.19359507692307693
-0.17273353846153844
-0.13038461538461538
-0.07051199999999999
-0.007927384615384614
0.065088
0.1316363076923077
0.18712800000000002
0.21862892307692305
0.21341353846153846
0.18504184615384617
0.13518276923076925
0.07885661538461539
0.017732307692307693
-0.059038153846153844
-0.14060676923076923
-0.20715507692307691
-0.2503384615384615
-0.2492953846153846
-0.21049292307692305
-0.15124615384615384
-0.07593599999999999
0.0029206153846153843
0.09763200000000001
0.1869193846153846
0.24741784615384615
0.27432923076923077
0.2586830769230769
0.2261390769230769
0.184416
0.1356
0.07364123076923076
-0.0006258461538461538
-0.05820369230769231
-0.09554584615384615
-0.11286092307692308
-0.11452984615384615
-0.11306953846153844
-0.11348676923076922
-0.10076123076923077
-0.06988615384615385
-0.02211323076923077
0.01814953846153846
0.040679999999999994
0.061750153846153844
0.07364123076923076
0.08115138461538463
0.07051199999999999
0.03650769230769231
-0.01710646153846154
-0.08052553846153847
-0.1341396923076923
-0.16856123076923077
-0.1800350769230769
-0.18232984615384615
-0.1733593846153846
-0.14290153846153844
-0.08636676923076922
-0.010013538461538461
0.07134646153846153
0.14039815384615384
0.18525046153846153
0.2157083076923077
0.23072861538461537
0.23406646153846156
0.2225926153846154
0.18358153846153846
0.12725538461538463
0.06362769230769232
0.010013538461538461
-0.03880246153846154
-0.08740984615384616
-0.11974523076923077
-0.13184492307692308
-0.10597661538461538
-0.03921969230769231
0.03880246153846154
0.11286092307692308
0.168144
0.20027076923076922
0.20673784615384616
0.19025723076923076
0.15291507692307693
0.07885661538461539
-0.017732307692307693
-0.10681107692307691
-0.16167692307692308
-0.1858763076923077
-0.18650215384615382
-0.16188553846153847
-0.11891076923076922
-0.059664
0.009387692307692307
0.06988615384615385
0.09909230769230769
0.09721476923076922
0.07113784615384615
0.049233230769230765
0.03233538461538461
0.017940923076923077
0.005215384615384615
-0.014811692307692307
-0.021278769230769233
-0.013142769230769229
0.015228923076923076
0.04839876923076923
0.06926030769230769
0.0744756923076923
0.06717415384615384
0.05653476923076922
0.03859384615384615
0.012934153846153845
-0.017523692307692306
-0.05048492307692308
-0.07092923076923077
-0.09554584615384615
-0.1314276923076923
-0.18066092307692305
-0.24762646153846155
-0.29748553846153847
-0.34963938461538463
-0.35860984615384617
-0.3385827692307692
-0.2682793846153846
-0.12370892307692308
0.11411261538461538
0.37425600000000003
0.5469895384615384
0.7587341538461538
0.8720123076923078
0.9275039999999999
0.8751415384615384
0.6296012307692308
0.3054129230769231
-0.1639716923076923
-0.5809938461538461
-0.9717304615384615
-1.2913292307692308
-1.4404892307692307
-1.4694867692307692
-1.2204
-0.8017089230769231
-0.22488738461538463
0.43475446153846153
0.9873766153846154
1.456969846153846
1.6924966153846153
1.6714264615384615
1.4219224615384616
0.8972547692307693
0.26452430769230767
-0.4314166153846154
-1.1192215384615385
-1.5673273846153846
-1.8105729230769232
-1.7805323076923076
-1.492225846153846
-1.0697796923076923
-0.47376553846153846
0.14853415384615384
0.7722941538461539
1.3096873846153847
1.6144744615384614
1.703553230769231
1.550638153846154
1.2364633846153845
0.8186067692307691
0.28955815384615385
-0.24345415384615382
-0.7393329230769231
-1.1219335384615385
-1.2998824615384617
-1.3349298461538461
-1.1982867692307693
-0.9300073846153846
-0.5958055384615384
-0.1775316923076923
0.22113230769230768
0.5709803076923077
0.8630418461538462
1.0140793846153846
1.0764553846153846
1.0395304615384615
0.8909963076923076
0.6817550769230768
0.3782196923076923
0.040054153846153843
-0.31834707692307695
-0.6704898461538461
-0.9531636923076923
-1.167828923076923
-1.2493975384615383
-1.2126812307692307
-1.0374443076923077
-0.695940923076923
-0.26619323076923074
0.2453316923076923
0.7480947692307692
1.163448
1.4807519999999998
1.6071729230769232
1.5416676923076922
1.2804812307692308
0.8240307692307692
0.27871015384615383
-0.30854215384615385
-0.8530283076923076
-1.2819415384615385
-1.575672
-1.6516080000000002
-1.5064116923076922
-1.1605273846153845
-0.653592
-0.05924676923076923
0.5780732307692308
1.137371076923077
1.5341575384615385
1.740060923076923
1.6764332307692307
1.3726892307692307
0.8849464615384616
0.2737033846153846
-0.33962584615384617
-0.905808
-1.3355556923076923
-1.5698307692307691
-1.6128055384615383
-1.4283895384615386
-1.0587230769230769
-0.5590892307692308
-0.0014603076923076922
0.5192436923076923
0.9502430769230769
1.225406769230769
1.3253335384615383
1.2640006153846153
1.037027076923077
0.6974012307692307
0.2943563076923077
-0.1070196923076923
-0.42995630769230764
-0.6692381538461538
-0.7912781538461539
-0.8096363076923077
-0.7451741538461537
-0.5832886153846154
-0.36257353846153845
-0.124752
0.09554584615384615
0.2670276923076923
0.40095876923076923
0.5025544615384615
0.5509532307692308
0.5528307692307692
0.4877427692307692
0.38072307692307694
0.2647329230769231
0.13726892307692307
0.02357353846153846
-0.09575446153846154
-0.21654276923076923
-0.33065538461538463
-0.44309907692307693
-0.5061009230769231
-0.5311347692307692
-0.5127766153846154
-0.43663199999999996
-0.33670523076923076
-0.18921415384615384
-0.002086153846153846
0.2056947692307692
0.41577046153846153
0.570563076923077
0.659016
0.6811292307692307
0.628140923076923
0.5067267692307692
0.3225193846153846
0.09596307692307693
-0.14060676923076923
-0.33983446153846153
-0.46688123076923077
-0.5265452307692308
-0.51528
-0.43976123076923074
-0.31688676923076925
-0.14185846153846154
0.04380923076923077
0.21696000000000001
0.3575667692307692
0.4280787692307692
0.44998338461538456
0.41577046153846153
0.33002953846153843
0.21633415384615384
0.09137353846153846
-0.02482523076923077
-0.11599015384615384
-0.15562707692307692
-0.15479261538461536
-0.12016246153846154
-0.06425353846153846
-0.02273907692307692
0.009596307692307692
0.03296123076923077
0.03755076923076923
0.03066646153846154
-0.002086153846153846
-0.046104
-0.06613107692307692
-0.059664
-0.017315076923076923
0.05194523076923077
0.12621230769230768
0.20819815384615384
0.279336
0.3156350769230769
0.30436984615384616
0.22447015384615385
0.10096984615384616
-0.04130584615384615
-0.1869193846153846
-0.31396615384615384
-0.4228633846153846
-0.4762689230769231
-0.46729846153846155
-0.37655076923076924
-0.20527753846153846
-0.0035464615384615383
0.2154996923076923
0.39511753846153846
0.523416
0.5899643076923077
0.5615926153846154
0.44977476923076926
0.2526332307692308
0.00855323076923077
-0.22989415384615383
-0.43996984615384616
-0.5903815384615384
-0.6606849230769232
-0.6437870769230769
-0.5388535384615384
-0.35610646153846154
-0.11891076923076922
0.1218313846153846
0.3269003076923077
0.4645864615384615
0.5190350769230769
0.4948356923076923
0.3949089230769231
0.22780799999999998
0.027745846153846152
-0.1792006153846154
-0.3567323076923076
-0.4593710769230769
-0.4948356923076923
-0.46291753846153844
-0.3775938461538461
-0.25847446153846154
-0.10576799999999999
0.04985907692307692
0.18128676923076922
0.2618123076923077
0.2734947692307692
0.23823876923076923
0.1794092307692308
0.1178676923076923
0.06154153846153846
0.01397723076923077
-0.01856676923076923
-0.03379569230769231
-0.025659692307692307
0.0006258461538461538
0.026285538461538457
0.03984553846153846
0.03233538461538461
0.02023569230769231
0.009804923076923077
-0.003755076923076923
-0.0016689230769230767
0.004589538461538461
0.017732307692307693
0.05090215384615384
0.0936683076923077
0.14728246153846153
0.1913003076923077
0.20360861538461536
0.19150892307692308
0.154584
0.10493353846153847
0.03713353846153846
-0.05298830769230769
-0.14436184615384615
-0.2209236923076923
-0.25430215384615384
-0.2411593846153846
-0.1977673846153846
-0.12975876923076923
-0.04109723076923077
0.06759138461538462
0.1787833846153846
0.2638984615384615
0.30708184615384615
0.28851507692307693
0.22530461538461538
0.13789476923076924
0.03045784615384615
-0.06592246153846154
-0.1506203076923077
-0.21132738461538458
-0.22822523076923076
-0.19964492307692308
-0.11953661538461538
-0.01981846153846154
0.08782707692307692
0.19150892307692308
0.26619323076923074
0.3156350769230769
0.3143833846153846
0.26139507692307695
0.16459753846153846
0.03045784615384615
-0.09074769230769231
-0.19004861538461537
-0.2624381538461539
-0.2897667692307692
-0.28413415384615387
-0.24032492307692307
-0.15354092307692307
-0.04318338461538461
0.06863446153846153
0.16063384615384615
0.22447015384615385
0.25805723076923076
0.25388492307692306
0.21696000000000001
0.13643446153846153
0.022947692307692308
-0.09554584615384615
-0.19442953846153843
-0.24908676923076922
-0.26619323076923074
-0.24053353846153847
-0.17628
-0.07635323076923077
0.04819015384615385
0.1800350769230769
0.2937304615384615
0.3548547692307692
0.3646596923076923
0.3243969230769231
0.24908676923076922
0.14603076923076924
0.02273907692307692
-0.10994030769230768
-0.22280123076923075
-0.2943563076923077
-0.32001599999999997
-0.2924787692307692
-0.24303692307692307
-0.165432
-0.06842584615384616
0.029206153846153847
0.12767261538461538
0.19067446153846154
0.21529107692307692
0.19985353846153847
0.14749107692307692
0.08845292307692308
0.01940123076923077
-0.05611753846153846
-0.12850707692307692
-0.1992276923076923
-0.2422024615384615
-0.2503384615384615
-0.23093723076923076
-0.19213476923076922
-0.157296
-0.11557292307692307
-0.059872615384615385
0.001043076923076923
0.05194523076923077
0.07885661538461539
0.10222153846153846
0.12037107692307693
0.13372246153846154
0.14790830769230767
0.14519630769230768
0.12788123076923075
0.084072
0.028163076923076923
-0.009387692307692307
-0.05236246153846154
-0.09533723076923077
-0.143736
-0.18149538461538461
-0.18316430769230768
-0.16605784615384614
-0.12037107692307693
-0.06884307692307692
-0.01856676923076923
0.032544
0.08010830769230769
0.12975876923076923
0.15646153846153846
0.15792184615384616
0.14123261538461537
0.1045163076923077
0.06738276923076922
0.02586830769230769
-0.027328615384615382
-0.08720123076923077
-0.14916
-0.17544553846153846
-0.16793538461538463
-0.13706030769230768
-0.07677046153846154
-0.01043076923076923
0.04839876923076923
0.103056
0.15145476923076923
0.1783661538461538
0.16063384615384615
0.11327815384615383
0.06675692307692307
0.024408000000000003
0.0
-0.006675692307692307
0.004798153846153846
0.026285538461538457
0.05277969230769231
0.09930092307692308
0.1449876923076923
0.165432
0.15249784615384615
0.10514215384615383
0.05236246153846154
0.02044430769230769
-0.0008344615384615384
-0.007510153846153846
-0.006258461538461538
0.006258461538461538
0.04819015384615385
0.1097316923076923
0.1869193846153846
0.24658338461538462
0.27453784615384613
0.2776670769230769
0.2578486153846154
0.21341353846153846
0.13226215384615383
0.027745846153846152
-0.08615815384615384
-0.18775384615384613
-0.2572227692307692
-0.2912270769230769
-0.29456492307692306
-0.2689052307692308
-0.20944984615384615
-0.1151556923076923
0.0029206153846153843
0.11411261538461538
0.200688
0.24554030769230767
0.2399076923076923
0.19964492307692308
0.11807630769230769
0.009179076923076922
-0.11494707692307692
-0.23260615384615385
-0.30895938461538464
-0.327108923076923
-0.30186646153846153
-0.23886461538461537
-0.16042523076923076
-0.11348676923076922
-0.03963692307692308
0.0448523076923077
0.12704676923076924
0.16793538461538463
0.15249784615384615
0.12391753846153845
0.10576799999999999
0.10889723076923077
0.16835261538461538
0.27328615384615385
0.1570873846153846
0.059038153846153844
0.008344615384615384
-0.07343261538461537
0.006467076923076923
-0.1424843076923077
-0.32898646153846156
-0.47021907692307696
-0.5609667692307693
-0.39344861538461534
-0.31918153846153846
-0.2221753846153846
-0.1927606153846154
-0.13080184615384613
0.13393107692307693
0.30290953846153845
0.4883686153846154
0.444768
0.2791273846153846
0.21341353846153846
0.04860738461538461
-0.004172307692307692
-0.14832553846153845
-0.35860984615384617
-0.39282276923076925
-0.5042233846153846
-0.43016492307692306
-0.23782153846153845
-0.13935507692307691
0.09158215384615384
0.20715507692307691
0.3012406153846154
0.45978830769230766
0.5023458461538461
0.5910073846153846
0.5476153846153846
0.38301784615384615
0.23656984615384613
0.06279323076923077
0.006258461538461538
-0.065088
-0.1829556923076923
-0.25701415384615384
-0.3148006153846154
-0.21132738461538458
-0.065088
0.01043076923076923
0.1045163076923077
0.14039815384615384
0.22175815384615383
0.34046030769230773
0.3510996923076923
0.36278215384615387
0.3039526153846154
0.206112
0.18274707692307693
0.09950953846153845
0.007927384615384614
-0.0934596923076923
-0.21967199999999998
-0.2737033846153846
-0.29581661538461534
-0.2789187692307692
-0.22843384615384613
-0.13622584615384614
-0.02232184615384615
0.055491692307692304
0.17273353846153844
0.2557624615384615
0.28893230769230765
0.32982092307692307
0.28017046153846153
0.225096
0.17252492307692308
0.07697907692307693
0.013560000000000001
-0.09387692307692307
-0.18316430769230768
-0.20506892307692307
-0.2225926153846154
-0.18775384615384613
-0.15896492307692306
-0.10639384615384614
0.012516923076923077
0.12391753846153845
0.21091015384615383
0.2303113846153846
0.23010276923076922
0.2438713846153846
0.20798953846153845
0.16021661538461537
0.06195876923076923
-0.06759138461538462
-0.11578153846153846
-0.17231630769230769
-0.18754523076923074
-0.15813046153846153
-0.16292861538461537
-0.1028473846153846
-0.05757784615384615
-0.022947692307692308
0.054240000000000003
0.08344615384615384
0.10472492307692308
0.10514215384615383
0.07364123076923076
0.041514461538461535
-0.011473846153846154
-0.043392
-0.08219446153846154
-0.11995384615384615
-0.13121907692307694
-0.14290153846153844
-0.10430769230769231
-0.06008123076923077
-0.016897846153846156
0.053614153846153846
0.0828203076923077
0.119328
0.1637630769230769
0.16418030769230768
0.14978584615384616
0.08699261538461538
0.009804923076923077
-0.018983999999999997
-0.037342153846153844
-0.045895384615384616
-0.06383630769230769
-0.08949599999999999
-0.06738276923076922
-0.027328615384615382
0.026702769230769228
0.07510153846153846
0.09867507692307692
0.11745046153846153
0.0961716923076923
0.07885661538461539
0.058829538461538454
0.0077187692307692304
-0.02357353846153846
-0.09074769230769231
-0.16292861538461537
-0.20381723076923075
-0.2369870769230769
-0.20339999999999997
-0.16334584615384617
-0.14686523076923075
-0.11140061538461538
-0.07593599999999999
-0.011891076923076923
0.05507446153846154
0.07843938461538462
0.06967753846153846
0.02023569230769231
-0.017315076923076923
-0.03296123076923077
-0.06884307692307692
-0.10201292307692307
-0.1462393846153846
-0.16626646153846153
-0.14957723076923077
-0.13372246153846154
-0.08156861538461539
-0.027328615384615382
0.021696
0.08052553846153847
0.12016246153846154
0.17481969230769231
0.22113230769230768
0.23010276923076922
0.21320492307692307
0.17377661538461536
0.13893784615384613
0.1136953846153846
0.08177723076923075
0.037342153846153844
-0.019609846153846155
-0.08010830769230769
-0.1218313846153846
-0.12725538461538463
-0.11077476923076923
-0.10389046153846154
-0.08720123076923077
-0.049233230769230765
0.017732307692307693
0.10722830769230769
0.15875630769230767
0.1869193846153846
0.1992276923076923
0.1777403076923077
0.1489513846153846
0.100344
0.03108369230769231
-0.037342153846153844
-0.10159569230769232
-0.13247076923076923
-0.12767261538461538
-0.1045163076923077
-0.061124307692307686
-0.012934153846153845
0.04047138461538462
0.09596307692307693
0.14665661538461539
0.19025723076923076
0.19839323076923077
0.17440246153846153
0.12725538461538463
0.06467076923076923
0.015020307692307692
-0.02315630769230769
-0.043600615384615383
-0.051319384615384614
-0.04693846153846153
-0.011265230769230769
0.040262769230769234
0.092208
0.12537784615384615
0.10868861538461538
0.07092923076923077
0.03150092307692308
-0.016897846153846156
-0.06446215384615385
-0.12162276923076921
-0.16251138461538459
-0.18358153846153846
-0.18358153846153846
-0.15750461538461538
-0.124752
-0.08344615384615384
-0.055491692307692304
-0.040679999999999994
-0.02211323076923077
-0.020027076923076922
-0.03275261538461539
-0.05090215384615384
-0.08323753846153846
-0.10952307692307692
-0.13351384615384615
-0.14853415384615384
-0.13643446153846153
-0.11578153846153846
-0.0826116923076923
-0.05236246153846154
-0.011265230769230769
0.04088861538461538
0.07364123076923076
0.08824430769230769
0.07072061538461538
0.044435076923076924
0.010013538461538461
-0.04109723076923077
-0.09325107692307691
-0.1353913846153846
-0.1462393846153846
-0.12579507692307693
-0.08428061538461538
-0.03379569230769231
0.01272553846153846
0.05590892307692308
0.10389046153846154
0.13810338461538463
0.14582215384615385
0.12829846153846153
0.08448923076923077
0.0448523076923077
0.006675692307692307
-0.02795446153846154
-0.042348923076923076
-0.061124307692307686
-0.06487938461538462
-0.05570030769230769
-0.042348923076923076
-0.008970461538461538
0.015437538461538461
0.03379569230769231
0.054657230769230764
0.06738276923076922
0.07948246153846153
0.08177723076923075
0.08031692307692308
0.08615815384615384
0.06884307692307692
0.05194523076923077
0.03567323076923076
0.0002086153846153846
-0.03609046153846154
-0.08240307692307691
-0.10660246153846153
-0.11849353846153846
-0.11849353846153846
-0.08240307692307691
-0.03483876923076923
0.03567323076923076
0.1207883076923077
0.1977673846153846
0.2638984615384615
0.2926873846153846
0.28955815384615385
0.26348123076923075
0.20006215384615383
0.13038461538461538
0.04839876923076923
-0.04422646153846154
-0.10722830769230769
-0.14206707692307693
-0.13497415384615385
-0.09053907692307692
-0.03567323076923076
0.03650769230769231
0.10806276923076923
0.17273353846153844
0.23072861538461537
0.2586830769230769
0.2591003076923077
0.22426153846153846
0.16251138461538459
0.08907876923076924
0.01272553846153846
-0.05862092307692307
-0.12850707692307692
-0.17815753846153848
-0.19359507692307693
-0.1779489230769231
-0.13872923076923074
-0.092208
-0.051319384615384614
-0.010013538461538461
0.03066646153846154
0.059872615384615385
0.07948246153846153
0.07301538461538462
0.05194523076923077
0.03504738461538461
0.02795446153846154
0.04756430769230769
0.07301538461538462
0.09325107692307691
0.10138707692307691
0.09512861538461538
0.0826116923076923
0.059872615384615385
0.02482523076923077
-0.020652923076923076
-0.061750153846153844
-0.08636676923076922
-0.08907876923076924
-0.0678
-0.03024923076923077
0.006049846153846154
0.050067692307692306
0.09846646153846153
0.14519630769230768
0.1846246153846154
0.19067446153846154
0.1704387692307692
0.12850707692307692
0.07405846153846153
0.023364923076923075
-0.03838523076923077
-0.09971815384615385
-0.14853415384615384
-0.17315076923076922
-0.16418030769230768
-0.12850707692307692
-0.06550523076923077
0.0014603076923076922
0.07301538461538462
0.15124615384615384
0.2125790769230769
0.249504
0.2357353846153846
0.1721076923076923
0.09429415384615383
0.010013538461538461
-0.058829538461538454
-0.119328
-0.1802436923076923
-0.21070153846153844
-0.21174461538461536
-0.17690584615384616
-0.10743692307692307
-0.03504738461538461
0.03066646153846154
0.07677046153846154
0.11140061538461538
0.14540492307692307
0.15333230769230768
0.1397723076923077
0.09596307692307693
0.03984553846153846
-0.0006258461538461538
-0.03066646153846154
-0.040679999999999994
-0.04672984615384615
-0.05048492307692308
-0.042348923076923076
-0.02524246153846154
-0.0025033846153846152
0.02232184615384615
0.03755076923076923
0.04547815384615384
0.059872615384615385
0.06717415384615384
0.07635323076923077
0.08031692307692308
0.07781353846153846
0.08448923076923077
0.08594953846153845
0.09429415384615383
0.09679753846153846
0.08323753846153846
0.05674338461538461
0.02315630769230769
0.003963692307692307
-0.007510153846153846
-0.0025033846153846152
0.007510153846153846
0.013142769230769229
0.01981846153846154
0.026494153846153844
0.03671630769230769
0.04380923076923077
0.03588184615384615
0.010222153846153844
-0.016480615384615385
-0.04902461538461538
-0.07656184615384615
-0.10660246153846153
-0.14060676923076923
-0.1504116923076923
-0.14436184615384615
-0.11202646153846153
-0.052153846153846155
0.003129230769230769
0.040262769230769234
0.07572738461538461
0.11056615384615384
0.14290153846153844
0.15896492307692306
0.14957723076923077
0.12391753846153845
0.07927384615384615
0.03755076923076923
0.0012516923076923076
-0.04172307692307692
-0.08490646153846154
-0.14123261538461537
-0.18921415384615384
-0.22572184615384616
-0.21153599999999997
-0.12204
-0.008761846153846153
0.15792184615384616
0.31396615384615384
0.4587452307692308
0.5778646153846153
0.6054018461538461
0.5743181538461538
0.4178566153846154
0.2090326153846154
-0.007301538461538462
-0.2221753846153846
-0.39344861538461534
-0.5471981538461539
-0.6164584615384615
-0.6099913846153846
-0.5100646153846153
-0.3312812307692308
-0.14957723076923077
0.054657230769230764
0.241368
0.376968
0.441012923076923
0.39866399999999996
0.2782929230769231
0.12642092307692307
-0.05778646153846154
-0.23177169230769232
-0.3734215384615384
-0.47668615384615387
-0.47668615384615387
-0.3988726153846154
-0.2526332307692308
-0.07280676923076923
0.07051199999999999
0.1860849230769231
0.25284184615384614
0.26222953846153846
0.23093723076923076
0.15228923076923076
0.06759138461538462
0.015228923076923076
-0.012099692307692308
-0.01856676923076923
-0.02211323076923077
-0.021070153846153846
-0.03504738461538461
-0.07343261538461537
-0.11557292307692307
-0.1794092307692308
-0.22175815384615383
-0.2480436923076923
-0.27850153846153847
-0.2689052307692308
-0.2526332307692308
-0.20381723076923075
-0.11557292307692307
-0.03275261538461539
0.05924676923076923
0.14436184615384615
0.225096
0.2943563076923077
0.31751261538461534
0.26911384615384615
0.146448
-0.009804923076923077
-0.17648861538461538
-0.33607938461538456
-0.4647950769230769
-0.5388535384615384
-0.5311347692307692
-0.4245323076923077
-0.2374043076923077
-0.006467076923076923
0.21654276923076923
0.39678646153846153
0.5252935384615384
0.5626356923076923
0.5092301538461538
0.3819747692307692
0.20027076923076922
0.010848
-0.1637630769230769
-0.2979027692307692
-0.36674584615384614
-0.37321292307692305
-0.33065538461538463
-0.2497126153846154
-0.13852061538461538
-0.006258461538461538
0.130176
0.25388492307692306
0.3275261538461538
0.3412947692307692
0.3195987692307692
0.2655673846153846
0.19985353846153847
0.11599015384615384
0.024199384615384616
-0.042974769230769226
-0.08428061538461538
-0.08302892307692307
-0.04652123076923077
-0.010639384615384617
0.025659692307692307
0.05611753846153846
0.06070707692307692
0.04547815384615384
0.0006258461538461538
-0.05820369230769231
-0.1097316923076923
-0.14164984615384615
-0.13747753846153846
-0.10764553846153846
-0.058412307692307694
-0.006675692307692307
0.05090215384615384
0.11807630769230769
0.16480615384615382
0.1867107692307692
0.16876984615384616
0.11348676923076922
0.04526953846153846
-0.04693846153846153
-0.12913292307692306
-0.18545907692307692
-0.23260615384615385
-0.23072861538461537
-0.1869193846153846
-0.1045163076923077
0.01940123076923077
0.14457046153846154
0.26076923076923075
0.34963938461538463
0.40888615384615384
0.44268184615384615
0.431208
0.3707095384615384
0.24866953846153847
0.09158215384615384
-0.05319692307692307
-0.17273353846153844
-0.2588916923076923
-0.31229723076923077
-0.3383741538461538
-0.31500923076923076
-0.2399076923076923
-0.13852061538461538
-0.017940923076923077
0.08031692307692308
0.15291507692307693
0.21007569230769232
0.23010276923076922
0.21883753846153844
0.16772676923076923
0.08636676923076922
0.007510153846153846
-0.06216738461538462
-0.10952307692307692
-0.12683815384615382
-0.12683815384615382
-0.11098338461538461
-0.0826116923076923
-0.041514461538461535
0.005424
0.040679999999999994
0.05924676923076923
0.05716061538461538
0.03650769230769231
0.012308307692307691
-0.0025033846153846152
-0.0029206153846153843
0.006884307692307692
0.029206153846153847
0.07405846153846153
0.13893784615384613
0.21299630769230768
0.27620676923076926
0.30061476923076924
0.2753723076923077
0.2157083076923077
0.1316363076923077
0.03650769230769231
-0.08115138461538463
-0.20402584615384614
-0.2926873846153846
-0.3323243076923077
-0.3031181538461538
-0.21737723076923077
-0.10368184615384615
0.022947692307692308
0.15667015384615385
0.2768326153846154
0.3554806153846154
0.3738387692307692
0.3294036923076923
0.23677846153846152
0.12287446153846153
0.009596307692307692
-0.0892873846153846
-0.16626646153846153
-0.21821169230769227
-0.23469230769230767
-0.20360861538461536
-0.132888
-0.04401784615384615
0.04693846153846153
0.11411261538461538
0.15917353846153848
0.17711446153846155
0.16981292307692308
0.14290153846153844
0.08386338461538462
0.0043809230769230765
-0.07948246153846153
-0.13935507692307691
-0.16772676923076923
-0.1704387692307692
-0.15646153846153846
-0.12600369230769232
-0.078648
-0.01668923076923077
0.04839876923076923
0.08887015384615385
0.086784
0.04714707692307692
0.0022947692307692304
-0.03880246153846154
-0.06863446153846153
-0.08428061538461538
-0.09721476923076922
-0.078648
-0.02899753846153846
0.03442153846153846
0.10722830769230769
0.16209415384615386
0.19192615384615386
0.19296923076923078
0.1696043076923077
0.12516923076923075
0.04693846153846153
-0.05236246153846154
-0.14540492307692307
-0.21153599999999997
-0.22864246153846152
-0.2008966153846154
-0.14206707692307693
-0.06216738461538462
0.02899753846153846
0.12808984615384614
0.21821169230769227
0.28851507692307693
0.309168
0.27620676923076926
0.20319138461538463
0.1045163076923077
0.015228923076923076
-0.07259815384615384
-0.14999446153846155
-0.19672430769230767
-0.21091015384615383
-0.1777403076923077
-0.11056615384615384
-0.027745846153846152
0.056951999999999996
0.12621230769230768
0.18170399999999998
0.2342750769230769
0.27787569230769227
0.2851772307692308
0.25659692307692306
0.21883753846153844
0.17523692307692307
0.13330523076923076
0.09471138461538461
0.059664
0.02899753846153846
-0.006258461538461538
-0.027328615384615382
-0.03901107692307692
-0.051528
-0.062376
-0.08782707692307692
-0.10409907692307692
-0.1045163076923077
-0.10263876923076923
-0.09575446153846154
-0.09095630769230768
-0.07531015384615385
-0.05027630769230769
-0.02795446153846154
0.0033378461538461535
0.024199384615384616
0.020652923076923076
0.007510153846153846
-0.013768615384615384
-0.027328615384615382
-0.03984553846153846
-0.06759138461538462
-0.09575446153846154
-0.11578153846153846
-0.11411261538461538
-0.08720123076923077
-0.05173661538461538
-0.011473846153846154
0.021278769230769233
0.03859384615384615
0.05319692307692307
0.05674338461538461
0.04380923076923077
0.011473846153846154
-0.03504738461538461
-0.06383630769230769
-0.07656184615384615
-0.07697907692307693
-0.06571384615384615
-0.05069353846153846
-0.019609846153846155
0.011265230769230769
0.03755076923076923
0.056951999999999996
0.05048492307692308
0.031709538461538456
0.010639384615384617
-0.003129230769230769
-0.009804923076923077
-0.023990769230769232
-0.03859384615384615
-0.045060923076923075
-0.046104
-0.03984553846153846
-0.03421292307692308
-0.034630153846153845
-0.04380923076923077
-0.05924676923076923
-0.06905169230769231
-0.06905169230769231
-0.05653476923076922
-0.04276615384615385
-0.030040615384615384
-0.0070929230769230765
0.017940923076923077
0.051528
0.08907876923076924
0.11181784615384616
0.12496061538461539
0.13518276923076925
0.1422756923076923
0.14206707692307693
0.12808984615384614
0.09846646153846153
0.058412307692307694
0.019192615384615384
-0.013768615384615384
-0.0446436923076923
-0.07301538461538462
-0.10263876923076923
-0.1207883076923077
-0.12308307692307692
-0.11286092307692308
-0.07468430769230769
-0.025033846153846153
0.02753723076923077
0.0798996923076923
0.11974523076923077
0.14916
0.15124615384615384
0.12391753846153845
0.08761846153846153
0.048816000000000005
0.00855323076923077
-0.032544
-0.08344615384615384
-0.13434830769230768
-0.17502830769230768
-0.20423446153846153
-0.2056947692307692
-0.18629353846153843
-0.15667015384615385
-0.11265230769230769
-0.05757784615384615
0.001043076923076923
0.04902461538461538
0.07677046153846154
0.08490646153846154
0.06926030769230769
0.028163076923076923
-0.02753723076923077
-0.09158215384615384
-0.15291507692307693
-0.20152246153846154
-0.22634769230769228
-0.21132738461538458
-0.16271999999999998
-0.08448923076923077
0.008136
0.09784061538461537
0.18337292307692307
0.2517987692307692
0.29748553846153847
0.3060387692307692
0.27975323076923075
0.235944
0.17648861538461538
0.10535076923076922
0.035464615384615386
-0.031918153846153846
-0.07948246153846153
-0.10681107692307691
-0.10639384615384614
-0.07092923076923077
-0.03233538461538461
0.012099692307692308
0.05277969230769231
0.09554584615384615
0.13601723076923075
0.16042523076923076
0.17502830769230768
0.17377661538461536
0.15103753846153847
0.11557292307692307
0.07259815384615384
0.018358153846153843
-0.03629907692307692
-0.10576799999999999
-0.17690584615384616
-0.23260615384615385
-0.2659846153846154
-0.26452430769230767
-0.24074215384615386
-0.2056947692307692
-0.1502030769230769
-0.07364123076923076
0.010013538461538461
0.08991323076923076
0.14790830769230767
0.18066092307692305
0.1869193846153846
0.17711446153846155
0.1435273846153846
0.08949599999999999
0.020652923076923076
-0.06759138461538462
-0.1476996923076923
-0.2090326153846154
-0.24074215384615386
-0.2369870769230769
-0.20715507692307691
-0.14957723076923077
-0.0609156923076923
0.033169846153846154
0.1358086153846154
0.22134092307692307
0.2559710769230769
0.26368984615384616
0.20277415384615383
0.12558646153846154
0.04965046153846154
-0.027745846153846152
-0.08657538461538461
-0.15208061538461537
-0.18483323076923078
-0.1779489230769231
-0.1178676923076923
0.0033378461538461535
0.23010276923076922
0.2864289230769231
0.25847446153846154
0.2864289230769231
0.21091015384615383
0.2751636923076923
0.1543753846153846
-0.07030338461538461
-0.25284184615384614
-0.4698018461538461
-0.3988726153846154
-0.3784283076923077
-0.3248141538461538
-0.2749550769230769
-0.24700061538461537
0.03379569230769231
0.21696000000000001
0.428496
0.4789809230769231
0.32669169230769235
0.29498215384615384
0.14540492307692307
0.078648
0.0014603076923076922
-0.19651569230769228
-0.21049292307692305
-0.30061476923076924
-0.3047870769230769
-0.13872923076923074
-0.07802215384615384
0.10576799999999999
0.18963138461538462
0.19505538461538463
0.2891409230769231
0.27850153846153847
0.3617390769230769
0.3763421538461538
0.2561796923076923
0.15896492307692306
0.010013538461538461
-0.012308307692307691
-0.023364923076923075
-0.1097316923076923
-0.1368516923076923
-0.20527753846153846
-0.15291507692307693
-0.031918153846153846
-0.0012516923076923076
0.05820369230769231
0.04526953846153846
0.053614153846153846
0.13101046153846155
0.13184492307692308
0.15875630769230767
0.157296
0.10597661538461538
0.1178676923076923
0.08135999999999999
0.03838523076923077
-0.018358153846153843
-0.1341396923076923
-0.20715507692307691
-0.2979027692307692
-0.34776184615384614
-0.35610646153846154
-0.31688676923076925
-0.19359507692307693
-0.11599015384615384
0.02315630769230769
0.19317784615384614
0.3133403076923077
0.45749353846153845
0.48628246153846155
0.4645864615384615
0.43162523076923076
0.30249230769230767
0.1881710769230769
0.012934153846153845
-0.1777403076923077
-0.28392553846153845
-0.3752990769230769
-0.37655076923076924
-0.33962584615384617
-0.2655673846153846
-0.09074769230769231
0.08574092307692306
0.25764
0.3659113846153846
0.41723076923076924
0.4725138461538462
0.43412861538461534
0.3333673846153846
0.17481969230769231
-0.04693846153846153
-0.19568123076923075
-0.3277347692307692
-0.4239064615384615
-0.41973415384615387
-0.3988726153846154
-0.2805876923076923
-0.11974523076923077
0.014394461538461538
0.1777403076923077
0.29185292307692307
0.37363015384615383
0.40700861538461536
0.3571495384615384
0.26932246153846157
0.127464
-0.005841230769230769
-0.12016246153846154
-0.21988061538461537
-0.2730775384615384
-0.32001599999999997
-0.29748553846153847
-0.22426153846153846
-0.15395815384615386
-0.04422646153846154
0.026285538461538457
0.07823076923076923
0.15833907692307692
0.19860184615384616
0.21842030769230766
0.18212123076923076
0.0974233846153846
0.05090215384615384
0.004798153846153846
-0.03400430769230769
-0.06967753846153846
-0.12350030769230769
-0.14018953846153845
-0.1397723076923077
-0.10868861538461538
-0.04693846153846153
0.0004172307692307692
0.03880246153846154
0.038176615384615385
0.03275261538461539
0.05090215384615384
0.06008123076923077
0.08991323076923076
0.0897046153846154
0.04819015384615385
0.031918153846153846
0.009596307692307692
0.02211323076923077
0.035464615384615386
-0.02232184615384615
-0.08323753846153846
-0.1395636923076923
-0.15270646153846154
-0.12725538461538463
-0.12016246153846154
-0.12162276923076921
-0.13872923076923074
-0.12996738461538462
-0.08866153846153846
-0.058829538461538454
-0.028788923076923077
-0.03400430769230769
-0.04902461538461538
-0.035255999999999996
-0.020027076923076922
0.021070153846153846
0.03880246153846154
0.04088861538461538
0.04109723076923077
0.021278769230769233
0.029832
0.044435076923076924
0.04631261538461538
0.026285538461538457
-0.011891076923076923
-0.015228923076923076
0.025033846153846153
0.07927384615384615
0.1205796923076923
0.12600369230769232
0.12204
0.13184492307692308
0.15124615384615384
0.17273353846153844
0.13852061538461538
0.06070707692307692
-0.0070929230769230765
-0.05048492307692308
-0.055491692307692304
-0.06967753846153846
-0.08866153846153846
-0.07802215384615384
-0.05736923076923077
-0.0043809230769230765
0.042974769230769226
0.051319384615384614
0.05277969230769231
0.041514461538461535
0.042974769230769226
0.055491692307692304
0.06154153846153846
0.06738276923076922
0.04860738461538461
0.02357353846153846
-0.004172307692307692
-0.03024923076923077
-0.05194523076923077
-0.09554584615384615
-0.13038461538461538
-0.14999446153846155
-0.15145476923076923
-0.11411261538461538
-0.06884307692307692
-0.016897846153846156
0.03567323076923076
0.07426707692307692
0.11849353846153846
0.1502030769230769
0.15771323076923077
0.13747753846153846
0.08448923076923077
0.029414769230769227
-0.021487384615384613
-0.0717636923076923
-0.12162276923076921
-0.16981292307692308
-0.19839323076923077
-0.21320492307692307
-0.2075723076923077
-0.17398523076923075
-0.12600369230769232
-0.062376
0.005632615384615384
0.06404492307692307
0.12120553846153845
0.15646153846153846
0.1635544615384615
0.1639716923076923
0.14060676923076923
0.10618523076923077
0.058412307692307694
-0.005424
-0.05528307692307692
-0.08115138461538463
-0.07781353846153846
-0.061750153846153844
-0.03859384615384615
0.0022947692307692304
0.05611753846153846
0.119328
0.1792006153846154
0.22300984615384614
0.241368
0.21883753846153844
0.18170399999999998
0.12850707692307692
0.06008123076923077
-0.006049846153846154
-0.08657538461538461
-0.15270646153846154
-0.19651569230769228
-0.21195323076923075
-0.1858763076923077
-0.14311015384615386
-0.0880356923076923
-0.030040615384615384
0.035464615384615386
0.10931446153846153
0.17273353846153844
0.21654276923076923
0.23093723076923076
0.22154953846153846
0.19526400000000002
0.14665661538461539
0.07551876923076924
0.0018775384615384615
-0.07510153846153846
-0.12808984615384614
-0.1397723076923077
-0.12579507692307693
-0.08907876923076924
-0.04839876923076923
0.004589538461538461
0.062376
0.10994030769230768
0.14206707692307693
0.1462393846153846
0.12037107692307693
0.0798996923076923
0.042974769230769226
0.0035464615384615383
-0.042557538461538466
-0.09283384615384616
-0.1341396923076923
-0.15479261538461536
-0.15416676923076922
-0.14603076923076924
-0.13080184615384613
-0.10994030769230768
-0.08866153846153846
-0.049233230769230765
-0.0035464615384615383
0.029623384615384614
0.052153846153846155
0.05757784615384615
0.047772923076923074
0.040262769230769234
0.03275261538461539
0.012099692307692308
-0.006049846153846154
-0.021070153846153846
-0.014603076923076923
0.009179076923076922
0.03212676923076923
0.06070707692307692
0.07572738461538461
0.08010830769230769
0.07823076923076923
0.07384984615384615
0.06467076923076923
0.03921969230769231
-0.006049846153846154
-0.05111076923076923
-0.06926030769230769
-0.055491692307692304
-0.016897846153846156
0.018983999999999997
0.05090215384615384
0.08574092307692306
0.12016246153846154
0.14540492307692307
0.1424843076923077
0.11181784615384616
0.05528307692307692
-0.005424
-0.051319384615384614
-0.09471138461538461
-0.13518276923076925
-0.1570873846153846
-0.1489513846153846
-0.11244369230769231
-0.05090215384615384
0.020652923076923076
0.0961716923076923
0.16438892307692307
0.21591692307692306
0.2620209230769231
0.27975323076923075
0.2651501538461538
0.22530461538461538
0.15520984615384617
0.0717636923076923
-0.007510153846153846
-0.07739630769230768
-0.13726892307692307
-0.1800350769230769
-0.19505538461538463
-0.1733593846153846
-0.12391753846153845
-0.05298830769230769
0.012516923076923077
0.054240000000000003
0.08428061538461538
0.09116492307692307
0.08782707692307692
0.06425353846153846
0.010848
-0.06195876923076923
-0.1314276923076923
-0.16418030769230768
-0.1783661538461538
-0.1691870769230769
-0.146448
-0.12329169230769231
-0.09450276923076922
-0.06279323076923077
-0.03066646153846154
-0.013351384615384614
-0.02023569230769231
-0.037342153846153844
-0.046104
-0.046104
-0.024408000000000003
0.009179076923076922
0.0446436923076923
0.08428061538461538
0.12162276923076921
0.16647507692307692
0.1942209230769231
0.18942276923076923
0.14978584615384616
0.07614461538461538
-0.0035464615384615383
-0.07697907692307693
-0.13768615384615385
-0.1829556923076923
-0.2090326153846154
-0.19672430769230767
-0.13768615384615385
-0.03901107692307692
0.07927384615384615
0.1777403076923077
0.2540935384615385
0.31626092307692305
0.3425464615384616
0.3321156923076923
0.26368984615384616
0.1462393846153846
0.021904615384615383
-0.10326461538461539
-0.19881046153846152
-0.2618123076923077
-0.2951907692307692
-0.27474646153846155
-0.21049292307692305
-0.09596307692307693
0.04839876923076923
0.1779489230769231
0.2906012307692308
0.3584012307692308
0.3813489230769231
0.35986153846153845
0.2860116923076923
0.17690584615384616
0.03859384615384615
-0.09512861538461538
-0.20486030769230767
-0.273912
-0.2989458461538462
-0.2860116923076923
-0.25305046153846156
-0.19651569230769228
-0.11640738461538462
-0.026702769230769228
0.06279323076923077
0.12162276923076921
0.1531236923076923
0.15124615384615384
0.12788123076923075
0.10138707692307691
0.06654830769230768
0.021278769230769233
-0.027745846153846152
-0.05799507692307692
-0.06884307692307692
-0.05799507692307692
-0.047772923076923074
-0.054657230769230764
-0.06216738461538462
-0.07885661538461539
-0.08010830769230769
-0.0974233846153846
-0.10868861538461538
-0.10535076923076922
-0.07823076923076923
0.0043809230769230765
0.1558356923076923
0.3819747692307692
0.45665907692307695
0.5265452307692308
0.5937193846153845
0.5476153846153846
0.5202867692307692
0.3195987692307692
0.07134646153846153
-0.21028430769230766
-0.466464
-0.5699372307692308
-0.70512
-0.7378726153846155
-0.7289021538461539
-0.6162498461538461
-0.3323243076923077
-0.056326153846153845
0.2914356923076923
0.5186178461538461
0.626472
0.7113784615384615
0.6379458461538461
0.546780923076923
0.3481790769230769
0.06341907692307691
-0.15249784615384615
-0.4405956923076923
-0.5983089230769231
-0.608531076923077
-0.5999778461538462
-0.45040061538461534
-0.3143833846153846
-0.14957723076923077
0.05528307692307692
0.20798953846153845
0.3949089230769231
0.48649107692307686
0.500676923076923
0.49984246153846157
0.45102646153846154
0.40325353846153844
0.2647329230769231
0.06028984615384615
-0.12829846153846153
-0.30979384615384614
-0.3757163076923077
-0.3846867692307692
-0.3903193846153846
-0.3304467692307692
-0.2703655384615385
-0.16793538461538463
-0.04631261538461538
0.006675692307692307
0.06842584615384616
0.10889723076923077
0.15270646153846154
0.249504
0.3081249230769231
0.34004307692307695
0.3141747692307692
0.2399076923076923
0.1506203076923077
0.017315076923076923
-0.1136953846153846
-0.25805723076923076
-0.37008369230769234
-0.4287046153846154
-0.46041415384615386
-0.37738523076923075
-0.24095076923076922
-0.09763200000000001
0.08949599999999999
0.25200738461538463
0.40700861538461536
0.5275883076923077
0.5601323076923077
0.5424
0.4303735384615384
0.2712
0.11098338461538461
-0.08615815384615384
-0.2855944615384615
-0.4775206153846153
-0.6089483076923077
-0.6300184615384615
-0.5599236923076922
-0.4182738461538461
-0.23782153846153845
-0.019192615384615384
0.22572184615384616
0.4220289230769231
0.5611753846153846
0.6033156923076922
0.5269624615384615
0.41305846153846154
0.2411593846153846
0.062376
-0.08386338461538462
-0.23385784615384617
-0.330864
-0.3882332307692308
-0.3972036923076923
-0.3239796923076923
-0.2221753846153846
-0.11327815384615383
-0.019192615384615384
0.04819015384615385
0.1045163076923077
0.13601723076923075
0.14999446153846155
0.13351384615384615
0.09137353846153846
0.045895384615384616
-0.008136
-0.03880246153846154
-0.061124307692307686
-0.0853236923076923
-0.0853236923076923
-0.09700615384615385
-0.09158215384615384
-0.07218092307692307
-0.09554584615384615
-0.13747753846153846
-0.1873366153846154
-0.21508246153846153
-0.18399876923076922
-0.12642092307692307
-0.06133292307692308
0.011473846153846154
0.08323753846153846
0.1710646153846154
0.2559710769230769
0.31250584615384613
0.32314523076923074
0.28768061538461537
0.22175815384615383
0.12141415384615384
0.015228923076923076
-0.0963803076923077
-0.20152246153846154
-0.2620209230769231
-0.2931046153846154
-0.28434276923076923
-0.21487384615384614
-0.116616
0.013560000000000001
0.14415323076923076
0.2482523076923077
0.3412947692307692
0.3938658461538461
0.40846892307692306
0.37196123076923077
0.28663753846153844
0.17377661538461536
0.04652123076923077
-0.07489292307692308
-0.19442953846153843
-0.2916443076923077
-0.3454670769230769
-0.3577753846153846
-0.3243969230769231
-0.25972615384615383
-0.17085599999999998
-0.0446436923076923
0.08949599999999999
0.21716861538461538
0.3129230769230769
0.3506824615384615
0.3542289230769231
0.3248141538461538
0.2722430769230769
0.20506892307692307
0.12642092307692307
0.04839876923076923
-0.017732307692307693
-0.06321046153846153
-0.100344
-0.1356
-0.1792006153846154
-0.21007569230769232
-0.2075723076923077
-0.1787833846153846
-0.11056615384615384
-0.01981846153846154
0.08302892307692307
0.18942276923076923
0.28204799999999997
0.3609046153846154
0.4118067692307692
0.41431015384615383
0.35860984615384617
0.25284184615384614
0.12788123076923075
0.003755076923076923
-0.11619876923076923
-0.21508246153846153
-0.2947735384615384
-0.3410861538461538
-0.33295015384615384
-0.26911384615384615
-0.1543753846153846
-0.031918153846153846
0.08761846153846153
0.21529107692307692
0.3375396923076923
0.428496
0.458328
0.4174393846153846
0.3131316923076923
0.15875630769230767
-0.018358153846153843
-0.17961784615384613
-0.31542646153846154
-0.42933046153846155
-0.4919150769230769
-0.47918953846153844
-0.39636923076923075
-0.2682793846153846
-0.1218313846153846
0.028163076923076923
0.16042523076923076
0.25972615384615383
0.32043323076923075
0.328152
0.2730775384615384
0.15833907692307692
0.018983999999999997
-0.11035753846153845
-0.21445661538461538
-0.27787569230769227
-0.31250584615384613
-0.32001599999999997
-0.29185292307692307
-0.22947692307692308
-0.14206707692307693
-0.05173661538461538
0.023990769230769232
0.07677046153846154
0.10994030769230768
0.1287156923076923
0.1353913846153846
0.12412615384615384
0.09074769230769231
0.04860738461538461
0.013142769230769229
-0.015020307692307692
-0.04735569230769231
-0.08907876923076924
-0.13768615384615385
-0.17294215384615383
-0.18900553846153845
-0.1883796923076923
-0.1656406153846154
-0.1489513846153846
-0.13372246153846154
-0.10889723076923077
-0.08323753846153846
-0.045060923076923075
-0.009804923076923077
0.021487384615384613
0.06404492307692307
0.10263876923076923
0.13643446153846153
0.15917353846153848
0.16084246153846155
0.14561353846153846
0.10493353846153847
0.05945538461538461
0.024616615384615383
-0.010848
-0.04109723076923077
-0.058829538461538454
-0.04547815384615384
0.004798153846153846
0.07510153846153846
0.1476996923076923
0.20444307692307692
0.24303692307692307
0.25951753846153847
0.25430215384615384
0.23448369230769228
0.19797599999999999
0.14811692307692306
0.0988836923076923
0.061124307692307686
0.026285538461538457
-0.004589538461538461
-0.024199384615384616
-0.03567323076923076
-0.027328615384615382
-0.009179076923076922
0.01043076923076923
0.02899753846153846
0.03358707692307692
0.035255999999999996
0.03629907692307692
0.04693846153846153
0.06738276923076922
0.08782707692307692
0.10722830769230769
0.11703323076923078
0.12037107692307693
0.12162276923076921
0.11056615384615384
0.0855323076923077
0.05069353846153846
0.008761846153846153
-0.026911384615384615
-0.061750153846153844
-0.0853236923076923
-0.09763200000000001
-0.11202646153846153
-0.10430769230769231
-0.07259815384615384
-0.021696
0.03692492307692308
0.08073415384615384
0.12537784615384615
0.1693956923076923
0.19630707692307692
0.2056947692307692
0.17648861538461538
0.12350030769230769
0.04902461538461538
-0.045895384615384616
-0.12099692307692309
-0.19338646153846153
-0.249504
-0.27432923076923077
-0.2734947692307692
-0.22488738461538463
-0.15667015384615385
-0.08010830769230769
-0.0029206153846153843
0.054657230769230764
0.10597661538461538
0.14749107692307692
0.16981292307692308
0.1787833846153846
0.1639716923076923
0.12391753846153845
0.06696553846153847
-0.004172307692307692
-0.07134646153846153
-0.1314276923076923
-0.19067446153846154
-0.23531815384615382
-0.25701415384615384
-0.2561796923076923
-0.22676492307692306
-0.16751815384615384
-0.09325107692307691
-0.015020307692307692
0.06613107692307692
0.13351384615384615
0.17690584615384616
0.19463815384615382
0.18504184615384617
0.16167692307692308
0.12850707692307692
0.07843938461538462
0.011265230769230769
-0.06905169230769231
-0.14811692307692306
-0.20548615384615385
-0.23844738461538462
-0.24053353846153847
-0.2140393846153846
-0.16710092307692306
-0.10201292307692307
-0.024408000000000003
0.05444861538461539
0.11035753846153845
0.14603076923076924
0.15625292307692307
0.13998092307692306
0.1045163076923077
0.043392
-0.02858030769230769
-0.11077476923076923
-0.1913003076923077
-0.2424110769230769
-0.26494153846153845
-0.2701569230769231
-0.24637476923076923
-0.20152246153846154
-0.14123261538461537
-0.05757784615384615
0.021904615384615383
0.09721476923076922
0.16418030769230768
0.20027076923076922
0.21737723076923077
0.21508246153846153
0.19526400000000002
0.16188553846153847
0.11202646153846153
0.06216738461538462
0.022530461538461537
-0.0006258461538461538
-0.014185846153846153
-0.026911384615384615
-0.02753723076923077
-0.012099692307692308
0.01272553846153846
0.05507446153846154
0.10368184615384615
0.15103753846153847
0.1846246153846154
0.19171753846153847
0.19317784615384614
0.1860849230769231
0.1733593846153846
0.1612596923076923
0.14164984615384615
0.11828492307692307
0.09012184615384615
0.056951999999999996
0.027120000000000002
-0.0043809230769230765
-0.03629907692307692
-0.06571384615384615
-0.086784
-0.09679753846153846
-0.10117846153846152
-0.0974233846153846
-0.08740984615384616
-0.05716061538461538
-0.01981846153846154
0.012099692307692308
0.03838523076923077
0.054657230769230764
0.07113784615384615
0.09199938461538461
0.09971815384615385
0.0880356923076923
0.0717636923076923
0.04318338461538461
0.0029206153846153843
-0.047772923076923074
-0.10347323076923076
-0.157296
-0.20360861538461536
-0.23239753846153846
-0.235944
-0.2127876923076923
-0.21883753846153844
-0.21007569230769232
-0.14603076923076924
-0.056951999999999996
0.06404492307692307
0.16626646153846153
0.2478350769230769
0.3454670769230769
0.4184824615384615
0.45603323076923075
0.45102646153846154
0.33002953846153843
0.14018953846153845
-0.07885661538461539
-0.233232
-0.36299076923076923
-0.4925409230769231
-0.5200781538461539
-0.5428172307692307
-0.4105550769230769
-0.2090326153846154
-0.0022947692307692304
0.2330233846153846
0.3502652307692307
0.4622916923076923
0.46437784615384614
0.38656430769230765
0.2772498461538462
0.03629907692307692
-0.20047938461538461
-0.4383009230769231
-0.5905901538461539
-0.5962227692307692
-0.5434430769230769
-0.368832
-0.15124615384615384
0.06905169230769231
0.3102110769230769
0.4879513846153846
0.6348166153846153
0.6594332307692308
0.5367673846153845
0.3863556923076923
0.1794092307692308
0.022530461538461537
-0.08448923076923077
-0.18650215384615382
-0.21716861538461538
-0.2355267692307692
-0.19526400000000002
-0.08720123076923077
-0.003963692307692307
0.05924676923076923
0.08761846153846153
0.09325107692307691
0.11202646153846153
0.10076123076923077
0.0678
-0.0004172307692307692
-0.07259815384615384
-0.10535076923076922
-0.11953661538461538
-0.08615815384615384
-0.03838523076923077
0.009596307692307692
0.06571384615384615
0.08740984615384616
0.0988836923076923
0.08156861538461539
-0.017940923076923077
-0.12955015384615384
-0.23969907692307693
-0.31646953846153847
-0.32314523076923074
-0.28163076923076924
-0.1712732307692308
-0.042348923076923076
0.09012184615384615
0.21988061538461537
0.31772123076923076
0.3682061538461538
0.32272799999999996
0.22154953846153846
0.10159569230769232
-0.03400430769230769
-0.14707384615384617
-0.2399076923076923
-0.2906012307692308
-0.2818393846153846
-0.241368
-0.14582215384615385
-0.02586830769230769
0.08302892307692307
0.19505538461538463
0.2764153846153846
0.32877784615384614
0.34588430769230766
0.30332676923076923
0.23510953846153848
0.14707384615384617
0.04902461538461538
-0.03275261538461539
-0.09533723076923077
-0.11181784615384616
-0.09325107692307691
-0.043392
0.0448523076923077
0.13184492307692308
0.21967199999999998
0.2701569230769231
0.26222953846153846
0.235944
0.1639716923076923
0.086784
0.02753723076923077
-0.045895384615384616
-0.08156861538461539
-0.08761846153846153
-0.05173661538461538
0.042557538461538466
0.13622584615384614
0.22447015384615385
0.26786215384615386
0.26452430769230767
0.23385784615384617
0.15333230769230768
0.04109723076923077
-0.09179076923076923
-0.21132738461538458
-0.2845513846153846
-0.2943563076923077
-0.23844738461538462
-0.14665661538461539
-0.03588184615384615
0.10138707692307691
0.23969907692307693
0.34880492307692307
0.40742584615384614
0.3721698461538462
0.2749550769230769
0.13518276923076925
-0.032544
-0.1869193846153846
-0.3304467692307692
-0.4314166153846154
-0.477312
-0.4743913846153846
-0.40387938461538464
-0.2716172307692308
-0.11056615384615384
0.043600615384615383
0.16793538461538463
0.24762646153846155
0.27620676923076926
0.25513661538461535
0.18983999999999998
0.08323753846153846
-0.042557538461538466
-0.15500123076923078
-0.22300984615384614
-0.23406646153846156
-0.21111876923076925
-0.16167692307692308
-0.08866153846153846
0.0012516923076923076
0.09491999999999999
0.168144
0.20673784615384616
0.20402584615384614
0.16981292307692308
0.11703323076923078
0.05194523076923077
-0.01981846153846154
-0.09596307692307693
-0.15187199999999998
-0.1656406153846154
-0.14978584615384616
-0.10597661538461538
-0.04130584615384615
0.03150092307692308
0.10555938461538462
0.14978584615384616
0.1666836923076923
0.15416676923076922
0.09971815384615385
0.030040615384615384
-0.05820369230769231
-0.14540492307692307
-0.20193969230769232
-0.23364923076923078
-0.22822523076923076
-0.18232984615384615
-0.10910584615384614
-0.023990769230769232
0.06529661538461538
0.1462393846153846
0.19359507692307693
0.20486030769230767
0.18712800000000002
0.14728246153846153
0.0974233846153846
0.029832
-0.04318338461538461
-0.09554584615384615
-0.12391753846153845
-0.11202646153846153
-0.08344615384615384
-0.06800861538461538
-0.04214030769230769
-0.008344615384615384
0.025659692307692307
0.05653476923076922
0.06279323076923077
0.06300184615384616
0.05674338461538461
0.042974769230769226
0.037967999999999995
0.010222153846153844
-0.03024923076923077
-0.06926030769230769
-0.10368184615384615
-0.11452984615384615
-0.13351384615384615
-0.157296
-0.17961784615384613
-0.19860184615384616
-0.19067446153846154
-0.1712732307692308
-0.14686523076923075
-0.10910584615384614
-0.058412307692307694
0.018775384615384614
0.11306953846153844
0.20110523076923076
0.2776670769230769
0.31772123076923076
0.32210215384615387
0.2943563076923077
0.23928184615384615
0.16730953846153845
0.07051199999999999
-0.029623384615384614
-0.12537784615384615
-0.18858830769230767
-0.19296923076923078
-0.1543753846153846
-0.07697907692307693
0.017523692307692306
0.11765907692307691
0.22447015384615385
0.3116713846153846
0.3648683076923077
0.36278215384615387
0.29644246153846154
0.1994363076923077
0.0897046153846154
-0.017523692307692306
-0.11098338461538461
-0.18921415384615384
-0.24324553846153843
-0.25471938461538457
-0.2261390769230769
-0.16647507692307692
-0.0880356923076923
-0.014394461538461538
0.04860738461538461
0.09763200000000001
0.14811692307692306
0.18128676923076922
0.17628
0.14164984615384615
0.0853236923076923
0.03296123076923077
-0.023990769230769232
-0.08219446153846154
-0.130176
-0.16876984615384616
-0.18149538461538461
-0.17440246153846153
-0.14457046153846154
-0.10201292307692307
-0.07092923076923077
-0.04965046153846154
-0.03483876923076923
-0.014603076923076923
0.0022947692307692304
-0.0014603076923076922
-0.01668923076923077
-0.03504738461538461
-0.052571076923076915
-0.06049846153846154
-0.06279323076923077
-0.07259815384615384
-0.08469784615384615
-0.0974233846153846
-0.10681107692307691
-0.09825784615384614
-0.08219446153846154
-0.06696553846153847
-0.05924676923076923
-0.05611753846153846
-0.03296123076923077
0.0012516923076923076
0.033169846153846154
0.06216738461538462
0.08198584615384615
0.10660246153846153
0.12767261538461538
0.13393107692307693
0.12037107692307693
0.08344615384615384
0.040679999999999994
-0.011473846153846154
-0.04714707692307692
-0.07551876923076924
-0.10159569230769232
-0.10493353846153847
-0.08991323076923076
-0.030040615384615384
0.058412307692307694
0.13935507692307691
0.1977673846153846
0.2261390769230769
0.22175815384615383
0.18858830769230767
0.14164984615384615
0.06529661538461538
-0.03379569230769231
-0.1395636923076923
-0.2207150769230769
-0.2540935384615385
-0.24512307692307692
-0.19192615384615386
-0.10785415384615385
0.008136
0.14185846153846154
0.27474646153846155
0.3836436923076923
0.4351716923076923
0.42307199999999995
0.35256
0.24408
0.1207883076923077
-0.014185846153846153
-0.1435273846153846
-0.24345415384615382
-0.2995716923076923
-0.2868461538461538
-0.22008923076923076
-0.12600369230769232
-0.018775384615384614
0.08365476923076923
0.17419384615384614
0.24762646153846155
0.2937304615384615
0.30436984615384616
0.26786215384615386
0.20110523076923076
0.11911938461538461
0.021696
-0.07280676923076923
-0.16021661538461537
-0.2330233846153846
-0.2753723076923077
-0.2768326153846154
-0.23469230769230767
-0.15896492307692306
-0.06759138461538462
0.020027076923076922
0.10138707692307691
0.1779489230769231
0.2369870769230769
0.27787569230769227
0.28893230769230765
0.2716172307692308
0.2355267692307692
0.18232984615384615
0.12537784615384615
0.05653476923076922
-0.012099692307692308
-0.07697907692307693
-0.1397723076923077
-0.184416
-0.2154996923076923
-0.22426153846153846
-0.20298276923076922
-0.15124615384615384
-0.07614461538461538
0.011265230769230769
0.10117846153846152
0.17628
0.22676492307692306
0.2453316923076923
0.22488738461538463
0.1639716923076923
0.07489292307692308
-0.02753723076923077
-0.12704676923076924
-0.20944984615384615
-0.2557624615384615
-0.2620209230769231
-0.23448369230769228
-0.16689230769230767
-0.07030338461538461
0.03942830769230769
0.15228923076923076
0.2572227692307692
0.3321156923076923
0.36904061538461536
0.36778892307692307
0.3294036923076923
0.2572227692307692
0.1656406153846154
0.05945538461538461
-0.051528
-0.14519630769230768
-0.21737723076923077
-0.2618123076923077
-0.2789187692307692
-0.26494153846153845
-0.21675138461538462
-0.143736
-0.0609156923076923
0.013768615384615384
0.06654830769230768
0.09304246153846155
0.10535076923076922
0.10535076923076922
0.08657538461538461
0.05507446153846154
0.010013538461538461
-0.03212676923076923
-0.06216738461538462
-0.08761846153846153
-0.10409907692307692
-0.12037107692307693
-0.124752
-0.11745046153846153
-0.10743692307692307
-0.08574092307692306
-0.06863446153846153
-0.04944184615384615
-0.022530461538461537
0.010222153846153844
0.05674338461538461
0.09491999999999999
0.12204
0.1358086153846154
0.13080184615384613
0.11724184615384614
0.09179076923076923
0.053614153846153846
0.005424
-0.05069353846153846
-0.10910584615384614
-0.16021661538461537
-0.18900553846153845
-0.20924123076923076
-0.23239753846153846
-0.2586830769230769
-0.29602523076923076
-0.3198073846153846
-0.29080984615384614
-0.18525046153846153
-0.04693846153846153
0.12350030769230769
0.290184
0.4318338461538461
0.5734836923076922
0.6460818461538461
0.6527575384615384
0.5446947692307692
0.3542289230769231
0.14519630769230768
-0.06341907692307691
-0.2517987692307692
-0.44914892307692306
-0.5665993846153846
-0.6160412307692308
-0.558672
-0.38030584615384616
-0.15792184615384616
0.09971815384615385
0.3248141538461538
0.5225815384615384
0.6452473846153846
0.6456646153846154
0.5307175384615385
0.32043323076923075
0.06070707692307692
-0.24053353846153847
-0.49921661538461537
-0.6913513846153846
-0.7841852307692306
-0.7405846153846153
-0.6076966153846154
-0.3863556923076923
-0.14728246153846153
0.07155507692307693
0.2774584615384615
0.40679999999999994
0.45040061538461534
0.42995630769230764
0.3575667692307692
0.2764153846153846
0.18775384615384613
0.08699261538461538
-0.003963692307692307
-0.08699261538461538
-0.14561353846153846
-0.18775384615384613
-0.21737723076923077
-0.22551323076923077
-0.20444307692307692
-0.1424843076923077
-0.07969107692307692
-0.016897846153846156
0.03880246153846154
0.06279323076923077
0.09053907692307692
0.103056
0.09158215384615384
0.08240307692307691
0.07155507692307693
0.08469784615384615
0.11202646153846153
0.11056615384615384
0.07531015384615385
0.002086153846153846
-0.09971815384615385
-0.20652923076923077
-0.31229723076923077
-0.39699507692307695
-0.43934399999999996
-0.41535323076923075
-0.31772123076923076
-0.1612596923076923
0.03713353846153846
0.22488738461538463
0.38656430769230765
0.5010941538461539
0.5305089230769231
0.4925409230769231
0.3957433846153846
0.25012984615384615
0.0892873846153846
-0.07197230769230768
-0.19964492307692308
-0.2601433846153846
-0.2689052307692308
-0.23844738461538462
-0.18399876923076922
-0.10222153846153846
0.007927384615384614
0.1287156923076923
0.22572184615384616
0.27182584615384614
0.29352184615384613
0.2795446153846154
0.24095076923076922
0.1858763076923077
0.08720123076923077
-0.010848
-0.086784
-0.13247076923076923
-0.11745046153846153
-0.07218092307692307
-0.018358153846153843
0.052571076923076915
0.11745046153846153
0.16730953846153845
0.18379015384615385
0.15750461538461538
0.10889723076923077
0.04944184615384615
-0.0050067692307692304
-0.041514461538461535
-0.04839876923076923
-0.03024923076923077
0.00855323076923077
0.06884307692307692
0.13226215384615383
0.18253846153846154
0.21174461538461536
0.2056947692307692
0.17481969230769231
0.11432123076923076
0.02086153846153846
-0.07426707692307692
-0.16897846153846155
-0.24554030769230767
-0.2828824615384615
-0.292896
-0.26306399999999996
-0.18942276923076923
-0.08448923076923077
0.03775938461538462
0.14978584615384616
0.24512307692307692
0.3031181538461538
0.3049956923076923
0.24574892307692306
0.13330523076923076
0.007301538461538462
-0.11974523076923077
-0.2288510769230769
-0.29873723076923075
-0.3369138461538461
-0.32314523076923074
-0.2480436923076923
-0.13914646153846155
-0.012099692307692308
0.09992676923076924
0.19004861538461537
0.26911384615384615
0.32627446153846157
0.3479704615384615
0.31229723076923077
0.2411593846153846
0.1462393846153846
0.0448523076923077
-0.04631261538461538
-0.12621230769230768
-0.18358153846153846
-0.22572184615384616
-0.24053353846153847
-0.21195323076923075
-0.15833907692307692
-0.0892873846153846
-0.02044430769230769
0.018983999999999997
0.04172307692307692
0.04819015384615385
0.04672984615384615
0.0446436923076923
0.02545107692307692
-0.0004172307692307692
-0.010639384615384617
0.0012516923076923076
0.03880246153846154
0.0855323076923077
0.12120553846153845
0.14916
0.17231630769230769
0.1913003076923077
0.18879692307692306
0.1639716923076923
0.1151556923076923
0.05736923076923077
0.015646153846153844
-0.007927384615384614
-0.011473846153846154
-0.0033378461538461535
0.005424
0.028163076923076923
0.06926030769230769
0.09596307692307693
0.116616
0.12037107692307693
0.10326461538461539
0.09012184615384615
0.06905169230769231
0.049233230769230765
0.021904615384615383
-0.013560000000000001
-0.045060923076923075
-0.05799507692307692
-0.05319692307692307
-0.04631261538461538
-0.03692492307692308
-0.03421292307692308
-0.03045784615384615
-0.01710646153846154
-0.0008344615384615384
0.02044430769230769
0.04380923076923077
0.050067692307692306
0.05194523076923077
0.04985907692307692
0.04401784615384615
0.03921969230769231
0.02273907692307692
-0.0004172307692307692
-0.027328615384615382
-0.06049846153846154
-0.08887015384615385
-0.11160923076923077
-0.138312
-0.15187199999999998
-0.15646153846153846
-0.14999446153846155
-0.12725538461538463
-0.10263876923076923
-0.07113784615384615
-0.03233538461538461
0.015646153846153844
0.06383630769230769
0.10013538461538461
0.12037107692307693
0.11265230769230769
0.08720123076923077
0.05444861538461539
0.0029206153846153843
-0.05403138461538461
-0.11828492307692307
-0.18066092307692305
-0.2157083076923077
-0.22718215384615387
-0.20465169230769228
-0.15187199999999998
-0.08949599999999999
-0.015854769230769228
0.065088
0.1449876923076923
0.21174461538461536
0.2482523076923077
0.25930892307692305
0.23239753846153846
0.18650215384615382
0.12808984615384614
0.0446436923076923
-0.040054153846153843
-0.13518276923076925
-0.21153599999999997
-0.25764
-0.2837169230769231
-0.27620676923076926
-0.2578486153846154
-0.222384
-0.15813046153846153
-0.07426707692307692
0.019609846153846155
0.10389046153846154
0.1637630769230769
0.200688
0.21508246153846153
0.21195323076923075
0.1802436923076923
0.12016246153846154
0.04276615384615385
-0.05194523076923077
-0.12725538461538463
-0.1860849230769231
-0.2236356923076923
-0.2275993846153846
-0.20798953846153845
-0.1543753846153846
-0.07510153846153846
0.020652923076923076
0.11828492307692307
0.19735015384615384
0.24679199999999998
0.2776670769230769
0.28893230769230765
0.2730775384615384
0.22697353846153845
0.14123261538461537
0.037967999999999995
-0.06446215384615385
-0.14874276923076923
-0.2056947692307692
-0.2411593846153846
-0.2540935384615385
-0.24512307692307692
-0.20423446153846153
-0.138312
-0.05674338461538461
0.021904615384615383
0.07739630769230768
0.11619876923076923
0.13998092307692306
0.13810338461538463
0.12099692307692309
0.08636676923076922
0.03108369230769231
-0.016272
-0.042974769230769226
-0.052153846153846155
-0.05757784615384615
-0.06341907692307691
-0.065088
-0.06070707692307692
-0.04631261538461538
-0.02545107692307692
-0.0070929230769230765
0.006049846153846154
0.015437538461538461
0.023782153846153845
0.0446436923076923
0.06383630769230769
0.07969107692307692
0.09554584615384615
0.10576799999999999
0.11703323076923078
0.11286092307692308
0.09512861538461538
0.05924676923076923
0.003755076923076923
-0.04860738461538461
-0.0974233846153846
-0.13643446153846153
-0.15875630769230767
-0.17377661538461536
-0.16042523076923076
-0.11452984615384615
-0.05194523076923077
0.032544
0.1151556923076923
0.18775384615384613
0.24303692307692307
0.27140861538461536
0.27871015384615383
0.2540935384615385
0.2075723076923077
0.14290153846153844
0.07092923076923077
0.01043076923076923
-0.04944184615384615
-0.09784061538461537
-0.13247076923076923
-0.1504116923076923
-0.13810338461538463
-0.1136953846153846
-0.084072
-0.053405538461538456
-0.03296123076923077
-0.011891076923076923
0.01814953846153846
0.043600615384615383
0.06884307692307692
0.07969107692307692
0.06946892307692307
0.06133292307692308
0.042348923076923076
0.02044430769230769
-0.01272553846153846
-0.06341907692307691
-0.11327815384615383
-0.15541846153846153
-0.16689230769230767
-0.15938215384615384
-0.14331876923076922
-0.1136953846153846
-0.07927384615384615
-0.026911384615384615
0.03755076923076923
0.09137353846153846
0.13601723076923075
0.15562707692307692
0.15646153846153846
0.14331876923076922
0.10138707692307691
0.04819015384615385
-0.022947692307692308
-0.09992676923076924
-0.16188553846153847
-0.19985353846153847
-0.20256553846153844
-0.18858830769230767
-0.15208061538461537
-0.08845292307692308
-0.008970461538461538
0.08135999999999999
0.16042523076923076
0.20924123076923076
0.2207150769230769
0.19505538461538463
0.14519630769230768
0.08511507692307693
0.015646153846153844
-0.05653476923076922
-0.11452984615384615
-0.146448
-0.15145476923076923
-0.13226215384615383
-0.0961716923076923
-0.05590892307692308
0.0008344615384615384
0.07092923076923077
0.13935507692307691
0.19547261538461536
0.214248
0.20506892307692307
0.1787833846153846
0.13497415384615385
0.0855323076923077
0.03483876923076923
-0.013768615384615384
-0.040262769230769234
-0.04631261538461538
-0.027328615384615382
0.005215384615384615
0.03024923076923077
0.054240000000000003
0.05820369230769231
0.05924676923076923
0.06487938461538462
0.05820369230769231
0.04088861538461538
0.013351384615384614
-0.009179076923076922
-0.023364923076923075
-0.021070153846153846
-0.010848
-0.015437538461538461
-0.03129230769230769
-0.04672984615384615
-0.052153846153846155
-0.043392
-0.02795446153846154
-0.012934153846153845
0.005424
0.028163076923076923
0.0609156923076923
0.10055261538461538
0.11807630769230769
0.11244369230769231
0.09095630769230768
0.05507446153846154
0.016480615384615385
-0.008761846153846153
-0.04756430769230769
-0.0855323076923077
-0.09909230769230769
-0.103056
-0.04902461538461538
-0.011265230769230769
0.12266584615384615
0.23364923076923078
0.1842073846153846
0.21821169230769227
0.1785747692307692
0.173568
0.15270646153846154
-0.006675692307692307
-0.12996738461538462
-0.314592
-0.3646596923076923
-0.36570276923076916
-0.3984553846153846
-0.3588184615384616
-0.35297723076923077
-0.1785747692307692
0.045060923076923075
0.24491446153846153
0.4612486153846154
0.48106707692307693
0.4950443076923077
0.4781464615384615
0.3675803076923077
0.28163076923076924
0.06967753846153846
-0.1070196923076923
-0.23072861538461537
-0.39511753846153846
-0.3909452307692307
-0.3490135384615385
-0.26097784615384617
-0.0961716923076923
0.00855323076923077
0.16209415384615386
0.2814221538461538
0.3738387692307692
0.4775206153846153
0.47126215384615383
0.41305846153846154
0.30854215384615385
0.2008966153846154
0.12725538461538463
-0.014603076923076923
-0.15270646153846154
-0.2703655384615385
-0.3577753846153846
-0.32898646153846156
-0.28851507692307693
-0.21487384615384614
-0.09784061538461537
0.0025033846153846152
0.15270646153846154
0.27474646153846155
0.3479704615384615
0.41910830769230767
0.41076369230769233
0.3884418461538462
0.3483876923076923
0.2509643076923077
0.14081538461538462
-0.002712
-0.12642092307692307
-0.24595753846153845
-0.3481790769230769
-0.4026276923076923
-0.40972061538461535
-0.33899999999999997
-0.26786215384615386
-0.18900553846153845
-0.05048492307692308
0.08490646153846154
0.21842030769230766
0.3152178461538461
0.3291950769230769
0.3087507692307692
0.22154953846153846
0.11327815384615383
-0.003129230769230769
-0.1693956923076923
-0.301032
-0.39699507692307695
-0.4453938461538462
-0.43058215384615384
-0.385104
-0.2703655384615385
-0.1070196923076923
0.059038153846153844
0.20798953846153845
0.31083692307692307
0.404088
0.4620830769230769
0.43392000000000003
0.3571495384615384
0.21299630769230768
0.058829538461538454
-0.05924676923076923
-0.18629353846153843
-0.2628553846153846
-0.30520430769230766
-0.30666461538461537
-0.22780799999999998
-0.14081538461538462
-0.032544
0.0853236923076923
0.17231630769230769
0.25117292307692307
0.2924787692307692
0.2872633846153846
0.233232
0.1316363076923077
0.035255999999999996
-0.05924676923076923
-0.14311015384615386
-0.22134092307692307
-0.2937304615384615
-0.3133403076923077
-0.3081249230769231
-0.2586830769230769
-0.17669723076923077
-0.11327815384615383
-0.02211323076923077
0.07677046153846154
0.15562707692307692
0.2154996923076923
0.22467876923076924
0.2157083076923077
0.19651569230769228
0.15145476923076923
0.1028473846153846
0.03629907692307692
-0.029832
-0.08636676923076922
-0.13726892307692307
-0.15416676923076922
-0.15291507692307693
-0.12162276923076921
-0.08177723076923075
-0.058829538461538454
-0.018775384615384614
0.01668923076923077
0.06571384615384615
0.12204
0.14081538461538462
0.1353913846153846
0.1045163076923077
0.07677046153846154
0.061750153846153844
0.009804923076923077
-0.06425353846153846
-0.13455692307692307
-0.18066092307692305
-0.17669723076923077
-0.15166338461538462
-0.11494707692307692
-0.07823076923076923
-0.041514461538461535
0.016480615384615385
0.06884307692307692
0.11077476923076923
0.13226215384615383
0.119328
0.09784061538461537
0.06863446153846153
0.04401784615384615
0.025659692307692307
0.005841230769230769
-0.003963692307692307
-0.02753723076923077
-0.051528
-0.04860738461538461
-0.037967999999999995
-0.043392
-0.06800861538461538
-0.09074769230769231
-0.08428061538461538
-0.04944184615384615
-0.004172307692307692
0.03024923076923077
0.03713353846153846
0.040679999999999994
0.05862092307692307
0.09074769230769231
0.10263876923076923
0.07405846153846153
0.040679999999999994
0.01668923076923077
0.009804923076923077
0.015020307692307692
0.005424
-0.0043809230769230765
-0.011682461538461537
-0.01668923076923077
-0.0033378461538461535
0.0
-0.005424
-0.011265230769230769
-0.011265230769230769
0.0043809230769230765
0.018358153846153843
0.03650769230769231
0.04714707692307692
0.042557538461538466
0.027120000000000002
-0.0035464615384615383
-0.02795446153846154
-0.06425353846153846
-0.11849353846153846
-0.17377661538461536
-0.22634769230769228
-0.2532590769230769
-0.25200738461538463
-0.2342750769230769
-0.20527753846153846
-0.18107815384615383
-0.14686523076923075
-0.08198584615384615
-0.014185846153846153
0.045060923076923075
0.07802215384615384
0.07739630769230768
0.07343261538461537
0.062376
0.041514461538461535
-0.002086153846153846
-0.06529661538461538
-0.10931446153846153
-0.13893784615384613
-0.13351384615384615
-0.0988836923076923
-0.05111076923076923
0.025659692307692307
0.10138707692307691
0.1760713846153846
0.23803015384615384
0.26640184615384616
0.2749550769230769
0.2620209230769231
0.22947692307692308
0.18900553846153845
0.13476553846153844
0.07885661538461539
0.03024923076923077
-0.018775384615384614
-0.056326153846153845
-0.07697907692307693
-0.07259815384615384
-0.06049846153846154
-0.04276615384615385
-0.0077187692307692304
0.033169846153846154
0.08490646153846154
0.12329169230769231
0.13726892307692307
0.13309661538461537
0.10827138461538462
0.073224
0.024408000000000003
-0.03275261538461539
-0.09387692307692307
-0.14394461538461537
-0.1597993846153846
-0.14311015384615386
-0.10743692307692307
-0.05298830769230769
0.019192615384615384
0.09930092307692308
0.1787833846153846
0.238656
0.26640184615384616
0.26348123076923075
0.2288510769230769
0.16897846153846155
0.09512861538461538
0.009179076923076922
-0.06863446153846153
-0.12329169230769231
-0.15833907692307692
-0.16418030769230768
-0.14206707692307693
-0.10389046153846154
-0.05069353846153846
0.009179076923076922
0.06905169230769231
0.12412615384615384
0.15938215384615384
0.17982646153846152
0.17294215384615383
0.13872923076923074
0.09158215384615384
0.03713353846153846
-0.021070153846153846
-0.08115138461538463
-0.12099692307692309
-0.13935507692307691
-0.13101046153846155
-0.09658892307692307
-0.05027630769230769
0.007301538461538462
0.05298830769230769
0.09325107692307691
0.13226215384615383
0.15270646153846154
0.15813046153846153
0.14582215384615385
0.12725538461538463
0.10117846153846152
0.06362769230769232
0.02273907692307692
-0.018983999999999997
-0.05048492307692308
-0.07364123076923076
-0.08574092307692306
-0.08094276923076923
-0.07197230769230768
-0.06133292307692308
-0.05236246153846154
-0.052153846153846155
-0.0448523076923077
-0.031918153846153846
-0.014394461538461538
0.002086153846153846
0.010639384615384617
0.03421292307692308
0.06341907692307691
0.0934596923076923
0.11536430769230768
0.11473846153846154
0.0961716923076923
0.06800861538461538
0.03880246153846154
0.0
-0.04547815384615384
-0.09325107692307691
-0.12621230769230768
-0.13184492307692308
-0.12016246153846154
-0.07593599999999999
-0.013560000000000001
0.05590892307692308
0.12788123076923075
0.1867107692307692
0.23260615384615385
0.238656
0.20652923076923077
0.14519630769230768
0.058412307692307694
-0.03942830769230769
-0.143736
-0.23385784615384617
-0.2985286153846154
-0.3285692307692308
-0.3148006153846154
-0.26160369230769226
-0.1779489230769231
-0.07906523076923076
0.016480615384615385
0.09679753846153846
0.15667015384615385
0.18525046153846153
0.18107815384615383
0.14457046153846154
0.08115138461538463
0.00855323076923077
-0.05757784615384615
-0.10639384615384614
-0.13872923076923074
-0.14999446153846155
-0.14185846153846154
-0.10910584615384614
-0.05778646153846154
-0.004798153846153846
0.04714707692307692
0.08156861538461539
0.10138707692307691
0.10827138461538462
0.09700615384615385
0.08240307692307691
0.06195876923076923
0.04109723076923077
0.02858030769230769
0.02044430769230769
0.022530461538461537
0.02586830769230769
0.02545107692307692
0.026702769230769228
0.02795446153846154
0.02858030769230769
0.023364923076923075
0.009596307692307692
-0.0022947692307692304
-0.0025033846153846152
0.009179076923076922
0.03609046153846154
0.07030338461538461
0.09971815384615385
0.12370892307692308
0.1397723076923077
0.15166338461538462
0.154584
0.1424843076923077
0.11452984615384615
0.07280676923076923
0.031709538461538456
-0.007510153846153846
-0.041514461538461535
-0.0678
-0.08720123076923077
-0.08386338461538462
-0.05194523076923077
0.0035464615384615383
0.06070707692307692
0.100344
0.12308307692307692
0.12808984615384614
0.12391753846153845
0.10243015384615384
0.06300184615384616
0.01710646153846154
-0.025659692307692307
-0.04985907692307692
-0.05444861538461539
-0.04172307692307692
-0.017315076923076923
0.011265230769230769
0.04652123076923077
0.08782707692307692
0.12558646153846154
0.15228923076923076
0.1504116923076923
0.11891076923076922
0.0717636923076923
0.017315076923076923
-0.02482523076923077
-0.05674338461538461
-0.07802215384615384
-0.078648
-0.061124307692307686
-0.0070929230769230765
0.06988615384615385
0.13622584615384614
0.17419384615384614
0.1842073846153846
0.1787833846153846
0.15082892307692305
0.09971815384615385
0.030040615384615384
-0.0446436923076923
-0.12037107692307693
-0.17669723076923077
-0.18274707692307693
-0.16480615384615382
-0.14999446153846155
-0.1424843076923077
-0.13434830769230768
-0.1070196923076923
-0.05528307692307692
-0.034630153846153845
-0.017315076923076923
-0.017315076923076923
-0.02086153846153846
0.0077187692307692304
0.029623384615384614
0.17648861538461538
0.1792006153846154
0.084072
0.08073415384615384
0.008344615384615384
0.06592246153846154
0.01272553846153846
-0.11181784615384616
-0.20715507692307691
-0.34943076923076927
-0.2780843076923077
-0.25847446153846154
-0.24679199999999998
-0.23803015384615384
-0.279336
-0.11286092307692308
0.02482523076923077
0.1869193846153846
0.28788923076923073
0.21111876923076925
0.22551323076923077
0.168144
0.10243015384615384
0.041514461538461535
-0.13768615384615385
-0.20402584615384614
-0.3116713846153846
-0.3947003076923077
-0.3054129230769231
-0.26619323076923074
-0.14749107692307692
-0.04380923076923077
0.006884307692307692
0.1218313846153846
0.16480615384615382
0.25200738461538463
0.3216849230769231
0.28434276923076923
0.2559710769230769
0.18983999999999998
0.1666836923076923
0.1422756923076923
0.017315076923076923
-0.09095630769230768
-0.21967199999999998
-0.2680707692307692
-0.233232
-0.241368
-0.19651569230769228
-0.1422756923076923
-0.05403138461538461
0.10243015384615384
0.20027076923076922
0.27453784615384613
0.3137575384615385
0.2937304615384615
0.3193901538461538
0.30708184615384615
0.23135446153846154
0.12016246153846154
-0.03984553846153846
-0.15938215384615384
-0.2749550769230769
-0.36278215384615387
-0.3978295384615384
-0.39052800000000004
-0.3012406153846154
-0.20944984615384615
-0.07030338461538461
0.10618523076923077
0.2303113846153846
0.3542289230769231
0.4209858461538461
0.43329415384615383
0.4145187692307692
0.31229723076923077
0.19714153846153845
0.04672984615384615
-0.11411261538461538
-0.19860184615384616
-0.26786215384615386
-0.30583015384615386
-0.3235624615384615
-0.31897292307692304
-0.222384
-0.09491999999999999
0.026285538461538457
0.11745046153846153
0.17690584615384616
0.26118646153846153
0.3087507692307692
0.3079163076923077
0.26681907692307694
0.1489513846153846
0.05090215384615384
-0.03233538461538461
-0.10535076923076922
-0.12537784615384615
-0.1652233846153846
-0.1718990769230769
-0.16167692307692308
-0.15604430769230768
-0.100344
-0.05799507692307692
-0.013768615384615384
0.023990769230769232
0.048816000000000005
0.086784
0.1097316923076923
0.14018953846153845
0.16584923076923075
0.16897846153846155
0.16793538461538463
0.14164984615384615
0.10660246153846153
0.06195876923076923
-0.017315076923076923
-0.08824430769230769
-0.15103753846153847
-0.19442953846153843
-0.18712800000000002
-0.16981292307692308
-0.14874276923076923
-0.12433476923076923
-0.08866153846153846
-0.0002086153846153846
0.10347323076923076
0.1783661538461538
0.21696000000000001
0.20944984615384615
0.19672430769230767
0.16626646153846153
0.10430769230769231
0.03775938461538462
-0.05090215384615384
-0.12350030769230769
-0.192552
-0.2540935384615385
-0.2730775384615384
-0.2868461538461538
-0.25471938461538457
-0.1846246153846154
-0.10827138461538462
-0.010639384615384617
0.07614461538461538
0.15875630769230767
0.22113230769230768
0.22843384615384613
0.21091015384615383
0.16438892307692307
0.10180430769230768
0.047772923076923074
-0.022530461538461537
-0.08574092307692306
-0.143736
-0.18399876923076922
-0.19192615384615386
-0.19359507692307693
-0.1635544615384615
-0.130176
-0.0936683076923077
-0.04735569230769231
-0.013768615384615384
0.03275261538461539
0.08365476923076923
0.13101046153846155
0.1733593846153846
0.19526400000000002
0.20027076923076922
0.19568123076923075
0.16751815384615384
0.11202646153846153
0.04631261538461538
-0.006675692307692307
-0.03838523076923077
-0.05757784615384615
-0.06425353846153846
-0.061124307692307686
-0.03942830769230769
0.008136
0.08699261538461538
0.18232984615384615
0.25451076923076926
0.29414769230769233
0.30562153846153844
0.29080984615384614
0.25764
0.19568123076923075
0.12099692307692309
0.05444861538461539
-0.015437538461538461
-0.07051199999999999
-0.10618523076923077
-0.12913292307692306
-0.1205796923076923
-0.08845292307692308
-0.037342153846153844
0.03108369230769231
0.10368184615384615
0.17252492307692308
0.21341353846153846
0.21779446153846155
0.18879692307692306
0.13518276923076925
0.07259815384615384
-0.003129230769230769
-0.07948246153846153
-0.13747753846153846
-0.184416
-0.20006215384615383
-0.17252492307692308
-0.11849353846153846
-0.048816000000000005
0.00855323076923077
0.06216738461538462
0.10368184615384615
0.10952307692307692
0.09012184615384615
0.03880246153846154
-0.029623384615384614
-0.09074769230769231
-0.13706030769230768
-0.15562707692307692
-0.14999446153846155
-0.12120553846153845
-0.0717636923076923
-0.014603076923076923
0.05507446153846154
0.11327815384615383
0.14916
0.1635544615384615
0.13643446153846153
0.08469784615384615
0.018358153846153843
-0.06195876923076923
-0.13434830769230768
-0.19609846153846153
-0.22697353846153845
-0.2154996923076923
-0.17419384615384614
-0.10347323076923076
-0.011891076923076923
0.08010830769230769
0.15228923076923076
0.20965846153846154
0.24408
0.23448369230769228
0.18107815384615383
0.10597661538461538
0.02795446153846154
-0.053405538461538456
-0.13455692307692307
-0.1858763076923077
-0.20632061538461538
-0.21091015384615383
-0.17982646153846152
-0.12496061538461539
-0.050067692307692306
0.026911384615384615
0.08949599999999999
0.15374953846153847
0.19693292307692306
0.20715507692307691
0.1856676923076923
0.138312
0.08761846153846153
0.02899753846153846
-0.024616615384615383
-0.06467076923076923
-0.09533723076923077
-0.11202646153846153
-0.12412615384615384
-0.119328
-0.09554584615384615
-0.058412307692307694
-0.013351384615384614
0.026911384615384615
0.07113784615384615
0.11682461538461539
0.14916
0.1718990769230769
0.18316430769230768
0.1787833846153846
0.15667015384615385
0.12621230769230768
0.10159569230769232
0.06321046153846153
0.01940123076923077
-0.018358153846153843
-0.05590892307692308
-0.07343261538461537
-0.07885661538461539
-0.06738276923076922
-0.042557538461538466
-0.016063384615384615
0.018983999999999997
0.061124307692307686
0.111192
0.15792184615384616
0.1867107692307692
0.18545907692307692
0.16334584615384617
0.12955015384615384
0.07468430769230769
0.008344615384615384
-0.06028984615384615
-0.12579507692307693
-0.1712732307692308
-0.1923433846153846
-0.19004861538461537
-0.17899199999999998
-0.1777403076923077
-0.16418030769230768
-0.12350030769230769
-0.07343261538461537
-0.021904615384615383
0.033169846153846154
0.09471138461538461
0.14999446153846155
0.19818461538461538
0.2342750769230769
0.23886461538461537
0.21237046153846154
0.14603076923076924
0.05924676923076923
-0.0446436923076923
-0.15875630769230767
-0.25930892307692305
-0.3387913846153846
-0.3727956923076923
-0.36257353846153845
-0.306456
-0.200688
-0.05799507692307692
0.0936683076923077
0.22405292307692307
0.32543999999999995
0.3815575384615385
0.38343507692307693
0.3246055384615385
0.21132738461538458
0.061124307692307686
-0.103056
-0.25471938461538457
-0.3775938461538461
-0.45373846153846153
-0.46688123076923077
-0.4072172307692307
-0.2926873846153846
-0.15103753846153847
0.004589538461538461
0.15354092307692307
0.279336
0.38072307692307694
0.43308553846153847
0.4188996923076923
0.3479704615384615
0.22008923076923076
0.06550523076923077
-0.08949599999999999
-0.24074215384615386
-0.35860984615384617
-0.4326683076923077
-0.4514436923076923
-0.39991569230769225
-0.3016578461538461
-0.17023015384615386
-0.024199384615384616
0.10931446153846153
0.23239753846153846
0.3202246153846154
0.3536030769230769
0.3517255384615385
0.30416123076923074
0.22676492307692306
0.13706030769230768
0.04088861538461538
-0.030040615384615384
-0.08845292307692308
-0.12433476923076923
-0.1356
-0.1314276923076923
-0.09304246153846155
-0.04652123076923077
0.006675692307692307
0.0717636923076923
0.13059323076923077
0.19985353846153847
0.2626467692307692
0.29581661538461534
0.31208861538461535
0.2899753846153846
0.2561796923076923
0.22029784615384615
0.1570873846153846
0.07906523076923076
-0.027745846153846152
-0.13852061538461538
-0.23385784615384617
-0.30666461538461537
-0.3392086153846154
-0.3415033846153846
-0.3008233846153846
-0.22676492307692306
-0.1289243076923077
-0.021070153846153846
0.06362769230769232
0.12913292307692306
0.15416676923076922
0.13706030769230768
0.100344
0.02858030769230769
-0.059872615384615385
-0.14519630769230768
-0.21696000000000001
-0.25284184615384614
-0.2497126153846154
-0.2125790769230769
-0.1506203076923077
-0.07927384615384615
0.0002086153846153846
0.08490646153846154
0.15291507692307693
0.20173107692307693
0.21445661538461538
0.19505538461538463
0.15333230769230768
0.08615815384615384
0.016480615384615385
-0.058412307692307694
-0.12037107692307693
-0.1506203076923077
-0.13872923076923074
-0.08198584615384615
-0.013560000000000001
0.0446436923076923
0.08511507692307693
0.10576799999999999
0.10117846153846152
0.06884307692307692
0.006467076923076923
-0.07635323076923077
-0.1777403076923077
-0.27182584615384614
-0.34692738461538464
-0.4022104615384615
-0.4291218461538462
-0.40617415384615385
-0.27412061538461535
-0.09408553846153846
0.14540492307692307
0.387816
0.5814110769230769
0.7731286153846153
0.8736812307692307
0.9116492307692308
0.8196498461538462
0.6001864615384616
0.3402516923076923
0.03024923076923077
-0.25513661538461535
-0.5069353846153847
-0.6761224615384615
-0.7364123076923076
-0.690516923076923
-0.5225815384615384
-0.27453784615384613
0.03609046153846154
0.35610646153846154
0.6068621538461538
0.7635323076923076
0.7883575384615383
0.6700726153846154
0.4758516923076923
0.18900553846153845
-0.1504116923076923
-0.4524867692307692
-0.7042855384615384
-0.7973279999999999
-0.7449655384615385
-0.5878781538461538
-0.3550633846153846
-0.12996738461538462
0.100344
0.29414769230769233
0.41431015384615383
0.4508178461538461
0.4053396923076923
0.33295015384615384
0.2751636923076923
0.22822523076923076
0.18796246153846152
0.13101046153846155
0.06696553846153847
0.011056615384615385
-0.055491692307692304
-0.11140061538461538
-0.1775316923076923
-0.24011630769230768
-0.26723630769230766
-0.2814221538461538
-0.26139507692307695
-0.225096
-0.1883796923076923
-0.12454338461538461
-0.05820369230769231
0.03421292307692308
0.14978584615384616
0.2674449230769231
0.3826006153846154
0.444768
0.4391353846153846
0.35193415384615384
0.1923433846153846
-0.008344615384615384
-0.23907323076923076
-0.443724923076923
-0.5739009230769231
-0.6062363076923076
-0.5159058461538462
-0.3454670769230769
-0.11202646153846153
0.15500123076923078
0.4022104615384615
0.6248030769230769
0.7597772307692308
0.7758406153846154
0.6867618461538461
0.5077698461538461
0.2951907692307692
0.07113784615384615
-0.1570873846153846
-0.3548547692307692
-0.4877427692307692
-0.5282141538461538
-0.4889944615384615
-0.38677292307692307
-0.22864246153846152
-0.04985907692307692
0.138312
0.2951907692307692
0.3915710769230769
0.43934399999999996
0.4015846153846154
0.28768061538461537
0.13998092307692306
-0.01710646153846154
-0.13747753846153846
-0.2090326153846154
-0.238656
-0.21737723076923077
-0.14394461538461537
-0.026494153846153844
0.09971815384615385
0.19755876923076923
0.2509643076923077
0.24908676923076922
0.20256553846153844
0.138312
0.06759138461538462
-0.003755076923076923
-0.073224
-0.11640738461538462
-0.11223507692307692
-0.06258461538461538
0.026285538461538457
0.10848000000000001
0.16856123076923077
0.21174461538461536
0.22300984615384614
0.2056947692307692
0.1368516923076923
0.010848
-0.13184492307692308
-0.27704123076923076
-0.3811403076923077
-0.4188996923076923
-0.4151446153846154
-0.3669544615384615
-0.2803790769230769
-0.15354092307692307
-0.005215384615384615
0.13372246153846154
0.25200738461538463
0.3229366153846154
0.34275507692307694
0.30416123076923074
0.22718215384615387
0.1422756923076923
0.03671630769230769
-0.07009476923076922
-0.1570873846153846
-0.21842030769230766
-0.22426153846153846
-0.18086953846153844
-0.10827138461538462
-0.014394461538461538
0.07051199999999999
0.14749107692307692
0.20944984615384615
0.23218892307692307
0.21299630769230768
0.15833907692307692
0.08761846153846153
0.017732307692307693
-0.03692492307692308
-0.07426707692307692
-0.09804923076923076
-0.1045163076923077
-0.09074769230769231
-0.07510153846153846
-0.06279323076923077
-0.06550523076923077
-0.09471138461538461
-0.13643446153846153
-0.18900553846153845
-0.23239753846153846
-0.2638984615384615
-0.27599815384615384
-0.2561796923076923
-0.20006215384615383
-0.11619876923076923
-0.006049846153846154
0.11452984615384615
0.22947692307692308
0.33357600000000004
0.3919883076923077
0.4080516923076923
0.3594443076923077
0.24866953846153847
0.09930092307692308
-0.07197230769230768
-0.2303113846153846
-0.3565236923076923
-0.4280787692307692
-0.44038707692307694
-0.38072307692307694
-0.25951753846153847
-0.0934596923076923
0.09408553846153846
0.2620209230769231
0.3863556923076923
0.44414215384615385
0.4318338461538461
0.35860984615384617
0.23490092307692306
0.07072061538461538
-0.10430769230769231
-0.2638984615384615
-0.37592492307692305
-0.417648
-0.4024190769230769
-0.34066892307692304
-0.24554030769230767
-0.11724184615384614
0.029414769230769227
0.16501476923076921
0.26640184615384616
0.3087507692307692
0.2966510769230769
0.2411593846153846
0.1476996923076923
0.03108369230769231
-0.09491999999999999
-0.20673784615384616
-0.2807963076923077
-0.31250584615384613
-0.28851507692307693
-0.22008923076923076
-0.13601723076923075
-0.041514461538461535
0.03963692307692308
0.09721476923076922
0.1218313846153846
0.10430769230769231
0.05236246153846154
-0.03379569230769231
-0.119328
-0.18107815384615383
-0.20632061538461538
-0.19526400000000002
-0.1656406153846154
-0.11578153846153846
-0.06049846153846154
0.010639384615384617
0.09179076923076923
0.13852061538461538
0.1504116923076923
0.12934153846153845
0.08907876923076924
0.04860738461538461
0.0050067692307692304
-0.026911384615384615
-0.04944184615384615
-0.05069353846153846
-0.012308307692307691
0.051528
0.12496061538461539
0.18963138461538462
0.23469230769230767
0.25972615384615383
0.26222953846153846
0.24574892307692306
0.20465169230769228
0.12725538461538463
0.03400430769230769
-0.06133292307692308
-0.146448
-0.20632061538461538
-0.24679199999999998
-0.24574892307692306
-0.21758584615384616
-0.1656406153846154
-0.07781353846153846
0.009804923076923077
0.08824430769230769
0.13601723076923075
0.15291507692307693
0.15249784615384615
0.1314276923076923
0.09512861538461538
0.0446436923076923
-0.011891076923076923
-0.05674338461538461
-0.07531015384615385
-0.06988615384615385
-0.04735569230769231
-0.02273907692307692
0.004798153846153846
0.03650769230769231
0.07134646153846153
0.10806276923076923
0.12934153846153845
0.13601723076923075
0.132888
0.12579507692307693
0.1178676923076923
0.09533723076923077
0.05799507692307692
0.01668923076923077
-0.017315076923076923
-0.03942830769230769
-0.04214030769230769
-0.040262769230769234
-0.04985907692307692
-0.06529661538461538
-0.07781353846153846
-0.07364123076923076
-0.06258461538461538
-0.04756430769230769
-0.029206153846153847
-0.01981846153846154
-0.007301538461538462
0.007927384615384614
0.015854769230769228
0.015646153846153844
-0.005215384615384615
-0.03108369230769231
-0.048816000000000005
-0.059872615384615385
-0.050067692307692306
-0.041514461538461535
-0.03504738461538461
-0.018358153846153843
0.006258461538461538
0.049233230769230765
0.0853236923076923
0.10222153846153846
0.10263876923076923
0.0798996923076923
0.06592246153846154
0.06696553846153847
0.059038153846153844
0.03775938461538462
0.010013538461538461
-0.005215384615384615
-0.013351384615384614
-0.021278769230769233
-0.030040615384615384
-0.04422646153846154
-0.047772923076923074
-0.04088861538461538
-0.02273907692307692
0.008344615384615384
0.031709538461538456
0.051528
0.06675692307692307
0.08302892307692307
0.11077476923076923
0.12788123076923075
0.132888
0.13372246153846154
0.13184492307692308
0.13998092307692306
0.1531236923076923
0.16334584615384617
0.1712732307692308
0.16584923076923075
0.16105107692307694
0.15813046153846153
0.14477907692307693
0.12496061538461539
0.08991323076923076
0.05590892307692308
0.02795446153846154
-0.0035464615384615383
-0.02899753846153846
-0.053614153846153846
-0.084072
-0.1207883076923077
-0.1395636923076923
-0.12558646153846154
-0.09658892307692307
-0.05924676923076923
-0.017523692307692306
0.02545107692307692
0.06279323076923077
0.084072
0.09658892307692307
0.09116492307692307
0.06070707692307692
0.012934153846153845
-0.05069353846153846
-0.103056
-0.146448
-0.18379015384615385
-0.19046584615384615
-0.16501476923076921
-0.09804923076923076
-0.003129230769230769
0.09867507692307692
0.19839323076923077
0.2695310769230769
0.3141747692307692
0.3346190769230769
0.31000246153846156
0.24470584615384613
0.1449876923076923
0.031918153846153846
-0.07384984615384615
-0.157296
-0.20778092307692309
-0.21883753846153844
-0.17982646153846152
-0.10201292307692307
0.0029206153846153843
0.10827138461538462
0.1977673846153846
0.26118646153846153
0.28809784615384615
0.2776670769230769
0.23218892307692307
0.15646153846153846
0.055491692307692304
-0.055491692307692304
-0.15875630769230767
-0.23364923076923078
-0.2724516923076923
-0.2749550769230769
-0.24074215384615386
-0.17148184615384612
-0.07218092307692307
0.031709538461538456
0.12683815384615382
0.20798953846153845
0.25471938461538457
0.26452430769230767
0.23490092307692306
0.17273353846153844
0.084072
-0.02753723076923077
-0.13038461538461538
-0.20256553846153844
-0.23531815384615382
-0.22822523076923076
-0.1869193846153846
-0.12516923076923075
-0.05862092307692307
0.0002086153846153846
0.05069353846153846
0.08010830769230769
0.08302892307692307
0.061124307692307686
0.02586830769230769
-0.003755076923076923
-0.030875076923076922
-0.047772923076923074
-0.06905169230769231
-0.08574092307692306
-0.09095630769230768
-0.09450276923076922
-0.09283384615384616
-0.09325107692307691
-0.09450276923076922
-0.09512861538461538
-0.07155507692307693
-0.03629907692307692
0.006675692307692307
0.051319384615384614
0.07572738461538461
0.09241661538461539
0.09533723076923077
0.092208
0.07238953846153846
0.03129230769230769
-0.037967999999999995
-0.12850707692307692
-0.19860184615384616
-0.2369870769230769
-0.23907323076923076
-0.21174461538461536
-0.18545907692307692
-0.13747753846153846
-0.040262769230769234
0.10180430769230768
0.29039261538461536
0.35339446153846155
0.30416123076923074
0.23969907692307693
0.13872923076923074
0.13643446153846153
0.03588184615384615
-0.18399876923076922
-0.36403384615384615
-0.5217470769230769
-0.48628246153846155
-0.4141015384615384
-0.3212676923076923
-0.21132738461538458
-0.11891076923076922
0.14686523076923075
0.3682061538461538
0.5653476923076923
0.6496283076923076
0.5282141538461538
0.43809230769230767
0.24574892307692306
0.08115138461538463
-0.06154153846153846
-0.29873723076923075
-0.4053396923076923
-0.5159058461538462
-0.5446947692307692
-0.41618769230769226
-0.3049956923076923
-0.09179076923076923
0.07927384615384615
0.173568
0.3068732307692308
0.35923569230769226
0.4214030769230769
0.41681353846153846
0.28434276923076923
0.13706030769230768
-0.05277969230769231
-0.16334584615384617
-0.23844738461538462
-0.3554806153846154
-0.4174393846153846
-0.4485230769230769
-0.36904061538461536
-0.20798953846153845
-0.09596307692307693
0.03024923076923077
0.11223507692307692
0.18191261538461537
0.29769415384615383
0.33899999999999997
0.3594443076923077
0.33587076923076925
0.2526332307692308
0.20298276923076922
0.11703323076923078
0.015228923076923076
-0.08636676923076922
-0.20778092307692309
-0.27453784615384613
-0.31834707692307695
-0.32377107692307694
-0.28350830769230767
-0.21091015384615383
-0.0892873846153846
0.011265230769230769
0.13351384615384615
0.26118646153846153
0.3321156923076923
0.3817661538461538
0.3452584615384615
0.26306399999999996
0.1794092307692308
0.040679999999999994
-0.09241661538461539
-0.2369870769230769
-0.3571495384615384
-0.3955347692307692
-0.40200184615384615
-0.3510996923076923
-0.27787569230769227
-0.17440246153846153
0.0035464615384615383
0.18253846153846154
0.3327415384615385
0.41910830769230767
0.45269538461538456
0.48357046153846156
0.43934399999999996
0.327108923076923
0.16167692307692308
-0.05945538461538461
-0.23156307692307693
-0.37029230769230764
-0.46396061538461536
-0.46896738461538456
-0.4460196923076923
-0.3412947692307692
-0.17565415384615385
-0.004589538461538461
0.1994363076923077
0.360696
0.4746
0.5250849230769231
0.47606030769230767
0.3780110769230769
0.22989415384615383
0.07384984615384615
-0.078648
-0.23218892307692307
-0.3415033846153846
-0.4253667692307692
-0.4349630769230769
-0.35965292307692304
-0.25764
-0.10889723076923077
0.03150092307692308
0.16793538461538463
0.3235624615384615
0.4174393846153846
0.46145723076923073
0.4360061538461539
0.3479704615384615
0.2526332307692308
0.1205796923076923
-0.01981846153846154
-0.15520984615384617
-0.2776670769230769
-0.3375396923076923
-0.34880492307692307
-0.30854215384615385
-0.2261390769230769
-0.1314276923076923
-0.02586830769230769
0.051528
0.1070196923076923
0.15541846153846153
0.17461107692307692
0.19505538461538463
0.1860849230769231
0.13455692307692307
0.08490646153846154
0.026494153846153844
-0.009596307692307692
-0.03337846153846154
-0.08511507692307693
-0.13205353846153844
-0.16480615384615382
-0.1704387692307692
-0.14540492307692307
-0.11432123076923076
-0.07927384615384615
-0.04380923076923077
0.007927384615384614
0.07468430769230769
0.13309661538461537
0.17440246153846153
0.1777403076923077
0.15541846153846153
0.11098338461538461
0.049233230769230765
-0.0025033846153846152
-0.0609156923076923
-0.12496061538461539
-0.18525046153846153
-0.23907323076923076
-0.2563883076923077
-0.233232
-0.1733593846153846
-0.09658892307692307
-0.015854769230769228
0.08469784615384615
0.19004861538461537
0.2858030769230769
0.33899999999999997
0.3212676923076923
0.25847446153846154
0.1666836923076923
0.0771876923076923
0.0029206153846153843
-0.07551876923076924
-0.12621230769230768
-0.14832553846153845
-0.127464
-0.05674338461538461
0.015228923076923076
0.09095630769230768
0.1614683076923077
0.21341353846153846
0.265776
0.3031181538461538
0.30833353846153844
0.28955815384615385
0.24282830769230768
0.18629353846153843
0.1207883076923077
0.05277969230769231
-0.005632615384615384
-0.06279323076923077
-0.10096984615384616
-0.127464
-0.12245723076923076
-0.08699261538461538
-0.053614153846153846
-0.023364923076923075
-0.008136
-0.0033378461538461535
0.0012516923076923076
0.0029206153846153843
0.006884307692307692
0.005215384615384615
-0.014394461538461538
-0.024408000000000003
-0.016480615384615385
-0.007510153846153846
0.006258461538461538
-0.003963692307692307
-0.026076923076923077
-0.031918153846153846
-0.037342153846153844
-0.03400430769230769
-0.045895384615384616
-0.06571384615384615
-0.07072061538461538
-0.06279323076923077
-0.028163076923076923
0.007510153846153846
0.03358707692307692
0.04860738461538461
0.05570030769230769
0.06654830769230768
0.05945538461538461
0.03504738461538461
0.005424
-0.03713353846153846
-0.08052553846153847
-0.11452984615384615
-0.13872923076923074
-0.13998092307692306
-0.130176
-0.11348676923076922
-0.08428061538461538
-0.05194523076923077
-0.007301538461538462
0.03337846153846154
0.06467076923076923
0.0855323076923077
0.0936683076923077
0.10368184615384615
0.10076123076923077
0.07969107692307692
0.04088861538461538
-0.009179076923076922
-0.042348923076923076
-0.061750153846153844
-0.07238953846153846
-0.07030338461538461
-0.06300184615384616
-0.02232184615384615
0.03859384615384615
0.09491999999999999
0.14665661538461539
0.17669723076923077
0.1873366153846154
0.173568
0.143736
0.09658892307692307
0.02545107692307692
-0.04401784615384615
-0.09992676923076924
-0.1356
-0.1424843076923077
-0.12579507692307693
-0.08428061538461538
-0.02545107692307692
0.037967999999999995
0.11327815384615383
0.17982646153846152
0.22822523076923076
0.25847446153846154
0.24992123076923078
0.2194633846153846
0.17398523076923075
0.11098338461538461
0.040679999999999994
-0.031918153846153846
-0.08866153846153846
-0.12558646153846154
-0.13476553846153844
-0.10722830769230769
-0.06425353846153846
-0.009387692307692307
0.05757784615384615
0.12412615384615384
0.19046584615384615
0.23677846153846152
0.24741784615384615
0.22154953846153846
0.16251138461538459
0.0936683076923077
0.011682461538461537
-0.08219446153846154
-0.17961784615384613
-0.2697396923076923
-0.3246055384615385
-0.33899999999999997
-0.3062473846153846
-0.24074215384615386
-0.15896492307692306
-0.05653476923076922
0.05048492307692308
0.14144123076923076
0.1990190769230769
0.20944984615384615
0.1802436923076923
0.11891076923076922
0.04088861538461538
-0.030040615384615384
-0.10013538461538461
-0.15687876923076924
-0.18170399999999998
-0.16897846153846155
-0.11286092307692308
-0.03838523076923077
0.040262769230769234
0.11160923076923077
0.16167692307692308
0.19881046153846152
0.2125790769230769
0.20047938461538461
0.16251138461538459
0.09950953846153845
0.037342153846153844
-0.01710646153846154
-0.05382276923076923
-0.07051199999999999
-0.0880356923076923
-0.09700615384615385
-0.09512861538461538
-0.08574092307692306
-0.06613107692307692
-0.05173661538461538
-0.041514461538461535
-0.03483876923076923
-0.03567323076923076
-0.02545107692307692
-0.021696
-0.04130584615384615
-0.059872615384615385
-0.07677046153846154
-0.07781353846153846
-0.06195876923076923
-0.044435076923076924
-0.020652923076923076
-0.005632615384615384
0.0029206153846153843
0.003129230769230769
-0.010639384615384617
-0.03483876923076923
-0.07092923076923077
-0.103056
-0.1207883076923077
-0.116616
-0.08344615384615384
-0.03379569230769231
0.022947692307692308
0.078648
0.111192
0.11974523076923077
0.09950953846153845
0.03880246153846154
-0.03859384615384615
-0.11557292307692307
-0.17252492307692308
-0.19714153846153845
-0.19588984615384614
-0.17023015384615386
-0.11348676923076922
-0.03400430769230769
0.06300184615384616
0.16626646153846153
0.23928184615384615
0.27787569230769227
0.28121353846153846
0.2559710769230769
0.20235692307692305
0.12767261538461538
0.03692492307692308
-0.054240000000000003
-0.12350030769230769
-0.17002153846153847
-0.17523692307692307
-0.1422756923076923
-0.073224
0.028371692307692306
0.1504116923076923
0.26619323076923074
0.3581926153846154
0.4118067692307692
0.40617415384615385
0.33962584615384617
0.22154953846153846
0.07238953846153846
-0.0826116923076923
-0.22572184615384616
-0.34358953846153845
-0.40700861538461536
-0.40992923076923077
-0.3517255384615385
-0.23907323076923076
-0.10472492307692308
0.0448523076923077
0.1881710769230769
0.30207507692307695
0.38030584615384616
0.3978295384615384
0.3481790769230769
0.24846092307692308
0.12433476923076923
-0.0018775384615384615
-0.11348676923076922
-0.20652923076923077
-0.26723630769230766
-0.2837169230769231
-0.25200738461538463
-0.18170399999999998
-0.09199938461538461
0.0004172307692307692
0.073224
0.13914646153846155
0.1883796923076923
0.21445661538461538
0.21758584615384616
0.1881710769230769
0.13893784615384613
0.07364123076923076
-0.0006258461538461538
-0.078648
-0.16042523076923076
-0.2411593846153846
-0.29227015384615385
-0.31104553846153843
-0.29498215384615384
-0.2422024615384615
-0.18107815384615383
-0.11599015384615384
-0.0853236923076923
-0.058829538461538454
-0.04130584615384615
-0.04819015384615385
-0.07781353846153846
-0.14311015384615386
-0.17982646153846152
-0.1846246153846154
-0.13080184615384613
0.005424
0.2221753846153846
0.37050092307692306
0.5067267692307692
0.6636055384615385
0.7533101538461537
0.8425975384615385
0.7437138461538461
0.517992
0.17502830769230768
-0.22551323076923077
-0.5432344615384616
-0.89496
-1.135284923076923
-1.2792295384615384
-1.2416787692307694
-0.9479483076923076
-0.527796923076923
0.04860738461538461
0.5830799999999999
1.034940923076923
1.3987661538461538
1.5412504615384615
1.509958153846154
1.2212344615384616
0.7278590769230769
0.1792006153846154
-0.4418473846153846
-0.9615083076923076
-1.318032
-1.530611076923077
-1.4955636923076923
-1.3073926153846154
-0.9456535384615384
-0.45060923076923076
0.07092923076923077
0.6248030769230769
1.0724916923076921
1.3662221538461539
1.499736
1.4496683076923078
1.2694246153846154
0.9266695384615384
0.45332123076923075
-0.05090215384615384
-0.5567944615384616
-0.9412726153846153
-1.2039193846153846
-1.356625846153846
-1.3301316923076922
-1.1884818461538462
-0.9055993846153846
-0.5225815384615384
-0.13768615384615385
0.2712
0.6327304615384615
0.9306332307692307
1.1747132307692307
1.27464
1.2375064615384614
1.0447458461538461
0.7220178461538461
0.3193901538461538
-0.15959076923076923
-0.6312701538461538
-1.0601833846153845
-1.3647618461538462
-1.512252923076923
-1.516633846153846
-1.2977963076923076
-0.9053907692307691
-0.3832264615384615
0.24303692307692307
0.8586609230769231
1.4096141538461537
1.797430153846154
1.95264
1.8844227692307691
1.5577310769230768
1.039321846153846
0.4124326153846154
-0.2753723076923077
-0.9076855384615384
-1.422131076923077
-1.750908923076923
-1.8341464615384615
-1.6864467692307692
-1.3157372307692308
-0.7823076923076923
-0.13789476923076924
0.5536652307692308
1.1661599999999999
1.615308923076923
1.8303913846153848
1.7869993846153844
1.5297766153846153
1.0797932307692308
0.5094387692307691
-0.09554584615384615
-0.6871790769230769
-1.1601101538461538
-1.465523076923077
-1.5802615384615384
-1.4749107692307692
-1.204753846153846
-0.7937815384615384
-0.2914356923076923
0.21862892307692305
0.686136
1.0389046153846153
1.2496061538461538
1.3063495384615385
1.2003729230769231
0.9635944615384615
0.6241772307692307
0.23782153846153845
-0.14957723076923077
-0.4950443076923077
-0.7533101538461537
-0.9266695384615384
-0.9969729230769231
-0.9542067692307693
-0.8259083076923076
-0.6214652307692308
-0.36340799999999995
-0.08574092307692306
0.20277415384615383
0.4514436923076923
0.631896
0.7497636923076922
0.7812646153846153
0.7432966153846153
0.6241772307692307
0.4322510769230769
0.1990190769230769
-0.06028984615384615
-0.2979027692307692
-0.5144455384615384
-0.6886393846153845
-0.7919039999999999
-0.8171464615384615
-0.7349519999999999
-0.5734836923076922
-0.34984799999999994
-0.07489292307692308
0.20819815384615384
0.49921661538461537
0.7462172307692307
0.89496
0.946488
0.877019076923077
0.7117956923076924
0.4756430769230769
0.18483323076923078
-0.11390399999999999
-0.3957433846153846
-0.609156923076923
-0.7307796923076922
-0.7568566153846153
-0.6759138461538462
-0.5188264615384615
-0.30708184615384615
-0.0744756923076923
0.15187199999999998
0.35923569230769226
0.5100646153846153
0.5943452307692307
0.5972658461538461
0.5282141538461538
0.4216116923076923
0.292896
0.15562707692307692
0.014811692307692307
-0.10827138461538462
-0.1800350769230769
-0.19046584615384615
-0.15249784615384615
-0.08135999999999999
-0.015646153846153844
0.029414769230769227
0.06821723076923077
0.1045163076923077
0.13080184615384613
0.11619876923076923
0.07781353846153846
0.04088861538461538
0.018358153846153843
0.02524246153846154
0.03755076923076923
0.06362769230769232
0.10055261538461538
0.13664307692307692
0.17982646153846152
0.19526400000000002
0.16710092307692306
0.09867507692307692
-0.010848
-0.12808984615384614
-0.2342750769230769
-0.31229723076923077
-0.34692738461538464
-0.3467187692307692
-0.29185292307692307
-0.18650215384615382
-0.042974769230769226
0.12537784615384615
0.2628553846153846
0.35276861538461535
0.3780110769230769
0.32836061538461536
0.24032492307692307
0.12245723076923076
-0.021487384615384613
-0.17732307692307692
-0.3314898461538462
-0.4303735384615384
-0.4581193846153846
-0.43579753846153846
-0.36299076923076923
-0.2682793846153846
-0.14477907692307693
0.011891076923076923
0.1614683076923077
0.2764153846153846
0.3246055384615385
0.3054129230769231
0.23364923076923078
0.11974523076923077
-0.009596307692307692
-0.15124615384615384
-0.2818393846153846
-0.3669544615384615
-0.4078430769230769
-0.3903193846153846
-0.3291950769230769
-0.2540935384615385
-0.1704387692307692
-0.09971815384615385
-0.02899753846153846
0.030875076923076922
0.06028984615384615
0.07614461538461538
0.07760492307692309
0.0744756923076923
0.07739630769230768
0.08636676923076922
0.09596307692307693
0.08323753846153846
0.05048492307692308
0.014185846153846153
-0.022530461538461537
-0.05611753846153846
-0.10931446153846153
-0.17002153846153847
-0.21612553846153845
-0.23615261538461538
-0.2056947692307692
-0.15291507692307693
-0.08052553846153847
0.004589538461538461
0.07823076923076923
0.15416676923076922
0.21800307692307694
0.2482523076923077
0.2275993846153846
0.14916
0.05486584615384615
-0.029206153846153847
-0.11077476923076923
-0.17085599999999998
-0.2056947692307692
-0.20047938461538461
-0.14540492307692307
-0.06070707692307692
0.05653476923076922
0.1718990769230769
0.2559710769230769
0.3198073846153846
0.3548547692307692
0.3636166153846153
0.33962584615384617
0.2626467692307692
0.1558356923076923
0.040054153846153843
-0.05486584615384615
-0.10660246153846153
-0.1358086153846154
-0.1353913846153846
-0.10743692307692307
-0.04276615384615385
0.06258461538461538
0.1760713846153846
0.28434276923076923
0.35339446153846155
0.37947138461538454
0.37237846153846155
0.3248141538461538
0.23198030769230768
0.09012184615384615
-0.05736923076923077
-0.1858763076923077
-0.2872633846153846
-0.33983446153846153
-0.3392086153846154
-0.29227015384615385
-0.21508246153846153
-0.11578153846153846
0.002086153846153846
0.11974523076923077
0.20506892307692307
0.24095076923076922
0.2273907692307692
0.1718990769230769
0.08887015384615385
-0.014603076923076923
-0.11745046153846153
-0.20819815384615384
-0.2670276923076923
-0.2780843076923077
-0.24011630769230768
-0.15896492307692306
-0.07155507692307693
0.021696
0.11828492307692307
0.19526400000000002
0.24679199999999998
0.2509643076923077
0.20423446153846153
0.12537784615384615
0.023782153846153845
-0.07551876923076924
-0.15771323076923077
-0.2225926153846154
-0.2618123076923077
-0.2624381538461539
-0.21070153846153844
-0.124752
-0.01814953846153846
0.09074769230769231
0.1802436923076923
0.2591003076923077
0.3039526153846154
0.3129230769230769
0.2906012307692308
0.21904615384615383
0.12245723076923076
0.019192615384615384
-0.07781353846153846
-0.14728246153846153
-0.19881046153846152
-0.2238443076923077
-0.22467876923076924
-0.21091015384615383
-0.17481969230769231
-0.13706030769230768
-0.10514215384615383
-0.07364123076923076
-0.04672984615384615
-0.016480615384615385
0.014603076923076923
0.04214030769230769
0.06717415384615384
0.07343261538461537
0.07614461538461538
0.07572738461538461
0.06633969230769231
0.042348923076923076
-0.012516923076923077
-0.07405846153846153
-0.132888
-0.1842073846153846
-0.19818461538461538
-0.1860849230769231
-0.15333230769230768
-0.09325107692307691
-0.02044430769230769
0.07739630769230768
0.16689230769230767
0.2209236923076923
0.25242461538461536
0.25054707692307693
0.23448369230769228
0.20173107692307693
0.14582215384615385
0.07572738461538461
-0.007301538461538462
-0.07531015384615385
-0.11745046153846153
-0.1368516923076923
-0.12579507692307693
-0.10639384615384614
-0.0717636923076923
-0.013142769230769229
0.045895384615384616
0.11077476923076923
0.15145476923076923
0.16105107692307694
0.1543753846153846
0.11578153846153846
0.06279323076923077
-0.0016689230769230767
-0.07113784615384615
-0.11995384615384615
-0.15082892307692305
-0.154584
-0.12788123076923075
-0.09554584615384615
-0.05820369230769231
-0.026285538461538457
0.0035464615384615383
0.0448523076923077
0.07134646153846153
0.08615815384615384
0.08720123076923077
0.07843938461538462
0.0855323076923077
0.10138707692307691
0.12767261538461538
0.15875630769230767
0.1794092307692308
0.18775384615384613
0.1800350769230769
0.1570873846153846
0.1178676923076923
0.059664
-0.005215384615384615
-0.05528307692307692
-0.08094276923076923
-0.0826116923076923
-0.06633969230769231
-0.033169846153846154
0.016063384615384615
0.07802215384615384
0.154584
0.22426153846153846
0.2666104615384615
0.26786215384615386
0.2261390769230769
0.15959076923076923
0.0717636923076923
-0.03296123076923077
-0.13789476923076924
-0.22822523076923076
-0.29185292307692307
-0.30207507692307695
-0.2799618461538461
-0.2194633846153846
-0.13706030769230768
-0.07551876923076924
0.0050067692307692304
0.08428061538461538
0.15625292307692307
0.19651569230769228
0.18399876923076922
0.13247076923076923
0.08302892307692307
0.03483876923076923
0.06613107692307692
0.1314276923076923
-0.003963692307692307
-0.09950953846153845
-0.17231630769230769
-0.1994363076923077
-0.04526953846153846
-0.10994030769230768
-0.19735015384615384
-0.26306399999999996
-0.28017046153846153
-0.08010830769230769
-0.0029206153846153843
0.0717636923076923
0.02858030769230769
0.03108369230769231
0.2209236923076923
0.2995716923076923
0.41076369230769233
0.28017046153846153
0.09450276923076922
0.03629907692307692
-0.11411261538461538
-0.09825784615384614
-0.19213476923076922
-0.3235624615384615
-0.2791273846153846
-0.3577753846153846
-0.24866953846153847
-0.07343261538461537
0.0077187692307692304
0.2221753846153846
0.25972615384615383
0.2828824615384615
0.3577753846153846
0.30666461538461537
0.33983446153846153
0.24449723076923074
0.06049846153846154
-0.0853236923076923
-0.24637476923076923
-0.2480436923076923
-0.2737033846153846
-0.3402516923076923
-0.3473446153846154
-0.34275507692307694
-0.1696043076923077
0.011265230769230769
0.10493353846153847
0.21612553846153845
0.23281476923076924
0.295608
0.3684147692307692
0.3131316923076923
0.27140861538461536
0.1570873846153846
0.04819015384615385
0.03066646153846154
-0.04130584615384615
-0.0892873846153846
-0.14561353846153846
-0.22029784615384615
-0.20944984615384615
-0.18212123076923076
-0.13434830769230768
-0.07405846153846153
0.01814953846153846
0.12329169230769231
0.17586276923076924
0.25805723076923076
0.3045784615384615
0.3216849230769231
0.3210590769230769
0.20652923076923077
0.11348676923076922
0.021904615384615383
-0.09846646153846153
-0.1787833846153846
-0.2897667692307692
-0.33002953846153843
-0.3068732307692308
-0.2737033846153846
-0.18149538461538461
-0.11411261538461538
-0.012934153846153845
0.14978584615384616
0.2807963076923077
0.35798399999999997
0.35047384615384614
0.31188
0.2712
0.17648861538461538
0.05924676923076923
-0.111192
-0.2845513846153846
-0.3479704615384615
-0.3821833846153846
-0.3392086153846154
-0.23886461538461537
-0.15082892307692305
0.018358153846153843
0.15792184615384616
0.26160369230769226
0.36904061538461536
0.38990215384615384
0.36549415384615386
0.2855944615384615
0.15416676923076922
0.017315076923076923
-0.13622584615384614
-0.252216
-0.3375396923076923
-0.38677292307692307
-0.37780246153846153
-0.34338092307692303
-0.22530461538461538
-0.086784
0.047772923076923074
0.18212123076923076
0.24345415384615382
0.30207507692307695
0.32648307692307693
0.27453784615384613
0.19046584615384615
0.041514461538461535
-0.09825784615384614
-0.16459753846153846
-0.2125790769230769
-0.22947692307692308
-0.23761292307692305
-0.22467876923076924
-0.13789476923076924
-0.03921969230769231
0.06654830769230768
0.14540492307692307
0.18128676923076922
0.2125790769230769
0.19672430769230767
0.1706473846153846
0.12308307692307692
0.04109723076923077
-0.016897846153846156
-0.10201292307692307
-0.18170399999999998
-0.22801661538461537
-0.2632726153846154
-0.22655630769230767
-0.18128676923076922
-0.15145476923076923
-0.08782707692307692
-0.02899753846153846
0.06300184615384616
0.14957723076923077
0.17565415384615385
0.16626646153846153
0.10347323076923076
0.04422646153846154
-0.011891076923076923
-0.08219446153846154
-0.13184492307692308
-0.1860849230769231
-0.20193969230769232
-0.1733593846153846
-0.13726892307692307
-0.0609156923076923
0.016897846153846156
0.08866153846153846
0.16000799999999998
0.19588984615384614
0.22780799999999998
0.23677846153846152
0.21529107692307692
0.1666836923076923
0.08156861538461539
0.017315076923076923
-0.02211323076923077
-0.04819015384615385
-0.06613107692307692
-0.10514215384615383
-0.13059323076923077
-0.1178676923076923
-0.06967753846153846
0.004798153846153846
0.055491692307692304
0.09012184615384615
0.11974523076923077
0.14790830769230767
0.18754523076923074
0.1792006153846154
0.1356
0.08949599999999999
0.029414769230769227
-0.016897846153846156
-0.0678
-0.11348676923076922
-0.12433476923076923
-0.11599015384615384
-0.07134646153846153
0.006049846153846154
0.08636676923076922
0.16292861538461537
0.21028430769230766
0.235944
0.2411593846153846
0.22321846153846153
0.20506892307692307
0.15103753846153847
0.07572738461538461
-0.010222153846153844
-0.08615815384615384
-0.11599015384615384
-0.13247076923076923
-0.130176
-0.12850707692307692
-0.127464
-0.08115138461538463
-0.009179076923076922
0.06967753846153846
0.130176
0.13852061538461538
0.143736
0.1449876923076923
0.12642092307692307
0.09074769230769231
0.005215384615384615
-0.08302892307692307
-0.15520984615384617
-0.18858830769230767
-0.1712732307692308
-0.14311015384615386
-0.08845292307692308
-0.033169846153846154
0.029206153846153847
0.11578153846153846
0.19004861538461537
0.25346769230769234
0.287472
0.2858030769230769
0.26118646153846153
0.20548615384615385
0.12975876923076923
0.04902461538461538
-0.03713353846153846
-0.10827138461538462
-0.15813046153846153
-0.18066092307692305
-0.16710092307692306
-0.15208061538461537
-0.13393107692307693
-0.1070196923076923
-0.05611753846153846
0.01940123076923077
0.08094276923076923
0.11494707692307692
0.116616
0.10368184615384615
0.08657538461538461
0.04860738461538461
-0.01043076923076923
-0.08094276923076923
-0.14999446153846155
-0.184416
-0.1829556923076923
-0.16105107692307694
-0.11911938461538461
-0.07072061538461538
-0.008970461538461538
0.05653476923076922
0.1207883076923077
0.16501476923076921
0.1656406153846154
0.146448
0.11348676923076922
0.0798996923076923
0.045895384615384616
0.004172307692307692
-0.034630153846153845
-0.07739630769230768
-0.10868861538461538
-0.11432123076923076
-0.0974233846153846
-0.07364123076923076
-0.04318338461538461
-0.015228923076923076
0.00855323076923077
0.03942830769230769
0.047981538461538464
0.03942830769230769
0.02086153846153846
0.005215384615384615
-0.006258461538461538
-0.026702769230769228
-0.04631261538461538
-0.07405846153846153
-0.10201292307692307
-0.11265230769230769
-0.10722830769230769
-0.08302892307692307
-0.05069353846153846
-0.026076923076923077
0.002086153846153846
0.025659692307692307
0.04860738461538461
0.07656184615384615
0.08824430769230769
0.08907876923076924
0.08302892307692307
0.07051199999999999
0.05611753846153846
0.02858030769230769
-0.013768615384615384
-0.07051199999999999
-0.12621230769230768
-0.15938215384615384
-0.1779489230769231
-0.18253846153846154
-0.17982646153846152
-0.14811692307692306
-0.08386338461538462
-0.007927384615384614
0.07635323076923077
0.130176
0.16188553846153847
0.16501476923076921
0.13622584615384614
0.10117846153846152
0.03400430769230769
-0.04693846153846153
-0.1151556923076923
-0.17169046153846151
-0.18754523076923074
-0.16042523076923076
-0.09930092307692308
0.0012516923076923076
0.11703323076923078
0.23907323076923076
0.3550633846153846
0.444768
0.48336184615384614
0.45791076923076923
0.3880246153846154
0.27599815384615384
0.14206707692307693
0.00855323076923077
-0.1205796923076923
-0.23156307692307693
-0.3212676923076923
-0.35965292307692304
-0.33378461538461535
-0.27140861538461536
-0.17231630769230769
-0.05486584615384615
0.06863446153846153
0.1842073846153846
0.25847446153846154
0.2805876923076923
0.2492953846153846
0.16751815384615384
0.04819015384615385
-0.08323753846153846
-0.21362215384615382
-0.3239796923076923
-0.40200184615384615
-0.4291218461538462
-0.39344861538461534
-0.3170953846153846
-0.21091015384615383
-0.08824430769230769
0.04088861538461538
0.1656406153846154
0.2737033846153846
0.34171199999999996
0.36027876923076924
0.347136
0.30416123076923074
0.2290596923076923
0.12934153846153845
0.025033846153846153
-0.07572738461538461
-0.15792184615384616
-0.21049292307692305
-0.22530461538461538
-0.20381723076923075
-0.16584923076923075
-0.11536430769230768
-0.05173661538461538
0.021904615384615383
0.09825784615384614
0.1691870769230769
0.21153599999999997
0.21842030769230766
0.19881046153846152
0.15687876923076924
0.10597661538461538
0.03692492307692308
-0.04526953846153846
-0.12642092307692307
-0.1994363076923077
-0.2438713846153846
-0.26076923076923075
-0.25513661538461535
-0.21341353846153846
-0.13706030769230768
-0.038176615384615385
0.07113784615384615
0.16000799999999998
0.23177169230769232
0.2789187692307692
0.2883064615384615
0.2701569230769231
0.2138307692307692
0.13330523076923076
0.03442153846153846
-0.06571384615384615
-0.14457046153846154
-0.19547261538461536
-0.20840676923076923
-0.19609846153846153
-0.15959076923076923
-0.09930092307692308
-0.03275261538461539
0.03442153846153846
0.0853236923076923
0.11286092307692308
0.12099692307692309
0.10493353846153847
0.08448923076923077
0.06070707692307692
0.02315630769230769
-0.01668923076923077
-0.05298830769230769
-0.0744756923076923
-0.07405846153846153
-0.05194523076923077
-0.018358153846153843
0.0035464615384615383
0.01710646153846154
0.02586830769230769
0.03650769230769231
0.040054153846153843
0.020027076923076922
-0.015228923076923076
-0.04714707692307692
-0.07092923076923077
-0.09074769230769231
-0.111192
-0.14603076923076924
-0.1652233846153846
-0.1787833846153846
-0.13393107692307693
-0.050067692307692306
0.04568676923076923
0.17002153846153847
0.22968553846153844
0.29685969230769227
0.3412947692307692
0.3373310769230769
0.3035353846153846
0.165432
0.014394461538461538
-0.16334584615384617
-0.29498215384615384
-0.3402516923076923
-0.4205686153846153
-0.4245323076923077
-0.3896935384615384
-0.28434276923076923
-0.06467076923076923
0.13914646153846155
0.34943076923076927
0.46104
0.5161144615384615
0.5578375384615384
0.4929581538461539
0.39741230769230773
0.20798953846153845
-0.011682461538461537
-0.1721076923076923
-0.3187643076923077
-0.33899999999999997
-0.2993630769230769
-0.22530461538461538
-0.07426707692307692
0.06550523076923077
0.2236356923076923
0.3421292307692308
0.39699507692307695
0.4193169230769231
0.34004307692307695
0.23782153846153845
0.14436184615384615
0.04944184615384615
-0.012308307692307691
-0.09491999999999999
-0.16063384615384615
-0.19985353846153847
-0.23344061538461539
-0.21633415384615384
-0.20152246153846154
-0.20319138461538463
-0.18107815384615383
-0.13518276923076925
-0.042557538461538466
0.04819015384615385
0.10430769230769231
0.13935507692307691
0.1489513846153846
0.1783661538461538
0.20402584615384614
0.20444307692307692
0.19588984615384614
0.165432
0.13935507692307691
0.10660246153846153
0.04214030769230769
-0.04318338461538461
-0.15187199999999998
-0.24720923076923076
-0.31083692307692307
-0.3442153846153846
-0.29685969230769227
-0.19860184615384616
-0.07134646153846153
0.07739630769230768
0.20819815384615384
0.32543999999999995
0.38719015384615385
0.384060923076923
0.3179298461538461
0.1867107692307692
0.04985907692307692
-0.07301538461538462
-0.17690584615384616
-0.2578486153846154
-0.314592
-0.3131316923076923
-0.2626467692307692
-0.19213476923076922
-0.10722830769230769
-0.024408000000000003
0.07238953846153846
0.18358153846153846
0.2807963076923077
0.3452584615384615
0.34233784615384616
0.29039261538461536
0.22488738461538463
0.14206707692307693
0.06133292307692308
-0.024199384615384616
-0.10493353846153847
-0.15208061538461537
-0.17085599999999998
-0.13226215384615383
-0.06967753846153846
-0.01397723076923077
0.03713353846153846
0.06154153846153846
0.07301538461538462
0.06216738461538462
0.03755076923076923
0.011682461538461537
-0.030040615384615384
-0.059038153846153844
-0.06842584615384616
-0.05924676923076923
-0.02795446153846154
0.0
0.024616615384615383
0.032544
0.026494153846153844
0.026702769230769228
0.006884307692307692
-0.03713353846153846
-0.1070196923076923
-0.1800350769230769
-0.20819815384615384
-0.20486030769230767
-0.1718990769230769
-0.12579507692307693
-0.08386338461538462
-0.016063384615384615
0.06884307692307692
0.14519630769230768
0.192552
0.19505538461538463
0.17231630769230769
0.13080184615384613
0.06425353846153846
-0.0016689230769230767
-0.0828203076923077
-0.1696043076923077
-0.22947692307692308
-0.265776
-0.25534523076923077
-0.22321846153846153
-0.17481969230769231
-0.10576799999999999
-0.046104
0.026285538461538457
0.08574092307692306
0.13205353846153844
0.17628
0.17899199999999998
0.16209415384615386
0.1314276923076923
0.100344
0.08010830769230769
0.04714707692307692
0.025033846153846153
0.012099692307692308
0.010013538461538461
0.024408000000000003
0.02899753846153846
0.023364923076923075
0.014394461538461538
0.0025033846153846152
-0.0016689230769230767
-0.012308307692307691
-0.03024923076923077
-0.030875076923076922
-0.01272553846153846
0.03838523076923077
0.0936683076923077
0.13601723076923075
0.17982646153846152
0.206112
0.2075723076923077
0.1775316923076923
0.1136953846153846
0.022947692307692308
-0.08699261538461538
-0.18379015384615385
-0.24449723076923074
-0.27850153846153847
-0.2849686153846154
-0.25200738461538463
-0.18066092307692305
-0.08010830769230769
0.030875076923076922
0.1368516923076923
0.21988061538461537
0.2730775384615384
0.2891409230769231
0.260352
0.21111876923076925
0.14874276923076923
0.07364123076923076
-0.004798153846153846
-0.07572738461538461
-0.12245723076923076
-0.14686523076923075
-0.15374953846153847
-0.14686523076923075
-0.13226215384615383
-0.09283384615384616
-0.037342153846153844
0.015646153846153844
0.05799507692307692
0.06654830769230768
0.06133292307692308
0.05653476923076922
0.04839876923076923
0.026285538461538457
-0.027328615384615382
-0.0880356923076923
-0.1368516923076923
-0.15792184615384616
-0.15625292307692307
-0.15082892307692305
-0.14749107692307692
-0.13747753846153846
-0.11578153846153846
-0.0853236923076923
-0.042557538461538466
-0.004798153846153846
0.017315076923076923
0.029206153846153847
0.04902461538461538
0.07739630769230768
0.09241661538461539
0.09095630769230768
0.07969107692307692
0.056951999999999996
0.03609046153846154
0.02315630769230769
0.009179076923076922
-0.013768615384615384
-0.05653476923076922
-0.09241661538461539
-0.1070196923076923
-0.09867507692307692
-0.07155507692307693
-0.0448523076923077
-0.015646153846153844
0.01981846153846154
0.06216738461538462
0.10159569230769232
0.12454338461538461
0.11327815384615383
0.07051199999999999
0.027120000000000002
-0.006675692307692307
-0.035255999999999996
-0.06258461538461538
-0.09491999999999999
-0.11870215384615385
-0.11974523076923077
-0.10201292307692307
-0.06884307692307692
-0.03775938461538462
-0.012934153846153845
0.01043076923076923
0.034630153846153845
0.06154153846153846
0.07343261538461537
0.06654830769230768
0.04318338461538461
0.010013538461538461
-0.01940123076923077
-0.03901107692307692
-0.053405538461538456
-0.05757784615384615
-0.04401784615384615
-0.012308307692307691
0.03379569230769231
0.084072
0.12913292307692306
0.14311015384615386
0.12704676923076924
0.09325107692307691
0.05507446153846154
0.023364923076923075
-0.016063384615384615
-0.04839876923076923
-0.06154153846153846
-0.05090215384615384
-0.008970461538461538
0.04985907692307692
0.11098338461538461
0.15625292307692307
0.1883796923076923
0.2157083076923077
0.21779446153846155
0.19067446153846154
0.13893784615384613
0.073224
0.01668923076923077
-0.029414769230769227
-0.04860738461538461
-0.051319384615384614
-0.04109723076923077
0.0006258461538461538
0.05716061538461538
0.12308307692307692
0.1794092307692308
0.21049292307692305
0.2090326153846154
0.18170399999999998
0.13747753846153846
0.07656184615384615
0.002086153846153846
-0.07489292307692308
-0.1397723076923077
-0.1783661538461538
-0.173568
-0.1424843076923077
-0.09137353846153846
-0.04318338461538461
-0.0014603076923076922
0.045895384615384616
0.07531015384615385
0.09700615384615385
0.08344615384615384
0.03671630769230769
-0.013142769230769229
-0.06049846153846154
-0.07969107692307692
-0.08594953846153845
-0.08365476923076923
-0.06863446153846153
-0.035464615384615386
0.015437538461538461
0.07134646153846153
0.11557292307692307
0.13476553846153844
0.13226215384615383
0.10430769230769231
0.06592246153846154
0.024199384615384616
-0.02357353846153846
-0.06946892307692307
-0.09408553846153846
-0.08866153846153846
-0.04860738461538461
0.019609846153846155
0.08490646153846154
0.13226215384615383
0.16584923076923075
0.18858830769230767
0.19150892307692308
0.1637630769230769
0.10994030769230768
0.03358707692307692
-0.05048492307692308
-0.1207883076923077
-0.17711446153846155
-0.214248
-0.22801661538461537
-0.22175815384615383
-0.1846246153846154
-0.11014892307692307
-0.014185846153846153
0.0892873846153846
0.18128676923076922
0.24303692307692307
0.2670276923076923
0.26118646153846153
0.22467876923076924
0.14519630769230768
0.043600615384615383
-0.06362769230769232
-0.16438892307692307
-0.23761292307692305
-0.2753723076923077
-0.2805876923076923
-0.252216
-0.20152246153846154
-0.13038461538461538
-0.040679999999999994
0.0448523076923077
0.11432123076923076
0.1635544615384615
0.18754523076923074
0.18253846153846154
0.14916
0.08866153846153846
0.010848
-0.06717415384615384
-0.14123261538461537
-0.19818461538461538
-0.22029784615384615
-0.22530461538461538
-0.19609846153846153
-0.13497415384615385
-0.06154153846153846
0.027745846153846152
0.0936683076923077
0.14164984615384615
0.1696043076923077
0.1712732307692308
0.16710092307692306
0.1353913846153846
0.09095630769230768
0.032544
-0.03129230769230769
-0.07656184615384615
-0.11286092307692308
-0.130176
-0.14206707692307693
-0.14290153846153844
-0.12350030769230769
-0.09700615384615385
-0.06487938461538462
-0.034630153846153845
-0.007301538461538462
0.01981846153846154
0.04380923076923077
0.06404492307692307
0.07405846153846153
0.06613107692307692
0.04902461538461538
0.027745846153846152
0.013560000000000001
0.0012516923076923076
-0.017315076923076923
-0.03421292307692308
-0.04839876923076923
-0.04839876923076923
-0.03400430769230769
-0.012308307692307691
0.013142769230769229
0.03921969230769231
0.06383630769230769
0.08887015384615385
0.12099692307692309
0.14874276923076923
0.16438892307692307
0.16856123076923077
0.168144
0.16230276923076925
0.1353913846153846
0.0974233846153846
0.05507446153846154
0.006467076923076923
-0.03504738461538461
-0.058829538461538454
-0.06654830769230768
-0.05486584615384615
-0.03108369230769231
0.003129230769230769
0.041514461538461535
0.07426707692307692
0.08323753846153846
0.07134646153846153
0.05444861538461539
0.03358707692307692
0.003963692307692307
-0.026702769230769228
-0.045060923076923075
-0.04672984615384615
-0.025659692307692307
0.010848
0.1462393846153846
0.18525046153846153
0.1341396923076923
0.13872923076923074
0.06362769230769232
0.07948246153846153
0.02023569230769231
-0.10389046153846154
-0.19192615384615386
-0.32001599999999997
-0.25054707692307693
-0.1846246153846154
-0.11640738461538462
-0.04860738461538461
-0.0446436923076923
0.08907876923076924
0.16188553846153847
0.23052
0.22300984615384614
0.050067692307692306
-0.047981538461538464
-0.17252492307692308
-0.22989415384615383
-0.21737723076923077
-0.2628553846153846
-0.18379015384615385
-0.12683815384615382
-0.05757784615384615
0.13267938461538462
0.23218892307692307
0.33482769230769227
0.35610646153846154
0.2624381538461539
0.19380369230769232
0.06675692307692307
0.002086153846153846
-0.03567323076923076
-0.12913292307692306
-0.1829556923076923
-0.21716861538461538
-0.15291507692307693
-0.031709538461538456
0.03024923076923077
0.09471138461538461
0.10764553846153846
0.13267938461538462
0.19359507692307693
0.16501476923076921
0.12266584615384615
0.03108369230769231
-0.08010830769230769
-0.11724184615384614
-0.17523692307692307
-0.2073636923076923
-0.21633415384615384
-0.23761292307692305
-0.17648861538461538
-0.09491999999999999
-0.024408000000000003
0.027745846153846152
0.02315630769230769
0.016480615384615385
-0.00855323076923077
-0.03400430769230769
-0.04672984615384615
-0.05528307692307692
-0.040054153846153843
-0.044435076923076924
-0.015228923076923076
0.05382276923076923
0.100344
0.15187199999999998
0.15103753846153847
0.11411261538461538
0.08302892307692307
0.029414769230769227
0.0008344615384615384
-0.05069353846153846
-0.11494707692307692
-0.12662953846153846
-0.1136953846153846
-0.06008123076923077
-0.007510153846153846
0.033169846153846154
0.1028473846153846
0.16981292307692308
0.22718215384615387
0.23052
0.17481969230769231
0.11599015384615384
0.03108369230769231
-0.05590892307692308
-0.127464
-0.20486030769230767
-0.23156307692307693
-0.22154953846153846
-0.1792006153846154
-0.07885661538461539
0.013351384615384614
0.10555938461538462
0.1777403076923077
0.19588984615384614
0.20632061538461538
0.18921415384615384
0.15416676923076922
0.103056
0.023990769230769232
-0.043392
-0.10159569230769232
-0.12683815384615382
-0.11828492307692307
-0.10389046153846154
-0.07197230769230768
-0.04380923076923077
0.0043809230769230765
0.07197230769230768
0.10827138461538462
0.13789476923076924
0.12788123076923075
0.09095630769230768
0.09199938461538461
0.09241661538461539
0.08344615384615384
0.04985907692307692
0.005424
0.004798153846153846
0.026494153846153844
0.05319692307692307
0.06759138461538462
0.050067692307692306
0.03567323076923076
0.026494153846153844
0.02357353846153846
0.027328615384615382
0.014394461538461538
-0.002086153846153846
-0.02044430769230769
-0.01668923076923077
0.02524246153846154
0.06279323076923077
0.10138707692307691
0.12996738461538462
0.12496061538461539
0.11828492307692307
0.10138707692307691
0.08866153846153846
0.06154153846153846
-0.012308307692307691
-0.08156861538461539
-0.13101046153846155
-0.14916
-0.1397723076923077
-0.1368516923076923
-0.12788123076923075
-0.10994030769230768
-0.06988615384615385
-0.008970461538461538
0.022530461538461537
0.03755076923076923
0.02545107692307692
0.005424
0.0016689230769230767
-0.027745846153846152
-0.05528307692307692
-0.0855323076923077
-0.10138707692307691
-0.07343261538461537
-0.031918153846153846
0.01981846153846154
0.07092923076923077
0.1136953846153846
0.15374953846153847
0.1802436923076923
0.19985353846153847
0.20861538461538462
0.19881046153846152
0.1710646153846154
0.12245723076923076
0.06967753846153846
0.020652923076923076
-0.021696
-0.051319384615384614
-0.07238953846153846
-0.07030338461538461
-0.03984553846153846
0.0077187692307692304
0.06133292307692308
0.08866153846153846
0.08469784615384615
0.07155507692307693
0.05194523076923077
0.013768615384615384
-0.04714707692307692
-0.11870215384615385
-0.16856123076923077
-0.1858763076923077
-0.18274707692307693
-0.15896492307692306
-0.13309661538461537
-0.09909230769230769
-0.05778646153846154
-0.009804923076923077
0.042557538461538466
0.073224
0.08991323076923076
0.08490646153846154
0.07489292307692308
0.06675692307692307
0.05069353846153846
0.03421292307692308
0.0022947692307692304
-0.019609846153846155
-0.037342153846153844
-0.058829538461538454
-0.06279323076923077
-0.051528
-0.016272
0.04130584615384615
0.10514215384615383
0.16334584615384617
0.21174461538461536
0.22843384615384613
0.22467876923076924
0.2056947692307692
0.1612596923076923
0.09721476923076922
0.0043809230769230765
-0.08490646153846154
-0.15166338461538462
-0.19171753846153847
-0.19171753846153847
-0.17481969230769231
-0.1462393846153846
-0.10618523076923077
-0.06049846153846154
-0.005424
0.04985907692307692
0.0892873846153846
0.10806276923076923
0.1097316923076923
0.10806276923076923
0.09804923076923076
0.06341907692307691
0.01981846153846154
-0.030040615384615384
-0.07280676923076923
-0.10055261538461538
-0.1205796923076923
-0.13309661538461537
-0.14436184615384615
-0.13372246153846154
-0.10618523076923077
-0.07384984615384615
-0.025659692307692307
0.021278769230769233
0.06717415384615384
0.11140061538461538
0.13747753846153846
0.1504116923076923
0.13852061538461538
0.1045163076923077
0.054240000000000003
-0.008136
-0.059872615384615385
-0.10472492307692308
-0.1353913846153846
-0.1489513846153846
-0.15082892307692305
-0.12350030769230769
-0.06362769230769232
0.014185846153846153
0.09387692307692307
0.154584
0.20298276923076922
0.23677846153846152
0.233232
0.20298276923076922
0.14853415384615384
0.07030338461538461
-0.012934153846153845
-0.08156861538461539
-0.127464
-0.154584
-0.16063384615384615
-0.13935507692307691
-0.0892873846153846
-0.023782153846153845
0.041514461538461535
0.08845292307692308
0.11077476923076923
0.10618523076923077
0.08448923076923077
0.061124307692307686
0.022530461538461537
-0.021070153846153846
-0.05382276923076923
-0.0717636923076923
-0.061124307692307686
-0.040679999999999994
-0.012099692307692308
0.011473846153846154
0.007510153846153846
0.005215384615384615
0.004172307692307692
-0.0016689230769230767
-0.012099692307692308
-0.037967999999999995
-0.06279323076923077
-0.07551876923076924
-0.07051199999999999
-0.03421292307692308
0.015854769230769228
0.06216738461538462
0.10347323076923076
0.132888
0.15354092307692307
0.15208061538461537
0.11286092307692308
0.0446436923076923
-0.03755076923076923
-0.111192
-0.1718990769230769
-0.21529107692307692
-0.2399076923076923
-0.2436627692307692
-0.1992276923076923
-0.11828492307692307
-0.015228923076923076
0.086784
0.1504116923076923
0.1881710769230769
0.19463815384615382
0.16856123076923077
0.12412615384615384
0.04547815384615384
-0.04318338461538461
-0.12266584615384615
-0.1779489230769231
-0.19004861538461537
-0.1783661538461538
-0.14603076923076924
-0.0936683076923077
-0.028163076923076923
0.05069353846153846
0.12850707692307692
0.1846246153846154
0.2127876923076923
0.21320492307692307
0.19964492307692308
0.16793538461538463
0.12913292307692306
0.08115138461538463
0.010222153846153844
-0.06049846153846154
-0.12934153846153845
-0.1712732307692308
-0.1794092307692308
-0.16981292307692308
-0.13789476923076924
-0.092208
-0.032544
0.03942830769230769
0.100344
0.1422756923076923
0.16021661538461537
0.15208061538461537
0.13518276923076925
0.10263876923076923
0.06362769230769232
0.014185846153846153
-0.05069353846153846
-0.09930092307692308
-0.13518276923076925
-0.15082892307692305
-0.14582215384615385
-0.1395636923076923
-0.11995384615384615
-0.08428061538461538
-0.025659692307692307
0.04693846153846153
0.10368184615384615
0.1462393846153846
0.17002153846153847
0.17294215384615383
0.17252492307692308
0.157296
0.11745046153846153
0.07197230769230768
0.02315630769230769
-0.012099692307692308
-0.03713353846153846
-0.05862092307692307
-0.07468430769230769
-0.0936683076923077
-0.09074769230769231
-0.07280676923076923
-0.03650769230769231
0.0077187692307692304
0.0448523076923077
0.08574092307692306
0.12266584615384615
0.154584
0.1704387692307692
0.16105107692307694
0.12245723076923076
0.058412307692307694
-0.013768615384615384
-0.07969107692307692
-0.13789476923076924
-0.1856676923076923
-0.21696000000000001
-0.2225926153846154
-0.1908830769230769
-0.12370892307692308
-0.028788923076923077
0.06738276923076922
0.15604430769230768
0.23677846153846152
0.29414769230769233
0.3321156923076923
0.32627446153846157
0.2680707692307692
0.18316430769230768
0.08031692307692308
-0.02023569230769231
-0.10827138461538462
-0.1829556923076923
-0.22426153846153846
-0.22947692307692308
-0.18900553846153845
-0.10138707692307691
0.012516923076923077
0.138312
0.24658338461538462
0.33065538461538463
0.38426953846153844
0.40095876923076923
0.3821833846153846
0.3198073846153846
0.2194633846153846
0.10138707692307691
-0.017732307692307693
-0.11014892307692307
-0.17961784615384613
-0.22342707692307692
-0.22175815384615383
-0.18483323076923078
-0.11327815384615383
-0.03775938461538462
0.02545107692307692
0.061124307692307686
0.08824430769230769
0.11035753846153845
0.12245723076923076
0.11265230769230769
0.07697907692307693
0.03650769230769231
0.0002086153846153846
-0.011891076923076923
-0.029623384615384614
0.03984553846153846
0.005841230769230769
-0.10159569230769232
-0.11244369230769231
-0.1858763076923077
-0.14957723076923077
-0.1783661538461538
-0.2724516923076923
-0.3148006153846154
-0.40513107692307687
-0.3022836923076923
-0.20944984615384615
-0.1341396923076923
-0.05090215384615384
-0.035464615384615386
0.1314276923076923
0.25430215384615384
0.3646596923076923
0.3972036923076923
0.23072861538461537
0.12496061538461539
-0.024616615384615383
-0.14164984615384615
-0.21237046153846154
-0.36570276923076916
-0.3746732307692308
-0.37947138461538454
-0.3448412307692308
-0.1506203076923077
-0.028163076923076923
0.13309661538461537
0.2411593846153846
0.2628553846153846
0.3143833846153846
0.2601433846153846
0.22989415384615383
0.18399876923076922
0.054240000000000003
-0.04714707692307692
-0.1543753846153846
-0.17711446153846155
-0.1656406153846154
-0.20152246153846154
-0.19526400000000002
-0.20444307692307692
-0.15959076923076923
-0.05736923076923077
-0.015646153846153844
0.031918153846153846
0.042348923076923076
0.03671630769230769
0.08490646153846154
0.08574092307692306
0.08594953846153845
0.09784061538461537
0.08115138461538463
0.13747753846153846
0.1913003076923077
0.20861538461538462
0.20152246153846154
0.13768615384615385
0.09325107692307691
0.031918153846153846
-0.03504738461538461
-0.09533723076923077
-0.14853415384615384
-0.13184492307692308
-0.12224861538461537
-0.07092923076923077
0.03233538461538461
0.1028473846153846
0.20840676923076923
0.292896
0.34963938461538463
0.39636923076923075
0.3669544615384615
0.33065538461538463
0.24762646153846155
0.1097316923076923
0.008761846153846153
-0.10076123076923077
-0.19046584615384615
-0.2582658461538461
-0.3102110769230769
-0.26619323076923074
-0.1858763076923077
-0.086784
0.013351384615384614
0.09867507692307692
0.21612553846153845
0.29039261538461536
0.31772123076923076
0.30207507692307695
0.20152246153846154
0.10681107692307691
0.02211323076923077
-0.06195876923076923
-0.08782707692307692
-0.12955015384615384
-0.1489513846153846
-0.12704676923076924
-0.10639384615384614
-0.035255999999999996
0.026494153846153844
0.07593599999999999
0.11181784615384616
0.12370892307692308
0.14540492307692307
0.143736
0.14018953846153845
0.12725538461538463
0.09304246153846155
0.078648
0.05757784615384615
0.03483876923076923
0.016272
-0.023990769230769232
-0.034630153846153845
-0.05590892307692308
-0.09262523076923077
-0.0828203076923077
-0.07468430769230769
-0.06905169230769231
-0.07280676923076923
-0.08574092307692306
-0.06279323076923077
-0.04172307692307692
-0.027745846153846152
-0.014394461538461538
-0.021278769230769233
-0.018983999999999997
-0.01856676923076923
-0.023364923076923075
-0.029623384615384614
-0.06321046153846153
-0.10222153846153846
-0.1506203076923077
-0.20256553846153844
-0.23114584615384615
-0.2588916923076923
-0.23928184615384615
-0.1873366153846154
-0.14561353846153846
-0.0771876923076923
-0.02482523076923077
0.03483876923076923
0.09721476923076922
0.10743692307692307
0.10263876923076923
0.07364123076923076
0.03108369230769231
0.007510153846153846
-0.012308307692307691
-0.02524246153846154
-0.03859384615384615
-0.03901107692307692
-0.0018775384615384615
0.03755076923076923
0.07489292307692308
0.08761846153846153
0.07030338461538461
0.059872615384615385
0.030875076923076922
0.008970461538461538
-0.011056615384615385
-0.040679999999999994
-0.04860738461538461
-0.058412307692307694
-0.040262769230769234
0.0070929230769230765
0.045060923076923075
0.07009476923076922
0.07155507692307693
0.073224
0.084072
0.08720123076923077
0.08240307692307691
0.05444861538461539
0.009804923076923077
-0.03233538461538461
-0.054240000000000003
-0.04214030769230769
-0.03421292307692308
-0.034630153846153845
-0.025659692307692307
0.0006258461538461538
0.056326153846153845
0.10618523076923077
0.13914646153846155
0.16626646153846153
0.16793538461538463
0.16334584615384617
0.15145476923076923
0.1178676923076923
0.07510153846153846
0.01272553846153846
-0.035255999999999996
-0.06195876923076923
-0.07426707692307692
-0.06529661538461538
-0.05757784615384615
-0.03921969230769231
-0.006675692307692307
0.03671630769230769
0.08574092307692306
0.10743692307692307
0.10222153846153846
0.08219446153846154
0.04526953846153846
0.016897846153846156
-0.006258461538461538
-0.03233538461538461
-0.056951999999999996
-0.09971815384615385
-0.1207883076923077
-0.11181784615384616
-0.09533723076923077
-0.07343261538461537
-0.07030338461538461
-0.06383630769230769
-0.04526953846153846
-0.021904615384615383
0.00855323076923077
0.018358153846153843
0.007510153846153846
-0.009596307692307692
-0.016063384615384615
0.0008344615384615384
0.010013538461538461
0.0077187692307692304
0.011265230769230769
0.013560000000000001
0.03024923076923077
0.04735569230769231
0.051528
0.0448523076923077
0.015020307692307692
-0.014394461538461538
-0.04672984615384615
-0.08031692307692308
-0.1045163076923077
-0.12391753846153845
-0.12704676923076924
-0.111192
-0.07468430769230769
-0.022530461538461537
0.029623384615384614
0.08219446153846154
0.12704676923076924
0.15959076923076923
0.1721076923076923
0.14457046153846154
0.08135999999999999
-0.008136
-0.10159569230769232
-0.17294215384615383
-0.22321846153846153
-0.26076923076923075
-0.27328615384615385
-0.2559710769230769
-0.19735015384615384
-0.10931446153846153
-0.012099692307692308
0.0828203076923077
0.14790830769230767
0.19442953846153843
0.22029784615384615
0.22134092307692307
0.18399876923076922
0.111192
0.02482523076923077
-0.06675692307692307
-0.1356
-0.17899199999999998
-0.19839323076923077
-0.18963138461538462
-0.15896492307692306
-0.09658892307692307
-0.0014603076923076922
0.10263876923076923
0.19755876923076923
0.26076923076923075
0.29456492307692306
0.29748553846153847
0.2651501538461538
0.208824
0.12621230769230768
0.035464615384615386
-0.04547815384615384
-0.10514215384615383
-0.13664307692307692
-0.14102399999999998
-0.1205796923076923
-0.084072
-0.030875076923076922
0.03483876923076923
0.0963803076923077
0.14164984615384615
0.1656406153846154
0.1787833846153846
0.18191261538461537
0.16167692307692308
0.13372246153846154
0.09700615384615385
0.04672984615384615
-0.003963692307692307
-0.04965046153846154
-0.07551876923076924
-0.08991323076923076
-0.10243015384615384
-0.10076123076923077
-0.09158215384615384
-0.073224
-0.05298830769230769
-0.037342153846153844
-0.02023569230769231
-0.0033378461538461535
0.01981846153846154
0.050067692307692306
0.08031692307692308
0.10994030769230768
0.1314276923076923
0.1462393846153846
0.15875630769230767
0.15354092307692307
0.12350030769230769
0.06759138461538462
0.0033378461538461535
-0.04985907692307692
-0.08240307692307691
-0.0934596923076923
-0.0855323076923077
-0.06487938461538462
-0.02795446153846154
0.02858030769230769
0.08469784615384615
0.14477907692307693
0.19693292307692306
0.21862892307692305
0.21487384615384614
0.17982646153846152
0.12204
0.042974769230769226
-0.06446215384615385
-0.1693956923076923
-0.25805723076923076
-0.31813846153846154
-0.3369138461538461
-0.30979384615384614
-0.23969907692307693
-0.1489513846153846
-0.047772923076923074
0.04819015384615385
0.12642092307692307
0.17377661538461536
0.1783661538461538
0.14269292307692305
0.086784
0.026702769230769228
-0.03504738461538461
-0.08720123076923077
-0.11599015384615384
-0.11473846153846154
-0.08115138461538463
-0.02273907692307692
0.04714707692307692
0.11390399999999999
0.17169046153846151
0.21362215384615382
0.23677846153846152
0.23928184615384615
0.21529107692307692
0.1704387692307692
0.1207883076923077
0.08866153846153846
0.06988615384615385
0.06070707692307692
0.06446215384615385
0.07364123076923076
0.09012184615384615
0.09992676923076924
0.1028473846153846
0.09554584615384615
0.05653476923076922
-0.0008344615384615384
-0.05716061538461538
-0.1028473846153846
-0.12329169230769231
-0.12162276923076921
-0.10201292307692307
-0.05799507692307692
0.001043076923076923
0.06905169230769231
0.1368516923076923
0.18775384615384613
0.206112
0.1860849230769231
0.13852061538461538
0.06675692307692307
-0.015020307692307692
-0.10597661538461538
-0.19609846153846153
-0.25159015384615385
-0.2670276923076923
-0.2424110769230769
-0.1794092307692308
-0.09512861538461538
0.0002086153846153846
0.0974233846153846
0.18629353846153843
0.25117292307692307
0.25972615384615383
0.21862892307692305
0.1424843076923077
0.0446436923076923
-0.05382276923076923
-0.14477907692307693
-0.20944984615384615
-0.2453316923076923
-0.2503384615384615
-0.2154996923076923
-0.15124615384615384
-0.07092923076923077
0.0050067692307692304
0.058412307692307694
0.09679753846153846
0.12391753846153845
0.13872923076923074
0.12683815384615382
0.07781353846153846
0.018775384615384614
-0.03442153846153846
-0.06154153846153846
-0.056951999999999996
-0.035255999999999996
-0.003963692307692307
0.018358153846153843
0.0446436923076923
0.07656184615384615
0.08887015384615385
0.06884307692307692
0.019609846153846155
-0.03859384615384615
-0.09304246153846155
-0.13038461538461538
-0.16063384615384615
-0.19985353846153847
-0.2540935384615385
-0.2926873846153846
-0.330864
-0.33002953846153843
-0.22780799999999998
-0.09554584615384615
0.11473846153846154
0.35610646153846154
0.5820369230769231
0.8213187692307692
0.9683926153846153
1.0526732307692308
1.000728
0.7330744615384615
0.41618769230769226
0.059664
-0.2601433846153846
-0.4994252307692308
-0.722435076923077
-0.8181895384615384
-0.8284116923076923
-0.6765396923076923
-0.38990215384615384
-0.10347323076923076
0.2125790769230769
0.42077723076923074
0.5895470769230768
0.6746621538461538
0.5960141538461537
0.4641692307692307
0.15750461538461538
-0.1652233846153846
-0.4124326153846154
-0.6206307692307692
-0.6525489230769231
-0.6200049230769231
-0.4831532307692308
-0.2436627692307692
-0.06738276923076922
0.11828492307692307
0.24345415384615382
0.26368984615384616
0.24866953846153847
0.1422756923076923
0.04714707692307692
-0.003129230769230769
-0.018983999999999997
0.044435076923076924
0.07697907692307693
0.07238953846153846
0.03296123076923077
-0.05173661538461538
-0.10555938461538462
-0.18921415384615384
-0.27453784615384613
-0.32210215384615387
-0.3686233846153846
-0.33253292307692306
-0.2837169230769231
-0.24428861538461538
-0.1802436923076923
-0.13914646153846155
-0.06383630769230769
0.043600615384615383
0.15646153846153846
0.2849686153846154
0.36319938461538465
0.3590270769230769
0.2764153846153846
0.10576799999999999
-0.10138707692307691
-0.3421292307692308
-0.55596
-0.6853015384615384
-0.7228523076923077
-0.6172929230769231
-0.40346215384615386
-0.09533723076923077
0.22843384615384613
0.4919150769230769
0.7042855384615384
0.7967021538461538
0.7760492307692308
0.666108923076923
0.4554073846153846
0.20965846153846154
-0.04631261538461538
-0.26681907692307694
-0.4072172307692307
-0.4873255384615384
-0.4812756923076923
-0.40513107692307687
-0.27182584615384614
-0.086784
0.10931446153846153
0.31250584615384613
0.4714707692307692
0.5438603076923076
0.5415655384615384
0.45978830769230766
0.3277347692307692
0.16605784615384614
-0.035464615384615386
-0.22175815384615383
-0.36549415384615386
-0.44351630769230765
-0.4115981538461538
-0.32669169230769235
-0.20506892307692307
-0.07030338461538461
0.04047138461538462
0.1462393846153846
0.20527753846153846
0.21153599999999997
0.18545907692307692
0.13330523076923076
0.08448923076923077
0.04172307692307692
0.008344615384615384
-0.017732307692307693
-0.035255999999999996
-0.024408000000000003
0.005215384615384615
0.032544
0.054657230769230764
0.054657230769230764
0.035464615384615386
0.0077187692307692304
-0.03024923076923077
-0.0678
-0.10806276923076923
-0.13101046153846155
-0.11244369230769231
-0.05236246153846154
0.03400430769230769
0.1289243076923077
0.2154996923076923
0.28246523076923075
0.3156350769230769
0.30019753846153846
0.24032492307692307
0.12621230769230768
-0.03024923076923077
-0.20110523076923076
-0.34692738461538464
-0.43621476923076924
-0.4612486153846154
-0.4374664615384615
-0.38030584615384616
-0.2707827692307692
-0.12266584615384615
0.04839876923076923
0.2157083076923077
0.32877784615384614
0.3721698461538462
0.36215630769230767
0.31646953846153847
0.24679199999999998
0.15291507692307693
0.046104
-0.03337846153846154
-0.07614461538461538
-0.06550523076923077
-0.015020307692307692
0.03504738461538461
0.0717636923076923
0.09074769230769231
0.10806276923076923
0.10263876923076923
0.06467076923076923
0.005215384615384615
-0.06967753846153846
-0.13330523076923076
-0.17002153846153847
-0.1635544615384615
-0.11724184615384614
-0.06759138461538462
-0.002086153846153846
0.08845292307692308
0.1846246153846154
0.2858030769230769
0.35694092307692304
0.37258707692307685
0.32648307692307693
0.23177169230769232
0.12642092307692307
0.018358153846153843
-0.09992676923076924
-0.21049292307692305
-0.29602523076923076
-0.32231076923076923
-0.2709913846153846
-0.16730953846153845
-0.03379569230769231
0.08991323076923076
0.19380369230769232
0.28392553846153845
0.3448412307692308
0.3521427692307692
0.2891409230769231
0.1860849230769231
0.07614461538461538
-0.032544
-0.12016246153846154
-0.18858830769230767
-0.23969907692307693
-0.24908676923076922
-0.21654276923076923
-0.14707384615384617
-0.05736923076923077
0.02858030769230769
0.0934596923076923
0.13309661538461537
0.15291507692307693
0.15520984615384617
0.13351384615384615
0.0798996923076923
0.0002086153846153846
-0.07948246153846153
-0.13038461538461538
-0.14978584615384616
-0.13601723076923075
-0.10618523076923077
-0.07134646153846153
-0.027328615384615382
0.021904615384615383
0.08657538461538461
0.14018953846153845
0.16856123076923077
0.1792006153846154
0.16584923076923075
0.15103753846153847
0.1341396923076923
0.10743692307692307
0.07927384615384615
0.05611753846153846
0.04088861538461538
0.04172307692307692
0.049233230769230765
0.04714707692307692
0.04109723076923077
0.021696
0.007510153846153846
-0.010013538461538461
-0.0446436923076923
-0.08240307692307691
-0.12141415384615384
-0.14060676923076923
-0.13622584615384614
-0.1136953846153846
-0.0771876923076923
-0.03671630769230769
-0.0008344615384615384
0.03838523076923077
0.07948246153846153
0.09804923076923076
0.0892873846153846
0.05507446153846154
0.012099692307692308
-0.02858030769230769
-0.05590892307692308
-0.05736923076923077
-0.06049846153846154
-0.06571384615384615
-0.06154153846153846
-0.04526953846153846
-0.02086153846153846
-0.0016689230769230767
0.019192615384615384
0.03379569230769231
0.0446436923076923
0.05820369230769231
0.07134646153846153
0.08782707692307692
0.09658892307692307
0.10514215384615383
0.11828492307692307
0.12391753846153845
0.12329169230769231
0.1045163076923077
0.07489292307692308
0.037967999999999995
-0.0050067692307692304
-0.03713353846153846
-0.07343261538461537
-0.10576799999999999
-0.12245723076923076
-0.12934153846153845
-0.11348676923076922
-0.0771876923076923
-0.035464615384615386
0.010013538461538461
0.053614153846153846
0.0934596923076923
0.12433476923076923
0.14290153846153844
0.14311015384615386
0.11703323076923078
0.08010830769230769
0.037967999999999995
-0.0008344615384615384
-0.037967999999999995
-0.0717636923076923
-0.09283384615384616
-0.10535076923076922
-0.10660246153846153
-0.103056
-0.09763200000000001
-0.09199938461538461
-0.078648
-0.05590892307692308
-0.04047138461538462
-0.03358707692307692
-0.031918153846153846
-0.027328615384615382
-0.013768615384615384
0.0035464615384615383
0.018775384615384614
0.017940923076923077
-0.0012516923076923076
-0.022947692307692308
-0.03921969230769231
-0.05528307692307692
-0.06821723076923077
-0.08365476923076923
-0.09262523076923077
-0.08699261538461538
-0.06529661538461538
-0.018775384615384614
0.03400430769230769
0.0892873846153846
0.13518276923076925
0.17481969230769231
0.21466523076923077
0.2371956923076923
0.2330233846153846
0.19568123076923075
0.13226215384615383
0.052153846153846155
-0.02858030769230769
-0.10555938461538462
-0.17982646153846152
-0.2482523076923077
-0.2981113846153846
-0.2997803076923077
-0.25471938461538457
-0.17523692307692307
-0.06926030769230769
0.04088861538461538
0.15208061538461537
0.2480436923076923
0.3160523076923077
0.3412947692307692
0.3035353846153846
0.22008923076923076
0.103056
-0.02273907692307692
-0.14060676923076923
-0.2411593846153846
-0.3148006153846154
-0.35568923076923076
-0.3454670769230769
-0.2997803076923077
-0.22572184615384616
-0.14415323076923076
-0.06300184615384616
0.022530461538461537
0.09971815384615385
0.1783661538461538
0.2355267692307692
0.2586830769230769
0.24595753846153845
0.20339999999999997
0.14749107692307692
0.0826116923076923
0.016272
-0.05069353846153846
-0.111192
-0.15520984615384617
-0.16981292307692308
-0.15333230769230768
-0.12224861538461537
-0.0936683076923077
-0.061124307692307686
-0.02545107692307692
0.003755076923076923
0.03233538461538461
0.04631261538461538
0.04547815384615384
0.04860738461538461
0.05069353846153846
0.048816000000000005
0.04380923076923077
0.017732307692307693
-0.023782153846153845
-0.065088
-0.09450276923076922
-0.10201292307692307
-0.10389046153846154
-0.0974233846153846
-0.07405846153846153
-0.03421292307692308
0.024408000000000003
0.08448923076923077
0.13935507692307691
0.17461107692307692
0.1856676923076923
0.18712800000000002
0.17586276923076924
0.14749107692307692
0.0936683076923077
0.01940123076923077
-0.05528307692307692
-0.11578153846153846
-0.16021661538461537
-0.18337292307692307
-0.18879692307692306
-0.17377661538461536
-0.13518276923076925
-0.078648
0.0018775384615384615
0.06404492307692307
0.08991323076923076
0.09283384615384616
0.06738276923076922
0.042348923076923076
0.015646153846153844
-0.015437538461538461
-0.035464615384615386
-0.045895384615384616
-0.021070153846153846
0.03150092307692308
0.09095630769230768
0.14916
0.1779489230769231
0.1829556923076923
0.16793538461538463
0.13935507692307691
0.10764553846153846
0.05382276923076923
-0.0008344615384615384
-0.03942830769230769
-0.06300184615384616
-0.06154153846153846
-0.05048492307692308
-0.042974769230769226
-0.03692492307692308
-0.022530461538461537
0.006884307692307692
0.04401784615384615
0.065088
0.05611753846153846
0.042348923076923076
0.034630153846153845
0.021487384615384613
-0.0006258461538461538
-0.030040615384615384
-0.07635323076923077
-0.13205353846153844
-0.17565415384615385
-0.19860184615384616
-0.19317784615384614
-0.21299630769230768
-0.21883753846153844
-0.15228923076923076
-0.06028984615384615
0.07843938461538462
0.2221753846153846
0.3350363076923077
0.4405956923076923
0.5075612307692308
0.5461550769230769
0.5173661538461538
0.42953907692307686
0.3148006153846154
0.11286092307692308
-0.055491692307692304
-0.208824
-0.3646596923076923
-0.45791076923076923
-0.572232
-0.5693113846153846
-0.48690830769230764
-0.33524492307692305
-0.08511507692307693
0.11348676923076922
0.3344104615384615
0.47689476923076923
0.5463636923076923
0.5928849230769231
0.49087200000000003
0.328152
0.08761846153846153
-0.1666836923076923
-0.3369138461538461
-0.4781464615384615
-0.5182006153846154
-0.49733907692307694
-0.4287046153846154
-0.2655673846153846
-0.10827138461538462
0.08073415384615384
0.252216
0.33524492307692305
0.41535323076923075
0.44309907692307693
0.45373846153846153
0.42724430769230765
0.3229366153846154
0.21487384615384614
0.06404492307692307
-0.092208
-0.20715507692307691
-0.3077076923076923
-0.3617390769230769
-0.3713353846153846
-0.33545353846153847
-0.23344061538461539
-0.11473846153846154
0.01814953846153846
0.1341396923076923
0.21675138461538462
0.2897667692307692
0.32231076923076923
0.3304467692307692
0.3016578461538461
0.23052
0.15813046153846153
0.06216738461538462
-0.041514461538461535
-0.12287446153846153
-0.2209236923076923
-0.2891409230769231
-0.3229366153846154
-0.3079163076923077
-0.21654276923076923
-0.11327815384615383
0.016480615384615385
0.14811692307692306
0.2674449230769231
0.38280923076923074
0.43642338461538455
0.4322510769230769
0.3619476923076923
0.23969907692307693
0.12329169230769231
0.01043076923076923
-0.09137353846153846
-0.17481969230769231
-0.23177169230769232
-0.23114584615384615
-0.19380369230769232
-0.12496061538461539
-0.02482523076923077
0.06717415384615384
0.15833907692307692
0.23823876923076923
0.2858030769230769
0.31834707692307695
0.2939390769230769
0.20965846153846154
0.09971815384615385
-0.02211323076923077
-0.11432123076923076
-0.18900553846153845
-0.23656984615384613
-0.24992123076923078
-0.22822523076923076
-0.14728246153846153
-0.040679999999999994
0.07802215384615384
0.1733593846153846
0.21654276923076923
0.24032492307692307
0.23677846153846152
0.21132738461538458
0.17398523076923075
0.09408553846153846
0.006049846153846154
-0.07739630769230768
-0.15124615384615384
-0.1869193846153846
-0.2127876923076923
-0.2209236923076923
-0.208824
-0.1777403076923077
-0.1151556923076923
-0.042348923076923076
0.02044430769230769
0.059664
0.0771876923076923
0.09116492307692307
0.10117846153846152
0.09262523076923077
0.06633969230769231
0.02357353846153846
-0.026494153846153844
-0.06654830769230768
-0.09137353846153846
-0.09387692307692307
-0.09325107692307691
-0.08699261538461538
-0.06592246153846154
-0.04819015384615385
-0.018983999999999997
0.003129230769230769
0.009387692307692307
0.02023569230769231
0.018775384615384614
0.015020307692307692
0.001043076923076923
-0.02211323076923077
-0.03859384615384615
-0.058829538461538454
-0.06425353846153846
-0.07134646153846153
-0.07760492307692309
-0.08135999999999999
-0.09825784615384614
-0.11181784615384616
-0.13101046153846155
-0.14331876923076922
-0.130176
-0.11160923076923077
-0.08094276923076923
-0.03400430769230769
0.0
0.027328615384615382
0.03233538461538461
0.023782153846153845
0.019192615384615384
-0.004589538461538461
-0.02858030769230769
-0.06070707692307692
-0.0961716923076923
-0.11286092307692308
-0.11828492307692307
-0.09471138461538461
-0.047772923076923074
0.010639384615384617
0.08135999999999999
0.157296
0.23052
0.2753723076923077
0.29185292307692307
0.2799618461538461
0.22947692307692308
0.15813046153846153
0.0744756923076923
-0.018775384615384614
-0.10931446153846153
-0.18232984615384615
-0.22175815384615383
-0.2194633846153846
-0.1804523076923077
-0.11014892307692307
-0.023364923076923075
0.06383630769230769
0.13226215384615383
0.1777403076923077
0.19964492307692308
0.18232984615384615
0.14060676923076923
0.07635323076923077
-0.003963692307692307
-0.07489292307692308
-0.14060676923076923
-0.18879692307692306
-0.20798953846153845
-0.19964492307692308
-0.15646153846153846
-0.09137353846153846
-0.015854769230769228
0.04819015384615385
0.08010830769230769
0.08720123076923077
0.08031692307692308
0.06592246153846154
0.041514461538461535
0.011473846153846154
-0.028788923076923077
-0.06300184615384616
-0.08052553846153847
-0.08094276923076923
-0.05319692307692307
-0.02023569230769231
0.010013538461538461
0.04130584615384615
0.07092923076923077
0.08490646153846154
0.073224
0.045060923076923075
0.007927384615384614
-0.02232184615384615
-0.037342153846153844
-0.04318338461538461
-0.03775938461538462
-0.02232184615384615
0.0
0.03150092307692308
0.058829538461538454
0.08219446153846154
0.08845292307692308
0.07134646153846153
0.049233230769230765
0.021278769230769233
-0.010013538461538461
-0.042974769230769226
-0.07656184615384615
-0.09825784615384614
-0.0974233846153846
-0.07426707692307692
-0.03233538461538461
0.01814953846153846
0.06279323076923077
0.09971815384615385
0.12788123076923075
0.13810338461538463
0.12099692307692309
0.07760492307692309
0.02044430769230769
-0.04380923076923077
-0.10430769230769231
-0.14957723076923077
-0.1721076923076923
-0.1712732307692308
-0.14582215384615385
-0.09471138461538461
-0.02023569230769231
0.06863446153846153
0.14811692307692306
0.21591692307692306
0.26619323076923074
0.3012406153846154
0.3127144615384615
0.2926873846153846
0.2509643076923077
0.1792006153846154
0.10639384615384614
0.04944184615384615
0.011265230769230769
-0.0016689230769230767
-0.0035464615384615383
0.008136
0.029206153846153847
0.06154153846153846
0.09784061538461537
0.11536430769230768
0.12120553846153845
0.10848000000000001
0.08740984615384616
0.07009476923076922
0.04714707692307692
0.014185846153846153
-0.040262769230769234
-0.09533723076923077
-0.14164984615384615
-0.17711446153846155
-0.1940123076923077
-0.2021483076923077
-0.19046584615384615
-0.16000799999999998
-0.11160923076923077
-0.051528
0.009596307692307692
0.065088
0.0988836923076923
0.11995384615384615
0.12454338461538461
0.11014892307692307
0.0744756923076923
0.02232184615384615
-0.027120000000000002
-0.06654830769230768
-0.0880356923076923
-0.09074769230769231
-0.08448923076923077
-0.07551876923076924
-0.059872615384615385
-0.040262769230769234
-0.00855323076923077
0.01043076923076923
0.015020307692307692
0.013351384615384614
-0.0025033846153846152
0.0002086153846153846
0.010848
0.026285538461538457
0.04965046153846154
0.06738276923076922
0.08991323076923076
0.10493353846153847
0.11390399999999999
0.10576799999999999
0.06446215384615385
0.008344615384615384
-0.054240000000000003
-0.11265230769230769
-0.16271999999999998
-0.200688
-0.22029784615384615
-0.20715507692307691
-0.16209415384615386
-0.08052553846153847
0.028788923076923077
0.13372246153846154
0.22780799999999998
0.2947735384615384
0.3339932307692307
0.32961230769230765
0.28121353846153846
0.19693292307692306
0.07843938461538462
-0.042974769230769226
-0.15354092307692307
-0.23385784615384617
-0.2774584615384615
-0.2899753846153846
-0.26097784615384617
-0.1910916923076923
-0.07551876923076924
0.06592246153846154
0.1913003076923077
0.29414769230769233
0.360696
0.385104
0.3782196923076923
0.3202246153846154
0.22572184615384616
0.1028473846153846
-0.03150092307692308
-0.12996738461538462
-0.1940123076923077
-0.2221753846153846
-0.2207150769230769
-0.18358153846153846
-0.10827138461538462
-0.011891076923076923
0.09137353846153846
0.1666836923076923
0.21049292307692305
0.22572184615384616
0.21633415384615384
0.19046584615384615
0.15374953846153847
0.10138707692307691
0.03713353846153846
-0.018775384615384614
-0.05757784615384615
-0.07843938461538462
-0.09554584615384615
-0.11140061538461538
-0.12579507692307693
-0.14686523076923075
-0.15813046153846153
-0.15500123076923078
-0.1422756923076923
-0.11682461538461539
-0.09053907692307692
-0.04985907692307692
0.009387692307692307
0.06654830769230768
0.11473846153846154
0.1395636923076923
0.1462393846153846
0.14436184615384615
0.138312
0.13038461538461538
0.11056615384615384
0.073224
0.02023569230769231
-0.02858030769230769
-0.06633969230769231
-0.09095630769230768
-0.103056
-0.10222153846153846
-0.07739630769230768
-0.030875076923076922
0.03150092307692308
0.09325107692307691
0.143736
0.17523692307692307
0.18650215384615382
0.1787833846153846
0.14936861538461538
0.09429415384615383
0.020027076923076922
-0.04714707692307692
-0.08991323076923076
-0.11494707692307692
-0.11411261538461538
-0.10263876923076923
-0.09512861538461538
-0.08031692307692308
-0.0771876923076923
-0.07280676923076923
-0.07489292307692308
-0.09283384615384616
-0.10722830769230769
-0.12266584615384615
-0.12245723076923076
-0.10076123076923077
-0.0678
-0.01710646153846154
0.048816000000000005
0.12600369230769232
0.1942209230769231
0.22822523076923076
0.2261390769230769
0.1787833846153846
0.10347323076923076
0.025033846153846153
-0.052153846153846155
-0.11473846153846154
-0.17419384615384614
-0.20632061538461538
-0.21591692307692306
-0.19735015384615384
-0.15395815384615386
-0.11327815384615383
-0.07197230769230768
-0.050067692307692306
-0.003755076923076923
0.051319384615384614
0.13080184615384613
0.2261390769230769
0.3727956923076923
0.45373846153846153
0.46354338461538463
0.5394793846153846
0.5336381538461539
0.5365587692307692
0.4280787692307692
0.22175815384615383
-0.010013538461538461
-0.3193901538461538
-0.5215384615384615
-0.7545618461538461
-0.9304246153846154
-1.0201292307692307
-1.025136
-0.7914867692307692
-0.48941169230769227
-0.059872615384615385
0.38280923076923074
0.7368295384615384
1.0762467692307691
1.2279101538461539
1.2308307692307692
1.0466233846153845
0.6429526153846153
0.19860184615384616
-0.32961230769230765
-0.825073846153846
-1.1425864615384616
-1.3628843076923076
-1.3497415384615383
-1.1690806153846154
-0.8688830769230769
-0.41264123076923076
0.05507446153846154
0.5661821538461538
0.9971815384615385
1.2569076923076923
1.3741495384615383
1.292998153846154
1.0835483076923076
0.7545618461538461
0.3062473846153846
-0.1635544615384615
-0.6200049230769231
-0.9690184615384615
-1.1651169230769232
-1.2387581538461538
-1.1551033846153846
-0.938977846153846
-0.6285581538461538
-0.24637476923076923
0.12850707692307692
0.4750172307692308
0.7710424615384616
0.9552498461538461
1.0518387692307691
1.0328547692307692
0.8928738461538461
0.6652744615384616
0.35464615384615383
-0.001043076923076923
-0.37363015384615383
-0.7149249230769231
-0.9873766153846154
-1.1546861538461537
-1.193905846153846
-1.1181784615384616
-0.9024701538461538
-0.5607581538461538
-0.14582215384615385
0.3160523076923077
0.7458
1.087512
1.3090615384615385
1.376027076923077
1.296961846153846
1.0455803076923078
0.6615193846153845
0.21466523076923077
-0.2532590769230769
-0.6782086153846154
-1.0263876923076922
-1.2387581538461538
-1.2867396923076924
-1.1717926153846152
-0.8978806153846154
-0.49546153846153845
0.0
0.5188264615384615
0.9829956923076922
1.3188664615384615
1.4876363076923076
1.4561353846153846
1.2341686153846154
0.859704
0.37091815384615384
-0.1462393846153846
-0.6348166153846153
-1.0245101538461538
-1.274222769230769
-1.3754012307692307
-1.300716923076923
-1.064772923076923
-0.703451076923077
-0.26640184615384616
0.18170399999999998
0.571188923076923
0.8580350769230769
1.025761846153846
1.05768
0.9529550769230769
0.7270246153846154
0.4036707692307692
0.04526953846153846
-0.29498215384615384
-0.574944
-0.7535187692307692
-0.8375907692307692
-0.8323753846153845
-0.7255643076923077
-0.5286313846153846
-0.279336
-0.007510153846153846
0.24658338461538462
0.4679243076923077
0.6402406153846154
0.7316141538461538
0.7505981538461538
0.6892652307692307
0.5630529230769231
0.3913624615384615
0.19630707692307692
0.017523692307692306
-0.1558356923076923
-0.31188
-0.4408043076923077
-0.5438603076923076
-0.5918418461538462
-0.5868350769230769
-0.5204953846153846
-0.4090947692307692
-0.28246523076923075
-0.12558646153846154
0.05277969230769231
0.24282830769230768
0.42077723076923074
0.5346812307692307
0.5682683076923077
0.531552
0.4276615384615384
0.2695310769230769
0.07843938461538462
-0.13476553846153844
-0.34046030769230773
-0.5004683076923077
-0.5828713846153846
-0.584123076923077
-0.5121507692307692
-0.38677292307692307
-0.23177169230769232
-0.04088861538461538
0.15416676923076922
0.33065538461538463
0.4585366153846154
0.5140283076923077
0.5119421538461538
0.4414301538461538
0.3346190769230769
0.2125790769230769
0.08052553846153847
-0.038176615384615385
-0.12767261538461538
-0.1614683076923077
-0.138312
-0.07343261538461537
0.003129230769230769
0.07051199999999999
0.12579507692307693
0.16584923076923075
0.192552
0.19463815384615382
0.15750461538461538
0.08949599999999999
0.017315076923076923
-0.03400430769230769
-0.06216738461538462
-0.07405846153846153
-0.07197230769230768
-0.058412307692307694
-0.021904615384615383
0.03024923076923077
0.08344615384615384
0.1178676923076923
0.10952307692307692
0.07510153846153846
0.026494153846153844
-0.023782153846153845
-0.06383630769230769
-0.09533723076923077
-0.11411261538461538
-0.10827138461538462
-0.06341907692307691
0.013142769230769229
0.09909230769230769
0.16876984615384616
0.20486030769230767
0.21195323076923075
0.19568123076923075
0.16167692307692308
0.11411261538461538
0.04547815384615384
-0.034630153846153845
-0.10868861538461538
-0.15374953846153847
-0.15354092307692307
-0.12329169230769231
-0.0798996923076923
-0.022947692307692308
0.03859384615384615
0.10639384615384614
0.16730953846153845
0.19526400000000002
0.1913003076923077
0.15103753846153847
0.08907876923076924
0.03066646153846154
-0.027120000000000002
-0.08031692307692308
-0.12287446153846153
-0.14874276923076923
-0.15145476923076923
-0.13643446153846153
-0.1045163076923077
-0.07885661538461539
-0.06154153846153846
-0.04756430769230769
-0.04985907692307692
-0.06195876923076923
-0.08866153846153846
-0.12788123076923075
-0.1570873846153846
-0.17169046153846151
-0.16251138461538459
-0.12955015384615384
-0.08323753846153846
-0.022947692307692308
0.031709538461538456
0.08428061538461538
0.12955015384615384
0.15208061538461537
0.15374953846153847
0.12350030769230769
0.0744756923076923
0.02524246153846154
-0.01668923076923077
-0.037342153846153844
-0.050067692307692306
-0.05799507692307692
-0.03671630769230769
0.002712
0.05757784615384615
0.11202646153846153
0.14707384615384617
0.17273353846153844
0.18212123076923076
0.18963138461538462
0.18754523076923074
0.16647507692307692
0.13998092307692306
0.10597661538461538
0.08866153846153846
0.08386338461538462
0.07823076923076923
0.07802215384615384
0.06258461538461538
0.04902461538461538
0.04401784615384615
0.024408000000000003
0.0043809230769230765
-0.02899753846153846
-0.059872615384615385
-0.078648
-0.09450276923076922
-0.09283384615384616
-0.09095630769230768
-0.08386338461538462
-0.07134646153846153
-0.05173661538461538
-0.016897846153846156
0.021278769230769233
0.06279323076923077
0.09241661538461539
0.10994030769230768
0.124752
0.12141415384615384
0.09491999999999999
0.05090215384615384
-0.006467076923076923
-0.06279323076923077
-0.10952307692307692
-0.14874276923076923
-0.16751815384615384
-0.17023015384615386
-0.15270646153846154
-0.09700615384615385
-0.01710646153846154
0.07656184615384615
0.16501476923076921
0.22968553846153844
0.2680707692307692
0.26535876923076923
0.22426153846153846
0.1462393846153846
0.023782153846153845
-0.10952307692307692
-0.23281476923076924
-0.31897292307692304
-0.35339446153846155
-0.3521427692307692
-0.3016578461538461
-0.2059033846153846
-0.06300184615384616
0.10597661538461538
0.26118646153846153
0.37926276923076924
0.4349630769230769
0.4320424615384615
0.371544
0.2643156923076923
0.12120553846153845
-0.04839876923076923
-0.21320492307692307
-0.3375396923076923
-0.4026276923076923
-0.4017932307692308
-0.33816553846153846
-0.23052
-0.0934596923076923
0.05716061538461538
0.2140393846153846
0.3412947692307692
0.4220289230769231
0.4478972307692307
0.40972061538461535
0.33816553846153846
0.2399076923076923
0.12850707692307692
0.0025033846153846152
-0.12245723076923076
-0.20423446153846153
-0.2478350769230769
-0.2647329230769231
-0.25513661538461535
-0.22864246153846152
-0.18316430769230768
-0.124752
-0.06300184615384616
0.015646153846153844
0.08490646153846154
0.13121907692307694
0.16647507692307692
0.18483323076923078
0.1913003076923077
0.17148184615384612
0.116616
0.049233230769230765
-0.028163076923076923
-0.10827138461538462
-0.17690584615384616
-0.2436627692307692
-0.2926873846153846
-0.31834707692307695
-0.31229723076923077
-0.26139507692307695
-0.18316430769230768
-0.09846646153846153
-0.024408000000000003
0.04839876923076923
0.11557292307692307
0.16730953846153845
0.19735015384615384
0.1927606153846154
0.15562707692307692
0.08699261538461538
-0.0004172307692307692
-0.08699261538461538
-0.16772676923076923
-0.2480436923076923
-0.3129230769230769
-0.327108923076923
-0.292896
-0.22113230769230768
-0.12037107692307693
-0.006675692307692307
0.10952307692307692
0.21070153846153844
0.2870547692307692
0.3294036923076923
0.32314523076923074
0.2674449230769231
0.1846246153846154
0.09074769230769231
0.0002086153846153846
-0.07238953846153846
-0.13768615384615385
-0.17961784615384613
-0.19150892307692308
-0.1794092307692308
-0.13810338461538463
-0.08949599999999999
-0.03921969230769231
0.014185846153846153
0.06467076923076923
0.12391753846153845
0.17544553846153846
0.20110523076923076
0.214248
0.21341353846153846
0.20673784615384616
0.19568123076923075
0.1693956923076923
0.12391753846153845
0.06008123076923077
0.004798153846153846
-0.03379569230769231
-0.05945538461538461
-0.07238953846153846
-0.08323753846153846
-0.07343261538461537
-0.035464615384615386
0.01940123076923077
0.08761846153846153
0.13893784615384613
0.1718990769230769
0.19296923076923078
0.19881046153846152
0.20131384615384615
0.1860849230769231
0.13914646153846155
0.06529661538461538
-0.020652923076923076
-0.103056
-0.16501476923076921
-0.20444307692307692
-0.22134092307692307
-0.21237046153846154
-0.15604430769230768
-0.07593599999999999
0.015437538461538461
0.09074769230769231
0.12516923076923075
0.15771323076923077
0.16835261538461538
0.16042523076923076
0.116616
0.03692492307692308
-0.05507446153846154
-0.119328
-0.15562707692307692
-0.04109723076923077
0.025033846153846153
-0.07510153846153846
-0.03838523076923077
-0.07238953846153846
0.01710646153846154
0.10535076923076922
-0.03629907692307692
-0.111192
-0.28017046153846153
-0.23615261538461538
-0.11223507692307692
-0.08511507692307693
-0.02232184615384615
-0.11494707692307692
-0.0008344615384615384
0.14561353846153846
0.2572227692307692
0.3611132307692308
0.1718990769230769
0.06446215384615385
-0.040054153846153843
-0.13372246153846154
-0.09554584615384615
-0.2194633846153846
-0.2369870769230769
-0.22843384615384613
-0.295608
-0.13518276923076925
-0.04985907692307692
0.03609046153846154
0.14603076923076924
0.0897046153846154
0.14290153846153844
0.14582215384615385
0.15270646153846154
0.21800307692307694
0.119328
0.02357353846153846
-0.08073415384615384
-0.1178676923076923
-0.04631261538461538
-0.08177723076923075
-0.12162276923076921
-0.17586276923076924
-0.1867107692307692
-0.04819015384615385
0.006258461538461538
0.03379569230769231
0.04756430769230769
0.01814953846153846
0.11411261538461538
0.1802436923076923
0.21007569230769232
0.2559710769230769
0.21362215384615382
0.23448369230769228
0.27453784615384613
0.2557624615384615
0.2238443076923077
0.09763200000000001
-0.023364923076923075
-0.11286092307692308
-0.18712800000000002
-0.20444307692307692
-0.20944984615384615
-0.1435273846153846
-0.07551876923076924
0.008970461538461538
0.17002153846153847
0.2749550769230769
0.3815575384615385
0.42891323076923077
0.3880246153846154
0.36278215384615387
0.260352
0.14978584615384616
0.027745846153846152
-0.13747753846153846
-0.21716861538461538
-0.2651501538461538
-0.25930892307692305
-0.20778092307692309
-0.1691870769230769
-0.05507446153846154
0.0853236923076923
0.21696000000000001
0.2995716923076923
0.30061476923076924
0.32085046153846153
0.2970683076923077
0.22426153846153846
0.14394461538461537
-0.009596307692307692
-0.12537784615384615
-0.19296923076923078
-0.24720923076923076
-0.21153599999999997
-0.17815753846153848
-0.13476553846153844
-0.05069353846153846
-0.0043809230769230765
0.06613107692307692
0.13267938461538462
0.16647507692307692
0.1829556923076923
0.1489513846153846
0.10347323076923076
0.04172307692307692
0.001043076923076923
-0.01981846153846154
-0.061124307692307686
-0.0826116923076923
-0.11557292307692307
-0.12850707692307692
-0.1028473846153846
-0.1028473846153846
-0.08615815384615384
-0.08010830769230769
-0.10347323076923076
-0.07468430769230769
-0.03838523076923077
-0.011265230769230769
-0.00855323076923077
-0.048816000000000005
-0.034630153846153845
0.009387692307692307
0.04193169230769231
0.06049846153846154
0.027328615384615382
-0.005424
-0.023782153846153845
-0.03588184615384615
-0.030040615384615384
-0.04631261538461538
-0.06571384615384615
-0.07468430769230769
-0.07218092307692307
-0.026702769230769228
0.015020307692307692
0.06008123076923077
0.11327815384615383
0.12913292307692306
0.15354092307692307
0.16626646153846153
0.17023015384615386
0.18358153846153846
0.1341396923076923
0.06800861538461538
0.018983999999999997
-0.015854769230769228
-0.003755076923076923
0.004589538461538461
-0.00855323076923077
-0.02086153846153846
-0.024408000000000003
0.005841230769230769
0.025033846153846153
0.02545107692307692
0.02524246153846154
-0.0014603076923076922
-0.0070929230769230765
-0.011473846153846154
-0.01043076923076923
0.013351384615384614
0.01043076923076923
0.02232184615384615
0.02545107692307692
0.015020307692307692
0.02023569230769231
0.0014603076923076922
-0.024408000000000003
-0.05528307692307692
-0.0828203076923077
-0.07405846153846153
-0.04526953846153846
-0.004798153846153846
0.033169846153846154
0.058412307692307694
0.09283384615384616
0.13226215384615383
0.1800350769230769
0.19985353846153847
0.17085599999999998
0.13372246153846154
0.08323753846153846
0.03212676923076923
-0.017523692307692306
-0.07948246153846153
-0.11911938461538461
-0.14519630769230768
-0.14832553846153845
-0.11140061538461538
-0.07948246153846153
-0.03129230769230769
0.03379569230769231
0.09763200000000001
0.16188553846153847
0.19463815384615382
0.20486030769230767
0.17982646153846152
0.12433476923076923
0.05799507692307692
-0.014394461538461538
-0.06988615384615385
-0.11452984615384615
-0.14936861538461538
-0.16251138461538459
-0.15625292307692307
-0.12329169230769231
-0.06008123076923077
0.021487384615384613
0.11327815384615383
0.1779489230769231
0.21195323076923075
0.23907323076923076
0.24887815384615386
0.2399076923076923
0.1867107692307692
0.09429415384615383
0.0006258461538461538
-0.09179076923076923
-0.1652233846153846
-0.21487384615384614
-0.24282830769230768
-0.24574892307692306
-0.22634769230769228
-0.1696043076923077
-0.09763200000000001
-0.027328615384615382
0.03275261538461539
0.06362769230769232
0.06905169230769231
0.049233230769230765
0.013768615384615384
-0.03442153846153846
-0.09012184615384615
-0.1435273846153846
-0.192552
-0.22822523076923076
-0.23636123076923077
-0.2221753846153846
-0.19818461538461538
-0.17085599999999998
-0.13914646153846155
-0.08657538461538461
-0.024199384615384616
0.03421292307692308
0.07343261538461537
0.09012184615384615
0.09846646153846153
0.09533723076923077
0.07781353846153846
0.04088861538461538
-0.016480615384615385
-0.07489292307692308
-0.11724184615384614
-0.143736
-0.14916
-0.14060676923076923
-0.1205796923076923
-0.08511507692307693
-0.04047138461538462
0.015228923076923076
0.06675692307692307
0.10263876923076923
0.12704676923076924
0.13726892307692307
0.13747753846153846
0.12579507692307693
0.09095630769230768
0.043600615384615383
-0.003755076923076923
-0.03275261538461539
-0.03358707692307692
-0.017940923076923077
0.003129230769230769
0.02211323076923077
0.04714707692307692
0.09408553846153846
0.14853415384615384
0.18879692307692306
0.2154996923076923
0.21779446153846155
0.20673784615384616
0.19025723076923076
0.1614683076923077
0.12308307692307692
0.058829538461538454
-0.017940923076923077
-0.0880356923076923
-0.138312
-0.14582215384615385
-0.1356
-0.10681107692307691
-0.05862092307692307
-0.0016689230769230767
0.08469784615384615
0.1558356923076923
0.19651569230769228
0.1867107692307692
0.11974523076923077
0.04965046153846154
-0.03421292307692308
-0.1151556923076923
-0.18232984615384615
-0.24095076923076922
-0.26076923076923075
-0.22968553846153844
-0.15771323076923077
-0.06529661538461538
0.016480615384615385
0.08031692307692308
0.13643446153846153
0.1785747692307692
0.19442953846153843
0.1721076923076923
0.1151556923076923
0.03567323076923076
-0.03671630769230769
-0.09241661538461539
-0.13393107692307693
-0.15187199999999998
-0.1543753846153846
-0.13267938461538462
-0.08010830769230769
-0.016897846153846156
0.04193169230769231
0.07092923076923077
0.06300184615384616
0.03901107692307692
0.010639384615384617
-0.013768615384615384
-0.03567323076923076
-0.059664
-0.07823076923076923
-0.06821723076923077
-0.026494153846153844
0.03296123076923077
0.09554584615384615
0.13476553846153844
0.14206707692307693
0.13455692307692307
0.12245723076923076
0.08720123076923077
0.02795446153846154
-0.04276615384615385
-0.09408553846153846
-0.09450276923076922
-0.05611753846153846
0.019192615384615384
0.11348676923076922
0.20506892307692307
0.3045784615384615
0.39282276923076925
0.44581107692307687
0.45707630769230767
0.4049224615384615
0.3045784615384615
0.19568123076923075
0.08845292307692308
-0.005215384615384615
-0.08991323076923076
-0.16876984615384616
-0.21237046153846154
-0.20861538461538462
-0.15562707692307692
-0.06800861538461538
0.03108369230769231
0.11765907692307691
0.18066092307692305
0.2238443076923077
0.23677846153846152
0.2209236923076923
0.1597993846153846
0.0609156923076923
-0.042348923076923076
-0.12704676923076924
-0.17711446153846155
-0.20548615384615385
-0.22175815384615383
-0.21132738461538458
-0.1666836923076923
-0.09992676923076924
-0.013768615384615384
0.06362769230769232
0.12329169230769231
0.1570873846153846
0.15875630769230767
0.13643446153846153
0.08094276923076923
0.009179076923076922
-0.07906523076923076
-0.1504116923076923
-0.1858763076923077
-0.19505538461538463
-0.1706473846153846
-0.146448
-0.11974523076923077
-0.092208
-0.06821723076923077
-0.033169846153846154
-0.015646153846153844
-0.019609846153846155
-0.04547815384615384
-0.07072061538461538
-0.07009476923076922
-0.05236246153846154
-0.018358153846153843
0.012099692307692308
0.03400430769230769
0.054657230769230764
0.0853236923076923
0.11995384615384615
0.1397723076923077
0.138312
0.12955015384615384
0.11390399999999999
0.08574092307692306
0.059664
0.022530461538461537
-0.011056615384615385
-0.02211323076923077
-0.012308307692307691
0.017523692307692306
0.053614153846153846
0.0880356923076923
0.12099692307692309
0.14749107692307692
0.15291507692307693
0.13852061538461538
0.09867507692307692
0.05319692307692307
0.0029206153846153843
-0.05486584615384615
-0.10493353846153847
-0.14749107692307692
-0.1710646153846154
-0.1777403076923077
-0.15959076923076923
-0.1205796923076923
-0.06571384615384615
-0.007927384615384614
0.026285538461538457
0.04902461538461538
0.06216738461538462
0.04902461538461538
0.012308307692307691
-0.05757784615384615
-0.15103753846153847
-0.225096
-0.22718215384615387
-0.15500123076923078
-0.021696
0.14394461538461537
0.29331323076923077
0.45040061538461534
0.5703544615384616
0.6321046153846154
0.590172923076923
0.42015138461538465
0.19881046153846152
-0.021696
-0.20339999999999997
-0.3957433846153846
-0.5259193846153846
-0.585792
-0.5582547692307692
-0.3838523076923077
-0.1710646153846154
0.08198584615384615
0.30270092307692303
0.4577021538461538
0.5615926153846154
0.5394793846153846
0.42661846153846156
0.22113230769230768
-0.034630153846153845
-0.2860116923076923
-0.5100646153846153
-0.63732
-0.6765396923076923
-0.5962227692307692
-0.41326707692307696
-0.17982646153846152
0.09471138461538461
0.33357600000000004
0.5244590769230769
0.6312701538461538
0.5983089230769231
0.49337538461538455
0.3314898461538462
0.15604430769230768
0.013560000000000001
-0.1289243076923077
-0.23385784615384617
-0.2981113846153846
-0.3170953846153846
-0.2707827692307692
-0.19547261538461536
-0.11682461538461539
-0.047772923076923074
0.027120000000000002
0.09408553846153846
0.1178676923076923
0.09658892307692307
0.01856676923076923
-0.07030338461538461
-0.130176
-0.18379015384615385
-0.19380369230769232
-0.16480615384615382
-0.11056615384615384
-0.01272553846153846
0.07426707692307692
0.12621230769230768
0.13768615384615385
0.08511507692307693
-0.0002086153846153846
-0.100344
-0.20110523076923076
-0.2588916923076923
-0.2586830769230769
-0.19735015384615384
-0.09116492307692307
0.04047138461538462
0.18379015384615385
0.30562153846153844
0.385104
0.39636923076923075
0.33566215384615383
0.2399076923076923
0.11202646153846153
-0.023990769230769232
-0.154584
-0.27620676923076926
-0.3402516923076923
-0.3510996923076923
-0.3008233846153846
-0.20193969230769232
-0.08490646153846154
0.061124307692307686
0.214248
0.347136
0.42035999999999996
0.427452923076923
0.3748818461538461
0.26869661538461537
0.1353913846153846
-0.026076923076923077
-0.18232984615384615
-0.29873723076923075
-0.3609046153846154
-0.34504984615384615
-0.24762646153846155
-0.103056
0.065088
0.2303113846153846
0.3513083076923077
0.42703569230769234
0.4424732307692308
0.39261415384615383
0.29873723076923075
0.15813046153846153
0.004172307692307692
-0.12955015384615384
-0.23510953846153848
-0.29185292307692307
-0.3079163076923077
-0.2830910769230769
-0.22405292307692307
-0.1422756923076923
-0.04756430769230769
0.029414769230769227
0.08782707692307692
0.1045163076923077
0.08177723076923075
0.05277969230769231
0.0022947692307692304
-0.050067692307692306
-0.10201292307692307
-0.15646153846153846
-0.173568
-0.15792184615384616
-0.11432123076923076
-0.05298830769230769
0.010013538461538461
0.07134646153846153
0.12037107692307693
0.14790830769230767
0.13726892307692307
0.10201292307692307
0.056951999999999996
0.014394461538461538
-0.015020307692307692
-0.035464615384615386
-0.05277969230769231
-0.054657230769230764
-0.03859384615384615
-0.010639384615384617
0.037342153846153844
0.07405846153846153
0.10347323076923076
0.12329169230769231
0.11348676923076922
0.09867507692307692
0.07739630769230768
0.050067692307692306
0.03567323076923076
0.02044430769230769
0.008136
0.017315076923076923
0.038176615384615385
0.06487938461538462
0.09700615384615385
0.12496061538461539
0.14436184615384615
0.1570873846153846
0.15750461538461538
0.14290153846153844
0.10952307692307692
0.06738276923076922
0.032544
0.009596307692307692
-0.0022947692307692304
-0.004589538461538461
0.014185846153846153
0.058829538461538454
0.12496061538461539
0.20173107692307693
0.2574313846153846
0.2828824615384615
0.27412061538461535
0.23218892307692307
0.16730953846153845
0.065088
-0.052153846153846155
-0.15667015384615385
-0.23469230769230767
-0.26348123076923075
-0.24679199999999998
-0.1923433846153846
-0.1136953846153846
-0.02858030769230769
0.04380923076923077
0.09387692307692307
0.116616
0.103056
0.06258461538461538
-0.005215384615384615
-0.08469784615384615
-0.14957723076923077
-0.20152246153846154
-0.2238443076923077
-0.21049292307692305
-0.1733593846153846
-0.09804923076923076
0.005841230769230769
0.11056615384615384
0.19735015384615384
0.24032492307692307
0.24449723076923074
0.2236356923076923
0.1733593846153846
0.09679753846153846
-0.011056615384615385
-0.12913292307692306
-0.23469230769230767
-0.29644246153846154
-0.2883064615384615
-0.23886461538461537
-0.15938215384615384
-0.06446215384615385
0.03713353846153846
0.13372246153846154
0.19442953846153843
0.20798953846153845
0.16480615384615382
0.08010830769230769
-0.022530461538461537
-0.12391753846153845
-0.2059033846153846
-0.26723630769230766
-0.3035353846153846
-0.29414769230769233
-0.2261390769230769
-0.10868861538461538
0.030040615384615384
0.15479261538461536
0.24554030769230767
0.287472
0.2906012307692308
0.25555384615384613
0.18128676923076922
0.08177723076923075
-0.03233538461538461
-0.13914646153846155
-0.21612553846153845
-0.2415766153846154
-0.22530461538461538
-0.1733593846153846
-0.10618523076923077
-0.024408000000000003
0.07092923076923077
0.14853415384615384
0.20027076923076922
0.19442953846153843
0.15103753846153847
0.09700615384615385
0.03838523076923077
-0.0029206153846153843
-0.04756430769230769
-0.09304246153846155
-0.11286092307692308
-0.10013538461538461
-0.06446215384615385
-0.02586830769230769
0.005424
0.02545107692307692
0.032544
0.037342153846153844
0.04860738461538461
0.05653476923076922
0.047981538461538464
0.03275261538461539
0.03337846153846154
0.04965046153846154
0.07030338461538461
0.0853236923076923
0.0892873846153846
0.09596307692307693
0.0936683076923077
0.086784
0.086784
0.07656184615384615
0.061124307692307686
0.03775938461538462
0.01814953846153846
0.013560000000000001
0.022530461538461537
0.029832
0.02858030769230769
0.02586830769230769
0.021070153846153846
0.026494153846153844
0.021278769230769233
0.0033378461538461535
-0.01940123076923077
-0.04985907692307692
-0.06821723076923077
-0.08344615384615384
-0.10117846153846152
-0.1070196923076923
-0.09304246153846155
-0.050067692307692306
0.016272
0.08156861538461539
0.13330523076923076
0.168144
0.18796246153846152
0.19025723076923076
0.16230276923076925
0.10597661538461538
0.029623384615384614
-0.04672984615384615
-0.10681107692307691
-0.14686523076923075
-0.15145476923076923
-0.15145476923076923
-0.14832553846153845
-0.1097316923076923
-0.06008123076923077
0.0035464615384615383
0.05799507692307692
0.08615815384615384
0.10201292307692307
0.08824430769230769
0.07531015384615385
0.06049846153846154
0.035464615384615386
0.004798153846153846
-0.03692492307692308
-0.06592246153846154
-0.086784
-0.10263876923076923
-0.11891076923076922
-0.14039815384615384
-0.14582215384615385
-0.13121907692307694
-0.09992676923076924
-0.054657230769230764
-0.012308307692307691
0.029414769230769227
0.07092923076923077
0.10576799999999999
0.14290153846153844
0.16042523076923076
0.1462393846153846
0.11473846153846154
0.07343261538461537
0.03421292307692308
0.002712
-0.02273907692307692
-0.04693846153846153
-0.06654830769230768
-0.0771876923076923
-0.07426707692307692
-0.05799507692307692
-0.04047138461538462
-0.029414769230769227
-0.01856676923076923
0.0077187692307692304
0.043600615384615383
0.08115138461538463
0.10994030769230768
0.12141415384615384
0.11640738461538462
0.10514215384615383
0.09137353846153846
0.06425353846153846
0.02586830769230769
-0.026702769230769228
-0.07489292307692308
-0.10159569230769232
-0.11348676923076922
-0.11411261538461538
-0.100344
-0.06988615384615385
-0.03400430769230769
0.015228923076923076
0.07197230769230768
0.11578153846153846
0.14018953846153845
0.1489513846153846
0.14728246153846153
0.12642092307692307
0.08448923076923077
0.023782153846153845
-0.06028984615384615
-0.1489513846153846
-0.21904615384615383
-0.2757895384615385
-0.30833353846153844
-0.31083692307692307
-0.27412061538461535
-0.1913003076923077
-0.08740984615384616
0.032544
0.13601723076923075
0.20423446153846153
0.24324553846153843
0.23761292307692305
0.20319138461538463
0.13309661538461537
0.027120000000000002
-0.07948246153846153
-0.16835261538461538
-0.2303113846153846
-0.25471938461538457
-0.24595753846153845
-0.19672430769230767
-0.11286092307692308
-0.015854769230769228
0.09930092307692308
0.20131384615384615
0.27328615384615385
0.3095852307692307
0.2999889230769231
0.26348123076923075
0.20423446153846153
0.13226215384615383
0.05653476923076922
-0.011891076923076923
-0.05570030769230769
-0.06967753846153846
-0.053614153846153846
-0.027328615384615382
-0.0016689230769230767
0.03024923076923077
0.06216738461538462
0.09596307692307693
0.13226215384615383
0.15520984615384617
0.15896492307692306
0.143736
0.12245723076923076
0.10827138461538462
0.09471138461538461
0.07802215384615384
0.05507446153846154
0.03880246153846154
0.03880246153846154
0.04902461538461538
0.05924676923076923
0.05319692307692307
0.028788923076923077
-0.004589538461538461
-0.024616615384615383
-0.03045784615384615
-0.023782153846153845
-0.007510153846153846
0.016480615384615385
0.055491692307692304
0.11286092307692308
0.15124615384615384
0.16605784615384614
0.14957723076923077
0.07197230769230768
-0.0012516923076923076
-0.07593599999999999
-0.12099692307692309
-0.16418030769230768
-0.21508246153846153
-0.22551323076923077
-0.1908830769230769
-0.1097316923076923
0.03504738461538461
0.2563883076923077
0.25951753846153847
0.23761292307692305
0.24074215384615386
0.16313723076923078
0.21862892307692305
0.04318338461538461
-0.20652923076923077
-0.4276615384615384
-0.5947624615384616
-0.4798153846153846
-0.41952553846153845
-0.3045784615384615
-0.235944
-0.12016246153846154
0.21320492307692307
0.4472713846153846
0.6821723076923076
0.6556781538461539
0.4652123076923077
0.3571495384615384
0.13038461538461538
0.004589538461538461
-0.18379015384615385
-0.4345458461538461
-0.48565661538461535
-0.593928
-0.519660923076923
-0.2912270769230769
-0.14457046153846154
0.127464
0.2751636923076923
0.3838523076923077
0.5328036923076923
0.5553341538461538
0.6172929230769231
0.5415655384615384
0.34004307692307695
0.1368516923076923
-0.100344
-0.18963138461538462
-0.27620676923076926
-0.3798886153846154
-0.40387938461538464
-0.41493599999999997
-0.24449723076923074
-0.03233538461538461
0.10326461538461539
0.25367630769230765
0.3072904615384615
0.3671630769230769
0.44122153846153844
0.3727956923076923
0.28392553846153845
0.14018953846153845
-0.03421292307692308
-0.09533723076923077
-0.16856123076923077
-0.22300984615384614
-0.2638984615384615
-0.31646953846153847
-0.30416123076923074
-0.2891409230769231
-0.2436627692307692
-0.18629353846153843
-0.09679753846153846
0.0029206153846153843
0.02586830769230769
0.09491999999999999
0.14811692307692306
0.1710646153846154
0.23052
0.19192615384615386
0.14811692307692306
0.11181784615384616
0.02524246153846154
-0.008970461538461538
-0.086784
-0.15750461538461538
-0.1779489230769231
-0.21007569230769232
-0.18107815384615383
-0.15938215384615384
-0.10535076923076922
0.02023569230769231
0.13998092307692306
0.2422024615384615
0.2799618461538461
0.3127144615384615
0.3673716923076923
0.35798399999999997
0.30061476923076924
0.15875630769230767
-0.02753723076923077
-0.1395636923076923
-0.25659692307692306
-0.3342018461538461
-0.35798399999999997
-0.39532615384615377
-0.3339932307692307
-0.23052
-0.10660246153846153
0.06800861538461538
0.20110523076923076
0.3198073846153846
0.38948492307692306
0.3863556923076923
0.3285692307692308
0.20506892307692307
0.07802215384615384
-0.05945538461538461
-0.1802436923076923
-0.2561796923076923
-0.3216849230769231
-0.31041969230769234
-0.25972615384615383
-0.18545907692307692
-0.05444861538461539
0.03963692307692308
0.14936861538461538
0.27140861538461536
0.3277347692307692
0.35297723076923077
0.3062473846153846
0.21299630769230768
0.1314276923076923
0.03275261538461539
-0.065088
-0.15750461538461538
-0.22572184615384616
-0.238656
-0.2207150769230769
-0.16230276923076925
-0.09283384615384616
-0.024616615384615383
0.052153846153846155
0.08115138461538463
0.09846646153846153
0.10389046153846154
0.08323753846153846
0.09304246153846155
0.07009476923076922
0.02211323076923077
-0.011473846153846154
-0.05277969230769231
-0.04088861538461538
-0.03400430769230769
-0.07405846153846153
-0.1045163076923077
-0.13267938461538462
-0.11745046153846153
-0.07092923076923077
-0.03775938461538462
-0.016480615384615385
-0.010848
0.02357353846153846
0.06633969230769231
0.09408553846153846
0.11599015384615384
0.08594953846153845
0.04714707692307692
0.011473846153846154
-0.042974769230769226
-0.073224
-0.10639384615384614
-0.12558646153846154
-0.12579507692307693
-0.1316363076923077
-0.08907876923076924
-0.027120000000000002
0.02357353846153846
0.05090215384615384
0.04631261538461538
0.05674338461538461
0.08386338461538462
0.10764553846153846
0.10138707692307691
0.05069353846153846
-0.005841230769230769
-0.040262769230769234
-0.03296123076923077
-0.009804923076923077
-0.027745846153846152
-0.06654830769230768
-0.09408553846153846
-0.09137353846153846
-0.06258461538461538
-0.052153846153846155
-0.05403138461538461
-0.04819015384615385
-0.048816000000000005
-0.030040615384615384
-0.010013538461538461
-0.022947692307692308
-0.042974769230769226
-0.07593599999999999
-0.08720123076923077
-0.0744756923076923
-0.06028984615384615
-0.03775938461538462
-0.03671630769230769
-0.037342153846153844
-0.04276615384615385
-0.03921969230769231
-0.029623384615384614
-0.04819015384615385
-0.06946892307692307
-0.09199938461538461
-0.08991323076923076
-0.04193169230769231
0.023782153846153845
0.09596307692307693
0.15687876923076924
0.18963138461538462
0.23218892307692307
0.27328615384615385
0.2828824615384615
0.26535876923076923
0.20402584615384614
0.13518276923076925
0.07510153846153846
0.028788923076923077
0.0012516923076923076
-0.03421292307692308
-0.05757784615384615
-0.051528
-0.015228923076923076
0.04318338461538461
0.09909230769230769
0.14477907692307693
0.16856123076923077
0.16856123076923077
0.15959076923076923
0.13309661538461537
0.07927384615384615
0.015854769230769228
-0.04088861538461538
-0.08198584615384615
-0.10493353846153847
-0.127464
-0.14415323076923076
-0.15479261538461536
-0.14665661538461539
-0.12037107692307693
-0.09012184615384615
-0.04714707692307692
-0.012516923076923077
0.023990769230769232
0.06404492307692307
0.10660246153846153
0.146448
0.15833907692307692
0.1489513846153846
0.116616
0.08115138461538463
0.05507446153846154
0.022947692307692308
-0.010013538461538461
-0.042974769230769226
-0.06800861538461538
-0.06988615384615385
-0.05799507692307692
-0.04756430769230769
-0.03984553846153846
-0.029832
0.0022947692307692304
0.054240000000000003
0.10493353846153847
0.14916
0.17461107692307692
0.1785747692307692
0.15959076923076923
0.12496061538461539
0.0771876923076923
0.0077187692307692304
-0.06863446153846153
-0.12683815384615382
-0.15687876923076924
-0.14978584615384616
-0.11411261538461538
-0.06592246153846154
-0.0022947692307692304
0.06821723076923077
0.12621230769230768
0.16271999999999998
0.16418030769230768
0.12996738461538462
0.08010830769230769
0.03045784615384615
-0.006467076923076923
-0.02795446153846154
-0.03483876923076923
-0.03045784615384615
-0.010013538461538461
0.011265230769230769
0.024199384615384616
0.02899753846153846
0.016480615384615385
0.0002086153846153846
-0.013142769230769229
-0.021696
-0.03483876923076923
-0.03212676923076923
-0.02524246153846154
-0.012934153846153845
0.014603076923076923
0.04088861538461538
0.08135999999999999
0.10389046153846154
0.11452984615384615
0.12204
0.11849353846153846
0.11327815384615383
0.10618523076923077
0.09095630769230768
0.06362769230769232
0.04526953846153846
0.027120000000000002
0.01940123076923077
0.01981846153846154
0.014394461538461538
0.021696
0.03755076923076923
0.06154153846153846
0.08156861538461539
0.07781353846153846
0.05090215384615384
0.017732307692307693
-0.02044430769230769
-0.06133292307692308
-0.09033046153846153
-0.12767261538461538
-0.15500123076923078
-0.1543753846153846
-0.1395636923076923
-0.10076123076923077
-0.053614153846153846
-0.012934153846153845
0.014603076923076923
0.02586830769230769
0.02211323076923077
0.003755076923076923
-0.03045784615384615
-0.07927384615384615
-0.12704676923076924
-0.16000799999999998
-0.16730953846153845
-0.1489513846153846
-0.10806276923076923
-0.051319384615384614
0.020027076923076922
0.0936683076923077
0.1666836923076923
0.22780799999999998
0.2497126153846154
0.24866953846153847
0.22134092307692307
0.18191261538461537
0.14039815384615384
0.0897046153846154
0.040679999999999994
-0.0043809230769230765
-0.030040615384615384
-0.042974769230769226
-0.03692492307692308
-0.015020307692307692
0.008344615384615384
0.0446436923076923
0.08594953846153845
0.12037107692307693
0.14457046153846154
0.1422756923076923
0.10848000000000001
0.05111076923076923
-0.02232184615384615
-0.09721476923076922
-0.16876984615384616
-0.22447015384615385
-0.2578486153846154
-0.2632726153846154
-0.24199384615384617
-0.1990190769230769
-0.13434830769230768
-0.06821723076923077
-0.001043076923076923
0.05799507692307692
0.10660246153846153
0.14102399999999998
0.14290153846153844
0.11599015384615384
0.06717415384615384
0.005215384615384615
-0.05611753846153846
-0.10243015384615384
-0.13247076923076923
-0.1422756923076923
-0.12808984615384614
-0.09325107692307691
-0.037967999999999995
0.020652923076923076
0.065088
0.10618523076923077
0.13476553846153844
0.13998092307692306
0.12579507692307693
0.08761846153846153
0.04819015384615385
0.016480615384615385
-0.010848
-0.03045784615384615
-0.04547815384615384
-0.054240000000000003
-0.046104
-0.013142769230769229
0.03692492307692308
0.09179076923076923
0.13455692307692307
0.1597993846153846
0.165432
0.14999446153846155
0.11578153846153846
0.06467076923076923
0.006258461538461538
-0.04401784615384615
-0.07051199999999999
-0.0744756923076923
-0.06216738461538462
-0.03921969230769231
-0.010639384615384617
0.017732307692307693
0.05799507692307692
0.10389046153846154
0.13434830769230768
0.14853415384615384
0.1358086153846154
0.09804923076923076
0.05319692307692307
0.017523692307692306
-0.010222153846153844
-0.03692492307692308
-0.06362769230769232
-0.07009476923076922
-0.05799507692307692
-0.03045784615384615
-0.006049846153846154
-0.005424
-0.012099692307692308
-0.04714707692307692
-0.08198584615384615
-0.1353913846153846
-0.1873366153846154
-0.2154996923076923
-0.19651569230769228
-0.10764553846153846
0.0826116923076923
0.3214763076923077
0.41973415384615387
0.5607581538461538
0.6414923076923077
0.6419095384615385
0.6325218461538461
0.4239064615384615
0.1846246153846154
-0.16000799999999998
-0.45791076923076923
-0.672576
-0.9160301538461537
-1.0003107692307691
-1.049544
-0.9045563076923075
-0.6012295384615385
-0.252216
0.19881046153846152
0.5063095384615385
0.7618633846153846
0.919368
0.8847378461538461
0.7967021538461538
0.511524923076923
0.15354092307692307
-0.20381723076923075
-0.6400319999999999
-0.8839033846153846
-1.0076123076923076
-1.0190861538461538
-0.8415544615384615
-0.6613107692307693
-0.36799753846153843
-0.0446436923076923
0.2782929230769231
0.6408664615384615
0.8513593846153846
0.9771544615384615
0.9994763076923077
0.9187421538461538
0.7919039999999999
0.5023458461538461
0.14853415384615384
-0.22134092307692307
-0.5628443076923076
-0.7382898461538461
-0.8428061538461538
-0.8430147692307691
-0.7299452307692307
-0.5809938461538461
-0.31646953846153847
-0.032544
0.21737723076923077
0.46437784615384614
0.6076966153846154
0.7159679999999999
0.785436923076923
0.7491378461538462
0.6546350769230769
0.44914892307692306
0.19067446153846154
-0.09679753846153846
-0.3949089230769231
-0.6252203076923077
-0.817980923076923
-0.9099803076923076
-0.9053907692307691
-0.8096363076923077
-0.5459464615384615
-0.2236356923076923
0.12934153846153845
0.4850307692307692
0.7516412307692308
0.9721476923076923
1.0745778461538462
1.0562196923076923
0.9300073846153846
0.6490024615384615
0.32669169230769235
-0.018775384615384614
-0.36278215384615387
-0.6588073846153846
-0.9199938461538462
-1.0522559999999999
-1.0280566153846153
-0.8647107692307693
-0.561384
-0.19609846153846153
0.2207150769230769
0.6316873846153847
0.9502430769230769
1.1855612307692307
1.2385495384615384
1.114632
0.8647107692307693
0.47772923076923074
0.07948246153846153
-0.3141747692307692
-0.6673606153846153
-0.9049735384615384
-1.0518387692307691
-1.037652923076923
-0.8726381538461538
-0.6026898461538461
-0.24616615384615384
0.11098338461538461
0.44956615384615384
0.7286935384615385
0.92208
1.0232584615384615
0.9675581538461538
0.7889833846153846
0.5094387692307691
0.17461107692307692
-0.1205796923076923
-0.3915710769230769
-0.5997692307692307
-0.7220178461538461
-0.7791784615384616
-0.7153421538461538
-0.5530393846153846
-0.34338092307692303
-0.12391753846153845
0.06341907692307691
0.23928184615384615
0.39908123076923074
0.5100646153846153
0.557628923076923
0.5186178461538461
0.4188996923076923
0.2897667692307692
0.14916
0.02795446153846154
-0.10347323076923076
-0.23156307692307693
-0.3408775384615384
-0.4320424615384615
-0.45665907692307695
-0.44414215384615385
-0.40095876923076923
-0.3198073846153846
-0.24595753846153845
-0.14123261538461537
-0.006884307692307692
0.12642092307692307
0.2647329230769231
0.3440067692307692
0.37613353846153846
0.38426953846153844
0.3538116923076923
0.29644246153846154
0.18983999999999998
0.04944184615384615
-0.10263876923076923
-0.24199384615384617
-0.3323243076923077
-0.40325353846153844
-0.45102646153846154
-0.45707630769230767
-0.4280787692307692
-0.3241883076923077
-0.17481969230769231
-0.014185846153846153
0.14436184615384615
0.26681907692307694
0.38760738461538463
0.4698018461538461
0.4808584615384615
0.4391353846153846
0.3327415384615385
0.18983999999999998
0.029623384615384614
-0.10138707692307691
-0.1794092307692308
-0.22718215384615387
-0.24053353846153847
-0.21967199999999998
-0.16793538461538463
-0.08991323076923076
-0.009596307692307692
0.054657230769230764
0.11223507692307692
0.14832553846153845
0.18212123076923076
0.21299630769230768
0.2157083076923077
0.20256553846153844
0.1504116923076923
0.1028473846153846
0.07259815384615384
0.03567323076923076
0.0008344615384615384
-0.053405538461538456
-0.10180430769230768
-0.12537784615384615
-0.13497415384615385
-0.13080184615384613
-0.13476553846153844
-0.14311015384615386
-0.1368516923076923
-0.11348676923076922
-0.049233230769230765
0.042974769230769226
0.13706030769230768
0.23156307692307693
0.31000246153846156
0.38656430769230765
0.4222375384615385
0.3890676923076923
0.3269003076923077
0.2194633846153846
0.09241661538461539
-0.042557538461538466
-0.17648861538461538
-0.2674449230769231
-0.3314898461538462
-0.33670523076923076
-0.2768326153846154
-0.1712732307692308
-0.018983999999999997
0.12683815384615382
0.260352
0.36382523076923073
0.40930338461538457
0.4113895384615384
0.3437981538461538
0.23239753846153846
0.09867507692307692
-0.05674338461538461
-0.17628
-0.2666104615384615
-0.33566215384615383
-0.34880492307692307
-0.32731753846153844
-0.26160369230769226
-0.16292861538461537
-0.07551876923076924
0.011891076923076923
0.06216738461538462
0.08740984615384616
0.11181784615384616
0.10660246153846153
0.08866153846153846
0.05277969230769231
0.013560000000000001
-0.016272
-0.04735569230769231
-0.0717636923076923
-0.0961716923076923
-0.11536430769230768
-0.11891076923076922
-0.11640738461538462
-0.10576799999999999
-0.09199938461538461
-0.08386338461538462
-0.06654830769230768
-0.053614153846153846
-0.047772923076923074
-0.03233538461538461
-0.01856676923076923
-0.003755076923076923
0.02044430769230769
0.05382276923076923
0.09596307692307693
0.12391753846153845
0.13184492307692308
0.11473846153846154
0.07468430769230769
0.018358153846153843
-0.053405538461538456
-0.116616
-0.1760713846153846
-0.2125790769230769
-0.20506892307692307
-0.16438892307692307
-0.09554584615384615
-0.01981846153846154
0.05757784615384615
0.1353913846153846
0.19192615384615386
0.22780799999999998
0.23177169230769232
0.18545907692307692
0.11306953846153844
0.030875076923076922
-0.04672984615384615
-0.10743692307692307
-0.15145476923076923
-0.17628
-0.1777403076923077
-0.14144123076923076
-0.08198584615384615
-0.01397723076923077
0.046104
0.08323753846153846
0.10722830769230769
0.11599015384615384
0.11765907692307691
0.1151556923076923
0.09825784615384614
0.0744756923076923
0.04839876923076923
0.033169846153846154
0.03650769230769231
0.05069353846153846
0.06195876923076923
0.06863446153846153
0.08636676923076922
0.1136953846153846
0.14144123076923076
0.1504116923076923
0.13309661538461537
0.09825784615384614
0.049233230769230765
0.009596307692307692
-0.01272553846153846
-0.021070153846153846
-0.017315076923076923
0.009179076923076922
0.06529661538461538
0.13247076923076923
0.19526400000000002
0.22634769230769228
0.2194633846153846
0.1800350769230769
0.11035753846153845
0.029414769230769227
-0.06216738461538462
-0.15416676923076922
-0.23135446153846154
-0.2845513846153846
-0.29685969230769227
-0.26765353846153844
-0.20298276923076922
-0.1178676923076923
-0.023990769230769232
0.07656184615384615
0.16605784615384614
0.23615261538461538
0.27140861538461536
0.25659692307692306
0.20861538461538462
0.13497415384615385
0.04965046153846154
-0.03504738461538461
-0.12037107692307693
-0.19192615384615386
-0.23385784615384617
-0.23406646153846156
-0.18754523076923074
-0.11849353846153846
-0.051319384615384614
0.014394461538461538
0.07697907692307693
0.12412615384615384
0.16167692307692308
0.1785747692307692
0.16793538461538463
0.14436184615384615
0.1136953846153846
0.0798996923076923
0.04172307692307692
0.007301538461538462
-0.02545107692307692
-0.04380923076923077
-0.05027630769230769
-0.05674338461538461
-0.048816000000000005
-0.05173661538461538
-0.06404492307692307
-0.07197230769230768
-0.07531015384615385
-0.05590892307692308
-0.03755076923076923
-0.024408000000000003
-0.005841230769230769
0.009804923076923077
0.03504738461538461
0.06154153846153846
0.07948246153846153
0.084072
0.06633969230769231
0.03379569230769231
-0.015646153846153844
-0.07030338461538461
-0.13372246153846154
-0.2056947692307692
-0.25117292307692307
-0.2699483076923077
-0.2497126153846154
-0.20444307692307692
-0.15687876923076924
-0.0897046153846154
-0.013142769230769229
0.06133292307692308
0.130176
0.17398523076923075
0.18316430769230768
0.15374953846153847
0.09325107692307691
0.026076923076923077
-0.04693846153846153
-0.111192
-0.16710092307692306
-0.2073636923076923
-0.21341353846153846
-0.19505538461538463
-0.14519630769230768
-0.07468430769230769
-0.005215384615384615
0.059664
0.11473846153846154
0.16084246153846155
0.20193969230769232
0.21675138461538462
0.20506892307692307
0.1777403076923077
0.14290153846153844
0.116616
0.07635323076923077
0.029414769230769227
-0.012516923076923077
-0.054657230769230764
-0.07572738461538461
-0.08469784615384615
-0.08574092307692306
-0.06675692307692307
-0.03504738461538461
-0.0035464615384615383
0.03129230769230769
0.06592246153846154
0.09909230769230769
0.12412615384615384
0.1353913846153846
0.14415323076923076
0.1449876923076923
0.14060676923076923
0.11828492307692307
0.07927384615384615
0.037342153846153844
-0.019192615384615384
-0.07426707692307692
-0.1151556923076923
-0.14790830769230767
-0.1704387692307692
-0.1693956923076923
-0.16334584615384617
-0.1422756923076923
-0.0609156923076923
0.05277969230769231
0.19609846153846153
0.34651015384615386
0.46688123076923077
0.5716061538461538
0.649211076923077
0.6694467692307693
0.6256375384615384
0.5190350769230769
0.3081249230769231
0.03984553846153846
-0.18128676923076922
-0.34651015384615386
-0.4789809230769231
-0.5175747692307692
-0.5129852307692307
-0.4243236923076923
-0.225096
0.0022947692307692304
0.26222953846153846
0.4222375384615385
0.5215384615384615
0.5465723076923077
0.4508178461538461
0.31855569230769226
0.09095630769230768
-0.17398523076923075
-0.42307199999999995
-0.6181273846153846
-0.6667347692307692
-0.6197963076923076
-0.4660467692307692
-0.23844738461538462
-0.005424
0.23656984615384613
0.41326707692307696
0.5430258461538462
0.5914246153846153
0.4889944615384615
0.3321156923076923
0.12808984615384614
-0.07593599999999999
-0.19964492307692308
-0.2951907692307692
-0.3339932307692307
-0.3392086153846154
-0.31855569230769226
-0.21842030769230766
-0.09950953846153845
0.0050067692307692304
0.08177723076923075
0.10389046153846154
0.10180430769230768
0.08699261538461538
0.05382276923076923
-0.010013538461538461
-0.09971815384615385
-0.1597993846153846
-0.1858763076923077
-0.157296
-0.086784
0.0016689230769230767
0.10555938461538462
0.15813046153846153
0.16793538461538463
0.15792184615384616
0.08094276923076923
-0.028163076923076923
-0.14540492307692307
-0.2626467692307692
-0.3195987692307692
-0.30937661538461536
-0.222384
-0.07969107692307692
0.0798996923076923
0.23114584615384615
0.34880492307692307
0.4251581538461538
0.4105550769230769
0.31834707692307695
0.1794092307692308
-0.003129230769230769
-0.1704387692307692
-0.3077076923076923
-0.39261415384615383
-0.412224
-0.39324
-0.31396615384615384
-0.18775384615384613
-0.0446436923076923
0.10472492307692308
0.235944
0.3214763076923077
0.3600701538461538
0.3387913846153846
0.24762646153846155
0.12683815384615382
0.0018775384615384615
-0.11181784615384616
-0.18754523076923074
-0.21091015384615383
-0.1829556923076923
-0.1028473846153846
0.01668923076923077
0.1422756923076923
0.2703655384615385
0.368832
0.4086775384615385
0.39511753846153846
0.31751261538461534
0.21153599999999997
0.09763200000000001
-0.02044430769230769
-0.10618523076923077
-0.14603076923076924
-0.13706030769230768
-0.06821723076923077
0.04318338461538461
0.15959076923076923
0.2482523076923077
0.2947735384615384
0.2970683076923077
0.2532590769230769
0.1704387692307692
0.035464615384615386
-0.11745046153846153
-0.24658338461538462
-0.3392086153846154
-0.3558978461538462
-0.30436984615384616
-0.21007569230769232
-0.07656184615384615
0.08156861538461539
0.24658338461538462
0.38301784615384615
0.450192
0.43934399999999996
0.35860984615384617
0.21758584615384616
0.051319384615384614
-0.11432123076923076
-0.2697396923076923
-0.385104
-0.44226461538461537
-0.4287046153846154
-0.34066892307692304
-0.19609846153846153
-0.03024923076923077
0.119328
0.23448369230769228
0.29832
0.317304
0.29227015384615385
0.21174461538461536
0.09387692307692307
-0.040054153846153843
-0.154584
-0.21174461538461536
-0.2355267692307692
-0.23531815384615382
-0.21111876923076925
-0.17648861538461538
-0.1136953846153846
-0.04547815384615384
0.007510153846153846
0.037967999999999995
0.04318338461538461
0.03901107692307692
0.031709538461538456
0.030875076923076922
0.025659692307692307
0.012099692307692308
0.005215384615384615
0.011891076923076923
0.03838523076923077
0.06988615384615385
0.08344615384615384
0.08490646153846154
0.06946892307692307
0.027120000000000002
-0.030040615384615384
-0.09992676923076924
-0.17377661538461536
-0.2355267692307692
-0.2776670769230769
-0.2707827692307692
-0.21028430769230766
-0.11745046153846153
-0.0002086153846153846
0.10994030769230768
0.19380369230769232
0.2480436923076923
0.2557624615384615
0.21341353846153846
0.11286092307692308
-0.026285538461538457
-0.1639716923076923
-0.27787569230769227
-0.3536030769230769
-0.38531261538461536
-0.3584012307692308
-0.2701569230769231
-0.12975876923076923
0.04631261538461538
0.21174461538461536
0.3321156923076923
0.4015846153846154
0.4209858461538461
0.38677292307692307
0.30374399999999996
0.18525046153846153
0.04693846153846153
-0.0828203076923077
-0.19526400000000002
-0.27620676923076926
-0.3141747692307692
-0.32085046153846153
-0.2832996923076923
-0.20402584615384614
-0.100344
0.0077187692307692304
0.09992676923076924
0.1691870769230769
0.21049292307692305
0.21174461538461536
0.1696043076923077
0.09596307692307693
-0.0018775384615384615
-0.10222153846153846
-0.1846246153846154
-0.23677846153846152
-0.24741784615384615
-0.22008923076923076
-0.18066092307692305
-0.13309661538461537
-0.07468430769230769
-0.014394461538461538
0.04902461538461538
0.09554584615384615
0.11432123076923076
0.1151556923076923
0.11557292307692307
0.12788123076923075
0.14311015384615386
0.15667015384615385
0.15291507692307693
0.1368516923076923
0.12725538461538463
0.10910584615384614
0.08699261538461538
0.04380923076923077
-0.021487384615384613
-0.07468430769230769
-0.11160923076923077
-0.11432123076923076
-0.084072
-0.046104
0.0035464615384615383
0.06884307692307692
0.13476553846153844
0.1846246153846154
0.20715507692307691
0.19442953846153843
0.1462393846153846
0.08156861538461539
0.011473846153846154
-0.05194523076923077
-0.0988836923076923
-0.1358086153846154
-0.15124615384615384
-0.1397723076923077
-0.09658892307692307
-0.03108369230769231
0.035255999999999996
0.0974233846153846
0.15959076923076923
0.2209236923076923
0.2572227692307692
0.27182584615384614
0.2482523076923077
0.1883796923076923
0.12308307692307692
0.04693846153846153
-0.01814953846153846
-0.07739630769230768
-0.1397723076923077
-0.17899199999999998
-0.1881710769230769
-0.16021661538461537
-0.10952307692307692
-0.06675692307692307
-0.023990769230769232
0.016480615384615385
0.05194523076923077
0.07551876923076924
0.073224
0.05862092307692307
0.022947692307692308
-0.01043076923076923
-0.03609046153846154
-0.05277969230769231
-0.049233230769230765
-0.05382276923076923
-0.051319384615384614
-0.03400430769230769
-0.006049846153846154
0.031709538461538456
0.052153846153846155
0.051528
0.042348923076923076
0.03838523076923077
0.04672984615384615
0.065088
0.08240307692307691
0.09241661538461539
0.1045163076923077
0.12725538461538463
0.15896492307692306
0.17169046153846151
0.157296
0.12537784615384615
0.09137353846153846
0.05674338461538461
0.0014603076923076922
-0.058829538461538454
-0.1205796923076923
-0.17502830769230768
-0.19964492307692308
-0.19568123076923075
-0.16105107692307694
-0.1028473846153846
-0.03755076923076923
0.03692492307692308
0.11557292307692307
0.18191261538461537
0.2288510769230769
0.23072861538461537
0.18316430769230768
0.11327815384615383
0.025033846153846153
-0.06383630769230769
-0.14290153846153844
-0.20152246153846154
-0.22342707692307692
-0.19839323076923077
-0.11682461538461539
-0.00855323076923077
0.10868861538461538
0.21612553846153845
0.2970683076923077
0.34651015384615386
0.35193415384615384
0.31626092307692305
0.23406646153846156
0.11432123076923076
-0.012934153846153845
-0.12808984615384614
-0.21007569230769232
-0.2563883076923077
-0.268488
-0.24282830769230768
-0.184416
-0.092208
0.018983999999999997
0.12808984615384614
0.21529107692307692
0.2674449230769231
0.2951907692307692
0.29456492307692306
0.2540935384615385
0.18149538461538461
0.0897046153846154
0.014394461538461538
-0.028163076923076923
-0.042974769230769226
-0.033169846153846154
-0.009596307692307692
0.02357353846153846
0.05862092307692307
0.09658892307692307
0.12767261538461538
0.14415323076923076
0.15166338461538462
0.14102399999999998
0.12934153846153845
0.11807630769230769
0.10055261538461538
0.08594953846153845
0.056326153846153845
0.029414769230769227
0.006884307692307692
-0.016480615384615385
-0.03296123076923077
-0.053614153846153846
-0.07384984615384615
-0.09533723076923077
-0.10952307692307692
-0.10660246153846153
-0.0974233846153846
-0.07885661538461539
-0.05277969230769231
-0.018983999999999997
0.03045784615384615
0.08094276923076923
0.12329169230769231
0.14123261538461537
0.130176
0.10764553846153846
0.07259815384615384
0.030875076923076922
-0.021904615384615383
-0.08073415384615384
-0.1207883076923077
-0.14123261538461537
-0.12996738461538462
-0.09784061538461537
-0.056951999999999996
-0.011891076923076923
0.03150092307692308
0.07426707692307692
0.10535076923076922
0.11724184615384614
0.09575446153846154
0.05048492307692308
-0.007301538461538462
-0.06654830769230768
-0.11995384615384615
-0.16772676923076923
-0.1977673846153846
-0.2125790769230769
-0.20381723076923075
-0.1635544615384615
-0.11223507692307692
-0.05862092307692307
-0.01814953846153846
0.012308307692307691
0.03650769230769231
0.049233230769230765
0.054240000000000003
0.03942830769230769
0.01668923076923077
-0.005424
-0.023364923076923075
-0.031709538461538456
-0.028163076923076923
-0.01710646153846154
0.0035464615384615383
0.02545107692307692
0.05173661538461538
0.08156861538461539
0.08824430769230769
0.07468430769230769
0.047772923076923074
0.01668923076923077
-0.019192615384615384
-0.06863446153846153
-0.13351384615384615
-0.20924123076923076
-0.2751636923076923
-0.26306399999999996
-0.17231630769230769
-0.03400430769230769
0.13726892307692307
0.27474646153846155
0.41994276923076923
0.5409396923076923
0.5933021538461538
0.5728578461538462
0.42182030769230766
0.21174461538461536
-0.028788923076923077
-0.22718215384615387
-0.4163963076923077
-0.5868350769230769
-0.6583901538461538
-0.6742449230769231
-0.5455292307692308
-0.3452584615384615
-0.10994030769230768
0.13309661538461537
0.31918153846153846
0.4889944615384615
0.5509532307692308
0.5204953846153846
0.3917796923076923
0.1712732307692308
-0.06362769230769232
-0.32606584615384615
-0.5175747692307692
-0.6364855384615384
-0.6667347692307692
-0.5732750769230769
-0.4282873846153846
-0.21737723076923077
-0.007510153846153846
0.17252492307692308
0.32648307692307693
0.3692492307692308
0.3304467692307692
0.25513661538461535
0.14603076923076924
0.05778646153846154
-0.040262769230769234
-0.138312
-0.20235692307692305
-0.2532590769230769
-0.24992123076923078
-0.22989415384615383
-0.20423446153846153
-0.17502830769230768
-0.13747753846153846
-0.052153846153846155
0.018983999999999997
0.0717636923076923
0.09679753846153846
0.07781353846153846
0.07343261538461537
0.065088
0.058829538461538454
0.07113784615384615
0.07343261538461537
0.103056
0.14018953846153845
0.1435273846153846
0.13038461538461538
0.0853236923076923
0.011891076923076923
-0.06279323076923077
-0.12704676923076924
-0.1585476923076923
-0.1635544615384615
-0.12913292307692306
-0.05298830769230769
0.043600615384615383
0.16021661538461537
0.2643156923076923
0.34358953846153845
0.3665372307692307
0.30854215384615385
0.2292683076923077
0.14540492307692307
0.0446436923076923
-0.05486584615384615
-0.14832553846153845
-0.1942209230769231
-0.17481969230769231
-0.1136953846153846
-0.01814953846153846
0.07468430769230769
0.15333230769230768
0.22947692307692308
0.2981113846153846
0.33566215384615383
0.3087507692307692
0.22718215384615387
0.1070196923076923
-0.014394461538461538
-0.12788123076923075
-0.23823876923076923
-0.30436984615384616
-0.32335384615384616
-0.2860116923076923
-0.1923433846153846
-0.07030338461538461
0.06717415384615384
0.18525046153846153
0.2563883076923077
0.2701569230769231
0.23135446153846154
0.15917353846153848
0.065088
-0.042348923076923076
-0.14832553846153845
-0.21925476923076925
-0.23531815384615382
-0.20339999999999997
-0.14081538461538462
-0.05799507692307692
0.024408000000000003
0.0974233846153846
0.17732307692307692
0.23260615384615385
0.2532590769230769
0.22530461538461538
0.15750461538461538
0.10222153846153846
0.03775938461538462
-0.026702769230769228
-0.07843938461538462
-0.11891076923076922
-0.12391753846153845
-0.09533723076923077
-0.03567323076923076
0.03483876923076923
0.08720123076923077
0.1207883076923077
0.14144123076923076
0.13914646153846155
0.11432123076923076
0.05799507692307692
-0.008344615384615384
-0.059038153846153844
-0.09992676923076924
-0.11286092307692308
-0.11411261538461538
-0.09471138461538461
-0.04860738461538461
-0.006258461538461538
0.040054153846153843
0.07155507692307693
0.07614461538461538
0.06946892307692307
0.040054153846153843
0.013768615384615384
0.0029206153846153843
-0.004798153846153846
0.014185846153846153
0.03942830769230769
0.06738276923076922
0.103056
0.13184492307692308
0.15520984615384617
0.15208061538461537
0.127464
0.08866153846153846
0.03984553846153846
-0.005215384615384615
-0.05486584615384615
-0.09283384615384616
-0.10910584615384614
-0.10096984615384616
-0.06529661538461538
-0.02044430769230769
0.02858030769230769
0.08177723076923075
0.13643446153846153
0.18963138461538462
0.2303113846153846
0.23239753846153846
0.18504184615384617
0.10952307692307692
0.01981846153846154
-0.078648
-0.1733593846153846
-0.25805723076923076
-0.3087507692307692
-0.31104553846153843
-0.2720344615384615
-0.18316430769230768
-0.06446215384615385
0.055491692307692304
0.1696043076923077
0.25972615384615383
0.3148006153846154
0.3225193846153846
0.28017046153846153
0.19380369230769232
0.07885661538461539
-0.04568676923076923
-0.15291507692307693
-0.22175815384615383
-0.260352
-0.24992123076923078
-0.19651569230769228
-0.10722830769230769
0.01043076923076923
0.12975876923076923
0.23239753846153846
0.3022836923076923
0.3410861538461538
0.3412947692307692
0.3031181538461538
0.22822523076923076
0.12537784615384615
0.021904615384615383
-0.0744756923076923
-0.15208061538461537
-0.19463815384615382
-0.20506892307692307
-0.1777403076923077
-0.12287446153846153
-0.045895384615384616
0.052153846153846155
0.14394461538461537
0.20965846153846154
0.23656984615384613
0.22634769230769228
0.18399876923076922
0.11682461538461539
0.03755076923076923
-0.04401784615384615
-0.12204
-0.17982646153846152
-0.20798953846153845
-0.20506892307692307
-0.17648861538461538
-0.13747753846153846
-0.09679753846153846
-0.06258461538461538
-0.029623384615384614
0.0025033846153846152
0.02482523076923077
0.022947692307692308
0.010222153846153844
0.003963692307692307
0.006258461538461538
0.015437538461538461
0.025033846153846153
0.03859384615384615
0.051528
0.061124307692307686
0.073224
0.07697907692307693
0.07259815384615384
0.06341907692307691
0.04819015384615385
0.04172307692307692
0.042557538461538466
0.04965046153846154
0.05444861538461539
0.06404492307692307
0.07948246153846153
0.0897046153846154
0.10389046153846154
0.10389046153846154
0.09095630769230768
0.07489292307692308
0.050067692307692306
0.03233538461538461
0.02357353846153846
0.010848
-0.0002086153846153846
-0.0043809230769230765
-0.002712
0.006884307692307692
0.01814953846153846
0.024199384615384616
0.016897846153846156
-0.009596307692307692
-0.04756430769230769
-0.08156861538461539
-0.11891076923076922
-0.15082892307692305
-0.17523692307692307
-0.18650215384615382
-0.16209415384615386
-0.11578153846153846
-0.05444861538461539
0.006049846153846154
0.05590892307692308
0.08761846153846153
0.09325107692307691
0.08699261538461538
0.06362769230769232
0.017315076923076923
-0.03901107692307692
-0.09658892307692307
-0.13935507692307691
-0.16000799999999998
-0.16480615384615382
-0.1462393846153846
-0.10472492307692308
-0.04109723076923077
0.03108369230769231
0.0961716923076923
0.13372246153846154
0.13706030769230768
0.11578153846153846
0.07656184615384615
0.028788923076923077
-0.028163076923076923
-0.08115138461538463
-0.12433476923076923
-0.13852061538461538
-0.13038461538461538
-0.09909230769230769
-0.04088861538461538
0.007301538461538462
0.05298830769230769
0.08428061538461538
0.08991323076923076
0.07927384615384615
0.03629907692307692
-0.024408000000000003
-0.07948246153846153
-0.11828492307692307
-0.13101046153846155
-0.11703323076923078
-0.07468430769230769
-0.016063384615384615
0.05048492307692308
0.1218313846153846
0.1710646153846154
0.18963138461538462
0.16438892307692307
0.09846646153846153
0.017315076923076923
-0.08010830769230769
-0.16418030769230768
-0.2205064615384615
-0.2478350769230769
-0.22300984615384614
-0.16334584615384617
-0.0678
0.04965046153846154
0.1502030769230769
0.2290596923076923
0.27412061538461535
0.2851772307692308
0.25951753846153847
0.19755876923076923
0.10597661538461538
-0.005841230769230769
-0.11014892307692307
-0.19296923076923078
-0.2411593846153846
-0.2411593846153846
-0.1990190769230769
-0.12788123076923075
-0.026076923076923077
0.08907876923076924
0.20360861538461536
0.28851507692307693
0.32982092307692307
0.34296369230769225
0.3114627692307692
0.2482523076923077
0.16856123076923077
0.07009476923076922
-0.026702769230769228
-0.10639384615384614
-0.15938215384615384
-0.18086953846153844
-0.18712800000000002
-0.17377661538461536
-0.14999446153846155
-0.12037107692307693
-0.0828203076923077
-0.05298830769230769
-0.021070153846153846
-0.006258461538461538
0.010013538461538461
0.03650769230769231
0.05674338461538461
0.08240307692307691
0.08720123076923077
0.07635323076923077
0.06216738461538462
0.03713353846153846
0.014811692307692307
-0.02044430769230769
-0.07218092307692307
-0.1136953846153846
-0.1504116923076923
-0.1639716923076923
-0.14144123076923076
-0.09930092307692308
-0.04109723076923077
0.026285538461538457
0.10430769230769231
0.1829556923076923
0.23803015384615384
0.2624381538461539
0.24595753846153845
0.19213476923076922
0.11870215384615385
0.030875076923076922
-0.059038153846153844
-0.15354092307692307
-0.23928184615384615
-0.29581661538461534
-0.3131316923076923
-0.28434276923076923
-0.2209236923076923
-0.13601723076923075
-0.034630153846153845
0.07489292307692308
0.17648861538461538
0.26306399999999996
0.309168
0.30854215384615385
0.26306399999999996
0.1846246153846154
0.09241661538461539
-0.010848
-0.10576799999999999
-0.18170399999999998
-0.22175815384615383
-0.21320492307692307
-0.17315076923076922
-0.1097316923076923
-0.03421292307692308
0.03588184615384615
0.10076123076923077
0.15374953846153847
0.1994363076923077
0.2238443076923077
0.21842030769230766
0.19609846153846153
0.15270646153846154
0.100344
0.037967999999999995
-0.03504738461538461
-0.10347323076923076
-0.16480615384615382
-0.20381723076923075
-0.2075723076923077
-0.1883796923076923
-0.14874276923076923
-0.09700615384615385
-0.03066646153846154
0.05277969230769231
0.12350030769230769
0.16313723076923078
0.17252492307692308
0.14519630769230768
0.10514215384615383
0.07405846153846153
0.017315076923076923
-0.01981846153846154
-0.052571076923076915
-0.05048492307692308
-0.0029206153846153843
0.07343261538461537
0.25138153846153843
0.2774584615384615
0.25659692307692306
0.26786215384615386
0.19839323076923077
0.20673784615384616
0.09658892307692307
-0.04839876923076923
-0.18942276923076923
-0.3321156923076923
-0.2939390769230769
-0.2757895384615385
-0.22947692307692308
-0.19067446153846154
-0.15333230769230768
0.03567323076923076
0.18170399999999998
0.33002953846153843
0.3957433846153846
0.30061476923076924
0.238656
0.11077476923076923
-0.009179076923076922
-0.11599015384615384
-0.295608
-0.36570276923076916
-0.44038707692307694
-0.45269538461538456
-0.29727692307692305
-0.16772676923076923
0.009596307692307692
0.15103753846153847
0.22989415384615383
0.3350363076923077
0.36299076923076923
0.38990215384615384
0.3721698461538462
0.2559710769230769
0.14081538461538462
0.013142769230769229
-0.05382276923076923
-0.09721476923076922
-0.18942276923076923
-0.2453316923076923
-0.2822566153846154
-0.24616615384615384
-0.15374953846153847
-0.10159569230769232
-0.031709538461538456
0.03150092307692308
0.09763200000000001
0.1977673846153846
0.23469230769230767
0.26368984615384616
0.27432923076923077
0.2422024615384615
0.25430215384615384
0.23364923076923078
0.18921415384615384
0.11140061538461538
-0.008344615384615384
-0.10576799999999999
-0.21675138461538462
-0.29331323076923077
-0.32961230769230765
-0.3241883076923077
-0.24178523076923078
-0.15374953846153847
-0.013351384615384614
0.16710092307692306
0.31855569230769226
0.4652123076923077
0.5421913846153846
0.5544996923076924
0.5215384615384615
0.40346215384615386
0.2497126153846154
0.04839876923076923
-0.17231630769230769
-0.33545353846153847
-0.46312615384615385
-0.5328036923076923
-0.5563772307692307
-0.5219556923076923
-0.3838523076923077
-0.19568123076923075
0.010013538461538461
0.19359507692307693
0.33587076923076925
0.46625538461538457
0.5209126153846153
0.49316676923076924
0.39219692307692305
0.19588984615384614
0.003963692307692307
-0.17169046153846151
-0.31688676923076925
-0.38593846153846156
-0.42244615384615386
-0.3884418461538462
-0.28955815384615385
-0.16063384615384615
0.017940923076923077
0.18107815384615383
0.30144923076923075
0.3721698461538462
0.38301784615384615
0.3577753846153846
0.2828824615384615
0.1913003076923077
0.09554584615384615
0.0008344615384615384
-0.06675692307692307
-0.12537784615384615
-0.15354092307692307
-0.16209415384615386
-0.17440246153846153
-0.16334584615384617
-0.15333230769230768
-0.14477907692307693
-0.10347323076923076
-0.06654830769230768
-0.040679999999999994
-0.017940923076923077
0.002712
0.05757784615384615
0.10681107692307691
0.1356
0.14394461538461537
0.12245723076923076
0.1097316923076923
0.08448923076923077
0.054240000000000003
0.02086153846153846
-0.031918153846153846
-0.07781353846153846
-0.132888
-0.17315076923076922
-0.18399876923076922
-0.18086953846153844
-0.11640738461538462
-0.02044430769230769
0.078648
0.18504184615384617
0.25972615384615383
0.3294036923076923
0.3609046153846154
0.31646953846153847
0.23093723076923076
0.11202646153846153
-0.004798153846153846
-0.11181784615384616
-0.19964492307692308
-0.25138153846153843
-0.26869661538461537
-0.2225926153846154
-0.14123261538461537
-0.05069353846153846
0.04401784615384615
0.10806276923076923
0.14853415384615384
0.15500123076923078
0.10806276923076923
0.04652123076923077
-0.03045784615384615
-0.10138707692307691
-0.1476996923076923
-0.18942276923076923
-0.18983999999999998
-0.15103753846153847
-0.07885661538461539
0.0002086153846153846
0.05111076923076923
0.09471138461538461
0.12245723076923076
0.1397723076923077
0.13080184615384613
0.07259815384615384
-0.011265230769230769
-0.10597661538461538
-0.17419384615384614
-0.20298276923076922
-0.21508246153846153
-0.2075723076923077
-0.168144
-0.092208
0.014811692307692307
0.12558646153846154
0.21633415384615384
0.2822566153846154
0.30666461538461537
0.2862203076923077
0.23364923076923078
0.14728246153846153
0.03713353846153846
-0.06738276923076922
-0.14519630769230768
-0.18775384615384613
-0.17502830769230768
-0.11619876923076923
-0.02357353846153846
0.08574092307692306
0.1792006153846154
0.260352
0.31646953846153847
0.33295015384615384
0.3087507692307692
0.2355267692307692
0.12496061538461539
0.01043076923076923
-0.08887015384615385
-0.16292861538461537
-0.21675138461538462
-0.26118646153846153
-0.2757895384615385
-0.24449723076923074
-0.18086953846153844
-0.10180430769230768
-0.037967999999999995
0.003963692307692307
0.03859384615384615
0.05611753846153846
0.056326153846153845
0.028788923076923077
-0.02086153846153846
-0.078648
-0.1218313846153846
-0.12788123076923075
-0.11724184615384614
-0.09074769230769231
-0.052153846153846155
-0.02044430769230769
0.015437538461538461
0.04172307692307692
0.0446436923076923
0.03921969230769231
0.019192615384615384
-0.005424
-0.020027076923076922
-0.014603076923076923
0.015854769230769228
0.05507446153846154
0.0936683076923077
0.12350030769230769
0.14519630769230768
0.16105107692307694
0.14916
0.10576799999999999
0.03567323076923076
-0.037342153846153844
-0.086784
-0.119328
-0.13643446153846153
-0.14144123076923076
-0.12955015384615384
-0.08574092307692306
-0.018775384615384614
0.040679999999999994
0.08010830769230769
0.09679753846153846
0.09304246153846155
0.06946892307692307
0.028371692307692306
-0.022947692307692308
-0.07948246153846153
-0.1287156923076923
-0.15875630769230767
-0.1570873846153846
-0.11911938461538461
-0.05590892307692308
0.017523692307692306
0.0988836923076923
0.17398523076923075
0.23448369230769228
0.26452430769230767
0.25972615384615383
0.21862892307692305
0.14060676923076923
0.053614153846153846
-0.02899753846153846
-0.0961716923076923
-0.14916
-0.18399876923076922
-0.1881710769230769
-0.16209415384615386
-0.10493353846153847
-0.03296123076923077
0.03901107692307692
0.09804923076923076
0.12558646153846154
0.13330523076923076
0.11745046153846153
0.08448923076923077
0.03379569230769231
-0.03233538461538461
-0.08887015384615385
-0.13789476923076924
-0.17252492307692308
-0.19442953846153843
-0.19693292307692306
-0.1858763076923077
-0.16042523076923076
-0.10848000000000001
-0.04965046153846154
0.011682461538461537
0.07155507692307693
0.11473846153846154
0.14811692307692306
0.17252492307692308
0.1783661538461538
0.16418030769230768
0.12350030769230769
0.07301538461538462
0.024199384615384616
-0.019192615384615384
-0.06279323076923077
-0.10180430769230768
-0.11828492307692307
-0.11640738461538462
-0.09533723076923077
-0.05924676923076923
-0.01710646153846154
0.029206153846153847
0.0771876923076923
0.130176
0.1846246153846154
0.22321846153846153
0.24595753846153845
0.24512307692307692
0.2225926153846154
0.1794092307692308
0.11640738461538462
0.037342153846153844
-0.05048492307692308
-0.13393107692307693
-0.19588984615384614
-0.21237046153846154
-0.19588984615384614
-0.15145476923076923
-0.08010830769230769
0.007301538461538462
0.10263876923076923
0.20131384615384615
0.2851772307692308
0.33545353846153847
0.3502652307692307
0.3202246153846154
0.2586830769230769
0.17419384615384614
0.06633969230769231
-0.03775938461538462
-0.13434830769230768
-0.214248
-0.25659692307692306
-0.25659692307692306
-0.21132738461538458
-0.138312
-0.047981538461538464
0.05799507692307692
0.1570873846153846
0.24512307692307692
0.3045784615384615
0.32001599999999997
0.29915446153846154
0.2371956923076923
0.1558356923076923
0.06800861538461538
-0.02023569230769231
-0.10368184615384615
-0.17481969230769231
-0.21737723076923077
-0.23218892307692307
-0.22447015384615385
-0.19755876923076923
-0.1462393846153846
-0.08344615384615384
-0.015854769230769228
0.04088861538461538
0.07760492307692309
0.103056
0.1097316923076923
0.10555938461538462
0.0853236923076923
0.0446436923076923
-0.006258461538461538
-0.06383630769230769
-0.11807630769230769
-0.1612596923076923
-0.1927606153846154
-0.21195323076923075
-0.21508246153846153
-0.20047938461538461
-0.1666836923076923
-0.12329169230769231
-0.0771876923076923
-0.029832
0.012099692307692308
0.052571076923076915
0.08636676923076922
0.11077476923076923
0.12808984615384614
0.12391753846153845
0.11056615384615384
0.08824430769230769
0.05403138461538461
0.02357353846153846
-0.0070929230769230765
-0.026494153846153844
-0.03212676923076923
-0.025033846153846153
0.004172307692307692
0.04193169230769231
0.08323753846153846
0.11828492307692307
0.14081538461538462
0.16230276923076925
0.17565415384615385
0.18232984615384615
0.17628
0.1531236923076923
0.12829846153846153
0.10263876923076923
0.07885661538461539
0.06049846153846154
0.03609046153846154
0.011891076923076923
-0.0016689230769230767
-0.012934153846153845
-0.017315076923076923
-0.01814953846153846
-0.01856676923076923
-0.011056615384615385
-0.0012516923076923076
0.014185846153846153
0.02586830769230769
0.03045784615384615
0.02858030769230769
0.02023569230769231
0.018775384615384614
0.027120000000000002
0.0448523076923077
0.04839876923076923
0.040262769230769234
0.04819015384615385
0.059872615384615385
0.07572738461538461
0.09074769230769231
0.100344
0.111192
0.10055261538461538
0.08156861538461539
0.050067692307692306
-0.0006258461538461538
-0.05194523076923077
-0.0880356923076923
-0.09241661538461539
-0.0855323076923077
-0.05090215384615384
-0.012099692307692308
0.06195876923076923
0.12579507692307693
0.2626467692307692
0.4159790769230769
0.3448412307692308
0.3141747692307692
0.21696000000000001
0.1218313846153846
0.07510153846153846
-0.14039815384615384
-0.2791273846153846
-0.4756430769230769
-0.5204953846153846
-0.4120153846153846
-0.387816
-0.28476
-0.2851772307692308
-0.16647507692307692
0.03066646153846154
0.1489513846153846
0.3062473846153846
0.24574892307692306
0.16710092307692306
0.10722830769230769
-0.013351384615384614
-0.021070153846153846
-0.13706030769230768
-0.22551323076923077
-0.2438713846153846
-0.35923569230769226
-0.3133403076923077
-0.2582658461538461
-0.21341353846153846
-0.092208
-0.08574092307692306
-0.026702769230769228
0.011473846153846154
0.04526953846153846
0.18149538461538461
0.20965846153846154
0.21320492307692307
0.20235692307692305
0.20486030769230767
0.27704123076923076
0.24303692307692307
0.15875630769230767
0.024408000000000003
-0.13455692307692307
-0.1873366153846154
-0.25284184615384614
-0.3148006153846154
-0.34066892307692304
-0.37050092307692306
-0.27599815384615384
-0.1341396923076923
-0.012099692307692308
0.14790830769230767
0.24095076923076922
0.3452584615384615
0.4541556923076923
0.4748086153846154
0.4514436923076923
0.2989458461538462
0.10493353846153847
-0.08949599999999999
-0.290184
-0.42244615384615386
-0.5244590769230769
-0.5238332307692307
-0.46583815384615385
-0.3784283076923077
-0.1696043076923077
0.04756430769230769
0.25284184615384614
0.42724430769230765
0.5000510769230769
0.5501187692307692
0.5190350769230769
0.4383009230769231
0.33315876923076926
0.13476553846153844
-0.02357353846153846
-0.14582215384615385
-0.23656984615384613
-0.276624
-0.3304467692307692
-0.3127144615384615
-0.22488738461538463
-0.10201292307692307
0.045895384615384616
0.15938215384615384
0.2807963076923077
0.38572984615384615
0.4287046153846154
0.44956615384615384
0.3844781538461538
0.2722430769230769
0.1710646153846154
0.031918153846153846
-0.06216738461538462
-0.14561353846153846
-0.22843384615384613
-0.25764
-0.30061476923076924
-0.2993630769230769
-0.2532590769230769
-0.18796246153846152
-0.10201292307692307
-0.05090215384615384
0.0002086153846153846
0.04526953846153846
0.08782707692307692
0.1558356923076923
0.19568123076923075
0.20778092307692309
0.17377661538461536
0.10389046153846154
0.05298830769230769
-0.021070153846153846
-0.08949599999999999
-0.15270646153846154
-0.23010276923076922
-0.23406646153846156
-0.19171753846153847
-0.12829846153846153
-0.06341907692307691
-0.02524246153846154
0.053405538461538456
0.1597993846153846
0.2480436923076923
0.3062473846153846
0.29101846153846156
0.233232
0.17628
0.10868861538461538
0.05924676923076923
-0.003129230769230769
-0.07384984615384615
-0.1341396923076923
-0.19067446153846154
-0.18942276923076923
-0.17315076923076922
-0.14269292307692305
-0.08156861538461539
-0.04047138461538462
0.017523692307692306
0.07739630769230768
0.1178676923076923
0.168144
0.16188553846153847
0.11035753846153845
0.06654830769230768
0.021487384615384613
0.0014603076923076922
-0.02899753846153846
-0.07572738461538461
-0.10660246153846153
-0.12725538461538463
-0.0961716923076923
-0.05236246153846154
-0.021696
-0.0022947692307692304
-0.02044430769230769
-0.02899753846153846
-0.04714707692307692
-0.08073415384615384
-0.09679753846153846
-0.1097316923076923
-0.08845292307692308
-0.04130584615384615
0.0014603076923076922
0.06070707692307692
0.11599015384615384
0.1543753846153846
0.17231630769230769
0.16105107692307694
0.13038461538461538
0.06154153846153846
-0.031709538461538456
-0.12621230769230768
-0.21487384615384614
-0.2776670769230769
-0.29748553846153847
-0.2638984615384615
-0.20006215384615383
-0.12642092307692307
-0.02586830769230769
0.09074769230769231
0.20110523076923076
0.2830910769230769
0.3170953846153846
0.3206418461538461
0.29331323076923077
0.2207150769230769
0.12308307692307692
0.0029206153846153843
-0.11995384615384615
-0.20402584615384614
-0.2526332307692308
-0.25284184615384614
-0.20819815384615384
-0.13205353846153844
-0.019192615384615384
0.10535076923076922
0.2342750769230769
0.3448412307692308
0.40387938461538464
0.41556184615384617
0.3782196923076923
0.2966510769230769
0.18483323076923078
0.059038153846153844
-0.04819015384615385
-0.12621230769230768
-0.1733593846153846
-0.1787833846153846
-0.14936861538461538
-0.0853236923076923
0.0008344615384615384
0.08574092307692306
0.16209415384615386
0.21195323076923075
0.23636123076923077
0.23531815384615382
0.20402584615384614
0.16021661538461537
0.103056
0.048816000000000005
0.006884307692307692
-0.026494153846153844
-0.040262769230769234
-0.04735569230769231
-0.04526953846153846
-0.03650769230769231
-0.04380923076923077
-0.05194523076923077
-0.06425353846153846
-0.08156861538461539
-0.08949599999999999
-0.10514215384615383
-0.12037107692307693
-0.1207883076923077
-0.09325107692307691
-0.03650769230769231
0.018358153846153843
0.06675692307692307
0.10138707692307691
0.11286092307692308
0.11223507692307692
0.09387692307692307
0.05570030769230769
-0.009179076923076922
-0.07739630769230768
-0.12934153846153845
-0.165432
-0.17711446153846155
-0.1858763076923077
-0.17023015384615386
-0.12120553846153845
-0.06133292307692308
0.014185846153846153
0.084072
0.14311015384615386
0.18650215384615382
0.18983999999999998
0.16334584615384617
0.11578153846153846
0.052153846153846155
-0.01668923076923077
-0.08344615384615384
-0.13998092307692306
-0.1635544615384615
-0.15750461538461538
-0.13998092307692306
-0.10493353846153847
-0.0678
-0.03024923076923077
0.008970461538461538
0.037967999999999995
0.05236246153846154
0.03567323076923076
0.008970461538461538
-0.006049846153846154
-0.014185846153846153
-0.006467076923076923
0.0035464615384615383
0.016897846153846156
0.049233230769230765
0.08699261538461538
0.12913292307692306
0.16751815384615384
0.18399876923076922
0.1792006153846154
0.1570873846153846
0.1314276923076923
0.11035753846153845
0.0744756923076923
0.035464615384615386
0.005841230769230769
-0.010639384615384617
-0.0002086153846153846
0.03421292307692308
0.08720123076923077
0.1341396923076923
0.16418030769230768
0.17982646153846152
0.1804523076923077
0.16230276923076925
0.10931446153846153
0.031918153846153846
-0.04944184615384615
-0.1287156923076923
-0.18754523076923074
-0.22801661538461537
-0.25555384615384613
-0.25430215384615384
-0.2292683076923077
-0.17085599999999998
-0.09512861538461538
-0.02524246153846154
0.03150092307692308
0.07030338461538461
0.10472492307692308
0.119328
0.11599015384615384
0.0974233846153846
0.05862092307692307
0.014603076923076923
-0.03713353846153846
-0.0880356923076923
-0.13101046153846155
-0.1635544615384615
-0.17732307692307692
-0.1883796923076923
-0.17711446153846155
-0.12913292307692306
-0.06863446153846153
-0.0014603076923076922
0.065088
0.1358086153846154
0.20131384615384615
0.2438713846153846
0.26097784615384617
0.2369870769230769
0.18274707692307693
0.1178676923076923
0.054657230769230764
0.0
-0.05674338461538461
-0.10389046153846154
-0.13726892307692307
-0.15520984615384617
-0.15082892307692305
-0.13038461538461538
-0.0988836923076923
-0.04902461538461538
0.01981846153846154
0.09721476923076922
0.1800350769230769
0.2422024615384615
0.27328615384615385
0.2822566153846154
0.27140861538461536
0.24679199999999998
0.19881046153846152
0.12329169230769231
0.03692492307692308
-0.04839876923076923
-0.12204
-0.16480615384615382
-0.1783661538461538
-0.16584923076923075
-0.1353913846153846
-0.0892873846153846
-0.02586830769230769
0.03755076923076923
0.09137353846153846
0.12850707692307692
0.15124615384615384
0.15103753846153847
0.13455692307692307
0.10889723076923077
0.04860738461538461
-0.028788923076923077
-0.11599015384615384
-0.18712800000000002
-0.23156307692307693
-0.25200738461538463
-0.23803015384615384
-0.2209236923076923
-0.1792006153846154
-0.12370892307692308
-0.056326153846153845
0.019192615384615384
0.059872615384615385
0.09450276923076922
0.10764553846153846
0.10368184615384615
0.09450276923076922
0.05173661538461538
-0.0016689230769230767
-0.06341907692307691
-0.12412615384615384
-0.15374953846153847
-0.16584923076923075
-0.16856123076923077
-0.16042523076923076
-0.14874276923076923
-0.12391753846153845
-0.08991323076923076
-0.06300184615384616
-0.047772923076923074
-0.05319692307692307
-0.06195876923076923
-0.06154153846153846
-0.04944184615384615
-0.02586830769230769
-0.010848
0.003755076923076923
0.02023569230769231
0.033169846153846154
0.052571076923076915
0.059872615384615385
0.04631261538461538
0.028788923076923077
0.009179076923076922
0.002712
0.0
-0.009179076923076922
-0.011265230769230769
-0.014394461538461538
-0.0006258461538461538
0.02858030769230769
0.06571384615384615
0.11411261538461538
0.14477907692307693
0.17481969230769231
0.20444307692307692
0.21800307692307694
0.2290596923076923
0.21508246153846153
0.17565415384615385
0.11703323076923078
0.044435076923076924
-0.03483876923076923
-0.13101046153846155
-0.23239753846153846
-0.3229366153846154
-0.3913624615384615
-0.42328061538461537
-0.3623649230769231
-0.222384
-0.03337846153846154
0.20402584615384614
0.41326707692307696
0.6147895384615384
0.7697907692307692
0.8298719999999999
0.7931556923076923
0.6122861538461538
0.39595199999999997
0.1341396923076923
-0.13935507692307691
-0.37967999999999996
-0.590172923076923
-0.6921858461538462
-0.720348923076923
-0.6135378461538461
-0.40596553846153843
-0.15959076923076923
0.13372246153846154
0.39678646153846153
0.6089483076923077
0.7247298461538462
0.7113784615384615
0.6087396923076923
0.4178566153846154
0.15187199999999998
-0.13455692307692307
-0.4076344615384615
-0.6166670769230769
-0.7103353846153846
-0.6786258461538462
-0.5511618461538461
-0.3782196923076923
-0.17565415384615385
0.024616615384615383
0.20965846153846154
0.3508910769230769
0.4134756923076923
0.4268270769230769
0.3903193846153846
0.33670523076923076
0.2749550769230769
0.19380369230769232
0.10514215384615383
0.008970461538461538
-0.09450276923076922
-0.1923433846153846
-0.26786215384615386
-0.31542646153846154
-0.3141747692307692
-0.2912270769230769
-0.2453316923076923
-0.1691870769230769
-0.08636676923076922
0.018983999999999997
0.12433476923076923
0.21111876923076925
0.29748553846153847
0.3767593846153846
0.4493575384615385
0.49358399999999997
0.4743913846153846
0.3648683076923077
0.18504184615384617
-0.001043076923076923
-0.1992276923076923
-0.3798886153846154
-0.5073526153846153
-0.5797421538461539
-0.553248
-0.427452923076923
-0.22113230769230768
0.02858030769230769
0.2478350769230769
0.4291218461538462
0.5634701538461538
0.6110344615384615
0.5816196923076923
0.4837790769230769
0.33357600000000004
0.15187199999999998
-0.04047138461538462
-0.21174461538461536
-0.3387913846153846
-0.4030449230769231
-0.4170221538461538
-0.38572984615384615
-0.2858030769230769
-0.1356
0.031709538461538456
0.1940123076923077
0.3031181538461538
0.36611999999999995
0.37717661538461533
0.32001599999999997
0.22175815384615383
0.06905169230769231
-0.08761846153846153
-0.21237046153846154
-0.30207507692307695
-0.32189353846153845
-0.29227015384615385
-0.22780799999999998
-0.14311015384615386
-0.04172307692307692
0.058829538461538454
0.11974523076923077
0.14540492307692307
0.13393107692307693
0.11181784615384616
0.10055261538461538
0.07969107692307692
0.07259815384615384
0.073224
0.0717636923076923
0.08699261538461538
0.10180430769230768
0.11056615384615384
0.11035753846153845
0.08386338461538462
0.037967999999999995
-0.01856676923076923
-0.08448923076923077
-0.13893784615384613
-0.1794092307692308
-0.19672430769230767
-0.18066092307692305
-0.13935507692307691
-0.06321046153846153
0.027745846153846152
0.11473846153846154
0.1858763076923077
0.233232
0.2726603076923077
0.27850153846153847
0.23281476923076924
0.14060676923076923
0.005215384615384615
-0.13267938461538462
-0.241368
-0.3323243076923077
-0.3780110769230769
-0.376968
-0.3312812307692308
-0.22113230769230768
-0.0880356923076923
0.06008123076923077
0.2008966153846154
0.30186646153846153
0.37363015384615383
0.4072172307692307
0.40325353846153844
0.3594443076923077
0.2795446153846154
0.1858763076923077
0.09512861538461538
0.02211323076923077
-0.033169846153846154
-0.07343261538461537
-0.09909230769230769
-0.11494707692307692
-0.10889723076923077
-0.09137353846153846
-0.07051199999999999
-0.037967999999999995
-0.017315076923076923
-0.0006258461538461538
0.018983999999999997
0.035464615384615386
0.047772923076923074
0.043600615384615383
0.023782153846153845
-0.006258461538461538
-0.031918153846153846
-0.05403138461538461
-0.07739630769230768
-0.1028473846153846
-0.13267938461538462
-0.15333230769230768
-0.16271999999999998
-0.15562707692307692
-0.1356
-0.11578153846153846
-0.07948246153846153
-0.02795446153846154
0.029414769230769227
0.08073415384615384
0.11473846153846154
0.1314276923076923
0.12266584615384615
0.09283384615384616
0.03588184615384615
-0.04526953846153846
-0.13309661538461537
-0.21737723076923077
-0.2751636923076923
-0.30061476923076924
-0.2920615384615385
-0.2509643076923077
-0.19067446153846154
-0.10994030769230768
-0.014603076923076923
0.08031692307692308
0.16438892307692307
0.22196676923076922
0.24595753846153845
0.23677846153846152
0.19588984615384614
0.12350030769230769
0.02858030769230769
-0.07593599999999999
-0.1760713846153846
-0.254928
-0.2914356923076923
-0.2862203076923077
-0.2497126153846154
-0.17711446153846155
-0.09095630769230768
0.012308307692307691
0.11995384615384615
0.21195323076923075
0.28163076923076924
0.2995716923076923
0.273912
0.21132738461538458
0.12350030769230769
0.023782153846153845
-0.0892873846153846
-0.19067446153846154
-0.2620209230769231
-0.2916443076923077
-0.2703655384615385
-0.21842030769230766
-0.14039815384615384
-0.045895384615384616
0.047772923076923074
0.143736
0.2154996923076923
0.24512307692307692
0.23364923076923078
0.1787833846153846
0.09700615384615385
0.008136
-0.07489292307692308
-0.14790830769230767
-0.20694646153846152
-0.24449723076923074
-0.24178523076923078
-0.20131384615384615
-0.13247076923076923
-0.043392
0.050067692307692306
0.14749107692307692
0.23344061538461539
0.301032
0.33941723076923075
0.33983446153846153
0.30895938461538464
0.25242461538461536
0.1869193846153846
0.11807630769230769
0.04860738461538461
-0.018775384615384614
-0.08469784615384615
-0.1316363076923077
-0.14582215384615385
-0.1353913846153846
-0.09408553846153846
-0.03775938461538462
0.026076923076923077
0.100344
0.1656406153846154
0.2207150769230769
0.24053353846153847
0.2261390769230769
0.19609846153846153
0.1435273846153846
0.08177723076923075
0.0025033846153846152
-0.08824430769230769
-0.16710092307692306
-0.22572184615384616
-0.24658338461538462
-0.2355267692307692
-0.200688
-0.14561353846153846
-0.07572738461538461
0.006258461538461538
0.08761846153846153
0.15520984615384617
0.19985353846153847
0.21466523076923077
0.20277415384615383
0.17148184615384612
0.11348676923076922
0.04547815384615384
-0.027328615384615382
-0.10055261538461538
-0.14916
-0.173568
-0.16271999999999998
-0.12224861538461537
-0.06800861538461538
-0.0029206153846153843
0.06216738461538462
0.12224861538461537
0.16710092307692306
0.18399876923076922
0.17544553846153846
0.14164984615384615
0.09095630769230768
0.04422646153846154
0.003755076923076923
-0.017523692307692306
-0.025033846153846153
-0.02586830769230769
0.002086153846153846
0.03713353846153846
0.05820369230769231
0.05924676923076923
0.037342153846153844
0.01397723076923077
-0.011265230769230769
-0.031918153846153846
-0.045060923076923075
-0.05736923076923077
-0.05778646153846154
-0.051528
-0.040262769230769234
-0.025033846153846153
-0.015020307692307692
-0.006675692307692307
0.0002086153846153846
0.001043076923076923
-0.009596307692307692
-0.028371692307692306
-0.053405538461538456
-0.07781353846153846
-0.086784
-0.07843938461538462
-0.05173661538461538
-0.014185846153846153
0.025033846153846153
0.06154153846153846
0.09763200000000001
0.14102399999999998
0.18212123076923076
0.20506892307692307
0.1992276923076923
0.17231630769230769
0.13184492307692308
0.07927384615384615
0.044435076923076924
0.02044430769230769
-0.0018775384615384615
0.001043076923076923
0.02044430769230769
0.05862092307692307
0.09325107692307691
0.11807630769230769
0.14978584615384616
0.1597993846153846
0.15687876923076924
0.14060676923076923
0.10347323076923076
0.05820369230769231
0.0008344615384615384
-0.04902461538461538
-0.07656184615384615
-0.08490646153846154
-0.07405846153846153
-0.053614153846153846
-0.029414769230769227
-0.0025033846153846152
0.013560000000000001
0.009804923076923077
-0.014185846153846153
-0.05736923076923077
-0.10931446153846153
-0.15792184615384616
-0.19150892307692308
-0.2056947692307692
-0.19651569230769228
-0.16167692307692308
-0.09763200000000001
-0.011682461538461537
0.07593599999999999
0.13476553846153844
0.15875630769230767
0.15103753846153847
0.11953661538461538
0.07885661538461539
0.031918153846153846
-0.010639384615384617
-0.05277969230769231
-0.07969107692307692
-0.08198584615384615
-0.05924676923076923
-0.015854769230769228
0.02586830769230769
0.07051199999999999
0.12308307692307692
0.17252492307692308
0.20193969230769232
0.19797599999999999
0.1666836923076923
0.12120553846153845
0.051319384615384614
-0.018983999999999997
-0.08323753846153846
-0.14394461538461537
-0.17815753846153848
-0.18712800000000002
-0.14728246153846153
-0.08219446153846154
-0.01272553846153846
0.05444861538461539
0.09450276923076922
0.11995384615384615
0.12412615384615384
0.10764553846153846
0.07531015384615385
0.02315630769230769
-0.034630153846153845
-0.0771876923076923
-0.08782707692307692
-0.0717636923076923
-0.04965046153846154
-0.03400430769230769
-0.016480615384615385
0.007510153846153846
0.03713353846153846
0.06738276923076922
0.07697907692307693
0.06967753846153846
0.05403138461538461
0.05048492307692308
0.07656184615384615
0.10222153846153846
0.12808984615384614
0.14540492307692307
0.1462393846153846
0.13664307692307692
0.10618523076923077
0.06800861538461538
0.014811692307692307
-0.0446436923076923
-0.0892873846153846
-0.11807630769230769
-0.13101046153846155
-0.12433476923076923
-0.11286092307692308
-0.08156861538461539
-0.028788923076923077
0.026702769230769228
0.09512861538461538
0.11891076923076922
0.10389046153846154
0.084072
0.04401784615384615
0.02357353846153846
0.0043809230769230765
-0.021487384615384613
-0.05111076923076923
-0.06404492307692307
-0.01981846153846154
0.015854769230769228
0.04714707692307692
0.014811692307692307
-0.05403138461538461
-0.10535076923076922
-0.1287156923076923
-0.12412615384615384
-0.20924123076923076
-0.2689052307692308
-0.3141747692307692
-0.3148006153846154
-0.22676492307692306
-0.14832553846153845
-0.05674338461538461
-0.011265230769230769
0.08219446153846154
0.20527753846153846
0.28788923076923073
0.3379569230769231
0.2720344615384615
0.18086953846153844
0.07384984615384615
-0.04526953846153846
-0.119328
-0.22175815384615383
-0.2937304615384615
-0.3054129230769231
-0.2751636923076923
-0.15896492307692306
-0.028788923076923077
0.10493353846153847
0.22113230769230768
0.24720923076923076
0.28204799999999997
0.2981113846153846
0.2734947692307692
0.23052
0.11348676923076922
-0.007927384615384614
-0.13121907692307694
-0.22029784615384615
-0.24512307692307692
-0.273912
-0.29185292307692307
-0.28246523076923075
-0.22947692307692308
-0.1218313846153846
-0.028788923076923077
0.03609046153846154
0.08594953846153845
0.11056615384615384
0.15938215384615384
0.20110523076923076
0.2090326153846154
0.20131384615384615
0.1612596923076923
0.12245723076923076
0.07697907692307693
0.014185846153846153
-0.04130584615384615
-0.11202646153846153
-0.16772676923076923
-0.1846246153846154
-0.17085599999999998
-0.10597661538461538
-0.02315630769230769
0.06759138461538462
0.17252492307692308
0.2730775384615384
0.36299076923076923
0.42015138461538465
0.43475446153846153
0.39407446153846154
0.29581661538461534
0.1883796923076923
0.06404492307692307
-0.07885661538461539
-0.19755876923076923
-0.29456492307692306
-0.33524492307692305
-0.3314898461538462
-0.2920615384615385
-0.21049292307692305
-0.12350030769230769
-0.002086153846153846
0.12204
0.21320492307692307
0.2651501538461538
0.25284184615384614
0.20715507692307691
0.14394461538461537
0.05444861538461539
-0.05194523076923077
-0.16292861538461537
-0.24658338461538462
-0.28434276923076923
-0.2814221538461538
-0.22864246153846152
-0.15187199999999998
-0.06446215384615385
0.04172307692307692
0.13330523076923076
0.2138307692307692
0.2707827692307692
0.28851507692307693
0.2753723076923077
0.2125790769230769
0.13601723076923075
0.06842584615384616
0.0014603076923076922
-0.04672984615384615
-0.09053907692307692
-0.12412615384615384
-0.12808984615384614
-0.11494707692307692
-0.07405846153846153
-0.03483876923076923
-0.010013538461538461
0.023364923076923075
0.05090215384615384
0.08469784615384615
0.11140061538461538
0.1287156923076923
0.13330523076923076
0.11828492307692307
0.11056615384615384
0.09512861538461538
0.06884307692307692
0.029832
-0.021278769230769233
-0.058829538461538454
-0.0826116923076923
-0.09554584615384615
-0.09179076923076923
-0.08135999999999999
-0.061124307692307686
-0.03358707692307692
-0.0002086153846153846
0.03984553846153846
0.07551876923076924
0.09909230769230769
0.11494707692307692
0.11849353846153846
0.10743692307692307
0.09283384615384616
0.06321046153846153
0.03483876923076923
0.0004172307692307692
-0.04214030769230769
-0.078648
-0.10597661538461538
-0.11160923076923077
-0.11056615384615384
-0.09658892307692307
-0.06633969230769231
-0.028163076923076923
0.013142769230769229
0.05277969230769231
0.09158215384615384
0.11557292307692307
0.12350030769230769
0.12600369230769232
0.11557292307692307
0.1045163076923077
0.09512861538461538
0.0717636923076923
0.043392
0.007510153846153846
-0.03129230769230769
-0.06738276923076922
-0.09763200000000001
-0.11640738461538462
-0.13998092307692306
-0.1504116923076923
-0.14436184615384615
-0.12350030769230769
-0.08845292307692308
-0.06946892307692307
-0.05194523076923077
-0.03609046153846154
-0.01814953846153846
0.011265230769230769
0.037967999999999995
0.04839876923076923
0.038176615384615385
0.021696
0.005424
-0.015854769230769228
-0.04693846153846153
-0.07364123076923076
-0.09241661538461539
-0.09700615384615385
-0.07343261538461537
-0.02273907692307692
0.04860738461538461
0.13059323076923077
0.20840676923076923
0.27453784615384613
0.32564861538461537
0.34358953846153845
0.3243969230769231
0.2716172307692308
0.18754523076923074
0.09304246153846155
0.005424
-0.06279323076923077
-0.11202646153846153
-0.146448
-0.15813046153846153
-0.14311015384615386
-0.08323753846153846
0.0014603076923076922
0.08219446153846154
0.13935507692307691
0.16292861538461537
0.17502830769230768
0.1733593846153846
0.15103753846153847
0.09804923076923076
0.015854769230769228
-0.07259815384615384
-0.13726892307692307
-0.16418030769230768
-0.16105107692307694
-0.13998092307692306
-0.10138707692307691
-0.04902461538461538
0.009179076923076922
0.06696553846153847
0.10347323076923076
0.11828492307692307
0.11077476923076923
0.07927384615384615
0.04318338461538461
0.015437538461538461
-0.009387692307692307
-0.02586830769230769
-0.03650769230769231
-0.03942830769230769
-0.02023569230769231
0.015228923076923076
0.05862092307692307
0.09158215384615384
0.10096984615384616
0.09471138461538461
0.07656184615384615
0.05319692307692307
0.015854769230769228
-0.031918153846153846
-0.07760492307692309
-0.10806276923076923
-0.10743692307692307
-0.09533723076923077
-0.07238953846153846
-0.045895384615384616
-0.021487384615384613
0.008970461538461538
0.026494153846153844
0.02545107692307692
0.006884307692307692
-0.014185846153846153
-0.02524246153846154
-0.03233538461538461
-0.034630153846153845
-0.04109723076923077
-0.051319384615384614
-0.04944184615384615
-0.044435076923076924
-0.03379569230769231
-0.024408000000000003
-0.02211323076923077
-0.026911384615384615
-0.047981538461538464
-0.06362769230769232
-0.07489292307692308
-0.08469784615384615
-0.0880356923076923
-0.08907876923076924
-0.07489292307692308
-0.048816000000000005
-0.019192615384615384
0.011265230769230769
0.03108369230769231
0.03775938461538462
0.03024923076923077
0.011891076923076923
-0.0043809230769230765
-0.022530461538461537
-0.043392
-0.056951999999999996
-0.05611753846153846
-0.031709538461538456
0.011682461538461537
0.053614153846153846
0.09262523076923077
0.12829846153846153
0.15687876923076924
0.18191261538461537
0.18358153846153846
0.16418030769230768
0.12516923076923075
0.07656184615384615
0.03880246153846154
-0.0035464615384615383
-0.043600615384615383
-0.0855323076923077
-0.11974523076923077
-0.12099692307692309
-0.10201292307692307
-0.0717636923076923
-0.03859384615384615
-0.013560000000000001
0.004798153846153846
0.018775384615384614
0.022530461538461537
0.011891076923076923
-0.016063384615384615
-0.06300184615384616
-0.10806276923076923
-0.13664307692307692
-0.14582215384615385
-0.13935507692307691
-0.12329169230769231
-0.09533723076923077
-0.05757784615384615
-0.006675692307692307
0.04902461538461538
0.09304246153846155
0.1178676923076923
0.12496061538461539
0.11828492307692307
0.10555938461538462
0.09596307692307693
0.09053907692307692
0.08615815384615384
0.08949599999999999
0.11682461538461539
0.15333230769230768
0.18316430769230768
0.19213476923076922
0.17961784615384613
0.15374953846153847
0.11953661538461538
0.08699261538461538
0.050067692307692306
0.012934153846153845
-0.01940123076923077
-0.040054153846153843
-0.043392
-0.04526953846153846
-0.04672984615384615
-0.04860738461538461
-0.04860738461538461
-0.03713353846153846
-0.021070153846153846
0.0025033846153846152
0.026911384615384615
0.03755076923076923
0.03921969230769231
0.029623384615384614
0.0008344615384615384
-0.03567323076923076
-0.08657538461538461
-0.13893784615384613
-0.16313723076923078
-0.15667015384615385
-0.11911938461538461
-0.06967753846153846
-0.02545107692307692
0.02482523076923077
0.0771876923076923
0.12037107692307693
0.14331876923076922
0.12245723076923076
0.0717636923076923
0.014603076923076923
-0.029623384615384614
-0.05736923076923077
-0.08073415384615384
-0.10013538461538461
-0.11473846153846154
-0.10535076923076922
-0.07468430769230769
-0.03421292307692308
0.008136
0.03567323076923076
0.05653476923076922
0.08991323076923076
0.11911938461538461
0.130176
0.1178676923076923
0.08031692307692308
0.03379569230769231
-0.02273907692307692
-0.07009476923076922
-0.1045163076923077
-0.13205353846153844
-0.1435273846153846
-0.13393107692307693
-0.09658892307692307
-0.04401784615384615
0.01710646153846154
0.07635323076923077
0.12412615384615384
0.15187199999999998
0.16084246153846155
0.16418030769230768
0.14164984615384615
0.10201292307692307
0.04380923076923077
-0.015228923076923076
-0.05236246153846154
-0.07572738461538461
-0.07551876923076924
-0.065088
-0.042348923076923076
-0.0006258461538461538
0.05194523076923077
0.1028473846153846
0.13789476923076924
0.15291507692307693
0.16167692307692308
0.16793538461538463
0.16251138461538459
0.14603076923076924
0.12245723076923076
0.103056
0.0826116923076923
0.06800861538461538
0.05298830769230769
0.029414769230769227
0.008970461538461538
-0.0029206153846153843
0.0012516923076923076
0.01668923076923077
0.0448523076923077
0.08386338461538462
0.11953661538461538
0.15187199999999998
0.17628
0.19192615384615386
0.19505538461538463
0.16188553846153847
0.09992676923076924
0.022947692307692308
-0.046104
-0.11390399999999999
-0.17815753846153848
-0.2582658461538461
-0.3456756923076923
-0.39595199999999997
-0.4297476923076923
-0.4291218461538462
-0.42348923076923073
-0.38426953846153844
-0.295608
-0.14081538461538462
0.07030338461538461
0.3573581538461538
0.6062363076923076
0.7109612307692308
0.8476043076923075
0.864084923076923
0.8363390769230769
0.71868
0.3982467692307692
0.06279323076923077
-0.3554806153846154
-0.6558867692307692
-0.892248
-1.0841741538461538
-1.1156750769230768
-1.0822966153846152
-0.8033778461538461
-0.39532615384615377
0.09325107692307691
0.6104086153846153
0.9517033846153846
1.2162276923076922
1.303428923076923
1.209552
0.9819526153846153
0.5392707692307692
0.051319384615384614
-0.4729310769230769
-0.9829956923076922
-1.2656695384615384
-1.4248430769230769
-1.4087796923076923
-1.2126812307692307
-0.9387692307692307
-0.5092301538461538
-0.06008123076923077
0.4022104615384615
0.8355046153846153
1.0954393846153845
1.2354203076923076
1.2218603076923076
1.086468923076923
0.8442664615384615
0.4405956923076923
0.003963692307692307
-0.43433723076923075
-0.8042123076923077
-1.0082381538461538
-1.12548
-1.0975255384615386
-0.9356399999999999
-0.6921858461538462
-0.33253292307692306
0.030875076923076922
0.3750904615384615
0.7036596923076923
0.9360572307692308
1.1160923076923077
1.195992
1.1350763076923076
0.9496172307692308
0.6296012307692308
0.2588916923076923
-0.1502030769230769
-0.545112
-0.8791052307692307
-1.141126153846154
-1.2527353846153846
-1.2398012307692308
-1.0752036923076922
-0.7351606153846154
-0.33587076923076925
0.12996738461538462
0.6058190769230769
0.9948867692307691
1.2938326153846156
1.4073193846153846
1.3470295384615385
1.121724923076923
0.7303624615384615
0.27704123076923076
-0.21800307692307694
-0.6965667692307692
-1.0906412307692308
-1.3595464615384616
-1.427137846153846
-1.3042633846153846
-1.0157483076923077
-0.5958055384615384
-0.10222153846153846
0.43579753846153846
0.929172923076923
1.2950843076923078
1.4968153846153847
1.4784572307692307
1.269841846153846
0.9345969230769231
0.4825273846153846
0.015228923076923076
-0.43350276923076925
-0.8388424615384614
-1.102115076923077
-1.2462683076923076
-1.2216516923076923
-1.0249273846153846
-0.7234781538461538
-0.33983446153846153
0.056951999999999996
0.4291218461538462
0.733908923076923
0.9387692307692307
1.0240929230769231
0.9704787692307691
0.8123483076923077
0.5643046153846153
0.25951753846153847
-0.047772923076923074
-0.35339446153846155
-0.6016467692307692
-0.7725027692307692
-0.8711778461538462
-0.8576178461538461
-0.7672873846153846
-0.6233427692307691
-0.4280787692307692
-0.208824
0.041514461538461535
0.290184
0.49045476923076925
0.6421181538461538
0.7120043076923076
0.7107526153846154
0.6469163076923078
0.5086043076923077
0.32585723076923073
0.09471138461538461
-0.14018953846153845
-0.36340799999999995
-0.5628443076923076
-0.6909341538461538
-0.7626978461538462
-0.7403759999999999
-0.6191704615384614
-0.4460196923076923
-0.1992276923076923
0.08323753846153846
0.37008369230769234
0.6408664615384615
0.8206929230769231
0.916656
0.9141526153846153
0.8062984615384615
0.6154153846153846
0.34651015384615386
0.042557538461538466
-0.26619323076923074
-0.5323864615384615
-0.7149249230769231
-0.8119310769230769
-0.8065070769230769
-0.6992787692307693
-0.5227901538461539
-0.2862203076923077
-0.031709538461538456
0.22008923076923076
0.4487316923076923
0.5964313846153846
0.6711156923076923
0.6477507692307691
0.533220923076923
0.3813489230769231
0.19067446153846154
-0.007510153846153846
-0.19693292307692306
-0.35297723076923077
-0.4345458461538461
-0.45373846153846153
-0.4090947692307692
-0.3277347692307692
-0.2275993846153846
-0.10618523076923077
0.03108369230769231
0.18379015384615385
0.3133403076923077
0.3978295384615384
0.4443507692307692
0.4478972307692307
0.4174393846153846
0.36027876923076924
0.2666104615384615
0.1597993846153846
0.04109723076923077
-0.07280676923076923
-0.15917353846153848
-0.2357353846153846
-0.2830910769230769
-0.30436984615384616
-0.3035353846153846
-0.26452430769230767
-0.20006215384615383
-0.11181784615384616
-0.006884307692307692
0.08866153846153846
0.17169046153846151
0.24032492307692307
0.29101846153846156
0.3133403076923077
0.27328615384615385
0.18337292307692307
0.04985907692307692
-0.09784061538461537
-0.22029784615384615
-0.3179298461538461
-0.3767593846153846
-0.404088
-0.3844781538461538
-0.2979027692307692
-0.16730953846153845
-0.016272
0.12162276923076921
0.23093723076923076
0.32731753846153844
0.39052800000000004
0.4184824615384615
0.4011673846153846
0.3206418461538461
0.20298276923076922
0.062376
-0.06279323076923077
-0.16042523076923076
-0.23198030769230768
-0.2588916923076923
-0.2578486153846154
-0.21341353846153846
-0.12496061538461539
-0.023782153846153845
0.07739630769230768
0.14686523076923075
0.18253846153846154
0.19735015384615384
0.1733593846153846
0.12099692307692309
0.04860738461538461
-0.040262769230769234
-0.1151556923076923
-0.16647507692307692
-0.18086953846153844
-0.1760713846153846
-0.1652233846153846
-0.14081538461538462
-0.11557292307692307
-0.07301538461538462
-0.02545107692307692
0.016897846153846156
0.03421292307692308
0.013768615384615384
-0.004589538461538461
-0.02023569230769231
-0.03400430769230769
-0.042974769230769226
-0.05277969230769231
-0.042974769230769226
-0.021278769230769233
0.001043076923076923
0.030040615384615384
0.042348923076923076
0.03755076923076923
0.016063384615384615
-0.011265230769230769
-0.02086153846153846
-0.03421292307692308
-0.04526953846153846
-0.053614153846153846
-0.05945538461538461
-0.04214030769230769
-0.006884307692307692
0.03504738461538461
0.07134646153846153
0.09095630769230768
0.10389046153846154
0.11035753846153845
0.10180430769230768
0.08094276923076923
0.03567323076923076
-0.013351384615384614
-0.050067692307692306
-0.07238953846153846
-0.08636676923076922
-0.10347323076923076
-0.09262523076923077
-0.05945538461538461
-0.011473846153846154
0.050067692307692306
0.10868861538461538
0.15500123076923078
0.1691870769230769
0.15792184615384616
0.13726892307692307
0.1028473846153846
0.042557538461538466
-0.021487384615384613
-0.06988615384615385
-0.09825784615384614
-0.09450276923076922
-0.07510153846153846
-0.030875076923076922
0.03150092307692308
0.09784061538461537
0.17398523076923075
0.23469230769230767
0.2720344615384615
0.26160369230769226
0.20381723076923075
0.1289243076923077
0.042974769230769226
-0.03421292307692308
-0.10076123076923077
-0.14102399999999998
-0.13998092307692306
-0.10076123076923077
-0.018775384615384614
0.08115138461538463
0.17669723076923077
0.25117292307692307
0.29832
0.3229366153846154
0.3012406153846154
0.2138307692307692
0.08052553846153847
-0.07259815384615384
-0.21153599999999997
-0.31104553846153843
-0.3686233846153846
-0.3815575384615385
-0.35235138461538457
-0.27599815384615384
-0.15166338461538462
0.008136
0.17252492307692308
0.31083692307692307
0.39762092307692304
0.4353803076923077
0.4228633846153846
0.3544375384615384
0.2399076923076923
0.08177723076923075
-0.08448923076923077
-0.22801661538461537
-0.3160523076923077
-0.3285692307692308
-0.2916443076923077
-0.206112
-0.08824430769230769
0.03859384615384615
0.17815753846153848
0.29832
0.3752990769230769
0.40033292307692303
0.3686233846153846
0.3012406153846154
0.20527753846153846
0.10013538461538461
-0.001043076923076923
-0.09137353846153846
-0.15792184615384616
-0.20173107692307693
-0.20965846153846154
-0.20381723076923075
-0.19526400000000002
-0.17377661538461536
-0.1462393846153846
-0.10117846153846152
-0.05799507692307692
-0.024408000000000003
0.0035464615384615383
0.01272553846153846
0.018775384615384614
0.022947692307692308
0.022947692307692308
0.01043076923076923
-0.020027076923076922
-0.06008123076923077
-0.10055261538461538
-0.13247076923076923
-0.15833907692307692
-0.17648861538461538
-0.18754523076923074
-0.18316430769230768
-0.15541846153846153
-0.10096984615384616
-0.04422646153846154
0.004589538461538461
0.05945538461538461
0.10994030769230768
0.16626646153846153
0.2090326153846154
0.22321846153846153
0.20527753846153846
0.1424843076923077
0.06404492307692307
-0.009804923076923077
-0.0798996923076923
-0.13476553846153844
-0.17002153846153847
-0.17398523076923075
-0.14144123076923076
-0.08907876923076924
-0.02273907692307692
0.040679999999999994
0.09179076923076923
0.12245723076923076
0.12955015384615384
0.12266584615384615
0.09053907692307692
0.041514461538461535
-0.005215384615384615
-0.038176615384615385
-0.03984553846153846
-0.019609846153846155
0.006258461538461538
0.03775938461538462
0.065088
0.09033046153846153
0.11745046153846153
0.12913292307692306
0.12433476923076923
0.10743692307692307
0.07510153846153846
0.03880246153846154
-0.0002086153846153846
-0.030040615384615384
-0.03880246153846154
-0.02795446153846154
0.012099692307692308
0.07238953846153846
0.13914646153846155
0.19881046153846152
0.23531815384615382
0.2563883076923077
0.25284184615384614
0.22280123076923075
0.16689230769230767
0.078648
-0.020027076923076922
-0.10576799999999999
-0.17732307692307692
-0.2127876923076923
-0.20256553846153844
-0.19568123076923075
-0.15082892307692305
-0.06717415384615384
0.048816000000000005
0.16501476923076921
0.23239753846153846
0.265776
0.28017046153846153
0.2689052307692308
0.2845513846153846
0.3452584615384615
0.15520984615384617
-0.03337846153846154
-0.18921415384615384
-0.33607938461538456
-0.22405292307692307
-0.33607938461538456
-0.4049224615384615
-0.441012923076923
-0.45916246153846146
-0.17461107692307692
-0.07280676923076923
0.04985907692307692
0.027120000000000002
-0.007510153846153846
0.18399876923076922
0.19588984615384614
0.29352184615384613
0.16897846153846155
-0.046104
-0.06592246153846154
-0.206112
-0.13518276923076925
-0.15228923076923076
-0.26869661538461537
-0.1779489230769231
-0.2682793846153846
-0.18900553846153845
-0.034630153846153845
-0.024199384615384616
0.16105107692307694
0.14144123076923076
0.11411261538461538
0.1802436923076923
0.11870215384615385
0.22447015384615385
0.2194633846153846
0.12725538461538463
0.08845292307692308
-0.02211323076923077
0.021278769230769233
0.0025033846153846152
-0.12141415384615384
-0.19672430769230767
-0.3252313846153846
-0.2782929230769231
-0.19046584615384615
-0.18775384615384613
-0.11870215384615385
-0.12642092307692307
-0.03233538461538461
0.14081538461538462
0.19964492307692308
0.29644246153846154
0.29748553846153847
0.25847446153846154
0.2997803076923077
0.2330233846153846
0.14853415384615384
0.01043076923076923
-0.1783661538461538
-0.2712
-0.37300430769230764
-0.4082603076923077
-0.3752990769230769
-0.2864289230769231
-0.12433476923076923
0.0018775384615384615
0.19860184615384616
0.3707095384615384
0.47313969230769226
0.5607581538461538
0.4958787692307692
0.409512
0.2858030769230769
0.09700615384615385
-0.033169846153846154
-0.21675138461538462
-0.3421292307692308
-0.38677292307692307
-0.4349630769230769
-0.3919883076923077
-0.3588184615384616
-0.27975323076923075
-0.10430769230769231
0.04819015384615385
0.18775384615384613
0.2357353846153846
0.24908676923076922
0.2966510769230769
0.26076923076923075
0.1948467692307692
0.06216738461538462
-0.10806276923076923
-0.18337292307692307
-0.27328615384615385
-0.2943563076923077
-0.2588916923076923
-0.26494153846153845
-0.1846246153846154
-0.1136953846153846
-0.042348923076923076
0.08156861538461539
0.146448
0.22321846153846153
0.26869661538461537
0.27286892307692306
0.29331323076923077
0.2695310769230769
0.26535876923076923
0.23135446153846154
0.16772676923076923
0.10785415384615385
0.013560000000000001
-0.02044430769230769
-0.04860738461538461
-0.07614461538461538
-0.05298830769230769
-0.06258461538461538
-0.029206153846153847
0.050067692307692306
0.10159569230769232
0.1543753846153846
0.14790830769230767
0.1422756923076923
0.1940123076923077
0.2125790769230769
0.20506892307692307
0.1435273846153846
0.041514461538461535
-0.023782153846153845
-0.08636676923076922
-0.12537784615384615
-0.15187199999999998
-0.1940123076923077
-0.18650215384615382
-0.1666836923076923
-0.10535076923076922
-0.013768615384615384
0.04756430769230769
0.14582215384615385
0.19755876923076923
0.20632061538461538
0.20652923076923077
0.1504116923076923
0.11828492307692307
0.05674338461538461
-0.047981538461538464
-0.12099692307692309
-0.17461107692307692
-0.15959076923076923
-0.111192
-0.08344615384615384
-0.04318338461538461
-0.011473846153846154
0.02899753846153846
0.07802215384615384
0.08720123076923077
0.08052553846153847
0.025659692307692307
-0.03838523076923077
-0.07343261538461537
-0.13101046153846155
-0.14540492307692307
-0.14874276923076923
-0.14081538461538462
-0.09012184615384615
-0.07092923076923077
-0.022947692307692308
0.029623384615384614
0.06028984615384615
0.08761846153846153
0.06759138461538462
0.054657230769230764
0.040262769230769234
0.009804923076923077
-0.013768615384615384
-0.059038153846153844
-0.09199938461538461
-0.09471138461538461
-0.06738276923076922
-0.006675692307692307
0.026285538461538457
0.0446436923076923
0.06800861538461538
0.07969107692307692
0.09658892307692307
0.07030338461538461
0.025033846153846153
-0.006884307692307692
-0.05507446153846154
-0.07843938461538462
-0.09679753846153846
-0.10535076923076922
-0.06675692307692307
-0.015020307692307692
0.059664
0.13914646153846155
0.20339999999999997
0.2699483076923077
0.30436984615384616
0.29352184615384613
0.24846092307692308
0.16584923076923075
0.08156861538461539
-0.008970461538461538
-0.09763200000000001
-0.16480615384615382
-0.22697353846153845
-0.2292683076923077
-0.18128676923076922
-0.10201292307692307
-0.0012516923076923076
0.06300184615384616
0.130176
0.19797599999999999
0.23469230769230767
0.25054707692307693
0.20110523076923076
0.12016246153846154
0.029414769230769227
-0.07677046153846154
-0.1506203076923077
-0.21341353846153846
-0.2532590769230769
-0.26097784615384617
-0.24720923076923076
-0.18107815384615383
-0.09554584615384615
-0.006884307692307692
0.07572738461538461
0.116616
0.1397723076923077
0.13914646153846155
0.12016246153846154
0.10827138461538462
0.06633969230769231
0.025033846153846153
-0.003129230769230769
-0.02899753846153846
-0.013351384615384614
0.01710646153846154
0.03859384615384615
0.05736923076923077
0.073224
0.10618523076923077
0.1358086153846154
0.1356
0.13080184615384613
0.12767261538461538
0.14060676923076923
0.1696043076923077
0.19171753846153847
0.2059033846153846
0.19526400000000002
0.1800350769230769
0.154584
0.09700615384615385
0.021487384615384613
-0.08448923076923077
-0.1860849230769231
-0.2559710769230769
-0.29832
-0.2966510769230769
-0.26306399999999996
-0.19046584615384615
-0.08219446153846154
0.03483876923076923
0.1597993846153846
0.2618123076923077
0.31897292307692304
0.3321156923076923
0.29602523076923076
0.23156307692307693
0.13455692307692307
0.00855323076923077
-0.1178676923076923
-0.2426196923076923
-0.31897292307692304
-0.33295015384615384
-0.3077076923076923
-0.23636123076923077
-0.15687876923076924
-0.06049846153846154
0.05653476923076922
0.14916
0.22551323076923077
0.25805723076923076
0.2411593846153846
0.19839323076923077
0.12099692307692309
0.04839876923076923
-0.02482523076923077
-0.10055261538461538
-0.15291507692307693
-0.18712800000000002
-0.17398523076923075
-0.13643446153846153
-0.09158215384615384
-0.040679999999999994
-0.010222153846153844
0.026494153846153844
0.06154153846153846
0.0678
0.05799507692307692
0.016480615384615385
-0.02753723076923077
-0.03296123076923077
-0.02044430769230769
0.01043076923076923
0.03212676923076923
0.031918153846153846
0.03233538461538461
0.018358153846153843
0.0006258461538461538
-0.029832
-0.08323753846153846
-0.14081538461538462
-0.1794092307692308
-0.1881710769230769
-0.17982646153846152
-0.1476996923076923
-0.100344
-0.04714707692307692
0.018358153846153843
0.08469784615384615
0.132888
0.14707384615384617
0.11765907692307691
0.059664
-0.003129230769230769
-0.07489292307692308
-0.14185846153846154
-0.19505538461538463
-0.23510953846153848
-0.25054707692307693
-0.23010276923076922
-0.1585476923076923
-0.05820369230769231
0.05111076923076923
0.15959076923076923
0.2699483076923077
0.3711267692307692
0.42995630769230764
0.4355889230769231
0.3738387692307692
0.26640184615384616
0.14123261538461537
0.010013538461538461
-0.11098338461538461
-0.21675138461538462
-0.3008233846153846
-0.3342018461538461
-0.30290953846153845
-0.21862892307692305
-0.09950953846153845
0.011682461538461537
0.10535076923076922
0.1800350769230769
0.22134092307692307
0.23469230769230767
0.20047938461538461
0.12683815384615382
0.03775938461538462
-0.05403138461538461
-0.1358086153846154
-0.20778092307692309
-0.2438713846153846
-0.25346769230769234
-0.24303692307692307
-0.19735015384615384
-0.13038461538461538
-0.04819015384615385
0.028163076923076923
0.08448923076923077
0.12913292307692306
0.1612596923076923
0.1787833846153846
0.18879692307692306
0.1777403076923077
0.15374953846153847
0.12808984615384614
0.103056
0.09137353846153846
0.07238953846153846
0.04401784615384615
0.008344615384615384
-0.018358153846153843
-0.026285538461538457
-0.031709538461538456
-0.02858030769230769
-0.028371692307692306
-0.015020307692307692
0.018358153846153843
0.051319384615384614
0.08574092307692306
0.1070196923076923
0.10952307692307692
0.10076123076923077
0.08156861538461539
0.058412307692307694
0.021696
-0.03609046153846154
-0.09846646153846153
-0.16063384615384615
-0.20861538461538462
-0.2371956923076923
-0.24512307692307692
-0.22989415384615383
-0.19797599999999999
-0.1476996923076923
-0.08574092307692306
-0.014394461538461538
0.06884307692307692
0.14436184615384615
0.19755876923076923
0.23656984615384613
0.24512307692307692
0.23052
0.19463815384615382
0.12975876923076923
0.05653476923076922
-0.027745846153846152
-0.1028473846153846
-0.15833907692307692
-0.19672430769230767
-0.206112
-0.19213476923076922
-0.15374953846153847
-0.10514215384615383
-0.05486584615384615
0.005841230769230769
0.06821723076923077
0.12767261538461538
0.16876984615384616
0.18086953846153844
0.1706473846153846
0.138312
0.0892873846153846
0.029206153846153847
-0.043392
-0.11223507692307692
-0.16188553846153847
-0.1867107692307692
-0.18232984615384615
-0.18107815384615383
-0.17377661538461536
-0.1666836923076923
-0.13789476923076924
-0.04547815384615384
0.05194523076923077
0.18858830769230767
0.30583015384615386
0.37655076923076924
0.4599969230769231
0.4758516923076923
0.46729846153846155
0.3746732307692308
0.19651569230769228
0.008970461538461538
-0.1994363076923077
-0.3131316923076923
-0.4320424615384615
-0.5140283076923077
-0.5248763076923078
-0.5159058461538462
-0.3571495384615384
-0.16835261538461538
0.05298830769230769
0.265776
0.40325353846153844
0.5438603076923076
0.5837058461538461
0.5524135384615385
0.4374664615384615
0.20965846153846154
-0.018358153846153843
-0.2697396923076923
-0.4620830769230769
-0.5513704615384615
-0.5839144615384615
-0.5054750769230769
-0.3750904615384615
-0.19359507692307693
0.03483876923076923
0.2426196923076923
0.4414301538461538
0.5605495384615384
0.5887126153846154
0.5734836923076922
0.4952529230769231
0.40387938461538464
0.2724516923076923
0.08720123076923077
-0.09116492307692307
-0.265776
-0.3811403076923077
-0.4322510769230769
-0.4522781538461538
-0.41493599999999997
-0.32669169230769235
-0.17669723076923077
0.0012516923076923076
0.1489513846153846
0.2578486153846154
0.30854215384615385
0.3216849230769231
0.3054129230769231
0.2438713846153846
0.16772676923076923
0.08177723076923075
0.003755076923076923
-0.04568676923076923
-0.09533723076923077
-0.11870215384615385
-0.11640738461538462
-0.10263876923076923
-0.05757784615384615
-0.012934153846153845
0.04714707692307692
0.127464
0.20673784615384616
0.28955815384615385
0.3408775384615384
0.36319938461538465
0.3573581538461538
0.31125415384615385
0.24470584615384613
0.14436184615384615
0.04109723076923077
-0.037342153846153844
-0.09930092307692308
-0.1341396923076923
-0.15875630769230767
-0.16209415384615386
-0.13601723076923075
-0.10201292307692307
-0.05382276923076923
-0.013142769230769229
0.019609846153846155
0.07551876923076924
0.12433476923076923
0.1614683076923077
0.17648861538461538
0.15187199999999998
0.11724184615384614
0.06800861538461538
0.010639384615384617
-0.055491692307692304
-0.13351384615384615
-0.1927606153846154
-0.22780799999999998
-0.2125790769230769
-0.16292861538461537
-0.10368184615384615
-0.035464615384615386
0.013560000000000001
0.052571076923076915
0.084072
0.09450276923076922
0.08782707692307692
0.06341907692307691
0.021278769230769233
-0.03108369230769231
-0.09241661538461539
-0.13935507692307691
-0.1693956923076923
-0.19067446153846154
-0.19839323076923077
-0.1910916923076923
-0.15959076923076923
-0.10555938461538462
-0.04693846153846153
-0.0008344615384615384
0.025659692307692307
0.03755076923076923
0.046104
0.040679999999999994
0.023990769230769232
-0.006884307692307692
-0.040679999999999994
-0.04985907692307692
-0.03859384615384615
-0.014185846153846153
0.006258461538461538
0.01814953846153846
0.04526953846153846
0.07948246153846153
0.10138707692307691
0.10931446153846153
0.09179076923076923
0.07614461538461538
0.05277969230769231
0.024199384615384616
0.004798153846153846
-0.02545107692307692
-0.044435076923076924
-0.06884307692307692
-0.08991323076923076
-0.09074769230769231
-0.0853236923076923
-0.05570030769230769
-0.02357353846153846
-0.0008344615384615384
0.02357353846153846
0.034630153846153845
0.04714707692307692
0.054657230769230764
0.028371692307692306
0.0012516923076923076
-0.027328615384615382
-0.0448523076923077
-0.03859384615384615
-0.04088861538461538
-0.04088861538461538
-0.03921969230769231
-0.029414769230769227
-0.025659692307692307
-0.03609046153846154
-0.03609046153846154
-0.04714707692307692
-0.05444861538461539
-0.037967999999999995
-0.008136
0.035255999999999996
0.07906523076923076
0.12996738461538462
0.1783661538461538
0.18545907692307692
0.15896492307692306
0.103056
0.02357353846153846
-0.05862092307692307
-0.14582215384615385
-0.21696000000000001
-0.26076923076923075
-0.2862203076923077
-0.2789187692307692
-0.24053353846153847
-0.17252492307692308
-0.08031692307692308
0.0006258461538461538
0.07134646153846153
0.12537784615384615
0.14936861538461538
0.16438892307692307
0.15166338461538462
0.11411261538461538
0.06133292307692308
-0.014394461538461538
-0.07426707692307692
-0.11557292307692307
-0.13998092307692306
-0.14582215384615385
-0.13914646153846155
-0.09930092307692308
-0.03942830769230769
0.03045784615384615
0.09992676923076924
0.14811692307692306
0.18066092307692305
0.1940123076923077
0.18921415384615384
0.16772676923076923
0.12120553846153845
0.06008123076923077
-0.0006258461538461538
-0.031918153846153846
-0.035464615384615386
-0.031918153846153846
-0.026702769230769228
-0.02586830769230769
-0.011891076923076923
0.0077187692307692304
0.018775384615384614
0.02357353846153846
0.013560000000000001
-0.006258461538461538
-0.020652923076923076
-0.027120000000000002
-0.020027076923076922
-0.008761846153846153
-0.005424
0.0033378461538461535
0.021696
0.05590892307692308
0.09846646153846153
0.13080184615384613
0.14290153846153844
0.12266584615384615
0.09491999999999999
0.06404492307692307
0.027120000000000002
-0.005215384615384615
-0.054657230769230764
-0.09512861538461538
-0.10952307692307692
-0.10013538461538461
-0.06613107692307692
-0.03066646153846154
0.005841230769230769
0.05277969230769231
0.11056615384615384
0.1637630769230769
0.20047938461538461
0.20694646153846152
0.1881710769230769
0.1543753846153846
0.10368184615384615
0.042974769230769226
-0.03504738461538461
-0.10576799999999999
-0.14603076923076924
-0.15667015384615385
-0.13393107692307693
-0.09471138461538461
-0.04714707692307692
0.007510153846153846
0.05069353846153846
0.0892873846153846
0.12245723076923076
0.1353913846153846
0.13372246153846154
0.11035753846153845
0.08490646153846154
0.06008123076923077
0.024408000000000003
-0.010222153846153844
-0.05090215384615384
-0.08991323076923076
-0.12621230769230768
-0.1504116923076923
-0.1612596923076923
-0.18128676923076922
-0.19046584615384615
-0.18066092307692305
-0.14686523076923075
-0.09158215384615384
-0.03901107692307692
0.016897846153846156
0.06529661538461538
0.1045163076923077
0.14832553846153845
0.16626646153846153
0.14749107692307692
0.1070196923076923
0.04819015384615385
-0.009596307692307692
-0.052153846153846155
-0.08469784615384615
-0.09867507692307692
-0.09387692307692307
-0.06487938461538462
0.0016689230769230767
0.08010830769230769
0.15374953846153847
0.21237046153846154
0.241368
0.2582658461538461
0.25471938461538457
0.2303113846153846
0.18775384615384613
0.12621230769230768
0.052153846153846155
-0.023782153846153845
-0.07510153846153846
-0.10952307692307692
-0.13121907692307694
-0.13601723076923075
-0.12642092307692307
-0.09679753846153846
-0.05236246153846154
-0.014394461538461538
0.014603076923076923
0.026494153846153844
0.026285538461538457
0.02232184615384615
0.0016689230769230767
-0.025033846153846153
-0.06341907692307691
-0.10597661538461538
-0.13226215384615383
-0.1341396923076923
-0.10639384615384614
-0.06613107692307692
-0.023990769230769232
0.014185846153846153
0.05298830769230769
0.10013538461538461
0.13601723076923075
0.15208061538461537
0.15187199999999998
0.14582215384615385
0.14936861538461538
0.15625292307692307
0.15228923076923076
0.1395636923076923
0.11202646153846153
0.07885661538461539
0.06300184615384616
0.06008123076923077
0.06300184615384616
0.0609156923076923
0.06571384615384615
0.08219446153846154
0.10180430769230768
0.11411261538461538
0.10514215384615383
0.08323753846153846
0.041514461538461535
-0.005841230769230769
-0.04130584615384615
-0.07760492307692309
-0.1070196923076923
-0.11181784615384616
-0.09116492307692307
-0.04088861538461538
0.015228923076923076
0.05799507692307692
0.09241661538461539
0.09930092307692308
0.08469784615384615
0.06300184615384616
0.026494153846153844
-0.026702769230769228
-0.09909230769230769
-0.17273353846153844
-0.2236356923076923
-0.23844738461538462
-0.21883753846153844
-0.1712732307692308
-0.10618523076923077
-0.03483876923076923
0.053614153846153846
0.13226215384615383
0.1908830769230769
0.21696000000000001
0.19380369230769232
0.14436184615384615
0.07781353846153846
0.014603076923076923
-0.04672984615384615
-0.10722830769230769
-0.14832553846153845
-0.1666836923076923
-0.14164984615384615
-0.084072
-0.011473846153846154
0.059872615384615385
0.111192
0.16584923076923075
0.2075723076923077
0.2290596923076923
0.22864246153846152
0.19755876923076923
0.15520984615384617
0.10430769230769231
0.05173661538461538
-0.0006258461538461538
-0.058412307692307694
-0.103056
-0.130176
-0.13622584615384614
-0.12266584615384615
-0.11390399999999999
-0.103056
-0.10076123076923077
-0.10159569230769232
-0.092208
-0.08323753846153846
-0.07489292307692308
-0.07760492307692309
-0.08761846153846153
-0.09053907692307692
-0.08302892307692307
-0.06279323076923077
-0.04526953846153846
-0.04130584615384615
-0.03859384615384615
-0.03108369230769231
-0.022947692307692308
-0.02482523076923077
-0.03337846153846154
-0.037967999999999995
-0.03692492307692308
-0.019609846153846155
0.01814953846153846
0.06341907692307691
0.10389046153846154
0.13455692307692307
0.16251138461538459
0.17982646153846152
0.18358153846153846
0.16605784615384614
0.12266584615384615
0.06821723076923077
0.01043076923076923
-0.03275261538461539
-0.04839876923076923
-0.03713353846153846
-0.016063384615384615
0.009596307692307692
0.02023569230769231
0.028788923076923077
0.03567323076923076
0.03108369230769231
0.01272553846153846
-0.03108369230769231
-0.06321046153846153
-0.08469784615384615
-0.07197230769230768
-0.04380923076923077
0.07843938461538462
0.1476996923076923
0.09450276923076922
0.12412615384615384
0.084072
0.10222153846153846
0.07489292307692308
-0.07218092307692307
-0.173568
-0.33670523076923076
-0.33065538461538463
-0.28955815384615385
-0.25555384615384613
-0.1794092307692308
-0.17085599999999998
0.0006258461538461538
0.1570873846153846
0.30019753846153846
0.4047138461538461
0.3170953846153846
0.2670276923076923
0.15875630769230767
0.05507446153846154
-0.01043076923076923
-0.18942276923076923
-0.26348123076923075
-0.31855569230769226
-0.3611132307692308
-0.22864246153846152
-0.12934153846153845
0.008761846153846153
0.14206707692307693
0.1829556923076923
0.268488
0.2782929230769231
0.30186646153846153
0.3285692307692308
0.2436627692307692
0.14457046153846154
0.008970461538461538
-0.0771876923076923
-0.11265230769230769
-0.18775384615384613
-0.23636123076923077
-0.2926873846153846
-0.287472
-0.18337292307692307
-0.09825784615384614
0.0022947692307692304
0.06821723076923077
0.10639384615384614
0.19735015384615384
0.235944
0.2357353846153846
0.21779446153846155
0.13455692307692307
0.08699261538461538
0.04693846153846153
-0.014394461538461538
-0.06759138461538462
-0.157296
-0.21842030769230766
-0.26368984615384616
-0.27850153846153847
-0.24095076923076922
-0.18149538461538461
-0.06800861538461538
0.022530461538461537
0.11828492307692307
0.24428861538461538
0.31667815384615383
0.37717661538461533
0.3727956923076923
0.2937304615384615
0.21237046153846154
0.09325107692307691
0.007301538461538462
-0.08344615384615384
-0.2021483076923077
-0.25659692307692306
-0.2776670769230769
-0.23531815384615382
-0.1570873846153846
-0.0771876923076923
0.03859384615384615
0.14936861538461538
0.24741784615384615
0.30186646153846153
0.292896
0.26911384615384615
0.1867107692307692
0.06070707692307692
-0.06571384615384615
-0.22697353846153845
-0.3454670769230769
-0.41368430769230763
-0.4551987692307692
-0.41013784615384613
-0.33962584615384617
-0.23448369230769228
-0.10660246153846153
-0.018983999999999997
0.08636676923076922
0.16480615384615382
0.2140393846153846
0.2369870769230769
0.19985353846153847
0.13998092307692306
0.042557538461538466
-0.03629907692307692
-0.07656184615384615
-0.10764553846153846
-0.10952307692307692
-0.12245723076923076
-0.11140061538461538
-0.05799507692307692
-0.006884307692307692
0.07092923076923077
0.11849353846153846
0.12537784615384615
0.15687876923076924
0.18253846153846154
0.20486030769230767
0.20173107692307693
0.15479261538461536
0.124752
0.10806276923076923
0.10764553846153846
0.11056615384615384
0.07969107692307692
0.03880246153846154
-0.010848
-0.046104
-0.05528307692307692
-0.07030338461538461
-0.07426707692307692
-0.07843938461538462
-0.07614461538461538
-0.030875076923076922
0.026494153846153844
0.10618523076923077
0.17231630769230769
0.1760713846153846
0.16501476923076921
0.13914646153846155
0.11640738461538462
0.09700615384615385
0.03838523076923077
-0.03233538461538461
-0.08031692307692308
-0.08845292307692308
-0.050067692307692306
-0.0008344615384615384
0.033169846153846154
0.044435076923076924
0.052153846153846155
0.07384984615384615
0.08073415384615384
0.06675692307692307
0.016063384615384615
-0.062376
-0.10994030769230768
-0.13351384615384615
-0.13184492307692308
-0.111192
-0.08991323076923076
-0.03942830769230769
0.023364923076923075
0.09930092307692308
0.16626646153846153
0.1860849230769231
0.16271999999999998
0.08845292307692308
0.005424
-0.05590892307692308
-0.10535076923076922
-0.14144123076923076
-0.17502830769230768
-0.19192615384615386
-0.16501476923076921
-0.09846646153846153
0.0012516923076923076
0.09491999999999999
0.15792184615384616
0.21654276923076923
0.2705741538461538
0.3152178461538461
0.31772123076923076
0.25972615384615383
0.17628
0.0717636923076923
-0.026076923076923077
-0.10868861538461538
-0.1883796923076923
-0.24574892307692306
-0.26348123076923075
-0.23949046153846154
-0.16835261538461538
-0.07051199999999999
0.03671630769230769
0.13893784615384613
0.21070153846153844
0.2666104615384615
0.2849686153846154
0.2722430769230769
0.22488738461538463
0.1506203076923077
0.08135999999999999
0.008761846153846153
-0.049233230769230765
-0.09512861538461538
-0.12120553846153845
-0.130176
-0.13184492307692308
-0.11160923076923077
-0.06821723076923077
-0.01043076923076923
0.05194523076923077
0.10722830769230769
0.14936861538461538
0.18525046153846153
0.208824
0.2140393846153846
0.20193969230769232
0.15687876923076924
0.09012184615384615
0.007301538461538462
-0.08344615384615384
-0.16251138461538459
-0.22551323076923077
-0.2526332307692308
-0.2601433846153846
-0.254928
-0.22447015384615385
-0.17481969230769231
-0.10618523076923077
-0.024408000000000003
0.05403138461538461
0.11035753846153845
0.1368516923076923
0.14749107692307692
0.15750461538461538
0.1435273846153846
0.10159569230769232
0.04318338461538461
-0.021904615384615383
-0.06884307692307692
-0.10848000000000001
-0.13393107692307693
-0.14540492307692307
-0.14519630769230768
-0.111192
-0.05403138461538461
0.02232184615384615
0.10076123076923077
0.17023015384615386
0.23052
0.26932246153846157
0.2753723076923077
0.25159015384615385
0.20027076923076922
0.12224861538461537
0.03129230769230769
-0.06070707692307692
-0.12975876923076923
-0.19150892307692308
-0.23385784615384617
-0.24679199999999998
-0.23907323076923076
-0.18775384615384613
-0.11494707692307692
-0.03379569230769231
0.028788923076923077
0.06154153846153846
0.0936683076923077
0.11619876923076923
0.13184492307692308
0.12704676923076924
0.09095630769230768
0.04172307692307692
-0.016897846153846156
-0.05716061538461538
-0.08094276923076923
-0.10138707692307691
-0.11432123076923076
-0.11974523076923077
-0.09262523076923077
-0.04109723076923077
0.017940923076923077
0.07364123076923076
0.11098338461538461
0.14081538461538462
0.16501476923076921
0.17628
0.1693956923076923
0.14123261538461537
0.09867507692307692
0.05382276923076923
0.015646153846153844
-0.014603076923076923
-0.04672984615384615
-0.086784
-0.12099692307692309
-0.13768615384615385
-0.13267938461538462
-0.10868861538461538
-0.078648
-0.05111076923076923
-0.023990769230769232
0.013351384615384614
0.05799507692307692
0.09846646153846153
0.10889723076923077
0.08761846153846153
0.04526953846153846
-0.003755076923076923
-0.040679999999999994
-0.07948246153846153
-0.11974523076923077
-0.1543753846153846
-0.1706473846153846
-0.15667015384615385
-0.11244369230769231
-0.05298830769230769
0.006884307692307692
0.06404492307692307
0.11035753846153845
0.1597993846153846
0.1923433846153846
0.19380369230769232
0.16438892307692307
0.10618523076923077
0.052153846153846155
0.002086153846153846
-0.03859384615384615
-0.07030338461538461
-0.08740984615384616
-0.07593599999999999
-0.037967999999999995
0.025033846153846153
0.08490646153846154
0.1287156923076923
0.15291507692307693
0.16021661538461537
0.14832553846153845
0.11473846153846154
0.06926030769230769
0.009179076923076922
-0.05298830769230769
-0.09846646153846153
-0.11140061538461538
-0.10180430769230768
-0.08574092307692306
-0.05778646153846154
-0.01981846153846154
0.023990769230769232
0.05820369230769231
0.07280676923076923
0.059664
0.023364923076923075
-0.017523692307692306
-0.05507446153846154
-0.07656184615384615
-0.09512861538461538
-0.11432123076923076
-0.12975876923076923
-0.13789476923076924
-0.12308307692307692
-0.092208
-0.05444861538461539
-0.027120000000000002
-0.02023569230769231
-0.024408000000000003
-0.032544
-0.04547815384615384
-0.06446215384615385
-0.0892873846153846
-0.116616
-0.12454338461538461
-0.10493353846153847
-0.07092923076923077
-0.025659692307692307
0.018775384615384614
0.04714707692307692
0.06800861538461538
0.08636676923076922
0.09283384615384616
0.07927384615384615
0.05590892307692308
0.03671630769230769
0.03379569230769231
0.04380923076923077
0.053614153846153846
0.06467076923076923
0.06842584615384616
0.06759138461538462
0.061750153846153844
0.04401784615384615
0.017732307692307693
-0.021070153846153846
-0.058412307692307694
-0.07656184615384615
-0.07343261538461537
-0.059664
-0.043392
-0.024199384615384616
-0.003129230769230769
0.03108369230769231
0.07030338461538461
0.09679753846153846
0.10117846153846152
0.07489292307692308
0.026285538461538457
-0.02315630769230769
-0.06300184615384616
-0.10222153846153846
-0.12496061538461539
-0.13372246153846154
-0.11828492307692307
-0.06404492307692307
0.006049846153846154
0.0853236923076923
0.16313723076923078
0.22467876923076924
0.26348123076923075
0.2722430769230769
0.2503384615384615
0.200688
0.1287156923076923
0.04380923076923077
-0.034630153846153845
-0.09763200000000001
-0.14060676923076923
-0.15833907692307692
-0.15374953846153847
-0.12308307692307692
-0.06258461538461538
0.01272553846153846
0.08219446153846154
0.13455692307692307
0.1639716923076923
0.17231630769230769
0.17231630769230769
0.14832553846153845
0.10493353846153847
0.05528307692307692
-0.008761846153846153
-0.04860738461538461
-0.08031692307692308
-0.10806276923076923
-0.13622584615384614
-0.16647507692307692
-0.165432
-0.13351384615384615
-0.07218092307692307
-0.012308307692307691
0.06717415384615384
0.1397723076923077
0.22864246153846152
0.29602523076923076
0.4007501538461538
0.4977563076923077
0.3757163076923077
0.2953993846153846
0.17023015384615386
0.05194523076923077
0.003963692307692307
-0.21111876923076925
-0.35798399999999997
-0.52884
-0.5490756923076923
-0.3903193846153846
-0.3081249230769231
-0.15374953846153847
-0.10347323076923076
0.04965046153846154
0.28851507692307693
0.4262012307692308
0.5786990769230769
0.46583815384615385
0.29873723076923075
0.14999446153846155
-0.06300184615384616
-0.15249784615384615
-0.3536030769230769
-0.4948356923076923
-0.5198695384615385
-0.6037329230769231
-0.4758516923076923
-0.32648307692307693
-0.1881710769230769
0.024408000000000003
0.10138707692307691
0.2221753846153846
0.3062473846153846
0.3321156923076923
0.4115981538461538
0.35318584615384613
0.2563883076923077
0.13455692307692307
0.01814953846153846
-0.008136
-0.10868861538461538
-0.2021483076923077
-0.2799618461538461
-0.3392086153846154
-0.2540935384615385
-0.17461107692307692
-0.10681107692307691
-0.028788923076923077
0.005841230769230769
0.11828492307692307
0.2225926153846154
0.26306399999999996
0.3035353846153846
0.25659692307692306
0.21925476923076925
0.21633415384615384
0.16000799999999998
0.09450276923076922
-0.02086153846153846
-0.12162276923076921
-0.1846246153846154
-0.23135446153846154
-0.21883753846153844
-0.18983999999999998
-0.09596307692307693
0.003129230769230769
0.07364123076923076
0.19067446153846154
0.2707827692307692
0.32982092307692307
0.3617390769230769
0.31542646153846154
0.27599815384615384
0.200688
0.10994030769230768
0.046104
-0.05194523076923077
-0.100344
-0.116616
-0.12537784615384615
-0.10889723076923077
-0.10868861538461538
-0.06154153846153846
0.017732307692307693
0.092208
0.14999446153846155
0.1506203076923077
0.1639716923076923
0.1802436923076923
0.15771323076923077
0.13518276923076925
0.05736923076923077
-0.013351384615384614
-0.035464615384615386
-0.07009476923076922
-0.04735569230769231
-0.024408000000000003
-0.011473846153846154
0.03108369230769231
0.034630153846153845
0.052153846153846155
0.06905169230769231
0.05736923076923077
0.04276615384615385
0.009596307692307692
-0.004589538461538461
-0.015020307692307692
-0.031709538461538456
-0.03129230769230769
-0.03442153846153846
-0.020027076923076922
-0.00855323076923077
0.004172307692307692
0.04526953846153846
0.05298830769230769
0.058412307692307694
0.06425353846153846
0.03713353846153846
0.038176615384615385
0.042974769230769226
0.029623384615384614
0.008970461538461538
-0.037342153846153844
-0.06341907692307691
-0.05319692307692307
-0.03775938461538462
-0.01668923076923077
-0.004172307692307692
0.014185846153846153
0.06133292307692308
0.11870215384615385
0.173568
0.2059033846153846
0.21487384615384614
0.20486030769230767
0.17252492307692308
0.1368516923076923
0.08031692307692308
0.02044430769230769
-0.022530461538461537
-0.07092923076923077
-0.09491999999999999
-0.10743692307692307
-0.11056615384615384
-0.073224
-0.04318338461538461
-0.02232184615384615
0.0016689230769230767
0.016897846153846156
0.046104
0.06404492307692307
0.05528307692307692
0.02086153846153846
-0.035255999999999996
-0.07593599999999999
-0.11140061538461538
-0.15145476923076923
-0.184416
-0.22134092307692307
-0.24282830769230768
-0.25534523076923077
-0.25305046153846156
-0.21967199999999998
-0.18170399999999998
-0.11828492307692307
-0.05236246153846154
0.005841230769230769
0.08052553846153847
0.13998092307692306
0.1733593846153846
0.1710646153846154
0.1358086153846154
0.09471138461538461
0.04672984615384615
-0.009596307692307692
-0.078648
-0.15374953846153847
-0.21883753846153844
-0.25555384615384613
-0.24178523076923078
-0.20506892307692307
-0.1614683076923077
-0.10660246153846153
-0.04819015384615385
0.026076923076923077
0.09700615384615385
0.14603076923076924
0.17982646153846152
0.18107815384615383
0.15667015384615385
0.12016246153846154
0.06049846153846154
-0.013768615384615384
-0.08720123076923077
-0.15562707692307692
-0.20256553846153844
-0.21883753846153844
-0.20527753846153846
-0.1656406153846154
-0.10722830769230769
-0.026285538461538457
0.06717415384615384
0.168144
0.26118646153846153
0.32314523076923074
0.3452584615384615
0.3229366153846154
0.27599815384615384
0.2157083076923077
0.14102399999999998
0.06842584615384616
-0.012934153846153845
-0.08594953846153845
-0.12162276923076921
-0.12725538461538463
-0.09450276923076922
-0.05653476923076922
-0.030040615384615384
0.011473846153846154
0.06592246153846154
0.1316363076923077
0.17690584615384616
0.18712800000000002
0.18128676923076922
0.1476996923076923
0.11327815384615383
0.0826116923076923
0.040054153846153843
0.005215384615384615
-0.03609046153846154
-0.06905169230769231
-0.08720123076923077
-0.0988836923076923
-0.09700615384615385
-0.100344
-0.0988836923076923
-0.0771876923076923
-0.04672984615384615
-0.010639384615384617
0.02482523076923077
0.05048492307692308
0.0717636923076923
0.0826116923076923
0.09450276923076922
0.09992676923076924
0.07656184615384615
0.03150092307692308
-0.022530461538461537
-0.06487938461538462
-0.10222153846153846
-0.14477907692307693
-0.18232984615384615
-0.20965846153846154
-0.21174461538461536
-0.1792006153846154
-0.12850707692307692
-0.06988615384615385
-0.02273907692307692
0.018775384615384614
0.06404492307692307
0.09471138461538461
0.11619876923076923
0.10263876923076923
0.05757784615384615
0.014185846153846153
-0.03275261538461539
-0.05757784615384615
-0.06967753846153846
-0.08386338461538462
-0.09095630769230768
-0.10013538461538461
-0.08887015384615385
-0.07238953846153846
-0.05862092307692307
-0.042974769230769226
-0.03671630769230769
-0.027328615384615382
-0.015228923076923076
0.003963692307692307
0.026494153846153844
0.03838523076923077
0.034630153846153845
0.028163076923076923
0.021904615384615383
0.004798153846153846
-0.021904615384615383
-0.05611753846153846
-0.07739630769230768
-0.08511507692307693
-0.08094276923076923
-0.05674338461538461
-0.035255999999999996
-0.007927384615384614
0.021904615384615383
0.04422646153846154
0.07238953846153846
0.08636676923076922
0.086784
0.07906523076923076
0.06446215384615385
0.06279323076923077
0.062376
0.0448523076923077
0.03212676923076923
0.025033846153846153
0.02586830769230769
0.03650769230769231
0.04088861538461538
0.043600615384615383
0.032544
0.015646153846153844
0.006049846153846154
-0.0014603076923076922
-0.015228923076923076
-0.04193169230769231
-0.06529661538461538
-0.07426707692307692
-0.06195876923076923
-0.026285538461538457
0.01981846153846154
0.07134646153846153
0.12204
0.16251138461538459
0.1867107692307692
0.1842073846153846
0.1506203076923077
0.09179076923076923
0.013351384615384614
-0.06467076923076923
-0.12662953846153846
-0.16793538461538463
-0.18525046153846153
-0.1792006153846154
-0.13998092307692306
-0.06425353846153846
0.04380923076923077
0.1476996923076923
0.24470584615384613
0.328152
0.37050092307692306
0.3798886153846154
0.33983446153846153
0.260352
0.14832553846153845
0.00855323076923077
-0.10889723076923077
-0.19067446153846154
-0.22572184615384616
-0.21716861538461538
-0.17565415384615385
-0.08490646153846154
0.027120000000000002
0.14164984615384615
0.2330233846153846
0.28246523076923075
0.2897667692307692
0.2509643076923077
0.1842073846153846
0.09199938461538461
-0.015228923076923076
-0.11974523076923077
-0.21237046153846154
-0.2707827692307692
-0.2862203076923077
-0.27850153846153847
-0.23969907692307693
-0.17315076923076922
-0.09429415384615383
-0.008344615384615384
0.06195876923076923
0.1218313846153846
0.15875630769230767
0.16188553846153847
0.1504116923076923
0.12829846153846153
0.09992676923076924
0.06654830769230768
0.037967999999999995
0.012099692307692308
-0.0006258461538461538
0.005841230769230769
0.016272
0.024408000000000003
0.026285538461538457
0.026702769230769228
0.02586830769230769
0.02753723076923077
0.028788923076923077
0.027745846153846152
0.028371692307692306
0.040054153846153843
0.07218092307692307
0.10910584615384614
0.13810338461538463
0.15938215384615384
0.15938215384615384
0.13351384615384615
0.09679753846153846
0.05486584615384615
0.003129230769230769
-0.05403138461538461
-0.10827138461538462
-0.15145476923076923
-0.16647507692307692
-0.15875630769230767
-0.12955015384615384
-0.07593599999999999
-0.013768615384615384
0.04672984615384615
0.10368184615384615
0.1397723076923077
0.14436184615384615
0.12329169230769231
0.08344615384615384
0.03629907692307692
-0.012099692307692308
-0.054657230769230764
-0.08907876923076924
-0.10535076923076922
-0.10368184615384615
-0.08177723076923075
-0.046104
-0.010222153846153844
0.027328615384615382
0.046104
0.046104
0.031918153846153846
-0.001043076923076923
-0.049233230769230765
-0.10180430769230768
-0.13038461538461538
-0.12788123076923075
-0.09199938461538461
-0.03921969230769231
0.018358153846153843
0.08177723076923075
0.13372246153846154
0.1775316923076923
0.1942209230769231
0.16271999999999998
0.09846646153846153
0.009804923076923077
-0.07697907692307693
-0.157296
-0.23052
-0.3062473846153846
-0.36445107692307693
-0.39866399999999996
-0.4216116923076923
-0.3212676923076923
-0.1612596923076923
0.05653476923076922
0.3252313846153846
0.5601323076923077
0.8077587692307693
0.983412923076923
1.0580972307692307
1.0263876923076922
0.8373821538461538
0.5204953846153846
0.1800350769230769
-0.15771323076923077
-0.4391353846153846
-0.647124923076923
-0.8125569230769231
-0.8473956923076923
-0.761028923076923
-0.547824
-0.2701569230769231
-0.0006258461538461538
0.2426196923076923
0.40992923076923077
0.5492843076923076
0.5699372307692308
0.5010941538461539
0.3508910769230769
0.065088
-0.16063384615384615
-0.3485963076923077
-0.4577021538461538
-0.4378836923076923
-0.39678646153846153
-0.2774584615384615
-0.14331876923076922
-0.051319384615384614
0.05716061538461538
0.09053907692307692
0.06300184615384616
0.025033846153846153
-0.03671630769230769
-0.03108369230769231
0.024616615384615383
0.12808984615384614
0.2369870769230769
0.2832996923076923
0.2906012307692308
0.21716861538461538
0.09450276923076922
-0.06008123076923077
-0.2497126153846154
-0.40450523076923073
-0.5382276923076923
-0.615624
-0.6028984615384615
-0.5599236923076922
-0.45978830769230766
-0.31646953846153847
-0.1504116923076923
0.05945538461538461
0.27140861538461536
0.46583815384615385
0.6256375384615384
0.6944806153846154
0.649211076923077
0.5000510769230769
0.25054707692307693
-0.06383630769230769
-0.37655076923076924
-0.6200049230769231
-0.7629064615384615
-0.7768836923076924
-0.6475421538461539
-0.40659138461538463
-0.08991323076923076
0.22718215384615387
0.5086043076923077
0.7280676923076923
0.8175636923076922
0.8002486153846153
0.6811292307692307
0.4823187692307692
0.26118646153846153
0.023364923076923075
-0.18379015384615385
-0.3387913846153846
-0.4314166153846154
-0.4539470769230769
-0.42348923076923073
-0.3291950769230769
-0.19046584615384615
-0.02586830769230769
0.1435273846153846
0.26932246153846157
0.35568923076923076
0.3838523076923077
0.35276861538461535
0.3035353846153846
0.2127876923076923
0.10013538461538461
-0.006675692307692307
-0.10910584615384614
-0.157296
-0.15813046153846153
-0.1489513846153846
-0.12788123076923075
-0.12245723076923076
-0.12767261538461538
-0.12704676923076924
-0.1397723076923077
-0.14978584615384616
-0.143736
-0.12642092307692307
-0.08782707692307692
-0.031709538461538456
0.027328615384615382
0.07343261538461537
0.10409907692307692
0.11953661538461538
0.09512861538461538
0.04130584615384615
-0.03838523076923077
-0.13601723076923075
-0.2207150769230769
-0.2993630769230769
-0.33983446153846153
-0.33941723076923075
-0.317304
-0.2492953846153846
-0.1504116923076923
-0.027745846153846152
0.11223507692307692
0.2453316923076923
0.36549415384615386
0.44226461538461537
0.4750172307692308
0.45060923076923076
0.3623649230769231
0.23135446153846154
0.05069353846153846
-0.12245723076923076
-0.2620209230769231
-0.34963938461538463
-0.36215630769230767
-0.3379569230769231
-0.2588916923076923
-0.12725538461538463
0.02482523076923077
0.19192615384615386
0.3243969230769231
0.38719015384615385
0.3909452307692307
0.33983446153846153
0.2655673846153846
0.17273353846153844
0.0609156923076923
-0.042974769230769226
-0.12245723076923076
-0.13205353846153844
-0.09596307692307693
-0.031918153846153846
0.045060923076923075
0.10368184615384615
0.15813046153846153
0.1908830769230769
0.2008966153846154
0.18191261538461537
0.11640738461538462
0.019609846153846155
-0.06446215384615385
-0.11202646153846153
-0.11202646153846153
-0.08052553846153847
-0.035464615384615386
0.03942830769230769
0.12725538461538463
0.23093723076923076
0.3291950769230769
0.3813489230769231
0.3713353846153846
0.28788923076923073
0.16480615384615382
0.031918153846153846
-0.10076123076923077
-0.22801661538461537
-0.34171199999999996
-0.4128498461538462
-0.41034646153846155
-0.3279433846153846
-0.19046584615384615
-0.05069353846153846
0.06633969230769231
0.15813046153846153
0.21111876923076925
0.22843384615384613
0.1992276923076923
0.11599015384615384
0.003129230769230769
-0.11452984615384615
-0.200688
-0.2411593846153846
-0.24011630769230768
-0.2073636923076923
-0.15124615384615384
-0.06362769230769232
0.0448523076923077
0.15416676923076922
0.24074215384615386
0.2753723076923077
0.25805723076923076
0.20193969230769232
0.11995384615384615
0.03942830769230769
-0.04944184615384615
-0.13455692307692307
-0.19171753846153847
-0.20798953846153845
-0.16063384615384615
-0.08469784615384615
-0.007510153846153846
0.065088
0.11953661538461538
0.15792184615384616
0.1802436923076923
0.17982646153846152
0.14790830769230767
0.07802215384615384
-0.0035464615384615383
-0.06884307692307692
-0.10868861538461538
-0.11619876923076923
-0.10597661538461538
-0.07697907692307693
-0.023364923076923075
0.04526953846153846
0.1207883076923077
0.1779489230769231
0.20632061538461538
0.20694646153846152
0.17398523076923075
0.1287156923076923
0.07134646153846153
0.011891076923076923
-0.042974769230769226
-0.09241661538461539
-0.11244369230769231
-0.11140061538461538
-0.08782707692307692
-0.056951999999999996
-0.03421292307692308
-0.009804923076923077
-0.004589538461538461
-0.010639384615384617
-0.028163076923076923
-0.0678
-0.09199938461538461
-0.09679753846153846
-0.08240307692307691
-0.04944184615384615
-0.02357353846153846
0.003129230769230769
0.02273907692307692
0.03859384615384615
0.05757784615384615
0.05507446153846154
0.03379569230769231
-0.003963692307692307
-0.043392
-0.06988615384615385
-0.08323753846153846
-0.08052553846153847
-0.06529661538461538
-0.03880246153846154
0.007510153846153846
0.07092923076923077
0.12725538461538463
0.17231630769230769
0.19964492307692308
0.20298276923076922
0.184416
0.14081538461538462
0.07948246153846153
0.006675692307692307
-0.06571384615384615
-0.11974523076923077
-0.14665661538461539
-0.14436184615384615
-0.12308307692307692
-0.086784
-0.03755076923076923
0.011056615384615385
0.055491692307692304
0.08094276923076923
0.08615815384615384
0.07489292307692308
0.04631261538461538
0.02211323076923077
0.0008344615384615384
-0.02044430769230769
-0.03859384615384615
-0.049233230769230765
-0.03588184615384615
-0.0070929230769230765
0.029414769230769227
0.061750153846153844
0.07364123076923076
0.0678
0.047772923076923074
0.017732307692307693
-0.021696
-0.06467076923076923
-0.0974233846153846
-0.10868861538461538
-0.09763200000000001
-0.06258461538461538
-0.009596307692307692
0.050067692307692306
0.10493353846153847
0.14081538461538462
0.15562707692307692
0.14060676923076923
0.09158215384615384
0.013142769230769229
-0.08907876923076924
-0.18775384615384613
-0.2703655384615385
-0.3235624615384615
-0.3448412307692308
-0.33357600000000004
-0.27453784615384613
-0.17628
-0.03859384615384615
0.11098338461538461
0.2357353846153846
0.3285692307692308
0.36632861538461536
0.3467187692307692
0.2855944615384615
0.1829556923076923
0.06279323076923077
-0.06154153846153846
-0.1652233846153846
-0.22488738461538463
-0.2374043076923077
-0.19568123076923075
-0.11265230769230769
-0.002086153846153846
0.12537784615384615
0.25367630769230765
0.35005661538461535
0.40513107692307687
0.41013784615384613
0.3615304615384615
0.2720344615384615
0.14916
0.014811692307692307
-0.11828492307692307
-0.23344061538461539
-0.3114627692307692
-0.34963938461538463
-0.3421292307692308
-0.2899753846153846
-0.20965846153846154
-0.10555938461538462
0.003755076923076923
0.1045163076923077
0.1846246153846154
0.23406646153846156
0.25430215384615384
0.23052
0.1794092307692308
0.10868861538461538
0.02545107692307692
-0.05570030769230769
-0.1314276923076923
-0.18253846153846154
-0.19755876923076923
-0.18754523076923074
-0.16271999999999998
-0.12600369230769232
-0.0961716923076923
-0.07051199999999999
-0.04401784615384615
-0.015228923076923076
0.006467076923076923
0.015646153846153844
0.025659692307692307
0.03567323076923076
0.04652123076923077
0.04672984615384615
0.03066646153846154
-0.0002086153846153846
-0.0446436923076923
-0.09304246153846155
-0.13852061538461538
-0.18066092307692305
-0.21842030769230766
-0.24095076923076922
-0.23490092307692306
-0.1923433846153846
-0.12579507692307693
-0.03942830769230769
0.06487938461538462
0.16105107692307694
0.2540935384615385
0.33524492307692305
0.3727956923076923
0.3746732307692308
0.31646953846153847
0.21237046153846154
0.0988836923076923
-0.01940123076923077
-0.11870215384615385
-0.20110523076923076
-0.2453316923076923
-0.23677846153846152
-0.1792006153846154
-0.08010830769230769
0.02899753846153846
0.13247076923076923
0.214248
0.2588916923076923
0.2782929230769231
0.26160369230769226
0.20193969230769232
0.1218313846153846
0.020652923076923076
-0.06592246153846154
-0.12204
-0.14853415384615384
-0.14311015384615386
-0.1207883076923077
-0.07364123076923076
-0.0077187692307692304
0.07531015384615385
0.15520984615384617
0.2056947692307692
0.22008923076923076
0.20444307692307692
0.1779489230769231
0.14477907692307693
0.10117846153846152
0.03859384615384615
-0.01981846153846154
-0.05403138461538461
-0.07572738461538461
-0.07697907692307693
-0.055491692307692304
-0.032544
-0.0077187692307692304
0.012099692307692308
0.029832
0.03421292307692308
0.004172307692307692
-0.033169846153846154
-0.07468430769230769
-0.1151556923076923
-0.15249784615384615
-0.18629353846153843
-0.22864246153846152
-0.25972615384615383
-0.23072861538461537
-0.16480615384615382
-0.04214030769230769
0.10889723076923077
0.2225926153846154
0.3202246153846154
0.38990215384615384
0.4280787692307692
0.40575692307692307
0.3342018461538461
0.22572184615384616
0.03066646153846154
-0.119328
-0.24095076923076922
-0.3485963076923077
-0.39699507692307695
-0.46354338461538463
-0.42891323076923077
-0.32669169230769235
-0.15520984615384617
0.08094276923076923
0.2453316923076923
0.40554830769230765
0.47647753846153845
0.4896203076923077
0.4850307692307692
0.35860984615384617
0.1992276923076923
-0.021070153846153846
-0.2292683076923077
-0.34171199999999996
-0.40700861538461536
-0.36257353846153845
-0.2858030769230769
-0.18775384615384613
-0.04172307692307692
0.06717415384615384
0.17628
0.23761292307692305
0.22947692307692308
0.22134092307692307
0.18399876923076922
0.16647507692307692
0.1652233846153846
0.14123261538461537
0.13080184615384613
0.0961716923076923
0.05298830769230769
0.026702769230769228
-0.01272553846153846
-0.05674338461538461
-0.10889723076923077
-0.15228923076923076
-0.16188553846153847
-0.1504116923076923
-0.11870215384615385
-0.07677046153846154
-0.03233538461538461
0.03150092307692308
0.10785415384615385
0.1942209230769231
0.2751636923076923
0.31500923076923076
0.31542646153846154
0.2628553846153846
0.16334584615384617
0.04401784615384615
-0.11244369230769231
-0.2680707692307692
-0.3882332307692308
-0.44998338461538456
-0.42182030769230766
-0.33065538461538463
-0.18525046153846153
-0.006675692307692307
0.19150892307692308
0.37655076923076924
0.5027630769230769
0.5655563076923077
0.5248763076923078
0.4078430769230769
0.25200738461538463
0.06404492307692307
-0.11599015384615384
-0.2680707692307692
-0.36445107692307693
-0.3890676923076923
-0.35193415384615384
-0.24324553846153843
-0.09012184615384615
0.06446215384615385
0.2238443076923077
0.35318584615384613
0.4303735384615384
0.4478972307692307
0.3780110769230769
0.235944
0.04819015384615385
-0.13747753846153846
-0.292896
-0.4118067692307692
-0.47272246153846154
-0.47418276923076924
-0.4047138461538461
-0.2628553846153846
-0.08574092307692306
0.09867507692307692
0.24282830769230768
0.3285692307692308
0.3767593846153846
0.3659113846153846
0.31104553846153843
0.2290596923076923
0.11098338461538461
-0.012099692307692308
-0.12204
-0.19651569230769228
-0.23177169230769232
-0.2480436923076923
-0.23803015384615384
-0.21153599999999997
-0.15500123076923078
-0.07739630769230768
-0.004798153846153846
0.06654830769230768
0.11098338461538461
0.1353913846153846
0.15667015384615385
0.16167692307692308
0.1597993846153846
0.132888
0.07739630769230768
0.01981846153846154
-0.030040615384615384
-0.06279323076923077
-0.0853236923076923
-0.10848000000000001
-0.13247076923076923
-0.14686523076923075
-0.14415323076923076
-0.12433476923076923
-0.09971815384615385
-0.06133292307692308
-0.008761846153846153
0.04652123076923077
0.10576799999999999
0.14164984615384615
0.15604430769230768
0.14477907692307693
0.11849353846153846
0.08574092307692306
0.03233538461538461
-0.027745846153846152
-0.09825784615384614
-0.15792184615384616
-0.1867107692307692
-0.18066092307692305
-0.14603076923076924
-0.0974233846153846
-0.04380923076923077
0.010013538461538461
0.06049846153846154
0.10159569230769232
0.12099692307692309
0.10597661538461538
0.06300184615384616
-0.0025033846153846152
-0.07092923076923077
-0.13038461538461538
-0.18149538461538461
-0.2090326153846154
-0.21654276923076923
-0.19442953846153843
-0.13476553846153844
-0.062376
0.017523692307692306
0.08991323076923076
0.15208061538461537
0.21237046153846154
0.2574313846153846
0.2670276923076923
0.23385784615384617
0.17315076923076922
0.08949599999999999
-0.0070929230769230765
-0.10096984615384616
-0.17732307692307692
-0.23218892307692307
-0.25138153846153843
-0.22634769230769228
-0.1639716923076923
-0.08094276923076923
0.0016689230769230767
0.07739630769230768
0.1287156923076923
0.16042523076923076
0.16710092307692306
0.13664307692307692
0.07906523076923076
-0.0014603076923076922
-0.086784
-0.15792184615384616
-0.20548615384615385
-0.22008923076923076
-0.2021483076923077
-0.16188553846153847
-0.09679753846153846
-0.013560000000000001
0.07510153846153846
0.15208061538461537
0.20131384615384615
0.22300984615384614
0.2140393846153846
0.1800350769230769
0.13372246153846154
0.07051199999999999
-0.0035464615384615383
-0.06279323076923077
-0.09033046153846153
-0.08010830769230769
-0.04756430769230769
-0.003129230769230769
0.0446436923076923
0.10076123076923077
0.1585476923076923
0.19150892307692308
0.200688
0.1800350769230769
0.13747753846153846
0.0988836923076923
0.06571384615384615
0.03838523076923077
0.012099692307692308
-0.014185846153846153
-0.029623384615384614
-0.03400430769230769
-0.03483876923076923
-0.03483876923076923
-0.04214030769230769
-0.05924676923076923
-0.07739630769230768
-0.09408553846153846
-0.09596307692307693
-0.09554584615384615
-0.08907876923076924
-0.06967753846153846
-0.037342153846153844
0.015228923076923076
0.06383630769230769
0.10806276923076923
0.13706030769230768
0.1449876923076923
0.14081538461538462
0.11724184615384614
0.0771876923076923
0.015854769230769228
-0.06028984615384615
-0.12975876923076923
-0.1794092307692308
-0.1990190769230769
-0.19714153846153845
-0.18545907692307692
-0.14999446153846155
-0.0934596923076923
-0.022947692307692308
0.056326153846153845
0.11578153846153846
0.1543753846153846
0.1612596923076923
0.14665661538461539
0.11703323076923078
0.06738276923076922
0.009804923076923077
-0.06571384615384615
-0.11891076923076922
-0.1356
-0.1205796923076923
-0.07405846153846153
-0.017940923076923077
0.03880246153846154
0.09241661538461539
0.1462393846153846
0.18754523076923074
0.20965846153846154
0.20486030769230767
0.17502830769230768
0.14540492307692307
0.1178676923076923
0.09825784615384614
0.07760492307692309
0.05507446153846154
0.03921969230769231
0.02232184615384615
0.019609846153846155
0.017940923076923077
0.011891076923076923
0.0002086153846153846
-0.015020307692307692
-0.010013538461538461
-0.0008344615384615384
0.006258461538461538
0.019609846153846155
0.026702769230769228
0.03775938461538462
0.05590892307692308
0.07635323076923077
0.0988836923076923
0.10201292307692307
0.09512861538461538
0.07781353846153846
0.05590892307692308
0.04109723076923077
0.010013538461538461
-0.025659692307692307
-0.06383630769230769
-0.09262523076923077
-0.09846646153846153
-0.092208
-0.073224
-0.05048492307692308
-0.017940923076923077
0.026285538461538457
0.07092923076923077
0.10868861538461538
0.13372246153846154
0.13768615384615385
0.13226215384615383
0.12433476923076923
0.10076123076923077
0.07364123076923076
0.03775938461538462
-0.011891076923076923
-0.06383630769230769
-0.11348676923076922
-0.15249784615384615
-0.1846246153846154
-0.20506892307692307
-0.19526400000000002
-0.16334584615384617
-0.10660246153846153
-0.026076923076923077
0.054657230769230764
0.13226215384615383
0.18983999999999998
0.225096
0.2355267692307692
0.21716861538461538
0.1775316923076923
0.10952307692307692
0.027328615384615382
-0.053405538461538456
-0.1287156923076923
-0.1881710769230769
-0.2292683076923077
-0.2411593846153846
-0.21466523076923077
-0.15541846153846153
-0.06258461538461538
0.04088861538461538
0.13852061538461538
0.21696000000000001
0.27140861538461536
0.3016578461538461
0.28955815384615385
0.2342750769230769
0.13914646153846155
0.021696
-0.09784061538461537
-0.20152246153846154
-0.2782929230769231
-0.31772123076923076
-0.3148006153846154
-0.27850153846153847
-0.20486030769230767
-0.1070196923076923
-0.004798153846153846
0.09074769230769231
0.15938215384615384
0.20047938461538461
0.19881046153846152
0.16042523076923076
0.10764553846153846
0.041514461538461535
-0.017523692307692306
-0.05820369230769231
-0.07969107692307692
-0.08845292307692308
-0.08761846153846153
-0.08073415384615384
-0.07051199999999999
-0.04735569230769231
-0.023364923076923075
-0.0014603076923076922
0.025033846153846153
0.04631261538461538
0.06529661538461538
0.07426707692307692
0.06946892307692307
0.06341907692307691
0.04819015384615385
0.03421292307692308
0.026285538461538457
0.015020307692307692
0.011473846153846154
0.012308307692307691
0.007927384615384614
0.003755076923076923
-0.002086153846153846
-0.014185846153846153
-0.032544
-0.05716061538461538
-0.07510153846153846
-0.07969107692307692
-0.06842584615384616
-0.03421292307692308
0.0077187692307692304
0.06216738461538462
0.12037107692307693
0.16084246153846155
0.19672430769230767
0.2056947692307692
0.18921415384615384
0.16584923076923075
0.13455692307692307
0.10994030769230768
0.08240307692307691
0.049233230769230765
0.022530461538461537
-0.0012516923076923076
-0.005841230769230769
-0.0002086153846153846
0.0012516923076923076
-0.0035464615384615383
-0.023990769230769232
-0.042348923076923076
-0.056951999999999996
-0.06195876923076923
-0.05757784615384615
-0.050067692307692306
-0.03379569230769231
-0.006675692307692307
0.029206153846153847
0.06967753846153846
0.10159569230769232
0.11724184615384614
0.111192
0.08907876923076924
0.06946892307692307
0.04214030769230769
0.010639384615384617
-0.030040615384615384
-0.07280676923076923
-0.13038461538461538
-0.1783661538461538
-0.2075723076923077
-0.22947692307692308
-0.24011630769230768
-0.23907323076923076
-0.19004861538461537
-0.1045163076923077
0.042348923076923076
0.21654276923076923
0.45040061538461534
0.5860006153846153
0.6400319999999999
0.7291107692307691
0.6723673846153846
0.6066535384615385
0.3972036923076923
0.08824430769230769
-0.22572184615384616
-0.5960141538461537
-0.8048381538461538
-1.0023969230769232
-1.097316923076923
-1.067484923076923
-0.9425243076923077
-0.5910073846153846
-0.20444307692307692
0.2620209230769231
0.6821723076923076
0.9494086153846153
1.1544775384615384
1.1511396923076922
1.016374153846154
0.7286935384615385
0.2722430769230769
-0.1543753846153846
-0.6168756923076922
-0.9923833846153847
-1.1530172307692306
-1.2118467692307693
-1.0482923076923076
-0.762072
-0.4141015384615384
0.024199384615384616
0.417648
0.7975366153846153
1.0583058461538462
1.1573981538461537
1.1346590769230769
0.9479483076923076
0.6926030769230769
0.3686233846153846
-0.014185846153846153
-0.36403384615384615
-0.6944806153846154
-0.9106061538461538
-0.9950953846153846
-0.988211076923077
-0.8390510769230769
-0.6256375384615384
-0.35923569230769226
-0.05570030769230769
0.20861538461538462
0.4587452307692308
0.6588073846153846
0.7739630769230769
0.8384252307692308
0.8040036923076923
0.6830067692307692
0.5002596923076923
0.24866953846153847
-0.030875076923076922
-0.3275261538461538
-0.5926763076923077
-0.7996227692307692
-0.9116492307692308
-0.9064338461538461
-0.8161033846153846
-0.6028984615384615
-0.2872633846153846
0.08115138461538463
0.4892030769230769
0.8344615384615385
1.0737433846153845
1.1845181538461538
1.1269403076923077
0.9569187692307691
0.654217846153846
0.2588916923076923
-0.15562707692307692
-0.5672252307692307
-0.8882843076923077
-1.0987772307692307
-1.1672030769230768
-1.0662332307692308
-0.8421803076923077
-0.5146541538461539
-0.12662953846153846
0.2966510769230769
0.7072061538461538
0.9948867692307691
1.1526
1.1557292307692306
0.9880024615384615
0.7282763076923077
0.3775938461538461
-0.013351384615384614
-0.37655076923076924
-0.6965667692307692
-0.8891187692307693
-0.9579618461538462
-0.9095630769230768
-0.7293193846153846
-0.48044123076923073
-0.17377661538461536
0.14457046153846154
0.4193169230769231
0.6279323076923077
0.725772923076923
0.7341175384615384
0.6579729230769231
0.5121507692307692
0.33357600000000004
0.1070196923076923
-0.11327815384615383
-0.31041969230769234
-0.4683415384615384
-0.5359329230769231
-0.5634701538461538
-0.5401052307692308
-0.45791076923076923
-0.3385827692307692
-0.1794092307692308
-0.0077187692307692304
0.15813046153846153
0.3049956923076923
0.41535323076923075
0.48294461538461536
0.512568
0.4887858461538461
0.42015138461538465
0.3127144615384615
0.1794092307692308
0.05298830769230769
-0.07134646153846153
-0.18921415384615384
-0.29581661538461534
-0.36966646153846155
-0.4007501538461538
-0.39678646153846153
-0.3344104615384615
-0.23677846153846152
-0.13226215384615383
-0.010848
0.13059323076923077
0.2782929230769231
0.40638276923076927
0.4714707692307692
0.46250030769230766
0.3913624615384615
0.2651501538461538
0.11745046153846153
-0.04985907692307692
-0.21862892307692305
-0.37321292307692305
-0.48857723076923076
-0.5223729230769231
-0.48941169230769227
-0.39407446153846154
-0.2655673846153846
-0.11640738461538462
0.05090215384615384
0.20298276923076922
0.33587076923076925
0.4205686153846153
0.4485230769230769
0.42640984615384614
0.3548547692307692
0.2774584615384615
0.1923433846153846
0.09804923076923076
0.003755076923076923
-0.08302892307692307
-0.12266584615384615
-0.12537784615384615
-0.10514215384615383
-0.07593599999999999
-0.05653476923076922
-0.042348923076923076
-0.03421292307692308
-0.013351384615384614
0.013351384615384614
0.02753723076923077
0.03337846153846154
0.03650769230769231
0.054657230769230764
0.07948246153846153
0.09554584615384615
0.09971815384615385
0.08761846153846153
0.05736923076923077
0.01668923076923077
-0.03108369230769231
-0.09596307692307693
-0.16876984615384616
-0.24011630769230768
-0.2953993846153846
-0.3102110769230769
-0.2818393846153846
-0.21132738461538458
-0.10743692307692307
0.018983999999999997
0.16313723076923078
0.2970683076923077
0.3957433846153846
0.4389267692307692
0.4082603076923077
0.31688676923076925
0.1783661538461538
0.018358153846153843
-0.14206707692307693
-0.28663753846153844
-0.38948492307692306
-0.43663199999999996
-0.41723076923076924
-0.32543999999999995
-0.17982646153846152
-0.008761846153846153
0.1656406153846154
0.3141747692307692
0.4214030769230769
0.47063630769230763
0.45269538461538456
0.3711267692307692
0.2342750769230769
0.07551876923076924
-0.08073415384615384
-0.21445661538461538
-0.3095852307692307
-0.34963938461538463
-0.3277347692307692
-0.25764
-0.15750461538461538
-0.04088861538461538
0.07426707692307692
0.16480615384615382
0.22551323076923077
0.24992123076923078
0.23761292307692305
0.18963138461538462
0.119328
0.05277969230769231
-0.004172307692307692
-0.04860738461538461
-0.07405846153846153
-0.09262523076923077
-0.10493353846153847
-0.11223507692307692
-0.12245723076923076
-0.12516923076923075
-0.13393107692307693
-0.14394461538461537
-0.14394461538461537
-0.1368516923076923
-0.11265230769230769
-0.07426707692307692
-0.020652923076923076
0.03629907692307692
0.08615815384615384
0.12767261538461538
0.15187199999999998
0.15604430769230768
0.13518276923076925
0.08615815384615384
0.008344615384615384
-0.06884307692307692
-0.13330523076923076
-0.18963138461538462
-0.21696000000000001
-0.214248
-0.17544553846153846
-0.09304246153846155
0.00855323076923077
0.11181784615384616
0.20298276923076922
0.26076923076923075
0.2899753846153846
0.28163076923076924
0.222384
0.132888
0.02086153846153846
-0.09074769230769231
-0.17648861538461538
-0.22488738461538463
-0.23093723076923076
-0.2008966153846154
-0.13852061538461538
-0.053614153846153846
0.03901107692307692
0.12496061538461539
0.19442953846153843
0.2288510769230769
0.2292683076923077
0.20006215384615383
0.1489513846153846
0.08177723076923075
0.0029206153846153843
-0.06446215384615385
-0.12204
-0.14811692307692306
-0.13476553846153844
-0.10180430769230768
-0.05486584615384615
-0.0025033846153846152
0.04839876923076923
0.09846646153846153
0.14749107692307692
0.1883796923076923
0.20486030769230767
0.1913003076923077
0.16313723076923078
0.11995384615384615
0.06487938461538462
0.006675692307692307
-0.04756430769230769
-0.08490646153846154
-0.10055261538461538
-0.0826116923076923
-0.047772923076923074
-0.005424
0.042557538461538466
0.08574092307692306
0.13622584615384614
0.17398523076923075
0.19588984615384614
0.20173107692307693
0.17419384615384614
0.13393107692307693
0.073224
0.007510153846153846
-0.04401784615384615
-0.09679753846153846
-0.12725538461538463
-0.12558646153846154
-0.09387692307692307
-0.032544
0.03775938461538462
0.11098338461538461
0.17648861538461538
0.22843384615384613
0.2757895384615385
0.2924787692307692
0.26786215384615386
0.2090326153846154
0.12642092307692307
0.04631261538461538
-0.03296123076923077
-0.09930092307692308
-0.14540492307692307
-0.1800350769230769
-0.19067446153846154
-0.17502830769230768
-0.13226215384615383
-0.084072
-0.04944184615384615
-0.008136
0.03108369230769231
0.06529661538461538
0.0936683076923077
0.0974233846153846
0.09700615384615385
0.08636676923076922
0.06654830769230768
0.05611753846153846
0.03650769230769231
0.017315076923076923
-0.016897846153846156
-0.059664
-0.08761846153846153
-0.11640738461538462
-0.12913292307692306
-0.1353913846153846
-0.130176
-0.09658892307692307
-0.05611753846153846
-0.006049846153846154
0.03379569230769231
0.05403138461538461
0.06696553846153847
0.06341907692307691
0.06195876923076923
0.05382276923076923
0.014603076923076923
-0.03650769230769231
-0.0853236923076923
-0.11599015384615384
-0.14206707692307693
-0.1792006153846154
-0.2008966153846154
-0.20694646153846152
-0.19755876923076923
-0.1666836923076923
-0.1151556923076923
-0.05570030769230769
-0.007927384615384614
0.028371692307692306
0.05611753846153846
0.06863446153846153
0.058829538461538454
0.025033846153846153
-0.017315076923076923
-0.04568676923076923
-0.05820369230769231
-0.05528307692307692
-0.04672984615384615
-0.03442153846153846
-0.021278769230769233
-0.009179076923076922
0.013142769230769229
0.024616615384615383
0.021278769230769233
0.006467076923076923
-0.017940923076923077
-0.02232184615384615
-0.003129230769230769
0.03296123076923077
0.07489292307692308
0.11411261538461538
0.15208061538461537
0.1858763076923077
0.21341353846153846
0.21091015384615383
0.1704387692307692
0.09512861538461538
0.005841230769230769
-0.07113784615384615
-0.13455692307692307
-0.17711446153846155
-0.20152246153846154
-0.19046584615384615
-0.13768615384615385
-0.04819015384615385
0.06425353846153846
0.17231630769230769
0.26786215384615386
0.33482769230769227
0.37717661538461533
0.3890676923076923
0.3540203076923077
0.2716172307692308
0.15646153846153846
0.029623384615384614
-0.08198584615384615
-0.16647507692307692
-0.22300984615384614
-0.2415766153846154
-0.21654276923076923
-0.14457046153846154
-0.05444861538461539
0.06216738461538462
0.1424843076923077
0.1802436923076923
0.21716861538461538
0.22154953846153846
0.22029784615384615
0.17315076923076922
0.09179076923076923
0.005215384615384615
-0.06195876923076923
-0.09658892307692307
0.0043809230769230765
0.04526953846153846
-0.07134646153846153
-0.06800861538461538
-0.13038461538461538
-0.06258461538461538
0.019609846153846155
-0.11557292307692307
-0.1800350769230769
-0.3131316923076923
-0.23969907692307693
-0.084072
-0.021278769230769233
0.06800861538461538
0.011682461538461537
0.14144123076923076
0.2883064615384615
0.3805144615384615
0.4276615384615384
0.1846246153846154
0.02545107692307692
-0.13330523076923076
-0.2699483076923077
-0.2588916923076923
-0.40012430769230767
-0.41535323076923075
-0.3746732307692308
-0.3744646153846154
-0.13184492307692308
0.026494153846153844
0.19150892307692308
0.3648683076923077
0.3294036923076923
0.3692492307692308
0.3321156923076923
0.2720344615384615
0.24700061538461537
0.053614153846153846
-0.11891076923076922
-0.2818393846153846
-0.3542289230769231
-0.29498215384615384
-0.3095852307692307
-0.2916443076923077
-0.2620209230769231
-0.17669723076923077
0.05757784615384615
0.19818461538461538
0.2837169230769231
0.30666461538461537
0.2357353846153846
0.25951753846153847
0.22572184615384616
0.14164984615384615
0.073224
-0.07843938461538462
-0.12600369230769232
-0.11327815384615383
-0.12558646153846154
-0.11286092307692308
-0.16251138461538459
-0.18483323076923078
-0.17377661538461536
-0.15270646153846154
-0.09763200000000001
-0.06070707692307692
0.008970461538461538
0.05236246153846154
0.09137353846153846
0.1858763076923077
0.21821169230769227
0.2588916923076923
0.26452430769230767
0.19359507692307693
0.16710092307692306
0.0853236923076923
0.004798153846153846
-0.07614461538461538
-0.20110523076923076
-0.23239753846153846
-0.23761292307692305
-0.19526400000000002
-0.11891076923076922
-0.073224
0.03275261538461539
0.15479261538461536
0.265776
0.3285692307692308
0.3047870769230769
0.2868461538461538
0.2330233846153846
0.14519630769230768
0.05716061538461538
-0.09429415384615383
-0.18963138461538462
-0.22780799999999998
-0.2624381538461539
-0.20632061538461538
-0.15291507692307693
-0.084072
0.02586830769230769
0.07948246153846153
0.16084246153846155
0.2355267692307692
0.26452430769230767
0.2695310769230769
0.2056947692307692
0.13184492307692308
0.05277969230769231
-0.013142769230769229
-0.04380923076923077
-0.08699261538461538
-0.10013538461538461
-0.10994030769230768
-0.0961716923076923
-0.016063384615384615
0.042557538461538466
0.1097316923076923
0.15333230769230768
0.15625292307692307
0.20193969230769232
0.21862892307692305
0.19588984615384614
0.1462393846153846
0.05611753846153846
0.010848
0.014185846153846153
0.02315630769230769
0.02482523076923077
-0.010848
-0.043392
-0.042557538461538466
-0.03588184615384615
-0.02524246153846154
-0.04819015384615385
-0.08386338461538462
-0.11578153846153846
-0.14811692307692306
-0.13601723076923075
-0.12642092307692307
-0.09846646153846153
-0.053405538461538456
-0.041514461538461535
-0.011891076923076923
0.011056615384615385
0.031918153846153846
0.06258461538461538
0.027328615384615382
-0.027120000000000002
-0.06383630769230769
-0.0974233846153846
-0.1028473846153846
-0.1205796923076923
-0.1353913846153846
-0.13601723076923075
-0.12537784615384615
-0.07489292307692308
-0.03629907692307692
-0.0077187692307692304
0.0012516923076923076
-0.020652923076923076
-0.024199384615384616
-0.045895384615384616
-0.06863446153846153
-0.07572738461538461
-0.08761846153846153
-0.061124307692307686
-0.03337846153846154
-0.011056615384615385
0.029414769230769227
0.054240000000000003
0.06070707692307692
0.041514461538461535
0.005424
-0.023990769230769232
-0.059038153846153844
-0.100344
-0.14957723076923077
-0.18796246153846152
-0.1908830769230769
-0.16772676923076923
-0.09930092307692308
-0.018358153846153843
0.047772923076923074
0.11849353846153846
0.1846246153846154
0.25200738461538463
0.27787569230769227
0.2438713846153846
0.19046584615384615
0.11181784615384616
0.014603076923076923
-0.07969107692307692
-0.1710646153846154
-0.2290596923076923
-0.22593046153846155
-0.1760713846153846
-0.08198584615384615
0.042557538461538466
0.17481969230769231
0.2943563076923077
0.3786369230769231
0.41723076923076924
0.3972036923076923
0.3285692307692308
0.22447015384615385
0.09658892307692307
-0.03588184615384615
-0.17023015384615386
-0.2670276923076923
-0.3049956923076923
-0.2864289230769231
-0.21862892307692305
-0.12955015384615384
-0.02044430769230769
0.10138707692307691
0.21487384615384614
0.31062830769230765
0.3650769230769231
0.3517255384615385
0.301032
0.22843384615384613
0.13789476923076924
0.050067692307692306
-0.03692492307692308
-0.10931446153846153
-0.1597993846153846
-0.17732307692307692
-0.15187199999999998
-0.10222153846153846
-0.04693846153846153
-0.009804923076923077
0.009179076923076922
0.02482523076923077
0.03921969230769231
0.059038153846153844
0.06279323076923077
0.04756430769230769
0.03275261538461539
0.009387692307692307
-0.0043809230769230765
-0.007301538461538462
-0.02023569230769231
-0.04380923076923077
-0.07948246153846153
-0.10389046153846154
-0.11035753846153845
-0.11411261538461538
-0.11828492307692307
-0.11974523076923077
-0.10555938461538462
-0.078648
-0.03567323076923076
0.007510153846153846
0.03379569230769231
0.054657230769230764
0.07030338461538461
0.08156861538461539
0.084072
0.06133292307692308
0.01668923076923077
-0.032544
-0.06800861538461538
-0.08156861538461539
-0.08219446153846154
-0.06967753846153846
-0.054657230769230764
-0.03400430769230769
0.003129230769230769
0.045895384615384616
0.08615815384615384
0.0974233846153846
0.09033046153846153
0.08094276923076923
0.06842584615384616
0.07009476923076922
0.05757784615384615
0.03901107692307692
0.02273907692307692
0.0077187692307692304
0.025659692307692307
0.05173661538461538
0.08052553846153847
0.09784061538461537
0.10660246153846153
0.12204
0.12266584615384615
0.12391753846153845
0.10952307692307692
0.07510153846153846
0.035464615384615386
0.009179076923076922
0.008970461538461538
0.019192615384615384
0.027745846153846152
0.027120000000000002
0.03421292307692308
0.051528
0.07384984615384615
0.08782707692307692
0.07468430769230769
0.031709538461538456
-0.015854769230769228
-0.05799507692307692
-0.0961716923076923
-0.12037107692307693
-0.15500123076923078
-0.17419384615384614
-0.15500123076923078
-0.11828492307692307
-0.05862092307692307
-0.005424
0.03337846153846154
0.07259815384615384
0.11077476923076923
0.15646153846153846
0.1842073846153846
0.18900553846153845
0.17085599999999998
0.13893784615384613
0.10535076923076922
0.06529661538461538
0.03150092307692308
-0.007510153846153846
-0.046104
-0.065088
-0.06717415384615384
-0.04693846153846153
-0.018775384615384614
0.002086153846153846
0.02232184615384615
0.042557538461538466
0.06362769230769232
0.08636676923076922
0.09012184615384615
0.06884307692307692
0.049233230769230765
0.04109723076923077
0.042348923076923076
0.03233538461538461
-0.0014603076923076922
-0.053405538461538456
-0.10535076923076922
-0.14603076923076924
-0.17648861538461538
-0.20444307692307692
-0.2330233846153846
-0.2374043076923077
-0.21216184615384615
-0.16105107692307694
-0.08615815384615384
0.003963692307692307
0.08031692307692308
0.14394461538461537
0.19818461538461538
0.23281476923076924
0.24700061538461537
0.2194633846153846
0.16459753846153846
0.10138707692307691
0.04109723076923077
0.0029206153846153843
-0.021278769230769233
-0.03129230769230769
-0.020652923076923076
-0.005841230769230769
0.017732307692307693
0.06425353846153846
0.1097316923076923
0.1397723076923077
0.168144
0.1829556923076923
0.18900553846153845
0.18149538461538461
0.14957723076923077
0.1028473846153846
0.042974769230769226
-0.008970461538461538
-0.05716061538461538
-0.10055261538461538
-0.13726892307692307
-0.16063384615384615
-0.15896492307692306
-0.13747753846153846
-0.09450276923076922
-0.03942830769230769
0.01668923076923077
0.06738276923076922
0.11327815384615383
0.14540492307692307
0.16626646153846153
0.1691870769230769
0.14519630769230768
0.11891076923076922
0.08574092307692306
0.04631261538461538
0.01397723076923077
-0.02044430769230769
-0.04902461538461538
-0.06738276923076922
-0.078648
-0.07593599999999999
-0.06759138461538462
-0.05924676923076923
-0.04568676923076923
-0.022947692307692308
0.0043809230769230765
0.03358707692307692
0.05319692307692307
0.055491692307692304
0.04693846153846153
0.023990769230769232
-0.0012516923076923076
-0.03108369230769231
-0.06967753846153846
-0.09408553846153846
-0.09909230769230769
-0.07781353846153846
-0.04672984615384615
-0.015020307692307692
0.011891076923076923
0.02586830769230769
0.04276615384615385
0.04756430769230769
0.031918153846153846
-0.0018775384615384615
-0.04172307692307692
-0.06321046153846153
-0.07697907692307693
-0.084072
-0.06717415384615384
-0.04088861538461538
-0.006049846153846154
0.03755076923076923
0.06946892307692307
0.09784061538461537
0.10368184615384615
0.08031692307692308
0.04568676923076923
-0.0029206153846153843
-0.054657230769230764
-0.11578153846153846
-0.16793538461538463
-0.20339999999999997
-0.2221753846153846
-0.21612553846153845
-0.20256553846153844
-0.1881710769230769
-0.20027076923076922
-0.24199384615384617
-0.28851507692307693
-0.2582658461538461
-0.16000799999999998
-0.014603076923076923
0.16876984615384616
0.3216849230769231
0.5108990769230769
0.6636055384615385
0.7685390769230769
0.7825163076923077
0.6339821538461539
0.4395526153846154
0.17586276923076924
-0.084072
-0.33607938461538456
-0.5697286153846154
-0.7172196923076923
-0.7954504615384616
-0.7057458461538462
-0.5108990769230769
-0.25284184615384614
0.053614153846153846
0.31667815384615383
0.5463636923076923
0.6882221538461537
0.6984443076923077
0.6170843076923077
0.425784
0.1435273846153846
-0.15833907692307692
-0.4593710769230769
-0.6581815384615385
-0.7466344615384616
-0.7391243076923076
-0.6120775384615385
-0.44122153846153844
-0.22551323076923077
-0.003129230769230769
0.19380369230769232
0.34463261538461537
0.4147273846153846
0.44393353846153844
0.44956615384615384
0.4387181538461538
0.39928984615384616
0.31000246153846156
0.1942209230769231
0.07092923076923077
-0.05924676923076923
-0.17398523076923075
-0.287472
-0.3734215384615384
-0.38426953846153844
-0.35860984615384617
-0.2920615384615385
-0.2021483076923077
-0.11891076923076922
-0.0077187692307692304
0.0961716923076923
0.18107815384615383
0.2591003076923077
0.31125415384615385
0.3513083076923077
0.3617390769230769
0.3179298461538461
0.20277415384615383
0.031709538461538456
-0.1597993846153846
-0.3646596923076923
-0.5444861538461538
-0.6600590769230769
-0.6921858461538462
-0.6114516923076924
-0.43934399999999996
-0.20527753846153846
0.0771876923076923
0.34046030769230773
0.5674338461538462
0.725772923076923
0.7670787692307692
0.7126301538461539
0.574944
0.38426953846153844
0.1691870769230769
-0.058412307692307694
-0.2618123076923077
-0.4124326153846154
-0.49379261538461533
-0.514236923076923
-0.4906633846153846
-0.4049224615384615
-0.26911384615384615
-0.08740984615384616
0.11098338461538461
0.2722430769230769
0.40513107692307687
0.4750172307692308
0.4821101538461538
0.43934399999999996
0.3285692307692308
0.19588984615384614
0.051319384615384614
-0.08845292307692308
-0.18983999999999998
-0.25534523076923077
-0.27286892307692306
-0.254928
-0.21362215384615382
-0.15646153846153846
-0.09408553846153846
-0.028163076923076923
0.026285538461538457
0.07677046153846154
0.11953661538461538
0.146448
0.17690584615384616
0.20006215384615383
0.20944984615384615
0.22113230769230768
0.21174461538461536
0.17461107692307692
0.12162276923076921
0.04819015384615385
-0.026285538461538457
-0.1028473846153846
-0.18086953846153844
-0.23469230769230767
-0.2682793846153846
-0.2749550769230769
-0.24762646153846155
-0.19860184615384616
-0.12350030769230769
-0.028163076923076923
0.08615815384615384
0.1940123076923077
0.2730775384615384
0.32898646153846156
0.33962584615384617
0.3158436923076923
0.24658338461538462
0.12391753846153845
-0.011056615384615385
-0.14436184615384615
-0.25346769230769234
-0.31751261538461534
-0.347136
-0.3241883076923077
-0.24866953846153847
-0.1395636923076923
0.0
0.1316363076923077
0.23448369230769228
0.30332676923076923
0.34046030769230773
0.3473446153846154
0.31500923076923076
0.25805723076923076
0.18879692307692306
0.11557292307692307
0.03880246153846154
-0.035464615384615386
-0.08761846153846153
-0.11494707692307692
-0.13309661538461537
-0.13393107692307693
-0.12245723076923076
-0.10994030769230768
-0.07948246153846153
-0.05319692307692307
-0.03296123076923077
0.0006258461538461538
0.03942830769230769
0.09053907692307692
0.14811692307692306
0.1869193846153846
0.2140393846153846
0.23636123076923077
0.25471938461538457
0.2860116923076923
0.3004061538461538
0.28246523076923075
0.24512307692307692
0.18232984615384615
0.111192
0.034630153846153845
-0.05194523076923077
-0.12245723076923076
-0.16647507692307692
-0.1733593846153846
-0.1353913846153846
-0.059038153846153844
0.03421292307692308
0.12600369230769232
0.21091015384615383
0.26681907692307694
0.29039261538461536
0.2780843076923077
0.22405292307692307
0.14519630769230768
0.04401784615384615
-0.06279323076923077
-0.1462393846153846
-0.2090326153846154
-0.24908676923076922
-0.2572227692307692
-0.2399076923076923
-0.19985353846153847
-0.13706030769230768
-0.06154153846153846
0.016480615384615385
0.08782707692307692
0.1462393846153846
0.19192615384615386
0.22321846153846153
0.2221753846153846
0.1800350769230769
0.11390399999999999
0.04172307692307692
-0.0077187692307692304
-0.03650769230769231
-0.062376
-0.06905169230769231
-0.06675692307692307
-0.06362769230769232
-0.04568676923076923
-0.024616615384615383
-0.005424
-0.0016689230769230767
-0.010013538461538461
-0.014185846153846153
-0.017523692307692306
-0.012516923076923077
-0.01043076923076923
-0.002712
0.013351384615384614
0.030875076923076922
0.05528307692307692
0.061124307692307686
0.05277969230769231
0.03650769230769231
-0.0006258461538461538
-0.042348923076923076
-0.08574092307692306
-0.130176
-0.15833907692307692
-0.17899199999999998
-0.173568
-0.13372246153846154
-0.07614461538461538
0.0070929230769230765
0.08991323076923076
0.15646153846153846
0.20444307692307692
0.2288510769230769
0.23010276923076922
0.18629353846153843
0.10785415384615385
0.01710646153846154
-0.06759138461538462
-0.14269292307692305
-0.2221753846153846
-0.2803790769230769
-0.3087507692307692
-0.306456
-0.2601433846153846
-0.18754523076923074
-0.10347323076923076
-0.03233538461538461
0.021070153846153846
0.06967753846153846
0.10910584615384614
0.13226215384615383
0.12788123076923075
0.10597661538461538
0.0717636923076923
0.026285538461538457
-0.024408000000000003
-0.06800861538461538
-0.100344
-0.1136953846153846
-0.11286092307692308
-0.1045163076923077
-0.07134646153846153
-0.03212676923076923
0.008344615384615384
0.04944184615384615
0.08782707692307692
0.1287156923076923
0.15896492307692306
0.1704387692307692
0.16000799999999998
0.12808984615384614
0.07969107692307692
0.03379569230769231
-0.009804923076923077
-0.053405538461538456
-0.09763200000000001
-0.13518276923076925
-0.14665661538461539
-0.14290153846153844
-0.12391753846153845
-0.11035753846153845
-0.10180430769230768
-0.08031692307692308
-0.053614153846153846
-0.013142769230769229
0.02023569230769231
0.04130584615384615
0.05069353846153846
0.04318338461538461
0.03755076923076923
0.03421292307692308
0.017940923076923077
-0.004589538461538461
-0.01814953846153846
-0.023364923076923075
-0.013142769230769229
0.008761846153846153
0.03775938461538462
0.07092923076923077
0.0936683076923077
0.11014892307692307
0.12642092307692307
0.12850707692307692
0.1136953846153846
0.09095630769230768
0.07155507692307693
0.07051199999999999
0.08156861538461539
0.0897046153846154
0.08991323076923076
0.08240307692307691
0.07134646153846153
0.05298830769230769
0.023990769230769232
-0.025033846153846153
-0.08657538461538461
-0.143736
-0.1873366153846154
-0.20486030769230767
-0.20193969230769232
-0.1785747692307692
-0.13455692307692307
-0.07134646153846153
0.009596307692307692
0.09554584615384615
0.15959076923076923
0.18149538461538461
0.1706473846153846
0.12955015384615384
0.08240307692307691
0.04318338461538461
-0.002086153846153846
-0.047981538461538464
-0.086784
-0.11724184615384614
-0.13309661538461537
-0.1358086153846154
-0.14144123076923076
-0.13476553846153844
-0.11536430769230768
-0.08949599999999999
-0.052571076923076915
-0.012099692307692308
0.03108369230769231
0.06195876923076923
0.08782707692307692
0.11452984615384615
0.124752
0.11306953846153844
0.07802215384615384
0.028788923076923077
-0.021696
-0.06133292307692308
-0.09012184615384615
-0.11077476923076923
-0.12579507692307693
-0.12621230769230768
-0.11327815384615383
-0.084072
-0.03775938461538462
0.0006258461538461538
0.0446436923076923
0.10347323076923076
0.168144
0.23344061538461539
0.27328615384615385
0.2776670769230769
0.24324553846153843
0.17148184615384612
0.0855323076923077
-0.01272553846153846
-0.11765907692307691
-0.2140393846153846
-0.2899753846153846
-0.32085046153846153
-0.30436984615384616
-0.2415766153846154
-0.154584
-0.06154153846153846
0.04318338461538461
0.1353913846153846
0.20715507692307691
0.24908676923076922
0.24053353846153847
0.19380369230769232
0.1207883076923077
0.04047138461538462
-0.03692492307692308
-0.11286092307692308
-0.17273353846153844
-0.20381723076923075
-0.206112
-0.1718990769230769
-0.11014892307692307
-0.046104
0.023990769230769232
0.08907876923076924
0.15103753846153847
0.20047938461538461
0.2221753846153846
0.22008923076923076
0.18775384615384613
0.14039815384615384
0.08887015384615385
0.03984553846153846
-0.002712
-0.041514461538461535
-0.06613107692307692
-0.07197230769230768
-0.058829538461538454
-0.021696
0.015228923076923076
0.03963692307692308
0.05528307692307692
0.06300184615384616
0.06571384615384615
0.06216738461538462
0.05048492307692308
0.026494153846153844
0.008136
0.0002086153846153846
0.005424
0.01397723076923077
0.018358153846153843
0.021278769230769233
0.02211323076923077
0.03212676923076923
0.04672984615384615
0.05716061538461538
0.06133292307692308
0.05674338461538461
0.06362769230769232
0.08907876923076924
0.10263876923076923
0.11452984615384615
0.07531015384615385
0.013560000000000001
-0.021696
-0.04693846153846153
-0.029206153846153847
-0.03045784615384615
-0.02524246153846154
0.0004172307692307692
0.056326153846153845
0.13247076923076923
0.29685969230769227
0.38009723076923074
0.24700061538461537
0.20486030769230767
0.08949599999999999
0.06988615384615385
0.058829538461538454
-0.1760713846153846
-0.31688676923076925
-0.5113163076923077
-0.4816929230769231
-0.34046030769230773
-0.2814221538461538
-0.16188553846153847
-0.154584
0.07259815384615384
0.3312812307692308
0.5255021538461538
0.6744535384615383
0.51528
0.41493599999999997
0.26932246153846157
0.0892873846153846
0.012099692307692308
-0.23469230769230767
-0.3594443076923077
-0.43579753846153846
-0.5388535384615384
-0.3873987692307692
-0.2849686153846154
-0.14123261538461537
0.037967999999999995
0.06738276923076922
0.20486030769230767
0.2807963076923077
0.35860984615384617
0.46041415384615386
0.3780110769230769
0.28163076923076924
0.12934153846153845
0.02899753846153846
0.006884307692307692
-0.124752
-0.23072861538461537
-0.33816553846153846
-0.37363015384615383
-0.2411593846153846
-0.15333230769230768
-0.045895384615384616
0.06467076923076923
0.13455692307692307
0.30270092307692303
0.4015846153846154
0.4222375384615385
0.43412861538461534
0.3513083076923077
0.3004061538461538
0.24491446153846153
0.13038461538461538
0.01940123076923077
-0.1358086153846154
-0.24637476923076923
-0.31000246153846156
-0.347136
-0.33002953846153843
-0.2883064615384615
-0.17023015384615386
-0.06759138461538462
0.031918153846153846
0.1867107692307692
0.2638984615384615
0.3385827692307692
0.3573581538461538
0.2709913846153846
0.20047938461538461
0.058412307692307694
-0.07781353846153846
-0.20465169230769228
-0.35235138461538457
-0.39344861538461534
-0.3972036923076923
-0.3454670769230769
-0.25430215384615384
-0.16772676923076923
-0.013560000000000001
0.14832553846153845
0.28163076923076924
0.3437981538461538
0.3193901538461538
0.31188
0.2722430769230769
0.18629353846153843
0.08907876923076924
-0.08490646153846154
-0.19630707692307692
-0.23177169230769232
-0.2626467692307692
-0.21487384615384614
-0.18274707692307693
-0.13622584615384614
-0.03483876923076923
0.02858030769230769
0.1151556923076923
0.18796246153846152
0.214248
0.21800307692307694
0.16251138461538459
0.09971815384615385
0.019609846153846155
-0.06383630769230769
-0.11682461538461539
-0.17169046153846151
-0.18483323076923078
-0.1883796923076923
-0.16626646153846153
-0.0855323076923077
-0.03212676923076923
0.03650769230769231
0.09554584615384615
0.1207883076923077
0.18754523076923074
0.2355267692307692
0.24762646153846155
0.21237046153846154
0.12412615384615384
0.06571384615384615
0.024199384615384616
-0.023782153846153845
-0.07092923076923077
-0.1314276923076923
-0.15500123076923078
-0.1314276923076923
-0.08323753846153846
-0.0077187692307692304
0.05173661538461538
0.10681107692307691
0.1449876923076923
0.14290153846153844
0.13935507692307691
0.10493353846153847
0.07030338461538461
0.03671630769230769
-0.042348923076923076
-0.100344
-0.14561353846153846
-0.16042523076923076
-0.12162276923076921
-0.11181784615384616
-0.1136953846153846
-0.10222153846153846
-0.08115138461538463
-0.027120000000000002
0.013560000000000001
0.023990769230769232
0.017523692307692306
0.005215384615384615
0.02545107692307692
0.04819015384615385
0.06654830769230768
0.07238953846153846
0.048816000000000005
0.03671630769230769
0.01397723076923077
-0.0025033846153846152
-0.01043076923076923
-0.03901107692307692
-0.05924676923076923
-0.09199938461538461
-0.1136953846153846
-0.10263876923076923
-0.08302892307692307
-0.055491692307692304
-0.05027630769230769
-0.04756430769230769
-0.01668923076923077
0.026911384615384615
0.06613107692307692
0.0609156923076923
0.026494153846153844
-0.004798153846153846
-0.011473846153846154
0.009387692307692307
0.011891076923076923
-0.014603076923076923
-0.04047138461538462
-0.05382276923076923
-0.03775938461538462
-0.005632615384615384
0.003129230769230769
0.013351384615384614
0.015228923076923076
0.017732307692307693
0.03859384615384615
0.042974769230769226
0.03901107692307692
0.02795446153846154
0.010013538461538461
0.005841230769230769
0.017940923076923077
0.03337846153846154
0.04756430769230769
0.04965046153846154
0.03400430769230769
0.01272553846153846
-0.006049846153846154
-0.03984553846153846
-0.1028473846153846
-0.1794092307692308
-0.2480436923076923
-0.27599815384615384
-0.24595753846153845
-0.18212123076923076
-0.0988836923076923
-0.015854769230769228
0.07113784615384615
0.17440246153846153
0.26306399999999996
0.3243969230769231
0.32898646153846156
0.27182584615384614
0.1942209230769231
0.11306953846153844
0.03483876923076923
-0.03942830769230769
-0.11056615384615384
-0.16751815384615384
-0.19004861538461537
-0.1558356923076923
-0.07739630769230768
0.023364923076923075
0.12725538461538463
0.20965846153846154
0.27412061538461535
0.31626092307692305
0.32585723076923073
0.2951907692307692
0.22196676923076922
0.11724184615384614
0.003963692307692307
-0.09825784615384614
-0.18379015384615385
-0.24741784615384615
-0.28788923076923073
-0.30186646153846153
-0.28100492307692304
-0.22405292307692307
-0.13893784615384613
-0.050067692307692306
0.024408000000000003
0.09721476923076922
0.1704387692307692
0.2207150769230769
0.23385784615384617
0.20715507692307691
0.14665661538461539
0.08302892307692307
0.02211323076923077
-0.03671630769230769
-0.09033046153846153
-0.13393107692307693
-0.15500123076923078
-0.15291507692307693
-0.1289243076923077
-0.09512861538461538
-0.05444861538461539
-0.006467076923076923
0.05111076923076923
0.1151556923076923
0.1787833846153846
0.2275993846153846
0.25012984615384615
0.24491446153846153
0.20965846153846154
0.1597993846153846
0.10117846153846152
0.026911384615384615
-0.05590892307692308
-0.13101046153846155
-0.1869193846153846
-0.20339999999999997
-0.18316430769230768
-0.13872923076923074
-0.06988615384615385
-0.0014603076923076922
0.065088
0.11849353846153846
0.13706030769230768
0.12600369230769232
0.09012184615384615
0.04276615384615385
-0.0025033846153846152
-0.029206153846153847
-0.03713353846153846
-0.029623384615384614
-0.012099692307692308
0.012308307692307691
0.05090215384615384
0.08615815384615384
0.09971815384615385
0.09158215384615384
0.06154153846153846
0.013351384615384614
-0.026494153846153844
-0.06300184615384616
-0.092208
-0.09721476923076922
-0.09575446153846154
-0.06759138461538462
-0.015228923076923076
0.04214030769230769
0.10681107692307691
0.15646153846153846
0.1927606153846154
0.21612553846153845
0.20694646153846152
0.1760713846153846
0.12391753846153845
0.05528307692307692
-0.001043076923076923
-0.04193169230769231
-0.06654830769230768
-0.07551876923076924
-0.06613107692307692
-0.026911384615384615
0.035464615384615386
0.11286092307692308
0.1913003076923077
0.25284184615384614
0.29832
0.3141747692307692
0.30207507692307695
0.2632726153846154
0.18232984615384615
0.08365476923076923
-0.026494153846153844
-0.12621230769230768
-0.18754523076923074
-0.21925476923076925
-0.21779446153846155
-0.19296923076923078
-0.15520984615384617
-0.103056
-0.047981538461538464
-0.0022947692307692304
0.022947692307692308
0.016063384615384615
-0.009804923076923077
-0.04088861538461538
-0.07051199999999999
-0.09658892307692307
-0.12370892307692308
-0.14311015384615386
-0.14978584615384616
-0.13309661538461537
-0.10514215384615383
-0.08469784615384615
-0.059038153846153844
-0.03379569230769231
-0.0014603076923076922
0.03755076923076923
0.06717415384615384
0.08866153846153846
0.10159569230769232
0.10639384615384614
0.10430769230769231
0.09241661538461539
0.06905169230769231
0.04276615384615385
0.018983999999999997
0.009179076923076922
0.007510153846153846
0.008970461538461538
0.015854769230769228
0.01668923076923077
0.023364923076923075
0.030875076923076922
0.03233538461538461
0.026285538461538457
0.009179076923076922
0.0006258461538461538
-0.004589538461538461
-0.010848
-0.006049846153846154
-0.003129230769230769
-0.001043076923076923
-0.004172307692307692
-0.021070153846153846
-0.028163076923076923
-0.04318338461538461
-0.06800861538461538
-0.07948246153846153
-0.08699261538461538
-0.07197230769230768
-0.03296123076923077
0.008970461538461538
0.054657230769230764
0.09846646153846153
0.13789476923076924
0.17398523076923075
0.19839323076923077
0.1994363076923077
0.16647507692307692
0.11745046153846153
0.058829538461538454
-0.0077187692307692304
-0.06487938461538462
-0.11870215384615385
-0.14853415384615384
-0.14790830769230767
-0.12704676923076924
-0.08073415384615384
-0.02795446153846154
0.027745846153846152
0.08887015384615385
0.15166338461538462
0.21070153846153844
0.24449723076923074
0.24866953846153847
0.2138307692307692
0.1489513846153846
0.07072061538461538
-0.010013538461538461
-0.07614461538461538
-0.13518276923076925
-0.1787833846153846
-0.19004861538461537
-0.16689230769230767
-0.11056615384615384
-0.035255999999999996
0.04109723076923077
0.11473846153846154
0.18337292307692307
0.23656984615384613
0.26306399999999996
0.2561796923076923
0.21800307692307694
0.15416676923076922
0.08490646153846154
0.024199384615384616
-0.028788923076923077
-0.07572738461538461
-0.11557292307692307
-0.13247076923076923
-0.12642092307692307
-0.09137353846153846
-0.05799507692307692
-0.030875076923076922
-0.012099692307692308
-0.016897846153846156
-0.03609046153846154
-0.08302892307692307
-0.11202646153846153
-0.1316363076923077
-0.09909230769230769
-0.022947692307692308
0.15333230769230768
0.32231076923076923
0.3594443076923077
0.47230523076923075
0.4812756923076923
0.46145723076923073
0.404088
0.17669723076923077
-0.042348923076923076
-0.34588430769230766
-0.5505359999999999
-0.7049113846153846
-0.8488559999999999
-0.8505249230769231
-0.8181895384615384
-0.5914246153846153
-0.27850153846153847
0.07635323076923077
0.4645864615384615
0.680712
0.8486473846153846
0.8791052307692307
0.7483033846153846
0.5574203076923077
0.19881046153846152
-0.157296
-0.5073526153846153
-0.854905846153846
-0.9746510769230768
-1.0009366153846153
-0.8926652307692308
-0.6556781538461539
-0.43663199999999996
-0.13309661538461537
0.14164984615384615
0.401376
0.6429526153846153
0.733908923076923
0.7558135384615385
0.6844670769230768
0.5547083076923077
0.3886504615384615
0.11327815384615383
-0.173568
-0.4541556923076923
-0.6684036923076923
-0.7303624615384615
-0.7355778461538461
-0.6519230769230768
-0.4896203076923077
-0.31000246153846156
-0.06529661538461538
0.16021661538461537
0.34588430769230766
0.5154886153846154
0.6028984615384615
0.6732018461538462
0.7005304615384614
0.6435784615384614
0.527796923076923
0.3202246153846154
0.07948246153846153
-0.18900553846153845
-0.4443507692307692
-0.6383630769230769
-0.778344
-0.8092190769230769
-0.7606116923076923
-0.6054018461538461
-0.30937661538461536
0.02044430769230769
0.36632861538461536
0.6752879999999999
0.8703433846153846
0.9815353846153846
0.9644289230769231
0.8359218461538461
0.6149981538461539
0.3022836923076923
0.0
-0.2799618461538461
-0.5244590769230769
-0.7042855384615384
-0.8213187692307692
-0.819024
-0.7007390769230769
-0.4896203076923077
-0.21195323076923075
0.07259815384615384
0.3682061538461538
0.6060276923076923
0.7558135384615385
0.8390510769230769
0.7806387692307692
0.6168756923076922
0.38760738461538463
0.09992676923076924
-0.1449876923076923
-0.35256
-0.5129852307692307
-0.5924676923076923
-0.6314787692307692
-0.5743181538461538
-0.43475446153846153
-0.25138153846153843
-0.03379569230769231
0.154584
0.3239796923076923
0.4470627692307692
0.5265452307692308
0.5778646153846153
0.5457378461538461
0.4645864615384615
0.3314898461538462
0.17085599999999998
0.04193169230769231
-0.08949599999999999
-0.1883796923076923
-0.25513661538461535
-0.3095852307692307
-0.2914356923076923
-0.23010276923076922
-0.16605784615384614
-0.09241661538461539
-0.02545107692307692
0.06195876923076923
0.17669723076923077
0.27599815384615384
0.35193415384615384
0.3817661538461538
0.36674584615384614
0.3350363076923077
0.2899753846153846
0.23406646153846156
0.14436184615384615
0.03400430769230769
-0.09658892307692307
-0.23385784615384617
-0.3193901538461538
-0.37884553846153846
-0.3984553846153846
-0.36778892307692307
-0.32982092307692307
-0.23531815384615382
-0.08991323076923076
0.06738276923076922
0.235944
0.35047384615384614
0.40972061538461535
0.43329415384615383
0.40846892307692306
0.34963938461538463
0.24053353846153847
0.0936683076923077
-0.06633969230769231
-0.214248
-0.31855569230769226
-0.39365723076923076
-0.4349630769230769
-0.44810584615384613
-0.42953907692307686
-0.3452584615384615
-0.25284184615384614
-0.14936861538461538
-0.027328615384615382
0.07072061538461538
0.17565415384615385
0.24345415384615382
0.2772498461538462
0.2870547692307692
0.23448369230769228
0.15500123076923078
0.05611753846153846
-0.03775938461538462
-0.10743692307692307
-0.16230276923076925
-0.19818461538461538
-0.22467876923076924
-0.24199384615384617
-0.2422024615384615
-0.22113230769230768
-0.17002153846153847
-0.10910584615384614
-0.044435076923076924
0.03629907692307692
0.11849353846153846
0.20527753846153846
0.2695310769230769
0.29080984615384614
0.2937304615384615
0.25200738461538463
0.17002153846153847
0.07510153846153846
-0.03275261538461539
-0.12433476923076923
-0.19317784615384614
-0.22947692307692308
-0.22947692307692308
-0.20861538461538462
-0.16751815384615384
-0.10180430769230768
-0.016272
0.07092923076923077
0.14457046153846154
0.21028430769230766
0.2703655384615385
0.306456
0.31897292307692304
0.2920615384615385
0.23344061538461539
0.16209415384615386
0.07635323076923077
0.0016689230769230767
-0.06675692307692307
-0.12496061538461539
-0.14874276923076923
-0.14415323076923076
-0.10013538461538461
-0.021070153846153846
0.06571384615384615
0.15667015384615385
0.24491446153846153
0.31626092307692305
0.3604873846153846
0.3750904615384615
0.3440067692307692
0.2699483076923077
0.1691870769230769
0.05674338461538461
-0.037342153846153844
-0.11035753846153845
-0.1666836923076923
-0.20193969230769232
-0.2073636923076923
-0.18525046153846153
-0.13622584615384614
-0.07051199999999999
-0.011056615384615385
0.035464615384615386
0.06863446153846153
0.09971815384615385
0.13747753846153846
0.16418030769230768
0.16334584615384617
0.1449876923076923
0.11306953846153844
0.07510153846153846
0.027745846153846152
-0.03942830769230769
-0.1097316923076923
-0.17023015384615386
-0.21132738461538458
-0.21925476923076925
-0.19150892307692308
-0.15228923076923076
-0.10493353846153847
-0.047772923076923074
0.003963692307692307
0.05611753846153846
0.08636676923076922
0.086784
0.07238953846153846
0.040262769230769234
0.014811692307692307
-0.007301538461538462
-0.03275261538461539
-0.05716061538461538
-0.08636676923076922
-0.09658892307692307
-0.08448923076923077
-0.05674338461538461
-0.027328615384615382
-0.016897846153846156
-0.012516923076923077
-0.006675692307692307
0.006884307692307692
0.02858030769230769
0.03775938461538462
0.040054153846153843
0.03859384615384615
0.03755076923076923
0.059038153846153844
0.07843938461538462
0.08302892307692307
0.07551876923076924
0.05757784615384615
0.04860738461538461
0.03379569230769231
0.009596307692307692
-0.02795446153846154
-0.07739630769230768
-0.10764553846153846
-0.12204
-0.119328
-0.11452984615384615
-0.11411261538461538
-0.09325107692307691
-0.06279323076923077
-0.015646153846153844
0.043600615384615383
0.08365476923076923
0.10514215384615383
0.10910584615384614
0.09429415384615383
0.07218092307692307
0.03337846153846154
-0.021278769230769233
-0.07906523076923076
-0.12808984615384614
-0.13914646153846155
-0.12496061538461539
-0.10055261538461538
-0.06216738461538462
-0.034630153846153845
-0.006467076923076923
0.028788923076923077
0.06341907692307691
0.09450276923076922
0.11181784615384616
0.13768615384615385
0.17648861538461538
0.21800307692307694
0.2588916923076923
0.27140861538461536
0.25284184615384614
0.21195323076923075
0.14728246153846153
0.08156861538461539
0.004798153846153846
-0.08365476923076923
-0.16167692307692308
-0.21925476923076925
-0.22947692307692308
-0.19630707692307692
-0.13393107692307693
-0.06049846153846154
0.01397723076923077
0.09825784615384614
0.18274707692307693
0.25659692307692306
0.3035353846153846
0.29644246153846154
0.23615261538461538
0.1424843076923077
0.026911384615384615
-0.10555938461538462
-0.24324553846153843
-0.36299076923076923
-0.4478972307692307
-0.4762689230769231
-0.43704923076923075
-0.3485963076923077
-0.23928184615384615
-0.11202646153846153
0.02545107692307692
0.15792184615384616
0.27140861538461536
0.3369138461538461
0.34588430769230766
0.2926873846153846
0.1990190769230769
0.08636676923076922
-0.03650769230769231
-0.14853415384615384
-0.24595753846153845
-0.30833353846153844
-0.31897292307692304
-0.28204799999999997
-0.20652923076923077
-0.1151556923076923
-0.018983999999999997
0.07948246153846153
0.16626646153846153
0.23177169230769232
0.26452430769230767
0.25471938461538457
0.21237046153846154
0.14603076923076924
0.07510153846153846
0.015854769230769228
-0.035255999999999996
-0.07969107692307692
-0.12141415384615384
-0.14936861538461538
-0.15333230769230768
-0.14290153846153844
-0.12704676923076924
-0.10722830769230769
-0.0744756923076923
-0.034630153846153845
0.0008344615384615384
0.034630153846153845
0.059664
0.07551876923076924
0.08761846153846153
0.09679753846153846
0.10514215384615383
0.09512861538461538
0.06362769230769232
0.028788923076923077
-0.004172307692307692
-0.03421292307692308
-0.06341907692307691
-0.08240307692307691
-0.09658892307692307
-0.11014892307692307
-0.10180430769230768
-0.08177723076923075
-0.052571076923076915
-0.014811692307692307
0.013560000000000001
0.040262769230769234
0.06821723076923077
0.09012184615384615
0.10910584615384614
0.11578153846153846
0.11160923076923077
0.10806276923076923
0.10493353846153847
0.09971815384615385
0.07405846153846153
0.03880246153846154
0.004798153846153846
-0.03504738461538461
-0.07051199999999999
-0.09387692307692307
-0.10597661538461538
-0.11286092307692308
-0.11745046153846153
-0.09450276923076922
-0.05194523076923077
-0.015437538461538461
0.02273907692307692
0.054240000000000003
0.08991323076923076
0.11849353846153846
0.12245723076923076
0.12224861538461537
0.09825784615384614
0.056951999999999996
0.008136
-0.05069353846153846
-0.0988836923076923
-0.1506203076923077
-0.19547261538461536
-0.23239753846153846
-0.2503384615384615
-0.26765353846153844
-0.2872633846153846
-0.23761292307692305
-0.14457046153846154
-0.009387692307692307
0.1424843076923077
0.2776670769230769
0.43329415384615383
0.5688941538461538
0.6475421538461539
0.6717415384615385
0.5891298461538461
0.4053396923076923
0.16042523076923076
-0.05236246153846154
-0.22300984615384614
-0.39511753846153846
-0.47230523076923075
-0.5123593846153845
-0.42265476923076917
-0.21925476923076925
-0.0012516923076923076
0.26160369230769226
0.4262012307692308
0.5601323076923077
0.6158326153846154
0.553248
0.4466455384615384
0.2140393846153846
-0.05090215384615384
-0.3216849230769231
-0.5388535384615384
-0.6135378461538461
-0.6097827692307692
-0.47960676923076917
-0.26368984615384616
-0.03233538461538461
0.20798953846153845
0.4015846153846154
0.5609667692307693
0.6245944615384615
0.5275883076923077
0.38280923076923074
0.18921415384615384
0.002712
-0.1151556923076923
-0.22530461538461538
-0.2716172307692308
-0.2931046153846154
-0.27850153846153847
-0.17815753846153848
-0.08302892307692307
-0.0029206153846153843
0.055491692307692304
0.07635323076923077
0.10535076923076922
0.09992676923076924
0.06049846153846154
0.0014603076923076922
-0.08031692307692308
-0.12016246153846154
-0.13810338461538463
-0.11807630769230769
-0.05590892307692308
0.011265230769230769
0.09471138461538461
0.13622584615384614
0.14749107692307692
0.14477907692307693
0.07051199999999999
-0.028788923076923077
-0.13226215384615383
-0.222384
-0.2436627692307692
-0.22113230769230768
-0.1368516923076923
-0.0025033846153846152
0.13476553846153844
0.2751636923076923
0.39282276923076925
0.46250030769230766
0.44414215384615385
0.3604873846153846
0.24428861538461538
0.09241661538461539
-0.04756430769230769
-0.15667015384615385
-0.22321846153846153
-0.235944
-0.20840676923076923
-0.13184492307692308
-0.015646153846153844
0.10159569230769232
0.21487384615384614
0.30019753846153846
0.32982092307692307
0.31688676923076925
0.2415766153846154
0.12412615384615384
0.010222153846153844
-0.11098338461538461
-0.2140393846153846
-0.26911384615384615
-0.2722430769230769
-0.22634769230769228
-0.15145476923076923
-0.04318338461538461
0.08720123076923077
0.2225926153846154
0.32606584615384615
0.37091815384615384
0.36403384615384615
0.2887236923076923
0.18107815384615383
0.06946892307692307
-0.05507446153846154
-0.14978584615384616
-0.20465169230769228
-0.21508246153846153
-0.16042523076923076
-0.06279323076923077
0.051528
0.15145476923076923
0.21842030769230766
0.25284184615384614
0.25305046153846156
0.19985353846153847
0.09658892307692307
-0.029206153846153847
-0.157296
-0.2574313846153846
-0.30436984615384616
-0.3087507692307692
-0.287472
-0.23010276923076922
-0.15270646153846154
-0.05277969230769231
0.055491692307692304
0.11807630769230769
0.14603076923076924
0.1341396923076923
0.08010830769230769
0.018775384615384614
-0.05736923076923077
-0.12975876923076923
-0.184416
-0.23114584615384615
-0.23281476923076924
-0.17502830769230768
-0.07113784615384615
0.047772923076923074
0.13935507692307691
0.20047938461538461
0.22593046153846155
0.22697353846153845
0.20861538461538462
0.14978584615384616
0.06467076923076923
-0.03337846153846154
-0.10243015384615384
-0.12266584615384615
-0.11724184615384614
-0.08323753846153846
-0.03212676923076923
0.03150092307692308
0.10117846153846152
0.15604430769230768
0.18170399999999998
0.15750461538461538
0.08636676923076922
0.0043809230769230765
-0.07593599999999999
-0.14394461538461537
-0.18775384615384613
-0.21883753846153844
-0.20819815384615384
-0.14853415384615384
-0.04672984615384615
0.08031692307692308
0.19797599999999999
0.30854215384615385
0.3686233846153846
0.37050092307692306
0.3369138461538461
0.2655673846153846
0.16167692307692308
0.03296123076923077
-0.10201292307692307
-0.21132738461538458
-0.2832996923076923
-0.309168
-0.2737033846153846
-0.20944984615384615
-0.119328
-0.011891076923076923
0.0855323076923077
0.16876984615384616
0.19672430769230767
0.16251138461538459
0.0988836923076923
0.01668923076923077
-0.06446215384615385
-0.14081538461538462
-0.21466523076923077
-0.260352
-0.26348123076923075
-0.22864246153846152
-0.17544553846153846
-0.1178676923076923
-0.05862092307692307
-0.0035464615384615383
0.046104
0.08031692307692308
0.08574092307692306
0.07468430769230769
0.04214030769230769
0.0014603076923076922
-0.023782153846153845
-0.05069353846153846
-0.07009476923076922
-0.08574092307692306
-0.08887015384615385
-0.06926030769230769
-0.048816000000000005
-0.018358153846153843
0.01668923076923077
0.04819015384615385
0.06216738461538462
0.055491692307692304
0.04547815384615384
0.02357353846153846
-0.004589538461538461
-0.032544
-0.049233230769230765
-0.047772923076923074
-0.03713353846153846
-0.024199384615384616
-0.008761846153846153
0.005215384615384615
0.02232184615384615
0.03755076923076923
0.028163076923076923
-0.0006258461538461538
-0.04547815384615384
-0.07656184615384615
-0.07468430769230769
-0.05090215384615384
-0.0077187692307692304
0.040262769230769234
0.08448923076923077
0.12621230769230768
0.16105107692307694
0.17377661538461536
0.14540492307692307
0.08198584615384615
0.008344615384615384
-0.05570030769230769
-0.10368184615384615
-0.15208061538461537
-0.17982646153846152
-0.1712732307692308
-0.14540492307692307
-0.09179076923076923
-0.02273907692307692
0.03859384615384615
0.07969107692307692
0.09471138461538461
0.09053907692307692
0.06967753846153846
0.03108369230769231
-0.027120000000000002
-0.09450276923076922
-0.14916
-0.17982646153846152
-0.18274707692307693
-0.15667015384615385
-0.111192
-0.04902461538461538
0.02315630769230769
0.10952307692307692
0.19547261538461536
0.25430215384615384
0.28163076923076924
0.2655673846153846
0.23510953846153848
0.20047938461538461
0.15520984615384617
0.100344
0.03379569230769231
-0.016897846153846156
-0.0448523076923077
-0.042974769230769226
-0.026702769230769228
-0.013768615384615384
0.002712
0.008136
0.011682461538461537
0.016063384615384615
0.01272553846153846
0.005424
-0.011473846153846154
-0.024616615384615383
-0.02357353846153846
-0.018983999999999997
-0.017315076923076923
-0.016063384615384615
-0.016063384615384615
-0.02044430769230769
-0.02357353846153846
-0.03421292307692308
-0.054240000000000003
-0.08386338461538462
-0.11223507692307692
-0.11494707692307692
-0.09241661538461539
-0.047772923076923074
0.002086153846153846
0.062376
0.14039815384615384
0.225096
0.2989458461538462
0.3377483076923077
0.3385827692307692
0.30207507692307695
0.24574892307692306
0.1777403076923077
0.09930092307692308
0.014603076923076923
-0.06759138461538462
-0.12808984615384614
-0.16626646153846153
-0.16501476923076921
-0.13351384615384615
-0.08782707692307692
-0.027328615384615382
0.04672984615384615
0.13747753846153846
0.21862892307692305
0.273912
0.27871015384615383
0.24011630769230768
0.17231630769230769
0.08636676923076922
-0.009804923076923077
-0.1205796923076923
-0.22300984615384614
-0.2993630769230769
-0.32314523076923074
-0.29685969230769227
-0.22864246153846152
-0.12662953846153846
-0.01668923076923077
0.09283384615384616
0.20339999999999997
0.29581661538461534
0.3510996923076923
0.35276861538461535
0.2962338461538461
0.20673784615384616
0.10743692307692307
0.011473846153846154
-0.08636676923076922
-0.18650215384615382
-0.27474646153846155
-0.32836061538461536
-0.3202246153846154
-0.2624381538461539
-0.17461107692307692
-0.07969107692307692
0.013768615384615384
0.11745046153846153
0.21466523076923077
0.2822566153846154
0.306456
0.2749550769230769
0.21132738461538458
0.13309661538461537
0.05090215384615384
-0.022947692307692308
-0.11098338461538461
-0.1858763076923077
-0.23406646153846156
-0.24428861538461538
-0.20423446153846153
-0.13935507692307691
-0.05528307692307692
0.026285538461538457
0.11265230769230769
0.20298276923076922
0.2772498461538462
0.32085046153846153
0.3141747692307692
0.2705741538461538
0.20193969230769232
0.12037107692307693
0.040262769230769234
-0.04526953846153846
-0.1205796923076923
-0.17085599999999998
-0.192552
-0.17544553846153846
-0.13768615384615385
-0.08782707692307692
-0.03692492307692308
0.01043076923076923
0.06404492307692307
0.11014892307692307
0.14290153846153844
0.1504116923076923
0.12308307692307692
0.0826116923076923
0.03024923076923077
-0.02273907692307692
-0.07092923076923077
-0.119328
-0.1506203076923077
-0.1614683076923077
-0.13852061538461538
-0.09304246153846155
-0.040679999999999994
0.011682461538461537
0.06008123076923077
0.1205796923076923
0.17815753846153848
0.222384
0.24428861538461538
0.23114584615384615
0.1927606153846154
0.143736
0.09575446153846154
0.05048492307692308
0.0008344615384615384
-0.0448523076923077
-0.06863446153846153
-0.07051199999999999
-0.056326153846153845
-0.029206153846153847
0.003129230769230769
0.026911384615384615
0.040054153846153843
0.05173661538461538
0.04735569230769231
0.03045784615384615
-0.0006258461538461538
-0.04214030769230769
-0.07656184615384615
-0.10347323076923076
-0.11640738461538462
-0.11974523076923077
-0.11265230769230769
-0.0974233846153846
-0.06362769230769232
-0.022947692307692308
0.010639384615384617
0.03650769230769231
0.040054153846153843
0.03629907692307692
0.01668923076923077
-0.024616615384615383
-0.0961716923076923
-0.19505538461538463
-0.2937304615384615
-0.3241883076923077
-0.2674449230769231
-0.15917353846153848
0.0043809230769230765
0.15604430769230768
0.32836061538461536
0.500676923076923
0.6225083076923077
0.6773741538461538
0.5889212307692308
0.4193169230769231
0.1992276923076923
-0.00855323076923077
-0.22968553846153844
-0.44810584615384613
-0.5797421538461539
-0.6560953846153846
-0.5832886153846154
-0.40930338461538457
-0.18107815384615383
0.07051199999999999
0.2780843076923077
0.4616658461538461
0.5499101538461538
0.5434430769230769
0.441012923076923
0.2480436923076923
0.01940123076923077
-0.23969907692307693
-0.44581107692307687
-0.5747353846153846
-0.6051932307692307
-0.5255021538461538
-0.3873987692307692
-0.18775384615384613
0.021696
0.21654276923076923
0.3805144615384615
0.43642338461538455
0.3980381538461538
0.29581661538461534
0.15520984615384617
0.02795446153846154
-0.10222153846153846
-0.22697353846153845
-0.33023815384615385
-0.3903193846153846
-0.3821833846153846
-0.33315876923076926
-0.2588916923076923
-0.18483323076923078
-0.0988836923076923
0.011891076923076923
0.1028473846153846
0.1656406153846154
0.18107815384615383
0.15208061538461537
0.11953661538461538
0.06988615384615385
0.021696
-0.007510153846153846
-0.027328615384615382
-0.019609846153846155
0.008970461538461538
0.03483876923076923
0.04944184615384615
0.044435076923076924
0.015228923076923076
-0.03045784615384615
-0.08177723076923075
-0.11348676923076922
-0.11181784615384616
-0.07092923076923077
-0.006467076923076923
0.07802215384615384
0.18191261538461537
0.276624
0.34463261538461537
0.35631507692307696
0.3012406153846154
0.21111876923076925
0.10013538461538461
-0.015854769230769228
-0.11202646153846153
-0.2056947692307692
-0.260352
-0.2503384615384615
-0.19568123076923075
-0.09387692307692307
0.01272553846153846
0.12412615384615384
0.23677846153846152
0.3333673846153846
0.39282276923076925
0.3846867692307692
0.34317230769230767
0.26076923076923075
0.14916
0.026494153846153844
-0.09825784615384614
-0.18858830769230767
-0.24199384615384617
-0.24887815384615386
-0.19693292307692306
-0.09241661538461539
0.04652123076923077
0.19359507692307693
0.30019753846153846
0.3550633846153846
0.35256
0.2953993846153846
0.20840676923076923
0.07823076923076923
-0.06675692307692307
-0.19067446153846154
-0.27412061538461535
-0.30416123076923074
-0.29915446153846154
-0.2641070769230769
-0.20778092307692309
-0.13455692307692307
-0.045060923076923075
0.03108369230769231
0.08302892307692307
0.09846646153846153
0.07635323076923077
0.0448523076923077
-0.008136
-0.059664
-0.10555938461538462
-0.16042523076923076
-0.17565415384615385
-0.14811692307692306
-0.08782707692307692
-0.007301538461538462
0.06675692307692307
0.13518276923076925
0.18399876923076922
0.19881046153846152
0.18107815384615383
0.11703323076923078
0.020652923076923076
-0.08135999999999999
-0.17982646153846152
-0.23782153846153845
-0.25972615384615383
-0.24345415384615382
-0.1785747692307692
-0.09304246153846155
0.015020307692307692
0.11411261538461538
0.18483323076923078
0.23844738461538462
0.24887815384615386
0.2261390769230769
0.1800350769230769
0.10535076923076922
0.03337846153846154
-0.04401784615384615
-0.10910584615384614
-0.13393107692307693
-0.13247076923076923
-0.10013538461538461
-0.06633969230769231
-0.03129230769230769
0.013560000000000001
0.05319692307692307
0.0988836923076923
0.13247076923076923
0.1358086153846154
0.12016246153846154
0.08991323076923076
0.05924676923076923
0.03233538461538461
-0.009179076923076922
-0.04819015384615385
-0.058829538461538454
-0.03609046153846154
0.020652923076923076
0.08115138461538463
0.1289243076923077
0.1635544615384615
0.17023015384615386
0.1543753846153846
0.12099692307692309
0.06362769230769232
-0.011473846153846154
-0.08469784615384615
-0.14185846153846154
-0.16292861538461537
-0.14874276923076923
-0.1136953846153846
-0.056951999999999996
0.005215384615384615
0.06446215384615385
0.11411261538461538
0.1462393846153846
0.14999446153846155
0.12350030769230769
0.08448923076923077
0.04380923076923077
0.008761846153846153
-0.03567323076923076
-0.08574092307692306
-0.119328
-0.1289243076923077
-0.10263876923076923
-0.05382276923076923
-0.0029206153846153843
0.040679999999999994
0.06967753846153846
0.09679753846153846
0.12537784615384615
0.1395636923076923
0.13059323076923077
0.09512861538461538
0.04401784615384615
-0.005424
-0.04714707692307692
-0.07593599999999999
-0.10117846153846152
-0.12162276923076921
-0.11828492307692307
-0.08907876923076924
-0.03859384615384615
0.021904615384615383
0.07468430769230769
0.1205796923076923
0.14957723076923077
0.16251138461538459
0.17169046153846151
0.1635544615384615
0.1422756923076923
0.11244369230769231
0.08636676923076922
0.07426707692307692
0.06592246153846154
0.056951999999999996
0.03609046153846154
0.010222153846153844
-0.013560000000000001
-0.03859384615384615
-0.061124307692307686
-0.09179076923076923
-0.116616
-0.11870215384615385
-0.09825784615384614
-0.04860738461538461
0.015228923076923076
0.08302892307692307
0.14144123076923076
0.18128676923076922
0.20819815384615384
0.20527753846153846
0.16084246153846155
0.07697907692307693
-0.029206153846153847
-0.13601723076923075
-0.2357353846153846
-0.3137575384615385
-0.3581926153846154
-0.36966646153846155
-0.3323243076923077
-0.2482523076923077
-0.13372246153846154
-0.015228923076923076
0.0855323076923077
0.17544553846153846
0.23823876923076923
0.2680707692307692
0.2624381538461539
0.22154953846153846
0.14957723076923077
0.04944184615384615
-0.053614153846153846
-0.1397723076923077
-0.21007569230769232
-0.2559710769230769
-0.2638984615384615
-0.23448369230769228
-0.17231630769230769
-0.09408553846153846
-0.011473846153846154
0.06571384615384615
0.13101046153846155
0.184416
0.222384
0.23761292307692305
0.22405292307692307
0.1800350769230769
0.11953661538461538
0.0609156923076923
0.0035464615384615383
-0.04860738461538461
-0.10076123076923077
-0.14561353846153846
-0.17711446153846155
-0.1948467692307692
-0.18629353846153843
-0.1612596923076923
-0.11891076923076922
-0.06300184615384616
0.01272553846153846
0.09909230769230769
0.168144
0.21132738461538458
0.22488738461538463
0.21195323076923075
0.17294215384615383
0.10952307692307692
0.029414769230769227
-0.06070707692307692
-0.1612596923076923
-0.24908676923076922
-0.3072904615384615
-0.3206418461538461
-0.287472
-0.2261390769230769
-0.13247076923076923
-0.02023569230769231
0.09825784615384614
0.20778092307692309
0.2845513846153846
0.31813846153846154
0.30290953846153845
0.25367630769230765
0.18525046153846153
0.100344
0.007510153846153846
-0.078648
-0.13872923076923074
-0.15479261538461536
-0.13872923076923074
-0.09700615384615385
-0.043392
-0.0002086153846153846
0.04088861538461538
0.06905169230769231
0.086784
0.10096984615384616
0.09450276923076922
0.07656184615384615
0.04985907692307692
0.021696
0.005841230769230769
-0.0070929230769230765
-0.014603076923076923
-0.016480615384615385
-0.009804923076923077
-0.004172307692307692
-0.00855323076923077
-0.014394461538461538
-0.03650769230769231
-0.06571384615384615
-0.10076123076923077
-0.13726892307692307
-0.15249784615384615
-0.168144
-0.17502830769230768
-0.15604430769230768
-0.11849353846153846
-0.065088
-0.0025033846153846152
0.05945538461538461
0.10994030769230768
0.15520984615384617
0.18900553846153845
0.1948467692307692
0.16167692307692308
0.09325107692307691
0.013351384615384614
-0.06321046153846153
-0.12329169230769231
-0.15813046153846153
-0.17023015384615386
-0.15875630769230767
-0.12412615384615384
-0.07238953846153846
-0.0077187692307692304
0.056951999999999996
0.10952307692307692
0.143736
0.15917353846153848
0.1693956923076923
0.15938215384615384
0.1316363076923077
0.09491999999999999
0.054240000000000003
0.01940123076923077
-0.016063384615384615
-0.03984553846153846
-0.06425353846153846
-0.08386338461538462
-0.092208
-0.09053907692307692
-0.07218092307692307
-0.04318338461538461
-0.0012516923076923076
0.045895384615384616
0.09408553846153846
0.1422756923076923
0.18107815384615383
0.20506892307692307
0.21007569230769232
0.19463815384615382
0.16772676923076923
0.12683815384615382
0.08344615384615384
0.030875076923076922
-0.028788923076923077
-0.07405846153846153
-0.11035753846153845
-0.12266584615384615
-0.11557292307692307
-0.09241661538461539
-0.051528
0.002086153846153846
0.06863446153846153
0.1316363076923077
0.1869193846153846
0.22029784615384615
0.22300984615384614
0.21508246153846153
0.18712800000000002
0.1397723076923077
0.08740984615384616
0.03567323076923076
0.0006258461538461538
-0.011265230769230769
-0.0029206153846153843
0.019609846153846155
0.04652123076923077
0.07614461538461538
0.09909230769230769
0.11599015384615384
0.13309661538461537
0.14039815384615384
0.13998092307692306
0.130176
0.11473846153846154
0.10263876923076923
0.09429415384615383
0.07343261538461537
0.043392
0.003129230769230769
-0.04672984615384615
-0.08073415384615384
-0.11035753846153845
-0.130176
-0.14269292307692305
-0.15500123076923078
-0.14936861538461538
-0.12350030769230769
-0.09596307692307693
-0.08386338461538462
-0.0934596923076923
-0.13038461538461538
-0.16209415384615386
-0.18149538461538461
-0.21007569230769232
-0.21487384615384614
-0.22300984615384614
-0.18545907692307692
-0.10618523076923077
0.014394461538461538
0.23010276923076922
0.29331323076923077
0.3246055384615385
0.3646596923076923
0.3212676923076923
0.33378461538461535
0.19964492307692308
0.0070929230769230765
-0.2090326153846154
-0.40617415384615385
-0.43329415384615383
-0.477312
-0.4524867692307692
-0.40095876923076923
-0.2951907692307692
-0.024616615384615383
0.21195323076923075
0.47313969230769226
0.6191704615384614
0.6016467692307692
0.5849575384615384
0.44581107692307687
0.292896
0.09700615384615385
-0.18107815384615383
-0.3548547692307692
-0.5359329230769231
-0.6116603076923077
-0.5054750769230769
-0.39928984615384616
-0.2125790769230769
-0.03775938461538462
0.09930092307692308
0.26723630769230766
0.3684147692307692
0.47606030769230767
0.5090215384615385
0.4216116923076923
0.3102110769230769
0.17294215384615383
0.07969107692307692
-0.027120000000000002
-0.18149538461538461
-0.2937304615384615
-0.3727956923076923
-0.3650769230769231
-0.2916443076923077
-0.23782153846153845
-0.15541846153846153
-0.0717636923076923
0.02524246153846154
0.14853415384615384
0.1990190769230769
0.222384
0.21591692307692306
0.18128676923076922
0.19192615384615386
0.1800350769230769
0.13852061538461538
0.05820369230769231
-0.04672984615384615
-0.12579507692307693
-0.20444307692307692
-0.25430215384615384
-0.28476
-0.2768326153846154
-0.23093723076923076
-0.18963138461538462
-0.07927384615384615
0.06467076923076923
0.1856676923076923
0.3114627692307692
0.3782196923076923
0.404088
0.3978295384615384
0.330864
0.2415766153846154
0.08949599999999999
-0.08177723076923075
-0.20548615384615385
-0.31083692307692307
-0.38239199999999995
-0.4243236923076923
-0.41305846153846154
-0.30895938461538464
-0.15813046153846153
0.008136
0.14957723076923077
0.26306399999999996
0.36382523076923073
0.39219692307692305
0.36611999999999995
0.27453784615384613
0.10368184615384615
-0.059038153846153844
-0.21967199999999998
-0.33670523076923076
-0.3790541538461539
-0.39699507692307695
-0.33607938461538456
-0.22467876923076924
-0.08720123076923077
0.09804923076923076
0.2618123076923077
0.3727956923076923
0.42015138461538465
0.4049224615384615
0.34358953846153845
0.24637476923076923
0.14603076923076924
0.045895384615384616
-0.03921969230769231
-0.09450276923076922
-0.13330523076923076
-0.12558646153846154
-0.0880356923076923
-0.04944184615384615
0.011056615384615385
0.058829538461538454
0.09241661538461539
0.14144123076923076
0.1570873846153846
0.13747753846153846
0.0934596923076923
0.03650769230769231
0.005841230769230769
-0.029832
-0.07218092307692307
-0.11348676923076922
-0.15082892307692305
-0.1489513846153846
-0.13080184615384613
-0.0936683076923077
-0.04985907692307692
-0.023782153846153845
0.008136
0.017315076923076923
0.008761846153846153
-0.010013538461538461
-0.050067692307692306
-0.05444861538461539
-0.040054153846153843
-0.02753723076923077
0.009804923076923077
0.04860738461538461
0.10764553846153846
0.1693956923076923
0.1804523076923077
0.16876984615384616
0.13393107692307693
0.073224
0.019609846153846155
-0.040054153846153843
-0.09429415384615383
-0.13184492307692308
-0.13601723076923075
-0.09658892307692307
-0.04172307692307692
0.03650769230769231
0.10618523076923077
0.16230276923076925
0.19839323076923077
0.1846246153846154
0.15354092307692307
0.09846646153846153
0.02753723076923077
-0.04568676923076923
-0.12934153846153845
-0.19213476923076922
-0.21696000000000001
-0.20652923076923077
-0.1693956923076923
-0.11807630769230769
-0.050067692307692306
0.037967999999999995
0.13747753846153846
0.21612553846153845
0.24887815384615386
0.23072861538461537
0.17377661538461536
0.11014892307692307
0.03921969230769231
-0.05069353846153846
-0.1506203076923077
-0.24700061538461537
-0.31688676923076925
-0.32982092307692307
-0.2997803076923077
-0.2374043076923077
-0.14018953846153845
-0.04672984615384615
0.05319692307692307
0.14081538461538462
0.18525046153846153
0.20131384615384615
0.17169046153846151
0.11682461538461539
0.06049846153846154
0.0014603076923076922
-0.04172307692307692
-0.06842584615384616
-0.08052553846153847
-0.07009476923076922
-0.040262769230769234
-0.0029206153846153843
0.02858030769230769
0.042557538461538466
0.03400430769230769
0.015854769230769228
0.013560000000000001
0.027328615384615382
0.05382276923076923
0.0826116923076923
0.0892873846153846
0.10806276923076923
0.15750461538461538
0.2138307692307692
0.25451076923076926
0.24992123076923078
0.20819815384615384
0.1543753846153846
0.0936683076923077
0.024408000000000003
-0.05924676923076923
-0.15187199999999998
-0.22989415384615383
-0.2712
-0.2588916923076923
-0.19442953846153843
-0.09533723076923077
0.026702769230769228
0.14853415384615384
0.25930892307692305
0.34066892307692304
0.36570276923076916
0.3425464615384616
0.26097784615384617
0.13601723076923075
-0.008344615384615384
-0.15875630769230767
-0.27474646153846155
-0.35256
-0.3890676923076923
-0.3648683076923077
-0.28434276923076923
-0.14999446153846155
0.007301538461538462
0.146448
0.2526332307692308
0.314592
0.3442153846153846
0.32231076923076923
0.24303692307692307
0.12391753846153845
-0.014603076923076923
-0.1341396923076923
-0.22405292307692307
-0.2822566153846154
-0.31000246153846156
-0.31104553846153843
-0.27975323076923075
-0.20131384615384615
-0.09846646153846153
0.005841230769230769
0.09012184615384615
0.13267938461538462
0.15082892307692305
0.14582215384615385
0.12204
0.08699261538461538
0.03650769230769231
-0.016897846153846156
-0.06926030769230769
-0.10514215384615383
-0.11807630769230769
-0.12287446153846153
-0.11244369230769231
-0.08761846153846153
-0.05757784615384615
-0.02086153846153846
0.015854769230769228
0.04756430769230769
0.07030338461538461
0.086784
0.11202646153846153
0.1356
0.14457046153846154
0.14269292307692305
0.1097316923076923
0.06446215384615385
0.028163076923076923
0.003129230769230769
-0.008970461538461538
-0.027745846153846152
-0.04380923076923077
-0.04693846153846153
-0.03692492307692308
-0.02524246153846154
-0.01981846153846154
-0.016480615384615385
-0.019609846153846155
-0.020027076923076922
-0.008344615384615384
0.008970461538461538
0.031709538461538456
0.04693846153846153
0.05403138461538461
0.07259815384615384
0.09179076923076923
0.10180430769230768
0.09930092307692308
0.08177723076923075
0.05236246153846154
0.016897846153846156
-0.015228923076923076
-0.03671630769230769
-0.045895384615384616
-0.037342153846153844
-0.007927384615384614
0.046104
0.10347323076923076
0.14665661538461539
0.17690584615384616
0.1829556923076923
0.18149538461538461
0.16480615384615382
0.12788123076923075
0.08010830769230769
0.012934153846153845
-0.045895384615384616
-0.08448923076923077
-0.10493353846153847
-0.09784061538461537
-0.07843938461538462
-0.04902461538461538
-0.008136
0.040054153846153843
0.08824430769230769
0.1178676923076923
0.12683815384615382
0.11306953846153844
0.07802215384615384
0.03588184615384615
-0.01814953846153846
-0.08219446153846154
-0.14123261538461537
-0.1867107692307692
-0.19067446153846154
-0.15896492307692306
-0.100344
-0.022947692307692308
0.05298830769230769
0.1316363076923077
0.18900553846153845
0.21675138461538462
0.21612553846153845
0.1718990769230769
0.10389046153846154
0.03483876923076923
-0.026285538461538457
-0.07280676923076923
-0.10618523076923077
-0.1178676923076923
-0.10222153846153846
-0.056951999999999996
0.006675692307692307
0.06863446153846153
0.119328
0.14457046153846154
0.14999446153846155
0.14790830769230767
0.12934153846153845
0.09971815384615385
0.05945538461538461
0.01272553846153846
-0.023364923076923075
-0.045895384615384616
-0.049233230769230765
-0.03880246153846154
-0.021904615384615383
-0.0022947692307692304
0.015854769230769228
0.038176615384615385
0.04380923076923077
0.021070153846153846
-0.008136
-0.05090215384615384
-0.08323753846153846
-0.09512861538461538
-0.1097316923076923
-0.10347323076923076
-0.09095630769230768
-0.06321046153846153
-0.009804923076923077
0.03504738461538461
0.06905169230769231
0.08177723076923075
0.06821723076923077
0.0448523076923077
0.007301538461538462
-0.042974769230769226
-0.09491999999999999
-0.1597993846153846
-0.21028430769230766
-0.2374043076923077
-0.22968553846153844
-0.18483323076923078
-0.12642092307692307
-0.04714707692307692
0.027328615384615382
0.09533723076923077
0.15166338461538462
0.1760713846153846
0.17419384615384614
0.14519630769230768
0.10222153846153846
0.06216738461538462
0.023364923076923075
-0.01043076923076923
-0.026702769230769228
-0.026911384615384615
-0.0014603076923076922
0.0448523076923077
0.09950953846153845
0.14185846153846154
0.15938215384615384
0.16334584615384617
0.13789476923076924
0.09679753846153846
0.042348923076923076
-0.015854769230769228
-0.065088
-0.11098338461538461
-0.11640738461538462
-0.09700615384615385
-0.0717636923076923
-0.040262769230769234
-0.010639384615384617
0.02753723076923077
0.05277969230769231
0.04965046153846154
0.02753723076923077
-0.008344615384615384
-0.06362769230769232
-0.11286092307692308
-0.14018953846153845
-0.15208061538461537
-0.13080184615384613
-0.084072
-0.019192615384615384
0.05486584615384615
0.11098338461538461
0.14164984615384615
0.14060676923076923
0.13622584615384614
0.11077476923076923
0.059664
0.023364923076923075
-0.02899753846153846
-0.030875076923076922
-0.02315630769230769
0.10994030769230768
0.25930892307692305
0.22655630769230767
0.27474646153846155
0.24428861538461538
0.26160369230769226
0.2768326153846154
0.11160923076923077
-0.0016689230769230767
-0.20423446153846153
-0.24616615384615384
-0.2205064615384615
-0.25242461538461536
-0.19046584615384615
-0.22697353846153845
-0.10576799999999999
0.06383630769230769
0.2075723076923077
0.39261415384615383
0.33816553846153846
0.28893230769230765
0.21925476923076925
0.08386338461538462
0.03129230769230769
-0.14311015384615386
-0.24700061538461537
-0.30583015384615386
-0.43016492307692306
-0.3558978461538462
-0.26932246153846157
-0.14978584615384616
0.017523692307692306
0.06300184615384616
0.1614683076923077
0.20381723076923075
0.22989415384615383
0.29644246153846154
0.2288510769230769
0.13852061538461538
0.02357353846153846
-0.04902461538461538
-0.03129230769230769
-0.08949599999999999
-0.14749107692307692
-0.21049292307692305
-0.25388492307692306
-0.16710092307692306
-0.10409907692307692
-0.05757784615384615
-0.014811692307692307
-0.016897846153846156
0.05570030769230769
0.11223507692307692
0.1353913846153846
0.1721076923076923
0.12683815384615382
0.1136953846153846
0.1287156923076923
0.10889723076923077
0.08219446153846154
-0.018358153846153843
-0.11745046153846153
-0.20527753846153846
-0.29039261538461536
-0.3198073846153846
-0.33357600000000004
-0.2822566153846154
-0.22947692307692308
-0.18379015384615385
-0.04860738461538461
0.06404492307692307
0.16334584615384617
0.23510953846153848
0.21779446153846155
0.19672430769230767
0.12704676923076924
0.05277969230769231
-0.011682461538461537
-0.12308307692307692
-0.17669723076923077
-0.19839323076923077
-0.20047938461538461
-0.1785747692307692
-0.1787833846153846
-0.13455692307692307
-0.05382276923076923
0.03671630769230769
0.12308307692307692
0.1693956923076923
0.22843384615384613
0.2734947692307692
0.2726603076923077
0.2709913846153846
0.2157083076923077
0.15166338461538462
0.10514215384615383
0.027745846153846152
0.003963692307692307
-0.009179076923076922
-0.021070153846153846
0.009804923076923077
0.015020307692307692
0.05069353846153846
0.10243015384615384
0.14018953846153845
0.18212123076923076
0.17899199999999998
0.16271999999999998
0.1316363076923077
0.103056
0.10660246153846153
0.0897046153846154
0.06675692307692307
0.021278769230769233
-0.040679999999999994
-0.06362769230769232
-0.09179076923076923
-0.1136953846153846
-0.130176
-0.15792184615384616
-0.132888
-0.08094276923076923
-0.03129230769230769
0.011682461538461537
0.029623384615384614
0.065088
0.11974523076923077
0.15959076923076923
0.17982646153846152
0.14206707692307693
0.08386338461538462
0.0448523076923077
0.014603076923076923
0.008761846153846153
-0.015854769230769228
-0.05319692307692307
-0.09095630769230768
-0.13789476923076924
-0.14686523076923075
-0.14415323076923076
-0.1207883076923077
-0.06926030769230769
-0.042974769230769226
0.0006258461538461538
0.05590892307692308
0.11098338461538461
0.17481969230769231
0.18149538461538461
0.14832553846153845
0.10806276923076923
0.05778646153846154
0.013768615384615384
-0.05382276923076923
-0.13789476923076924
-0.208824
-0.2482523076923077
-0.22801661538461537
-0.1948467692307692
-0.15646153846153846
-0.11160923076923077
-0.06863446153846153
0.006467076923076923
0.07405846153846153
0.1207883076923077
0.14144123076923076
0.12704676923076924
0.12037107692307693
0.10159569230769232
0.06675692307692307
0.043600615384615383
0.008344615384615384
-0.028371692307692306
-0.059664
-0.07802215384615384
-0.07468430769230769
-0.06967753846153846
-0.06008123076923077
-0.045895384615384616
-0.02357353846153846
0.007510153846153846
0.05027630769230769
0.09158215384615384
0.11202646153846153
0.1136953846153846
0.1045163076923077
0.09241661538461539
0.07426707692307692
0.03838523076923077
-0.004589538461538461
-0.030875076923076922
-0.04902461538461538
-0.04860738461538461
-0.03713353846153846
-0.03296123076923077
-0.024408000000000003
-0.008136
0.018358153846153843
0.03442153846153846
0.03045784615384615
0.028163076923076923
0.03421292307692308
0.042974769230769226
0.05820369230769231
0.07405846153846153
0.08845292307692308
0.09471138461538461
0.0892873846153846
0.08720123076923077
0.07906523076923076
0.06154153846153846
0.04109723076923077
0.02795446153846154
0.028788923076923077
0.028163076923076923
0.022530461538461537
0.016897846153846156
0.009387692307692307
0.01043076923076923
0.010013538461538461
0.006258461538461538
0.008970461538461538
0.016897846153846156
0.027328615384615382
0.04714707692307692
0.08094276923076923
0.11140061538461538
0.130176
0.13455692307692307
0.13393107692307693
0.12558646153846154
0.11411261538461538
0.08448923076923077
0.01668923076923077
-0.05674338461538461
-0.11911938461538461
-0.16647507692307692
-0.19380369230769232
-0.19797599999999999
-0.1785747692307692
-0.14811692307692306
-0.09074769230769231
-0.002712
0.092208
0.16084246153846155
0.1794092307692308
0.17461107692307692
0.15333230769230768
0.10910584615384614
0.030875076923076922
-0.06154153846153846
-0.14665661538461539
-0.22801661538461537
-0.27787569230769227
-0.2981113846153846
-0.2883064615384615
-0.24595753846153845
-0.1785747692307692
-0.07927384615384615
0.03483876923076923
0.14936861538461538
0.2497126153846154
0.31000246153846156
0.33649661538461534
0.32836061538461536
0.28204799999999997
0.2008966153846154
0.09053907692307692
-0.026702769230769228
-0.13747753846153846
-0.21487384615384614
-0.2438713846153846
-0.23782153846153845
-0.20924123076923076
-0.165432
-0.08365476923076923
0.015854769230769228
0.10743692307692307
0.18191261538461537
0.2140393846153846
0.2207150769230769
0.19839323076923077
0.15082892307692305
0.08845292307692308
0.006258461538461538
-0.07426707692307692
-0.13935507692307691
-0.1869193846153846
-0.21007569230769232
-0.2073636923076923
-0.18754523076923074
-0.15270646153846154
-0.09992676923076924
-0.029832
0.042348923076923076
0.1028473846153846
0.14665661538461539
0.16897846153846155
0.1858763076923077
0.20047938461538461
0.2138307692307692
0.21049292307692305
0.18149538461538461
0.15938215384615384
0.13935507692307691
0.11599015384615384
0.08866153846153846
0.04193169230769231
-0.015020307692307692
-0.07364123076923076
-0.11432123076923076
-0.13205353846153844
-0.15541846153846153
-0.17315076923076922
-0.15813046153846153
-0.11035753846153845
-0.023782153846153845
0.07489292307692308
0.16480615384615382
0.23677846153846152
0.2776670769230769
0.2912270769230769
0.2563883076923077
0.18086953846153844
0.06487938461538462
-0.08699261538461538
-0.24408
-0.3903193846153846
-0.4808584615384615
-0.511524923076923
-0.4929581538461539
-0.4124326153846154
-0.28350830769230767
-0.11828492307692307
0.06800861538461538
0.24574892307692306
0.38280923076923074
0.4704276923076923
0.49629599999999996
0.46312615384615385
0.3648683076923077
0.19630707692307692
-0.004798153846153846
-0.21195323076923075
-0.3846867692307692
-0.4960873846153846
-0.5403138461538461
-0.514236923076923
-0.43016492307692306
-0.2853858461538461
-0.10493353846153847
0.08887015384615385
0.27182584615384614
0.39365723076923076
0.4606227692307692
0.4739741538461538
0.43058215384615384
0.34588430769230766
0.21737723076923077
0.073224
-0.06738276923076922
-0.1869193846153846
-0.25012984615384615
-0.28017046153846153
-0.2828824615384615
-0.2574313846153846
-0.21007569230769232
-0.11286092307692308
0.0022947692307692304
0.12204
0.24199384615384617
0.3225193846153846
0.38656430769230765
0.4188996923076923
0.412224
0.3817661538461538
0.31041969230769234
0.22488738461538463
0.12412615384615384
0.01668923076923077
-0.07531015384615385
-0.16856123076923077
-0.25054707692307693
-0.30749907692307693
-0.3321156923076923
-0.3047870769230769
-0.24178523076923078
-0.154584
-0.059038153846153844
0.037342153846153844
0.14457046153846154
0.23281476923076924
0.2914356923076923
0.3039526153846154
0.2618123076923077
0.18504184615384617
0.078648
-0.04088861538461538
-0.16271999999999998
-0.2858030769230769
-0.37780246153846153
-0.41305846153846154
-0.38531261538461536
-0.30019753846153846
-0.1800350769230769
-0.042974769230769226
0.09262523076923077
0.21633415384615384
0.31834707692307695
0.36904061538461536
0.34943076923076927
0.2655673846153846
0.13872923076923074
0.011056615384615385
-0.10722830769230769
-0.1992276923076923
-0.254928
-0.2872633846153846
-0.2716172307692308
-0.21925476923076925
-0.143736
-0.06383630769230769
-0.0014603076923076922
0.056326153846153845
0.09825784615384614
0.11473846153846154
0.11473846153846154
0.08907876923076924
0.03880246153846154
-0.02482523076923077
-0.07760492307692309
-0.10055261538461538
-0.10722830769230769
-0.09784061538461537
-0.07593599999999999
-0.034630153846153845
0.023990769230769232
0.086784
0.14060676923076923
0.1639716923076923
0.15959076923076923
0.12412615384615384
0.07280676923076923
0.007510153846153846
-0.07739630769230768
-0.17648861538461538
-0.26869661538461537
-0.3408775384615384
-0.3613218461538461
-0.27286892307692306
-0.13121907692307694
0.06821723076923077
0.29456492307692306
0.48461353846153843
0.6713243076923077
0.7606116923076923
0.7581083076923077
0.6431612307692307
0.3988726153846154
0.13309661538461537
-0.14060676923076923
-0.387816
-0.6060276923076923
-0.7387070769230768
-0.7614461538461539
-0.6696553846153845
-0.45040061538461534
-0.18232984615384615
0.10493353846153847
0.3909452307692307
0.6385716923076923
0.7960763076923076
0.8317495384615384
0.7193058461538461
0.5063095384615385
0.24011630769230768
-0.07364123076923076
-0.336288
-0.5497015384615385
-0.6727846153846154
-0.6519230769230768
-0.5386449230769231
-0.3269003076923077
-0.09471138461538461
0.11160923076923077
0.2995716923076923
0.41076369230769233
0.4443507692307692
0.4184824615384615
0.33607938461538456
0.24074215384615386
0.14018953846153845
0.03942830769230769
-0.04172307692307692
-0.1097316923076923
-0.15520984615384617
-0.19714153846153845
-0.22676492307692306
-0.24032492307692307
-0.22718215384615387
-0.16271999999999998
-0.10514215384615383
-0.061124307692307686
-0.029206153846153847
-0.010639384615384617
0.05069353846153846
0.12704676923076924
0.20110523076923076
0.29101846153846156
0.3686233846153846
0.43663199999999996
0.48857723076923076
0.47668615384615387
0.3738387692307692
0.19338646153846153
-0.016063384615384615
-0.22426153846153846
-0.4080516923076923
-0.5348898461538462
-0.5824541538461538
-0.5171575384615384
-0.3588184615384616
-0.1358086153846154
0.12662953846153846
0.35610646153846154
0.5311347692307692
0.6262633846153846
0.6081138461538461
0.5083956923076923
0.3408775384615384
0.12245723076923076
-0.10201292307692307
-0.31918153846153846
-0.4812756923076923
-0.5578375384615384
-0.5601323076923077
-0.48816
-0.3744646153846154
-0.20965846153846154
-0.010639384615384617
0.1883796923076923
0.3727956923076923
0.4752258461538461
0.5038061538461538
0.46020553846153844
0.3571495384615384
0.22300984615384614
0.034630153846153845
-0.14707384615384617
-0.2789187692307692
-0.35235138461538457
-0.34317230769230767
-0.27182584615384614
-0.16313723076923078
-0.02211323076923077
0.11035753846153845
0.20339999999999997
0.249504
0.23510953846153848
0.17544553846153846
0.08991323076923076
-0.0043809230769230765
-0.0880356923076923
-0.1476996923076923
-0.18066092307692305
-0.18086953846153844
-0.13601723076923075
-0.06800861538461538
0.0025033846153846152
0.07405846153846153
0.119328
0.13914646153846155
0.13330523076923076
0.09095630769230768
0.045060923076923075
-0.009804923076923077
-0.07635323076923077
-0.116616
-0.12850707692307692
-0.11056615384615384
-0.06321046153846153
-0.010848
0.04672984615384615
0.1070196923076923
0.16480615384615382
0.20819815384615384
0.20527753846153846
0.14728246153846153
0.044435076923076924
-0.06362769230769232
-0.15792184615384616
-0.24199384615384617
-0.2924787692307692
-0.32543999999999995
-0.31626092307692305
-0.2424110769230769
-0.14415323076923076
-0.02482523076923077
0.07635323076923077
0.1316363076923077
0.1597993846153846
0.1558356923076923
0.12704676923076924
0.07593599999999999
0.0033378461538461535
-0.05403138461538461
-0.07969107692307692
-0.06717415384615384
-0.01814953846153846
0.04276615384615385
0.10514215384615383
0.14477907692307693
0.16793538461538463
0.17544553846153846
0.157296
0.11411261538461538
0.037342153846153844
-0.046104
-0.11703323076923078
-0.15917353846153848
-0.15646153846153846
-0.12099692307692309
-0.06905169230769231
-0.0033378461538461535
0.08219446153846154
0.1710646153846154
0.249504
0.2858030769230769
0.2601433846153846
0.20006215384615383
0.10952307692307692
-0.0008344615384615384
-0.12704676923076924
-0.25200738461538463
-0.3485963076923077
-0.4007501538461538
-0.38760738461538463
-0.3152178461538461
-0.20152246153846154
-0.07259815384615384
0.0678
0.20152246153846154
0.29727692307692305
0.34275507692307694
0.3369138461538461
0.279336
0.18170399999999998
0.07238953846153846
-0.04047138461538462
-0.1397723076923077
-0.2154996923076923
-0.26097784615384617
-0.26076923076923075
-0.2157083076923077
-0.13267938461538462
-0.027328615384615382
0.06842584615384616
0.14582215384615385
0.1948467692307692
0.20444307692307692
0.1881710769230769
0.143736
0.07426707692307692
-0.012099692307692308
-0.10117846153846152
-0.16793538461538463
-0.21195323076923075
-0.22280123076923075
-0.20506892307692307
-0.16626646153846153
-0.103056
-0.04401784615384615
0.014185846153846153
0.051528
0.06842584615384616
0.08720123076923077
0.08490646153846154
0.07551876923076924
0.06279323076923077
0.04672984615384615
0.042348923076923076
0.050067692307692306
0.07009476923076922
0.092208
0.10555938461538462
0.11056615384615384
0.10055261538461538
0.065088
0.010848
-0.06133292307692308
-0.1397723076923077
-0.21195323076923075
-0.2574313846153846
-0.2601433846153846
-0.23677846153846152
-0.1787833846153846
-0.09846646153846153
-0.006258461538461538
0.09304246153846155
0.17523692307692307
0.2288510769230769
0.24700061538461537
0.22342707692307692
0.16271999999999998
0.08448923076923077
-0.004172307692307692
-0.08782707692307692
-0.16251138461538459
-0.2140393846153846
-0.2288510769230769
-0.20632061538461538
-0.14519630769230768
-0.06446215384615385
0.02211323076923077
0.09763200000000001
0.1637630769230769
0.21654276923076923
0.24032492307692307
0.23510953846153848
0.20027076923076922
0.143736
0.08845292307692308
0.040054153846153843
-0.0002086153846153846
-0.02482523076923077
-0.04047138461538462
-0.04172307692307692
-0.03379569230769231
-0.023782153846153845
-0.011473846153846154
-0.005841230769230769
-0.005215384615384615
0.0029206153846153843
0.01710646153846154
0.03108369230769231
0.03692492307692308
0.035255999999999996
0.03984553846153846
0.04547815384615384
0.05194523076923077
0.05507446153846154
0.052153846153846155
0.046104
0.03650769230769231
0.032544
0.033169846153846154
0.026076923076923077
0.01668923076923077
0.011265230769230769
0.010639384615384617
0.023782153846153845
0.041514461538461535
0.065088
0.09241661538461539
0.11703323076923078
0.1449876923076923
0.16876984615384616
0.1846246153846154
0.17899199999999998
0.15208061538461537
0.11578153846153846
0.07697907692307693
0.041514461538461535
0.002086153846153846
-0.029206153846153847
-0.03880246153846154
-0.030875076923076922
-0.0025033846153846152
0.03588184615384615
0.06967753846153846
0.09325107692307691
0.10514215384615383
0.11265230769230769
0.12370892307692308
0.1316363076923077
0.12454338461538461
0.10806276923076923
0.09179076923076923
0.09074769230769231
0.10681107692307691
0.11891076923076922
0.119328
0.116616
0.10597661538461538
0.09116492307692307
0.06946892307692307
0.03713353846153846
-0.005215384615384615
-0.059038153846153844
-0.10430769230769231
-0.1424843076923077
-0.16584923076923075
-0.1775316923076923
-0.1718990769230769
-0.13351384615384615
-0.08177723076923075
-0.008136
0.07468430769230769
0.1422756923076923
0.17690584615384616
0.17481969230769231
0.15938215384615384
0.12162276923076921
0.047981538461538464
-0.05570030769230769
-0.16209415384615386
-0.252216
-0.31396615384615384
-0.3312812307692308
-0.30666461538461537
-0.2480436923076923
-0.16188553846153847
-0.04839876923076923
0.0880356923076923
0.21237046153846154
0.29602523076923076
0.3321156923076923
0.31396615384615384
0.2697396923076923
0.19839323076923077
0.09846646153846153
-0.0029206153846153843
-0.10722830769230769
-0.1867107692307692
-0.2292683076923077
-0.23281476923076924
-0.1994363076923077
-0.1476996923076923
-0.08156861538461539
-0.012099692307692308
0.059038153846153844
0.12391753846153845
0.16209415384615386
0.17565415384615385
0.16084246153846155
0.12120553846153845
0.07614461538461538
0.021070153846153846
-0.04130584615384615
-0.11286092307692308
-0.1787833846153846
-0.2125790769230769
-0.21153599999999997
-0.1783661538461538
-0.13706030769230768
-0.09408553846153846
-0.03358707692307692
0.042348923076923076
0.11724184615384614
0.17252492307692308
0.19463815384615382
0.18963138461538462
0.16793538461538463
0.1368516923076923
0.10681107692307691
0.06446215384615385
0.010013538461538461
-0.04756430769230769
-0.10263876923076923
-0.14582215384615385
-0.1860849230769231
-0.21320492307692307
-0.23281476923076924
-0.22989415384615383
-0.19338646153846153
-0.13351384615384615
-0.05236246153846154
0.016063384615384615
0.06717415384615384
0.08991323076923076
0.0936683076923077
0.09158215384615384
0.06321046153846153
0.021696
-0.032544
-0.07677046153846154
-0.09325107692307691
-0.09408553846153846
-0.08094276923076923
-0.07405846153846153
-0.06133292307692308
-0.031709538461538456
0.005841230769230769
0.04902461538461538
0.07259815384615384
0.07781353846153846
0.08323753846153846
0.08428061538461538
0.09074769230769231
0.08740984615384616
0.07113784615384615
0.050067692307692306
0.014394461538461538
-0.014185846153846153
-0.03129230769230769
-0.041514461538461535
-0.050067692307692306
-0.0609156923076923
-0.059038153846153844
-0.04088861538461538
-0.011265230769230769
0.022530461538461537
0.04380923076923077
0.07343261538461537
0.08949599999999999
0.08845292307692308
0.08219446153846154
0.019609846153846155
-0.047981538461538464
-0.0988836923076923
-0.1136953846153846
-0.08302892307692307
-0.051528
-0.02586830769230769
0.03421292307692308
0.11432123076923076
0.287472
0.4466455384615384
0.37321292307692305
0.3072904615384615
0.17002153846153847
0.09784061538461537
0.1045163076923077
-0.12516923076923075
-0.29227015384615385
-0.5063095384615385
-0.552204923076923
-0.38990215384615384
-0.30019753846153846
-0.10868861538461538
-0.061124307692307686
0.116616
0.3750904615384615
0.5004683076923077
0.6621452307692308
0.5167403076923076
0.3550633846153846
0.20360861538461536
-0.059664
-0.14436184615384615
-0.3584012307692308
-0.4971304615384615
-0.5031803076923077
-0.6003950769230769
-0.44122153846153844
-0.2716172307692308
-0.08386338461538462
0.20047938461538461
0.26869661538461537
0.39365723076923076
0.4685501538461538
0.47376553846153846
0.536976
0.3826006153846154
0.1829556923076923
-0.043600615384615383
-0.24449723076923074
-0.2620209230769231
-0.3440067692307692
-0.40930338461538457
-0.4337113846153846
-0.43412861538461534
-0.25054707692307693
-0.11327815384615383
-0.02524246153846154
0.0609156923076923
0.05820369230769231
0.15520984615384617
0.22989415384615383
0.22572184615384616
0.2453316923076923
0.1712732307692308
0.12496061538461539
0.0988836923076923
0.01814953846153846
-0.03379569230769231
-0.14707384615384617
-0.24303692307692307
-0.29873723076923075
-0.3565236923076923
-0.34004307692307695
-0.31000246153846156
-0.21028430769230766
-0.0988836923076923
-0.012934153846153845
0.15938215384615384
0.2891409230769231
0.3903193846153846
0.4374664615384615
0.3594443076923077
0.3045784615384615
0.19735015384615384
0.05069353846153846
-0.07510153846153846
-0.2559710769230769
-0.3684147692307692
-0.41994276923076923
-0.4326683076923077
-0.3815575384615385
-0.3383741538461538
-0.21362215384615382
-0.019192615384615384
0.1612596923076923
0.31229723076923077
0.3684147692307692
0.4076344615384615
0.4145187692307692
0.32335384615384616
0.20548615384615385
0.008344615384615384
-0.18379015384615385
-0.301032
-0.4026276923076923
-0.3972036923076923
-0.33941723076923075
-0.24512307692307692
-0.07343261538461537
0.06905169230769231
0.22300984615384614
0.36778892307692307
0.4451852307692308
0.48857723076923076
0.4372578461538461
0.3379569230769231
0.22321846153846153
0.09930092307692308
0.017523692307692306
-0.07113784615384615
-0.12829846153846153
-0.15687876923076924
-0.1639716923076923
-0.0853236923076923
-0.003755076923076923
0.07468430769230769
0.14436184615384615
0.15145476923076923
0.18983999999999998
0.22864246153846152
0.22697353846153845
0.20402584615384614
0.12245723076923076
0.06592246153846154
0.06008123076923077
0.04756430769230769
0.03483876923076923
-0.012308307692307691
-0.05507446153846154
-0.06383630769230769
-0.07823076923076923
-0.05799507692307692
-0.049233230769230765
-0.04547815384615384
-0.027745846153846152
-0.03755076923076923
-0.013768615384615384
0.007301538461538462
0.026702769230769228
0.07009476923076922
0.05799507692307692
0.043392
0.031918153846153846
0.02023569230769231
0.04109723076923077
0.0043809230769230765
-0.059038153846153844
-0.10576799999999999
-0.14436184615384615
-0.1397723076923077
-0.1356
-0.13455692307692307
-0.10681107692307691
-0.06216738461538462
0.018983999999999997
0.09825784615384614
0.15562707692307692
0.19505538461538463
0.19004861538461537
0.18337292307692307
0.15792184615384616
0.09867507692307692
0.04547815384615384
-0.02044430769230769
-0.06821723076923077
-0.0974233846153846
-0.1341396923076923
-0.12955015384615384
-0.10201292307692307
-0.05319692307692307
0.013351384615384614
0.07301538461538462
0.14436184615384615
0.20047938461538461
0.2273907692307692
0.21591692307692306
0.15813046153846153
0.08469784615384615
0.003129230769230769
-0.06633969230769231
-0.12308307692307692
-0.18337292307692307
-0.20652923076923077
-0.19296923076923078
-0.14519630769230768
-0.07551876923076924
-0.026911384615384615
0.024408000000000003
0.07113784615384615
0.0961716923076923
0.11911938461538461
0.11974523076923077
0.11140061538461538
0.10138707692307691
0.08699261538461538
0.0826116923076923
0.06863446153846153
0.05403138461538461
0.047772923076923074
0.048816000000000005
0.05173661538461538
0.05069353846153846
0.05444861538461539
0.058829538461538454
0.059664
0.06446215384615385
0.06028984615384615
0.051319384615384614
0.04860738461538461
0.051528
0.07259815384615384
0.08490646153846154
0.0853236923076923
0.09179076923076923
0.09971815384615385
0.10722830769230769
0.09074769230769231
0.03775938461538462
-0.026494153846153844
-0.09658892307692307
-0.15354092307692307
-0.19296923076923078
-0.21758584615384616
-0.2140393846153846
-0.18900553846153845
-0.13184492307692308
-0.058829538461538454
0.022947692307692308
0.10180430769230768
0.1462393846153846
0.16751815384615384
0.16209415384615386
0.12496061538461539
0.07197230769230768
0.00855323076923077
-0.055491692307692304
-0.11494707692307692
-0.16021661538461537
-0.1710646153846154
-0.143736
-0.084072
-0.02086153846153846
0.04088861538461538
0.10576799999999999
0.16271999999999998
0.21132738461538458
0.22029784615384615
0.19651569230769228
0.16063384615384615
0.1070196923076923
0.05799507692307692
0.0014603076923076922
-0.059038153846153844
-0.10806276923076923
-0.1462393846153846
-0.15103753846153847
-0.13893784615384613
-0.11640738461538462
-0.08302892307692307
-0.043600615384615383
0.010848
0.059664
0.09408553846153846
0.10868861538461538
0.0936683076923077
0.06341907692307691
0.02858030769230769
0.0022947692307692304
-0.02273907692307692
-0.05653476923076922
-0.09095630769230768
-0.12224861538461537
-0.14102399999999998
-0.14081538461538462
-0.130176
-0.10827138461538462
-0.07593599999999999
-0.04547815384615384
-0.007510153846153846
0.02524246153846154
0.04756430769230769
0.049233230769230765
0.014603076923076923
-0.030040615384615384
-0.0855323076923077
-0.13914646153846155
-0.18191261538461537
-0.21696000000000001
-0.22718215384615387
-0.20527753846153846
-0.14018953846153845
-0.04819015384615385
0.04526953846153846
0.12433476923076923
0.18796246153846152
0.24428861538461538
0.279336
0.2799618461538461
0.24011630769230768
0.16584923076923075
0.08845292307692308
0.02044430769230769
-0.03838523076923077
-0.0855323076923077
-0.1178676923076923
-0.12245723076923076
-0.09012184615384615
-0.02211323076923077
0.07051199999999999
0.16167692307692308
0.21883753846153844
0.24658338461538462
0.24866953846153847
0.22655630769230767
0.1779489230769231
0.09679753846153846
0.002086153846153846
-0.09909230769230769
-0.18212123076923076
-0.23072861538461537
-0.24887815384615386
-0.2411593846153846
-0.21091015384615383
-0.1635544615384615
-0.10096984615384616
-0.029414769230769227
0.027120000000000002
0.05507446153846154
0.048816000000000005
0.02545107692307692
0.0070929230769230765
-0.005215384615384615
-0.022530461538461537
-0.040262769230769234
-0.051528
-0.04401784615384615
-0.021070153846153846
0.0002086153846153846
0.003963692307692307
-0.015228923076923076
-0.03233538461538461
-0.04380923076923077
-0.04819015384615385
-0.04672984615384615
-0.04693846153846153
-0.03838523076923077
-0.009804923076923077
0.03379569230769231
0.07739630769230768
0.10660246153846153
0.10931446153846153
0.09491999999999999
0.07009476923076922
0.03942830769230769
0.008761846153846153
-0.03942830769230769
-0.103056
-0.1666836923076923
-0.21696000000000001
-0.23615261538461538
-0.23469230769230767
-0.20798953846153845
-0.16751815384615384
-0.10618523076923077
-0.012099692307692308
0.09241661538461539
0.1869193846153846
0.23677846153846152
0.24512307692307692
0.22342707692307692
0.17628
0.10347323076923076
0.00855323076923077
-0.08782707692307692
-0.1558356923076923
-0.17523692307692307
-0.14060676923076923
-0.06362769230769232
0.021278769230769233
0.11682461538461539
0.2075723076923077
0.2860116923076923
0.33607938461538456
0.3377483076923077
0.2970683076923077
0.21967199999999998
0.1353913846153846
0.04902461538461538
-0.02524246153846154
-0.08219446153846154
-0.12454338461538461
-0.13601723076923075
-0.11286092307692308
-0.06154153846153846
0.009804923076923077
0.08031692307692308
0.13101046153846155
0.16084246153846155
0.16438892307692307
0.16021661538461537
0.13309661538461537
0.07677046153846154
0.014603076923076923
-0.05298830769230769
-0.09471138461538461
-0.11265230769230769
-0.11223507692307692
-0.09700615384615385
-0.08156861538461539
-0.04965046153846154
-0.0012516923076923076
0.052153846153846155
0.09804923076923076
0.12850707692307692
0.13643446153846153
0.13247076923076923
0.11557292307692307
0.07113784615384615
0.012308307692307691
-0.06279323076923077
-0.12037107692307693
-0.14665661538461539
-0.15520984615384617
-0.13789476923076924
-0.10827138461538462
-0.05674338461538461
-0.0006258461538461538
0.053614153846153846
0.10409907692307692
0.1353913846153846
0.15228923076923076
0.14811692307692306
0.1356
0.12099692307692309
0.0961716923076923
0.06362769230769232
0.024616615384615383
-0.022530461538461537
-0.06654830769230768
-0.09199938461538461
-0.10472492307692308
-0.10764553846153846
-0.103056
-0.07364123076923076
-0.02524246153846154
0.028371692307692306
0.05507446153846154
0.04547815384615384
0.033169846153846154
-0.011056615384615385
-0.047772923076923074
-0.10368184615384615
-0.16584923076923075
-0.20506892307692307
-0.19547261538461536
-0.11411261538461538
0.06362769230769232
0.28476
0.3784283076923077
0.5363501538461538
0.6371113846153845
0.6846756923076923
0.7245212307692307
0.5401052307692308
0.3039526153846154
-0.05570030769230769
-0.3744646153846154
-0.6158326153846154
-0.8761846153846153
-0.9796578461538461
-1.0307686153846154
-0.8738898461538461
-0.547824
-0.1506203076923077
0.33983446153846153
0.6917686153846153
0.9800750769230769
1.1490535384615383
1.1407089230769232
1.038696
0.7216006153846153
0.31918153846153846
-0.10910584615384614
-0.5918418461538462
-0.8957944615384614
-1.0768726153846153
-1.132572923076923
-1.0084467692307693
-0.8390510769230769
-0.5334295384615384
-0.17461107692307692
0.19839323076923077
0.584748923076923
0.832584
0.968809846153846
0.9905058461538462
0.9070596923076922
0.7384984615384615
0.41618769230769226
0.027745846153846152
-0.37237846153846155
-0.7414190769230768
-0.9550412307692306
-1.0781243076923075
-1.0860516923076924
-0.9625513846153846
-0.7722941538461539
-0.46375199999999994
-0.11265230769230769
0.21591692307692306
0.5459464615384615
0.7929470769230769
0.9750683076923077
1.0962738461538462
1.0848
0.9621341538461539
0.703451076923077
0.3513083076923077
-0.037967999999999995
-0.428496
-0.7643667692307692
-1.0278479999999999
-1.151556923076923
-1.1354935384615383
-0.9746510769230768
-0.6260547692307692
-0.18942276923076923
0.2868461538461538
0.7522670769230769
1.102115076923077
1.3397279999999998
1.4014781538461538
1.276934769230769
1.0017710769230768
0.5713975384615384
0.09596307692307693
-0.3821833846153846
-0.8252824615384615
-1.1615704615384614
-1.373315076923077
-1.3996006153846152
-1.2389667692307693
-0.9243747692307692
-0.49087200000000003
-0.009804923076923077
0.4983821538461538
0.953580923076923
1.2725538461538461
1.439028923076923
1.3906301538461538
1.1642824615384615
0.8242393846153846
0.3848953846153846
-0.05799507692307692
-0.471888
-0.8246566153846154
-1.0364012307692307
-1.1213076923076921
-1.0499612307692308
-0.8194412307692307
-0.5008855384615384
-0.1218313846153846
0.254928
0.5899643076923077
0.8503163076923076
1.0109501538461538
1.0672763076923077
0.9934264615384615
0.8169378461538461
0.5519963076923077
0.23969907692307693
-0.06383630769230769
-0.35151692307692306
-0.5786990769230769
-0.7303624615384615
-0.8117224615384615
-0.7866886153846154
-0.6771655384615384
-0.5138196923076923
-0.3049956923076923
-0.07218092307692307
0.17294215384615383
0.4015846153846154
0.5713975384615384
0.6673606153846153
0.6857187692307692
0.6300184615384615
0.5200781538461539
0.3604873846153846
0.1597993846153846
-0.06404492307692307
-0.2751636923076923
-0.4554073846153846
-0.5970572307692308
-0.672576
-0.6865532307692308
-0.6304356923076923
-0.4971304615384615
-0.3269003076923077
-0.1151556923076923
0.11286092307692308
0.3243969230769231
0.5188264615384615
0.633564923076923
0.6729932307692307
0.6452473846153846
0.5401052307692308
0.38239199999999995
0.1787833846153846
-0.04130584615384615
-0.2557624615384615
-0.43350276923076925
-0.5492843076923076
-0.6039415384615384
-0.5916332307692307
-0.5211212307692308
-0.40617415384615385
-0.24616615384615384
-0.07468430769230769
0.08720123076923077
0.2411593846153846
0.35256
0.4141015384615384
0.41535323076923075
0.35464615384615383
0.260352
0.14665661538461539
0.030040615384615384
-0.084072
-0.18086953846153844
-0.2509643076923077
-0.29185292307692307
-0.30270092307692303
-0.29456492307692306
-0.27599815384615384
-0.2574313846153846
-0.22989415384615383
-0.18107815384615383
-0.11432123076923076
-0.03880246153846154
0.03838523076923077
0.11557292307692307
0.19442953846153843
0.2588916923076923
0.29498215384615384
0.30895938461538464
0.2830910769230769
0.2238443076923077
0.14081538461538462
0.025659692307692307
-0.09012184615384615
-0.19338646153846153
-0.2753723076923077
-0.32543999999999995
-0.3379569230769231
-0.28955815384615385
-0.19505538461538463
-0.06946892307692307
0.0853236923076923
0.24345415384615382
0.38760738461538463
0.5015113846153846
0.5565858461538462
0.5286313846153846
0.41431015384615383
0.24574892307692306
0.05403138461538461
-0.13372246153846154
-0.29456492307692306
-0.43058215384615384
-0.5123593846153845
-0.5238332307692307
-0.4645864615384615
-0.3402516923076923
-0.1804523076923077
-0.011265230769230769
0.14999446153846155
0.2899753846153846
0.3896935384615384
0.43704923076923075
0.4309993846153846
0.37300430769230764
0.26932246153846157
0.146448
0.02586830769230769
-0.07948246153846153
-0.16105107692307694
-0.21904615384615383
-0.2532590769230769
-0.2532590769230769
-0.21883753846153844
-0.16230276923076925
-0.07906523076923076
-0.001043076923076923
0.06800861538461538
0.1316363076923077
0.1779489230769231
0.22342707692307692
0.24866953846153847
0.25659692307692306
0.24512307692307692
0.206112
0.15500123076923078
0.08511507692307693
-0.008970461538461538
-0.11348676923076922
-0.20047938461538461
-0.25430215384615384
-0.28121353846153846
-0.2868461538461538
-0.26222953846153846
-0.20652923076923077
-0.1287156923076923
-0.03692492307692308
0.05757784615384615
0.14164984615384615
0.19985353846153847
0.2288510769230769
0.2238443076923077
0.1829556923076923
0.1097316923076923
0.017315076923076923
-0.0798996923076923
-0.1710646153846154
-0.2369870769230769
-0.2734947692307692
-0.26452430769230767
-0.2207150769230769
-0.15562707692307692
-0.06717415384615384
0.031709538461538456
0.12955015384615384
0.20006215384615383
0.23156307692307693
0.21883753846153844
0.1792006153846154
0.12120553846153845
0.042557538461538466
-0.03629907692307692
-0.10681107692307691
-0.15291507692307693
-0.1800350769230769
-0.18399876923076922
-0.16292861538461537
-0.13247076923076923
-0.09867507692307692
-0.05319692307692307
0.01043076923076923
0.06446215384615385
0.09930092307692308
0.09992676923076924
0.08240307692307691
0.059664
0.02273907692307692
-0.012308307692307691
-0.05528307692307692
-0.08866153846153846
-0.11035753846153845
-0.10868861538461538
-0.07614461538461538
-0.03629907692307692
0.010639384615384617
0.04902461538461538
0.08448923076923077
0.12308307692307692
0.14707384615384617
0.14665661538461539
0.11807630769230769
0.06446215384615385
0.015437538461538461
-0.02273907692307692
-0.03963692307692308
-0.03963692307692308
-0.042557538461538466
-0.02482523076923077
0.008970461538461538
0.06675692307692307
0.13205353846153844
0.18170399999999998
0.2194633846153846
0.22843384615384613
0.2221753846153846
0.20173107692307693
0.15562707692307692
0.09387692307692307
0.015020307692307692
-0.05862092307692307
-0.1028473846153846
-0.13267938461538462
-0.143736
-0.14686523076923075
-0.13872923076923074
-0.08344615384615384
-0.002712
0.09116492307692307
0.18232984615384615
0.2426196923076923
0.2858030769230769
0.30207507692307695
0.2947735384615384
0.2578486153846154
0.17565415384615385
0.07468430769230769
-0.034630153846153845
-0.1314276923076923
-0.20277415384615383
-0.254928
-0.2737033846153846
-0.2574313846153846
-0.20798953846153845
-0.11953661538461538
-0.015646153846153844
0.08740984615384616
0.1693956923076923
0.21883753846153844
0.25993476923076925
0.2818393846153846
0.2872633846153846
0.2655673846153846
0.21007569230769232
0.14832553846153845
0.07468430769230769
0.003129230769230769
-0.05444861538461539
-0.10952307692307692
-0.15228923076923076
-0.1712732307692308
-0.1543753846153846
-0.10263876923076923
-0.04172307692307692
0.02482523076923077
0.08574092307692306
0.1368516923076923
0.18545907692307692
0.21091015384615383
0.208824
0.17023015384615386
0.10535076923076922
0.04547815384615384
-0.013768615384615384
-0.07280676923076923
-0.11557292307692307
-0.15333230769230768
-0.1858763076923077
-0.19797599999999999
-0.19526400000000002
-0.1777403076923077
-0.15520984615384617
-0.12537784615384615
-0.0771876923076923
-0.020652923076923076
0.03713353846153846
0.08636676923076922
0.11745046153846153
0.1356
0.1341396923076923
0.11974523076923077
0.09658892307692307
0.04944184615384615
-0.008970461538461538
-0.06884307692307692
-0.11703323076923078
-0.14665661538461539
-0.16230276923076925
-0.15813046153846153
-0.1424843076923077
-0.11098338461538461
-0.05570030769230769
0.0016689230769230767
0.053405538461538456
0.10117846153846152
0.1368516923076923
0.16605784615384614
0.1800350769230769
0.17294215384615383
0.14311015384615386
0.08219446153846154
0.011265230769230769
-0.05778646153846154
-0.11432123076923076
-0.15479261538461536
-0.1858763076923077
-0.1942209230769231
-0.1760713846153846
-0.13643446153846153
-0.08448923076923077
-0.02586830769230769
0.028371692307692306
0.07280676923076923
0.103056
0.12329169230769231
0.12955015384615384
0.11181784615384616
0.08156861538461539
0.04172307692307692
0.011265230769230769
-0.013768615384615384
-0.03504738461538461
-0.05194523076923077
-0.06550523076923077
-0.056326153846153845
-0.04380923076923077
-0.012308307692307691
-0.0012516923076923076
-0.017940923076923077
-0.01940123076923077
-0.0033378461538461535
0.03880246153846154
0.0828203076923077
0.111192
0.13601723076923075
0.17669723076923077
0.21487384615384614
0.35860984615384617
0.3780110769230769
0.20027076923076922
0.0897046153846154
-0.09658892307692307
-0.09408553846153846
-0.09450276923076922
-0.28100492307692304
-0.33023815384615385
-0.425784
-0.25993476923076925
-0.01981846153846154
0.11160923076923077
0.260352
0.21633415384615384
0.35318584615384613
0.4456024615384615
0.44393353846153844
0.39595199999999997
0.06008123076923077
-0.12496061538461539
-0.29832
-0.42661846153846156
-0.39699507692307695
-0.5275883076923077
-0.4627089230769231
-0.35860984615384617
-0.29685969230769227
0.0033378461538461535
0.16459753846153846
0.35464615384615383
0.5090215384615385
0.4145187692307692
0.40617415384615385
0.2764153846153846
0.15228923076923076
0.09721476923076922
-0.12120553846153845
-0.26723630769230766
-0.4086775384615385
-0.4345458461538461
-0.301032
-0.25471938461538457
-0.1693956923076923
-0.11035753846153845
-0.013351384615384614
0.1908830769230769
0.25242461538461536
0.2730775384615384
0.22551323076923077
0.11765907692307691
0.13706030769230768
0.08469784615384615
0.008761846153846153
-0.03609046153846154
-0.1422756923076923
-0.13789476923076924
-0.11911938461538461
-0.14144123076923076
-0.12913292307692306
-0.1948467692307692
-0.2288510769230769
-0.22008923076923076
-0.21529107692307692
-0.16251138461538459
-0.1151556923076923
-0.013142769230769229
0.065088
0.13476553846153844
0.24554030769230767
0.2695310769230769
0.2937304615384615
0.24762646153846155
0.12683815384615382
0.058412307692307694
-0.06216738461538462
-0.14039815384615384
-0.2021483076923077
-0.2845513846153846
-0.2509643076923077
-0.19359507692307693
-0.0961716923076923
0.011265230769230769
0.08052553846153847
0.214248
0.34338092307692303
0.42307199999999995
0.42348923076923073
0.3285692307692308
0.23656984615384613
0.10848000000000001
-0.03504738461538461
-0.17377661538461536
-0.3584012307692308
-0.44810584615384613
-0.45373846153846153
-0.40346215384615386
-0.23656984615384613
-0.09137353846153846
0.06800861538461538
0.2342750769230769
0.3054129230769231
0.37592492307692305
0.38072307692307694
0.3133403076923077
0.21737723076923077
0.06154153846153846
-0.07927384615384615
-0.1942209230769231
-0.26222953846153846
-0.2670276923076923
-0.24908676923076922
-0.18525046153846153
-0.11494707692307692
-0.018358153846153843
0.11974523076923077
0.2140393846153846
0.29080984615384614
0.30249230769230767
0.2647329230769231
0.2517987692307692
0.19380369230769232
0.11181784615384616
0.002086153846153846
-0.12704676923076924
-0.1706473846153846
-0.15374953846153847
-0.11640738461538462
-0.08115138461538463
-0.08219446153846154
-0.05736923076923077
-0.0014603076923076922
0.05298830769230769
0.09930092307692308
0.09116492307692307
0.06633969230769231
0.028371692307692306
-0.02211323076923077
-0.03859384615384615
-0.07134646153846153
-0.07051199999999999
-0.04860738461538461
-0.051528
-0.015854769230769228
0.01272553846153846
0.052153846153846155
0.10117846153846152
0.08866153846153846
0.07030338461538461
0.05486584615384615
0.041514461538461535
0.059872615384615385
0.053614153846153846
0.02795446153846154
0.007927384615384614
0.006049846153846154
0.043600615384615383
0.06425353846153846
0.06654830769230768
0.05069353846153846
0.017315076923076923
0.006258461538461538
-0.01814953846153846
-0.042557538461538466
-0.05674338461538461
-0.07092923076923077
-0.05048492307692308
-0.03108369230769231
-0.00855323076923077
0.03045784615384615
0.06070707692307692
0.08949599999999999
0.0963803076923077
0.09304246153846155
0.09158215384615384
0.07802215384615384
0.052153846153846155
0.0002086153846153846
-0.04672984615384615
-0.07614461538461538
-0.07885661538461539
-0.046104
-0.018358153846153843
0.016897846153846156
0.0609156923076923
0.10868861538461538
0.17148184615384612
0.1994363076923077
0.1883796923076923
0.17586276923076924
0.14749107692307692
0.10535076923076922
0.03775938461538462
-0.059872615384615385
-0.14081538461538462
-0.192552
-0.20298276923076922
-0.17231630769230769
-0.13080184615384613
-0.07697907692307693
-0.006258461538461538
0.07072061538461538
0.14311015384615386
0.19046584615384615
0.2090326153846154
0.18796246153846152
0.1368516923076923
0.06884307692307692
-0.015854769230769228
-0.08887015384615385
-0.13998092307692306
-0.1635544615384615
-0.15082892307692305
-0.12016246153846154
-0.06759138461538462
0.019609846153846155
0.10952307692307692
0.19505538461538463
0.25138153846153843
0.25138153846153843
0.23406646153846156
0.18337292307692307
0.10743692307692307
0.026702769230769228
-0.06279323076923077
-0.13622584615384614
-0.18983999999999998
-0.21132738461538458
-0.2021483076923077
-0.1691870769230769
-0.11494707692307692
-0.06133292307692308
-0.011891076923076923
0.031709538461538456
0.054657230769230764
0.07113784615384615
0.06321046153846153
0.015854769230769228
-0.03859384615384615
-0.10096984615384616
-0.13810338461538463
-0.1476996923076923
-0.13893784615384613
-0.10430769230769231
-0.06905169230769231
-0.007510153846153846
0.06800861538461538
0.12767261538461538
0.165432
0.17628
0.18212123076923076
0.17732307692307692
0.16042523076923076
0.13476553846153844
0.09491999999999999
0.06362769230769232
0.05757784615384615
0.058829538461538454
0.06529661538461538
0.06738276923076922
0.06195876923076923
0.06654830769230768
0.06467076923076923
0.06592246153846154
0.06133292307692308
0.042557538461538466
0.02586830769230769
0.0008344615384615384
-0.015437538461538461
-0.009804923076923077
-0.00855323076923077
-0.02023569230769231
-0.04422646153846154
-0.07197230769230768
-0.08720123076923077
-0.08615815384615384
-0.07593599999999999
-0.06467076923076923
-0.055491692307692304
-0.04193169230769231
-0.013351384615384614
0.012516923076923077
0.032544
0.04088861538461538
0.05444861538461539
0.08469784615384615
0.116616
0.14603076923076924
0.14936861538461538
0.124752
0.07927384615384615
0.026285538461538457
-0.021696
-0.06967753846153846
-0.12204
-0.16251138461538459
-0.17461107692307692
-0.1462393846153846
-0.07614461538461538
0.006884307692307692
0.09283384615384616
0.16063384615384615
0.21445661538461538
0.2526332307692308
0.24741784615384615
0.20027076923076922
0.09846646153846153
-0.02315630769230769
-0.12725538461538463
-0.21508246153846153
-0.26765353846153844
-0.29727692307692305
-0.29352184615384613
-0.2292683076923077
-0.12767261538461538
0.002086153846153846
0.1316363076923077
0.23177169230769232
0.30207507692307695
0.3323243076923077
0.3285692307692308
0.29101846153846156
0.21341353846153846
0.10472492307692308
-0.022947692307692308
-0.1422756923076923
-0.24908676923076922
-0.3379569230769231
-0.38885907692307686
-0.4082603076923077
-0.3757163076923077
-0.28851507692307693
-0.15646153846153846
-0.005424
0.1070196923076923
0.18191261538461537
0.22175815384615383
0.22113230769230768
0.18712800000000002
0.111192
0.0006258461538461538
-0.1178676923076923
-0.21821169230769227
-0.2828824615384615
-0.3072904615384615
-0.30249230769230767
-0.2855944615384615
-0.24470584615384613
-0.1733593846153846
-0.08073415384615384
0.011473846153846154
0.07489292307692308
0.111192
0.13622584615384614
0.15541846153846153
0.16772676923076923
0.16793538461538463
0.13518276923076925
0.09512861538461538
0.05653476923076922
0.014394461538461538
-0.007927384615384614
-0.03775938461538462
-0.07885661538461539
-0.11619876923076923
-0.14477907692307693
-0.14603076923076924
-0.1287156923076923
-0.09596307692307693
-0.05194523076923077
-0.0050067692307692304
0.054657230769230764
0.11056615384615384
0.15833907692307692
0.1775316923076923
0.15479261538461536
0.10764553846153846
0.037967999999999995
-0.017523692307692306
-0.06863446153846153
-0.13101046153846155
-0.17461107692307692
-0.18796246153846152
-0.15520984615384617
-0.08448923076923077
0.0002086153846153846
0.08323753846153846
0.16438892307692307
0.23406646153846156
0.2916443076923077
0.3323243076923077
0.3321156923076923
0.287472
0.2090326153846154
0.12934153846153845
0.05444861538461539
-0.014185846153846153
-0.07656184615384615
-0.12412615384615384
-0.13643446153846153
-0.11745046153846153
-0.07051199999999999
-0.011891076923076923
0.04130584615384615
0.0798996923076923
0.10326461538461539
0.10868861538461538
0.09992676923076924
0.07280676923076923
0.02545107692307692
-0.026494153846153844
-0.073224
-0.09450276923076922
-0.08782707692307692
-0.05820369230769231
-0.02273907692307692
0.013768615384615384
0.051319384615384614
0.07802215384615384
0.09429415384615383
0.07656184615384615
0.04193169230769231
0.004589538461538461
-0.03379569230769231
-0.05444861538461539
-0.06988615384615385
-0.07572738461538461
-0.06529661538461538
-0.04172307692307692
-0.0035464615384615383
0.03984553846153846
0.06884307692307692
0.08344615384615384
0.0892873846153846
0.08574092307692306
0.06404492307692307
0.02211323076923077
-0.023990769230769232
-0.07760492307692309
-0.13121907692307694
-0.18253846153846154
-0.22175815384615383
-0.2275993846153846
-0.21925476923076925
-0.18879692307692306
-0.13998092307692306
-0.092208
-0.04714707692307692
-0.021696
0.03713353846153846
0.10806276923076923
0.1794092307692308
0.27474646153846155
0.31188
0.3565236923076923
0.38426953846153844
0.3767593846153846
0.36403384615384615
0.265776
0.1652233846153846
0.03775938461538462
-0.03921969230769231
-0.09387692307692307
-0.18775384615384613
-0.20256553846153844
-0.25284184615384614
-0.2059033846153846
-0.09554584615384615
0.0035464615384615383
0.14749107692307692
0.2157083076923077
0.31000246153846156
0.35464615384615383
0.3344104615384615
0.3062473846153846
0.184416
0.06675692307692307
-0.07572738461538461
-0.21696000000000001
-0.2872633846153846
-0.34963938461538463
-0.3373310769230769
-0.27787569230769227
-0.20339999999999997
-0.086784
0.011473846153846154
0.13038461538461538
0.21779446153846155
0.23677846153846152
0.26535876923076923
0.2578486153846154
0.26306399999999996
0.2647329230769231
0.20131384615384615
0.11724184615384614
-0.0077187692307692304
-0.12558646153846154
-0.21091015384615383
-0.2979027692307692
-0.36027876923076924
-0.3913624615384615
-0.3636166153846153
-0.26932246153846157
-0.15687876923076924
-0.040262769230769234
0.06446215384615385
0.16251138461538459
0.2497126153846154
0.29456492307692306
0.3133403076923077
0.2870547692307692
0.21716861538461538
0.13852061538461538
0.020652923076923076
-0.09909230769230769
-0.20798953846153845
-0.3141747692307692
-0.360696
-0.3721698461538462
-0.3269003076923077
-0.20548615384615385
-0.04944184615384615
0.1358086153846154
0.30249230769230767
0.4303735384615384
0.5144455384615384
0.533220923076923
0.49817353846153845
0.4026276923076923
0.26932246153846157
0.14039815384615384
0.027120000000000002
-0.06216738461538462
-0.13351384615384615
-0.1794092307692308
-0.18212123076923076
-0.16021661538461537
-0.10722830769230769
-0.03880246153846154
0.010639384615384617
0.06884307692307692
0.12558646153846154
0.1710646153846154
0.20047938461538461
0.19317784615384614
0.17148184615384612
0.1341396923076923
0.08219446153846154
0.02899753846153846
-0.023990769230769232
-0.06821723076923077
-0.1028473846153846
-0.11035753846153845
-0.0855323076923077
-0.05799507692307692
-0.021278769230769233
0.013351384615384614
0.040054153846153843
0.06821723076923077
0.08740984615384616
0.10931446153846153
0.12600369230769232
0.12996738461538462
0.12516923076923075
0.10660246153846153
0.07656184615384615
0.041514461538461535
-0.005215384615384615
-0.06571384615384615
-0.127464
-0.16876984615384616
-0.18212123076923076
-0.16647507692307692
-0.13726892307692307
-0.1205796923076923
-0.0974233846153846
-0.06926030769230769
-0.027328615384615382
0.011682461538461537
0.006258461538461538
-0.021904615384615383
-0.05236246153846154
-0.07051199999999999
-0.086784
-0.10076123076923077
-0.11223507692307692
-0.11849353846153846
-0.10952307692307692
-0.09450276923076922
-0.06279323076923077
-0.03129230769230769
-0.0035464615384615383
0.015646153846153844
0.025033846153846153
0.03650769230769231
0.03921969230769231
0.031709538461538456
0.010848
-0.018775384615384614
-0.047772923076923074
-0.06070707692307692
-0.04860738461538461
-0.012934153846153845
0.02232184615384615
0.06216738461538462
0.10389046153846154
0.138312
0.17398523076923075
0.17273353846153844
0.1422756923076923
0.09137353846153846
0.019609846153846155
-0.04631261538461538
-0.10493353846153847
-0.14728246153846153
-0.184416
-0.19547261538461536
-0.1612596923076923
-0.10889723076923077
-0.046104
0.010639384615384617
0.06967753846153846
0.12245723076923076
0.15124615384615384
0.17315076923076922
0.17419384615384614
0.154584
0.11140061538461538
0.04193169230769231
-0.009804923076923077
-0.05382276923076923
-0.10117846153846152
-0.13372246153846154
-0.16063384615384615
-0.1597993846153846
-0.13622584615384614
-0.09804923076923076
-0.04214030769230769
0.0035464615384615383
0.03984553846153846
0.055491692307692304
0.05507446153846154
0.052153846153846155
0.02315630769230769
-0.022947692307692308
-0.07113784615384615
-0.10868861538461538
-0.12391753846153845
-0.13455692307692307
-0.138312
-0.12934153846153845
-0.1136953846153846
-0.07656184615384615
-0.02795446153846154
0.014811692307692307
0.05194523076923077
0.07510153846153846
0.09700615384615385
0.11891076923076922
0.12767261538461538
0.11828492307692307
0.08636676923076922
0.05653476923076922
0.03442153846153846
0.011265230769230769
-0.009596307692307692
-0.02586830769230769
-0.021696
-0.009179076923076922
0.006049846153846154
0.03129230769230769
0.05048492307692308
0.07030338461538461
0.08720123076923077
0.09471138461538461
0.09387692307692307
0.07218092307692307
0.044435076923076924
0.019609846153846155
-0.009804923076923077
-0.03629907692307692
-0.05298830769230769
-0.06154153846153846
-0.06487938461538462
-0.06800861538461538
-0.06675692307692307
-0.06216738461538462
-0.04902461538461538
-0.027745846153846152
-0.02044430769230769
-0.008344615384615384
0.006258461538461538
0.02858030769230769
0.05528307692307692
0.05507446153846154
0.04965046153846154
0.044435076923076924
0.04276615384615385
0.04401784615384615
0.02545107692307692
-0.004172307692307692
-0.028371692307692306
-0.03442153846153846
-0.020652923076923076
-0.0043809230769230765
0.008761846153846153
0.017523692307692306
0.028788923076923077
0.04214030769230769
0.04318338461538461
0.03400430769230769
0.015646153846153844
-0.0070929230769230765
-0.02795446153846154
-0.03713353846153846
-0.03379569230769231
-0.026285538461538457
-0.015228923076923076
0.0006258461538461538
0.03775938461538462
0.08156861538461539
0.11494707692307692
0.14164984615384615
0.14561353846153846
0.13247076923076923
0.11286092307692308
0.09053907692307692
0.059872615384615385
0.008136
-0.047981538461538464
-0.09283384615384616
-0.11494707692307692
-0.10722830769230769
-0.08636676923076922
-0.059872615384615385
-0.02524246153846154
0.01856676923076923
0.07551876923076924
0.12329169230769231
0.14957723076923077
0.14603076923076924
0.10430769230769231
0.054657230769230764
0.0002086153846153846
-0.061124307692307686
-0.11891076923076922
-0.17148184615384612
-0.19651569230769228
-0.18379015384615385
-0.14540492307692307
-0.0880356923076923
-0.02211323076923077
0.05194523076923077
0.12245723076923076
0.16876984615384616
0.1992276923076923
0.19046584615384615
0.1504116923076923
0.09909230769230769
0.04526953846153846
0.015854769230769228
-0.006258461538461538
-0.02211323076923077
-0.024616615384615383
-0.016897846153846156
0.010222153846153844
0.04672984615384615
0.07468430769230769
0.08094276923076923
0.061124307692307686
0.03609046153846154
0.0070929230769230765
-0.012099692307692308
-0.01668923076923077
-0.025659692307692307
-0.01814953846153846
-0.0029206153846153843
0.01710646153846154
0.043600615384615383
0.04672984615384615
0.03150092307692308
-0.0025033846153846152
-0.03609046153846154
-0.05444861538461539
-0.08219446153846154
-0.11870215384615385
-0.15792184615384616
-0.17982646153846152
-0.1802436923076923
-0.16063384615384615
-0.11724184615384614
-0.06717415384615384
-0.009179076923076922
0.06362769230769232
0.14686523076923075
0.21633415384615384
0.25367630769230765
0.24574892307692306
0.19755876923076923
0.13455692307692307
0.06946892307692307
0.006884307692307692
-0.06467076923076923
-0.14018953846153845
-0.19192615384615386
-0.19150892307692308
-0.13643446153846153
-0.05298830769230769
0.029832
0.1045163076923077
0.17085599999999998
0.22447015384615385
0.2682793846153846
0.28350830769230767
0.25555384615384613
0.1869193846153846
0.10514215384615383
0.03233538461538461
-0.03233538461538461
-0.07781353846153846
-0.11891076923076922
-0.13914646153846155
-0.12808984615384614
-0.0961716923076923
-0.03671630769230769
0.011473846153846154
0.04902461538461538
0.08386338461538462
0.11181784615384616
0.14936861538461538
0.17481969230769231
0.18963138461538462
0.18232984615384615
0.14853415384615384
0.11724184615384614
0.0798996923076923
0.04672984615384615
0.006675692307692307
-0.04193169230769231
-0.07510153846153846
-0.09158215384615384
-0.08010830769230769
-0.054657230769230764
-0.024408000000000003
0.011473846153846154
0.055491692307692304
0.11640738461538462
0.17440246153846153
0.21174461538461536
0.22655630769230767
0.21591692307692306
0.19213476923076922
0.16480615384615382
0.12642092307692307
0.0798996923076923
0.021696
-0.04047138461538462
-0.08636676923076922
-0.10889723076923077
-0.10806276923076923
-0.09408553846153846
-0.06467076923076923
-0.016063384615384615
0.04047138461538462
0.09554584615384615
0.1397723076923077
0.1570873846153846
0.14457046153846154
0.11411261538461538
0.06654830769230768
0.007510153846153846
-0.06195876923076923
-0.13518276923076925
-0.19067446153846154
-0.22426153846153846
-0.22718215384615387
-0.20173107692307693
-0.16626646153846153
-0.1289243076923077
-0.09679753846153846
-0.06592246153846154
-0.033169846153846154
-0.019609846153846155
-0.026285538461538457
-0.04401784615384615
-0.07113784615384615
-0.08845292307692308
-0.1045163076923077
-0.11557292307692307
-0.11286092307692308
-0.1070196923076923
-0.09053907692307692
-0.06550523076923077
-0.042348923076923076
-0.02232184615384615
-0.019192615384615384
-0.03275261538461539
-0.04672984615384615
-0.05611753846153846
-0.04714707692307692
-0.03775938461538462
-0.03275261538461539
-0.02482523076923077
-0.024199384615384616
0.007510153846153846
0.042348923076923076
0.06446215384615385
0.06258461538461538
0.037342153846153844
0.020027076923076922
0.010013538461538461
0.0016689230769230767
0.0050067692307692304
0.0717636923076923
0.02044430769230769
-0.042974769230769226
-0.03880246153846154
-0.06759138461538462
0.007301538461538462
-0.02586830769230769
-0.09095630769230768
-0.13601723076923075
-0.18128676923076922
-0.07697907692307693
-0.03567323076923076
0.006467076923076923
-0.003129230769230769
-0.024616615384615383
0.09012184615384615
0.16209415384615386
0.2620209230769231
0.23448369230769228
0.1136953846153846
0.0880356923076923
0.020652923076923076
0.03692492307692308
0.03129230769230769
-0.03713353846153846
-0.0014603076923076922
-0.02586830769230769
0.01981846153846154
0.1341396923076923
0.15875630769230767
0.22300984615384614
0.21070153846153844
0.16835261538461538
0.16188553846153847
0.111192
0.12391753846153845
0.11098338461538461
0.04631261538461538
-0.010639384615384617
-0.07760492307692309
-0.065088
-0.05507446153846154
-0.0855323076923077
-0.09930092307692308
-0.14206707692307693
-0.10430769230769231
-0.029832
0.0006258461538461538
0.05069353846153846
0.040054153846153843
0.03984553846153846
0.07656184615384615
0.05236246153846154
0.03942830769230769
-0.003129230769230769
-0.06049846153846154
-0.049233230769230765
-0.043392
-0.030875076923076922
-0.03901107692307692
-0.07092923076923077
-0.07426707692307692
-0.08636676923076922
-0.07489292307692308
-0.05736923076923077
-0.023364923076923075
0.027120000000000002
0.030875076923076922
0.06946892307692307
0.10347323076923076
0.11140061538461538
0.13935507692307691
0.10263876923076923
0.06467076923076923
0.03024923076923077
-0.016480615384615385
-0.008344615384615384
-0.029623384615384614
-0.05298830769230769
-0.04088861538461538
-0.027120000000000002
0.017523692307692306
0.04109723076923077
0.05674338461538461
0.09491999999999999
0.11953661538461538
0.143736
0.13393107692307693
0.11619876923076923
0.11703323076923078
0.07614461538461538
0.03775938461538462
-0.008136
-0.06759138461538462
-0.08031692307692308
-0.0961716923076923
-0.09512861538461538
-0.07301538461538462
-0.06842584615384616
-0.03609046153846154
-0.011891076923076923
-0.002086153846153846
0.024199384615384616
0.02899753846153846
0.03108369230769231
0.02545107692307692
0.005841230769230769
-0.009596307692307692
-0.040262769230769234
-0.05069353846153846
-0.05111076923076923
-0.05069353846153846
-0.043392
-0.06049846153846154
-0.05757784615384615
-0.04547815384615384
-0.02899753846153846
0.016063384615384615
0.028163076923076923
0.04109723076923077
0.0798996923076923
0.10889723076923077
0.14394461538461537
0.1489513846153846
0.138312
0.143736
0.13726892307692307
0.1316363076923077
0.10576799999999999
0.05590892307692308
0.006258461538461538
-0.047981538461538464
-0.07802215384615384
-0.09763200000000001
-0.11306953846153844
-0.10910584615384614
-0.10806276923076923
-0.0828203076923077
-0.034630153846153845
0.013768615384615384
0.08219446153846154
0.12141415384615384
0.11599015384615384
0.0974233846153846
0.053614153846153846
0.020652923076923076
-0.028788923076923077
-0.11452984615384615
-0.18629353846153843
-0.23782153846153845
-0.23448369230769228
-0.17461107692307692
-0.09950953846153845
-0.024408000000000003
0.042557538461538466
0.12308307692307692
0.20319138461538463
0.2497126153846154
0.25930892307692305
0.20193969230769232
0.11849353846153846
0.03567323076923076
-0.054657230769230764
-0.11306953846153844
-0.1570873846153846
-0.17002153846153847
-0.1353913846153846
-0.07843938461538462
0.013560000000000001
0.10994030769230768
0.1760713846153846
0.21070153846153844
0.20381723076923075
0.184416
0.15646153846153846
0.1045163076923077
0.03838523076923077
-0.051528
-0.13768615384615385
-0.20047938461538461
-0.2209236923076923
-0.20652923076923077
-0.1856676923076923
-0.14519630769230768
-0.08887015384615385
-0.017315076923076923
0.05319692307692307
0.09471138461538461
0.10743692307692307
0.10576799999999999
0.07906523076923076
0.048816000000000005
0.005841230769230769
-0.06425353846153846
-0.10597661538461538
-0.12496061538461539
-0.11327815384615383
-0.06905169230769231
-0.02273907692307692
0.024408000000000003
0.06258461538461538
0.09241661538461539
0.1070196923076923
0.10931446153846153
0.10138707692307691
0.07489292307692308
0.05236246153846154
0.031918153846153846
0.01981846153846154
0.026494153846153844
0.040054153846153843
0.06842584615384616
0.09825784615384614
0.10722830769230769
0.11098338461538461
0.1178676923076923
0.11202646153846153
0.10827138461538462
0.09825784615384614
0.08574092307692306
0.0892873846153846
0.08740984615384616
0.08699261538461538
0.08636676923076922
0.08615815384615384
0.08386338461538462
0.06863446153846153
0.047772923076923074
0.02023569230769231
0.0035464615384615383
-0.012308307692307691
-0.03108369230769231
-0.052153846153846155
-0.07197230769230768
-0.07948246153846153
-0.07364123076923076
-0.04526953846153846
-0.019609846153846155
-0.014603076923076923
-0.018983999999999997
-0.014811692307692307
-0.002712
0.003963692307692307
-0.003129230769230769
-0.022947692307692308
-0.04401784615384615
-0.06154153846153846
-0.07593599999999999
-0.084072
-0.08594953846153845
-0.07781353846153846
-0.046104
0.016480615384615385
0.09116492307692307
0.16271999999999998
0.21737723076923077
0.24449723076923074
0.2478350769230769
0.21967199999999998
0.17377661538461536
0.10889723076923077
0.021278769230769233
-0.08073415384615384
-0.16021661538461537
-0.1977673846153846
-0.19881046153846152
-0.1614683076923077
-0.11181784615384616
-0.04318338461538461
0.042974769230769226
0.12725538461538463
0.19755876923076923
0.222384
0.19693292307692306
0.13914646153846155
0.06154153846153846
-0.02524246153846154
-0.11327815384615383
-0.19588984615384614
-0.26786215384615386
-0.30436984615384616
-0.29456492307692306
-0.24762646153846155
-0.18066092307692305
-0.10952307692307692
-0.04276615384615385
0.014394461538461538
0.06905169230769231
0.09679753846153846
0.09658892307692307
0.07531015384615385
0.04860738461538461
0.037967999999999995
0.04214030769230769
0.06154153846153846
0.084072
0.10931446153846153
0.1314276923076923
0.1558356923076923
0.17669723076923077
0.17273353846153844
0.13852061538461538
0.08031692307692308
0.011056615384615385
-0.04944184615384615
-0.09095630769230768
-0.11494707692307692
-0.1097316923076923
-0.07551876923076924
-0.002086153846153846
0.10055261538461538
0.20423446153846153
0.2883064615384615
0.32606584615384615
0.31772123076923076
0.26786215384615386
0.18128676923076922
0.06341907692307691
-0.07927384615384615
-0.2221753846153846
-0.328152
-0.3752990769230769
-0.3671630769230769
-0.3012406153846154
-0.19338646153846153
-0.06967753846153846
0.06633969230769231
0.2059033846153846
0.3212676923076923
0.38531261538461536
0.3844781538461538
0.3235624615384615
0.22321846153846153
0.0988836923076923
-0.03588184615384615
-0.1693956923076923
-0.28350830769230767
-0.35339446153846155
-0.3600701538461538
-0.30749907692307693
-0.21591692307692306
-0.10722830769230769
0.0035464615384615383
0.12037107692307693
0.22843384615384613
0.31083692307692307
0.3448412307692308
0.33482769230769227
0.29227015384615385
0.2157083076923077
0.13747753846153846
0.053614153846153846
-0.03483876923076923
-0.1136953846153846
-0.17231630769230769
-0.18942276923076923
-0.1779489230769231
-0.15145476923076923
-0.11578153846153846
-0.07134646153846153
-0.017940923076923077
0.04422646153846154
0.10660246153846153
0.1531236923076923
0.1787833846153846
0.18629353846153843
0.18066092307692305
0.17002153846153847
0.14936861538461538
0.10764553846153846
0.05090215384615384
-0.026494153846153844
-0.10743692307692307
-0.18399876923076922
-0.24992123076923078
-0.29414769230769233
-0.3212676923076923
-0.3079163076923077
-0.24616615384615384
-0.14477907692307693
-0.01814953846153846
0.1097316923076923
0.2138307692307692
0.2855944615384615
0.3269003076923077
0.32564861538461537
0.2695310769230769
0.15896492307692306
0.01856676923076923
-0.12099692307692309
-0.23364923076923078
-0.31188
-0.3412947692307692
-0.31813846153846154
-0.2507556923076923
-0.13434830769230768
0.0077187692307692304
0.14853415384615384
0.2647329230769231
0.3412947692307692
0.37592492307692305
0.3588184615384616
0.29727692307692305
0.1923433846153846
0.05069353846153846
-0.1028473846153846
-0.2411593846153846
-0.3316984615384615
-0.3763421538461538
-0.3798886153846154
-0.3377483076923077
-0.26306399999999996
-0.16105107692307694
-0.040054153846153843
0.07906523076923076
0.168144
0.21132738461538458
0.2225926153846154
0.20652923076923077
0.16167692307692308
0.08866153846153846
-0.009596307692307692
-0.10994030769230768
-0.19192615384615386
-0.23928184615384615
-0.24345415384615382
-0.21904615384615383
-0.1777403076923077
-0.1207883076923077
-0.05507446153846154
0.023364923076923075
0.10159569230769232
0.16230276923076925
0.20047938461538461
0.2127876923076923
0.21341353846153846
0.19964492307692308
0.1704387692307692
0.12683815384615382
0.06321046153846153
-0.0050067692307692304
-0.0678
-0.10472492307692308
-0.11411261538461538
-0.11599015384615384
-0.09325107692307691
-0.04714707692307692
0.011056615384615385
0.07092923076923077
0.09867507692307692
0.092208
0.05507446153846154
0.027328615384615382
0.003755076923076923
-0.013142769230769229
-0.016480615384615385
-0.03045784615384615
0.01043076923076923
0.05236246153846154
0.2209236923076923
0.3412947692307692
0.2670276923076923
0.28121353846153846
0.20360861538461536
0.19317784615384614
0.1652233846153846
-0.01272553846153846
-0.12037107692307693
-0.3170953846153846
-0.32648307692307693
-0.25930892307692305
-0.23907323076923076
-0.1368516923076923
-0.12037107692307693
0.06633969230769231
0.2699483076923077
0.42494953846153843
0.5780732307692308
0.47313969230769226
0.3846867692307692
0.25242461538461536
0.073224
-0.005215384615384615
-0.20193969230769232
-0.2891409230769231
-0.3323243076923077
-0.40742584615384614
-0.26911384615384615
-0.15917353846153848
-0.018775384615384614
0.1289243076923077
0.13372246153846154
0.19672430769230767
0.1858763076923077
0.1800350769230769
0.2207150769230769
0.138312
0.06613107692307692
-0.02545107692307692
-0.06967753846153846
-0.046104
-0.1097316923076923
-0.154584
-0.21779446153846155
-0.2563883076923077
-0.1873366153846154
-0.17711446153846155
-0.15520984615384617
-0.13872923076923074
-0.1506203076923077
-0.06884307692307692
-0.022530461538461537
0.010848
0.06821723076923077
0.06571384615384615
0.11578153846153846
0.17169046153846151
0.1794092307692308
0.1597993846153846
0.052571076923076915
-0.05236246153846154
-0.1656406153846154
-0.28434276923076923
-0.347136
-0.3832264615384615
-0.34066892307692304
-0.28163076923076924
-0.18170399999999998
0.014185846153846153
0.1693956923076923
0.3102110769230769
0.40596553846153843
0.42077723076923074
0.42328061538461537
0.3373310769230769
0.22447015384615385
0.07969107692307692
-0.11745046153846153
-0.24053353846153847
-0.32898646153846156
-0.3623649230769231
-0.34776184615384614
-0.31250584615384613
-0.18337292307692307
-0.017732307692307693
0.14749107692307692
0.28350830769230767
0.3548547692307692
0.4314166153846154
0.4541556923076923
0.3915710769230769
0.29727692307692305
0.12788123076923075
-0.025033846153846153
-0.14081538461538462
-0.24595753846153845
-0.2601433846153846
-0.24700061538461537
-0.19547261538461536
-0.09992676923076924
-0.017732307692307693
0.10096984615384616
0.21049292307692305
0.2858030769230769
0.3369138461538461
0.328152
0.2887236923076923
0.22572184615384616
0.17002153846153847
0.13372246153846154
0.07697907692307693
0.02858030769230769
-0.015854769230769228
-0.042974769230769226
-0.043392
-0.06321046153846153
-0.07009476923076922
-0.07802215384615384
-0.08907876923076924
-0.04735569230769231
0.013768615384615384
0.07134646153846153
0.10994030769230768
0.116616
0.14018953846153845
0.1733593846153846
0.17690584615384616
0.1476996923076923
0.07218092307692307
-0.013560000000000001
-0.08615815384615384
-0.143736
-0.16751815384615384
-0.18712800000000002
-0.1881710769230769
-0.17169046153846151
-0.13872923076923074
-0.06008123076923077
0.009804923076923077
0.08365476923076923
0.16292861538461537
0.19651569230769228
0.2290596923076923
0.2374043076923077
0.21883753846153844
0.19213476923076922
0.10681107692307691
0.02023569230769231
-0.04714707692307692
-0.1045163076923077
-0.12788123076923075
-0.14728246153846153
-0.1435273846153846
-0.11286092307692308
-0.065088
0.016063384615384615
0.07760492307692309
0.11390399999999999
0.1289243076923077
0.11035753846153845
0.09241661538461539
0.04756430769230769
-0.006884307692307692
-0.05507446153846154
-0.10535076923076922
-0.11891076923076922
-0.12099692307692309
-0.11286092307692308
-0.07656184615384615
-0.03379569230769231
0.0050067692307692304
0.02899753846153846
0.043600615384615383
0.05570030769230769
0.04839876923076923
0.02044430769230769
-0.021278769230769233
-0.07405846153846153
-0.12537784615384615
-0.154584
-0.15687876923076924
-0.14665661538461539
-0.11911938461538461
-0.07697907692307693
-0.030040615384615384
0.01856676923076923
0.05194523076923077
0.07134646153846153
0.09554584615384615
0.1097316923076923
0.09804923076923076
0.07405846153846153
0.03358707692307692
-0.01814953846153846
-0.061750153846153844
-0.09825784615384614
-0.12788123076923075
-0.14060676923076923
-0.13601723076923075
-0.10660246153846153
-0.05674338461538461
0.0025033846153846152
0.0771876923076923
0.1476996923076923
0.19755876923076923
0.22572184615384616
0.2288510769230769
0.20110523076923076
0.14457046153846154
0.0771876923076923
0.02211323076923077
-0.02273907692307692
-0.06905169230769231
-0.10180430769230768
-0.10535076923076922
-0.07906523076923076
-0.03129230769230769
0.022530461538461537
0.06529661538461538
0.10263876923076923
0.13372246153846154
0.14978584615384616
0.15604430769230768
0.14457046153846154
0.10827138461538462
0.06049846153846154
0.014185846153846153
-0.017523692307692306
-0.03129230769230769
-0.03713353846153846
-0.049233230769230765
-0.065088
-0.06738276923076922
-0.06362769230769232
-0.04860738461538461
-0.03567323076923076
-0.02524246153846154
-0.012308307692307691
-0.011473846153846154
0.003963692307692307
0.028788923076923077
0.04526953846153846
0.05236246153846154
0.058412307692307694
0.06654830769230768
0.07614461538461538
0.07426707692307692
0.051528
0.018983999999999997
-0.02753723076923077
-0.06550523076923077
-0.09700615384615385
-0.124752
-0.14603076923076924
-0.157296
-0.13768615384615385
-0.09700615384615385
-0.037342153846153844
0.02899753846153846
0.08469784615384615
0.12642092307692307
0.14957723076923077
0.15103753846153847
0.12808984615384614
0.06467076923076923
-0.02086153846153846
-0.09533723076923077
-0.15771323076923077
-0.19213476923076922
-0.20486030769230767
-0.19964492307692308
-0.17023015384615386
-0.124752
-0.05924676923076923
0.004798153846153846
0.058829538461538454
0.09325107692307691
0.0974233846153846
0.09992676923076924
0.100344
0.0936683076923077
0.08469784615384615
0.059872615384615385
0.033169846153846154
0.007510153846153846
-0.018358153846153843
-0.035255999999999996
-0.059038153846153844
-0.0826116923076923
-0.10055261538461538
-0.09992676923076924
-0.05570030769230769
-0.003963692307692307
0.03379569230769231
0.06654830769230768
0.092208
0.12704676923076924
0.15374953846153847
0.16209415384615386
0.15792184615384616
0.13601723076923075
0.1151556923076923
0.09533723076923077
0.07677046153846154
0.05298830769230769
0.02023569230769231
-0.006675692307692307
-0.021070153846153846
-0.015646153846153844
0.0022947692307692304
0.021070153846153846
0.04047138461538462
0.06821723076923077
0.09512861538461538
0.12204
0.14206707692307693
0.1422756923076923
0.12996738461538462
0.10138707692307691
0.07009476923076922
0.03921969230769231
0.002086153846153846
-0.03504738461538461
-0.07072061538461538
-0.09992676923076924
-0.11807630769230769
-0.11870215384615385
-0.11911938461538461
-0.11974523076923077
-0.10722830769230769
-0.08615815384615384
-0.06341907692307691
-0.04318338461538461
-0.024199384615384616
-0.021070153846153846
-0.021278769230769233
-0.012308307692307691
0.006258461538461538
0.029623384615384614
0.03921969230769231
0.04130584615384615
0.045060923076923075
0.04714707692307692
0.042557538461538466
0.01856676923076923
-0.018775384615384614
-0.047981538461538464
-0.07134646153846153
-0.08198584615384615
-0.08052553846153847
-0.06654830769230768
-0.04109723076923077
-0.0002086153846153846
0.06070707692307692
0.12642092307692307
0.1860849230769231
0.21821169230769227
0.2275993846153846
0.2221753846153846
0.19463815384615382
0.157296
0.10868861538461538
0.04860738461538461
-0.013560000000000001
-0.078648
-0.12829846153846153
-0.15228923076923076
-0.16647507692307692
-0.16751815384615384
-0.1476996923076923
-0.10117846153846152
-0.02899753846153846
0.04714707692307692
0.12204
0.18379015384615385
0.22822523076923076
0.2574313846153846
0.26348123076923075
0.24470584615384613
0.1942209230769231
0.1207883076923077
0.026702769230769228
-0.06613107692307692
-0.143736
-0.1994363076923077
-0.2205064615384615
-0.20381723076923075
-0.1489513846153846
-0.07134646153846153
0.030875076923076922
0.13893784615384613
0.2355267692307692
0.30520430769230766
0.3456756923076923
0.35339446153846155
0.3195987692307692
0.24658338461538462
0.13455692307692307
0.01397723076923077
-0.1070196923076923
-0.20965846153846154
-0.28434276923076923
-0.3344104615384615
-0.35256
-0.3327415384615385
-0.2703655384615385
-0.17481969230769231
-0.059664
0.05820369230769231
0.16856123076923077
0.24720923076923076
0.28413415384615387
0.27474646153846155
0.225096
0.14957723076923077
0.056326153846153845
-0.04693846153846153
-0.14999446153846155
-0.2236356923076923
-0.265776
-0.2799618461538461
-0.26222953846153846
-0.21696000000000001
-0.15333230769230768
-0.08052553846153847
-0.004589538461538461
0.06258461538461538
0.11745046153846153
0.14978584615384616
0.16063384615384615
0.15145476923076923
0.11557292307692307
0.07468430769230769
0.028163076923076923
-0.027120000000000002
-0.08198584615384615
-0.13309661538461537
-0.16856123076923077
-0.18128676923076922
-0.16793538461538463
-0.15187199999999998
-0.1422756923076923
-0.12934153846153845
-0.11703323076923078
-0.10535076923076922
-0.10201292307692307
-0.13101046153846155
-0.1656406153846154
-0.23156307692307693
-0.23510953846153848
-0.11849353846153846
0.03296123076923077
0.26452430769230767
0.48941169230769227
0.7047027692307691
0.9093544615384616
1.010532923076923
1.0364012307692307
0.9168646153846153
0.6097827692307692
0.24992123076923078
-0.11327815384615383
-0.42724430769230765
-0.6300184615384615
-0.7852283076923077
-0.8327926153846154
-0.7693735384615384
-0.5659735384615384
-0.23969907692307693
0.07843938461538462
0.3738387692307692
0.5411483076923076
0.628140923076923
0.6266806153846154
0.47877230769230766
0.2849686153846154
-0.06279323076923077
-0.4118067692307692
-0.6510886153846154
-0.8146430769230769
-0.7637409230769231
-0.6258461538461538
-0.40679999999999994
-0.10597661538461538
0.13872923076923074
0.3919883076923077
0.5686855384615385
0.6035243076923077
0.5595064615384615
0.40346215384615386
0.24846092307692308
0.12913292307692306
0.031709538461538456
-0.0002086153846153846
-0.050067692307692306
-0.09825784615384614
-0.13038461538461538
-0.1597993846153846
-0.15145476923076923
-0.16772676923076923
-0.18879692307692306
-0.19818461538461538
-0.23052
-0.19735015384615384
-0.16000799999999998
-0.14436184615384615
-0.10263876923076923
-0.08010830769230769
-0.010848
0.09325107692307691
0.18525046153846153
0.27975323076923075
0.3206418461538461
0.2947735384615384
0.21487384615384614
0.06717415384615384
-0.12788123076923075
-0.34171199999999996
-0.5144455384615384
-0.6051932307692307
-0.5839144615384615
-0.44581107692307687
-0.222384
0.06800861538461538
0.35923569230769226
0.602064
0.7798043076923077
0.838008
0.762072
0.593928
0.3510996923076923
0.08386338461538462
-0.1802436923076923
-0.4105550769230769
-0.5469895384615384
-0.6001864615384616
-0.5620098461538461
-0.4372578461538461
-0.2561796923076923
-0.031709538461538456
0.18316430769230768
0.3698750769230769
0.5108990769230769
0.5578375384615384
0.5146541538461539
0.368832
0.16647507692307692
-0.04130584615384615
-0.24512307692307692
-0.3848953846153846
-0.4620830769230769
-0.4539470769230769
-0.33566215384615383
-0.16334584615384617
0.03942830769230769
0.22634769230769228
0.33566215384615383
0.3826006153846154
0.36278215384615387
0.2872633846153846
0.18963138461538462
0.06049846153846154
-0.06633969230769231
-0.165432
-0.21800307692307694
-0.2125790769230769
-0.1787833846153846
-0.11745046153846153
-0.056951999999999996
-0.0077187692307692304
0.03504738461538461
0.04172307692307692
0.027120000000000002
-0.01981846153846154
-0.09846646153846153
-0.16710092307692306
-0.22947692307692308
-0.2655673846153846
-0.2540935384615385
-0.21758584615384616
-0.15124615384615384
-0.05048492307692308
0.05924676923076923
0.17377661538461536
0.26348123076923075
0.3079163076923077
0.30708184615384615
0.25471938461538457
0.17085599999999998
0.05486584615384615
-0.073224
-0.1942209230769231
-0.2791273846153846
-0.3016578461538461
-0.268488
-0.1691870769230769
-0.02858030769230769
0.130176
0.3004061538461538
0.43663199999999996
0.5175747692307692
0.533220923076923
0.4756430769230769
0.3752990769230769
0.24074215384615386
0.09554584615384615
-0.02524246153846154
-0.11265230769230769
-0.16710092307692306
-0.17732307692307692
-0.14018953846153845
-0.08344615384615384
-0.02586830769230769
0.025659692307692307
0.059664
0.07510153846153846
0.06028984615384615
0.0077187692307692304
-0.05173661538461538
-0.10910584615384614
-0.14665661538461539
-0.14436184615384615
-0.10785415384615385
-0.03108369230769231
0.07134646153846153
0.17273353846153844
0.28246523076923075
0.38698153846153843
0.4476886153846154
0.4512350769230769
0.37592492307692305
0.24574892307692306
0.09512861538461538
-0.07092923076923077
-0.22593046153846155
-0.34880492307692307
-0.4214030769230769
-0.4320424615384615
-0.36278215384615387
-0.2290596923076923
-0.07343261538461537
0.07969107692307692
0.20277415384615383
0.28163076923076924
0.30937661538461536
0.28204799999999997
0.20027076923076922
0.07781353846153846
-0.06821723076923077
-0.19735015384615384
-0.2868461538461538
-0.3415033846153846
-0.3323243076923077
-0.2703655384615385
-0.16584923076923075
-0.029206153846153847
0.11870215384615385
0.2557624615384615
0.34233784615384616
0.3659113846153846
0.3316984615384615
0.26723630769230766
0.17481969230769231
0.06300184615384616
-0.050067692307692306
-0.14832553846153845
-0.20798953846153845
-0.222384
-0.17732307692307692
-0.10555938461538462
-0.038176615384615385
0.013560000000000001
0.05277969230769231
0.09846646153846153
0.12204
0.11306953846153844
0.07259815384615384
0.009387692307692307
-0.03713353846153846
-0.06425353846153846
-0.07155507692307693
-0.06300184615384616
-0.045060923076923075
-0.008344615384615384
0.03713353846153846
0.08574092307692306
0.12788123076923075
0.1435273846153846
0.13330523076923076
0.09992676923076924
0.05194523076923077
0.006258461538461538
-0.04652123076923077
-0.09429415384615383
-0.1287156923076923
-0.13038461538461538
-0.08115138461538463
-0.014603076923076923
0.06487938461538462
0.13497415384615385
0.18107815384615383
0.21237046153846154
0.21779446153846155
0.19651569230769228
0.13852061538461538
0.053405538461538456
-0.030040615384615384
-0.09784061538461537
-0.14603076923076924
-0.17628
-0.19150892307692308
-0.18775384615384613
-0.168144
-0.13330523076923076
-0.09137353846153846
-0.06821723076923077
-0.06446215384615385
-0.07468430769230769
-0.08469784615384615
-0.07405846153846153
-0.05236246153846154
-0.024616615384615383
0.005632615384615384
0.03629907692307692
0.08323753846153846
0.127464
0.14957723076923077
0.14749107692307692
0.11703323076923078
0.07238953846153846
0.026702769230769228
-0.01043076923076923
-0.04860738461538461
-0.09283384615384616
-0.1218313846153846
-0.12934153846153845
-0.10743692307692307
-0.059664
-0.008136
0.040679999999999994
0.0828203076923077
0.11891076923076922
0.1506203076923077
0.16188553846153847
0.14394461538461537
0.0961716923076923
0.020652923076923076
-0.061750153846153844
-0.1314276923076923
-0.18629353846153843
-0.21737723076923077
-0.2209236923076923
-0.19025723076923076
-0.12162276923076921
-0.03483876923076923
0.059664
0.14603076923076924
0.21111876923076925
0.24846092307692308
0.25847446153846154
0.24658338461538462
0.20193969230769232
0.13309661538461537
0.06279323076923077
0.0
-0.03713353846153846
-0.05048492307692308
-0.04839876923076923
-0.03129230769230769
-0.012308307692307691
0.01043076923076923
0.029623384615384614
0.03650769230769231
0.027745846153846152
0.0070929230769230765
-0.016272
-0.043392
-0.06529661538461538
-0.07551876923076924
-0.07551876923076924
-0.06675692307692307
-0.05444861538461539
-0.03629907692307692
-0.01981846153846154
-0.024408000000000003
-0.04568676923076923
-0.08219446153846154
-0.12204
-0.15291507692307693
-0.17461107692307692
-0.18066092307692305
-0.16334584615384617
-0.12016246153846154
-0.043392
0.05570030769230769
0.1489513846153846
0.22822523076923076
0.28350830769230767
0.31542646153846154
0.3160523076923077
0.2795446153846154
0.20944984615384615
0.11348676923076922
0.0050067692307692304
-0.10347323076923076
-0.20173107692307693
-0.2782929230769231
-0.32377107692307694
-0.33649661538461534
-0.31542646153846154
-0.26723630769230766
-0.1779489230769231
-0.06905169230769231
0.03233538461538461
0.12120553846153845
0.18149538461538461
0.21132738461538458
0.21028430769230766
0.16856123076923077
0.09679753846153846
0.0025033846153846152
-0.09846646153846153
-0.1704387692307692
-0.2194633846153846
-0.2426196923076923
-0.23281476923076924
-0.19609846153846153
-0.13247076923076923
-0.048816000000000005
0.037967999999999995
0.11828492307692307
0.18650215384615382
0.23677846153846152
0.2638984615384615
0.2674449230769231
0.2492953846153846
0.20173107692307693
0.14081538461538462
0.07426707692307692
0.008761846153846153
-0.04756430769230769
-0.10243015384615384
-0.14457046153846154
-0.16063384615384615
-0.15604430769230768
-0.12245723076923076
-0.0717636923076923
-0.02211323076923077
0.02899753846153846
0.06529661538461538
0.1028473846153846
0.13747753846153846
0.15333230769230768
0.15500123076923078
0.13393107692307693
0.103056
0.07343261538461537
0.037342153846153844
-0.0070929230769230765
-0.05298830769230769
-0.09262523076923077
-0.11870215384615385
-0.13455692307692307
-0.12579507692307693
-0.09804923076923076
-0.05945538461538461
-0.00855323076923077
0.052153846153846155
0.12308307692307692
0.1794092307692308
0.21800307692307694
0.22947692307692308
0.21195323076923075
0.18066092307692305
0.13893784615384613
0.08824430769230769
0.03838523076923077
-0.004589538461538461
-0.045060923076923075
-0.059872615384615385
-0.059664
-0.05507446153846154
-0.041514461538461535
-0.02482523076923077
0.004589538461538461
0.029206153846153847
0.040262769230769234
0.04631261538461538
0.05194523076923077
0.05048492307692308
0.05048492307692308
0.05507446153846154
0.05778646153846154
0.05382276923076923
0.046104
0.05820369230769231
0.07426707692307692
0.08574092307692306
0.092208
0.08824430769230769
0.07823076923076923
0.05716061538461538
0.03233538461538461
0.015020307692307692
-0.0029206153846153843
-0.03024923076923077
-0.07656184615384615
-0.11327815384615383
-0.11911938461538461
-0.13038461538461538
-0.10764553846153846
-0.04318338461538461
0.043600615384615383
0.16647507692307692
0.28851507692307693
0.38719015384615385
0.45311261538461534
0.47355692307692304
0.44914892307692306
0.3571495384615384
0.23239753846153846
0.07697907692307693
-0.13038461538461538
-0.29331323076923077
-0.43642338461538455
-0.5144455384615384
-0.5338467692307692
-0.5257107692307692
-0.4007501538461538
-0.24679199999999998
-0.015854769230769228
0.24720923076923076
0.4647950769230769
0.6629796923076924
0.7207661538461537
0.7124215384615384
0.6279323076923077
0.4309993846153846
0.20506892307692307
-0.10514215384615383
-0.3717526153846154
-0.553248
-0.6857187692307692
-0.6765396923076923
-0.6045673846153846
-0.4522781538461538
-0.22947692307692308
-0.023990769230769232
0.22154953846153846
0.39741230769230773
0.48690830769230764
0.5284227692307693
0.4641692307692307
0.3682061538461538
0.21967199999999998
0.048816000000000005
-0.10430769230769231
-0.27412061538461535
-0.39699507692307695
-0.4743913846153846
-0.4971304615384615
-0.43976123076923074
-0.3567323076923076
-0.2399076923076923
-0.10889723076923077
0.010848
0.1353913846153846
0.21195323076923075
0.2503384615384615
0.2540935384615385
0.22822523076923076
0.2154996923076923
0.19067446153846154
0.15103753846153847
0.09846646153846153
0.017523692307692306
-0.055491692307692304
-0.127464
-0.2125790769230769
-0.28121353846153846
-0.3412947692307692
-0.35276861538461535
-0.31688676923076925
-0.24574892307692306
-0.12433476923076923
0.003755076923076923
0.15520984615384617
0.29414769230769233
0.38656430769230765
0.4483144615384615
0.4385095384615385
0.3826006153846154
0.28955815384615385
0.15145476923076923
0.0077187692307692304
-0.1462393846153846
-0.2701569230769231
-0.3421292307692308
-0.3813489230769231
-0.3421292307692308
-0.2526332307692308
-0.12370892307692308
0.04380923076923077
0.20360861538461536
0.35694092307692304
0.4660467692307692
0.5031803076923077
0.46437784615384614
0.3540203076923077
0.21821169230769227
0.07405846153846153
-0.06300184615384616
-0.17231630769230769
-0.25388492307692306
-0.2791273846153846
-0.2424110769230769
-0.16751815384615384
-0.05799507692307692
0.04318338461538461
0.11494707692307692
0.1693956923076923
0.1858763076923077
0.18858830769230767
0.15875630769230767
0.09179076923076923
0.023364923076923075
-0.04944184615384615
-0.09074769230769231
-0.111192
-0.11953661538461538
-0.11181784615384616
-0.10618523076923077
-0.08302892307692307
-0.05194523076923077
-0.022530461538461537
-0.0035464615384615383
-0.014394461538461538
-0.030875076923076922
-0.047772923076923074
-0.06446215384615385
-0.06487938461538462
-0.06133292307692308
-0.062376
-0.05590892307692308
-0.03609046153846154
-0.005424
0.027120000000000002
0.042557538461538466
0.040054153846153843
0.015228923076923076
-0.01981846153846154
-0.052571076923076915
-0.08866153846153846
-0.13038461538461538
-0.17732307692307692
-0.19964492307692308
-0.18170399999999998
-0.12308307692307692
-0.03942830769230769
0.03483876923076923
0.100344
0.14603076923076924
0.1696043076923077
0.17711446153846155
0.15520984615384617
0.11056615384615384
0.05486584615384615
0.0006258461538461538
-0.03629907692307692
-0.05382276923076923
-0.05298830769230769
-0.031918153846153846
-0.0012516923076923076
0.03358707692307692
0.07113784615384615
0.0892873846153846
0.07739630769230768
0.037342153846153844
-0.01856676923076923
-0.06571384615384615
-0.10055261538461538
-0.11703323076923078
-0.12099692307692309
-0.10639384615384614
-0.06279323076923077
-0.0025033846153846152
0.07802215384615384
0.15145476923076923
0.21237046153846154
0.2632726153846154
0.28788923076923073
0.2828824615384615
0.23510953846153848
0.14749107692307692
0.02899753846153846
-0.09575446153846154
-0.20840676923076923
-0.29581661538461534
-0.34463261538461537
-0.35005661538461535
-0.2995716923076923
-0.19588984615384614
-0.05924676923076923
0.09387692307692307
0.2399076923076923
0.3510996923076923
0.4170221538461538
0.4184824615384615
0.35694092307692304
0.2517987692307692
0.103056
-0.05945538461538461
-0.20298276923076922
-0.32502276923076917
-0.39261415384615383
-0.40513107692307687
-0.37613353846153846
-0.3062473846153846
-0.214248
-0.09429415384615383
0.03483876923076923
0.1422756923076923
0.2157083076923077
0.2540935384615385
0.2670276923076923
0.24866953846153847
0.19651569230769228
0.12245723076923076
0.029414769230769227
-0.0609156923076923
-0.1314276923076923
-0.17502830769230768
-0.18712800000000002
-0.1940123076923077
-0.18545907692307692
-0.14978584615384616
-0.10013538461538461
-0.03671630769230769
0.025659692307692307
0.0828203076923077
0.14144123076923076
0.19964492307692308
0.25284184615384614
0.29185292307692307
0.3045784615384615
0.27620676923076926
0.22113230769230768
0.14519630769230768
0.05736923076923077
-0.03609046153846154
-0.14540492307692307
-0.2507556923076923
-0.336288
-0.3844781538461538
-0.3882332307692308
-0.3410861538461538
-0.2559710769230769
-0.14728246153846153
-0.008136
0.13643446153846153
0.2764153846153846
0.3844781538461538
0.4355889230769231
0.4349630769230769
0.3813489230769231
0.2830910769230769
0.15687876923076924
0.005841230769230769
-0.14415323076923076
-0.2680707692307692
-0.36319938461538465
-0.39908123076923074
-0.38009723076923074
-0.31104553846153843
-0.19818461538461538
-0.06654830769230768
0.08866153846153846
0.23886461538461537
0.360696
0.43245969230769227
0.4418473846153846
0.39511753846153846
0.29331323076923077
0.16292861538461537
0.011473846153846154
-0.14561353846153846
-0.2751636923076923
-0.35631507692307696
-0.3873987692307692
-0.3673716923076923
-0.301032
-0.20486030769230767
-0.08302892307692307
0.04860738461538461
0.17732307692307692
0.2828824615384615
0.3456756923076923
0.36257353846153845
0.3402516923076923
0.2943563076923077
0.22634769230769228
0.12808984615384614
0.02023569230769231
-0.08052553846153847
-0.16334584615384617
-0.21049292307692305
-0.22572184615384616
-0.1990190769230769
-0.14874276923076923
-0.08156861538461539
0.010639384615384617
0.10222153846153846
0.1867107692307692
0.2426196923076923
0.26452430769230767
0.2682793846153846
0.24679199999999998
0.21028430769230766
0.1639716923076923
0.1045163076923077
0.044435076923076924
-0.015854769230769228
-0.06341907692307691
-0.0988836923076923
-0.13455692307692307
-0.16188553846153847
-0.17628
-0.17315076923076922
-0.14519630769230768
-0.09512861538461538
-0.03504738461538461
0.03337846153846154
0.10576799999999999
0.18170399999999998
0.24908676923076922
0.2914356923076923
0.3087507692307692
0.287472
0.2438713846153846
0.18712800000000002
0.10389046153846154
0.012934153846153845
-0.08448923076923077
-0.17315076923076922
-0.23656984615384613
-0.2791273846153846
-0.28476
-0.26306399999999996
-0.20715507692307691
-0.12433476923076923
-0.024616615384615383
0.08386338461538462
0.17085599999999998
0.23823876923076923
0.2734947692307692
0.2716172307692308
0.2369870769230769
0.16501476923076921
0.07092923076923077
-0.03337846153846154
-0.13393107692307693
-0.21508246153846153
-0.2670276923076923
-0.27975323076923075
-0.26076923076923075
-0.20444307692307692
-0.12266584615384615
-0.024199384615384616
0.08344615384615384
0.17732307692307692
0.2509643076923077
0.2979027692307692
0.3143833846153846
0.29915446153846154
0.25471938461538457
0.19213476923076922
0.116616
0.03442153846153846
-0.03880246153846154
-0.09325107692307691
-0.12579507692307693
-0.14916
-0.15875630769230767
-0.14582215384615385
-0.11599015384615384
-0.06967753846153846
-0.021696
0.023990769230769232
0.06028984615384615
0.08511507692307693
0.10389046153846154
0.11098338461538461
0.10785415384615385
0.09283384615384616
0.07656184615384615
0.06487938461538462
0.05444861538461539
0.03880246153846154
0.0077187692307692304
-0.026702769230769228
-0.05611753846153846
-0.08094276923076923
-0.09471138461538461
-0.09658892307692307
-0.09241661538461539
-0.06967753846153846
-0.029414769230769227
0.02858030769230769
0.09846646153846153
0.16167692307692308
0.208824
0.2209236923076923
0.21153599999999997
0.18712800000000002
0.13664307692307692
0.06842584615384616
-0.010639384615384617
-0.0853236923076923
-0.14957723076923077
-0.1948467692307692
-0.21508246153846153
-0.2225926153846154
-0.2140393846153846
-0.18921415384615384
-0.14331876923076922
-0.078648
-0.021696
0.02211323076923077
0.05090215384615384
0.06195876923076923
0.07113784615384615
0.07218092307692307
0.06362769230769232
0.047772923076923074
0.017940923076923077
-0.0018775384615384615
-0.01856676923076923
-0.03233538461538461
-0.04109723076923077
-0.06028984615384615
-0.07843938461538462
-0.0963803076923077
-0.1045163076923077
-0.10389046153846154
-0.10243015384615384
-0.0936683076923077
-0.07948246153846153
-0.05653476923076922
-0.012308307692307691
0.03755076923076923
0.07802215384615384
0.119328
0.1358086153846154
0.13309661538461537
0.11181784615384616
0.06926030769230769
0.008344615384615384
-0.06467076923076923
-0.12579507692307693
-0.17002153846153847
-0.1867107692307692
-0.17982646153846152
-0.15520984615384617
-0.14206707692307693
-0.12621230769230768
-0.11286092307692308
-0.09450276923076922
-0.09241661538461539
-0.1097316923076923
-0.10597661538461538
-0.07030338461538461
0.03713353846153846
0.22447015384615385
0.47230523076923075
0.6187532307692307
0.7687476923076924
0.8945427692307693
0.9233316923076922
0.9030959999999999
0.6523403076923077
0.31083692307692307
-0.14039815384615384
-0.5866264615384615
-0.9176990769230768
-1.2398012307692308
-1.3897956923076922
-1.4379858461538462
-1.262123076923077
-0.8346701538461537
-0.309168
0.3344104615384615
0.8724295384615385
1.3013427692307693
1.5821390769230768
1.6007058461538461
1.4342307692307692
0.9969729230769231
0.3913624615384615
-0.24720923076923076
-0.9214541538461538
-1.4060676923076922
-1.6814399999999998
-1.760713846153846
-1.5408332307692305
-1.1724184615384616
-0.6293926153846153
0.006884307692307692
0.6149981538461539
1.1849353846153845
1.534366153846154
1.6881156923076923
1.6539027692307693
1.4071107692307692
1.0455803076923078
0.5380190769230769
-0.03066646153846154
-0.553248
-1.0096984615384614
-1.2738055384615383
-1.3866664615384614
-1.3676824615384615
-1.160318769230769
-0.8594953846153846
-0.46625538461538457
-0.03609046153846154
0.32543999999999995
0.649211076923077
0.8763932307692307
1.0080295384615385
1.0706141538461538
0.9844559999999999
0.805464
0.5363501538461538
0.20006215384615383
-0.14311015384615386
-0.5090215384615385
-0.8375907692307692
-1.1160923076923077
-1.2909119999999998
-1.3111476923076923
-1.1945316923076923
-0.89496
-0.46896738461538456
0.03275261538461539
0.5895470769230768
1.0829224615384616
1.4801261538461539
1.7070996923076922
1.6922879999999998
1.4684436923076922
1.039321846153846
0.4946270769230769
-0.0934596923076923
-0.6923944615384616
-1.194948923076923
-1.5577310769230768
-1.7077255384615384
-1.5959076923076922
-1.279438153846154
-0.7852283076923077
-0.18775384615384613
0.46354338461538463
1.0968996923076921
1.5785926153846153
1.8754523076923078
1.8996516923076923
1.639716923076923
1.2007901538461538
0.6039415384615384
-0.03129230769230769
-0.6266806153846154
-1.136328
-1.4438270769230768
-1.5639895384615383
-1.4717815384615385
-1.1488449230769229
-0.6915600000000001
-0.14603076923076924
0.40617415384615385
0.8740984615384615
1.2218603076923076
1.3804079999999999
1.3524535384615384
1.1513483076923077
0.8110966153846153
0.40575692307692307
-0.035255999999999996
-0.42494953846153843
-0.7458
-0.9686012307692308
-1.039739076923077
-1.007820923076923
-0.8657538461538461
-0.6387803076923076
-0.38280923076923074
-0.09679753846153846
0.1704387692307692
0.409512
0.6191704615384614
0.7428793846153845
0.7921126153846154
0.7649926153846154
0.656304
0.5096473846153846
0.3206418461538461
0.11411261538461538
-0.0826116923076923
-0.26640184615384616
-0.4030449230769231
-0.5092301538461538
-0.5597150769230769
-0.5524135384615385
-0.4994252307692308
-0.3673716923076923
-0.2056947692307692
-0.010848
0.200688
0.3917796923076923
0.5755698461538461
0.6961495384615385
0.7318227692307692
0.6815464615384615
0.5328036923076923
0.3198073846153846
0.06550523076923077
-0.20486030769230767
-0.45749353846153845
-0.6698639999999999
-0.8040036923076923
-0.8292461538461539
-0.7483033846153846
-0.5672252307692307
-0.3294036923076923
-0.07009476923076922
0.18983999999999998
0.4047138461538461
0.566808
0.6406578461538461
0.6202135384615385
0.5204953846153846
0.3442153846153846
0.16501476923076921
-0.004172307692307692
-0.15270646153846154
-0.25012984615384615
-0.2997803076923077
-0.260352
-0.1585476923076923
-0.021696
0.127464
0.23156307692307693
0.29873723076923075
0.3241883076923077
0.30583015384615386
0.25242461538461536
0.157296
0.04965046153846154
-0.042974769230769226
-0.10910584615384614
-0.12829846153846153
-0.12099692307692309
-0.09137353846153846
-0.04547815384615384
-0.001043076923076923
0.04568676923076923
0.06008123076923077
0.03066646153846154
-0.03275261538461539
-0.130176
-0.22634769230769228
-0.3012406153846154
-0.3419206153846154
-0.34046030769230773
-0.31041969230769234
-0.2275993846153846
-0.092208
0.07134646153846153
0.23531815384615382
0.35276861538461535
0.4115981538461538
0.40283630769230766
0.3193901538461538
0.1867107692307692
0.013351384615384614
-0.17711446153846155
-0.3452584615384615
-0.4685501538461538
-0.5040147692307693
-0.44622830769230765
-0.31626092307692305
-0.14060676923076923
0.03880246153846154
0.21842030769230766
0.37425600000000003
0.47376553846153846
0.5008855384615384
0.4401784615384615
0.31229723076923077
0.13789476923076924
-0.04088861538461538
-0.1942209230769231
-0.3210590769230769
-0.3917796923076923
-0.39741230769230773
-0.33524492307692305
-0.20778092307692309
-0.06362769230769232
0.08198584615384615
0.20673784615384616
0.28768061538461537
0.33315876923076926
0.31500923076923076
0.24574892307692306
0.14060676923076923
0.01814953846153846
-0.0744756923076923
-0.1356
-0.1531236923076923
-0.13476553846153844
-0.09992676923076924
-0.040262769230769234
0.026285538461538457
0.10096984615384616
0.15917353846153848
0.17711446153846155
0.1785747692307692
0.14728246153846153
0.103056
0.06654830769230768
0.03150092307692308
0.008344615384615384
-0.010222153846153844
-0.017523692307692306
-0.0016689230769230767
0.031918153846153846
0.061750153846153844
0.07113784615384615
0.06300184615384616
0.03921969230769231
0.006049846153846154
-0.027745846153846152
-0.06425353846153846
-0.09158215384615384
-0.1028473846153846
-0.09053907692307692
-0.04401784615384615
0.01940123076923077
0.084072
0.1341396923076923
0.15813046153846153
0.16105107692307694
0.12829846153846153
0.056951999999999996
-0.035464615384615386
-0.1397723076923077
-0.2303113846153846
-0.2872633846153846
-0.30708184615384615
-0.28851507692307693
-0.23886461538461537
-0.16856123076923077
-0.08031692307692308
0.016897846153846156
0.10952307692307692
0.1787833846153846
0.208824
0.19839323076923077
0.143736
0.06321046153846153
-0.034630153846153845
-0.1397723076923077
-0.22530461538461538
-0.2849686153846154
-0.2937304615384615
-0.24616615384615384
-0.1597993846153846
-0.04547815384615384
0.07635323076923077
0.20256553846153844
0.30979384615384614
0.38677292307692307
0.42015138461538465
0.3886504615384615
0.3133403076923077
0.19818461538461538
0.06425353846153846
-0.07364123076923076
-0.20506892307692307
-0.29498215384615384
-0.3369138461538461
-0.327108923076923
-0.26118646153846153
-0.15833907692307692
-0.03629907692307692
0.09533723076923077
0.21174461538461536
0.306456
0.3646596923076923
0.3577753846153846
0.2926873846153846
0.18232984615384615
0.043392
-0.10117846153846152
-0.23406646153846156
-0.3410861538461538
-0.40930338461538457
-0.43058215384615384
-0.39407446153846154
-0.2989458461538462
-0.16710092307692306
-0.012308307692307691
0.14164984615384615
0.2780843076923077
0.3809316923076923
0.44330769230769224
0.46250030769230766
0.41431015384615383
0.3160523076923077
0.19380369230769232
0.07259815384615384
-0.03421292307692308
-0.13726892307692307
-0.21925476923076925
-0.2682793846153846
-0.28350830769230767
-0.2578486153846154
-0.1940123076923077
-0.10868861538461538
-0.016480615384615385
0.07030338461538461
0.14832553846153845
0.21779446153846155
0.2734947692307692
0.29915446153846154
0.2939390769230769
0.2682793846153846
0.2127876923076923
0.1449876923076923
0.055491692307692304
-0.05653476923076922
-0.16710092307692306
-0.2666104615384615
-0.33587076923076925
-0.3648683076923077
-0.3536030769230769
-0.3137575384615385
-0.23531815384615382
-0.11599015384615384
0.03609046153846154
0.18358153846153846
0.2966510769230769
0.38072307692307694
0.4180652307692308
0.4118067692307692
0.3577753846153846
0.2655673846153846
0.14540492307692307
0.0022947692307692304
-0.13768615384615385
-0.25054707692307693
-0.3214763076923077
-0.35965292307692304
-0.35318584615384613
-0.2966510769230769
-0.19025723076923076
-0.042348923076923076
0.10952307692307692
0.2411593846153846
0.33065538461538463
0.37550769230769226
0.37050092307692306
0.31542646153846154
0.22321846153846153
0.10430769230769231
-0.02545107692307692
-0.14916
-0.24512307692307692
-0.3060387692307692
-0.3327415384615385
-0.3212676923076923
-0.28392553846153845
-0.23448369230769228
-0.17002153846153847
-0.10055261538461538
-0.03838523076923077
-0.0029206153846153843
0.009387692307692307
0.01397723076923077
0.013768615384615384
0.017315076923076923
0.019609846153846155
0.012934153846153845
0.0070929230769230765
0.0022947692307692304
-0.008761846153846153
-0.03400430769230769
-0.08031692307692308
-0.13810338461538463
-0.18900553846153845
-0.21654276923076923
-0.21675138461538462
-0.1923433846153846
-0.14874276923076923
-0.08448923076923077
-0.0008344615384615384
0.09325107692307691
0.18650215384615382
0.25805723076923076
0.30019753846153846
0.31041969230769234
0.2897667692307692
0.24053353846153847
0.15750461538461538
0.05319692307692307
-0.059038153846153844
-0.15771323076923077
-0.2207150769230769
-0.24303692307692307
-0.21862892307692305
-0.1502030769230769
-0.05069353846153846
0.06884307692307692
0.2090326153846154
0.3039526153846154
0.3611132307692308
0.3949089230769231
0.3780110769230769
0.3387913846153846
0.2453316923076923
0.13205353846153844
0.021904615384615383
-0.06028984615384615
-0.09241661538461539
0.002086153846153846
0.053614153846153846
-0.009596307692307692
0.04422646153846154
0.03984553846153846
0.1504116923076923
0.2509643076923077
0.11140061538461538
0.012934153846153845
-0.16021661538461537
-0.1706473846153846
-0.09283384615384616
-0.09658892307692307
-0.0609156923076923
-0.10994030769230768
0.02586830769230769
0.21633415384615384
0.3780110769230769
0.5017199999999999
0.37780246153846153
0.3127144615384615
0.22405292307692307
0.12099692307692309
0.09512861538461538
-0.09387692307692307
-0.1913003076923077
-0.27182584615384614
-0.38760738461538463
-0.2795446153846154
-0.21633415384615384
-0.10409907692307692
0.04985907692307692
0.049233230769230765
0.14999446153846155
0.2194633846153846
0.28017046153846153
0.3782196923076923
0.29832
0.1881710769230769
0.04756430769230769
-0.06070707692307692
-0.0855323076923077
-0.20193969230769232
-0.32189353846153845
-0.43621476923076924
-0.471888
-0.32606584615384615
-0.21487384615384614
-0.10764553846153846
-0.006049846153846154
0.04276615384615385
0.1923433846153846
0.287472
0.3235624615384615
0.3517255384615385
0.2628553846153846
0.21216184615384615
0.1777403076923077
0.0934596923076923
0.021278769230769233
-0.10514215384615383
-0.2194633846153846
-0.2753723076923077
-0.31041969230769234
-0.28788923076923073
-0.23406646153846156
-0.14561353846153846
-0.06946892307692307
0.018358153846153843
0.16105107692307694
0.2526332307692308
0.35339446153846155
0.3913624615384615
0.3310726153846154
0.29185292307692307
0.200688
0.11056615384615384
0.015020307692307692
-0.13747753846153846
-0.22634769230769228
-0.2791273846153846
-0.28893230769230765
-0.2453316923076923
-0.22113230769230768
-0.13226215384615383
0.007301538461538462
0.13226215384615383
0.23114584615384615
0.2701569230769231
0.3127144615384615
0.3148006153846154
0.2641070769230769
0.20110523076923076
0.06300184615384616
-0.03775938461538462
-0.10660246153846153
-0.20527753846153846
-0.22655630769230767
-0.25117292307692307
-0.2517987692307692
-0.18191261538461537
-0.14457046153846154
-0.053405538461538456
0.05277969230769231
0.12913292307692306
0.21362215384615382
0.2330233846153846
0.21862892307692305
0.16689230769230767
0.10347323076923076
0.058412307692307694
-0.02795446153846154
-0.10722830769230769
-0.1908830769230769
-0.24053353846153847
-0.20444307692307692
-0.1718990769230769
-0.09429415384615383
-0.011265230769230769
0.03755076923076923
0.14394461538461537
0.23260615384615385
0.28934953846153844
0.30937661538461536
0.2436627692307692
0.20131384615384615
0.1802436923076923
0.14144123076923076
0.10201292307692307
0.016897846153846156
-0.052571076923076915
-0.08031692307692308
-0.08761846153846153
-0.04902461538461538
-0.017940923076923077
-0.002086153846153846
0.005632615384615384
0.005215384615384615
0.03400430769230769
0.05444861538461539
0.08115138461538463
0.09554584615384615
0.051319384615384614
0.03400430769230769
0.024408000000000003
0.01940123076923077
0.02858030769230769
-0.022947692307692308
-0.08073415384615384
-0.13080184615384613
-0.15959076923076923
-0.1489513846153846
-0.16000799999999998
-0.18504184615384617
-0.20632061538461538
-0.18274707692307693
-0.10743692307692307
-0.025033846153846153
0.04652123076923077
0.08949599999999999
0.12329169230769231
0.1656406153846154
0.18066092307692305
0.1666836923076923
0.12224861538461537
0.03337846153846154
-0.04693846153846153
-0.12704676923076924
-0.1990190769230769
-0.23072861538461537
-0.25346769230769234
-0.25513661538461535
-0.2273907692307692
-0.16313723076923078
-0.06008123076923077
0.04568676923076923
0.13038461538461538
0.1777403076923077
0.18525046153846153
0.17085599999999998
0.14582215384615385
0.09429415384615383
-0.008136
-0.1341396923076923
-0.23364923076923078
-0.28476
-0.28350830769230767
-0.25972615384615383
-0.22551323076923077
-0.15103753846153847
-0.046104
0.06905169230769231
0.17732307692307692
0.23510953846153848
0.25805723076923076
0.2626467692307692
0.2411593846153846
0.2140393846153846
0.15145476923076923
0.073224
0.0006258461538461538
-0.06738276923076922
-0.11348676923076922
-0.15228923076923076
-0.16897846153846155
-0.1760713846153846
-0.1794092307692308
-0.15604430769230768
-0.1151556923076923
-0.06133292307692308
-0.0029206153846153843
0.05069353846153846
0.1045163076923077
0.12913292307692306
0.12558646153846154
0.11807630769230769
0.07802215384615384
0.023364923076923075
-0.03963692307692308
-0.11390399999999999
-0.168144
-0.21925476923076925
-0.2526332307692308
-0.2563883076923077
-0.235944
-0.18128676923076922
-0.116616
-0.03358707692307692
0.05778646153846154
0.13935507692307691
0.21174461538461536
0.235944
0.22530461538461538
0.19192615384615386
0.12266584615384615
0.046104
-0.03337846153846154
-0.11327815384615383
-0.17628
-0.22175815384615383
-0.2221753846153846
-0.17732307692307692
-0.11348676923076922
-0.03150092307692308
0.044435076923076924
0.11473846153846154
0.18379015384615385
0.22697353846153845
0.23844738461538462
0.2125790769230769
0.14749107692307692
0.059664
-0.023990769230769232
-0.086784
-0.1316363076923077
-0.15228923076923076
-0.14728246153846153
-0.11911938461538461
-0.06195876923076923
0.011891076923076923
0.09095630769230768
0.165432
0.21716861538461538
0.25200738461538463
0.2768326153846154
0.27850153846153847
0.260352
0.2194633846153846
0.1639716923076923
0.11098338461538461
0.05507446153846154
0.008970461538461538
-0.025033846153846153
-0.046104
-0.03942830769230769
-0.011265230769230769
0.032544
0.08949599999999999
0.14728246153846153
0.1948467692307692
0.2221753846153846
0.23156307692307693
0.22718215384615387
0.19213476923076922
0.13101046153846155
0.059664
-0.021070153846153846
-0.07969107692307692
-0.11640738461538462
-0.14290153846153844
-0.1424843076923077
-0.12120553846153845
-0.06425353846153846
0.013351384615384614
0.08845292307692308
0.15145476923076923
0.18921415384615384
0.21174461538461536
0.21320492307692307
0.18942276923076923
0.13226215384615383
0.0446436923076923
-0.04693846153846153
-0.13434830769230768
-0.2008966153846154
-0.23156307692307693
-0.2357353846153846
-0.214248
-0.1710646153846154
-0.11411261538461538
-0.05382276923076923
-0.010639384615384617
0.016272
0.028163076923076923
0.017940923076923077
0.0002086153846153846
-0.021278769230769233
-0.04631261538461538
-0.06446215384615385
-0.07343261538461537
-0.07051199999999999
-0.047981538461538464
-0.015854769230769228
0.003129230769230769
0.014394461538461538
0.005841230769230769
-0.00855323076923077
-0.013560000000000001
-0.009804923076923077
-0.005632615384615384
-0.012099692307692308
-0.006258461538461538
0.01397723076923077
0.049233230769230765
0.0892873846153846
0.12558646153846154
0.1612596923076923
0.20027076923076922
0.22780799999999998
0.23364923076923078
0.21111876923076925
0.15208061538461537
0.07343261538461537
-0.028163076923076923
-0.13434830769230768
-0.2275993846153846
-0.30666461538461537
-0.3421292307692308
-0.32627446153846157
-0.26786215384615386
-0.16856123076923077
-0.049233230769230765
0.078648
0.19359507692307693
0.27286892307692306
0.3081249230769231
0.29101846153846156
0.222384
0.11390399999999999
-0.012934153846153845
-0.13789476923076924
-0.23177169230769232
-0.28204799999999997
-0.2937304615384615
-0.26306399999999996
-0.1908830769230769
-0.06988615384615385
0.07843938461538462
0.2157083076923077
0.32231076923076923
0.371544
0.3815575384615385
0.3615304615384615
0.3095852307692307
0.2426196923076923
0.14999446153846155
0.058829538461538454
-0.016063384615384615
-0.06905169230769231
-0.09846646153846153
-0.11891076923076922
-0.11807630769230769
-0.09283384615384616
-0.04631261538461538
0.012308307692307691
0.06884307692307692
0.11223507692307692
0.14018953846153845
0.15917353846153848
0.17231630769230769
0.1775316923076923
0.16876984615384616
0.14290153846153844
0.11432123076923076
0.09450276923076922
0.08031692307692308
0.07259815384615384
0.05382276923076923
0.016480615384615385
-0.02858030769230769
-0.06550523076923077
-0.07092923076923077
-0.06049846153846154
-0.050067692307692306
-0.034630153846153845
-0.007510153846153846
0.04714707692307692
0.12266584615384615
0.19755876923076923
0.24637476923076923
0.25951753846153847
0.24408
0.20944984615384615
0.16063384615384615
0.08386338461538462
-0.017523692307692306
-0.11807630769230769
-0.1913003076923077
-0.22697353846153845
-0.2275993846153846
-0.20047938461538461
-0.15145476923076923
-0.0892873846153846
-0.025659692307692307
0.037967999999999995
0.08594953846153845
0.09700615384615385
0.07426707692307692
0.03108369230769231
-0.015020307692307692
-0.054240000000000003
-0.09408553846153846
-0.11452984615384615
-0.11870215384615385
-0.10514215384615383
-0.06696553846153847
-0.024408000000000003
0.03233538461538461
0.06988615384615385
0.06696553846153847
0.049233230769230765
0.007301538461538462
-0.041514461538461535
-0.09471138461538461
-0.16209415384615386
-0.21195323076923075
-0.24679199999999998
-0.2643156923076923
-0.27182584615384614
-0.28392553846153845
-0.2709913846153846
-0.1990190769230769
-0.07405846153846153
0.08386338461538462
0.23782153846153845
0.35339446153846155
0.44455938461538463
0.48649107692307686
0.4873255384615384
0.41034646153846155
0.24199384615384617
0.043600615384615383
-0.138312
-0.24720923076923076
-0.36319938461538465
-0.41535323076923075
-0.39636923076923075
-0.3252313846153846
-0.13747753846153846
0.047772923076923074
0.24700061538461537
0.39928984615384616
0.4892030769230769
0.5494929230769231
0.5015113846153846
0.4030449230769231
0.22634769230769228
0.01940123076923077
-0.1783661538461538
-0.38072307692307694
-0.4971304615384615
-0.5572116923076923
-0.5161144615384615
-0.3798886153846154
-0.23928184615384615
-0.07238953846153846
0.06279323076923077
0.17002153846153847
0.25346769230769234
0.2288510769230769
0.16626646153846153
0.08824430769230769
0.017523692307692306
-0.0006258461538461538
-0.05298830769230769
-0.11265230769230769
-0.16730953846153845
-0.21237046153846154
-0.2075723076923077
-0.21904615384615383
-0.2355267692307692
-0.2453316923076923
-0.23803015384615384
-0.17273353846153844
-0.10681107692307691
-0.03942830769230769
0.016063384615384615
0.04985907692307692
0.10806276923076923
0.15187199999999998
0.192552
0.23636123076923077
0.2436627692307692
0.24574892307692306
0.2140393846153846
0.12621230769230768
0.021696
-0.1218313846153846
-0.26911384615384615
-0.39407446153846154
-0.4783550769230769
-0.46250030769230766
-0.36632861538461536
-0.2056947692307692
-0.0070929230769230765
0.18775384615384613
0.3790541538461539
0.5257107692307692
0.6026898461538461
0.5801593846153845
0.45686769230769225
0.2979027692307692
0.11807630769230769
-0.043392
-0.1718990769230769
-0.2707827692307692
-0.3039526153846154
-0.2753723076923077
-0.192552
-0.07489292307692308
0.04088861538461538
0.16188553846153847
0.2807963076923077
0.3707095384615384
0.4180652307692308
0.40033292307692303
0.3350363076923077
0.23531815384615382
0.10368184615384615
-0.03275261538461539
-0.1639716923076923
-0.2563883076923077
-0.29832
-0.2966510769230769
-0.233232
-0.1435273846153846
-0.0448523076923077
0.05507446153846154
0.11619876923076923
0.14477907692307693
0.13080184615384613
0.08010830769230769
0.02753723076923077
-0.04380923076923077
-0.11599015384615384
-0.16418030769230768
-0.18191261538461537
-0.16188553846153847
-0.12913292307692306
-0.08073415384615384
-0.03108369230769231
0.008136
0.056326153846153845
0.09095630769230768
0.10889723076923077
0.0961716923076923
0.05277969230769231
0.01272553846153846
-0.03358707692307692
-0.06529661538461538
-0.08469784615384615
-0.10326461538461539
-0.09158215384615384
-0.05444861538461539
0.0006258461538461538
0.054240000000000003
0.09074769230769231
0.11327815384615383
0.11536430769230768
0.09241661538461539
0.050067692307692306
-0.012516923076923077
-0.08657538461538461
-0.14394461538461537
-0.18212123076923076
-0.19067446153846154
-0.16730953846153845
-0.10576799999999999
-0.016063384615384615
0.07113784615384615
0.1570873846153846
0.22321846153846153
0.2626467692307692
0.27871015384615383
0.2509643076923077
0.20298276923076922
0.14540492307692307
0.08615815384615384
0.05528307692307692
0.023364923076923075
0.0043809230769230765
0.00855323076923077
0.033169846153846154
0.08010830769230769
0.11411261538461538
0.13706030769230768
0.1356
0.11035753846153845
0.07802215384615384
0.032544
-0.013351384615384614
-0.052153846153846155
-0.07843938461538462
-0.08323753846153846
-0.07405846153846153
-0.0448523076923077
0.008761846153846153
0.07364123076923076
0.14519630769230768
0.20506892307692307
0.23093723076923076
0.21842030769230766
0.16209415384615386
0.07948246153846153
-0.01814953846153846
-0.12141415384615384
-0.19693292307692306
-0.23969907692307693
-0.2426196923076923
-0.20527753846153846
-0.13518276923076925
-0.03755076923076923
0.06821723076923077
0.1710646153846154
0.24887815384615386
0.27975323076923075
0.2618123076923077
0.20277415384615383
0.111192
0.01668923076923077
-0.0717636923076923
-0.13810338461538463
-0.165432
-0.16897846153846155
-0.1368516923076923
-0.08699261538461538
-0.020652923076923076
0.059872615384615385
0.12037107692307693
0.16271999999999998
0.16981292307692308
0.14102399999999998
0.0961716923076923
0.028163076923076923
-0.052571076923076915
-0.12391753846153845
-0.17690584615384616
-0.19192615384615386
-0.16480615384615382
-0.0974233846153846
-0.002712
0.09241661538461539
0.17648861538461538
0.23782153846153845
0.28100492307692304
0.2870547692307692
0.23761292307692305
0.1435273846153846
0.027745846153846152
-0.08240307692307691
-0.1718990769230769
-0.21800307692307694
-0.21842030769230766
-0.173568
-0.09450276923076922
0.007301538461538462
0.12496061538461539
0.22342707692307692
0.2920615384615385
0.32189353846153845
0.30416123076923074
0.24011630769230768
0.13497415384615385
0.013768615384615384
-0.11390399999999999
-0.22864246153846152
-0.3035353846153846
-0.32377107692307694
-0.2764153846153846
-0.18879692307692306
-0.08615815384615384
0.028163076923076923
0.14102399999999998
0.23907323076923076
0.30666461538461537
0.327108923076923
0.2989458461538462
0.22843384615384613
0.1316363076923077
0.037342153846153844
-0.04547815384615384
-0.12642092307692307
-0.19818461538461538
-0.23406646153846156
-0.23156307692307693
-0.19526400000000002
-0.14540492307692307
-0.09450276923076922
-0.041514461538461535
0.0002086153846153846
0.03838523076923077
0.06362769230769232
0.0798996923076923
0.08240307692307691
0.056951999999999996
0.03379569230769231
0.015646153846153844
0.0018775384615384615
-0.005424
-0.031709538461538456
-0.06592246153846154
-0.10013538461538461
-0.13080184615384613
-0.14206707692307693
-0.14728246153846153
-0.14311015384615386
-0.12558646153846154
-0.08699261538461538
-0.021904615384615383
0.04735569230769231
0.11452984615384615
0.15833907692307692
0.1733593846153846
0.1800350769230769
0.16730953846153845
0.1424843076923077
0.10222153846153846
0.040262769230769234
-0.015646153846153844
-0.0744756923076923
-0.11411261538461538
-0.124752
-0.12955015384615384
-0.11640738461538462
-0.09116492307692307
-0.0448523076923077
0.00855323076923077
0.03775938461538462
0.05736923076923077
0.06195876923076923
0.05319692307692307
0.03337846153846154
-0.0043809230769230765
-0.051528
-0.11265230769230769
-0.17085599999999998
-0.2059033846153846
-0.21111876923076925
-0.1869193846153846
-0.14728246153846153
-0.09429415384615383
-0.031709538461538456
0.029414769230769227
0.07781353846153846
0.10222153846153846
0.10368184615384615
0.08574092307692306
0.06133292307692308
0.03650769230769231
0.01856676923076923
0.010639384615384617
0.002086153846153846
0.006049846153846154
0.024408000000000003
0.05382276923076923
0.08782707692307692
0.10347323076923076
0.10201292307692307
0.08365476923076923
0.05590892307692308
0.040262769230769234
0.02357353846153846
0.0029206153846153843
-0.010222153846153844
-0.011473846153846154
0.013142769230769229
0.044435076923076924
0.07301538461538462
0.09262523076923077
0.10117846153846152
0.11870215384615385
0.12391753846153845
0.11557292307692307
0.09554584615384615
0.05173661538461538
0.008136
-0.040054153846153843
-0.08177723076923075
-0.11035753846153845
-0.1504116923076923
-0.1802436923076923
-0.19171753846153847
-0.18379015384615385
-0.14665661538461539
-0.09158215384615384
-0.026494153846153844
0.03483876923076923
0.09137353846153846
0.14311015384615386
0.17481969230769231
0.17315076923076922
0.13101046153846155
0.06759138461538462
0.003963692307692307
-0.05173661538461538
-0.09012184615384615
-0.11140061538461538
-0.130176
-0.12704676923076924
-0.10326461538461539
-0.06529661538461538
-0.009179076923076922
0.04380923076923077
0.09867507692307692
0.1476996923076923
0.1913003076923077
0.22321846153846153
0.22843384615384613
0.200688
0.15145476923076923
0.09554584615384615
0.042974769230769226
-0.0016689230769230767
-0.05194523076923077
-0.0880356923076923
-0.10493353846153847
-0.09700615384615385
-0.06696553846153847
-0.026494153846153844
0.015020307692307692
0.041514461538461535
0.06821723076923077
0.09471138461538461
0.11640738461538462
0.12704676923076924
0.11098338461538461
0.07781353846153846
0.03859384615384615
-0.003129230769230769
-0.042348923076923076
-0.08594953846153845
-0.12496061538461539
-0.1489513846153846
-0.15959076923076923
-0.15228923076923076
-0.13664307692307692
-0.11286092307692308
-0.08135999999999999
-0.045060923076923075
0.010848
0.08031692307692308
0.1504116923076923
0.21070153846153844
0.241368
0.24470584615384613
0.2290596923076923
0.184416
0.11077476923076923
0.020652923076923076
-0.06863446153846153
-0.1314276923076923
-0.1704387692307692
-0.17461107692307692
-0.14874276923076923
-0.10827138461538462
-0.040054153846153843
0.03483876923076923
0.11056615384615384
0.1779489230769231
0.20486030769230767
0.1923433846153846
0.14853415384615384
0.08386338461538462
0.009596307692307692
-0.07259815384615384
-0.14790830769230767
-0.22029784615384615
-0.26452430769230767
-0.2632726153846154
-0.2330233846153846
-0.17586276923076924
-0.10868861538461538
-0.033169846153846154
0.052153846153846155
0.11974523076923077
0.16438892307692307
0.1792006153846154
0.12162276923076921
0.051319384615384614
-0.015020307692307692
-0.06258461538461538
-0.09909230769230769
-0.14874276923076923
-0.16480615384615382
-0.13726892307692307
-0.05173661538461538
0.09429415384615383
0.3304467692307692
0.3826006153846154
0.34630153846153844
0.3573581538461538
0.27850153846153847
0.31751261538461534
0.19192615384615386
-0.040054153846153843
-0.23782153846153845
-0.42035999999999996
-0.3375396923076923
-0.26160369230769226
-0.15750461538461538
-0.07885661538461539
-0.004172307692307692
0.2643156923076923
0.4647950769230769
0.66444
0.6573470769230768
0.43287692307692305
0.28392553846153845
0.05528307692307692
-0.08323753846153846
-0.21195323076923075
-0.4145187692307692
-0.4280787692307692
-0.4681329230769231
-0.3907366153846154
-0.1424843076923077
0.013351384615384614
0.235944
0.34963938461538463
0.371544
0.4253667692307692
0.3646596923076923
0.33524492307692305
0.235944
0.03045784615384615
-0.14665661538461539
-0.31646953846153847
-0.3490135384615385
-0.3490135384615385
-0.3890676923076923
-0.3717526153846154
-0.35235138461538457
-0.20277415384615383
0.007301538461538462
0.11390399999999999
0.1977673846153846
0.20235692307692305
0.20131384615384615
0.2559710769230769
0.2238443076923077
0.18086953846153844
0.11599015384615384
0.019609846153846155
0.026494153846153844
0.03713353846153846
0.03713353846153846
0.01710646153846154
-0.050067692307692306
-0.08010830769230769
-0.11077476923076923
-0.12037107692307693
-0.12308307692307692
-0.09784061538461537
-0.026702769230769228
0.003129230769230769
0.09199938461538461
0.20506892307692307
0.28246523076923075
0.37196123076923077
0.3740473846153846
0.3294036923076923
0.26160369230769226
0.127464
0.014185846153846153
-0.1287156923076923
-0.26932246153846157
-0.3279433846153846
-0.3565236923076923
-0.3133403076923077
-0.25430215384615384
-0.168144
-0.003129230769230769
0.165432
0.31688676923076925
0.38280923076923074
0.3909452307692307
0.3949089230769231
0.3275261538461538
0.2207150769230769
0.06070707692307692
-0.1462393846153846
-0.27328615384615385
-0.36570276923076916
-0.4007501538461538
-0.3452584615384615
-0.2897667692307692
-0.1639716923076923
-0.008344615384615384
0.12579507692307693
0.2707827692307692
0.35631507692307696
0.3884418461538462
0.34776184615384614
0.23260615384615385
0.09053907692307692
-0.08240307692307691
-0.2238443076923077
-0.3392086153846154
-0.43329415384615383
-0.4675070769230769
-0.4816929230769231
-0.42661846153846156
-0.3131316923076923
-0.20193969230769232
-0.061750153846153844
0.04172307692307692
0.11911938461538461
0.2075723076923077
0.24053353846153847
0.2221753846153846
0.14436184615384615
0.03671630769230769
-0.027328615384615382
-0.07635323076923077
-0.1178676923076923
-0.14540492307692307
-0.17023015384615386
-0.14749107692307692
-0.09679753846153846
-0.026702769230769228
0.05507446153846154
0.10597661538461538
0.15479261538461536
0.16856123076923077
0.1570873846153846
0.1543753846153846
0.12683815384615382
0.13226215384615383
0.1287156923076923
0.09491999999999999
0.08428061538461538
0.06529661538461538
0.08344615384615384
0.10597661538461538
0.08052553846153847
0.04902461538461538
0.011682461538461537
-0.0070929230769230765
-0.002712
-0.01668923076923077
-0.037967999999999995
-0.06717415384615384
-0.08031692307692308
-0.05277969230769231
-0.025033846153846153
0.016897846153846156
0.04693846153846153
0.07197230769230768
0.11098338461538461
0.12391753846153845
0.14102399999999998
0.12829846153846153
0.08761846153846153
0.04756430769230769
-0.008344615384615384
-0.04214030769230769
-0.05027630769230769
-0.04568676923076923
-0.047772923076923074
-0.05611753846153846
-0.04193169230769231
0.0012516923076923076
0.05298830769230769
0.08156861538461539
0.07551876923076924
0.04172307692307692
0.0050067692307692304
-0.011473846153846154
-0.012308307692307691
-0.03713353846153846
-0.08031692307692308
-0.11056615384615384
-0.116616
-0.08699261538461538
-0.059664
-0.04109723076923077
-0.011473846153846154
0.008970461538461538
0.042557538461538466
0.07781353846153846
0.08302892307692307
0.07468430769230769
0.042557538461538466
0.012099692307692308
0.006884307692307692
0.015020307692307692
0.03024923076923077
0.03838523076923077
0.04318338461538461
0.042974769230769226
0.04965046153846154
0.06404492307692307
0.05590892307692308
0.03045784615384615
-0.005215384615384615
-0.051319384615384614
-0.07113784615384615
-0.06529661538461538
-0.05298830769230769
-0.035464615384615386
-0.037342153846153844
-0.02086153846153846
0.02086153846153846
0.058829538461538454
0.09909230769230769
0.1045163076923077
0.08177723076923075
0.059872615384615385
0.03275261538461539
0.010013538461538461
-0.010639384615384617
-0.04318338461538461
-0.06571384615384615
-0.06988615384615385
-0.045060923076923075
0.008761846153846153
0.05674338461538461
0.0988836923076923
0.12454338461538461
0.14290153846153844
0.1666836923076923
0.1656406153846154
0.15124615384615384
0.12308307692307692
0.08219446153846154
0.053614153846153846
0.027745846153846152
0.009804923076923077
-0.008344615384615384
-0.03024923076923077
-0.04902461538461538
-0.062376
-0.06425353846153846
-0.06383630769230769
-0.06487938461538462
-0.06905169230769231
-0.07113784615384615
-0.061124307692307686
-0.051528
-0.05069353846153846
-0.06341907692307691
-0.08574092307692306
-0.092208
-0.09283384615384616
-0.09283384615384616
-0.0892873846153846
-0.09158215384615384
-0.08761846153846153
-0.07781353846153846
-0.06446215384615385
-0.05236246153846154
-0.05069353846153846
-0.04860738461538461
-0.042974769230769226
-0.020027076923076922
0.025033846153846153
0.07426707692307692
0.12683815384615382
0.17690584615384616
0.21341353846153846
0.23907323076923076
0.241368
0.20861538461538462
0.15750461538461538
0.09158215384615384
0.03379569230769231
-0.0033378461538461535
-0.02899753846153846
-0.03567323076923076
-0.03713353846153846
-0.028788923076923077
-0.0022947692307692304
0.02899753846153846
0.05236246153846154
0.061750153846153844
0.04985907692307692
0.025659692307692307
0.003963692307692307
-0.006884307692307692
-0.008136
-0.004798153846153846
0.006884307692307692
0.023990769230769232
0.04652123076923077
0.06195876923076923
0.07009476923076922
0.06529661538461538
0.047981538461538464
0.028788923076923077
0.005841230769230769
-0.015854769230769228
-0.03942830769230769
-0.06571384615384615
-0.08657538461538461
-0.09179076923076923
-0.07238953846153846
-0.042974769230769226
-0.017315076923076923
0.0025033846153846152
0.015646153846153844
0.03692492307692308
0.05382276923076923
0.06905169230769231
0.07885661538461539
0.07134646153846153
0.06800861538461538
0.06341907692307691
0.051319384615384614
0.03400430769230769
0.010848
-0.005841230769230769
-0.011891076923076923
-0.009596307692307692
-0.004589538461538461
0.0070929230769230765
0.025033846153846153
0.03629907692307692
0.05653476923076922
0.07468430769230769
0.07948246153846153
0.08386338461538462
0.07969107692307692
0.08115138461538463
0.09325107692307691
0.10994030769230768
0.12850707692307692
0.13372246153846154
0.12704676923076924
0.10722830769230769
0.08010830769230769
0.03901107692307692
-0.022530461538461537
-0.09533723076923077
-0.15792184615384616
-0.18879692307692306
-0.20339999999999997
-0.19588984615384614
-0.16710092307692306
-0.12725538461538463
-0.06633969230769231
0.008761846153846153
0.07572738461538461
0.11995384615384615
0.14185846153846154
0.1462393846153846
0.1356
0.10222153846153846
0.05319692307692307
-0.0033378461538461535
-0.05924676923076923
-0.10117846153846152
-0.11640738461538462
-0.10785415384615385
-0.08386338461538462
-0.03692492307692308
0.028788923076923077
0.10931446153846153
0.1858763076923077
0.24074215384615386
0.2699483076923077
0.2682793846153846
0.23928184615384615
0.1829556923076923
0.11160923076923077
0.027745846153846152
-0.06487938461538462
-0.14206707692307693
-0.1923433846153846
-0.19839323076923077
-0.16647507692307692
-0.1178676923076923
-0.05507446153846154
0.006884307692307692
0.06279323076923077
0.11223507692307692
0.13601723076923075
0.130176
0.08323753846153846
0.0077187692307692304
-0.06154153846153846
-0.1205796923076923
-0.14957723076923077
-0.1585476923076923
-0.1476996923076923
-0.103056
-0.03629907692307692
0.042348923076923076
0.11202646153846153
0.15646153846153846
0.17732307692307692
0.1794092307692308
0.16251138461538459
0.1341396923076923
0.09241661538461539
0.04526953846153846
0.0035464615384615383
-0.01981846153846154
-0.017315076923076923
0.011265230769230769
0.047981538461538464
0.08094276923076923
0.11974523076923077
0.15291507692307693
0.17273353846153844
0.18128676923076922
0.16689230769230767
0.11828492307692307
0.05570030769230769
-0.015228923076923076
-0.08428061538461538
-0.14415323076923076
-0.19964492307692308
-0.23135446153846154
-0.2292683076923077
-0.19442953846153843
-0.14081538461538462
-0.08344615384615384
-0.033169846153846154
0.012516923076923077
0.05507446153846154
0.08240307692307691
0.08824430769230769
0.07405846153846153
0.04526953846153846
0.017523692307692306
-0.0012516923076923076
-0.011265230769230769
-0.014185846153846153
-0.015020307692307692
-0.014603076923076923
-0.0012516923076923076
0.0008344615384615384
-0.01272553846153846
-0.03379569230769231
-0.07697907692307693
-0.11348676923076922
-0.1635544615384615
-0.18545907692307692
-0.1779489230769231
-0.12454338461538461
-0.02795446153846154
0.1506203076923077
0.3659113846153846
0.42787015384615384
0.5323864615384615
0.5626356923076923
0.5071439999999999
0.4514436923076923
0.22467876923076924
-0.008344615384615384
-0.29832
-0.519660923076923
-0.6431612307692307
-0.7708338461538461
-0.7574824615384614
-0.7067889230769231
-0.5025544615384615
-0.2021483076923077
0.10827138461538462
0.48023261538461537
0.6855101538461539
0.8227790769230768
0.8747243076923077
0.7576910769230769
0.6087396923076923
0.31208861538461535
-0.010639384615384617
-0.2914356923076923
-0.6204221538461538
-0.7578996923076923
-0.7768836923076924
-0.7163852307692308
-0.5079784615384615
-0.31667815384615383
-0.06863446153846153
0.17544553846153846
0.3882332307692308
0.6108258461538462
0.7080406153846154
0.7243126153846153
0.663396923076923
0.5432344615384616
0.40387938461538464
0.1696043076923077
-0.09199938461538461
-0.34692738461538464
-0.5757784615384615
-0.6750793846153846
-0.7069975384615383
-0.6775827692307692
-0.5651390769230769
-0.442056
-0.2540935384615385
-0.05048492307692308
0.10806276923076923
0.27787569230769227
0.38426953846153844
0.44914892307692306
0.5102732307692307
0.4971304615384615
0.43579753846153846
0.30019753846153846
0.10076123076923077
-0.1289243076923077
-0.38072307692307694
-0.590172923076923
-0.7551876923076922
-0.8252824615384615
-0.8102621538461537
-0.7168024615384616
-0.47084492307692305
-0.16105107692307694
0.16626646153846153
0.49400123076923075
0.7320313846153846
0.8899532307692308
0.9323021538461538
0.8467698461538462
0.6817550769230768
0.4080516923076923
0.10326461538461539
-0.18107815384615383
-0.4416387692307692
-0.628140923076923
-0.7445483076923076
-0.7541446153846154
-0.6408664615384615
-0.43329415384615383
-0.1422756923076923
0.1792006153846154
0.5061009230769231
0.7810560000000001
0.9350141538461538
0.9900886153846153
0.8962116923076923
0.6844670769230768
0.42494953846153843
0.09429415384615383
-0.20924123076923076
-0.443724923076923
-0.6175015384615384
-0.6805033846153846
-0.676956923076923
-0.5891298461538461
-0.41076369230769233
-0.2059033846153846
0.011891076923076923
0.18963138461538462
0.31667815384615383
0.3913624615384615
0.40283630769230766
0.37926276923076924
0.2989458461538462
0.1794092307692308
0.03337846153846154
-0.12245723076923076
-0.22405292307692307
-0.28955815384615385
-0.3072904615384615
-0.28163076923076924
-0.24512307692307692
-0.16710092307692306
-0.05590892307692308
0.05444861538461539
0.146448
0.20173107692307693
0.23928184615384615
0.28434276923076923
0.30937661538461536
0.31751261538461534
0.29352184615384613
0.2357353846153846
0.17398523076923075
0.11348676923076922
0.07697907692307693
0.04109723076923077
0.0050067692307692304
-0.028788923076923077
-0.07155507692307693
-0.08636676923076922
-0.09700615384615385
-0.10055261538461538
-0.08031692307692308
-0.0826116923076923
-0.07155507692307693
-0.02899753846153846
0.02273907692307692
0.08949599999999999
0.12662953846153846
0.13038461538461538
0.12496061538461539
0.10722830769230769
0.09012184615384615
0.04944184615384615
-0.01668923076923077
-0.0771876923076923
-0.12579507692307693
-0.13622584615384614
-0.13205353846153844
-0.11473846153846154
-0.0853236923076923
-0.07072061538461538
-0.03775938461538462
0.002086153846153846
0.03775938461538462
0.06675692307692307
0.08240307692307691
0.10535076923076922
0.12642092307692307
0.13852061538461538
0.1489513846153846
0.14957723076923077
0.14039815384615384
0.12037107692307693
0.10389046153846154
0.09846646153846153
0.09116492307692307
0.07468430769230769
0.03650769230769231
-0.013560000000000001
-0.07405846153846153
-0.14060676923076923
-0.19317784615384614
-0.24324553846153843
-0.27140861538461536
-0.2532590769230769
-0.2073636923076923
-0.1356
-0.05590892307692308
0.010013538461538461
0.07072061538461538
0.12266584615384615
0.1489513846153846
0.13706030769230768
0.07113784615384615
-0.029414769230769227
-0.12537784615384615
-0.21174461538461536
-0.28955815384615385
-0.3442153846153846
-0.36340799999999995
-0.34338092307692303
-0.2807963076923077
-0.18253846153846154
-0.056951999999999996
0.06362769230769232
0.1612596923076923
0.23761292307692305
0.2862203076923077
0.2970683076923077
0.2478350769230769
0.15270646153846154
0.042557538461538466
-0.06300184615384616
-0.14477907692307693
-0.19964492307692308
-0.2209236923076923
-0.19693292307692306
-0.14853415384615384
-0.06967753846153846
0.03358707692307692
0.1316363076923077
0.21883753846153844
0.2709913846153846
0.29080984615384614
0.2830910769230769
0.24449723076923074
0.17523692307692307
0.084072
-0.007301538461538462
-0.08198584615384615
-0.11432123076923076
-0.10952307692307692
-0.08386338461538462
-0.04965046153846154
-0.010013538461538461
0.04318338461538461
0.10368184615384615
0.14999446153846155
0.1635544615384615
0.1435273846153846
0.10722830769230769
0.07343261538461537
0.052153846153846155
0.03859384615384615
0.032544
0.03942830769230769
0.055491692307692304
0.07697907692307693
0.09262523076923077
0.09784061538461537
0.08761846153846153
0.06487938461538462
0.049233230769230765
0.04756430769230769
0.05570030769230769
0.06404492307692307
0.07072061538461538
0.07510153846153846
0.08073415384615384
0.10263876923076923
0.12955015384615384
0.14686523076923075
0.1422756923076923
0.11870215384615385
0.08845292307692308
0.05757784615384615
0.030040615384615384
-0.0035464615384615383
-0.03066646153846154
-0.047981538461538464
-0.044435076923076924
-0.021904615384615383
0.0006258461538461538
0.021278769230769233
0.031709538461538456
0.042974769230769226
0.05194523076923077
0.05277969230769231
0.03567323076923076
0.0002086153846153846
-0.04380923076923077
-0.07697907692307693
-0.08574092307692306
-0.09262523076923077
-0.09179076923076923
-0.08156861538461539
-0.054657230769230764
-0.006675692307692307
0.048816000000000005
0.09992676923076924
0.13789476923076924
0.15938215384615384
0.16021661538461537
0.15228923076923076
0.124752
0.07426707692307692
0.013768615384615384
-0.040262769230769234
-0.06988615384615385
-0.06863446153846153
-0.04380923076923077
-0.010639384615384617
0.028163076923076923
0.062376
0.0853236923076923
0.10389046153846154
0.09721476923076922
0.05486584615384615
-0.006258461538461538
-0.07155507692307693
-0.11452984615384615
-0.14749107692307692
-0.1792006153846154
-0.1990190769230769
-0.200688
-0.1733593846153846
-0.12558646153846154
-0.07197230769230768
-0.030040615384615384
-0.011265230769230769
-0.008136
-0.005632615384615384
0.0029206153846153843
0.010848
0.0014603076923076922
-0.02023569230769231
-0.051528
-0.07551876923076924
-0.08010830769230769
-0.092208
-0.10013538461538461
-0.10055261538461538
-0.09262523076923077
-0.06133292307692308
-0.02586830769230769
0.005215384615384615
0.02753723076923077
0.04735569230769231
0.07948246153846153
0.12308307692307692
0.17148184615384612
0.20006215384615383
0.20277415384615383
0.18775384615384613
0.16271999999999998
0.13914646153846155
0.10263876923076923
0.03984553846153846
-0.026911384615384615
-0.08949599999999999
-0.13518276923076925
-0.1462393846153846
-0.14707384615384617
-0.13309661538461537
-0.0988836923076923
-0.047772923076923074
0.030040615384615384
0.11327815384615383
0.1785747692307692
0.21675138461538462
0.22405292307692307
0.21737723076923077
0.1923433846153846
0.13789476923076924
0.06425353846153846
-0.022947692307692308
-0.10117846153846152
-0.15959076923076923
-0.1842073846153846
-0.16856123076923077
-0.12767261538461538
-0.06404492307692307
0.0043809230769230765
0.08386338461538462
0.16751815384615384
0.22593046153846155
0.25701415384615384
0.26118646153846153
0.24992123076923078
0.23364923076923078
0.19359507692307693
0.130176
0.05486584615384615
-0.03775938461538462
-0.10868861538461538
-0.15270646153846154
-0.1712732307692308
-0.17481969230769231
-0.18170399999999998
-0.15208061538461537
-0.086784
-0.003963692307692307
0.07468430769230769
0.13121907692307694
0.17502830769230768
0.19735015384615384
0.19881046153846152
0.18149538461538461
0.12558646153846154
0.04714707692307692
-0.042974769230769226
-0.12662953846153846
-0.18170399999999998
-0.23093723076923076
-0.26494153846153845
-0.2845513846153846
-0.287472
-0.2559710769230769
-0.2008966153846154
-0.13643446153846153
-0.08135999999999999
-0.040262769230769234
-0.007927384615384614
0.02023569230769231
0.03775938461538462
0.03504738461538461
0.017523692307692306
-0.013142769230769229
-0.04672984615384615
-0.06550523076923077
-0.07489292307692308
-0.08991323076923076
-0.11911938461538461
-0.14185846153846154
-0.13601723076923075
-0.11202646153846153
-0.08135999999999999
-0.051319384615384614
-0.027328615384615382
-0.002712
0.03024923076923077
0.07301538461538462
0.11765907692307691
0.14665661538461539
0.16000799999999998
0.16251138461538459
0.15562707692307692
0.13935507692307691
0.10055261538461538
0.0448523076923077
-0.018983999999999997
-0.07927384615384615
-0.12350030769230769
-0.15500123076923078
-0.17398523076923075
-0.19150892307692308
-0.20047938461538461
-0.21779446153846155
-0.2424110769230769
-0.20486030769230767
-0.13059323076923077
-0.032544
0.09658892307692307
0.21508246153846153
0.360696
0.5048492307692307
0.6049846153846153
0.6648572307692308
0.6095741538461538
0.44748
0.21904615384615383
0.016480615384615385
-0.165432
-0.36340799999999995
-0.46667261538461535
-0.540731076923077
-0.48190153846153844
-0.3062473846153846
-0.09909230769230769
0.1783661538461538
0.38072307692307694
0.574944
0.7024079999999999
0.7065803076923076
0.6421181538461538
0.441012923076923
0.18379015384615385
-0.09721476923076922
-0.3460929230769231
-0.48941169230769227
-0.5503273846153846
-0.4942098461538461
-0.35631507692307696
-0.17023015384615386
0.049233230769230765
0.24032492307692307
0.4188996923076923
0.5100646153846153
0.46625538461538457
0.37884553846153846
0.2342750769230769
0.09784061538461537
0.008761846153846153
-0.08699261538461538
-0.1504116923076923
-0.20944984615384615
-0.24428861538461538
-0.2194633846153846
-0.1908830769230769
-0.1614683076923077
-0.13205353846153844
-0.11181784615384616
-0.0798996923076923
-0.04714707692307692
-0.01981846153846154
-0.00855323076923077
-0.010222153846153844
-0.003755076923076923
0.003755076923076923
0.03880246153846154
0.08761846153846153
0.12579507692307693
0.15667015384615385
0.13601723076923075
0.08156861538461539
0.021904615384615383
-0.08615815384615384
-0.20506892307692307
-0.3116713846153846
-0.39511753846153846
-0.3873987692307692
-0.3156350769230769
-0.17690584615384616
0.022530461538461537
0.21091015384615383
0.38030584615384616
0.4975476923076923
0.546780923076923
0.5061009230769231
0.38531261538461536
0.23510953846153848
0.045060923076923075
-0.1356
-0.27140861538461536
-0.3508910769230769
-0.35276861538461535
-0.29685969230769227
-0.17815753846153848
-0.010013538461538461
0.17085599999999998
0.3548547692307692
0.49733907692307694
0.5563772307692307
0.55596
0.48002399999999995
0.3387913846153846
0.1733593846153846
-0.02044430769230769
-0.20110523076923076
-0.3387913846153846
-0.4115981538461538
-0.4026276923076923
-0.32731753846153844
-0.1923433846153846
-0.030875076923076922
0.14331876923076922
0.2997803076923077
0.3913624615384615
0.4239064615384615
0.38593846153846156
0.29101846153846156
0.1802436923076923
0.05069353846153846
-0.06946892307692307
-0.15896492307692306
-0.22280123076923075
-0.22697353846153845
-0.17899199999999998
-0.10409907692307692
-0.020652923076923076
0.041514461538461535
0.08073415384615384
0.0936683076923077
0.07885661538461539
0.037967999999999995
-0.02086153846153846
-0.08448923076923077
-0.1397723076923077
-0.15875630769230767
-0.15082892307692305
-0.12767261538461538
-0.0892873846153846
-0.04568676923076923
-0.0004172307692307692
0.03379569230769231
0.045895384615384616
0.028163076923076923
-0.016272
-0.0892873846153846
-0.16835261538461538
-0.2342750769230769
-0.2872633846153846
-0.3152178461538461
-0.32210215384615387
-0.2943563076923077
-0.222384
-0.11035753846153845
0.015854769230769228
0.1316363076923077
0.21508246153846153
0.25242461538461536
0.2626467692307692
0.2426196923076923
0.19317784615384614
0.11891076923076922
0.026494153846153844
-0.054657230769230764
-0.0936683076923077
-0.09033046153846153
-0.06258461538461538
-0.024408000000000003
0.010848
0.05674338461538461
0.10555938461538462
0.14123261538461537
0.15374953846153847
0.130176
0.09325107692307691
0.051319384615384614
0.010639384615384617
-0.018775384615384614
-0.04130584615384615
-0.049233230769230765
-0.042974769230769226
-0.009179076923076922
0.03942830769230769
0.07927384615384615
0.11098338461538461
0.116616
0.0936683076923077
0.06675692307692307
0.03880246153846154
0.005215384615384615
-0.026494153846153844
-0.05090215384615384
-0.055491692307692304
-0.044435076923076924
-0.010848
0.05653476923076922
0.1218313846153846
0.1637630769230769
0.1910916923076923
0.20298276923076922
0.18232984615384615
0.11327815384615383
0.012099692307692308
-0.09158215384615384
-0.17565415384615385
-0.22175815384615383
-0.22572184615384616
-0.19046584615384615
-0.12308307692307692
-0.028788923076923077
0.0936683076923077
0.21174461538461536
0.2868461538461538
0.31646953846153847
0.28163076923076924
0.19839323076923077
0.08991323076923076
-0.03588184615384615
-0.1462393846153846
-0.2422024615384615
-0.30583015384615386
-0.3243969230769231
-0.3060387692307692
-0.24345415384615382
-0.14957723076923077
-0.04172307692307692
0.06467076923076923
0.15896492307692306
0.2261390769230769
0.25388492307692306
0.24491446153846153
0.1927606153846154
0.11703323076923078
0.03483876923076923
-0.04214030769230769
-0.10576799999999999
-0.16105107692307694
-0.19547261538461536
-0.20193969230769232
-0.18149538461538461
-0.13810338461538463
-0.08469784615384615
-0.02023569230769231
0.04714707692307692
0.11077476923076923
0.16751815384615384
0.1775316923076923
0.15520984615384617
0.11536430769230768
0.07134646153846153
0.05048492307692308
0.033169846153846154
0.018775384615384614
0.003129230769230769
0.003755076923076923
0.023782153846153845
0.04380923076923077
0.05194523076923077
0.043600615384615383
0.013768615384615384
-0.021070153846153846
-0.03963692307692308
-0.051528
-0.04172307692307692
-0.031709538461538456
-0.02023569230769231
0.014394461538461538
0.05528307692307692
0.09721476923076922
0.116616
0.10347323076923076
0.07593599999999999
0.028163076923076923
-0.023364923076923075
-0.07113784615384615
-0.13622584615384614
-0.19860184615384616
-0.2478350769230769
-0.2724516923076923
-0.2628553846153846
-0.23469230769230767
-0.19672430769230767
-0.15938215384615384
-0.10389046153846154
-0.023990769230769232
0.04965046153846154
0.10660246153846153
0.13726892307692307
0.14686523076923075
0.14394461538461537
0.1218313846153846
0.100344
0.07030338461538461
0.035464615384615386
0.014811692307692307
0.016480615384615385
0.04735569230769231
0.086784
0.12621230769230768
0.15520984615384617
0.18379015384615385
0.20715507692307691
0.21529107692307692
0.21341353846153846
0.19067446153846154
0.1612596923076923
0.1397723076923077
0.13372246153846154
0.13789476923076924
0.13893784615384613
0.12683815384615382
0.10681107692307691
0.08240307692307691
0.05507446153846154
0.01940123076923077
-0.03650769230769231
-0.0936683076923077
-0.1356
-0.1489513846153846
-0.138312
-0.10138707692307691
-0.04380923076923077
0.015854769230769228
0.08761846153846153
0.15082892307692305
0.20193969230769232
0.2194633846153846
0.18212123076923076
0.11077476923076923
0.02899753846153846
-0.034630153846153845
-0.09471138461538461
-0.14749107692307692
-0.1787833846153846
-0.18483323076923078
-0.14916
-0.07697907692307693
0.013768615384615384
0.09679753846153846
0.15541846153846153
0.19755876923076923
0.21800307692307694
0.206112
0.1656406153846154
0.0936683076923077
0.0016689230769230767
-0.09158215384615384
-0.16209415384615386
-0.19505538461538463
-0.20548615384615385
-0.19359507692307693
-0.154584
-0.08866153846153846
0.0008344615384615384
0.0936683076923077
0.1612596923076923
0.18754523076923074
0.17398523076923075
0.1314276923076923
0.08094276923076923
0.026285538461538457
-0.03942830769230769
-0.10409907692307692
-0.15354092307692307
-0.16772676923076923
-0.14561353846153846
-0.10597661538461538
-0.05924676923076923
-0.012516923076923077
0.04130584615384615
0.10347323076923076
0.1570873846153846
0.19192615384615386
0.1800350769230769
0.13080184615384613
0.07051199999999999
0.010848
-0.031709538461538456
-0.06842584615384616
-0.09554584615384615
-0.1097316923076923
-0.10660246153846153
-0.07551876923076924
-0.04214030769230769
-0.03024923076923077
-0.029623384615384614
-0.02899753846153846
-0.017523692307692306
0.012308307692307691
0.04568676923076923
0.07551876923076924
0.09575446153846154
0.11807630769230769
0.15562707692307692
0.19213476923076922
0.21466523076923077
0.21111876923076925
0.18358153846153846
0.13893784615384613
0.08907876923076924
0.043600615384615383
0.0014603076923076922
-0.03692492307692308
-0.06279323076923077
-0.06613107692307692
-0.05528307692307692
-0.027745846153846152
0.008344615384615384
0.047981538461538464
0.0892873846153846
0.12558646153846154
0.157296
0.16501476923076921
0.14311015384615386
0.09304246153846155
0.016063384615384615
-0.06028984615384615
-0.132888
-0.20193969230769232
-0.2641070769230769
-0.3114627692307692
-0.3216849230769231
-0.3049956923076923
-0.25430215384615384
-0.1856676923076923
-0.12245723076923076
-0.05486584615384615
0.004589538461538461
0.054240000000000003
0.08365476923076923
0.08177723076923075
0.07197230769230768
0.05570030769230769
0.03713353846153846
0.031918153846153846
0.023990769230769232
0.01710646153846154
0.008970461538461538
0.004589538461538461
0.017940923076923077
0.03421292307692308
0.055491692307692304
0.07051199999999999
0.07760492307692309
0.09074769230769231
0.10138707692307691
0.10618523076923077
0.10180430769230768
0.08824430769230769
0.07301538461538462
0.06133292307692308
0.05069353846153846
0.032544
0.005424
-0.028371692307692306
-0.06028984615384615
-0.08594953846153845
-0.1045163076923077
-0.12433476923076923
-0.13726892307692307
-0.13914646153846155
-0.1422756923076923
-0.1424843076923077
-0.16292861538461537
-0.1990190769230769
-0.2563883076923077
-0.25701415384615384
-0.17023015384615386
-0.03880246153846154
0.14957723076923077
0.30666461538461537
0.47084492307692305
0.614580923076923
0.7007390769230769
0.7241040000000001
0.5953883076923077
0.39115384615384613
0.14060676923076923
-0.10576799999999999
-0.3506824615384615
-0.5786990769230769
-0.7220178461538461
-0.784811076923077
-0.6999046153846153
-0.5000510769230769
-0.2355267692307692
0.06529661538461538
0.3513083076923077
0.5820369230769231
0.7195144615384615
0.7337003076923077
0.6270978461538461
0.4408043076923077
0.1543753846153846
-0.1666836923076923
-0.4549901538461538
-0.6834239999999999
-0.7704166153846153
-0.7451741538461537
-0.6108258461538462
-0.4011673846153846
-0.1783661538461538
0.08073415384615384
0.31104553846153843
0.4514436923076923
0.5079784615384615
0.48565661538461535
0.43058215384615384
0.36027876923076924
0.2557624615384615
0.12120553846153845
-0.04422646153846154
-0.19755876923076923
-0.31500923076923076
-0.3982467692307692
-0.44622830769230765
-0.4725138461538462
-0.43329415384615383
-0.34504984615384615
-0.23907323076923076
-0.11348676923076922
-0.021070153846153846
0.055491692307692304
0.12975876923076923
0.1721076923076923
0.20277415384615383
0.21111876923076925
0.20319138461538463
0.18858830769230767
0.14811692307692306
0.07823076923076923
-0.011473846153846154
-0.0961716923076923
-0.18483323076923078
-0.27328615384615385
-0.3214763076923077
-0.32189353846153845
-0.26535876923076923
-0.1424843076923077
0.018775384615384614
0.21174461538461536
0.39741230769230773
0.5465723076923077
0.6596418461538461
0.6665261538461538
0.5674338461538462
0.41326707692307696
0.2292683076923077
0.045895384615384616
-0.13643446153846153
-0.29727692307692305
-0.39324
-0.41034646153846155
-0.36027876923076924
-0.26118646153846153
-0.1314276923076923
0.01981846153846154
0.18212123076923076
0.3344104615384615
0.4376750769230769
0.4798153846153846
0.46312615384615385
0.3809316923076923
0.2559710769230769
0.0961716923076923
-0.06842584615384616
-0.20339999999999997
-0.3060387692307692
-0.3565236923076923
-0.34046030769230773
-0.25805723076923076
-0.11619876923076923
0.05382276923076923
0.20444307692307692
0.30583015384615386
0.36215630769230767
0.3815575384615385
0.36382523076923073
0.3081249230769231
0.21466523076923077
0.11327815384615383
0.027745846153846152
-0.03859384615384615
-0.07739630769230768
-0.0936683076923077
-0.1097316923076923
-0.11411261538461538
-0.09909230769230769
-0.06216738461538462
-0.011682461538461537
0.0006258461538461538
-0.0033378461538461535
-0.010013538461538461
-0.02357353846153846
-0.022947692307692308
-0.03296123076923077
-0.05236246153846154
-0.07426707692307692
-0.09137353846153846
-0.08323753846153846
-0.05736923076923077
-0.009179076923076922
0.044435076923076924
0.08574092307692306
0.12037107692307693
0.119328
0.08740984615384616
0.03755076923076923
-0.03921969230769231
-0.10368184615384615
-0.1558356923076923
-0.1881710769230769
-0.1760713846153846
-0.14749107692307692
-0.09471138461538461
-0.03629907692307692
0.02899753846153846
0.10848000000000001
0.16897846153846155
0.21237046153846154
0.22008923076923076
0.200688
0.1704387692307692
0.13518276923076925
0.09533723076923077
0.040679999999999994
-0.021904615384615383
-0.07593599999999999
-0.10994030769230768
-0.130176
-0.13768615384615385
-0.14665661538461539
-0.13601723076923075
-0.09199938461538461
-0.03504738461538461
0.040262769230769234
0.11745046153846153
0.19192615384615386
0.25388492307692306
0.2979027692307692
0.32001599999999997
0.31688676923076925
0.2943563076923077
0.24512307692307692
0.184416
0.111192
0.029414769230769227
-0.042348923076923076
-0.10368184615384615
-0.15687876923076924
-0.18212123076923076
-0.18212123076923076
-0.14978584615384616
-0.09137353846153846
-0.03713353846153846
0.03629907692307692
0.11891076923076922
0.19985353846153847
0.25951753846153847
0.2601433846153846
0.2209236923076923
0.14811692307692306
0.06487938461538462
-0.017940923076923077
-0.11411261538461538
-0.19839323076923077
-0.25555384615384613
-0.2703655384615385
-0.23928184615384615
-0.17544553846153846
-0.08699261538461538
0.007510153846153846
0.10180430769230768
0.1992276923076923
0.2737033846153846
0.31104553846153843
0.3016578461538461
0.24074215384615386
0.17002153846153847
0.08240307692307691
-0.017315076923076923
-0.11265230769230769
-0.20548615384615385
-0.27140861538461536
-0.3102110769230769
-0.3152178461538461
-0.28663753846153844
-0.24011630769230768
-0.1800350769230769
-0.10910584615384614
-0.03379569230769231
0.03921969230769231
0.09116492307692307
0.11181784615384616
0.10493353846153847
0.07197230769230768
0.035255999999999996
-0.01272553846153846
-0.07384984615384615
-0.13038461538461538
-0.18358153846153846
-0.20193969230769232
-0.18921415384615384
-0.14978584615384616
-0.07697907692307693
-0.005215384615384615
0.06946892307692307
0.1395636923076923
0.19881046153846152
0.241368
0.24658338461538462
0.22342707692307692
0.18983999999999998
0.16167692307692308
0.13601723076923075
0.10910584615384614
0.0826116923076923
0.06216738461538462
0.05277969230769231
0.05716061538461538
0.06425353846153846
0.06028984615384615
0.04109723076923077
0.01668923076923077
0.0006258461538461538
-0.02023569230769231
-0.047772923076923074
-0.07760492307692309
-0.1045163076923077
-0.12621230769230768
-0.13810338461538463
-0.13810338461538463
-0.13601723076923075
-0.13518276923076925
-0.12913292307692306
-0.09679753846153846
-0.04985907692307692
-0.004798153846153846
0.031709538461538456
0.05048492307692308
0.061124307692307686
0.06633969230769231
0.07009476923076922
0.05382276923076923
0.012099692307692308
-0.042348923076923076
-0.09450276923076922
-0.1218313846153846
-0.12016246153846154
-0.09137353846153846
-0.04965046153846154
0.005424
0.06884307692307692
0.1341396923076923
0.18754523076923074
0.2059033846153846
0.19568123076923075
0.15562707692307692
0.1045163076923077
0.0609156923076923
0.006258461538461538
-0.05090215384615384
-0.09784061538461537
-0.13121907692307694
-0.132888
-0.10910584615384614
-0.06279323076923077
-0.007301538461538462
0.03921969230769231
0.08574092307692306
0.12955015384615384
0.16271999999999998
0.1691870769230769
0.14206707692307693
0.09304246153846155
0.041514461538461535
0.0022947692307692304
-0.03275261538461539
-0.07593599999999999
-0.11557292307692307
-0.1435273846153846
-0.1506203076923077
-0.13101046153846155
-0.10159569230769232
-0.07656184615384615
-0.06425353846153846
-0.05611753846153846
-0.04109723076923077
-0.02482523076923077
-0.013142769230769229
-0.013142769230769229
-0.015854769230769228
-0.010013538461538461
0.0043809230769230765
0.029206153846153847
0.052153846153846155
0.07259815384615384
0.07906523076923076
0.065088
0.05528307692307692
0.03024923076923077
-0.017315076923076923
-0.07384984615384615
-0.1289243076923077
-0.15416676923076922
-0.14811692307692306
-0.11181784615384616
-0.04526953846153846
0.03400430769230769
0.11953661538461538
0.20965846153846154
0.28434276923076923
0.3216849230769231
0.3127144615384615
0.2624381538461539
0.18629353846153843
0.09909230769230769
0.009596307692307692
-0.09179076923076923
-0.18942276923076923
-0.2638984615384615
-0.3102110769230769
-0.31188
-0.2970683076923077
-0.2643156923076923
-0.2157083076923077
-0.1712732307692308
-0.10576799999999999
-0.03880246153846154
0.02023569230769231
0.07238953846153846
0.100344
0.11703323076923078
0.11181784615384616
0.08866153846153846
0.054657230769230764
-0.0006258461538461538
-0.04944184615384615
-0.08574092307692306
-0.1028473846153846
-0.10117846153846152
-0.09596307692307693
-0.08344615384615384
-0.059872615384615385
-0.017315076923076923
0.03233538461538461
0.08720123076923077
0.143736
0.19881046153846152
0.24762646153846155
0.2837169230769231
0.31229723076923077
0.3143833846153846
0.2924787692307692
0.2517987692307692
0.19317784615384614
0.11807630769230769
0.025033846153846153
-0.06654830769230768
-0.14916
-0.21216184615384615
-0.23469230769230767
-0.21654276923076923
-0.15562707692307692
-0.062376
0.040679999999999994
0.1489513846153846
0.2399076923076923
0.30979384615384614
0.3410861538461538
0.3193901538461538
0.2624381538461539
0.1652233846153846
0.053614153846153846
-0.06049846153846154
-0.1693956923076923
-0.2578486153846154
-0.3235624615384615
-0.34504984615384615
-0.3252313846153846
-0.2699483076923077
-0.18775384615384613
-0.09533723076923077
0.014603076923076923
0.13121907692307694
0.2330233846153846
0.30708184615384615
0.33482769230769227
0.31396615384615384
0.24762646153846155
0.15166338461538462
0.04380923076923077
-0.06654830769230768
-0.16689230769230767
-0.23469230769230767
-0.25930892307692305
-0.24679199999999998
-0.1942209230769231
-0.11223507692307692
-0.018358153846153843
0.07948246153846153
0.17502830769230768
0.25367630769230765
0.3081249230769231
0.33065538461538463
0.3137575384615385
0.26452430769230767
0.19463815384615382
0.12245723076923076
0.04631261538461538
-0.027745846153846152
-0.09533723076923077
-0.14603076923076924
-0.16063384615384615
-0.15374953846153847
-0.12141415384615384
-0.07155507692307693
-0.01668923076923077
0.04965046153846154
0.10952307692307692
0.14603076923076924
0.15124615384615384
0.12016246153846154
0.08782707692307692
0.053614153846153846
-0.006258461538461538
-0.047981538461538464
-0.10159569230769232
-0.12287446153846153
-0.12850707692307692
-0.06487938461538462
0.08657538461538461
0.08177723076923075
0.1097316923076923
0.13351384615384615
0.12934153846153845
0.18921415384615384
0.1028473846153846
0.01856676923076923
-0.10618523076923077
-0.18358153846153846
-0.130176
-0.11619876923076923
-0.05924676923076923
-0.05382276923076923
0.0029206153846153843
0.16042523076923076
0.2789187692307692
0.43329415384615383
0.45269538461538456
0.37321292307692305
0.31041969230769234
0.17461107692307692
0.09554584615384615
-0.016897846153846156
-0.16251138461538459
-0.20694646153846152
-0.2999889230769231
-0.29498215384615384
-0.1883796923076923
-0.1205796923076923
0.0077187692307692304
0.06028984615384615
0.09199938461538461
0.1422756923076923
0.14853415384615384
0.19818461538461538
0.18379015384615385
0.10994030769230768
0.030040615384615384
-0.03880246153846154
-0.04047138461538462
-0.0678
-0.13852061538461538
-0.20861538461538462
-0.2780843076923077
-0.2563883076923077
-0.18983999999999998
-0.1435273846153846
-0.08031692307692308
-0.044435076923076924
0.025659692307692307
0.1314276923076923
0.18358153846153846
0.23803015384615384
0.24762646153846155
0.22593046153846155
0.24679199999999998
0.23114584615384615
0.19359507692307693
0.10472492307692308
-0.02211323076923077
-0.12934153846153845
-0.23448369230769228
-0.2985286153846154
-0.33378461538461535
-0.31626092307692305
-0.25972615384615383
-0.20694646153846152
-0.08240307692307691
0.06216738461538462
0.18963138461538462
0.30332676923076923
0.3369138461538461
0.3375396923076923
0.29456492307692306
0.200688
0.10493353846153847
-0.04214030769230769
-0.18629353846153843
-0.2753723076923077
-0.33295015384615384
-0.33545353846153847
-0.31751261538461534
-0.260352
-0.14936861538461538
-0.02586830769230769
0.11098338461538461
0.21132738461538458
0.28434276923076923
0.33962584615384617
0.3252313846153846
0.27850153846153847
0.1856676923076923
0.05027630769230769
-0.06195876923076923
-0.1800350769230769
-0.25930892307692305
-0.2849686153846154
-0.2926873846153846
-0.24178523076923078
-0.173568
-0.08866153846153846
0.03504738461538461
0.1449876923076923
0.2330233846153846
0.2730775384615384
0.27328615384615385
0.252216
0.19964492307692308
0.15792184615384616
0.11014892307692307
0.0609156923076923
0.01710646153846154
-0.027120000000000002
-0.03650769230769231
-0.045060923076923075
-0.04985907692307692
-0.03901107692307692
-0.04526953846153846
-0.030875076923076922
0.029206153846153847
0.09554584615384615
0.15249784615384615
0.18399876923076922
0.20277415384615383
0.2355267692307692
0.2478350769230769
0.2221753846153846
0.15208061538461537
0.044435076923076924
-0.06341907692307691
-0.15667015384615385
-0.21466523076923077
-0.25117292307692307
-0.26681907692307694
-0.24762646153846155
-0.20944984615384615
-0.13101046153846155
-0.040054153846153843
0.03609046153846154
0.10889723076923077
0.1476996923076923
0.15541846153846153
0.1506203076923077
0.1205796923076923
0.08907876923076924
0.037342153846153844
-0.03609046153846154
-0.08720123076923077
-0.12579507692307693
-0.1353913846153846
-0.12725538461538463
-0.1178676923076923
-0.09450276923076922
-0.06738276923076922
-0.020652923076923076
0.030875076923076922
0.06070707692307692
0.08010830769230769
0.0717636923076923
0.055491692307692304
0.030040615384615384
-0.01814953846153846
-0.06154153846153846
-0.10868861538461538
-0.12662953846153846
-0.1151556923076923
-0.10389046153846154
-0.07134646153846153
-0.029206153846153847
0.007301538461538462
0.040262769230769234
0.049233230769230765
0.05069353846153846
0.042348923076923076
0.020652923076923076
0.006049846153846154
-0.01272553846153846
-0.03024923076923077
-0.03296123076923077
-0.005215384615384615
0.04401784615384615
0.0855323076923077
0.11849353846153846
0.14290153846153844
0.15354092307692307
0.15625292307692307
0.143736
0.12808984615384614
0.12120553846153845
0.09512861538461538
0.06362769230769232
0.044435076923076924
0.017732307692307693
0.0002086153846153846
-0.013142769230769229
-0.029623384615384614
-0.03421292307692308
-0.03337846153846154
-0.021070153846153846
-0.0002086153846153846
0.021904615384615383
0.03775938461538462
0.040679999999999994
0.03629907692307692
0.017315076923076923
-0.011682461538461537
-0.04985907692307692
-0.10576799999999999
-0.16480615384615382
-0.20423446153846153
-0.20423446153846153
-0.18650215384615382
-0.17169046153846151
-0.14665661538461539
-0.09909230769230769
-0.03275261538461539
0.04214030769230769
0.10430769230769231
0.1424843076923077
0.16897846153846155
0.19609846153846153
0.22175815384615383
0.22572184615384616
0.20256553846153844
0.14519630769230768
0.07635323076923077
0.016480615384615385
-0.034630153846153845
-0.06717415384615384
-0.09179076923076923
-0.10681107692307691
-0.11098338461538461
-0.09053907692307692
-0.0448523076923077
0.015646153846153844
0.08490646153846154
0.13810338461538463
0.17294215384615383
0.18107815384615383
0.1712732307692308
0.146448
0.0826116923076923
-0.005424
-0.09763200000000001
-0.1652233846153846
-0.2056947692307692
-0.22551323076923077
-0.21654276923076923
-0.18358153846153846
-0.12120553846153845
-0.030875076923076922
0.07551876923076924
0.16418030769230768
0.21487384615384614
0.23656984615384613
0.23239753846153846
0.20381723076923075
0.15354092307692307
0.08490646153846154
0.003129230769230769
-0.07197230769230768
-0.13497415384615385
-0.1710646153846154
-0.18086953846153844
-0.1802436923076923
-0.15208061538461537
-0.10347323076923076
-0.02586830769230769
0.07030338461538461
0.14707384615384617
0.20110523076923076
0.22843384615384613
0.23448369230769228
0.23010276923076922
0.20632061538461538
0.16105107692307694
0.09241661538461539
0.011682461538461537
-0.061750153846153844
-0.11849353846153846
-0.1424843076923077
-0.15082892307692305
-0.14728246153846153
-0.1205796923076923
-0.07531015384615385
-0.013142769230769229
0.05090215384615384
0.09179076923076923
0.10681107692307691
0.10743692307692307
0.10576799999999999
0.10347323076923076
0.08010830769230769
0.03963692307692308
-0.005841230769230769
-0.04130584615384615
-0.062376
-0.07593599999999999
-0.08866153846153846
-0.10952307692307692
-0.11494707692307692
-0.10430769230769231
-0.08469784615384615
-0.05444861538461539
-0.026911384615384615
-0.0035464615384615383
0.031709538461538456
0.0771876923076923
0.11745046153846153
0.14290153846153844
0.13476553846153844
0.09930092307692308
0.04672984615384615
-0.014394461538461538
-0.07113784615384615
-0.11599015384615384
-0.1435273846153846
-0.15082892307692305
-0.13267938461538462
-0.08386338461538462
-0.006675692307692307
0.0798996923076923
0.1693956923076923
0.2532590769230769
0.31897292307692304
0.35965292307692304
0.355272
0.3068732307692308
0.21612553846153845
0.1028473846153846
-0.006675692307692307
-0.10618523076923077
-0.18712800000000002
-0.249504
-0.2724516923076923
-0.24095076923076922
-0.16000799999999998
-0.04985907692307692
0.06613107692307692
0.16292861538461537
0.22968553846153844
0.27787569230769227
0.28392553846153845
0.2374043076923077
0.13852061538461538
0.004798153846153846
-0.12120553846153845
-0.22134092307692307
-0.2870547692307692
-0.3077076923076923
-0.2981113846153846
-0.2586830769230769
-0.16730953846153845
-0.046104
0.08991323076923076
0.2090326153846154
0.2853858461538461
0.32001599999999997
0.31500923076923076
0.295608
0.25284184615384614
0.18775384615384613
0.10555938461538462
0.023364923076923075
-0.03692492307692308
-0.07510153846153846
-0.09179076923076923
-0.0974233846153846
-0.09825784615384614
-0.08574092307692306
-0.051319384615384614
-0.008761846153846153
0.03942830769230769
0.06842584615384616
0.08094276923076923
0.09450276923076922
0.09387692307692307
0.10076123076923077
0.09053907692307692
0.06321046153846153
0.03588184615384615
-0.003963692307692307
-0.030040615384615384
-0.04944184615384615
-0.07051199999999999
-0.09241661538461539
-0.11348676923076922
-0.11035753846153845
-0.092208
-0.06738276923076922
-0.03024923076923077
0.0002086153846153846
0.03275261538461539
0.07468430769230769
0.11327815384615383
0.14749107692307692
0.1504116923076923
0.138312
0.11703323076923078
0.07697907692307693
0.04172307692307692
-0.008136
-0.06863446153846153
-0.12788123076923075
-0.17169046153846151
-0.1792006153846154
-0.16105107692307694
-0.12099692307692309
-0.07113784615384615
-0.01981846153846154
0.034630153846153845
0.0826116923076923
0.11244369230769231
0.11953661538461538
0.08699261538461538
0.03212676923076923
-0.026702769230769228
-0.08907876923076924
-0.13935507692307691
-0.1802436923076923
-0.19463815384615382
-0.1787833846153846
-0.13706030769230768
-0.07030338461538461
-0.0077187692307692304
0.043600615384615383
0.08365476923076923
0.11140061538461538
0.12496061538461539
0.10910584615384614
0.06654830769230768
0.016897846153846156
-0.028371692307692306
-0.06300184615384616
-0.07614461538461538
-0.06154153846153846
-0.02795446153846154
0.013351384615384614
0.07051199999999999
0.13267938461538462
0.17961784615384613
0.1994363076923077
0.18274707692307693
0.15103753846153847
0.10389046153846154
0.04193169230769231
-0.015228923076923076
-0.06195876923076923
-0.08365476923076923
-0.08866153846153846
-0.07843938461538462
-0.04693846153846153
-0.015854769230769228
0.02899753846153846
0.06967753846153846
0.07948246153846153
0.10555938461538462
0.10263876923076923
0.11745046153846153
0.124752
0.1792006153846154
0.32836061538461536
0.2707827692307692
0.2517987692307692
0.23010276923076922
0.15813046153846153
0.17711446153846155
0.010013538461538461
-0.09971815384615385
-0.2492953846153846
-0.34922215384615385
-0.2772498461538462
-0.30207507692307695
-0.235944
-0.22697353846153845
-0.14790830769230767
0.05444861538461539
0.16292861538461537
0.3385827692307692
0.3419206153846154
0.2709913846153846
0.2540935384615385
0.11473846153846154
0.06404492307692307
-0.0448523076923077
-0.1704387692307692
-0.17690584615384616
-0.29644246153846154
-0.2883064615384615
-0.1990190769230769
-0.15208061538461537
0.001043076923076923
0.05716061538461538
0.10952307692307692
0.165432
0.16188553846153847
0.249504
0.26118646153846153
0.20965846153846154
0.15813046153846153
0.0853236923076923
0.07343261538461537
0.002712
-0.119328
-0.23677846153846152
-0.3815575384615385
-0.4163963076923077
-0.404088
-0.4017932307692308
-0.3412947692307692
-0.2924787692307692
-0.18316430769230768
-0.03609046153846154
0.059038153846153844
0.18525046153846153
0.2572227692307692
0.2951907692307692
0.3594443076923077
0.344424
0.29498215384615384
0.1710646153846154
0.005215384615384615
-0.14060676923076923
-0.3060387692307692
-0.40596553846153843
-0.4514436923076923
-0.40596553846153843
-0.2845513846153846
-0.16209415384615386
0.06195876923076923
0.2970683076923077
0.48607384615384613
0.6533833846153847
0.6859273846153845
0.6460818461538461
0.52884
0.34233784615384616
0.16584923076923075
-0.06654830769230768
-0.2716172307692308
-0.39970707692307694
-0.49817353846153845
-0.5311347692307692
-0.5236246153846154
-0.45916246153846146
-0.3143833846153846
-0.157296
0.0002086153846153846
0.12829846153846153
0.2355267692307692
0.3310726153846154
0.3412947692307692
0.31751261538461534
0.24032492307692307
0.10347323076923076
-0.011891076923076923
-0.15875630769230767
-0.2772498461538462
-0.3304467692307692
-0.3669544615384615
-0.3319070769230769
-0.28017046153846153
-0.21612553846153845
-0.10138707692307691
0.0006258461538461538
0.11473846153846154
0.21341353846153846
0.273912
0.31772123076923076
0.3327415384615385
0.36027876923076924
0.36257353846153845
0.32085046153846153
0.25471938461538457
0.143736
0.04047138461538462
-0.06487938461538462
-0.1597993846153846
-0.21028430769230766
-0.2641070769230769
-0.26786215384615386
-0.19818461538461538
-0.09846646153846153
0.018358153846153843
0.12120553846153845
0.2207150769230769
0.33607938461538456
0.42182030769230766
0.4558246153846154
0.41013784615384613
0.29685969230769227
0.16793538461538463
0.030040615384615384
-0.08761846153846153
-0.19150892307692308
-0.27558092307692306
-0.32335384615384616
-0.34338092307692303
-0.30416123076923074
-0.2154996923076923
-0.09700615384615385
0.040262769230769234
0.1397723076923077
0.2125790769230769
0.27328615384615385
0.30708184615384615
0.3402516923076923
0.3156350769230769
0.22634769230769228
0.12725538461538463
0.03859384615384615
-0.006258461538461538
-0.031918153846153846
-0.05924676923076923
-0.08135999999999999
-0.09053907692307692
-0.05736923076923077
-0.006258461538461538
0.03024923076923077
0.04902461538461538
0.03692492307692308
0.026076923076923077
0.024199384615384616
0.021070153846153846
0.025033846153846153
0.010848
0.018775384615384614
0.05048492307692308
0.08448923076923077
0.13914646153846155
0.17502830769230768
0.18212123076923076
0.15187199999999998
0.10201292307692307
0.054240000000000003
-0.020652923076923076
-0.11286092307692308
-0.21174461538461536
-0.2906012307692308
-0.327108923076923
-0.32210215384615387
-0.2618123076923077
-0.17481969230769231
-0.08490646153846154
0.01981846153846154
0.13476553846153844
0.24199384615384617
0.29456492307692306
0.2726603076923077
0.21091015384615383
0.12433476923076923
0.026702769230769228
-0.07760492307692309
-0.18775384615384613
-0.273912
-0.32377107692307694
-0.3216849230769231
-0.26681907692307694
-0.18858830769230767
-0.09199938461538461
0.0029206153846153843
0.09867507692307692
0.19651569230769228
0.2695310769230769
0.30937661538461536
0.2962338461538461
0.2422024615384615
0.1691870769230769
0.08177723076923075
-0.012308307692307691
-0.10368184615384615
-0.184416
-0.2426196923076923
-0.2716172307692308
-0.2643156923076923
-0.2157083076923077
-0.14936861538461538
-0.08177723076923075
-0.018983999999999997
0.037967999999999995
0.08949599999999999
0.12308307692307692
0.12955015384615384
0.11473846153846154
0.09074769230769231
0.06863446153846153
0.037967999999999995
-0.006049846153846154
-0.04756430769230769
-0.08469784615384615
-0.11494707692307692
-0.12788123076923075
-0.13226215384615383
-0.13247076923076923
-0.13330523076923076
-0.12496061538461539
-0.07739630769230768
-0.005841230769230769
0.07259815384615384
0.14477907692307693
0.2073636923076923
0.2697396923076923
0.3141747692307692
0.3285692307692308
0.30290953846153845
0.24303692307692307
0.1637630769230769
0.08010830769230769
0.0035464615384615383
-0.06341907692307691
-0.11432123076923076
-0.14436184615384615
-0.14603076923076924
-0.11724184615384614
-0.07259815384615384
-0.01814953846153846
0.038176615384615385
0.08344615384615384
0.12725538461538463
0.15771323076923077
0.17377661538461536
0.1846246153846154
0.16856123076923077
0.12975876923076923
0.08219446153846154
0.03901107692307692
0.0016689230769230767
-0.0448523076923077
-0.08115138461538463
-0.09512861538461538
-0.0974233846153846
-0.073224
-0.040054153846153843
-0.0022947692307692304
0.04693846153846153
0.09700615384615385
0.15875630769230767
0.20277415384615383
0.23010276923076922
0.2371956923076923
0.2236356923076923
0.21091015384615383
0.1860849230769231
0.1502030769230769
0.09658892307692307
0.03379569230769231
-0.023990769230769232
-0.07531015384615385
-0.11056615384615384
-0.130176
-0.13789476923076924
-0.1287156923076923
-0.09930092307692308
-0.04819015384615385
0.0016689230769230767
0.02795446153846154
0.03775938461538462
0.029623384615384614
0.0077187692307692304
-0.02232184615384615
-0.06487938461538462
-0.11452984615384615
-0.16897846153846155
-0.20798953846153845
-0.2125790769230769
-0.19338646153846153
-0.16751815384615384
-0.14436184615384615
-0.11891076923076922
-0.09533723076923077
-0.07593599999999999
-0.06592246153846154
-0.078648
-0.10263876923076923
-0.12767261538461538
-0.146448
-0.13747753846153846
-0.10430769230769231
-0.06028984615384615
-0.0043809230769230765
0.05674338461538461
0.11953661538461538
0.17440246153846153
0.1927606153846154
0.16459753846153846
0.1045163076923077
0.02315630769230769
-0.06341907692307691
-0.14081538461538462
-0.2056947692307692
-0.24866953846153847
-0.2632726153846154
-0.23761292307692305
-0.15813046153846153
-0.04839876923076923
0.06571384615384615
0.1704387692307692
0.25764
0.3212676923076923
0.34275507692307694
0.3216849230769231
0.2540935384615385
0.13893784615384613
0.00855323076923077
-0.11286092307692308
-0.21195323076923075
-0.27975323076923075
-0.31542646153846154
-0.30895938461538464
-0.25534523076923077
-0.15625292307692307
-0.029414769230769227
0.09283384615384616
0.19046584615384615
0.25054707692307693
0.28017046153846153
0.2906012307692308
0.27704123076923076
0.2330233846153846
0.16418030769230768
0.09053907692307692
0.03337846153846154
-0.006884307692307692
-0.043392
-0.06884307692307692
-0.08615815384615384
-0.08344615384615384
-0.053614153846153846
-0.016063384615384615
0.02482523076923077
0.044435076923076924
0.05590892307692308
0.07489292307692308
0.0892873846153846
0.12537784615384615
0.1639716923076923
0.19380369230769232
0.21487384615384614
0.2225926153846154
0.23677846153846152
0.2236356923076923
0.17169046153846151
0.09533723076923077
-0.003129230769230769
-0.09784061538461537
-0.17002153846153847
-0.21675138461538462
-0.2330233846153846
-0.22447015384615385
-0.18483323076923078
-0.09930092307692308
0.0014603076923076922
0.10013538461538461
0.18858830769230767
0.24011630769230768
0.2540935384615385
0.2303113846153846
0.16835261538461538
0.06738276923076922
-0.06446215384615385
-0.19442953846153843
-0.29602523076923076
-0.34692738461538464
-0.34338092307692303
-0.3039526153846154
-0.23260615384615385
-0.13080184615384613
-0.013142769230769229
0.11181784615384616
0.21007569230769232
0.25471938461538457
0.2482523076923077
0.19964492307692308
0.138312
0.0678
-0.003129230769230769
-0.06467076923076923
-0.11348676923076922
-0.12245723076923076
-0.0988836923076923
-0.04631261538461538
0.017940923076923077
0.06028984615384615
0.08177723076923075
0.09241661538461539
0.09241661538461539
0.07677046153846154
0.04568676923076923
0.0018775384615384615
-0.04109723076923077
-0.06717415384615384
-0.06675692307692307
-0.05090215384615384
-0.03108369230769231
0.0002086153846153846
0.03880246153846154
0.08031692307692308
0.12016246153846154
0.13914646153846155
0.12788123076923075
0.08574092307692306
0.022947692307692308
-0.03275261538461539
-0.0934596923076923
-0.16501476923076921
-0.235944
-0.30186646153846153
-0.3410861538461538
-0.3179298461538461
-0.21320492307692307
-0.06049846153846154
0.13455692307692307
0.327108923076923
0.4987993846153846
0.6602676923076923
0.7410018461538461
0.7357864615384615
0.6022726153846154
0.3790541538461539
0.1341396923076923
-0.1097316923076923
-0.3327415384615385
-0.5446947692307692
-0.6583901538461538
-0.6896824615384616
-0.59664
-0.3821833846153846
-0.13872923076923074
0.13768615384615385
0.3832264615384615
0.5797421538461539
0.6978184615384615
0.6978184615384615
0.5891298461538461
0.39866399999999996
0.1585476923076923
-0.10931446153846153
-0.3402516923076923
-0.523416
-0.618336
-0.5880867692307692
-0.4783550769230769
-0.28788923076923073
-0.06905169230769231
0.13309661538461537
0.31354892307692306
0.4115981538461538
0.4360061538461539
0.4182738461538461
0.35694092307692304
0.295608
0.21508246153846153
0.10263876923076923
-0.012934153846153845
-0.1205796923076923
-0.19651569230769228
-0.2482523076923077
-0.2828824615384615
-0.29748553846153847
-0.28392553846153845
-0.23072861538461537
-0.17711446153846155
-0.13080184615384613
-0.08949599999999999
-0.07197230769230768
-0.015437538461538461
0.05590892307692308
0.10952307692307692
0.18086953846153844
0.24178523076923078
0.3116713846153846
0.3673716923076923
0.35235138461538457
0.2780843076923077
0.15187199999999998
0.0002086153846153846
-0.14123261538461537
-0.2563883076923077
-0.31125415384615385
-0.3039526153846154
-0.22175815384615383
-0.06195876923076923
0.12808984615384614
0.3312812307692308
0.4877427692307692
0.5910073846153846
0.6371113846153845
0.5907987692307692
0.4879513846153846
0.33253292307692306
0.15479261538461536
-0.02273907692307692
-0.19672430769230767
-0.32961230769230765
-0.4036707692307692
-0.41535323076923075
-0.3727956923076923
-0.2947735384615384
-0.18086953846153844
-0.02586830769230769
0.14206707692307693
0.2818393846153846
0.3617390769230769
0.39407446153846154
0.3767593846153846
0.295608
0.17502830769230768
0.01710646153846154
-0.12642092307692307
-0.22300984615384614
-0.273912
-0.25138153846153843
-0.17732307692307692
-0.07677046153846154
0.03984553846153846
0.14311015384615386
0.2140393846153846
0.2438713846153846
0.20944984615384615
0.13852061538461538
0.05653476923076922
-0.02858030769230769
-0.09387692307692307
-0.14790830769230767
-0.16689230769230767
-0.16209415384615386
-0.1368516923076923
-0.078648
-0.022947692307692308
0.032544
0.056951999999999996
0.045060923076923075
0.021487384615384613
-0.03108369230769231
-0.09053907692307692
-0.15124615384615384
-0.21362215384615382
-0.2507556923076923
-0.26118646153846153
-0.2330233846153846
-0.16459753846153846
-0.07885661538461539
0.013560000000000001
0.09909230769230769
0.18170399999999998
0.24491446153846153
0.26076923076923075
0.21883753846153844
0.11432123076923076
-0.010013538461538461
-0.13747753846153846
-0.25388492307692306
-0.3350363076923077
-0.3972036923076923
-0.4072172307692307
-0.3442153846153846
-0.23052
-0.0717636923076923
0.08073415384615384
0.20339999999999997
0.28893230769230765
0.3137575384615385
0.2830910769230769
0.20277415384615383
0.08073415384615384
-0.058829538461538454
-0.1794092307692308
-0.2655673846153846
-0.3072904615384615
-0.301032
-0.2540935384615385
-0.1802436923076923
-0.07906523076923076
0.037967999999999995
0.15145476923076923
0.24095076923076922
0.27850153846153847
0.265776
0.22801661538461537
0.17899199999999998
0.12350030769230769
0.06529661538461538
-0.0035464615384615383
-0.05298830769230769
-0.06821723076923077
-0.05090215384615384
0.0012516923076923076
0.049233230769230765
0.08302892307692307
0.10806276923076923
0.10910584615384614
0.08740984615384616
0.04547815384615384
-0.01814953846153846
-0.08490646153846154
-0.13518276923076925
-0.1637630769230769
-0.15813046153846153
-0.13434830769230768
-0.10889723076923077
-0.06800861538461538
-0.01668923076923077
0.03421292307692308
0.07113784615384615
0.08344615384615384
0.0717636923076923
0.04088861538461538
-0.0004172307692307692
-0.040262769230769234
-0.06800861538461538
-0.0892873846153846
-0.08699261538461538
-0.05111076923076923
0.005424
0.08031692307692308
0.15416676923076922
0.21320492307692307
0.2453316923076923
0.24658338461538462
0.222384
0.16584923076923075
0.07885661538461539
-0.027328615384615382
-0.12120553846153845
-0.19067446153846154
-0.23093723076923076
-0.2261390769230769
-0.1846246153846154
-0.11494707692307692
-0.02586830769230769
0.06425353846153846
0.14144123076923076
0.184416
0.17377661538461536
0.12642092307692307
0.042557538461538466
-0.06154153846153846
-0.16856123076923077
-0.2701569230769231
-0.3333673846153846
-0.3577753846153846
-0.32085046153846153
-0.22634769230769228
-0.10514215384615383
0.03212676923076923
0.16084246153846155
0.2845513846153846
0.38531261538461536
0.4291218461538462
0.41389292307692305
0.3375396923076923
0.21633415384615384
0.06926030769230769
-0.08156861538461539
-0.21049292307692305
-0.30186646153846153
-0.34046030769230773
-0.32085046153846153
-0.2453316923076923
-0.12829846153846153
0.010848
0.14665661538461539
0.25242461538461536
0.31250584615384613
0.330864
0.31188
0.2436627692307692
0.14060676923076923
0.013142769230769229
-0.11452984615384615
-0.21487384615384614
-0.27975323076923075
-0.2995716923076923
-0.2828824615384615
-0.22718215384615387
-0.13205353846153844
-0.019609846153846155
0.0961716923076923
0.18921415384615384
0.2509643076923077
0.2862203076923077
0.2883064615384615
0.2716172307692308
0.22843384615384613
0.1637630769230769
0.08907876923076924
0.010639384615384617
-0.04526953846153846
-0.08845292307692308
-0.12496061538461539
-0.1435273846153846
-0.14728246153846153
-0.13267938461538462
-0.09179076923076923
-0.04193169230769231
0.009596307692307692
0.054657230769230764
0.08720123076923077
0.11891076923076922
0.13330523076923076
0.124752
0.09554584615384615
0.04839876923076923
-0.002086153846153846
-0.045060923076923075
-0.0798996923076923
-0.10889723076923077
-0.12850707692307692
-0.14457046153846154
-0.14686523076923075
-0.13121907692307694
-0.10722830769230769
-0.07009476923076922
-0.030040615384615384
0.011891076923076923
0.06633969230769231
0.11640738461538462
0.15374953846153847
0.17690584615384616
0.18149538461538461
0.16856123076923077
0.1449876923076923
0.11432123076923076
0.07969107692307692
0.04276615384615385
0.003129230769230769
-0.02273907692307692
-0.032544
-0.03024923076923077
-0.023364923076923075
-0.015646153846153844
-0.0012516923076923076
0.016063384615384615
0.042557538461538466
0.07489292307692308
0.09491999999999999
0.10535076923076922
0.10952307692307692
0.1097316923076923
0.10827138461538462
0.09116492307692307
0.06738276923076922
0.03755076923076923
0.01668923076923077
0.015437538461538461
0.029414769230769227
0.059038153846153844
0.08720123076923077
0.12412615384615384
0.15479261538461536
0.184416
0.22113230769230768
0.23114584615384615
0.21299630769230768
0.1733593846153846
0.13601723076923075
0.11140061538461538
0.08699261538461538
0.06696553846153847
0.058829538461538454
0.04631261538461538
0.04839876923076923
0.07405846153846153
0.09304246153846155
0.100344
0.07405846153846153
0.045895384615384616
0.02086153846153846
-0.02023569230769231
-0.065088
-0.12099692307692309
-0.16418030769230768
-0.17732307692307692
-0.16480615384615382
-0.12704676923076924
-0.06759138461538462
-0.008344615384615384
0.053614153846153846
0.10764553846153846
0.14749107692307692
0.1718990769230769
0.15833907692307692
0.12266584615384615
0.061124307692307686
-0.004798153846153846
-0.06571384615384615
-0.12433476923076923
-0.16063384615384615
-0.18650215384615382
-0.18629353846153843
-0.1462393846153846
-0.06759138461538462
0.035255999999999996
0.13080184615384613
0.2090326153846154
0.25951753846153847
0.28017046153846153
0.27286892307692306
0.21362215384615382
0.11223507692307692
-0.007510153846153846
-0.12913292307692306
-0.2236356923076923
-0.2872633846153846
-0.3077076923076923
-0.28851507692307693
-0.2399076923076923
-0.14707384615384617
-0.031709538461538456
0.07489292307692308
0.15896492307692306
0.2056947692307692
0.2209236923076923
0.20402584615384614
0.15667015384615385
0.09012184615384615
0.009596307692307692
-0.07280676923076923
-0.14853415384615384
-0.20402584615384614
-0.2221753846153846
-0.21758584615384616
-0.19463815384615382
-0.1449876923076923
-0.08198584615384615
0.0029206153846153843
0.08031692307692308
0.12829846153846153
0.15833907692307692
0.16084246153846155
0.15792184615384616
0.14457046153846154
0.10555938461538462
0.04693846153846153
-0.023990769230769232
-0.08240307692307691
-0.11432123076923076
-0.12955015384615384
-0.13226215384615383
-0.12725538461538463
-0.11557292307692307
-0.08761846153846153
-0.05778646153846154
-0.021070153846153846
0.014811692307692307
0.043392
0.08198584615384615
0.11202646153846153
0.1397723076923077
0.15166338461538462
0.13434830769230768
0.09930092307692308
0.05194523076923077
0.004589538461538461
-0.04547815384615384
-0.10389046153846154
-0.1489513846153846
-0.1710646153846154
-0.17315076923076922
-0.14081538461538462
-0.086784
-0.018983999999999997
0.03629907692307692
0.08907876923076924
0.13226215384615383
0.14081538461538462
0.12141415384615384
0.03692492307692308
-0.056951999999999996
-0.14290153846153844
-0.21028430769230766
-0.22321846153846153
-0.2209236923076923
-0.19192615384615386
-0.1358086153846154
-0.019609846153846155
0.15082892307692305
0.2926873846153846
0.34922215384615385
0.3193901538461538
0.24428861538461538
0.184416
0.143736
-0.006258461538461538
-0.17711446153846155
-0.3116713846153846
-0.38885907692307686
-0.3379569230769231
-0.2626467692307692
-0.14290153846153844
-0.030040615384615384
0.12704676923076924
0.3490135384615385
0.513611076923077
0.6350252307692307
0.602064
0.4814843076923077
0.32836061538461536
0.11578153846153846
-0.04860738461538461
-0.24449723076923074
-0.4184824615384615
-0.5227901538461539
-0.6033156923076922
-0.5465723076923077
-0.4239064615384615
-0.2638984615384615
-0.055491692307692304
0.06675692307692307
0.1794092307692308
0.2851772307692308
0.34504984615384615
0.38927630769230764
0.30708184615384615
0.1635544615384615
0.0012516923076923076
-0.15354092307692307
-0.21883753846153844
-0.2868461538461538
-0.35339446153846155
-0.38426953846153844
-0.36382523076923073
-0.24762646153846155
-0.12433476923076923
-0.020652923076923076
0.07218092307692307
0.12558646153846154
0.20360861538461536
0.273912
0.30270092307692303
0.3102110769230769
0.26681907692307694
0.21737723076923077
0.16584923076923075
0.09471138461538461
0.02899753846153846
-0.06258461538461538
-0.15082892307692305
-0.2059033846153846
-0.2369870769230769
-0.2140393846153846
-0.16501476923076921
-0.08907876923076924
0.005424
0.09825784615384614
0.2138307692307692
0.31250584615384613
0.38760738461538463
0.4113895384615384
0.35568923076923076
0.292896
0.21612553846153845
0.103056
-0.02315630769230769
-0.16835261538461538
-0.2799618461538461
-0.34651015384615386
-0.3727956923076923
-0.34880492307692307
-0.30937661538461536
-0.2125790769230769
-0.05736923076923077
0.10117846153846152
0.24574892307692306
0.3410861538461538
0.38677292307692307
0.387816
0.3216849230769231
0.20110523076923076
0.03337846153846154
-0.15228923076923076
-0.3054129230769231
-0.4291218461538462
-0.48398769230769234
-0.4645864615384615
-0.3984553846153846
-0.26097784615384617
-0.10263876923076923
0.07009476923076922
0.2532590769230769
0.3805144615384615
0.4549901538461538
0.450192
0.37300430769230764
0.2709913846153846
0.13893784615384613
0.010013538461538461
-0.10931446153846153
-0.22300984615384614
-0.29727692307692305
-0.32961230769230765
-0.2872633846153846
-0.19338646153846153
-0.09387692307692307
0.015854769230769228
0.10660246153846153
0.20277415384615383
0.28809784615384615
0.32543999999999995
0.3246055384615385
0.25847446153846154
0.17628
0.10138707692307691
0.014394461538461538
-0.07635323076923077
-0.17648861538461538
-0.24908676923076922
-0.2772498461538462
-0.273912
-0.22697353846153845
-0.15938215384615384
-0.08720123076923077
-0.005215384615384615
0.06404492307692307
0.13038461538461538
0.19067446153846154
0.22321846153846153
0.24032492307692307
0.22843384615384613
0.20152246153846154
0.18232984615384615
0.1597993846153846
0.14081538461538462
0.09825784615384614
0.03483876923076923
-0.017315076923076923
-0.059664
-0.07656184615384615
-0.08761846153846153
-0.09283384615384616
-0.06592246153846154
-0.006049846153846154
0.08010830769230769
0.16334584615384617
0.22697353846153845
0.2601433846153846
0.2632726153846154
0.2578486153846154
0.23385784615384617
0.18232984615384615
0.11160923076923077
0.030875076923076922
-0.04568676923076923
-0.10827138461538462
-0.15208061538461537
-0.17565415384615385
-0.17231630769230769
-0.14728246153846153
-0.10660246153846153
-0.05027630769230769
0.02232184615384615
0.09471138461538461
0.15416676923076922
0.1860849230769231
0.1718990769230769
0.14331876923076922
0.09533723076923077
0.033169846153846154
-0.02211323076923077
-0.07781353846153846
-0.11765907692307691
-0.14102399999999998
-0.13247076923076923
-0.10597661538461538
-0.08073415384615384
-0.04839876923076923
-0.015854769230769228
0.02545107692307692
0.05194523076923077
0.056326153846153845
0.052571076923076915
0.03838523076923077
0.026702769230769228
0.013768615384615384
0.003755076923076923
0.0008344615384615384
-0.001043076923076923
0.0025033846153846152
0.008970461538461538
0.01981846153846154
0.03483876923076923
0.04902461538461538
0.052153846153846155
0.043392
0.02023569230769231
-0.013142769230769229
-0.03650769230769231
-0.04944184615384615
-0.04839876923076923
-0.04652123076923077
-0.03921969230769231
-0.009596307692307692
0.04088861538461538
0.09658892307692307
0.1368516923076923
0.15750461538461538
0.15082892307692305
0.12808984615384614
0.08887015384615385
0.03629907692307692
-0.01981846153846154
-0.08761846153846153
-0.15354092307692307
-0.19797599999999999
-0.21758584615384616
-0.20277415384615383
-0.16063384615384615
-0.11098338461538461
-0.04860738461538461
0.01668923076923077
0.07927384615384615
0.13121907692307694
0.16438892307692307
0.1691870769230769
0.13601723076923075
0.09179076923076923
0.04380923076923077
0.0006258461538461538
-0.032544
-0.06592246153846154
-0.08740984615384616
-0.09450276923076922
-0.07697907692307693
-0.03275261538461539
0.018775384615384614
0.07343261538461537
0.12600369230769232
0.17252492307692308
0.21007569230769232
0.21737723076923077
0.19839323076923077
0.1506203076923077
0.086784
0.027328615384615382
-0.028163076923076923
-0.06362769230769232
-0.0880356923076923
-0.0934596923076923
-0.07510153846153846
-0.042557538461538466
-0.004798153846153846
0.03233538461538461
0.06049846153846154
0.07906523076923076
0.09137353846153846
0.09158215384615384
0.08636676923076922
0.06195876923076923
0.02273907692307692
-0.017523692307692306
-0.05111076923076923
-0.06738276923076922
-0.06967753846153846
-0.05507446153846154
-0.03024923076923077
0.003755076923076923
0.05507446153846154
0.100344
0.14123261538461537
0.16063384615384615
0.1435273846153846
0.10889723076923077
0.05528307692307692
0.0006258461538461538
-0.05799507692307692
-0.12266584615384615
-0.17461107692307692
-0.19463815384615382
-0.17982646153846152
-0.14206707692307693
-0.084072
-0.02211323076923077
0.04172307692307692
0.10576799999999999
0.1476996923076923
0.15750461538461538
0.1341396923076923
0.07426707692307692
-0.007510153846153846
-0.09095630769230768
-0.16418030769230768
-0.21320492307692307
-0.24178523076923078
-0.23239753846153846
-0.17398523076923075
-0.08887015384615385
0.016480615384615385
0.11849353846153846
0.1977673846153846
0.25242461538461536
0.2791273846153846
0.2789187692307692
0.24574892307692306
0.1846246153846154
0.10138707692307691
0.010848
-0.06425353846153846
-0.11974523076923077
-0.14018953846153845
-0.13330523076923076
-0.10868861538461538
-0.05611753846153846
0.004589538461538461
0.06341907692307691
0.10201292307692307
0.11327815384615383
0.09784061538461537
0.05653476923076922
0.018983999999999997
-0.01043076923076923
-0.03921969230769231
-0.06425353846153846
-0.06592246153846154
-0.03400430769230769
0.01710646153846154
0.07072061538461538
0.10910584615384614
0.11911938461538461
0.10910584615384614
0.08824430769230769
0.05298830769230769
0.01043076923076923
-0.046104
-0.0974233846153846
-0.12537784615384615
-0.12996738461538462
-0.10096984615384616
-0.054240000000000003
0.0014603076923076922
0.06675692307692307
0.12934153846153845
0.1794092307692308
0.21341353846153846
0.2127876923076923
0.16897846153846155
0.09283384615384616
-0.0035464615384615383
-0.09283384615384616
-0.17628
-0.25701415384615384
-0.31104553846153843
-0.3312812307692308
-0.2920615384615385
-0.19985353846153847
-0.08386338461538462
0.035464615384615386
0.12996738461538462
0.20486030769230767
0.241368
0.23510953846153848
0.18066092307692305
0.08094276923076923
-0.022530461538461537
-0.11807630769230769
-0.18107815384615383
-0.21132738461538458
-0.2154996923076923
-0.1760713846153846
-0.10535076923076922
-0.009596307692307692
0.10138707692307691
0.19609846153846153
0.2586830769230769
0.2864289230769231
0.2789187692307692
0.24658338461538462
0.18149538461538461
0.09179076923076923
-0.0016689230769230767
-0.09304246153846155
-0.1489513846153846
-0.16730953846153845
-0.154584
-0.11202646153846153
-0.06154153846153846
-0.0070929230769230765
0.05277969230769231
0.10660246153846153
0.138312
0.13476553846153844
0.0988836923076923
0.04965046153846154
0.007927384615384614
-0.02858030769230769
-0.062376
-0.09033046153846153
-0.11327815384615383
-0.11557292307692307
-0.08824430769230769
-0.03775938461538462
0.025659692307692307
0.08073415384615384
0.13184492307692308
0.18149538461538461
0.20632061538461538
0.20924123076923076
0.18796246153846152
0.14978584615384616
0.11327815384615383
0.07551876923076924
0.04526953846153846
0.01981846153846154
-0.008970461538461538
-0.03713353846153846
-0.06070707692307692
-0.07343261538461537
-0.08198584615384615
-0.08887015384615385
-0.09137353846153846
-0.09408553846153846
-0.07802215384615384
-0.04214030769230769
0.006258461538461538
0.05736923076923077
0.09074769230769231
0.11327815384615383
0.12350030769230769
0.11891076923076922
0.09533723076923077
0.042557538461538466
-0.025659692307692307
-0.08949599999999999
-0.14457046153846154
-0.18170399999999998
-0.21111876923076925
-0.24345415384615382
-0.25930892307692305
-0.2559710769230769
-0.2194633846153846
-0.18086953846153844
-0.1356
-0.07301538461538462
0.02357353846153846
0.17982646153846152
0.4072172307692307
0.6327304615384615
0.7399587692307692
0.8411372307692306
0.8755587692307691
0.8647107692307693
0.7831421538461538
0.5092301538461538
0.15333230769230768
-0.30416123076923074
-0.6869704615384615
-0.9909230769230769
-1.243139076923077
-1.3399366153846153
-1.3482812307692307
-1.1160923076923077
-0.6996959999999999
-0.15938215384615384
0.4652123076923077
0.9638030769230769
1.3610067692307692
1.570873846153846
1.5596086153846154
1.3635101538461536
0.9229144615384615
0.3623649230769231
-0.2582658461538461
-0.8797310769230768
-1.3067667692307694
-1.5495950769230769
-1.5846424615384616
-1.4043987692307691
-1.1000289230769231
-0.6270978461538461
-0.086784
0.4716793846153846
0.9902972307692307
1.3161544615384615
1.4694867692307692
1.436734153846154
1.24752
0.9431501538461539
0.48565661538461535
-0.030040615384615384
-0.5434430769230769
-0.9911316923076923
-1.2723452307692307
-1.421713846153846
-1.4290153846153846
-1.2834018461538461
-1.023049846153846
-0.6517144615384615
-0.21925476923076925
0.20924123076923076
0.608531076923077
0.9304246153846154
1.1761735384615384
1.3349298461538461
1.3568344615384615
1.238340923076923
0.9598393846153846
0.5764043076923077
0.12704676923076924
-0.34922215384615385
-0.7881489230769231
-1.1576067692307692
-1.3808252307692308
-1.4479993846153847
-1.3240818461538462
-0.977988923076923
-0.49337538461538455
0.10013538461538461
0.7266073846153845
1.2886172307692305
1.7469452307692308
1.9908166153846154
1.9860184615384615
1.7233716923076923
1.2243636923076924
0.6074879999999999
-0.07948246153846153
-0.7489292307692308
-1.333260923076923
-1.7771944615384614
-1.972249846153846
-1.9209304615384615
-1.6263655384615385
-1.1279833846153846
-0.5161144615384615
0.1794092307692308
0.8659624615384615
1.4436184615384615
1.8445772307692307
1.9755876923076923
1.845828923076923
1.4870104615384616
0.9366830769230768
0.3131316923076923
-0.3252313846153846
-0.9083113846153846
-1.3505759999999998
-1.6178123076923077
-1.6637076923076923
-1.4888879999999998
-1.1394572307692308
-0.663396923076923
-0.13330523076923076
0.39365723076923076
0.8557403076923077
1.1947403076923075
1.3843716923076923
1.388126769230769
1.2249895384615384
0.9304246153846154
0.5486584615384615
0.14853415384615384
-0.25367630769230765
-0.618336
-0.9012184615384615
-1.081462153846154
-1.129860923076923
-1.054968
-0.8876584615384615
-0.6475421538461539
-0.35798399999999997
-0.03233538461538461
0.3095852307692307
0.6097827692307692
0.835296
0.9583790769230769
0.9846646153846154
0.9277126153846154
0.770208
0.5409396923076923
0.2497126153846154
-0.0678
-0.3675803076923077
-0.6354424615384615
-0.8267427692307692
-0.9341796923076923
-0.9402295384615384
-0.8323753846153845
-0.6421181538461538
-0.36278215384615387
-0.031709538461538456
0.3131316923076923
0.6460818461538461
0.9026787692307692
1.056636923076923
1.090849846153846
1.0103243076923076
0.8123483076923077
0.5167403076923076
0.17961784615384613
-0.17982646153846152
-0.5029716923076922
-0.7491378461538462
-0.9122750769230769
-0.9621341538461539
-0.8932910769230769
-0.7138818461538461
-0.4395526153846154
-0.11911938461538461
0.21111876923076925
0.5119421538461538
0.7418363076923077
0.8872412307692308
0.9137353846153845
0.8238221538461539
0.6439956923076923
0.40200184615384615
0.13726892307692307
-0.130176
-0.3577753846153846
-0.5229987692307692
-0.6127033846153845
-0.6143723076923077
-0.551579076923077
-0.44455938461538463
-0.3152178461538461
-0.1794092307692308
-0.04380923076923077
0.07134646153846153
0.1489513846153846
0.19505538461538463
0.20798953846153845
0.1908830769230769
0.15270646153846154
0.09158215384615384
0.02858030769230769
-0.04380923076923077
-0.12204
-0.18879692307692306
-0.25388492307692306
-0.3095852307692307
-0.34880492307692307
-0.3650769230769231
-0.36611999999999995
-0.3425464615384616
-0.2828824615384615
-0.19067446153846154
-0.07030338461538461
0.06258461538461538
0.20486030769230767
0.33983446153846153
0.44810584615384613
0.5048492307692307
0.49024615384615383
0.40513107692307687
0.26306399999999996
0.10055261538461538
-0.06905169230769231
-0.2357353846153846
-0.37592492307692305
-0.4698018461538461
-0.4879513846153846
-0.425784
-0.2989458461538462
-0.12287446153846153
0.06154153846153846
0.235944
0.3942830769230769
0.5017199999999999
0.5476153846153846
0.5119421538461538
0.3942830769230769
0.23636123076923077
0.051528
-0.12412615384615384
-0.26306399999999996
-0.3584012307692308
-0.39011076923076926
-0.3648683076923077
-0.2764153846153846
-0.14686523076923075
-0.009179076923076922
0.12433476923076923
0.22572184615384616
0.2891409230769231
0.3129230769230769
0.2979027692307692
0.2641070769230769
0.19985353846153847
0.11160923076923077
0.04526953846153846
-0.001043076923076923
-0.027328615384615382
-0.04088861538461538
-0.04860738461538461
-0.03442153846153846
-0.013351384615384614
0.021070153846153846
0.05069353846153846
0.05570030769230769
0.05507446153846154
0.042348923076923076
0.03775938461538462
0.046104
0.04568676923076923
0.05090215384615384
0.061750153846153844
0.0853236923076923
0.12099692307692309
0.14164984615384615
0.14540492307692307
0.12433476923076923
0.0853236923076923
0.03671630769230769
-0.018358153846153843
-0.05277969230769231
-0.07802215384615384
-0.0988836923076923
-0.09784061538461537
-0.07677046153846154
-0.02357353846153846
0.038176615384615385
0.08240307692307691
0.12016246153846154
0.1289243076923077
0.10639384615384614
0.073224
0.022947692307692308
-0.04422646153846154
-0.12850707692307692
-0.20298276923076922
-0.23969907692307693
-0.24992123076923078
-0.235944
-0.1994363076923077
-0.14394461538461537
-0.06487938461538462
0.015228923076923076
0.09387692307692307
0.15667015384615385
0.17315076923076922
0.15270646153846154
0.09408553846153846
0.02232184615384615
-0.058412307692307694
-0.14123261538461537
-0.1990190769230769
-0.233232
-0.22175815384615383
-0.1696043076923077
-0.09700615384615385
-0.0022947692307692304
0.0853236923076923
0.1489513846153846
0.19380369230769232
0.20027076923076922
0.17294215384615383
0.10389046153846154
0.0043809230769230765
-0.08991323076923076
-0.1792006153846154
-0.2436627692307692
-0.2782929230769231
-0.2774584615384615
-0.2355267692307692
-0.1585476923076923
-0.04965046153846154
0.06759138461538462
0.16772676923076923
0.23531815384615382
0.25930892307692305
0.23531815384615382
0.17481969230769231
0.07760492307692309
-0.04130584615384615
-0.15500123076923078
-0.24700061538461537
-0.29080984615384614
-0.29456492307692306
-0.2626467692307692
-0.18232984615384615
-0.07364123076923076
0.06300184615384616
0.20944984615384615
0.3387913846153846
0.4287046153846154
0.46020553846153844
0.4558246153846154
0.41660492307692304
0.34776184615384614
0.25513661538461535
0.1368516923076923
0.021278769230769233
-0.07885661538461539
-0.14457046153846154
-0.16626646153846153
-0.16605784615384614
-0.13935507692307691
-0.100344
-0.05090215384615384
0.017732307692307693
0.07197230769230768
0.11578153846153846
0.1449876923076923
0.15667015384615385
0.1666836923076923
0.1656406153846154
0.15771323076923077
0.138312
0.09554584615384615
0.04839876923076923
-0.0006258461538461538
-0.047981538461538464
-0.09325107692307691
-0.14290153846153844
-0.17273353846153844
-0.1869193846153846
-0.16772676923076923
-0.10868861538461538
-0.03567323076923076
0.056951999999999996
0.14832553846153845
0.23072861538461537
0.29748553846153847
0.3198073846153846
0.3022836923076923
0.2399076923076923
0.14978584615384616
0.05820369230769231
-0.03108369230769231
-0.10722830769230769
-0.168144
-0.20381723076923075
-0.19693292307692306
-0.15291507692307693
-0.08469784615384615
-0.0035464615384615383
0.06613107692307692
0.13226215384615383
0.18483323076923078
0.21174461538461536
0.21925476923076925
0.19067446153846154
0.13247076923076923
0.06070707692307692
-0.004589538461538461
-0.053614153846153846
-0.0880356923076923
-0.11286092307692308
-0.12308307692307692
-0.10660246153846153
-0.06571384615384615
-0.015228923076923076
0.02524246153846154
0.04839876923076923
0.05277969230769231
0.03921969230769231
0.019609846153846155
-0.0016689230769230767
-0.03066646153846154
-0.05653476923076922
-0.06821723076923077
-0.05403138461538461
-0.008970461538461538
0.04193169230769231
0.09033046153846153
0.1205796923076923
0.13059323076923077
0.12370892307692308
0.09596307692307693
0.05444861538461539
-0.02023569230769231
-0.1028473846153846
-0.16209415384615386
-0.19296923076923078
-0.18086953846153844
-0.1462393846153846
-0.09846646153846153
-0.03150092307692308
0.042348923076923076
0.12516923076923075
0.1927606153846154
0.21800307692307694
0.2056947692307692
0.1504116923076923
0.08073415384615384
0.005632615384615384
-0.08302892307692307
-0.15792184615384616
-0.21132738461538458
-0.23260615384615385
-0.21842030769230766
-0.16647507692307692
-0.12350030769230769
-0.1028473846153846
-0.07948246153846153
-0.053614153846153846
-0.0077187692307692304
0.03337846153846154
0.04526953846153846
0.054240000000000003
0.06321046153846153
0.12725538461538463
0.2482523076923077
0.23656984615384613
0.15187199999999998
0.05486584615384615
-0.04714707692307692
-0.008344615384615384
-0.07593599999999999
-0.22447015384615385
-0.3248141538461538
-0.41264123076923076
-0.2981113846153846
-0.18086953846153844
-0.07218092307692307
-0.003755076923076923
0.021070153846153846
0.21174461538461536
0.36215630769230767
0.5127766153846154
0.5434430769230769
0.41910830769230767
0.35256
0.19526400000000002
0.08949599999999999
-0.01668923076923077
-0.2125790769230769
-0.28392553846153845
-0.3890676923076923
-0.401376
-0.2578486153846154
-0.15604430769230768
0.05048492307692308
0.200688
0.2695310769230769
0.39928984615384616
0.4443507692307692
0.5111076923076923
0.5054750769230769
0.3415033846153846
0.16209415384615386
-0.05382276923076923
-0.17231630769230769
-0.24637476923076923
-0.3748818461538461
-0.4622916923076923
-0.5248763076923078
-0.450192
-0.2776670769230769
-0.15228923076923076
-0.014185846153846153
0.07927384615384615
0.17732307692307692
0.32231076923076923
0.39407446153846154
0.4360061538461539
0.4024190769230769
0.2979027692307692
0.238656
0.15187199999999998
0.049233230769230765
-0.07259815384615384
-0.23615261538461538
-0.34275507692307694
-0.4090947692307692
-0.42474092307692307
-0.38280923076923074
-0.2914356923076923
-0.16021661538461537
-0.05736923076923077
0.08782707692307692
0.23782153846153845
0.34943076923076927
0.43412861538461534
0.4105550769230769
0.34630153846153844
0.26535876923076923
0.13768615384615385
0.009179076923076922
-0.1558356923076923
-0.31500923076923076
-0.4145187692307692
-0.4896203076923077
-0.4919150769230769
-0.46020553846153844
-0.4007501538461538
-0.25430215384615384
-0.07238953846153846
0.11223507692307692
0.24741784615384615
0.34046030769230773
0.41034646153846155
0.4080516923076923
0.3473446153846154
0.2140393846153846
0.029414769230769227
-0.12204
-0.2632726153846154
-0.3517255384615385
-0.35631507692307696
-0.3369138461538461
-0.24846092307692308
-0.13706030769230768
-0.02858030769230769
0.12099692307692309
0.23615261538461538
0.3239796923076923
0.3727956923076923
0.34776184615384614
0.2912270769230769
0.1923433846153846
0.092208
-0.003129230769230769
-0.11640738461538462
-0.20402584615384614
-0.2722430769230769
-0.27787569230769227
-0.22447015384615385
-0.1597993846153846
-0.06759138461538462
0.003755076923076923
0.06592246153846154
0.15520984615384617
0.20632061538461538
0.2157083076923077
0.16626646153846153
0.08073415384615384
0.03755076923076923
-0.006049846153846154
-0.05277969230769231
-0.10681107692307691
-0.1706473846153846
-0.18504184615384617
-0.16793538461538463
-0.1205796923076923
-0.05799507692307692
-0.012099692307692308
0.034630153846153845
0.05778646153846154
0.07697907692307693
0.100344
0.09596307692307693
0.09325107692307691
0.06258461538461538
0.015646153846153844
-0.017732307692307693
-0.05319692307692307
-0.048816000000000005
-0.03629907692307692
-0.047772923076923074
-0.05069353846153846
-0.04172307692307692
-0.010848
0.02858030769230769
0.04088861538461538
0.03421292307692308
0.03233538461538461
0.041514461538461535
0.06258461538461538
0.08219446153846154
0.09304246153846155
0.09283384615384616
0.09179076923076923
0.10076123076923077
0.10430769230769231
0.09596307692307693
0.07301538461538462
0.04944184615384615
0.035464615384615386
0.02044430769230769
0.020027076923076922
0.033169846153846154
0.04944184615384615
0.06738276923076922
0.08448923076923077
0.12016246153846154
0.16209415384615386
0.19693292307692306
0.20027076923076922
0.17023015384615386
0.13601723076923075
0.09471138461538461
0.07280676923076923
0.054240000000000003
0.013142769230769229
-0.025033846153846153
-0.05674338461538461
-0.05799507692307692
-0.026285538461538457
-0.0006258461538461538
0.034630153846153845
0.07384984615384615
0.11223507692307692
0.1597993846153846
0.18253846153846154
0.184416
0.16501476923076921
0.12767261538461538
0.08469784615384615
0.035464615384615386
-0.011891076923076923
-0.056951999999999996
-0.09158215384615384
-0.11432123076923076
-0.12913292307692306
-0.13309661538461537
-0.11870215384615385
-0.10013538461538461
-0.08699261538461538
-0.07531015384615385
-0.07426707692307692
-0.07030338461538461
-0.059038153846153844
-0.03671630769230769
-0.014603076923076923
-0.005215384615384615
0.019609846153846155
0.054657230769230764
0.09679753846153846
0.13935507692307691
0.15374953846153847
0.14811692307692306
0.12725538461538463
0.09825784615384614
0.06446215384615385
0.02086153846153846
-0.021278769230769233
-0.06258461538461538
-0.0892873846153846
-0.08866153846153846
-0.06759138461538462
-0.019192615384615384
0.03400430769230769
0.07697907692307693
0.11849353846153846
0.14874276923076923
0.17148184615384612
0.18149538461538461
0.16605784615384614
0.12621230769230768
0.05653476923076922
-0.02858030769230769
-0.10764553846153846
-0.18212123076923076
-0.24637476923076923
-0.292896
-0.31000246153846156
-0.2807963076923077
-0.21529107692307692
-0.1341396923076923
-0.05778646153846154
0.010848
0.08219446153846154
0.14811692307692306
0.19505538461538463
0.21508246153846153
0.20235692307692305
0.16251138461538459
0.09784061538461537
0.024408000000000003
-0.04965046153846154
-0.11578153846153846
-0.15875630769230767
-0.17502830769230768
-0.16021661538461537
-0.11807630769230769
-0.05236246153846154
0.021070153846153846
0.0934596923076923
0.16584923076923075
0.22843384615384613
0.26681907692307694
0.2695310769230769
0.2330233846153846
0.1639716923076923
0.07259815384615384
-0.008344615384615384
-0.07426707692307692
-0.13664307692307692
-0.18107815384615383
-0.21111876923076925
-0.21883753846153844
-0.20235692307692305
-0.17711446153846155
-0.1422756923076923
-0.10660246153846153
-0.0717636923076923
-0.02232184615384615
0.023364923076923075
0.07280676923076923
0.11745046153846153
0.14331876923076922
0.1693956923076923
0.1829556923076923
0.18796246153846152
0.1783661538461538
0.13622584615384614
0.07426707692307692
0.0070929230769230765
-0.04819015384615385
-0.08177723076923075
-0.09700615384615385
-0.09491999999999999
-0.0744756923076923
-0.03629907692307692
0.021904615384615383
0.08699261538461538
0.13706030769230768
0.17315076923076922
0.20047938461538461
0.21758584615384616
0.2127876923076923
0.18232984615384615
0.11828492307692307
0.03400430769230769
-0.04526953846153846
-0.11348676923076922
-0.16209415384615386
-0.19693292307692306
-0.21862892307692305
-0.21821169230769227
-0.17315076923076922
-0.09512861538461538
0.008344615384615384
0.12224861538461537
0.2090326153846154
0.265776
0.2855944615384615
0.268488
0.20673784615384616
0.10096984615384616
-0.02023569230769231
-0.12808984615384614
-0.20193969230769232
-0.2369870769230769
-0.23510953846153848
-0.20193969230769232
-0.14957723076923077
-0.07948246153846153
-0.0022947692307692304
0.06863446153846153
0.11911938461538461
0.12829846153846153
0.10347323076923076
0.06571384615384615
0.020652923076923076
-0.03296123076923077
-0.09533723076923077
-0.16167692307692308
-0.21362215384615382
-0.23928184615384615
-0.2330233846153846
-0.21320492307692307
-0.18983999999999998
-0.15333230769230768
-0.1097316923076923
-0.04631261538461538
0.026702769230769228
0.08657538461538461
0.11640738461538462
0.12099692307692309
0.11494707692307692
0.10430769230769231
0.09408553846153846
0.06571384615384615
0.034630153846153845
0.006884307692307692
-0.015854769230769228
-0.021278769230769233
-0.02315630769230769
-0.013768615384615384
-0.0016689230769230767
0.009804923076923077
0.030875076923076922
0.05862092307692307
0.09095630769230768
0.10806276923076923
0.10618523076923077
0.0974233846153846
0.08782707692307692
0.08323753846153846
0.06654830769230768
0.03108369230769231
-0.003129230769230769
-0.04088861538461538
-0.06800861538461538
-0.07238953846153846
-0.07677046153846154
-0.0826116923076923
-0.07468430769230769
-0.03588184615384615
0.01981846153846154
0.07364123076923076
0.11181784615384616
0.13309661538461537
0.14749107692307692
0.14686523076923075
0.143736
0.1178676923076923
0.06613107692307692
0.006467076923076923
-0.04756430769230769
-0.07593599999999999
-0.08323753846153846
-0.07113784615384615
-0.05528307692307692
-0.03358707692307692
-0.0033378461538461535
0.03337846153846154
0.07009476923076922
0.08574092307692306
0.07614461538461538
0.043600615384615383
0.006884307692307692
-0.01856676923076923
-0.03421292307692308
-0.04526953846153846
-0.05862092307692307
-0.06258461538461538
-0.05444861538461539
-0.04318338461538461
-0.026076923076923077
-0.02357353846153846
-0.031709538461538456
-0.03650769230769231
-0.037967999999999995
-0.02524246153846154
-0.011473846153846154
-0.002086153846153846
0.009804923076923077
0.02273907692307692
0.0446436923076923
0.07197230769230768
0.09387692307692307
0.11494707692307692
0.13038461538461538
0.14123261538461537
0.14978584615384616
0.15208061538461537
0.138312
0.11160923076923077
0.07238953846153846
0.01940123076923077
-0.03212676923076923
-0.07697907692307693
-0.12329169230769231
-0.16209415384615386
-0.1913003076923077
-0.21675138461538462
-0.23510953846153848
-0.2288510769230769
-0.1476996923076923
-0.025659692307692307
0.14477907692307693
0.31688676923076925
0.43016492307692306
0.5455292307692308
0.5751526153846154
0.5647218461538461
0.47606030769230767
0.28350830769230767
0.08031692307692308
-0.14728246153846153
-0.27328615384615385
-0.4180652307692308
-0.5048492307692307
-0.4942098461538461
-0.4514436923076923
-0.2369870769230769
-0.005632615384615384
0.2624381538461539
0.48044123076923073
0.5991433846153846
0.6923944615384616
0.6385716923076923
0.5086043076923077
0.2868461538461538
-0.005632615384615384
-0.27787569230769227
-0.5505359999999999
-0.7134646153846153
-0.7587341538461538
-0.7038683076923077
-0.5184092307692307
-0.30186646153846153
-0.05298830769230769
0.184416
0.3659113846153846
0.5161144615384615
0.5305089230769231
0.44581107692307687
0.30708184615384615
0.13038461538461538
0.003755076923076923
-0.12266584615384615
-0.23531815384615382
-0.3095852307692307
-0.35986153846153845
-0.3383741538461538
-0.273912
-0.20548615384615385
-0.14185846153846154
-0.08302892307692307
-0.005424
0.07510153846153846
0.1358086153846154
0.16772676923076923
0.165432
0.15896492307692306
0.14519630769230768
0.12204
0.10472492307692308
0.07301538461538462
0.04672984615384615
0.02023569230769231
-0.03942830769230769
-0.0934596923076923
-0.15938215384615384
-0.23156307692307693
-0.2774584615384615
-0.314592
-0.28809784615384615
-0.20861538461538462
-0.08115138461538463
0.07906523076923076
0.22342707692307692
0.3513083076923077
0.43392000000000003
0.4781464615384615
0.4593710769230769
0.36382523076923073
0.2288510769230769
0.07823076923076923
-0.04839876923076923
-0.13789476923076924
-0.2008966153846154
-0.2154996923076923
-0.1792006153846154
-0.10910584615384614
-0.009387692307692307
0.0853236923076923
0.17982646153846152
0.2722430769230769
0.3321156923076923
0.3594443076923077
0.3277347692307692
0.24637476923076923
0.13476553846153844
0.0077187692307692304
-0.11452984615384615
-0.22300984615384614
-0.29498215384615384
-0.3210590769230769
-0.3039526153846154
-0.2355267692307692
-0.13080184615384613
-0.015228923076923076
0.09909230769230769
0.16772676923076923
0.18983999999999998
0.1706473846153846
0.11202646153846153
0.05924676923076923
-0.002712
-0.065088
-0.1028473846153846
-0.12642092307692307
-0.10868861538461538
-0.059664
0.007510153846153846
0.07280676923076923
0.11473846153846154
0.14561353846153846
0.1635544615384615
0.1693956923076923
0.13059323076923077
0.05757784615384615
-0.010013538461538461
-0.07697907692307693
-0.12454338461538461
-0.14957723076923077
-0.16730953846153845
-0.16188553846153847
-0.12996738461538462
-0.07551876923076924
-0.005632615384615384
0.048816000000000005
0.08720123076923077
0.10055261538461538
0.07635323076923077
0.03671630769230769
-0.026285538461538457
-0.09471138461538461
-0.16000799999999998
-0.21654276923076923
-0.24053353846153847
-0.23615261538461538
-0.1910916923076923
-0.12037107692307693
-0.04985907692307692
0.018358153846153843
0.07343261538461537
0.11849353846153846
0.16084246153846155
0.16897846153846155
0.157296
0.1353913846153846
0.0961716923076923
0.07906523076923076
0.06884307692307692
0.05403138461538461
0.02899753846153846
-0.01043076923076923
-0.025659692307692307
-0.02858030769230769
-0.040679999999999994
-0.04985907692307692
-0.06550523076923077
-0.07843938461538462
-0.08240307692307691
-0.07134646153846153
-0.03442153846153846
0.007301538461538462
0.05799507692307692
0.10743692307692307
0.1585476923076923
0.21925476923076925
0.25305046153846156
0.2764153846153846
0.273912
0.2290596923076923
0.17002153846153847
0.08699261538461538
0.0006258461538461538
-0.07843938461538462
-0.15166338461538462
-0.1910916923076923
-0.1994363076923077
-0.1712732307692308
-0.1070196923076923
-0.02795446153846154
0.06133292307692308
0.14206707692307693
0.21237046153846154
0.2572227692307692
0.2574313846153846
0.22405292307692307
0.15270646153846154
0.06341907692307691
-0.023990769230769232
-0.11286092307692308
-0.18921415384615384
-0.24574892307692306
-0.28392553846153845
-0.28392553846153845
-0.2574313846153846
-0.21591692307692306
-0.1531236923076923
-0.08302892307692307
0.0025033846153846152
0.07885661538461539
0.124752
0.146448
0.14311015384615386
0.11473846153846154
0.06633969230769231
0.011265230769230769
-0.05048492307692308
-0.09679753846153846
-0.11306953846153844
-0.10368184615384615
-0.07885661538461539
-0.058412307692307694
-0.03504738461538461
0.0002086153846153846
0.043600615384615383
0.084072
0.11014892307692307
0.1218313846153846
0.11807630769230769
0.10493353846153847
0.09012184615384615
0.07781353846153846
0.07009476923076922
0.05820369230769231
0.03859384615384615
0.009804923076923077
-0.01940123076923077
-0.040262769230769234
-0.06383630769230769
-0.1028473846153846
-0.14978584615384616
-0.18232984615384615
-0.18942276923076923
-0.16418030769230768
-0.11432123076923076
-0.059038153846153844
0.005632615384615384
0.08302892307692307
0.16271999999999998
0.22134092307692307
0.23239753846153846
0.20652923076923077
0.15813046153846153
0.09512861538461538
0.03504738461538461
-0.02545107692307692
-0.0771876923076923
-0.111192
-0.12808984615384614
-0.10618523076923077
-0.05653476923076922
0.010848
0.078648
0.130176
0.17502830769230768
0.19755876923076923
0.1990190769230769
0.17502830769230768
0.12454338461538461
0.06279323076923077
-0.0029206153846153843
-0.04944184615384615
-0.07531015384615385
-0.09387692307692307
-0.09533723076923077
-0.07656184615384615
-0.04276615384615385
0.0029206153846153843
0.03859384615384615
0.06008123076923077
0.05444861538461539
0.03483876923076923
0.018775384615384614
-0.005424
-0.02482523076923077
-0.04631261538461538
-0.054657230769230764
-0.03233538461538461
0.015854769230769228
0.07781353846153846
0.12558646153846154
0.14707384615384617
0.14749107692307692
0.13121907692307694
0.08866153846153846
0.02211323076923077
-0.06946892307692307
-0.1718990769230769
-0.24720923076923076
-0.2828824615384615
-0.2707827692307692
-0.21842030769230766
-0.14081538461538462
-0.04568676923076923
0.05611753846153846
0.15646153846153846
0.2330233846153846
0.260352
0.2357353846153846
0.17023015384615386
0.08991323076923076
0.010848
-0.065088
-0.12537784615384615
-0.17544553846153846
-0.19004861538461537
-0.15479261538461536
-0.08761846153846153
0.004798153846153846
0.08887015384615385
0.1504116923076923
0.19964492307692308
0.23823876923076923
0.2632726153846154
0.2643156923076923
0.2290596923076923
0.17023015384615386
0.10263876923076923
0.042348923076923076
-0.009179076923076922
-0.06550523076923077
-0.11306953846153844
-0.14206707692307693
-0.14060676923076923
-0.11265230769230769
-0.06884307692307692
-0.02357353846153846
0.005215384615384615
0.026494153846153844
0.044435076923076924
0.06300184615384616
0.07635323076923077
0.06571384615384615
0.038176615384615385
0.010848
0.0012516923076923076
0.010848
0.02545107692307692
0.035464615384615386
0.03337846153846154
0.03838523076923077
0.050067692307692306
0.05528307692307692
0.04756430769230769
0.02524246153846154
0.0008344615384615384
-0.019192615384615384
-0.022947692307692308
-0.015228923076923076
-0.012099692307692308
-0.015228923076923076
-0.015646153846153844
0.003129230769230769
0.03921969230769231
0.07092923076923077
0.09408553846153846
0.09325107692307691
0.07823076923076923
0.06258461538461538
0.03421292307692308
0.0012516923076923076
-0.04756430769230769
-0.092208
-0.11911938461538461
-0.13476553846153844
-0.12808984615384614
-0.12016246153846154
-0.11181784615384616
-0.09554584615384615
-0.06613107692307692
-0.018983999999999997
0.021278769230769233
0.05528307692307692
0.07301538461538462
0.07802215384615384
0.08469784615384615
0.08845292307692308
0.08219446153846154
0.048816000000000005
0.005215384615384615
-0.028371692307692306
-0.04693846153846153
-0.055491692307692304
-0.056951999999999996
-0.053614153846153846
-0.03984553846153846
-0.017315076923076923
0.007927384615384614
0.03713353846153846
0.05674338461538461
0.06529661538461538
0.0678
0.07489292307692308
0.08219446153846154
0.08323753846153846
0.07364123076923076
0.04214030769230769
0.005841230769230769
-0.028163076923076923
-0.05778646153846154
-0.08991323076923076
-0.124752
-0.14519630769230768
-0.1435273846153846
-0.11223507692307692
-0.056951999999999996
0.005215384615384615
0.06717415384615384
0.12204
0.16876984615384616
0.20360861538461536
0.21487384615384614
0.19881046153846152
0.14811692307692306
0.08052553846153847
0.014394461538461538
-0.04047138461538462
-0.08720123076923077
-0.12433476923076923
-0.14582215384615385
-0.14853415384615384
-0.111192
-0.05507446153846154
0.004589538461538461
0.06154153846153846
0.10660246153846153
0.1502030769230769
0.18107815384615383
0.19004861538461537
0.1760713846153846
0.12955015384615384
0.06154153846153846
-0.011473846153846154
-0.08156861538461539
-0.13080184615384613
-0.1704387692307692
-0.19359507692307693
-0.1927606153846154
-0.16605784615384614
-0.09304246153846155
-0.004798153846153846
0.07238953846153846
0.11828492307692307
0.12308307692307692
0.10931446153846153
0.07280676923076923
0.03671630769230769
-0.010013538461538461
-0.0609156923076923
-0.09012184615384615
-0.092208
-0.043600615384615383
0.025659692307692307
0.19004861538461537
0.2411593846153846
0.18796246153846152
0.19150892307692308
0.09909230769230769
0.07906523076923076
-0.02586830769230769
-0.19755876923076923
-0.3137575384615385
-0.46020553846153844
-0.404088
-0.33566215384615383
-0.2586830769230769
-0.15833907692307692
-0.10743692307692307
0.09450276923076922
0.23969907692307693
0.36674584615384614
0.4105550769230769
0.2632726153846154
0.17377661538461536
0.02023569230769231
-0.09971815384615385
-0.16730953846153845
-0.317304
-0.3321156923076923
-0.34275507692307694
-0.3248141538461538
-0.14457046153846154
-0.01668923076923077
0.14290153846153844
0.2563883076923077
0.2730775384615384
0.32314523076923074
0.2868461538461538
0.2772498461538462
0.26097784615384617
0.14936861538461538
0.042974769230769226
-0.07593599999999999
-0.119328
-0.12850707692307692
-0.1802436923076923
-0.19818461538461538
-0.23656984615384613
-0.22342707692307692
-0.13309661538461537
-0.0855323076923077
-0.01710646153846154
0.027120000000000002
0.06341907692307691
0.15333230769230768
0.17961784615384613
0.19672430769230767
0.20444307692307692
0.15750461538461538
0.1504116923076923
0.12934153846153845
0.08657538461538461
0.031918153846153846
-0.06154153846153846
-0.1207883076923077
-0.17231630769230769
-0.1927606153846154
-0.17023015384615386
-0.11703323076923078
-0.003963692307692307
0.07969107692307692
0.1794092307692308
0.30249230769230767
0.36549415384615386
0.4118067692307692
0.37592492307692305
0.2709913846153846
0.14999446153846155
-0.016480615384615385
-0.1424843076923077
-0.2638984615384615
-0.3746732307692308
-0.40054153846153845
-0.38760738461538463
-0.3081249230769231
-0.19818461538461538
-0.07343261538461537
0.09241661538461539
0.23656984615384613
0.34880492307692307
0.39324
0.37091815384615384
0.33315876923076926
0.24199384615384617
0.12454338461538461
0.0008344615384615384
-0.14394461538461537
-0.22530461538461538
-0.2643156923076923
-0.26640184615384616
-0.19296923076923078
-0.10555938461538462
0.011473846153846154
0.12788123076923075
0.20193969230769232
0.2659846153846154
0.2939390769230769
0.29101846153846156
0.25659692307692306
0.1883796923076923
0.11223507692307692
0.02086153846153846
-0.0448523076923077
-0.07364123076923076
-0.08052553846153847
-0.06633969230769231
-0.06821723076923077
-0.05194523076923077
-0.012934153846153845
0.019609846153846155
0.07364123076923076
0.10117846153846152
0.10347323076923076
0.12788123076923075
0.13726892307692307
0.13768615384615385
0.12204
0.08010830769230769
0.06300184615384616
0.06133292307692308
0.07572738461538461
0.10138707692307691
0.10055261538461538
0.0963803076923077
0.08323753846153846
0.07134646153846153
0.06613107692307692
0.04109723076923077
0.012934153846153845
-0.033169846153846154
-0.08052553846153847
-0.09283384615384616
-0.09304246153846155
-0.06404492307692307
-0.030040615384615384
-0.027745846153846152
-0.010639384615384617
0.005632615384615384
0.03379569230769231
0.06905169230769231
0.044435076923076924
-0.003129230769230769
-0.05507446153846154
-0.09554584615384615
-0.1045163076923077
-0.124752
-0.15833907692307692
-0.18900553846153845
-0.1910916923076923
-0.14853415384615384
-0.09012184615384615
-0.03755076923076923
-0.0029206153846153843
0.012516923076923077
0.03108369230769231
0.05173661538461538
0.07468430769230769
0.09283384615384616
0.09846646153846153
0.11578153846153846
0.1314276923076923
0.15938215384615384
0.1942209230769231
0.1908830769230769
0.15646153846153846
0.09262523076923077
0.03296123076923077
-0.0022947692307692304
-0.03379569230769231
-0.06675692307692307
-0.11452984615384615
-0.14916
-0.14853415384615384
-0.0988836923076923
-0.015854769230769228
0.037967999999999995
0.06884307692307692
0.08490646153846154
0.10138707692307691
0.12913292307692306
0.1218313846153846
0.07468430769230769
0.012308307692307691
-0.06008123076923077
-0.11724184615384614
-0.16209415384615386
-0.2138307692307692
-0.24762646153846155
-0.24846092307692308
-0.19609846153846153
-0.09387692307692307
0.015854769230769228
0.11682461538461539
0.19630707692307692
0.2492953846153846
0.28246523076923075
0.29185292307692307
0.25951753846153847
0.17231630769230769
0.056951999999999996
-0.06216738461538462
-0.1597993846153846
-0.22008923076923076
-0.24908676923076922
-0.23823876923076923
-0.20778092307692309
-0.16188553846153847
-0.09283384615384616
-0.007927384615384614
0.07948246153846153
0.13893784615384613
0.16584923076923075
0.1733593846153846
0.16689230769230767
0.1489513846153846
0.11035753846153845
0.05090215384615384
-0.015020307692307692
-0.07948246153846153
-0.11828492307692307
-0.13518276923076925
-0.15291507692307693
-0.15333230769230768
-0.14477907692307693
-0.116616
-0.06070707692307692
-0.0022947692307692304
0.062376
0.11432123076923076
0.16251138461538459
0.21174461538461536
0.22864246153846152
0.21174461538461536
0.16584923076923075
0.10785415384615385
0.05799507692307692
0.010848
-0.03212676923076923
-0.07051199999999999
-0.11244369230769231
-0.1449876923076923
-0.16605784615384614
-0.15896492307692306
-0.12600369230769232
-0.09116492307692307
-0.041514461538461535
0.014603076923076923
0.07843938461538462
0.1504116923076923
0.2073636923076923
0.24512307692307692
0.2507556923076923
0.222384
0.17502830769230768
0.10827138461538462
0.023364923076923075
-0.06863446153846153
-0.14603076923076924
-0.19860184615384616
-0.20673784615384616
-0.17398523076923075
-0.12162276923076921
-0.042348923076923076
0.04965046153846154
0.14853415384615384
0.23448369230769228
0.2914356923076923
0.31125415384615385
0.2799618461538461
0.21633415384615384
0.12099692307692309
0.002086153846153846
-0.12496061538461539
-0.25054707692307693
-0.3410861538461538
-0.3826006153846154
-0.3790541538461539
-0.3350363076923077
-0.2705741538461538
-0.19296923076923078
-0.0961716923076923
0.0043809230769230765
0.08949599999999999
0.14018953846153845
0.14686523076923075
0.127464
0.07572738461538461
0.004589538461538461
-0.059872615384615385
-0.1218313846153846
-0.1656406153846154
-0.17398523076923075
-0.1462393846153846
-0.092208
-0.029623384615384614
0.031918153846153846
0.08866153846153846
0.13434830769230768
0.1693956923076923
0.1829556923076923
0.16418030769230768
0.12162276923076921
0.07030338461538461
0.03942830769230769
0.024408000000000003
0.025659692307692307
0.04860738461538461
0.061124307692307686
0.07259815384615384
0.08135999999999999
0.07969107692307692
0.07364123076923076
0.045060923076923075
0.007301538461538462
-0.02482523076923077
-0.03921969230769231
-0.04130584615384615
-0.042974769230769226
-0.03650769230769231
-0.031709538461538456
-0.011473846153846154
0.02023569230769231
0.04652123076923077
0.07051199999999999
0.06946892307692307
0.05403138461538461
0.04693846153846153
0.04526953846153846
0.04401784615384615
0.042348923076923076
0.03755076923076923
0.04172307692307692
0.06154153846153846
0.08720123076923077
0.10806276923076923
0.11536430769230768
0.11807630769230769
0.11411261538461538
0.10806276923076923
0.08991323076923076
0.04902461538461538
-0.0014603076923076922
-0.059038153846153844
-0.0963803076923077
-0.10868861538461538
-0.11014892307692307
-0.10117846153846152
-0.09074769230769231
-0.0678
-0.02273907692307692
0.022947692307692308
0.06195876923076923
0.0855323076923077
0.09053907692307692
0.09658892307692307
0.09512861538461538
0.0853236923076923
0.04860738461538461
-0.012099692307692308
-0.06759138461538462
-0.10597661538461538
-0.1151556923076923
-0.09971815384615385
-0.06905169230769231
-0.03024923076923077
0.01397723076923077
0.06028984615384615
0.10827138461538462
0.14582215384615385
0.15291507692307693
0.1207883076923077
0.07134646153846153
0.02524246153846154
-0.01940123076923077
-0.05570030769230769
-0.08761846153846153
-0.11077476923076923
-0.11035753846153845
-0.08177723076923075
-0.033169846153846154
0.013560000000000001
0.05069353846153846
0.07843938461538462
0.10180430769230768
0.12433476923076923
0.12934153846153845
0.10743692307692307
0.06070707692307692
0.003963692307692307
-0.0446436923076923
-0.07593599999999999
-0.09575446153846154
-0.10994030769230768
-0.11140061538461538
-0.08845292307692308
-0.03629907692307692
0.026285538461538457
0.07823076923076923
0.10493353846153847
0.10389046153846154
0.09596307692307693
0.08782707692307692
0.06800861538461538
0.025659692307692307
-0.043392
-0.11578153846153846
-0.16251138461538459
-0.16292861538461537
-0.12767261538461538
-0.07677046153846154
-0.019192615384615384
0.03880246153846154
0.09930092307692308
0.15395815384615386
0.18107815384615383
0.17544553846153846
0.14331876923076922
0.08887015384615385
0.02899753846153846
-0.028788923076923077
-0.084072
-0.13852061538461538
-0.18337292307692307
-0.19755876923076923
-0.17565415384615385
-0.13267938461538462
-0.07614461538461538
-0.012308307692307691
0.05069353846153846
0.11953661538461538
0.1923433846153846
0.24637476923076923
0.2605606153846154
0.23364923076923078
0.1712732307692308
0.10055261538461538
0.027745846153846152
-0.04401784615384615
-0.10013538461538461
-0.14144123076923076
-0.1489513846153846
-0.12579507692307693
-0.07802215384615384
-0.040054153846153843
-0.004798153846153846
0.03024923076923077
0.06487938461538462
0.09971815384615385
0.11432123076923076
0.13101046153846155
0.12683815384615382
0.13226215384615383
0.12913292307692306
0.21716861538461538
0.23677846153846152
0.1097316923076923
0.07364123076923076
-0.02899753846153846
-0.03775938461538462
-0.04693846153846153
-0.16981292307692308
-0.22488738461538463
-0.3408775384615384
-0.27140861538461536
-0.13893784615384613
-0.06550523076923077
0.040262769230769234
0.04672984615384615
0.18712800000000002
0.3291950769230769
0.43621476923076924
0.5065181538461538
0.3425464615384616
0.20298276923076922
0.03212676923076923
-0.12412615384615384
-0.18149538461538461
-0.33357600000000004
-0.36340799999999995
-0.3536030769230769
-0.3510996923076923
-0.1489513846153846
0.012516923076923077
0.18149538461538461
0.32627446153846157
0.3369138461538461
0.3896935384615384
0.3540203076923077
0.31083692307692307
0.2776670769230769
0.11891076923076922
-0.02273907692307692
-0.15228923076923076
-0.2021483076923077
-0.17565415384615385
-0.20402584615384614
-0.20110523076923076
-0.19296923076923078
-0.13038461538461538
0.02524246153846154
0.11828492307692307
0.18358153846153846
0.20152246153846154
0.1718990769230769
0.2059033846153846
0.19317784615384614
0.1422756923076923
0.1070196923076923
0.02211323076923077
0.010013538461538461
0.04130584615384615
0.054657230769230764
0.07405846153846153
0.029414769230769227
-0.018775384615384614
-0.06654830769230768
-0.11181784615384616
-0.13330523076923076
-0.1639716923076923
-0.16230276923076925
-0.16856123076923077
-0.14874276923076923
-0.05799507692307692
0.011891076923076923
0.09137353846153846
0.14978584615384616
0.168144
0.2021483076923077
0.19463815384615382
0.17565415384615385
0.11974523076923077
0.003963692307692307
-0.07092923076923077
-0.130176
-0.1867107692307692
-0.2399076923076923
-0.2951907692307692
-0.2868461538461538
-0.22280123076923075
-0.13935507692307691
-0.056326153846153845
0.012099692307692308
0.09512861538461538
0.1635544615384615
0.19025723076923076
0.19192615384615386
0.12433476923076923
0.05236246153846154
-0.0016689230769230767
-0.06216738461538462
-0.06946892307692307
-0.08574092307692306
-0.09012184615384615
-0.06529661538461538
-0.07197230769230768
-0.04693846153846153
-0.005215384615384615
0.02482523076923077
0.0446436923076923
0.02211323076923077
0.003129230769230769
-0.00855323076923077
-0.005424
0.024199384615384616
0.03963692307692308
0.06759138461538462
0.07885661538461539
0.09012184615384615
0.12350030769230769
0.12037107692307693
0.11494707692307692
0.08302892307692307
0.03066646153846154
0.025659692307692307
0.025659692307692307
0.013768615384615384
-0.0025033846153846152
-0.03567323076923076
-0.022530461538461537
0.025659692307692307
0.06946892307692307
0.12016246153846154
0.12767261538461538
0.12955015384615384
0.14144123076923076
0.15166338461538462
0.1639716923076923
0.12579507692307693
0.07134646153846153
-0.002086153846153846
-0.08094276923076923
-0.11745046153846153
-0.15500123076923078
-0.157296
-0.13643446153846153
-0.12412615384615384
-0.06446215384615385
0.0002086153846153846
0.06571384615384615
0.12725538461538463
0.13497415384615385
0.13622584615384614
0.13351384615384615
0.11974523076923077
0.11411261538461538
0.08302892307692307
0.043600615384615383
0.007301538461538462
-0.019192615384615384
-0.016480615384615385
-0.027328615384615382
-0.05048492307692308
-0.07405846153846153
-0.1028473846153846
-0.1045163076923077
-0.10848000000000001
-0.10952307692307692
-0.09116492307692307
-0.07677046153846154
-0.032544
0.014394461538461538
0.052153846153846155
0.09763200000000001
0.12537784615384615
0.13768615384615385
0.12767261538461538
0.10681107692307691
0.08156861538461539
0.03045784615384615
-0.028788923076923077
-0.08949599999999999
-0.15875630769230767
-0.20986707692307693
-0.23448369230769228
-0.22488738461538463
-0.18858830769230767
-0.1422756923076923
-0.078648
-0.014185846153846153
0.051319384615384614
0.10243015384615384
0.13455692307692307
0.16501476923076921
0.1718990769230769
0.15124615384615384
0.10722830769230769
0.040262769230769234
-0.032544
-0.10159569230769232
-0.17023015384615386
-0.22864246153846152
-0.26911384615384615
-0.2828824615384615
-0.25764
-0.20360861538461536
-0.1136953846153846
-0.006467076923076923
0.09596307692307693
0.18921415384615384
0.2557624615384615
0.28392553846153845
0.2618123076923077
0.1994363076923077
0.11828492307692307
0.03379569230769231
-0.05611753846153846
-0.14957723076923077
-0.23114584615384615
-0.2799618461538461
-0.2822566153846154
-0.241368
-0.16188553846153847
-0.06800861538461538
0.037967999999999995
0.14477907692307693
0.23218892307692307
0.2931046153846154
0.30562153846153844
0.26911384615384615
0.19797599999999999
0.11619876923076923
0.03483876923076923
-0.04318338461538461
-0.10806276923076923
-0.16292861538461537
-0.1942209230769231
-0.1923433846153846
-0.16021661538461537
-0.10848000000000001
-0.05173661538461538
0.003963692307692307
0.04714707692307692
0.08302892307692307
0.1097316923076923
0.1289243076923077
0.13080184615384613
0.10722830769230769
0.07843938461538462
0.05736923076923077
0.05069353846153846
0.050067692307692306
0.04672984615384615
0.051528
0.06341907692307691
0.07843938461538462
0.09512861538461538
0.08720123076923077
0.059872615384615385
0.027328615384615382
0.009596307692307692
0.014603076923076923
0.028788923076923077
0.052153846153846155
0.07280676923076923
0.11035753846153845
0.16334584615384617
0.21174461538461536
0.2399076923076923
0.23469230769230767
0.20047938461538461
0.1462393846153846
0.086784
0.03400430769230769
-0.011473846153846154
-0.059038153846153844
-0.09679753846153846
-0.11640738461538462
-0.11160923076923077
-0.08574092307692306
-0.06592246153846154
-0.051528
-0.03609046153846154
-0.016272
0.010848
0.040262769230769234
0.06800861538461538
0.07927384615384615
0.06675692307692307
0.04109723076923077
0.00855323076923077
-0.03129230769230769
-0.07948246153846153
-0.138312
-0.17628
-0.1733593846153846
-0.14832553846153845
-0.111192
-0.06633969230769231
-0.023990769230769232
0.01272553846153846
0.0448523076923077
0.06738276923076922
0.07572738461538461
0.06404492307692307
0.05173661538461538
0.04693846153846153
0.047981538461538464
0.050067692307692306
0.043600615384615383
0.035464615384615386
0.02545107692307692
0.017315076923076923
0.01043076923076923
0.0008344615384615384
-0.019609846153846155
-0.05090215384615384
-0.06988615384615385
-0.07280676923076923
-0.06446215384615385
-0.04672984615384615
-0.022530461538461537
0.0035464615384615383
0.03901107692307692
0.09679753846153846
0.15875630769230767
0.20006215384615383
0.21800307692307694
0.21195323076923075
0.18253846153846154
0.12099692307692309
0.03650769230769231
-0.04735569230769231
-0.13330523076923076
-0.20277415384615383
-0.23823876923076923
-0.23448369230769228
-0.1913003076923077
-0.12725538461538463
-0.04380923076923077
0.06070707692307692
0.16584923076923075
0.24866953846153847
0.2920615384615385
0.29101846153846156
0.25346769230769234
0.18128676923076922
0.09262523076923077
-0.006884307692307692
-0.1070196923076923
-0.1867107692307692
-0.2399076923076923
-0.24637476923076923
-0.2125790769230769
-0.14603076923076924
-0.05507446153846154
0.03567323076923076
0.1341396923076923
0.2221753846153846
0.2757895384615385
0.29769415384615383
0.28017046153846153
0.23052
0.15875630769230767
0.086784
0.02586830769230769
-0.02545107692307692
-0.06738276923076922
-0.0936683076923077
-0.09325107692307691
-0.06967753846153846
-0.03150092307692308
0.004589538461538461
0.035464615384615386
0.06654830769230768
0.09241661538461539
0.10994030769230768
0.12016246153846154
0.11745046153846153
0.11056615384615384
0.10389046153846154
0.09950953846153845
0.09158215384615384
0.07009476923076922
0.04714707692307692
0.023364923076923075
-0.0012516923076923076
-0.03337846153846154
-0.07259815384615384
-0.10076123076923077
-0.12579507692307693
-0.13726892307692307
-0.1207883076923077
-0.08010830769230769
-0.022530461538461537
0.03275261538461539
0.0892873846153846
0.14582215384615385
0.18358153846153846
0.19881046153846152
0.1860849230769231
0.13622584615384614
0.05757784615384615
-0.022530461538461537
-0.08490646153846154
-0.13810338461538463
-0.18900553846153845
-0.2275993846153846
-0.23761292307692305
-0.20819815384615384
-0.14957723076923077
-0.07614461538461538
0.0014603076923076922
0.07343261538461537
0.1358086153846154
0.17377661538461536
0.17544553846153846
0.14206707692307693
0.08448923076923077
0.012934153846153845
-0.05716061538461538
-0.10639384615384614
-0.13998092307692306
-0.15187199999999998
-0.13372246153846154
-0.09408553846153846
-0.031918153846153846
0.03755076923076923
0.09909230769230769
0.14436184615384615
0.15187199999999998
0.138312
0.11432123076923076
0.07280676923076923
0.025659692307692307
-0.03129230769230769
-0.07843938461538462
-0.10138707692307691
-0.10117846153846152
-0.07614461538461538
-0.047772923076923074
-0.010639384615384617
0.02545107692307692
0.054657230769230764
0.08094276923076923
0.09304246153846155
0.086784
0.05382276923076923
0.011891076923076923
-0.04047138461538462
-0.12120553846153845
-0.22488738461538463
-0.31542646153846154
-0.4243236923076923
-0.45686769230769225
-0.3652855384615385
-0.21091015384615383
0.05277969230769231
0.32502276923076917
0.6235513846153846
0.9179076923076923
1.1175526153846154
1.2224861538461538
1.1494707692307693
0.8816086153846154
0.509856
0.11578153846153846
-0.26306399999999996
-0.5628443076923076
-0.8171464615384615
-0.9640116923076922
-0.9610910769230769
-0.8042123076923077
-0.49400123076923075
-0.16313723076923078
0.17419384615384614
0.4211944615384615
0.5937193846153845
0.6886393846153845
0.6227169230769231
0.48294461538461536
0.1733593846153846
-0.1869193846153846
-0.4775206153846153
-0.71868
-0.7891919999999999
-0.7639495384615383
-0.6709070769230769
-0.47960676923076917
-0.29873723076923075
-0.09971815384615385
0.09512861538461538
0.17481969230769231
0.21529107692307692
0.19588984615384614
0.168144
0.1883796923076923
0.20339999999999997
0.25346769230769234
0.2586830769230769
0.21508246153846153
0.15479261538461536
0.05090215384615384
-0.04380923076923077
-0.15541846153846153
-0.2724516923076923
-0.3485963076923077
-0.41389292307692305
-0.4182738461538461
-0.3886504615384615
-0.360696
-0.2897667692307692
-0.19213476923076922
-0.03567323076923076
0.1614683076923077
0.34046030769230773
0.5021372307692308
0.6031070769230769
0.5953883076923077
0.4914978461538461
0.2912270769230769
0.00855323076923077
-0.30436984615384616
-0.5824541538461538
-0.7618633846153846
-0.8138086153846154
-0.7309883076923077
-0.5325950769230768
-0.24574892307692306
0.0855323076923077
0.4105550769230769
0.6992787692307693
0.8861981538461539
0.9439846153846153
0.8995495384615385
0.7514326153846154
0.5330123076923077
0.276624
0.003129230769230769
-0.2303113846153846
-0.40346215384615386
-0.500676923076923
-0.5048492307692307
-0.43663199999999996
-0.3039526153846154
-0.13455692307692307
0.06049846153846154
0.24303692307692307
0.36632861538461536
0.428496
0.4011673846153846
0.3179298461538461
0.200688
0.05027630769230769
-0.07510153846153846
-0.18858830769230767
-0.2618123076923077
-0.25054707692307693
-0.20027076923076922
-0.11056615384615384
-0.023990769230769232
0.03045784615384615
0.06821723076923077
0.06675692307692307
0.04839876923076923
0.02044430769230769
-0.014185846153846153
-0.03838523076923077
-0.04401784615384615
-0.007510153846153846
0.05298830769230769
0.12433476923076923
0.1942209230769231
0.22655630769230767
0.22989415384615383
0.19630707692307692
0.11953661538461538
0.004798153846153846
-0.14665661538461539
-0.301032
-0.427452923076923
-0.5063095384615385
-0.5227901538461539
-0.46583815384615385
-0.3475532307692307
-0.18796246153846152
0.002086153846153846
0.1948467692307692
0.36215630769230767
0.4781464615384615
0.5058923076923076
0.44414215384615385
0.3127144615384615
0.12808984615384614
-0.07760492307692309
-0.2737033846153846
-0.43350276923076925
-0.5240418461538462
-0.527171076923077
-0.45457292307692304
-0.2993630769230769
-0.0892873846153846
0.13914646153846155
0.35986153846153845
0.5267538461538461
0.6289753846153846
0.6483766153846154
0.5724406153846154
0.443724923076923
0.28663753846153844
0.11327815384615383
-0.03963692307692308
-0.15667015384615385
-0.22134092307692307
-0.23239753846153846
-0.200688
-0.1395636923076923
-0.06654830769230768
0.005841230769230769
0.062376
0.100344
0.111192
0.09596307692307693
0.06946892307692307
0.040679999999999994
0.023990769230769232
0.02524246153846154
0.033169846153846154
0.05173661538461538
0.08615815384615384
0.12829846153846153
0.19067446153846154
0.2591003076923077
0.30207507692307695
0.3077076923076923
0.27328615384615385
0.2073636923076923
0.12496061538461539
0.03650769230769231
-0.05486584615384615
-0.12412615384615384
-0.16063384615384615
-0.14540492307692307
-0.06529661538461538
0.04693846153846153
0.14749107692307692
0.21466523076923077
0.2453316923076923
0.24637476923076923
0.2207150769230769
0.1504116923076923
0.04965046153846154
-0.06675692307692307
-0.18253846153846154
-0.2626467692307692
-0.29644246153846154
-0.2807963076923077
-0.22718215384615387
-0.1506203076923077
-0.05319692307692307
0.05820369230769231
0.16209415384615386
0.23469230769230767
0.26681907692307694
0.24470584615384613
0.1869193846153846
0.1205796923076923
0.04985907692307692
-0.013560000000000001
-0.08031692307692308
-0.13497415384615385
-0.14081538461538462
-0.0988836923076923
-0.03066646153846154
0.03358707692307692
0.07927384615384615
0.10493353846153847
0.12016246153846154
0.13852061538461538
0.1435273846153846
0.11891076923076922
0.06738276923076922
0.012099692307692308
-0.02023569230769231
-0.03588184615384615
-0.03692492307692308
-0.03337846153846154
-0.04130584615384615
-0.040054153846153843
-0.03629907692307692
-0.03212676923076923
-0.02858030769230769
-0.05319692307692307
-0.0974233846153846
-0.15270646153846154
-0.19881046153846152
-0.21779446153846155
-0.2205064615384615
-0.21237046153846154
-0.1800350769230769
-0.11640738461538462
-0.024616615384615383
0.06800861538461538
0.14144123076923076
0.18712800000000002
0.18629353846153843
0.16793538461538463
0.12955015384615384
0.06926030769230769
-0.003755076923076923
-0.08323753846153846
-0.13372246153846154
-0.14582215384615385
-0.12120553846153845
-0.07238953846153846
-0.019609846153846155
0.033169846153846154
0.08073415384615384
0.12391753846153845
0.15896492307692306
0.1652233846153846
0.13768615384615385
0.08428061538461538
0.030875076923076922
-0.011891076923076923
-0.043392
-0.05945538461538461
-0.06633969230769231
-0.05590892307692308
-0.025659692307692307
0.02273907692307692
0.08073415384615384
0.12141415384615384
0.13706030769230768
0.13497415384615385
0.11828492307692307
0.092208
0.06571384615384615
0.03421292307692308
-0.0018775384615384615
-0.03421292307692308
-0.061124307692307686
-0.08302892307692307
-0.10514215384615383
-0.12788123076923075
-0.14603076923076924
-0.14436184615384615
-0.12037107692307693
-0.09241661538461539
-0.06341907692307691
-0.042974769230769226
-0.03379569230769231
-0.026285538461538457
-0.03108369230769231
-0.042974769230769226
-0.06529661538461538
-0.10055261538461538
-0.13080184615384613
-0.15145476923076923
-0.15792184615384616
-0.15917353846153848
-0.16230276923076925
-0.15395815384615386
-0.13789476923076924
-0.111192
-0.07697907692307693
-0.04756430769230769
-0.013142769230769229
0.024408000000000003
0.07343261538461537
0.13226215384615383
0.18191261538461537
0.2194633846153846
0.23364923076923078
0.22801661538461537
0.21132738461538458
0.17169046153846151
0.11891076923076922
0.056951999999999996
-0.0018775384615384615
-0.03963692307692308
-0.06070707692307692
-0.04672984615384615
-0.012099692307692308
0.031709538461538456
0.08845292307692308
0.14081538461538462
0.18358153846153846
0.19672430769230767
0.1656406153846154
0.10117846153846152
0.01668923076923077
-0.07259815384615384
-0.15124615384615384
-0.21341353846153846
-0.2497126153846154
-0.2574313846153846
-0.22801661538461537
-0.15374953846153847
-0.04631261538461538
0.0717636923076923
0.18066092307692305
0.2701569230769231
0.3319070769230769
0.36632861538461536
0.3575667692307692
0.3072904615384615
0.21842030769230766
0.1045163076923077
-0.005841230769230769
-0.10618523076923077
-0.1800350769230769
-0.22989415384615383
-0.25805723076923076
-0.25430215384615384
-0.22467876923076924
-0.16772676923076923
-0.09471138461538461
-0.015854769230769228
0.06279323076923077
0.1218313846153846
0.16584923076923075
0.19380369230769232
0.19067446153846154
0.1570873846153846
0.0961716923076923
0.027120000000000002
-0.042348923076923076
-0.1136953846153846
-0.17523692307692307
-0.22342707692307692
-0.2601433846153846
-0.2753723076923077
-0.26348123076923075
-0.23010276923076922
-0.17711446153846155
-0.11745046153846153
-0.05048492307692308
0.029414769230769227
0.10076123076923077
0.16188553846153847
0.20715507692307691
0.21716861538461538
0.20360861538461536
0.15646153846153846
0.07885661538461539
-0.016063384615384615
-0.1218313846153846
-0.20965846153846154
-0.28350830769230767
-0.3141747692307692
-0.2970683076923077
-0.2540935384615385
-0.17586276923076924
-0.06800861538461538
0.05674338461538461
0.17648861538461538
0.26932246153846157
0.3312812307692308
0.3510996923076923
0.32627446153846157
0.26306399999999996
0.15604430769230768
0.03921969230769231
-0.07802215384615384
-0.18399876923076922
-0.2582658461538461
-0.29456492307692306
-0.27599815384615384
-0.21654276923076923
-0.11452984615384615
0.01814953846153846
0.157296
0.290184
0.38677292307692307
0.441012923076923
0.44622830769230765
0.40095876923076923
0.32502276923076917
0.22342707692307692
0.1028473846153846
-0.02023569230769231
-0.11724184615384614
-0.17502830769230768
-0.19359507692307693
-0.17982646153846152
-0.14728246153846153
-0.09262523076923077
-0.03233538461538461
0.022947692307692308
0.08198584615384615
0.12496061538461539
0.14436184615384615
0.13852061538461538
0.11557292307692307
0.09283384615384616
0.05048492307692308
0.0029206153846153843
-0.03713353846153846
-0.07238953846153846
-0.0828203076923077
-0.0826116923076923
-0.07197230769230768
-0.04547815384615384
-0.022947692307692308
-0.005841230769230769
0.010639384615384617
0.026076923076923077
0.05236246153846154
0.06571384615384615
0.07635323076923077
0.0826116923076923
0.07426707692307692
0.07739630769230768
0.03838523076923077
0.01043076923076923
0.01272553846153846
0.018983999999999997
0.08198584615384615
0.14936861538461538
0.2127876923076923
0.28017046153846153
0.33065538461538463
0.36257353846153845
0.3538116923076923
0.33378461538461535
0.249504
0.10326461538461539
0.005841230769230769
-0.10597661538461538
-0.18525046153846153
-0.24720923076923076
-0.336288
-0.3304467692307692
-0.30249230769230767
-0.18921415384615384
-0.03045784615384615
0.07572738461538461
0.200688
0.2371956923076923
0.27453784615384613
0.2860116923076923
0.2073636923076923
0.13080184615384613
-0.021696
-0.12913292307692306
-0.1858763076923077
-0.2238443076923077
-0.17544553846153846
-0.1543753846153846
-0.09325107692307691
-0.015228923076923076
0.024616615384615383
0.1178676923076923
0.14164984615384615
0.12579507692307693
0.12788123076923075
0.0855323076923077
0.09074769230769231
0.08574092307692306
0.07405846153846153
0.084072
0.027745846153846152
-0.02044430769230769
-0.05653476923076922
-0.08949599999999999
-0.10222153846153846
-0.1422756923076923
-0.16689230769230767
-0.1693956923076923
-0.1570873846153846
-0.1070196923076923
-0.07593599999999999
-0.03713353846153846
0.02211323076923077
0.07739630769230768
0.1639716923076923
0.21466523076923077
0.22321846153846153
0.21737723076923077
0.15625292307692307
0.10159569230769232
0.035464615384615386
-0.0798996923076923
-0.1858763076923077
-0.2891409230769231
-0.34463261538461537
-0.33816553846153846
-0.29331323076923077
-0.18900553846153845
-0.06654830769230768
0.06675692307692307
0.19150892307692308
0.28768061538461537
0.3456756923076923
0.3210590769230769
0.25388492307692306
0.15875630769230767
0.04130584615384615
-0.051319384615384614
-0.14665661538461539
-0.2157083076923077
-0.24199384615384617
-0.25054707692307693
-0.1927606153846154
-0.10514215384615383
-0.02482523076923077
0.06633969230769231
0.14102399999999998
0.21091015384615383
0.2699483076923077
0.27412061538461535
0.23281476923076924
0.16230276923076925
0.08073415384615384
0.0077187692307692304
-0.059038153846153844
-0.09846646153846153
-0.124752
-0.124752
-0.07760492307692309
-0.012934153846153845
0.06905169230769231
0.11807630769230769
0.12496061538461539
0.12037107692307693
0.0855323076923077
0.045060923076923075
-0.0002086153846153846
-0.05590892307692308
-0.09387692307692307
-0.12141415384615384
-0.12704676923076924
-0.10910584615384614
-0.0853236923076923
-0.06487938461538462
-0.05027630769230769
-0.02586830769230769
0.0025033846153846152
0.03150092307692308
0.046104
0.03066646153846154
0.010013538461538461
-0.012308307692307691
-0.026911384615384615
-0.008344615384615384
0.010013538461538461
0.02545107692307692
0.046104
0.053405538461538456
0.08302892307692307
0.12099692307692309
0.14060676923076923
0.15208061538461537
0.1314276923076923
0.09992676923076924
0.061124307692307686
-0.0016689230769230767
-0.07426707692307692
-0.14916
-0.18900553846153845
-0.19046584615384615
-0.16188553846153847
-0.10055261538461538
-0.03671630769230769
0.03859384615384615
0.11181784615384616
0.15792184615384616
0.19296923076923078
0.18754523076923074
0.14269292307692305
0.07739630769230768
-0.009179076923076922
-0.07468430769230769
-0.111192
-0.12934153846153845
-0.11348676923076922
-0.08615815384615384
-0.04693846153846153
0.005215384615384615
0.03296123076923077
0.04318338461538461
0.03233538461538461
0.008344615384615384
-0.009804923076923077
-0.025033846153846153
-0.027328615384615382
-0.029623384615384614
-0.028788923076923077
-0.011265230769230769
0.012934153846153845
0.05277969230769231
0.08240307692307691
0.09387692307692307
0.11056615384615384
0.1070196923076923
0.08511507692307693
0.04088861538461538
-0.028788923076923077
-0.09471138461538461
-0.15374953846153847
-0.19985353846153847
-0.21904615384615383
-0.2194633846153846
-0.1881710769230769
-0.11828492307692307
-0.023364923076923075
0.08991323076923076
0.19338646153846153
0.276624
0.3170953846153846
0.306456
0.24053353846153847
0.13080184615384613
0.014394461538461538
-0.11724184615384614
-0.23510953846153848
-0.31104553846153843
-0.3369138461538461
-0.29748553846153847
-0.21049292307692305
-0.09721476923076922
0.028163076923076923
0.14206707692307693
0.2357353846153846
0.29727692307692305
0.3039526153846154
0.2641070769230769
0.1794092307692308
0.06717415384615384
-0.04631261538461538
-0.15541846153846153
-0.24595753846153845
-0.30583015384615386
-0.3216849230769231
-0.287472
-0.20924123076923076
-0.10555938461538462
-0.0025033846153846152
0.09512861538461538
0.18086953846153844
0.23823876923076923
0.2643156923076923
0.2540935384615385
0.20506892307692307
0.12996738461538462
0.04735569230769231
-0.02795446153846154
-0.08949599999999999
-0.13038461538461538
-0.15541846153846153
-0.16501476923076921
-0.154584
-0.12308307692307692
-0.07697907692307693
-0.03650769230769231
-0.005424
0.010013538461538461
0.016063384615384615
0.02524246153846154
0.02586830769230769
0.02357353846153846
0.021278769230769233
0.02086153846153846
0.029414769230769227
0.03379569230769231
0.03400430769230769
0.02795446153846154
0.017732307692307693
0.0077187692307692304
-0.0033378461538461535
-0.003755076923076923
-0.004589538461538461
-0.003755076923076923
0.007510153846153846
0.024199384615384616
0.04902461538461538
0.073224
0.10055261538461538
0.12350030769230769
0.14123261538461537
0.1506203076923077
0.1558356923076923
0.15416676923076922
0.13393107692307693
0.12099692307692309
0.11286092307692308
0.10952307692307692
0.10681107692307691
0.10514215384615383
0.10430769230769231
0.09262523076923077
0.08949599999999999
0.07885661538461539
0.06341907692307691
0.047772923076923074
0.015228923076923076
-0.007927384615384614
-0.024616615384615383
-0.03692492307692308
-0.03921969230769231
-0.04214030769230769
-0.03713353846153846
-0.027120000000000002
-0.016480615384615385
-0.004589538461538461
-0.004589538461538461
-0.011682461538461537
-0.02357353846153846
-0.033169846153846154
-0.02586830769230769
-0.028163076923076923
-0.02858030769230769
-0.03024923076923077
-0.028163076923076923
-0.011265230769230769
0.0
0.015437538461538461
0.011682461538461537
-0.0006258461538461538
-0.006258461538461538
-0.004172307692307692
0.005215384615384615
0.008970461538461538
0.014603076923076923
0.017315076923076923
0.026285538461538457
0.04401784615384615
0.05653476923076922
0.04985907692307692
0.020652923076923076
-0.020027076923076922
-0.06383630769230769
-0.0961716923076923
-0.1097316923076923
-0.10848000000000001
-0.09971815384615385
-0.07551876923076924
-0.02357353846153846
0.04631261538461538
0.116616
0.1787833846153846
0.22467876923076924
0.25200738461538463
0.2601433846153846
0.23656984615384613
0.1800350769230769
0.09491999999999999
-0.0014603076923076922
-0.086784
-0.1543753846153846
-0.19964492307692308
-0.222384
-0.20715507692307691
-0.14290153846153844
-0.040679999999999994
0.08636676923076922
0.206112
0.3047870769230769
0.3713353846153846
0.3980381538461538
0.3780110769230769
0.30562153846153844
0.18796246153846152
0.03567323076923076
-0.11870215384615385
-0.2532590769230769
-0.34275507692307694
-0.38280923076923074
-0.37258707692307685
-0.3049956923076923
-0.19547261538461536
-0.04193169230769231
0.12725538461538463
0.279336
0.39741230769230773
0.4478972307692307
0.4372578461538461
0.37967999999999996
0.2858030769230769
0.16897846153846155
0.03275261538461539
-0.09450276923076922
-0.1942209230769231
-0.2503384615384615
-0.25534523076923077
-0.225096
-0.16480615384615382
-0.08240307692307691
0.016063384615384615
0.11724184615384614
0.19296923076923078
0.23218892307692307
0.22843384615384613
0.1873366153846154
0.13601723076923075
0.08094276923076923
0.02086153846153846
-0.03650769230769231
-0.0961716923076923
-0.13497415384615385
-0.15500123076923078
-0.15604430769230768
-0.13518276923076925
-0.1218313846153846
-0.09971815384615385
-0.08156861538461539
-0.06133292307692308
-0.028163076923076923
-0.0077187692307692304
0.010848
0.03588184615384615
0.073224
0.12704676923076924
0.1710646153846154
0.1990190769230769
0.2140393846153846
0.20173107692307693
0.17982646153846152
0.1476996923076923
0.09992676923076924
0.042557538461538466
-0.033169846153846154
-0.09992676923076924
-0.14039815384615384
-0.15166338461538462
-0.13101046153846155
-0.09053907692307692
-0.031918153846153846
0.03024923076923077
0.0897046153846154
0.1356
0.16209415384615386
0.16000799999999998
0.13267938461538462
0.09033046153846153
0.02753723076923077
-0.037342153846153844
-0.09971815384615385
-0.14832553846153845
-0.1733593846153846
-0.16459753846153846
-0.1314276923076923
-0.09095630769230768
-0.04944184615384615
-0.011473846153846154
0.017940923076923077
0.02482523076923077
0.014811692307692307
-0.012099692307692308
-0.047981538461538464
-0.07697907692307693
-0.08887015384615385
-0.07739630769230768
-0.044435076923076924
0.0022947692307692304
0.05319692307692307
0.100344
0.13267938461538462
0.14144123076923076
0.12308307692307692
0.07259815384615384
-0.010639384615384617
-0.1097316923076923
-0.1992276923076923
-0.26869661538461537
-0.30854215384615385
-0.3131316923076923
-0.306456
-0.27182584615384614
-0.22405292307692307
-0.17294215384615383
-0.13247076923076923
-0.12120553846153845
-0.10493353846153847
-0.07635323076923077
-0.0022947692307692304
0.15166338461538462
0.3611132307692308
0.4985907692307692
0.6381544615384616
0.778344
0.8678400000000001
0.9206196923076923
0.7914867692307692
0.5465723076923077
0.16000799999999998
-0.25764
-0.6106172307692308
-0.9671409230769231
-1.1970350769230769
-1.3443175384615382
-1.2848621538461538
-0.970896
-0.5100646153846153
0.10618523076923077
0.6740363076923077
1.1761735384615384
1.555644923076923
1.689576
1.6198984615384615
1.258368
0.6819636923076923
0.016480615384615385
-0.7149249230769231
-1.2994652307692307
-1.6778935384615383
-1.8491667692307692
-1.7187821538461538
-1.4096141538461537
-0.9051821538461539
-0.2670276923076923
0.3815575384615385
1.0161655384615385
1.459056
1.6824830769230767
1.6906190769230767
1.4767883076923076
1.1246455384615384
0.6277236923076922
0.050067692307692306
-0.4985907692307692
-0.9844559999999999
-1.296961846153846
-1.4336049230769232
-1.4185846153846153
-1.2128898461538462
-0.892248
-0.47313969230769226
-0.011265230769230769
0.39699507692307695
0.7485120000000001
0.9802836923076922
1.090849846153846
1.1167181538461537
1.011576
0.8154775384615385
0.5323864615384615
0.18316430769230768
-0.16584923076923075
-0.5232073846153845
-0.8392596923076923
-1.090224
-1.2587852307692307
-1.3030116923076924
-1.2204
-0.9761113846153845
-0.593928
-0.127464
0.3978295384615384
0.886824
1.2900775384615384
1.555019076923077
1.616352
1.4788744615384612
1.1240196923076922
0.6312701538461538
0.07280676923076923
-0.5058923076923076
-1.0122018461538462
-1.4060676923076922
-1.6161433846153845
-1.599662769230769
-1.377696
-0.9738166153846153
-0.43412861538461534
0.1908830769230769
0.8292461538461539
1.3633015384615386
1.7262923076923078
1.8616836923076923
1.7390178461538461
1.3996006153846152
0.8824430769230769
0.27432923076923077
-0.3481790769230769
-0.9185335384615384
-1.3353470769230769
-1.5627378461538461
-1.5717083076923077
-1.356625846153846
-0.9665150769230768
-0.4485230769230769
0.10076123076923077
0.6122861538461538
1.0280566153846153
1.281732923076923
1.364136
1.2679643076923077
1.0238843076923076
0.6802947692307691
0.26640184615384616
-0.13998092307692306
-0.49358399999999997
-0.7637409230769231
-0.9053907692307691
-0.9431501538461539
-0.8891187692307693
-0.7462172307692307
-0.5528307692307692
-0.31626092307692305
-0.06571384615384615
0.1733593846153846
0.40033292307692303
0.5674338461538462
0.6721587692307691
0.7080406153846154
0.6681950769230769
0.5820369230769231
0.4320424615384615
0.24491446153846153
0.04714707692307692
-0.15187199999999998
-0.328152
-0.4912892307692307
-0.6181273846153846
-0.688848
-0.6984443076923077
-0.6241772307692307
-0.4831532307692308
-0.2916443076923077
-0.06133292307692308
0.19359507692307693
0.46729846153846155
0.7168024615384616
0.8899532307692308
0.9669323076923076
0.9279212307692307
0.7802215384615385
0.5536652307692308
0.26306399999999996
-0.058829538461538454
-0.3919883076923077
-0.672576
-0.8419716923076922
-0.898715076923077
-0.823404923076923
-0.6552609230769231
-0.4268270769230769
-0.14999446153846155
0.13080184615384613
0.39991569230769225
0.6062363076923076
0.7140904615384616
0.7172196923076923
0.6168756923076922
0.46542092307692307
0.28204799999999997
0.0826116923076923
-0.11265230769230769
-0.2887236923076923
-0.40033292307692303
-0.43579753846153846
-0.40575692307692307
-0.3350363076923077
-0.25972615384615383
-0.1794092307692308
-0.09471138461538461
0.006675692307692307
0.10368184615384615
0.15750461538461538
0.1775316923076923
0.17294215384615383
0.16835261538461538
0.1760713846153846
0.17273353846153844
0.15520984615384617
0.11703323076923078
0.05653476923076922
0.003129230769230769
-0.051319384615384614
-0.1178676923076923
-0.19693292307692306
-0.287472
-0.3502652307692307
-0.36966646153846155
-0.34004307692307695
-0.26348123076923075
-0.1704387692307692
-0.055491692307692304
0.0892873846153846
0.25054707692307693
0.4049224615384615
0.5096473846153846
0.5403138461538461
0.4850307692307692
0.35464615384615383
0.1881710769230769
-0.01043076923076923
-0.2194633846153846
-0.4113895384615384
-0.565764923076923
-0.6268892307692308
-0.5899643076923077
-0.4652123076923077
-0.2753723076923077
-0.06571384615384615
0.15750461538461538
0.3671630769230769
0.5309261538461538
0.6239686153846153
0.6141636923076923
0.513611076923077
0.35235138461538457
0.1639716923076923
-0.010848
-0.17398523076923075
-0.3039526153846154
-0.3775938461538461
-0.3919883076923077
-0.3252313846153846
-0.20652923076923077
-0.07572738461538461
0.0446436923076923
0.13893784615384613
0.21466523076923077
0.25930892307692305
0.26535876923076923
0.23803015384615384
0.18379015384615385
0.1358086153846154
0.09971815384615385
0.07927384615384615
0.07531015384615385
0.06905169230769231
0.07531015384615385
0.08824430769230769
0.10159569230769232
0.11953661538461538
0.12391753846153845
0.11682461538461539
0.09095630769230768
0.06279323076923077
0.050067692307692306
0.04172307692307692
0.03671630769230769
0.026702769230769228
0.02545107692307692
0.04172307692307692
0.06988615384615385
0.10409907692307692
0.12162276923076921
0.119328
0.10764553846153846
0.08469784615384615
0.05862092307692307
0.031918153846153846
-0.004798153846153846
-0.03400430769230769
-0.046104
-0.031709538461538456
0.011265230769230769
0.04985907692307692
0.0826116923076923
0.10994030769230768
0.12224861538461537
0.12162276923076921
0.09658892307692307
0.04735569230769231
-0.014394461538461538
-0.07677046153846154
-0.11703323076923078
-0.13372246153846154
-0.13330523076923076
-0.11640738461538462
-0.092208
-0.05298830769230769
-0.003755076923076923
0.042557538461538466
0.07343261538461537
0.07948246153846153
0.065088
0.027328615384615382
-0.021070153846153846
-0.07969107692307692
-0.14957723076923077
-0.21779446153846155
-0.2764153846153846
-0.30249230769230767
-0.30290953846153845
-0.2791273846153846
-0.22697353846153845
-0.15687876923076924
-0.065088
0.03650769230769231
0.13330523076923076
0.20423446153846153
0.2238443076923077
0.19964492307692308
0.13393107692307693
0.03588184615384615
-0.06696553846153847
-0.1760713846153846
-0.2701569230769231
-0.327108923076923
-0.3392086153846154
-0.2899753846153846
-0.1977673846153846
-0.08177723076923075
0.04756430769230769
0.18379015384615385
0.30583015384615386
0.39115384615384613
0.4184824615384615
0.3790541538461539
0.2855944615384615
0.15208061538461537
0.016897846153846156
-0.11682461538461539
-0.24449723076923074
-0.3314898461538462
-0.3775938461538461
-0.3727956923076923
-0.3127144615384615
-0.20402584615384614
-0.06487938461538462
0.07072061538461538
0.18963138461538462
0.2897667692307692
0.3609046153846154
0.37884553846153846
0.3454670769230769
0.2722430769230769
0.1794092307692308
0.08720123076923077
-0.004589538461538461
-0.07927384615384615
-0.14102399999999998
-0.18066092307692305
-0.18191261538461537
-0.154584
-0.10159569230769232
-0.03838523076923077
0.016897846153846156
0.06592246153846154
0.1097316923076923
0.15917353846153848
0.2090326153846154
0.23823876923076923
0.25555384615384613
0.25471938461538457
0.24595753846153845
0.233232
0.20486030769230767
0.15374953846153847
0.07343261538461537
-0.011891076923076923
-0.08115138461538463
-0.13497415384615385
-0.1804523076923077
-0.21091015384615383
-0.21737723076923077
-0.1923433846153846
-0.138312
-0.06383630769230769
0.020652923076923076
0.09554584615384615
0.15187199999999998
0.1927606153846154
0.22405292307692307
0.2288510769230769
0.19359507692307693
0.12725538461538463
0.03629907692307692
-0.05736923076923077
-0.14978584615384616
-0.23177169230769232
-0.2860116923076923
-0.3114627692307692
-0.2943563076923077
-0.23072861538461537
-0.13393107692307693
-0.016897846153846156
0.09825784615384614
0.19004861538461537
0.2574313846153846
0.2887236923076923
0.28204799999999997
0.2422024615384615
0.1760713846153846
0.092208
0.0002086153846153846
-0.08428061538461538
-0.1597993846153846
-0.21529107692307692
-0.24992123076923078
-0.2626467692307692
-0.24032492307692307
-0.19317784615384614
-0.13372246153846154
-0.07510153846153846
-0.015854769230769228
0.05382276923076923
0.12329169230769231
0.19150892307692308
0.2411593846153846
0.26160369230769226
0.25388492307692306
0.22175815384615383
0.17961784615384613
0.10722830769230769
0.010639384615384617
-0.09596307692307693
-0.2021483076923077
-0.27975323076923075
-0.3375396923076923
-0.37091815384615384
-0.36778892307692307
-0.3346190769230769
-0.260352
-0.15333230769230768
-0.03775938461538462
0.078648
0.1777403076923077
0.24595753846153845
0.2891409230769231
0.2920615384615385
0.25200738461538463
0.16584923076923075
0.03755076923076923
-0.09992676923076924
-0.235944
-0.33816553846153846
-0.4022104615384615
-0.4182738461538461
-0.3780110769230769
-0.2939390769230769
-0.15771323076923077
-0.030875076923076922
0.09784061538461537
0.2157083076923077
0.3077076923076923
0.376968
0.38698153846153843
0.3483876923076923
0.27975323076923075
0.18399876923076922
0.11244369230769231
0.14311015384615386
0.015854769230769228
-0.1341396923076923
-0.17481969230769231
-0.2647329230769231
-0.12808984615384614
-0.0961716923076923
-0.20110523076923076
-0.21362215384615382
-0.2666104615384615
-0.08135999999999999
0.07134646153846153
0.1435273846153846
0.17669723076923077
0.11432123076923076
0.2574313846153846
0.3350363076923077
0.39115384615384613
0.3285692307692308
0.07301538461538462
-0.027120000000000002
-0.17294215384615383
-0.2127876923076923
-0.1927606153846154
-0.29352184615384613
-0.20798953846153845
-0.18274707692307693
-0.11765907692307691
0.11619876923076923
0.19150892307692308
0.33816553846153846
0.40617415384615385
0.3195987692307692
0.3373310769230769
0.26535876923076923
0.25305046153846156
0.25138153846153843
0.10827138461538462
0.014394461538461538
-0.08240307692307691
-0.05611753846153846
0.019192615384615384
-0.014394461538461538
-0.04172307692307692
-0.10618523076923077
-0.05528307692307692
0.07843938461538462
0.11348676923076922
0.1531236923076923
0.11745046153846153
0.092208
0.1775316923076923
0.18337292307692307
0.1869193846153846
0.15833907692307692
0.059038153846153844
0.05653476923076922
0.03504738461538461
-0.015020307692307692
-0.05319692307692307
-0.14540492307692307
-0.1927606153846154
-0.21007569230769232
-0.21487384615384614
-0.1860849230769231
-0.13497415384615385
-0.059872615384615385
-0.03045784615384615
0.03671630769230769
0.12308307692307692
0.16501476923076921
0.23531815384615382
0.20778092307692309
0.13914646153846155
0.10764553846153846
0.03150092307692308
-0.001043076923076923
-0.06946892307692307
-0.16167692307692308
-0.17523692307692307
-0.1881710769230769
-0.14665661538461539
-0.10055261538461538
-0.07572738461538461
0.014811692307692307
0.100344
0.16584923076923075
0.17711446153846155
0.1489513846153846
0.146448
0.10389046153846154
0.0717636923076923
0.024408000000000003
-0.0609156923076923
-0.06049846153846154
-0.062376
-0.05090215384615384
0.007301538461538462
0.003755076923076923
0.03400430769230769
0.05319692307692307
0.008136
0.006049846153846154
-0.012308307692307691
-0.021696
-0.02044430769230769
-0.05069353846153846
-0.051528
-0.047772923076923074
-0.010639384615384617
0.033169846153846154
0.04902461538461538
0.06300184615384616
0.023990769230769232
0.011056615384615385
0.021070153846153846
0.008970461538461538
0.02044430769230769
-0.02044430769230769
-0.05820369230769231
-0.03296123076923077
-0.016063384615384615
0.014394461538461538
0.021278769230769233
-0.0002086153846153846
0.03942830769230769
0.09867507692307692
0.14790830769230767
0.17231630769230769
0.14081538461538462
0.119328
0.09533723076923077
0.07197230769230768
0.06821723076923077
0.04130584615384615
0.01272553846153846
-0.023782153846153845
-0.03567323076923076
-0.010848
0.002086153846153846
0.03108369230769231
0.03442153846153846
0.003129230769230769
-0.018358153846153843
-0.042348923076923076
-0.02858030769230769
-0.003963692307692307
-0.02586830769230769
-0.03775938461538462
-0.015854769230769228
0.040054153846153843
0.11578153846153846
0.13914646153846155
0.11870215384615385
0.08135999999999999
0.04985907692307692
0.03609046153846154
-0.0002086153846153846
-0.04839876923076923
-0.1136953846153846
-0.1612596923076923
-0.1543753846153846
-0.12391753846153845
-0.05820369230769231
0.008136
0.06216738461538462
0.13914646153846155
0.1990190769230769
0.24866953846153847
0.2830910769230769
0.2680707692307692
0.208824
0.0974233846153846
-0.004798153846153846
-0.07259815384615384
-0.13789476923076924
-0.19672430769230767
-0.24428861538461538
-0.25305046153846156
-0.20861538461538462
-0.13080184615384613
-0.040262769230769234
0.02858030769230769
0.07531015384615385
0.11974523076923077
0.15792184615384616
0.18358153846153846
0.16438892307692307
0.10096984615384616
0.033169846153846154
-0.03400430769230769
-0.07843938461538462
-0.11432123076923076
-0.1639716923076923
-0.17690584615384616
-0.16730953846153845
-0.13393107692307693
-0.06946892307692307
-0.006258461538461538
0.05590892307692308
0.10576799999999999
0.14686523076923075
0.18066092307692305
0.1913003076923077
0.1656406153846154
0.10263876923076923
0.02482523076923077
-0.054657230769230764
-0.12704676923076924
-0.1704387692307692
-0.19547261538461536
-0.20944984615384615
-0.20444307692307692
-0.18754523076923074
-0.1435273846153846
-0.0855323076923077
-0.026702769230769228
0.031709538461538456
0.06008123076923077
0.06946892307692307
0.07426707692307692
0.05924676923076923
0.040679999999999994
0.01940123076923077
-0.013351384615384614
-0.05528307692307692
-0.09554584615384615
-0.12767261538461538
-0.1462393846153846
-0.14018953846153845
-0.12245723076923076
-0.09512861538461538
-0.055491692307692304
-0.01043076923076923
0.03588184615384615
0.09158215384615384
0.13872923076923074
0.16418030769230768
0.1783661538461538
0.15959076923076923
0.12662953846153846
0.09095630769230768
0.04693846153846153
0.012934153846153845
-0.021278769230769233
-0.03692492307692308
-0.026702769230769228
-0.012308307692307691
0.01272553846153846
0.030875076923076922
0.04756430769230769
0.05945538461538461
0.06028984615384615
0.062376
0.053614153846153846
0.045895384615384616
0.03400430769230769
0.01856676923076923
0.013351384615384614
-0.007510153846153846
-0.027328615384615382
-0.03150092307692308
-0.03692492307692308
-0.02315630769230769
-0.003129230769230769
0.019609846153846155
0.058829538461538454
0.09471138461538461
0.132888
0.15959076923076923
0.1597993846153846
0.14144123076923076
0.0988836923076923
0.04819015384615385
0.003129230769230769
-0.03838523076923077
-0.058829538461538454
-0.061124307692307686
-0.05403138461538461
-0.02023569230769231
0.024408000000000003
0.07155507692307693
0.11494707692307692
0.12725538461538463
0.12433476923076923
0.09512861538461538
0.0448523076923077
-0.010848
-0.0855323076923077
-0.16271999999999998
-0.2225926153846154
-0.24595753846153845
-0.22801661538461537
-0.1733593846153846
-0.09992676923076924
-0.016897846153846156
0.07969107692307692
0.17315076923076922
0.24846092307692308
0.2943563076923077
0.2855944615384615
0.22551323076923077
0.14144123076923076
0.04839876923076923
-0.03671630769230769
-0.10597661538461538
-0.157296
-0.17252492307692308
-0.14060676923076923
-0.07948246153846153
0.0014603076923076922
0.07885661538461539
0.14603076923076924
0.2021483076923077
0.233232
0.23782153846153845
0.21153599999999997
0.15333230769230768
0.07384984615384615
-0.0043809230769230765
-0.07489292307692308
-0.11244369230769231
-0.11891076923076922
-0.11494707692307692
-0.09304246153846155
-0.05611753846153846
-0.009804923076923077
0.042557538461538466
0.07489292307692308
0.08177723076923075
0.0826116923076923
0.07614461538461538
0.07843938461538462
0.07802215384615384
0.05799507692307692
0.03024923076923077
0.015020307692307692
0.02482523076923077
0.05236246153846154
0.08386338461538462
0.0853236923076923
0.06821723076923077
0.06154153846153846
0.05716061538461538
0.05674338461538461
0.040679999999999994
0.0035464615384615383
-0.03129230769230769
-0.06028984615384615
-0.06654830769230768
-0.04380923076923077
-0.020652923076923076
0.005841230769230769
0.037342153846153844
0.052153846153846155
0.07072061538461538
0.07155507692307693
0.03609046153846154
-0.021487384615384613
-0.09533723076923077
-0.146448
-0.1733593846153846
-0.1858763076923077
-0.17982646153846152
-0.15917353846153848
-0.11411261538461538
-0.03567323076923076
0.06425353846153846
0.15354092307692307
0.20256553846153844
0.2059033846153846
0.18086953846153844
0.132888
0.08240307692307691
0.013768615384615384
-0.07697907692307693
-0.14790830769230767
-0.19881046153846152
-0.1992276923076923
-0.1612596923076923
-0.12016246153846154
-0.07030338461538461
-0.02586830769230769
0.028788923076923077
0.09325107692307691
0.14686523076923075
0.16584923076923075
0.14060676923076923
0.08594953846153845
0.014603076923076923
-0.04965046153846154
-0.111192
-0.1656406153846154
-0.19651569230769228
-0.19818461538461538
-0.14811692307692306
-0.05590892307692308
0.044435076923076924
0.13476553846153844
0.19025723076923076
0.222384
0.24658338461538462
0.241368
0.20235692307692305
0.12579507692307693
0.04860738461538461
-0.0022947692307692304
-0.020027076923076922
-0.0029206153846153843
0.013768615384615384
0.042974769230769226
0.0855323076923077
0.13184492307692308
0.1881710769230769
0.22989415384615383
0.241368
0.21904615384615383
0.1760713846153846
0.13664307692307692
0.092208
0.03045784615384615
-0.03567323076923076
-0.09387692307692307
-0.12788123076923075
-0.1422756923076923
-0.13998092307692306
-0.12162276923076921
-0.10409907692307692
-0.08365476923076923
-0.07009476923076922
-0.05757784615384615
-0.04422646153846154
-0.043392
-0.047772923076923074
-0.04672984615384615
-0.037967999999999995
-0.02482523076923077
0.001043076923076923
0.021070153846153846
0.038176615384615385
0.06070707692307692
0.08177723076923075
0.1028473846153846
0.0974233846153846
0.07635323076923077
0.03275261538461539
-0.03567323076923076
-0.119328
-0.22676492307692306
-0.3442153846153846
-0.4383009230769231
-0.41910830769230767
-0.30061476923076924
-0.09825784615384614
0.1435273846153846
0.36382523076923073
0.5941366153846154
0.7670787692307692
0.8642935384615384
0.820067076923077
0.6158326153846154
0.34275507692307694
0.026285538461538457
-0.2830910769230769
-0.5553341538461538
-0.7437138461538461
-0.8367563076923077
-0.8056726153846153
-0.6266806153846154
-0.36549415384615386
-0.056326153846153845
0.2509643076923077
0.5067267692307692
0.6798775384615384
0.7334916923076923
0.6546350769230769
0.48857723076923076
0.24866953846153847
-0.05570030769230769
-0.3442153846153846
-0.584123076923077
-0.6984443076923077
-0.6679864615384614
-0.5526221538461538
-0.35965292307692304
-0.14686523076923075
0.07072061538461538
0.28392553846153845
0.4211944615384615
0.4622916923076923
0.41076369230769233
0.3114627692307692
0.2207150769230769
0.13664307692307692
0.05319692307692307
-0.03859384615384615
-0.11745046153846153
-0.15124615384615384
-0.16626646153846153
-0.17252492307692308
-0.18983999999999998
-0.21508246153846153
-0.20652923076923077
-0.20006215384615383
-0.18066092307692305
-0.157296
-0.15354092307692307
-0.12558646153846154
-0.08657538461538461
-0.024616615384615383
0.06675692307692307
0.16584923076923075
0.2726603076923077
0.3573581538461538
0.37947138461538454
0.33002953846153843
0.21612553846153845
0.05069353846153846
-0.1543753846153846
-0.3734215384615384
-0.5398966153846154
-0.6220910769230769
-0.6012295384615385
-0.48106707692307693
-0.2981113846153846
-0.06258461538461538
0.1792006153846154
0.409512
0.5830799999999999
0.631896
0.5837058461538461
0.45978830769230766
0.292896
0.10868861538461538
-0.09471138461538461
-0.2709913846153846
-0.3873987692307692
-0.4322510769230769
-0.3944916923076923
-0.30583015384615386
-0.17273353846153844
-0.010848
0.16105107692307694
0.33378461538461535
0.45206953846153847
0.5246676923076923
0.5371846153846154
0.4789809230769231
0.3873987692307692
0.2540935384615385
0.11953661538461538
0.0008344615384615384
-0.10389046153846154
-0.14853415384615384
-0.14290153846153844
-0.09179076923076923
0.0012516923076923076
0.09554584615384615
0.1612596923076923
0.18232984615384615
0.16313723076923078
0.12016246153846154
0.059872615384615385
-0.015854769230769228
-0.09909230769230769
-0.16042523076923076
-0.1792006153846154
-0.168144
-0.1205796923076923
-0.06759138461538462
-0.03275261538461539
0.004589538461538461
0.03483876923076923
0.06028984615384615
0.059872615384615385
0.014811692307692307
-0.035255999999999996
-0.08386338461538462
-0.12162276923076921
-0.1287156923076923
-0.12808984615384614
-0.10910584615384614
-0.0717636923076923
-0.013768615384615384
0.07009476923076922
0.14206707692307693
0.20173107692307693
0.24554030769230767
0.25951753846153847
0.24345415384615382
0.18337292307692307
0.10389046153846154
0.008970461538461538
-0.09763200000000001
-0.18107815384615383
-0.24595753846153845
-0.25764
-0.22029784615384615
-0.1652233846153846
-0.07969107692307692
0.01272553846153846
0.10660246153846153
0.200688
0.2638984615384615
0.28434276923076923
0.25805723076923076
0.20193969230769232
0.13893784615384613
0.06738276923076922
-0.005841230769230769
-0.06133292307692308
-0.0855323076923077
-0.07051199999999999
-0.02753723076923077
0.02524246153846154
0.07364123076923076
0.1097316923076923
0.1395636923076923
0.15166338461538462
0.14123261538461537
0.10743692307692307
0.046104
-0.02086153846153846
-0.07802215384615384
-0.11286092307692308
-0.10827138461538462
-0.07134646153846153
-0.005424
0.0855323076923077
0.17002153846153847
0.23135446153846154
0.2618123076923077
0.25159015384615385
0.1942209230769231
0.09804923076923076
-0.016480615384615385
-0.1341396923076923
-0.24324553846153843
-0.3277347692307692
-0.35339446153846155
-0.31188
-0.21591692307692306
-0.07781353846153846
0.06487938461538462
0.18712800000000002
0.2737033846153846
0.31542646153846154
0.31125415384615385
0.25701415384615384
0.16063384615384615
0.03713353846153846
-0.08699261538461538
-0.1913003076923077
-0.26786215384615386
-0.3114627692307692
-0.30854215384615385
-0.25659692307692306
-0.154584
-0.031709538461538456
0.084072
0.1869193846153846
0.23469230769230767
0.2369870769230769
0.21237046153846154
0.1558356923076923
0.06967753846153846
-0.04401784615384615
-0.154584
-0.2399076923076923
-0.2776670769230769
-0.2707827692307692
-0.22718215384615387
-0.1504116923076923
-0.059872615384615385
0.03984553846153846
0.13059323076923077
0.19442953846153843
0.21758584615384616
0.19797599999999999
0.14853415384615384
0.08699261538461538
0.03755076923076923
0.0004172307692307692
-0.027745846153846152
-0.03755076923076923
-0.02044430769230769
0.027120000000000002
0.0963803076923077
0.16292861538461537
0.19526400000000002
0.1858763076923077
0.14311015384615386
0.08323753846153846
0.016480615384615385
-0.06049846153846154
-0.1287156923076923
-0.16647507692307692
-0.16605784615384614
-0.12412615384615384
-0.04756430769230769
0.04214030769230769
0.11995384615384615
0.17148184615384612
0.208824
0.22780799999999998
0.20339999999999997
0.13810338461538463
0.042974769230769226
-0.051319384615384614
-0.1287156923076923
-0.1802436923076923
-0.20298276923076922
-0.19505538461538463
-0.15833907692307692
-0.10117846153846152
-0.011056615384615385
0.0853236923076923
0.173568
0.23677846153846152
0.2574313846153846
0.25513661538461535
0.21967199999999998
0.15687876923076924
0.06821723076923077
-0.03880246153846154
-0.132888
-0.200688
-0.22342707692307692
-0.208824
-0.17586276923076924
-0.12850707692307692
-0.08010830769230769
-0.026494153846153844
0.026494153846153844
0.050067692307692306
0.05590892307692308
0.046104
0.02086153846153846
0.0
-0.028788923076923077
-0.06675692307692307
-0.10159569230769232
-0.13476553846153844
-0.14436184615384615
-0.13434830769230768
-0.1178676923076923
-0.09533723076923077
-0.08574092307692306
-0.0744756923076923
-0.047981538461538464
-0.019192615384615384
0.005215384615384615
0.024199384615384616
0.03838523076923077
0.04839876923076923
0.059664
0.06821723076923077
0.06571384615384615
0.05590892307692308
0.03504738461538461
0.01814953846153846
0.008970461538461538
-0.005841230769230769
-0.023364923076923075
-0.043600615384615383
-0.062376
-0.073224
-0.07197230769230768
-0.06842584615384616
-0.06383630769230769
-0.06446215384615385
-0.06425353846153846
-0.04109723076923077
-0.010639384615384617
0.024408000000000003
0.05820369230769231
0.08469784615384615
0.1070196923076923
0.11494707692307692
0.11891076923076922
0.1136953846153846
0.09533723076923077
0.06800861538461538
0.038176615384615385
0.0050067692307692304
-0.03650769230769231
-0.08594953846153845
-0.14018953846153845
-0.17690584615384616
-0.17502830769230768
-0.1353913846153846
-0.07531015384615385
-0.006467076923076923
0.06592246153846154
0.14018953846153845
0.21174461538461536
0.2624381538461539
0.2751636923076923
0.25346769230769234
0.1992276923076923
0.12204
0.0448523076923077
-0.02357353846153846
-0.08657538461538461
-0.13852061538461538
-0.16710092307692306
-0.16438892307692307
-0.13747753846153846
-0.09679753846153846
-0.053614153846153846
-0.021904615384615383
0.002086153846153846
0.029414769230769227
0.06988615384615385
0.11181784615384616
0.14728246153846153
0.17169046153846151
0.18149538461538461
0.18316430769230768
0.1612596923076923
0.11202646153846153
0.03692492307692308
-0.04380923076923077
-0.11265230769230769
-0.16856123076923077
-0.20527753846153846
-0.22572184615384616
-0.21758584615384616
-0.18545907692307692
-0.12141415384615384
-0.03108369230769231
0.059038153846153844
0.13852061538461538
0.19985353846153847
0.2411593846153846
0.25972615384615383
0.24992123076923078
0.19568123076923075
0.10952307692307692
0.0002086153846153846
-0.11578153846153846
-0.21341353846153846
-0.28246523076923075
-0.31646953846153847
-0.306456
-0.24428861538461538
-0.1341396923076923
0.01272553846153846
0.15792184615384616
0.2789187692307692
0.3554806153846154
0.3821833846153846
0.37050092307692306
0.3133403076923077
0.20944984615384615
0.07885661538461539
-0.05069353846153846
-0.1597993846153846
-0.22300984615384614
-0.2374043076923077
-0.20965846153846154
-0.14311015384615386
-0.04422646153846154
0.07051199999999999
0.1783661538461538
0.2586830769230769
0.292896
0.27850153846153847
0.23677846153846152
0.1869193846153846
0.13476553846153844
0.0771876923076923
0.01814953846153846
-0.026911384615384615
-0.048816000000000005
-0.040679999999999994
-0.008344615384615384
0.02545107692307692
0.04839876923076923
0.06404492307692307
0.07697907692307693
0.08365476923076923
0.08115138461538463
0.07092923076923077
0.04860738461538461
0.031918153846153846
0.02357353846153846
0.02086153846153846
0.029206153846153847
0.02545107692307692
0.017940923076923077
0.016897846153846156
0.023990769230769232
0.031918153846153846
0.01272553846153846
-0.02524246153846154
-0.06821723076923077
-0.11640738461538462
-0.1462393846153846
-0.16209415384615386
-0.17377661538461536
-0.18066092307692305
-0.1706473846153846
-0.12704676923076924
-0.07823076923076923
-0.020652923076923076
-0.009596307692307692
-0.023364923076923075
-0.02545107692307692
-0.03108369230769231
-0.030040615384615384
-0.06467076923076923
-0.10201292307692307
-0.12245723076923076
-0.10472492307692308
-0.042557538461538466
0.1422756923076923
0.20027076923076922
0.13622584615384614
0.16751815384615384
0.11140061538461538
0.19025723076923076
0.1612596923076923
-0.018983999999999997
-0.15896492307692306
-0.36257353846153845
-0.31354892307692306
-0.2557624615384615
-0.2021483076923077
-0.1397723076923077
-0.1462393846153846
0.0961716923076923
0.3102110769230769
0.5319692307692307
0.6398233846153846
0.4756430769230769
0.39365723076923076
0.22822523076923076
0.09971815384615385
0.00855323076923077
-0.23761292307692305
-0.3369138461538461
-0.46104
-0.5236246153846154
-0.33545353846153847
-0.20715507692307691
0.016272
0.20444307692307692
0.27850153846153847
0.444768
0.5035975384615384
0.5809938461538461
0.6033156923076922
0.43704923076923075
0.26306399999999996
0.037342153846153844
-0.08845292307692308
-0.14707384615384617
-0.2799618461538461
-0.3425464615384616
-0.39407446153846154
-0.3310726153846154
-0.13643446153846153
-0.009179076923076922
0.12621230769230768
0.20694646153846152
0.25117292307692307
0.3642424615384615
0.37926276923076924
0.33670523076923076
0.2626467692307692
0.11223507692307692
0.047772923076923074
-0.005215384615384615
-0.07531015384615385
-0.119328
-0.20256553846153844
-0.23072861538461537
-0.2330233846153846
-0.22530461538461538
-0.18879692307692306
-0.15374953846153847
-0.08094276923076923
-0.04193169230769231
0.02211323076923077
0.1316363076923077
0.18921415384615384
0.260352
0.2712
0.21716861538461538
0.17523692307692307
0.07697907692307693
-0.009387692307692307
-0.11056615384615384
-0.24595753846153845
-0.30708184615384615
-0.34463261538461537
-0.3344104615384615
-0.2860116923076923
-0.238656
-0.11432123076923076
0.03880246153846154
0.1710646153846154
0.2503384615384615
0.279336
0.32502276923076917
0.32606584615384615
0.2791273846153846
0.1910916923076923
0.025033846153846153
-0.10013538461538461
-0.1913003076923077
-0.2659846153846154
-0.26118646153846153
-0.25972615384615383
-0.20444307692307692
-0.09179076923076923
0.0077187692307692304
0.15520984615384617
0.2789187692307692
0.3542289230769231
0.3949089230769231
0.3619476923076923
0.3016578461538461
0.200688
0.08386338461538462
-0.018358153846153843
-0.13267938461538462
-0.2056947692307692
-0.26139507692307695
-0.2724516923076923
-0.22175815384615383
-0.1777403076923077
-0.09533723076923077
-0.029414769230769227
0.015854769230769228
0.10159569230769232
0.15270646153846154
0.1656406153846154
0.12683815384615382
0.042348923076923076
-0.0025033846153846152
-0.04109723076923077
-0.0853236923076923
-0.13247076923076923
-0.206112
-0.24345415384615382
-0.2453316923076923
-0.22008923076923076
-0.16605784615384614
-0.12537784615384615
-0.06800861538461538
-0.008970461538461538
0.046104
0.12204
0.1639716923076923
0.20381723076923075
0.22989415384615383
0.20444307692307692
0.18775384615384613
0.14415323076923076
0.1045163076923077
0.07051199999999999
-0.02524246153846154
-0.11098338461538461
-0.1787833846153846
-0.20819815384615384
-0.17690584615384616
-0.14060676923076923
-0.08761846153846153
-0.04526953846153846
0.0002086153846153846
0.07113784615384615
0.11140061538461538
0.13747753846153846
0.12558646153846154
0.08240307692307691
0.05298830769230769
-0.0043809230769230765
-0.05194523076923077
-0.09283384615384616
-0.13935507692307691
-0.14957723076923077
-0.1570873846153846
-0.1353913846153846
-0.08365476923076923
-0.037342153846153844
0.010639384615384617
0.03609046153846154
0.05799507692307692
0.08907876923076924
0.11640738461538462
0.12683815384615382
0.09763200000000001
0.047772923076923074
-0.0029206153846153843
-0.030875076923076922
-0.026494153846153844
-0.028371692307692306
-0.0446436923076923
-0.05757784615384615
-0.06550523076923077
-0.05194523076923077
-0.046104
-0.047772923076923074
-0.030875076923076922
-0.017732307692307693
0.011265230769230769
0.04860738461538461
0.0798996923076923
0.11223507692307692
0.14144123076923076
0.168144
0.19004861538461537
0.20506892307692307
0.20193969230769232
0.17502830769230768
0.1316363076923077
0.06675692307692307
-0.012308307692307691
-0.07113784615384615
-0.12329169230769231
-0.16793538461538463
-0.1940123076923077
-0.19755876923076923
-0.14144123076923076
-0.05507446153846154
0.042974769230769226
0.1422756923076923
0.1948467692307692
0.22947692307692308
0.24574892307692306
0.22864246153846152
0.19755876923076923
0.111192
-0.0033378461538461535
-0.10514215384615383
-0.19693292307692306
-0.24846092307692308
-0.2772498461538462
-0.29080984615384614
-0.2789187692307692
-0.24595753846153845
-0.17148184615384612
-0.07510153846153846
0.02211323076923077
0.11432123076923076
0.17690584615384616
0.22300984615384614
0.2526332307692308
0.25659692307692306
0.249504
0.20986707692307693
0.15646153846153846
0.111192
0.06300184615384616
0.028788923076923077
0.003129230769230769
-0.02044430769230769
-0.03963692307692308
-0.04380923076923077
-0.018775384615384614
0.026702769230769228
0.07405846153846153
0.12391753846153845
0.1710646153846154
0.21925476923076925
0.2601433846153846
0.27412061538461535
0.26118646153846153
0.20548615384615385
0.1207883076923077
0.02482523076923077
-0.08365476923076923
-0.18358153846153846
-0.265776
-0.31646953846153847
-0.3195987692307692
-0.2789187692307692
-0.19735015384615384
-0.09971815384615385
-0.0004172307692307692
0.08845292307692308
0.15479261538461536
0.20277415384615383
0.22300984615384614
0.2056947692307692
0.15625292307692307
0.07781353846153846
-0.01043076923076923
-0.08386338461538462
-0.14749107692307692
-0.1829556923076923
-0.19380369230769232
-0.1785747692307692
-0.12329169230769231
-0.05194523076923077
0.026702769230769228
0.09846646153846153
0.14331876923076922
0.1696043076923077
0.18399876923076922
0.17315076923076922
0.13664307692307692
0.07927384615384615
0.013560000000000001
-0.03629907692307692
-0.05382276923076923
-0.04214030769230769
-0.016480615384615385
0.0077187692307692304
0.02586830769230769
0.04672984615384615
0.06195876923076923
0.06028984615384615
0.03984553846153846
-0.007301538461538462
-0.07092923076923077
-0.11745046153846153
-0.15228923076923076
-0.17023015384615386
-0.1652233846153846
-0.14561353846153846
-0.08887015384615385
-0.006049846153846154
0.07927384615384615
0.15771323076923077
0.20506892307692307
0.21028430769230766
0.1883796923076923
0.14060676923076923
0.06675692307692307
-0.017940923076923077
-0.10806276923076923
-0.18170399999999998
-0.22008923076923076
-0.2221753846153846
-0.18921415384615384
-0.1316363076923077
-0.061124307692307686
0.017940923076923077
0.0988836923076923
0.16209415384615386
0.19881046153846152
0.20131384615384615
0.17461107692307692
0.13038461538461538
0.07614461538461538
0.026702769230769228
-0.01856676923076923
-0.059872615384615385
-0.08845292307692308
-0.09116492307692307
-0.06738276923076922
-0.026702769230769228
0.02023569230769231
0.061750153846153844
0.09700615384615385
0.12788123076923075
0.15082892307692305
0.15187199999999998
0.12433476923076923
0.08135999999999999
0.03921969230769231
0.016897846153846156
0.015228923076923076
0.01814953846153846
0.01814953846153846
0.015228923076923076
0.030875076923076922
0.05298830769230769
0.05528307692307692
0.0446436923076923
0.013142769230769229
-0.024199384615384616
-0.05090215384615384
-0.05528307692307692
-0.04276615384615385
-0.029623384615384614
-0.008136
0.017523692307692306
0.05236246153846154
0.08302892307692307
0.09825784615384614
0.09304246153846155
0.06529661538461538
0.031918153846153846
0.003129230769230769
-0.014603076923076923
-0.029623384615384614
-0.042974769230769226
-0.052153846153846155
-0.05862092307692307
-0.04839876923076923
-0.015437538461538461
0.021696
0.05111076923076923
0.0744756923076923
0.09512861538461538
0.10764553846153846
0.10660246153846153
0.09450276923076922
0.06633969230769231
0.03108369230769231
-0.0070929230769230765
-0.047772923076923074
-0.0880356923076923
-0.13872923076923074
-0.18191261538461537
-0.19547261538461536
-0.1775316923076923
-0.12725538461538463
-0.05862092307692307
0.007510153846153846
0.059872615384615385
0.09825784615384614
0.127464
0.14394461538461537
0.12767261538461538
0.08094276923076923
0.012308307692307691
-0.06133292307692308
-0.11202646153846153
-0.1422756923076923
-0.15166338461538462
-0.1435273846153846
-0.11807630769230769
-0.06383630769230769
0.0077187692307692304
0.08907876923076924
0.16271999999999998
0.21132738461538458
0.2492953846153846
0.2720344615384615
0.2626467692307692
0.222384
0.15750461538461538
0.07677046153846154
-0.0070929230769230765
-0.07969107692307692
-0.12621230769230768
-0.15938215384615384
-0.16793538461538463
-0.13998092307692306
-0.09325107692307691
-0.03129230769230769
0.028788923076923077
0.08094276923076923
0.12329169230769231
0.14832553846153845
0.15270646153846154
0.12558646153846154
0.073224
0.016272
-0.04401784615384615
-0.09491999999999999
-0.1341396923076923
-0.14832553846153845
-0.14206707692307693
-0.13455692307692307
-0.111192
-0.10096984615384616
-0.09283384615384616
-0.09909230769230769
-0.11891076923076922
-0.15333230769230768
-0.18107815384615383
-0.17315076923076922
-0.12037107692307693
-0.016272
0.13872923076923074
0.37321292307692305
0.4656295384615385
0.5394793846153846
0.614580923076923
0.5321778461538461
0.4725138461538462
0.2647329230769231
0.014603076923076923
-0.23907323076923076
-0.5019286153846154
-0.6193790769230769
-0.7599858461538461
-0.787523076923077
-0.7416276923076923
-0.5989347692307692
-0.2912270769230769
0.004589538461538461
0.37780246153846153
0.6508799999999999
0.798996923076923
0.9074769230769231
0.8236135384615384
0.6729932307692307
0.40846892307692306
0.04193169230769231
-0.249504
-0.5862092307692308
-0.8002486153846153
-0.8292461538461539
-0.8058812307692308
-0.5981003076923076
-0.3594443076923077
-0.10347323076923076
0.19588984615384614
0.4205686153846153
0.6604763076923077
0.7983710769230769
0.8123483076923077
0.7662443076923077
0.6231341538461538
0.46938461538461534
0.24866953846153847
-0.023364923076923075
-0.26348123076923075
-0.4948356923076923
-0.6014381538461538
-0.6116603076923077
-0.571188923076923
-0.42411507692307693
-0.2526332307692308
-0.04839876923076923
0.1794092307692308
0.34588430769230766
0.49671323076923074
0.5930935384615384
0.6135378461538461
0.6300184615384615
0.5720233846153846
0.4683415384615384
0.3229366153846154
0.12329169230769231
-0.07948246153846153
-0.30332676923076923
-0.484404923076923
-0.6262633846153846
-0.6996959999999999
-0.6921858461538462
-0.6406578461538461
-0.4779378461538461
-0.25284184615384614
-0.008761846153846153
0.2591003076923077
0.46771569230769233
0.6162498461538461
0.6846756923076923
0.6389889230769231
0.5282141538461538
0.32836061538461536
0.09012184615384615
-0.14018953846153845
-0.37947138461538454
-0.5826627692307692
-0.7447569230769231
-0.8223618461538462
-0.7881489230769231
-0.659016
-0.43579753846153846
-0.16772676923076923
0.13726892307692307
0.442056
0.6656916923076922
0.8117224615384615
0.8451009230769231
0.7576910769230769
0.5947624615384616
0.33899999999999997
0.053614153846153846
-0.1992276923076923
-0.42369784615384615
-0.5620098461538461
-0.6191704615384614
-0.6039415384615384
-0.4942098461538461
-0.32669169230769235
-0.1178676923076923
0.0880356923076923
0.26723630769230766
0.40325353846153844
0.4710535384615384
0.5008855384615384
0.4647950769230769
0.37321292307692305
0.24345415384615382
0.06717415384615384
-0.09012184615384615
-0.22655630769230767
-0.3285692307692308
-0.3832264615384615
-0.4222375384615385
-0.4124326153846154
-0.3473446153846154
-0.25367630769230765
-0.14853415384615384
-0.052153846153846155
0.03963692307692308
0.13768615384615385
0.23281476923076924
0.31041969230769234
0.34963938461538463
0.3508910769230769
0.3212676923076923
0.26348123076923075
0.2073636923076923
0.13935507692307691
0.06049846153846154
-0.022947692307692308
-0.1289243076923077
-0.20506892307692307
-0.24324553846153843
-0.24992123076923078
-0.21091015384615383
-0.16710092307692306
-0.10472492307692308
-0.009596307692307692
0.11411261538461538
0.26723630769230766
0.3890676923076923
0.4451852307692308
0.45749353846153845
0.4351716923076923
0.37613353846153846
0.27599815384615384
0.13872923076923074
-0.024408000000000003
-0.19046584615384615
-0.2993630769230769
-0.3452584615384615
-0.3510996923076923
-0.32377107692307694
-0.28121353846153846
-0.19860184615384616
-0.07885661538461539
0.04965046153846154
0.17440246153846153
0.2638984615384615
0.32001599999999997
0.34338092307692303
0.3387913846153846
0.3129230769230769
0.24574892307692306
0.14185846153846154
0.010013538461538461
-0.10535076923076922
-0.16438892307692307
-0.17273353846153844
-0.15604430769230768
-0.13038461538461538
-0.09971815384615385
-0.059872615384615385
-0.008344615384615384
0.053614153846153846
0.10096984615384616
0.10368184615384615
0.0934596923076923
0.08907876923076924
0.10889723076923077
0.12996738461538462
0.11411261538461538
0.09304246153846155
0.0798996923076923
0.07489292307692308
0.06592246153846154
0.03775938461538462
-0.006884307692307692
-0.06821723076923077
-0.1287156923076923
-0.168144
-0.1881710769230769
-0.19693292307692306
-0.20715507692307691
-0.1994363076923077
-0.15479261538461536
-0.08052553846153847
0.014394461538461538
0.09971815384615385
0.16021661538461537
0.19526400000000002
0.19693292307692306
0.16167692307692308
0.08740984615384616
-0.02232184615384615
-0.15750461538461538
-0.29185292307692307
-0.39991569230769225
-0.46104
-0.471888
-0.4389267692307692
-0.35798399999999997
-0.24616615384615384
-0.09992676923076924
0.06279323076923077
0.20131384615384615
0.29873723076923075
0.3342018461538461
0.32585723076923073
0.2822566153846154
0.20277415384615383
0.10347323076923076
-0.020652923076923076
-0.1287156923076923
-0.19568123076923075
-0.23448369230769228
-0.22572184615384616
-0.1913003076923077
-0.13643446153846153
-0.05319692307692307
0.040262769230769234
0.13706030769230768
0.20402584615384614
0.2399076923076923
0.24700061538461537
0.23469230769230767
0.2194633846153846
0.19046584615384615
0.16167692307692308
0.12913292307692306
0.09471138461538461
0.06425353846153846
0.03838523076923077
0.02023569230769231
-0.0035464615384615383
-0.030875076923076922
-0.05319692307692307
-0.061750153846153844
-0.06028984615384615
-0.05194523076923077
-0.029623384615384614
0.0012516923076923076
0.04380923076923077
0.1045163076923077
0.1693956923076923
0.22676492307692306
0.26097784615384617
0.25993476923076925
0.2374043076923077
0.19693292307692306
0.14164984615384615
0.06863446153846153
-0.02482523076923077
-0.10722830769230769
-0.16730953846153845
-0.19964492307692308
-0.20131384615384615
-0.18253846153846154
-0.13601723076923075
-0.07301538461538462
0.006258461538461538
0.092208
0.15687876923076924
0.20235692307692305
0.21716861538461538
0.2090326153846154
0.1783661538461538
0.11098338461538461
0.027120000000000002
-0.06967753846153846
-0.1635544615384615
-0.2221753846153846
-0.2620209230769231
-0.27704123076923076
-0.2582658461538461
-0.21904615384615383
-0.14957723076923077
-0.078648
-0.017315076923076923
0.03629907692307692
0.058412307692307694
0.06487938461538462
0.07009476923076922
0.08135999999999999
0.09596307692307693
0.09095630769230768
0.08031692307692308
0.06842584615384616
0.05298830769230769
0.04380923076923077
0.021904615384615383
-0.005841230769230769
-0.03838523076923077
-0.07760492307692309
-0.10076123076923077
-0.11870215384615385
-0.12412615384615384
-0.111192
-0.09283384615384616
-0.04944184615384615
0.010639384615384617
0.07134646153846153
0.12788123076923075
0.1691870769230769
0.20339999999999997
0.23177169230769232
0.24074215384615386
0.21299630769230768
0.14206707692307693
0.035255999999999996
-0.08115138461538463
-0.18107815384615383
-0.2586830769230769
-0.3081249230769231
-0.3285692307692308
-0.3158436923076923
-0.2526332307692308
-0.14290153846153844
-0.019192615384615384
0.1045163076923077
0.21466523076923077
0.2906012307692308
0.33545353846153847
0.34296369230769225
0.30708184615384615
0.22029784615384615
0.0934596923076923
-0.038176615384615385
-0.14832553846153845
-0.2221753846153846
-0.2695310769230769
-0.28768061538461537
-0.27558092307692306
-0.22655630769230767
-0.1287156923076923
-0.009179076923076922
0.10159569230769232
0.19004861538461537
0.24720923076923076
0.28163076923076924
0.30019753846153846
0.27787569230769227
0.22572184615384616
0.15374953846153847
0.06863446153846153
-0.006467076923076923
-0.07364123076923076
-0.12767261538461538
-0.17440246153846153
-0.20798953846153845
-0.2140393846153846
-0.17982646153846152
-0.10994030769230768
-0.027745846153846152
0.04985907692307692
0.10785415384615385
0.1531236923076923
0.18504184615384617
0.20193969230769232
0.20027076923076922
0.1612596923076923
0.092208
0.022947692307692308
-0.03212676923076923
-0.06675692307692307
-0.09909230769230769
-0.13706030769230768
-0.16459753846153846
-0.1691870769230769
-0.1435273846153846
-0.11306953846153844
-0.08302892307692307
-0.04965046153846154
-0.006258461538461538
0.055491692307692304
0.11953661538461538
0.17815753846153848
0.2127876923076923
0.2207150769230769
0.2138307692307692
0.19651569230769228
0.17023015384615386
0.12350030769230769
0.059664
0.0022947692307692304
-0.03859384615384615
-0.061124307692307686
-0.06905169230769231
-0.06863446153846153
-0.06633969230769231
-0.055491692307692304
-0.026494153846153844
0.015020307692307692
0.06154153846153846
0.09387692307692307
0.09909230769230769
0.09137353846153846
0.08740984615384616
0.08219446153846154
0.06884307692307692
0.03421292307692308
-0.010639384615384617
-0.052571076923076915
-0.09325107692307691
-0.12037107692307693
-0.14290153846153844
-0.16501476923076921
-0.17961784615384613
-0.18253846153846154
-0.16292861538461537
-0.12850707692307692
-0.09971815384615385
-0.07843938461538462
-0.05382276923076923
-0.006258461538461538
0.06133292307692308
0.12245723076923076
0.16897846153846155
0.1977673846153846
0.20819815384615384
0.21111876923076925
0.19463815384615382
0.15500123076923078
0.09784061538461537
0.021696
-0.05528307692307692
-0.11911938461538461
-0.16209415384615386
-0.19588984615384614
-0.214248
-0.20673784615384616
-0.20506892307692307
-0.16021661538461537
-0.06633969230769231
0.06362769230769232
0.22008923076923076
0.3312812307692308
0.4508178461538461
0.5553341538461538
0.6097827692307692
0.5983089230769231
0.49733907692307694
0.32961230769230765
0.06905169230769231
-0.154584
-0.3141747692307692
-0.4564504615384615
-0.5025544615384615
-0.520704
-0.44643692307692306
-0.2574313846153846
-0.04985907692307692
0.214248
0.4049224615384615
0.540731076923077
0.6149981538461539
0.55596
0.45040061538461534
0.24449723076923074
0.0012516923076923076
-0.25242461538461536
-0.48816
-0.5809938461538461
-0.5951796923076923
-0.484404923076923
-0.2764153846153846
-0.04047138461538462
0.2225926153846154
0.39324
0.5248763076923078
0.5864178461538462
0.48690830769230764
0.33545353846153847
0.13184492307692308
-0.07301538461538462
-0.20173107692307693
-0.2997803076923077
-0.3095852307692307
-0.27474646153846155
-0.22968553846153844
-0.12975876923076923
-0.040054153846153843
0.05403138461538461
0.12412615384615384
0.14102399999999998
0.12579507692307693
0.06654830769230768
0.006675692307692307
-0.06133292307692308
-0.1316363076923077
-0.16209415384615386
-0.1704387692307692
-0.1341396923076923
-0.04902461538461538
0.049233230769230765
0.1704387692307692
0.24720923076923076
0.2568055384615385
0.24408
0.16438892307692307
0.03755076923076923
-0.09679753846153846
-0.2303113846153846
-0.3039526153846154
-0.3229366153846154
-0.2705741538461538
-0.14060676923076923
0.00855323076923077
0.1639716923076923
0.28100492307692304
0.3594443076923077
0.3752990769230769
0.3160523076923077
0.23636123076923077
0.11077476923076923
-0.03212676923076923
-0.1558356923076923
-0.24866953846153847
-0.26452430769230767
-0.24595753846153845
-0.1992276923076923
-0.10222153846153846
0.0070929230769230765
0.1341396923076923
0.25242461538461536
0.3214763076923077
0.347136
0.31667815384615383
0.2453316923076923
0.15896492307692306
0.06133292307692308
-0.029623384615384614
-0.10743692307692307
-0.14394461538461537
-0.13455692307692307
-0.08699261538461538
0.012934153846153845
0.11098338461538461
0.1942209230769231
0.254928
0.24679199999999998
0.19672430769230767
0.100344
-0.03921969230769231
-0.16042523076923076
-0.2680707692307692
-0.3350363076923077
-0.33315876923076926
-0.2916443076923077
-0.19818461538461538
-0.06571384615384615
0.07927384615384615
0.20861538461538462
0.2979027692307692
0.32585723076923073
0.2805876923076923
0.18170399999999998
0.037342153846153844
-0.11765907692307691
-0.2509643076923077
-0.35235138461538457
-0.38885907692307686
-0.3575667692307692
-0.28017046153846153
-0.1570873846153846
-0.017940923076923077
0.12162276923076921
0.24908676923076922
0.3225193846153846
0.3375396923076923
0.28204799999999997
0.15833907692307692
0.012308307692307691
-0.13872923076923074
-0.2647329230769231
-0.34233784615384616
-0.37613353846153846
-0.3594443076923077
-0.29873723076923075
-0.19818461538461538
-0.07781353846153846
0.041514461538461535
0.13706030769230768
0.1802436923076923
0.17648861538461538
0.14790830769230767
0.09950953846153845
0.04276615384615385
-0.023990769230769232
-0.086784
-0.0963803076923077
-0.06362769230769232
0.005215384615384615
0.08907876923076924
0.15333230769230768
0.200688
0.22321846153846153
0.22196676923076922
0.18858830769230767
0.11682461538461539
0.012099692307692308
-0.10868861538461538
-0.19693292307692306
-0.23969907692307693
-0.24658338461538462
-0.21174461538461536
-0.14477907692307693
-0.0448523076923077
0.0826116923076923
0.20193969230769232
0.2979027692307692
0.3442153846153846
0.327108923076923
0.26494153846153845
0.15374953846153847
0.028788923076923077
-0.10368184615384615
-0.2453316923076923
-0.3490135384615385
-0.40513107692307687
-0.38760738461538463
-0.2997803076923077
-0.1792006153846154
-0.03609046153846154
0.08720123076923077
0.19046584615384615
0.2776670769230769
0.3179298461538461
0.3229366153846154
0.2712
0.19025723076923076
0.11849353846153846
0.03379569230769231
-0.03024923076923077
-0.07572738461538461
-0.10952307692307692
-0.09387692307692307
-0.05090215384615384
0.011682461538461537
0.07113784615384615
0.10368184615384615
0.12433476923076923
0.119328
0.10326461538461539
0.08240307692307691
0.04693846153846153
-0.004798153846153846
-0.06884307692307692
-0.11724184615384614
-0.13914646153846155
-0.14999446153846155
-0.15291507692307693
-0.1612596923076923
-0.1777403076923077
-0.18191261538461537
-0.18253846153846154
-0.1712732307692308
-0.15103753846153847
-0.13038461538461538
-0.08782707692307692
-0.032544
0.03588184615384615
0.10493353846153847
0.14728246153846153
0.17419384615384614
0.18545907692307692
0.1802436923076923
0.15520984615384617
0.0974233846153846
0.018775384615384614
-0.06487938461538462
-0.12913292307692306
-0.17544553846153846
-0.2140393846153846
-0.2238443076923077
-0.20277415384615383
-0.15291507692307693
-0.07468430769230769
0.018358153846153843
0.10618523076923077
0.16856123076923077
0.19609846153846153
0.20173107692307693
0.18483323076923078
0.13518276923076925
0.05862092307692307
-0.026702769230769228
-0.10493353846153847
-0.15604430769230768
-0.16897846153846155
-0.15145476923076923
-0.10159569230769232
-0.03775938461538462
0.035464615384615386
0.11348676923076922
0.18107815384615383
0.2225926153846154
0.22530461538461538
0.20360861538461536
0.1543753846153846
0.10597661538461538
0.06467076923076923
0.01856676923076923
-0.015437538461538461
-0.03880246153846154
-0.03400430769230769
-0.013768615384615384
0.005632615384615384
0.025659692307692307
0.03442153846153846
0.04860738461538461
0.06967753846153846
0.0853236923076923
0.09283384615384616
0.08052553846153847
0.059664
0.045895384615384616
0.040679999999999994
0.03692492307692308
0.021696
-0.005841230769230769
-0.03421292307692308
-0.05444861538461539
-0.0678
-0.06988615384615385
-0.06383630769230769
-0.05048492307692308
-0.026911384615384615
0.007510153846153846
0.055491692307692304
0.10201292307692307
0.12642092307692307
0.14164984615384615
0.15667015384615385
0.1704387692307692
0.18629353846153843
0.18858830769230767
0.18170399999999998
0.16084246153846155
0.12266584615384615
0.07969107692307692
0.027120000000000002
-0.03838523076923077
-0.11035753846153845
-0.17315076923076922
-0.20444307692307692
-0.18379015384615385
-0.11536430769230768
-0.028788923076923077
0.06821723076923077
0.16647507692307692
0.25200738461538463
0.31229723076923077
0.32606584615384615
0.2814221538461538
0.18212123076923076
0.059664
-0.0609156923076923
-0.16251138461538459
-0.2415766153846154
-0.28893230769230765
-0.2862203076923077
-0.2369870769230769
-0.14123261538461537
-0.010639384615384617
0.12370892307692308
0.24428861538461538
0.33816553846153846
0.39407446153846154
0.4076344615384615
0.3669544615384615
0.28350830769230767
0.17252492307692308
0.04756430769230769
-0.07405846153846153
-0.17544553846153846
-0.2482523076923077
-0.2803790769230769
-0.2626467692307692
-0.1940123076923077
-0.07843938461538462
0.05653476923076922
0.18629353846153843
0.2845513846153846
0.35193415384615384
0.3782196923076923
0.3502652307692307
0.28434276923076923
0.1760713846153846
0.048816000000000005
-0.08323753846153846
-0.20256553846153844
-0.2837169230769231
-0.3333673846153846
-0.34171199999999996
-0.3045784615384615
-0.2207150769230769
-0.100344
0.03775938461538462
0.16480615384615382
0.2586830769230769
0.3160523076923077
0.3419206153846154
0.3448412307692308
0.3195987692307692
0.26306399999999996
0.1794092307692308
0.08636676923076922
-0.009179076923076922
-0.08949599999999999
-0.15813046153846153
-0.22530461538461538
-0.265776
-0.27850153846153847
-0.25200738461538463
-0.19985353846153847
-0.13601723076923075
-0.05653476923076922
0.024199384615384616
0.11077476923076923
0.18232984615384615
0.2261390769230769
0.21925476923076925
0.1639716923076923
0.08887015384615385
-0.0025033846153846152
-0.08428061538461538
-0.15813046153846153
-0.21466523076923077
-0.24720923076923076
-0.25367630769230765
-0.2238443076923077
-0.16772676923076923
-0.084072
0.009387692307692307
0.10555938461538462
0.20006215384615383
0.27787569230769227
0.3323243076923077
0.3410861538461538
0.3047870769230769
0.23156307692307693
0.13747753846153846
0.04109723076923077
-0.061124307692307686
-0.16042523076923076
-0.2426196923076923
-0.2868461538461538
-0.2845513846153846
-0.2355267692307692
-0.15896492307692306
-0.07426707692307692
0.006675692307692307
0.07197230769230768
0.12579507692307693
0.14811692307692306
0.14206707692307693
0.1028473846153846
0.040262769230769234
-0.014394461538461538
-0.05945538461538461
-0.084072
-0.10013538461538461
-0.10514215384615383
-0.09053907692307692
-0.06195876923076923
-0.015854769230769228
0.026285538461538457
0.051319384615384614
0.05736923076923077
0.04568676923076923
0.026702769230769228
0.006467076923076923
-0.018358153846153843
-0.045895384615384616
-0.06946892307692307
-0.08010830769230769
-0.0678
-0.037967999999999995
0.006258461538461538
0.04380923076923077
0.07072061538461538
0.08010830769230769
0.07113784615384615
0.045060923076923075
-0.006675692307692307
-0.06946892307692307
-0.15374953846153847
-0.2342750769230769
-0.3127144615384615
-0.3907366153846154
-0.44977476923076926
-0.44685415384615385
-0.3456756923076923
-0.18525046153846153
0.03880246153846154
0.25284184615384614
0.44810584615384613
0.6273064615384616
0.7397501538461538
0.7808473846153846
0.676956923076923
0.4704276923076923
0.21132738461538458
-0.04214030769230769
-0.2860116923076923
-0.5052664615384616
-0.6277236923076922
-0.6796689230769231
-0.5918418461538462
-0.4053396923076923
-0.16334584615384617
0.11724184615384614
0.35339446153846155
0.5388535384615384
0.6216738461538461
0.593928
0.46583815384615385
0.25701415384615384
0.011891076923076923
-0.2624381538461539
-0.5019286153846154
-0.666108923076923
-0.7178455384615384
-0.6306443076923076
-0.469176
-0.26097784615384617
-0.045060923076923075
0.14916
0.3239796923076923
0.40283630769230766
0.3817661538461538
0.30061476923076924
0.18274707692307693
0.09533723076923077
0.02044430769230769
-0.04401784615384615
-0.08636676923076922
-0.1218313846153846
-0.11599015384615384
-0.08010830769230769
-0.03880246153846154
-0.012099692307692308
0.005841230769230769
0.03755076923076923
0.05716061538461538
0.06613107692307692
0.06195876923076923
0.028163076923076923
0.0022947692307692304
-0.023990769230769232
-0.042348923076923076
-0.03066646153846154
-0.021696
-0.005215384615384615
0.015437538461538461
0.024408000000000003
0.02482523076923077
-0.0016689230769230767
-0.05048492307692308
-0.11411261538461538
-0.192552
-0.2526332307692308
-0.2682793846153846
-0.21925476923076925
-0.13706030769230768
-0.037342153846153844
0.08052553846153847
0.18504184615384617
0.28204799999999997
0.31041969230769234
0.26139507692307695
0.1792006153846154
0.06842584615384616
-0.034630153846153845
-0.1178676923076923
-0.1760713846153846
-0.1858763076923077
-0.14206707692307693
-0.051528
0.07030338461538461
0.18712800000000002
0.27975323076923075
0.330864
0.3410861538461538
0.30270092307692303
0.21612553846153845
0.11870215384615385
0.006675692307692307
-0.10117846153846152
-0.19025723076923076
-0.2601433846153846
-0.27182584615384614
-0.22864246153846152
-0.14853415384615384
-0.024199384615384616
0.1287156923076923
0.28809784615384615
0.4322510769230769
0.5094387692307691
0.4985907692307692
0.41034646153846155
0.2591003076923077
0.09304246153846155
-0.07051199999999999
-0.214248
-0.3143833846153846
-0.35923569230769226
-0.33295015384615384
-0.2374043076923077
-0.0880356923076923
0.06258461538461538
0.19818461538461538
0.30666461538461537
0.37237846153846155
0.39344861538461534
0.3485963076923077
0.24574892307692306
0.11348676923076922
-0.02753723076923077
-0.14311015384615386
-0.2209236923076923
-0.273912
-0.28955815384615385
-0.2695310769230769
-0.20632061538461538
-0.10681107692307691
-0.0006258461538461538
0.10409907692307692
0.18107815384615383
0.2238443076923077
0.2238443076923077
0.18358153846153846
0.13247076923076923
0.06613107692307692
0.0006258461538461538
-0.05507446153846154
-0.10138707692307691
-0.10368184615384615
-0.07030338461538461
-0.028163076923076923
0.023782153846153845
0.058829538461538454
0.08344615384615384
0.10743692307692307
0.10096984615384616
0.07823076923076923
0.03629907692307692
-0.012308307692307691
-0.030040615384615384
-0.020652923076923076
0.010639384615384617
0.05444861538461539
0.10159569230769232
0.15750461538461538
0.19839323076923077
0.2140393846153846
0.19380369230769232
0.13726892307692307
0.06717415384615384
-0.028163076923076923
-0.11640738461538462
-0.17982646153846152
-0.23177169230769232
-0.24720923076923076
-0.22655630769230767
-0.168144
-0.07030338461538461
0.0448523076923077
0.17440246153846153
0.2845513846153846
0.35339446153846155
0.39365723076923076
0.3944916923076923
0.34984799999999994
0.24866953846153847
0.10013538461538461
-0.05194523076923077
-0.18483323076923078
-0.2776670769230769
-0.330864
-0.3479704615384615
-0.3072904615384615
-0.2221753846153846
-0.09158215384615384
0.04985907692307692
0.1614683076923077
0.2492953846153846
0.29331323076923077
0.30061476923076924
0.2768326153846154
0.20486030769230767
0.10096984615384616
-0.015020307692307692
-0.12037107692307693
-0.18712800000000002
-0.21800307692307694
-0.21988061538461537
-0.18754523076923074
-0.13455692307692307
-0.06654830769230768
0.0012516923076923076
0.04965046153846154
0.07948246153846153
0.08991323076923076
0.09262523076923077
0.08845292307692308
0.07697907692307693
0.06300184615384616
0.03838523076923077
0.012308307692307691
-0.010013538461538461
-0.03150092307692308
-0.051319384615384614
-0.08574092307692306
-0.12600369230769232
-0.16063384615384615
-0.18399876923076922
-0.1881710769230769
-0.18232984615384615
-0.16292861538461537
-0.13497415384615385
-0.0934596923076923
-0.030040615384615384
0.03421292307692308
0.09053907692307692
0.12433476923076923
0.12975876923076923
0.11807630769230769
0.09074769230769231
0.05069353846153846
-0.006884307692307692
-0.086784
-0.15500123076923078
-0.19442953846153843
-0.20548615384615385
-0.1777403076923077
-0.13393107692307693
-0.06946892307692307
0.021278769230769233
0.12496061538461539
0.241368
0.3344104615384615
0.3855212307692308
0.3982467692307692
0.3734215384615384
0.3152178461538461
0.22321846153846153
0.11140061538461538
-0.006884307692307692
-0.11056615384615384
-0.1704387692307692
-0.1787833846153846
-0.1435273846153846
-0.08720123076923077
-0.024408000000000003
0.05111076923076923
0.11891076923076922
0.1712732307692308
0.20152246153846154
0.1927606153846154
0.15813046153846153
0.10681107692307691
0.055491692307692304
0.016063384615384615
-0.021070153846153846
-0.056951999999999996
-0.07885661538461539
-0.07843938461538462
-0.07051199999999999
-0.06946892307692307
-0.084072
-0.11765907692307691
-0.14477907692307693
-0.15354092307692307
-0.14916
-0.12955015384615384
-0.0974233846153846
-0.058829538461538454
-0.006467076923076923
0.056951999999999996
0.12391753846153845
0.1710646153846154
0.17419384615384614
0.14582215384615385
0.08490646153846154
0.010222153846153844
-0.06863446153846153
-0.15374953846153847
-0.2275993846153846
-0.2805876923076923
-0.2887236923076923
-0.24512307692307692
-0.16438892307692307
-0.06884307692307692
0.02545107692307692
0.12266584615384615
0.2125790769230769
0.2751636923076923
0.2970683076923077
0.2655673846153846
0.18775384615384613
0.08469784615384615
-0.026285538461538457
-0.12558646153846154
-0.21028430769230766
-0.26535876923076923
-0.2768326153846154
-0.23406646153846156
-0.14164984615384615
-0.02315630769230769
0.09909230769230769
0.19442953846153843
0.2574313846153846
0.279336
0.26348123076923075
0.21111876923076925
0.11348676923076922
-0.002086153846153846
-0.10389046153846154
-0.16876984615384616
-0.1942209230769231
-0.1800350769230769
-0.13601723076923075
-0.0771876923076923
-0.006884307692307692
0.06571384615384615
0.12704676923076924
0.1502030769230769
0.13372246153846154
0.09241661538461539
0.04693846153846153
0.015020307692307692
-0.009179076923076922
-0.014394461538461538
-0.006675692307692307
0.024408000000000003
0.09596307692307693
0.1693956923076923
0.23844738461538462
0.2807963076923077
0.2780843076923077
0.2557624615384615
0.20673784615384616
0.1424843076923077
0.06675692307692307
-0.014185846153846153
-0.08073415384615384
-0.13121907692307694
-0.143736
-0.13518276923076925
-0.11870215384615385
-0.0936683076923077
-0.07259815384615384
-0.034630153846153845
0.0018775384615384615
0.021696
0.02315630769230769
-0.014394461538461538
-0.06258461538461538
-0.10889723076923077
-0.1543753846153846
-0.18983999999999998
-0.2221753846153846
-0.23052
-0.21091015384615383
-0.1710646153846154
-0.11724184615384614
-0.06946892307692307
-0.03775938461538462
-0.021278769230769233
-0.006884307692307692
0.004589538461538461
0.003129230769230769
-0.01043076923076923
-0.02899753846153846
-0.03421292307692308
-0.027120000000000002
-0.0070929230769230765
0.01940123076923077
0.04547815384615384
0.07197230769230768
0.08323753846153846
0.09304246153846155
0.08782707692307692
0.06633969230769231
0.03692492307692308
-0.006884307692307692
-0.031918153846153846
-0.03901107692307692
-0.026076923076923077
0.006884307692307692
0.03859384615384615
0.07238953846153846
0.10368184615384615
0.13622584615384614
0.15959076923076923
0.15416676923076922
0.12662953846153846
0.08365476923076923
0.04380923076923077
0.010639384615384617
-0.020652923076923076
-0.04318338461538461
-0.06279323076923077
-0.07197230769230768
-0.05945538461538461
-0.032544
0.0014603076923076922
0.033169846153846154
0.06258461538461538
0.10493353846153847
0.14561353846153846
0.17377661538461536
0.1881710769230769
0.1785747692307692
0.16042523076923076
0.13872923076923074
0.10764553846153846
0.08699261538461538
0.06258461538461538
0.03275261538461539
0.01668923076923077
0.0035464615384615383
0.0043809230769230765
0.01397723076923077
0.02023569230769231
0.028371692307692306
0.032544
0.035255999999999996
0.03567323076923076
0.02795446153846154
0.01940123076923077
0.003755076923076923
-0.0077187692307692304
-0.0070929230769230765
-0.003129230769230769
0.006675692307692307
0.007301538461538462
0.01814953846153846
0.03838523076923077
0.05590892307692308
0.07092923076923077
0.06529661538461538
0.050067692307692306
0.01981846153846154
-0.029414769230769227
-0.08845292307692308
-0.15750461538461538
-0.21591692307692306
-0.2517987692307692
-0.2695310769230769
-0.23218892307692307
-0.17481969230769231
-0.07030338461538461
0.06028984615384615
0.22342707692307692
0.44268184615384615
0.4775206153846153
0.4748086153846154
0.431208
0.29414769230769233
0.20819815384615384
-0.00855323076923077
-0.21508246153846153
-0.41660492307692304
-0.5578375384615384
-0.5236246153846154
-0.511524923076923
-0.40033292307692303
-0.27704123076923076
-0.09387692307692307
0.20986707692307693
0.4385095384615385
0.6825895384615384
0.7716683076923077
0.7130473846153846
0.6333563076923077
0.4145187692307692
0.20006215384615383
-0.03504738461538461
-0.29644246153846154
-0.427452923076923
-0.5665993846153846
-0.5855833846153846
-0.43809230769230767
-0.29331323076923077
-0.05277969230769231
0.13038461538461538
0.2586830769230769
0.3863556923076923
0.4186910769230769
0.4685501538461538
0.4383009230769231
0.309168
0.17628
0.021904615384615383
-0.07781353846153846
-0.17961784615384613
-0.30436984615384616
-0.3780110769230769
-0.4372578461538461
-0.4082603076923077
-0.3229366153846154
-0.254928
-0.14686523076923075
-0.06133292307692308
0.03337846153846154
0.15395815384615386
0.200688
0.2517987692307692
0.27871015384615383
0.26222953846153846
0.2849686153846154
0.2805876923076923
0.25555384615384613
0.1923433846153846
0.07635323076923077
-0.04902461538461538
-0.18983999999999998
-0.29331323076923077
-0.3565236923076923
-0.36319938461538465
-0.3127144615384615
-0.2517987692307692
-0.10013538461538461
0.09554584615384615
0.27453784615384613
0.44643692307692306
0.527796923076923
0.5540824615384615
0.513611076923077
0.3913624615384615
0.23969907692307693
0.02023569230769231
-0.20339999999999997
-0.3775938461538461
-0.5119421538461538
-0.5755698461538461
-0.5843316923076923
-0.5192436923076923
-0.36215630769230767
-0.16501476923076921
0.05277969230769231
0.2436627692307692
0.40387938461538464
0.533220923076923
0.5592978461538461
0.5131938461538461
0.3924055384615385
0.20047938461538461
0.015228923076923076
-0.17440246153846153
-0.3277347692307692
-0.4036707692307692
-0.42995630769230764
-0.371544
-0.27412061538461535
-0.16271999999999998
-0.0008344615384615384
0.15228923076923076
0.2814221538461538
0.36299076923076923
0.37196123076923077
0.327108923076923
0.23469230769230767
0.14436184615384615
0.056326153846153845
-0.032544
-0.10159569230769232
-0.16459753846153846
-0.1794092307692308
-0.16480615384615382
-0.14582215384615385
-0.10263876923076923
-0.08949599999999999
-0.08031692307692308
-0.044435076923076924
-0.021487384615384613
0.003755076923076923
0.021070153846153846
0.03024923076923077
0.07384984615384615
0.12245723076923076
0.16730953846153845
0.19380369230769232
0.17169046153846151
0.13351384615384615
0.07030338461538461
0.01043076923076923
-0.04547815384615384
-0.12037107692307693
-0.18650215384615382
-0.254928
-0.2822566153846154
-0.2601433846153846
-0.2073636923076923
-0.10409907692307692
-0.004798153846153846
0.09158215384615384
0.20047938461538461
0.2868461538461538
0.3617390769230769
0.38030584615384616
0.32001599999999997
0.22572184615384616
0.10764553846153846
-0.006467076923076923
-0.10764553846153846
-0.20047938461538461
-0.2591003076923077
-0.2782929230769231
-0.22947692307692308
-0.12433476923076923
-0.010639384615384617
0.11140061538461538
0.20944984615384615
0.2791273846153846
0.3241883076923077
0.31667815384615383
0.26681907692307694
0.16271999999999998
0.03483876923076923
-0.07969107692307692
-0.18170399999999998
-0.23907323076923076
-0.26076923076923075
-0.25054707692307693
-0.20924123076923076
-0.14206707692307693
-0.04839876923076923
0.03984553846153846
0.09554584615384615
0.11140061538461538
0.08720123076923077
0.03650769230769231
-0.023990769230769232
-0.07906523076923076
-0.12266584615384615
-0.16647507692307692
-0.17544553846153846
-0.14707384615384617
-0.103056
-0.043392
0.003963692307692307
0.052153846153846155
0.10785415384615385
0.1449876923076923
0.1710646153846154
0.16897846153846155
0.13810338461538463
0.1028473846153846
0.058412307692307694
0.022530461538461537
-0.003755076923076923
-0.02086153846153846
-0.02023569230769231
-0.007927384615384614
0.03567323076923076
0.09199938461538461
0.13434830769230768
0.15959076923076923
0.1449876923076923
0.116616
0.06571384615384615
-0.012934153846153845
-0.08720123076923077
-0.1693956923076923
-0.21466523076923077
-0.21883753846153844
-0.2073636923076923
-0.15896492307692306
-0.10618523076923077
-0.055491692307692304
-0.0043809230769230765
0.025033846153846153
0.03838523076923077
0.016480615384615385
-0.026285538461538457
-0.06154153846153846
-0.09679753846153846
-0.12016246153846154
-0.12767261538461538
-0.1097316923076923
-0.06008123076923077
0.0008344615384615384
0.07697907692307693
0.1476996923076923
0.18483323076923078
0.19714153846153845
0.17231630769230769
0.1289243076923077
0.07531015384615385
0.011682461538461537
-0.03212676923076923
-0.07092923076923077
-0.08866153846153846
-0.06967753846153846
-0.022530461538461537
0.052153846153846155
0.12037107692307693
0.1785747692307692
0.23177169230769232
0.26306399999999996
0.2716172307692308
0.2415766153846154
0.18358153846153846
0.11765907692307691
0.03901107692307692
-0.02273907692307692
-0.06863446153846153
-0.10994030769230768
-0.1287156923076923
-0.1353913846153846
-0.11223507692307692
-0.06300184615384616
-0.011473846153846154
0.037967999999999995
0.06675692307692307
0.092208
0.10785415384615385
0.10910584615384614
0.09909230769230769
0.06592246153846154
0.026911384615384615
-0.006049846153846154
-0.02211323076923077
-0.026076923076923077
-0.02211323076923077
-0.021070153846153846
-0.01814953846153846
-0.006049846153846154
0.010013538461538461
0.030040615384615384
0.03713353846153846
0.03024923076923077
0.008136
-0.01043076923076923
-0.012308307692307691
-0.008136
-0.002712
0.0077187692307692304
0.02086153846153846
0.03984553846153846
0.06154153846153846
0.06905169230769231
0.058412307692307694
0.029623384615384614
0.014394461538461538
0.01043076923076923
0.0077187692307692304
0.0012516923076923076
-0.022947692307692308
-0.040262769230769234
-0.05820369230769231
-0.053614153846153846
-0.030875076923076922
-0.024199384615384616
-0.014394461538461538
-0.010848
-0.0002086153846153846
0.008761846153846153
0.006467076923076923
0.003755076923076923
-0.009179076923076922
-0.015228923076923076
-0.017940923076923077
-0.02524246153846154
-0.04172307692307692
-0.0771876923076923
-0.10868861538461538
-0.12350030769230769
-0.12391753846153845
-0.09763200000000001
-0.07259815384615384
-0.04860738461538461
-0.022530461538461537
-0.0043809230769230765
0.031709538461538456
0.0609156923076923
0.07802215384615384
0.0934596923076923
0.09992676923076924
0.11807630769230769
0.13309661538461537
0.14164984615384615
0.1424843076923077
0.12120553846153845
0.09471138461538461
0.06905169230769231
0.05444861538461539
0.03713353846153846
0.010639384615384617
0.0
0.005841230769230769
0.03921969230769231
0.092208
0.13601723076923075
0.17628
0.20173107692307693
0.21195323076923075
0.21591692307692306
0.19588984615384614
0.15792184615384616
0.10055261538461538
0.033169846153846154
-0.027120000000000002
-0.08302892307692307
-0.13101046153846155
-0.1712732307692308
-0.19317784615384614
-0.18858830769230767
-0.16063384615384615
-0.11286092307692308
-0.054657230769230764
0.006675692307692307
0.06425353846153846
0.11578153846153846
0.1612596923076923
0.1923433846153846
0.18900553846153845
0.16105107692307694
0.1097316923076923
0.050067692307692306
-0.006049846153846154
-0.07489292307692308
-0.12808984615384614
-0.173568
-0.19818461538461538
-0.18337292307692307
-0.15374953846153847
-0.10347323076923076
-0.04631261538461538
0.012934153846153845
0.07238953846153846
0.12829846153846153
0.1794092307692308
0.20465169230769228
0.19964492307692308
0.17231630769230769
0.12204
0.061124307692307686
0.0014603076923076922
-0.06633969230769231
-0.12579507692307693
-0.16710092307692306
-0.17690584615384616
-0.15124615384615384
-0.11682461538461539
-0.06946892307692307
-0.015646153846153844
0.037967999999999995
0.09992676923076924
0.15750461538461538
0.19526400000000002
0.20486030769230767
0.19317784615384614
0.17711446153846155
0.16209415384615386
0.14018953846153845
0.10743692307692307
0.06529661538461538
0.02273907692307692
-0.005215384615384615
-0.019192615384615384
-0.02482523076923077
-0.03233538461538461
-0.04401784615384615
-0.04672984615384615
-0.029832
0.0029206153846153843
0.040679999999999994
0.07677046153846154
0.10848000000000001
0.1476996923076923
0.18983999999999998
0.22467876923076924
0.23531815384615382
0.21091015384615383
0.1652233846153846
0.11348676923076922
0.05507446153846154
-0.019609846153846155
-0.09763200000000001
-0.17648861538461538
-0.24282830769230768
-0.2726603076923077
-0.2574313846153846
-0.21132738461538458
-0.15687876923076924
-0.0934596923076923
-0.021696
0.050067692307692306
0.11348676923076922
0.14916
0.1422756923076923
0.10618523076923077
0.040054153846153843
-0.03400430769230769
-0.1070196923076923
-0.1869193846153846
-0.2492953846153846
-0.3012406153846154
-0.3216849230769231
-0.29727692307692305
-0.2492953846153846
-0.18379015384615385
-0.12808984615384614
-0.084072
-0.04109723076923077
-0.01940123076923077
0.013351384615384614
0.040679999999999994
0.024408000000000003
0.02044430769230769
0.0002086153846153846
0.03775938461538462
0.07656184615384615
0.17023015384615386
0.3127144615384615
0.2411593846153846
0.23364923076923078
0.18274707692307693
0.11828492307692307
0.11390399999999999
-0.07948246153846153
-0.19380369230769232
-0.34338092307692303
-0.3665372307692307
-0.25200738461538463
-0.23010276923076922
-0.11098338461538461
-0.06821723076923077
0.08115138461538463
0.29331323076923077
0.3955347692307692
0.5267538461538461
0.44309907692307693
0.3206418461538461
0.22530461538461538
0.050067692307692306
-0.019192615384615384
-0.16042523076923076
-0.2572227692307692
-0.23072861538461537
-0.29498215384615384
-0.21049292307692305
-0.09137353846153846
-0.0033378461538461535
0.15833907692307692
0.18963138461538462
0.24324553846153843
0.2618123076923077
0.2330233846153846
0.2872633846153846
0.2509643076923077
0.19442953846153843
0.13372246153846154
0.07551876923076924
0.0936683076923077
0.04902461538461538
-0.016063384615384615
-0.08636676923076922
-0.17481969230769231
-0.16271999999999998
-0.16167692307692308
-0.17252492307692308
-0.15750461538461538
-0.17461107692307692
-0.12162276923076921
-0.05611753846153846
-0.021696
0.05590892307692308
0.09116492307692307
0.13497415384615385
0.20277415384615383
0.2138307692307692
0.2059033846153846
0.11828492307692307
0.0002086153846153846
-0.12099692307692309
-0.28121353846153846
-0.39866399999999996
-0.4889944615384615
-0.49045476923076925
-0.4268270769230769
-0.3594443076923077
-0.18858830769230767
-0.00855323076923077
0.1656406153846154
0.3412947692307692
0.4151446153846154
0.4516523076923077
0.4078430769230769
0.3062473846153846
0.2056947692307692
0.03692492307692308
-0.09909230769230769
-0.21007569230769232
-0.31626092307692305
-0.36632861538461536
-0.39657784615384617
-0.3510996923076923
-0.24616615384615384
-0.1207883076923077
0.020027076923076922
0.13351384615384615
0.2674449230769231
0.3836436923076923
0.4159790769230769
0.4141015384615384
0.3346190769230769
0.21737723076923077
0.11765907692307691
-0.022947692307692308
-0.12579507692307693
-0.20819815384615384
-0.27599815384615384
-0.26932246153846157
-0.2638984615384615
-0.22780799999999998
-0.16000799999999998
-0.09325107692307691
-0.006049846153846154
0.05674338461538461
0.10910584615384614
0.14457046153846154
0.14916
0.17461107692307692
0.1804523076923077
0.17481969230769231
0.15270646153846154
0.08031692307692308
0.023990769230769232
-0.04756430769230769
-0.10827138461538462
-0.13914646153846155
-0.19797599999999999
-0.20965846153846154
-0.17273353846153844
-0.12037107692307693
-0.03567323076923076
0.033169846153846154
0.11849353846153846
0.22405292307692307
0.2979027692307692
0.3548547692307692
0.3513083076923077
0.3087507692307692
0.2438713846153846
0.14081538461538462
0.051528
-0.043392
-0.12788123076923075
-0.1842073846153846
-0.2411593846153846
-0.25012984615384615
-0.22154953846153846
-0.15687876923076924
-0.03755076923076923
0.06070707692307692
0.14519630769230768
0.22342707692307692
0.279336
0.3327415384615385
0.32210215384615387
0.25451076923076926
0.17377661538461536
0.08010830769230769
0.014394461538461538
-0.042974769230769226
-0.10180430769230768
-0.14936861538461538
-0.1869193846153846
-0.16689230769230767
-0.11494707692307692
-0.05716061538461538
0.007510153846153846
0.04965046153846154
0.09596307692307693
0.13101046153846155
0.15500123076923078
0.17252492307692308
0.13747753846153846
0.09074769230769231
0.04088861538461538
-0.004589538461538461
-0.017315076923076923
-0.02315630769230769
-0.025659692307692307
-0.026285538461538457
-0.010848
0.03108369230769231
0.08302892307692307
0.11348676923076922
0.10868861538461538
0.07343261538461537
0.021904615384615383
-0.014811692307692307
-0.02858030769230769
-0.03692492307692308
-0.059038153846153844
-0.062376
-0.03692492307692308
0.009179076923076922
0.05507446153846154
0.06967753846153846
0.07614461538461538
0.06821723076923077
0.05236246153846154
0.040679999999999994
0.009596307692307692
-0.03588184615384615
-0.08720123076923077
-0.13372246153846154
-0.14832553846153845
-0.14185846153846154
-0.12704676923076924
-0.09804923076923076
-0.06341907692307691
-0.005424
0.0609156923076923
0.12162276923076921
0.16772676923076923
0.17085599999999998
0.15249784615384615
0.10743692307692307
0.05528307692307692
0.006049846153846154
-0.05236246153846154
-0.0936683076923077
-0.12266584615384615
-0.124752
-0.09450276923076922
-0.04672984615384615
0.010639384615384617
0.05590892307692308
0.08469784615384615
0.11140061538461538
0.13330523076923076
0.14290153846153844
0.14018953846153845
0.119328
0.09491999999999999
0.06696553846153847
0.04109723076923077
0.019609846153846155
-0.016063384615384615
-0.041514461538461535
-0.059872615384615385
-0.08720123076923077
-0.11849353846153846
-0.15416676923076922
-0.17398523076923075
-0.1656406153846154
-0.13643446153846153
-0.07802215384615384
-0.004589538461538461
0.06529661538461538
0.14853415384615384
0.22697353846153845
0.2931046153846154
0.3312812307692308
0.3277347692307692
0.2862203076923077
0.20715507692307691
0.11390399999999999
0.010639384615384617
-0.08782707692307692
-0.16835261538461538
-0.2225926153846154
-0.23969907692307693
-0.22342707692307692
-0.16793538461538463
-0.08031692307692308
0.01043076923076923
0.10138707692307691
0.2008966153846154
0.2862203076923077
0.33607938461538456
0.33607938461538456
0.29227015384615385
0.21028430769230766
0.0988836923076923
-0.016480615384615385
-0.13309661538461537
-0.23490092307692306
-0.30708184615384615
-0.33524492307692305
-0.30520430769230766
-0.2330233846153846
-0.13309661538461537
-0.024199384615384616
0.07697907692307693
0.16897846153846155
0.24032492307692307
0.279336
0.2822566153846154
0.2492953846153846
0.19881046153846152
0.15291507692307693
0.11953661538461538
0.08866153846153846
0.053405538461538456
0.013560000000000001
-0.021070153846153846
-0.034630153846153845
-0.04380923076923077
-0.05298830769230769
-0.058829538461538454
-0.058412307692307694
-0.04214030769230769
-0.013142769230769229
0.02586830769230769
0.06884307692307692
0.103056
0.12996738461538462
0.15667015384615385
0.17002153846153847
0.15145476923076923
0.10827138461538462
0.04380923076923077
-0.03629907692307692
-0.11578153846153846
-0.1913003076923077
-0.2572227692307692
-0.30895938461538464
-0.3402516923076923
-0.34504984615384615
-0.3156350769230769
-0.25346769230769234
-0.1787833846153846
-0.10159569230769232
-0.02086153846153846
0.07343261538461537
0.17565415384615385
0.25200738461538463
0.2947735384615384
0.30061476923076924
0.25534523076923077
0.1800350769230769
0.08323753846153846
-0.035464615384615386
-0.16167692307692308
-0.2912270769230769
-0.38885907692307686
-0.4345458461538461
-0.4345458461538461
-0.3848953846153846
-0.301032
-0.1829556923076923
-0.045895384615384616
0.09867507692307692
0.23218892307692307
0.3246055384615385
0.38280923076923074
0.38531261538461536
0.33899999999999997
0.25993476923076925
0.13935507692307691
0.003963692307692307
-0.13601723076923075
-0.2618123076923077
-0.3419206153846154
-0.3798886153846154
-0.3682061538461538
-0.30520430769230766
-0.21925476923076925
-0.08949599999999999
0.06633969230769231
0.21111876923076925
0.3344104615384615
0.3942830769230769
0.4128498461538462
0.38656430769230765
0.3239796923076923
0.24658338461538462
0.1287156923076923
-0.0025033846153846152
-0.130176
-0.23093723076923076
-0.29915446153846154
-0.3410861538461538
-0.3387913846153846
-0.3022836923076923
-0.22968553846153844
-0.12537784615384615
-0.013142769230769229
0.08740984615384616
0.15938215384615384
0.192552
0.20423446153846153
0.19651569230769228
0.15792184615384616
0.10555938461538462
0.028788923076923077
-0.05382276923076923
-0.11995384615384615
-0.17711446153846155
-0.20652923076923077
-0.22029784615384615
-0.22154953846153846
-0.19964492307692308
-0.15541846153846153
-0.0880356923076923
-0.012934153846153845
0.06195876923076923
0.130176
0.18504184615384617
0.22718215384615387
0.25138153846153843
0.2507556923076923
0.22822523076923076
0.17169046153846151
0.10472492307692308
0.03567323076923076
-0.042974769230769226
-0.12350030769230769
-0.2073636923076923
-0.26118646153846153
-0.2764153846153846
-0.24741784615384615
-0.18170399999999998
-0.10243015384615384
-0.011473846153846154
0.07635323076923077
0.15792184615384616
0.21883753846153844
0.23969907692307693
0.2275993846153846
0.18358153846153846
0.12120553846153845
0.06529661538461538
0.02273907692307692
-0.008344615384615384
-0.024199384615384616
-0.021070153846153846
0.009804923076923077
0.0678
0.1218313846153846
0.16501476923076921
0.18629353846153843
0.18399876923076922
0.17252492307692308
0.14582215384615385
0.10868861538461538
0.06487938461538462
0.017732307692307693
-0.012516923076923077
-0.005424
0.030875076923076922
0.08156861538461539
0.12704676923076924
0.15959076923076923
0.1777403076923077
0.1794092307692308
0.15604430769230768
0.08866153846153846
-0.01043076923076923
-0.12141415384615384
-0.2221753846153846
-0.30562153846153844
-0.3752990769230769
-0.42953907692307686
-0.469176
-0.48857723076923076
-0.42369784615384615
-0.2482523076923077
-0.03108369230769231
0.23531815384615382
0.46354338461538463
0.6487938461538462
0.8085932307692308
0.8661710769230769
0.8524024615384616
0.6775827692307692
0.4193169230769231
0.12412615384615384
-0.1860849230769231
-0.450192
-0.6930203076923077
-0.8198584615384615
-0.8615815384615384
-0.7522670769230769
-0.5013027692307692
-0.2090326153846154
0.12725538461538463
0.41952553846153845
0.6321046153846154
0.750180923076923
0.7270246153846154
0.5862092307692308
0.3692492307692308
0.06863446153846153
-0.23636123076923077
-0.5002596923076923
-0.6907255384615385
-0.7291107692307691
-0.654217846153846
-0.48586523076923077
-0.26306399999999996
-0.037342153846153844
0.18170399999999998
0.3642424615384615
0.4720966153846154
0.5010941538461539
0.4758516923076923
0.4182738461538461
0.35986153846153845
0.28413415384615387
0.18963138461538462
0.09199938461538461
0.008970461538461538
-0.059664
-0.12245723076923076
-0.17148184615384612
-0.22530461538461538
-0.23803015384615384
-0.21153599999999997
-0.19046584615384615
-0.17628
-0.17628
-0.16167692307692308
-0.11870215384615385
-0.059664
0.018775384615384614
0.11014892307692307
0.20256553846153844
0.2849686153846154
0.3448412307692308
0.3344104615384615
0.23260615384615385
0.07656184615384615
-0.13038461538461538
-0.3323243076923077
-0.48586523076923077
-0.5826627692307692
-0.574944
-0.4660467692307692
-0.2689052307692308
-0.02023569230769231
0.23969907692307693
0.4748086153846154
0.6362769230769231
0.7032424615384615
0.6652744615384616
0.5505359999999999
0.3980381538461538
0.22196676923076922
0.03212676923076923
-0.14749107692307692
-0.2730775384615384
-0.31500923076923076
-0.29498215384615384
-0.23636123076923077
-0.154584
-0.05403138461538461
0.07635323076923077
0.21842030769230766
0.32001599999999997
0.3613218461538461
0.34338092307692303
0.2601433846153846
0.15813046153846153
0.04672984615384615
-0.06717415384615384
-0.15228923076923076
-0.206112
-0.19735015384615384
-0.12516923076923075
-0.003963692307692307
0.13247076923076923
0.25513661538461535
0.3387913846153846
0.3550633846153846
0.32564861538461537
0.25012984615384615
0.14018953846153845
0.012099692307692308
-0.11703323076923078
-0.20027076923076922
-0.22572184615384616
-0.20694646153846152
-0.13893784615384613
-0.03358707692307692
0.073224
0.1656406153846154
0.22801661538461537
0.249504
0.21466523076923077
0.11494707692307692
-0.021070153846153846
-0.15938215384615384
-0.2703655384615385
-0.3475532307692307
-0.3880246153846154
-0.3882332307692308
-0.33649661538461534
-0.225096
-0.09325107692307691
0.029623384615384614
0.13622584615384614
0.2056947692307692
0.2422024615384615
0.2422024615384615
0.18921415384615384
0.10201292307692307
-0.0002086153846153846
-0.10263876923076923
-0.18379015384615385
-0.2415766153846154
-0.2724516923076923
-0.25951753846153847
-0.21070153846153844
-0.1341396923076923
-0.029414769230769227
0.06696553846153847
0.1395636923076923
0.1927606153846154
0.20819815384615384
0.2021483076923077
0.1696043076923077
0.11619876923076923
0.05799507692307692
-0.01814953846153846
-0.08511507692307693
-0.12642092307692307
-0.13121907692307694
-0.1136953846153846
-0.092208
-0.06988615384615385
-0.059038153846153844
-0.0448523076923077
-0.03650769230769231
-0.04985907692307692
-0.0678
-0.07551876923076924
-0.05778646153846154
-0.009596307692307692
0.04422646153846154
0.09930092307692308
0.15562707692307692
0.2059033846153846
0.25430215384615384
0.2951907692307692
0.3031181538461538
0.26097784615384617
0.18337292307692307
0.08845292307692308
-0.003129230769230769
-0.08344615384615384
-0.14582215384615385
-0.1787833846153846
-0.17544553846153846
-0.14269292307692305
-0.08428061538461538
-0.005215384615384615
0.05820369230769231
0.10201292307692307
0.13121907692307694
0.143736
0.13852061538461538
0.0892873846153846
0.014603076923076923
-0.06654830769230768
-0.1502030769230769
-0.20423446153846153
-0.22718215384615387
-0.22530461538461538
-0.20819815384615384
-0.17273353846153844
-0.10576799999999999
-0.008344615384615384
0.10076123076923077
0.18253846153846154
0.22634769230769228
0.2290596923076923
0.19213476923076922
0.13205353846153844
0.046104
-0.05736923076923077
-0.15687876923076924
-0.23656984615384613
-0.26139507692307695
-0.24199384615384617
-0.1908830769230769
-0.119328
-0.04965046153846154
0.017940923076923077
0.07969107692307692
0.12767261538461538
0.143736
0.11536430769230768
0.05048492307692308
-0.026702769230769228
-0.0936683076923077
-0.13643446153846153
-0.16188553846153847
-0.15938215384615384
-0.12621230769230768
-0.06905169230769231
0.01043076923076923
0.08469784615384615
0.1424843076923077
0.1777403076923077
0.1883796923076923
0.1860849230769231
0.16856123076923077
0.130176
0.07510153846153846
0.017523692307692306
-0.030875076923076922
-0.04819015384615385
-0.03379569230769231
0.0
0.03921969230769231
0.07697907692307693
0.1218313846153846
0.16063384615384615
0.18963138461538462
0.18963138461538462
0.1656406153846154
0.13080184615384613
0.08866153846153846
0.052153846153846155
0.008970461538461538
-0.03337846153846154
-0.06759138461538462
-0.08365476923076923
-0.07760492307692309
-0.056951999999999996
-0.035255999999999996
-0.02086153846153846
-0.02086153846153846
-0.03650769230769231
-0.051319384615384614
-0.06946892307692307
-0.092208
-0.11056615384615384
-0.11348676923076922
-0.09450276923076922
-0.051319384615384614
0.008970461538461538
0.07426707692307692
0.12245723076923076
0.14978584615384616
0.1666836923076923
0.16730953846153845
0.1422756923076923
0.08135999999999999
0.002086153846153846
-0.06654830769230768
-0.10952307692307692
-0.12120553846153845
-0.11056615384615384
-0.08594953846153845
-0.047772923076923074
-0.006258461538461538
0.04109723076923077
0.08156861538461539
0.09784061538461537
0.09387692307692307
0.06404492307692307
0.022530461538461537
-0.024408000000000003
-0.07510153846153846
-0.11432123076923076
-0.13852061538461538
-0.14018953846153845
-0.12329169230769231
-0.09408553846153846
-0.04860738461538461
-0.011265230769230769
0.013351384615384614
0.026911384615384615
0.03233538461538461
0.03775938461538462
0.03337846153846154
0.01981846153846154
0.0012516923076923076
-0.010848
-0.005215384615384615
0.023990769230769232
0.053614153846153846
0.084072
0.11891076923076922
0.14060676923076923
0.15813046153846153
0.1489513846153846
0.12245723076923076
0.07593599999999999
0.010013538461538461
-0.03880246153846154
-0.08323753846153846
-0.10535076923076922
-0.1097316923076923
-0.103056
-0.06821723076923077
-0.023990769230769232
0.04526953846153846
0.11703323076923078
0.1570873846153846
0.1666836923076923
0.1422756923076923
0.10618523076923077
0.04652123076923077
-0.015646153846153844
-0.06383630769230769
-0.10827138461538462
-0.12391753846153845
-0.10368184615384615
-0.04109723076923077
0.03775938461538462
0.10493353846153847
0.17085599999999998
0.22801661538461537
0.2651501538461538
0.273912
0.23969907692307693
0.1881710769230769
0.1218313846153846
0.04652123076923077
-0.015437538461538461
-0.06675692307692307
-0.0897046153846154
-0.0934596923076923
-0.08574092307692306
-0.05048492307692308
-0.005215384615384615
0.033169846153846154
0.07197230769230768
0.09304246153846155
0.10618523076923077
0.11056615384615384
0.09304246153846155
0.06675692307692307
0.021696
-0.02482523076923077
-0.06154153846153846
-0.08448923076923077
-0.08344615384615384
-0.06821723076923077
-0.04631261538461538
-0.0077187692307692304
0.03108369230769231
0.06717415384615384
0.09596307692307693
0.10201292307692307
0.10764553846153846
0.10514215384615383
0.09408553846153846
0.07426707692307692
0.05298830769230769
0.040262769230769234
0.015228923076923076
-0.007927384615384614
-0.02211323076923077
-0.047772923076923074
-0.08469784615384615
-0.11807630769230769
-0.13914646153846155
-0.13497415384615385
-0.10806276923076923
-0.05757784615384615
0.009179076923076922
0.07092923076923077
0.12808984615384614
0.17023015384615386
0.18504184615384617
0.18170399999999998
0.14999446153846155
0.10076123076923077
0.040679999999999994
-0.03275261538461539
-0.10117846153846152
-0.17502830769230768
-0.22342707692307692
-0.23406646153846156
-0.2090326153846154
-0.13267938461538462
-0.04401784615384615
0.052153846153846155
0.14832553846153845
0.22801661538461537
0.29602523076923076
0.3304467692307692
0.3225193846153846
0.2737033846153846
0.19463815384615382
0.10493353846153847
0.007301538461538462
-0.08699261538461538
-0.17023015384615386
-0.22801661538461537
-0.2426196923076923
-0.21967199999999998
-0.168144
-0.1028473846153846
-0.040679999999999994
0.02211323076923077
0.07635323076923077
0.12245723076923076
0.15333230769230768
0.1462393846153846
0.11536430769230768
0.06654830769230768
0.011891076923076923
-0.035255999999999996
-0.09283384615384616
-0.14603076923076924
-0.19317784615384614
-0.23344061538461539
-0.24199384615384617
-0.23072861538461537
-0.20027076923076922
-0.15687876923076924
-0.1045163076923077
-0.04819015384615385
0.008136
0.06404492307692307
0.10055261538461538
0.11056615384615384
0.07802215384615384
0.03024923076923077
-0.040679999999999994
-0.12913292307692306
-0.19755876923076923
-0.2641070769230769
-0.2979027692307692
-0.2897667692307692
-0.2626467692307692
-0.19964492307692308
-0.10994030769230768
0.029623384615384614
0.22300984615384614
0.30854215384615385
0.3012406153846154
0.25993476923076925
0.15959076923076923
0.1341396923076923
0.031918153846153846
-0.1787833846153846
-0.33712246153846154
-0.47689476923076923
-0.45373846153846153
-0.3752990769230769
-0.2807963076923077
-0.15416676923076922
-0.05194523076923077
0.19046584615384615
0.40054153846153845
0.5597150769230769
0.6200049230769231
0.5025544615384615
0.4178566153846154
0.2632726153846154
0.12224861538461537
0.010639384615384617
-0.1760713846153846
-0.2453316923076923
-0.31751261538461534
-0.33899999999999997
-0.2194633846153846
-0.12579507692307693
0.054240000000000003
0.19881046153846152
0.23928184615384615
0.31626092307692305
0.32898646153846156
0.3594443076923077
0.3646596923076923
0.25159015384615385
0.13393107692307693
-0.017940923076923077
-0.09241661538461539
-0.10326461538461539
-0.157296
-0.1867107692307692
-0.21696000000000001
-0.16730953846153845
-0.042974769230769226
0.03775938461538462
0.11557292307692307
0.1462393846153846
0.15166338461538462
0.20110523076923076
0.20277415384615383
0.1994363076923077
0.17669723076923077
0.10555938461538462
0.07885661538461539
0.03609046153846154
-0.016063384615384615
-0.06446215384615385
-0.1504116923076923
-0.20402584615384614
-0.24470584615384613
-0.26535876923076923
-0.23510953846153848
-0.1666836923076923
-0.05716061538461538
0.02211323076923077
0.11098338461538461
0.214248
0.27412061538461535
0.31667815384615383
0.2695310769230769
0.1652233846153846
0.07259815384615384
-0.03713353846153846
-0.11056615384615384
-0.1712732307692308
-0.2292683076923077
-0.23281476923076924
-0.21341353846153846
-0.14999446153846155
-0.065088
0.010848
0.12120553846153845
0.21779446153846155
0.2814221538461538
0.30061476923076924
0.27286892307692306
0.25138153846153843
0.19964492307692308
0.12016246153846154
0.023782153846153845
-0.0855323076923077
-0.1368516923076923
-0.16501476923076921
-0.17377661538461536
-0.13038461538461538
-0.08198584615384615
-0.0029206153846153843
0.0961716923076923
0.17023015384615386
0.2509643076923077
0.2914356923076923
0.29727692307692305
0.29101846153846156
0.22447015384615385
0.14102399999999998
0.040054153846153843
-0.04109723076923077
-0.08636676923076922
-0.12808984615384614
-0.1356
-0.14311015384615386
-0.11911938461538461
-0.048816000000000005
0.01981846153846154
0.09429415384615383
0.12412615384615384
0.12850707692307692
0.15959076923076923
0.1704387692307692
0.16897846153846155
0.13059323076923077
0.054240000000000003
0.01272553846153846
-0.02357353846153846
-0.05945538461538461
-0.09471138461538461
-0.14957723076923077
-0.18149538461538461
-0.20256553846153844
-0.20778092307692309
-0.1856676923076923
-0.16251138461538459
-0.12913292307692306
-0.09763200000000001
-0.06321046153846153
-0.01814953846153846
0.02044430769230769
0.06070707692307692
0.07343261538461537
0.042974769230769226
0.015646153846153844
-0.01668923076923077
-0.024408000000000003
-0.02044430769230769
-0.06154153846153846
-0.10430769230769231
-0.14102399999999998
-0.14060676923076923
-0.10222153846153846
-0.073224
-0.042974769230769226
-0.0012516923076923076
0.059664
0.14540492307692307
0.21758584615384616
0.25367630769230765
0.2507556923076923
0.20715507692307691
0.16000799999999998
0.09721476923076922
0.02795446153846154
-0.03963692307692308
-0.103056
-0.12934153846153845
-0.13852061538461538
-0.1136953846153846
-0.06717415384615384
-0.022947692307692308
0.01940123076923077
0.045895384615384616
0.08010830769230769
0.11745046153846153
0.13393107692307693
0.12266584615384615
0.08699261538461538
0.04109723076923077
0.004589538461538461
-0.016897846153846156
-0.01814953846153846
-0.017315076923076923
-0.02482523076923077
-0.013768615384615384
0.012099692307692308
0.047772923076923074
0.06425353846153846
0.058412307692307694
0.06633969230769231
0.06863446153846153
0.07197230769230768
0.08094276923076923
0.07551876923076924
0.08156861538461539
0.09387692307692307
0.11286092307692308
0.1368516923076923
0.1356
0.11327815384615383
0.07092923076923077
0.02273907692307692
-0.02858030769230769
-0.0853236923076923
-0.13372246153846154
-0.18107815384615383
-0.21111876923076925
-0.21049292307692305
-0.18525046153846153
-0.12934153846153845
-0.05486584615384615
0.032544
0.12621230769230768
0.19526400000000002
0.23448369230769228
0.24491446153846153
0.2140393846153846
0.15270646153846154
0.06571384615384615
-0.03984553846153846
-0.130176
-0.20360861538461536
-0.2438713846153846
-0.23844738461538462
-0.19985353846153847
-0.12558646153846154
-0.03880246153846154
0.053405538461538456
0.13497415384615385
0.19860184615384616
0.23907323076923076
0.233232
0.19839323076923077
0.1341396923076923
0.04902461538461538
-0.02899753846153846
-0.10180430769230768
-0.15604430769230768
-0.184416
-0.18900553846153845
-0.15395815384615386
-0.09304246153846155
-0.015646153846153844
0.05862092307692307
0.10201292307692307
0.12683815384615382
0.13872923076923074
0.1341396923076923
0.11870215384615385
0.09158215384615384
0.05653476923076922
0.025659692307692307
0.0029206153846153843
-0.013768615384615384
-0.03358707692307692
-0.05799507692307692
-0.07927384615384615
-0.09846646153846153
-0.11181784615384616
-0.12287446153846153
-0.12558646153846154
-0.11599015384615384
-0.10952307692307692
-0.09471138461538461
-0.06675692307692307
-0.04047138461538462
-0.013768615384615384
-0.001043076923076923
0.001043076923076923
0.0016689230769230767
-0.011473846153846154
-0.029414769230769227
-0.06571384615384615
-0.10868861538461538
-0.1397723076923077
-0.16856123076923077
-0.1792006153846154
-0.1792006153846154
-0.165432
-0.13455692307692307
-0.08782707692307692
-0.014394461538461538
0.06321046153846153
0.12433476923076923
0.168144
0.18754523076923074
0.19046584615384615
0.18879692307692306
0.1652233846153846
0.12767261538461538
0.0897046153846154
0.06049846153846154
0.04819015384615385
0.04860738461538461
0.06300184615384616
0.07259815384615384
0.0855323076923077
0.11223507692307692
0.14790830769230767
0.18066092307692305
0.1856676923076923
0.17315076923076922
0.14540492307692307
0.10889723076923077
0.07551876923076924
0.03838523076923077
0.0008344615384615384
-0.030875076923076922
-0.050067692307692306
-0.05069353846153846
-0.03838523076923077
-0.02357353846153846
-0.014185846153846153
-0.013142769230769229
-0.014811692307692307
-0.016063384615384615
-0.013768615384615384
-0.017315076923076923
-0.030875076923076922
-0.04631261538461538
-0.05382276923076923
-0.04088861538461538
-0.013142769230769229
0.02211323076923077
0.051528
0.06633969230769231
0.08386338461538462
0.10180430769230768
0.11098338461538461
0.09721476923076922
0.058412307692307694
0.009596307692307692
-0.03671630769230769
-0.06884307692307692
-0.09179076923076923
-0.10597661538461538
-0.10764553846153846
-0.08574092307692306
-0.04130584615384615
0.006884307692307692
0.04839876923076923
0.07948246153846153
0.09512861538461538
0.09658892307692307
0.09179076923076923
0.06738276923076922
0.02586830769230769
-0.01668923076923077
-0.05716061538461538
-0.0853236923076923
-0.09784061538461537
-0.0936683076923077
-0.07802215384615384
-0.059664
-0.042557538461538466
-0.01668923076923077
0.02273907692307692
0.05820369230769231
0.08720123076923077
0.10159569230769232
0.09930092307692308
0.0974233846153846
0.09074769230769231
0.06613107692307692
0.03421292307692308
-0.006884307692307692
-0.03984553846153846
-0.04193169230769231
-0.03901107692307692
-0.03379569230769231
-0.030040615384615384
-0.03024923076923077
-0.024199384615384616
-0.012099692307692308
0.0012516923076923076
0.006675692307692307
0.012516923076923077
0.024616615384615383
0.053405538461538456
0.092208
0.1218313846153846
0.13893784615384613
0.14206707692307693
0.13476553846153844
0.12642092307692307
0.11578153846153846
0.09158215384615384
0.06425353846153846
0.03150092307692308
0.002086153846153846
-0.009596307692307692
-0.012099692307692308
-0.004589538461538461
0.008970461538461538
0.022947692307692308
0.04839876923076923
0.08782707692307692
0.11995384615384615
0.13768615384615385
0.13351384615384615
0.10368184615384615
0.06592246153846154
0.018358153846153843
-0.03504738461538461
-0.10201292307692307
-0.168144
-0.20798953846153845
-0.21174461538461536
-0.1783661538461538
-0.14018953846153845
-0.0961716923076923
-0.03984553846153846
0.029623384615384614
0.111192
0.1792006153846154
0.20861538461538462
0.19672430769230767
0.15124615384615384
0.09262523076923077
0.025659692307692307
-0.05736923076923077
-0.13455692307692307
-0.19463815384615382
-0.222384
-0.20110523076923076
-0.146448
-0.06821723076923077
0.01814953846153846
0.09053907692307692
0.1597993846153846
0.2140393846153846
0.24408
0.2526332307692308
0.22718215384615387
0.17023015384615386
0.09971815384615385
0.03963692307692308
-0.009804923076923077
-0.05716061538461538
-0.09909230769230769
-0.12829846153846153
-0.12767261538461538
-0.10138707692307691
-0.07405846153846153
-0.049233230769230765
-0.027120000000000002
-0.008970461538461538
0.010013538461538461
-0.0035464615384615383
-0.05319692307692307
-0.12162276923076921
-0.20798953846153845
-0.2666104615384615
-0.314592
-0.3408775384615384
-0.33816553846153846
-0.27432923076923077
-0.116616
0.157296
0.4453938461538462
0.6540092307692308
0.8834861538461539
1.0140793846153846
1.0943963076923078
1.0487095384615384
0.790860923076923
0.42474092307692307
-0.07656184615384615
-0.509856
-0.9126923076923076
-1.241470153846154
-1.412326153846154
-1.4690695384615384
-1.2402184615384615
-0.8436406153846153
-0.27850153846153847
0.3782196923076923
0.9224972307692308
1.408153846153846
1.6743470769230768
1.7175304615384615
1.5527243076923076
1.108164923076923
0.5597150769230769
-0.09033046153846153
-0.7568566153846153
-1.2256153846153846
-1.5412504615384615
-1.6219846153846154
-1.494937846153846
-1.2354203076923076
-0.778344
-0.24762646153846155
0.35297723076923077
0.9254178461538461
1.3257507692307693
1.565867076923077
1.593612923076923
1.4640627692307693
1.1774252307692308
0.6988615384615385
0.14936861538461538
-0.43704923076923075
-0.9421070769230768
-1.2656695384615384
-1.4619766153846154
-1.4761624615384614
-1.3355556923076923
-1.0660246153846153
-0.6642313846153846
-0.2290596923076923
0.21195323076923075
0.6202135384615385
0.9154043076923076
1.1361193846153845
1.2566990769230768
1.2412615384615384
1.097316923076923
0.7958676923076923
0.39595199999999997
-0.06571384615384615
-0.5255021538461538
-0.92208
-1.2324996923076923
-1.403147076923077
-1.442784
-1.2977963076923076
-0.9435673846153845
-0.46354338461538463
0.10952307692307692
0.6840498461538461
1.1801372307692308
1.5679532307692308
1.7690584615384615
1.7554984615384617
1.4913913846153846
0.9994763076923077
0.3994984615384615
-0.23928184615384615
-0.839676923076923
-1.3374332307692305
-1.683108923076923
-1.8126590769230768
-1.718364923076923
-1.4029384615384615
-0.9101889230769231
-0.31646953846153847
0.32836061538461536
0.9235403076923077
1.3891698461538462
1.6820658461538462
1.7229544615384613
1.534366153846154
1.1442553846153845
0.5951796923076923
0.012099692307692308
-0.5540824615384615
-1.0259704615384615
-1.3499501538461538
-1.511835692307692
-1.4557181538461539
-1.1962006153846152
-0.778344
-0.26619323076923074
0.252216
0.7165938461538461
1.0706141538461538
1.2946670769230768
1.3737323076923076
1.2783950769230767
1.042033846153846
0.6919772307692308
0.28893230769230765
-0.08699261538461538
-0.4268270769230769
-0.6846756923076923
-0.8594953846153846
-0.9466966153846154
-0.9005926153846153
-0.760403076923077
-0.5540824615384615
-0.31751261538461534
-0.07781353846153846
0.16418030769230768
0.387816
0.571188923076923
0.6880135384615385
0.7155507692307692
0.6652744615384616
0.5503273846153846
0.3838523076923077
0.18525046153846153
-0.044435076923076924
-0.2720344615384615
-0.4912892307692307
-0.6702812307692307
-0.7687476923076924
-0.8002486153846153
-0.7399587692307692
-0.5987261538461538
-0.39928984615384616
-0.1341396923076923
0.15917353846153848
0.4599969230769231
0.7236867692307692
0.8836947692307692
0.9439846153846153
0.8980892307692306
0.7524756923076922
0.5275883076923077
0.24011630769230768
-0.06592246153846154
-0.36632861538461536
-0.609156923076923
-0.7578996923076923
-0.8225704615384615
-0.7825163076923077
-0.653592
-0.4577021538461538
-0.19755876923076923
0.07739630769230768
0.34651015384615386
0.570563076923077
0.7088750769230768
0.7789698461538461
0.7497636923076922
0.634608
0.46354338461538463
0.2480436923076923
0.03504738461538461
-0.15604430769230768
-0.29602523076923076
-0.3698750769230769
-0.38572984615384615
-0.3485963076923077
-0.2726603076923077
-0.17461107692307692
-0.06967753846153846
0.026911384615384615
0.11432123076923076
0.1800350769230769
0.22321846153846153
0.254928
0.26723630769230766
0.26160369230769226
0.23490092307692306
0.1913003076923077
0.14206707692307693
0.0853236923076923
0.017940923076923077
-0.05590892307692308
-0.13518276923076925
-0.2090326153846154
-0.2726603076923077
-0.31855569230769226
-0.3383741538461538
-0.3350363076923077
-0.2897667692307692
-0.20715507692307691
-0.09533723076923077
0.03629907692307692
0.15813046153846153
0.26786215384615386
0.3483876923076923
0.3805144615384615
0.35986153846153845
0.2674449230769231
0.12391753846153845
-0.04735569230769231
-0.2225926153846154
-0.37321292307692305
-0.4958787692307692
-0.570563076923077
-0.5789076923076923
-0.5108990769230769
-0.3692492307692308
-0.18629353846153843
0.01272553846153846
0.20423446153846153
0.35965292307692304
0.46667261538461535
0.5069353846153847
0.48023261538461537
0.3752990769230769
0.19672430769230767
-0.009179076923076922
-0.2154996923076923
-0.3813489230769231
-0.48607384615384613
-0.5303003076923076
-0.5096473846153846
-0.427452923076923
-0.2837169230769231
-0.0961716923076923
0.08949599999999999
0.23656984615384613
0.34588430769230766
0.40659138461538463
0.4209858461538461
0.40283630769230766
0.3448412307692308
0.25805723076923076
0.1424843076923077
0.032544
-0.04693846153846153
-0.10597661538461538
-0.1504116923076923
-0.18629353846153843
-0.19609846153846153
-0.17294215384615383
-0.11703323076923078
-0.04526953846153846
0.022947692307692308
0.08824430769230769
0.14853415384615384
0.20173107692307693
0.25054707692307693
0.28017046153846153
0.276624
0.2497126153846154
0.1992276923076923
0.13434830769230768
0.05945538461538461
-0.03233538461538461
-0.12996738461538462
-0.222384
-0.2883064615384615
-0.31354892307692306
-0.29352184615384613
-0.2205064615384615
-0.12120553846153845
-0.007301538461538462
0.12037107692307693
0.2509643076923077
0.37196123076923077
0.43663199999999996
0.44414215384615385
0.40596553846153843
0.32043323076923075
0.20131384615384615
0.059038153846153844
-0.08010830769230769
-0.21153599999999997
-0.3081249230769231
-0.3479704615384615
-0.33357600000000004
-0.25805723076923076
-0.15500123076923078
-0.03212676923076923
0.10764553846153846
0.2399076923076923
0.3485963076923077
0.4047138461538461
0.39636923076923075
0.34046030769230773
0.2342750769230769
0.10138707692307691
-0.03629907692307692
-0.17732307692307692
-0.28121353846153846
-0.34317230769230767
-0.3437981538461538
-0.2818393846153846
-0.18629353846153843
-0.06425353846153846
0.059038153846153844
0.1779489230769231
0.2707827692307692
0.314592
0.30708184615384615
0.24074215384615386
0.13267938461538462
0.011473846153846154
-0.10347323076923076
-0.19588984615384614
-0.2526332307692308
-0.27182584615384614
-0.2438713846153846
-0.17628
-0.07927384615384615
0.03045784615384615
0.11703323076923078
0.17669723076923077
0.20110523076923076
0.18525046153846153
0.13601723076923075
0.050067692307692306
-0.05736923076923077
-0.16480615384615382
-0.25012984615384615
-0.2853858461538461
-0.2751636923076923
-0.2290596923076923
-0.15333230769230768
-0.05924676923076923
0.056951999999999996
0.16584923076923075
0.25555384615384613
0.3049956923076923
0.2937304615384615
0.2572227692307692
0.1829556923076923
0.09137353846153846
-0.007510153846153846
-0.12329169230769231
-0.21091015384615383
-0.2618123076923077
-0.2638984615384615
-0.2154996923076923
-0.1424843076923077
-0.06049846153846154
0.02273907692307692
0.09408553846153846
0.14853415384615384
0.17377661538461536
0.15896492307692306
0.11494707692307692
0.051528
-0.0006258461538461538
-0.040054153846153843
-0.06487938461538462
-0.07489292307692308
-0.08511507692307693
-0.084072
-0.06759138461538462
-0.042348923076923076
-0.016480615384615385
-0.009596307692307692
-0.006675692307692307
0.011473846153846154
0.035464615384615386
0.07656184615384615
0.10764553846153846
0.12350030769230769
0.14081538461538462
0.14978584615384616
0.16313723076923078
0.16710092307692306
0.14394461538461537
0.10514215384615383
0.06195876923076923
0.01981846153846154
-0.008970461538461538
-0.02524246153846154
-0.034630153846153845
-0.03421292307692308
-0.014394461538461538
0.02858030769230769
0.0853236923076923
0.14081538461538462
0.17315076923076922
0.19359507692307693
0.20423446153846153
0.200688
0.18149538461538461
0.12642092307692307
0.04902461538461538
-0.03921969230769231
-0.12287446153846153
-0.1760713846153846
-0.19442953846153843
-0.18191261538461537
-0.15354092307692307
-0.10180430769230768
-0.025033846153846153
0.06341907692307691
0.14916
0.20193969230769232
0.2207150769230769
0.21341353846153846
0.18983999999999998
0.15270646153846154
0.09950953846153845
0.03629907692307692
-0.026494153846153844
-0.058829538461538454
-0.06258461538461538
-0.04172307692307692
-0.009387692307692307
0.010013538461538461
0.02482523076923077
0.03609046153846154
0.04819015384615385
0.04672984615384615
0.01814953846153846
-0.027745846153846152
-0.07572738461538461
-0.10618523076923077
-0.12037107692307693
-0.12037107692307693
-0.09846646153846153
-0.05486584615384615
0.009804923076923077
0.07885661538461539
0.1341396923076923
0.16167692307692308
0.1395636923076923
0.07614461538461538
-0.018983999999999997
-0.11953661538461538
-0.20965846153846154
-0.2872633846153846
-0.3402516923076923
-0.3479704615384615
-0.3047870769230769
-0.24282830769230768
-0.14811692307692306
-0.029623384615384614
0.0988836923076923
0.22321846153846153
0.2979027692307692
0.3269003076923077
0.3279433846153846
0.27412061538461535
0.26911384615384615
0.2509643076923077
0.059664
-0.10639384615384614
-0.29039261538461536
-0.39407446153846154
-0.3456756923076923
-0.4443507692307692
-0.4758516923076923
-0.46542092307692307
-0.3554806153846154
-0.05945538461538461
0.11181784615384616
0.27182584615384614
0.2981113846153846
0.3383741538461538
0.4516523076923077
0.4188996923076923
0.40325353846153844
0.1856676923076923
-0.04318338461538461
-0.15833907692307692
-0.32085046153846153
-0.30562153846153844
-0.34943076923076927
-0.35986153846153845
-0.21779446153846155
-0.19171753846153847
-0.02273907692307692
0.14978584615384616
0.25972615384615383
0.46145723076923073
0.4704276923076923
0.4683415384615384
0.46396061538461536
0.3615304615384615
0.3481790769230769
0.2157083076923077
0.02086153846153846
-0.15938215384615384
-0.33524492307692305
-0.3437981538461538
-0.36674584615384614
-0.38927630769230764
-0.3573581538461538
-0.31834707692307695
-0.13872923076923074
0.030875076923076922
0.15145476923076923
0.27182584615384614
0.2868461538461538
0.3373310769230769
0.3707095384615384
0.31855569230769226
0.2774584615384615
0.15520984615384617
0.04860738461538461
-0.016272
-0.13267938461538462
-0.21195323076923075
-0.28788923076923073
-0.3448412307692308
-0.32606584615384615
-0.2860116923076923
-0.18191261538461537
-0.03379569230769231
0.14957723076923077
0.3239796923076923
0.43016492307692306
0.5359329230769231
0.5622184615384616
0.5248763076923078
0.442056
0.2415766153846154
0.05090215384615384
-0.1358086153846154
-0.3072904615384615
-0.39741230769230773
-0.4848221538461538
-0.4873255384615384
-0.41034646153846155
-0.31083692307692307
-0.16188553846153847
-0.03588184615384615
0.10681107692307691
0.27453784615384613
0.38760738461538463
0.43934399999999996
0.4030449230769231
0.3383741538461538
0.26765353846153844
0.14164984615384615
-0.0002086153846153846
-0.1704387692307692
-0.31000246153846156
-0.360696
-0.3880246153846154
-0.3346190769230769
-0.23615261538461538
-0.13622584615384614
0.038176615384615385
0.1787833846153846
0.28413415384615387
0.3763421538461538
0.3984553846153846
0.3961606153846154
0.32836061538461536
0.21132738461538458
0.08490646153846154
-0.04902461538461538
-0.14519630769230768
-0.22530461538461538
-0.2772498461538462
-0.2995716923076923
-0.31104553846153843
-0.25138153846153843
-0.1666836923076923
-0.08574092307692306
0.0018775384615384615
0.03942830769230769
0.09596307692307693
0.1639716923076923
0.19025723076923076
0.20131384615384615
0.15416676923076922
0.103056
0.08198584615384615
0.04130584615384615
-0.003129230769230769
-0.0771876923076923
-0.16105107692307694
-0.20715507692307691
-0.23385784615384617
-0.21466523076923077
-0.17628
-0.13518276923076925
-0.07030338461538461
-0.019609846153846155
0.05403138461538461
0.12642092307692307
0.1666836923076923
0.20277415384615383
0.1639716923076923
0.08574092307692306
0.0077187692307692304
-0.07760492307692309
-0.12579507692307693
-0.19651569230769228
-0.2822566153846154
-0.31772123076923076
-0.3170953846153846
-0.25054707692307693
-0.14749107692307692
-0.06738276923076922
0.017523692307692306
0.092208
0.1710646153846154
0.2482523076923077
0.26640184615384616
0.24470584615384613
0.17648861538461538
0.10576799999999999
0.051319384615384614
-0.015228923076923076
-0.04985907692307692
-0.0828203076923077
-0.09241661538461539
-0.05444861538461539
-0.012934153846153845
0.07301538461538462
0.16876984615384616
0.2436627692307692
0.3160523076923077
0.3506824615384615
0.3692492307692308
0.3600701538461538
0.30833353846153844
0.222384
0.11202646153846153
0.017940923076923077
-0.05945538461538461
-0.1028473846153846
-0.11765907692307691
-0.1178676923076923
-0.08636676923076922
-0.031709538461538456
0.04422646153846154
0.11265230769230769
0.12975876923076923
0.1356
0.14102399999999998
0.1316363076923077
0.12099692307692309
0.07593599999999999
0.02482523076923077
-0.0035464615384615383
-0.013142769230769229
0.015020307692307692
0.04088861538461538
0.05799507692307692
0.07134646153846153
0.073224
0.0892873846153846
0.08636676923076922
0.0678
0.03713353846153846
-0.014603076923076923
-0.05194523076923077
-0.08720123076923077
-0.11390399999999999
-0.12662953846153846
-0.13935507692307691
-0.12704676923076924
-0.09408553846153846
-0.05736923076923077
-0.0050067692307692304
0.040262769230769234
0.06967753846153846
0.08761846153846153
0.07092923076923077
0.04902461538461538
0.013142769230769229
-0.03609046153846154
-0.07051199999999999
-0.10076123076923077
-0.10868861538461538
-0.10138707692307691
-0.07426707692307692
-0.03150092307692308
0.015854769230769228
0.07489292307692308
0.1136953846153846
0.13184492307692308
0.12955015384615384
0.09429415384615383
0.06258461538461538
0.04214030769230769
0.03045784615384615
0.02899753846153846
0.01272553846153846
-0.005215384615384615
-0.005215384615384615
0.011682461538461537
0.03045784615384615
0.031709538461538456
0.023990769230769232
0.008136
-0.021904615384615383
-0.04819015384615385
-0.07113784615384615
-0.0853236923076923
-0.08094276923076923
-0.07072061538461538
-0.04380923076923077
-0.014185846153846153
0.011891076923076923
0.045895384615384616
0.061750153846153844
0.059038153846153844
0.04214030769230769
-0.006467076923076923
-0.05674338461538461
-0.10743692307692307
-0.15771323076923077
-0.17690584615384616
-0.16835261538461538
-0.11327815384615383
-0.029206153846153847
0.05611753846153846
0.14686523076923075
0.21800307692307694
0.2591003076923077
0.2540935384615385
0.19651569230769228
0.11452984615384615
0.011682461538461537
-0.09158215384615384
-0.1787833846153846
-0.2517987692307692
-0.2862203076923077
-0.2822566153846154
-0.23761292307692305
-0.1424843076923077
-0.03859384615384615
0.05653476923076922
0.13601723076923075
0.1710646153846154
0.1777403076923077
0.14394461538461537
0.06717415384615384
-0.025659692307692307
-0.12788123076923075
-0.20548615384615385
-0.2532590769230769
-0.26535876923076923
-0.2438713846153846
-0.1992276923076923
-0.11870215384615385
-0.01856676923076923
0.0961716923076923
0.200688
0.27599815384615384
0.32231076923076923
0.3241883076923077
0.2937304615384615
0.2426196923076923
0.15145476923076923
0.03880246153846154
-0.07051199999999999
-0.1597993846153846
-0.19588984615384614
-0.18879692307692306
-0.14081538461538462
-0.06529661538461538
0.029206153846153847
0.12725538461538463
0.20444307692307692
0.26452430769230767
0.2707827692307692
0.22175815384615383
0.14728246153846153
0.06362769230769232
-0.003129230769230769
-0.06633969230769231
-0.11995384615384615
-0.14686523076923075
-0.16334584615384617
-0.15124615384615384
-0.11578153846153846
-0.08031692307692308
-0.035464615384615386
0.0029206153846153843
0.031709538461538456
0.06946892307692307
0.10409907692307692
0.12496061538461539
0.132888
0.1289243076923077
0.124752
0.11244369230769231
0.08469784615384615
0.043392
-0.015228923076923076
-0.061124307692307686
-0.09554584615384615
-0.1151556923076923
-0.11724184615384614
-0.12204
-0.11578153846153846
-0.10910584615384614
-0.07572738461538461
-0.015646153846153844
0.01856676923076923
0.04214030769230769
0.05924676923076923
0.07197230769230768
0.08615815384615384
0.0717636923076923
0.03421292307692308
-0.024408000000000003
-0.08949599999999999
-0.13664307692307692
-0.16730953846153845
-0.17982646153846152
-0.17648861538461538
-0.15687876923076924
-0.11348676923076922
-0.0448523076923077
0.04693846153846153
0.13789476923076924
0.19338646153846153
0.22864246153846152
0.23510953846153848
0.22113230769230768
0.19338646153846153
0.1314276923076923
0.05570030769230769
-0.03379569230769231
-0.10827138461538462
-0.14060676923076923
-0.1435273846153846
-0.12704676923076924
-0.09679753846153846
-0.04985907692307692
0.01668923076923077
0.08240307692307691
0.12996738461538462
0.14811692307692306
0.12016246153846154
0.07572738461538461
0.03045784615384615
-0.006258461538461538
-0.03400430769230769
-0.06696553846153847
-0.0826116923076923
-0.08115138461538463
-0.04693846153846153
0.013768615384615384
0.06487938461538462
0.09700615384615385
0.10743692307692307
0.11578153846153846
0.12412615384615384
0.12788123076923075
0.11494707692307692
0.07927384615384615
0.037967999999999995
0.005841230769230769
-0.007510153846153846
-0.019609846153846155
-0.03984553846153846
-0.06049846153846154
-0.06633969230769231
-0.040054153846153843
0.013351384615384614
0.07468430769230769
0.12683815384615382
0.157296
0.1639716923076923
0.1635544615384615
0.13601723076923075
0.07009476923076922
-0.021904615384615383
-0.12725538461538463
-0.21675138461538462
-0.26681907692307694
-0.2680707692307692
-0.235944
-0.17961784615384613
-0.10159569230769232
0.0006258461538461538
0.11390399999999999
0.21007569230769232
0.2703655384615385
0.28434276923076923
0.2722430769230769
0.23969907692307693
0.19359507692307693
0.13476553846153844
0.058412307692307694
-0.016480615384615385
-0.07781353846153846
-0.10576799999999999
-0.09596307692307693
-0.07405846153846153
-0.053614153846153846
-0.045060923076923075
-0.03379569230769231
-0.026494153846153844
-0.0014603076923076922
0.052153846153846155
0.10889723076923077
0.20778092307692309
0.2730775384615384
0.3310726153846154
0.3988726153846154
0.39928984615384616
0.3915710769230769
0.30332676923076923
0.1794092307692308
0.0448523076923077
-0.10868861538461538
-0.18358153846153846
-0.30583015384615386
-0.3782196923076923
-0.3915710769230769
-0.3707095384615384
-0.2194633846153846
-0.084072
0.0892873846153846
0.24554030769230767
0.3659113846153846
0.5173661538461538
0.5505359999999999
0.5378104615384616
0.43704923076923075
0.25159015384615385
0.09784061538461537
-0.12204
-0.29748553846153847
-0.425784
-0.5236246153846154
-0.49817353846153845
-0.4355889230769231
-0.30520430769230766
-0.15208061538461537
-0.017523692307692306
0.14916
0.2482523076923077
0.30854215384615385
0.3402516923076923
0.3072904615384615
0.28163076923076924
0.20527753846153846
0.10222153846153846
-0.001043076923076923
-0.143736
-0.24491446153846153
-0.3304467692307692
-0.3994984615384615
-0.4109723076923077
-0.39115384615384613
-0.30708184615384615
-0.18983999999999998
-0.07635323076923077
0.05090215384615384
0.154584
0.24032492307692307
0.3031181538461538
0.3152178461538461
0.3079163076923077
0.2703655384615385
0.22029784615384615
0.15771323076923077
0.05382276923076923
-0.034630153846153845
-0.12224861538461537
-0.18712800000000002
-0.2125790769230769
-0.2436627692307692
-0.22947692307692308
-0.18858830769230767
-0.12537784615384615
-0.024199384615384616
0.054657230769230764
0.1207883076923077
0.17002153846153847
0.19004861538461537
0.1992276923076923
0.1696043076923077
0.12934153846153845
0.09429415384615383
0.03629907692307692
-0.014394461538461538
-0.06446215384615385
-0.10660246153846153
-0.13184492307692308
-0.1570873846153846
-0.157296
-0.15291507692307693
-0.12579507692307693
-0.06487938461538462
-0.005841230769230769
0.059038153846153844
0.10639384615384614
0.15124615384615384
0.19672430769230767
0.2021483076923077
0.17586276923076924
0.1207883076923077
0.05298830769230769
-0.0012516923076923076
-0.049233230769230765
-0.07927384615384615
-0.09658892307692307
-0.10952307692307692
-0.09408553846153846
-0.073224
-0.042557538461538466
-0.013768615384615384
-0.0012516923076923076
0.018983999999999997
0.027120000000000002
0.03108369230769231
0.025033846153846153
0.0025033846153846152
-0.0070929230769230765
-0.01981846153846154
-0.03650769230769231
-0.05277969230769231
-0.07468430769230769
-0.078648
-0.06967753846153846
-0.05069353846153846
-0.022947692307692308
0.0002086153846153846
0.020652923076923076
0.032544
0.03859384615384615
0.0448523076923077
0.03859384615384615
0.024408000000000003
0.01981846153846154
0.02273907692307692
0.03921969230769231
0.053405538461538456
0.06571384615384615
0.08782707692307692
0.0936683076923077
0.08761846153846153
0.07343261538461537
0.04526953846153846
0.014603076923076923
-0.029414769230769227
-0.07739630769230768
-0.10952307692307692
-0.12767261538461538
-0.11891076923076922
-0.09846646153846153
-0.08135999999999999
-0.06487938461538462
-0.05236246153846154
-0.014603076923076923
0.03212676923076923
0.05382276923076923
0.06467076923076923
0.06049846153846154
0.05799507692307692
0.05799507692307692
0.03275261538461539
0.012516923076923077
-0.01710646153846154
-0.052571076923076915
-0.06446215384615385
-0.07802215384615384
-0.08135999999999999
-0.09325107692307691
-0.10743692307692307
-0.09554584615384615
-0.07614461538461538
-0.05048492307692308
-0.03483876923076923
-0.028788923076923077
-0.009179076923076922
0.009596307692307692
0.03421292307692308
0.06884307692307692
0.0855323076923077
0.08824430769230769
0.07051199999999999
0.04318338461538461
0.02211323076923077
-0.009596307692307692
-0.04109723076923077
-0.07134646153846153
-0.09804923076923076
-0.09867507692307692
-0.0826116923076923
-0.05444861538461539
-0.015437538461538461
0.018775384615384614
0.06195876923076923
0.10952307692307692
0.15625292307692307
0.1860849230769231
0.17669723076923077
0.15896492307692306
0.14290153846153844
0.13080184615384613
0.11098338461538461
0.06571384615384615
0.020652923076923076
-0.017940923076923077
-0.043600615384615383
-0.05444861538461539
-0.05674338461538461
-0.05277969230769231
-0.05444861538461539
-0.03713353846153846
0.006675692307692307
0.04568676923076923
0.0717636923076923
0.08219446153846154
0.07072061538461538
0.04631261538461538
0.014603076923076923
-0.021278769230769233
-0.058829538461538454
-0.09512861538461538
-0.11599015384615384
-0.12287446153846153
-0.11056615384615384
-0.08323753846153846
-0.053405538461538456
-0.023364923076923075
-0.0050067692307692304
0.021696
0.048816000000000005
0.05653476923076922
0.05799507692307692
0.041514461538461535
0.017523692307692306
0.010848
0.01397723076923077
0.024199384615384616
0.03984553846153846
0.054240000000000003
0.08574092307692306
0.12391753846153845
0.14811692307692306
0.14603076923076924
0.11035753846153845
0.06362769230769232
0.0050067692307692304
-0.05486584615384615
-0.10827138461538462
-0.15541846153846153
-0.18149538461538461
-0.18337292307692307
-0.15249784615384615
-0.08991323076923076
-0.009179076923076922
0.06988615384615385
0.13768615384615385
0.1908830769230769
0.22154953846153846
0.2288510769230769
0.20110523076923076
0.14561353846153846
0.06154153846153846
-0.03880246153846154
-0.12308307692307692
-0.18942276923076923
-0.233232
-0.24658338461538462
-0.2225926153846154
-0.1696043076923077
-0.08782707692307692
0.010848
0.11014892307692307
0.19359507692307693
0.2532590769230769
0.2943563076923077
0.3039526153846154
0.2849686153846154
0.22822523076923076
0.15208061538461537
0.07697907692307693
0.007301538461538462
-0.04965046153846154
-0.10368184615384615
-0.1449876923076923
-0.16167692307692308
-0.14144123076923076
-0.09450276923076922
-0.03233538461538461
0.03442153846153846
0.09408553846153846
0.14123261538461537
0.1760713846153846
0.20673784615384616
0.21529107692307692
0.20193969230769232
0.16772676923076923
0.11953661538461538
0.06967753846153846
0.011891076923076923
-0.04756430769230769
-0.10618523076923077
-0.15187199999999998
-0.1858763076923077
-0.19735015384615384
-0.18253846153846154
-0.1570873846153846
-0.10931446153846153
-0.061750153846153844
-0.008970461538461538
0.04985907692307692
0.08657538461538461
0.10263876923076923
0.09554584615384615
0.07969107692307692
0.06154153846153846
0.041514461538461535
0.02357353846153846
-0.0033378461538461535
-0.02858030769230769
-0.042557538461538466
-0.053614153846153846
-0.058829538461538454
-0.06738276923076922
-0.07134646153846153
-0.056951999999999996
-0.028163076923076923
0.017940923076923077
0.07969107692307692
0.15395815384615386
0.22113230769230768
0.2776670769230769
0.31688676923076925
0.3310726153846154
0.32231076923076923
0.27474646153846155
0.20277415384615383
0.11640738461538462
0.021904615384615383
-0.05048492307692308
-0.0988836923076923
-0.119328
-0.10493353846153847
-0.07134646153846153
-0.020027076923076922
0.040054153846153843
0.09158215384615384
0.13726892307692307
0.17169046153846151
0.1856676923076923
0.17273353846153844
0.14269292307692305
0.09846646153846153
0.04672984615384615
-0.0014603076923076922
-0.04756430769230769
-0.08448923076923077
-0.12412615384615384
-0.1597993846153846
-0.17419384615384614
-0.17002153846153847
-0.1504116923076923
-0.12370892307692308
-0.1028473846153846
-0.08302892307692307
-0.051528
-0.005215384615384615
0.04172307692307692
0.0771876923076923
0.09283384615384616
0.08782707692307692
0.08907876923076924
0.08574092307692306
0.07593599999999999
0.05173661538461538
0.011682461538461537
-0.026076923076923077
-0.05820369230769231
-0.07238953846153846
-0.08699261538461538
-0.09909230769230769
-0.10535076923076922
-0.09992676923076924
-0.065088
-0.017732307692307693
0.030040615384615384
0.06759138461538462
0.09325107692307691
0.11557292307692307
0.11745046153846153
0.09304246153846155
0.04839876923076923
-0.02545107692307692
-0.10326461538461539
-0.15479261538461536
-0.17669723076923077
-0.16793538461538463
-0.138312
-0.09325107692307691
-0.029832
0.04756430769230769
0.12412615384615384
0.18232984615384615
0.20423446153846153
0.19213476923076922
0.16438892307692307
0.12808984615384614
0.09241661538461539
0.05799507692307692
0.018775384615384614
-0.018775384615384614
-0.03379569230769231
-0.031709538461538456
-0.010639384615384617
0.014185846153846153
0.026494153846153844
0.046104
0.06070707692307692
0.08010830769230769
0.10159569230769232
0.10180430769230768
0.08010830769230769
0.049233230769230765
0.028163076923076923
0.018983999999999997
0.011891076923076923
-0.0050067692307692304
-0.02545107692307692
-0.03129230769230769
-0.016897846153846156
0.003755076923076923
0.022947692307692308
0.02795446153846154
0.02482523076923077
0.018775384615384614
0.014185846153846153
0.017315076923076923
0.008136
-0.009804923076923077
-0.028163076923076923
-0.030040615384615384
-0.013768615384615384
0.0004172307692307692
0.004798153846153846
-0.008136
-0.03066646153846154
-0.06008123076923077
-0.09450276923076922
-0.13038461538461538
-0.17169046153846151
-0.20381723076923075
-0.20506892307692307
-0.1652233846153846
-0.10138707692307691
-0.03609046153846154
0.012308307692307691
0.03400430769230769
0.03942830769230769
0.03671630769230769
0.02545107692307692
-0.026076923076923077
-0.09199938461538461
-0.15416676923076922
-0.1691870769230769
-0.12725538461538463
-0.03942830769230769
0.1368516923076923
0.17398523076923075
0.16501476923076921
0.1992276923076923
0.1779489230769231
0.22968553846153844
0.14477907692307693
0.002712
-0.12496061538461539
-0.2497126153846154
-0.19317784615384614
-0.17565415384615385
-0.13476553846153844
-0.10576799999999999
-0.0855323076923077
0.08761846153846153
0.19964492307692308
0.3212676923076923
0.32585723076923073
0.19046584615384615
0.12600369230769232
0.0002086153846153846
-0.06362769230769232
-0.12621230769230768
-0.2578486153846154
-0.26306399999999996
-0.30332676923076923
-0.2628553846153846
-0.09241661538461539
0.008136
0.15833907692307692
0.22822523076923076
0.23385784615384617
0.26118646153846153
0.20006215384615383
0.1779489230769231
0.11306953846153844
-0.02482523076923077
-0.12537784615384615
-0.22426153846153846
-0.22572184615384616
-0.20256553846153844
-0.20944984615384615
-0.1721076923076923
-0.1489513846153846
-0.05236246153846154
0.06550523076923077
0.1136953846153846
0.16584923076923075
0.16000799999999998
0.14728246153846153
0.15917353846153848
0.09700615384615385
0.03880246153846154
-0.03233538461538461
-0.11557292307692307
-0.11578153846153846
-0.116616
-0.10660246153846153
-0.1028473846153846
-0.11703323076923078
-0.09074769230769231
-0.08323753846153846
-0.061124307692307686
-0.03233538461538461
0.0018775384615384615
0.0609156923076923
0.07489292307692308
0.12308307692307692
0.1792006153846154
0.1846246153846154
0.19463815384615382
0.14832553846153845
0.0892873846153846
0.024408000000000003
-0.06446215384615385
-0.10430769230769231
-0.15500123076923078
-0.1869193846153846
-0.15917353846153848
-0.11432123076923076
-0.02899753846153846
0.05027630769230769
0.12829846153846153
0.23385784615384617
0.3049956923076923
0.33315876923076926
0.2853858461538461
0.19985353846153847
0.12266584615384615
0.0016689230769230767
-0.11494707692307692
-0.22718215384615387
-0.32982092307692307
-0.3473446153846154
-0.32377107692307694
-0.2517987692307692
-0.12308307692307692
-0.003963692307692307
0.12829846153846153
0.24011630769230768
0.3095852307692307
0.3613218461538461
0.35005661538461535
0.29331323076923077
0.1990190769230769
0.08740984615384616
-0.010013538461538461
-0.11223507692307692
-0.1718990769230769
-0.19213476923076922
-0.17690584615384616
-0.12496061538461539
-0.07593599999999999
-0.004172307692307692
0.06195876923076923
0.10472492307692308
0.14603076923076924
0.15166338461538462
0.13455692307692307
0.11244369230769231
0.07134646153846153
0.034630153846153845
-0.006258461538461538
-0.03629907692307692
-0.027745846153846152
-0.015854769230769228
0.0022947692307692304
0.012934153846153845
0.011891076923076923
0.02023569230769231
0.020652923076923076
0.026285538461538457
0.02858030769230769
0.027328615384615382
0.04130584615384615
0.04526953846153846
0.058412307692307694
0.08386338461538462
0.10681107692307691
0.15187199999999998
0.17523692307692307
0.15667015384615385
0.1207883076923077
0.06154153846153846
0.023990769230769232
-0.0018775384615384615
-0.04839876923076923
-0.09053907692307692
-0.13455692307692307
-0.1462393846153846
-0.11202646153846153
-0.06592246153846154
-0.009804923076923077
0.028163076923076923
0.05945538461538461
0.09721476923076922
0.11432123076923076
0.12204
0.09241661538461539
0.03045784615384615
-0.03629907692307692
-0.11411261538461538
-0.15750461538461538
-0.16793538461538463
-0.15354092307692307
-0.11014892307692307
-0.06133292307692308
0.019609846153846155
0.12329169230769231
0.21633415384615384
0.2720344615384615
0.26869661538461537
0.23448369230769228
0.17690584615384616
0.11327815384615383
0.04985907692307692
-0.020652923076923076
-0.08448923076923077
-0.12537784615384615
-0.11432123076923076
-0.053405538461538456
0.010013538461538461
0.06154153846153846
0.10326461538461539
0.14144123076923076
0.18712800000000002
0.20381723076923075
0.17732307692307692
0.10910584615384614
0.005424
-0.09033046153846153
-0.16251138461538459
-0.21696000000000001
-0.24700061538461537
-0.2591003076923077
-0.23782153846153845
-0.18358153846153846
-0.10117846153846152
0.0043809230769230765
0.0892873846153846
0.15646153846153846
0.19025723076923076
0.19964492307692308
0.1940123076923077
0.154584
0.10514215384615383
0.03421292307692308
-0.04130584615384615
-0.08699261538461538
-0.11265230769230769
-0.11035753846153845
-0.10326461538461539
-0.10117846153846152
-0.08344615384615384
-0.04902461538461538
0.011265230769230769
0.07301538461538462
0.11202646153846153
0.12996738461538462
0.13872923076923074
0.15082892307692305
0.16438892307692307
0.1666836923076923
0.1489513846153846
0.10868861538461538
0.05799507692307692
0.01397723076923077
-0.03650769230769231
-0.09158215384615384
-0.14999446153846155
-0.20360861538461536
-0.2205064615384615
-0.20047938461538461
-0.14665661538461539
-0.07384984615384615
-0.0025033846153846152
0.06842584615384616
0.12704676923076924
0.16730953846153845
0.18963138461538462
0.1873366153846154
0.15604430769230768
0.0961716923076923
0.021278769230769233
-0.053614153846153846
-0.11953661538461538
-0.17315076923076922
-0.20778092307692309
-0.21028430769230766
-0.18232984615384615
-0.12934153846153845
-0.06070707692307692
0.0077187692307692304
0.07113784615384615
0.12391753846153845
0.16042523076923076
0.17502830769230768
0.15646153846153846
0.10409907692307692
0.040054153846153843
-0.02086153846153846
-0.07259815384615384
-0.11286092307692308
-0.13518276923076925
-0.13643446153846153
-0.10868861538461538
-0.05382276923076923
0.01043076923076923
0.08636676923076922
0.1506203076923077
0.1977673846153846
0.23385784615384617
0.25138153846153843
0.2482523076923077
0.2090326153846154
0.14686523076923075
0.08073415384615384
0.022530461538461537
-0.01981846153846154
-0.04631261538461538
-0.04985907692307692
-0.035464615384615386
-0.01981846153846154
-0.0035464615384615383
0.011265230769230769
0.0070929230769230765
-0.002086153846153846
-0.009596307692307692
-0.019192615384615384
-0.03296123076923077
-0.05382276923076923
-0.07197230769230768
-0.08699261538461538
-0.08991323076923076
-0.07697907692307693
-0.056326153846153845
-0.029206153846153847
-0.01043076923076923
0.008970461538461538
0.028788923076923077
0.040054153846153843
0.05590892307692308
0.059038153846153844
0.05298830769230769
0.050067692307692306
0.040054153846153843
0.03233538461538461
0.025033846153846153
0.017523692307692306
0.024408000000000003
0.03504738461538461
0.05820369230769231
0.0855323076923077
0.09512861538461538
0.09763200000000001
0.07927384615384615
0.05924676923076923
0.037967999999999995
0.013560000000000001
-0.004798153846153846
-0.03650769230769231
-0.056951999999999996
-0.06300184615384616
-0.05444861538461539
-0.032544
-0.014394461538461538
0.0025033846153846152
0.015020307692307692
0.017940923076923077
0.009387692307692307
-0.017523692307692306
-0.059664
-0.09700615384615385
-0.12204
-0.12496061538461539
-0.10681107692307691
-0.07510153846153846
-0.04172307692307692
-0.014185846153846153
0.021904615384615383
0.05716061538461538
0.07510153846153846
0.07572738461538461
0.061750153846153844
0.03921969230769231
0.021904615384615383
0.011682461538461537
0.006884307692307692
0.0035464615384615383
0.007510153846153846
0.030875076923076922
0.05298830769230769
0.07948246153846153
0.09012184615384615
0.061124307692307686
0.024408000000000003
-0.014394461538461538
-0.04109723076923077
-0.05820369230769231
-0.07134646153846153
-0.06341907692307691
-0.0446436923076923
-0.017940923076923077
0.017523692307692306
0.04944184615384615
0.06529661538461538
0.05674338461538461
0.028371692307692306
-0.010639384615384617
-0.059872615384615385
-0.11849353846153846
-0.1760713846153846
-0.22113230769230768
-0.24303692307692307
-0.2303113846153846
-0.18921415384615384
-0.13768615384615385
-0.07843938461538462
-0.006049846153846154
0.0771876923076923
0.16647507692307692
0.23448369230769228
0.25847446153846154
0.23969907692307693
0.1873366153846154
0.12266584615384615
0.05173661538461538
-0.029414769230769227
-0.11244369230769231
-0.17899199999999998
-0.20444307692307692
-0.1869193846153846
-0.13309661538461537
-0.05298830769230769
0.021904615384615383
0.09408553846153846
0.16042523076923076
0.21696000000000001
0.260352
0.2647329230769231
0.23761292307692305
0.18754523076923074
0.12370892307692308
0.06300184615384616
0.003963692307692307
-0.05027630769230769
-0.0936683076923077
-0.12391753846153845
-0.12725538461538463
-0.11494707692307692
-0.09930092307692308
-0.07843938461538462
-0.04902461538461538
0.003963692307692307
0.07092923076923077
0.1368516923076923
0.1858763076923077
0.20632061538461538
0.20527753846153846
0.1760713846153846
0.12537784615384615
0.061750153846153844
-0.020027076923076922
-0.10368184615384615
-0.17252492307692308
-0.20924123076923076
-0.21174461538461536
-0.19609846153846153
-0.16751815384615384
-0.12850707692307692
-0.08031692307692308
-0.021278769230769233
0.03921969230769231
0.08490646153846154
0.10806276923076923
0.11181784615384616
0.10952307692307692
0.09763200000000001
0.07468430769230769
0.03984553846153846
-0.01272553846153846
-0.06821723076923077
-0.11494707692307692
-0.14457046153846154
-0.1531236923076923
-0.14206707692307693
-0.12224861538461537
-0.08845292307692308
-0.05236246153846154
-0.029832
-0.011265230769230769
-0.008344615384615384
-0.0022947692307692304
-0.009596307692307692
-0.0014603076923076922
0.014603076923076923
0.05069353846153846
0.08323753846153846
0.15354092307692307
0.2868461538461538
0.2290596923076923
0.19046584615384615
0.14290153846153844
0.05298830769230769
0.04985907692307692
-0.11578153846153846
-0.2342750769230769
-0.3744646153846154
-0.4395526153846154
-0.3187643076923077
-0.287472
-0.18274707692307693
-0.1341396923076923
-0.013351384615384614
0.2221753846153846
0.36445107692307693
0.5553341538461538
0.5426086153846154
0.4405956923076923
0.3684147692307692
0.18629353846153843
0.09679753846153846
-0.05862092307692307
-0.19818461538461538
-0.20444307692307692
-0.29727692307692305
-0.25534523076923077
-0.15187199999999998
-0.06967753846153846
0.10493353846153847
0.16647507692307692
0.23677846153846152
0.29414769230769233
0.2989458461538462
0.39282276923076925
0.39365723076923076
0.34066892307692304
0.2574313846153846
0.15270646153846154
0.13768615384615385
0.045060923076923075
-0.08094276923076923
-0.20006215384615383
-0.34046030769230773
-0.3536030769230769
-0.33524492307692305
-0.31250584615384613
-0.24095076923076922
-0.1881710769230769
-0.06717415384615384
0.07760492307692309
0.1779489230769231
0.2995716923076923
0.3548547692307692
0.3711267692307692
0.3949089230769231
0.3544375384615384
0.28017046153846153
0.13622584615384614
-0.032544
-0.17502830769230768
-0.31688676923076925
-0.3909452307692307
-0.40638276923076927
-0.328152
-0.19839323076923077
-0.0880356923076923
0.09700615384615385
0.2853858461538461
0.4349630769230769
0.5528307692307692
0.55596
0.500676923076923
0.3917796923076923
0.24720923076923076
0.11974523076923077
-0.05403138461538461
-0.20444307692307692
-0.2962338461538461
-0.3604873846153846
-0.36299076923076923
-0.3483876923076923
-0.2853858461538461
-0.16835261538461538
-0.05382276923076923
0.06195876923076923
0.12642092307692307
0.1829556923076923
0.2422024615384615
0.23344061538461539
0.19317784615384614
0.09909230769230769
-0.007510153846153846
-0.06717415384615384
-0.14957723076923077
-0.20277415384615383
-0.21716861538461538
-0.22572184615384616
-0.19046584615384615
-0.17502830769230768
-0.15833907692307692
-0.111192
-0.07364123076923076
-0.02023569230769231
0.01814953846153846
0.04672984615384615
0.06696553846153847
0.07197230769230768
0.111192
0.1435273846153846
0.16292861538461537
0.157296
0.111192
0.08720123076923077
0.05319692307692307
0.010013538461538461
-0.026076923076923077
-0.09158215384615384
-0.12725538461538463
-0.11640738461538462
-0.0892873846153846
-0.04860738461538461
-0.026702769230769228
0.005215384615384615
0.07009476923076922
0.13351384615384615
0.18379015384615385
0.1913003076923077
0.16605784615384614
0.12683815384615382
0.07468430769230769
0.03609046153846154
-0.006258461538461538
-0.05069353846153846
-0.09658892307692307
-0.15416676923076922
-0.17690584615384616
-0.17002153846153847
-0.14185846153846154
-0.08386338461538462
-0.046104
-0.016897846153846156
0.029414769230769227
0.07426707692307692
0.12934153846153845
0.143736
0.11098338461538461
0.08052553846153847
0.05090215384615384
0.052153846153846155
0.04965046153846154
0.029206153846153847
0.0
-0.03337846153846154
-0.019192615384615384
0.009596307692307692
0.024408000000000003
0.025033846153846153
0.002086153846153846
-0.0022947692307692304
0.010639384615384617
0.02357353846153846
0.04693846153846153
0.051319384615384614
0.06049846153846154
0.0853236923076923
0.11014892307692307
0.15291507692307693
0.18921415384615384
0.19651569230769228
0.1792006153846154
0.14999446153846155
0.12308307692307692
0.08135999999999999
0.008136
-0.08720123076923077
-0.18337292307692307
-0.24720923076923076
-0.2768326153846154
-0.2720344615384615
-0.2480436923076923
-0.2236356923076923
-0.16897846153846155
-0.0826116923076923
0.01940123076923077
0.11181784615384616
0.1614683076923077
0.1867107692307692
0.20632061538461538
0.20152246153846154
0.1785747692307692
0.12725538461538463
0.0448523076923077
-0.03400430769230769
-0.10243015384615384
-0.14811692307692306
-0.17586276923076924
-0.21028430769230766
-0.22634769230769228
-0.21132738461538458
-0.16084246153846155
-0.07781353846153846
0.013768615384615384
0.10159569230769232
0.16063384615384615
0.20131384615384615
0.2209236923076923
0.21237046153846154
0.18191261538461537
0.11202646153846153
0.03233538461538461
-0.05194523076923077
-0.1356
-0.19881046153846152
-0.24470584615384613
-0.2643156923076923
-0.2588916923076923
-0.22426153846153846
-0.16856123076923077
-0.10117846153846152
-0.03024923076923077
0.037967999999999995
0.10013538461538461
0.14916
0.18358153846153846
0.1923433846153846
0.1693956923076923
0.11745046153846153
0.06383630769230769
-0.0022947692307692304
-0.08094276923076923
-0.14665661538461539
-0.20632061538461538
-0.23615261538461538
-0.23406646153846156
-0.206112
-0.14978584615384616
-0.09199938461538461
-0.024199384615384616
0.06967753846153846
0.16105107692307694
0.23844738461538462
0.2705741538461538
0.24992123076923078
0.20402584615384614
0.12579507692307693
0.04380923076923077
-0.0448523076923077
-0.13914646153846155
-0.21716861538461538
-0.2701569230769231
-0.2703655384615385
-0.2399076923076923
-0.1913003076923077
-0.119328
-0.03942830769230769
0.04902461538461538
0.13622584615384614
0.21132738461538458
0.2695310769230769
0.2883064615384615
0.2712
0.23385784615384617
0.1785747692307692
0.10576799999999999
0.016480615384615385
-0.07218092307692307
-0.13455692307692307
-0.16021661538461537
-0.1543753846153846
-0.1218313846153846
-0.06571384615384615
0.003129230769230769
0.07781353846153846
0.15145476923076923
0.20944984615384615
0.24199384615384617
0.2411593846153846
0.21362215384615382
0.18107815384615383
0.1476996923076923
0.10743692307692307
0.06279323076923077
0.022530461538461537
-0.006467076923076923
-0.029832
-0.040679999999999994
-0.042974769230769226
-0.04401784615384615
-0.03963692307692308
-0.019609846153846155
0.027328615384615382
0.08094276923076923
0.1287156923076923
0.15354092307692307
0.16209415384615386
0.1612596923076923
0.14853415384615384
0.12537784615384615
0.08240307692307691
0.029414769230769227
-0.01814953846153846
-0.04965046153846154
-0.06216738461538462
-0.06028984615384615
-0.05403138461538461
-0.037342153846153844
-0.009596307692307692
0.02524246153846154
0.058829538461538454
0.0744756923076923
0.061124307692307686
0.028163076923076923
-0.003755076923076923
-0.03129230769230769
-0.059872615384615385
-0.09471138461538461
-0.12120553846153845
-0.13038461538461538
-0.12308307692307692
-0.08344615384615384
-0.012516923076923077
0.05319692307692307
0.09658892307692307
0.12600369230769232
0.14039815384615384
0.14144123076923076
0.11286092307692308
0.04860738461538461
-0.027745846153846152
-0.10848000000000001
-0.17273353846153844
-0.20715507692307691
-0.2205064615384615
-0.20632061538461538
-0.16251138461538459
-0.08866153846153846
0.009596307692307692
0.10806276923076923
0.19338646153846153
0.24199384615384617
0.2497126153846154
0.21821169230769227
0.1506203076923077
0.052571076923076915
-0.07364123076923076
-0.18921415384615384
-0.28246523076923075
-0.34004307692307695
-0.3421292307692308
-0.29727692307692305
-0.21758584615384616
-0.12037107692307693
-0.0070929230769230765
0.1151556923076923
0.20965846153846154
0.2632726153846154
0.2699483076923077
0.2355267692307692
0.19004861538461537
0.130176
0.06800861538461538
0.0035464615384615383
-0.05799507692307692
-0.09596307692307693
-0.11244369230769231
-0.08740984615384616
-0.0446436923076923
-0.006258461538461538
0.04172307692307692
0.09012184615384615
0.14311015384615386
0.18232984615384615
0.19442953846153843
0.1942209230769231
0.17565415384615385
0.1506203076923077
0.1353913846153846
0.12600369230769232
0.10555938461538462
0.06571384615384615
0.026494153846153844
-0.01272553846153846
-0.053614153846153846
-0.08907876923076924
-0.1341396923076923
-0.1718990769230769
-0.18921415384615384
-0.17732307692307692
-0.12120553846153845
-0.05048492307692308
0.01981846153846154
0.0936683076923077
0.1666836923076923
0.23677846153846152
0.2832996923076923
0.2845513846153846
0.24345415384615382
0.168144
0.07906523076923076
-0.01397723076923077
-0.10660246153846153
-0.18525046153846153
-0.25054707692307693
-0.27453784615384613
-0.2453316923076923
-0.16167692307692308
-0.037342153846153844
0.08782707692307692
0.20715507692307691
0.306456
0.38280923076923074
0.4170221538461538
0.3957433846153846
0.3212676923076923
0.21070153846153844
0.09158215384615384
-0.022947692307692308
-0.10660246153846153
-0.1710646153846154
-0.21195323076923075
-0.21821169230769227
-0.19025723076923076
-0.13184492307692308
-0.06446215384615385
-0.0012516923076923076
0.040679999999999994
0.0744756923076923
0.09909230769230769
0.116616
0.13601723076923075
0.1424843076923077
0.14060676923076923
0.13768615384615385
0.12642092307692307
0.11140061538461538
0.08052553846153847
0.021904615384615383
-0.04526953846153846
-0.12913292307692306
-0.20277415384615383
-0.2559710769230769
-0.2999889230769231
-0.3269003076923077
-0.3415033846153846
-0.3425464615384616
-0.3116713846153846
-0.3062473846153846
-0.27453784615384613
-0.13872923076923074
0.024199384615384616
0.2601433846153846
0.4883686153846154
0.6907255384615385
0.8663796923076922
0.9460707692307693
0.9487827692307692
0.8042123076923077
0.5346812307692307
0.16730953846153845
-0.20861538461538462
-0.5499101538461538
-0.8177723076923077
-0.9608824615384615
-1.0036486153846154
-0.8947513846153846
-0.6550523076923076
-0.31041969230769234
0.0717636923076923
0.4214030769230769
0.6759138461538462
0.7987883076923077
0.8100535384615385
0.6623538461538461
0.42995630769230764
0.0974233846153846
-0.31104553846153843
-0.648168
-0.9064338461538461
-0.9902972307692307
-0.9041390769230769
-0.7328658461538462
-0.4645864615384615
-0.19296923076923078
0.05820369230769231
0.3133403076923077
0.45707630769230767
0.4985907692307692
0.4424732307692308
0.3158436923076923
0.21633415384615384
0.11974523076923077
0.051528
-0.015646153846153844
-0.10889723076923077
-0.1913003076923077
-0.26076923076923075
-0.2868461538461538
-0.2862203076923077
-0.2943563076923077
-0.2709913846153846
-0.2426196923076923
-0.18942276923076923
-0.09700615384615385
-0.03963692307692308
0.02023569230769231
0.06487938461538462
0.10514215384615383
0.1883796923076923
0.27704123076923076
0.3565236923076923
0.3919883076923077
0.3387913846153846
0.21716861538461538
0.062376
-0.12224861538461537
-0.3252313846153846
-0.5146541538461539
-0.626472
-0.6197963076923076
-0.4816929230769231
-0.24637476923076923
0.03984553846153846
0.3321156923076923
0.5701458461538461
0.7556049230769231
0.8451009230769231
0.7952418461538461
0.6354424615384615
0.38990215384615384
0.11578153846153846
-0.1353913846153846
-0.35256
-0.5025544615384615
-0.570563076923077
-0.557628923076923
-0.46375199999999994
-0.29832
-0.07739630769230768
0.15959076923076923
0.37967999999999996
0.5444861538461538
0.6250116923076923
0.6362769230769231
0.5547083076923077
0.38990215384615384
0.19171753846153847
-0.03713353846153846
-0.23239753846153846
-0.3646596923076923
-0.4383009230769231
-0.41389292307692305
-0.32272799999999996
-0.18775384615384613
-0.010639384615384617
0.14916
0.2632726153846154
0.32001599999999997
0.3049956923076923
0.25847446153846154
0.1860849230769231
0.09095630769230768
-0.006675692307692307
-0.09930092307692308
-0.15103753846153847
-0.15875630769230767
-0.111192
-0.040054153846153843
0.018358153846153843
0.07656184615384615
0.10180430769230768
0.10806276923076923
0.08949599999999999
0.026285538461538457
-0.03650769230769231
-0.10055261538461538
-0.154584
-0.168144
-0.15208061538461537
-0.10722830769230769
-0.035255999999999996
0.04985907692307692
0.13852061538461538
0.22467876923076924
0.2818393846153846
0.29080984615384614
0.24700061538461537
0.15667015384615385
0.04088861538461538
-0.07969107692307692
-0.1940123076923077
-0.287472
-0.3408775384615384
-0.35276861538461535
-0.2858030769230769
-0.15208061538461537
-0.003963692307692307
0.14206707692307693
0.2574313846153846
0.3277347692307692
0.34588430769230766
0.3102110769230769
0.2288510769230769
0.11640738461538462
-0.006675692307692307
-0.10889723076923077
-0.1693956923076923
-0.1829556923076923
-0.15354092307692307
-0.09512861538461538
-0.013142769230769229
0.07343261538461537
0.14686523076923075
0.17502830769230768
0.1543753846153846
0.09199938461538461
-0.010848
-0.12141415384615384
-0.21362215384615382
-0.26723630769230766
-0.2705741538461538
-0.23114584615384615
-0.15374953846153847
-0.03629907692307692
0.10222153846153846
0.241368
0.3540203076923077
0.427452923076923
0.44643692307692306
0.39991569230769225
0.2939390769230769
0.13393107692307693
-0.0446436923076923
-0.2090326153846154
-0.32669169230769235
-0.37237846153846155
-0.35151692307692306
-0.26640184615384616
-0.12287446153846153
0.04526953846153846
0.2154996923076923
0.36382523076923073
0.45749353846153845
0.48857723076923076
0.4483144615384615
0.3538116923076923
0.22843384615384613
0.06884307692307692
-0.09596307692307693
-0.2303113846153846
-0.32272799999999996
-0.35235138461538457
-0.3179298461538461
-0.23260615384615385
-0.119328
-0.003755076923076923
0.11619876923076923
0.21925476923076925
0.276624
0.2707827692307692
0.20861538461538462
0.12245723076923076
0.01814953846153846
-0.07510153846153846
-0.13935507692307691
-0.18337292307692307
-0.1787833846153846
-0.13184492307692308
-0.059872615384615385
0.03066646153846154
0.10472492307692308
0.1597993846153846
0.1927606153846154
0.19881046153846152
0.1948467692307692
0.165432
0.12162276923076921
0.07531015384615385
0.032544
0.018775384615384614
0.026494153846153844
0.05173661538461538
0.07927384615384615
0.09137353846153846
0.11035753846153845
0.12621230769230768
0.12537784615384615
0.10597661538461538
0.05757784615384615
0.003963692307692307
-0.05236246153846154
-0.10076123076923077
-0.12704676923076924
-0.1504116923076923
-0.16751815384615384
-0.17398523076923075
-0.16501476923076921
-0.1353913846153846
-0.09971815384615385
-0.07218092307692307
-0.05444861538461539
-0.04380923076923077
-0.03337846153846154
-0.021278769230769233
-0.013560000000000001
-0.018775384615384614
-0.03692492307692308
-0.04944184615384615
-0.050067692307692306
-0.03629907692307692
-0.013351384615384614
0.0022947692307692304
0.015020307692307692
0.02357353846153846
0.018983999999999997
-0.002086153846153846
-0.04526953846153846
-0.10222153846153846
-0.15145476923076923
-0.17586276923076924
-0.168144
-0.13789476923076924
-0.0892873846153846
-0.02211323076923077
0.05611753846153846
0.13038461538461538
0.18900553846153845
0.21466523076923077
0.18712800000000002
0.1205796923076923
0.03588184615384615
-0.042974769230769226
-0.10931446153846153
-0.15813046153846153
-0.17586276923076924
-0.165432
-0.11911938461538461
-0.04652123076923077
0.030875076923076922
0.09179076923076923
0.12496061538461539
0.13643446153846153
0.13372246153846154
0.11953661538461538
0.0880356923076923
0.03692492307692308
-0.028163076923076923
-0.08344615384615384
-0.11348676923076922
-0.12579507692307693
-0.12350030769230769
-0.11891076923076922
-0.11181784615384616
-0.08740984615384616
-0.04839876923076923
-0.003755076923076923
0.023364923076923075
0.027328615384615382
0.015228923076923076
-0.0025033846153846152
-0.021070153846153846
-0.04547815384615384
-0.07134646153846153
-0.09053907692307692
-0.0880356923076923
-0.05236246153846154
0.00855323076923077
0.07656184615384615
0.13643446153846153
0.1696043076923077
0.17961784615384613
0.17669723076923077
0.1543753846153846
0.10368184615384615
0.027328615384615382
-0.05820369230769231
-0.12287446153846153
-0.14957723076923077
-0.14081538461538462
-0.09658892307692307
-0.026702769230769228
0.06154153846153846
0.16042523076923076
0.25012984615384615
0.3127144615384615
0.3216849230769231
0.27432923076923077
0.19839323076923077
0.10743692307692307
0.02357353846153846
-0.05382276923076923
-0.12516923076923075
-0.17648861538461538
-0.19150892307692308
-0.15938215384615384
-0.10389046153846154
-0.03337846153846154
0.03296123076923077
0.08511507692307693
0.13101046153846155
0.16209415384615386
0.1693956923076923
0.14081538461538462
0.08177723076923075
0.003963692307692307
-0.0744756923076923
-0.1476996923076923
-0.21654276923076923
-0.26619323076923074
-0.28809784615384615
-0.2655673846153846
-0.192552
-0.0880356923076923
0.02086153846153846
0.11223507692307692
0.1802436923076923
0.21696000000000001
0.22113230769230768
0.2021483076923077
0.15270646153846154
0.08302892307692307
0.015020307692307692
-0.051319384615384614
-0.08866153846153846
-0.10201292307692307
-0.10472492307692308
-0.0853236923076923
-0.06049846153846154
-0.023364923076923075
0.013351384615384614
0.03963692307692308
0.058829538461538454
0.05820369230769231
0.05590892307692308
0.054240000000000003
0.05048492307692308
0.04902461538461538
0.03629907692307692
0.013768615384615384
0.0006258461538461538
-0.008344615384615384
-0.01668923076923077
-0.028371692307692306
-0.04631261538461538
-0.051528
-0.05736923076923077
-0.056951999999999996
-0.04985907692307692
-0.04819015384615385
-0.03650769230769231
-0.021696
0.008761846153846153
0.051528
0.08323753846153846
0.11077476923076923
0.12788123076923075
0.12955015384615384
0.11494707692307692
0.07259815384615384
0.007510153846153846
-0.06362769230769232
-0.12662953846153846
-0.16209415384615386
-0.16438892307692307
-0.13267938461538462
-0.07697907692307693
-0.013142769230769229
0.06070707692307692
0.12955015384615384
0.18316430769230768
0.2140393846153846
0.20798953846153845
0.17899199999999998
0.127464
0.06425353846153846
0.015228923076923076
-0.019192615384615384
-0.04902461538461538
-0.07489292307692308
-0.08094276923076923
-0.059872615384615385
-0.024199384615384616
0.014811692307692307
0.06195876923076923
0.10827138461538462
0.14311015384615386
0.16188553846153847
0.15813046153846153
0.13247076923076923
0.07426707692307692
-0.010013538461538461
-0.09304246153846155
-0.16501476923076921
-0.22634769230769228
-0.2626467692307692
-0.268488
-0.22655630769230767
-0.14686523076923075
-0.06341907692307691
0.01814953846153846
0.08156861538461539
0.10618523076923077
0.09053907692307692
0.04756430769230769
-0.014185846153846153
-0.09053907692307692
-0.16710092307692306
-0.22008923076923076
-0.26535876923076923
-0.2707827692307692
-0.2236356923076923
-0.143736
-0.01272553846153846
0.1353913846153846
0.290184
0.428496
0.5355156923076922
0.5918418461538462
0.5618012307692307
0.48023261538461537
0.37196123076923077
0.19296923076923078
-0.007510153846153846
-0.16418030769230768
-0.3062473846153846
-0.371544
-0.39324
-0.3707095384615384
-0.2670276923076923
-0.11745046153846153
0.10201292307692307
0.2860116923076923
0.43329415384615383
0.5177833846153846
0.49963384615384615
0.47063630769230763
0.36904061538461536
0.24032492307692307
0.08156861538461539
-0.11432123076923076
-0.23198030769230768
-0.3198073846153846
-0.34317230769230767
-0.30019753846153846
-0.2497126153846154
-0.15833907692307692
-0.07510153846153846
0.0004172307692307692
0.08887015384615385
0.1314276923076923
0.16772676923076923
0.18358153846153846
0.16793538461538463
0.16856123076923077
0.15500123076923078
0.16042523076923076
0.1435273846153846
0.08490646153846154
0.03129230769230769
-0.02795446153846154
-0.05298830769230769
-0.07030338461538461
-0.10785415384615385
-0.13226215384615383
-0.15520984615384617
-0.14832553846153845
-0.10764553846153846
-0.07009476923076922
-0.01940123076923077
0.03567323076923076
0.10576799999999999
0.1992276923076923
0.2814221538461538
0.3342018461538461
0.3327415384615385
0.2699483076923077
0.1777403076923077
0.056951999999999996
-0.07301538461538462
-0.19588984615384614
-0.30332676923076923
-0.3577753846153846
-0.3609046153846154
-0.295608
-0.17565415384615385
-0.03504738461538461
0.11098338461538461
0.21320492307692307
0.2883064615384615
0.327108923076923
0.29498215384615384
0.22530461538461538
0.1136953846153846
-0.02273907692307692
-0.14853415384615384
-0.24846092307692308
-0.3045784615384615
-0.33587076923076925
-0.32898646153846156
-0.2705741538461538
-0.18191261538461537
-0.06321046153846153
0.059664
0.16105107692307694
0.22864246153846152
0.26097784615384617
0.25847446153846154
0.21091015384615383
0.14540492307692307
0.07238953846153846
-0.005424
-0.06571384615384615
-0.09658892307692307
-0.09533723076923077
-0.05757784615384615
0.012934153846153845
0.08657538461538461
0.15228923076923076
0.19317784615384614
0.19317784615384614
0.1612596923076923
0.1028473846153846
0.04172307692307692
-0.012934153846153845
-0.062376
-0.09450276923076922
-0.11014892307692307
-0.11181784615384616
-0.10681107692307691
-0.09784061538461537
-0.08344615384615384
-0.07468430769230769
-0.07134646153846153
-0.07489292307692308
-0.08219446153846154
-0.0936683076923077
-0.1070196923076923
-0.11265230769230769
-0.11348676923076922
-0.09471138461538461
-0.05069353846153846
-0.012308307692307691
-0.0012516923076923076
-0.010013538461538461
-0.02858030769230769
-0.03442153846153846
-0.03129230769230769
-0.03275261538461539
-0.03775938461538462
-0.05048492307692308
-0.05298830769230769
-0.042974769230769226
-0.020027076923076922
0.00855323076923077
0.03108369230769231
0.04985907692307692
0.06863446153846153
0.086784
0.09763200000000001
0.09992676923076924
0.09095630769230768
0.07092923076923077
0.03588184615384615
-0.0043809230769230765
-0.044435076923076924
-0.0936683076923077
-0.14707384615384617
-0.18921415384615384
-0.19526400000000002
-0.15604430769230768
-0.09241661538461539
-0.016272
0.058829538461538454
0.11745046153846153
0.1543753846153846
0.16730953846153845
0.1504116923076923
0.08615815384615384
0.0002086153846153846
-0.07969107692307692
-0.14060676923076923
-0.16793538461538463
-0.1787833846153846
-0.17315076923076922
-0.13789476923076924
-0.07697907692307693
0.01668923076923077
0.11578153846153846
0.19609846153846153
0.260352
0.2868461538461538
0.28663753846153844
0.26723630769230766
0.21925476923076925
0.15166338461538462
0.06654830769230768
-0.017940923076923077
-0.08073415384615384
-0.11849353846153846
-0.13080184615384613
-0.11765907692307691
-0.08490646153846154
-0.03483876923076923
0.03045784615384615
0.0988836923076923
0.15416676923076922
0.18274707692307693
0.18754523076923074
0.1704387692307692
0.13998092307692306
0.09679753846153846
0.03880246153846154
-0.01397723076923077
-0.05924676923076923
-0.08240307692307691
-0.07092923076923077
-0.04839876923076923
-0.024199384615384616
0.0035464615384615383
0.02586830769230769
0.047981538461538464
0.06258461538461538
0.05778646153846154
0.040679999999999994
0.015020307692307692
-0.009387692307692307
-0.020652923076923076
-0.02211323076923077
-0.017940923076923077
-0.010848
-0.004798153846153846
0.008970461538461538
0.019609846153846155
0.017315076923076923
-0.0006258461538461538
-0.03358707692307692
-0.06425353846153846
-0.092208
-0.10889723076923077
-0.10535076923076922
-0.08094276923076923
-0.03567323076923076
0.022530461538461537
0.08699261538461538
0.14978584615384616
0.1869193846153846
0.18900553846153845
0.17169046153846151
0.13434830769230768
0.084072
0.01814953846153846
-0.06341907692307691
-0.13872923076923074
-0.19588984615384614
-0.22426153846153846
-0.21800307692307694
-0.1785747692307692
-0.119328
-0.05611753846153846
0.016897846153846156
0.09763200000000001
0.1639716923076923
0.1942209230769231
0.18483323076923078
0.1341396923076923
0.05236246153846154
-0.03984553846153846
-0.13372246153846154
-0.2209236923076923
-0.29456492307692306
-0.3323243076923077
-0.32210215384615387
-0.2632726153846154
-0.1712732307692308
-0.06800861538461538
0.04214030769230769
0.13372246153846154
0.20339999999999997
0.25659692307692306
0.2751636923076923
0.2578486153846154
0.21487384615384614
0.15208061538461537
0.09158215384615384
0.03921969230769231
-0.006258461538461538
-0.035464615384615386
-0.04714707692307692
-0.028788923076923077
0.009596307692307692
0.058829538461538454
0.1136953846153846
0.1558356923076923
0.19672430769230767
0.23093723076923076
0.2482523076923077
0.24449723076923074
0.21237046153846154
0.16730953846153845
0.1151556923076923
0.06028984615384615
0.0012516923076923076
-0.05778646153846154
-0.11348676923076922
-0.15145476923076923
-0.16042523076923076
-0.14728246153846153
-0.11244369230769231
-0.07468430769230769
-0.02858030769230769
0.016063384615384615
0.059038153846153844
0.10535076923076922
0.12433476923076923
0.12642092307692307
0.10806276923076923
0.08115138461538463
0.059038153846153844
0.029623384615384614
0.004589538461538461
-0.015020307692307692
-0.025033846153846153
-0.026702769230769228
-0.016063384615384615
0.0012516923076923076
0.014394461538461538
0.013560000000000001
0.009596307692307692
0.01981846153846154
0.03609046153846154
0.05820369230769231
0.0717636923076923
0.07280676923076923
0.06738276923076922
0.0717636923076923
0.08156861538461539
0.08323753846153846
0.06926030769230769
0.04109723076923077
0.03275261538461539
0.029623384615384614
0.02795446153846154
0.014185846153846153
-0.012308307692307691
-0.026702769230769228
-0.03942830769230769
-0.04380923076923077
-0.047772923076923074
-0.058829538461538454
-0.06654830769230768
-0.06383630769230769
-0.04756430769230769
-0.02086153846153846
0.004798153846153846
0.016897846153846156
0.012516923076923077
0.003755076923076923
-0.0018775384615384615
-0.011891076923076923
-0.03337846153846154
-0.07072061538461538
-0.11974523076923077
-0.16710092307692306
-0.19463815384615382
-0.19651569230769228
-0.1867107692307692
-0.16730953846153845
-0.12579507692307693
-0.06738276923076922
-0.003963692307692307
0.05862092307692307
0.10618523076923077
0.12955015384615384
0.130176
0.12016246153846154
0.10994030769230768
0.08198584615384615
0.03212676923076923
-0.02524246153846154
-0.07259815384615384
-0.09158215384615384
-0.08511507692307693
-0.06070707692307692
-0.030040615384615384
0.006049846153846154
0.05507446153846154
0.10868861538461538
0.1585476923076923
0.19630707692307692
0.2056947692307692
0.1942209230769231
0.16730953846153845
0.1289243076923077
0.07739630769230768
0.016063384615384615
-0.044435076923076924
-0.09700615384615385
-0.12496061538461539
-0.13497415384615385
-0.13810338461538463
-0.13121907692307694
-0.11724184615384614
-0.09930092307692308
-0.07697907692307693
-0.04631261538461538
-0.013768615384615384
0.0006258461538461538
0.0014603076923076922
0.006884307692307692
0.016897846153846156
0.03504738461538461
0.051319384615384614
0.061750153846153844
0.0828203076923077
0.09930092307692308
0.11160923076923077
0.1136953846153846
0.09387692307692307
0.06613107692307692
0.03483876923076923
0.010013538461538461
-0.009387692307692307
-0.02357353846153846
-0.026911384615384615
-0.012934153846153845
0.018775384615384614
0.07009476923076922
0.1314276923076923
0.18066092307692305
0.20965846153846154
0.2225926153846154
0.22280123076923075
0.20423446153846153
0.17023015384615386
0.11828492307692307
0.05069353846153846
-0.010848
-0.05611753846153846
-0.08344615384615384
-0.10243015384615384
-0.116616
-0.12141415384615384
-0.12600369230769232
-0.11557292307692307
-0.09199938461538461
-0.07739630769230768
-0.06842584615384616
-0.06884307692307692
-0.06592246153846154
-0.05319692307692307
-0.03692492307692308
-0.01668923076923077
-0.0043809230769230765
0.013560000000000001
0.043392
0.07238953846153846
0.08344615384615384
0.06967753846153846
0.03775938461538462
-0.011265230769230769
-0.06321046153846153
-0.10994030769230768
-0.1635544615384615
-0.23823876923076923
-0.2924787692307692
-0.3277347692307692
-0.3235624615384615
-0.2926873846153846
-0.2572227692307692
-0.1860849230769231
-0.09971815384615385
0.05048492307692308
0.2632726153846154
0.5257107692307692
0.6786258461538462
0.7829335384615385
0.8822344615384615
0.8753501538461538
0.8509421538461539
0.641075076923077
0.32731753846153844
-0.06967753846153846
-0.4948356923076923
-0.7929470769230769
-1.0716572307692307
-1.2093433846153845
-1.2539870769230768
-1.1269403076923077
-0.766452923076923
-0.3049956923076923
0.2920615384615385
0.8188153846153846
1.2402184615384615
1.5374953846153847
1.5879803076923078
1.4663575384615384
1.0991944615384615
0.547824
-0.05298830769230769
-0.7172196923076923
-1.2402184615384615
-1.5594
-1.7062652307692308
-1.575254769230769
-1.2971704615384614
-0.8628332307692308
-0.30332676923076923
0.2716172307692308
0.8480215384615384
1.2631661538461538
1.4941033846153846
1.5408332307692305
1.39668
1.1300695384615385
0.7193058461538461
0.2056947692307692
-0.3141747692307692
-0.7971193846153847
-1.1319470769230768
-1.3076012307692308
-1.3432744615384615
-1.2060055384615385
-0.9500344615384616
-0.5814110769230769
-0.14311015384615386
0.2734947692307692
0.6596418461538461
0.9590049230769231
1.1446726153846154
1.2441821538461537
1.198704
1.0290996923076923
0.7468430769230768
0.3565236923076923
-0.07197230769230768
-0.5111076923076923
-0.9149870769230769
-1.2412615384615384
-1.4511286153846155
-1.5139218461538462
-1.4156639999999998
-1.1267316923076922
-0.6867618461538461
-0.15646153846153846
0.4239064615384615
0.9552498461538461
1.3870836923076924
1.6639163076923076
1.7146098461538462
1.5481347692307692
1.1573981538461537
0.6218824615384615
0.04547815384615384
-0.5373932307692307
-1.0472492307692307
-1.4331876923076923
-1.6269913846153847
-1.5831821538461537
-1.3222043076923076
-0.8799396923076923
-0.33023815384615385
0.2774584615384615
0.8782707692307692
1.3801993846153846
1.7212855384615382
1.8389446153846152
1.7033446153846155
1.3635101538461536
0.859704
0.27140861538461536
-0.31855569230769226
-0.8601212307692307
-1.26108
-1.4947292307692308
-1.5291507692307693
-1.3368073846153845
-0.9813267692307692
-0.5150713846153846
-0.011473846153846154
0.4618744615384615
0.8586609230769231
1.1183870769230768
1.2256153846153846
1.1611532307692307
0.9475310769230769
0.6298098461538462
0.249504
-0.1178676923076923
-0.44309907692307693
-0.6971926153846154
-0.8436406153846153
-0.8960030769230769
-0.8400941538461538
-0.6788344615384615
-0.46542092307692307
-0.22113230769230768
0.030040615384615384
0.26765353846153844
0.5000510769230769
0.6794603076923076
0.7737544615384615
0.7873144615384615
0.7103353846153846
0.5797421538461539
0.3994984615384615
0.1881710769230769
-0.03629907692307692
-0.2699483076923077
-0.4647950769230769
-0.6181273846153846
-0.7032424615384615
-0.7140904615384616
-0.6663175384615385
-0.5398966153846154
-0.3636166153846153
-0.15500123076923078
0.07635323076923077
0.2830910769230769
0.4645864615384615
0.6043587692307693
0.6567212307692307
0.6385716923076923
0.5419827692307692
0.3669544615384615
0.15103753846153847
-0.0934596923076923
-0.314592
-0.4929581538461539
-0.611868923076923
-0.6423267692307693
-0.5964313846153846
-0.452904
-0.24449723076923074
-0.013351384615384614
0.22154953846153846
0.41305846153846154
0.5544996923076924
0.6300184615384615
0.6308529230769231
0.5653476923076923
0.41973415384615387
0.23656984615384613
0.06988615384615385
-0.06133292307692308
-0.1462393846153846
-0.18712800000000002
-0.18796246153846152
-0.14123261538461537
-0.07030338461538461
0.0022947692307692304
0.06946892307692307
0.09095630769230768
0.08386338461538462
0.051528
0.005215384615384615
-0.03609046153846154
-0.0855323076923077
-0.11181784615384616
-0.11974523076923077
-0.09658892307692307
-0.043392
0.01981846153846154
0.0897046153846154
0.12537784615384615
0.12037107692307693
0.08240307692307691
0.015854769230769228
-0.06321046153846153
-0.15875630769230767
-0.2620209230769231
-0.3410861538461538
-0.38301784615384615
-0.37029230769230764
-0.30332676923076923
-0.2075723076923077
-0.08198584615384615
0.048816000000000005
0.18128676923076922
0.2926873846153846
0.34880492307692307
0.3508910769230769
0.28163076923076924
0.17315076923076922
0.04380923076923077
-0.08907876923076924
-0.20506892307692307
-0.31250584615384613
-0.3744646153846154
-0.36027876923076924
-0.27975323076923075
-0.1502030769230769
-0.0050067692307692304
0.13372246153846154
0.25012984615384615
0.3252313846153846
0.36966646153846155
0.35986153846153845
0.28663753846153844
0.1760713846153846
0.042557538461538466
-0.0678
-0.14790830769230767
-0.2008966153846154
-0.21716861538461538
-0.20986707692307693
-0.16584923076923075
-0.10263876923076923
-0.038176615384615385
0.014185846153846153
0.03024923076923077
0.03066646153846154
0.015646153846153844
-0.009179076923076922
-0.029832
-0.04965046153846154
-0.058412307692307694
-0.04902461538461538
-0.022947692307692308
0.014185846153846153
0.04944184615384615
0.06362769230769232
0.06154153846153846
0.04672984615384615
0.027745846153846152
0.009596307692307692
-0.00855323076923077
-0.02232184615384615
-0.03129230769230769
-0.015228923076923076
0.021696
0.07635323076923077
0.1395636923076923
0.18399876923076922
0.2221753846153846
0.2480436923076923
0.2572227692307692
0.24992123076923078
0.20548615384615385
0.13330523076923076
0.047981538461538464
-0.027745846153846152
-0.07760492307692309
-0.1097316923076923
-0.12162276923076921
-0.1070196923076923
-0.06446215384615385
0.013768615384615384
0.10326461538461539
0.16856123076923077
0.20339999999999997
0.1927606153846154
0.15228923076923076
0.09095630769230768
0.002712
-0.08991323076923076
-0.1802436923076923
-0.2422024615384615
-0.2624381538461539
-0.24574892307692306
-0.19150892307692308
-0.1218313846153846
-0.04193169230769231
0.04526953846153846
0.132888
0.21195323076923075
0.2620209230769231
0.273912
0.24491446153846153
0.1860849230769231
0.12120553846153845
0.054240000000000003
-0.010639384615384617
-0.07280676923076923
-0.12537784615384615
-0.13998092307692306
-0.11891076923076922
-0.07072061538461538
0.0
0.07197230769230768
0.14331876923076922
0.2154996923076923
0.26494153846153845
0.28100492307692304
0.25367630769230765
0.17231630769230769
0.07426707692307692
-0.03358707692307692
-0.143736
-0.23761292307692305
-0.30895938461538464
-0.3375396923076923
-0.32210215384615387
-0.25471938461538457
-0.15249784615384615
-0.03504738461538461
0.07781353846153846
0.17148184615384612
0.2369870769230769
0.2578486153846154
0.23510953846153848
0.16501476923076921
0.04944184615384615
-0.0961716923076923
-0.23677846153846152
-0.35256
-0.4349630769230769
-0.46688123076923077
-0.4405956923076923
-0.35339446153846155
-0.21612553846153845
-0.046104
0.12412615384615384
0.265776
0.36403384615384615
0.4147273846153846
0.4309993846153846
0.3924055384615385
0.30290953846153845
0.1800350769230769
0.03629907692307692
-0.09033046153846153
-0.192552
-0.26494153846153845
-0.30019753846153846
-0.30290953846153845
-0.27453784615384613
-0.2073636923076923
-0.11557292307692307
-0.011473846153846154
0.0892873846153846
0.16501476923076921
0.22467876923076924
0.2680707692307692
0.29039261538461536
0.27787569230769227
0.23803015384615384
0.17961784615384613
0.10430769230769231
0.020027076923076922
-0.06696553846153847
-0.13330523076923076
-0.1913003076923077
-0.24282830769230768
-0.25138153846153843
-0.21800307692307694
-0.15667015384615385
-0.07405846153846153
0.015646153846153844
0.10868861538461538
0.1923433846153846
0.25305046153846156
0.2883064615384615
0.28663753846153844
0.25138153846153843
0.1860849230769231
0.10409907692307692
0.017940923076923077
-0.06800861538461538
-0.14290153846153844
-0.1948467692307692
-0.208824
-0.1829556923076923
-0.1289243076923077
-0.04693846153846153
0.05799507692307692
0.16021661538461537
0.25993476923076925
0.33378461538461535
0.3659113846153846
0.3594443076923077
0.2989458461538462
0.2090326153846154
0.11160923076923077
0.011265230769230769
-0.08448923076923077
-0.16689230769230767
-0.22822523076923076
-0.2526332307692308
-0.2399076923076923
-0.1869193846153846
-0.10722830769230769
-0.029414769230769227
0.04172307692307692
0.0961716923076923
0.13622584615384614
0.14686523076923075
0.13121907692307694
0.10514215384615383
0.07051199999999999
0.050067692307692306
0.031918153846153846
0.011473846153846154
-0.002086153846153846
-0.01814953846153846
-0.017940923076923077
-0.006049846153846154
-0.0014603076923076922
0.0006258461538461538
-0.006884307692307692
-0.017732307692307693
-0.017523692307692306
-0.014394461538461538
-0.0025033846153846152
0.02044430769230769
0.049233230769230765
0.08761846153846153
0.12245723076923076
0.154584
0.168144
0.15833907692307692
0.13184492307692308
0.08323753846153846
0.027328615384615382
-0.04401784615384615
-0.13267938461538462
-0.21237046153846154
-0.2724516923076923
-0.28768061538461537
-0.26118646153846153
-0.21111876923076925
-0.13768615384615385
-0.0744756923076923
-0.008344615384615384
0.02586830769230769
0.03275261538461539
0.042974769230769226
0.03024923076923077
0.0033378461538461535
-0.05820369230769231
-0.124752
-0.1597993846153846
-0.16876984615384616
-0.1435273846153846
0.00855323076923077
0.07927384615384615
0.03588184615384615
0.09095630769230768
0.06717415384615384
0.165432
0.214248
0.023990769230769232
-0.09408553846153846
-0.2697396923076923
-0.25054707692307693
-0.16292861538461537
-0.17273353846153844
-0.12955015384615384
-0.17398523076923075
0.0014603076923076922
0.22008923076923076
0.3815575384615385
0.4952529230769231
0.34358953846153845
0.26535876923076923
0.15354092307692307
0.015228923076923076
-0.0448523076923077
-0.27286892307692306
-0.3617390769230769
-0.39741230769230773
-0.4453938461538462
-0.25138153846153843
-0.1287156923076923
0.04547815384615384
0.24679199999999998
0.2647329230769231
0.35610646153846154
0.376968
0.3819747692307692
0.4086775384615385
0.26097784615384617
0.10994030769230768
-0.05382276923076923
-0.14936861538461538
-0.13330523076923076
-0.18879692307692306
-0.22447015384615385
-0.25284184615384614
-0.20778092307692309
-0.021278769230769233
0.09116492307692307
0.18086953846153844
0.24032492307692307
0.24637476923076923
0.3460929230769231
0.3811403076923077
0.35923569230769226
0.33587076923076925
0.2140393846153846
0.1476996923076923
0.09867507692307692
0.006049846153846154
-0.05507446153846154
-0.154584
-0.22321846153846153
-0.23448369230769228
-0.23177169230769232
-0.17982646153846152
-0.09116492307692307
0.037342153846153844
0.12266584615384615
0.19672430769230767
0.3031181538461538
0.3479704615384615
0.39678646153846153
0.37363015384615383
0.25805723076923076
0.16418030769230768
0.021278769230769233
-0.10722830769230769
-0.23448369230769228
-0.39595199999999997
-0.47606030769230767
-0.5065181538461538
-0.45603323076923075
-0.33816553846153846
-0.22154953846153846
-0.044435076923076924
0.15792184615384616
0.32210215384615387
0.41681353846153846
0.42953907692307686
0.4134756923076923
0.3346190769230769
0.1858763076923077
0.008761846153846153
-0.20798953846153845
-0.3479704615384615
-0.41910830769230767
-0.4685501538461538
-0.40679999999999994
-0.31188
-0.1666836923076923
0.029832
0.17690584615384616
0.33357600000000004
0.44914892307692306
0.4942098461538461
0.49692184615384616
0.4211944615384615
0.29456492307692306
0.1314276923076923
-0.023990769230769232
-0.14206707692307693
-0.24449723076923074
-0.3131316923076923
-0.36278215384615387
-0.3600701538461538
-0.27599815384615384
-0.1775316923076923
-0.049233230769230765
0.059664
0.11724184615384614
0.20277415384615383
0.2574313846153846
0.2707827692307692
0.2411593846153846
0.13601723076923075
0.051528
-0.012099692307692308
-0.07781353846153846
-0.12662953846153846
-0.2075723076923077
-0.2757895384615385
-0.30186646153846153
-0.3035353846153846
-0.2707827692307692
-0.2422024615384615
-0.1948467692307692
-0.13518276923076925
-0.08031692307692308
0.02273907692307692
0.12266584615384615
0.22426153846153846
0.2993630769230769
0.2828824615384615
0.25242461538461536
0.18775384615384613
0.11223507692307692
0.04985907692307692
-0.09262523076923077
-0.23198030769230768
-0.32377107692307694
-0.36778892307692307
-0.3206418461538461
-0.260352
-0.19359507692307693
-0.11327815384615383
-0.022947692307692308
0.10409907692307692
0.20986707692307693
0.2699483076923077
0.268488
0.21925476923076925
0.1721076923076923
0.09533723076923077
0.006258461538461538
-0.0771876923076923
-0.1691870769230769
-0.22321846153846153
-0.24616615384615384
-0.2273907692307692
-0.15333230769230768
-0.086784
-0.02482523076923077
0.03150092307692308
0.09450276923076922
0.17419384615384614
0.23156307692307693
0.2507556923076923
0.22029784615384615
0.1775316923076923
0.146448
0.13789476923076924
0.14060676923076923
0.11411261538461538
0.07280676923076923
0.04756430769230769
0.04526953846153846
0.058412307692307694
0.05653476923076922
0.03024923076923077
0.012934153846153845
0.003963692307692307
0.014603076923076923
0.04109723076923077
0.04526953846153846
0.04944184615384615
0.06800861538461538
0.09930092307692308
0.14206707692307693
0.17377661538461536
0.1846246153846154
0.1637630769230769
0.12266584615384615
0.06133292307692308
-0.005841230769230769
-0.07697907692307693
-0.17002153846153847
-0.24637476923076923
-0.29080984615384614
-0.2891409230769231
-0.2369870769230769
-0.15270646153846154
-0.045060923076923075
0.07259815384615384
0.1777403076923077
0.26306399999999996
0.32085046153846153
0.32961230769230765
0.2858030769230769
0.184416
0.051528
-0.07572738461538461
-0.1858763076923077
-0.2720344615384615
-0.3339932307692307
-0.3483876923076923
-0.306456
-0.22780799999999998
-0.119328
-0.004589538461538461
0.10222153846153846
0.18900553846153845
0.2236356923076923
0.22029784615384615
0.18754523076923074
0.12454338461538461
0.056951999999999996
-0.016897846153846156
-0.09262523076923077
-0.15479261538461536
-0.20861538461538462
-0.23093723076923076
-0.20861538461538462
-0.168144
-0.11682461538461539
-0.06154153846153846
-0.002712
0.061124307692307686
0.11745046153846153
0.15833907692307692
0.1733593846153846
0.1612596923076923
0.12266584615384615
0.07739630769230768
0.029623384615384614
-0.028163076923076923
-0.06571384615384615
-0.09053907692307692
-0.10576799999999999
-0.09533723076923077
-0.07823076923076923
-0.04401784615384615
-0.004798153846153846
0.020027076923076922
0.046104
0.06863446153846153
0.08428061538461538
0.09533723076923077
0.09846646153846153
0.09971815384615385
0.10055261538461538
0.10076123076923077
0.10013538461538461
0.08052553846153847
0.05444861538461539
0.034630153846153845
0.020027076923076922
0.017940923076923077
0.014603076923076923
0.011682461538461537
0.016063384615384615
0.023990769230769232
0.04672984615384615
0.07468430769230769
0.08740984615384616
0.08448923076923077
0.06446215384615385
0.03880246153846154
0.024408000000000003
0.0033378461538461535
-0.027120000000000002
-0.06154153846153846
-0.10326461538461539
-0.1218313846153846
-0.11557292307692307
-0.09387692307692307
-0.06967753846153846
-0.04214030769230769
-0.006884307692307692
0.030040615384615384
0.0744756923076923
0.0988836923076923
0.09846646153846153
0.08177723076923075
0.05319692307692307
0.025033846153846153
0.0035464615384615383
-0.023782153846153845
-0.042557538461538466
-0.03609046153846154
-0.005424
0.04985907692307692
0.10013538461538461
0.14561353846153846
0.1785747692307692
0.19526400000000002
0.21508246153846153
0.22113230769230768
0.21612553846153845
0.18754523076923074
0.14018953846153845
0.1045163076923077
0.07823076923076923
0.07197230769230768
0.06800861538461538
0.054657230769230764
0.03337846153846154
0.003755076923076923
-0.0035464615384615383
0.006049846153846154
0.012934153846153845
0.009179076923076922
-0.013768615384615384
-0.03129230769230769
-0.019192615384615384
-0.004172307692307692
0.004589538461538461
0.014603076923076923
0.023782153846153845
0.04401784615384615
0.05924676923076923
0.06467076923076923
0.05090215384615384
0.017732307692307693
-0.015646153846153844
-0.04819015384615385
-0.06654830769230768
-0.086784
-0.09930092307692308
-0.10409907692307692
-0.10243015384615384
-0.06279323076923077
-0.014811692307692307
0.035255999999999996
0.0880356923076923
0.12329169230769231
0.15374953846153847
0.16981292307692308
0.16063384615384615
0.12412615384615384
0.05820369230769231
-0.016480615384615385
-0.07823076923076923
-0.11703323076923078
-0.13497415384615385
-0.13768615384615385
-0.12704676923076924
-0.10013538461538461
-0.04839876923076923
0.02586830769230769
0.08761846153846153
0.12266584615384615
0.13226215384615383
0.11452984615384615
0.10117846153846152
0.07426707692307692
0.035464615384615386
-0.005841230769230769
-0.059038153846153844
-0.08490646153846154
-0.09512861538461538
-0.08845292307692308
-0.06800861538461538
-0.04547815384615384
-0.015854769230769228
0.017315076923076923
0.06195876923076923
0.10430769230769231
0.13059323076923077
0.130176
0.11056615384615384
0.07635323076923077
0.032544
-0.021487384615384613
-0.07405846153846153
-0.12391753846153845
-0.17023015384615386
-0.18212123076923076
-0.18066092307692305
-0.15833907692307692
-0.12162276923076921
-0.08386338461538462
-0.026494153846153844
0.03066646153846154
0.07113784615384615
0.08761846153846153
0.07739630769230768
0.059038153846153844
0.03838523076923077
0.01981846153846154
0.006467076923076923
-0.024616615384615383
-0.058829538461538454
-0.07843938461538462
-0.06216738461538462
-0.01981846153846154
0.02086153846153846
0.06529661538461538
0.10013538461538461
0.13706030769230768
0.16584923076923075
0.16584923076923075
0.1358086153846154
0.07614461538461538
0.0050067692307692304
-0.06362769230769232
-0.11160923076923077
-0.13789476923076924
-0.15875630769230767
-0.1696043076923077
-0.15813046153846153
-0.12433476923076923
-0.06967753846153846
-0.005841230769230769
0.0446436923076923
0.07280676923076923
0.078648
0.06404492307692307
0.02545107692307692
-0.032544
-0.10681107692307691
-0.1869193846153846
-0.24491446153846153
-0.26097784615384617
-0.2411593846153846
-0.19735015384615384
-0.14311015384615386
-0.07948246153846153
-0.007301538461538462
0.044435076923076924
0.05611753846153846
0.02858030769230769
0.04130584615384615
0.09158215384615384
0.17565415384615385
0.30144923076923075
0.40742584615384614
0.5305089230769231
0.6175015384615384
0.6696553846153845
0.6573470769230768
0.5388535384615384
0.3738387692307692
0.17002153846153847
-0.028371692307692306
-0.23656984615384613
-0.39324
-0.49045476923076925
-0.5177833846153846
-0.431208
-0.30207507692307695
-0.1205796923076923
0.08302892307692307
0.2720344615384615
0.40325353846153844
0.4320424615384615
0.3684147692307692
0.23156307692307693
0.0609156923076923
-0.15667015384615385
-0.37550769230769226
-0.5567944615384616
-0.6558867692307692
-0.6227169230769231
-0.5100646153846153
-0.33587076923076925
-0.14144123076923076
0.03024923076923077
0.1990190769230769
0.32377107692307694
0.3573581538461538
0.3152178461538461
0.20924123076923076
0.10806276923076923
0.030875076923076922
-0.04756430769230769
-0.11432123076923076
-0.1800350769230769
-0.21967199999999998
-0.225096
-0.20173107692307693
-0.17377661538461536
-0.154584
-0.11181784615384616
-0.06362769230769232
-0.030040615384615384
-0.004589538461538461
-0.008970461538461538
-0.026285538461538457
-0.047772923076923074
-0.0828203076923077
-0.08866153846153846
-0.058829538461538454
-0.004589538461538461
0.07739630769230768
0.14603076923076924
0.17961784615384613
0.18650215384615382
0.15228923076923076
0.0771876923076923
-0.041514461538461535
-0.17419384615384614
-0.2638984615384615
-0.2828824615384615
-0.225096
-0.1314276923076923
-0.01668923076923077
0.11390399999999999
0.24574892307692306
0.3652855384615385
0.4082603076923077
0.36904061538461536
0.2772498461538462
0.15270646153846154
0.040262769230769234
-0.065088
-0.16480615384615382
-0.23218892307692307
-0.2709913846153846
-0.2703655384615385
-0.2330233846153846
-0.16459753846153846
-0.07510153846153846
0.01981846153846154
0.1205796923076923
0.1977673846153846
0.25805723076923076
0.2943563076923077
0.29185292307692307
0.2651501538461538
0.1923433846153846
0.11557292307692307
0.06154153846153846
0.016480615384615385
-0.0022947692307692304
-0.0025033846153846152
0.018983999999999997
0.07405846153846153
0.14206707692307693
0.19380369230769232
0.21320492307692307
0.18983999999999998
0.1422756923076923
0.10263876923076923
0.06070707692307692
0.013560000000000001
-0.030875076923076922
-0.06341907692307691
-0.059872615384615385
-0.022947692307692308
0.025033846153846153
0.056951999999999996
0.06800861538461538
0.059664
0.03859384615384615
0.010848
-0.05090215384615384
-0.12767261538461538
-0.1867107692307692
-0.22655630769230767
-0.2194633846153846
-0.1856676923076923
-0.14457046153846154
-0.07969107692307692
-0.012308307692307691
0.05924676923076923
0.13434830769230768
0.20173107692307693
0.2438713846153846
0.25054707692307693
0.22864246153846152
0.17502830769230768
0.111192
0.04088861538461538
-0.03421292307692308
-0.09721476923076922
-0.1462393846153846
-0.16251138461538459
-0.13309661538461537
-0.08156861538461539
-0.02273907692307692
0.04652123076923077
0.11703323076923078
0.19317784615384614
0.26348123076923075
0.29414769230769233
0.28809784615384615
0.24679199999999998
0.19004861538461537
0.13747753846153846
0.07364123076923076
-0.0016689230769230767
-0.07969107692307692
-0.14290153846153844
-0.1785747692307692
-0.18086953846153844
-0.16042523076923076
-0.13476553846153844
-0.09533723076923077
-0.040679999999999994
0.025659692307692307
0.08824430769230769
0.13393107692307693
0.16334584615384617
0.1829556923076923
0.1856676923076923
0.18775384615384613
0.18712800000000002
0.15750461538461538
0.12308307692307692
0.07468430769230769
0.029623384615384614
-0.0025033846153846152
-0.03421292307692308
-0.059038153846153844
-0.09262523076923077
-0.119328
-0.13247076923076923
-0.11911938461538461
-0.08198584615384615
-0.05090215384615384
-0.006675692307692307
0.0448523076923077
0.10013538461538461
0.1570873846153846
0.17252492307692308
0.15270646153846154
0.10618523076923077
0.044435076923076924
-0.0029206153846153843
-0.048816000000000005
-0.09721476923076922
-0.13393107692307693
-0.15896492307692306
-0.15270646153846154
-0.10514215384615383
-0.03984553846153846
0.02795446153846154
0.08887015384615385
0.13768615384615385
0.17628
0.1927606153846154
0.18107815384615383
0.14164984615384615
0.08386338461538462
0.017523692307692306
-0.05319692307692307
-0.10535076923076922
-0.1489513846153846
-0.17252492307692308
-0.16480615384615382
-0.14185846153846154
-0.09053907692307692
-0.03212676923076923
0.01272553846153846
0.04819015384615385
0.05924676923076923
0.05736923076923077
0.04526953846153846
0.011682461538461537
-0.03275261538461539
-0.0855323076923077
-0.12725538461538463
-0.1476996923076923
-0.14853415384615384
-0.12162276923076921
-0.08115138461538463
-0.02524246153846154
0.040262769230769234
0.09429415384615383
0.1341396923076923
0.146448
0.12391753846153845
0.07030338461538461
-0.004798153846153846
-0.07238953846153846
-0.12767261538461538
-0.16689230769230767
-0.17982646153846152
-0.1543753846153846
-0.09116492307692307
-0.02086153846153846
0.04944184615384615
0.10910584615384614
0.14853415384615384
0.1637630769230769
0.14978584615384616
0.11599015384615384
0.05820369230769231
-0.020652923076923076
-0.09909230769230769
-0.16584923076923075
-0.21049292307692305
-0.2355267692307692
-0.2482523076923077
-0.22488738461538463
-0.17815753846153848
-0.11181784615384616
-0.02482523076923077
0.05716061538461538
0.13601723076923075
0.19359507692307693
0.22989415384615383
0.23928184615384615
0.21654276923076923
0.16626646153846153
0.09158215384615384
0.01981846153846154
-0.03629907692307692
-0.08302892307692307
-0.11745046153846153
-0.13747753846153846
-0.14269292307692305
-0.12141415384615384
-0.08490646153846154
-0.03609046153846154
0.017523692307692306
0.06571384615384615
0.09596307692307693
0.11473846153846154
0.138312
0.14603076923076924
0.12767261538461538
0.0853236923076923
0.03400430769230769
-0.022530461538461537
-0.07739630769230768
-0.12266584615384615
-0.1597993846153846
-0.17982646153846152
-0.184416
-0.1639716923076923
-0.11494707692307692
-0.06300184615384616
-0.02044430769230769
0.014811692307692307
0.04380923076923077
0.06946892307692307
0.08991323076923076
0.09137353846153846
0.07218092307692307
0.043600615384615383
0.008970461538461538
-0.020027076923076922
-0.026285538461538457
-0.021070153846153846
-0.011473846153846154
0.005215384615384615
0.021487384615384613
0.047772923076923074
0.07134646153846153
0.08010830769230769
0.07697907692307693
0.06300184615384616
0.04819015384615385
0.035464615384615386
0.028163076923076923
0.020027076923076922
0.008344615384615384
0.008761846153846153
0.026285538461538457
0.05173661538461538
0.07635323076923077
0.0855323076923077
0.08824430769230769
0.08156861538461539
0.06446215384615385
0.041514461538461535
0.004798153846153846
-0.027745846153846152
-0.05862092307692307
-0.07572738461538461
-0.07009476923076922
-0.053614153846153846
-0.027120000000000002
0.008344615384615384
0.05173661538461538
0.10013538461538461
0.1353913846153846
0.14519630769230768
0.14039815384615384
0.10827138461538462
0.06425353846153846
0.022530461538461537
-0.02753723076923077
-0.06926030769230769
-0.10618523076923077
-0.12537784615384615
-0.11682461538461539
-0.09533723076923077
-0.06759138461538462
-0.06487938461538462
-0.06654830769230768
-0.06425353846153846
-0.05924676923076923
-0.03629907692307692
-0.017940923076923077
0.0016689230769230767
0.021904615384615383
0.045895384615384616
0.07739630769230768
0.10889723076923077
0.12913292307692306
0.13330523076923076
0.11911938461538461
0.09554584615384615
0.06696553846153847
0.02211323076923077
-0.029414769230769227
-0.09241661538461539
-0.13872923076923074
-0.15813046153846153
-0.157296
-0.12329169230769231
-0.07343261538461537
-0.009804923076923077
0.06696553846153847
0.138312
0.19839323076923077
0.22488738461538463
0.1990190769230769
0.1356
0.04193169230769231
-0.06049846153846154
-0.16063384615384615
-0.249504
-0.317304
-0.34963938461538463
-0.32231076923076923
-0.24700061538461537
-0.138312
-0.010013538461538461
0.10576799999999999
0.20402584615384614
0.28267384615384616
0.3235624615384615
0.3210590769230769
0.25930892307692305
0.15395815384615386
0.03984553846153846
-0.06070707692307692
-0.130176
-0.17231630769230769
-0.1883796923076923
-0.16167692307692308
-0.10013538461538461
-0.01043076923076923
0.09784061538461537
0.18796246153846152
0.2563883076923077
0.3012406153846154
0.3170953846153846
0.314592
0.2807963076923077
0.22196676923076922
0.154584
0.08219446153846154
0.02753723076923077
-0.017523692307692306
-0.05277969230769231
-0.07697907692307693
-0.10117846153846152
-0.10201292307692307
-0.08344615384615384
-0.051528
-0.015020307692307692
0.007301538461538462
0.03108369230769231
0.06279323076923077
0.08949599999999999
0.10764553846153846
0.10868861538461538
0.08574092307692306
0.05236246153846154
0.019609846153846155
-0.008344615384615384
-0.040054153846153843
-0.08344615384615384
-0.13101046153846155
-0.16689230769230767
-0.17669723076923077
-0.17481969230769231
-0.15896492307692306
-0.1314276923076923
-0.07927384615384615
-0.01710646153846154
0.050067692307692306
0.09658892307692307
0.11140061538461538
0.130176
0.13351384615384615
0.13518276923076925
0.1097316923076923
0.07009476923076922
0.023990769230769232
-0.0006258461538461538
-0.0029206153846153843
0.11286092307692308
0.18983999999999998
0.11160923076923077
0.12996738461538462
0.0826116923076923
0.12955015384615384
0.1829556923076923
0.056951999999999996
-0.03212676923076923
-0.20423446153846153
-0.19505538461538463
-0.10806276923076923
-0.08240307692307691
-0.02482523076923077
-0.08010830769230769
0.040054153846153843
0.1910916923076923
0.3216849230769231
0.4360061538461539
0.29456492307692306
0.19609846153846153
0.07343261538461537
-0.0609156923076923
-0.10076123076923077
-0.2818393846153846
-0.3752990769230769
-0.42995630769230764
-0.5171575384615384
-0.3811403076923077
-0.26619323076923074
-0.12370892307692308
0.032544
0.052571076923076915
0.15520984615384617
0.21341353846153846
0.27787569230769227
0.3642424615384615
0.2891409230769231
0.1867107692307692
0.054240000000000003
-0.028163076923076923
-0.029414769230769227
-0.11348676923076922
-0.1883796923076923
-0.27182584615384614
-0.2916443076923077
-0.1558356923076923
-0.04944184615384615
0.05403138461538461
0.14144123076923076
0.1910916923076923
0.32606584615384615
0.42369784615384615
0.44998338461538456
0.44998338461538456
0.34296369230769225
0.25430215384615384
0.18775384615384613
0.08198584615384615
-0.013768615384615384
-0.14540492307692307
-0.24700061538461537
-0.30708184615384615
-0.330864
-0.2997803076923077
-0.2482523076923077
-0.1422756923076923
-0.05611753846153846
0.03045784615384615
0.16876984615384616
0.25430215384615384
0.3216849230769231
0.3369138461538461
0.2655673846153846
0.19171753846153847
0.07051199999999999
-0.05236246153846154
-0.17148184615384612
-0.3246055384615385
-0.39261415384615383
-0.40095876923076923
-0.34880492307692307
-0.24449723076923074
-0.15416676923076922
-0.012308307692307691
0.1435273846153846
0.2818393846153846
0.36570276923076916
0.3554806153846154
0.33357600000000004
0.27850153846153847
0.1883796923076923
0.09179076923076923
-0.059664
-0.18316430769230768
-0.26076923076923075
-0.31834707692307695
-0.28893230769230765
-0.24282830769230768
-0.17315076923076922
-0.05611753846153846
0.03984553846153846
0.16000799999999998
0.27599815384615384
0.34776184615384614
0.3746732307692308
0.33253292307692306
0.2557624615384615
0.14060676923076923
0.024408000000000003
-0.06821723076923077
-0.16334584615384617
-0.22154953846153846
-0.268488
-0.27328615384615385
-0.20798953846153845
-0.13998092307692306
-0.04714707692307692
0.02899753846153846
0.06717415384615384
0.13038461538461538
0.1775316923076923
0.19067446153846154
0.14853415384615384
0.046104
-0.03901107692307692
-0.09179076923076923
-0.1316363076923077
-0.17315076923076922
-0.22488738461538463
-0.25346769230769234
-0.24053353846153847
-0.18212123076923076
-0.09012184615384615
-0.010848
0.05507446153846154
0.0961716923076923
0.11390399999999999
0.1449876923076923
0.14686523076923075
0.13998092307692306
0.13038461538461538
0.08010830769230769
0.04526953846153846
0.005632615384615384
-0.031918153846153846
-0.04276615384615385
-0.08699261538461538
-0.13643446153846153
-0.16251138461538459
-0.15562707692307692
-0.10681107692307691
-0.058412307692307694
-0.02357353846153846
-0.0006258461538461538
0.026285538461538457
0.06487938461538462
0.08657538461538461
0.08115138461538463
0.04047138461538462
-0.025659692307692307
-0.0771876923076923
-0.12391753846153845
-0.16334584615384617
-0.1992276923076923
-0.23364923076923078
-0.22634769230769228
-0.20965846153846154
-0.16876984615384616
-0.0936683076923077
-0.016480615384615385
0.05528307692307692
0.09825784615384614
0.13372246153846154
0.16188553846153847
0.16334584615384617
0.1353913846153846
0.07280676923076923
-0.005424
-0.07468430769230769
-0.11870215384615385
-0.119328
-0.10055261538461538
-0.08031692307692308
-0.03859384615384615
0.020652923076923076
0.09992676923076924
0.17273353846153844
0.20861538461538462
0.22342707692307692
0.2157083076923077
0.18858830769230767
0.14978584615384616
0.08782707692307692
0.026702769230769228
-0.025033846153846153
-0.05924676923076923
-0.07134646153846153
-0.07218092307692307
-0.040262769230769234
0.002712
0.03692492307692308
0.06279323076923077
0.07510153846153846
0.07802215384615384
0.06571384615384615
0.05173661538461538
0.03838523076923077
0.010639384615384617
-0.011473846153846154
-0.013768615384615384
0.005841230769230769
0.03901107692307692
0.054657230769230764
0.05757784615384615
0.06425353846153846
0.07030338461538461
0.07823076923076923
0.06154153846153846
0.02545107692307692
-0.008970461538461538
-0.04401784615384615
-0.05757784615384615
-0.06383630769230769
-0.06467076923076923
-0.06154153846153846
-0.059664
-0.04693846153846153
-0.02273907692307692
0.012099692307692308
0.04526953846153846
0.054240000000000003
0.040054153846153843
0.015437538461538461
-0.01856676923076923
-0.03859384615384615
-0.059664
-0.08156861538461539
-0.0963803076923077
-0.10743692307692307
-0.09471138461538461
-0.06216738461538462
-0.019192615384615384
0.015854769230769228
0.03921969230769231
0.06592246153846154
0.09095630769230768
0.10618523076923077
0.09992676923076924
0.08386338461538462
0.084072
0.09053907692307692
0.1151556923076923
0.14728246153846153
0.15646153846153846
0.15354092307692307
0.13747753846153846
0.11202646153846153
0.08302892307692307
0.042348923076923076
0.0025033846153846152
-0.03609046153846154
-0.062376
-0.06216738461538462
-0.04276615384615385
-0.004798153846153846
0.03963692307692308
0.09074769230769231
0.138312
0.1787833846153846
0.20673784615384616
0.20506892307692307
0.1691870769230769
0.11077476923076923
0.054240000000000003
0.006884307692307692
-0.02753723076923077
-0.05674338461538461
-0.07510153846153846
-0.07510153846153846
-0.04214030769230769
0.025659692307692307
0.10076123076923077
0.16000799999999998
0.1908830769230769
0.20277415384615383
0.1908830769230769
0.1531236923076923
0.09179076923076923
0.002712
-0.0853236923076923
-0.14540492307692307
-0.1706473846153846
-0.15875630769230767
-0.12934153846153845
-0.08866153846153846
-0.03567323076923076
0.021278769230769233
0.08115138461538463
0.11494707692307692
0.10743692307692307
0.06633969230769231
-0.0016689230769230767
-0.06592246153846154
-0.11828492307692307
-0.15604430769230768
-0.1792006153846154
-0.1867107692307692
-0.15270646153846154
-0.08302892307692307
0.005215384615384615
0.09471138461538461
0.15896492307692306
0.19818461538461538
0.21696000000000001
0.21007569230769232
0.18107815384615383
0.119328
0.029414769230769227
-0.053614153846153846
-0.11327815384615383
-0.13601723076923075
-0.11974523076923077
-0.07697907692307693
-0.01043076923076923
0.05778646153846154
0.12224861538461537
0.18358153846153846
0.2138307692307692
0.20465169230769228
0.15416676923076922
0.0771876923076923
-0.007301538461538462
-0.08302892307692307
-0.1435273846153846
-0.20006215384615383
-0.23177169230769232
-0.2290596923076923
-0.19609846153846153
-0.13747753846153846
-0.07259815384615384
-0.01940123076923077
0.017940923076923077
0.04318338461538461
0.05674338461538461
0.05027630769230769
0.014394461538461538
-0.03108369230769231
-0.06446215384615385
-0.0826116923076923
-0.06967753846153846
-0.03671630769230769
-0.009596307692307692
0.03108369230769231
0.08135999999999999
0.12704676923076924
0.16730953846153845
0.16856123076923077
0.1422756923076923
0.0963803076923077
0.035464615384615386
-0.012934153846153845
-0.056951999999999996
-0.09074769230769231
-0.10555938461538462
-0.10222153846153846
-0.07656184615384615
-0.027745846153846152
0.029623384615384614
0.07739630769230768
0.1136953846153846
0.12245723076923076
0.10263876923076923
0.07030338461538461
0.015646153846153844
-0.05382276923076923
-0.1218313846153846
-0.17648861538461538
-0.20465169230769228
-0.20256553846153844
-0.17544553846153846
-0.12975876923076923
-0.06362769230769232
0.008970461538461538
0.08761846153846153
0.16271999999999998
0.20819815384615384
0.22154953846153846
0.20423446153846153
0.16438892307692307
0.10639384615384614
0.03629907692307692
-0.03692492307692308
-0.100344
-0.13309661538461537
-0.1316363076923077
-0.09137353846153846
-0.023364923076923075
0.047772923076923074
0.11703323076923078
0.18149538461538461
0.23677846153846152
0.26222953846153846
0.238656
0.17544553846153846
0.08448923076923077
-0.011265230769230769
-0.08469784615384615
-0.130176
-0.14999446153846155
-0.14457046153846154
-0.10931446153846153
-0.042974769230769226
0.0446436923076923
0.1341396923076923
0.1927606153846154
0.22196676923076922
0.23218892307692307
0.21216184615384615
0.16501476923076921
0.0855323076923077
-0.00855323076923077
-0.0961716923076923
-0.16876984615384616
-0.2125790769230769
-0.23281476923076924
-0.23093723076923076
-0.20506892307692307
-0.1558356923076923
-0.08490646153846154
0.003963692307692307
0.08490646153846154
0.13893784615384613
0.16730953846153845
0.165432
0.13706030769230768
0.08010830769230769
0.005215384615384615
-0.08344615384615384
-0.17273353846153844
-0.23928184615384615
-0.2716172307692308
-0.254928
-0.21174461538461536
-0.15625292307692307
-0.09700615384615385
-0.037967999999999995
0.011265230769230769
0.03880246153846154
0.012099692307692308
-0.04526953846153846
-0.08574092307692306
-0.09846646153846153
-0.04547815384615384
0.05945538461538461
0.2559710769230769
0.35923569230769226
0.40513107692307687
0.5121507692307692
0.49629599999999996
0.4823187692307692
0.33524492307692305
0.100344
-0.11140061538461538
-0.3548547692307692
-0.44038707692307694
-0.5471981538461539
-0.6033156923076922
-0.5682683076923077
-0.4873255384615384
-0.21696000000000001
0.03880246153846154
0.3229366153846154
0.5453206153846154
0.6064449230769231
0.6740363076923077
0.602064
0.45436430769230773
0.24741784615384615
-0.06905169230769231
-0.3039526153846154
-0.5584633846153846
-0.7424621538461539
-0.7397501538461538
-0.7140904615384616
-0.5449033846153846
-0.3216849230769231
-0.1097316923076923
0.15500123076923078
0.33065538461538463
0.5090215384615385
0.6179187692307693
0.6012295384615385
0.5611753846153846
0.44685415384615385
0.3277347692307692
0.16271999999999998
-0.06592246153846154
-0.2574313846153846
-0.4514436923076923
-0.5603409230769231
-0.5734836923076922
-0.5653476923076923
-0.4593710769230769
-0.3170953846153846
-0.15124615384615384
0.058829538461538454
0.2021483076923077
0.33962584615384617
0.4549901538461538
0.5048492307692307
0.5578375384615384
0.539688
0.4622916923076923
0.330864
0.143736
-0.04276615384615385
-0.2632726153846154
-0.45269538461538456
-0.5958055384615384
-0.6734104615384615
-0.6396147692307692
-0.557628923076923
-0.36340799999999995
-0.08615815384615384
0.18712800000000002
0.48357046153846156
0.7049113846153846
0.8334184615384616
0.8772276923076923
0.784811076923077
0.6266806153846154
0.38572984615384615
0.10117846153846152
-0.14853415384615384
-0.4030449230769231
-0.6112430769230769
-0.7589427692307691
-0.815268923076923
-0.7368295384615384
-0.585792
-0.3650769230769231
-0.10681107692307691
0.17252492307692308
0.46437784615384614
0.6681950769230769
0.775632
0.7670787692307692
0.6135378461538461
0.4011673846153846
0.13080184615384613
-0.16271999999999998
-0.4017932307692308
-0.6026898461538461
-0.7053286153846154
-0.7057458461538462
-0.6312701538461538
-0.45749353846153845
-0.23656984615384613
0.0022947692307692304
0.22843384615384613
0.40846892307692306
0.5305089230769231
0.5615926153846154
0.5319692307692307
0.441012923076923
0.2924787692307692
0.1356
-0.04380923076923077
-0.19463815384615382
-0.2951907692307692
-0.3584012307692308
-0.34275507692307694
-0.29915446153846154
-0.2330233846153846
-0.12496061538461539
-0.02858030769230769
0.05590892307692308
0.11974523076923077
0.15208061538461537
0.18525046153846153
0.20173107692307693
0.19359507692307693
0.17899199999999998
0.1506203076923077
0.11578153846153846
0.05736923076923077
0.004798153846153846
-0.031918153846153846
-0.0744756923076923
-0.09512861538461538
-0.13601723076923075
-0.1718990769230769
-0.17648861538461538
-0.16689230769230767
-0.11411261538461538
-0.06362769230769232
-0.021070153846153846
0.03859384615384615
0.09491999999999999
0.17023015384615386
0.2453316923076923
0.2845513846153846
0.2939390769230769
0.26160369230769226
0.21341353846153846
0.16334584615384617
0.09554584615384615
0.02086153846153846
-0.05820369230769231
-0.11828492307692307
-0.13643446153846153
-0.1314276923076923
-0.09179076923076923
-0.04214030769230769
-0.0077187692307692304
0.028163076923076923
0.05111076923076923
0.08615815384615384
0.13038461538461538
0.15833907692307692
0.18379015384615385
0.19296923076923078
0.19067446153846154
0.19985353846153847
0.19672430769230767
0.17169046153846151
0.1314276923076923
0.08866153846153846
0.05924676923076923
0.031918153846153846
0.0022947692307692304
-0.04652123076923077
-0.10660246153846153
-0.14123261538461537
-0.15082892307692305
-0.14144123076923076
-0.12621230769230768
-0.10076123076923077
-0.05069353846153846
0.0029206153846153843
0.07468430769230769
0.14728246153846153
0.1913003076923077
0.21299630769230768
0.19046584615384615
0.14582215384615385
0.09429415384615383
0.01981846153846154
-0.054657230769230764
-0.119328
-0.1635544615384615
-0.17628
-0.16334584615384617
-0.11640738461538462
-0.04839876923076923
0.023990769230769232
0.10660246153846153
0.19296923076923078
0.2768326153846154
0.33524492307692305
0.34880492307692307
0.3350363076923077
0.2782929230769231
0.19359507692307693
0.10055261538461538
-0.005424
-0.10055261538461538
-0.19025723076923076
-0.24324553846153843
-0.241368
-0.2075723076923077
-0.14957723076923077
-0.08073415384615384
-0.007927384615384614
0.06926030769230769
0.1316363076923077
0.1637630769230769
0.16480615384615382
0.12934153846153845
0.07384984615384615
-0.0029206153846153843
-0.08720123076923077
-0.17273353846153844
-0.2586830769230769
-0.3170953846153846
-0.3594443076923077
-0.36215630769230767
-0.33378461538461535
-0.2920615384615385
-0.2207150769230769
-0.143736
-0.056326153846153845
0.025033846153846153
0.0826116923076923
0.12621230769230768
0.1476996923076923
0.14999446153846155
0.13101046153846155
0.092208
0.040054153846153843
-0.021278769230769233
-0.07802215384615384
-0.11411261538461538
-0.1289243076923077
-0.12642092307692307
-0.11473846153846154
-0.0880356923076923
-0.03880246153846154
0.011891076923076923
0.07364123076923076
0.12788123076923075
0.15103753846153847
0.15792184615384616
0.1449876923076923
0.12996738461538462
0.10576799999999999
0.05653476923076922
0.005424
-0.05090215384615384
-0.09429415384615383
-0.10639384615384614
-0.09784061538461537
-0.06717415384615384
-0.037342153846153844
0.007927384615384614
0.06592246153846154
0.11432123076923076
0.154584
0.1656406153846154
0.15667015384615385
0.13747753846153846
0.111192
0.09116492307692307
0.06800861538461538
0.04088861538461538
0.034630153846153845
0.04318338461538461
0.06258461538461538
0.08991323076923076
0.10681107692307691
0.11557292307692307
0.10994030769230768
0.0963803076923077
0.08845292307692308
0.08240307692307691
0.07510153846153846
0.06467076923076923
0.054240000000000003
0.053614153846153846
0.05757784615384615
0.05570030769230769
0.0448523076923077
0.029414769230769227
0.017940923076923077
0.0029206153846153843
-0.0070929230769230765
-0.008344615384615384
-0.014394461538461538
-0.018358153846153843
-0.021278769230769233
-0.024199384615384616
-0.03421292307692308
-0.054240000000000003
-0.08115138461538463
-0.10096984615384616
-0.09930092307692308
-0.08991323076923076
-0.07218092307692307
-0.06529661538461538
-0.06550523076923077
-0.052153846153846155
-0.03984553846153846
-0.028163076923076923
-0.025659692307692307
-0.037342153846153844
-0.0446436923076923
-0.04214030769230769
-0.03045784615384615
-0.01814953846153846
-0.027328615384615382
-0.046104
-0.07092923076923077
-0.09679753846153846
-0.11432123076923076
-0.13601723076923075
-0.15667015384615385
-0.1710646153846154
-0.1635544615384615
-0.1314276923076923
-0.08448923076923077
-0.025033846153846153
0.027745846153846152
0.06675692307692307
0.10806276923076923
0.14018953846153845
0.15416676923076922
0.14206707692307693
0.09429415384615383
0.03650769230769231
-0.02086153846153846
-0.07197230769230768
-0.12162276923076921
-0.17565415384615385
-0.20402584615384614
-0.20277415384615383
-0.1710646153846154
-0.11640738461538462
-0.05653476923076922
0.001043076923076923
0.04193169230769231
0.08219446153846154
0.11599015384615384
0.13476553846153844
0.13309661538461537
0.09930092307692308
0.04944184615384615
-0.002086153846153846
-0.052153846153846155
-0.09241661538461539
-0.12516923076923075
-0.14603076923076924
-0.13309661538461537
-0.092208
-0.025659692307692307
0.05799507692307692
0.13080184615384613
0.1794092307692308
0.20402584615384614
0.21091015384615383
0.20423446153846153
0.16271999999999998
0.09491999999999999
0.02211323076923077
-0.0448523076923077
-0.08135999999999999
-0.09909230769230769
-0.09971815384615385
-0.09074769230769231
-0.07656184615384615
-0.03379569230769231
0.017940923076923077
0.06717415384615384
0.09471138461538461
0.10243015384615384
0.111192
0.11619876923076923
0.11765907692307691
0.10472492307692308
0.07489292307692308
0.03483876923076923
-0.001043076923076923
-0.03108369230769231
-0.04965046153846154
-0.06258461538461538
-0.07739630769230768
-0.07969107692307692
-0.07823076923076923
-0.06529661538461538
-0.040679999999999994
-0.012934153846153845
0.010013538461538461
0.029623384615384614
0.05590892307692308
0.0826116923076923
0.10263876923076923
0.10660246153846153
0.10910584615384614
0.11265230769230769
0.11599015384615384
0.12266584615384615
0.12412615384615384
0.10868861538461538
0.07593599999999999
0.04631261538461538
0.03671630769230769
0.03609046153846154
0.027120000000000002
0.00855323076923077
-0.008344615384615384
-0.0022947692307692304
0.01043076923076923
0.021278769230769233
0.018358153846153843
0.006258461538461538
0.0033378461538461535
0.007510153846153846
0.019192615384615384
0.016897846153846156
0.006258461538461538
-0.013560000000000001
-0.02586830769230769
-0.024199384615384616
-0.02795446153846154
-0.03775938461538462
-0.06154153846153846
-0.078648
-0.09846646153846153
-0.12016246153846154
-0.13455692307692307
-0.16772676923076923
-0.20506892307692307
-0.26786215384615386
-0.3137575384615385
-0.2605606153846154
-0.16438892307692307
-0.01710646153846154
0.16084246153846155
0.3319070769230769
0.5492843076923076
0.7253556923076923
0.8365476923076922
0.8609556923076923
0.7190972307692308
0.46625538461538457
0.1779489230769231
-0.06425353846153846
-0.31542646153846154
-0.5221643076923077
-0.6446215384615385
-0.6878049230769231
-0.5401052307692308
-0.3143833846153846
-0.017315076923076923
0.2789187692307692
0.4977563076923077
0.6875963076923076
0.7626978461538462
0.7247298461538462
0.55596
0.2572227692307692
-0.10660246153846153
-0.4554073846153846
-0.7049113846153846
-0.8377993846153846
-0.8388424615384614
-0.720348923076923
-0.5042233846153846
-0.21737723076923077
0.07238953846153846
0.35235138461538457
0.5697286153846154
0.6300184615384615
0.5914246153846153
0.48461353846153843
0.3170953846153846
0.1531236923076923
-0.020652923076923076
-0.16334584615384617
-0.2749550769230769
-0.36382523076923073
-0.38656430769230765
-0.3617390769230769
-0.3179298461538461
-0.27140861538461536
-0.20423446153846153
-0.130176
-0.06070707692307692
0.006675692307692307
0.04756430769230769
0.06571384615384615
0.0897046153846154
0.10868861538461538
0.13518276923076925
0.17586276923076924
0.2021483076923077
0.23761292307692305
0.24032492307692307
0.1846246153846154
0.1045163076923077
-0.02023569230769231
-0.17273353846153844
-0.3045784615384615
-0.39344861538461534
-0.409512
-0.3410861538461538
-0.20131384615384615
0.0012516923076923076
0.22551323076923077
0.43287692307692305
0.6028984615384615
0.7065803076923076
0.7026166153846154
0.5947624615384616
0.42995630769230764
0.20673784615384616
-0.03358707692307692
-0.24491446153846153
-0.40992923076923077
-0.48565661538461535
-0.4848221538461538
-0.40846892307692306
-0.25972615384615383
-0.07343261538461537
0.14018953846153845
0.3536030769230769
0.5227901538461539
0.615624
0.6191704615384614
0.5211212307692308
0.3584012307692308
0.16730953846153845
-0.04276615384615385
-0.2415766153846154
-0.3861470769230769
-0.4514436923076923
-0.43433723076923075
-0.32585723076923073
-0.1696043076923077
0.013351384615384614
0.2075723076923077
0.3538116923076923
0.4508178461538461
0.48357046153846156
0.4387181538461538
0.35047384615384614
0.21758584615384616
0.05778646153846154
-0.086784
-0.2073636923076923
-0.2814221538461538
-0.2872633846153846
-0.24178523076923078
-0.165432
-0.073224
0.005215384615384615
0.054240000000000003
0.06028984615384615
0.02482523076923077
-0.02273907692307692
-0.07697907692307693
-0.13601723076923075
-0.1783661538461538
-0.1802436923076923
-0.14916
-0.08636676923076922
-0.0008344615384615384
0.07823076923076923
0.14999446153846155
0.19505538461538463
0.19881046153846152
0.16438892307692307
0.08365476923076923
-0.027745846153846152
-0.13351384615384615
-0.23093723076923076
-0.29456492307692306
-0.31667815384615383
-0.3116713846153846
-0.25930892307692305
-0.16647507692307692
-0.03880246153846154
0.09304246153846155
0.20256553846153844
0.26452430769230767
0.26160369230769226
0.22154953846153846
0.14686523076923075
0.055491692307692304
-0.04380923076923077
-0.13664307692307692
-0.1927606153846154
-0.21111876923076925
-0.19150892307692308
-0.13372246153846154
-0.05590892307692308
0.015646153846153844
0.086784
0.15333230769230768
0.20110523076923076
0.21195323076923075
0.17315076923076922
0.09846646153846153
0.006049846153846154
-0.06133292307692308
-0.09596307692307693
-0.10889723076923077
-0.09700615384615385
-0.0678
-0.017523692307692306
0.04526953846153846
0.12266584615384615
0.1858763076923077
0.19380369230769232
0.16167692307692308
0.10347323076923076
0.030040615384615384
-0.054657230769230764
-0.15124615384615384
-0.23448369230769228
-0.28246523076923075
-0.2906012307692308
-0.24616615384615384
-0.1721076923076923
-0.09700615384615385
-0.03275261538461539
0.008761846153846153
0.04547815384615384
0.058829538461538454
0.03838523076923077
-0.013351384615384614
-0.0897046153846154
-0.15208061538461537
-0.1860849230769231
-0.17481969230769231
-0.13038461538461538
-0.07197230769230768
0.005424
0.09033046153846153
0.17565415384615385
0.25242461538461536
0.3008233846153846
0.3016578461538461
0.2624381538461539
0.19735015384615384
0.12266584615384615
0.05069353846153846
-0.030875076923076922
-0.11077476923076923
-0.1639716923076923
-0.17085599999999998
-0.119328
-0.04214030769230769
0.03755076923076923
0.10535076923076922
0.13455692307692307
0.14916
0.15103753846153847
0.12788123076923075
0.0798996923076923
0.0043809230769230765
-0.06696553846153847
-0.12621230769230768
-0.1506203076923077
-0.14415323076923076
-0.12850707692307692
-0.08845292307692308
-0.03337846153846154
0.022530461538461537
0.07280676923076923
0.10827138461538462
0.11682461538461539
0.0961716923076923
0.04985907692307692
-0.0022947692307692304
-0.050067692307692306
-0.09784061538461537
-0.12621230769230768
-0.12913292307692306
-0.10138707692307691
-0.044435076923076924
0.018983999999999997
0.08115138461538463
0.12934153846153845
0.14936861538461538
0.1422756923076923
0.09950953846153845
0.04088861538461538
-0.035255999999999996
-0.12788123076923075
-0.18942276923076923
-0.22300984615384614
-0.22029784615384615
-0.18525046153846153
-0.14206707692307693
-0.07885661538461539
-0.012934153846153845
0.04672984615384615
0.07969107692307692
0.07510153846153846
0.05444861538461539
0.013768615384615384
-0.023990769230769232
-0.04965046153846154
-0.07426707692307692
-0.0855323076923077
-0.0855323076923077
-0.06008123076923077
-0.0022947692307692304
0.06404492307692307
0.12308307692307692
0.16897846153846155
0.19839323076923077
0.21612553846153845
0.21696000000000001
0.1923433846153846
0.1489513846153846
0.09262523076923077
0.03504738461538461
-0.01397723076923077
-0.040679999999999994
-0.04672984615384615
-0.03942830769230769
-0.026494153846153844
-0.012099692307692308
0.011265230769230769
0.03400430769230769
0.05236246153846154
0.06008123076923077
0.058412307692307694
0.051528
0.03984553846153846
0.029206153846153847
0.017315076923076923
-0.001043076923076923
-0.021278769230769233
-0.03483876923076923
-0.02586830769230769
-0.0006258461538461538
0.02795446153846154
0.05277969230769231
0.07489292307692308
0.09763200000000001
0.11411261538461538
0.12516923076923075
0.119328
0.09512861538461538
0.06738276923076922
0.04819015384615385
0.040262769230769234
0.04109723076923077
0.04088861538461538
0.03963692307692308
0.04631261538461538
0.05382276923076923
0.05507446153846154
0.04693846153846153
0.02586830769230769
0.004798153846153846
-0.01272553846153846
-0.027745846153846152
-0.03692492307692308
-0.05090215384615384
-0.05611753846153846
-0.04944184615384615
-0.03775938461538462
-0.026285538461538457
-0.02211323076923077
-0.015854769230769228
-0.0077187692307692304
-0.0035464615384615383
0.003755076923076923
0.01272553846153846
0.01814953846153846
0.02753723076923077
0.03921969230769231
0.053614153846153846
0.06571384615384615
0.0717636923076923
0.07635323076923077
0.08490646153846154
0.11098338461538461
0.13935507692307691
0.16793538461538463
0.19004861538461537
0.19693292307692306
0.19797599999999999
0.1829556923076923
0.154584
0.11035753846153845
0.045060923076923075
-0.031709538461538456
-0.10785415384615385
-0.16501476923076921
-0.19693292307692306
-0.20027076923076922
-0.17085599999999998
-0.11619876923076923
-0.035464615384615386
0.048816000000000005
0.11911938461538461
0.17815753846153848
0.2090326153846154
0.222384
0.22718215384615387
0.22113230769230768
0.20193969230769232
0.16063384615384615
0.10743692307692307
0.07092923076923077
0.049233230769230765
0.03045784615384615
0.01981846153846154
-0.003129230769230769
-0.03650769230769231
-0.05820369230769231
-0.061124307692307686
-0.052153846153846155
-0.03629907692307692
-0.016480615384615385
0.010013538461538461
0.047772923076923074
0.08386338461538462
0.10555938461538462
0.10117846153846152
0.07030338461538461
0.02232184615384615
-0.017315076923076923
-0.04860738461538461
-0.08490646153846154
-0.12391753846153845
-0.16710092307692306
-0.1923433846153846
-0.20506892307692307
-0.20319138461538463
-0.1860849230769231
-0.17502830769230768
-0.14728246153846153
-0.10138707692307691
-0.040054153846153843
0.03108369230769231
0.08115138461538463
0.11891076923076922
0.13518276923076925
0.12412615384615384
0.09825784615384614
0.051319384615384614
-0.006049846153846154
-0.06738276923076922
-0.11494707692307692
-0.12579507692307693
-0.11181784615384616
-0.07802215384615384
-0.03421292307692308
0.005632615384615384
0.052153846153846155
0.09658892307692307
0.138312
0.1612596923076923
0.1585476923076923
0.14394461538461537
0.11724184615384614
0.09012184615384615
0.04756430769230769
-0.005424
-0.06028984615384615
-0.11640738461538462
-0.15479261538461536
-0.16772676923076923
-0.1614683076923077
-0.13852061538461538
-0.11014892307692307
-0.06654830769230768
-0.0077187692307692304
0.04401784615384615
0.09429415384615383
0.12266584615384615
0.13038461538461538
0.119328
0.09471138461538461
0.06926030769230769
0.027328615384615382
-0.020652923076923076
-0.05862092307692307
-0.08073415384615384
-0.08991323076923076
-0.09304246153846155
-0.092208
-0.10764553846153846
-0.14394461538461537
-0.18253846153846154
-0.22530461538461538
-0.2828824615384615
-0.3035353846153846
-0.25159015384615385
-0.14916
0.02044430769230769
0.18921415384615384
0.34651015384615386
0.49984246153846157
0.5878781538461538
0.6321046153846154
0.5659735384615384
0.4193169230769231
0.22551323076923077
0.009596307692307692
-0.19693292307692306
-0.417648
-0.554916923076923
-0.634608
-0.5999778461538462
-0.45206953846153847
-0.2620209230769231
-0.0043809230769230765
0.23844738461538462
0.4781464615384615
0.649211076923077
0.686136
0.6293926153846153
0.4687587692307692
0.24908676923076922
-0.016272
-0.2830910769230769
-0.4965046153846154
-0.6227169230769231
-0.6166670769230769
-0.5184092307692307
-0.35568923076923076
-0.1696043076923077
0.006258461538461538
0.1873366153846154
0.3116713846153846
0.3558978461538462
0.3412947692307692
0.2655673846153846
0.18650215384615382
0.10117846153846152
-0.003755076923076923
-0.10597661538461538
-0.208824
-0.27286892307692306
-0.2891409230769231
-0.2699483076923077
-0.21737723076923077
-0.14707384615384617
-0.05444861538461539
0.03713353846153846
0.12016246153846154
0.19171753846153847
0.21716861538461538
0.21591692307692306
0.19004861538461537
0.14874276923076923
0.11849353846153846
0.08177723076923075
0.06800861538461538
0.06905169230769231
0.03775938461538462
-0.0077187692307692304
-0.05611753846153846
-0.11098338461538461
-0.1785747692307692
-0.25200738461538463
-0.3016578461538461
-0.30583015384615386
-0.25659692307692306
-0.16459753846153846
-0.04902461538461538
0.07551876923076924
0.18191261538461537
0.27412061538461535
0.3421292307692308
0.34046030769230773
0.28955815384615385
0.18983999999999998
0.06529661538461538
-0.04860738461538461
-0.1666836923076923
-0.2438713846153846
-0.2805876923076923
-0.2853858461538461
-0.23448369230769228
-0.1558356923076923
-0.05048492307692308
0.07906523076923076
0.19755876923076923
0.2920615384615385
0.3442153846153846
0.3623649230769231
0.3392086153846154
0.2574313846153846
0.1449876923076923
0.0050067692307692304
-0.11703323076923078
-0.1927606153846154
-0.23364923076923078
-0.21842030769230766
-0.1543753846153846
-0.05862092307692307
0.0717636923076923
0.20506892307692307
0.30186646153846153
0.35005661538461535
0.3344104615384615
0.27704123076923076
0.19964492307692308
0.08615815384615384
-0.04109723076923077
-0.15145476923076923
-0.22864246153846152
-0.2497126153846154
-0.2140393846153846
-0.13768615384615385
-0.047981538461538464
0.040054153846153843
0.12558646153846154
0.1977673846153846
0.2436627692307692
0.2478350769230769
0.2154996923076923
0.15270646153846154
0.06404492307692307
-0.01856676923076923
-0.0936683076923077
-0.16063384615384615
-0.1858763076923077
-0.18191261538461537
-0.14790830769230767
-0.07969107692307692
-0.0077187692307692304
0.06613107692307692
0.11974523076923077
0.13622584615384614
0.12662953846153846
0.08636676923076922
0.026494153846153844
-0.05173661538461538
-0.13372246153846154
-0.20256553846153844
-0.24053353846153847
-0.22530461538461538
-0.18066092307692305
-0.11327815384615383
-0.03880246153846154
0.04318338461538461
0.14936861538461538
0.2426196923076923
0.29498215384615384
0.31000246153846156
0.2858030769230769
0.24679199999999998
0.20944984615384615
0.14582215384615385
0.07301538461538462
0.006049846153846154
-0.052153846153846155
-0.086784
-0.09825784615384614
-0.09012184615384615
-0.07948246153846153
-0.06279323076923077
-0.04109723076923077
-0.021904615384615383
0.007301538461538462
0.04526953846153846
0.07405846153846153
0.09325107692307691
0.08949599999999999
0.08031692307692308
0.08490646153846154
0.0826116923076923
0.08574092307692306
0.07197230769230768
0.04714707692307692
0.032544
0.006675692307692307
-0.02524246153846154
-0.07051199999999999
-0.11870215384615385
-0.14206707692307693
-0.14686523076923075
-0.1358086153846154
-0.10013538461538461
-0.06028984615384615
-0.007510153846153846
0.06383630769230769
0.13309661538461537
0.18399876923076922
0.19609846153846153
0.18086953846153844
0.1504116923076923
0.11265230769230769
0.059038153846153844
-0.006884307692307692
-0.07030338461538461
-0.12370892307692308
-0.14749107692307692
-0.13351384615384615
-0.09199938461538461
-0.03150092307692308
0.03942830769230769
0.10409907692307692
0.1652233846153846
0.208824
0.22008923076923076
0.2008966153846154
0.14457046153846154
0.05924676923076923
-0.026494153846153844
-0.10514215384615383
-0.1691870769230769
-0.206112
-0.21508246153846153
-0.1856676923076923
-0.12412615384615384
-0.03504738461538461
0.062376
0.14123261538461537
0.19588984615384614
0.2236356923076923
0.22426153846153846
0.19839323076923077
0.13184492307692308
0.03129230769230769
-0.07343261538461537
-0.15604430769230768
-0.21091015384615383
-0.24574892307692306
-0.2586830769230769
-0.24762646153846155
-0.20861538461538462
-0.14832553846153845
-0.06988615384615385
0.0008344615384615384
0.04422646153846154
0.07030338461538461
0.06905169230769231
0.04985907692307692
0.015228923076923076
-0.03984553846153846
-0.0974233846153846
-0.14290153846153844
-0.1693956923076923
-0.16438892307692307
-0.12433476923076923
-0.0717636923076923
-0.021696
0.027120000000000002
0.07364123076923076
0.10555938461538462
0.11828492307692307
0.10201292307692307
0.05924676923076923
0.0025033846153846152
-0.051528
-0.08845292307692308
-0.11348676923076922
-0.11891076923076922
-0.111192
-0.08448923076923077
-0.03421292307692308
0.01272553846153846
0.0446436923076923
0.05298830769230769
0.04714707692307692
0.046104
0.04401784615384615
0.03588184615384615
0.026285538461538457
0.017523692307692306
0.016063384615384615
0.020652923076923076
0.02753723076923077
0.027328615384615382
0.014603076923076923
0.0043809230769230765
-0.004798153846153846
-0.0077187692307692304
-0.0012516923076923076
0.005424
0.02023569230769231
0.03942830769230769
0.06487938461538462
0.10952307692307692
0.15479261538461536
0.1858763076923077
0.19714153846153845
0.19359507692307693
0.18545907692307692
0.16167692307692308
0.12245723076923076
0.07009476923076922
0.020652923076923076
-0.016480615384615385
-0.046104
-0.05173661538461538
-0.05048492307692308
-0.042348923076923076
-0.019609846153846155
0.010222153846153844
0.05048492307692308
0.07656184615384615
0.08302892307692307
0.07906523076923076
0.065088
0.042348923076923076
0.009387692307692307
-0.02899753846153846
-0.07969107692307692
-0.12662953846153846
-0.1506203076923077
-0.14728246153846153
-0.11849353846153846
-0.078648
-0.032544
0.012099692307692308
0.05173661538461538
0.0826116923076923
0.09909230769230769
0.09179076923076923
0.058829538461538454
0.01814953846153846
-0.013351384615384614
-0.028371692307692306
-0.028788923076923077
-0.03024923076923077
-0.03045784615384615
-0.03275261538461539
-0.03400430769230769
-0.03442153846153846
-0.050067692307692306
-0.07885661538461539
-0.12099692307692309
-0.14811692307692306
-0.15833907692307692
-0.15145476923076923
-0.12245723076923076
-0.08094276923076923
-0.01272553846153846
0.06341907692307691
0.13309661538461537
0.18796246153846152
0.20235692307692305
0.19150892307692308
0.16626646153846153
0.12913292307692306
0.08699261538461538
0.029832
-0.03045784615384615
-0.09095630769230768
-0.1356
-0.14957723076923077
-0.14123261538461537
-0.1151556923076923
-0.08115138461538463
-0.024408000000000003
0.051528
0.14081538461538462
0.22676492307692306
0.2837169230769231
0.309168
0.2989458461538462
0.26118646153846153
0.20673784615384616
0.12955015384615384
0.026285538461538457
-0.08490646153846154
-0.17523692307692307
-0.23281476923076924
-0.26306399999999996
-0.2651501538461538
-0.24408
-0.19192615384615386
-0.11202646153846153
-0.014811692307692307
0.09074769230769231
0.17169046153846151
0.22968553846153844
0.2620209230769231
0.2730775384615384
0.2670276923076923
0.22843384615384613
0.1639716923076923
0.07134646153846153
-0.03045784615384615
-0.12016246153846154
-0.1927606153846154
-0.23969907692307693
-0.265776
-0.25555384615384613
-0.20298276923076922
-0.1151556923076923
0.006258461538461538
0.124752
0.2205064615384615
0.2845513846153846
0.32314523076923074
0.32543999999999995
0.28100492307692304
0.1992276923076923
0.08094276923076923
-0.04088861538461538
-0.15208061538461537
-0.235944
-0.2912270769230769
-0.3229366153846154
-0.3148006153846154
-0.2697396923076923
-0.1804523076923077
-0.06008123076923077
0.06279323076923077
0.17252492307692308
0.26160369230769226
0.327108923076923
0.35798399999999997
0.34630153846153844
0.29331323076923077
0.21237046153846154
0.11619876923076923
0.02482523076923077
-0.053614153846153846
-0.11599015384615384
-0.15667015384615385
-0.18107815384615383
-0.1666836923076923
-0.12496061538461539
-0.06717415384615384
0.003755076923076923
0.06425353846153846
0.11682461538461539
0.1612596923076923
0.19860184615384616
0.22154953846153846
0.21842030769230766
0.1794092307692308
0.11849353846153846
0.04672984615384615
-0.04172307692307692
-0.13267938461538462
-0.21696000000000001
-0.287472
-0.3285692307692308
-0.3243969230769231
-0.28100492307692304
-0.208824
-0.12350030769230769
-0.03984553846153846
0.043392
0.10222153846153846
0.11911938461538461
0.100344
0.06258461538461538
0.0002086153846153846
-0.06133292307692308
-0.10347323076923076
-0.127464
-0.09658892307692307
-0.04172307692307692
0.12642092307692307
0.26160369230769226
0.29414769230769233
0.3836436923076923
0.3721698461538462
0.3798886153846154
0.32627446153846157
0.1504116923076923
-0.015228923076923076
-0.24345415384615382
-0.3479704615384615
-0.43642338461538455
-0.5117335384615385
-0.4929581538461539
-0.46250030769230766
-0.2578486153846154
-0.02795446153846154
0.1992276923076923
0.4389267692307692
0.513611076923077
0.5672252307692307
0.5273796923076923
0.38948492307692306
0.265776
0.028371692307692306
-0.15416676923076922
-0.3077076923076923
-0.4783550769230769
-0.46291753846153844
-0.4090947692307692
-0.2906012307692308
-0.11536430769230768
-0.0033378461538461535
0.16271999999999998
0.2830910769230769
0.3947003076923077
0.5094387692307691
0.5000510769230769
0.4514436923076923
0.34963938461538463
0.2482523076923077
0.1637630769230769
0.0043809230769230765
-0.14519630769230768
-0.28434276923076923
-0.3848953846153846
-0.38301784615384615
-0.3698750769230769
-0.30937661538461536
-0.20632061538461538
-0.11578153846153846
0.01940123076923077
0.12245723076923076
0.19505538461538463
0.2782929230769231
0.2995716923076923
0.32231076923076923
0.33002953846153843
0.2979027692307692
0.24282830769230768
0.12287446153846153
-0.003129230769230769
-0.14978584615384616
-0.29080984615384614
-0.3790541538461539
-0.425784
-0.40325353846153844
-0.3686233846153846
-0.2849686153846154
-0.10722830769230769
0.07113784615384615
0.25993476923076925
0.412224
0.485448
0.5225815384615384
0.48002399999999995
0.39324
0.24637476923076923
0.028788923076923077
-0.16501476923076921
-0.35005661538461535
-0.49546153846153845
-0.5843316923076923
-0.6258461538461538
-0.5632615384615385
-0.43162523076923076
-0.2503384615384615
-0.03838523076923077
0.16251138461538459
0.3675803076923077
0.5131938461538461
0.5655563076923077
0.5519963076923077
0.4414301538461538
0.2916443076923077
0.12850707692307692
-0.0717636923076923
-0.22655630769230767
-0.34275507692307694
-0.39762092307692304
-0.3669544615384615
-0.3049956923076923
-0.17648861538461538
-0.006675692307692307
0.1718990769230769
0.3454670769230769
0.4620830769230769
0.5219556923076923
0.5038061538461538
0.43245969230769227
0.3421292307692308
0.21028430769230766
0.07614461538461538
-0.06195876923076923
-0.18504184615384617
-0.2526332307692308
-0.287472
-0.2709913846153846
-0.22864246153846152
-0.18232984615384615
-0.103056
-0.019609846153846155
0.04109723076923077
0.08344615384615384
0.09679753846153846
0.10138707692307691
0.09700615384615385
0.08344615384615384
0.06967753846153846
0.02795446153846154
-0.009387692307692307
-0.04547815384615384
-0.0771876923076923
-0.0744756923076923
-0.07551876923076924
-0.06884307692307692
-0.07656184615384615
-0.10389046153846154
-0.10430769230769231
-0.10222153846153846
-0.07489292307692308
-0.03713353846153846
-0.020652923076923076
0.010222153846153844
0.04568676923076923
0.09658892307692307
0.1506203076923077
0.15646153846153846
0.1316363076923077
0.09199938461538461
0.03859384615384615
-0.009596307692307692
-0.06613107692307692
-0.12266584615384615
-0.1718990769230769
-0.20235692307692305
-0.1787833846153846
-0.13247076923076923
-0.07259815384615384
-0.017523692307692306
0.017523692307692306
0.06446215384615385
0.09700615384615385
0.11703323076923078
0.11724184615384614
0.08761846153846153
0.06133292307692308
0.026285538461538457
0.0022947692307692304
0.0006258461538461538
-0.0004172307692307692
-0.0050067692307692304
-0.014185846153846153
0.01043076923076923
0.0609156923076923
0.09950953846153845
0.116616
0.09137353846153846
0.04401784615384615
-0.006467076923076923
-0.05799507692307692
-0.09408553846153846
-0.1358086153846154
-0.1779489230769231
-0.18232984615384615
-0.15646153846153846
-0.10013538461538461
-0.037967999999999995
0.015854769230769228
0.0798996923076923
0.1287156923076923
0.16021661538461537
0.17461107692307692
0.15938215384615384
0.11557292307692307
0.04985907692307692
-0.017315076923076923
-0.07030338461538461
-0.11286092307692308
-0.13998092307692306
-0.13497415384615385
-0.0934596923076923
-0.0043809230769230765
0.10722830769230769
0.21508246153846153
0.2953993846153846
0.32210215384615387
0.31667815384615383
0.265776
0.17419384615384614
0.06404492307692307
-0.06258461538461538
-0.1691870769230769
-0.24741784615384615
-0.28017046153846153
-0.25930892307692305
-0.20131384615384615
-0.10180430769230768
0.011682461538461537
0.12329169230769231
0.22134092307692307
0.26368984615384616
0.2532590769230769
0.19568123076923075
0.09658892307692307
-0.015228923076923076
-0.1368516923076923
-0.23782153846153845
-0.3004061538461538
-0.3225193846153846
-0.28246523076923075
-0.21508246153846153
-0.12704676923076924
-0.022530461538461537
0.06154153846153846
0.13455692307692307
0.18900553846153845
0.21487384615384614
0.20924123076923076
0.15959076923076923
0.09471138461538461
0.03942830769230769
-0.007301538461538462
-0.04318338461538461
-0.07489292307692308
-0.09241661538461539
-0.092208
-0.07802215384615384
-0.03671630769230769
0.004798153846153846
0.0448523076923077
0.07426707692307692
0.08824430769230769
0.10785415384615385
0.1097316923076923
0.10347323076923076
0.08302892307692307
0.052571076923076915
0.03108369230769231
0.01043076923076923
-0.004798153846153846
-0.02524246153846154
-0.047772923076923074
-0.06195876923076923
-0.06884307692307692
-0.06216738461538462
-0.0446436923076923
-0.028788923076923077
-0.010013538461538461
0.016897846153846156
0.055491692307692304
0.09971815384615385
0.13601723076923075
0.16209415384615386
0.17377661538461536
0.1775316923076923
0.1779489230769231
0.1612596923076923
0.11557292307692307
0.04714707692307692
-0.026702769230769228
-0.07885661538461539
-0.10409907692307692
-0.10889723076923077
-0.09262523076923077
-0.0717636923076923
-0.042557538461538466
0.005215384615384615
0.058412307692307694
0.11244369230769231
0.14790830769230767
0.16897846153846155
0.18545907692307692
0.18525046153846153
0.18316430769230768
0.15249784615384615
0.09763200000000001
0.03650769230769231
-0.03108369230769231
-0.07885661538461539
-0.12370892307692308
-0.1656406153846154
-0.18963138461538462
-0.18900553846153845
-0.14811692307692306
-0.06842584615384616
0.03337846153846154
0.13372246153846154
0.2157083076923077
0.2726603076923077
0.28809784615384615
0.2670276923076923
0.20173107692307693
0.09033046153846153
-0.03984553846153846
-0.17732307692307692
-0.27850153846153847
-0.3350363076923077
-0.3540203076923077
-0.32377107692307694
-0.2666104615384615
-0.18086953846153844
-0.07113784615384615
0.04047138461538462
0.1368516923076923
0.1881710769230769
0.19839323076923077
0.1779489230769231
0.12621230769230768
0.05194523076923077
-0.05048492307692308
-0.15917353846153848
-0.25284184615384614
-0.3225193846153846
-0.34943076923076927
-0.3415033846153846
-0.28955815384615385
-0.19651569230769228
-0.0855323076923077
0.038176615384615385
0.14331876923076922
0.21904615384615383
0.2586830769230769
0.25930892307692305
0.23364923076923078
0.17586276923076924
0.09262523076923077
0.0002086153846153846
-0.08490646153846154
-0.1449876923076923
-0.16730953846153845
-0.1635544615384615
-0.14123261538461537
-0.10138707692307691
-0.051319384615384614
0.002086153846153846
0.04318338461538461
0.07656184615384615
0.09137353846153846
0.08866153846153846
0.09387692307692307
0.09804923076923076
0.11223507692307692
0.12391753846153845
0.11953661538461538
0.11703323076923078
0.09992676923076924
0.08052553846153847
0.06279323076923077
0.03483876923076923
0.006049846153846154
-0.023990769230769232
-0.03775938461538462
-0.03129230769230769
-0.013768615384615384
0.014185846153846153
0.04088861538461538
0.07113784615384615
0.1097316923076923
0.1504116923076923
0.18879692307692306
0.20173107692307693
0.18879692307692306
0.1543753846153846
0.10409907692307692
0.055491692307692304
-0.0043809230769230765
-0.06362769230769232
-0.10910584615384614
-0.13184492307692308
-0.11348676923076922
-0.065088
0.0012516923076923076
0.073224
0.14206707692307693
0.2075723076923077
0.2586830769230769
0.27704123076923076
0.2586830769230769
0.19380369230769232
0.10055261538461538
0.005841230769230769
-0.08448923076923077
-0.14749107692307692
-0.19672430769230767
-0.22551323076923077
-0.21049292307692305
-0.15291507692307693
-0.051528
0.05799507692307692
0.1543753846153846
0.2290596923076923
0.2730775384615384
0.29456492307692306
0.27975323076923075
0.22280123076923075
0.13247076923076923
0.030040615384615384
-0.06028984615384615
-0.130176
-0.16626646153846153
-0.16230276923076925
-0.13455692307692307
-0.09033046153846153
-0.02482523076923077
0.05048492307692308
0.11745046153846153
0.14081538461538462
0.12788123076923075
0.09387692307692307
0.03755076923076923
-0.010848
-0.059872615384615385
-0.09283384615384616
-0.10096984615384616
-0.09053907692307692
-0.048816000000000005
0.003129230769230769
0.05528307692307692
0.08991323076923076
0.09408553846153846
0.08448923076923077
0.058829538461538454
0.016897846153846156
-0.026702769230769228
-0.07426707692307692
-0.10660246153846153
-0.124752
-0.12120553846153845
-0.09596307692307693
-0.06821723076923077
-0.03838523076923077
-0.02586830769230769
-0.0070929230769230765
0.013560000000000001
0.030040615384615384
0.007301538461538462
-0.03150092307692308
-0.06613107692307692
-0.10472492307692308
-0.10117846153846152
-0.09199938461538461
0.05444861538461539
0.10514215384615383
0.04756430769230769
0.10055261538461538
0.07113784615384615
0.13914646153846155
0.10347323076923076
-0.04672984615384615
-0.15833907692307692
-0.33545353846153847
-0.30708184615384615
-0.3054129230769231
-0.3068732307692308
-0.260352
-0.2572227692307692
-0.04693846153846153
0.12934153846153845
0.3131316923076923
0.4309993846153846
0.3369138461538461
0.3148006153846154
0.20819815384615384
0.10013538461538461
0.022530461538461537
-0.18149538461538461
-0.25346769230769234
-0.34880492307692307
-0.42724430769230765
-0.3137575384615385
-0.254928
-0.10910584615384614
0.03233538461538461
0.10430769230769231
0.24345415384615382
0.2828824615384615
0.3581926153846154
0.41660492307692304
0.3475532307692307
0.27558092307692306
0.13810338461538463
0.04985907692307692
-0.0070929230769230765
-0.12850707692307692
-0.19317784615384614
-0.2647329230769231
-0.2618123076923077
-0.1558356923076923
-0.09074769230769231
0.015437538461538461
0.1028473846153846
0.1733593846153846
0.2920615384615385
0.33670523076923076
0.36340799999999995
0.368832
0.30186646153846153
0.2724516923076923
0.2221753846153846
0.14102399999999998
0.056951999999999996
-0.05736923076923077
-0.12162276923076921
-0.1883796923076923
-0.23677846153846152
-0.23677846153846152
-0.21174461538461536
-0.10618523076923077
-0.03442153846153846
0.04860738461538461
0.16292861538461537
0.20840676923076923
0.2695310769230769
0.27558092307692306
0.2292683076923077
0.17544553846153846
0.058412307692307694
-0.019192615384615384
-0.0988836923076923
-0.1867107692307692
-0.20715507692307691
-0.23052
-0.22008923076923076
-0.19964492307692308
-0.17669723076923077
-0.09095630769230768
-0.017315076923076923
0.04985907692307692
0.09053907692307692
0.1097316923076923
0.17523692307692307
0.20277415384615383
0.19735015384615384
0.16418030769230768
0.07384984615384615
0.022530461538461537
-0.03129230769230769
-0.09471138461538461
-0.11599015384615384
-0.1558356923076923
-0.15896492307692306
-0.13205353846153844
-0.11682461538461539
-0.056951999999999996
-0.013768615384615384
0.022947692307692308
0.06341907692307691
0.07948246153846153
0.10159569230769232
0.08031692307692308
0.053614153846153846
0.03275261538461539
-0.0043809230769230765
-0.02753723076923077
-0.07489292307692308
-0.11140061538461538
-0.12579507692307693
-0.1476996923076923
-0.12788123076923075
-0.11035753846153845
-0.09971815384615385
-0.04944184615384615
-0.013768615384615384
0.016480615384615385
0.03275261538461539
0.01272553846153846
0.011265230769230769
0.008970461538461538
-0.008761846153846153
-0.029623384615384614
-0.07656184615384615
-0.11286092307692308
-0.1287156923076923
-0.12600369230769232
-0.09554584615384615
-0.06717415384615384
-0.03108369230769231
-0.01668923076923077
-0.025659692307692307
-0.022530461538461537
-0.03400430769230769
-0.027120000000000002
-0.02044430769230769
-0.04088861538461538
-0.04547815384615384
-0.04714707692307692
-0.015854769230769228
0.03942830769230769
0.059664
0.07802215384615384
0.0988836923076923
0.12767261538461538
0.1802436923076923
0.20673784615384616
0.20423446153846153
0.16584923076923075
0.11098338461538461
0.07426707692307692
0.026702769230769228
-0.010848
-0.05090215384615384
-0.0855323076923077
-0.078648
-0.050067692307692306
0.013560000000000001
0.0771876923076923
0.12850707692307692
0.18212123076923076
0.20506892307692307
0.21487384615384614
0.2140393846153846
0.17628
0.11140061538461538
0.024199384615384616
-0.05298830769230769
-0.08198584615384615
-0.09700615384615385
-0.09992676923076924
-0.09158215384615384
-0.07551876923076924
-0.016480615384615385
0.06404492307692307
0.15166338461538462
0.22175815384615383
0.24762646153846155
0.26222953846153846
0.2641070769230769
0.2480436923076923
0.21070153846153844
0.13205353846153844
0.05090215384615384
-0.015646153846153844
-0.059038153846153844
-0.06571384615384615
-0.07510153846153846
-0.06133292307692308
-0.022947692307692308
0.03233538461538461
0.11452984615384615
0.1718990769230769
0.21487384615384614
0.22676492307692306
0.20027076923076922
0.17481969230769231
0.13455692307692307
0.07739630769230768
0.0016689230769230767
-0.08574092307692306
-0.15270646153846154
-0.19839323076923077
-0.21654276923076923
-0.21007569230769232
-0.1927606153846154
-0.15875630769230767
-0.116616
-0.0678
-0.015020307692307692
0.03045784615384615
0.06341907692307691
0.06800861538461538
0.046104
0.026494153846153844
-0.002086153846153846
-0.05778646153846154
-0.12767261538461538
-0.19380369230769232
-0.233232
-0.25430215384615384
-0.2526332307692308
-0.2261390769230769
-0.18212123076923076
-0.11995384615384615
-0.06008123076923077
0.002712
0.047772923076923074
0.05716061538461538
0.042557538461538466
0.017940923076923077
0.0043809230769230765
-0.021278769230769233
-0.06154153846153846
-0.09095630769230768
-0.09992676923076924
-0.08761846153846153
-0.06800861538461538
-0.04735569230769231
-0.028371692307692306
-0.012308307692307691
0.007510153846153846
0.03609046153846154
0.07218092307692307
0.10597661538461538
0.11891076923076922
0.11703323076923078
0.1136953846153846
0.1045163076923077
0.08845292307692308
0.06654830769230768
0.044435076923076924
0.024199384615384616
0.014811692307692307
0.028163076923076923
0.06154153846153846
0.09784061538461537
0.1207883076923077
0.12808984615384614
0.12204
0.10889723076923077
0.0892873846153846
0.05716061538461538
0.02211323076923077
-0.0018775384615384615
-0.003963692307692307
0.012308307692307691
0.040262769230769234
0.08010830769230769
0.11265230769230769
0.13935507692307691
0.16021661538461537
0.15833907692307692
0.12662953846153846
0.07155507692307693
0.01710646153846154
-0.03337846153846154
-0.07802215384615384
-0.0974233846153846
-0.09450276923076922
-0.07259815384615384
-0.027328615384615382
0.025033846153846153
0.08761846153846153
0.13935507692307691
0.16730953846153845
0.18525046153846153
0.17398523076923075
0.14457046153846154
0.0974233846153846
0.043600615384615383
-0.006467076923076923
-0.05319692307692307
-0.08094276923076923
-0.09846646153846153
-0.10180430769230768
-0.09909230769230769
-0.0961716923076923
-0.08240307692307691
-0.055491692307692304
-0.020652923076923076
0.00855323076923077
0.021487384615384613
0.020652923076923076
0.0022947692307692304
-0.032544
-0.06988615384615385
-0.11056615384615384
-0.14707384615384617
-0.16876984615384616
-0.16021661538461537
-0.12621230769230768
-0.07635323076923077
-0.012308307692307691
0.04130584615384615
0.08240307692307691
0.11306953846153844
0.1136953846153846
0.08866153846153846
0.03755076923076923
-0.037342153846153844
-0.10597661538461538
-0.15500123076923078
-0.17419384615384614
-0.1637630769230769
-0.13184492307692308
-0.07781353846153846
-0.005632615384615384
0.06967753846153846
0.1368516923076923
0.18921415384615384
0.21821169230769227
0.21612553846153845
0.1873366153846154
0.1368516923076923
0.06863446153846153
-0.008970461538461538
-0.09283384615384616
-0.15374953846153847
-0.18316430769230768
-0.1856676923076923
-0.14707384615384617
-0.08740984615384616
-0.010013538461538461
0.08615815384615384
0.17231630769230769
0.24720923076923076
0.2858030769230769
0.28017046153846153
0.25805723076923076
0.20444307692307692
0.1489513846153846
0.0934596923076923
0.03358707692307692
-0.006884307692307692
-0.04088861538461538
-0.04526953846153846
-0.031918153846153846
-0.01814953846153846
0.001043076923076923
0.016480615384615385
0.03629907692307692
0.05590892307692308
0.061124307692307686
0.05674338461538461
0.03650769230769231
0.006049846153846154
-0.012934153846153845
-0.028163076923076923
-0.03713353846153846
-0.04672984615384615
-0.06863446153846153
-0.07781353846153846
-0.08240307692307691
-0.09450276923076922
-0.10159569230769232
-0.11724184615384614
-0.1287156923076923
-0.13309661538461537
-0.1218313846153846
-0.0828203076923077
-0.03567323076923076
0.018358153846153843
0.0717636923076923
0.12934153846153845
0.18379015384615385
0.2205064615384615
0.23469230769230767
0.21174461538461536
0.1570873846153846
0.09179076923076923
0.01397723076923077
-0.07426707692307692
-0.15082892307692305
-0.214248
-0.235944
-0.21153599999999997
-0.15604430769230768
-0.08490646153846154
-0.011056615384615385
0.06800861538461538
0.13476553846153844
0.19150892307692308
0.2209236923076923
0.20444307692307692
0.14749107692307692
0.059038153846153844
-0.038176615384615385
-0.12683815384615382
-0.20152246153846154
-0.25534523076923077
-0.2830910769230769
-0.27140861538461536
-0.2157083076923077
-0.13914646153846155
-0.04756430769230769
0.046104
0.11995384615384615
0.17148184615384612
0.20673784615384616
0.21842030769230766
0.19338646153846153
0.1435273846153846
0.07843938461538462
0.02044430769230769
-0.003129230769230769
-0.004798153846153846
0.02023569230769231
0.06049846153846154
0.10368184615384615
0.14811692307692306
0.17315076923076922
0.18066092307692305
0.15604430769230768
0.09533723076923077
0.02858030769230769
-0.04193169230769231
-0.10827138461538462
-0.17085599999999998
-0.24762646153846155
-0.30436984615384616
-0.33712246153846154
-0.2799618461538461
-0.13330523076923076
0.03713353846153846
0.2482523076923077
0.4184824615384615
0.5812024615384616
0.7197230769230769
0.7741716923076923
0.7439224615384615
0.5693113846153846
0.33002953846153843
0.08594953846153845
-0.14477907692307693
-0.3548547692307692
-0.504432
-0.572232
-0.5426086153846154
-0.3782196923076923
-0.14999446153846155
0.10117846153846152
0.3373310769230769
0.5286313846153846
0.649211076923077
0.6698639999999999
0.5663907692307691
0.34776184615384614
0.0771876923076923
-0.23385784615384617
-0.5038061538461538
-0.6809206153846155
-0.7660356923076923
-0.7065803076923076
-0.5547083076923077
-0.3379569230769231
-0.08907876923076924
0.11870215384615385
0.2995716923076923
0.4015846153846154
0.39261415384615383
0.3291950769230769
0.22008923076923076
0.11891076923076922
0.04088861538461538
-0.03942830769230769
-0.0988836923076923
-0.1422756923076923
-0.14311015384615386
-0.12934153846153845
-0.12913292307692306
-0.13101046153846155
-0.15228923076923076
-0.138312
-0.11077476923076923
-0.09325107692307691
-0.07489292307692308
-0.09491999999999999
-0.09262523076923077
-0.049233230769230765
0.010639384615384617
0.09012184615384615
0.16292861538461537
0.23469230769230767
0.3047870769230769
0.33941723076923075
0.29602523076923076
0.17398523076923075
-0.012516923076923077
-0.23344061538461539
-0.4453938461538462
-0.6039415384615384
-0.6757052307692307
-0.6473335384615384
-0.5154886153846154
-0.31626092307692305
-0.05716061538461538
0.21696000000000001
0.45311261538461534
0.6289753846153846
0.6830067692307692
0.6391975384615384
0.5338467692307692
0.37050092307692306
0.18900553846153845
-0.008970461538461538
-0.200688
-0.3339932307692307
-0.3907366153846154
-0.3750904615384615
-0.3198073846153846
-0.23844738461538462
-0.12850707692307692
0.010639384615384617
0.1718990769230769
0.29873723076923075
0.3711267692307692
0.38593846153846156
0.33378461538461535
0.25200738461538463
0.1314276923076923
0.004172307692307692
-0.08636676923076922
-0.15646153846153846
-0.17544553846153846
-0.15166338461538462
-0.10138707692307691
-0.02086153846153846
0.04401784615384615
0.07969107692307692
0.08761846153846153
0.06863446153846153
0.03483876923076923
-0.0012516923076923076
-0.026285538461538457
-0.04568676923076923
-0.029623384615384614
0.03045784615384615
0.11599015384615384
0.21925476923076925
0.2995716923076923
0.3383741538461538
0.3402516923076923
0.2951907692307692
0.20673784615384616
0.07343261538461537
-0.09825784615384614
-0.26118646153846153
-0.3826006153846154
-0.44956615384615384
-0.4489403076923077
-0.38677292307692307
-0.27871015384615383
-0.12120553846153845
0.06967753846153846
0.24512307692307692
0.3707095384615384
0.4251581538461538
0.40846892307692306
0.32231076923076923
0.17315076923076922
-0.02232184615384615
-0.235944
-0.4297476923076923
-0.5753612307692307
-0.6394061538461538
-0.6166670769230769
-0.5217470769230769
-0.35860984615384617
-0.15520984615384617
0.059664
0.25555384615384613
0.39303138461538456
0.4652123076923077
0.4660467692307692
0.39928984615384616
0.29456492307692306
0.16730953846153845
0.034630153846153845
-0.08344615384615384
-0.17648861538461538
-0.2275993846153846
-0.22488738461538463
-0.1704387692307692
-0.09241661538461539
-0.01856676923076923
0.04193169230769231
0.07739630769230768
0.09930092307692308
0.09450276923076922
0.05194523076923077
-0.004172307692307692
-0.06821723076923077
-0.11223507692307692
-0.11265230769230769
-0.08845292307692308
-0.03609046153846154
0.03483876923076923
0.11035753846153845
0.19630707692307692
0.25951753846153847
0.2724516923076923
0.22864246153846152
0.14060676923076923
0.03838523076923077
-0.061124307692307686
-0.14311015384615386
-0.20506892307692307
-0.23531815384615382
-0.22405292307692307
-0.1656406153846154
-0.05924676923076923
0.05653476923076922
0.16313723076923078
0.24282830769230768
0.2720344615384615
0.26494153846153845
0.22572184615384616
0.15354092307692307
0.05716061538461538
-0.05820369230769231
-0.165432
-0.22801661538461537
-0.24658338461538462
-0.22864246153846152
-0.1802436923076923
-0.11223507692307692
-0.026911384615384615
0.07551876923076924
0.17544553846153846
0.2357353846153846
0.24512307692307692
0.19797599999999999
0.11140061538461538
0.02044430769230769
-0.07614461538461538
-0.1656406153846154
-0.2275993846153846
-0.2586830769230769
-0.22822523076923076
-0.13998092307692306
-0.025659692307692307
0.09241661538461539
0.1860849230769231
0.24491446153846153
0.25993476923076925
0.22676492307692306
0.14540492307692307
0.020652923076923076
-0.12496061538461539
-0.25284184615384614
-0.33587076923076925
-0.3565236923076923
-0.3156350769230769
-0.23260615384615385
-0.11494707692307692
0.014394461538461538
0.14665661538461539
0.2588916923076923
0.31500923076923076
0.3133403076923077
0.25117292307692307
0.14874276923076923
0.021070153846153846
-0.13205353846153844
-0.2753723076923077
-0.38677292307692307
-0.4418473846153846
-0.42035999999999996
-0.3285692307692308
-0.18274707692307693
-0.017315076923076923
0.15187199999999998
0.31083692307692307
0.44643692307692306
0.5330123076923077
0.5553341538461538
0.5131938461538461
0.41305846153846154
0.2730775384615384
0.119328
-0.023990769230769232
-0.15479261538461536
-0.25054707692307693
-0.28934953846153844
-0.26640184615384616
-0.19693292307692306
-0.09575446153846154
0.017940923076923077
0.12642092307692307
0.21800307692307694
0.2845513846153846
0.3277347692307692
0.33378461538461535
0.2985286153846154
0.22843384615384613
0.15562707692307692
0.09053907692307692
0.03024923076923077
-0.021904615384615383
-0.06905169230769231
-0.10576799999999999
-0.12704676923076924
-0.12788123076923075
-0.11578153846153846
-0.09721476923076922
-0.07572738461538461
-0.04172307692307692
0.006258461538461538
0.06738276923076922
0.13267938461538462
0.18525046153846153
0.22572184615384616
0.2482523076923077
0.2586830769230769
0.2480436923076923
0.20527753846153846
0.14060676923076923
0.04839876923076923
-0.061124307692307686
-0.16188553846153847
-0.23531815384615382
-0.2858030769230769
-0.30290953846153845
-0.2757895384615385
-0.21111876923076925
-0.11035753846153845
0.003963692307692307
0.1178676923076923
0.21716861538461538
0.2872633846153846
0.31918153846153846
0.3079163076923077
0.25471938461538457
0.15604430769230768
0.03504738461538461
-0.09304246153846155
-0.20277415384615383
-0.2695310769230769
-0.2966510769230769
-0.2803790769230769
-0.22008923076923076
-0.12579507692307693
-0.011682461538461537
0.10910584615384614
0.2209236923076923
0.3016578461538461
0.3346190769230769
0.32543999999999995
0.2772498461538462
0.2021483076923077
0.10389046153846154
-0.0008344615384615384
-0.09137353846153846
-0.16647507692307692
-0.20924123076923076
-0.2140393846153846
-0.19004861538461537
-0.1506203076923077
-0.11306953846153844
-0.07426707692307692
-0.026285538461538457
0.0014603076923076922
0.011473846153846154
0.016480615384615385
0.016063384615384615
0.03066646153846154
0.053614153846153846
0.07948246153846153
0.11765907692307691
0.15228923076923076
0.1804523076923077
0.2021483076923077
0.20277415384615383
0.18629353846153843
0.14123261538461537
0.08177723076923075
0.02232184615384615
-0.042557538461538466
-0.10013538461538461
-0.15145476923076923
-0.18086953846153844
-0.17711446153846155
-0.1422756923076923
-0.07802215384615384
0.0035464615384615383
0.10785415384615385
0.21633415384615384
0.29873723076923075
0.35318584615384613
0.35464615384615383
0.30186646153846153
0.20798953846153845
0.08469784615384615
-0.044435076923076924
-0.1760713846153846
-0.2858030769230769
-0.3567323076923076
-0.3838523076923077
-0.35923569230769226
-0.29769415384615383
-0.20339999999999997
-0.08469784615384615
0.03358707692307692
0.13622584615384614
0.21070153846153844
0.25701415384615384
0.2682793846153846
0.23656984615384613
0.18170399999999998
0.11077476923076923
0.029623384615384614
-0.04944184615384615
-0.1287156923076923
-0.1927606153846154
-0.22780799999999998
-0.23844738461538462
-0.2090326153846154
-0.15228923076923076
-0.08094276923076923
0.002086153846153846
0.06926030769230769
0.1356
0.1842073846153846
0.20694646153846152
0.20924123076923076
0.1733593846153846
0.11703323076923078
0.04109723076923077
-0.04693846153846153
-0.13121907692307694
-0.2056947692307692
-0.2563883076923077
-0.2853858461538461
-0.287472
-0.25200738461538463
-0.20715507692307691
-0.14874276923076923
-0.073224
0.002712
0.084072
0.14540492307692307
0.18337292307692307
0.1881710769230769
0.154584
0.11244369230769231
0.06633969230769231
0.018983999999999997
-0.025659692307692307
-0.06341907692307691
-0.08490646153846154
-0.08135999999999999
-0.06633969230769231
-0.05090215384615384
-0.03629907692307692
-0.016480615384615385
0.010639384615384617
0.03233538461538461
0.053614153846153846
0.07134646153846153
0.08177723076923075
0.0855323076923077
0.08302892307692307
0.07656184615384615
0.05611753846153846
0.027745846153846152
-0.008136
-0.04547815384615384
-0.07572738461538461
-0.09512861538461538
-0.09241661538461539
-0.07781353846153846
-0.05194523076923077
-0.01710646153846154
0.031918153846153846
0.08386338461538462
0.12829846153846153
0.15395815384615386
0.14436184615384615
0.12850707692307692
0.06654830769230768
-0.013142769230769229
-0.07823076923076923
-0.13059323076923077
-0.14436184615384615
-0.13789476923076924
-0.1178676923076923
-0.05173661538461538
0.029832
0.17398523076923075
0.38426953846153844
0.33649661538461534
0.26723630769230766
0.1794092307692308
0.03921969230769231
0.09012184615384615
-0.14519630769230768
-0.37091815384615384
-0.5699372307692308
-0.7320313846153846
-0.5557513846153845
-0.4946270769230769
-0.32585723076923073
-0.23156307692307693
-0.09930092307692308
0.2601433846153846
0.4193169230769231
0.6310615384615385
0.5686855384615385
0.36632861538461536
0.27787569230769227
0.002086153846153846
-0.09784061538461537
-0.28246523076923075
-0.5054750769230769
-0.4783550769230769
-0.590172923076923
-0.5023458461538461
-0.30583015384615386
-0.18900553846153845
0.12287446153846153
0.23156307692307693
0.3137575384615385
0.4353803076923077
0.40012430769230767
0.49441846153846153
0.4383009230769231
0.27474646153846155
0.11953661538461538
-0.10076123076923077
-0.11870215384615385
-0.16480615384615382
-0.2651501538461538
-0.3004061538461538
-0.3675803076923077
-0.24866953846153847
-0.1097316923076923
-0.05069353846153846
0.054657230769230764
0.05736923076923077
0.13601723076923075
0.2707827692307692
0.29498215384615384
0.3713353846153846
0.37321292307692305
0.34463261538461537
0.3750904615384615
0.2914356923076923
0.2194633846153846
0.0988836923076923
-0.073224
-0.1860849230769231
-0.33002953846153843
-0.38990215384615384
-0.3994984615384615
-0.3291950769230769
-0.16334584615384617
-0.042557538461538466
0.16772676923076923
0.3775938461538461
0.5340553846153846
0.6782086153846154
0.6425353846153846
0.5513704615384615
0.4120153846153846
0.1856676923076923
-0.0004172307692307692
-0.25534523076923077
-0.48002399999999995
-0.6006036923076923
-0.676956923076923
-0.6212566153846153
-0.5294658461538462
-0.36299076923076923
-0.09074769230769231
0.16188553846153847
0.3994984615384615
0.5382276923076923
0.6189618461538461
0.6698639999999999
0.5832886153846154
0.42891323076923077
0.1794092307692308
-0.10555938461538462
-0.2822566153846154
-0.4549901538461538
-0.5424
-0.5309261538461538
-0.4971304615384615
-0.3214763076923077
-0.12955015384615384
0.054240000000000003
0.2618123076923077
0.3886504615384615
0.4925409230769231
0.5090215384615385
0.4287046153846154
0.3049956923076923
0.11619876923076923
-0.035464615384615386
-0.16730953846153845
-0.26452430769230767
-0.314592
-0.3692492307692308
-0.3114627692307692
-0.2008966153846154
-0.07405846153846153
0.08699261538461538
0.16793538461538463
0.25242461538461536
0.33941723076923075
0.360696
0.36257353846153845
0.2851772307692308
0.1867107692307692
0.13768615384615385
0.07760492307692309
0.026285538461538457
-0.035464615384615386
-0.10639384615384614
-0.13455692307692307
-0.15082892307692305
-0.13309661538461537
-0.09575446153846154
-0.06529661538461538
-0.012308307692307691
0.006258461538461538
0.03629907692307692
0.06717415384615384
0.08010830769230769
0.12788123076923075
0.10910584615384614
0.059664
0.03066646153846154
-0.0018775384615384615
0.010013538461538461
-0.0070929230769230765
-0.07948246153846153
-0.12934153846153845
-0.16876984615384616
-0.15646153846153846
-0.116616
-0.1097316923076923
-0.09700615384615385
-0.07426707692307692
0.005424
0.11202646153846153
0.20027076923076922
0.2620209230769231
0.2574313846153846
0.23928184615384615
0.20027076923076922
0.12808984615384614
0.06613107692307692
-0.03296123076923077
-0.12454338461538461
-0.17461107692307692
-0.21654276923076923
-0.1948467692307692
-0.13789476923076924
-0.07134646153846153
0.01043076923076923
0.07259815384615384
0.14707384615384617
0.2154996923076923
0.23406646153846156
0.19547261538461536
0.10597661538461538
0.01668923076923077
-0.05403138461538461
-0.10472492307692308
-0.13643446153846153
-0.1712732307692308
-0.1792006153846154
-0.13747753846153846
-0.04965046153846154
0.061124307692307686
0.12308307692307692
0.16084246153846155
0.19755876923076923
0.21654276923076923
0.23615261538461538
0.21842030769230766
0.16334584615384617
0.0988836923076923
0.03942830769230769
0.010013538461538461
0.004172307692307692
0.003755076923076923
0.008970461538461538
0.021487384615384613
0.047981538461538464
0.086784
0.11682461538461539
0.1287156923076923
0.10535076923076922
0.05799507692307692
0.0002086153846153846
-0.06133292307692308
-0.10722830769230769
-0.13664307692307692
-0.138312
-0.11286092307692308
-0.08219446153846154
-0.026285538461538457
0.03921969230769231
0.08490646153846154
0.11202646153846153
0.09429415384615383
0.05820369230769231
0.012934153846153845
-0.05820369230769231
-0.12120553846153845
-0.17002153846153847
-0.19505538461538463
-0.1846246153846154
-0.15416676923076922
-0.09825784615384614
-0.033169846153846154
0.03567323076923076
0.10910584615384614
0.1543753846153846
0.1733593846153846
0.15228923076923076
0.10368184615384615
0.05382276923076923
-0.012308307692307691
-0.0771876923076923
-0.14394461538461537
-0.20715507692307691
-0.2288510769230769
-0.214248
-0.17377661538461536
-0.12537784615384615
-0.08031692307692308
-0.023364923076923075
0.03838523076923077
0.09158215384615384
0.13393107692307693
0.15291507692307693
0.14957723076923077
0.12725538461538463
0.08991323076923076
0.04693846153846153
0.0006258461538461538
-0.03504738461538461
-0.06070707692307692
-0.06759138461538462
-0.0448523076923077
-0.0070929230769230765
0.04547815384615384
0.0974233846153846
0.13789476923076924
0.17273353846153844
0.19985353846153847
0.20819815384615384
0.19150892307692308
0.1449876923076923
0.07551876923076924
0.008970461538461538
-0.05820369230769231
-0.111192
-0.15959076923076923
-0.19818461538461538
-0.19860184615384616
-0.17377661538461536
-0.11703323076923078
-0.05027630769230769
0.008136
0.06049846153846154
0.09992676923076924
0.12934153846153845
0.12996738461538462
0.09450276923076922
0.034630153846153845
-0.045060923076923075
-0.11494707692307692
-0.15124615384615384
-0.16438892307692307
-0.15771323076923077
-0.13998092307692306
-0.09700615384615385
-0.012099692307692308
0.07614461538461538
0.15813046153846153
0.222384
0.25346769230769234
0.2670276923076923
0.2509643076923077
0.21132738461538458
0.14018953846153845
0.03838523076923077
-0.05319692307692307
-0.12788123076923075
-0.17544553846153846
-0.19317784615384614
-0.19171753846153847
-0.1639716923076923
-0.11286092307692308
-0.03942830769230769
0.043600615384615383
0.09533723076923077
0.11098338461538461
0.09554584615384615
0.04965046153846154
-0.006049846153846154
-0.06988615384615385
-0.12767261538461538
-0.17273353846153844
-0.2125790769230769
-0.22342707692307692
-0.20131384615384615
-0.15833907692307692
-0.10889723076923077
-0.06571384615384615
-0.031709538461538456
-0.006675692307692307
0.02023569230769231
0.04047138461538462
0.037967999999999995
0.021487384615384613
0.004589538461538461
-0.004798153846153846
0.004172307692307692
0.014603076923076923
0.021070153846153846
0.033169846153846154
0.04214030769230769
0.06028984615384615
0.06529661538461538
0.04839876923076923
0.024616615384615383
-0.005215384615384615
-0.03045784615384615
-0.05090215384615384
-0.06696553846153847
-0.07781353846153846
-0.06717415384615384
-0.03880246153846154
0.0043809230769230765
0.059038153846153844
0.10409907692307692
0.13852061538461538
0.14853415384615384
0.138312
0.11432123076923076
0.07697907692307693
0.026702769230769228
-0.03233538461538461
-0.0828203076923077
-0.12454338461538461
-0.13518276923076925
-0.11181784615384616
-0.07113784615384615
-0.012934153846153845
0.047772923076923074
0.11578153846153846
0.19588984615384614
0.2588916923076923
0.2891409230769231
0.27453784615384613
0.21988061538461537
0.15270646153846154
0.07384984615384615
-0.0014603076923076922
-0.07238953846153846
-0.13789476923076924
-0.17565415384615385
-0.17732307692307692
-0.14102399999999998
-0.08490646153846154
-0.021070153846153846
0.04985907692307692
0.11160923076923077
0.1693956923076923
0.2125790769230769
0.2238443076923077
0.21737723076923077
0.18316430769230768
0.1356
0.08761846153846153
0.03337846153846154
-0.014603076923076923
-0.06070707692307692
-0.09512861538461538
-0.09971815384615385
-0.07113784615384615
-0.018775384615384614
0.03337846153846154
0.08115138461538463
0.12767261538461538
0.17628
0.22718215384615387
0.24637476923076923
0.22864246153846152
0.18483323076923078
0.12162276923076921
0.06279323076923077
0.0033378461538461535
-0.07238953846153846
-0.1489513846153846
-0.21091015384615383
-0.2371956923076923
-0.22154953846153846
-0.18629353846153843
-0.14457046153846154
-0.10222153846153846
-0.05924676923076923
-0.013768615384615384
0.031918153846153846
0.06049846153846154
0.06738276923076922
0.06008123076923077
0.03650769230769231
0.012934153846153845
-0.005841230769230769
-0.02232184615384615
-0.045895384615384616
-0.08720123076923077
-0.11765907692307691
-0.12683815384615382
-0.11473846153846154
-0.08845292307692308
-0.05736923076923077
-0.02044430769230769
0.023364923076923075
0.08761846153846153
0.14957723076923077
0.1804523076923077
0.17273353846153844
0.14144123076923076
0.1045163076923077
0.07969107692307692
0.04714707692307692
-0.0002086153846153846
-0.04985907692307692
-0.09658892307692307
-0.12537784615384615
-0.16167692307692308
-0.18232984615384615
-0.20444307692307692
-0.21633415384615384
-0.22008923076923076
-0.2056947692307692
-0.157296
-0.08115138461538463
0.03233538461538461
0.19964492307692308
0.4211944615384615
0.5215384615384615
0.6427439999999999
0.7255643076923077
0.722435076923077
0.7197230769230769
0.5146541538461539
0.2726603076923077
-0.0609156923076923
-0.3913624615384615
-0.6296012307692308
-0.904764923076923
-1.0253446153846153
-1.0862603076923076
-0.9644289230769231
-0.6469163076923078
-0.27182584615384614
0.233232
0.6379458461538461
0.9702701538461539
1.1982867692307693
1.2130984615384615
1.1290264615384615
0.8344615384615385
0.4291218461538462
0.01043076923076923
-0.5010941538461539
-0.8663796923076922
-1.0968996923076921
-1.2101778461538462
-1.1067046153846154
-0.9523292307692308
-0.6667347692307692
-0.2995716923076923
0.08949599999999999
0.5388535384615384
0.8786879999999999
1.1067046153846154
1.2126812307692307
1.1818061538461537
1.0687366153846154
0.7927384615384615
0.4015846153846154
-0.03296123076923077
-0.48586523076923077
-0.810888
-1.038696
-1.1427950769230768
-1.083756923076923
-0.9421070769230768
-0.6732018461538462
-0.3323243076923077
0.021070153846153846
0.4015846153846154
0.7149249230769231
0.9539981538461538
1.1246455384615384
1.1573981538461537
1.0804190769230768
0.8690916923076922
0.5361415384615384
0.13184492307692308
-0.31208861538461535
-0.7067889230769231
-1.0280566153846153
-1.2251981538461538
-1.2886172307692305
-1.2279101538461539
-0.9681839999999999
-0.5572116923076923
-0.06195876923076923
0.4762689230769231
0.9462793846153845
1.3211612307692309
1.5462572307692306
1.5798443076923074
1.4404892307692307
1.0868861538461538
0.599352
0.059038153846153844
-0.49024615384615383
-0.953580923076923
-1.3098960000000002
-1.5064116923076922
-1.5053686153846153
-1.3247076923076921
-0.9686012307692308
-0.4925409230769231
0.05528307692307692
0.6060276923076923
1.0497526153846155
1.3559999999999999
1.4728246153846152
1.383745846153846
1.1388313846153846
0.7263987692307693
0.23677846153846152
-0.26160369230769226
-0.7332830769230769
-1.0812535384615385
-1.3094787692307692
-1.3806166153846153
-1.2683815384615384
-1.0103243076923076
-0.6258461538461538
-0.18858830769230767
0.25054707692307693
0.6358596923076922
0.919368
1.103158153846154
1.148219076923077
1.0439113846153847
0.8023347692307692
0.45707630769230767
0.09283384615384616
-0.27182584615384614
-0.5882953846153847
-0.8062984615384615
-0.9452363076923076
-0.961716923076923
-0.8555316923076923
-0.6596418461538461
-0.39115384615384613
-0.10889723076923077
0.17502830769230768
0.4460196923076923
0.6579729230769231
0.7967021538461538
0.8311236923076923
0.7612375384615384
0.6106172307692308
0.39657784615384617
0.16334584615384617
-0.07697907692307693
-0.31229723076923077
-0.513611076923077
-0.6765396923076923
-0.752892923076923
-0.7384984615384615
-0.6538006153846154
-0.4850307692307692
-0.2807963076923077
-0.03650769230769231
0.2342750769230769
0.48294461538461536
0.6961495384615385
0.8117224615384615
0.8211101538461538
0.7518498461538461
0.6062363076923076
0.40846892307692306
0.16772676923076923
-0.0892873846153846
-0.3369138461538461
-0.5325950769230768
-0.6341907692307692
-0.6531747692307692
-0.6028984615384615
-0.4950443076923077
-0.3460929230769231
-0.15145476923076923
0.06946892307692307
0.2734947692307692
0.44414215384615385
0.5455292307692308
0.5770301538461539
0.547824
0.4551987692307692
0.3229366153846154
0.15416676923076922
-0.031709538461538456
-0.1992276923076923
-0.31041969230769234
-0.34046030769230773
-0.31542646153846154
-0.25805723076923076
-0.17502830769230768
-0.08615815384615384
0.0043809230769230765
0.0880356923076923
0.15416676923076922
0.20131384615384615
0.2205064615384615
0.23052
0.23886461538461537
0.22780799999999998
0.20506892307692307
0.14686523076923075
0.08094276923076923
0.040262769230769234
-0.009179076923076922
-0.04839876923076923
-0.09804923076923076
-0.1506203076923077
-0.17461107692307692
-0.18337292307692307
-0.15082892307692305
-0.11348676923076922
-0.08240307692307691
-0.03629907692307692
0.005841230769230769
0.06654830769230768
0.12704676923076924
0.17252492307692308
0.2056947692307692
0.19964492307692308
0.1785747692307692
0.132888
0.055491692307692304
-0.02524246153846154
-0.12266584615384615
-0.21362215384615382
-0.27474646153846155
-0.317304
-0.31229723076923077
-0.2772498461538462
-0.2238443076923077
-0.1397723076923077
-0.05277969230769231
0.05444861538461539
0.14331876923076922
0.1927606153846154
0.21174461538461536
0.18170399999999998
0.13330523076923076
0.05507446153846154
-0.04756430769230769
-0.15395815384615386
-0.24720923076923076
-0.2920615384615385
-0.3131316923076923
-0.3193901538461538
-0.30290953846153845
-0.28017046153846153
-0.24282830769230768
-0.18379015384615385
-0.11599015384615384
-0.05298830769230769
-0.027120000000000002
-0.015854769230769228
0.012516923076923077
0.04109723076923077
0.07927384615384615
0.09950953846153845
0.10493353846153847
0.11181784615384616
0.10597661538461538
0.10076123076923077
0.07468430769230769
0.03629907692307692
-0.0014603076923076922
-0.04756430769230769
-0.07656184615384615
-0.0963803076923077
-0.10931446153846153
-0.09471138461538461
-0.06675692307692307
-0.018775384615384614
0.051528
0.13080184615384613
0.21466523076923077
0.27787569230769227
0.31396615384615384
0.32335384615384616
0.30061476923076924
0.25659692307692306
0.18775384615384613
0.08949599999999999
-0.003963692307692307
-0.07364123076923076
-0.11891076923076922
-0.14916
-0.1597993846153846
-0.12224861538461537
-0.05820369230769231
0.02357353846153846
0.11703323076923078
0.19317784615384614
0.24449723076923074
0.26452430769230767
0.2670276923076923
0.2559710769230769
0.22175815384615383
0.16876984615384616
0.10013538461538461
0.030040615384615384
-0.02357353846153846
-0.06154153846153846
-0.08490646153846154
-0.09763200000000001
-0.092208
-0.06070707692307692
-0.015228923076923076
0.040679999999999994
0.084072
0.10535076923076922
0.10994030769230768
0.10389046153846154
0.10263876923076923
0.0936683076923077
0.07489292307692308
0.055491692307692304
0.03609046153846154
0.021904615384615383
0.014394461538461538
0.003129230769230769
-0.014185846153846153
-0.029832
-0.047772923076923074
-0.05298830769230769
-0.05111076923076923
-0.059664
-0.06216738461538462
-0.06133292307692308
-0.04756430769230769
-0.016063384615384615
0.020652923076923076
0.06028984615384615
0.08824430769230769
0.1045163076923077
0.11140061538461538
0.11536430769230768
0.1178676923076923
0.09992676923076924
0.05924676923076923
0.0002086153846153846
-0.05924676923076923
-0.11056615384615384
-0.16438892307692307
-0.21195323076923075
-0.24199384615384617
-0.24554030769230767
-0.20861538461538462
-0.14144123076923076
-0.05528307692307692
0.03692492307692308
0.12496061538461539
0.20944984615384615
0.28204799999999997
0.3291950769230769
0.3369138461538461
0.30749907692307693
0.24616615384615384
0.17377661538461536
0.0855323076923077
-0.015228923076923076
-0.10681107692307691
-0.18483323076923078
-0.23782153846153845
-0.24616615384615384
-0.20652923076923077
-0.14164984615384615
-0.06070707692307692
0.030875076923076922
0.132888
0.23114584615384615
0.2995716923076923
0.31542646153846154
0.2828824615384615
0.21800307692307694
0.13476553846153844
0.05277969230769231
-0.029623384615384614
-0.10681107692307691
-0.1775316923076923
-0.2330233846153846
-0.2497126153846154
-0.2330233846153846
-0.19693292307692306
-0.1502030769230769
-0.0988836923076923
-0.03358707692307692
0.03880246153846154
0.09554584615384615
0.13518276923076925
0.14457046153846154
0.12204
0.08469784615384615
0.04819015384615385
0.014394461538461538
-0.023990769230769232
-0.06717415384615384
-0.11160923076923077
-0.13226215384615383
-0.12245723076923076
-0.0936683076923077
-0.058829538461538454
-0.021904615384615383
0.016480615384615385
0.059664
0.10138707692307691
0.12391753846153845
0.13455692307692307
0.13330523076923076
0.12391753846153845
0.11327815384615383
0.09992676923076924
0.078648
0.042974769230769226
0.002712
-0.026911384615384615
-0.040679999999999994
-0.04652123076923077
-0.05403138461538461
-0.06988615384615385
-0.084072
-0.08490646153846154
-0.06905169230769231
-0.04318338461538461
-0.014185846153846153
0.010848
0.03400430769230769
0.06300184615384616
0.08720123076923077
0.11056615384615384
0.11849353846153846
0.10576799999999999
0.0880356923076923
0.06717415384615384
0.03692492307692308
-0.004589538461538461
-0.05111076923076923
-0.08720123076923077
-0.0988836923076923
-0.08574092307692306
-0.052153846153846155
-0.017940923076923077
0.012099692307692308
0.04047138461538462
0.06133292307692308
0.08302892307692307
0.09450276923076922
0.08761846153846153
0.06863446153846153
0.04547815384615384
0.02899753846153846
0.009179076923076922
-0.015437538461538461
-0.043392
-0.06675692307692307
-0.07238953846153846
-0.06404492307692307
-0.044435076923076924
-0.02357353846153846
-0.016480615384615385
-0.011682461538461537
-0.016897846153846156
-0.03880246153846154
-0.05528307692307692
-0.06905169230769231
-0.07656184615384615
-0.08156861538461539
-0.08511507692307693
-0.06738276923076922
-0.026285538461538457
0.04088861538461538
0.2090326153846154
0.2780843076923077
0.1908830769230769
0.13309661538461537
-0.0002086153846153846
-0.014811692307692307
-0.06154153846153846
-0.2737033846153846
-0.3882332307692308
-0.5280055384615384
-0.4360061538461539
-0.2588916923076923
-0.16167692307692308
-0.011056615384615385
0.021070153846153846
0.21883753846153844
0.39052800000000004
0.4599969230769231
0.4887858461538461
0.25242461538461536
0.11077476923076923
-0.04380923076923077
-0.20652923076923077
-0.23156307692307693
-0.3882332307692308
-0.38072307692307694
-0.3246055384615385
-0.3269003076923077
-0.12099692307692309
-0.0077187692307692304
0.15896492307692306
0.3456756923076923
0.3339932307692307
0.40742584615384614
0.3942830769230769
0.3609046153846154
0.3652855384615385
0.20486030769230767
0.06613107692307692
-0.10055261538461538
-0.20924123076923076
-0.18232984615384615
-0.22947692307692308
-0.25200738461538463
-0.2707827692307692
-0.24428861538461538
-0.078648
0.008970461538461538
0.06926030769230769
0.10785415384615385
0.092208
0.16438892307692307
0.18107815384615383
0.17252492307692308
0.1992276923076923
0.14457046153846154
0.14999446153846155
0.15124615384615384
0.08866153846153846
0.05048492307692308
-0.06863446153846153
-0.1785747692307692
-0.25555384615384613
-0.3387913846153846
-0.3442153846153846
-0.31229723076923077
-0.20506892307692307
-0.086784
0.028371692307692306
0.20298276923076922
0.33253292307692306
0.4508178461538461
0.4781464615384615
0.3957433846153846
0.3225193846153846
0.1846246153846154
0.03838523076923077
-0.10263876923076923
-0.2586830769230769
-0.32669169230769235
-0.3648683076923077
-0.35694092307692304
-0.28893230769230765
-0.2157083076923077
-0.061124307692307686
0.11828492307692307
0.26452430769230767
0.3623649230769231
0.38009723076923074
0.3913624615384615
0.3502652307692307
0.23072861538461537
0.06738276923076922
-0.15249784615384615
-0.29727692307692305
-0.3784283076923077
-0.4424732307692308
-0.4047138461538461
-0.3385827692307692
-0.2056947692307692
-0.011891076923076923
0.13893784615384613
0.29456492307692306
0.3972036923076923
0.43350276923076925
0.4276615384615384
0.33378461538461535
0.19651569230769228
0.023990769230769232
-0.13622584615384614
-0.24074215384615386
-0.32377107692307694
-0.34922215384615385
-0.3387913846153846
-0.27412061538461535
-0.138312
-0.009179076923076922
0.12704676923076924
0.22113230769230768
0.24762646153846155
0.2751636923076923
0.2572227692307692
0.20381723076923075
0.11891076923076922
-0.022530461538461537
-0.11703323076923078
-0.16251138461538459
-0.19150892307692308
-0.18525046153846153
-0.18337292307692307
-0.15228923076923076
-0.08031692307692308
-0.010222153846153844
0.07635323076923077
0.13935507692307691
0.18086953846153844
0.19881046153846152
0.17002153846153847
0.157296
0.13226215384615383
0.11202646153846153
0.0988836923076923
0.03880246153846154
0.006467076923076923
-0.015228923076923076
-0.012099692307692308
0.029414769230769227
0.010222153846153844
-0.018775384615384614
-0.03504738461538461
-0.030040615384615384
0.023364923076923075
0.047772923076923074
0.040679999999999994
0.03150092307692308
0.028163076923076923
0.058829538461538454
0.07781353846153846
0.08469784615384615
0.07948246153846153
0.03212676923076923
0.022530461538461537
0.01981846153846154
0.003755076923076923
-0.01272553846153846
-0.06967753846153846
-0.09408553846153846
-0.09721476923076922
-0.0826116923076923
-0.017315076923076923
0.029206153846153847
0.07426707692307692
0.11745046153846153
0.15813046153846153
0.2273907692307692
0.2641070769230769
0.25346769230769234
0.19881046153846152
0.10535076923076922
0.03400430769230769
-0.017940923076923077
-0.05236246153846154
-0.07468430769230769
-0.1136953846153846
-0.1097316923076923
-0.06988615384615385
-0.0077187692307692304
0.05590892307692308
0.06717415384615384
0.07823076923076923
0.07197230769230768
0.05382276923076923
0.03755076923076923
-0.023990769230769232
-0.08344615384615384
-0.11953661538461538
-0.12558646153846154
-0.08574092307692306
-0.03400430769230769
0.018358153846153843
0.07072061538461538
0.11578153846153846
0.15354092307692307
0.17565415384615385
0.17690584615384616
0.14331876923076922
0.07614461538461538
0.014185846153846153
-0.043600615384615383
-0.09158215384615384
-0.11306953846153844
-0.12224861538461537
-0.09241661538461539
-0.03713353846153846
0.04631261538461538
0.15625292307692307
0.2426196923076923
0.3081249230769231
0.32564861538461537
0.29101846153846156
0.22300984615384614
0.11327815384615383
-0.014603076923076923
-0.14832553846153845
-0.2782929230769231
-0.35965292307692304
-0.3838523076923077
-0.35235138461538457
-0.2670276923076923
-0.15938215384615384
-0.02586830769230769
0.10514215384615383
0.20506892307692307
0.2689052307692308
0.28163076923076924
0.2680707692307692
0.21862892307692305
0.12767261538461538
0.017940923076923077
-0.10535076923076922
-0.21070153846153844
-0.2647329230769231
-0.27328615384615385
-0.2438713846153846
-0.19505538461538463
-0.12725538461538463
-0.03483876923076923
0.05945538461538461
0.14269292307692305
0.20047938461538461
0.23260615384615385
0.23615261538461538
0.21341353846153846
0.17377661538461536
0.10555938461538462
0.031918153846153846
-0.031709538461538456
-0.09930092307692308
-0.146448
-0.17565415384615385
-0.1869193846153846
-0.17419384615384614
-0.1693956923076923
-0.15875630769230767
-0.13184492307692308
-0.09930092307692308
-0.049233230769230765
0.0002086153846153846
0.05027630769230769
0.11056615384615384
0.15875630769230767
0.19985353846153847
0.21466523076923077
0.1923433846153846
0.15374953846153847
0.09241661538461539
0.023990769230769232
-0.04756430769230769
-0.12808984615384614
-0.19192615384615386
-0.23823876923076923
-0.24512307692307692
-0.19964492307692308
-0.13601723076923075
-0.043600615384615383
0.06279323076923077
0.15771323076923077
0.2509643076923077
0.31542646153846154
0.3419206153846154
0.3206418461538461
0.24428861538461538
0.1435273846153846
0.029623384615384614
-0.09283384615384616
-0.20715507692307691
-0.29727692307692305
-0.35339446153846155
-0.3617390769230769
-0.317304
-0.23364923076923078
-0.13184492307692308
-0.01043076923076923
0.11682461538461539
0.23218892307692307
0.33002953846153843
0.3717526153846154
0.35235138461538457
0.2799618461538461
0.1637630769230769
0.04401784615384615
-0.07635323076923077
-0.1873366153846154
-0.2703655384615385
-0.3198073846153846
-0.30833353846153844
-0.25305046153846156
-0.17690584615384616
-0.08615815384615384
0.004798153846153846
0.08115138461538463
0.14290153846153844
0.18775384615384613
0.1990190769230769
0.17481969230769231
0.1097316923076923
0.02044430769230769
-0.07113784615384615
-0.15667015384615385
-0.23886461538461537
-0.30207507692307695
-0.3377483076923077
-0.34275507692307694
-0.3039526153846154
-0.2371956923076923
-0.14999446153846155
-0.05862092307692307
0.03024923076923077
0.11348676923076922
0.1800350769230769
0.22342707692307692
0.22989415384615383
0.2073636923076923
0.16626646153846153
0.13059323076923077
0.10263876923076923
0.05820369230769231
0.004589538461538461
-0.05382276923076923
-0.10117846153846152
-0.12204
-0.12621230769230768
-0.11640738461538462
-0.10076123076923077
-0.06926030769230769
-0.011265230769230769
0.06633969230769231
0.14331876923076922
0.206112
0.23886461538461537
0.23949046153846154
0.23010276923076922
0.18900553846153845
0.12037107692307693
0.026702769230769228
-0.07885661538461539
-0.15959076923076923
-0.20944984615384615
-0.22008923076923076
-0.19818461538461538
-0.1558356923076923
-0.10201292307692307
-0.03150092307692308
0.05611753846153846
0.13768615384615385
0.1908830769230769
0.2075723076923077
0.18963138461538462
0.15520984615384617
0.11432123076923076
0.06362769230769232
0.02023569230769231
-0.023990769230769232
-0.05820369230769231
-0.06675692307692307
-0.054657230769230764
-0.019609846153846155
0.012099692307692308
0.03483876923076923
0.054240000000000003
0.07197230769230768
0.08845292307692308
0.0853236923076923
0.06300184615384616
0.03233538461538461
0.009804923076923077
0.007510153846153846
0.0070929230769230765
-0.0022947692307692304
-0.03150092307692308
-0.06049846153846154
-0.06592246153846154
-0.06383630769230769
-0.05486584615384615
-0.053405538461538456
-0.06154153846153846
-0.06696553846153847
-0.06008123076923077
-0.03692492307692308
-0.023990769230769232
-0.024199384615384616
-0.03150092307692308
-0.028788923076923077
0.0050067692307692304
0.05277969230769231
0.10138707692307691
0.13998092307692306
0.15771323076923077
0.16856123076923077
0.17273353846153844
0.15667015384615385
0.10535076923076922
0.018358153846153843
-0.08574092307692306
-0.17315076923076922
-0.22447015384615385
-0.24679199999999998
-0.23218892307692307
-0.19380369230769232
-0.12433476923076923
-0.017732307692307693
0.10806276923076923
0.23052
0.31396615384615384
0.34880492307692307
0.3346190769230769
0.2814221538461538
0.1990190769230769
0.08824430769230769
-0.0448523076923077
-0.1783661538461538
-0.2805876923076923
-0.31918153846153846
-0.3087507692307692
-0.2659846153846154
-0.20715507692307691
-0.13309661538461537
-0.035464615384615386
0.08699261538461538
0.2557624615384615
0.39699507692307695
0.517992
0.5868350769230769
0.5795335384615384
0.5782818461538461
0.4925409230769231
0.38030584615384616
0.2090326153846154
-0.021278769230769233
-0.20715507692307691
-0.37091815384615384
-0.4049224615384615
-0.45373846153846153
-0.45749353846153845
-0.38072307692307694
-0.29227015384615385
-0.06133292307692308
0.1353913846153846
0.3116713846153846
0.4287046153846154
0.44685415384615385
0.4743913846153846
0.39282276923076925
0.26452430769230767
0.08636676923076922
-0.14290153846153844
-0.3081249230769231
-0.4587452307692308
-0.5238332307692307
-0.5123593846153845
-0.45311261538461534
-0.28788923076923073
-0.100344
0.11640738461538462
0.3212676923076923
0.458328
0.5626356923076923
0.5626356923076923
0.5038061538461538
0.4174393846153846
0.2799618461538461
0.168144
0.042348923076923076
-0.07948246153846153
-0.16710092307692306
-0.24992123076923078
-0.28246523076923075
-0.2953993846153846
-0.30249230769230767
-0.28017046153846153
-0.22447015384615385
-0.1314276923076923
-0.029414769230769227
0.055491692307692304
0.12224861538461537
0.1760713846153846
0.21237046153846154
0.22113230769230768
0.18921415384615384
0.13872923076923074
0.0798996923076923
0.023782153846153845
-0.026494153846153844
-0.10827138461538462
-0.1800350769230769
-0.23615261538461538
-0.2724516923076923
-0.2517987692307692
-0.21508246153846153
-0.13998092307692306
-0.03150092307692308
0.08845292307692308
0.21675138461538462
0.3062473846153846
0.34963938461538463
0.33002953846153843
0.2540935384615385
0.14790830769230767
0.02023569230769231
-0.08657538461538461
-0.16480615384615382
-0.21633415384615384
-0.22634769230769228
-0.20965846153846154
-0.138312
-0.03337846153846154
0.05799507692307692
0.12850707692307692
0.157296
0.17315076923076922
0.19150892307692308
0.18879692307692306
0.1504116923076923
0.07572738461538461
-0.0025033846153846152
-0.061124307692307686
-0.0936683076923077
-0.10681107692307691
-0.10618523076923077
-0.08699261538461538
-0.042348923076923076
0.025033846153846153
0.10076123076923077
0.17023015384615386
0.20527753846153846
0.21675138461538462
0.19526400000000002
0.14290153846153844
0.0771876923076923
-0.011891076923076923
-0.07927384615384615
-0.13601723076923075
-0.184416
-0.192552
-0.17544553846153846
-0.13643446153846153
-0.09971815384615385
-0.06362769230769232
-0.030875076923076922
-0.009179076923076922
0.0029206153846153843
0.0008344615384615384
-0.005841230769230769
-0.028788923076923077
-0.05069353846153846
-0.05862092307692307
-0.058829538461538454
-0.04276615384615385
-0.02482523076923077
-0.012099692307692308
0.0035464615384615383
0.020027076923076922
0.03150092307692308
0.03629907692307692
0.033169846153846154
0.035464615384615386
0.04735569230769231
0.05611753846153846
0.06529661538461538
0.07072061538461538
0.0678
0.06821723076923077
0.06988615384615385
0.062376
0.037967999999999995
0.015020307692307692
0.002086153846153846
-0.019609846153846155
-0.054240000000000003
-0.09387692307692307
-0.11870215384615385
-0.11202646153846153
-0.09283384615384616
-0.06487938461538462
-0.027328615384615382
-0.0012516923076923076
0.03421292307692308
0.08156861538461539
0.12287446153846153
0.14853415384615384
0.1422756923076923
0.10994030769230768
0.06425353846153846
0.014603076923076923
-0.03838523076923077
-0.09095630769230768
-0.13393107692307693
-0.15604430769230768
-0.1506203076923077
-0.11411261538461538
-0.046104
0.03150092307692308
0.1045163076923077
0.16209415384615386
0.21362215384615382
0.2586830769230769
0.2782929230769231
0.2659846153846154
0.2056947692307692
0.12537784615384615
0.0446436923076923
-0.03504738461538461
-0.1045163076923077
-0.1760713846153846
-0.23448369230769228
-0.26076923076923075
-0.24282830769230768
-0.18525046153846153
-0.10597661538461538
-0.027745846153846152
0.03504738461538461
0.09554584615384615
0.1424843076923077
0.15667015384615385
0.13601723076923075
0.08094276923076923
0.01710646153846154
-0.040262769230769234
-0.08636676923076922
-0.10555938461538462
-0.12037107692307693
-0.14311015384615386
-0.14916
-0.12808984615384614
-0.084072
-0.02524246153846154
0.03233538461538461
0.07656184615384615
0.10743692307692307
0.12767261538461538
0.1462393846153846
0.15500123076923078
0.1316363076923077
0.07948246153846153
0.016063384615384615
-0.04130584615384615
-0.08782707692307692
-0.1289243076923077
-0.1666836923076923
-0.200688
-0.2194633846153846
-0.2127876923076923
-0.18149538461538461
-0.13518276923076925
-0.07843938461538462
-0.01668923076923077
0.05194523076923077
0.12099692307692309
0.1718990769230769
0.19755876923076923
0.18754523076923074
0.15291507692307693
0.09992676923076924
0.024408000000000003
-0.051528
-0.1316363076923077
-0.20339999999999997
-0.2422024615384615
-0.2568055384615385
-0.2303113846153846
-0.1718990769230769
-0.10743692307692307
-0.029414769230769227
0.05048492307692308
0.12579507692307693
0.18399876923076922
0.20715507692307691
0.2008966153846154
0.16459753846153846
0.10472492307692308
0.03650769230769231
-0.02795446153846154
-0.08177723076923075
-0.12558646153846154
-0.1504116923076923
-0.14331876923076922
-0.10994030769230768
-0.059664
-0.004798153846153846
0.04985907692307692
0.1045163076923077
0.15333230769230768
0.18629353846153843
0.19588984615384614
0.17732307692307692
0.13622584615384614
0.09179076923076923
0.05736923076923077
0.03567323076923076
0.020652923076923076
0.008970461538461538
0.0029206153846153843
0.021904615384615383
0.054240000000000003
0.08031692307692308
0.10743692307692307
0.11745046153846153
0.12016246153846154
0.12224861538461537
0.11286092307692308
0.10618523076923077
0.08782707692307692
0.06529661538461538
0.05444861538461539
0.047981538461538464
0.055491692307692304
0.06717415384615384
0.0744756923076923
0.07823076923076923
0.07572738461538461
0.06425353846153846
0.0448523076923077
0.01043076923076923
-0.034630153846153845
-0.07781353846153846
-0.10576799999999999
-0.10576799999999999
-0.08720123076923077
-0.04672984615384615
0.0016689230769230767
0.05528307692307692
0.11870215384615385
0.17377661538461536
0.2138307692307692
0.21842030769230766
0.18921415384615384
0.13768615384615385
0.061124307692307686
-0.033169846153846154
-0.12913292307692306
-0.20778092307692309
-0.24992123076923078
-0.2532590769230769
-0.22300984615384614
-0.16292861538461537
-0.07781353846153846
0.02211323076923077
0.11432123076923076
0.18775384615384613
0.23114584615384615
0.23281476923076924
0.19735015384615384
0.12600369230769232
0.030040615384615384
-0.06738276923076922
-0.1585476923076923
-0.22530461538461538
-0.2540935384615385
-0.2426196923076923
-0.19609846153846153
-0.12850707692307692
-0.05069353846153846
0.02211323076923077
0.086784
0.13393107692307693
0.1558356923076923
0.14686523076923075
0.11202646153846153
0.06571384615384615
0.017523692307692306
-0.02044430769230769
-0.043392
-0.04526953846153846
-0.031918153846153846
-0.014394461538461538
0.016272
0.05173661538461538
0.07468430769230769
0.08615815384615384
0.07343261538461537
0.04860738461538461
0.01981846153846154
-0.010013538461538461
-0.03275261538461539
-0.06154153846153846
-0.08115138461538463
-0.08428061538461538
-0.06154153846153846
-0.0077187692307692304
0.047981538461538464
0.09554584615384615
0.12704676923076924
0.15416676923076922
0.1794092307692308
0.18504184615384617
0.17169046153846151
0.130176
0.0771876923076923
0.034630153846153845
0.006049846153846154
-0.005841230769230769
-0.01397723076923077
-0.016480615384615385
-0.0008344615384615384
0.023782153846153845
0.05570030769230769
0.07384984615384615
0.06863446153846153
0.04819015384615385
0.016272
-0.006884307692307692
-0.02524246153846154
-0.037342153846153844
-0.05027630769230769
-0.06613107692307692
-0.0717636923076923
-0.06487938461538462
-0.049233230769230765
-0.04902461538461538
-0.06717415384615384
-0.09658892307692307
-0.11870215384615385
-0.12454338461538461
-0.12162276923076921
-0.11599015384615384
-0.1045163076923077
-0.08010830769230769
-0.042557538461538466
0.013768615384615384
0.06216738461538462
0.09199938461538461
0.10430769230769231
0.10681107692307691
0.10660246153846153
0.092208
0.06383630769230769
0.021696
-0.026911384615384615
-0.07593599999999999
-0.10743692307692307
-0.11953661538461538
-0.12016246153846154
-0.10743692307692307
-0.08386338461538462
-0.03880246153846154
0.02545107692307692
0.09012184615384615
0.13893784615384613
0.16480615384615382
0.16730953846153845
0.15228923076923076
0.12224861538461537
0.08115138461538463
0.01856676923076923
-0.04380923076923077
-0.09012184615384615
-0.10868861538461538
-0.08740984615384616
-0.06592246153846154
-0.04401784615384615
-0.023990769230769232
-0.0043809230769230765
0.02211323076923077
0.04401784615384615
0.059038153846153844
0.06425353846153846
0.07489292307692308
0.10868861538461538
0.15750461538461538
0.20006215384615383
0.2238443076923077
0.2207150769230769
0.19881046153846152
0.154584
0.09283384615384616
0.010848
-0.0892873846153846
-0.18191261538461537
-0.24700061538461537
-0.249504
-0.20652923076923077
-0.13852061538461538
-0.058412307692307694
0.014185846153846153
0.08866153846153846
0.16418030769230768
0.2127876923076923
0.21320492307692307
0.1760713846153846
0.09658892307692307
0.03775938461538462
-0.021278769230769233
-0.0022947692307692304
0.011473846153846154
-0.12621230769230768
-0.15750461538461538
-0.18921415384615384
-0.1449876923076923
-0.04672984615384615
-0.08866153846153846
-0.07635323076923077
-0.12391753846153845
-0.05653476923076922
0.08010830769230769
0.11432123076923076
0.157296
0.06487938461538462
0.059664
0.09512861538461538
0.07927384615384615
0.09012184615384615
-0.06300184615384616
-0.16584923076923075
-0.21633415384615384
-0.2626467692307692
-0.1860849230769231
-0.20131384615384615
-0.17565415384615385
-0.09533723076923077
-0.08699261538461538
0.05507446153846154
0.15938215384615384
0.21195323076923075
0.2782929230769231
0.22300984615384614
0.20986707692307693
0.17085599999999998
0.11828492307692307
0.12558646153846154
0.04985907692307692
-0.01043076923076923
-0.04860738461538461
-0.0446436923076923
0.026702769230769228
0.02858030769230769
0.027745846153846152
0.029206153846153847
0.02753723076923077
0.111192
0.15896492307692306
0.17169046153846151
0.1908830769230769
0.1693956923076923
0.20047938461538461
0.20486030769230767
0.14728246153846153
0.10764553846153846
0.02545107692307692
-0.012516923076923077
-0.0077187692307692304
-0.03129230769230769
-0.04839876923076923
-0.10347323076923076
-0.14290153846153844
-0.16710092307692306
-0.19505538461538463
-0.18712800000000002
-0.1794092307692308
-0.12204
-0.059038153846153844
-0.009596307692307692
0.09116492307692307
0.14811692307692306
0.1856676923076923
0.21466523076923077
0.1775316923076923
0.14164984615384615
0.07238953846153846
-0.0022947692307692304
-0.05298830769230769
-0.13601723076923075
-0.1635544615384615
-0.15187199999999998
-0.1397723076923077
-0.11035753846153845
-0.09408553846153846
-0.038176615384615385
0.046104
0.10806276923076923
0.14811692307692306
0.13998092307692306
0.14436184615384615
0.15395815384615386
0.12558646153846154
0.09784061538461537
0.014394461538461538
-0.07343261538461537
-0.11432123076923076
-0.15520984615384617
-0.1397723076923077
-0.11703323076923078
-0.10743692307692307
-0.05319692307692307
-0.017523692307692306
0.03296123076923077
0.09158215384615384
0.1070196923076923
0.10931446153846153
0.08115138461538463
0.059038153846153844
0.03400430769230769
0.013142769230769229
0.017732307692307693
0.006258461538461538
0.01043076923076923
0.008970461538461538
0.003755076923076923
0.01814953846153846
0.0025033846153846152
-0.008136
-0.012934153846153845
-0.03901107692307692
-0.033169846153846154
-0.016897846153846156
-0.007510153846153846
0.0077187692307692304
0.009387692307692307
0.033169846153846154
0.07343261538461537
0.09825784615384614
0.10743692307692307
0.07280676923076923
0.03275261538461539
-0.005632615384615384
-0.06028984615384615
-0.10159569230769232
-0.15500123076923078
-0.1842073846153846
-0.17461107692307692
-0.1489513846153846
-0.07802215384615384
-0.009804923076923077
0.06216738461538462
0.14728246153846153
0.184416
0.2075723076923077
0.20152246153846154
0.15938215384615384
0.12141415384615384
0.050067692307692306
-0.026285538461538457
-0.08991323076923076
-0.14060676923076923
-0.154584
-0.14832553846153845
-0.11557292307692307
-0.07030338461538461
-0.018775384615384614
0.05069353846153846
0.09804923076923076
0.1151556923076923
0.11265230769230769
0.07531015384615385
0.03233538461538461
-0.019609846153846155
-0.08636676923076922
-0.13247076923076923
-0.17169046153846151
-0.1733593846153846
-0.14749107692307692
-0.11306953846153844
-0.042557538461538466
0.03108369230769231
0.09930092307692308
0.14311015384615386
0.15228923076923076
0.1531236923076923
0.13747753846153846
0.111192
0.07364123076923076
0.01814953846153846
-0.035464615384615386
-0.07155507692307693
-0.061124307692307686
-0.015646153846153844
0.032544
0.08845292307692308
0.14540492307692307
0.19672430769230767
0.23385784615384617
0.23093723076923076
0.20632061538461538
0.15938215384615384
0.08761846153846153
0.033169846153846154
-0.022530461538461537
-0.06154153846153846
-0.07885661538461539
-0.0934596923076923
-0.07343261538461537
-0.042974769230769226
0.004798153846153846
0.061750153846153844
0.09241661538461539
0.11640738461538462
0.116616
0.100344
0.07134646153846153
0.015646153846153844
-0.03901107692307692
-0.09491999999999999
-0.14811692307692306
-0.17398523076923075
-0.1783661538461538
-0.1614683076923077
-0.13309661538461537
-0.10159569230769232
-0.03588184615384615
0.04318338461538461
0.11953661538461538
0.18212123076923076
0.19797599999999999
0.19067446153846154
0.16251138461538459
0.12850707692307692
0.09387692307692307
0.04735569230769231
-0.0012516923076923076
-0.05236246153846154
-0.0880356923076923
-0.10576799999999999
-0.1178676923076923
-0.116616
-0.10889723076923077
-0.09763200000000001
-0.06696553846153847
-0.03629907692307692
-0.0077187692307692304
0.026702769230769228
0.05069353846153846
0.07906523076923076
0.09533723076923077
0.09596307692307693
0.08720123076923077
0.053614153846153846
0.013768615384615384
-0.03713353846153846
-0.08010830769230769
-0.10889723076923077
-0.143736
-0.16271999999999998
-0.1721076923076923
-0.15374953846153847
-0.11181784615384616
-0.06383630769230769
0.0043809230769230765
0.06967753846153846
0.13706030769230768
0.20444307692307692
0.24679199999999998
0.2563883076923077
0.2157083076923077
0.13455692307692307
0.040679999999999994
-0.05674338461538461
-0.14290153846153844
-0.2127876923076923
-0.26076923076923075
-0.26348123076923075
-0.2225926153846154
-0.13205353846153844
-0.010848
0.11390399999999999
0.23385784615384617
0.31542646153846154
0.36403384615384615
0.37196123076923077
0.32272799999999996
0.23385784615384617
0.11202646153846153
-0.003129230769230769
-0.09053907692307692
-0.15479261538461536
-0.18107815384615383
-0.173568
-0.13372246153846154
-0.05924676923076923
0.029206153846153847
0.11223507692307692
0.17085599999999998
0.19985353846153847
0.19442953846153843
0.16105107692307694
0.119328
0.06592246153846154
0.015228923076923076
-0.02482523076923077
-0.04714707692307692
-0.03880246153846154
-0.016063384615384615
0.0077187692307692304
0.027745846153846152
0.03567323076923076
0.027745846153846152
0.015646153846153844
-0.006884307692307692
-0.045060923076923075
-0.08594953846153845
-0.12913292307692306
-0.15270646153846154
-0.14811692307692306
-0.1151556923076923
-0.053614153846153846
0.01710646153846154
0.09116492307692307
0.15562707692307692
0.20339999999999997
0.22300984615384614
0.1994363076923077
0.13622584615384614
0.03942830769230769
-0.06300184615384616
-0.15875630769230767
-0.23782153846153845
-0.28392553846153845
-0.2931046153846154
-0.24992123076923078
-0.16105107692307694
-0.04693846153846153
0.07802215384615384
0.18107815384615383
0.2438713846153846
0.26348123076923075
0.24074215384615386
0.17440246153846153
0.06195876923076923
-0.06717415384615384
-0.19192615384615386
-0.2832996923076923
-0.32231076923076923
-0.3235624615384615
-0.2782929230769231
-0.19735015384615384
-0.092208
0.03650769230769231
0.15354092307692307
0.2374043076923077
0.2701569230769231
0.2399076923076923
0.17544553846153846
0.09095630769230768
-0.003963692307692307
-0.08469784615384615
-0.13768615384615385
-0.15374953846153847
-0.12955015384615384
-0.07510153846153846
-0.006258461538461538
0.06258461538461538
0.11828492307692307
0.1543753846153846
0.17419384615384614
0.17002153846153847
0.14686523076923075
0.11202646153846153
0.06946892307692307
0.03692492307692308
0.02586830769230769
0.03233538461538461
0.04672984615384615
0.07197230769230768
0.09721476923076922
0.12516923076923075
0.1506203076923077
0.15187199999999998
0.12850707692307692
0.07656184615384615
0.013351384615384614
-0.05674338461538461
-0.12266584615384615
-0.17648861538461538
-0.22008923076923076
-0.23260615384615385
-0.20381723076923075
-0.130176
-0.03233538461538461
0.07238953846153846
0.16584923076923075
0.23406646153846156
0.2689052307692308
0.2651501538461538
0.222384
0.13643446153846153
0.03129230769230769
-0.07614461538461538
-0.16188553846153847
-0.21925476923076925
-0.24408
-0.22634769230769228
-0.18483323076923078
-0.11578153846153846
-0.024408000000000003
0.06800861538461538
0.1424843076923077
0.1860849230769231
0.20548615384615385
0.20402584615384614
0.18274707692307693
0.1489513846153846
0.10222153846153846
0.043600615384615383
-0.01814953846153846
-0.07948246153846153
-0.13267938461538462
-0.17252492307692308
-0.1990190769230769
-0.19359507692307693
-0.14582215384615385
-0.061750153846153844
0.0446436923076923
0.14811692307692306
0.2342750769230769
0.2891409230769231
0.3087507692307692
0.30270092307692303
0.2588916923076923
0.17982646153846152
0.0853236923076923
-0.012099692307692308
-0.08490646153846154
-0.13852061538461538
-0.1635544615384615
-0.15750461538461538
-0.13998092307692306
-0.09825784615384614
-0.04652123076923077
0.015646153846153844
0.06717415384615384
0.10117846153846152
0.1314276923076923
0.15208061538461537
0.17315076923076922
0.17481969230769231
0.14957723076923077
0.10117846153846152
0.03400430769230769
-0.024199384615384616
-0.06383630769230769
-0.09095630769230768
-0.10409907692307692
-0.11578153846153846
-0.11870215384615385
-0.11494707692307692
-0.09471138461538461
-0.06028984615384615
-0.024199384615384616
-0.0043809230769230765
0.021696
0.04672984615384615
0.08052553846153847
0.10910584615384614
0.13184492307692308
0.24637476923076923
0.1710646153846154
0.058829538461538454
-0.0029206153846153843
-0.14436184615384615
-0.14394461538461537
-0.2799618461538461
-0.39657784615384617
-0.46354338461538463
-0.5144455384615384
-0.32669169230769235
-0.23510953846153848
-0.11411261538461538
-0.026285538461538457
0.03275261538461539
0.23886461538461537
0.30854215384615385
0.37780246153846153
0.2891409230769231
0.06008123076923077
-0.05298830769230769
-0.23844738461538462
-0.3229366153846154
-0.38656430769230765
-0.47418276923076924
-0.3604873846153846
-0.29873723076923075
-0.15750461538461538
0.08469784615384615
0.20986707692307693
0.3949089230769231
0.45060923076923076
0.4262012307692308
0.40325353846153844
0.2670276923076923
0.22029784615384615
0.13601723076923075
0.01710646153846154
-0.04902461538461538
-0.116616
-0.05528307692307692
-0.003755076923076923
0.002712
0.035255999999999996
0.017523692307692306
0.07489292307692308
0.13184492307692308
0.1136953846153846
0.111192
0.03921969230769231
-0.013768615384615384
-0.01814953846153846
-0.07551876923076924
-0.08156861538461539
-0.084072
-0.07614461538461538
0.02586830769230769
0.09930092307692308
0.16167692307692308
0.18754523076923074
0.1597993846153846
0.13768615384615385
0.05653476923076922
-0.030875076923076922
-0.10868861538461538
-0.15604430769230768
-0.14185846153846154
-0.1543753846153846
-0.09846646153846153
0.008761846153846153
0.0961716923076923
0.22488738461538463
0.28809784615384615
0.32189353846153845
0.3442153846153846
0.3031181538461538
0.28163076923076924
0.19839323076923077
0.08574092307692306
0.012308307692307691
-0.06863446153846153
-0.10931446153846153
-0.15228923076923076
-0.1721076923076923
-0.11807630769230769
-0.05611753846153846
0.004798153846153846
0.03775938461538462
0.07489292307692308
0.14603076923076924
0.1504116923076923
0.12955015384615384
0.08156861538461539
-0.011265230769230769
-0.041514461538461535
-0.08761846153846153
-0.1178676923076923
-0.10576799999999999
-0.12642092307692307
-0.09450276923076922
-0.06216738461538462
-0.05173661538461538
-0.016480615384615385
-0.013768615384615384
-0.007510153846153846
-0.006884307692307692
-0.02273907692307692
-0.03045784615384615
-0.06028984615384615
-0.046104
-0.008761846153846153
0.02586830769230769
0.06592246153846154
0.05799507692307692
0.06487938461538462
0.06738276923076922
0.05507446153846154
0.061124307692307686
0.012099692307692308
-0.03838523076923077
-0.047772923076923074
-0.051528
-0.034630153846153845
-0.03379569230769231
-0.03108369230769231
0.01940123076923077
0.06884307692307692
0.11286092307692308
0.13935507692307691
0.1314276923076923
0.12016246153846154
0.0897046153846154
0.0609156923076923
0.029623384615384614
-0.01397723076923077
-0.04109723076923077
-0.09116492307692307
-0.12579507692307693
-0.13267938461538462
-0.12934153846153845
-0.07593599999999999
-0.042974769230769226
-0.026702769230769228
-0.003129230769230769
0.006675692307692307
0.05069353846153846
0.06675692307692307
0.03150092307692308
-0.012099692307692308
-0.06863446153846153
-0.086784
-0.0880356923076923
-0.09721476923076922
-0.10138707692307691
-0.11348676923076922
-0.08198584615384615
-0.023364923076923075
0.025033846153846153
0.05945538461538461
0.05048492307692308
0.04214030769230769
0.040679999999999994
0.03650769230769231
0.04985907692307692
0.03108369230769231
0.017523692307692306
0.013768615384615384
0.0077187692307692304
0.04672984615384615
0.09325107692307691
0.13476553846153844
0.15187199999999998
0.15145476923076923
0.1693956923076923
0.1869193846153846
0.1860849230769231
0.1504116923076923
0.0853236923076923
0.016272
-0.029414769230769227
-0.04965046153846154
-0.046104
-0.044435076923076924
-0.03379569230769231
0.006675692307692307
0.06258461538461538
0.13497415384615385
0.168144
0.16105107692307694
0.14206707692307693
0.10618523076923077
0.07343261538461537
0.021904615384615383
-0.056951999999999996
-0.12767261538461538
-0.18337292307692307
-0.20965846153846154
-0.20006215384615383
-0.17648861538461538
-0.130176
-0.07510153846153846
-0.0050067692307692304
0.09179076923076923
0.18253846153846154
0.24908676923076922
0.25701415384615384
0.22029784615384615
0.1614683076923077
0.08010830769230769
-0.009179076923076922
-0.11035753846153845
-0.200688
-0.2674449230769231
-0.30332676923076923
-0.28017046153846153
-0.20235692307692305
-0.10952307692307692
-0.015228923076923076
0.062376
0.12683815384615382
0.184416
0.19213476923076922
0.15291507692307693
0.07885661538461539
-0.006675692307692307
-0.0853236923076923
-0.15082892307692305
-0.19004861538461537
-0.21132738461538458
-0.20965846153846154
-0.17440246153846153
-0.11828492307692307
-0.054657230769230764
0.0002086153846153846
0.024408000000000003
0.03671630769230769
0.029206153846153847
0.0029206153846153843
-0.03296123076923077
-0.08386338461538462
-0.11953661538461538
-0.13726892307692307
-0.1287156923076923
-0.09179076923076923
-0.051319384615384614
-0.009804923076923077
0.03358707692307692
0.06675692307692307
0.0855323076923077
0.09575446153846154
0.08991323076923076
0.06195876923076923
0.01940123076923077
-0.022530461538461537
-0.05173661538461538
-0.07426707692307692
-0.09053907692307692
-0.0988836923076923
-0.09074769230769231
-0.05924676923076923
-0.009596307692307692
0.04839876923076923
0.09596307692307693
0.13706030769230768
0.1666836923076923
0.1777403076923077
0.17669723076923077
0.15124615384615384
0.10368184615384615
0.05528307692307692
0.011056615384615385
-0.016897846153846156
-0.03358707692307692
-0.05027630769230769
-0.04735569230769231
-0.03024923076923077
-0.004172307692307692
0.02232184615384615
0.03609046153846154
0.04714707692307692
0.05570030769230769
0.06946892307692307
0.0963803076923077
0.12412615384615384
0.14686523076923075
0.14665661538461539
0.127464
0.11432123076923076
0.09429415384615383
0.06258461538461538
0.023990769230769232
-0.015437538461538461
-0.03901107692307692
-0.04860738461538461
-0.041514461538461535
-0.024408000000000003
-0.0018775384615384615
0.021696
0.0446436923076923
0.08782707692307692
0.1287156923076923
0.15270646153846154
0.16772676923076923
0.1652233846153846
0.1570873846153846
0.1462393846153846
0.11327815384615383
0.06279323076923077
0.008344615384615384
-0.03942830769230769
-0.07468430769230769
-0.09971815384615385
-0.1070196923076923
-0.09867507692307692
-0.07677046153846154
-0.04568676923076923
-0.0002086153846153846
0.05194523076923077
0.0771876923076923
0.08094276923076923
0.06738276923076922
0.04819015384615385
0.030875076923076922
-0.005215384615384615
-0.0448523076923077
-0.09179076923076923
-0.13789476923076924
-0.15687876923076924
-0.1639716923076923
-0.14665661538461539
-0.10889723076923077
-0.06905169230769231
-0.013351384615384614
0.050067692307692306
0.10514215384615383
0.13998092307692306
0.15249784615384615
0.14665661538461539
0.1287156923076923
0.11202646153846153
0.08594953846153845
0.05653476923076922
0.035464615384615386
0.015646153846153844
0.008970461538461538
0.017940923076923077
0.026911384615384615
0.028163076923076923
0.01710646153846154
0.006467076923076923
0.010013538461538461
0.011265230769230769
0.011473846153846154
0.006258461538461538
0.0016689230769230767
0.0008344615384615384
0.006258461538461538
0.021278769230769233
0.02232184615384615
0.020652923076923076
0.01940123076923077
0.03275261538461539
0.06216738461538462
0.07781353846153846
0.07510153846153846
0.055491692307692304
0.03108369230769231
0.015646153846153844
0.010848
0.006467076923076923
-0.0029206153846153843
-0.014603076923076923
-0.013560000000000001
0.017315076923076923
0.06321046153846153
0.1028473846153846
0.13059323076923077
0.14999446153846155
0.16230276923076925
0.16584923076923075
0.15917353846153848
0.13434830769230768
0.0892873846153846
0.020652923076923076
-0.03963692307692308
-0.07531015384615385
-0.10597661538461538
-0.127464
-0.13622584615384614
-0.12975876923076923
-0.10743692307692307
-0.06905169230769231
-0.03233538461538461
-0.01043076923076923
-0.005841230769230769
-0.0077187692307692304
-0.0043809230769230765
-0.005215384615384615
-0.01856676923076923
-0.04819015384615385
-0.08469784615384615
-0.11306953846153844
-0.13038461538461538
-0.14081538461538462
-0.1543753846153846
-0.16751815384615384
-0.15813046153846153
-0.11724184615384614
-0.051528
0.014603076923076923
0.07551876923076924
0.12245723076923076
0.14060676923076923
0.14561353846153846
0.13643446153846153
0.10576799999999999
0.059872615384615385
0.006884307692307692
-0.03212676923076923
-0.05027630769230769
-0.050067692307692306
-0.028163076923076923
0.0
0.034630153846153845
0.06863446153846153
0.09658892307692307
0.11348676923076922
0.10347323076923076
0.07238953846153846
0.032544
0.0012516923076923076
-0.021696
-0.035464615384615386
-0.040054153846153843
-0.03859384615384615
-0.028788923076923077
0.012934153846153845
0.07927384615384615
0.12537784615384615
0.14790830769230767
0.14206707692307693
0.12642092307692307
0.10535076923076922
0.07155507692307693
0.014394461538461538
-0.06613107692307692
-0.16480615384615382
-0.249504
-0.32001599999999997
-0.36904061538461536
-0.2995716923076923
-0.17502830769230768
0.03859384615384615
0.29915446153846154
0.5463636923076923
0.8077587692307693
0.9767372307692308
1.0578886153846152
0.9971815384615385
0.7846024615384615
0.4470627692307692
0.06717415384615384
-0.3049956923076923
-0.6379458461538461
-0.8709692307692307
-1.025136
-1.0205464615384614
-0.8747243076923077
-0.6024812307692308
-0.2624381538461539
0.07697907692307693
0.3815575384615385
0.5634701538461538
0.6585987692307692
0.6068621538461538
0.4656295384615385
0.24679199999999998
-0.0853236923076923
-0.35047384615384614
-0.571188923076923
-0.673619076923077
-0.611868923076923
-0.4896203076923077
-0.268488
-0.051528
0.10743692307692307
0.2601433846153846
0.31772123076923076
0.29644246153846154
0.22426153846153846
0.10639384615384614
0.03567323076923076
-0.0077187692307692304
-0.0043809230769230765
0.030040615384615384
0.02545107692307692
0.01043076923076923
-0.03421292307692308
-0.08177723076923075
-0.12621230769230768
-0.20423446153846153
-0.26869661538461537
-0.3479704615384615
-0.41681353846153846
-0.4205686153846153
-0.40700861538461536
-0.3442153846153846
-0.24720923076923076
-0.1316363076923077
0.03984553846153846
0.2357353846153846
0.4239064615384615
0.5736923076923076
0.6131206153846154
0.533220923076923
0.3721698461538462
0.13518276923076925
-0.1314276923076923
-0.3972036923076923
-0.6014381538461538
-0.695940923076923
-0.6596418461538461
-0.48294461538461536
-0.21842030769230766
0.08866153846153846
0.3675803076923077
0.6008123076923076
0.758316923076923
0.7843938461538461
0.690516923076923
0.4985907692307692
0.24595753846153845
-0.022947692307692308
-0.26911384615384615
-0.4564504615384615
-0.5484498461538461
-0.5555427692307692
-0.4994252307692308
-0.36799753846153843
-0.18316430769230768
0.02482523076923077
0.22968553846153844
0.38343507692307693
0.46729846153846155
0.4917064615384615
0.44330769230769224
0.34630153846153844
0.2194633846153846
0.06467076923076923
-0.07134646153846153
-0.16209415384615386
-0.18858830769230767
-0.14853415384615384
-0.05507446153846154
0.04714707692307692
0.14436184615384615
0.23010276923076922
0.2574313846153846
0.24908676923076922
0.19004861538461537
0.10743692307692307
0.042348923076923076
-0.027120000000000002
-0.07259815384615384
-0.09679753846153846
-0.09763200000000001
-0.06717415384615384
-0.011056615384615385
0.051319384615384614
0.09012184615384615
0.11098338461538461
0.10201292307692307
0.06070707692307692
0.006258461538461538
-0.06654830769230768
-0.14060676923076923
-0.1942209230769231
-0.22697353846153845
-0.208824
-0.13184492307692308
-0.017523692307692306
0.11348676923076922
0.23823876923076923
0.3467187692307692
0.427452923076923
0.4783550769230769
0.4752258461538461
0.39970707692307694
0.25534523076923077
0.06821723076923077
-0.11014892307692307
-0.2651501538461538
-0.38885907692307686
-0.46291753846153844
-0.4798153846153846
-0.4184824615384615
-0.27474646153846155
-0.08991323076923076
0.1045163076923077
0.26368984615384616
0.3648683076923077
0.42077723076923074
0.4086775384615385
0.32836061538461536
0.18921415384615384
0.003963692307692307
-0.16856123076923077
-0.3054129230769231
-0.3909452307692307
-0.4118067692307692
-0.3813489230769231
-0.3035353846153846
-0.19651569230769228
-0.06717415384615384
0.06049846153846154
0.15541846153846153
0.20798953846153845
0.20277415384615383
0.15750461538461538
0.12016246153846154
0.08448923076923077
0.043600615384615383
-0.005632615384615384
-0.05570030769230769
-0.06279323076923077
-0.029206153846153847
0.03984553846153846
0.12391753846153845
0.18483323076923078
0.2157083076923077
0.21487384615384614
0.18525046153846153
0.1314276923076923
0.05486584615384615
-0.03588184615384615
-0.11432123076923076
-0.15541846153846153
-0.146448
-0.09825784615384614
-0.027328615384615382
0.06195876923076923
0.14311015384615386
0.21195323076923075
0.2591003076923077
0.2651501538461538
0.2330233846153846
0.15416676923076922
0.06028984615384615
-0.029206153846153847
-0.10493353846153847
-0.15813046153846153
-0.19463815384615382
-0.1883796923076923
-0.1356
-0.04735569230769231
0.06258461538461538
0.165432
0.24032492307692307
0.2849686153846154
0.2887236923076923
0.24554030769230767
0.16626646153846153
0.046104
-0.08657538461538461
-0.2138307692307692
-0.3127144615384615
-0.3550633846153846
-0.35694092307692304
-0.3137575384615385
-0.2422024615384615
-0.15500123076923078
-0.06028984615384615
0.02023569230769231
0.07927384615384615
0.10806276923076923
0.11035753846153845
0.0936683076923077
0.061750153846153844
0.018358153846153843
-0.021070153846153846
-0.04401784615384615
-0.04944184615384615
-0.03129230769230769
0.003755076923076923
0.03921969230769231
0.06654830769230768
0.08428061538461538
0.08636676923076922
0.07969107692307692
0.053614153846153846
0.006884307692307692
-0.03775938461538462
-0.08052553846153847
-0.10597661538461538
-0.10409907692307692
-0.08469784615384615
-0.05298830769230769
-0.012308307692307691
0.02753723076923077
0.06717415384615384
0.0988836923076923
0.103056
0.07843938461538462
0.03045784615384615
-0.019192615384615384
-0.06195876923076923
-0.10389046153846154
-0.13601723076923075
-0.15604430769230768
-0.16063384615384615
-0.13372246153846154
-0.07197230769230768
0.002086153846153846
0.08240307692307691
0.15917353846153848
0.21758584615384616
0.2601433846153846
0.2670276923076923
0.23448369230769228
0.1696043076923077
0.08866153846153846
0.022530461538461537
-0.028163076923076923
-0.053405538461538456
-0.05319692307692307
-0.028788923076923077
0.017732307692307693
0.07885661538461539
0.15103753846153847
0.20277415384615383
0.2140393846153846
0.19442953846153843
0.15479261538461536
0.10263876923076923
0.0448523076923077
-0.020652923076923076
-0.08031692307692308
-0.13455692307692307
-0.17481969230769231
-0.17711446153846155
-0.16271999999999998
-0.14290153846153844
-0.12308307692307692
-0.10618523076923077
-0.07948246153846153
-0.04631261538461538
-0.009804923076923077
0.01668923076923077
0.026702769230769228
0.033169846153846154
0.03692492307692308
0.03629907692307692
0.026076923076923077
-0.0022947692307692304
-0.03629907692307692
-0.06341907692307691
-0.07426707692307692
-0.06905169230769231
-0.06362769230769232
-0.055491692307692304
-0.05090215384615384
-0.045895384615384616
-0.03755076923076923
-0.026911384615384615
-0.02545107692307692
-0.04109723076923077
-0.0446436923076923
-0.037342153846153844
-0.01814953846153846
0.0029206153846153843
0.010639384615384617
0.015020307692307692
0.012308307692307691
-0.0018775384615384615
-0.01981846153846154
-0.04819015384615385
-0.08740984615384616
-0.124752
-0.14123261538461537
-0.11891076923076922
-0.07405846153846153
-0.014603076923076923
0.043600615384615383
0.0892873846153846
0.12704676923076924
0.15103753846153847
0.1543753846153846
0.12287446153846153
0.06028984615384615
-0.012516923076923077
-0.07510153846153846
-0.11411261538461538
-0.13184492307692308
-0.130176
-0.10013538461538461
-0.041514461538461535
0.03650769230769231
0.12329169230769231
0.1942209230769231
0.23469230769230767
0.25138153846153843
0.24408
0.2194633846153846
0.1693956923076923
0.08177723076923075
-0.017732307692307693
-0.11327815384615383
-0.18963138461538462
-0.24032492307692307
-0.2705741538461538
-0.2724516923076923
-0.24053353846153847
-0.16793538461538463
-0.05528307692307692
0.08198584615384615
0.21612553846153845
0.31667815384615383
0.37780246153846153
0.404088
0.38948492307692306
0.3346190769230769
0.23135446153846154
0.09137353846153846
-0.04714707692307692
-0.16230276923076925
-0.23344061538461539
-0.25930892307692305
-0.24658338461538462
-0.20193969230769232
-0.1289243076923077
-0.02795446153846154
0.08740984615384616
0.19025723076923076
0.25451076923076926
0.27412061538461535
0.26911384615384615
0.23782153846153845
0.17148184615384612
0.07927384615384615
-0.035464615384615386
-0.1558356923076923
-0.265776
-0.34588430769230766
-0.3811403076923077
-0.3813489230769231
-0.35235138461538457
-0.27412061538461535
-0.15082892307692305
-0.0008344615384615384
0.15833907692307692
0.2872633846153846
0.3782196923076923
0.4355889230769231
0.45311261538461534
0.4318338461538461
0.37050092307692306
0.2647329230769231
0.12934153846153845
-0.011682461538461537
-0.1424843076923077
-0.23928184615384615
-0.31083692307692307
-0.3508910769230769
-0.35005661538461535
-0.3016578461538461
-0.19839323076923077
-0.06195876923076923
0.09304246153846155
0.23177169230769232
0.3327415384615385
0.3882332307692308
0.3988726153846154
0.3671630769230769
0.2707827692307692
0.13789476923076924
0.002086153846153846
-0.124752
-0.21737723076923077
-0.2780843076923077
-0.2966510769230769
-0.2789187692307692
-0.22780799999999998
-0.13372246153846154
-0.022947692307692308
0.08740984615384616
0.18066092307692305
0.2526332307692308
0.31229723076923077
0.3456756923076923
0.33607938461538456
0.28768061538461537
0.20778092307692309
0.1218313846153846
0.029623384615384614
-0.06070707692307692
-0.11473846153846154
-0.154584
-0.16710092307692306
-0.14603076923076924
-0.10514215384615383
-0.037342153846153844
0.02482523076923077
0.07510153846153846
0.1136953846153846
0.130176
0.1368516923076923
0.11557292307692307
0.07092923076923077
0.01668923076923077
-0.07739630769230768
-0.15291507692307693
-0.184416
-0.18504184615384617
-0.1424843076923077
-0.0961716923076923
-0.02482523076923077
0.05444861538461539
0.14060676923076923
0.2209236923076923
0.2330233846153846
0.24720923076923076
0.222384
0.11014892307692307
0.0025033846153846152
-0.11411261538461538
-0.2424110769230769
-0.35256
-0.4478972307692307
-0.4762689230769231
-0.4374664615384615
-0.3243969230769231
-0.14102399999999998
0.026702769230769228
0.20819815384615384
0.3377483076923077
0.4124326153846154
0.46354338461538463
0.3855212307692308
0.2638984615384615
0.07051199999999999
-0.14144123076923076
-0.2776670769230769
-0.4220289230769231
-0.482736
-0.48711692307692306
-0.43579753846153846
-0.2914356923076923
-0.1585476923076923
0.010639384615384617
0.1775316923076923
0.28246523076923075
0.3917796923076923
0.4385095384615385
0.4318338461538461
0.3890676923076923
0.2868461538461538
0.20360861538461536
0.08428061538461538
-0.05507446153846154
-0.157296
-0.24637476923076923
-0.2737033846153846
-0.268488
-0.23469230769230767
-0.14728246153846153
-0.061750153846153844
0.04652123076923077
0.14853415384615384
0.21487384615384614
0.2891409230769231
0.3212676923076923
0.33482769230769227
0.33065538461538463
0.2981113846153846
0.2682793846153846
0.19380369230769232
0.10368184615384615
0.008136
-0.11327815384615383
-0.22572184615384616
-0.31125415384615385
-0.3485963076923077
-0.3379569230769231
-0.2849686153846154
-0.17023015384615386
-0.01981846153846154
0.15479261538461536
0.32543999999999995
0.43934399999999996
0.5202867692307692
0.5346812307692307
0.47606030769230767
0.38343507692307693
0.22655630769230767
0.04276615384615385
-0.14311015384615386
-0.31083692307692307
-0.41013784615384613
-0.47689476923076923
-0.4781464615384615
-0.40888615384615384
-0.3045784615384615
-0.1358086153846154
0.04109723076923077
0.20778092307692309
0.3513083076923077
0.4214030769230769
0.4351716923076923
0.38301784615384615
0.279336
0.14978584615384616
-0.02524246153846154
-0.19359507692307693
-0.3170953846153846
-0.3873987692307692
-0.3738387692307692
-0.3229366153846154
-0.23969907692307693
-0.12558646153846154
-0.024616615384615383
0.07885661538461539
0.15208061538461537
0.18629353846153843
0.1927606153846154
0.15750461538461538
0.11306953846153844
0.05444861538461539
-0.002086153846153846
-0.04631261538461538
-0.09283384615384616
-0.10889723076923077
-0.10827138461538462
-0.10201292307692307
-0.09053907692307692
-0.0963803076923077
-0.09971815384615385
-0.0961716923076923
-0.0892873846153846
-0.07051199999999999
-0.06362769230769232
-0.05277969230769231
-0.024199384615384616
0.0004172307692307692
0.027328615384615382
0.03921969230769231
0.040679999999999994
0.041514461538461535
0.029623384615384614
0.022947692307692308
0.0002086153846153846
-0.03108369230769231
-0.05674338461538461
-0.09199938461538461
-0.10722830769230769
-0.11202646153846153
-0.1097316923076923
-0.08866153846153846
-0.07280676923076923
-0.0446436923076923
-0.009179076923076922
0.026702769230769228
0.07009476923076922
0.08511507692307693
0.08073415384615384
0.06717415384615384
0.03504738461538461
0.004589538461538461
-0.03880246153846154
-0.092208
-0.13059323076923077
-0.15416676923076922
-0.14686523076923075
-0.12433476923076923
-0.10827138461538462
-0.09533723076923077
-0.09137353846153846
-0.07969107692307692
-0.07197230769230768
-0.0771876923076923
-0.08636676923076922
-0.103056
-0.10743692307692307
-0.08949599999999999
-0.058829538461538454
-0.01043076923076923
0.037342153846153844
0.0771876923076923
0.12642092307692307
0.16459753846153846
0.1940123076923077
0.1910916923076923
0.1502030769230769
0.09804923076923076
0.04047138461538462
-0.0006258461538461538
-0.03296123076923077
-0.047981538461538464
-0.04631261538461538
-0.03629907692307692
0.010013538461538461
0.07468430769230769
0.14957723076923077
0.22572184615384616
0.28350830769230767
0.33816553846153846
0.3684147692307692
0.36382523076923073
0.3241883076923077
0.2330233846153846
0.1178676923076923
-0.003129230769230769
-0.11411261538461538
-0.19150892307692308
-0.24679199999999998
-0.2632726153846154
-0.23218892307692307
-0.16292861538461537
-0.05382276923076923
0.058412307692307694
0.16063384615384615
0.2369870769230769
0.2757895384615385
0.2851772307692308
0.2557624615384615
0.19150892307692308
0.09053907692307692
-0.02232184615384615
-0.11557292307692307
-0.18900553846153845
-0.23677846153846152
-0.25138153846153843
-0.22843384615384613
-0.1712732307692308
-0.0936683076923077
-0.005424
0.08052553846153847
0.132888
0.14749107692307692
0.1422756923076923
0.11745046153846153
0.07927384615384615
0.03337846153846154
-0.022947692307692308
-0.07280676923076923
-0.10159569230769232
-0.11557292307692307
-0.11098338461538461
-0.10681107692307691
-0.10117846153846152
-0.08302892307692307
-0.058829538461538454
-0.015854769230769228
0.025659692307692307
0.05277969230769231
0.06696553846153847
0.07489292307692308
0.09158215384615384
0.10430769230769231
0.10117846153846152
0.08073415384615384
0.053614153846153846
0.03755076923076923
0.03483876923076923
0.037967999999999995
0.04318338461538461
0.042974769230769226
0.038176615384615385
0.03755076923076923
0.03692492307692308
0.029414769230769227
0.0077187692307692304
-0.021070153846153846
-0.04193169230769231
-0.04088861538461538
-0.01940123076923077
0.010639384615384617
0.04109723076923077
0.06696553846153847
0.08866153846153846
0.10201292307692307
0.11703323076923078
0.11327815384615383
0.08949599999999999
0.055491692307692304
0.015228923076923076
0.005215384615384615
0.004589538461538461
0.020027076923076922
0.04672984615384615
0.07113784615384615
0.11411261538461538
0.15813046153846153
0.18858830769230767
0.19359507692307693
0.17648861538461538
0.14853415384615384
0.11953661538461538
0.09283384615384616
0.06926030769230769
0.04547815384615384
0.021696
0.008970461538461538
0.0025033846153846152
0.014394461538461538
0.02545107692307692
0.027745846153846152
0.03275261538461539
0.03108369230769231
0.027745846153846152
0.00855323076923077
-0.026702769230769228
-0.0717636923076923
-0.11870215384615385
-0.15667015384615385
-0.18253846153846154
-0.18921415384615384
-0.184416
-0.1712732307692308
-0.14081538461538462
-0.08657538461538461
-0.026285538461538457
0.029623384615384614
0.07009476923076922
0.08761846153846153
0.08636676923076922
0.05757784615384615
0.02357353846153846
-0.03379569230769231
-0.10597661538461538
-0.16167692307692308
-0.19818461538461538
-0.18796246153846152
-0.14394461538461537
-0.07781353846153846
0.005215384615384615
0.09950953846153845
0.1990190769230769
0.2891409230769231
0.344424
0.3483876923076923
0.3081249230769231
0.23636123076923077
0.14916
0.04965046153846154
-0.04756430769230769
-0.1422756923076923
-0.22029784615384615
-0.254928
-0.2480436923076923
-0.19505538461538463
-0.11452984615384615
-0.023782153846153845
0.08010830769230769
0.1783661538461538
0.26097784615384617
0.31772123076923076
0.32669169230769235
0.2862203076923077
0.20778092307692309
0.10868861538461538
0.004589538461538461
-0.10889723076923077
-0.21800307692307694
-0.2989458461538462
-0.3379569230769231
-0.32606584615384615
-0.26786215384615386
-0.17398523076923075
-0.06258461538461538
0.04547815384615384
0.13810338461538463
0.22134092307692307
0.279336
0.2891409230769231
0.2559710769230769
0.18525046153846153
0.09679753846153846
0.007510153846153846
-0.08135999999999999
-0.1570873846153846
-0.2075723076923077
-0.2275993846153846
-0.21341353846153846
-0.17002153846153847
-0.11014892307692307
-0.049233230769230765
0.012308307692307691
0.07781353846153846
0.1397723076923077
0.1948467692307692
0.23072861538461537
0.2374043076923077
0.22843384615384613
0.20840676923076923
0.1710646153846154
0.12412615384615384
0.07092923076923077
0.011682461538461537
-0.04547815384615384
-0.0974233846153846
-0.12391753846153845
-0.13372246153846154
-0.13852061538461538
-0.12621230769230768
-0.10117846153846152
-0.05277969230769231
0.0043809230769230765
0.04985907692307692
0.07843938461538462
0.09074769230769231
0.09304246153846155
0.0853236923076923
0.06300184615384616
0.015854769230769228
-0.041514461538461535
-0.10597661538461538
-0.16209415384615386
-0.19818461538461538
-0.22572184615384616
-0.23928184615384615
-0.2399076923076923
-0.21487384615384614
-0.16084246153846155
-0.09554584615384615
-0.02753723076923077
0.022947692307692308
0.061124307692307686
0.09512861538461538
0.11974523076923077
0.13601723076923075
0.13309661538461537
0.11181784615384616
0.08428061538461538
0.061124307692307686
0.03609046153846154
0.010639384615384617
-0.01814953846153846
-0.04631261538461538
-0.06154153846153846
-0.06404492307692307
-0.054240000000000003
-0.05194523076923077
-0.05069353846153846
-0.04693846153846153
-0.03921969230769231
-0.009804923076923077
0.021696
0.04985907692307692
0.061750153846153844
0.05716061538461538
0.05528307692307692
0.04672984615384615
0.03275261538461539
0.004589538461538461
-0.04380923076923077
-0.100344
-0.14415323076923076
-0.17461107692307692
-0.18921415384615384
-0.18525046153846153
-0.1666836923076923
-0.1287156923076923
-0.07343261538461537
-0.02211323076923077
-0.002086153846153846
0.0002086153846153846
-0.021904615384615383
-0.04172307692307692
-0.07134646153846153
-0.10117846153846152
-0.116616
-0.10868861538461538
-0.020652923076923076
0.1775316923076923
0.40283630769230766
0.5757784615384615
0.7779267692307692
0.9143612307692308
1.0071950769230769
0.9936350769230768
0.7981624615384615
0.4873255384615384
0.02524246153846154
-0.4030449230769231
-0.8127655384615385
-1.1611532307692307
-1.3720633846153845
-1.4707384615384616
-1.2927895384615384
-0.9306332307692307
-0.3924055384615385
0.249504
0.8117224615384615
1.3201181538461537
1.6205243076923075
1.695208615384615
1.5477175384615383
1.1131716923076924
0.5482412307692307
-0.13059323076923077
-0.8261169230769231
-1.3359729230769228
-1.6843606153846153
-1.7638430769230768
-1.5969507692307692
-1.2700504615384614
-0.7526843076923077
-0.17628
0.44038707692307694
0.9813267692307692
1.3265852307692307
1.5022393846153845
1.4707384615384616
1.2959187692307692
0.9925919999999999
0.533220923076923
0.029832
-0.48607384615384613
-0.9208283076923077
-1.1815975384615385
-1.3315919999999999
-1.3165716923076922
-1.163030769230769
-0.9053907692307691
-0.5186178461538461
-0.11348676923076922
0.28809784615384615
0.6533833846153847
0.9089372307692307
1.0912670769230768
1.168246153846154
1.1327815384615383
0.9957212307692307
0.7332830769230769
0.40095876923076923
0.013142769230769229
-0.38072307692307694
-0.7303624615384615
-1.034315076923077
-1.236672
-1.3290886153846153
-1.2627489230769229
-0.9957212307692307
-0.5820369230769231
-0.04965046153846154
0.513611076923077
1.0184603076923076
1.439028923076923
1.695208615384615
1.7411039999999998
1.5473003076923078
1.1137975384615384
0.5449033846153846
-0.09012184615384615
-0.6967753846153846
-1.2120553846153845
-1.5942387692307693
-1.7575846153846153
-1.6914535384615383
-1.3914646153846153
-0.9049735384615384
-0.30416123076923074
0.35694092307692304
0.9786147692307693
1.4792916923076922
1.7911716923076924
1.864395692307692
1.7008412307692307
1.3090615384615385
0.7597772307692308
0.15291507692307693
-0.45060923076923076
-0.9606738461538462
-1.3261679999999998
-1.525812923076923
-1.5162166153846155
-1.3048892307692308
-0.90852
-0.40450523076923073
0.11745046153846153
0.5991433846153846
0.9581704615384615
1.1886904615384615
1.26108
1.1538516923076922
0.8972547692307693
0.5156972307692308
0.09825784615384614
-0.29456492307692306
-0.6304356923076923
-0.8665883076923077
-1.0055261538461537
-1.034940923076923
-0.9446104615384615
-0.7543532307692307
-0.4971304615384615
-0.22342707692307692
0.042974769230769226
0.2937304615384615
0.5094387692307691
0.6786258461538462
0.7710424615384616
0.7737544615384615
0.7172196923076923
0.5976830769230769
0.4408043076923077
0.27453784615384613
0.0853236923076923
-0.10806276923076923
-0.30416123076923074
-0.4743913846153846
-0.5824541538461538
-0.6331476923076923
-0.6076966153846154
-0.5167403076923076
-0.37738523076923075
-0.18545907692307692
0.04526953846153846
0.31104553846153843
0.557628923076923
0.7357864615384615
0.823404923076923
0.8115138461538461
0.720348923076923
0.536976
0.27704123076923076
-0.03400430769230769
-0.3490135384615385
-0.6072793846153846
-0.7881489230769231
-0.8720123076923078
-0.859704
-0.7566479999999999
-0.5663907692307691
-0.2993630769230769
0.011473846153846154
0.31396615384615384
0.5592978461538461
0.7207661538461537
0.7902350769230769
0.7551876923076922
0.6369027692307692
0.45457292307692304
0.235944
0.01940123076923077
-0.17628
-0.3031181538461538
-0.35694092307692304
-0.3375396923076923
-0.254928
-0.15228923076923076
-0.023364923076923075
0.10055261538461538
0.20110523076923076
0.27286892307692306
0.2789187692307692
0.24762646153846155
0.1990190769230769
0.15103753846153847
0.12391753846153845
0.10055261538461538
0.09387692307692307
0.10827138461538462
0.13330523076923076
0.15395815384615386
0.14331876923076922
0.10138707692307691
0.026285538461538457
-0.07531015384615385
-0.1760713846153846
-0.2716172307692308
-0.3412947692307692
-0.36215630769230767
-0.3321156923076923
-0.23949046153846154
-0.10222153846153846
0.05757784615384615
0.21508246153846153
0.3460929230769231
0.4383009230769231
0.47001046153846154
0.42328061538461537
0.3047870769230769
0.13226215384615383
-0.07364123076923076
-0.2764153846153846
-0.45332123076923075
-0.5699372307692308
-0.6137464615384616
-0.580368
-0.4606227692307692
-0.2764153846153846
-0.05090215384615384
0.17481969230769231
0.3665372307692307
0.49984246153846157
0.5480326153846153
0.5184092307692307
0.4078430769230769
0.22822523076923076
0.023782153846153845
-0.17732307692307692
-0.327108923076923
-0.40972061538461535
-0.43058215384615384
-0.3815575384615385
-0.2851772307692308
-0.15520984615384617
-0.016063384615384615
0.09909230769230769
0.1718990769230769
0.17690584615384616
0.13706030769230768
0.07092923076923077
-0.00855323076923077
-0.07238953846153846
-0.12704676923076924
-0.15249784615384615
-0.1449876923076923
-0.11578153846153846
-0.06446215384615385
-0.019192615384615384
0.008136
0.01668923076923077
-0.0008344615384615384
-0.030875076923076922
-0.06404492307692307
-0.09533723076923077
-0.11828492307692307
-0.130176
-0.10848000000000001
-0.055491692307692304
0.01272553846153846
0.09116492307692307
0.16209415384615386
0.2125790769230769
0.25200738461538463
0.27328615384615385
0.2643156923076923
0.21612553846153845
0.12788123076923075
0.03296123076923077
-0.049233230769230765
-0.10096984615384616
-0.1205796923076923
-0.11578153846153846
-0.07280676923076923
0.010848
0.12350030769230769
0.23677846153846152
0.32502276923076917
0.36549415384615386
0.35235138461538457
0.28392553846153845
0.17523692307692307
0.05090215384615384
-0.08949599999999999
-0.2138307692307692
-0.2997803076923077
-0.3333673846153846
-0.30583015384615386
-0.23177169230769232
-0.13101046153846155
-0.03442153846153846
0.05611753846153846
0.13184492307692308
0.18754523076923074
0.20965846153846154
0.1787833846153846
0.11327815384615383
0.029414769230769227
-0.0609156923076923
-0.1356
-0.19505538461538463
-0.2411593846153846
-0.2557624615384615
-0.2330233846153846
-0.165432
-0.06383630769230769
0.04172307692307692
0.14477907692307693
0.24512307692307692
0.31626092307692305
0.34588430769230766
0.3239796923076923
0.24574892307692306
0.12496061538461539
-0.01940123076923077
-0.14999446153846155
-0.25117292307692307
-0.30562153846153844
-0.3077076923076923
-0.26681907692307694
-0.18483323076923078
-0.06529661538461538
0.07510153846153846
0.19651569230769228
0.27286892307692306
0.3116713846153846
0.3062473846153846
0.25138153846153843
0.15479261538461536
0.02795446153846154
-0.10931446153846153
-0.2438713846153846
-0.3383741538461538
-0.38072307692307694
-0.3748818461538461
-0.31855569230769226
-0.22843384615384613
-0.11035753846153845
0.03400430769230769
0.16647507692307692
0.27140861538461536
0.3344104615384615
0.3442153846153846
0.31855569230769226
0.24887815384615386
0.1635544615384615
0.06946892307692307
-0.02858030769230769
-0.10806276923076923
-0.16897846153846155
-0.19317784615384614
-0.1927606153846154
-0.17398523076923075
-0.1368516923076923
-0.09700615384615385
-0.05048492307692308
-0.006675692307692307
0.027328615384615382
0.06321046153846153
0.09095630769230768
0.11035753846153845
0.13101046153846155
0.14728246153846153
0.15792184615384616
0.14144123076923076
0.10159569230769232
0.055491692307692304
-0.01043076923076923
-0.0826116923076923
-0.16480615384615382
-0.24428861538461538
-0.3035353846153846
-0.33983446153846153
-0.3344104615384615
-0.29456492307692306
-0.22801661538461537
-0.13330523076923076
-0.027328615384615382
0.08448923076923077
0.18796246153846152
0.25471938461538457
0.2799618461538461
0.26118646153846153
0.2127876923076923
0.13351384615384615
0.028788923076923077
-0.08845292307692308
-0.21195323076923075
-0.30583015384615386
-0.3490135384615385
-0.3402516923076923
-0.27787569230769227
-0.1792006153846154
-0.06613107692307692
0.05611753846153846
0.17315076923076922
0.2680707692307692
0.32564861538461537
0.3383741538461538
0.3054129230769231
0.24324553846153843
0.16876984615384616
0.09158215384615384
0.023364923076923075
-0.042974769230769226
-0.08991323076923076
-0.1028473846153846
-0.086784
-0.059872615384615385
-0.03337846153846154
-0.015020307692307692
-0.007510153846153846
0.0025033846153846152
0.016063384615384615
0.03984553846153846
0.06216738461538462
0.092208
0.138312
0.1869193846153846
0.24616615384615384
0.2899753846153846
0.31041969230769234
0.306456
0.2716172307692308
0.21737723076923077
0.12955015384615384
0.026494153846153844
-0.08156861538461539
-0.18066092307692305
-0.235944
-0.24616615384615384
-0.21174461538461536
-0.13872923076923074
-0.04172307692307692
0.08052553846153847
0.2205064615384615
0.35235138461538457
0.45332123076923075
0.5002596923076923
0.4783550769230769
0.3890676923076923
0.25138153846153843
0.08824430769230769
-0.08323753846153846
-0.23928184615384615
-0.3594443076923077
-0.4151446153846154
-0.39261415384615383
-0.3243969230769231
-0.21028430769230766
-0.09867507692307692
-0.0033378461538461535
0.11599015384615384
0.20819815384615384
0.2814221538461538
0.29331323076923077
0.23114584615384615
0.1504116923076923
0.05924676923076923
-0.018983999999999997
-0.020027076923076922
-0.028163076923076923
-0.1829556923076923
-0.2582658461538461
-0.2937304615384615
-0.27140861538461536
-0.116616
-0.17628
-0.23260615384615385
-0.2572227692307692
-0.23448369230769228
-0.04422646153846154
0.011891076923076923
0.038176615384615385
-0.025033846153846153
-0.017315076923076923
0.14811692307692306
0.24011630769230768
0.3316984615384615
0.22697353846153845
0.09679753846153846
0.07009476923076922
-0.008970461538461538
0.008344615384615384
-0.09408553846153846
-0.225096
-0.22551323076923077
-0.30583015384615386
-0.21758584615384616
-0.09179076923076923
-0.03942830769230769
0.12245723076923076
0.1543753846153846
0.19463815384615382
0.2870547692307692
0.28934953846153844
0.34233784615384616
0.28204799999999997
0.1424843076923077
0.031709538461538456
-0.08177723076923075
-0.08699261538461538
-0.13080184615384613
-0.22113230769230768
-0.2768326153846154
-0.3039526153846154
-0.184416
-0.07134646153846153
-0.01814953846153846
0.056326153846153845
0.07781353846153846
0.17398523076923075
0.2872633846153846
0.2997803076923077
0.3160523076923077
0.26139507692307695
0.20486030769230767
0.20673784615384616
0.132888
0.053405538461538456
-0.03880246153846154
-0.14081538461538462
-0.16730953846153845
-0.18086953846153844
-0.1656406153846154
-0.11891076923076922
-0.03609046153846154
0.05799507692307692
0.12266584615384615
0.21758584615384616
0.26765353846153844
0.29727692307692305
0.3319070769230769
0.27850153846153847
0.238656
0.19004861538461537
0.10806276923076923
0.06216738461538462
-0.026285538461538457
-0.08594953846153845
-0.10994030769230768
-0.14936861538461538
-0.14457046153846154
-0.16188553846153847
-0.14811692307692306
-0.07113784615384615
-0.010639384615384617
0.031709538461538456
0.026702769230769228
0.04401784615384615
0.0826116923076923
0.08302892307692307
0.073224
0.005215384615384615
-0.05507446153846154
-0.06279323076923077
-0.0936683076923077
-0.09241661538461539
-0.08907876923076924
-0.12391753846153845
-0.11348676923076922
-0.11640738461538462
-0.11995384615384615
-0.09241661538461539
-0.0961716923076923
-0.07969107692307692
-0.056951999999999996
-0.03942830769230769
-0.010013538461538461
0.012516923076923077
0.04380923076923077
0.05382276923076923
0.06613107692307692
0.0717636923076923
0.05048492307692308
0.06028984615384615
0.056951999999999996
0.05736923076923077
0.07468430769230769
0.05570030769230769
0.06279323076923077
0.07030338461538461
0.04401784615384615
0.018775384615384614
-0.049233230769230765
-0.12329169230769231
-0.14123261538461537
-0.1449876923076923
-0.1395636923076923
-0.12934153846153845
-0.1070196923076923
-0.03650769230769231
0.03483876923076923
0.100344
0.14686523076923075
0.15646153846153846
0.1462393846153846
0.0855323076923077
0.018983999999999997
-0.05090215384615384
-0.12537784615384615
-0.16230276923076925
-0.21508246153846153
-0.24303692307692307
-0.22175815384615383
-0.1794092307692308
-0.07384984615384615
0.03024923076923077
0.09533723076923077
0.15813046153846153
0.20673784615384616
0.2638984615384615
0.30583015384615386
0.28246523076923075
0.20360861538461536
0.10096984615384616
0.017732307692307693
-0.04860738461538461
-0.1045163076923077
-0.14144123076923076
-0.17169046153846151
-0.17294215384615383
-0.14060676923076923
-0.08240307692307691
0.0
0.059872615384615385
0.10660246153846153
0.14832553846153845
0.16584923076923075
0.19004861538461537
0.1913003076923077
0.15270646153846154
0.09074769230769231
0.01043076923076923
-0.042557538461538466
-0.06362769230769232
-0.08156861538461539
-0.11557292307692307
-0.15562707692307692
-0.16835261538461538
-0.13789476923076924
-0.06863446153846153
0.005841230769230769
0.054657230769230764
0.08720123076923077
0.11640738461538462
0.15562707692307692
0.18775384615384613
0.1704387692307692
0.12996738461538462
0.09158215384615384
0.056951999999999996
0.03504738461538461
-0.005841230769230769
-0.06675692307692307
-0.11828492307692307
-0.16084246153846155
-0.16876984615384616
-0.14394461538461537
-0.1070196923076923
-0.06717415384615384
-0.04088861538461538
-0.008970461538461538
0.02545107692307692
0.05277969230769231
0.05924676923076923
0.024199384615384616
-0.03567323076923076
-0.10117846153846152
-0.1531236923076923
-0.17419384615384614
-0.17481969230769231
-0.15082892307692305
-0.11557292307692307
-0.07760492307692309
-0.010848
0.05862092307692307
0.11035753846153845
0.12537784615384615
0.103056
0.07677046153846154
0.05194523076923077
0.01940123076923077
-0.023364923076923075
-0.06571384615384615
-0.09763200000000001
-0.10514215384615383
-0.07969107692307692
-0.037342153846153844
-0.0077187692307692304
0.022947692307692308
0.04714707692307692
0.06070707692307692
0.07238953846153846
0.05757784615384615
0.03129230769230769
0.0025033846153846152
-0.026911384615384615
-0.0448523076923077
-0.06133292307692308
-0.08031692307692308
-0.08991323076923076
-0.086784
-0.06195876923076923
-0.02357353846153846
0.02023569230769231
0.06341907692307691
0.09763200000000001
0.12391753846153845
0.13935507692307691
0.16042523076923076
0.16981292307692308
0.15124615384615384
0.1151556923076923
0.065088
0.03275261538461539
0.02023569230769231
-0.0014603076923076922
-0.015854769230769228
-0.017523692307692306
-0.0070929230769230765
0.040679999999999994
0.10096984615384616
0.14665661538461539
0.17502830769230768
0.192552
0.2194633846153846
0.225096
0.20465169230769228
0.15938215384615384
0.07656184615384615
-0.012516923076923077
-0.09804923076923076
-0.16689230769230767
-0.21487384615384614
-0.23656984615384613
-0.22113230769230768
-0.1639716923076923
-0.07238953846153846
0.034630153846153845
0.13935507692307691
0.21508246153846153
0.26765353846153844
0.2814221538461538
0.2563883076923077
0.20465169230769228
0.10409907692307692
-0.015646153846153844
-0.12558646153846154
-0.2075723076923077
-0.24866953846153847
-0.25701415384615384
-0.225096
-0.165432
-0.08386338461538462
0.014603076923076923
0.11494707692307692
0.1942209230769231
0.2261390769230769
0.2125790769230769
0.15750461538461538
0.07030338461538461
-0.031918153846153846
-0.1422756923076923
-0.24345415384615382
-0.3081249230769231
-0.33065538461538463
-0.30374399999999996
-0.24074215384615386
-0.16251138461538459
-0.07656184615384615
0.012099692307692308
0.09679753846153846
0.16710092307692306
0.21195323076923075
0.2140393846153846
0.17419384615384614
0.10514215384615383
0.03275261538461539
-0.012099692307692308
-0.042557538461538466
-0.06613107692307692
-0.06967753846153846
-0.056326153846153845
-0.012099692307692308
0.05277969230769231
0.10535076923076922
0.14311015384615386
0.16730953846153845
0.18107815384615383
0.19025723076923076
0.18879692307692306
0.17002153846153847
0.14269292307692305
0.11452984615384615
0.08720123076923077
0.0798996923076923
0.08740984615384616
0.08699261538461538
0.08615815384615384
0.07426707692307692
0.05298830769230769
0.026285538461538457
-0.014394461538461538
-0.05507446153846154
-0.09471138461538461
-0.12204
-0.12454338461538461
-0.0988836923076923
-0.047981538461538464
0.017315076923076923
0.0826116923076923
0.14311015384615386
0.20235692307692305
0.2371956923076923
0.24282830769230768
0.22280123076923075
0.1704387692307692
0.10430769230769231
0.032544
-0.027328615384615382
-0.07551876923076924
-0.10889723076923077
-0.1136953846153846
-0.09679753846153846
-0.043600615384615383
0.028163076923076923
0.10639384615384614
0.17544553846153846
0.21862892307692305
0.22864246153846152
0.19714153846153845
0.13789476923076924
0.05298830769230769
-0.029832
-0.10263876923076923
-0.16105107692307694
-0.1856676923076923
-0.1787833846153846
-0.13601723076923075
-0.08010830769230769
-0.026076923076923077
0.03275261538461539
0.07843938461538462
0.10806276923076923
0.12808984615384614
0.11682461538461539
0.08761846153846153
0.04276615384615385
-0.018983999999999997
-0.06133292307692308
-0.09700615384615385
-0.11181784615384616
-0.09596307692307693
-0.06279323076923077
-0.010848
0.035464615384615386
0.07635323076923077
0.09387692307692307
0.0826116923076923
0.05298830769230769
-0.011891076923076923
-0.086784
-0.15917353846153848
-0.21758584615384616
-0.25242461538461536
-0.2701569230769231
-0.2424110769230769
-0.1792006153846154
-0.09804923076923076
-0.01272553846153846
0.052571076923076915
0.0988836923076923
0.1205796923076923
0.11891076923076922
0.10368184615384615
0.07238953846153846
0.02753723076923077
-0.024408000000000003
-0.06967753846153846
-0.09199938461538461
-0.0897046153846154
-0.073224
-0.04819015384615385
-0.016063384615384615
0.014603076923076923
0.04756430769230769
0.07384984615384615
0.07739630769230768
0.059664
0.029414769230769227
-0.0035464615384615383
-0.023990769230769232
-0.016480615384615385
0.0043809230769230765
0.020652923076923076
0.033169846153846154
0.05528307692307692
0.08010830769230769
0.08365476923076923
0.06008123076923077
-0.0008344615384615384
-0.08156861538461539
-0.15646153846153846
-0.222384
-0.26765353846153844
-0.3054129230769231
-0.3294036923076923
-0.32982092307692307
-0.3158436923076923
-0.27975323076923075
-0.19463815384615382
-0.06133292307692308
0.09700615384615385
0.27453784615384613
0.4245323076923077
0.5476153846153846
0.626472
0.6356510769230769
0.5751526153846154
0.40846892307692306
0.20006215384615383
-0.003963692307692307
-0.17231630769230769
-0.33315876923076926
-0.45060923076923076
-0.469176
-0.42244615384615386
-0.25471938461538457
-0.05319692307692307
0.15166338461538462
0.3373310769230769
0.45561599999999997
0.539688
0.5146541538461539
0.3909452307692307
0.18379015384615385
-0.051528
-0.2659846153846154
-0.4618744615384615
-0.5843316923076923
-0.6456646153846154
-0.6089483076923077
-0.46729846153846155
-0.2789187692307692
-0.06341907692307691
0.10889723076923077
0.23010276923076922
0.3252313846153846
0.33566215384615383
0.29581661538461534
0.21216184615384615
0.0961716923076923
0.033169846153846154
-0.024616615384615383
-0.07030338461538461
-0.10263876923076923
-0.13622584615384614
-0.13768615384615385
-0.14603076923076924
-0.1543753846153846
-0.17023015384615386
-0.17690584615384616
-0.15166338461538462
-0.13518276923076925
-0.11452984615384615
-0.09241661538461539
-0.07092923076923077
-0.017315076923076923
0.034630153846153845
0.07301538461538462
0.12287446153846153
0.1612596923076923
0.21111876923076925
0.23823876923076923
0.19505538461538463
0.11536430769230768
-0.0008344615384615384
-0.11348676923076922
-0.21153599999999997
-0.31000246153846156
-0.3648683076923077
-0.3542289230769231
-0.26765353846153844
-0.11703323076923078
0.06633969230769231
0.24992123076923078
0.4024190769230769
0.5219556923076923
0.5818283076923076
0.5553341538461538
0.4647950769230769
0.3148006153846154
0.14144123076923076
-0.016063384615384615
-0.15270646153846154
-0.23448369230769228
-0.26765353846153844
-0.252216
-0.19296923076923078
-0.12016246153846154
-0.016480615384615385
0.09429415384615383
0.18253846153846154
0.22780799999999998
0.2207150769230769
0.20152246153846154
0.168144
0.116616
0.042974769230769226
-0.05277969230769231
-0.13080184615384613
-0.1792006153846154
-0.1881710769230769
-0.14749107692307692
-0.10117846153846152
-0.045895384615384616
0.027745846153846152
0.092208
0.14686523076923075
0.16251138461538459
0.13518276923076925
0.09909230769230769
0.059664
0.012308307692307691
-0.030875076923076922
-0.06800861538461538
-0.09053907692307692
-0.07969107692307692
-0.03066646153846154
0.035464615384615386
0.09596307692307693
0.14436184615384615
0.16063384615384615
0.15166338461538462
0.10994030769230768
0.03567323076923076
-0.040679999999999994
-0.12767261538461538
-0.19964492307692308
-0.22405292307692307
-0.21654276923076923
-0.16438892307692307
-0.07906523076923076
0.011891076923076923
0.10806276923076923
0.19296923076923078
0.2638984615384615
0.306456
0.29331323076923077
0.22843384615384613
0.13101046153846155
0.043600615384615383
-0.02211323076923077
-0.07885661538461539
-0.11703323076923078
-0.14290153846153844
-0.13309661538461537
-0.07656184615384615
0.0016689230769230767
0.09137353846153846
0.15833907692307692
0.19818461538461538
0.23156307692307693
0.24303692307692307
0.22780799999999998
0.18149538461538461
0.11640738461538462
0.06446215384615385
0.024616615384615383
0.0002086153846153846
-0.011682461538461537
-0.021904615384615383
-0.027745846153846152
-0.020652923076923076
-0.006049846153846154
0.004798153846153846
0.009387692307692307
-0.008136
-0.04422646153846154
-0.08386338461538462
-0.10535076923076922
-0.0988836923076923
-0.07510153846153846
-0.03609046153846154
0.02086153846153846
0.1045163076923077
0.2073636923076923
0.30562153846153844
0.37655076923076924
0.39324
0.3554806153846154
0.2860116923076923
0.18963138461538462
0.07384984615384615
-0.06675692307692307
-0.20965846153846154
-0.30332676923076923
-0.3421292307692308
-0.31396615384615384
-0.2292683076923077
-0.12141415384615384
-0.0002086153846153846
0.12370892307692308
0.2342750769230769
0.30207507692307695
0.3047870769230769
0.241368
0.130176
-0.002086153846153846
-0.14331876923076922
-0.27140861538461536
-0.37008369230769234
-0.43392000000000003
-0.43934399999999996
-0.3844781538461538
-0.27558092307692306
-0.12934153846153845
0.01668923076923077
0.13789476923076924
0.22947692307692308
0.28350830769230767
0.29873723076923075
0.2803790769230769
0.20986707692307693
0.09930092307692308
-0.018775384615384614
-0.12350030769230769
-0.18712800000000002
-0.2138307692307692
-0.21111876923076925
-0.17377661538461536
-0.11306953846153844
-0.03129230769230769
0.05444861538461539
0.11077476923076923
0.13184492307692308
0.12412615384615384
0.09763200000000001
0.06216738461538462
0.025659692307692307
-0.008761846153846153
-0.03275261538461539
-0.03984553846153846
-0.03483876923076923
-0.003755076923076923
0.03609046153846154
0.05674338461538461
0.059664
0.047772923076923074
0.015228923076923076
-0.041514461538461535
-0.10535076923076922
-0.16710092307692306
-0.21716861538461538
-0.24658338461538462
-0.24074215384615386
-0.19046584615384615
-0.11286092307692308
-0.02482523076923077
0.06654830769230768
0.16105107692307694
0.23656984615384613
0.27432923076923077
0.2699483076923077
0.222384
0.14999446153846155
0.05736923076923077
-0.03838523076923077
-0.10994030769230768
-0.16856123076923077
-0.20798953846153845
-0.21091015384615383
-0.18754523076923074
-0.13789476923076924
-0.07697907692307693
-0.02023569230769231
0.03942830769230769
0.08949599999999999
0.11849353846153846
0.12683815384615382
0.11202646153846153
0.08240307692307691
0.05277969230769231
0.021487384615384613
0.004589538461538461
-0.007301538461538462
-0.014811692307692307
-0.013768615384615384
-0.013142769230769229
0.006049846153846154
0.02482523076923077
0.03275261538461539
0.03400430769230769
0.040262769230769234
0.049233230769230765
0.05570030769230769
0.059038153846153844
0.05653476923076922
0.06279323076923077
0.06487938461538462
0.07051199999999999
0.07885661538461539
0.07113784615384615
0.04860738461538461
0.018983999999999997
-0.013142769230769229
-0.05069353846153846
-0.09700615384615385
-0.14060676923076923
-0.17732307692307692
-0.20652923076923077
-0.20715507692307691
-0.19004861538461537
-0.15187199999999998
-0.09846646153846153
-0.05090215384615384
0.0004172307692307692
0.045060923076923075
0.08177723076923075
0.0961716923076923
0.08469784615384615
0.058412307692307694
0.020027076923076922
-0.008970461538461538
-0.037342153846153844
-0.06905169230769231
-0.09325107692307691
-0.10994030769230768
-0.1045163076923077
-0.07531015384615385
-0.03483876923076923
0.009387692307692307
0.04526953846153846
0.065088
0.08031692307692308
0.08177723076923075
0.07113784615384615
0.05444861538461539
0.024199384615384616
0.0008344615384615384
-0.013142769230769229
-0.01814953846153846
-0.017523692307692306
-0.023990769230769232
-0.030875076923076922
-0.03567323076923076
-0.02899753846153846
-0.019192615384615384
-0.017523692307692306
-0.017940923076923077
-0.017940923076923077
-0.016063384615384615
-0.007301538461538462
0.012516923076923077
0.035464615384615386
0.06300184615384616
0.09804923076923076
0.13789476923076924
0.17252492307692308
0.1858763076923077
0.1733593846153846
0.14394461538461537
0.100344
0.04839876923076923
-0.005215384615384615
-0.059038153846153844
-0.10201292307692307
-0.13622584615384614
-0.13914646153846155
-0.1178676923076923
-0.08010830769230769
-0.027745846153846152
0.02586830769230769
0.0880356923076923
0.14144123076923076
0.184416
0.19755876923076923
0.1787833846153846
0.12808984615384614
0.05027630769230769
-0.02899753846153846
-0.10910584615384614
-0.17544553846153846
-0.2221753846153846
-0.24011630769230768
-0.2194633846153846
-0.16313723076923078
-0.07802215384615384
0.010848
0.08949599999999999
0.15103753846153847
0.18796246153846152
0.20173107692307693
0.18399876923076922
0.13768615384615385
0.07009476923076922
-0.015646153846153844
-0.09971815384615385
-0.17085599999999998
-0.22467876923076924
-0.25284184615384614
-0.252216
-0.21821169230769227
-0.146448
-0.05236246153846154
0.04130584615384615
0.11265230769230769
0.15646153846153846
0.1760713846153846
0.17461107692307692
0.1462393846153846
0.08866153846153846
0.00855323076923077
-0.07280676923076923
-0.1314276923076923
-0.1718990769230769
-0.19338646153846153
-0.19735015384615384
-0.1869193846153846
-0.14811692307692306
-0.09512861538461538
-0.02899753846153846
0.041514461538461535
0.09116492307692307
0.13497415384615385
0.15875630769230767
0.1760713846153846
0.18963138461538462
0.1787833846153846
0.1639716923076923
0.13330523076923076
0.10910584615384614
0.10055261538461538
0.08824430769230769
0.07739630769230768
0.05611753846153846
0.03713353846153846
0.02753723076923077
0.023364923076923075
0.031709538461538456
0.042348923076923076
0.054240000000000003
0.07343261538461537
0.10910584615384614
0.15187199999999998
0.18775384615384613
0.20339999999999997
0.19735015384615384
0.17669723076923077
0.14144123076923076
0.08824430769230769
0.008970461538461538
-0.07551876923076924
-0.15416676923076922
-0.21153599999999997
-0.24011630769230768
-0.2355267692307692
-0.19505538461538463
-0.13080184615384613
-0.04172307692307692
0.06070707692307692
0.16000799999999998
0.24887815384615386
0.29498215384615384
0.2970683076923077
0.2620209230769231
0.1614683076923077
0.049233230769230765
-0.06571384615384615
-0.1712732307692308
-0.26452430769230767
-0.328152
-0.3291950769230769
-0.27850153846153847
-0.17732307692307692
-0.014603076923076923
0.23510953846153848
0.3246055384615385
0.35798399999999997
0.41264123076923076
0.3775938461538461
0.3955347692307692
0.23010276923076922
0.0
-0.21487384615384614
-0.412224
-0.387816
-0.3623649230769231
-0.28017046153846153
-0.200688
-0.08782707692307692
0.18545907692307692
0.40033292307692303
0.6187532307692307
0.6565126153846153
0.5209126153846153
0.40888615384615384
0.19505538461538463
0.031918153846153846
-0.14811692307692306
-0.37926276923076924
-0.4539470769230769
-0.547824
-0.5138196923076923
-0.3127144615384615
-0.15374953846153847
0.084072
0.22321846153846153
0.2849686153846154
0.3521427692307692
0.30708184615384615
0.2966510769230769
0.22426153846153846
0.04318338461538461
-0.1314276923076923
-0.2989458461538462
-0.3248141538461538
-0.2966510769230769
-0.2864289230769231
-0.23218892307692307
-0.19755876923076923
-0.07280676923076923
0.08240307692307691
0.16584923076923075
0.2369870769230769
0.2261390769230769
0.20277415384615383
0.21049292307692305
0.15938215384615384
0.12558646153846154
0.07280676923076923
-0.0077187692307692304
-0.002712
0.01272553846153846
0.0446436923076923
0.06717415384615384
0.05319692307692307
0.047772923076923074
0.00855323076923077
-0.015437538461538461
-0.037967999999999995
-0.04985907692307692
-0.05173661538461538
-0.10430769230769231
-0.10389046153846154
-0.07134646153846153
-0.031709538461538456
0.055491692307692304
0.08949599999999999
0.1045163076923077
0.10931446153846153
0.06759138461538462
0.04839876923076923
-0.02357353846153846
-0.13664307692307692
-0.21716861538461538
-0.28246523076923075
-0.2849686153846154
-0.26619323076923074
-0.21842030769230766
-0.10827138461538462
0.002086153846153846
0.11077476923076923
0.1846246153846154
0.2369870769230769
0.28893230769230765
0.2724516923076923
0.22154953846153846
0.13998092307692306
0.025033846153846153
-0.044435076923076924
-0.10743692307692307
-0.14164984615384615
-0.12454338461538461
-0.11327815384615383
-0.04819015384615385
0.030040615384615384
0.08824430769230769
0.16584923076923075
0.21299630769230768
0.24428861538461538
0.2374043076923077
0.18754523076923074
0.11640738461538462
0.012934153846153845
-0.07384984615384615
-0.143736
-0.19192615384615386
-0.21842030769230766
-0.24720923076923076
-0.22822523076923076
-0.16647507692307692
-0.08949599999999999
0.016897846153846156
0.08866153846153846
0.14936861538461538
0.22405292307692307
0.26097784615384617
0.26452430769230767
0.20819815384615384
0.11014892307692307
0.01856676923076923
-0.06717415384615384
-0.1341396923076923
-0.18775384615384613
-0.23844738461538462
-0.24992123076923078
-0.21967199999999998
-0.1476996923076923
-0.04819015384615385
0.031709538461538456
0.08824430769230769
0.10430769230769231
0.10827138461538462
0.11056615384615384
0.08845292307692308
0.0771876923076923
0.03838523076923077
-0.01940123076923077
-0.05820369230769231
-0.08845292307692308
-0.06967753846153846
-0.06049846153846154
-0.09137353846153846
-0.1151556923076923
-0.12600369230769232
-0.10138707692307691
-0.05298830769230769
-0.01814953846153846
-0.011265230769230769
-0.01981846153846154
-0.011265230769230769
0.027328615384615382
0.05945538461538461
0.06738276923076922
0.053614153846153846
0.042974769230769226
0.05590892307692308
0.06884307692307692
0.07948246153846153
0.065088
0.021904615384615383
-0.024408000000000003
-0.07635323076923077
-0.11348676923076922
-0.13476553846153844
-0.16021661538461537
-0.17669723076923077
-0.16626646153846153
-0.11703323076923078
-0.03609046153846154
0.049233230769230765
0.10910584615384614
0.13789476923076924
0.1424843076923077
0.13768615384615385
0.13789476923076924
0.12308307692307692
0.07155507692307693
0.003755076923076923
-0.046104
-0.06654830769230768
-0.06258461538461538
-0.06028984615384615
-0.05778646153846154
-0.030875076923076922
0.021278769230769233
0.08657538461538461
0.1424843076923077
0.16626646153846153
0.16876984615384616
0.16876984615384616
0.1612596923076923
0.14916
0.1205796923076923
0.07218092307692307
0.017315076923076923
-0.028163076923076923
-0.05799507692307692
-0.07426707692307692
-0.09408553846153846
-0.12767261538461538
-0.14853415384615384
-0.15604430769230768
-0.15500123076923078
-0.13852061538461538
-0.11494707692307692
-0.08177723076923075
-0.03588184615384615
-0.003129230769230769
0.03504738461538461
0.078648
0.10389046153846154
0.10952307692307692
0.08490646153846154
0.053614153846153846
0.017732307692307693
-0.03024923076923077
-0.08094276923076923
-0.1314276923076923
-0.1712732307692308
-0.19442953846153843
-0.19380369230769232
-0.16167692307692308
-0.10994030769230768
-0.03609046153846154
0.05444861538461539
0.13205353846153844
0.19964492307692308
0.24011630769230768
0.2497126153846154
0.23886461538461537
0.19171753846153847
0.1218313846153846
0.027328615384615382
-0.08177723076923075
-0.1696043076923077
-0.21675138461538462
-0.22154953846153846
-0.20360861538461536
-0.1612596923076923
-0.09554584615384615
-0.02023569230769231
0.058829538461538454
0.12433476923076923
0.16981292307692308
0.19463815384615382
0.18629353846153843
0.15875630769230767
0.11411261538461538
0.05528307692307692
-0.0006258461538461538
-0.06300184615384616
-0.111192
-0.14290153846153844
-0.15792184615384616
-0.14978584615384616
-0.13226215384615383
-0.10055261538461538
-0.055491692307692304
0.006675692307692307
0.08135999999999999
0.15500123076923078
0.21028430769230766
0.24032492307692307
0.25430215384615384
0.2578486153846154
0.23406646153846156
0.17815753846153848
0.10868861538461538
0.025033846153846153
-0.05319692307692307
-0.11452984615384615
-0.15291507692307693
-0.16480615384615382
-0.15374953846153847
-0.10660246153846153
-0.02545107692307692
0.0771876923076923
0.1777403076923077
0.25972615384615383
0.3079163076923077
0.32314523076923074
0.3131316923076923
0.2680707692307692
0.18983999999999998
0.08824430769230769
-0.006675692307692307
-0.07468430769230769
-0.11765907692307691
-0.13914646153846155
-0.14477907692307693
-0.13434830769230768
-0.10514215384615383
-0.0609156923076923
-0.006467076923076923
0.03504738461538461
0.04985907692307692
0.04819015384615385
0.029832
0.013560000000000001
-0.007510153846153846
-0.05069353846153846
-0.09074769230769231
-0.12788123076923075
-0.15333230769230768
-0.14436184615384615
-0.12496061538461539
-0.10243015384615384
-0.07510153846153846
-0.05048492307692308
-0.024199384615384616
0.0004172307692307692
0.017732307692307693
0.02524246153846154
0.02545107692307692
0.021070153846153846
0.03129230769230769
0.06154153846153846
0.09179076923076923
0.116616
0.13080184615384613
0.12621230769230768
0.11348676923076922
0.09137353846153846
0.06633969230769231
0.040262769230769234
0.005424
-0.02586830769230769
-0.04214030769230769
-0.045060923076923075
-0.04380923076923077
-0.03379569230769231
-0.013560000000000001
0.01814953846153846
0.056326153846153845
0.09429415384615383
0.12537784615384615
0.130176
0.1136953846153846
0.08490646153846154
0.04547815384615384
-0.012516923076923077
-0.08845292307692308
-0.16105107692307694
-0.2207150769230769
-0.2438713846153846
-0.23135446153846154
-0.20027076923076922
-0.13935507692307691
-0.06467076923076923
0.02023569230769231
0.11536430769230768
0.18921415384615384
0.2411593846153846
0.2666104615384615
0.260352
0.23844738461538462
0.1846246153846154
0.11160923076923077
0.030040615384615384
-0.05507446153846154
-0.11265230769230769
-0.1368516923076923
-0.119328
-0.084072
-0.03755076923076923
0.019609846153846155
0.07489292307692308
0.132888
0.17690584615384616
0.19693292307692306
0.1913003076923077
0.16334584615384617
0.12120553846153845
0.07572738461538461
0.014394461538461538
-0.04839876923076923
-0.09909230769230769
-0.13852061538461538
-0.14561353846153846
-0.13455692307692307
-0.11244369230769231
-0.086784
-0.06154153846153846
-0.032544
-0.007510153846153846
0.011682461538461537
0.01397723076923077
0.005215384615384615
-0.006884307692307692
-0.018358153846153843
-0.011891076923076923
0.0014603076923076922
0.010013538461538461
0.018983999999999997
0.026702769230769228
0.03150092307692308
0.03233538461538461
0.013768615384615384
-0.02482523076923077
-0.07113784615384615
-0.10660246153846153
-0.10994030769230768
-0.09241661538461539
-0.06216738461538462
-0.019609846153846155
0.03713353846153846
0.10994030769230768
0.19442953846153843
0.2682793846153846
0.3102110769230769
0.3081249230769231
0.26494153846153845
0.20277415384615383
0.1287156923076923
0.05069353846153846
-0.032544
-0.10201292307692307
-0.13914646153846155
-0.143736
-0.10493353846153847
-0.05444861538461539
-0.005215384615384615
0.04380923076923077
0.08740984615384616
0.14102399999999998
0.1881710769230769
0.22321846153846153
0.2275993846153846
0.18879692307692306
0.14123261538461537
0.08699261538461538
0.030040615384615384
-0.037342153846153844
-0.12245723076923076
-0.19213476923076922
-0.23239753846153846
-0.23156307692307693
-0.19672430769230767
-0.15771323076923077
-0.11432123076923076
-0.0826116923076923
-0.04839876923076923
-0.024199384615384616
-0.0446436923076923
-0.07468430769230769
-0.12350030769230769
-0.11953661538461538
-0.086784
0.04401784615384615
0.22822523076923076
0.22593046153846155
0.26535876923076923
0.27140861538461536
0.24741784615384615
0.24595753846153845
0.07113784615384615
-0.09971815384615385
-0.3114627692307692
-0.4151446153846154
-0.3886504615384615
-0.39407446153846154
-0.31500923076923076
-0.2709913846153846
-0.10576799999999999
0.14811692307692306
0.3383741538461538
0.5430258461538462
0.5319692307692307
0.44351630769230765
0.36027876923076924
0.17544553846153846
0.04631261538461538
-0.17315076923076922
-0.3890676923076923
-0.4892030769230769
-0.626472
-0.5916332307692307
-0.4599969230769231
-0.3269003076923077
-0.11181784615384616
0.02753723076923077
0.1800350769230769
0.3077076923076923
0.34630153846153844
0.3805144615384615
0.29915446153846154
0.17377661538461536
0.05444861538461539
-0.042974769230769226
-0.06946892307692307
-0.14582215384615385
-0.22530461538461538
-0.2574313846153846
-0.2620209230769231
-0.16772676923076923
-0.07927384615384615
-0.034630153846153845
0.02524246153846154
0.04193169230769231
0.09325107692307691
0.14290153846153844
0.11828492307692307
0.11181784615384616
0.09387692307692307
0.11035753846153845
0.1779489230769231
0.2209236923076923
0.25138153846153843
0.2355267692307692
0.20193969230769232
0.15500123076923078
0.06008123076923077
-0.053614153846153846
-0.19442953846153843
-0.28663753846153844
-0.3291950769230769
-0.34588430769230766
-0.2426196923076923
-0.10848000000000001
0.028371692307692306
0.19046584615384615
0.30436984615384616
0.4159790769230769
0.46688123076923077
0.4322510769230769
0.35568923076923076
0.20360861538461536
0.06383630769230769
-0.03984553846153846
-0.1476996923076923
-0.24679199999999998
-0.344424
-0.3721698461538462
-0.3156350769230769
-0.2127876923076923
-0.08907876923076924
0.006884307692307692
0.13101046153846155
0.26306399999999996
0.3402516923076923
0.3821833846153846
0.3383741538461538
0.238656
0.1449876923076923
0.026285538461538457
-0.05924676923076923
-0.11745046153846153
-0.1867107692307692
-0.20339999999999997
-0.20381723076923075
-0.16730953846153845
-0.09053907692307692
-0.03024923076923077
0.018358153846153843
0.03358707692307692
0.040054153846153843
0.037967999999999995
0.028371692307692306
0.02795446153846154
0.008344615384615384
-0.007927384615384614
-0.02044430769230769
-0.026702769230769228
0.0
0.014603076923076923
0.021278769230769233
0.031918153846153846
0.01668923076923077
0.013560000000000001
0.011891076923076923
-0.03713353846153846
-0.10472492307692308
-0.17669723076923077
-0.22405292307692307
-0.20840676923076923
-0.17023015384615386
-0.1207883076923077
-0.06362769230769232
0.0022947692307692304
0.08594953846153845
0.15938215384615384
0.20778092307692309
0.20339999999999997
0.15792184615384616
0.0855323076923077
-0.008970461538461538
-0.08428061538461538
-0.16647507692307692
-0.24282830769230768
-0.2707827692307692
-0.2805876923076923
-0.2582658461538461
-0.20277415384615383
-0.13059323076923077
-0.021070153846153846
0.06926030769230769
0.1314276923076923
0.19964492307692308
0.23052
0.225096
0.17461107692307692
0.09283384615384616
0.006675692307692307
-0.07823076923076923
-0.12266584615384615
-0.15667015384615385
-0.16856123076923077
-0.143736
-0.1136953846153846
-0.05486584615384615
-0.0006258461538461538
0.04214030769230769
0.08740984615384616
0.10555938461538462
0.12996738461538462
0.14081538461538462
0.12662953846153846
0.11891076923076922
0.11640738461538462
0.11891076923076922
0.11306953846153844
0.10639384615384614
0.11223507692307692
0.12934153846153845
0.12725538461538463
0.103056
0.07885661538461539
0.03963692307692308
-0.005841230769230769
-0.030875076923076922
-0.04172307692307692
-0.04401784615384615
-0.02211323076923077
0.014603076923076923
0.0717636923076923
0.13726892307692307
0.1829556923076923
0.22029784615384615
0.23615261538461538
0.2221753846153846
0.17502830769230768
0.09930092307692308
0.011056615384615385
-0.07656184615384615
-0.1489513846153846
-0.21111876923076925
-0.24303692307692307
-0.24011630769230768
-0.21028430769230766
-0.1449876923076923
-0.06571384615384615
0.02023569230769231
0.11035753846153845
0.18525046153846153
0.23782153846153845
0.25242461538461536
0.22113230769230768
0.15896492307692306
0.07197230769230768
-0.01814953846153846
-0.10597661538461538
-0.18942276923076923
-0.2426196923076923
-0.25346769230769234
-0.21299630769230768
-0.13726892307692307
-0.03567323076923076
0.061124307692307686
0.13768615384615385
0.200688
0.22551323076923077
0.2125790769230769
0.1696043076923077
0.10576799999999999
0.03713353846153846
-0.01981846153846154
-0.061124307692307686
-0.09012184615384615
-0.0988836923076923
-0.09012184615384615
-0.06821723076923077
-0.03567323076923076
-0.00855323076923077
0.005424
-0.0006258461538461538
-0.01856676923076923
-0.038176615384615385
-0.06028984615384615
-0.07677046153846154
-0.08428061538461538
-0.07551876923076924
-0.05590892307692308
-0.026702769230769228
0.014185846153846153
0.053405538461538456
0.08073415384615384
0.08448923076923077
0.06967753846153846
0.04839876923076923
0.018358153846153843
-0.020027076923076922
-0.058829538461538454
-0.10055261538461538
-0.12308307692307692
-0.11724184615384614
-0.09450276923076922
-0.05027630769230769
-0.004798153846153846
0.044435076923076924
0.09909230769230769
0.14728246153846153
0.1792006153846154
0.1775316923076923
0.1449876923076923
0.09533723076923077
0.042974769230769226
-0.0025033846153846152
-0.03275261538461539
-0.051319384615384614
-0.053614153846153846
-0.03150092307692308
0.011473846153846154
0.06300184615384616
0.10013538461538461
0.11473846153846154
0.11035753846153845
0.086784
0.06008123076923077
0.03859384615384615
0.02211323076923077
0.01043076923076923
0.005424
0.018358153846153843
0.04526953846153846
0.07510153846153846
0.10430769230769231
0.12725538461538463
0.14102399999999998
0.14311015384615386
0.1287156923076923
0.11390399999999999
0.0892873846153846
0.05194523076923077
0.0077187692307692304
-0.034630153846153845
-0.05653476923076922
-0.078648
-0.08845292307692308
-0.08031692307692308
-0.06362769230769232
-0.023782153846153845
0.026911384615384615
0.07343261538461537
0.10722830769230769
0.11911938461538461
0.11327815384615383
0.09721476923076922
0.06967753846153846
0.03755076923076923
-0.0070929230769230765
-0.05674338461538461
-0.08824430769230769
-0.10660246153846153
-0.10868861538461538
-0.0988836923076923
-0.07238953846153846
-0.03629907692307692
-0.003755076923076923
0.03150092307692308
0.05382276923076923
0.06279323076923077
0.059872615384615385
0.040679999999999994
0.02044430769230769
-0.003129230769230769
-0.03588184615384615
-0.06154153846153846
-0.08866153846153846
-0.1097316923076923
-0.11223507692307692
-0.10618523076923077
-0.08761846153846153
-0.06571384615384615
-0.04172307692307692
-0.013560000000000001
0.02086153846153846
0.052153846153846155
0.06195876923076923
0.06592246153846154
0.056951999999999996
0.03859384615384615
0.016063384615384615
-0.022530461538461537
-0.06571384615384615
-0.10827138461538462
-0.138312
-0.14123261538461537
-0.12642092307692307
-0.10514215384615383
-0.06675692307692307
-0.026911384615384615
0.011891076923076923
0.04714707692307692
0.056951999999999996
0.06258461538461538
0.05507446153846154
0.037342153846153844
0.026285538461538457
0.006884307692307692
-0.0025033846153846152
-0.007927384615384614
-0.01814953846153846
-0.023364923076923075
-0.023782153846153845
-0.02044430769230769
-0.028788923076923077
-0.040679999999999994
-0.04693846153846153
-0.05486584615384615
-0.05653476923076922
-0.05298830769230769
-0.043392
-0.02357353846153846
-0.005424
0.021070153846153846
0.05590892307692308
0.07948246153846153
0.09033046153846153
0.09304246153846155
0.09429415384615383
0.0897046153846154
0.07343261538461537
0.04839876923076923
0.011265230769230769
-0.027745846153846152
-0.05507446153846154
-0.07343261538461537
-0.07802215384615384
-0.06675692307692307
-0.04860738461538461
-0.024616615384615383
0.012934153846153845
0.05111076923076923
0.0771876923076923
0.09429415384615383
0.09304246153846155
0.07677046153846154
0.054240000000000003
0.018358153846153843
-0.030040615384615384
-0.07781353846153846
-0.11223507692307692
-0.1314276923076923
-0.13455692307692307
-0.12120553846153845
-0.0934596923076923
-0.06425353846153846
-0.04130584615384615
-0.016063384615384615
0.017315076923076923
0.05111076923076923
0.07092923076923077
0.08761846153846153
0.10827138461538462
0.12850707692307692
0.14436184615384615
0.15103753846153847
0.15124615384615384
0.14540492307692307
0.13184492307692308
0.11619876923076923
0.09137353846153846
0.05298830769230769
0.015854769230769228
-0.015020307692307692
-0.017315076923076923
0.0029206153846153843
0.03483876923076923
0.08115138461538463
0.12955015384615384
0.19317784615384614
0.2509643076923077
0.28267384615384616
0.2849686153846154
0.2453316923076923
0.1718990769230769
0.07426707692307692
-0.02795446153846154
-0.12579507692307693
-0.225096
-0.3016578461538461
-0.3373310769230769
-0.33816553846153846
-0.31354892307692306
-0.27704123076923076
-0.23949046153846154
-0.23969907692307693
-0.19672430769230767
-0.07739630769230768
0.06529661538461538
0.2574313846153846
0.417648
0.5649304615384615
0.6984443076923077
0.7658270769230768
0.7981624615384615
0.6907255384615385
0.43058215384615384
0.12537784615384615
-0.14707384615384617
-0.3646596923076923
-0.508812923076923
-0.5807852307692307
-0.6066535384615385
-0.5296744615384615
-0.3479704615384615
-0.08761846153846153
0.17961784615384613
0.37008369230769234
0.4656295384615385
0.4783550769230769
0.4174393846153846
0.27850153846153847
0.09596307692307693
-0.1779489230769231
-0.46354338461538463
-0.6462904615384615
-0.7332830769230769
-0.6573470769230768
-0.49274953846153846
-0.2828824615384615
-0.02524246153846154
0.17377661538461536
0.3517255384615385
0.4775206153846153
0.45624184615384616
0.34504984615384615
0.15813046153846153
-0.04380923076923077
-0.1706473846153846
-0.2374043076923077
-0.22697353846153845
-0.19860184615384616
-0.1696043076923077
-0.09930092307692308
-0.029414769230769227
0.041514461538461535
0.06133292307692308
0.029832
-0.005841230769230769
-0.07092923076923077
-0.10347323076923076
-0.13455692307692307
-0.20256553846153844
-0.22864246153846152
-0.2369870769230769
-0.19046584615384615
-0.07802215384615384
0.03775938461538462
0.17628
0.27850153846153847
0.3170953846153846
0.30061476923076924
0.21007569230769232
0.059872615384615385
-0.12996738461538462
-0.2966510769230769
-0.3919883076923077
-0.3886504615384615
-0.27975323076923075
-0.09721476923076922
0.1353913846153846
0.3669544615384615
0.5482412307692307
0.6907255384615385
0.725772923076923
0.6339821538461539
0.48857723076923076
0.2858030769230769
0.086784
-0.0853236923076923
-0.23052
-0.3016578461538461
-0.3137575384615385
-0.25951753846153847
-0.15187199999999998
-0.025659692307692307
0.10681107692307691
0.21654276923076923
0.3049956923076923
0.35694092307692304
0.3350363076923077
0.25430215384615384
0.11703323076923078
-0.04172307692307692
-0.18545907692307692
-0.3156350769230769
-0.38072307692307694
-0.3882332307692308
-0.3475532307692307
-0.225096
-0.07781353846153846
0.07364123076923076
0.21299630769230768
0.2828824615384615
0.30708184615384615
0.2830910769230769
0.2154996923076923
0.13622584615384614
0.042557538461538466
-0.05736923076923077
-0.13789476923076924
-0.17628
-0.16772676923076923
-0.11724184615384614
-0.04401784615384615
0.023990769230769232
0.06905169230769231
0.09846646153846153
0.10493353846153847
0.09304246153846155
0.05236246153846154
-0.018775384615384614
-0.07113784615384615
-0.11724184615384614
-0.13706030769230768
-0.11682461538461539
-0.08615815384615384
-0.03337846153846154
0.029623384615384614
0.08574092307692306
0.12767261538461538
0.138312
0.09763200000000001
0.028788923076923077
-0.04380923076923077
-0.11452984615384615
-0.16835261538461538
-0.20277415384615383
-0.20819815384615384
-0.19004861538461537
-0.1476996923076923
-0.08010830769230769
0.010848
0.11306953846153844
0.18629353846153843
0.2303113846153846
0.22947692307692308
0.184416
0.12162276923076921
0.031918153846153846
-0.05757784615384615
-0.12600369230769232
-0.16751815384615384
-0.16710092307692306
-0.12808984615384614
-0.05820369230769231
0.026702769230769228
0.10994030769230768
0.1800350769230769
0.21883753846153844
0.2138307692307692
0.1639716923076923
0.07843938461538462
-0.019609846153846155
-0.12913292307692306
-0.23135446153846154
-0.3004061538461538
-0.3294036923076923
-0.290184
-0.21091015384615383
-0.09930092307692308
0.04714707692307692
0.192552
0.33962584615384617
0.44914892307692306
0.49400123076923075
0.4645864615384615
0.355272
0.20632061538461538
0.03504738461538461
-0.12662953846153846
-0.2643156923076923
-0.3659113846153846
-0.40387938461538464
-0.3848953846153846
-0.30186646153846153
-0.1718990769230769
-0.040262769230769234
0.08365476923076923
0.17815753846153848
0.2225926153846154
0.22426153846153846
0.17252492307692308
0.09116492307692307
-0.005215384615384615
-0.12099692307692309
-0.21132738461538458
-0.26786215384615386
-0.2937304615384615
-0.2832996923076923
-0.25054707692307693
-0.19442953846153843
-0.11745046153846153
-0.02211323076923077
0.07969107692307692
0.15813046153846153
0.208824
0.23239753846153846
0.23364923076923078
0.21320492307692307
0.15750461538461538
0.09158215384615384
0.01814953846153846
-0.052153846153846155
-0.09158215384615384
-0.11202646153846153
-0.10994030769230768
-0.09283384615384616
-0.06696553846153847
-0.023990769230769232
0.02482523076923077
0.07238953846153846
0.111192
0.1314276923076923
0.13747753846153846
0.130176
0.11536430769230768
0.10639384615384614
0.0826116923076923
0.03692492307692308
-0.013351384615384614
-0.05862092307692307
-0.09784061538461537
-0.13101046153846155
-0.15103753846153847
-0.15917353846153848
-0.15896492307692306
-0.1435273846153846
-0.10493353846153847
-0.05277969230769231
0.0077187692307692304
0.06967753846153846
0.13247076923076923
0.19818461538461538
0.24866953846153847
0.2774584615384615
0.265776
0.21675138461538462
0.1422756923076923
0.04672984615384615
-0.04088861538461538
-0.12996738461538462
-0.20277415384615383
-0.23406646153846156
-0.23093723076923076
-0.1785747692307692
-0.09158215384615384
0.01043076923076923
0.10764553846153846
0.18128676923076922
0.23615261538461538
0.2620209230769231
0.24449723076923074
0.18232984615384615
0.08469784615384615
-0.021904615384615383
-0.1151556923076923
-0.1908830769230769
-0.24095076923076922
-0.25993476923076925
-0.23886461538461537
-0.18212123076923076
-0.09179076923076923
0.02753723076923077
0.14060676923076923
0.23448369230769228
0.2966510769230769
0.32606584615384615
0.3291950769230769
0.3031181538461538
0.2526332307692308
0.18858830769230767
0.124752
0.06362769230769232
0.012308307692307691
-0.03045784615384615
-0.07656184615384615
-0.12350030769230769
-0.15917353846153848
-0.1710646153846154
-0.16647507692307692
-0.1531236923076923
-0.124752
-0.09012184615384615
-0.03838523076923077
0.025659692307692307
0.08615815384615384
0.13622584615384614
0.16230276923076925
0.16626646153846153
0.13935507692307691
0.08949599999999999
0.02273907692307692
-0.05674338461538461
-0.13914646153846155
-0.22029784615384615
-0.2707827692307692
-0.27787569230769227
-0.25367630769230765
-0.19609846153846153
-0.10848000000000001
0.005215384615384615
0.13768615384615385
0.26222953846153846
0.35568923076923076
0.40200184615384615
0.40617415384615385
0.3698750769230769
0.2845513846153846
0.15792184615384616
0.004589538461538461
-0.14477907692307693
-0.26640184615384616
-0.3456756923076923
-0.3665372307692307
-0.3415033846153846
-0.26494153846153845
-0.14519630769230768
-0.011891076923076923
0.12412615384615384
0.2275993846153846
0.2830910769230769
0.2937304615384615
0.25805723076923076
0.19296923076923078
0.09575446153846154
-0.015020307692307692
-0.12454338461538461
-0.2290596923076923
-0.2912270769230769
-0.30207507692307695
-0.25555384615384613
-0.1656406153846154
-0.059872615384615385
0.059664
0.17732307692307692
0.27558092307692306
0.3479704615384615
0.385104
0.38593846153846156
0.34275507692307694
0.268488
0.1858763076923077
0.08240307692307691
-0.02357353846153846
-0.11870215384615385
-0.18149538461538461
-0.19755876923076923
-0.17481969230769231
-0.111192
-0.03066646153846154
0.05799507692307692
0.14394461538461537
0.21842030769230766
0.26494153846153845
0.2712
0.24032492307692307
0.1704387692307692
0.09283384615384616
0.01940123076923077
-0.045060923076923075
-0.09721476923076922
-0.13706030769230768
-0.14999446153846155
-0.14436184615384615
-0.11953661538461538
-0.08010830769230769
-0.0446436923076923
-0.006467076923076923
0.03775938461538462
0.09241661538461539
0.15479261538461536
0.19964492307692308
0.22113230769230768
0.2090326153846154
0.18149538461538461
0.14457046153846154
0.08073415384615384
0.002086153846153846
-0.09950953846153845
-0.19338646153846153
-0.2557624615384615
-0.2872633846153846
-0.2757895384615385
-0.24053353846153847
-0.18086953846153844
-0.09992676923076924
-0.017315076923076923
0.06154153846153846
0.12099692307692309
0.14665661538461539
0.14060676923076923
0.100344
0.04756430769230769
-0.011056615384615385
-0.07948246153846153
-0.14874276923076923
-0.21696000000000001
-0.26222953846153846
-0.2828824615384615
-0.27140861538461536
-0.2371956923076923
-0.19296923076923078
-0.127464
-0.04380923076923077
0.05048492307692308
0.138312
0.20131384615384615
0.23135446153846154
0.2342750769230769
0.21174461538461536
0.17669723076923077
0.12329169230769231
0.06049846153846154
-0.005632615384615384
-0.06592246153846154
-0.0974233846153846
-0.11640738461538462
-0.11265230769230769
-0.10472492307692308
-0.09533723076923077
-0.06967753846153846
-0.04276615384615385
-0.006258461538461538
0.017523692307692306
0.02545107692307692
0.033169846153846154
0.03921969230769231
0.04318338461538461
0.02795446153846154
0.0
-0.03483876923076923
-0.06759138461538462
-0.09074769230769231
-0.10994030769230768
-0.1289243076923077
-0.14957723076923077
-0.16981292307692308
-0.17273353846153844
-0.15500123076923078
-0.13768615384615385
-0.11640738461538462
-0.11599015384615384
-0.12913292307692306
-0.15228923076923076
-0.14999446153846155
-0.06717415384615384
0.028788923076923077
0.15291507692307693
0.26932246153846157
0.3652855384615385
0.4729310769230769
0.513611076923077
0.5190350769230769
0.42015138461538465
0.23177169230769232
0.03567323076923076
-0.154584
-0.3062473846153846
-0.47689476923076923
-0.580368
-0.6189618461538461
-0.5524135384615385
-0.35694092307692304
-0.14102399999999998
0.103056
0.3127144615384615
0.48982892307692305
0.6035243076923077
0.6014381538461538
0.5000510769230769
0.2997803076923077
0.050067692307692306
-0.22655630769230767
-0.47001046153846154
-0.63732
-0.7136732307692307
-0.6604763076923077
-0.5094387692307691
-0.2799618461538461
-0.021904615384615383
0.2073636923076923
0.40846892307692306
0.536976
0.5747353846153846
0.5488670769230769
0.46083138461538464
0.34504984615384615
0.20444307692307692
0.03567323076923076
-0.119328
-0.25659692307692306
-0.3479704615384615
-0.3917796923076923
-0.39657784615384617
-0.355272
-0.2774584615384615
-0.14206707692307693
0.015228923076923076
0.15813046153846153
0.2620209230769231
0.3158436923076923
0.35151692307692306
0.344424
0.2912270769230769
0.21487384615384614
0.13476553846153844
0.06321046153846153
0.008970461538461538
-0.03358707692307692
-0.0853236923076923
-0.12496061538461539
-0.16271999999999998
-0.17544553846153846
-0.14728246153846153
-0.10681107692307691
-0.0448523076923077
0.03775938461538462
0.14206707692307693
0.26076923076923075
0.3588184615384616
0.4141015384615384
0.43475446153846153
0.4053396923076923
0.3206418461538461
0.19985353846153847
0.06195876923076923
-0.07280676923076923
-0.1992276923076923
-0.2914356923076923
-0.33378461538461535
-0.31396615384615384
-0.25054707692307693
-0.15959076923076923
-0.047772923076923074
0.05799507692307692
0.1710646153846154
0.28204799999999997
0.3581926153846154
0.3786369230769231
0.34984799999999994
0.2828824615384615
0.19192615384615386
0.0880356923076923
-0.03024923076923077
-0.14728246153846153
-0.2355267692307692
-0.2776670769230769
-0.26619323076923074
-0.21028430769230766
-0.13706030769230768
-0.04172307692307692
0.05528307692307692
0.12204
0.16710092307692306
0.18337292307692307
0.16418030769230768
0.12016246153846154
0.05611753846153846
-0.011056615384615385
-0.06696553846153847
-0.11348676923076922
-0.14123261538461537
-0.14269292307692305
-0.12704676923076924
-0.09325107692307691
-0.05236246153846154
-0.012099692307692308
0.028163076923076923
0.04985907692307692
0.04735569230769231
0.03880246153846154
0.023364923076923075
-0.0008344615384615384
-0.017315076923076923
-0.02858030769230769
-0.026076923076923077
-0.0029206153846153843
0.025033846153846153
0.05736923076923077
0.08866153846153846
0.11140061538461538
0.12788123076923075
0.12955015384615384
0.10117846153846152
0.04672984615384615
-0.006467076923076923
-0.05069353846153846
-0.0855323076923077
-0.11056615384615384
-0.13205353846153844
-0.1316363076923077
-0.10535076923076922
-0.05945538461538461
-0.003755076923076923
0.03629907692307692
0.058412307692307694
0.0717636923076923
0.07009476923076922
0.052153846153846155
0.02273907692307692
-0.013351384615384614
-0.042557538461538466
-0.05528307692307692
-0.05277969230769231
-0.049233230769230765
-0.03880246153846154
-0.017523692307692306
0.0014603076923076922
0.020652923076923076
0.024199384615384616
0.017315076923076923
0.003963692307692307
-0.01397723076923077
-0.02482523076923077
-0.02586830769230769
-0.005215384615384615
0.029623384615384614
0.07238953846153846
0.11870215384615385
0.16710092307692306
0.21174461538461536
0.2540935384615385
0.2837169230769231
0.27975323076923075
0.24032492307692307
0.16271999999999998
0.07843938461538462
-0.006675692307692307
-0.09074769230769231
-0.1570873846153846
-0.2059033846153846
-0.21132738461538458
-0.17711446153846155
-0.1151556923076923
-0.029623384615384614
0.05048492307692308
0.1207883076923077
0.18128676923076922
0.21028430769230766
0.21132738461538458
0.1777403076923077
0.11056615384615384
0.04047138461538462
-0.035464615384615386
-0.09679753846153846
-0.143736
-0.18066092307692305
-0.19317784615384614
-0.18900553846153845
-0.15604430769230768
-0.11077476923076923
-0.05862092307692307
-0.0002086153846153846
0.04380923076923077
0.0826116923076923
0.10848000000000001
0.12516923076923075
0.13664307692307692
0.12496061538461539
0.09512861538461538
0.05236246153846154
0.01043076923076923
-0.021696
-0.05653476923076922
-0.09325107692307691
-0.12516923076923075
-0.14582215384615385
-0.13935507692307691
-0.12037107692307693
-0.10389046153846154
-0.07238953846153846
-0.03233538461538461
0.018775384615384614
0.07134646153846153
0.12350030769230769
0.17231630769230769
0.19651569230769228
0.20798953846153845
0.19568123076923075
0.15750461538461538
0.10180430769230768
0.027745846153846152
-0.05319692307692307
-0.12391753846153845
-0.17711446153846155
-0.19797599999999999
-0.1856676923076923
-0.15792184615384616
-0.11494707692307692
-0.05820369230769231
0.009596307692307692
0.07510153846153846
0.12955015384615384
0.16167692307692308
0.17002153846153847
0.15291507692307693
0.116616
0.08031692307692308
0.031709538461538456
-0.027328615384615382
-0.07072061538461538
-0.09283384615384616
-0.09408553846153846
-0.08991323076923076
-0.0974233846153846
-0.1070196923076923
-0.11494707692307692
-0.10827138461538462
-0.08866153846153846
-0.07489292307692308
-0.06279323076923077
-0.04568676923076923
-0.015646153846153844
0.03066646153846154
0.078648
0.12099692307692309
0.14457046153846154
0.14811692307692306
0.14311015384615386
0.12120553846153845
0.0826116923076923
0.030040615384615384
-0.03921969230769231
-0.1097316923076923
-0.168144
-0.20256553846153844
-0.20632061538461538
-0.1908830769230769
-0.15145476923076923
-0.086784
-0.01043076923076923
0.06717415384615384
0.1314276923076923
0.17481969230769231
0.18754523076923074
0.16438892307692307
0.1151556923076923
0.042557538461538466
-0.04526953846153846
-0.13601723076923075
-0.20861538461538462
-0.24887815384615386
-0.254928
-0.222384
-0.16584923076923075
-0.09137353846153846
0.0029206153846153843
0.10806276923076923
0.20027076923076922
0.25764
0.268488
0.22405292307692307
0.15082892307692305
0.06800861538461538
-0.021070153846153846
-0.09471138461538461
-0.15604430769230768
-0.1910916923076923
-0.1829556923076923
-0.15333230769230768
-0.10347323076923076
-0.047772923076923074
-0.0016689230769230767
0.04172307692307692
0.07384984615384615
0.0963803076923077
0.10389046153846154
0.08386338461538462
0.05298830769230769
0.020652923076923076
-0.003755076923076923
-0.017732307692307693
-0.02482523076923077
-0.011265230769230769
0.007510153846153846
0.035464615384615386
0.0717636923076923
0.10243015384615384
0.12579507692307693
0.11619876923076923
0.09241661538461539
0.06654830769230768
0.03045784615384615
-0.003963692307692307
-0.045060923076923075
-0.078648
-0.07635323076923077
-0.03942830769230769
0.03337846153846154
0.11745046153846153
0.18483323076923078
0.23093723076923076
0.24303692307692307
0.2290596923076923
0.1787833846153846
0.09700615384615385
-0.002712
-0.10493353846153847
-0.1804523076923077
-0.22488738461538463
-0.23782153846153845
-0.22321846153846153
-0.17982646153846152
-0.11348676923076922
-0.027120000000000002
0.061750153846153844
0.13393107692307693
0.1777403076923077
0.1858763076923077
0.18149538461538461
0.16292861538461537
0.11995384615384615
0.06842584615384616
0.009596307692307692
-0.03504738461538461
-0.06028984615384615
-0.07364123076923076
-0.06425353846153846
-0.06028984615384615
-0.05298830769230769
-0.03880246153846154
-0.016897846153846156
0.01272553846153846
0.027120000000000002
0.03984553846153846
0.04652123076923077
0.05111076923076923
0.06028984615384615
0.06279323076923077
0.0609156923076923
0.04401784615384615
0.015228923076923076
0.0012516923076923076
-0.013142769230769229
-0.027120000000000002
-0.03337846153846154
-0.04860738461538461
-0.05611753846153846
-0.05653476923076922
-0.05507446153846154
-0.05111076923076923
-0.04714707692307692
-0.030875076923076922
-0.0012516923076923076
0.05048492307692308
0.11348676923076922
0.16042523076923076
0.19296923076923078
0.20235692307692305
0.19213476923076922
0.17273353846153844
0.12934153846153845
0.06300184615384616
-0.015228923076923076
-0.0961716923076923
-0.15750461538461538
-0.19359507692307693
-0.20798953846153845
-0.1948467692307692
-0.15792184615384616
-0.09867507692307692
-0.016480615384615385
0.06049846153846154
0.11390399999999999
0.14415323076923076
0.14540492307692307
0.1368516923076923
0.11265230769230769
0.07635323076923077
0.03275261538461539
-0.012308307692307691
-0.03650769230769231
-0.043392
-0.017940923076923077
0.02044430769230769
0.05799507692307692
0.09408553846153846
0.1207883076923077
0.14811692307692306
0.154584
0.1449876923076923
0.12621230769230768
0.08594953846153845
0.04839876923076923
0.02211323076923077
0.008136
0.006675692307692307
-0.004589538461538461
-0.006258461538461538
0.006049846153846154
0.03045784615384615
0.05820369230769231
0.06759138461538462
0.0678
0.05236246153846154
0.030040615384615384
0.007510153846153846
-0.02023569230769231
-0.06195876923076923
-0.11056615384615384
-0.15333230769230768
-0.1733593846153846
-0.1597993846153846
-0.154584
-0.12496061538461539
-0.0880356923076923
-0.03567323076923076
0.06133292307692308
0.1489513846153846
0.3156350769230769
0.36674584615384614
0.31813846153846154
0.32543999999999995
0.24324553846153843
0.22175815384615383
0.14144123076923076
-0.006049846153846154
-0.124752
-0.25951753846153847
-0.22968553846153844
-0.20673784615384616
-0.19860184615384616
-0.15750461538461538
-0.14519630769230768
0.0016689230769230767
0.1358086153846154
0.25513661538461535
0.3448412307692308
0.2772498461538462
0.24053353846153847
0.15959076923076923
0.052153846153846155
-0.02273907692307692
-0.17732307692307692
-0.24637476923076923
-0.30186646153846153
-0.3648683076923077
-0.2899753846153846
-0.23615261538461538
-0.15354092307692307
-0.053405538461538456
-0.021487384615384613
0.04526953846153846
0.07906523076923076
0.12308307692307692
0.18212123076923076
0.16313723076923078
0.14290153846153844
0.111192
0.09596307692307693
0.08073415384615384
-0.018983999999999997
-0.11640738461538462
-0.21654276923076923
-0.27850153846153847
-0.265776
-0.2772498461538462
-0.26097784615384617
-0.2056947692307692
-0.13351384615384615
-0.005841230769230769
0.08699261538461538
0.14603076923076924
0.21758584615384616
0.25012984615384615
0.2899753846153846
0.29685969230769227
0.2480436923076923
0.17252492307692308
0.04380923076923077
-0.08010830769230769
-0.20527753846153846
-0.3148006153846154
-0.3786369230769231
-0.38656430769230765
-0.30436984615384616
-0.2073636923076923
-0.07656184615384615
0.10806276923076923
0.26222953846153846
0.40387938461538464
0.48857723076923076
0.49087200000000003
0.4577021538461538
0.3510996923076923
0.22175815384615383
0.08177723076923075
-0.08010830769230769
-0.18963138461538462
-0.2757895384615385
-0.32836061538461536
-0.34358953846153845
-0.330864
-0.2422024615384615
-0.11411261538461538
0.015854769230769228
0.11724184615384614
0.18879692307692306
0.2699483076923077
0.30290953846153845
0.2726603076923077
0.20339999999999997
0.06633969230769231
-0.05820369230769231
-0.15228923076923076
-0.238656
-0.26869661538461537
-0.2832996923076923
-0.2582658461538461
-0.18858830769230767
-0.12412615384615384
-0.029623384615384614
0.059872615384615385
0.1356
0.200688
0.233232
0.25451076923076926
0.23907323076923076
0.2194633846153846
0.19985353846153847
0.15833907692307692
0.12829846153846153
0.07593599999999999
0.025033846153846153
-0.007510153846153846
-0.05820369230769231
-0.08866153846153846
-0.11327815384615383
-0.13518276923076925
-0.10555938461538462
-0.06300184615384616
-0.01814953846153846
0.03692492307692308
0.07906523076923076
0.13121907692307694
0.1696043076923077
0.16793538461538463
0.1395636923076923
0.07426707692307692
-0.0006258461538461538
-0.08198584615384615
-0.16063384615384615
-0.21216184615384615
-0.2532590769230769
-0.2582658461538461
-0.24574892307692306
-0.22676492307692306
-0.1792006153846154
-0.12850707692307692
-0.04693846153846153
0.04735569230769231
0.10576799999999999
0.154584
0.16876984615384616
0.1656406153846154
0.14811692307692306
0.06821723076923077
-0.02232184615384615
-0.10952307692307692
-0.17586276923076924
-0.20319138461538463
-0.20423446153846153
-0.1696043076923077
-0.12516923076923075
-0.05570030769230769
0.03275261538461539
0.0974233846153846
0.1476996923076923
0.16710092307692306
0.16313723076923078
0.14707384615384617
0.092208
0.040262769230769234
0.0033378461538461535
-0.03483876923076923
-0.05194523076923077
-0.06946892307692307
-0.07113784615384615
-0.035464615384615386
0.011682461538461537
0.055491692307692304
0.0855323076923077
0.11640738461538462
0.14603076923076924
0.1760713846153846
0.18796246153846152
0.1639716923076923
0.12099692307692309
0.07218092307692307
0.03942830769230769
0.026076923076923077
0.005215384615384615
-0.01043076923076923
-0.011682461538461537
-0.017732307692307693
-0.009387692307692307
-0.020652923076923076
-0.03838523076923077
-0.04631261538461538
-0.06884307692307692
-0.06967753846153846
-0.06571384615384615
-0.052571076923076915
-0.020027076923076922
0.010013538461538461
0.044435076923076924
0.06571384615384615
0.08219446153846154
0.09012184615384615
0.06571384615384615
0.03358707692307692
-0.012934153846153845
-0.05611753846153846
-0.06800861538461538
-0.07468430769230769
-0.06550523076923077
-0.04526953846153846
-0.017732307692307693
0.03755076923076923
0.09930092307692308
0.154584
0.1802436923076923
0.16835261538461538
0.1489513846153846
0.12955015384615384
0.10868861538461538
0.07134646153846153
0.012308307692307691
-0.04631261538461538
-0.09053907692307692
-0.11619876923076923
-0.12808984615384614
-0.1341396923076923
-0.13372246153846154
-0.12725538461538463
-0.1097316923076923
-0.07072061538461538
-0.02899753846153846
0.00855323076923077
0.045060923076923075
0.05507446153846154
0.054657230769230764
0.03713353846153846
-0.003963692307692307
-0.05319692307692307
-0.11202646153846153
-0.154584
-0.18066092307692305
-0.1800350769230769
-0.15208061538461537
-0.10827138461538462
-0.042557538461538466
0.031918153846153846
0.11452984615384615
0.18483323076923078
0.22718215384615387
0.24512307692307692
0.23886461538461537
0.21988061538461537
0.1927606153846154
0.15166338461538462
0.100344
0.04902461538461538
0.005632615384615384
-0.011891076923076923
-0.013142769230769229
-0.009387692307692307
-0.0012516923076923076
0.006049846153846154
0.023782153846153845
0.03504738461538461
0.035255999999999996
0.023990769230769232
-0.002086153846153846
-0.026494153846153844
-0.04985907692307692
-0.05924676923076923
-0.05799507692307692
-0.052153846153846155
-0.03755076923076923
-0.014394461538461538
0.02273907692307692
0.06759138461538462
0.10764553846153846
0.12391753846153845
0.12141415384615384
0.09846646153846153
0.06863446153846153
0.03150092307692308
-0.015646153846153844
-0.05507446153846154
-0.08469784615384615
-0.09304246153846155
-0.08052553846153847
-0.05048492307692308
-0.02524246153846154
-0.008344615384615384
0.011473846153846154
0.029832
0.04839876923076923
0.051319384615384614
0.03024923076923077
0.005632615384615384
-0.013142769230769229
-0.011473846153846154
0.01668923076923077
0.04214030769230769
0.059664
0.06070707692307692
0.04965046153846154
0.03275261538461539
0.0008344615384615384
-0.04380923076923077
-0.0961716923076923
-0.13664307692307692
-0.1585476923076923
-0.1422756923076923
-0.0880356923076923
-0.017315076923076923
0.065088
0.1395636923076923
0.20193969230769232
0.23510953846153848
0.23052
0.18942276923076923
0.11432123076923076
0.024199384615384616
-0.06425353846153846
-0.13267938461538462
-0.18232984615384615
-0.20277415384615383
-0.18525046153846153
-0.12642092307692307
-0.03483876923076923
0.06946892307692307
0.17294215384615383
0.25659692307692306
0.3143833846153846
0.33962584615384617
0.3294036923076923
0.27850153846153847
0.18650215384615382
0.07301538461538462
-0.03942830769230769
-0.13601723076923075
-0.19881046153846152
-0.22175815384615383
-0.20986707692307693
-0.1558356923076923
-0.06759138461538462
0.040054153846153843
0.14582215384615385
0.23823876923076923
0.2962338461538461
0.3054129230769231
0.27599815384615384
0.20632061538461538
0.11911938461538461
0.004589538461538461
-0.11599015384615384
-0.21028430769230766
-0.27787569230769227
-0.29602523076923076
-0.2830910769230769
-0.2453316923076923
-0.18086953846153844
-0.10848000000000001
-0.033169846153846154
0.038176615384615385
0.09095630769230768
0.11494707692307692
0.10827138461538462
0.08386338461538462
0.05090215384615384
0.006467076923076923
-0.04756430769230769
-0.10243015384615384
-0.14269292307692305
-0.15792184615384616
-0.157296
-0.14164984615384615
-0.12454338461538461
-0.11035753846153845
-0.08177723076923075
-0.045895384615384616
-0.004798153846153846
0.03296123076923077
0.06154153846153846
0.08949599999999999
0.10535076923076922
0.11724184615384614
0.12975876923076923
0.12245723076923076
0.10263876923076923
0.07969107692307692
0.05778646153846154
0.03108369230769231
0.0
-0.032544
-0.07343261538461537
-0.10076123076923077
-0.10722830769230769
-0.09158215384615384
-0.056951999999999996
-0.024199384615384616
0.009179076923076922
0.044435076923076924
0.08031692307692308
0.10806276923076923
0.11911938461538461
0.11223507692307692
0.08052553846153847
0.03275261538461539
-0.025033846153846153
-0.08761846153846153
-0.14665661538461539
-0.18504184615384617
-0.18983999999999998
-0.16209415384615386
-0.10576799999999999
-0.03024923076923077
0.05924676923076923
0.13706030769230768
0.1923433846153846
0.22718215384615387
0.23656984615384613
0.21633415384615384
0.16167692307692308
0.10201292307692307
0.04965046153846154
0.0014603076923076922
-0.020652923076923076
-0.017523692307692306
-0.0029206153846153843
0.02232184615384615
0.049233230769230765
0.07531015384615385
0.09992676923076924
0.10222153846153846
0.092208
0.07927384615384615
0.06154153846153846
0.05382276923076923
0.042557538461538466
0.030040615384615384
0.023782153846153845
0.027328615384615382
0.038176615384615385
0.03984553846153846
0.03692492307692308
0.02232184615384615
0.0035464615384615383
-0.017523692307692306
-0.04547815384615384
-0.07009476923076922
-0.10013538461538461
-0.12934153846153845
-0.13038461538461538
-0.1097316923076923
-0.08907876923076924
-0.0717636923076923
-0.059038153846153844
-0.05486584615384615
-0.04985907692307692
-0.019192615384615384
0.002086153846153846
0.03504738461538461
0.03901107692307692
0.04380923076923077
0.07134646153846153
0.12725538461538463
0.301032
0.2701569230769231
0.20277415384615383
0.1777403076923077
0.084072
0.11223507692307692
-0.03921969230769231
-0.19442953846153843
-0.3440067692307692
-0.4704276923076923
-0.36549415384615386
-0.33002953846153843
-0.2374043076923077
-0.1908830769230769
-0.12704676923076924
0.10138707692307691
0.22822523076923076
0.3805144615384615
0.3721698461538462
0.21466523076923077
0.12558646153846154
-0.058829538461538454
-0.16480615384615382
-0.26723630769230766
-0.4214030769230769
-0.4184824615384615
-0.477312
-0.4405956923076923
-0.2716172307692308
-0.18316430769230768
-0.017732307692307693
0.043600615384615383
0.059664
0.10493353846153847
0.06675692307692307
0.11578153846153846
0.11140061538461538
0.02899753846153846
-0.018358153846153843
-0.06008123076923077
-0.002086153846153846
0.03045784615384615
-0.023990769230769232
-0.07426707692307692
-0.15416676923076922
-0.14081538461538462
-0.09304246153846155
-0.10138707692307691
-0.07781353846153846
-0.08240307692307691
-0.03024923076923077
0.08115138461538463
0.14102399999999998
0.2209236923076923
0.2705741538461538
0.3077076923076923
0.39261415384615383
0.41973415384615387
0.4011673846153846
0.30937661538461536
0.154584
0.015437538461538461
-0.14123261538461537
-0.25388492307692306
-0.3235624615384615
-0.3229366153846154
-0.23886461538461537
-0.13872923076923074
0.05319692307692307
0.2655673846153846
0.43621476923076924
0.5747353846153846
0.6018553846153846
0.5636787692307692
0.45957969230769224
0.28204799999999997
0.09700615384615385
-0.12913292307692306
-0.3170953846153846
-0.4109723076923077
-0.4549901538461538
-0.42411507692307693
-0.36945784615384614
-0.2699483076923077
-0.09053907692307692
0.10618523076923077
0.2774584615384615
0.3734215384615384
0.4282873846153846
0.46688123076923077
0.4297476923076923
0.35276861538461535
0.22947692307692308
0.06154153846153846
-0.06633969230769231
-0.1858763076923077
-0.24887815384615386
-0.2438713846153846
-0.23823876923076923
-0.17565415384615385
-0.10994030769230768
-0.04672984615384615
0.04965046153846154
0.11557292307692307
0.17294215384615383
0.1873366153846154
0.16876984615384616
0.143736
0.09179076923076923
0.07635323076923077
0.061124307692307686
0.03901107692307692
0.02211323076923077
-0.023364923076923075
-0.042974769230769226
-0.07259815384615384
-0.11640738461538462
-0.13247076923076923
-0.16063384615384615
-0.157296
-0.10660246153846153
-0.05757784615384615
0.003755076923076923
0.05486584615384615
0.10597661538461538
0.19588984615384614
0.25138153846153843
0.2647329230769231
0.22697353846153845
0.13622584615384614
0.05507446153846154
-0.03567323076923076
-0.1151556923076923
-0.1829556923076923
-0.24616615384615384
-0.27328615384615385
-0.28434276923076923
-0.2563883076923077
-0.1881710769230769
-0.11056615384615384
0.0050067692307692304
0.09909230769230769
0.16313723076923078
0.22405292307692307
0.23385784615384617
0.23260615384615385
0.1800350769230769
0.065088
-0.03838523076923077
-0.13330523076923076
-0.18796246153846152
-0.20444307692307692
-0.19797599999999999
-0.15500123076923078
-0.100344
-0.015854769230769228
0.08365476923076923
0.14790830769230767
0.19192615384615386
0.18337292307692307
0.14811692307692306
0.10347323076923076
0.025659692307692307
-0.027745846153846152
-0.0828203076923077
-0.10076123076923077
-0.07614461538461538
-0.06279323076923077
-0.012099692307692308
0.04401784615384615
0.08991323076923076
0.12350030769230769
0.12579507692307693
0.12850707692307692
0.11619876923076923
0.06884307692307692
0.0006258461538461538
-0.0853236923076923
-0.16626646153846153
-0.22864246153846152
-0.24720923076923076
-0.20840676923076923
-0.1504116923076923
-0.07009476923076922
0.025659692307692307
0.12496061538461539
0.21737723076923077
0.26160369230769226
0.26932246153846157
0.23886461538461537
0.16459753846153846
0.07593599999999999
-0.01668923076923077
-0.09408553846153846
-0.14311015384615386
-0.165432
-0.15687876923076924
-0.11390399999999999
-0.03838523076923077
0.058829538461538454
0.14436184615384615
0.21445661538461538
0.26452430769230767
0.2845513846153846
0.28768061538461537
0.2578486153846154
0.20319138461538463
0.12850707692307692
0.04109723076923077
-0.03108369230769231
-0.08198584615384615
-0.09408553846153846
-0.0892873846153846
-0.09408553846153846
-0.07885661538461539
-0.0448523076923077
-0.007927384615384614
0.024616615384615383
0.02795446153846154
0.027328615384615382
0.02586830769230769
0.016897846153846156
0.027328615384615382
0.03755076923076923
0.04756430769230769
0.0448523076923077
0.03963692307692308
0.05236246153846154
0.054657230769230764
0.05507446153846154
0.030040615384615384
-0.01814953846153846
-0.06362769230769232
-0.11265230769230769
-0.14436184615384615
-0.17315076923076922
-0.19526400000000002
-0.1867107692307692
-0.1531236923076923
-0.08010830769230769
0.026076923076923077
0.12683815384615382
0.2073636923076923
0.24866953846153847
0.25117292307692307
0.2290596923076923
0.16042523076923076
0.05403138461538461
-0.07531015384615385
-0.20652923076923077
-0.3060387692307692
-0.35235138461538457
-0.3323243076923077
-0.28663753846153844
-0.21842030769230766
-0.1205796923076923
-0.019192615384615384
0.07969107692307692
0.15833907692307692
0.20486030769230767
0.21821169230769227
0.20506892307692307
0.17648861538461538
0.14060676923076923
0.09554584615384615
0.042974769230769226
-0.003755076923076923
-0.04276615384615385
-0.06195876923076923
-0.07489292307692308
-0.09450276923076922
-0.10576799999999999
-0.11348676923076922
-0.10201292307692307
-0.07697907692307693
-0.0446436923076923
-0.006049846153846154
0.016897846153846156
0.03755076923076923
0.06300184615384616
0.08177723076923075
0.084072
0.06467076923076923
0.026702769230769228
-0.014394461538461538
-0.06154153846153846
-0.1045163076923077
-0.13518276923076925
-0.17461107692307692
-0.21091015384615383
-0.22447015384615385
-0.20944984615384615
-0.1760713846153846
-0.14749107692307692
-0.12537784615384615
-0.0897046153846154
-0.03942830769230769
0.020027076923076922
0.08094276923076923
0.12621230769230768
0.146448
0.14519630769230768
0.12329169230769231
0.0855323076923077
0.03629907692307692
-0.03024923076923077
-0.09763200000000001
-0.14206707692307693
-0.15520984615384617
-0.14957723076923077
-0.1397723076923077
-0.12662953846153846
-0.10597661538461538
-0.07426707692307692
-0.03129230769230769
0.015437538461538461
0.051528
0.08302892307692307
0.12934153846153845
0.17669723076923077
0.2225926153846154
0.25242461538461536
0.24282830769230768
0.20465169230769228
0.13706030769230768
0.053405538461538456
-0.03504738461538461
-0.12558646153846154
-0.19630707692307692
-0.238656
-0.24095076923076922
-0.1883796923076923
-0.08991323076923076
0.04172307692307692
0.1666836923076923
0.2789187692307692
0.3784283076923077
0.4401784615384615
0.4743913846153846
0.44914892307692306
0.3609046153846154
0.23969907692307693
0.09116492307692307
-0.05069353846153846
-0.18858830769230767
-0.3072904615384615
-0.37029230769230764
-0.3813489230769231
-0.32001599999999997
-0.20360861538461536
-0.05924676923076923
0.09387692307692307
0.23135446153846154
0.3473446153846154
0.4245323076923077
0.4389267692307692
0.3978295384615384
0.3095852307692307
0.1779489230769231
0.03901107692307692
-0.10222153846153846
-0.22029784615384615
-0.3016578461538461
-0.3473446153846154
-0.33545353846153847
-0.28663753846153844
-0.19735015384615384
-0.084072
0.016897846153846156
0.10889723076923077
0.17544553846153846
0.2056947692307692
0.20339999999999997
0.16710092307692306
0.10868861538461538
0.03984553846153846
-0.03421292307692308
-0.09325107692307691
-0.1356
-0.1704387692307692
-0.19735015384615384
-0.2238443076923077
-0.23531815384615382
-0.24053353846153847
-0.23656984615384613
-0.2138307692307692
-0.18629353846153843
-0.13914646153846155
-0.08490646153846154
-0.026285538461538457
0.03921969230769231
0.09429415384615383
0.14311015384615386
0.173568
0.17419384615384614
0.146448
0.08636676923076922
0.003755076923076923
-0.07343261538461537
-0.1353913846153846
-0.1710646153846154
-0.17523692307692307
-0.15374953846153847
-0.10368184615384615
-0.03504738461538461
0.042974769230769226
0.11703323076923078
0.1804523076923077
0.22593046153846155
0.238656
0.22572184615384616
0.1856676923076923
0.13080184615384613
0.07155507692307693
-0.0002086153846153846
-0.061124307692307686
-0.10493353846153847
-0.12808984615384614
-0.1287156923076923
-0.11348676923076922
-0.08115138461538463
-0.03942830769230769
0.006675692307692307
0.04693846153846153
0.07510153846153846
0.08177723076923075
0.06675692307692307
0.035464615384615386
-0.003963692307692307
-0.05027630769230769
-0.09116492307692307
-0.11557292307692307
-0.11870215384615385
-0.08887015384615385
-0.0448523076923077
0.0022947692307692304
0.05027630769230769
0.09325107692307691
0.12725538461538463
0.13309661538461537
0.10952307692307692
0.07113784615384615
0.008344615384615384
-0.05653476923076922
-0.11578153846153846
-0.16438892307692307
-0.19651569230769228
-0.21111876923076925
-0.1502030769230769
-0.03609046153846154
0.11077476923076923
0.2868461538461538
0.42328061538461537
0.5444861538461538
0.6212566153846153
0.6304356923076923
0.5853747692307693
0.4322510769230769
0.22989415384615383
0.015228923076923076
-0.1777403076923077
-0.3442153846153846
-0.4451852307692308
-0.46145723076923073
-0.4268270769230769
-0.279336
-0.07906523076923076
0.14999446153846155
0.3782196923076923
0.5567944615384616
0.6750793846153846
0.6761224615384615
0.5830799999999999
0.412224
0.19755876923076923
-0.03880246153846154
-0.2701569230769231
-0.4351716923076923
-0.527171076923077
-0.4942098461538461
-0.36945784615384614
-0.19213476923076922
0.018775384615384614
0.1883796923076923
0.33524492307692305
0.4322510769230769
0.4243236923076923
0.36340799999999995
0.2572227692307692
0.13309661538461537
0.03442153846153846
-0.06800861538461538
-0.13247076923076923
-0.1829556923076923
-0.22029784615384615
-0.21445661538461538
-0.1994363076923077
-0.16856123076923077
-0.15562707692307692
-0.12412615384615384
-0.07218092307692307
-0.030040615384615384
0.02086153846153846
0.03942830769230769
0.04756430769230769
0.06696553846153847
0.07426707692307692
0.09846646153846153
0.13747753846153846
0.17231630769230769
0.2090326153846154
0.21049292307692305
0.16209415384615386
0.07948246153846153
-0.037967999999999995
-0.17231630769230769
-0.30270092307692303
-0.39991569230769225
-0.4372578461538461
-0.4072172307692307
-0.3054129230769231
-0.1531236923076923
0.026911384615384615
0.19693292307692306
0.3277347692307692
0.425784
0.44810584615384613
0.37967999999999996
0.2601433846153846
0.10138707692307691
-0.05277969230769231
-0.1802436923076923
-0.2914356923076923
-0.3440067692307692
-0.33670523076923076
-0.28017046153846153
-0.17481969230769231
-0.05820369230769231
0.0717636923076923
0.19985353846153847
0.30207507692307695
0.36778892307692307
0.3775938461538461
0.34922215384615385
0.2805876923076923
0.18086953846153844
0.07051199999999999
-0.03901107692307692
-0.11578153846153846
-0.16856123076923077
-0.19442953846153843
-0.17294215384615383
-0.13434830769230768
-0.06759138461538462
0.017940923076923077
0.07134646153846153
0.09241661538461539
0.06425353846153846
0.009179076923076922
-0.049233230769230765
-0.11703323076923078
-0.1760713846153846
-0.22196676923076922
-0.23239753846153846
-0.20152246153846154
-0.13393107692307693
-0.040679999999999994
0.04047138461538462
0.11828492307692307
0.18066092307692305
0.20944984615384615
0.20861538461538462
0.14311015384615386
0.03567323076923076
-0.07781353846153846
-0.18316430769230768
-0.25012984615384615
-0.27850153846153847
-0.27558092307692306
-0.22593046153846155
-0.13935507692307691
-0.021487384615384613
0.11578153846153846
0.23886461538461537
0.32731753846153844
0.35860984615384617
0.33357600000000004
0.25305046153846156
0.13080184615384613
-0.016897846153846156
-0.1804523076923077
-0.3198073846153846
-0.41681353846153846
-0.45624184615384616
-0.4211944615384615
-0.3385827692307692
-0.23198030769230768
-0.10013538461538461
0.03692492307692308
0.1706473846153846
0.28434276923076923
0.34358953846153845
0.34963938461538463
0.2995716923076923
0.222384
0.14582215384615385
0.05757784615384615
-0.031709538461538456
-0.11745046153846153
-0.17252492307692308
-0.18650215384615382
-0.1696043076923077
-0.12266584615384615
-0.06905169230769231
-0.0035464615384615383
0.07468430769230769
0.15228923076923076
0.208824
0.22697353846153845
0.2056947692307692
0.15771323076923077
0.10013538461538461
0.0446436923076923
0.008136
-0.023782153846153845
-0.04985907692307692
-0.06529661538461538
-0.08031692307692308
-0.08448923076923077
-0.09262523076923077
-0.11432123076923076
-0.143736
-0.1785747692307692
-0.19317784615384614
-0.17711446153846155
-0.13914646153846155
-0.09012184615384615
-0.03337846153846154
0.024199384615384616
0.08344615384615384
0.13747753846153846
0.16313723076923078
0.1502030769230769
0.10493353846153847
0.04693846153846153
-0.011891076923076923
-0.06341907692307691
-0.1178676923076923
-0.16188553846153847
-0.192552
-0.19735015384615384
-0.16418030769230768
-0.12141415384615384
-0.06425353846153846
-0.004589538461538461
0.058412307692307694
0.12099692307692309
0.16021661538461537
0.17169046153846151
0.14081538461538462
0.07802215384615384
0.004172307692307692
-0.07218092307692307
-0.14164984615384615
-0.20423446153846153
-0.24992123076923078
-0.25951753846153847
-0.22572184615384616
-0.14331876923076922
-0.026702769230769228
0.09283384615384616
0.19881046153846152
0.2724516923076923
0.30583015384615386
0.2989458461538462
0.23761292307692305
0.1341396923076923
0.014185846153846153
-0.09471138461538461
-0.15938215384615384
-0.17544553846153846
-0.1502030769230769
-0.09784061538461537
-0.02273907692307692
0.07677046153846154
0.18504184615384617
0.2837169230769231
0.3392086153846154
0.33357600000000004
0.2862203076923077
0.2056947692307692
0.10952307692307692
0.013560000000000001
-0.08636676923076922
-0.17169046153846151
-0.22780799999999998
-0.25659692307692306
-0.24345415384615382
-0.2059033846153846
-0.15896492307692306
-0.0961716923076923
-0.023990769230769232
0.054240000000000003
0.116616
0.15374953846153847
0.15875630769230767
0.13309661538461537
0.09137353846153846
0.04631261538461538
0.0006258461538461538
-0.05194523076923077
-0.10660246153846153
-0.15145476923076923
-0.1639716923076923
-0.13914646153846155
-0.08010830769230769
-0.0018775384615384615
0.08010830769230769
0.16188553846153847
0.23052
0.2799618461538461
0.2997803076923077
0.26911384615384615
0.20506892307692307
0.12934153846153845
0.05236246153846154
-0.016480615384615385
-0.08240307692307691
-0.12913292307692306
-0.14999446153846155
-0.14519630769230768
-0.10681107692307691
-0.05090215384615384
0.005215384615384615
0.05653476923076922
0.09909230769230769
0.1341396923076923
0.16188553846153847
0.17252492307692308
0.15875630769230767
0.12850707692307692
0.09116492307692307
0.05799507692307692
0.02545107692307692
-0.008970461538461538
-0.03629907692307692
-0.06216738461538462
-0.06467076923076923
-0.051528
-0.03045784615384615
-0.0077187692307692304
-0.0008344615384615384
0.006675692307692307
0.00855323076923077
0.015854769230769228
0.032544
0.03483876923076923
0.03609046153846154
0.04276615384615385
0.055491692307692304
0.08115138461538463
0.10681107692307691
0.12412615384615384
0.11870215384615385
0.09784061538461537
0.07280676923076923
0.035255999999999996
-0.010848
-0.06404492307692307
-0.11056615384615384
-0.12767261538461538
-0.11891076923076922
-0.08490646153846154
-0.020652923076923076
0.05319692307692307
0.11432123076923076
0.15687876923076924
0.18963138461538462
0.20402584615384614
0.18712800000000002
0.14936861538461538
0.11014892307692307
0.0717636923076923
0.030040615384615384
-0.00855323076923077
-0.04526953846153846
-0.07051199999999999
-0.07906523076923076
-0.06550523076923077
-0.03108369230769231
0.0016689230769230767
0.022530461538461537
0.03713353846153846
0.05277969230769231
0.07781353846153846
0.09429415384615383
0.08636676923076922
0.06696553846153847
0.035464615384615386
0.007510153846153846
-0.014603076923076923
-0.04172307692307692
-0.06028984615384615
-0.06070707692307692
-0.045895384615384616
-0.019192615384615384
0.009387692307692307
0.025033846153846153
0.029414769230769227
0.02357353846153846
0.02086153846153846
0.02023569230769231
0.017315076923076923
0.02211323076923077
0.03066646153846154
0.04214030769230769
0.05716061538461538
0.07489292307692308
0.09262523076923077
0.10263876923076923
0.09095630769230768
0.06049846153846154
0.027328615384615382
-0.010639384615384617
-0.05444861538461539
-0.09992676923076924
-0.13455692307692307
-0.1424843076923077
-0.14081538461538462
-0.12266584615384615
-0.08845292307692308
-0.05507446153846154
-0.011473846153846154
0.026494153846153844
0.06821723076923077
0.0892873846153846
0.06341907692307691
0.015020307692307692
-0.05611753846153846
-0.12329169230769231
-0.1802436923076923
-0.22530461538461538
-0.2436627692307692
-0.24345415384615382
-0.21174461538461536
-0.14978584615384616
-0.07635323076923077
0.0029206153846153843
0.07405846153846153
0.124752
0.16042523076923076
0.1783661538461538
0.17294215384615383
0.14665661538461539
0.09721476923076922
0.03775938461538462
-0.014185846153846153
-0.04693846153846153
-0.061124307692307686
-0.065088
-0.05716061538461538
-0.03567323076923076
0.005841230769230769
0.05778646153846154
0.10326461538461539
0.13121907692307694
0.14394461538461537
0.1462393846153846
0.132888
0.10785415384615385
0.06446215384615385
0.014603076923076923
-0.02899753846153846
-0.06613107692307692
-0.084072
-0.0828203076923077
-0.06633969230769231
-0.04693846153846153
-0.02586830769230769
0.003129230769230769
0.028163076923076923
0.04422646153846154
0.054240000000000003
0.05236246153846154
0.03859384615384615
0.030040615384615384
0.02795446153846154
0.024408000000000003
0.014185846153846153
-0.006258461538461538
-0.027120000000000002
-0.05090215384615384
-0.07677046153846154
-0.10722830769230769
-0.13601723076923075
-0.15416676923076922
-0.15103753846153847
-0.12704676923076924
-0.09471138461538461
-0.05757784615384615
-0.022947692307692308
0.016897846153846156
0.06195876923076923
0.11140061538461538
0.13852061538461538
0.14749107692307692
0.10994030769230768
0.046104
-0.003963692307692307
-0.061750153846153844
-0.09450276923076922
-0.12162276923076921
-0.13706030769230768
-0.1207883076923077
-0.07677046153846154
0.021487384615384613
0.22426153846153846
0.3012406153846154
0.25284184615384614
0.25012984615384615
0.16251138461538459
0.21028430769230766
0.18358153846153846
-0.05319692307692307
-0.23177169230769232
-0.44330769230769224
-0.4291218461538462
-0.347136
-0.3016578461538461
-0.22113230769230768
-0.22405292307692307
-0.002086153846153846
0.21341353846153846
0.38990215384615384
0.49316676923076924
0.3319070769230769
0.2659846153846154
0.12934153846153845
0.0050067692307692304
-0.047981538461538464
-0.2803790769230769
-0.34692738461538464
-0.401376
-0.4360061538461539
-0.25138153846153843
-0.1718990769230769
0.006884307692307692
0.1846246153846154
0.21174461538461536
0.3344104615384615
0.3590270769230769
0.4017932307692308
0.4418473846153846
0.3031181538461538
0.17586276923076924
-0.0035464615384615383
-0.09930092307692308
-0.10159569230769232
-0.1846246153846154
-0.21842030769230766
-0.25930892307692305
-0.20047938461538461
-0.018358153846153843
0.06362769230769232
0.13914646153846155
0.14978584615384616
0.1136953846153846
0.15813046153846153
0.12350030769230769
0.0717636923076923
0.01940123076923077
-0.0826116923076923
-0.09137353846153846
-0.08386338461538462
-0.086784
-0.07468430769230769
-0.1097316923076923
-0.11244369230769231
-0.10660246153846153
-0.10597661538461538
-0.09033046153846153
-0.06613107692307692
0.0016689230769230767
0.014603076923076923
0.03942830769230769
0.0936683076923077
0.10096984615384616
0.16021661538461537
0.165432
0.12266584615384615
0.12725538461538463
0.07906523076923076
0.05111076923076923
0.0070929230769230765
-0.07760492307692309
-0.09116492307692307
-0.11724184615384614
-0.11160923076923077
-0.09554584615384615
-0.10201292307692307
-0.028163076923076923
0.06028984615384615
0.13476553846153844
0.15875630769230767
0.13601723076923075
0.15270646153846154
0.13810338461538463
0.09199938461538461
0.014811692307692307
-0.12120553846153845
-0.17398523076923075
-0.18942276923076923
-0.19964492307692308
-0.14081538461538462
-0.11286092307692308
-0.04902461538461538
0.05528307692307692
0.12099692307692309
0.21091015384615383
0.25242461538461536
0.23928184615384615
0.2157083076923077
0.15145476923076923
0.08574092307692306
-0.0029206153846153843
-0.0855323076923077
-0.1422756923076923
-0.1948467692307692
-0.19860184615384616
-0.200688
-0.16710092307692306
-0.08135999999999999
-0.0029206153846153843
0.10952307692307692
0.18128676923076922
0.20715507692307691
0.24637476923076923
0.23385784615384617
0.19588984615384614
0.12391753846153845
0.010013538461538461
-0.05444861538461539
-0.08574092307692306
-0.10618523076923077
-0.10910584615384614
-0.10827138461538462
-0.07092923076923077
-0.020652923076923076
0.032544
0.09304246153846155
0.1341396923076923
0.1794092307692308
0.1923433846153846
0.1777403076923077
0.16751815384615384
0.13434830769230768
0.12934153846153845
0.11640738461538462
0.054657230769230764
0.0016689230769230767
-0.058829538461538454
-0.07927384615384615
-0.05027630769230769
-0.054657230769230764
-0.05653476923076922
-0.05611753846153846
-0.04276615384615385
0.016897846153846156
0.05173661538461538
0.06362769230769232
0.06028984615384615
0.05799507692307692
0.08845292307692308
0.11578153846153846
0.14060676923076923
0.13664307692307692
0.11181784615384616
0.10138707692307691
0.07843938461538462
0.058829538461538454
0.03379569230769231
-0.015228923076923076
-0.06529661538461538
-0.12642092307692307
-0.15646153846153846
-0.12850707692307692
-0.08740984615384616
-0.040262769230769234
-0.010222153846153844
0.025033846153846153
0.09262523076923077
0.1612596923076923
0.20673784615384616
0.18316430769230768
0.10910584615384614
0.02357353846153846
-0.04714707692307692
-0.09053907692307692
-0.15541846153846153
-0.24053353846153847
-0.3141747692307692
-0.3502652307692307
-0.3252313846153846
-0.2795446153846154
-0.2374043076923077
-0.18086953846153844
-0.11244369230769231
-0.019192615384615384
0.0853236923076923
0.16584923076923075
0.2154996923076923
0.22551323076923077
0.21174461538461536
0.1733593846153846
0.11056615384615384
0.03066646153846154
-0.07489292307692308
-0.1733593846153846
-0.2411593846153846
-0.25451076923076926
-0.21341353846153846
-0.14790830769230767
-0.05945538461538461
0.026702769230769228
0.1136953846153846
0.208824
0.2891409230769231
0.34046030769230773
0.3437981538461538
0.30436984615384616
0.2497126153846154
0.19547261538461536
0.1356
0.06884307692307692
-0.016063384615384615
-0.0961716923076923
-0.13643446153846153
-0.14436184615384615
-0.12370892307692308
-0.09158215384615384
-0.05778646153846154
-0.008136
0.05507446153846154
0.11745046153846153
0.1612596923076923
0.18253846153846154
0.18149538461538461
0.15792184615384616
0.13184492307692308
0.09283384615384616
0.03755076923076923
-0.02023569230769231
-0.07280676923076923
-0.10222153846153846
-0.11035753846153845
-0.10222153846153846
-0.0771876923076923
-0.04193169230769231
-0.0077187692307692304
0.019192615384615384
0.03150092307692308
0.03942830769230769
0.03984553846153846
0.017732307692307693
-0.010013538461538461
-0.02899753846153846
-0.030875076923076922
-0.03650769230769231
-0.044435076923076924
-0.047772923076923074
-0.05444861538461539
-0.045895384615384616
-0.04193169230769231
-0.04672984615384615
-0.06070707692307692
-0.08344615384615384
-0.084072
-0.06633969230769231
-0.04672984615384615
-0.03024923076923077
-0.015228923076923076
0.007301538461538462
0.040054153846153843
0.07030338461538461
0.09596307692307693
0.10660246153846153
0.10576799999999999
0.10493353846153847
0.08740984615384616
0.06216738461538462
0.021696
-0.02586830769230769
-0.06070707692307692
-0.07843938461538462
-0.06800861538461538
-0.040679999999999994
-0.017315076923076923
0.0002086153846153846
0.022947692307692308
0.03379569230769231
0.03775938461538462
0.02586830769230769
-0.0012516923076923076
-0.024199384615384616
-0.05528307692307692
-0.07781353846153846
-0.08782707692307692
-0.08907876923076924
-0.07969107692307692
-0.059872615384615385
-0.027745846153846152
0.004172307692307692
0.03942830769230769
0.07113784615384615
0.09304246153846155
0.11306953846153844
0.1205796923076923
0.11202646153846153
0.08991323076923076
0.054657230769230764
0.021070153846153846
-0.003129230769230769
-0.023364923076923075
-0.01981846153846154
0.009804923076923077
0.04839876923076923
0.0897046153846154
0.119328
0.132888
0.12725538461538463
0.10096984615384616
0.05590892307692308
0.0006258461538461538
-0.05820369230769231
-0.11098338461538461
-0.14164984615384615
-0.16251138461538459
-0.16772676923076923
-0.14436184615384615
-0.1097316923076923
-0.06759138461538462
-0.029206153846153847
-0.010639384615384617
-0.0004172307692307692
0.004589538461538461
-0.0035464615384615383
-0.02211323076923077
-0.05298830769230769
-0.08365476923076923
-0.09596307692307693
-0.10368184615384615
-0.09971815384615385
-0.07405846153846153
-0.035464615384615386
0.01710646153846154
0.07593599999999999
0.13080184615384613
0.16209415384615386
0.1779489230769231
0.1733593846153846
0.14081538461538462
0.103056
0.04693846153846153
-0.002712
-0.03609046153846154
-0.06446215384615385
-0.06362769230769232
-0.04902461538461538
-0.014603076923076923
0.04714707692307692
0.10201292307692307
0.1504116923076923
0.18107815384615383
0.1802436923076923
0.1570873846153846
0.0936683076923077
0.006258461538461538
-0.0936683076923077
-0.19338646153846153
-0.2582658461538461
-0.29456492307692306
-0.28267384615384616
-0.2330233846153846
-0.1558356923076923
-0.033169846153846154
0.08386338461538462
0.17961784615384613
0.23969907692307693
0.2424110769230769
0.21591692307692306
0.15500123076923078
0.06279323076923077
-0.031918153846153846
-0.124752
-0.1908830769230769
-0.214248
-0.20986707692307693
-0.16584923076923075
-0.10243015384615384
-0.040262769230769234
0.027745846153846152
0.08052553846153847
0.11724184615384614
0.13121907692307694
0.12016246153846154
0.09033046153846153
0.045060923076923075
0.013142769230769229
-0.004172307692307692
-0.0002086153846153846
0.018775384615384614
0.03609046153846154
0.06988615384615385
0.10493353846153847
0.1289243076923077
0.14540492307692307
0.13184492307692308
0.10493353846153847
0.07280676923076923
0.033169846153846154
-0.004798153846153846
-0.044435076923076924
-0.06571384615384615
-0.06759138461538462
-0.04318338461538461
0.008136
0.06821723076923077
0.12934153846153845
0.18629353846153843
0.23782153846153845
0.276624
0.287472
0.2674449230769231
0.21007569230769232
0.11974523076923077
0.021904615384615383
-0.078648
-0.16292861538461537
-0.2236356923076923
-0.25972615384615383
-0.26535876923076923
-0.23761292307692305
-0.17461107692307692
-0.09158215384615384
-0.005215384615384615
0.06446215384615385
0.11348676923076922
0.14832553846153845
0.16730953846153845
0.16292861538461537
0.13372246153846154
0.06425353846153846
-0.016272
-0.07885661538461539
-0.12642092307692307
-0.15187199999999998
-0.16480615384615382
-0.15562707692307692
-0.11265230769230769
-0.04693846153846153
0.03713353846153846
0.12767261538461538
0.1881710769230769
0.22634769230769228
0.2056947692307692
0.15291507692307693
0.07656184615384615
-0.03755076923076923
-0.16334584615384617
-0.30207507692307695
-0.38593846153846156
-0.4163963076923077
-0.3452584615384615
-0.18900553846153845
0.0717636923076923
0.2906012307692308
0.4470627692307692
0.6567212307692307
0.7449655384615385
0.8240307692307692
0.7378726153846155
0.4816929230769231
0.16793538461538463
-0.22968553846153844
-0.513611076923077
-0.8240307692307692
-1.0601833846153845
-1.170540923076923
-1.1638652307692308
-0.8891187692307693
-0.5202867692307692
-0.03337846153846154
0.44977476923076926
0.8138086153846154
1.1413347692307692
1.2729710769230769
1.2514836923076922
1.0578886153846152
0.6648572307692308
0.2624381538461539
-0.2125790769230769
-0.6452473846153846
-0.9010098461538462
-1.081044923076923
-1.0587230769230769
-0.9185335384615384
-0.6978184615384615
-0.3571495384615384
-0.028163076923076923
0.34630153846153844
0.6671520000000001
0.874307076923077
1.0001021538461539
0.9863335384615385
0.889536
0.6681950769230769
0.3160523076923077
-0.05924676923076923
-0.45686769230769225
-0.7731286153846153
-0.9706873846153845
-1.0962738461538462
-1.0768726153846153
-0.953580923076923
-0.729528
-0.4082603076923077
-0.09283384615384616
0.24074215384615386
0.561384
0.8117224615384615
1.017
1.0996116923076922
1.0547593846153847
0.8970461538461538
0.6160412307692308
0.27474646153846155
-0.1287156923076923
-0.5213298461538461
-0.8565747692307693
-1.090849846153846
-1.168872
-1.1465501538461538
-0.957336
-0.6191704615384614
-0.20652923076923077
0.2868461538461538
0.7435052307692308
1.111502769230769
1.3470295384615385
1.3897956923076922
1.2773519999999998
0.9815353846153846
0.552204923076923
0.0744756923076923
-0.4268270769230769
-0.8672141538461537
-1.2035021538461537
-1.3804079999999999
-1.3597550769230768
-1.1728356923076924
-0.835296
-0.4047138461538461
0.08177723076923075
0.5918418461538462
1.0201292307692307
1.308227076923077
1.421088
1.3340953846153847
1.1025323076923077
0.7537273846153846
0.3291950769230769
-0.09909230769230769
-0.5159058461538462
-0.8344615384615385
-1.0155396923076923
-1.0720744615384614
-0.979032
-0.780012923076923
-0.48649107692307686
-0.14018953846153845
0.20819815384615384
0.5325950769230768
0.7745889230769232
0.9331366153846153
0.9869593846153846
0.9396036923076923
0.8079673846153845
0.5747353846153846
0.29080984615384614
-0.005215384615384615
-0.2951907692307692
-0.5323864615384615
-0.7195144615384615
-0.8392596923076923
-0.8588695384615385
-0.8002486153846153
-0.6596418461538461
-0.4518609230769231
-0.20632061538461538
0.0609156923076923
0.30895938461538464
0.5140283076923077
0.6623538461538461
0.7286935384615385
0.7142990769230768
0.6127033846153845
0.4385095384615385
0.23072861538461537
-0.0002086153846153846
-0.2292683076923077
-0.46708984615384613
-0.680712
-0.8209015384615383
-0.8866153846153845
-0.8359218461538461
-0.6955236923076923
-0.49441846153846153
-0.22801661538461537
0.07238953846153846
0.3903193846153846
0.6771655384615384
0.8718036923076923
0.953580923076923
0.9252092307692307
0.7977452307692308
0.5941366153846154
0.33607938461538456
0.05069353846153846
-0.23156307692307693
-0.46437784615384614
-0.6143723076923077
-0.6846756923076923
-0.6596418461538461
-0.5693113846153846
-0.43016492307692306
-0.23803015384615384
-0.024408000000000003
0.21925476923076925
0.4395526153846154
0.5922590769230769
0.6765396923076923
0.6665261538461538
0.5834972307692308
0.44351630769230765
0.24908676923076922
0.014811692307692307
-0.22551323076923077
-0.41681353846153846
-0.5336381538461539
-0.5770301538461539
-0.5645132307692308
-0.5257107692307692
-0.4549901538461538
-0.3410861538461538
-0.19693292307692306
-0.03921969230769231
0.08699261538461538
0.17315076923076922
0.2422024615384615
0.2993630769230769
0.347136
0.3571495384615384
0.3206418461538461
0.25367630769230765
0.1612596923076923
0.05757784615384615
-0.04756430769230769
-0.15896492307692306
-0.2638984615384615
-0.33899999999999997
-0.36778892307692307
-0.3323243076923077
-0.24658338461538462
-0.12662953846153846
0.008136
0.15416676923076922
0.30666461538461537
0.4453938461538462
0.5584633846153846
0.5983089230769231
0.5538738461538462
0.44038707692307694
0.27871015384615383
0.1070196923076923
-0.07405846153846153
-0.2563883076923077
-0.40930338461538457
-0.5213298461538461
-0.5622184615384616
-0.5175747692307692
-0.41910830769230767
-0.28476
-0.13121907692307694
0.04193169230769231
0.2261390769230769
0.38072307692307694
0.4825273846153846
0.5111076923076923
0.46437784615384614
0.3577753846153846
0.21862892307692305
0.06946892307692307
-0.09137353846153846
-0.23677846153846152
-0.34171199999999996
-0.39261415384615383
-0.3863556923076923
-0.33545353846153847
-0.24908676923076922
-0.14665661538461539
-0.03567323076923076
0.07426707692307692
0.16897846153846155
0.2374043076923077
0.2709913846153846
0.2782929230769231
0.2695310769230769
0.241368
0.19818461538461538
0.13601723076923075
0.054657230769230764
-0.040054153846153843
-0.14081538461538462
-0.2209236923076923
-0.28663753846153844
-0.3321156923076923
-0.3481790769230769
-0.3402516923076923
-0.2966510769230769
-0.23156307692307693
-0.15333230769230768
-0.07259815384615384
-0.005632615384615384
0.06884307692307692
0.14290153846153844
0.18086953846153844
0.1779489230769231
0.132888
0.06049846153846154
-0.03275261538461539
-0.13852061538461538
-0.23010276923076922
-0.30583015384615386
-0.3558978461538462
-0.36778892307692307
-0.328152
-0.24053353846153847
-0.1358086153846154
-0.01668923076923077
0.10430769230769231
0.21174461538461536
0.29331323076923077
0.3148006153846154
0.2849686153846154
0.21028430769230766
0.10806276923076923
0.017315076923076923
-0.05862092307692307
-0.10827138461538462
-0.13935507692307691
-0.15228923076923076
-0.12496061538461539
-0.06195876923076923
0.03108369230769231
0.12850707692307692
0.2154996923076923
0.2849686153846154
0.32085046153846153
0.3239796923076923
0.2891409230769231
0.21111876923076925
0.10096984615384616
-0.01272553846153846
-0.10430769230769231
-0.15875630769230767
-0.1867107692307692
-0.17732307692307692
-0.13038461538461538
-0.06070707692307692
0.04380923076923077
0.1476996923076923
0.2374043076923077
0.3012406153846154
0.3035353846153846
0.25951753846153847
0.17628
0.07593599999999999
-0.017732307692307693
-0.11056615384615384
-0.18107815384615383
-0.21591692307692306
-0.20047938461538461
-0.12996738461538462
-0.03692492307692308
0.07051199999999999
0.17419384615384614
0.26681907692307694
0.3467187692307692
0.3821833846153846
0.37425600000000003
0.3102110769230769
0.20173107692307693
0.09158215384615384
-0.011473846153846154
-0.09700615384615385
-0.16063384615384615
-0.2021483076923077
-0.19881046153846152
-0.14957723076923077
-0.07426707692307692
0.02858030769230769
0.12266584615384615
0.2021483076923077
0.2632726153846154
0.2916443076923077
0.2937304615384615
0.24199384615384617
0.15771323076923077
0.05507446153846154
-0.05820369230769231
-0.15395815384615386
-0.23010276923076922
-0.2774584615384615
-0.3012406153846154
-0.30374399999999996
-0.27140861538461536
-0.21445661538461538
-0.14206707692307693
-0.055491692307692304
0.02211323076923077
0.08720123076923077
0.14331876923076922
0.1869193846153846
0.21716861538461538
0.21842030769230766
0.20673784615384616
0.184416
0.1476996923076923
0.09950953846153845
0.03379569230769231
-0.03400430769230769
-0.10138707692307691
-0.15833907692307692
-0.1883796923076923
-0.18399876923076922
-0.15833907692307692
-0.11140061538461538
-0.04547815384615384
0.03358707692307692
0.11724184615384614
0.1794092307692308
0.22321846153846153
0.23135446153846154
0.20027076923076922
0.14060676923076923
0.047772923076923074
-0.05382276923076923
-0.15395815384615386
-0.2411593846153846
-0.2962338461538461
-0.3137575384615385
-0.2931046153846154
-0.2436627692307692
-0.1775316923076923
-0.10201292307692307
-0.014185846153846153
0.06946892307692307
0.13852061538461538
0.17899199999999998
0.18316430769230768
0.1639716923076923
0.12308307692307692
0.07259815384615384
0.020652923076923076
-0.022947692307692308
-0.047772923076923074
-0.052571076923076915
-0.03838523076923077
-0.019609846153846155
-0.0025033846153846152
0.015228923076923076
0.033169846153846154
0.051528
0.06425353846153846
0.06425353846153846
0.06154153846153846
0.06028984615384615
0.06800861538461538
0.09241661538461539
0.12788123076923075
0.1704387692307692
0.19964492307692308
0.2075723076923077
0.19881046153846152
0.16063384615384615
0.10117846153846152
0.03379569230769231
-0.04568676923076923
-0.12516923076923075
-0.1829556923076923
-0.20673784615384616
-0.20047938461538461
-0.17481969230769231
-0.12099692307692309
-0.03880246153846154
0.05653476923076922
0.15896492307692306
0.24428861538461538
0.2993630769230769
0.309168
0.2734947692307692
0.21508246153846153
0.1207883076923077
0.0077187692307692304
-0.11411261538461538
-0.2275993846153846
-0.29832
-0.32231076923076923
-0.2985286153846154
-0.22655630769230767
-0.12391753846153845
-0.021696
0.07885661538461539
0.17419384615384614
0.2540935384615385
0.29331323076923077
0.2699483076923077
0.19964492307692308
0.12704676923076924
0.09325107692307691
0.11244369230769231
0.12913292307692306
0.03609046153846154
-0.06696553846153847
-0.13872923076923074
-0.15500123076923078
-0.08490646153846154
-0.154584
-0.2422024615384615
-0.2951907692307692
-0.2851772307692308
-0.12120553846153845
-0.032544
0.03880246153846154
0.045895384615384616
0.08761846153846153
0.23052
0.2737033846153846
0.28768061538461537
0.13622584615384614
-0.06279323076923077
-0.17899199999999998
-0.3239796923076923
-0.36257353846153845
-0.428496
-0.4743913846153846
-0.4141015384615384
-0.4007501538461538
-0.25659692307692306
-0.07885661538461539
0.054240000000000003
0.2415766153846154
0.2979027692307692
0.32669169230769235
0.3448412307692308
0.27787569230769227
0.2591003076923077
0.14206707692307693
-0.03880246153846154
-0.19609846153846153
-0.3369138461538461
-0.35798399999999997
-0.3746732307692308
-0.3882332307692308
-0.3346190769230769
-0.23928184615384615
-0.037967999999999995
0.14874276923076923
0.26869661538461537
0.3721698461538462
0.38531261538461536
0.3949089230769231
0.37091815384615384
0.2641070769230769
0.16063384615384615
0.021487384615384613
-0.086784
-0.14081538461538462
-0.2073636923076923
-0.23531815384615382
-0.25659692307692306
-0.2695310769230769
-0.2369870769230769
-0.21988061538461537
-0.18107815384615383
-0.11494707692307692
-0.02858030769230769
0.05924676923076923
0.1178676923076923
0.20277415384615383
0.25388492307692306
0.2807963076923077
0.2830910769230769
0.21174461538461536
0.15395815384615386
0.0798996923076923
-0.002712
-0.05799507692307692
-0.12662953846153846
-0.13518276923076925
-0.111192
-0.09304246153846155
-0.04672984615384615
-0.010639384615384617
0.06341907692307691
0.17982646153846152
0.2682793846153846
0.31208861538461535
0.2914356923076923
0.2751636923076923
0.27182584615384614
0.22175815384615383
0.14018953846153845
0.012516923076923077
-0.09971815384615385
-0.15416676923076922
-0.18921415384615384
-0.1710646153846154
-0.14936861538461538
-0.12391753846153845
-0.03629907692307692
0.04714707692307692
0.13393107692307693
0.21675138461538462
0.25701415384615384
0.27787569230769227
0.2509643076923077
0.18754523076923074
0.10910584615384614
0.006675692307692307
-0.092208
-0.18525046153846153
-0.24720923076923076
-0.27328615384615385
-0.2701569230769231
-0.20986707692307693
-0.13184492307692308
-0.03379569230769231
0.07593599999999999
0.15333230769230768
0.2273907692307692
0.2670276923076923
0.24866953846153847
0.19672430769230767
0.09596307692307693
0.0008344615384615384
-0.06341907692307691
-0.13601723076923075
-0.1992276923076923
-0.25513661538461535
-0.2774584615384615
-0.24679199999999998
-0.20006215384615383
-0.1356
-0.06884307692307692
0.003129230769230769
0.0771876923076923
0.11578153846153846
0.13789476923076924
0.1287156923076923
0.11077476923076923
0.10201292307692307
0.055491692307692304
0.0004172307692307692
-0.06300184615384616
-0.10681107692307691
-0.09658892307692307
-0.08010830769230769
-0.059872615384615385
-0.029832
0.011891076923076923
0.08073415384615384
0.15103753846153847
0.19964492307692308
0.2138307692307692
0.18754523076923074
0.14790830769230767
0.10117846153846152
0.052153846153846155
0.002712
-0.052153846153846155
-0.0974233846153846
-0.12850707692307692
-0.13080184615384613
-0.08761846153846153
-0.03045784615384615
0.02357353846153846
0.06654830769230768
0.09033046153846153
0.12725538461538463
0.16188553846153847
0.1804523076923077
0.17273353846153844
0.13121907692307694
0.10430769230769231
0.09471138461538461
0.0880356923076923
0.06446215384615385
0.011891076923076923
-0.03650769230769231
-0.06592246153846154
-0.06592246153846154
-0.054240000000000003
-0.05611753846153846
-0.05924676923076923
-0.05799507692307692
-0.030040615384615384
0.014603076923076923
0.03838523076923077
0.047772923076923074
0.04547815384615384
0.03567323076923076
0.023364923076923075
0.006258461538461538
-0.016063384615384615
-0.044435076923076924
-0.08240307692307691
-0.11870215384615385
-0.14060676923076923
-0.15667015384615385
-0.16418030769230768
-0.17148184615384612
-0.165432
-0.13518276923076925
-0.08511507692307693
-0.023364923076923075
0.02357353846153846
0.05674338461538461
0.07218092307692307
0.078648
0.08052553846153847
0.07113784615384615
0.05444861538461539
0.018358153846153843
-0.01940123076923077
-0.032544
-0.014603076923076923
0.028788923076923077
0.07572738461538461
0.10806276923076923
0.13852061538461538
0.16584923076923075
0.1794092307692308
0.18086953846153844
0.1558356923076923
0.11432123076923076
0.06821723076923077
0.023782153846153845
-0.012308307692307691
-0.04631261538461538
-0.06571384615384615
-0.07593599999999999
-0.07551876923076924
-0.05277969230769231
-0.028788923076923077
-0.005424
0.02232184615384615
0.04839876923076923
0.06905169230769231
0.07009476923076922
0.052153846153846155
0.021278769230769233
-0.017523692307692306
-0.051528
-0.07468430769230769
-0.07739630769230768
-0.06049846153846154
-0.024408000000000003
0.02273907692307692
0.0717636923076923
0.1289243076923077
0.17461107692307692
0.18963138461538462
0.1783661538461538
0.14081538461538462
0.10076123076923077
0.05173661538461538
-0.010848
-0.06300184615384616
-0.1097316923076923
-0.12224861538461537
-0.09325107692307691
-0.046104
0.016897846153846156
0.06946892307692307
0.11536430769230768
0.15479261538461536
0.16605784615384614
0.15813046153846153
0.111192
0.03337846153846154
-0.05090215384615384
-0.12996738461538462
-0.1800350769230769
-0.20778092307692309
-0.20965846153846154
-0.1881710769230769
-0.14123261538461537
-0.06195876923076923
0.027328615384615382
0.11348676923076922
0.16981292307692308
0.19004861538461537
0.18712800000000002
0.15270646153846154
0.09241661538461539
0.016897846153846156
-0.06321046153846153
-0.12767261538461538
-0.16605784615384614
-0.1693956923076923
-0.14457046153846154
-0.10806276923076923
-0.05924676923076923
-0.008970461538461538
0.03921969230769231
0.07781353846153846
0.09533723076923077
0.086784
0.052153846153846155
0.011265230769230769
-0.027745846153846152
-0.058412307692307694
-0.07927384615384615
-0.08949599999999999
-0.08615815384615384
-0.06133292307692308
-0.022947692307692308
0.015020307692307692
0.05590892307692308
0.0855323076923077
0.09950953846153845
0.09784061538461537
0.0897046153846154
0.06946892307692307
0.02899753846153846
-0.013142769230769229
-0.046104
-0.05444861538461539
-0.040054153846153843
-0.021904615384615383
0.0025033846153846152
0.028788923076923077
0.05048492307692308
0.07384984615384615
0.07927384615384615
0.07030338461538461
0.040054153846153843
-0.016897846153846156
-0.07113784615384615
-0.12558646153846154
-0.1710646153846154
-0.20256553846153844
-0.22154953846153846
-0.21362215384615382
-0.1800350769230769
-0.12642092307692307
-0.07238953846153846
-0.02858030769230769
-0.0008344615384615384
0.007510153846153846
0.006884307692307692
-0.008344615384615384
-0.02858030769230769
-0.05173661538461538
-0.07489292307692308
-0.08156861538461539
-0.06195876923076923
-0.021487384615384613
0.02273907692307692
0.07238953846153846
0.11953661538461538
0.1691870769230769
0.21612553846153845
0.23969907692307693
0.24303692307692307
0.23177169230769232
0.2125790769230769
0.1860849230769231
0.16501476923076921
0.14936861538461538
0.1368516923076923
0.13101046153846155
0.12996738461538462
0.13852061538461538
0.1435273846153846
0.1358086153846154
0.11745046153846153
0.0897046153846154
0.05090215384615384
0.002712
-0.03775938461538462
-0.06362769230769232
-0.08156861538461539
-0.09179076923076923
-0.09053907692307692
-0.06863446153846153
-0.04422646153846154
-0.02524246153846154
-0.0014603076923076922
0.012934153846153845
0.02795446153846154
0.03650769230769231
0.024199384615384616
0.004589538461538461
-0.017523692307692306
-0.03108369230769231
-0.03775938461538462
-0.048816000000000005
-0.061750153846153844
-0.07197230769230768
-0.07489292307692308
-0.06759138461538462
-0.05319692307692307
-0.04172307692307692
-0.03129230769230769
-0.011891076923076923
0.016480615384615385
0.042348923076923076
0.059664
0.050067692307692306
0.025659692307692307
-0.002712
-0.04088861538461538
-0.07072061538461538
-0.10597661538461538
-0.13998092307692306
-0.16209415384615386
-0.16856123076923077
-0.15687876923076924
-0.13518276923076925
-0.111192
-0.09262523076923077
-0.06195876923076923
-0.02524246153846154
0.016897846153846156
0.058412307692307694
0.07802215384615384
0.07948246153846153
0.06383630769230769
0.04172307692307692
0.01940123076923077
-0.006049846153846154
-0.03921969230769231
-0.07155507692307693
-0.08720123076923077
-0.08177723076923075
-0.051319384615384614
-0.016897846153846156
0.006258461538461538
0.022530461538461537
0.03692492307692308
0.06362769230769232
0.09095630769230768
0.09992676923076924
0.08866153846153846
0.06028984615384615
0.03337846153846154
0.02273907692307692
0.008970461538461538
-0.009804923076923077
-0.031918153846153846
-0.04714707692307692
-0.047772923076923074
-0.03567323076923076
-0.021487384615384613
-0.024616615384615383
-0.04109723076923077
-0.052571076923076915
-0.008344615384615384
0.07468430769230769
0.20423446153846153
0.3440067692307692
0.43058215384615384
0.5150713846153846
0.5630529230769231
0.5774473846153846
0.5311347692307692
0.3790541538461539
0.2008966153846154
-0.012099692307692308
-0.1502030769230769
-0.24178523076923078
-0.3517255384615385
-0.3671630769230769
-0.3738387692307692
-0.2582658461538461
-0.065088
0.10910584615384614
0.29227015384615385
0.34880492307692307
0.4007501538461538
0.39991569230769225
0.30207507692307695
0.17961784615384613
-0.053405538461538456
-0.25993476923076925
-0.450192
-0.6012295384615385
-0.6206307692307692
-0.6172929230769231
-0.5159058461538462
-0.3613218461538461
-0.1913003076923077
0.026494153846153844
0.1842073846153846
0.3275261538461538
0.4076344615384615
0.37592492307692305
0.3314898461538462
0.24345415384615382
0.16501476923076921
0.08761846153846153
-0.03150092307692308
-0.10994030769230768
-0.16981292307692308
-0.1792006153846154
-0.13810338461538463
-0.10076123076923077
-0.052153846153846155
0.006049846153846154
0.08866153846153846
0.184416
0.2369870769230769
0.2507556923076923
0.23364923076923078
0.20381723076923075
0.18942276923076923
0.14957723076923077
0.09992676923076924
0.04568676923076923
-0.016897846153846156
-0.04526953846153846
-0.08511507692307693
-0.13309661538461537
-0.17732307692307692
-0.24053353846153847
-0.26869661538461537
-0.27286892307692306
-0.23636123076923077
-0.1489513846153846
-0.051319384615384614
0.0744756923076923
0.18858830769230767
0.2872633846153846
0.37050092307692306
0.3836436923076923
0.3379569230769231
0.2225926153846154
0.06571384615384615
-0.06425353846153846
-0.1867107692307692
-0.2814221538461538
-0.3508910769230769
-0.3815575384615385
-0.330864
-0.24866953846153847
-0.13080184615384613
-0.01856676923076923
0.06154153846153846
0.1597993846153846
0.24616615384615384
0.30416123076923074
0.3114627692307692
0.25430215384615384
0.17711446153846155
0.08428061538461538
-0.014394461538461538
-0.10806276923076923
-0.20277415384615383
-0.26765353846153844
-0.2860116923076923
-0.25054707692307693
-0.16084246153846155
-0.05194523076923077
0.06446215384615385
0.1570873846153846
0.206112
0.235944
0.23010276923076922
0.1948467692307692
0.12808984615384614
0.03150092307692308
-0.053405538461538456
-0.12120553846153845
-0.16021661538461537
-0.17273353846153844
-0.18086953846153844
-0.17023015384615386
-0.15166338461538462
-0.12412615384615384
-0.08010830769230769
-0.04839876923076923
-0.03650769230769231
-0.042557538461538466
-0.04318338461538461
-0.027745846153846152
-0.01043076923076923
0.005424
0.012099692307692308
0.007510153846153846
0.0077187692307692304
0.015228923076923076
0.016063384615384615
-0.0012516923076923076
-0.03859384615384615
-0.07030338461538461
-0.0855323076923077
-0.0963803076923077
-0.10806276923076923
-0.11536430769230768
-0.0936683076923077
-0.05236246153846154
0.0008344615384615384
0.07092923076923077
0.13038461538461538
0.18650215384615382
0.2209236923076923
0.23656984615384613
0.24345415384615382
0.20548615384615385
0.1531236923076923
0.08594953846153845
0.010013538461538461
-0.04756430769230769
-0.09930092307692308
-0.12245723076923076
-0.11870215384615385
-0.11411261538461538
-0.08949599999999999
-0.04631261538461538
-0.0004172307692307692
0.05111076923076923
0.06759138461538462
0.06028984615384615
0.04756430769230769
0.017315076923076923
-0.011056615384615385
-0.05653476923076922
-0.09763200000000001
-0.10910584615384614
-0.09450276923076922
-0.047772923076923074
0.0029206153846153843
0.05590892307692308
0.11035753846153845
0.15416676923076922
0.19651569230769228
0.20861538461538462
0.17982646153846152
0.1316363076923077
0.06821723076923077
0.007301538461538462
-0.046104
-0.09471138461538461
-0.116616
-0.11098338461538461
-0.07781353846153846
-0.015854769230769228
0.06070707692307692
0.14728246153846153
0.21174461538461536
0.2330233846153846
0.21508246153846153
0.1612596923076923
0.08636676923076922
-0.010848
-0.11056615384615384
-0.19317784615384614
-0.25388492307692306
-0.26619323076923074
-0.23907323076923076
-0.1842073846153846
-0.11557292307692307
-0.04401784615384615
0.04088861538461538
0.11640738461538462
0.173568
0.1994363076923077
0.1775316923076923
0.12621230769230768
0.04652123076923077
-0.044435076923076924
-0.13101046153846155
-0.20548615384615385
-0.24512307692307692
-0.24574892307692306
-0.19568123076923075
-0.1097316923076923
-0.009179076923076922
0.0961716923076923
0.18358153846153846
0.2438713846153846
0.27558092307692306
0.2632726153846154
0.21508246153846153
0.13810338461538463
0.03671630769230769
-0.05319692307692307
-0.12120553846153845
-0.16042523076923076
-0.16730953846153845
-0.15103753846153847
-0.103056
-0.026702769230769228
0.059038153846153844
0.13622584615384614
0.1927606153846154
0.21716861538461538
0.21320492307692307
0.18149538461538461
0.12913292307692306
0.07092923076923077
0.015437538461538461
-0.030040615384615384
-0.05611753846153846
-0.05486584615384615
-0.03755076923076923
-0.015020307692307692
0.003755076923076923
0.02482523076923077
0.049233230769230765
0.06133292307692308
0.06487938461538462
0.05736923076923077
0.03421292307692308
0.005215384615384615
-0.016480615384615385
-0.023990769230769232
-0.029414769230769227
-0.03212676923076923
-0.03024923076923077
-0.024199384615384616
-0.0077187692307692304
0.009804923076923077
0.02023569230769231
0.02273907692307692
0.017732307692307693
0.011265230769230769
0.005424
0.003963692307692307
0.014603076923076923
0.029623384615384614
0.052153846153846155
0.08594953846153845
0.12266584615384615
0.14728246153846153
0.14811692307692306
0.1314276923076923
0.09909230769230769
0.05611753846153846
-0.0008344615384615384
-0.06279323076923077
-0.11891076923076922
-0.16501476923076921
-0.17461107692307692
-0.15479261538461536
-0.10827138461538462
-0.042974769230769226
0.016480615384615385
0.07468430769230769
0.1151556923076923
0.13455692307692307
0.12725538461538463
0.078648
0.01272553846153846
-0.07092923076923077
-0.15333230769230768
-0.22008923076923076
-0.27850153846153847
-0.30520430769230766
-0.30019753846153846
-0.25117292307692307
-0.16209415384615386
-0.05611753846153846
0.05653476923076922
0.15145476923076923
0.22134092307692307
0.2588916923076923
0.2618123076923077
0.233232
0.17002153846153847
0.086784
0.008344615384615384
-0.04193169230769231
-0.06258461538461538
-0.058412307692307694
-0.021696
0.04631261538461538
0.14206707692307693
0.2415766153846154
0.314592
0.3517255384615385
0.34358953846153845
0.29685969230769227
0.2273907692307692
0.1449876923076923
0.051528
-0.040262769230769234
-0.11703323076923078
-0.16793538461538463
-0.1846246153846154
-0.17002153846153847
-0.12934153846153845
-0.08073415384615384
-0.042974769230769226
-0.008761846153846153
0.021278769230769233
0.03880246153846154
0.043600615384615383
0.02315630769230769
-0.006049846153846154
-0.03275261538461539
-0.054240000000000003
-0.05236246153846154
-0.05382276923076923
-0.054240000000000003
-0.04860738461538461
-0.040679999999999994
-0.005424
0.02023569230769231
0.031918153846153846
0.02753723076923077
0.0016689230769230767
-0.016480615384615385
-0.03921969230769231
-0.06821723076923077
-0.10222153846153846
-0.1289243076923077
-0.12829846153846153
-0.10764553846153846
-0.06571384615384615
-0.009179076923076922
0.04318338461538461
0.10055261538461538
0.14728246153846153
0.17899199999999998
0.1910916923076923
0.16501476923076921
0.12120553846153845
0.05069353846153846
-0.016063384615384615
-0.05945538461538461
-0.08907876923076924
-0.09471138461538461
-0.09304246153846155
-0.06633969230769231
-0.02023569230769231
0.03150092307692308
0.07948246153846153
0.10347323076923076
0.1028473846153846
0.08824430769230769
0.06633969230769231
0.028788923076923077
-0.01981846153846154
-0.08198584615384615
-0.14185846153846154
-0.17732307692307692
-0.19296923076923078
-0.1883796923076923
-0.1696043076923077
-0.14603076923076924
-0.11035753846153845
-0.05611753846153846
0.01043076923076923
0.07009476923076922
0.11327815384615383
0.13476553846153844
0.12642092307692307
0.10994030769230768
0.07948246153846153
0.03212676923076923
-0.017732307692307693
-0.06863446153846153
-0.10076123076923077
-0.11807630769230769
-0.1151556923076923
-0.092208
-0.059872615384615385
-0.021696
0.024616615384615383
0.07802215384615384
0.12683815384615382
0.16167692307692308
0.1792006153846154
0.18483323076923078
0.1783661538461538
0.16418030769230768
0.12704676923076924
0.06884307692307692
0.0006258461538461538
-0.07739630769230768
-0.14999446153846155
-0.2209236923076923
-0.2776670769230769
-0.3114627692307692
-0.3170953846153846
-0.27453784615384613
-0.19985353846153847
-0.10827138461538462
-0.010639384615384617
0.07510153846153846
0.14853415384615384
0.200688
0.22300984615384614
0.20360861538461536
0.13893784615384613
0.04860738461538461
-0.05069353846153846
-0.13476553846153844
-0.20110523076923076
-0.24470584615384613
-0.254928
-0.23823876923076923
-0.1881710769230769
-0.11724184615384614
-0.03066646153846154
0.06696553846153847
0.16710092307692306
0.25305046153846156
0.3193901538461538
0.3571495384615384
0.34463261538461537
0.2979027692307692
0.22447015384615385
0.14540492307692307
0.06258461538461538
-0.003963692307692307
-0.06487938461538462
-0.08198584615384615
-0.07885661538461539
-0.0025033846153846152
0.157296
0.157296
0.1869193846153846
0.19609846153846153
0.17732307692307692
0.23135446153846154
0.12537784615384615
0.03838523076923077
-0.09909230769230769
-0.18399876923076922
-0.12996738461538462
-0.14978584615384616
-0.11557292307692307
-0.1652233846153846
-0.17085599999999998
-0.08448923076923077
-0.05507446153846154
0.03567323076923076
-0.023782153846153845
-0.10743692307692307
-0.12579507692307693
-0.1846246153846154
-0.12120553846153845
-0.11494707692307692
-0.10952307692307692
-0.02795446153846154
-0.04088861538461538
0.04047138461538462
0.13455692307692307
0.16334584615384617
0.2090326153846154
0.11432123076923076
0.011473846153846154
-0.073224
-0.16772676923076923
-0.15792184615384616
-0.1760713846153846
-0.19797599999999999
-0.1883796923076923
-0.14436184615384615
0.0043809230769230765
0.11327815384615383
0.16292861538461537
0.18212123076923076
0.14957723076923077
0.18545907692307692
0.20694646153846152
0.17085599999999998
0.13247076923076923
0.04714707692307692
0.016897846153846156
0.02232184615384615
-0.005841230769230769
-0.008761846153846153
-0.037342153846153844
-0.04693846153846153
0.013142769230769229
0.06425353846153846
0.11098338461538461
0.10743692307692307
0.073224
0.04902461538461538
0.005424
-0.014394461538461538
-0.03504738461538461
-0.03233538461538461
-0.023990769230769232
-0.043392
-0.005841230769230769
0.03379569230769231
0.05507446153846154
0.06550523076923077
0.0077187692307692304
-0.03963692307692308
-0.07301538461538462
-0.09471138461538461
-0.086784
-0.11286092307692308
-0.10764553846153846
-0.053614153846153846
0.026285538461538457
0.12391753846153845
0.18107815384615383
0.21654276923076923
0.24282830769230768
0.24908676923076922
0.2357353846153846
0.17565415384615385
0.10827138461538462
0.05736923076923077
-0.00855323076923077
-0.04193169230769231
-0.06404492307692307
-0.08448923076923077
-0.04944184615384615
-0.025659692307692307
0.03045784615384615
0.11202646153846153
0.15646153846153846
0.21070153846153844
0.2090326153846154
0.17315076923076922
0.13914646153846155
0.08761846153846153
0.04088861538461538
-0.030875076923076922
-0.11056615384615384
-0.17294215384615383
-0.2125790769230769
-0.20256553846153844
-0.16418030769230768
-0.11286092307692308
-0.06195876923076923
-0.03108369230769231
0.024616615384615383
0.07468430769230769
0.09804923076923076
0.11056615384615384
0.07531015384615385
0.051319384615384614
0.06738276923076922
0.07802215384615384
0.07614461538461538
0.03650769230769231
-0.0012516923076923076
0.002086153846153846
0.01814953846153846
0.047772923076923074
0.05507446153846154
0.03901107692307692
0.022947692307692308
0.0012516923076923076
-0.007510153846153846
-0.014394461538461538
-0.02482523076923077
-0.03713353846153846
-0.05611753846153846
-0.03775938461538462
0.004798153846153846
0.04631261538461538
0.10597661538461538
0.11765907692307691
0.08907876923076924
0.05507446153846154
0.005215384615384615
-0.022530461538461537
-0.08031692307692308
-0.16480615384615382
-0.22196676923076922
-0.24992123076923078
-0.2140393846153846
-0.14811692307692306
-0.07030338461538461
0.004589538461538461
0.06571384615384615
0.14018953846153845
0.19568123076923075
0.2154996923076923
0.2008966153846154
0.14269292307692305
0.07259815384615384
-0.005632615384615384
-0.09033046153846153
-0.14936861538461538
-0.20673784615384616
-0.22530461538461538
-0.19964492307692308
-0.15875630769230767
-0.06967753846153846
0.021278769230769233
0.0892873846153846
0.1289243076923077
0.13372246153846154
0.13789476923076924
0.12934153846153845
0.10117846153846152
0.053614153846153846
-0.014185846153846153
-0.08031692307692308
-0.12329169230769231
-0.1218313846153846
-0.09304246153846155
-0.056326153846153845
-0.0070929230769230765
0.05590892307692308
0.12120553846153845
0.17711446153846155
0.20861538461538462
0.22175815384615383
0.21737723076923077
0.1775316923076923
0.127464
0.06571384615384615
0.008344615384615384
-0.031918153846153846
-0.07155507692307693
-0.0853236923076923
-0.07489292307692308
-0.042557538461538466
0.008970461538461538
0.051528
0.0853236923076923
0.100344
0.0988836923076923
0.09012184615384615
0.06133292307692308
0.02357353846153846
-0.027120000000000002
-0.078648
-0.1136953846153846
-0.14018953846153845
-0.14477907692307693
-0.13726892307692307
-0.12913292307692306
-0.09971815384615385
-0.05924676923076923
-0.006467076923076923
0.050067692307692306
0.08135999999999999
0.1045163076923077
0.11724184615384614
0.13121907692307694
0.15103753846153847
0.15103753846153847
0.1356
0.08490646153846154
0.024199384615384616
-0.021904615384615383
-0.06529661538461538
-0.08657538461538461
-0.10389046153846154
-0.12412615384615384
-0.12558646153846154
-0.10806276923076923
-0.06905169230769231
-0.020652923076923076
0.02273907692307692
0.05757784615384615
0.08156861538461539
0.09679753846153846
0.10597661538461538
0.09387692307692307
0.054657230769230764
-0.007301538461538462
-0.07468430769230769
-0.12537784615384615
-0.17169046153846151
-0.2073636923076923
-0.2261390769230769
-0.22572184615384616
-0.19651569230769228
-0.14018953846153845
-0.05924676923076923
0.02899753846153846
0.11432123076923076
0.18399876923076922
0.23928184615384615
0.27412061538461535
0.2791273846153846
0.25555384615384613
0.19755876923076923
0.12558646153846154
0.044435076923076924
-0.032544
-0.09533723076923077
-0.1531236923076923
-0.18629353846153843
-0.1881710769230769
-0.1435273846153846
-0.06133292307692308
0.03212676923076923
0.12850707692307692
0.19735015384615384
0.2424110769230769
0.26306399999999996
0.241368
0.1775316923076923
0.06926030769230769
-0.05716061538461538
-0.18066092307692305
-0.2805876923076923
-0.34046030769230773
-0.36403384615384615
-0.34776184615384614
-0.29080984615384614
-0.19672430769230767
-0.07572738461538461
0.05027630769230769
0.14874276923076923
0.20319138461538463
0.21466523076923077
0.19526400000000002
0.15333230769230768
0.09387692307692307
0.02482523076923077
-0.04714707692307692
-0.09554584615384615
-0.11578153846153846
-0.11202646153846153
-0.09283384615384616
-0.06258461538461538
-0.020652923076923076
0.02086153846153846
0.06759138461538462
0.10889723076923077
0.12934153846153845
0.12934153846153845
0.1151556923076923
0.09867507692307692
0.0826116923076923
0.06529661538461538
0.03942830769230769
0.006049846153846154
-0.025659692307692307
-0.04714707692307692
-0.05611753846153846
-0.058412307692307694
-0.054240000000000003
-0.06008123076923077
-0.06467076923076923
-0.06321046153846153
-0.054240000000000003
-0.03650769230769231
-0.02586830769230769
-0.003963692307692307
0.021696
0.06028984615384615
0.10848000000000001
0.14144123076923076
0.1543753846153846
0.14123261538461537
0.12016246153846154
0.10743692307692307
0.08699261538461538
0.05027630769230769
-0.002712
-0.059664
-0.09241661538461539
-0.10743692307692307
-0.09930092307692308
-0.07781353846153846
-0.04860738461538461
0.009387692307692307
0.07197230769230768
0.12621230769230768
0.15667015384615385
0.1504116923076923
0.12016246153846154
0.06592246153846154
-0.0016689230769230767
-0.06967753846153846
-0.13789476923076924
-0.19067446153846154
-0.21883753846153844
-0.22029784615384615
-0.1829556923076923
-0.1314276923076923
-0.06800861538461538
-0.001043076923076923
0.05298830769230769
0.11911938461538461
0.17169046153846151
0.20486030769230767
0.20506892307692307
0.1558356923076923
0.09137353846153846
0.012516923076923077
-0.06216738461538462
-0.12579507692307693
-0.18358153846153846
-0.2127876923076923
-0.214248
-0.17690584615384616
-0.10222153846153846
-0.02211323076923077
0.05277969230769231
0.10618523076923077
0.14123261538461537
0.15646153846153846
0.13893784615384613
0.10138707692307691
0.04860738461538461
-0.004798153846153846
-0.047981538461538464
-0.07843938461538462
-0.08574092307692306
-0.07781353846153846
-0.05653476923076922
-0.02211323076923077
0.01710646153846154
0.059038153846153844
0.08887015384615385
0.10117846153846152
0.11140061538461538
0.12120553846153845
0.12579507692307693
0.12996738461538462
0.12913292307692306
0.1218313846153846
0.10722830769230769
0.09095630769230768
0.078648
0.05528307692307692
0.026702769230769228
-0.004798153846153846
-0.023364923076923075
-0.015854769230769228
0.005215384615384615
0.02899753846153846
0.03880246153846154
0.03775938461538462
0.03337846153846154
0.028788923076923077
0.02586830769230769
0.01814953846153846
0.0006258461538461538
-0.006884307692307692
0.0014603076923076922
0.012516923076923077
0.03233538461538461
0.03984553846153846
0.03963692307692308
0.043600615384615383
0.03984553846153846
0.03755076923076923
0.021487384615384613
-0.0006258461538461538
-0.01814953846153846
-0.02357353846153846
-0.009596307692307692
0.00855323076923077
0.030040615384615384
0.04985907692307692
0.07092923076923077
0.09074769230769231
0.10681107692307691
0.11578153846153846
0.11494707692307692
0.09283384615384616
0.06049846153846154
0.030040615384615384
0.0012516923076923076
-0.017732307692307693
-0.042348923076923076
-0.059664
-0.06258461538461538
-0.04193169230769231
-0.021070153846153846
-0.0043809230769230765
-0.014811692307692307
-0.040054153846153843
-0.047981538461538464
-0.054240000000000003
-0.05507446153846154
-0.07551876923076924
-0.073224
-0.058829538461538454
-0.0033378461538461535
0.06133292307692308
0.20673784615384616
0.3079163076923077
0.20986707692307693
0.19839323076923077
0.11807630769230769
0.08991323076923076
0.07948246153846153
-0.11432123076923076
-0.23969907692307693
-0.4282873846153846
-0.43016492307692306
-0.31918153846153846
-0.2837169230769231
-0.17544553846153846
-0.1666836923076923
0.004172307692307692
0.22551323076923077
0.3957433846153846
0.5540824615384615
0.4378836923076923
0.3210590769230769
0.18086953846153844
-0.001043076923076923
-0.0988836923076923
-0.3425464615384616
-0.49692184615384616
-0.5643046153846153
-0.6515058461538462
-0.5054750769230769
-0.3550633846153846
-0.1785747692307692
0.03921969230769231
0.13080184615384613
0.28121353846153846
0.3554806153846154
0.3811403076923077
0.4186910769230769
0.30937661538461536
0.18170399999999998
0.024408000000000003
-0.10368184615384615
-0.14603076923076924
-0.25138153846153843
-0.32001599999999997
-0.37237846153846155
-0.3817661538461538
-0.24345415384615382
-0.12558646153846154
-0.008344615384615384
0.10618523076923077
0.18274707692307693
0.3304467692307692
0.42369784615384615
0.4387181538461538
0.4353803076923077
0.33607938461538456
0.260352
0.20193969230769232
0.10389046153846154
0.017940923076923077
-0.11140061538461538
-0.19985353846153847
-0.2453316923076923
-0.2699483076923077
-0.24053353846153847
-0.20110523076923076
-0.09429415384615383
0.010848
0.10597661538461538
0.24720923076923076
0.33607938461538456
0.4170221538461538
0.4616658461538461
0.4228633846153846
0.37592492307692305
0.2670276923076923
0.1424843076923077
0.018983999999999997
-0.1449876923076923
-0.24345415384615382
-0.30332676923076923
-0.33670523076923076
-0.3275261538461538
-0.2939390769230769
-0.184416
-0.04172307692307692
0.10326461538461539
0.22447015384615385
0.28663753846153844
0.3508910769230769
0.3819747692307692
0.35235138461538457
0.2837169230769231
0.12579507692307693
-0.026702769230769228
-0.13247076923076923
-0.22843384615384613
-0.25242461538461536
-0.265776
-0.252216
-0.17377661538461536
-0.09533723076923077
0.017523692307692306
0.12391753846153845
0.19693292307692306
0.24908676923076922
0.25513661538461535
0.25138153846153843
0.21174461538461536
0.14790830769230767
0.0853236923076923
0.0025033846153846152
-0.051319384615384614
-0.10868861538461538
-0.15520984615384617
-0.15813046153846153
-0.1733593846153846
-0.16063384615384615
-0.14206707692307693
-0.14394461538461537
-0.11348676923076922
-0.07238953846153846
-0.03880246153846154
-0.023364923076923075
-0.03838523076923077
-0.03609046153846154
-0.02023569230769231
-0.011473846153846154
-0.01043076923076923
-0.03775938461538462
-0.06258461538461538
-0.06926030769230769
-0.06362769230769232
-0.05048492307692308
-0.05382276923076923
-0.055491692307692304
-0.05319692307692307
-0.05194523076923077
-0.02586830769230769
-0.010848
0.011473846153846154
0.05298830769230769
0.06446215384615385
0.08866153846153846
0.10681107692307691
0.12433476923076923
0.1666836923076923
0.16584923076923075
0.1462393846153846
0.11223507692307692
0.06800861538461538
0.045895384615384616
0.01814953846153846
-0.015228923076923076
-0.05674338461538461
-0.09408553846153846
-0.10493353846153847
-0.11244369230769231
-0.11599015384615384
-0.12496061538461539
-0.14957723076923077
-0.14832553846153845
-0.15270646153846154
-0.1504116923076923
-0.13226215384615383
-0.12829846153846153
-0.10660246153846153
-0.09992676923076924
-0.08824430769230769
-0.06049846153846154
-0.045060923076923075
-0.03963692307692308
-0.05674338461538461
-0.07489292307692308
-0.07364123076923076
-0.05820369230769231
-0.04193169230769231
-0.03483876923076923
-0.03755076923076923
-0.04401784615384615
-0.03963692307692308
-0.0012516923076923076
0.03504738461538461
0.04902461538461538
0.06133292307692308
0.0798996923076923
0.1207883076923077
0.1462393846153846
0.14728246153846153
0.14999446153846155
0.14164984615384615
0.13184492307692308
0.13434830769230768
0.12704676923076924
0.11014892307692307
0.07969107692307692
0.037967999999999995
0.006467076923076923
-0.013142769230769229
-0.023990769230769232
-0.03567323076923076
-0.04109723076923077
-0.024408000000000003
0.015854769230769228
0.08386338461538462
0.1506203076923077
0.20277415384615383
0.23490092307692306
0.23218892307692307
0.21487384615384614
0.18170399999999998
0.1289243076923077
0.050067692307692306
-0.052153846153846155
-0.1476996923076923
-0.20152246153846154
-0.21612553846153845
-0.19505538461538463
-0.1558356923076923
-0.10493353846153847
-0.014603076923076923
0.09784061538461537
0.22989415384615383
0.33295015384615384
0.385104
0.3903193846153846
0.3521427692307692
0.29039261538461536
0.19213476923076922
0.07343261538461537
-0.052153846153846155
-0.168144
-0.25117292307692307
-0.28476
-0.2772498461538462
-0.23469230769230767
-0.16981292307692308
-0.08845292307692308
0.011265230769230769
0.10117846153846152
0.18066092307692305
0.2374043076923077
0.2586830769230769
0.24762646153846155
0.2056947692307692
0.1506203076923077
0.06696553846153847
-0.04047138461538462
-0.15354092307692307
-0.2563883076923077
-0.31646953846153847
-0.35568923076923076
-0.3671630769230769
-0.3425464615384616
-0.2943563076923077
-0.21654276923076923
-0.11995384615384615
-0.028163076923076923
0.042348923076923076
0.08907876923076924
0.11599015384615384
0.1424843076923077
0.1489513846153846
0.12579507692307693
0.07635323076923077
0.007927384615384614
-0.04944184615384615
-0.09596307692307693
-0.14164984615384615
-0.17899199999999998
-0.20965846153846154
-0.22655630769230767
-0.21445661538461538
-0.16501476923076921
-0.07155507692307693
0.029623384615384614
0.1218313846153846
0.20861538461538462
0.27558092307692306
0.3158436923076923
0.3102110769230769
0.2647329230769231
0.1942209230769231
0.09846646153846153
0.0018775384615384615
-0.0853236923076923
-0.16751815384615384
-0.23177169230769232
-0.2753723076923077
-0.2832996923076923
-0.2438713846153846
-0.17231630769230769
-0.07948246153846153
0.020027076923076922
0.11745046153846153
0.200688
0.2588916923076923
0.27474646153846155
0.2415766153846154
0.17273353846153844
0.07218092307692307
-0.033169846153846154
-0.12767261538461538
-0.2021483076923077
-0.241368
-0.24470584615384613
-0.21070153846153844
-0.13205353846153844
-0.02858030769230769
0.06571384615384615
0.13852061538461538
0.18107815384615383
0.19860184615384616
0.19213476923076922
0.1635544615384615
0.12016246153846154
0.07092923076923077
0.02795446153846154
-0.0014603076923076922
-0.0014603076923076922
0.020652923076923076
0.05757784615384615
0.11098338461538461
0.15938215384615384
0.20798953846153845
0.238656
0.22008923076923076
0.16772676923076923
0.09408553846153846
0.015854769230769228
-0.055491692307692304
-0.11828492307692307
-0.1721076923076923
-0.20027076923076922
-0.1883796923076923
-0.13643446153846153
-0.04693846153846153
0.05173661538461538
0.14123261538461537
0.20944984615384615
0.26222953846153846
0.29581661538461534
0.28893230769230765
0.24032492307692307
0.15374953846153847
0.051319384615384614
-0.05653476923076922
-0.14415323076923076
-0.20006215384615383
-0.2273907692307692
-0.2194633846153846
-0.17711446153846155
-0.09429415384615383
0.020027076923076922
0.14811692307692306
0.25555384615384613
0.3342018461538461
0.3784283076923077
0.385104
0.36445107692307693
0.301032
0.20944984615384615
0.09971815384615385
-0.011891076923076923
-0.09304246153846155
-0.15813046153846153
-0.20798953846153845
-0.23448369230769228
-0.23218892307692307
-0.19526400000000002
-0.14060676923076923
-0.0744756923076923
-0.007510153846153846
0.04672984615384615
0.09450276923076922
0.13664307692307692
0.1696043076923077
0.18399876923076922
0.16188553846153847
0.12141415384615384
0.06341907692307691
-0.019192615384615384
-0.10535076923076922
-0.1990190769230769
-0.2926873846153846
-0.36966646153846155
-0.4147273846153846
-0.4076344615384615
-0.35005661538461535
-0.25930892307692305
-0.14811692307692306
-0.025659692307692307
0.10722830769230769
0.23281476923076924
0.3210590769230769
0.34943076923076927
0.3198073846153846
0.2540935384615385
0.1502030769230769
0.02753723076923077
-0.09909230769230769
-0.21696000000000001
-0.30979384615384614
-0.37008369230769234
-0.3819747692307692
-0.3513083076923077
-0.28768061538461537
-0.1990190769230769
-0.08365476923076923
0.044435076923076924
0.165432
0.2632726153846154
0.31646953846153847
0.3304467692307692
0.3012406153846154
0.2374043076923077
0.15249784615384615
0.045895384615384616
-0.06446215384615385
-0.17023015384615386
-0.25284184615384614
-0.2947735384615384
-0.30290953846153845
-0.2703655384615385
-0.20861538461538462
-0.12642092307692307
-0.02315630769230769
0.07697907692307693
0.17002153846153847
0.2292683076923077
0.23886461538461537
0.22989415384615383
0.20110523076923076
0.16459753846153846
0.11578153846153846
0.04693846153846153
-0.018775384615384614
-0.07030338461538461
-0.09992676923076924
-0.10639384615384614
-0.11098338461538461
-0.11494707692307692
-0.11140061538461538
-0.09971815384615385
-0.06550523076923077
-0.037967999999999995
-0.03609046153846154
-0.06195876923076923
-0.09950953846153845
-0.16063384615384615
-0.15333230769230768
-0.06070707692307692
0.06404492307692307
0.2532590769230769
0.4291218461538462
0.6285581538461538
0.8017089230769231
0.9164473846153846
0.9297987692307691
0.7956590769230768
0.5526221538461538
0.21508246153846153
-0.09116492307692307
-0.3782196923076923
-0.5899643076923077
-0.733908923076923
-0.8021261538461537
-0.7126301538461539
-0.5202867692307692
-0.2275993846153846
0.05924676923076923
0.29101846153846156
0.442056
0.49274953846153846
0.4652123076923077
0.3141747692307692
0.10159569230769232
-0.1860849230769231
-0.48461353846153843
-0.6763310769230769
-0.7754233846153845
-0.7155507692307692
-0.5424
-0.3327415384615385
-0.06550523076923077
0.15813046153846153
0.328152
0.4518609230769231
0.4395526153846154
0.3506824615384615
0.20465169230769228
0.05820369230769231
-0.028788923076923077
-0.08845292307692308
-0.0961716923076923
-0.08636676923076922
-0.0717636923076923
-0.0446436923076923
-0.037342153846153844
-0.03024923076923077
-0.03588184615384615
-0.06759138461538462
-0.09450276923076922
-0.13518276923076925
-0.15959076923076923
-0.17231630769230769
-0.192552
-0.19046584615384615
-0.1800350769230769
-0.13872923076923074
-0.0448523076923077
0.06821723076923077
0.19067446153846154
0.2997803076923077
0.33065538461538463
0.29456492307692306
0.19672430769230767
0.03775938461538462
-0.14311015384615386
-0.32502276923076917
-0.443724923076923
-0.47668615384615387
-0.4134756923076923
-0.2572227692307692
-0.05507446153846154
0.16271999999999998
0.3588184615384616
0.51528
0.593928
0.584123076923077
0.5067267692307692
0.3600701538461538
0.1721076923076923
-0.022530461538461537
-0.19609846153846153
-0.3060387692307692
-0.35151692307692306
-0.3517255384615385
-0.29832
-0.20402584615384614
-0.07405846153846153
0.07343261538461537
0.20632061538461538
0.2883064615384615
0.31500923076923076
0.2887236923076923
0.19964492307692308
0.0988836923076923
-0.01043076923076923
-0.10910584615384614
-0.16418030769230768
-0.17628
-0.124752
-0.02273907692307692
0.09909230769230769
0.20715507692307691
0.2805876923076923
0.3054129230769231
0.28246523076923075
0.2090326153846154
0.09179076923076923
-0.03609046153846154
-0.14853415384615384
-0.2207150769230769
-0.2482523076923077
-0.22196676923076922
-0.15604430769230768
-0.07051199999999999
0.04172307692307692
0.14311015384615386
0.208824
0.23677846153846152
0.2021483076923077
0.12245723076923076
0.005841230769230769
-0.12955015384615384
-0.23949046153846154
-0.3291950769230769
-0.3811403076923077
-0.3805144615384615
-0.32502276923076917
-0.2125790769230769
-0.08302892307692307
0.047981538461538464
0.16772676923076923
0.26932246153846157
0.34588430769230766
0.37425600000000003
0.3538116923076923
0.276624
0.16334584615384617
0.04756430769230769
-0.04526953846153846
-0.09846646153846153
-0.11974523076923077
-0.11870215384615385
-0.07197230769230768
0.023364923076923075
0.13518276923076925
0.24866953846153847
0.31751261538461534
0.3385827692307692
0.32961230769230765
0.28809784615384615
0.2355267692307692
0.16626646153846153
0.08490646153846154
0.007927384615384614
-0.04088861538461538
-0.04756430769230769
-0.015228923076923076
0.03650769230769231
0.06675692307692307
0.073224
0.06654830769230768
0.042348923076923076
0.0077187692307692304
-0.040262769230769234
-0.10952307692307692
-0.16459753846153846
-0.1858763076923077
-0.16730953846153845
-0.10055261538461538
-0.02023569230769231
0.06592246153846154
0.1612596923076923
0.26097784615384617
0.3740473846153846
0.46354338461538463
0.4919150769230769
0.4416387692307692
0.33315876923076926
0.19693292307692306
0.04318338461538461
-0.10618523076923077
-0.249504
-0.35568923076923076
-0.40200184615384615
-0.38426953846153844
-0.2899753846153846
-0.15646153846153846
-0.026285538461538457
0.08469784615384615
0.1635544615384615
0.21466523076923077
0.22676492307692306
0.18170399999999998
0.09825784615384614
-0.010639384615384617
-0.12454338461538461
-0.21007569230769232
-0.25951753846153847
-0.2805876923076923
-0.27453784615384613
-0.23886461538461537
-0.17565415384615385
-0.08824430769230769
0.006675692307692307
0.07843938461538462
0.1151556923076923
0.11724184615384614
0.09784061538461537
0.062376
-0.0006258461538461538
-0.078648
-0.15667015384615385
-0.21320492307692307
-0.21967199999999998
-0.18399876923076922
-0.12767261538461538
-0.06946892307692307
-0.016897846153846156
0.035255999999999996
0.07551876923076924
0.10117846153846152
0.10201292307692307
0.06654830769230768
0.010013538461538461
-0.052153846153846155
-0.0961716923076923
-0.11578153846153846
-0.12412615384615384
-0.11557292307692307
-0.09179076923076923
-0.054657230769230764
-0.013142769230769229
0.028163076923076923
0.06341907692307691
0.08156861538461539
0.08761846153846153
0.07843938461538462
0.06800861538461538
0.05757784615384615
0.03942830769230769
0.019609846153846155
0.005424
0.0077187692307692304
0.02044430769230769
0.02315630769230769
0.026911384615384615
0.035255999999999996
0.04214030769230769
0.05319692307692307
0.05507446153846154
0.04860738461538461
0.037342153846153844
0.03129230769230769
0.03442153846153846
0.03880246153846154
0.029623384615384614
-0.0043809230769230765
-0.04652123076923077
-0.08949599999999999
-0.12433476923076923
-0.14603076923076924
-0.16584923076923075
-0.17648861538461538
-0.16876984615384616
-0.14290153846153844
-0.0961716923076923
-0.03984553846153846
0.014394461538461538
0.06425353846153846
0.11140061538461538
0.165432
0.20715507692307691
0.2261390769230769
0.23093723076923076
0.20652923076923077
0.16418030769230768
0.11473846153846154
0.056951999999999996
-0.005424
-0.06800861538461538
-0.10827138461538462
-0.11452984615384615
-0.09596307692307693
-0.05570030769230769
-0.007510153846153846
0.02899753846153846
0.05799507692307692
0.07697907692307693
0.07927384615384615
0.05757784615384615
0.007510153846153846
-0.0609156923076923
-0.12662953846153846
-0.17169046153846151
-0.19693292307692306
-0.21174461538461536
-0.2207150769230769
-0.2125790769230769
-0.1802436923076923
-0.13101046153846155
-0.07572738461538461
-0.03337846153846154
-0.011473846153846154
0.003129230769230769
0.01043076923076923
0.003963692307692307
-0.008970461538461538
-0.026285538461538457
-0.034630153846153845
-0.027745846153846152
-0.011265230769230769
0.014603076923076923
0.04693846153846153
0.07697907692307693
0.09909230769230769
0.12412615384615384
0.14999446153846155
0.1656406153846154
0.16772676923076923
0.1462393846153846
0.10660246153846153
0.058829538461538454
0.005632615384615384
-0.04714707692307692
-0.09658892307692307
-0.13393107692307693
-0.13998092307692306
-0.10722830769230769
-0.04819015384615385
0.021696
0.07551876923076924
0.10994030769230768
0.13080184615384613
0.1289243076923077
0.103056
0.04652123076923077
-0.027120000000000002
-0.09325107692307691
-0.1356
-0.14018953846153845
-0.11265230769230769
-0.059872615384615385
0.007301538461538462
0.0826116923076923
0.16605784615384614
0.2330233846153846
0.2682793846153846
0.26306399999999996
0.2194633846153846
0.15875630769230767
0.08615815384615384
0.002086153846153846
-0.08156861538461539
-0.16251138461538459
-0.2303113846153846
-0.2601433846153846
-0.26222953846153846
-0.23177169230769232
-0.1910916923076923
-0.14936861538461538
-0.0828203076923077
-0.016480615384615385
0.05486584615384615
0.11327815384615383
0.138312
0.14164984615384615
0.12120553846153845
0.09533723076923077
0.06613107692307692
0.017940923076923077
-0.040679999999999994
-0.0961716923076923
-0.12266584615384615
-0.11745046153846153
-0.10722830769230769
-0.08469784615384615
-0.06049846153846154
-0.03650769230769231
-0.005841230769230769
0.02357353846153846
0.05528307692307692
0.06842584615384616
0.06425353846153846
0.06863446153846153
0.07969107692307692
0.092208
0.0934596923076923
0.073224
0.03629907692307692
-0.005215384615384615
-0.040054153846153843
-0.06383630769230769
-0.08699261538461538
-0.10764553846153846
-0.119328
-0.11619876923076923
-0.08636676923076922
-0.04860738461538461
-0.005841230769230769
0.03233538461538461
0.06300184615384616
0.10159569230769232
0.1356
0.16230276923076925
0.16730953846153845
0.1462393846153846
0.10827138461538462
0.06592246153846154
0.03212676923076923
-0.0022947692307692304
-0.03337846153846154
-0.04839876923076923
-0.03024923076923077
0.023364923076923075
0.09012184615384615
0.15145476923076923
0.20047938461538461
0.23218892307692307
0.2497126153846154
0.24574892307692306
0.225096
0.1792006153846154
0.0988836923076923
0.03024923076923077
-0.018775384615384614
-0.0446436923076923
-0.055491692307692304
-0.06905169230769231
-0.06988615384615385
-0.061124307692307686
-0.05507446153846154
-0.043392
-0.03129230769230769
-0.023990769230769232
-0.021278769230769233
-0.026285538461538457
-0.015854769230769228
-0.009596307692307692
-0.010013538461538461
-0.014811692307692307
-0.024408000000000003
-0.0077187692307692304
0.019609846153846155
0.05570030769230769
0.08845292307692308
0.10576799999999999
0.116616
0.11578153846153846
0.10848000000000001
0.08365476923076923
0.0446436923076923
-0.0070929230769230765
-0.045060923076923075
-0.06133292307692308
-0.06300184615384616
-0.0448523076923077
-0.043600615384615383
-0.02273907692307692
0.026285538461538457
0.08991323076923076
0.16334584615384617
0.22008923076923076
0.2641070769230769
0.2782929230769231
0.2853858461538461
0.28017046153846153
0.24282830769230768
0.19797599999999999
0.12683815384615382
0.0002086153846153846
-0.10660246153846153
-0.17273353846153844
-0.24282830769230768
-0.2860116923076923
-0.34358953846153845
-0.37363015384615383
-0.34296369230769225
-0.25346769230769234
-0.10076123076923077
0.022947692307692308
0.14811692307692306
0.23656984615384613
0.3087507692307692
0.3780110769230769
0.3548547692307692
0.30061476923076924
0.17461107692307692
0.027745846153846152
-0.07697907692307693
-0.20027076923076922
-0.27704123076923076
-0.33482769230769227
-0.3675803076923077
-0.3225193846153846
-0.2699483076923077
-0.1718990769230769
-0.051528
0.034630153846153845
0.14561353846153846
0.23093723076923076
0.292896
0.33587076923076925
0.31834707692307695
0.2789187692307692
0.17377661538461536
0.03838523076923077
-0.07656184615384615
-0.18712800000000002
-0.25346769230769234
-0.3047870769230769
-0.3179298461538461
-0.26869661538461537
-0.2073636923076923
-0.10180430769230768
0.00855323076923077
0.09658892307692307
0.1846246153846154
0.24053353846153847
0.2906012307692308
0.32231076923076923
0.3081249230769231
0.2782929230769231
0.20277415384615383
0.09679753846153846
-0.006467076923076923
-0.1353913846153846
-0.25346769230769234
-0.3502652307692307
-0.4109723076923077
-0.41431015384615383
-0.38072307692307694
-0.29498215384615384
-0.17815753846153848
-0.03650769230769231
0.10848000000000001
0.21862892307692305
0.306456
0.34296369230769225
0.327108923076923
0.2989458461538462
0.2275993846153846
0.124752
0.015020307692307692
-0.0988836923076923
-0.17377661538461536
-0.2275993846153846
-0.23969907692307693
-0.20819815384615384
-0.16876984615384616
-0.08323753846153846
0.02545107692307692
0.16042523076923076
0.29748553846153847
0.37717661538461533
0.4090947692307692
0.3826006153846154
0.3212676923076923
0.2330233846153846
0.10055261538461538
-0.03337846153846154
-0.1506203076923077
-0.23677846153846152
-0.2572227692307692
-0.24887815384615386
-0.21508246153846153
-0.157296
-0.10618523076923077
-0.029206153846153847
0.04214030769230769
0.07948246153846153
0.08365476923076923
0.04693846153846153
-0.0029206153846153843
-0.054657230769230764
-0.10535076923076922
-0.15646153846153846
-0.20423446153846153
-0.23531815384615382
-0.24992123076923078
-0.2290596923076923
-0.17398523076923075
-0.11432123076923076
-0.03942830769230769
0.027745846153846152
0.08219446153846154
0.1449876923076923
0.1779489230769231
0.192552
0.1804523076923077
0.13226215384615383
0.08010830769230769
0.01814953846153846
-0.03775938461538462
-0.08135999999999999
-0.111192
-0.12496061538461539
-0.12016246153846154
-0.09554584615384615
-0.05590892307692308
-0.003963692307692307
0.045895384615384616
0.09700615384615385
0.14707384615384617
0.18212123076923076
0.19985353846153847
0.20235692307692305
0.1829556923076923
0.1504116923076923
0.12120553846153845
0.08156861538461539
0.02899753846153846
-0.03150092307692308
-0.08991323076923076
-0.12433476923076923
-0.14540492307692307
-0.15604430769230768
-0.1506203076923077
-0.12850707692307692
-0.09137353846153846
-0.04631261538461538
-0.0018775384615384615
0.026494153846153844
0.03650769230769231
0.03150092307692308
0.015228923076923076
-0.015020307692307692
-0.061124307692307686
-0.12767261538461538
-0.19672430769230767
-0.252216
-0.2868461538461538
-0.28246523076923075
-0.25555384615384613
-0.20444307692307692
-0.132888
-0.05611753846153846
0.03421292307692308
0.11077476923076923
0.15333230769230768
0.168144
0.15395815384615386
0.12204
0.06446215384615385
-0.005215384615384615
-0.07468430769230769
-0.14457046153846154
-0.19317784615384614
-0.20652923076923077
-0.17982646153846152
-0.12955015384615384
-0.06926030769230769
0.007301538461538462
0.08511507692307693
0.1612596923076923
0.2225926153846154
0.2503384615384615
0.252216
0.21925476923076925
0.1704387692307692
0.11077476923076923
0.03609046153846154
-0.04088861538461538
-0.1178676923076923
-0.17273353846153844
-0.19881046153846152
-0.19881046153846152
-0.17544553846153846
-0.14060676923076923
-0.09325107692307691
-0.02899753846153846
0.037342153846153844
0.10117846153846152
0.1435273846153846
0.16251138461538459
0.15792184615384616
0.1368516923076923
0.12558646153846154
0.10889723076923077
0.09533723076923077
0.07572738461538461
0.04985907692307692
0.040679999999999994
0.03379569230769231
0.037967999999999995
0.03358707692307692
0.02273907692307692
0.024408000000000003
0.03212676923076923
0.06362769230769232
0.10326461538461539
0.13434830769230768
0.15750461538461538
0.17502830769230768
0.1883796923076923
0.1883796923076923
0.16000799999999998
0.10639384615384614
0.04693846153846153
-0.009179076923076922
-0.05194523076923077
-0.0853236923076923
-0.10952307692307692
-0.11745046153846153
-0.10263876923076923
-0.06300184615384616
-0.015228923076923076
0.024408000000000003
0.04714707692307692
0.06154153846153846
0.07843938461538462
0.09074769230769231
0.10013538461538461
0.09429415384615383
0.06300184615384616
0.02023569230769231
-0.030040615384615384
-0.07593599999999999
-0.1178676923076923
-0.16730953846153845
-0.20715507692307691
-0.21988061538461537
-0.20152246153846154
-0.14832553846153845
-0.07572738461538461
0.005424
0.08010830769230769
0.14185846153846154
0.20486030769230767
0.24554030769230767
0.24449723076923074
0.1908830769230769
0.100344
0.005841230769230769
-0.07593599999999999
-0.138312
-0.18379015384615385
-0.20778092307692309
-0.20632061538461538
-0.16626646153846153
-0.09408553846153846
-0.0006258461538461538
0.0936683076923077
0.168144
0.22697353846153845
0.26306399999999996
0.27871015384615383
0.25972615384615383
0.20486030769230767
0.13601723076923075
0.05528307692307692
-0.017940923076923077
-0.06967753846153846
-0.10222153846153846
-0.11286092307692308
-0.10472492307692308
-0.0717636923076923
-0.02023569230769231
0.04276615384615385
0.10722830769230769
0.14540492307692307
0.15792184615384616
0.14665661538461539
0.11140061538461538
0.06738276923076922
0.004798153846153846
-0.06675692307692307
-0.12621230769230768
-0.15667015384615385
-0.14311015384615386
-0.11014892307692307
-0.05778646153846154
-0.0014603076923076922
0.05444861538461539
0.11223507692307692
0.143736
0.14749107692307692
0.11140061538461538
0.04819015384615385
-0.0043809230769230765
-0.043392
-0.06008123076923077
-0.05382276923076923
-0.03713353846153846
0.003755076923076923
0.06300184615384616
0.13664307692307692
0.206112
0.24345415384615382
0.24512307692307692
0.21237046153846154
0.15333230769230768
0.06946892307692307
-0.027120000000000002
-0.12120553846153845
-0.2021483076923077
-0.2492953846153846
-0.24887815384615386
-0.21049292307692305
-0.138312
-0.047772923076923074
0.045895384615384616
0.14519630769230768
0.22300984615384614
0.2705741538461538
0.27975323076923075
0.233232
0.14561353846153846
0.02044430769230769
-0.10743692307692307
-0.2238443076923077
-0.327108923076923
-0.38698153846153843
-0.4011673846153846
-0.34984799999999994
-0.24428861538461538
-0.10597661538461538
0.04839876923076923
0.1913003076923077
0.3114627692307692
0.38990215384615384
0.41431015384615383
0.371544
0.268488
0.13664307692307692
0.0012516923076923076
-0.12016246153846154
-0.21111876923076925
-0.2689052307692308
-0.2799618461538461
-0.2415766153846154
-0.17461107692307692
-0.084072
0.0016689230769230767
0.06842584615384616
0.11870215384615385
0.138312
0.12537784615384615
0.08448923076923077
0.03150092307692308
-0.023990769230769232
-0.07697907692307693
-0.11223507692307692
-0.1136953846153846
-0.09012184615384615
-0.05236246153846154
-0.011265230769230769
0.026494153846153844
0.07030338461538461
0.10243015384615384
0.12016246153846154
0.111192
0.08323753846153846
0.058412307692307694
0.04109723076923077
0.042974769230769226
0.053405538461538456
0.06675692307692307
0.08156861538461539
0.1028473846153846
0.13309661538461537
0.15771323076923077
0.15750461538461538
0.13080184615384613
0.07656184615384615
0.013768615384615384
-0.042348923076923076
-0.10368184615384615
-0.14582215384615385
-0.17440246153846153
-0.18212123076923076
-0.15145476923076923
-0.1045163076923077
-0.03838523076923077
0.021904615384615383
0.07072061538461538
0.11223507692307692
0.12120553846153845
0.1097316923076923
0.06946892307692307
0.00855323076923077
-0.042557538461538466
-0.07781353846153846
-0.07468430769230769
-0.04380923076923077
0.001043076923076923
0.05194523076923077
0.08907876923076924
0.11682461538461539
0.127464
0.11056615384615384
0.06425353846153846
-0.011056615384615385
-0.09304246153846155
-0.16334584615384617
-0.20632061538461538
-0.21466523076923077
-0.19317784615384614
-0.14269292307692305
-0.06028984615384615
0.043600615384615383
0.1356
0.2021483076923077
0.22321846153846153
0.20652923076923077
0.15333230769230768
0.06842584615384616
-0.043392
-0.1639716923076923
-0.26348123076923075
-0.3483876923076923
-0.3813489230769231
-0.3924055384615385
-0.35965292307692304
-0.29727692307692305
-0.2140393846153846
-0.11494707692307692
-0.034630153846153845
0.05570030769230769
0.14018953846153845
0.23907323076923076
0.3798886153846154
0.55596
0.6239686153846153
0.6855101538461539
0.7268159999999999
0.7011563076923077
0.6767483076923076
0.4866996923076923
0.2480436923076923
-0.09700615384615385
-0.46375199999999994
-0.7370381538461539
-1.0276393846153846
-1.1763821538461539
-1.252944
-1.144464
-0.8077587692307693
-0.3919883076923077
0.1718990769230769
0.6690295384615385
1.0795846153846154
1.3818683076923075
1.4277636923076922
1.3213698461538463
0.9715218461538461
0.4443507692307692
-0.12808984615384614
-0.7889833846153846
-1.2988393846153845
-1.6084246153846153
-1.7246233846153844
-1.5443796923076922
-1.2302049230769232
-0.747468923076923
-0.15959076923076923
0.4449766153846154
1.0532990769230768
1.4623938461538462
1.668505846153846
1.6691316923076924
1.446539076923077
1.1075390769230768
0.6285581538461538
0.05778646153846154
-0.4948356923076923
-1.0071950769230769
-1.3270024615384615
-1.466148923076923
-1.4511286153846155
-1.2347944615384616
-0.9147784615384615
-0.4866996923076923
-0.011056615384615385
0.4211944615384615
0.8085932307692308
1.0651901538461537
1.1832664615384614
1.1945316923076923
1.0587230769230769
0.8267427692307692
0.5083956923076923
0.12850707692307692
-0.25930892307692305
-0.6421181538461538
-0.9387692307692307
-1.1379969230769231
-1.2293704615384615
-1.192236923076923
-1.0472492307692307
-0.7395415384615384
-0.3133403076923077
0.17586276923076924
0.7005304615384614
1.1319470769230768
1.4561353846153846
1.626156923076923
1.5940301538461539
1.3835372307692306
0.9638030769230769
0.4309993846153846
-0.14144123076923076
-0.7021993846153846
-1.1576067692307692
-1.4884707692307693
-1.6303292307692305
-1.555019076923077
-1.2831932307692306
-0.8330012307692308
-0.27850153846153847
0.328152
0.9141526153846153
1.367473846153846
1.6576578461538463
1.7323421538461539
1.5631550769230769
1.2128898461538462
0.6938547692307693
0.10827138461538462
-0.46437784615384614
-0.9738166153846153
-1.3155286153846153
-1.5030738461538462
-1.5039083076923077
-1.2977963076923076
-0.9289643076923078
-0.43308553846153847
0.09533723076923077
0.5891298461538461
0.979032
1.214558769230769
1.3059323076923077
1.2274929230769231
0.9877938461538461
0.6266806153846154
0.18754523076923074
-0.23510953846153848
-0.6120775384615385
-0.9020529230769231
-1.0643556923076922
-1.1346590769230769
-1.0839655384615383
-0.9051821538461539
-0.6408664615384615
-0.31834707692307695
0.0006258461538461538
0.2862203076923077
0.5267538461538461
0.6886393846153845
0.7791784615384616
0.7704166153846153
0.6690295384615385
0.511524923076923
0.3039526153846154
0.1028473846153846
-0.08031692307692308
-0.2422024615384615
-0.3671630769230769
-0.4683415384615384
-0.5117335384615385
-0.4889944615384615
-0.4090947692307692
-0.2689052307692308
-0.11870215384615385
0.03984553846153846
0.21862892307692305
0.40283630769230766
0.5916332307692307
0.7172196923076923
0.7518498461538461
0.7036596923076923
0.5751526153846154
0.4090947692307692
0.20986707692307693
-0.011473846153846154
-0.23344061538461539
-0.4387181538461538
-0.5726492307692308
-0.6343993846153846
-0.6304356923076923
-0.5484498461538461
-0.4291218461538462
-0.2689052307692308
-0.08344615384615384
0.09053907692307692
0.25555384615384613
0.3707095384615384
0.43642338461538455
0.4460196923076923
0.3972036923076923
0.3225193846153846
0.2154996923076923
0.09554584615384615
-0.03337846153846154
-0.15124615384615384
-0.21925476923076925
-0.24178523076923078
-0.225096
-0.1873366153846154
-0.14519630769230768
-0.092208
-0.041514461538461535
0.002712
0.03921969230769231
0.0448523076923077
0.04214030769230769
0.04109723076923077
0.053614153846153846
0.08094276923076923
0.09763200000000001
0.11974523076923077
0.14269292307692305
0.15541846153846153
0.15500123076923078
0.11807630769230769
0.047772923076923074
-0.040262769230769234
-0.12850707692307692
-0.19714153846153845
-0.249504
-0.26723630769230766
-0.24637476923076923
-0.18796246153846152
-0.08073415384615384
0.04568676923076923
0.1860849230769231
0.3131316923076923
0.3955347692307692
0.4349630769230769
0.41910830769230767
0.35339446153846155
0.24428861538461538
0.10597661538461538
-0.035464615384615386
-0.17252492307692308
-0.2791273846153846
-0.33587076923076925
-0.3425464615384616
-0.29331323076923077
-0.20131384615384615
-0.065088
0.09596307692307693
0.24428861538461538
0.3609046153846154
0.4291218461538462
0.44956615384615384
0.4186910769230769
0.33378461538461535
0.2059033846153846
0.054240000000000003
-0.09533723076923077
-0.20715507692307691
-0.27140861538461536
-0.2943563076923077
-0.27975323076923075
-0.22822523076923076
-0.14686523076923075
-0.05027630769230769
0.0448523076923077
0.11724184615384614
0.1585476923076923
0.17169046153846151
0.17085599999999998
0.16647507692307692
0.15896492307692306
0.1422756923076923
0.11202646153846153
0.08156861538461539
0.04756430769230769
0.011473846153846154
-0.028163076923076923
-0.084072
-0.1489513846153846
-0.20924123076923076
-0.25054707692307693
-0.2680707692307692
-0.25993476923076925
-0.233232
-0.1940123076923077
-0.14164984615384615
-0.07572738461538461
-0.0012516923076923076
0.06049846153846154
0.09533723076923077
0.10263876923076923
0.09471138461538461
0.06926030769230769
0.019609846153846155
-0.04693846153846153
-0.12725538461538463
-0.20110523076923076
-0.24700061538461537
-0.26118646153846153
-0.24053353846153847
-0.19839323076923077
-0.13706030769230768
-0.040054153846153843
0.06592246153846154
0.165432
0.24887815384615386
0.28246523076923075
0.27412061538461535
0.2225926153846154
0.14540492307692307
0.06467076923076923
-0.024199384615384616
-0.09658892307692307
-0.14311015384615386
-0.1543753846153846
-0.12120553846153845
-0.06133292307692308
0.006258461538461538
0.07030338461538461
0.12621230769230768
0.17398523076923075
0.20193969230769232
0.19693292307692306
0.1506203076923077
0.07572738461538461
0.003755076923076923
-0.05319692307692307
-0.09283384615384616
-0.11765907692307691
-0.13518276923076925
-0.13184492307692308
-0.0988836923076923
-0.03275261538461539
0.056951999999999996
0.13914646153846155
0.21821169230769227
0.2707827692307692
0.2947735384615384
0.2951907692307692
0.2438713846153846
0.15604430769230768
0.03609046153846154
-0.08073415384615384
-0.15833907692307692
-0.1992276923076923
-0.20652923076923077
-0.18128676923076922
-0.11974523076923077
-0.024408000000000003
0.08907876923076924
0.19839323076923077
0.29727692307692305
0.3421292307692308
0.33315876923076926
0.28392553846153845
0.19317784615384614
0.07969107692307692
-0.0678
-0.21195323076923075
-0.32669169230769235
-0.3961606153846154
-0.4015846153846154
-0.3548547692307692
-0.25805723076923076
-0.11724184615384614
0.042974769230769226
0.20360861538461536
0.3440067692307692
0.4337113846153846
0.4599969230769231
0.4222375384615385
0.34066892307692304
0.2261390769230769
0.08240307692307691
-0.06759138461538462
-0.20652923076923077
-0.31250584615384613
-0.37321292307692305
-0.3821833846153846
-0.3377483076923077
-0.26222953846153846
-0.16730953846153845
-0.06571384615384615
0.04193169230769231
0.14185846153846154
0.19651569230769228
0.21216184615384615
0.19755876923076923
0.15833907692307692
0.09554584615384615
0.017523692307692306
-0.056951999999999996
-0.13372246153846154
-0.20319138461538463
-0.241368
-0.24595753846153845
-0.22572184615384616
-0.1927606153846154
-0.15354092307692307
-0.09679753846153846
-0.023990769230769232
0.053405538461538456
0.12120553846153845
0.15541846153846153
0.16313723076923078
0.14853415384615384
0.11870215384615385
0.08574092307692306
0.042348923076923076
-0.008344615384615384
-0.06571384615384615
-0.11953661538461538
-0.15792184615384616
-0.18337292307692307
-0.20298276923076922
-0.20277415384615383
-0.17628
-0.12683815384615382
-0.062376
-0.0029206153846153843
0.05444861538461539
0.09137353846153846
0.11244369230769231
0.11703323076923078
0.09408553846153846
0.045895384615384616
-0.03150092307692308
-0.11411261538461538
-0.18483323076923078
-0.23010276923076922
-0.24449723076923074
-0.2275993846153846
-0.18128676923076922
-0.11348676923076922
-0.027328615384615382
0.06362769230769232
0.14060676923076923
0.1869193846153846
0.19818461538461538
0.18170399999999998
0.1502030769230769
0.11724184615384614
0.08010830769230769
0.03921969230769231
0.002086153846153846
-0.013560000000000001
0.0006258461538461538
0.030875076923076922
0.07489292307692308
0.11578153846153846
0.13706030769230768
0.14686523076923075
0.14331876923076922
0.13121907692307694
0.10576799999999999
0.06028984615384615
0.007927384615384614
-0.040054153846153843
-0.07489292307692308
-0.09575446153846154
-0.09763200000000001
-0.07510153846153846
-0.032544
0.027328615384615382
0.09700615384615385
0.15750461538461538
0.19693292307692306
0.20047938461538461
0.1802436923076923
0.14164984615384615
0.0855323076923077
0.024199384615384616
-0.045895384615384616
-0.09700615384615385
-0.11286092307692308
-0.10639384615384614
-0.07510153846153846
-0.027745846153846152
-0.004589538461538461
0.03755076923076923
0.08323753846153846
0.13059323076923077
0.16897846153846155
0.1666836923076923
0.15813046153846153
0.15374953846153847
0.16042523076923076
0.1927606153846154
0.26869661538461537
0.19380369230769232
0.06300184615384616
-0.016897846153846156
-0.12704676923076924
-0.14665661538461539
-0.138312
-0.2503384615384615
-0.35235138461538457
-0.34963938461538463
-0.2509643076923077
-0.04568676923076923
0.059872615384615385
0.10389046153846154
0.13455692307692307
0.20465169230769228
0.3611132307692308
0.4182738461538461
0.3611132307692308
0.15625292307692307
-0.040679999999999994
-0.15166338461538462
-0.24720923076923076
-0.2624381538461539
-0.34338092307692303
-0.3784283076923077
-0.33899999999999997
-0.292896
-0.07927384615384615
0.0744756923076923
0.1696043076923077
0.3012406153846154
0.2951907692307692
0.30749907692307693
0.3333673846153846
0.29080984615384614
0.2737033846153846
0.13747753846153846
-0.014603076923076923
-0.10535076923076922
-0.1873366153846154
-0.19755876923076923
-0.23844738461538462
-0.2814221538461538
-0.29227015384615385
-0.23239753846153846
-0.06529661538461538
0.05382276923076923
0.1316363076923077
0.19755876923076923
0.22426153846153846
0.3187643076923077
0.3684147692307692
0.3456756923076923
0.30937661538461536
0.19004861538461537
0.11724184615384614
0.05653476923076922
-0.07656184615384615
-0.2059033846153846
-0.33899999999999997
-0.4414301538461538
-0.45040061538461534
-0.4184824615384615
-0.34463261538461537
-0.21091015384615383
-0.04714707692307692
0.11640738461538462
0.2753723076923077
0.40638276923076927
0.44330769230769224
0.4508178461538461
0.384060923076923
0.2292683076923077
0.0892873846153846
-0.0798996923076923
-0.2290596923076923
-0.35005661538461535
-0.4487316923076923
-0.43642338461538455
-0.37717661538461533
-0.2803790769230769
-0.132888
0.004172307692307692
0.168144
0.33941723076923075
0.450192
0.4914978461538461
0.4547815384615384
0.3882332307692308
0.29602523076923076
0.17961784615384613
0.04526953846153846
-0.12725538461538463
-0.2273907692307692
-0.24616615384615384
-0.2275993846153846
-0.14102399999999998
-0.06404492307692307
0.004798153846153846
0.10076123076923077
0.15333230769230768
0.20110523076923076
0.23010276923076922
0.1908830769230769
0.14665661538461539
0.08720123076923077
0.021696
-0.02211323076923077
-0.061124307692307686
-0.09387692307692307
-0.12955015384615384
-0.15792184615384616
-0.1908830769230769
-0.21716861538461538
-0.2194633846153846
-0.21466523076923077
-0.17419384615384614
-0.12788123076923075
-0.07426707692307692
0.030875076923076922
0.12642092307692307
0.18629353846153843
0.22676492307692306
0.23281476923076924
0.2399076923076923
0.2438713846153846
0.20924123076923076
0.14540492307692307
0.05027630769230769
-0.04526953846153846
-0.1070196923076923
-0.14206707692307693
-0.15959076923076923
-0.15833907692307692
-0.14269292307692305
-0.10263876923076923
-0.037967999999999995
0.024408000000000003
0.0826116923076923
0.14102399999999998
0.18107815384615383
0.17315076923076922
0.12934153846153845
0.06028984615384615
-0.01856676923076923
-0.07426707692307692
-0.14144123076923076
-0.19755876923076923
-0.21111876923076925
-0.20277415384615383
-0.14436184615384615
-0.06404492307692307
-0.003129230769230769
0.04047138461538462
0.06446215384615385
0.08428061538461538
0.08782707692307692
0.06070707692307692
0.010848
-0.05674338461538461
-0.10430769230769231
-0.12433476923076923
-0.11536430769230768
-0.0771876923076923
-0.04214030769230769
-0.0016689230769230767
0.029832
0.05528307692307692
0.08991323076923076
0.09784061538461537
0.07551876923076924
0.030875076923076922
-0.017315076923076923
-0.04714707692307692
-0.06967753846153846
-0.078648
-0.0897046153846154
-0.10597661538461538
-0.0934596923076923
-0.03692492307692308
0.04631261538461538
0.09471138461538461
0.09533723076923077
0.07677046153846154
0.04318338461538461
0.012308307692307691
-0.02273907692307692
-0.0826116923076923
-0.1314276923076923
-0.1691870769230769
-0.1704387692307692
-0.12579507692307693
-0.08177723076923075
-0.027745846153846152
0.025033846153846153
0.07656184615384615
0.12788123076923075
0.16188553846153847
0.17002153846153847
0.14123261538461537
0.08782707692307692
0.02899753846153846
-0.03212676923076923
-0.08824430769230769
-0.13706030769230768
-0.18337292307692307
-0.21466523076923077
-0.22342707692307692
-0.18149538461538461
-0.09679753846153846
-0.013768615384615384
0.055491692307692304
0.10076123076923077
0.13601723076923075
0.16772676923076923
0.18212123076923076
0.16438892307692307
0.10243015384615384
0.016897846153846156
-0.05069353846153846
-0.07948246153846153
-0.09158215384615384
-0.08866153846153846
-0.07405846153846153
-0.04735569230769231
0.009804923076923077
0.07948246153846153
0.14540492307692307
0.1842073846153846
0.18775384615384613
0.1639716923076923
0.12767261538461538
0.09784061538461537
0.06195876923076923
0.023364923076923075
-0.009596307692307692
-0.03045784615384615
-0.02586830769230769
-0.0035464615384615383
0.023782153846153845
0.055491692307692304
0.07155507692307693
0.08657538461538461
0.10785415384615385
0.1097316923076923
0.09679753846153846
0.054240000000000003
0.008136
-0.015228923076923076
-0.02586830769230769
-0.016480615384615385
-0.010639384615384617
-0.017523692307692306
-0.013560000000000001
0.0077187692307692304
0.041514461538461535
0.06279323076923077
0.06300184615384616
0.05382276923076923
0.03421292307692308
0.023782153846153845
0.02211323076923077
0.0050067692307692304
-0.015854769230769228
-0.03629907692307692
-0.034630153846153845
-0.002086153846153846
0.025033846153846153
0.04380923076923077
0.04047138461538462
0.021904615384615383
-0.0012516923076923076
-0.032544
-0.06341907692307691
-0.10848000000000001
-0.15938215384615384
-0.18942276923076923
-0.18399876923076922
-0.143736
-0.08156861538461539
-0.016063384615384615
0.041514461538461535
0.086784
0.11995384615384615
0.1368516923076923
0.11703323076923078
0.07113784615384615
0.020027076923076922
-0.029206153846153847
-0.04902461538461538
-0.04819015384615385
-0.04276615384615385
-0.01981846153846154
0.017315076923076923
0.07343261538461537
0.14978584615384616
0.2205064615384615
0.265776
0.28017046153846153
0.26160369230769226
0.22447015384615385
0.1733593846153846
0.11140061538461538
0.04652123076923077
-0.02795446153846154
-0.0936683076923077
-0.1341396923076923
-0.13330523076923076
-0.103056
-0.06821723076923077
-0.030040615384615384
0.003129230769230769
0.041514461538461535
0.07197230769230768
0.07697907692307693
0.059664
0.019609846153846155
-0.02524246153846154
-0.058412307692307694
-0.08615815384615384
-0.1045163076923077
-0.09971815384615385
-0.08115138461538463
-0.04380923076923077
0.008136
0.05048492307692308
0.07802215384615384
0.08761846153846153
0.08365476923076923
0.06821723076923077
0.037967999999999995
0.0008344615384615384
-0.027745846153846152
-0.03942830769230769
-0.031709538461538456
-0.0004172307692307692
0.037967999999999995
0.08219446153846154
0.11745046153846153
0.12955015384615384
0.12454338461538461
0.09950953846153845
0.06154153846153846
-0.008344615384615384
-0.08699261538461538
-0.16042523076923076
-0.22551323076923077
-0.25555384615384613
-0.26076923076923075
-0.22551323076923077
-0.15416676923076922
-0.06592246153846154
0.032544
0.12433476923076923
0.1846246153846154
0.21237046153846154
0.19964492307692308
0.14540492307692307
0.06967753846153846
-0.02795446153846154
-0.11056615384615384
-0.17377661538461536
-0.20381723076923075
-0.18191261538461537
-0.12829846153846153
-0.03567323076923076
0.08615815384615384
0.21737723076923077
0.33587076923076925
0.41389292307692305
0.44226461538461537
0.41368430769230763
0.32982092307692307
0.2225926153846154
0.08824430769230769
-0.05277969230769231
-0.17023015384615386
-0.2620209230769231
-0.2966510769230769
-0.2803790769230769
-0.21716861538461538
-0.11557292307692307
-0.006049846153846154
0.10597661538461538
0.20152246153846154
0.26723630769230766
0.2997803076923077
0.2858030769230769
0.22530461538461538
0.1353913846153846
0.030875076923076922
-0.06675692307692307
-0.14144123076923076
-0.1860849230769231
-0.19818461538461538
-0.17544553846153846
-0.11140061538461538
-0.027745846153846152
0.05528307692307692
0.11599015384615384
0.14749107692307692
0.15249784615384615
0.11807630769230769
0.06633969230769231
0.0043809230769230765
-0.059664
-0.11244369230769231
-0.1424843076923077
-0.14018953846153845
-0.11911938461538461
-0.08636676923076922
-0.05757784615384615
-0.03838523076923077
-0.02357353846153846
-0.03129230769230769
-0.06133292307692308
-0.10117846153846152
-0.15938215384615384
-0.21174461538461536
-0.24574892307692306
-0.2559710769230769
-0.22593046153846155
-0.16897846153846155
-0.09304246153846155
-0.004172307692307692
0.0855323076923077
0.16793538461538463
0.22029784615384615
0.22488738461538463
0.1858763076923077
0.11619876923076923
0.04568676923076923
-0.028163076923076923
-0.0974233846153846
-0.14811692307692306
-0.17961784615384613
-0.165432
-0.11411261538461538
-0.03275261538461539
0.05736923076923077
0.1316363076923077
0.19693292307692306
0.23782153846153845
0.25346769230769234
0.22801661538461537
0.13810338461538463
0.0035464615384615383
-0.15124615384615384
-0.30708184615384615
-0.404088
-0.3955347692307692
-0.3141747692307692
-0.15833907692307692
0.03358707692307692
0.25138153846153843
0.4848221538461538
0.6573470769230768
0.7543532307692307
0.7030338461538461
0.5505359999999999
0.32314523076923074
0.08991323076923076
-0.13935507692307691
-0.41368430769230763
-0.5799507692307692
-0.6859273846153845
-0.6500455384615383
-0.48106707692307693
-0.2764153846153846
-0.015020307692307692
0.20027076923076922
0.42015138461538465
0.5801593846153845
0.6149981538461539
0.5461550769230769
0.35610646153846154
0.14457046153846154
-0.09992676923076924
-0.3246055384615385
-0.4779378461538461
-0.5903815384615384
-0.5713975384615384
-0.4714707692307692
-0.3156350769230769
-0.11974523076923077
0.021487384615384613
0.16188553846153847
0.235944
0.20924123076923076
0.16584923076923075
0.07802215384615384
0.016063384615384615
-0.024199384615384616
-0.0717636923076923
-0.08574092307692306
-0.09909230769230769
-0.07802215384615384
-0.042974769230769226
-0.03024923076923077
-0.02858030769230769
-0.03650769230769231
-0.015020307692307692
0.012099692307692308
0.006049846153846154
-0.01043076923076923
-0.0446436923076923
-0.05611753846153846
-0.029623384615384614
-0.006884307692307692
0.03650769230769231
0.086784
0.14811692307692306
0.22634769230769228
0.25513661538461535
0.21883753846153844
0.13393107692307693
-0.0025033846153846152
-0.15520984615384617
-0.3045784615384615
-0.42703569230769234
-0.4823187692307692
-0.46959323076923076
-0.3652855384615385
-0.1990190769230769
-0.009596307692307692
0.1923433846153846
0.3594443076923077
0.48023261538461537
0.523416
0.4866996923076923
0.4022104615384615
0.2582658461538461
0.09909230769230769
-0.06133292307692308
-0.19818461538461538
-0.26368984615384616
-0.2830910769230769
-0.2497126153846154
-0.17648861538461538
-0.07384984615384615
0.06154153846153846
0.19338646153846153
0.30207507692307695
0.3513083076923077
0.347136
0.31354892307692306
0.24637476923076923
0.16334584615384617
0.05027630769230769
-0.06675692307692307
-0.14206707692307693
-0.18629353846153843
-0.17899199999999998
-0.13330523076923076
-0.0828203076923077
-0.015228923076923076
0.05403138461538461
0.11265230769230769
0.14811692307692306
0.14415323076923076
0.10827138461538462
0.04672984615384615
-0.03483876923076923
-0.11223507692307692
-0.17231630769230769
-0.21049292307692305
-0.21591692307692306
-0.18858830769230767
-0.116616
-0.032544
0.05319692307692307
0.13622584615384614
0.1869193846153846
0.21466523076923077
0.19651569230769228
0.14749107692307692
0.08490646153846154
-0.008136
-0.09700615384615385
-0.16876984615384616
-0.20819815384615384
-0.1883796923076923
-0.12850707692307692
-0.04714707692307692
0.04214030769230769
0.12725538461538463
0.21195323076923075
0.268488
0.273912
0.22780799999999998
0.14206707692307693
0.06154153846153846
-0.02273907692307692
-0.10576799999999999
-0.16418030769230768
-0.2059033846153846
-0.18316430769230768
-0.11953661538461538
-0.03880246153846154
0.061124307692307686
0.1368516923076923
0.21070153846153844
0.27975323076923075
0.314592
0.3243969230769231
0.2926873846153846
0.23072861538461537
0.1637630769230769
0.073224
-0.011891076923076923
-0.07155507692307693
-0.11265230769230769
-0.12808984615384614
-0.12287446153846153
-0.09450276923076922
-0.06654830769230768
-0.045060923076923075
-0.03108369230769231
-0.030875076923076922
-0.03212676923076923
-0.03066646153846154
-0.02795446153846154
-0.02524246153846154
-0.03400430769230769
-0.041514461538461535
-0.020652923076923076
0.02023569230769231
0.07927384615384615
0.1289243076923077
0.14749107692307692
0.15604430769230768
0.13789476923076924
0.10096984615384616
0.040262769230769234
-0.05027630769230769
-0.13935507692307691
-0.21174461538461536
-0.23364923076923078
-0.21216184615384615
-0.15333230769230768
-0.06446215384615385
0.041514461538461535
0.1704387692307692
0.2699483076923077
0.3269003076923077
0.33712246153846154
0.28476
0.1990190769230769
0.09053907692307692
-0.02795446153846154
-0.130176
-0.214248
-0.27328615384615385
-0.28955815384615385
-0.2641070769230769
-0.19588984615384614
-0.103056
-0.011891076923076923
0.06446215384615385
0.124752
0.1652233846153846
0.17252492307692308
0.14331876923076922
0.07238953846153846
-0.017315076923076923
-0.09679753846153846
-0.14999446153846155
-0.1597993846153846
-0.14164984615384615
-0.10243015384615384
-0.040679999999999994
0.03650769230769231
0.11891076923076922
0.18796246153846152
0.22822523076923076
0.21591692307692306
0.16167692307692308
0.09012184615384615
0.012516923076923077
-0.07113784615384615
-0.15145476923076923
-0.19839323076923077
-0.20402584615384614
-0.16438892307692307
-0.09784061538461537
-0.011891076923076923
0.07760492307692309
0.13768615384615385
0.1794092307692308
0.19213476923076922
0.1656406153846154
0.10994030769230768
0.013351384615384614
-0.08031692307692308
-0.1476996923076923
-0.19797599999999999
-0.20339999999999997
-0.1794092307692308
-0.1218313846153846
-0.03859384615384615
0.045060923076923075
0.138312
0.21341353846153846
0.24595753846153845
0.23448369230769228
0.1869193846153846
0.12579507692307693
0.05069353846153846
-0.03963692307692308
-0.12913292307692306
-0.2140393846153846
-0.26097784615384617
-0.26786215384615386
-0.2411593846153846
-0.1829556923076923
-0.12829846153846153
-0.06946892307692307
-0.008970461538461538
0.04631261538461538
0.08824430769230769
0.10597661538461538
0.10096984615384616
0.07468430769230769
0.04130584615384615
0.0016689230769230767
-0.04672984615384615
-0.09596307692307693
-0.12662953846153846
-0.13226215384615383
-0.11891076923076922
-0.09596307692307693
-0.06571384615384615
-0.03942830769230769
-0.026702769230769228
-0.007510153846153846
0.015020307692307692
0.03609046153846154
0.052153846153846155
0.06279323076923077
0.07218092307692307
0.07405846153846153
0.07614461538461538
0.07927384615384615
0.08469784615384615
0.092208
0.09721476923076922
0.1028473846153846
0.100344
0.09033046153846153
0.06717415384615384
0.03421292307692308
0.01856676923076923
0.006467076923076923
-0.004798153846153846
-0.012934153846153845
-0.029414769230769227
-0.04109723076923077
-0.042557538461538466
-0.03650769230769231
-0.02545107692307692
-0.016480615384615385
-0.011682461538461537
-0.009804923076923077
-0.003963692307692307
0.0002086153846153846
0.0025033846153846152
0.0070929230769230765
0.006675692307692307
0.014185846153846153
0.022530461538461537
0.028788923076923077
0.04088861538461538
0.04819015384615385
0.05277969230769231
0.052153846153846155
0.05236246153846154
0.05382276923076923
0.04380923076923077
0.022947692307692308
0.0008344615384615384
-0.011056615384615385
-0.018983999999999997
-0.03400430769230769
-0.04839876923076923
-0.05924676923076923
-0.06842584615384616
-0.05716061538461538
-0.037967999999999995
-0.01940123076923077
-0.012308307692307691
-0.02086153846153846
-0.021904615384615383
-0.028163076923076923
-0.03150092307692308
-0.03483876923076923
-0.0448523076923077
-0.06049846153846154
-0.07238953846153846
-0.06905169230769231
-0.05674338461538461
-0.031709538461538456
-0.008761846153846153
0.01940123076923077
0.05319692307692307
0.0892873846153846
0.11077476923076923
0.1028473846153846
0.07197230769230768
0.01981846153846154
-0.03379569230769231
-0.09387692307692307
-0.14477907692307693
-0.17252492307692308
-0.17815753846153848
-0.14749107692307692
-0.08949599999999999
-0.008136
0.08177723076923075
0.15103753846153847
0.1942209230769231
0.21591692307692306
0.20965846153846154
0.1794092307692308
0.11953661538461538
0.03713353846153846
-0.051319384615384614
-0.13226215384615383
-0.18545907692307692
-0.21174461538461536
-0.20402584615384614
-0.1637630769230769
-0.0963803076923077
0.0022947692307692304
0.11348676923076922
0.21132738461538458
0.2764153846153846
0.2979027692307692
0.2807963076923077
0.23177169230769232
0.15959076923076923
0.06926030769230769
-0.026494153846153844
-0.1045163076923077
-0.14561353846153846
-0.143736
-0.10472492307692308
-0.034630153846153845
0.04756430769230769
0.12558646153846154
0.19046584615384615
0.22655630769230767
0.2275993846153846
0.18983999999999998
0.12516923076923075
0.04318338461538461
-0.03692492307692308
-0.10764553846153846
-0.1712732307692308
-0.208824
-0.21779446153846155
-0.19609846153846153
-0.1462393846153846
-0.07551876923076924
-0.006049846153846154
0.05027630769230769
0.09241661538461539
0.11911938461538461
0.1289243076923077
0.11348676923076922
0.08344615384615384
0.045895384615384616
0.002086153846153846
-0.033169846153846154
-0.04318338461538461
-0.03609046153846154
-0.022530461538461537
-0.009179076923076922
0.005215384615384615
0.02586830769230769
0.032544
0.02545107692307692
0.01397723076923077
0.0014603076923076922
0.0029206153846153843
0.015020307692307692
0.03358707692307692
0.053614153846153846
0.06884307692307692
0.08782707692307692
0.10743692307692307
0.11724184615384614
0.11432123076923076
0.09158215384615384
0.052153846153846155
0.010848
-0.029206153846153847
-0.0678
-0.09763200000000001
-0.11828492307692307
-0.11870215384615385
-0.09241661538461539
-0.03337846153846154
0.03755076923076923
0.10180430769230768
0.1506203076923077
0.15520984615384617
0.1504116923076923
0.12662953846153846
0.09053907692307692
0.03296123076923077
-0.03921969230769231
-0.09700615384615385
-0.12516923076923075
-0.11953661538461538
-0.02899753846153846
0.13372246153846154
0.14081538461538462
0.17544553846153846
0.22342707692307692
0.2399076923076923
0.295608
0.15270646153846154
-0.004798153846153846
-0.19547261538461536
-0.33941723076923075
-0.33587076923076925
-0.3886504615384615
-0.3811403076923077
-0.3915710769230769
-0.29227015384615385
-0.04172307692307692
0.1710646153846154
0.40575692307692307
0.4704276923076923
0.44581107692307687
0.431208
0.3087507692307692
0.21195323076923075
0.02753723076923077
-0.20110523076923076
-0.3225193846153846
-0.4879513846153846
-0.5071439999999999
-0.4078430769230769
-0.3195987692307692
-0.12287446153846153
0.012934153846153845
0.16188553846153847
0.32606584615384615
0.4080516923076923
0.5108990769230769
0.49546153846153845
0.3648683076923077
0.20006215384615383
0.015020307692307692
-0.09596307692307693
-0.22300984615384614
-0.35297723076923077
-0.4214030769230769
-0.4685501538461538
-0.3947003076923077
-0.2716172307692308
-0.1614683076923077
-0.0077187692307692304
0.10994030769230768
0.2369870769230769
0.34963938461538463
0.36611999999999995
0.3757163076923077
0.32543999999999995
0.24595753846153845
0.19526400000000002
0.08657538461538461
-0.012099692307692308
-0.11870215384615385
-0.22175815384615383
-0.26640184615384616
-0.2989458461538462
-0.28392553846153845
-0.23823876923076923
-0.14311015384615386
-0.023782153846153845
0.05570030769230769
0.16251138461538459
0.24428861538461538
0.29748553846153847
0.34275507692307694
0.31000246153846156
0.25138153846153843
0.1506203076923077
0.014185846153846153
-0.10764553846153846
-0.24908676923076922
-0.34963938461538463
-0.39595199999999997
-0.41577046153846153
-0.3767593846153846
-0.2953993846153846
-0.15416676923076922
0.03692492307692308
0.20527753846153846
0.32627446153846157
0.3790541538461539
0.3957433846153846
0.3882332307692308
0.2970683076923077
0.16438892307692307
-0.012516923076923077
-0.19380369230769232
-0.2962338461538461
-0.36257353846153845
-0.35235138461538457
-0.28663753846153844
-0.19025723076923076
-0.03275261538461539
0.11599015384615384
0.2517987692307692
0.3650769230769231
0.4151446153846154
0.4026276923076923
0.3170953846153846
0.1829556923076923
0.02273907692307692
-0.15291507692307693
-0.28350830769230767
-0.36403384615384615
-0.3980381538461538
-0.38030584615384616
-0.3342018461538461
-0.2357353846153846
-0.12412615384615384
-0.010848
0.111192
0.1802436923076923
0.22321846153846153
0.2480436923076923
0.23531815384615382
0.19651569230769228
0.11870215384615385
0.03337846153846154
-0.03504738461538461
-0.10514215384615383
-0.15646153846153846
-0.18086953846153844
-0.1846246153846154
-0.14164984615384615
-0.07739630769230768
0.009387692307692307
0.11223507692307692
0.1942209230769231
0.25972615384615383
0.2724516923076923
0.2492953846153846
0.206112
0.14144123076923076
0.08615815384615384
0.0012516923076923076
-0.09053907692307692
-0.15792184615384616
-0.20506892307692307
-0.19797599999999999
-0.18379015384615385
-0.18545907692307692
-0.1785747692307692
-0.16480615384615382
-0.11098338461538461
-0.03379569230769231
0.03024923076923077
0.07343261538461537
0.08699261538461538
0.10243015384615384
0.1151556923076923
0.10472492307692308
0.07739630769230768
0.01043076923076923
-0.06863446153846153
-0.12642092307692307
-0.15520984615384617
-0.14457046153846154
-0.12704676923076924
-0.09909230769230769
-0.058829538461538454
-0.015228923076923076
0.044435076923076924
0.10159569230769232
0.132888
0.12975876923076923
0.10681107692307691
0.100344
0.111192
0.12120553846153845
0.10472492307692308
0.051528
-0.007927384615384614
-0.05277969230769231
-0.058412307692307694
-0.04693846153846153
-0.059664
-0.07155507692307693
-0.06717415384615384
-0.03150092307692308
0.03838523076923077
0.08991323076923076
0.124752
0.14311015384615386
0.14957723076923077
0.17440246153846153
0.19171753846153847
0.19296923076923078
0.1779489230769231
0.14999446153846155
0.12704676923076924
0.1097316923076923
0.10055261538461538
0.08073415384615384
0.045895384615384616
0.016272
-0.0006258461538461538
-0.0006258461538461538
0.0029206153846153843
-0.01043076923076923
-0.02795446153846154
-0.03629907692307692
-0.03421292307692308
-0.0043809230769230765
0.03483876923076923
0.06550523076923077
0.07468430769230769
0.06404492307692307
0.05799507692307692
0.046104
0.01814953846153846
-0.02795446153846154
-0.09241661538461539
-0.14999446153846155
-0.18170399999999998
-0.19547261538461536
-0.18149538461538461
-0.1585476923076923
-0.12350030769230769
-0.06759138461538462
-0.003129230769230769
0.06759138461538462
0.11286092307692308
0.13226215384615383
0.13747753846153846
0.13706030769230768
0.13726892307692307
0.12391753846153845
0.10055261538461538
0.07364123076923076
0.041514461538461535
0.017315076923076923
-0.005215384615384615
-0.02586830769230769
-0.04088861538461538
-0.04985907692307692
-0.044435076923076924
-0.029206153846153847
-0.014394461538461538
0.002712
0.017523692307692306
0.02023569230769231
0.029832
0.03713353846153846
0.031918153846153846
0.012308307692307691
-0.02232184615384615
-0.06028984615384615
-0.09763200000000001
-0.12120553846153845
-0.13309661538461537
-0.14018953846153845
-0.14540492307692307
-0.13914646153846155
-0.111192
-0.07051199999999999
-0.027745846153846152
0.011265230769230769
0.050067692307692306
0.08469784615384615
0.11160923076923077
0.12454338461538461
0.11599015384615384
0.08699261538461538
0.049233230769230765
0.011473846153846154
-0.03066646153846154
-0.06425353846153846
-0.09825784615384614
-0.12329169230769231
-0.11724184615384614
-0.09700615384615385
-0.05090215384615384
0.0077187692307692304
0.0609156923076923
0.1178676923076923
0.16188553846153847
0.19150892307692308
0.19568123076923075
0.15875630769230767
0.09909230769230769
0.029832
-0.03942830769230769
-0.09846646153846153
-0.13789476923076924
-0.14206707692307693
-0.11765907692307691
-0.0609156923076923
0.011265230769230769
0.08302892307692307
0.15917353846153848
0.20548615384615385
0.22551323076923077
0.21487384615384614
0.1696043076923077
0.11348676923076922
0.04214030769230769
-0.02524246153846154
-0.07051199999999999
-0.09304246153846155
-0.09095630769230768
-0.06383630769230769
-0.021696
0.027328615384615382
0.08302892307692307
0.12955015384615384
0.15291507692307693
0.15354092307692307
0.12662953846153846
0.07969107692307692
0.02232184615384615
-0.045895384615384616
-0.10660246153846153
-0.15395815384615386
-0.18253846153846154
-0.1777403076923077
-0.14749107692307692
-0.09825784615384614
-0.04193169230769231
0.010848
0.058412307692307694
0.09158215384615384
0.10910584615384614
0.10931446153846153
0.09429415384615383
0.06446215384615385
0.03233538461538461
0.011056615384615385
-0.0016689230769230767
-0.003129230769230769
0.005841230769230769
0.013142769230769229
0.015437538461538461
0.021278769230769233
0.02023569230769231
0.014394461538461538
0.003755076923076923
-0.022947692307692308
-0.05027630769230769
-0.07760492307692309
-0.09679753846153846
-0.10535076923076922
-0.11807630769230769
-0.11390399999999999
-0.08720123076923077
-0.05444861538461539
-0.017315076923076923
0.011473846153846154
0.017940923076923077
0.011891076923076923
-0.0006258461538461538
-0.01814953846153846
-0.041514461538461535
-0.0717636923076923
-0.09658892307692307
-0.10055261538461538
-0.08761846153846153
-0.06988615384615385
-0.03984553846153846
0.0033378461538461535
0.05194523076923077
0.11077476923076923
0.1637630769230769
0.19672430769230767
0.20298276923076922
0.18086953846153844
0.15208061538461537
0.11536430769230768
0.07802215384615384
0.03838523076923077
-0.011265230769230769
-0.05027630769230769
-0.06946892307692307
-0.06529661538461538
-0.03921969230769231
0.005424
0.056951999999999996
0.100344
0.1356
0.168144
0.18086953846153844
0.16730953846153845
0.12537784615384615
0.0609156923076923
-0.003755076923076923
-0.06654830769230768
-0.1178676923076923
-0.15291507692307693
-0.17315076923076922
-0.16501476923076921
-0.12996738461538462
-0.06905169230769231
0.007927384615384614
0.07468430769230769
0.13205353846153844
0.17148184615384612
0.1869193846153846
0.17815753846153848
0.12934153846153845
0.05674338461538461
-0.026076923076923077
-0.09971815384615385
-0.1476996923076923
-0.173568
-0.1718990769230769
-0.14081538461538462
-0.084072
-0.003129230769230769
0.08386338461538462
0.15291507692307693
0.1927606153846154
0.18170399999999998
0.13726892307692307
0.0609156923076923
-0.037342153846153844
-0.12642092307692307
-0.21174461538461536
-0.2682793846153846
-0.28955815384615385
-0.26535876923076923
-0.18963138461538462
-0.09992676923076924
-0.003755076923076923
0.08845292307692308
0.16042523076923076
0.2221753846153846
0.25805723076923076
0.25451076923076926
0.21779446153846155
0.1504116923076923
0.07510153846153846
0.0022947692307692304
-0.06738276923076922
-0.13038461538461538
-0.18358153846153846
-0.20339999999999997
-0.18379015384615385
-0.12224861538461537
-0.03755076923076923
0.04422646153846154
0.10597661538461538
0.14561353846153846
0.15750461538461538
0.1424843076923077
0.10347323076923076
0.03755076923076923
0.007301538461538462
-0.015646153846153844
0.08574092307692306
0.18170399999999998
0.13330523076923076
0.16897846153846155
0.13893784615384613
0.13205353846153844
0.11494707692307692
-0.042974769230769226
-0.1829556923076923
-0.36904061538461536
-0.428496
-0.417648
-0.40346215384615386
-0.3193901538461538
-0.26348123076923075
-0.07030338461538461
0.1489513846153846
0.3460929230769231
0.5380190769230769
0.5209126153846153
0.46354338461538463
0.35276861538461535
0.1570873846153846
0.01043076923076923
-0.22029784615384615
-0.40575692307692307
-0.520704
-0.6519230769230768
-0.5820369230769231
-0.4372578461538461
-0.2540935384615385
-0.006467076923076923
0.15604430769230768
0.32836061538461536
0.4453938461538462
0.5058923076923076
0.5426086153846154
0.43579753846153846
0.26306399999999996
0.07343261538461537
-0.0855323076923077
-0.19547261538461536
-0.3473446153846154
-0.47126215384615383
-0.5457378461538461
-0.5403138461538461
-0.38677292307692307
-0.2225926153846154
-0.06258461538461538
0.10117846153846152
0.22447015384615385
0.38072307692307694
0.48336184615384614
0.4923323076923077
0.4585366153846154
0.33816553846153846
0.23156307692307693
0.15750461538461538
0.07468430769230769
0.007301538461538462
-0.08699261538461538
-0.15750461538461538
-0.20861538461538462
-0.23677846153846152
-0.22467876923076924
-0.20840676923076923
-0.14457046153846154
-0.08782707692307692
-0.008136
0.15187199999999998
0.28851507692307693
0.4128498461538462
0.4977563076923077
0.49921661538461537
0.4733483076923077
0.3836436923076923
0.25367630769230765
0.0974233846153846
-0.10806276923076923
-0.25430215384615384
-0.33587076923076925
-0.37884553846153846
-0.3813489230769231
-0.36570276923076916
-0.2703655384615385
-0.10514215384615383
0.08887015384615385
0.2780843076923077
0.41493599999999997
0.5248763076923078
0.5649304615384615
0.5280055384615384
0.45624184615384616
0.2914356923076923
0.09450276923076922
-0.09450276923076922
-0.28955815384615385
-0.3957433846153846
-0.4418473846153846
-0.43058215384615384
-0.3442153846153846
-0.2497126153846154
-0.10389046153846154
0.06967753846153846
0.2205064615384615
0.33962584615384617
0.3780110769230769
0.3577753846153846
0.2768326153846154
0.16835261538461538
0.06946892307692307
-0.06195876923076923
-0.184416
-0.2999889230769231
-0.37550769230769226
-0.3590270769230769
-0.3079163076923077
-0.20778092307692309
-0.09408553846153846
0.005215384615384615
0.14060676923076923
0.26160369230769226
0.327108923076923
0.33315876923076926
0.2703655384615385
0.19964492307692308
0.13476553846153844
0.06362769230769232
0.006258461538461538
-0.05736923076923077
-0.09971815384615385
-0.11348676923076922
-0.08866153846153846
-0.025033846153846153
0.006258461538461538
0.03066646153846154
0.042557538461538466
0.027328615384615382
0.027328615384615382
0.0002086153846153846
-0.016897846153846156
-0.028788923076923077
-0.08782707692307692
-0.12245723076923076
-0.13914646153846155
-0.1316363076923077
-0.08344615384615384
-0.06028984615384615
-0.027120000000000002
0.024408000000000003
0.06279323076923077
0.10743692307692307
0.1136953846153846
0.08845292307692308
0.03838523076923077
-0.03442153846153846
-0.08302892307692307
-0.14269292307692305
-0.19797599999999999
-0.23218892307692307
-0.249504
-0.214248
-0.16876984615384616
-0.11202646153846153
-0.041514461538461535
0.013351384615384614
0.07614461538461538
0.10910584615384614
0.11807630769230769
0.1356
0.12016246153846154
0.07489292307692308
0.01043076923076923
-0.05090215384615384
-0.08907876923076924
-0.1287156923076923
-0.14916
-0.14957723076923077
-0.14916
-0.1395636923076923
-0.12141415384615384
-0.0717636923076923
-0.018358153846153843
0.020027076923076922
0.07614461538461538
0.13101046153846155
0.18107815384615383
0.21111876923076925
0.2125790769230769
0.2127876923076923
0.19150892307692308
0.14957723076923077
0.10347323076923076
0.04693846153846153
-0.0022947692307692304
-0.03692492307692308
-0.05945538461538461
-0.05924676923076923
-0.04860738461538461
-0.01981846153846154
0.030040615384615384
0.0855323076923077
0.14311015384615386
0.1873366153846154
0.2275993846153846
0.26118646153846153
0.273912
0.25764
0.20527753846153846
0.130176
0.038176615384615385
-0.05528307692307692
-0.13622584615384614
-0.2090326153846154
-0.25200738461538463
-0.24470584615384613
-0.19359507692307693
-0.0974233846153846
0.017940923076923077
0.12934153846153845
0.23510953846153848
0.31229723076923077
0.3577753846153846
0.3686233846153846
0.3316984615384615
0.2426196923076923
0.11223507692307692
-0.027745846153846152
-0.16063384615384615
-0.25555384615384613
-0.2937304615384615
-0.2989458461538462
-0.2666104615384615
-0.19755876923076923
-0.10159569230769232
0.011891076923076923
0.11098338461538461
0.18483323076923078
0.21883753846153844
0.21070153846153844
0.1783661538461538
0.11974523076923077
0.043600615384615383
-0.04547815384615384
-0.13247076923076923
-0.18629353846153843
-0.21174461538461536
-0.20944984615384615
-0.19025723076923076
-0.16292861538461537
-0.11724184615384614
-0.06946892307692307
-0.02357353846153846
0.015020307692307692
0.03024923076923077
0.02753723076923077
0.0035464615384615383
-0.030040615384615384
-0.05799507692307692
-0.08594953846153845
-0.10389046153846154
-0.11160923076923077
-0.103056
-0.07343261538461537
-0.04401784615384615
-0.021070153846153846
-0.013560000000000001
-0.015646153846153844
-0.024408000000000003
-0.04214030769230769
-0.051319384615384614
-0.06571384615384615
-0.08115138461538463
-0.08615815384615384
-0.07906523076923076
-0.05048492307692308
-0.02211323076923077
-0.0033378461538461535
0.012308307692307691
0.023990769230769232
0.035255999999999996
0.03984553846153846
0.031918153846153846
0.021904615384615383
0.012099692307692308
0.0043809230769230765
0.008344615384615384
0.015020307692307692
0.015228923076923076
0.0012516923076923076
-0.011056615384615385
-0.005424
0.016272
0.044435076923076924
0.061124307692307686
0.06821723076923077
0.059664
0.047772923076923074
0.04318338461538461
0.040262769230769234
0.042974769230769226
0.04172307692307692
0.047981538461538464
0.07343261538461537
0.09930092307692308
0.12350030769230769
0.1314276923076923
0.11411261538461538
0.09784061538461537
0.07551876923076924
0.043600615384615383
0.002086153846153846
-0.05090215384615384
-0.09033046153846153
-0.11181784615384616
-0.10952307692307692
-0.07468430769230769
-0.03483876923076923
0.007301538461538462
0.06341907692307691
0.11557292307692307
0.16626646153846153
0.19881046153846152
0.19860184615384616
0.17169046153846151
0.11578153846153846
0.05298830769230769
-0.009179076923076922
-0.06821723076923077
-0.12308307692307692
-0.1652233846153846
-0.1712732307692308
-0.14477907692307693
-0.09512861538461538
-0.03337846153846154
0.02858030769230769
0.08866153846153846
0.14749107692307692
0.19526400000000002
0.22530461538461538
0.22196676923076922
0.18212123076923076
0.12934153846153845
0.06404492307692307
-0.006258461538461538
-0.08135999999999999
-0.15771323076923077
-0.21612553846153845
-0.24908676923076922
-0.25117292307692307
-0.22718215384615387
-0.17732307692307692
-0.1151556923076923
-0.04860738461538461
0.022947692307692308
0.08845292307692308
0.14018953846153845
0.16334584615384617
0.15228923076923076
0.12141415384615384
0.07656184615384615
0.019609846153846155
-0.040679999999999994
-0.10430769230769231
-0.15792184615384616
-0.19568123076923075
-0.21716861538461538
-0.206112
-0.1721076923076923
-0.12808984615384614
-0.06738276923076922
0.007927384615384614
0.0936683076923077
0.17294215384615383
0.2330233846153846
0.25972615384615383
0.2453316923076923
0.19985353846153847
0.12808984615384614
0.040054153846153843
-0.058412307692307694
-0.1489513846153846
-0.2127876923076923
-0.24282830769230768
-0.238656
-0.2059033846153846
-0.14665661538461539
-0.065088
0.032544
0.13247076923076923
0.21716861538461538
0.2699483076923077
0.28663753846153844
0.2864289230769231
0.2724516923076923
0.22196676923076922
0.14811692307692306
0.061124307692307686
-0.03609046153846154
-0.12996738461538462
-0.2090326153846154
-0.249504
-0.2572227692307692
-0.24470584615384613
-0.20632061538461538
-0.14206707692307693
-0.05590892307692308
0.033169846153846154
0.10848000000000001
0.16292861538461537
0.18629353846153843
0.19505538461538463
0.1787833846153846
0.13893784615384613
0.08782707692307692
0.00855323076923077
-0.06800861538461538
-0.1314276923076923
-0.17315076923076922
-0.1873366153846154
-0.19025723076923076
-0.17148184615384612
-0.132888
-0.06821723076923077
0.0016689230769230767
0.06154153846153846
0.12016246153846154
0.16042523076923076
0.19004861538461537
0.2157083076923077
0.22572184615384616
0.21633415384615384
0.18399876923076922
0.1506203076923077
0.1287156923076923
0.09554584615384615
0.059664
0.017523692307692306
-0.018775384615384614
-0.04547815384615384
-0.06383630769230769
-0.05945538461538461
-0.04672984615384615
-0.025033846153846153
-0.005215384615384615
0.005841230769230769
0.005215384615384615
-0.017732307692307693
-0.08511507692307693
-0.13205353846153844
-0.124752
-0.0717636923076923
0.04693846153846153
0.1873366153846154
0.36799753846153843
0.5436516923076923
0.6742449230769231
0.7564393846153846
0.7449655384615385
0.5997692307692307
0.3248141538461538
0.07030338461538461
-0.17440246153846153
-0.3790541538461539
-0.4956701538461538
-0.5866264615384615
-0.5378104615384616
-0.39970707692307694
-0.17982646153846152
0.09283384615384616
0.2906012307692308
0.431208
0.46896738461538456
0.43704923076923075
0.3412947692307692
0.17169046153846151
-0.055491692307692304
-0.3246055384615385
-0.5140283076923077
-0.6097827692307692
-0.5941366153846154
-0.45791076923076923
-0.2868461538461538
-0.07197230769230768
0.11160923076923077
0.2424110769230769
0.36611999999999995
0.37029230769230764
0.2730775384615384
0.1368516923076923
-0.027120000000000002
-0.12266584615384615
-0.15833907692307692
-0.14540492307692307
-0.09825784615384614
-0.07593599999999999
-0.03713353846153846
0.01043076923076923
0.053614153846153846
0.06592246153846154
0.020652923076923076
-0.03713353846153846
-0.11286092307692308
-0.16647507692307692
-0.19797599999999999
-0.2526332307692308
-0.2789187692307692
-0.26681907692307694
-0.20715507692307691
-0.07468430769230769
0.08094276923076923
0.23886461538461537
0.37029230769230764
0.4151446153846154
0.3942830769230769
0.30666461538461537
0.12704676923076924
-0.10201292307692307
-0.3277347692307692
-0.497964923076923
-0.5630529230769231
-0.504432
-0.3419206153846154
-0.10514215384615383
0.15833907692307692
0.4022104615384615
0.6239686153846153
0.7643667692307692
0.7693735384615384
0.6815464615384615
0.5121507692307692
0.29748553846153847
0.08949599999999999
-0.11265230769230769
-0.2651501538461538
-0.3550633846153846
-0.38301784615384615
-0.3275261538461538
-0.21633415384615384
-0.06279323076923077
0.10555938461538462
0.2626467692307692
0.40033292307692303
0.48064984615384615
0.4877427692307692
0.40033292307692303
0.2497126153846154
0.07238953846153846
-0.12266584615384615
-0.276624
-0.38072307692307694
-0.444768
-0.442056
-0.3813489230769231
-0.2939390769230769
-0.16710092307692306
-0.052571076923076915
0.01668923076923077
0.05090215384615384
0.027745846153846152
-0.0002086153846153846
-0.03129230769230769
-0.07927384615384615
-0.10576799999999999
-0.1136953846153846
-0.0961716923076923
-0.03692492307692308
0.04401784615384615
0.1045163076923077
0.12370892307692308
0.10576799999999999
0.05757784615384615
0.0008344615384615384
-0.07009476923076922
-0.15896492307692306
-0.23093723076923076
-0.2730775384615384
-0.2689052307692308
-0.19818461538461538
-0.09721476923076922
0.01668923076923077
0.1435273846153846
0.24720923076923076
0.328152
0.36382523076923073
0.33315876923076926
0.25159015384615385
0.119328
-0.04401784615384615
-0.20819815384615384
-0.3517255384615385
-0.45269538461538456
-0.4985907692307692
-0.48190153846153844
-0.3972036923076923
-0.23761292307692305
-0.03066646153846154
0.16188553846153847
0.32564861538461537
0.43809230769230767
0.4681329230769231
0.4518609230769231
0.3846867692307692
0.268488
0.1395636923076923
0.0016689230769230767
-0.09846646153846153
-0.14081538461538462
-0.14081538461538462
-0.0974233846153846
-0.02858030769230769
0.05507446153846154
0.1462393846153846
0.20861538461538462
0.22530461538461538
0.20047938461538461
0.13852061538461538
0.051528
-0.04568676923076923
-0.12558646153846154
-0.19025723076923076
-0.2292683076923077
-0.235944
-0.20715507692307691
-0.1358086153846154
-0.04526953846153846
0.06008123076923077
0.16042523076923076
0.22447015384615385
0.23615261538461538
0.1990190769230769
0.12391753846153845
0.011891076923076923
-0.10076123076923077
-0.20819815384615384
-0.29080984615384614
-0.3202246153846154
-0.3039526153846154
-0.21716861538461538
-0.09971815384615385
0.021487384615384613
0.13101046153846155
0.1923433846153846
0.20652923076923077
0.16418030769230768
0.08365476923076923
-0.018775384615384614
-0.119328
-0.19359507692307693
-0.241368
-0.241368
-0.20402584615384614
-0.14832553846153845
-0.07113784615384615
-0.005215384615384615
0.052153846153846155
0.0974233846153846
0.11035753846153845
0.100344
0.051319384615384614
-0.011265230769230769
-0.065088
-0.11035753846153845
-0.13351384615384615
-0.13789476923076924
-0.11953661538461538
-0.07405846153846153
-0.014185846153846153
0.049233230769230765
0.09909230769230769
0.12016246153846154
0.11724184615384614
0.08636676923076922
0.04193169230769231
0.0016689230769230767
-0.034630153846153845
-0.06946892307692307
-0.09825784615384614
-0.09825784615384614
-0.06571384615384615
-0.01272553846153846
0.04735569230769231
0.09846646153846153
0.1218313846153846
0.12621230769230768
0.111192
0.07739630769230768
0.040262769230769234
-0.026285538461538457
-0.10535076923076922
-0.1718990769230769
-0.2125790769230769
-0.21111876923076925
-0.18337292307692307
-0.12350030769230769
-0.04714707692307692
0.03880246153846154
0.13101046153846155
0.20465169230769228
0.2574313846153846
0.26932246153846157
0.23969907692307693
0.1802436923076923
0.10430769230769231
0.03629907692307692
-0.025659692307692307
-0.07635323076923077
-0.10430769230769231
-0.09909230769230769
-0.05736923076923077
0.002712
0.06529661538461538
0.11536430769230768
0.14978584615384616
0.16501476923076921
0.15687876923076924
0.12642092307692307
0.08115138461538463
0.03901107692307692
-0.0012516923076923076
-0.026911384615384615
-0.03129230769230769
-0.03108369230769231
-0.01981846153846154
0.005632615384615384
0.04526953846153846
0.09158215384615384
0.12391753846153845
0.13205353846153844
0.11640738461538462
0.07802215384615384
0.03400430769230769
-0.006049846153846154
-0.04088861538461538
-0.06028984615384615
-0.059872615384615385
-0.02315630769230769
0.04380923076923077
0.12433476923076923
0.19380369230769232
0.23823876923076923
0.2716172307692308
0.28768061538461537
0.2705741538461538
0.2154996923076923
0.12808984615384614
0.03024923076923077
-0.06049846153846154
-0.12913292307692306
-0.16084246153846155
-0.15917353846153848
-0.13393107692307693
-0.0934596923076923
-0.03066646153846154
0.042557538461538466
0.11745046153846153
0.16730953846153845
0.1775316923076923
0.15291507692307693
0.10243015384615384
0.06279323076923077
0.015646153846153844
-0.04214030769230769
-0.10055261538461538
-0.14457046153846154
-0.14853415384615384
-0.12350030769230769
-0.0826116923076923
-0.042348923076923076
-0.006884307692307692
0.03150092307692308
0.07405846153846153
0.10910584615384614
0.12204
0.1028473846153846
0.06404492307692307
0.024199384615384616
-0.0004172307692307692
-0.0006258461538461538
0.006884307692307692
0.02086153846153846
0.035255999999999996
0.052571076923076915
0.07739630769230768
0.08302892307692307
0.06341907692307691
0.013351384615384614
-0.053405538461538456
-0.11494707692307692
-0.15938215384615384
-0.17648861538461538
-0.17565415384615385
-0.15228923076923076
-0.09825784615384614
-0.008344615384615384
0.10347323076923076
0.19985353846153847
0.26368984615384616
0.2891409230769231
0.2782929230769231
0.2517987692307692
0.20235692307692305
0.1218313846153846
0.03045784615384615
-0.07092923076923077
-0.15124615384615384
-0.1908830769230769
-0.1977673846153846
-0.1718990769230769
-0.1341396923076923
-0.08386338461538462
-0.015854769230769228
0.065088
0.14811692307692306
0.20632061538461538
0.22175815384615383
0.20527753846153846
0.16626646153846153
0.10409907692307692
0.029623384615384614
-0.05319692307692307
-0.12913292307692306
-0.18066092307692305
-0.19693292307692306
-0.1704387692307692
-0.12537784615384615
-0.07259815384615384
-0.02753723076923077
0.005841230769230769
0.03379569230769231
0.03671630769230769
0.01940123076923077
-0.01856676923076923
-0.07072061538461538
-0.11077476923076923
-0.12662953846153846
-0.119328
-0.09429415384615383
-0.06446215384615385
-0.024199384615384616
0.02795446153846154
0.07364123076923076
0.11098338461538461
0.1287156923076923
0.12704676923076924
0.1136953846153846
0.09533723076923077
0.07885661538461539
0.054657230769230764
0.025033846153846153
0.002086153846153846
-0.006258461538461538
0.008136
0.03358707692307692
0.05674338461538461
0.06863446153846153
0.0744756923076923
0.07426707692307692
0.061124307692307686
0.03755076923076923
-0.0077187692307692304
-0.06738276923076922
-0.1218313846153846
-0.16084246153846155
-0.1787833846153846
-0.18149538461538461
-0.17648861538461538
-0.15562707692307692
-0.116616
-0.058829538461538454
0.008344615384615384
0.05486584615384615
0.0855323076923077
0.092208
0.08761846153846153
0.07572738461538461
0.04526953846153846
0.014603076923076923
-0.027328615384615382
-0.05027630769230769
-0.043392
-0.020652923076923076
0.012934153846153845
0.03400430769230769
0.04547815384615384
0.04819015384615385
0.035255999999999996
0.017940923076923077
-0.01272553846153846
-0.06279323076923077
-0.10597661538461538
-0.13330523076923076
-0.1316363076923077
-0.10952307692307692
-0.08323753846153846
-0.04631261538461538
-0.009596307692307692
0.03275261538461539
0.07906523076923076
0.10827138461538462
0.111192
0.07697907692307693
0.024199384615384616
-0.032544
-0.10514215384615383
-0.19004861538461537
-0.2943563076923077
-0.3984553846153846
-0.47313969230769226
-0.44268184615384615
-0.31396615384615384
-0.12913292307692306
0.10827138461538462
0.314592
0.5392707692307692
0.7337003076923077
0.8592867692307692
0.8793138461538462
0.7157593846153846
0.47272246153846154
0.17711446153846155
-0.1097316923076923
-0.39678646153846153
-0.6611021538461538
-0.8359218461538461
-0.9183249230769229
-0.8317495384615384
-0.6258461538461538
-0.3410861538461538
-0.01272553846153846
0.29080984615384614
0.5436516923076923
0.7053286153846154
0.7366209230769231
0.6429526153846153
0.44122153846153844
0.13726892307692307
-0.1718990769230769
-0.4478972307692307
-0.6379458461538461
-0.6923944615384616
-0.6517144615384615
-0.500676923076923
-0.30061476923076924
-0.07802215384615384
0.154584
0.32627446153846157
0.4184824615384615
0.428496
0.3798886153846154
0.3102110769230769
0.23448369230769228
0.1531236923076923
0.06028984615384615
-0.04672984615384615
-0.12934153846153845
-0.18316430769230768
-0.22405292307692307
-0.26765353846153844
-0.3062473846153846
-0.2912270769230769
-0.25138153846153843
-0.20360861538461536
-0.14477907692307693
-0.10743692307692307
-0.06967753846153846
-0.030040615384615384
0.015228923076923076
0.07781353846153846
0.13267938461538462
0.19463815384615382
0.25117292307692307
0.2916443076923077
0.2830910769230769
0.21466523076923077
0.12016246153846154
-0.011891076923076923
-0.14477907692307693
-0.25430215384615384
-0.3350363076923077
-0.3375396923076923
-0.26452430769230767
-0.12600369230769232
0.07614461538461538
0.2845513846153846
0.48586523076923077
0.6341907692307692
0.6763310769230769
0.6398233846153846
0.531552
0.3775938461538461
0.1992276923076923
0.006884307692307692
-0.16105107692307694
-0.27453784615384613
-0.3148006153846154
-0.28851507692307693
-0.22572184615384616
-0.12829846153846153
-0.010013538461538461
0.1218313846153846
0.25200738461538463
0.328152
0.3483876923076923
0.3116713846153846
0.22947692307692308
0.13309661538461537
0.015437538461538461
-0.09283384615384616
-0.16730953846153845
-0.2205064615384615
-0.2303113846153846
-0.18107815384615383
-0.08761846153846153
0.03129230769230769
0.14164984615384615
0.22300984615384614
0.26097784615384617
0.241368
0.1777403076923077
0.07969107692307692
-0.02795446153846154
-0.12913292307692306
-0.20152246153846154
-0.22593046153846155
-0.21174461538461536
-0.15959076923076923
-0.08991323076923076
-0.01856676923076923
0.052153846153846155
0.10472492307692308
0.130176
0.1136953846153846
0.04380923076923077
-0.040054153846153843
-0.11891076923076922
-0.1923433846153846
-0.24199384615384617
-0.26723630769230766
-0.2563883076923077
-0.2008966153846154
-0.10222153846153846
0.01981846153846154
0.13476553846153844
0.23782153846153845
0.3187643076923077
0.3604873846153846
0.34588430769230766
0.26118646153846153
0.1356
-0.0043809230769230765
-0.13893784615384613
-0.23823876923076923
-0.30374399999999996
-0.31918153846153846
-0.27453784615384613
-0.18942276923076923
-0.0717636923076923
0.05757784615384615
0.16292861538461537
0.23823876923076923
0.287472
0.29873723076923075
0.2655673846153846
0.1783661538461538
0.06571384615384615
-0.04276615384615385
-0.14018953846153845
-0.19296923076923078
-0.20506892307692307
-0.18358153846153846
-0.13852061538461538
-0.08302892307692307
-0.013142769230769229
0.04735569230769231
0.086784
0.10263876923076923
0.08219446153846154
0.048816000000000005
0.015854769230769228
-0.019609846153846155
-0.03838523076923077
-0.05277969230769231
-0.06028984615384615
-0.040054153846153843
0.0043809230769230765
0.07635323076923077
0.15416676923076922
0.19881046153846152
0.2073636923076923
0.1846246153846154
0.12704676923076924
0.051319384615384614
-0.04047138461538462
-0.1368516923076923
-0.21758584615384616
-0.27412061538461535
-0.2830910769230769
-0.2436627692307692
-0.17023015384615386
-0.07510153846153846
0.020652923076923076
0.10493353846153847
0.1652233846153846
0.1923433846153846
0.18253846153846154
0.13497415384615385
0.07238953846153846
0.0018775384615384615
-0.06070707692307692
-0.10222153846153846
-0.12579507692307693
-0.11953661538461538
-0.08657538461538461
-0.028163076923076923
0.05444861538461539
0.13747753846153846
0.20131384615384615
0.22822523076923076
0.22154953846153846
0.19839323076923077
0.16251138461538459
0.11995384615384615
0.05820369230769231
0.0006258461538461538
-0.03692492307692308
-0.05277969230769231
-0.037342153846153844
-0.010013538461538461
0.02586830769230769
0.06341907692307691
0.09575446153846154
0.11703323076923078
0.12496061538461539
0.11077476923076923
0.06821723076923077
0.013768615384615384
-0.042557538461538466
-0.09074769230769231
-0.1218313846153846
-0.12767261538461538
-0.10868861538461538
-0.06759138461538462
-0.014394461538461538
0.04902461538461538
0.10368184615384615
0.1368516923076923
0.15646153846153846
0.14394461538461537
0.1070196923076923
0.05319692307692307
-0.009804923076923077
-0.06300184615384616
-0.10848000000000001
-0.13664307692307692
-0.13601723076923075
-0.1045163076923077
-0.06154153846153846
-0.018358153846153843
0.021070153846153846
0.05173661538461538
0.08010830769230769
0.09283384615384616
0.08636676923076922
0.05736923076923077
0.013560000000000001
-0.02858030769230769
-0.073224
-0.111192
-0.1424843076923077
-0.15875630769230767
-0.15813046153846153
-0.13706030769230768
-0.10681107692307691
-0.0798996923076923
-0.05319692307692307
-0.03567323076923076
-0.02044430769230769
-0.010848
-0.0025033846153846152
0.003963692307692307
0.006884307692307692
0.0077187692307692304
0.015437538461538461
0.028788923076923077
0.03024923076923077
0.020652923076923076
0.004589538461538461
-0.01397723076923077
-0.04109723076923077
-0.073224
-0.10994030769230768
-0.1368516923076923
-0.14916
-0.14144123076923076
-0.09930092307692308
-0.041514461538461535
0.02524246153846154
0.08219446153846154
0.12120553846153845
0.14311015384615386
0.14185846153846154
0.11578153846153846
0.056951999999999996
-0.017940923076923077
-0.10180430769230768
-0.17315076923076922
-0.21320492307692307
-0.2209236923076923
-0.19067446153846154
-0.12454338461538461
-0.02524246153846154
0.0880356923076923
0.19463815384615382
0.26160369230769226
0.2832996923076923
0.26222953846153846
0.2021483076923077
0.12245723076923076
0.027120000000000002
-0.06529661538461538
-0.14603076923076924
-0.20673784615384616
-0.23052
-0.21591692307692306
-0.16981292307692308
-0.10514215384615383
-0.02232184615384615
0.06362769230769232
0.12767261538461538
0.16418030769230768
0.154584
0.11181784615384616
0.04902461538461538
-0.029414769230769227
-0.1028473846153846
-0.1612596923076923
-0.20027076923076922
-0.2207150769230769
-0.20444307692307692
-0.15187199999999998
-0.07489292307692308
0.008761846153846153
0.078648
0.12245723076923076
0.1368516923076923
0.12683815384615382
0.09679753846153846
0.05236246153846154
-0.007510153846153846
-0.06195876923076923
-0.09179076923076923
-0.0828203076923077
-0.04047138461538462
0.01814953846153846
0.08615815384615384
0.15145476923076923
0.20402584615384614
0.2411593846153846
0.25764
0.23469230769230767
0.17461107692307692
0.09304246153846155
0.0008344615384615384
-0.07551876923076924
-0.1435273846153846
-0.1990190769230769
-0.2209236923076923
-0.21612553846153845
-0.1783661538461538
-0.1218313846153846
-0.05924676923076923
0.002086153846153846
0.058412307692307694
0.11411261538461538
0.15813046153846153
0.18858830769230767
0.1913003076923077
0.16626646153846153
0.1368516923076923
0.10368184615384615
0.06884307692307692
0.024408000000000003
-0.028788923076923077
-0.07969107692307692
-0.12245723076923076
-0.1397723076923077
-0.138312
-0.12329169230769231
-0.09450276923076922
-0.051528
0.015020307692307692
0.09053907692307692
0.1597993846153846
0.20819815384615384
0.22655630769230767
0.21988061538461537
0.19568123076923075
0.15813046153846153
0.09930092307692308
0.02086153846153846
-0.06487938461538462
-0.14123261538461537
-0.18858830769230767
-0.20506892307692307
-0.19150892307692308
-0.157296
-0.10076123076923077
-0.014185846153846153
0.08073415384615384
0.17628
0.25847446153846154
0.3077076923076923
0.3239796923076923
0.317304
0.2837169230769231
0.22467876923076924
0.13267938461538462
0.014811692307692307
-0.0936683076923077
-0.1846246153846154
-0.23406646153846156
-0.25555384615384613
-0.2492953846153846
-0.21132738461538458
-0.143736
-0.03880246153846154
0.0771876923076923
0.19004861538461537
0.27453784615384613
0.31688676923076925
0.3225193846153846
0.2943563076923077
0.22300984615384614
0.11807630769230769
-0.002086153846153846
-0.12162276923076921
-0.21633415384615384
-0.27975323076923075
-0.30144923076923075
-0.2931046153846154
-0.25972615384615383
-0.19046584615384615
-0.09408553846153846
0.02315630769230769
0.1397723076923077
0.23406646153846156
0.2995716923076923
0.33607938461538456
0.35005661538461535
0.3239796923076923
0.25471938461538457
0.1502030769230769
0.022947692307692308
-0.08740984615384616
-0.1710646153846154
-0.2154996923076923
-0.22300984615384614
-0.20944984615384615
-0.15520984615384617
-0.07468430769230769
0.017315076923076923
0.09867507692307692
0.13372246153846154
0.13101046153846155
0.09867507692307692
0.058829538461538454
0.0004172307692307692
-0.06967753846153846
-0.12683815384615382
-0.1718990769230769
-0.1585476923076923
-0.10868861538461538
0.056326153846153845
0.1923433846153846
0.20193969230769232
0.27286892307692306
0.27182584615384614
0.2924787692307692
0.27599815384615384
0.12204
-0.019609846153846155
-0.21111876923076925
-0.2774584615384615
-0.3039526153846154
-0.3421292307692308
-0.31229723076923077
-0.30562153846153844
-0.13080184615384613
0.09158215384615384
0.3016578461538461
0.5129852307692307
0.5380190769230769
0.5363501538461538
0.47001046153846154
0.3225193846153846
0.19463815384615382
-0.04172307692307692
-0.23072861538461537
-0.3652855384615385
-0.5086043076923077
-0.46708984615384613
-0.37613353846153846
-0.2532590769230769
-0.07969107692307692
0.013768615384615384
0.12996738461538462
0.20465169230769228
0.24700061538461537
0.2951907692307692
0.2399076923076923
0.15959076923076923
0.06362769230769232
-0.01272553846153846
-0.047772923076923074
-0.14686523076923075
-0.2399076923076923
-0.314592
-0.3473446153846154
-0.2849686153846154
-0.23803015384615384
-0.18650215384615382
-0.11056615384615384
-0.04401784615384615
0.059872615384615385
0.12955015384615384
0.1504116923076923
0.1760713846153846
0.1597993846153846
0.1639716923076923
0.1913003076923077
0.17711446153846155
0.1341396923076923
0.049233230769230765
-0.043392
-0.1476996923076923
-0.25305046153846156
-0.33524492307692305
-0.39324
-0.385104
-0.35339446153846155
-0.27286892307692306
-0.11411261538461538
0.05277969230769231
0.22968553846153844
0.3786369230769231
0.4681329230769231
0.5225815384615384
0.4977563076923077
0.41556184615384617
0.2828824615384615
0.0897046153846154
-0.08115138461538463
-0.23177169230769232
-0.3513083076923077
-0.4253667692307692
-0.4549901538461538
-0.38677292307692307
-0.24679199999999998
-0.06383630769230769
0.12913292307692306
0.30061476923076924
0.4758516923076923
0.6006036923076923
0.6377372307692307
0.5987261538461538
0.4512350769230769
0.25513661538461535
0.05945538461538461
-0.1395636923076923
-0.29331323076923077
-0.40346215384615386
-0.45978830769230766
-0.43412861538461534
-0.3642424615384615
-0.24345415384615382
-0.08469784615384615
0.05382276923076923
0.16105107692307694
0.23406646153846156
0.26494153846153845
0.24491446153846153
0.19818461538461538
0.1356
0.06258461538461538
0.0016689230769230767
-0.054657230769230764
-0.092208
-0.10535076923076922
-0.11953661538461538
-0.11724184615384614
-0.10472492307692308
-0.1045163076923077
-0.09053907692307692
-0.06195876923076923
-0.046104
-0.03859384615384615
-0.022530461538461537
0.017523692307692306
0.08094276923076923
0.13101046153846155
0.16459753846153846
0.18170399999999998
0.1760713846153846
0.15333230769230768
0.11390399999999999
0.05507446153846154
-0.031918153846153846
-0.11724184615384614
-0.19547261538461536
-0.26932246153846157
-0.31188
-0.33566215384615383
-0.31667815384615383
-0.2422024615384615
-0.15604430769230768
-0.042974769230769226
0.08428061538461538
0.19338646153846153
0.2899753846153846
0.3279433846153846
0.30416123076923074
0.24282830769230768
0.1395636923076923
0.02899753846153846
-0.08094276923076923
-0.1779489230769231
-0.24512307692307692
-0.27140861538461536
-0.24428861538461538
-0.19067446153846154
-0.10994030769230768
-0.016480615384615385
0.07030338461538461
0.15124615384615384
0.19442953846153843
0.2056947692307692
0.19442953846153843
0.15520984615384617
0.1136953846153846
0.053614153846153846
-0.014394461538461538
-0.055491692307692304
-0.07134646153846153
-0.06863446153846153
-0.06258461538461538
-0.04422646153846154
-0.003755076923076923
0.042348923076923076
0.08386338461538462
0.09241661538461539
0.06133292307692308
0.016480615384615385
-0.03442153846153846
-0.05590892307692308
-0.05862092307692307
-0.054657230769230764
-0.02315630769230769
0.020027076923076922
0.08740984615384616
0.14832553846153845
0.18379015384615385
0.21195323076923075
0.1994363076923077
0.15813046153846153
0.09804923076923076
0.014394461538461538
-0.06195876923076923
-0.13080184615384613
-0.1792006153846154
-0.19693292307692306
-0.1846246153846154
-0.124752
-0.03984553846153846
0.04965046153846154
0.13309661538461537
0.1846246153846154
0.22300984615384614
0.2374043076923077
0.21007569230769232
0.15291507692307693
0.047981538461538464
-0.05653476923076922
-0.14290153846153844
-0.21174461538461536
-0.23677846153846152
-0.24866953846153847
-0.22801661538461537
-0.15416676923076922
-0.0446436923076923
0.07927384615384615
0.17982646153846152
0.24512307692307692
0.27474646153846155
0.2703655384615385
0.24053353846153847
0.17628
0.084072
-0.017940923076923077
-0.11724184615384614
-0.17982646153846152
-0.20840676923076923
-0.20256553846153844
-0.15082892307692305
-0.09700615384615385
-0.030875076923076922
0.03567323076923076
0.07885661538461539
0.11098338461538461
0.10493353846153847
0.07551876923076924
0.030875076923076922
-0.02586830769230769
-0.07572738461538461
-0.11494707692307692
-0.14415323076923076
-0.1710646153846154
-0.1712732307692308
-0.14039815384615384
-0.10159569230769232
-0.06592246153846154
-0.04276615384615385
-0.01981846153846154
0.0033378461538461535
0.013351384615384614
0.010222153846153844
-0.010222153846153844
-0.04088861538461538
-0.06028984615384615
-0.06049846153846154
-0.04735569230769231
-0.03024923076923077
-0.017523692307692306
-0.010639384615384617
-0.0050067692307692304
0.009179076923076922
0.016897846153846156
0.014185846153846153
0.00855323076923077
-0.008344615384615384
-0.02858030769230769
-0.0448523076923077
-0.053614153846153846
-0.05778646153846154
-0.051319384615384614
-0.032544
0.0
0.04193169230769231
0.07197230769230768
0.08845292307692308
0.08511507692307693
0.06592246153846154
0.03859384615384615
0.0043809230769230765
-0.03337846153846154
-0.08010830769230769
-0.11891076923076922
-0.12683815384615382
-0.10013538461538461
-0.0448523076923077
0.022947692307692308
0.08845292307692308
0.1462393846153846
0.19004861538461537
0.2225926153846154
0.23114584615384615
0.20423446153846153
0.15896492307692306
0.10180430769230768
0.05090215384615384
0.007510153846153846
-0.030040615384615384
-0.044435076923076924
-0.042557538461538466
-0.014185846153846153
0.03442153846153846
0.09033046153846153
0.1435273846153846
0.1775316923076923
0.20360861538461536
0.21716861538461538
0.21967199999999998
0.21195323076923075
0.17690584615384616
0.12204
0.05653476923076922
-0.006258461538461538
-0.054657230769230764
-0.10597661538461538
-0.14102399999999998
-0.1489513846153846
-0.12579507692307693
-0.06487938461538462
0.009387692307692307
0.092208
0.16209415384615386
0.21821169230769227
0.2647329230769231
0.2887236923076923
0.28267384615384616
0.23239753846153846
0.15208061538461537
0.06383630769230769
-0.016897846153846156
-0.08720123076923077
-0.13872923076923074
-0.17273353846153844
-0.18650215384615382
-0.1666836923076923
-0.1151556923076923
-0.030875076923076922
0.04965046153846154
0.11995384615384615
0.17669723076923077
0.2140393846153846
0.25367630769230765
0.2618123076923077
0.23907323076923076
0.1800350769230769
0.09095630769230768
0.011682461538461537
-0.061124307692307686
-0.12245723076923076
-0.16626646153846153
-0.19547261538461536
-0.20047938461538461
-0.16689230769230767
-0.10409907692307692
-0.022947692307692308
0.052571076923076915
0.11265230769230769
0.16459753846153846
0.20486030769230767
0.23803015384615384
0.24053353846153847
0.21153599999999997
0.1543753846153846
0.08344615384615384
0.020652923076923076
-0.042348923076923076
-0.10117846153846152
-0.15813046153846153
-0.19755876923076923
-0.21216184615384615
-0.1990190769230769
-0.168144
-0.13497415384615385
-0.09512861538461538
-0.052153846153846155
-0.0016689230769230767
0.04860738461538461
0.08991323076923076
0.11265230769230769
0.10743692307692307
0.07489292307692308
0.035464615384615386
-0.016063384615384615
-0.0826116923076923
-0.14603076923076924
-0.20360861538461536
-0.23010276923076922
-0.22676492307692306
-0.19588984615384614
-0.13601723076923075
-0.07197230769230768
-0.0012516923076923076
0.07760492307692309
0.14916
0.20006215384615383
0.2207150769230769
0.20465169230769228
0.1666836923076923
0.12120553846153845
0.06070707692307692
-0.0016689230769230767
-0.05757784615384615
-0.10222153846153846
-0.13393107692307693
-0.16084246153846155
-0.16334584615384617
-0.14957723076923077
-0.13434830769230768
-0.11348676923076922
-0.07927384615384615
-0.04214030769230769
-0.008136
0.01668923076923077
0.02858030769230769
0.042557538461538466
0.042974769230769226
0.03984553846153846
0.02858030769230769
0.005424
-0.013560000000000001
-0.033169846153846154
-0.032544
-0.021278769230769233
-0.015646153846153844
-0.003963692307692307
0.003129230769230769
0.01668923076923077
0.037967999999999995
0.04276615384615385
0.04526953846153846
0.04172307692307692
0.044435076923076924
0.07051199999999999
0.10597661538461538
0.13768615384615385
0.15541846153846153
0.1635544615384615
0.16647507692307692
0.16876984615384616
0.16292861538461537
0.13247076923076923
0.08949599999999999
0.05048492307692308
0.01814953846153846
-0.006049846153846154
-0.029832
-0.034630153846153845
-0.023990769230769232
-0.01940123076923077
-0.0043809230769230765
0.008344615384615384
0.0016689230769230767
-0.01981846153846154
-0.05194523076923077
-0.0448523076923077
-0.042557538461538466
-0.03921969230769231
-0.019609846153846155
-0.014185846153846153
0.03775938461538462
0.08574092307692306
0.26348123076923075
0.3339932307692307
0.24178523076923078
0.23010276923076922
0.11286092307692308
0.1136953846153846
0.03629907692307692
-0.16000799999999998
-0.2993630769230769
-0.49003753846153847
-0.4449766153846154
-0.3848953846153846
-0.3187643076923077
-0.20632061538461538
-0.16084246153846155
0.07364123076923076
0.2674449230769231
0.4516523076923077
0.5680596923076923
0.42724430769230765
0.3252313846153846
0.14060676923076923
-0.04109723076923077
-0.16063384615384615
-0.3844781538461538
-0.46020553846153844
-0.5359329230769231
-0.5862092307692308
-0.4205686153846153
-0.28121353846153846
-0.06300184615384616
0.12662953846153846
0.20319138461538463
0.3193901538461538
0.3327415384615385
0.3615304615384615
0.36299076923076923
0.21654276923076923
0.06446215384615385
-0.11223507692307692
-0.2127876923076923
-0.2557624615384615
-0.36570276923076916
-0.4349630769230769
-0.504432
-0.49045476923076925
-0.35235138461538457
-0.2526332307692308
-0.13935507692307691
-0.06154153846153846
0.0035464615384615383
0.12642092307692307
0.17294215384615383
0.19818461538461538
0.19568123076923075
0.12162276923076921
0.10681107692307691
0.08344615384615384
0.04839876923076923
0.003755076923076923
-0.09533723076923077
-0.14916
-0.19964492307692308
-0.22634769230769228
-0.21633415384615384
-0.1829556923076923
-0.08073415384615384
-0.008761846153846153
0.08991323076923076
0.24574892307692306
0.34880492307692307
0.4405956923076923
0.46291753846153844
0.41431015384615383
0.35798399999999997
0.24449723076923074
0.14728246153846153
0.03045784615384615
-0.10994030769230768
-0.16647507692307692
-0.1883796923076923
-0.16835261538461538
-0.13601723076923075
-0.10764553846153846
-0.02357353846153846
0.06300184615384616
0.14394461538461537
0.1867107692307692
0.1842073846153846
0.19964492307692308
0.1783661538461538
0.13038461538461538
0.07364123076923076
-0.023364923076923075
-0.08198584615384615
-0.11348676923076922
-0.1356
-0.10159569230769232
-0.07802215384615384
-0.030040615384615384
0.03045784615384615
0.04819015384615385
0.09283384615384616
0.12120553846153845
0.12996738461538462
0.11911938461538461
0.06362769230769232
0.02044430769230769
-0.017315076923076923
-0.027745846153846152
-0.0016689230769230767
0.018983999999999997
0.05528307692307692
0.08448923076923077
0.12162276923076921
0.1718990769230769
0.17419384615384614
0.16501476923076921
0.11765907692307691
0.04088861538461538
0.01043076923076923
-0.021278769230769233
-0.05924676923076923
-0.10493353846153847
-0.1489513846153846
-0.12391753846153845
-0.06696553846153847
-0.0077187692307692304
0.042557538461538466
0.04965046153846154
0.06300184615384616
0.08365476923076923
0.09971815384615385
0.1207883076923077
0.09158215384615384
0.037342153846153844
-0.03609046153846154
-0.11995384615384615
-0.1635544615384615
-0.20632061538461538
-0.21216184615384615
-0.19651569230769228
-0.18379015384615385
-0.11390399999999999
-0.035464615384615386
0.058829538461538454
0.16084246153846155
0.1942209230769231
0.20632061538461538
0.20652923076923077
0.1804523076923077
0.15291507692307693
0.07697907692307693
-0.017523692307692306
-0.103056
-0.1639716923076923
-0.168144
-0.17481969230769231
-0.16105107692307694
-0.13080184615384613
-0.08949599999999999
-0.011265230769230769
0.04526953846153846
0.10827138461538462
0.15896492307692306
0.1775316923076923
0.20548615384615385
0.19714153846153845
0.17419384615384614
0.1395636923076923
0.07489292307692308
0.012099692307692308
-0.05611753846153846
-0.10389046153846154
-0.12433476923076923
-0.13643446153846153
-0.12370892307692308
-0.1097316923076923
-0.09158215384615384
-0.05090215384615384
-0.011056615384615385
0.045895384615384616
0.08720123076923077
0.10555938461538462
0.13518276923076925
0.14603076923076924
0.14018953846153845
0.10868861538461538
0.05820369230769231
0.01814953846153846
-0.03108369230769231
-0.07781353846153846
-0.10994030769230768
-0.1395636923076923
-0.138312
-0.11202646153846153
-0.06571384615384615
-0.0025033846153846152
0.051528
0.11703323076923078
0.18170399999999998
0.2290596923076923
0.26160369230769226
0.2591003076923077
0.22780799999999998
0.17982646153846152
0.12099692307692309
0.059872615384615385
-0.008136
-0.056951999999999996
-0.07927384615384615
-0.08302892307692307
-0.06341907692307691
-0.03504738461538461
0.0070929230769230765
0.0446436923076923
0.07092923076923077
0.092208
0.09533723076923077
0.07948246153846153
0.04401784615384615
-0.001043076923076923
-0.03901107692307692
-0.06967753846153846
-0.09325107692307691
-0.10910584615384614
-0.11557292307692307
-0.0988836923076923
-0.06425353846153846
-0.009387692307692307
0.05236246153846154
0.08782707692307692
0.09679753846153846
0.086784
0.06028984615384615
0.026285538461538457
-0.012934153846153845
-0.05820369230769231
-0.09158215384615384
-0.10347323076923076
-0.08115138461538463
-0.017315076923076923
0.06425353846153846
0.13914646153846155
0.18316430769230768
0.20235692307692305
0.20131384615384615
0.1614683076923077
0.08094276923076923
-0.02023569230769231
-0.111192
-0.18170399999999998
-0.22008923076923076
-0.22342707692307692
-0.20110523076923076
-0.14811692307692306
-0.06759138461538462
0.026076923076923077
0.11807630769230769
0.18921415384615384
0.21529107692307692
0.20632061538461538
0.16730953846153845
0.10430769230769231
0.03024923076923077
-0.056951999999999996
-0.12725538461538463
-0.1712732307692308
-0.18086953846153844
-0.14811692307692306
-0.09325107692307691
-0.029832
0.02899753846153846
0.09283384615384616
0.157296
0.19755876923076923
0.21028430769230766
0.18900553846153845
0.14540492307692307
0.09575446153846154
0.04568676923076923
0.008344615384615384
-0.028163076923076923
-0.07134646153846153
-0.10389046153846154
-0.11140061538461538
-0.09471138461538461
-0.065088
-0.03233538461538461
-0.006258461538461538
0.012308307692307691
0.028371692307692306
0.040679999999999994
0.0448523076923077
0.02545107692307692
-0.005841230769230769
-0.029414769230769227
-0.03650769230769231
-0.026285538461538457
-0.002086153846153846
0.016480615384615385
0.02086153846153846
0.03567323076923076
0.053614153846153846
0.0609156923076923
0.045060923076923075
0.005841230769230769
-0.03755076923076923
-0.06800861538461538
-0.08156861538461539
-0.0853236923076923
-0.08845292307692308
-0.09325107692307691
-0.0771876923076923
-0.03671630769230769
0.011056615384615385
0.04547815384615384
0.06404492307692307
0.07885661538461539
0.09596307692307693
0.11265230769230769
0.11891076923076922
0.11140061538461538
0.07614461538461538
0.021487384615384613
-0.04214030769230769
-0.11014892307692307
-0.17085599999999998
-0.2288510769230769
-0.26494153846153845
-0.26640184615384616
-0.23281476923076924
-0.16334584615384617
-0.07113784615384615
0.018983999999999997
0.09283384615384616
0.15354092307692307
0.20193969230769232
0.23677846153846152
0.24074215384615386
0.19651569230769228
0.12287446153846153
0.040679999999999994
-0.035255999999999996
-0.09554584615384615
-0.14686523076923075
-0.1881710769230769
-0.20298276923076922
-0.17461107692307692
-0.11056615384615384
-0.02545107692307692
0.05236246153846154
0.11306953846153844
0.16626646153846153
0.20673784615384616
0.22864246153846152
0.21696000000000001
0.16334584615384617
0.07781353846153846
-0.015437538461538461
-0.10055261538461538
-0.1704387692307692
-0.23156307692307693
-0.27850153846153847
-0.301032
-0.27850153846153847
-0.21529107692307692
-0.12850707692307692
-0.01856676923076923
0.06675692307692307
0.13622584615384614
0.19192615384615386
0.21779446153846155
0.22697353846153845
0.19192615384615386
0.138312
0.084072
0.03859384615384615
0.019192615384615384
0.0022947692307692304
-0.013560000000000001
-0.027120000000000002
-0.03775938461538462
-0.035255999999999996
-0.02211323076923077
-0.01397723076923077
-0.014811692307692307
-0.016480615384615385
-0.006258461538461538
0.021696
0.05653476923076922
0.08135999999999999
0.09429415384615383
0.10472492307692308
0.10848000000000001
0.10159569230769232
0.06967753846153846
0.009179076923076922
-0.06487938461538462
-0.1356
-0.18253846153846154
-0.1994363076923077
-0.18775384615384613
-0.154584
-0.10806276923076923
-0.04985907692307692
0.02232184615384615
0.09700615384615385
0.14457046153846154
0.15416676923076922
0.13080184615384613
0.09053907692307692
0.04860738461538461
0.009179076923076922
-0.017523692307692306
-0.032544
-0.030875076923076922
-0.0025033846153846152
0.040054153846153843
0.08845292307692308
0.11703323076923078
0.12642092307692307
0.12788123076923075
0.111192
0.08574092307692306
0.04109723076923077
-0.026702769230769228
-0.0934596923076923
-0.14039815384615384
-0.15938215384615384
-0.15082892307692305
-0.11891076923076922
-0.06383630769230769
0.006049846153846154
0.07697907692307693
0.13601723076923075
0.1693956923076923
0.17148184615384612
0.14394461538461537
0.09304246153846155
0.02482523076923077
-0.051528
-0.13247076923076923
-0.2157083076923077
-0.29581661538461534
-0.35568923076923076
-0.3782196923076923
-0.38426953846153844
-0.31855569230769226
-0.168144
0.012099692307692308
0.25284184615384614
0.4733483076923077
0.659016
0.7985796923076923
0.8169378461538461
0.7535187692307692
0.5628443076923076
0.3131316923076923
0.0446436923076923
-0.23969907692307693
-0.4816929230769231
-0.676956923076923
-0.7541446153846154
-0.7341175384615384
-0.5985175384615384
-0.37008369230769234
-0.10806276923076923
0.19964492307692308
0.4831532307692308
0.6992787692307693
0.8083846153846154
0.7662443076923077
0.6095741538461538
0.38677292307692307
0.10138707692307691
-0.18712800000000002
-0.42661846153846156
-0.5955969230769231
-0.6241772307692307
-0.5340553846153846
-0.36382523076923073
-0.14081538461538462
0.07259815384615384
0.2626467692307692
0.4109723076923077
0.49087200000000003
0.5017199999999999
0.4424732307692308
0.3392086153846154
0.24345415384615382
0.1502030769230769
0.061124307692307686
-0.012934153846153845
-0.07739630769230768
-0.13998092307692306
-0.20715507692307691
-0.26869661538461537
-0.3210590769230769
-0.34066892307692304
-0.33587076923076925
-0.3269003076923077
-0.29769415384615383
-0.25805723076923076
-0.19192615384615386
-0.10159569230769232
-0.009179076923076922
0.09992676923076924
0.21007569230769232
0.32377107692307694
0.417648
0.4620830769230769
0.4318338461538461
0.3102110769230769
0.1435273846153846
-0.054657230769230764
-0.2482523076923077
-0.40325353846153844
-0.5144455384615384
-0.5225815384615384
-0.42348923076923073
-0.2497126153846154
-0.020027076923076922
0.21800307692307694
0.4355889230769231
0.6001864615384616
0.673619076923077
0.6404492307692308
0.5173661538461538
0.3452584615384615
0.1489513846153846
-0.042348923076923076
-0.21362215384615382
-0.3425464615384616
-0.3978295384615384
-0.3980381538461538
-0.35005661538461535
-0.2497126153846154
-0.12245723076923076
0.021904615384615383
0.16084246153846155
0.26494153846153845
0.33295015384615384
0.3571495384615384
0.33378461538461535
0.26911384615384615
0.17273353846153844
0.058829538461538454
-0.02858030769230769
-0.07843938461538462
-0.10430769230769231
-0.09596307692307693
-0.06905169230769231
-0.020027076923076922
0.0448523076923077
0.09053907692307692
0.10159569230769232
0.07843938461538462
0.03129230769230769
-0.01272553846153846
-0.047981538461538464
-0.0828203076923077
-0.10535076923076922
-0.10660246153846153
-0.08636676923076922
-0.044435076923076924
0.016063384615384615
0.05799507692307692
0.06487938461538462
0.04965046153846154
0.004798153846153846
-0.05444861538461539
-0.12412615384615384
-0.20486030769230767
-0.2638984615384615
-0.3039526153846154
-0.3035353846153846
-0.25284184615384614
-0.18253846153846154
-0.09283384615384616
-0.001043076923076923
0.08448923076923077
0.16188553846153847
0.21779446153846155
0.24679199999999998
0.2273907692307692
0.15833907692307692
0.05444861538461539
-0.05570030769230769
-0.14102399999999998
-0.21320492307692307
-0.2578486153846154
-0.2655673846153846
-0.24992123076923078
-0.18545907692307692
-0.09262523076923077
-0.010013538461538461
0.05924676923076923
0.08845292307692308
0.09179076923076923
0.08761846153846153
0.054240000000000003
0.00855323076923077
-0.04547815384615384
-0.08219446153846154
-0.07823076923076923
-0.049233230769230765
0.004172307692307692
0.05736923076923077
0.10180430769230768
0.13768615384615385
0.15228923076923076
0.15875630769230767
0.1368516923076923
0.0880356923076923
0.037967999999999995
-0.03045784615384615
-0.07927384615384615
-0.09179076923076923
-0.08094276923076923
-0.03421292307692308
0.021070153846153846
0.08469784615384615
0.16209415384615386
0.23656984615384613
0.3148006153846154
0.3652855384615385
0.36215630769230767
0.327108923076923
0.25430215384615384
0.15187199999999998
0.025033846153846153
-0.11348676923076922
-0.23531815384615382
-0.33065538461538463
-0.3721698461538462
-0.36319938461538465
-0.3127144615384615
-0.2292683076923077
-0.1314276923076923
-0.023364923076923075
0.06362769230769232
0.11599015384615384
0.12934153846153845
0.11348676923076922
0.09074769230769231
0.059872615384615385
0.022530461538461537
-0.017732307692307693
-0.04672984615384615
-0.0609156923076923
-0.04860738461538461
-0.015646153846153844
0.02044430769230769
0.056951999999999996
0.08574092307692306
0.10618523076923077
0.10868861538461538
0.09575446153846154
0.06675692307692307
0.03275261538461539
0.0014603076923076922
-0.035464615384615386
-0.05716061538461538
-0.07051199999999999
-0.07781353846153846
-0.06654830769230768
-0.0446436923076923
-0.005841230769230769
0.03713353846153846
0.06070707692307692
0.06800861538461538
0.04088861538461538
-0.00855323076923077
-0.05757784615384615
-0.11098338461538461
-0.15416676923076922
-0.19150892307692308
-0.2075723076923077
-0.18337292307692307
-0.119328
-0.011056615384615385
0.10743692307692307
0.21883753846153844
0.31542646153846154
0.37926276923076924
0.40930338461538457
0.3757163076923077
0.26932246153846157
0.11640738461538462
-0.05590892307692308
-0.20861538461538462
-0.31751261538461534
-0.38280923076923074
-0.3972036923076923
-0.35568923076923076
-0.2626467692307692
-0.12350030769230769
0.02044430769230769
0.15395815384615386
0.26139507692307695
0.31396615384615384
0.32627446153846157
0.29227015384615385
0.225096
0.13101046153846155
0.02232184615384615
-0.07531015384615385
-0.16042523076923076
-0.21362215384615382
-0.23928184615384615
-0.24408
-0.22676492307692306
-0.1910916923076923
-0.13247076923076923
-0.056326153846153845
0.016063384615384615
0.07009476923076922
0.10868861538461538
0.13518276923076925
0.15771323076923077
0.16856123076923077
0.16459753846153846
0.1424843076923077
0.10576799999999999
0.07510153846153846
0.045060923076923075
0.02273907692307692
-0.0022947692307692304
-0.03629907692307692
-0.06258461538461538
-0.08115138461538463
-0.07697907692307693
-0.06738276923076922
-0.06550523076923077
-0.04756430769230769
-0.009179076923076922
0.04214030769230769
0.10076123076923077
0.146448
0.17502830769230768
0.18775384615384613
0.17231630769230769
0.146448
0.10389046153846154
0.04631261538461538
-0.008761846153846153
-0.058829538461538454
-0.07635323076923077
-0.06487938461538462
-0.040679999999999994
-0.006884307692307692
0.035464615384615386
0.09325107692307691
0.15792184615384616
0.2221753846153846
0.25951753846153847
0.26494153846153845
0.24700061538461537
0.21362215384615382
0.18170399999999998
0.13664307692307692
0.07885661538461539
0.02273907692307692
-0.016480615384615385
-0.029414769230769227
-0.030875076923076922
-0.03379569230769231
-0.033169846153846154
-0.0446436923076923
-0.06216738461538462
-0.06154153846153846
-0.059664
-0.05945538461538461
-0.06300184615384616
-0.061750153846153844
-0.04193169230769231
-0.015020307692307692
0.023364923076923075
0.06425353846153846
0.08428061538461538
0.09575446153846154
0.09074769230769231
0.07364123076923076
0.054657230769230764
0.004589538461538461
-0.06279323076923077
-0.1314276923076923
-0.18775384615384613
-0.20444307692307692
-0.20402584615384614
-0.18942276923076923
-0.14811692307692306
-0.08177723076923075
0.02315630769230769
0.13643446153846153
0.23281476923076924
0.29748553846153847
0.3095852307692307
0.29331323076923077
0.24908676923076922
0.17711446153846155
0.078648
-0.04672984615384615
-0.157296
-0.23823876923076923
-0.2864289230769231
-0.2943563076923077
-0.2703655384615385
-0.21633415384615384
-0.14206707692307693
-0.05799507692307692
0.03108369230769231
0.10868861538461538
0.15667015384615385
0.17544553846153846
0.1706473846153846
0.15646153846153846
0.13330523076923076
0.08991323076923076
0.03337846153846154
-0.03755076923076923
-0.09512861538461538
-0.12350030769230769
-0.13497415384615385
-0.12329169230769231
-0.10827138461538462
-0.08365476923076923
-0.042557538461538466
0.012308307692307691
0.07468430769230769
0.11745046153846153
0.143736
0.15103753846153847
0.14394461538461537
0.12162276923076921
0.08010830769230769
0.02211323076923077
-0.053614153846153846
-0.12934153846153845
-0.1940123076923077
-0.23844738461538462
-0.25367630769230765
-0.24032492307692307
-0.200688
-0.12934153846153845
-0.035464615384615386
0.07134646153846153
0.16772676923076923
0.22697353846153845
0.2578486153846154
0.24762646153846155
0.20423446153846153
0.13872923076923074
0.04318338461538461
-0.05736923076923077
-0.15938215384615384
-0.2411593846153846
-0.2832996923076923
-0.3062473846153846
-0.29727692307692305
-0.2480436923076923
-0.17315076923076922
-0.07030338461538461
0.03629907692307692
0.12913292307692306
0.19985353846153847
0.22697353846153845
0.22655630769230767
0.18900553846153845
0.12099692307692309
0.03755076923076923
-0.062376
-0.14039815384615384
-0.19317784615384614
-0.2207150769230769
-0.21111876923076925
-0.17502830769230768
-0.11953661538461538
-0.047772923076923074
0.03275261538461539
0.12141415384615384
0.19171753846153847
0.21967199999999998
0.23093723076923076
0.21654276923076923
0.1802436923076923
0.13622584615384614
0.07238953846153846
0.0077187692307692304
-0.05382276923076923
-0.1028473846153846
-0.12829846153846153
-0.13706030769230768
-0.12162276923076921
-0.09554584615384615
-0.059872615384615385
-0.0035464615384615383
0.06154153846153846
0.12120553846153845
0.165432
0.1829556923076923
0.19547261538461536
0.19192615384615386
0.15270646153846154
0.10117846153846152
-0.0035464615384615383
-0.11432123076923076
-0.1994363076923077
-0.25117292307692307
-0.24282830769230768
-0.22154953846153846
-0.1927606153846154
-0.12808984615384614
-0.035464615384615386
0.11265230769230769
0.3538116923076923
0.38593846153846156
0.3214763076923077
0.2862203076923077
0.1666836923076923
0.23490092307692306
0.11098338461538461
-0.15208061538461537
-0.34943076923076927
-0.574944
-0.48649107692307686
-0.40972061538461535
-0.3008233846153846
-0.19964492307692308
-0.15646153846153846
0.15500123076923078
0.3565236923076923
0.5743181538461538
0.6260547692307692
0.4291218461538462
0.36382523076923073
0.14749107692307692
0.03024923076923077
-0.0771876923076923
-0.3412947692307692
-0.3813489230769231
-0.5029716923076922
-0.5169489230769231
-0.3321156923076923
-0.2638984615384615
-0.020652923076923076
0.11911938461538461
0.165432
0.33315876923076926
0.3617390769230769
0.4729310769230769
0.5061009230769231
0.36611999999999995
0.2482523076923077
0.05236246153846154
-0.006467076923076923
-0.04735569230769231
-0.19630707692307692
-0.29039261538461536
-0.4115981538461538
-0.3790541538461539
-0.25430215384615384
-0.20548615384615385
-0.08720123076923077
-0.030875076923076922
0.05382276923076923
0.23072861538461537
0.29602523076923076
0.3588184615384616
0.35631507692307696
0.28017046153846153
0.27140861538461536
0.19004861538461537
0.07781353846153846
-0.054657230769230764
-0.23969907692307693
-0.355272
-0.4483144615384615
-0.48294461538461536
-0.45436430769230773
-0.36570276923076916
-0.1927606153846154
-0.053405538461538456
0.14415323076923076
0.3485963076923077
0.46896738461538456
0.5834972307692308
0.5492843076923076
0.4524867692307692
0.35318584615384613
0.15562707692307692
-0.003963692307692307
-0.1881710769230769
-0.35193415384615384
-0.3988726153846154
-0.4228633846153846
-0.35923569230769226
-0.27704123076923076
-0.1693956923076923
0.04526953846153846
0.24866953846153847
0.4174393846153846
0.49274953846153846
0.4985907692307692
0.5008855384615384
0.4115981538461538
0.28350830769230767
0.09408553846153846
-0.15604430769230768
-0.31125415384615385
-0.4378836923076923
-0.49629599999999996
-0.4451852307692308
-0.39678646153846153
-0.25930892307692305
-0.09033046153846153
0.059664
0.24574892307692306
0.3673716923076923
0.43996984615384616
0.4554073846153846
0.40095876923076923
0.328152
0.21111876923076925
0.09387692307692307
-0.025659692307692307
-0.14874276923076923
-0.22029784615384615
-0.2891409230769231
-0.29101846153846156
-0.22551323076923077
-0.15667015384615385
-0.037967999999999995
0.04714707692307692
0.12391753846153845
0.22947692307692308
0.2699483076923077
0.2751636923076923
0.22655630769230767
0.13768615384615385
0.10618523076923077
0.0744756923076923
0.029414769230769227
-0.022530461538461537
-0.09450276923076922
-0.11432123076923076
-0.11995384615384615
-0.11265230769230769
-0.09325107692307691
-0.10013538461538461
-0.07489292307692308
-0.05319692307692307
-0.015854769230769228
0.044435076923076924
0.07134646153846153
0.12329169230769231
0.14665661538461539
0.12162276923076921
0.10201292307692307
0.04693846153846153
0.008761846153846153
-0.021070153846153846
-0.09846646153846153
-0.15145476923076923
-0.19359507692307693
-0.19964492307692308
-0.14999446153846155
-0.10889723076923077
-0.053614153846153846
-0.009179076923076922
0.03984553846153846
0.09784061538461537
0.12224861538461537
0.1397723076923077
0.11640738461538462
0.0771876923076923
0.043600615384615383
-0.026494153846153844
-0.07364123076923076
-0.1045163076923077
-0.12850707692307692
-0.11077476923076923
-0.10138707692307691
-0.07113784615384615
-0.0035464615384615383
0.058829538461538454
0.12037107692307693
0.1506203076923077
0.16418030769230768
0.184416
0.18212123076923076
0.16021661538461537
0.0988836923076923
0.02023569230769231
-0.035464615384615386
-0.05674338461538461
-0.032544
-0.015228923076923076
-0.0008344615384615384
0.029623384615384614
0.0609156923076923
0.11432123076923076
0.13622584615384614
0.11265230769230769
0.07823076923076923
0.005424
-0.05757784615384615
-0.09825784615384614
-0.14081538461538462
-0.14290153846153844
-0.13810338461538463
-0.11265230769230769
-0.05653476923076922
-0.009179076923076922
0.05319692307692307
0.09199938461538461
0.0961716923076923
0.07760492307692309
0.03859384615384615
0.021487384615384613
-0.009179076923076922
-0.03713353846153846
-0.055491692307692304
-0.08115138461538463
-0.06341907692307691
-0.02211323076923077
0.03609046153846154
0.10368184615384615
0.13768615384615385
0.16772676923076923
0.20193969230769232
0.22300984615384614
0.2288510769230769
0.17815753846153848
0.0961716923076923
0.02044430769230769
-0.055491692307692304
-0.10389046153846154
-0.14331876923076922
-0.1775316923076923
-0.18399876923076922
-0.17085599999999998
-0.12162276923076921
-0.05298830769230769
0.013351384615384614
0.07030338461538461
0.0988836923076923
0.11306953846153844
0.10743692307692307
0.07405846153846153
0.027328615384615382
-0.04214030769230769
-0.11682461538461539
-0.16793538461538463
-0.20277415384615383
-0.20173107692307693
-0.1777403076923077
-0.15333230769230768
-0.11265230769230769
-0.06341907692307691
-0.0006258461538461538
0.053614153846153846
0.07781353846153846
0.07697907692307693
0.05778646153846154
0.04276615384615385
0.01981846153846154
-0.017315076923076923
-0.06696553846153847
-0.119328
-0.1462393846153846
-0.15187199999999998
-0.14811692307692306
-0.13434830769230768
-0.11724184615384614
-0.0853236923076923
-0.026285538461538457
0.034630153846153845
0.086784
0.12099692307692309
0.13101046153846155
0.1287156923076923
0.116616
0.10514215384615383
0.08845292307692308
0.058829538461538454
0.024408000000000003
-0.015646153846153844
-0.043600615384615383
-0.05194523076923077
-0.065088
-0.06279323076923077
-0.042557538461538466
-0.011056615384615385
0.04214030769230769
0.09179076923076923
0.14477907692307693
0.1696043076923077
0.1639716923076923
0.16063384615384615
0.1314276923076923
0.0880356923076923
0.03838523076923077
-0.03275261538461539
-0.09450276923076922
-0.138312
-0.157296
-0.1424843076923077
-0.12433476923076923
-0.08761846153846153
-0.037967999999999995
0.020652923076923076
0.08469784615384615
0.12808984615384614
0.16480615384615382
0.16313723076923078
0.13789476923076924
0.10889723076923077
0.05653476923076922
0.007301538461538462
-0.049233230769230765
-0.0988836923076923
-0.10681107692307691
-0.08824430769230769
-0.034630153846153845
0.04109723076923077
0.10201292307692307
0.16021661538461537
0.21028430769230766
0.23510953846153848
0.23385784615384617
0.19213476923076922
0.12808984615384614
0.05611753846153846
-0.009596307692307692
-0.06341907692307691
-0.11160923076923077
-0.138312
-0.1489513846153846
-0.12725538461538463
-0.08907876923076924
-0.05674338461538461
-0.022530461538461537
-0.0033378461538461535
0.010013538461538461
0.022530461538461537
0.02211323076923077
0.010848
-0.007510153846153846
-0.03838523076923077
-0.07364123076923076
-0.10055261538461538
-0.12600369230769232
-0.14144123076923076
-0.14728246153846153
-0.14728246153846153
-0.13184492307692308
-0.10535076923076922
-0.07197230769230768
-0.03671630769230769
-0.006884307692307692
0.01668923076923077
0.042557538461538466
0.07113784615384615
0.09554584615384615
0.1070196923076923
0.1045163076923077
0.09763200000000001
0.09512861538461538
0.086784
0.0798996923076923
0.07927384615384615
0.055491692307692304
0.03775938461538462
0.02899753846153846
0.017940923076923077
0.006884307692307692
-0.013351384615384614
-0.017523692307692306
-0.013351384615384614
0.0016689230769230767
0.031709538461538456
0.06008123076923077
0.09387692307692307
0.12037107692307693
0.13622584615384614
0.13247076923076923
0.09241661538461539
0.03233538461538461
-0.04172307692307692
-0.11286092307692308
-0.16167692307692308
-0.1913003076923077
-0.18712800000000002
-0.14811692307692306
-0.08615815384615384
0.005841230769230769
0.10743692307692307
0.19964492307692308
0.2730775384615384
0.3012406153846154
0.2887236923076923
0.23656984615384613
0.1435273846153846
0.03150092307692308
-0.092208
-0.20131384615384615
-0.27704123076923076
-0.306456
-0.2822566153846154
-0.23156307692307693
-0.15124615384615384
-0.052153846153846155
0.0448523076923077
0.13247076923076923
0.19693292307692306
0.2357353846153846
0.23615261538461538
0.200688
0.14290153846153844
0.07218092307692307
0.0025033846153846152
-0.05590892307692308
-0.09909230769230769
-0.13059323076923077
-0.14749107692307692
-0.13643446153846153
-0.09930092307692308
-0.04172307692307692
0.02545107692307692
0.08219446153846154
0.12600369230769232
0.15896492307692306
0.17398523076923075
0.16689230769230767
0.13476553846153844
0.08824430769230769
0.043600615384615383
0.0025033846153846152
-0.03045784615384615
-0.056951999999999996
-0.08198584615384615
-0.10055261538461538
-0.11432123076923076
-0.1178676923076923
-0.11327815384615383
-0.09596307692307693
-0.0609156923076923
-0.015228923076923076
0.040262769230769234
0.08636676923076922
0.12496061538461539
0.14978584615384616
0.1558356923076923
0.14978584615384616
0.1151556923076923
0.06383630769230769
0.011056615384615385
-0.051528
-0.09387692307692307
-0.11578153846153846
-0.1353913846153846
-0.11870215384615385
-0.11724184615384614
-0.10222153846153846
-0.07572738461538461
-0.055491692307692304
-0.03024923076923077
-0.03942830769230769
-0.02545107692307692
0.004172307692307692
0.07510153846153846
0.206112
0.40513107692307687
0.51528
0.5789076923076923
0.6740363076923077
0.6773741538461538
0.7011563076923077
0.5649304615384615
0.31688676923076925
0.0035464615384615383
-0.36403384615384615
-0.614580923076923
-0.9041390769230769
-1.0906412307692308
-1.201416
-1.1790941538461537
-0.8964203076923077
-0.5284227692307693
-0.00855323076923077
0.4645864615384615
0.8365476923076922
1.1669944615384615
1.2884086153846155
1.2771433846153846
1.0541335384615385
0.6293926153846153
0.1706473846153846
-0.37884553846153846
-0.8375907692307692
-1.1177612307692308
-1.2875741538461538
-1.2345858461538461
-1.0639384615384615
-0.775632
-0.3648683076923077
0.049233230769230765
0.5038061538461538
0.874932923076923
1.1069132307692306
1.2204
1.1711667692307692
1.033272
0.7591513846153846
0.35318584615384613
-0.08115138461538463
-0.5313433846153847
-0.8740984615384615
-1.0987772307692307
-1.2256153846153846
-1.193905846153846
-1.0583058461538462
-0.8050467692307692
-0.4585366153846154
-0.11432123076923076
0.24741784615384615
0.5686855384615385
0.8127655384615385
1.009907076923077
1.0768726153846153
1.0220067692307693
0.8394683076923077
0.5432344615384616
0.1994363076923077
-0.200688
-0.584123076923077
-0.9183249230769229
-1.149888
-1.2354203076923076
-1.20684
-0.9915489230769231
-0.6302270769230769
-0.18754523076923074
0.3346190769230769
0.8144344615384614
1.211220923076923
1.4772055384615386
1.5487606153846154
1.4500855384615383
1.1430036923076923
0.6919772307692308
0.1733593846153846
-0.3832264615384615
-0.8799396923076923
-1.2748486153846155
-1.5011963076923076
-1.521432
-1.3545396923076922
-1.0092812307692307
-0.5490756923076923
-0.005424
0.572232
1.0716572307692307
1.430892923076923
1.5871458461538461
1.5110012307692307
1.264417846153846
0.8645021538461538
0.37321292307692305
-0.13309661538461537
-0.6277236923076922
-1.0080295384615385
-1.2320824615384616
-1.2863224615384614
-1.1534344615384615
-0.8811913846153846
-0.5015113846153846
-0.06675692307692307
0.37363015384615383
0.7643667692307692
1.0462061538461538
1.2043366153846153
1.2128898461538462
1.0835483076923076
0.8428061538461538
0.5100646153846153
0.15875630769230767
-0.18963138461538462
-0.5000510769230769
-0.7084578461538462
-0.8309150769230769
-0.844475076923077
-0.7520584615384615
-0.5907987692307692
-0.36445107692307693
-0.10159569230769232
0.18337292307692307
0.4558246153846154
0.6596418461538461
0.7708338461538461
0.7871058461538462
0.7241040000000001
0.5989347692307692
0.4113895384615384
0.1829556923076923
-0.06300184615384616
-0.2962338461538461
-0.4837790769230769
-0.6371113846153845
-0.7391243076923076
-0.7843938461538461
-0.7727113846153846
-0.6667347692307692
-0.5035975384615384
-0.30207507692307695
-0.06967753846153846
0.15333230769230768
0.3734215384615384
0.5461550769230769
0.6379458461538461
0.6567212307692307
0.5772387692307692
0.4178566153846154
0.2090326153846154
-0.022947692307692308
-0.24658338461538462
-0.4387181538461538
-0.566808
-0.629184
-0.6158326153846154
-0.5236246153846154
-0.3863556923076923
-0.21779446153846155
-0.037967999999999995
0.13393107692307693
0.30520430769230766
0.4493575384615385
0.5480326153846153
0.5855833846153846
0.5355156923076922
0.43433723076923075
0.3054129230769231
0.16209415384615386
0.01668923076923077
-0.1316363076923077
-0.2480436923076923
-0.31104553846153843
-0.30937661538461536
-0.2588916923076923
-0.18879692307692306
-0.11348676923076922
-0.04860738461538461
0.025659692307692307
0.09304246153846155
0.1207883076923077
0.11599015384615384
0.0853236923076923
0.051319384615384614
0.029623384615384614
0.01397723076923077
0.014603076923076923
0.022947692307692308
0.026494153846153844
0.03150092307692308
0.025033846153846153
0.005215384615384615
-0.021904615384615383
-0.059872615384615385
-0.10743692307692307
-0.14290153846153844
-0.14790830769230767
-0.12412615384615384
-0.08115138461538463
-0.020027076923076922
0.05403138461538461
0.1462393846153846
0.25764
0.34004307692307695
0.37008369230769234
0.3456756923076923
0.27286892307692306
0.18274707692307693
0.092208
-0.0014603076923076922
-0.09700615384615385
-0.18399876923076922
-0.235944
-0.24908676923076922
-0.2236356923076923
-0.15500123076923078
-0.07656184615384615
-0.0033378461538461535
0.07280676923076923
0.146448
0.20381723076923075
0.22008923076923076
0.1881710769230769
0.13226215384615383
0.06383630769230769
-0.0070929230769230765
-0.07197230769230768
-0.12808984615384614
-0.17252492307692308
-0.19588984615384614
-0.18775384615384613
-0.15270646153846154
-0.10389046153846154
-0.06467076923076923
-0.03859384615384615
-0.022947692307692308
-0.01668923076923077
-0.013142769230769229
-0.014603076923076923
-0.01668923076923077
-0.003755076923076923
0.025033846153846153
0.07009476923076922
0.12808984615384614
0.17419384615384614
0.19338646153846153
0.19004861538461537
0.16730953846153845
0.14060676923076923
0.09283384615384616
0.01272553846153846
-0.0717636923076923
-0.13852061538461538
-0.17315076923076922
-0.18232984615384615
-0.16251138461538459
-0.11745046153846153
-0.05277969230769231
0.023782153846153845
0.10660246153846153
0.18379015384615385
0.22113230769230768
0.2157083076923077
0.17586276923076924
0.10848000000000001
0.026285538461538457
-0.06195876923076923
-0.16063384615384615
-0.24866953846153847
-0.31041969230769234
-0.3342018461538461
-0.30749907692307693
-0.24574892307692306
-0.16501476923076921
-0.08240307692307691
-0.0008344615384615384
0.06675692307692307
0.11828492307692307
0.13706030769230768
0.11745046153846153
0.08031692307692308
0.02357353846153846
-0.03233538461538461
-0.08448923076923077
-0.1316363076923077
-0.1639716923076923
-0.173568
-0.14582215384615385
-0.09262523076923077
-0.01856676923076923
0.04714707692307692
0.09846646153846153
0.13935507692307691
0.16000799999999998
0.17481969230769231
0.16021661538461537
0.13372246153846154
0.10326461538461539
0.06028984615384615
0.03483876923076923
0.01981846153846154
0.019609846153846155
0.03045784615384615
0.0448523076923077
0.06592246153846154
0.0855323076923077
0.10263876923076923
0.1045163076923077
0.0826116923076923
0.046104
0.002086153846153846
-0.03629907692307692
-0.06028984615384615
-0.07468430769230769
-0.06988615384615385
-0.04839876923076923
-0.010013538461538461
0.05319692307692307
0.11098338461538461
0.15270646153846154
0.18629353846153843
0.19150892307692308
0.17628
0.13080184615384613
0.05173661538461538
-0.03859384615384615
-0.1314276923076923
-0.19547261538461536
-0.22655630769230767
-0.22655630769230767
-0.19755876923076923
-0.14290153846153844
-0.05507446153846154
0.05778646153846154
0.17231630769230769
0.26911384615384615
0.33587076923076925
0.35986153846153845
0.3387913846153846
0.27286892307692306
0.18983999999999998
0.09053907692307692
-0.02086153846153846
-0.1151556923076923
-0.1927606153846154
-0.22676492307692306
-0.21320492307692307
-0.1652233846153846
-0.09262523076923077
-0.011682461538461537
0.06905169230769231
0.138312
0.1846246153846154
0.19380369230769232
0.16710092307692306
0.10618523076923077
0.02795446153846154
-0.041514461538461535
-0.09074769230769231
-0.1178676923076923
-0.12808984615384614
-0.111192
-0.06717415384615384
-0.019192615384615384
0.01814953846153846
0.046104
0.06300184615384616
0.06049846153846154
0.04631261538461538
0.024199384615384616
-0.006258461538461538
-0.03421292307692308
-0.04631261538461538
-0.04214030769230769
-0.021278769230769233
0.011265230769230769
0.038176615384615385
0.056951999999999996
0.06321046153846153
0.0678
0.06258461538461538
0.03921969230769231
0.007301538461538462
-0.027120000000000002
-0.04985907692307692
-0.06988615384615385
-0.07948246153846153
-0.07343261538461537
-0.05570030769230769
-0.026702769230769228
0.004589538461538461
0.03567323076923076
0.04965046153846154
0.043600615384615383
0.02232184615384615
-0.01272553846153846
-0.05862092307692307
-0.1097316923076923
-0.15208061538461537
-0.1783661538461538
-0.1829556923076923
-0.16188553846153847
-0.11619876923076923
-0.05528307692307692
0.013560000000000001
0.07593599999999999
0.11765907692307691
0.13184492307692308
0.11494707692307692
0.07051199999999999
0.003755076923076923
-0.06362769230769232
-0.11557292307692307
-0.1353913846153846
-0.11348676923076922
-0.07092923076923077
-0.011891076923076923
0.05674338461538461
0.12642092307692307
0.18754523076923074
0.22342707692307692
0.2303113846153846
0.20527753846153846
0.14978584615384616
0.07468430769230769
-0.0012516923076923076
-0.06633969230769231
-0.11390399999999999
-0.13914646153846155
-0.13622584615384614
-0.10159569230769232
-0.04547815384615384
0.02044430769230769
0.08115138461538463
0.1397723076923077
0.1829556923076923
0.20277415384615383
0.19818461538461538
0.15625292307692307
0.09387692307692307
0.01272553846153846
-0.06800861538461538
-0.12934153846153845
-0.15771323076923077
-0.17711446153846155
-0.19463815384615382
-0.1733593846153846
-0.10639384615384614
-0.007301538461538462
0.08845292307692308
0.1506203076923077
0.19171753846153847
0.2205064615384615
0.268488
0.3882332307692308
0.36319938461538465
0.2288510769230769
0.10576799999999999
-0.03567323076923076
-0.004798153846153846
-0.058412307692307694
-0.20110523076923076
-0.295608
-0.4024190769230769
-0.26452430769230767
-0.13038461538461538
-0.028163076923076923
0.05528307692307692
0.05319692307692307
0.23198030769230768
0.33545353846153847
0.4026276923076923
0.37425600000000003
0.15875630769230767
0.056326153846153845
-0.10368184615384615
-0.1846246153846154
-0.20673784615384616
-0.34317230769230767
-0.32231076923076923
-0.34651015384615386
-0.34233784615384616
-0.2021483076923077
-0.16480615384615382
-0.027328615384615382
0.05027630769230769
0.015228923076923076
0.06946892307692307
0.049233230769230765
0.10409907692307692
0.14832553846153845
0.04860738461538461
-0.018358153846153843
-0.13101046153846155
-0.16772676923076923
-0.1652233846153846
-0.25701415384615384
-0.3012406153846154
-0.33983446153846153
-0.27432923076923077
-0.11140061538461538
-0.025659692307692307
0.07092923076923077
0.12287446153846153
0.1869193846153846
0.3160523076923077
0.3387913846153846
0.34004307692307695
0.28768061538461537
0.18316430769230768
0.15771323076923077
0.08720123076923077
0.008970461538461538
-0.04735569230769231
-0.14290153846153844
-0.17648861538461538
-0.18337292307692307
-0.1614683076923077
-0.09053907692307692
-0.008136
0.11244369230769231
0.20360861538461536
0.2951907692307692
0.3775938461538461
0.385104
0.36403384615384615
0.2532590769230769
0.11160923076923077
0.002086153846153846
-0.1287156923076923
-0.22154953846153846
-0.3131316923076923
-0.36299076923076923
-0.3012406153846154
-0.21195323076923075
-0.0853236923076923
0.03609046153846154
0.14436184615384615
0.30249230769230767
0.4268270769230769
0.48064984615384615
0.4360061538461539
0.31104553846153843
0.19317784615384614
0.06049846153846154
-0.06738276923076922
-0.19630707692307692
-0.3277347692307692
-0.3721698461538462
-0.3536030769230769
-0.26723630769230766
-0.11599015384615384
0.010639384615384617
0.14436184615384615
0.24720923076923076
0.28768061538461537
0.32982092307692307
0.32335384615384616
0.26723630769230766
0.17502830769230768
0.04819015384615385
-0.06300184615384616
-0.16313723076923078
-0.22593046153846155
-0.25930892307692305
-0.2757895384615385
-0.2497126153846154
-0.20924123076923076
-0.12099692307692309
-0.0070929230769230765
0.0771876923076923
0.15520984615384617
0.1860849230769231
0.20339999999999997
0.24992123076923078
0.2492953846153846
0.2090326153846154
0.130176
0.034630153846153845
0.003129230769230769
-0.01272553846153846
-0.03650769230769231
-0.07468430769230769
-0.13267938461538462
-0.14457046153846154
-0.12329169230769231
-0.09241661538461539
-0.061124307692307686
-0.04756430769230769
-0.014603076923076923
0.026494153846153844
0.06717415384615384
0.11265230769230769
0.11995384615384615
0.13121907692307694
0.11828492307692307
0.07238953846153846
0.045060923076923075
-0.015228923076923076
-0.06404492307692307
-0.1136953846153846
-0.18900553846153845
-0.22405292307692307
-0.23156307692307693
-0.18253846153846154
-0.08490646153846154
-0.0077187692307692304
0.07384984615384615
0.15520984615384617
0.2371956923076923
0.3116713846153846
0.3133403076923077
0.2776670769230769
0.20673784615384616
0.11953661538461538
0.05194523076923077
-0.035464615384615386
-0.10159569230769232
-0.15124615384615384
-0.1777403076923077
-0.14686523076923075
-0.1205796923076923
-0.07238953846153846
-0.006049846153846154
0.04693846153846153
0.10096984615384616
0.10660246153846153
0.0961716923076923
0.0853236923076923
0.049233230769230765
0.010222153846153844
-0.04860738461538461
-0.11056615384615384
-0.1476996923076923
-0.15792184615384616
-0.1287156923076923
-0.08720123076923077
-0.044435076923076924
0.007510153846153846
0.05945538461538461
0.10243015384615384
0.10827138461538462
0.08052553846153847
0.05298830769230769
0.012308307692307691
-0.03379569230769231
-0.07155507692307693
-0.10514215384615383
-0.09971815384615385
-0.06195876923076923
-0.0012516923076923076
0.0771876923076923
0.13601723076923075
0.17982646153846152
0.19818461538461538
0.17461107692307692
0.11578153846153846
0.027328615384615382
-0.06195876923076923
-0.14686523076923075
-0.22175815384615383
-0.2701569230769231
-0.29685969230769227
-0.2764153846153846
-0.20715507692307691
-0.10263876923076923
0.020027076923076922
0.111192
0.1908830769230769
0.26139507692307695
0.2962338461538461
0.301032
0.23907323076923076
0.13726892307692307
0.03150092307692308
-0.07697907692307693
-0.14728246153846153
-0.19547261538461536
-0.22447015384615385
-0.2236356923076923
-0.19693292307692306
-0.11807630769230769
-0.009596307692307692
0.09721476923076922
0.1867107692307692
0.23114584615384615
0.23448369230769228
0.20861538461538462
0.1502030769230769
0.0853236923076923
0.005632615384615384
-0.07030338461538461
-0.11807630769230769
-0.15291507692307693
-0.14686523076923075
-0.12704676923076924
-0.11014892307692307
-0.09909230769230769
-0.0974233846153846
-0.08156861538461539
-0.07197230769230768
-0.07510153846153846
-0.07885661538461539
-0.06446215384615385
-0.015854769230769228
0.04672984615384615
0.10868861538461538
0.15938215384615384
0.18942276923076923
0.2138307692307692
0.22843384615384613
0.21737723076923077
0.17252492307692308
0.08782707692307692
-0.0077187692307692304
-0.09074769230769231
-0.15646153846153846
-0.1869193846153846
-0.18629353846153843
-0.146448
-0.05820369230769231
0.05799507692307692
0.1883796923076923
0.29873723076923075
0.3659113846153846
0.3784283076923077
0.32377107692307694
0.22822523076923076
0.10660246153846153
-0.04276615384615385
-0.19213476923076922
-0.3216849230769231
-0.41013784615384613
-0.43663199999999996
-0.41493599999999997
-0.3452584615384615
-0.24074215384615386
-0.11870215384615385
0.029623384615384614
0.17419384615384614
0.2897667692307692
0.36027876923076924
0.35860984615384617
0.3008233846153846
0.20193969230769232
0.08448923076923077
-0.029414769230769227
-0.14436184615384615
-0.23093723076923076
-0.2722430769230769
-0.26306399999999996
-0.20444307692307692
-0.1289243076923077
-0.03629907692307692
0.051528
0.12099692307692309
0.18170399999999998
0.21675138461538462
0.21654276923076923
0.1635544615384615
0.07134646153846153
-0.015228923076923076
-0.09137353846153846
-0.15875630769230767
-0.20944984615384615
-0.24846092307692308
-0.25200738461538463
-0.22801661538461537
-0.18399876923076922
-0.11870215384615385
-0.06258461538461538
-0.013768615384615384
0.028788923076923077
0.06425353846153846
0.08824430769230769
0.0961716923076923
0.08657538461538461
0.06258461538461538
0.04172307692307692
0.028163076923076923
0.01668923076923077
-0.00855323076923077
-0.05027630769230769
-0.0961716923076923
-0.13184492307692308
-0.14582215384615385
-0.1422756923076923
-0.11348676923076922
-0.0798996923076923
-0.03942830769230769
0.024199384615384616
0.09554584615384615
0.1635544615384615
0.19797599999999999
0.20131384615384615
0.1779489230769231
0.14436184615384615
0.10138707692307691
0.03337846153846154
-0.0446436923076923
-0.12955015384615384
-0.1913003076923077
-0.22008923076923076
-0.222384
-0.19526400000000002
-0.15646153846153846
-0.10138707692307691
-0.02086153846153846
0.0678
0.16188553846153847
0.23949046153846154
0.27850153846153847
0.2970683076923077
0.2822566153846154
0.24053353846153847
0.18170399999999998
0.10722830769230769
0.03650769230769231
-0.03129230769230769
-0.06884307692307692
-0.06550523076923077
-0.03650769230769231
0.007510153846153846
0.05319692307692307
0.10597661538461538
0.157296
0.1994363076923077
0.21925476923076925
0.20110523076923076
0.15354092307692307
0.09804923076923076
0.03880246153846154
-0.02482523076923077
-0.07843938461538462
-0.12537784615384615
-0.15562707692307692
-0.15750461538461538
-0.14519630769230768
-0.1218313846153846
-0.09241661538461539
-0.06592246153846154
-0.029832
0.010013538461538461
0.042974769230769226
0.06404492307692307
0.06487938461538462
0.054657230769230764
0.04276615384615385
0.043600615384615383
0.049233230769230765
0.05590892307692308
0.06446215384615385
0.07030338461538461
0.08031692307692308
0.092208
0.10555938461538462
0.10910584615384614
0.08949599999999999
0.05382276923076923
0.0029206153846153843
-0.05027630769230769
-0.09471138461538461
-0.12725538461538463
-0.14018953846153845
-0.13914646153846155
-0.10660246153846153
-0.04380923076923077
0.03838523076923077
0.12683815384615382
0.1883796923076923
0.22947692307692308
0.24345415384615382
0.2225926153846154
0.168144
0.07072061538461538
-0.03984553846153846
-0.14436184615384615
-0.23364923076923078
-0.2899753846153846
-0.3068732307692308
-0.2682793846153846
-0.18107815384615383
-0.06028984615384615
0.08615815384615384
0.22947692307692308
0.3506824615384615
0.4349630769230769
0.469176
0.44351630769230765
0.3619476923076923
0.23531815384615382
0.07802215384615384
-0.084072
-0.23177169230769232
-0.34651015384615386
-0.4042966153846154
-0.3886504615384615
-0.32272799999999996
-0.22405292307692307
-0.11411261538461538
-0.0043809230769230765
0.08365476923076923
0.1489513846153846
0.2290596923076923
0.2832996923076923
0.32898646153846156
0.3558978461538462
0.3202246153846154
0.301032
0.26348123076923075
0.21904615384615383
0.1666836923076923
0.03942830769230769
-0.06946892307692307
-0.18525046153846153
-0.21696000000000001
-0.21111876923076925
-0.2303113846153846
-0.17148184615384612
-0.14081538461538462
-0.009596307692307692
0.16251138461538459
0.30270092307692303
0.4372578461538461
0.45311261538461534
0.4681329230769231
0.4205686153846153
0.3077076923076923
0.1779489230769231
-0.04819015384615385
-0.24574892307692306
-0.42411507692307693
-0.5653476923076923
-0.6001864615384616
-0.5978916923076923
-0.5129852307692307
-0.3844781538461538
-0.24053353846153847
-0.055491692307692304
0.10514215384615383
0.26306399999999996
0.36215630769230767
0.3684147692307692
0.35568923076923076
0.2953993846153846
0.23156307692307693
0.1476996923076923
0.0012516923076923076
-0.1435273846153846
-0.28246523076923075
-0.3713353846153846
-0.39344861538461534
-0.3913624615384615
-0.35256
-0.265776
-0.13351384615384615
0.037967999999999995
0.18775384615384613
0.2774584615384615
0.309168
0.29581661538461534
0.26681907692307694
0.21195323076923075
0.14665661538461539
0.07364123076923076
-0.004798153846153846
-0.05778646153846154
-0.11452984615384615
-0.1558356923076923
-0.1783661538461538
-0.2073636923076923
-0.20444307692307692
-0.18942276923076923
-0.14811692307692306
-0.059038153846153844
0.03650769230769231
0.13664307692307692
0.21904615384615383
0.26911384615384615
0.2989458461538462
0.2860116923076923
0.23782153846153845
0.15813046153846153
0.06821723076923077
0.015228923076923076
-0.017523692307692306
-0.029623384615384614
-0.03504738461538461
-0.03942830769230769
-0.011265230769230769
0.021487384615384613
0.05757784615384615
0.08010830769230769
0.07364123076923076
0.08574092307692306
0.111192
0.13476553846153844
0.14436184615384615
0.12579507692307693
0.09408553846153846
0.05757784615384615
0.01043076923076923
-0.038176615384615385
-0.09158215384615384
-0.1502030769230769
-0.1948467692307692
-0.21779446153846155
-0.19651569230769228
-0.16042523076923076
-0.11807630769230769
-0.07343261538461537
-0.046104
-0.012099692307692308
0.016897846153846156
0.04944184615384615
0.07259815384615384
0.06279323076923077
0.041514461538461535
0.017940923076923077
0.004589538461538461
-0.003129230769230769
-0.015646153846153844
-0.042348923076923076
-0.06341907692307691
-0.06279323076923077
-0.040054153846153843
-0.0018775384615384615
0.009387692307692307
0.0016689230769230767
-0.018775384615384614
-0.03609046153846154
-0.04631261538461538
-0.073224
-0.11828492307692307
-0.17231630769230769
-0.19651569230769228
-0.18858830769230767
-0.16647507692307692
-0.13393107692307693
-0.1028473846153846
-0.06654830769230768
-0.02211323076923077
0.02273907692307692
0.07238953846153846
0.09179076923076923
0.06884307692307692
0.032544
-0.011891076923076923
-0.059872615384615385
-0.10660246153846153
-0.14832553846153845
-0.18232984615384615
-0.21111876923076925
-0.21362215384615382
-0.17648861538461538
-0.09825784615384614
0.0006258461538461538
0.07823076923076923
0.14436184615384615
0.20423446153846153
0.2557624615384615
0.2851772307692308
0.26494153846153845
0.2140393846153846
0.14457046153846154
0.07781353846153846
0.021487384615384613
-0.03921969230769231
-0.09930092307692308
-0.14999446153846155
-0.17252492307692308
-0.15875630769230767
-0.12391753846153845
-0.08156861538461539
-0.033169846153846154
0.017732307692307693
0.07301538461538462
0.12683815384615382
0.17294215384615383
0.20673784615384616
0.2154996923076923
0.20298276923076922
0.16292861538461537
0.10889723076923077
0.054240000000000003
-0.0070929230769230765
-0.06884307692307692
-0.12496061538461539
-0.1635544615384615
-0.17690584615384616
-0.16313723076923078
-0.13643446153846153
-0.09158215384615384
-0.031709538461538456
0.03066646153846154
0.10952307692307692
0.1779489230769231
0.222384
0.24199384615384617
0.2369870769230769
0.21049292307692305
0.15667015384615385
0.08010830769230769
-0.015854769230769228
-0.11181784615384616
-0.19714153846153845
-0.25764
-0.28476
-0.2782929230769231
-0.225096
-0.13518276923076925
-0.02273907692307692
0.09909230769230769
0.21132738461538458
0.29602523076923076
0.3479704615384615
0.3571495384615384
0.32564861538461537
0.25701415384615384
0.1489513846153846
0.03775938461538462
-0.06028984615384615
-0.14457046153846154
-0.20152246153846154
-0.233232
-0.23469230769230767
-0.19839323076923077
-0.12621230769230768
-0.028788923076923077
0.06154153846153846
0.1314276923076923
0.17982646153846152
0.20778092307692309
0.21779446153846155
0.20173107692307693
0.1666836923076923
0.11682461538461539
0.05736923076923077
0.0029206153846153843
-0.04109723076923077
-0.06487938461538462
-0.078648
-0.09033046153846153
-0.0934596923076923
-0.0892873846153846
-0.06967753846153846
-0.045060923076923075
-0.026285538461538457
-0.015437538461538461
-0.006467076923076923
0.015228923076923076
0.042974769230769226
0.07677046153846154
0.10681107692307691
0.12266584615384615
0.12788123076923075
0.12704676923076924
0.11348676923076922
0.08594953846153845
0.050067692307692306
0.005424
-0.029414769230769227
-0.05924676923076923
-0.08907876923076924
-0.11077476923076923
-0.11473846153846154
-0.09992676923076924
-0.06571384615384615
-0.014185846153846153
0.031918153846153846
0.07489292307692308
0.0974233846153846
0.10827138461538462
0.11578153846153846
0.10055261538461538
0.06446215384615385
0.009804923076923077
-0.04860738461538461
-0.1028473846153846
-0.1341396923076923
-0.14185846153846154
-0.12016246153846154
-0.07489292307692308
-0.033169846153846154
0.020652923076923076
0.07364123076923076
0.11202646153846153
0.13226215384615383
0.12621230769230768
0.10952307692307692
0.08949599999999999
0.06592246153846154
0.03483876923076923
-0.005215384615384615
-0.045060923076923075
-0.07677046153846154
-0.09012184615384615
-0.08866153846153846
-0.08198584615384615
-0.06675692307692307
-0.053614153846153846
-0.034630153846153845
-0.004798153846153846
0.010639384615384617
0.018775384615384614
0.016063384615384615
0.004589538461538461
0.0016689230769230767
-0.005215384615384615
-0.01814953846153846
-0.04276615384615385
-0.07259815384615384
-0.08198584615384615
-0.062376
-0.020652923076923076
0.02086153846153846
0.05528307692307692
0.08386338461538462
0.10743692307692307
0.12996738461538462
0.14540492307692307
0.13935507692307691
0.111192
0.07009476923076922
0.027120000000000002
-0.0016689230769230767
-0.01981846153846154
-0.02753723076923077
-0.02273907692307692
-0.0077187692307692304
0.024199384615384616
0.07614461538461538
0.12516923076923075
0.1597993846153846
0.18149538461538461
0.18525046153846153
0.18086953846153844
0.16042523076923076
0.12433476923076923
0.07134646153846153
0.0035464615384615383
-0.06008123076923077
-0.10827138461538462
-0.12496061538461539
-0.12516923076923075
-0.11494707692307692
-0.086784
-0.046104
0.017940923076923077
0.07656184615384615
0.11578153846153846
0.13789476923076924
0.1422756923076923
0.14686523076923075
0.1422756923076923
0.12683815384615382
0.09596307692307693
0.045895384615384616
-0.007301538461538462
-0.051528
-0.07885661538461539
-0.10055261538461538
-0.12537784615384615
-0.14436184615384615
-0.15354092307692307
-0.12913292307692306
-0.0678
0.0016689230769230767
0.0771876923076923
0.1397723076923077
0.18963138461538462
0.23448369230769228
0.24992123076923078
0.23364923076923078
0.1881710769230769
0.1178676923076923
0.04193169230769231
-0.03045784615384615
-0.09012184615384615
-0.1356
-0.1718990769230769
-0.1785747692307692
-0.14811692307692306
-0.08782707692307692
-0.008344615384615384
0.06258461538461538
0.12266584615384615
0.1696043076923077
0.19735015384615384
0.20256553846153844
0.1652233846153846
0.10076123076923077
0.022947692307692308
-0.06070707692307692
-0.12600369230769232
-0.17481969230769231
-0.19964492307692308
-0.19860184615384616
-0.1718990769230769
-0.10868861538461538
-0.03275261538461539
0.03859384615384615
0.09867507692307692
0.12433476923076923
0.11807630769230769
0.09596307692307693
0.06049846153846154
0.012308307692307691
-0.04839876923076923
-0.10576799999999999
-0.1397723076923077
-0.14206707692307693
-0.1207883076923077
-0.0855323076923077
-0.04401784615384615
-0.003963692307692307
0.03233538461538461
0.06675692307692307
0.08115138461538463
0.07426707692307692
0.059872615384615385
0.03233538461538461
0.022947692307692308
0.02753723076923077
0.037967999999999995
0.054657230769230764
0.05736923076923077
0.06592246153846154
0.07656184615384615
0.07885661538461539
0.06404492307692307
0.01940123076923077
-0.03984553846153846
-0.10597661538461538
-0.15771323076923077
-0.18253846153846154
-0.19317784615384614
-0.18191261538461537
-0.15291507692307693
-0.1151556923076923
-0.07051199999999999
-0.03755076923076923
-0.012099692307692308
-0.0070929230769230765
-0.02273907692307692
-0.050067692307692306
-0.0936683076923077
-0.13080184615384613
-0.17461107692307692
-0.22572184615384616
-0.2540935384615385
-0.2557624615384615
-0.22008923076923076
-0.16167692307692308
-0.09387692307692307
-0.012516923076923077
0.059872615384615385
0.127464
0.1829556923076923
0.22154953846153846
0.21737723076923077
0.17565415384615385
0.13351384615384615
0.07656184615384615
0.0448523076923077
0.006884307692307692
0.07531015384615385
0.14290153846153844
0.0974233846153846
0.146448
0.13852061538461538
0.1829556923076923
0.214248
0.116616
0.06195876923076923
-0.06988615384615385
-0.0853236923076923
-0.07405846153846153
-0.10910584615384614
-0.09179076923076923
-0.15541846153846153
-0.08615815384615384
-0.005215384615384615
0.054240000000000003
0.13101046153846155
0.03942830769230769
0.017315076923076923
-0.010013538461538461
-0.054240000000000003
-0.012099692307692308
-0.0717636923076923
-0.05173661538461538
-0.01668923076923077
-0.04631261538461538
0.059038153846153844
0.11035753846153845
0.15270646153846154
0.1942209230769231
0.11035753846153845
0.06571384615384615
-0.029832
-0.10681107692307691
-0.09658892307692307
-0.14311015384615386
-0.16084246153846155
-0.17169046153846151
-0.12370892307692308
0.010013538461538461
0.07510153846153846
0.12350030769230769
0.12204
0.09512861538461538
0.12934153846153845
0.10576799999999999
0.08073415384615384
0.04380923076923077
-0.033169846153846154
-0.03337846153846154
-0.05298830769230769
-0.06800861538461538
-0.03838523076923077
-0.04714707692307692
0.0002086153846153846
0.06821723076923077
0.11286092307692308
0.15228923076923076
0.13226215384615383
0.10535076923076922
0.049233230769230765
-0.03275261538461539
-0.09533723076923077
-0.14290153846153844
-0.13643446153846153
-0.14707384615384617
-0.15374953846153847
-0.08699261538461538
-0.021278769230769233
0.07197230769230768
0.14749107692307692
0.15541846153846153
0.15479261538461536
0.10263876923076923
0.058829538461538454
0.014811692307692307
-0.08115138461538463
-0.1353913846153846
-0.16856123076923077
-0.16063384615384615
-0.11327815384615383
-0.07259815384615384
0.006467076923076923
0.086784
0.15833907692307692
0.20652923076923077
0.2127876923076923
0.23448369230769228
0.22843384615384613
0.1873366153846154
0.14811692307692306
0.0828203076923077
0.04693846153846153
0.03650769230769231
0.013351384615384614
0.028163076923076923
0.029414769230769227
0.03838523076923077
0.07030338461538461
0.062376
0.06279323076923077
0.05507446153846154
0.053614153846153846
0.06279323076923077
0.05194523076923077
0.046104
0.02232184615384615
0.008970461538461538
0.011682461538461537
0.01397723076923077
0.01814953846153846
-0.017940923076923077
-0.0717636923076923
-0.12120553846153845
-0.17690584615384616
-0.19964492307692308
-0.21466523076923077
-0.2292683076923077
-0.20006215384615383
-0.14582215384615385
-0.06800861538461538
0.011682461538461537
0.0744756923076923
0.14477907692307693
0.2059033846153846
0.24199384615384617
0.254928
0.21800307692307694
0.1543753846153846
0.0771876923076923
-0.019609846153846155
-0.09033046153846153
-0.1489513846153846
-0.1860849230769231
-0.19067446153846154
-0.17377661538461536
-0.10722830769230769
-0.019609846153846155
0.08824430769230769
0.20339999999999997
0.2707827692307692
0.3068732307692308
0.295608
0.2482523076923077
0.17711446153846155
0.04318338461538461
-0.09596307692307693
-0.21153599999999997
-0.28163076923076924
-0.28434276923076923
-0.25346769230769234
-0.19192615384615386
-0.12412615384615384
-0.045895384615384616
0.047772923076923074
0.11745046153846153
0.1635544615384615
0.16438892307692307
0.124752
0.07405846153846153
0.0008344615384615384
-0.0678
-0.1205796923076923
-0.1506203076923077
-0.13267938461538462
-0.09512861538461538
-0.03379569230769231
0.0446436923076923
0.111192
0.1639716923076923
0.1779489230769231
0.16710092307692306
0.14436184615384615
0.08720123076923077
0.018983999999999997
-0.06133292307692308
-0.14144123076923076
-0.18107815384615383
-0.1760713846153846
-0.11494707692307692
-0.03942830769230769
0.035464615384615386
0.12287446153846153
0.19463815384615382
0.2478350769230769
0.2540935384615385
0.20965846153846154
0.1449876923076923
0.06195876923076923
-0.021278769230769233
-0.1045163076923077
-0.1869193846153846
-0.23135446153846154
-0.23469230769230767
-0.1881710769230769
-0.09867507692307692
-0.003755076923076923
0.09992676923076924
0.1829556923076923
0.23782153846153845
0.26494153846153845
0.2426196923076923
0.19463815384615382
0.11703323076923078
0.03129230769230769
-0.04088861538461538
-0.12329169230769231
-0.18858830769230767
-0.22780799999999998
-0.2399076923076923
-0.21111876923076925
-0.16876984615384616
-0.11244369230769231
-0.04672984615384615
0.005632615384615384
0.05820369230769231
0.09846646153846153
0.1207883076923077
0.14144123076923076
0.1449876923076923
0.13706030769230768
0.1207883076923077
0.10138707692307691
0.08177723076923075
0.04819015384615385
0.013768615384615384
-0.02482523076923077
-0.05778646153846154
-0.07301538461538462
-0.09387692307692307
-0.1097316923076923
-0.11578153846153846
-0.10848000000000001
-0.06425353846153846
0.003755076923076923
0.07697907692307693
0.14269292307692305
0.1794092307692308
0.1923433846153846
0.1883796923076923
0.157296
0.10013538461538461
0.012934153846153845
-0.0771876923076923
-0.15103753846153847
-0.21111876923076925
-0.24616615384615384
-0.25951753846153847
-0.2374043076923077
-0.19192615384615386
-0.13101046153846155
-0.05090215384615384
0.020652923076923076
0.07885661538461539
0.11223507692307692
0.11974523076923077
0.11578153846153846
0.09909230769230769
0.07885661538461539
0.05277969230769231
0.019609846153846155
-0.004589538461538461
-0.022530461538461537
-0.021904615384615383
-0.0025033846153846152
0.015228923076923076
0.03650769230769231
0.05736923076923077
0.08073415384615384
0.11140061538461538
0.1287156923076923
0.12788123076923075
0.12412615384615384
0.1207883076923077
0.1178676923076923
0.11348676923076922
0.09658892307692307
0.06717415384615384
0.03838523076923077
0.013142769230769229
-0.0016689230769230767
-0.013142769230769229
-0.03233538461538461
-0.05736923076923077
-0.09408553846153846
-0.12454338461538461
-0.14978584615384616
-0.1712732307692308
-0.1883796923076923
-0.20131384615384615
-0.17252492307692308
-0.12245723076923076
-0.06446215384615385
0.0
0.05298830769230769
0.10096984615384616
0.12683815384615382
0.14185846153846154
0.13893784615384613
0.09074769230769231
0.02899753846153846
-0.03775938461538462
-0.09700615384615385
-0.12683815384615382
-0.138312
-0.12245723076923076
-0.08240307692307691
-0.027745846153846152
0.04819015384615385
0.11891076923076922
0.17231630769230769
0.20360861538461536
0.20047938461538461
0.17648861538461538
0.12996738461538462
0.07197230769230768
0.009596307692307692
-0.05444861538461539
-0.09763200000000001
-0.12120553846153845
-0.11640738461538462
-0.08198584615384615
-0.040679999999999994
0.009179076923076922
0.056951999999999996
0.08469784615384615
0.10597661538461538
0.103056
0.07697907692307693
0.03775938461538462
-0.011265230769230769
-0.042557538461538466
-0.05757784615384615
-0.061750153846153844
-0.05716061538461538
-0.03692492307692308
-0.0018775384615384615
0.037967999999999995
0.07218092307692307
0.08198584615384615
0.08010830769230769
0.07134646153846153
0.06258461538461538
0.056326153846153845
0.040054153846153843
0.019192615384615384
-0.0035464615384615383
-0.01856676923076923
-0.02023569230769231
-0.0035464615384615383
0.019609846153846155
0.04401784615384615
0.07113784615384615
0.08156861538461539
0.08010830769230769
0.06133292307692308
0.027745846153846152
-0.0070929230769230765
-0.05069353846153846
-0.07551876923076924
-0.07656184615384615
-0.06028984615384615
-0.016897846153846156
0.029623384615384614
0.07489292307692308
0.1178676923076923
0.14603076923076924
0.14853415384615384
0.1097316923076923
0.05090215384615384
-0.015020307692307692
-0.08824430769230769
-0.14790830769230767
-0.1923433846153846
-0.21904615384615383
-0.22405292307692307
-0.20798953846153845
-0.1597993846153846
-0.09804923076923076
-0.041514461538461535
0.005841230769230769
0.03588184615384615
0.05820369230769231
0.06738276923076922
0.05757784615384615
0.02899753846153846
-0.02044430769230769
-0.0717636923076923
-0.11181784615384616
-0.1476996923076923
-0.17544553846153846
-0.192552
-0.1977673846153846
-0.18253846153846154
-0.1422756923076923
-0.07343261538461537
0.0008344615384615384
0.07280676923076923
0.13455692307692307
0.18149538461538461
0.2205064615384615
0.23010276923076922
0.20360861538461536
0.14665661538461539
0.078648
0.02357353846153846
-0.010013538461538461
-0.03150092307692308
-0.05277969230769231
-0.06258461538461538
-0.05757784615384615
-0.027120000000000002
0.017732307692307693
0.05820369230769231
0.09095630769230768
0.10910584615384614
0.13330523076923076
0.16313723076923078
0.18983999999999998
0.19004861538461537
0.1612596923076923
0.11411261538461538
0.050067692307692306
-0.010639384615384617
-0.07155507692307693
-0.130176
-0.18399876923076922
-0.21779446153846155
-0.21195323076923075
-0.17273353846153844
-0.11140061538461538
-0.033169846153846154
0.043600615384615383
0.11181784615384616
0.1760713846153846
0.2238443076923077
0.2503384615384615
0.24199384615384617
0.20047938461538461
0.14060676923076923
0.07426707692307692
0.006049846153846154
-0.07155507692307693
-0.13789476923076924
-0.1775316923076923
-0.18650215384615382
-0.15103753846153847
-0.10222153846153846
-0.04380923076923077
0.01856676923076923
0.07969107692307692
0.15416676923076922
0.20652923076923077
0.2701569230769231
0.29727692307692305
0.30666461538461537
0.2855944615384615
0.2995716923076923
0.3316984615384615
0.1531236923076923
0.029623384615384614
-0.0988836923076923
-0.18983999999999998
-0.1637630769230769
-0.26723630769230766
-0.27871015384615383
-0.3239796923076923
-0.25346769230769234
-0.03504738461538461
0.06362769230769232
0.20319138461538463
0.2059033846153846
0.25346769230769234
0.3619476923076923
0.37613353846153846
0.4268270769230769
0.26786215384615386
0.08782707692307692
-0.033169846153846154
-0.19046584615384615
-0.21174461538461536
-0.30019753846153846
-0.34630153846153844
-0.28350830769230767
-0.29227015384615385
-0.13998092307692306
0.03233538461538461
0.15228923076923076
0.3016578461538461
0.28893230769230765
0.2805876923076923
0.23656984615384613
0.14311015384615386
0.12788123076923075
0.02232184615384615
-0.09012184615384615
-0.18232984615384615
-0.23531815384615382
-0.1656406153846154
-0.14686523076923075
-0.14477907692307693
-0.1504116923076923
-0.1760713846153846
-0.09721476923076922
-0.05277969230769231
-0.04422646153846154
-0.029414769230769227
-0.06425353846153846
-0.026285538461538457
0.012934153846153845
0.013560000000000001
0.04318338461538461
0.0002086153846153846
-0.016480615384615385
0.01668923076923077
0.020652923076923076
0.03358707692307692
-0.01940123076923077
-0.08365476923076923
-0.12496061538461539
-0.1656406153846154
-0.16689230769230767
-0.1693956923076923
-0.1205796923076923
-0.06487938461538462
-0.028163076923076923
0.08052553846153847
0.165432
0.22801661538461537
0.26160369230769226
0.22467876923076924
0.21132738461538458
0.1693956923076923
0.11056615384615384
0.06133292307692308
-0.03838523076923077
-0.10868861538461538
-0.14436184615384615
-0.1585476923076923
-0.13601723076923075
-0.12996738461538462
-0.0892873846153846
-0.0035464615384615383
0.0897046153846154
0.17252492307692308
0.20193969230769232
0.23281476923076924
0.2526332307692308
0.2330233846153846
0.20673784615384616
0.12412615384615384
0.035464615384615386
-0.017732307692307693
-0.07301538461538462
-0.07426707692307692
-0.05069353846153846
-0.03129230769230769
0.015228923076923076
0.028163076923076923
0.042974769230769226
0.07614461538461538
0.08949599999999999
0.09930092307692308
0.07656184615384615
0.053405538461538456
0.026285538461538457
0.011473846153846154
0.032544
0.040054153846153843
0.05486584615384615
0.05319692307692307
0.050067692307692306
0.07238953846153846
0.06571384615384615
0.05590892307692308
0.038176615384615385
-0.01043076923076923
-0.03212676923076923
-0.034630153846153845
-0.03650769230769231
-0.04380923076923077
-0.07656184615384615
-0.08323753846153846
-0.05444861538461539
-0.017732307692307693
0.015646153846153844
0.019192615384615384
0.005632615384615384
-0.013768615384615384
-0.03567323076923076
-0.04735569230769231
-0.07301538461538462
-0.10201292307692307
-0.12683815384615382
-0.15228923076923076
-0.13998092307692306
-0.11724184615384614
-0.09533723076923077
-0.06633969230769231
-0.05382276923076923
-0.03233538461538461
-0.013768615384615384
0.0050067692307692304
0.028163076923076923
0.008970461538461538
-0.028163076923076923
-0.06154153846153846
-0.07364123076923076
-0.05611753846153846
-0.04318338461538461
-0.02858030769230769
-0.014811692307692307
0.006258461538461538
0.04631261538461538
0.0798996923076923
0.09512861538461538
0.08177723076923075
0.04088861538461538
0.0
-0.042557538461538466
-0.08156861538461539
-0.10994030769230768
-0.1356
-0.12245723076923076
-0.08699261538461538
-0.03650769230769231
0.03233538461538461
0.0934596923076923
0.14457046153846154
0.15959076923076923
0.1543753846153846
0.12975876923076923
0.07635323076923077
0.0033378461538461535
-0.09033046153846153
-0.18754523076923074
-0.26869661538461537
-0.31250584615384613
-0.3049956923076923
-0.26619323076923074
-0.20694646153846152
-0.10764553846153846
-0.0004172307692307692
0.10660246153846153
0.18712800000000002
0.21633415384615384
0.23239753846153846
0.21591692307692306
0.17002153846153847
0.10952307692307692
0.024616615384615383
-0.05653476923076922
-0.12016246153846154
-0.16021661538461537
-0.1639716923076923
-0.1504116923076923
-0.12224861538461537
-0.07656184615384615
-0.023364923076923075
0.04547815384615384
0.10743692307692307
0.15646153846153846
0.19568123076923075
0.2056947692307692
0.20027076923076922
0.16793538461538463
0.1136953846153846
0.061750153846153844
0.011473846153846154
-0.02586830769230769
-0.05319692307692307
-0.07677046153846154
-0.0717636923076923
-0.04526953846153846
-0.005424
0.03942830769230769
0.05319692307692307
0.06404492307692307
0.07280676923076923
0.06905169230769231
0.06633969230769231
0.05069353846153846
0.029623384615384614
0.00855323076923077
-0.007510153846153846
-0.01043076923076923
-0.005632615384615384
0.0070929230769230765
0.02545107692307692
0.03421292307692308
0.041514461538461535
0.04985907692307692
0.05590892307692308
0.058829538461538454
0.04693846153846153
0.018775384615384614
-0.018983999999999997
-0.04756430769230769
-0.059038153846153844
-0.059872615384615385
-0.05590892307692308
-0.04214030769230769
-0.012099692307692308
0.019192615384615384
0.04672984615384615
0.0609156923076923
0.049233230769230765
0.03588184615384615
0.03045784615384615
0.030875076923076922
0.03567323076923076
0.026494153846153844
0.01397723076923077
0.013351384615384614
0.021278769230769233
0.03942830769230769
0.043600615384615383
0.03108369230769231
0.014811692307692307
-0.010848
-0.03296123076923077
-0.049233230769230765
-0.05820369230769231
-0.06300184615384616
-0.05778646153846154
-0.03942830769230769
-0.003129230769230769
0.03650769230769231
0.04985907692307692
0.05403138461538461
0.04631261538461538
0.03755076923076923
0.03108369230769231
0.010639384615384617
-0.018775384615384614
-0.06133292307692308
-0.10013538461538461
-0.11911938461538461
-0.1151556923076923
-0.08866153846153846
-0.05048492307692308
-0.0002086153846153846
0.06759138461538462
0.1353913846153846
0.19338646153846153
0.2292683076923077
0.2288510769230769
0.2073636923076923
0.1597993846153846
0.10660246153846153
0.053405538461538456
-0.014394461538461538
-0.07092923076923077
-0.10910584615384614
-0.11035753846153845
-0.07468430769230769
-0.018983999999999997
0.03504738461538461
0.06529661538461538
0.09325107692307691
0.11306953846153844
0.11953661538461538
0.10535076923076922
0.06279323076923077
0.016897846153846156
-0.03609046153846154
-0.08031692307692308
-0.1045163076923077
-0.12120553846153845
-0.1314276923076923
-0.13998092307692306
-0.12579507692307693
-0.09095630769230768
-0.06154153846153846
-0.03921969230769231
-0.030040615384615384
-0.01710646153846154
0.0077187692307692304
0.026702769230769228
0.052153846153846155
0.06696553846153847
0.07072061538461538
0.07969107692307692
0.0855323076923077
0.09325107692307691
0.08699261538461538
0.06592246153846154
0.03859384615384615
0.014603076923076923
-0.0016689230769230767
-0.015854769230769228
-0.03129230769230769
-0.04756430769230769
-0.047772923076923074
-0.03650769230769231
-0.010013538461538461
0.031918153846153846
0.06717415384615384
0.09074769230769231
0.10576799999999999
0.12204
0.1397723076923077
0.13247076923076923
0.09700615384615385
0.03963692307692308
-0.02315630769230769
-0.07572738461538461
-0.10681107692307691
-0.11682461538461539
-0.12016246153846154
-0.09325107692307691
-0.03901107692307692
0.03358707692307692
0.12162276923076921
0.1869193846153846
0.22780799999999998
0.25138153846153843
0.2586830769230769
0.25117292307692307
0.22175815384615383
0.18316430769230768
0.14081538461538462
0.09471138461538461
0.06133292307692308
0.04985907692307692
0.04902461538461538
0.047772923076923074
0.042348923076923076
0.047772923076923074
0.054657230769230764
0.046104
0.03024923076923077
-0.0008344615384615384
-0.032544
-0.05799507692307692
-0.06300184615384616
-0.04693846153846153
-0.03567323076923076
-0.02482523076923077
-0.010848
0.0016689230769230767
0.00855323076923077
0.001043076923076923
-0.035464615384615386
-0.07948246153846153
-0.111192
-0.12767261538461538
-0.12579507692307693
-0.11619876923076923
-0.08866153846153846
-0.0446436923076923
0.006884307692307692
0.05611753846153846
0.09158215384615384
0.10472492307692308
0.08636676923076922
0.05027630769230769
0.01043076923076923
-0.02586830769230769
-0.06633969230769231
-0.1045163076923077
-0.13309661538461537
-0.14311015384615386
-0.12141415384615384
-0.07948246153846153
-0.032544
0.004172307692307692
0.037967999999999995
0.07405846153846153
0.10222153846153846
0.11640738461538462
0.10055261538461538
0.05653476923076922
0.0012516923076923076
-0.04693846153846153
-0.07551876923076924
-0.08782707692307692
-0.09074769230769231
-0.0855323076923077
-0.0609156923076923
-0.015646153846153844
0.03400430769230769
0.07113784615384615
0.09325107692307691
0.1028473846153846
0.09992676923076924
0.08740984615384616
0.06446215384615385
0.03775938461538462
-0.0022947692307692304
-0.03713353846153846
-0.04693846153846153
-0.043392
-0.032544
-0.024199384615384616
-0.019192615384615384
-0.020027076923076922
-0.034630153846153845
-0.05069353846153846
-0.08344615384615384
-0.138312
-0.19359507692307693
-0.24866953846153847
-0.2891409230769231
-0.3344104615384615
-0.3727956923076923
-0.40700861538461536
-0.3573581538461538
-0.214248
-0.020652923076923076
0.22968553846153844
0.42182030769230766
0.6081138461538461
0.7458
0.8211101538461538
0.8169378461538461
0.6717415384615385
0.44581107692307687
0.12955015384615384
-0.16710092307692306
-0.43704923076923075
-0.6343993846153846
-0.7274418461538461
-0.7608203076923077
-0.6452473846153846
-0.42182030769230766
-0.12433476923076923
0.19755876923076923
0.44956615384615384
0.6191704615384614
0.6709070769230769
0.6064449230769231
0.4483144615384615
0.20652923076923077
-0.10994030769230768
-0.4374664615384615
-0.6794603076923076
-0.7960763076923076
-0.7639495384615383
-0.6076966153846154
-0.3980381538461538
-0.16501476923076921
0.04380923076923077
0.22154953846153846
0.37321292307692305
0.4109723076923077
0.3588184615384616
0.2709913846153846
0.1779489230769231
0.12829846153846153
0.09700615384615385
0.07948246153846153
0.06759138461538462
0.03775938461538462
0.012099692307692308
-0.015228923076923076
-0.04714707692307692
-0.08323753846153846
-0.12496061538461539
-0.1531236923076923
-0.17690584615384616
-0.16710092307692306
-0.13914646153846155
-0.10618523076923077
-0.04652123076923077
0.01940123076923077
0.10368184615384615
0.2056947692307692
0.29832
0.3550633846153846
0.3692492307692308
0.3022836923076923
0.16730953846153845
0.006884307692307692
-0.19714153846153845
-0.3982467692307692
-0.5672252307692307
-0.6460818461538461
-0.602064
-0.4783550769230769
-0.26932246153846157
-0.01981846153846154
0.233232
0.46145723076923073
0.6206307692307692
0.6894738461538461
0.6452473846153846
0.5200781538461539
0.3385827692307692
0.11995384615384615
-0.0855323076923077
-0.273912
-0.41368430769230763
-0.4714707692307692
-0.4823187692307692
-0.43058215384615384
-0.3202246153846154
-0.17690584615384616
0.0016689230769230767
0.17002153846153847
0.3047870769230769
0.3882332307692308
0.39407446153846154
0.3187643076923077
0.1923433846153846
0.05507446153846154
-0.07885661538461539
-0.18504184615384617
-0.25346769230769234
-0.27474646153846155
-0.2194633846153846
-0.111192
0.015854769230769228
0.1314276923076923
0.1992276923076923
0.21862892307692305
0.2073636923076923
0.17148184615384612
0.12350030769230769
0.073224
0.010222153846153844
-0.03650769230769231
-0.04672984615384615
-0.02273907692307692
0.03650769230769231
0.1178676923076923
0.19004861538461537
0.23656984615384613
0.26097784615384617
0.24679199999999998
0.18107815384615383
0.059038153846153844
-0.09283384615384616
-0.22989415384615383
-0.33962584615384617
-0.40679999999999994
-0.4170221538461538
-0.3738387692307692
-0.287472
-0.16480615384615382
-0.013560000000000001
0.13747753846153846
0.25805723076923076
0.3198073846153846
0.3129230769230769
0.2526332307692308
0.14519630769230768
0.004589538461538461
-0.1435273846153846
-0.28434276923076923
-0.37967999999999996
-0.4113895384615384
-0.37780246153846153
-0.26932246153846157
-0.12370892307692308
0.03150092307692308
0.1942209230769231
0.33941723076923075
0.4456024615384615
0.5002596923076923
0.48628246153846155
0.41493599999999997
0.3047870769230769
0.1787833846153846
0.06383630769230769
-0.03379569230769231
-0.09387692307692307
-0.11056615384615384
-0.09679753846153846
-0.06154153846153846
-0.015646153846153844
0.029623384615384614
0.059038153846153844
0.0744756923076923
0.07614461538461538
0.06028984615384615
0.03713353846153846
0.016480615384615385
0.003963692307692307
0.016480615384615385
0.05069353846153846
0.09763200000000001
0.1612596923076923
0.22280123076923075
0.28434276923076923
0.33378461538461535
0.347136
0.31855569230769226
0.2438713846153846
0.14039815384615384
0.02586830769230769
-0.07656184615384615
-0.15187199999999998
-0.19860184615384616
-0.20047938461538461
-0.1543753846153846
-0.06216738461538462
0.06195876923076923
0.18754523076923074
0.29498215384615384
0.36299076923076923
0.37258707692307685
0.32585723076923073
0.23928184615384615
0.11140061538461538
-0.04047138461538462
-0.19380369230769232
-0.3229366153846154
-0.4036707692307692
-0.42995630769230764
-0.4042966153846154
-0.3448412307692308
-0.2480436923076923
-0.1207883076923077
0.006258461538461538
0.12266584615384615
0.20193969230769232
0.2221753846153846
0.1913003076923077
0.13080184615384613
0.06133292307692308
-0.02273907692307692
-0.10389046153846154
-0.16438892307692307
-0.19860184615384616
-0.19213476923076922
-0.1489513846153846
-0.084072
-0.01668923076923077
0.03775938461538462
0.0771876923076923
0.11098338461538461
0.12245723076923076
0.10409907692307692
0.06279323076923077
0.002712
-0.05507446153846154
-0.09471138461538461
-0.12579507692307693
-0.1476996923076923
-0.1543753846153846
-0.14331876923076922
-0.10952307692307692
-0.05736923076923077
-0.006258461538461538
0.026911384615384615
0.04130584615384615
0.03108369230769231
0.011473846153846154
-0.0050067692307692304
-0.017523692307692306
-0.023990769230769232
-0.02795446153846154
-0.016897846153846156
0.015020307692307692
0.05570030769230769
0.09012184615384615
0.10201292307692307
0.09012184615384615
0.06362769230769232
0.03901107692307692
0.017523692307692306
-0.008136
-0.02482523076923077
-0.029623384615384614
-0.00855323076923077
0.03650769230769231
0.078648
0.116616
0.130176
0.12099692307692309
0.10409907692307692
0.06279323076923077
0.007510153846153846
-0.06592246153846154
-0.14081538461538462
-0.19380369230769232
-0.2292683076923077
-0.2275993846153846
-0.1977673846153846
-0.1489513846153846
-0.08115138461538463
-0.0022947692307692304
0.084072
0.15687876923076924
0.206112
0.2238443076923077
0.19964492307692308
0.14957723076923077
0.08782707692307692
0.013560000000000001
-0.06383630769230769
-0.1356
-0.192552
-0.21111876923076925
-0.19004861538461537
-0.13121907692307694
-0.05653476923076922
0.019192615384615384
0.10013538461538461
0.17544553846153846
0.23344061538461539
0.2478350769230769
0.21862892307692305
0.15208061538461537
0.06362769230769232
-0.026285538461538457
-0.119328
-0.20673784615384616
-0.27328615384615385
-0.31062830769230765
-0.30583015384615386
-0.26723630769230766
-0.2059033846153846
-0.12955015384615384
-0.05319692307692307
0.028163076923076923
0.10848000000000001
0.1800350769230769
0.2292683076923077
0.25054707692307693
0.2540935384615385
0.23469230769230767
0.20673784615384616
0.16897846153846155
0.11306953846153844
0.05757784615384615
-0.006675692307692307
-0.05799507692307692
-0.08344615384615384
-0.10472492307692308
-0.103056
-0.09658892307692307
-0.0892873846153846
-0.06633969230769231
-0.030875076923076922
0.01397723076923077
0.051528
0.07948246153846153
0.11265230769230769
0.1435273846153846
0.16856123076923077
0.17502830769230768
0.13852061538461538
0.07468430769230769
-0.015228923076923076
-0.11265230769230769
-0.21049292307692305
-0.31688676923076925
-0.3955347692307692
-0.4318338461538461
-0.4076344615384615
-0.31250584615384613
-0.17669723076923077
-0.016480615384615385
0.14561353846153846
0.2832996923076923
0.40200184615384615
0.4752258461538461
0.4789809230769231
0.40992923076923077
0.2701569230769231
0.10555938461538462
-0.06362769230769232
-0.21842030769230766
-0.3346190769230769
-0.41389292307692305
-0.4355889230769231
-0.3942830769230769
-0.28851507692307693
-0.12955015384615384
0.03692492307692308
0.1948467692307692
0.3248141538461538
0.4184824615384615
0.4752258461538461
0.4622916923076923
0.38927630769230764
0.25993476923076925
0.09512861538461538
-0.06654830769230768
-0.2157083076923077
-0.32648307692307693
-0.40095876923076923
-0.441012923076923
-0.4214030769230769
-0.3387913846153846
-0.21716861538461538
-0.07843938461538462
0.05862092307692307
0.1829556923076923
0.2862203076923077
0.3548547692307692
0.3913624615384615
0.37258707692307685
0.30436984615384616
0.20486030769230767
0.08448923076923077
-0.029623384615384614
-0.14206707692307693
-0.2426196923076923
-0.31918153846153846
-0.36257353846153845
-0.3565236923076923
-0.30144923076923075
-0.2154996923076923
-0.10827138461538462
0.004798153846153846
0.11390399999999999
0.21341353846153846
0.28246523076923075
0.3170953846153846
0.30749907692307693
0.25805723076923076
0.18963138461538462
0.10096984615384616
-0.004589538461538461
-0.12412615384615384
-0.2369870769230769
-0.31542646153846154
-0.35631507692307696
-0.34066892307692304
-0.2753723076923077
-0.17982646153846152
-0.05674338461538461
0.07739630769230768
0.22676492307692306
0.34922215384615385
0.40554830769230765
0.41368430769230763
0.36382523076923073
0.27704123076923076
0.16000799999999998
0.023364923076923075
-0.09304246153846155
-0.19547261538461536
-0.2626467692307692
-0.27850153846153847
-0.24282830769230768
-0.16251138461538459
-0.07218092307692307
0.027745846153846152
0.14394461538461537
0.24574892307692306
0.327108923076923
0.3642424615384615
0.3387913846153846
0.2720344615384615
0.15667015384615385
0.026076923076923077
-0.10409907692307692
-0.23218892307692307
-0.327108923076923
-0.3782196923076923
-0.35965292307692304
-0.27558092307692306
-0.16021661538461537
-0.021278769230769233
0.11494707692307692
0.23510953846153848
0.32731753846153844
0.3652855384615385
0.35860984615384617
0.29456492307692306
0.184416
0.047772923076923074
-0.08073415384615384
-0.19004861538461537
-0.27850153846153847
-0.29644246153846154
-0.27140861538461536
-0.17085599999999998
-0.02357353846153846
0.13643446153846153
0.3133403076923077
0.46667261538461535
0.5720233846153846
0.5970572307692308
0.5870436923076923
0.47084492307692305
0.23949046153846154
0.0
-0.21988061538461537
-0.4184824615384615
-0.5561686153846154
-0.641075076923077
-0.6602676923076923
-0.5578375384615384
-0.36027876923076924
-0.08866153846153846
0.15562707692307692
0.37550769230769226
0.5384363076923077
0.6058190769230769
0.6258461538461538
0.5244590769230769
0.3540203076923077
0.12308307692307692
-0.12537784615384615
-0.2906012307692308
-0.4297476923076923
-0.49003753846153847
-0.47689476923076923
-0.4072172307692307
-0.2737033846153846
-0.14394461538461537
0.01940123076923077
0.17648861538461538
0.25701415384615384
0.3047870769230769
0.31041969230769234
0.2776670769230769
0.24512307692307692
0.18963138461538462
0.13309661538461537
0.051528
-0.051528
-0.12245723076923076
-0.1760713846153846
-0.21508246153846153
-0.26097784615384617
-0.2947735384615384
-0.28893230769230765
-0.252216
-0.17732307692307692
-0.1045163076923077
-0.042557538461538466
0.03775938461538462
0.1151556923076923
0.2073636923076923
0.287472
0.3291950769230769
0.3385827692307692
0.28663753846153844
0.19463815384615382
0.07781353846153846
-0.073224
-0.23636123076923077
-0.38072307692307694
-0.47126215384615383
-0.4906633846153846
-0.44226461538461537
-0.3160523076923077
-0.14916
0.040054153846153843
0.21612553846153845
0.3456756923076923
0.43996984615384616
0.4485230769230769
0.3682061538461538
0.2330233846153846
0.058412307692307694
-0.12204
-0.28017046153846153
-0.3980381538461538
-0.458328
-0.4752258461538461
-0.41952553846153845
-0.28768061538461537
-0.14039815384615384
0.024199384615384616
0.1800350769230769
0.3156350769230769
0.4174393846153846
0.4487316923076923
0.40992923076923077
0.3035353846153846
0.17231630769230769
0.03713353846153846
-0.09241661538461539
-0.18525046153846153
-0.24011630769230768
-0.24720923076923076
-0.20256553846153844
-0.12621230769230768
-0.024199384615384616
0.08887015384615385
0.17628
0.23677846153846152
0.26494153846153845
0.25200738461538463
0.22321846153846153
0.1666836923076923
0.09429415384615383
0.027745846153846152
-0.035464615384615386
-0.08031692307692308
-0.10514215384615383
-0.12099692307692309
-0.13497415384615385
-0.1422756923076923
-0.12496061538461539
-0.08386338461538462
-0.03504738461538461
0.006884307692307692
0.03942830769230769
0.07072061538461538
0.086784
0.10389046153846154
0.12204
0.10576799999999999
0.07072061538461538
0.027120000000000002
-0.016897846153846156
-0.05048492307692308
-0.09074769230769231
-0.13059323076923077
-0.165432
-0.19442953846153843
-0.1990190769230769
-0.1842073846153846
-0.15479261538461536
-0.12037107692307693
-0.08469784615384615
-0.029832
0.03629907692307692
0.0974233846153846
0.14060676923076923
0.1543753846153846
0.14519630769230768
0.10618523076923077
0.04756430769230769
-0.005841230769230769
-0.06258461538461538
-0.11056615384615384
-0.14561353846153846
-0.15687876923076924
-0.12412615384615384
-0.07739630769230768
-0.02044430769230769
0.04631261538461538
0.11306953846153844
0.1775316923076923
0.22008923076923076
0.24199384615384617
0.22300984615384614
0.16897846153846155
0.11035753846153845
0.04193169230769231
-0.021696
-0.07343261538461537
-0.1045163076923077
-0.10096984615384616
-0.06654830769230768
-0.004589538461538461
0.07238953846153846
0.14457046153846154
0.20652923076923077
0.23823876923076923
0.23782153846153845
0.21341353846153846
0.157296
0.08636676923076922
0.0077187692307692304
-0.061124307692307686
-0.10618523076923077
-0.12767261538461538
-0.1218313846153846
-0.08594953846153845
-0.022947692307692308
0.05653476923076922
0.13810338461538463
0.20632061538461538
0.2509643076923077
0.24866953846153847
0.20924123076923076
0.14457046153846154
0.056326153846153845
-0.032544
-0.12099692307692309
-0.18942276923076923
-0.2221753846153846
-0.22572184615384616
-0.18754523076923074
-0.12955015384615384
-0.06800861538461538
0.0016689230769230767
0.065088
0.12579507692307693
0.15103753846153847
0.1341396923076923
0.08302892307692307
-0.0016689230769230767
-0.08615815384615384
-0.17273353846153844
-0.2453316923076923
-0.2951907692307692
-0.3229366153846154
-0.3072904615384615
-0.25117292307692307
-0.16584923076923075
-0.06905169230769231
0.01814953846153846
0.09095630769230768
0.14582215384615385
0.1696043076923077
0.15833907692307692
0.10722830769230769
0.03379569230769231
-0.03671630769230769
-0.09721476923076922
-0.130176
-0.13038461538461538
-0.11035753846153845
-0.07280676923076923
-0.013768615384615384
0.05674338461538461
0.12120553846153845
0.16063384615384615
0.16897846153846155
0.15145476923076923
0.12308307692307692
0.09450276923076922
0.05319692307692307
0.017940923076923077
-0.012099692307692308
-0.034630153846153845
-0.030040615384615384
-0.018775384615384614
-0.001043076923076923
0.011265230769230769
0.006049846153846154
0.010639384615384617
0.018358153846153843
0.02232184615384615
0.021696
0.011056615384615385
0.006258461538461538
-0.0022947692307692304
-0.003129230769230769
0.012099692307692308
0.024199384615384616
0.03296123076923077
0.045060923076923075
0.06425353846153846
0.09033046153846153
0.11223507692307692
0.12454338461538461
0.12975876923076923
0.11473846153846154
0.10201292307692307
0.08594953846153845
0.05716061538461538
0.03108369230769231
-0.0050067692307692304
-0.027328615384615382
-0.02795446153846154
-0.018983999999999997
-0.004589538461538461
-0.0012516923076923076
0.006049846153846154
0.02586830769230769
0.04693846153846153
0.06362769230769232
0.052153846153846155
0.03045784615384615
0.016272
0.0070929230769230765
0.01710646153846154
0.028163076923076923
0.033169846153846154
0.03233538461538461
0.02315630769230769
0.022947692307692308
0.012934153846153845
-0.002712
-0.02357353846153846
-0.06049846153846154
-0.08219446153846154
-0.09283384615384616
-0.08866153846153846
-0.06738276923076922
-0.03963692307692308
-0.0018775384615384615
0.04547815384615384
0.0988836923076923
0.14916
0.17565415384615385
0.17461107692307692
0.1489513846153846
0.1136953846153846
0.07843938461538462
0.02795446153846154
-0.03150092307692308
-0.10159569230769232
-0.16209415384615386
-0.1908830769230769
-0.19213476923076922
-0.17690584615384616
-0.14603076923076924
-0.09804923076923076
-0.02795446153846154
0.05820369230769231
0.13643446153846153
0.20506892307692307
0.25054707692307693
0.27432923076923077
0.27453784615384613
0.24053353846153847
0.1783661538461538
0.07697907692307693
-0.040262769230769234
-0.1476996923076923
-0.23656984615384613
-0.2943563076923077
-0.3195987692307692
-0.2989458461538462
-0.24866953846153847
-0.17815753846153848
-0.07906523076923076
0.02795446153846154
0.11974523076923077
0.1842073846153846
0.21195323076923075
0.2090326153846154
0.16876984615384616
0.09095630769230768
-0.008344615384615384
-0.12558646153846154
-0.23093723076923076
-0.3127144615384615
-0.35860984615384617
-0.3711267692307692
-0.36403384615384615
-0.3229366153846154
-0.24887815384615386
-0.13038461538461538
0.004172307692307692
0.12996738461538462
0.24303692307692307
0.3269003076923077
0.3832264615384615
0.4047138461538461
0.3821833846153846
0.3137575384615385
0.2154996923076923
0.10660246153846153
0.010639384615384617
-0.06613107692307692
-0.11870215384615385
-0.14123261538461537
-0.1397723076923077
-0.10138707692307691
-0.03045784615384615
0.061124307692307686
0.1424843076923077
0.20444307692307692
0.24199384615384617
0.2532590769230769
0.2540935384615385
0.23364923076923078
0.19359507692307693
0.12850707692307692
0.04965046153846154
-0.025659692307692307
-0.084072
-0.12516923076923075
-0.16021661538461537
-0.18942276923076923
-0.20131384615384615
-0.18066092307692305
-0.13893784615384613
-0.09325107692307691
-0.05799507692307692
-0.034630153846153845
-0.016063384615384615
0.012934153846153845
0.04526953846153846
0.07072061538461538
0.08657538461538461
0.08657538461538461
0.09053907692307692
0.09867507692307692
0.09095630769230768
0.06759138461538462
0.027745846153846152
-0.02023569230769231
-0.06383630769230769
-0.10430769230769231
-0.12975876923076923
-0.15208061538461537
-0.16710092307692306
-0.15187199999999998
-0.11202646153846153
-0.046104
0.027745846153846152
0.09450276923076922
0.13914646153846155
0.14916
0.14561353846153846
0.12600369230769232
0.09095630769230768
0.04214030769230769
-0.017732307692307693
-0.07197230769230768
-0.11014892307692307
-0.124752
-0.12204
-0.10952307692307692
-0.09053907692307692
-0.06154153846153846
-0.026285538461538457
-0.001043076923076923
0.008136
0.006675692307692307
0.0006258461538461538
0.0022947692307692304
0.016480615384615385
0.027120000000000002
0.03859384615384615
0.04860738461538461
0.056326153846153845
0.07155507692307693
0.07197230769230768
0.062376
0.03775938461538462
0.0002086153846153846
-0.03504738461538461
-0.07280676923076923
-0.09992676923076924
-0.12350030769230769
-0.1435273846153846
-0.1710646153846154
-0.17544553846153846
-0.16772676923076923
-0.14832553846153845
-0.12850707692307692
-0.10910584615384614
-0.05173661538461538
0.02545107692307692
0.15395815384615386
0.32335384615384616
0.5403138461538461
0.6314787692307692
0.6965667692307692
0.7814732307692308
0.7541446153846154
0.7278590769230769
0.5215384615384615
0.241368
-0.08574092307692306
-0.42933046153846155
-0.6433698461538462
-0.8713864615384614
-0.9738166153846153
-0.9923833846153847
-0.8594953846153846
-0.520704
-0.1422756923076923
0.3248141538461538
0.6917686153846153
0.9577532307692307
1.1534344615384615
1.130904
0.9827870769230769
0.6417009230769231
0.16334584615384617
-0.2855944615384615
-0.7866886153846154
-1.1507224615384615
-1.329505846153846
-1.4029384615384615
-1.2360461538461538
-0.9746510769230768
-0.6120775384615385
-0.16209415384615386
0.25513661538461535
0.6748707692307692
0.9517033846153846
1.0818793846153847
1.094604923076923
0.9585876923076923
0.7662443076923077
0.45707630769230767
0.06717415384615384
-0.3008233846153846
-0.6594332307692308
-0.875976
-0.9754855384615384
-0.9978073846153847
-0.8726381538461538
-0.6742449230769231
-0.3890676923076923
-0.04944184615384615
0.24992123076923078
0.5367673846153845
0.758316923076923
0.9093544615384616
1.010532923076923
0.9813267692307692
0.8494818461538461
0.625428923076923
0.31751261538461534
-0.02482523076923077
-0.3915710769230769
-0.7226436923076922
-0.9955126153846154
-1.163448
-1.1918196923076922
-1.1117113846153845
-0.8665883076923077
-0.5025544615384615
-0.07468430769230769
0.4105550769230769
0.8315409230769231
1.1592756923076923
1.3530793846153846
1.3589206153846152
1.2122639999999998
0.8905790769230769
0.46375199999999994
0.009387692307692307
-0.45561599999999997
-0.8484387692307691
-1.1457156923076923
-1.2913292307692308
-1.2364633846153845
-1.013244923076923
-0.6527575384615384
-0.21091015384615383
0.28204799999999997
0.7666615384615384
1.1409175384615384
1.377278769230769
1.4365255384615385
1.2913292307692308
1.0182516923076923
0.6339821538461539
0.19609846153846153
-0.22321846153846153
-0.614580923076923
-0.8805655384615384
-1.0165827692307692
-1.0205464615384614
-0.8622073846153846
-0.6028984615384615
-0.2641070769230769
0.09387692307692307
0.4222375384615385
0.6878049230769231
0.8471870769230769
0.9174904615384616
0.8830689230769231
0.7520584615384615
0.5553341538461538
0.29498215384615384
0.031709538461538456
-0.21925476923076925
-0.442056
-0.5862092307692308
-0.6830067692307692
-0.7021993846153846
-0.6331476923076923
-0.5225815384615384
-0.36340799999999995
-0.17899199999999998
0.006884307692307692
0.208824
0.3882332307692308
0.5154886153846154
0.5891298461538461
0.5839144615384615
0.5244590769230769
0.40638276923076927
0.24178523076923078
0.05507446153846154
-0.15124615384615384
-0.33295015384615384
-0.5031803076923077
-0.6325218461538461
-0.6913513846153846
-0.6946892307692308
-0.5991433846153846
-0.44810584615384613
-0.25534523076923077
-0.008970461538461538
0.23156307692307693
0.4683415384615384
0.6450387692307692
0.7188886153846153
0.709500923076923
0.6031070769230769
0.4276615384615384
0.20694646153846152
-0.04944184615384615
-0.306456
-0.5340553846153846
-0.6850929230769232
-0.7330744615384615
-0.690516923076923
-0.5590892307692308
-0.3798886153846154
-0.1614683076923077
0.06821723076923077
0.25513661538461535
0.41034646153846155
0.48586523076923077
0.4877427692307692
0.4320424615384615
0.31834707692307695
0.19296923076923078
0.05716061538461538
-0.07781353846153846
-0.1913003076923077
-0.26681907692307694
-0.287472
-0.24887815384615386
-0.1783661538461538
-0.09179076923076923
-0.007510153846153846
0.06028984615384615
0.119328
0.1639716923076923
0.19192615384615386
0.1785747692307692
0.14477907692307693
0.11599015384615384
0.092208
0.08866153846153846
0.08866153846153846
0.09512861538461538
0.10201292307692307
0.09137353846153846
0.08010830769230769
0.04819015384615385
-0.009596307692307692
-0.07927384615384615
-0.15291507692307693
-0.20027076923076922
-0.21821169230769227
-0.21445661538461538
-0.1829556923076923
-0.12683815384615382
-0.05403138461538461
0.034630153846153845
0.1218313846153846
0.1881710769230769
0.21466523076923077
0.18858830769230767
0.12516923076923075
0.02858030769230769
-0.0717636923076923
-0.1666836923076923
-0.2517987692307692
-0.30332676923076923
-0.31772123076923076
-0.2716172307692308
-0.1718990769230769
-0.05090215384615384
0.07030338461538461
0.16710092307692306
0.23949046153846154
0.29414769230769233
0.30436984615384616
0.26306399999999996
0.17502830769230768
0.06049846153846154
-0.04735569230769231
-0.13622584615384614
-0.19714153846153845
-0.23531815384615382
-0.23490092307692306
-0.19338646153846153
-0.12266584615384615
-0.020027076923076922
0.07760492307692309
0.14749107692307692
0.19338646153846153
0.21341353846153846
0.21174461538461536
0.18316430769230768
0.12955015384615384
0.059872615384615385
-0.005215384615384615
-0.045060923076923075
-0.05674338461538461
-0.037342153846153844
-0.0014603076923076922
0.03671630769230769
0.06383630769230769
0.07551876923076924
0.07677046153846154
0.06717415384615384
0.04214030769230769
0.007301538461538462
-0.01710646153846154
-0.025659692307692307
-0.006049846153846154
0.03337846153846154
0.06884307692307692
0.10848000000000001
0.14039815384615384
0.1691870769230769
0.184416
0.16480615384615382
0.11619876923076923
0.03692492307692308
-0.04047138461538462
-0.0936683076923077
-0.12579507692307693
-0.13622584615384614
-0.1316363076923077
-0.1045163076923077
-0.054240000000000003
0.013560000000000001
0.0853236923076923
0.14164984615384615
0.1779489230769231
0.1913003076923077
0.1783661538461538
0.13476553846153844
0.06341907692307691
-0.031709538461538456
-0.1341396923076923
-0.2157083076923077
-0.265776
-0.2782929230769231
-0.26097784615384617
-0.22676492307692306
-0.16251138461538459
-0.07677046153846154
0.01668923076923077
0.11035753846153845
0.17315076923076922
0.20193969230769232
0.19067446153846154
0.13247076923076923
0.05820369230769231
-0.03233538461538461
-0.13372246153846154
-0.22113230769230768
-0.2751636923076923
-0.2849686153846154
-0.273912
-0.23615261538461538
-0.1783661538461538
-0.10472492307692308
-0.0016689230769230767
0.11140061538461538
0.21904615384615383
0.28955815384615385
0.31646953846153847
0.30833353846153844
0.2561796923076923
0.17481969230769231
0.08156861538461539
-0.01272553846153846
-0.1070196923076923
-0.17398523076923075
-0.19881046153846152
-0.18775384615384613
-0.14686523076923075
-0.0936683076923077
-0.016480615384615385
0.073224
0.16689230769230767
0.23490092307692306
0.2618123076923077
0.2689052307692308
0.24074215384615386
0.19881046153846152
0.13747753846153846
0.05799507692307692
-0.024408000000000003
-0.11327815384615383
-0.17148184615384612
-0.18963138461538462
-0.1779489230769231
-0.14290153846153844
-0.0963803076923077
-0.03567323076923076
0.035255999999999996
0.09784061538461537
0.15103753846153847
0.17982646153846152
0.17690584615384616
0.16063384615384615
0.14018953846153845
0.13330523076923076
0.11348676923076922
0.06717415384615384
0.012099692307692308
-0.03567323076923076
-0.06362769230769232
-0.09012184615384615
-0.10117846153846152
-0.09909230769230769
-0.09116492307692307
-0.06154153846153846
-0.007927384615384614
0.06300184615384616
0.13393107692307693
0.18858830769230767
0.22342707692307692
0.25200738461538463
0.2680707692307692
0.2526332307692308
0.19651569230769228
0.10430769230769231
-0.002712
-0.09909230769230769
-0.1775316923076923
-0.23531815384615382
-0.2624381538461539
-0.2701569230769231
-0.2480436923076923
-0.1846246153846154
-0.10994030769230768
-0.02753723076923077
0.044435076923076924
0.09971815384615385
0.14978584615384616
0.1718990769230769
0.17148184615384612
0.1397723076923077
0.07656184615384615
-0.0022947692307692304
-0.08365476923076923
-0.15145476923076923
-0.21007569230769232
-0.25388492307692306
-0.2737033846153846
-0.2582658461538461
-0.20652923076923077
-0.1353913846153846
-0.05528307692307692
0.019609846153846155
0.07468430769230769
0.1097316923076923
0.12725538461538463
0.12204
0.09429415384615383
0.04401784615384615
-0.010639384615384617
-0.05298830769230769
-0.08949599999999999
-0.10722830769230769
-0.11390399999999999
-0.11473846153846154
-0.10555938461538462
-0.09179076923076923
-0.06362769230769232
-0.037967999999999995
-0.02211323076923077
-0.013768615384615384
-0.009596307692307692
0.008344615384615384
0.03442153846153846
0.06487938461538462
0.086784
0.09930092307692308
0.1070196923076923
0.10138707692307691
0.07760492307692309
0.032544
-0.026494153846153844
-0.08699261538461538
-0.12913292307692306
-0.14811692307692306
-0.1462393846153846
-0.13247076923076923
-0.10868861538461538
-0.06049846153846154
0.006049846153846154
0.08135999999999999
0.14665661538461539
0.184416
0.19881046153846152
0.18712800000000002
0.15416676923076922
0.10430769230769231
0.02482523076923077
-0.06905169230769231
-0.15667015384615385
-0.208824
-0.21758584615384616
-0.1927606153846154
-0.1287156923076923
-0.04172307692307692
0.056326153846153845
0.16084246153846155
0.25054707692307693
0.28121353846153846
0.28246523076923075
0.24992123076923078
0.19609846153846153
0.1218313846153846
0.024199384615384616
-0.05236246153846154
-0.09679753846153846
-0.09179076923076923
-0.013560000000000001
0.18316430769230768
0.2221753846153846
0.21737723076923077
0.2638984615384615
0.21633415384615384
0.33524492307692305
0.26535876923076923
0.05820369230769231
-0.09700615384615385
-0.29185292307692307
-0.2330233846153846
-0.21696000000000001
-0.20423446153846153
-0.18921415384615384
-0.21132738461538458
-0.0002086153846153846
0.15750461538461538
0.3379569230769231
0.3838523076923077
0.24032492307692307
0.22175815384615383
0.10368184615384615
0.06195876923076923
0.008136
-0.19171753846153847
-0.2140393846153846
-0.31834707692307695
-0.34004307692307695
-0.17669723076923077
-0.13935507692307691
0.015646153846153844
0.09283384615384616
0.06759138461538462
0.15875630769230767
0.1449876923076923
0.19505538461538463
0.20861538461538462
0.07426707692307692
-0.0016689230769230767
-0.10222153846153846
-0.09408553846153846
-0.05194523076923077
-0.10263876923076923
-0.11870215384615385
-0.16042523076923076
-0.09137353846153846
0.0446436923076923
0.07030338461538461
0.09596307692307693
0.051528
0.017732307692307693
0.08073415384615384
0.06821723076923077
0.084072
0.0826116923076923
0.03108369230769231
0.09721476923076922
0.1341396923076923
0.14164984615384615
0.13393107692307693
0.04693846153846153
0.0002086153846153846
-0.047981538461538464
-0.09304246153846155
-0.11077476923076923
-0.10806276923076923
-0.0771876923076923
-0.07927384615384615
-0.021278769230769233
0.05736923076923077
0.09721476923076922
0.16480615384615382
0.14811692307692306
0.11745046153846153
0.11202646153846153
0.03483876923076923
-0.006467076923076923
-0.09137353846153846
-0.19797599999999999
-0.225096
-0.2601433846153846
-0.23072861538461537
-0.1881710769230769
-0.1614683076923077
-0.05319692307692307
0.06654830769230768
0.16897846153846155
0.21466523076923077
0.21320492307692307
0.22467876923076924
0.18086953846153844
0.12162276923076921
0.03775938461538462
-0.08615815384615384
-0.12683815384615382
-0.157296
-0.14978584615384616
-0.053614153846153846
0.008344615384615384
0.10889723076923077
0.19755876923076923
0.21737723076923077
0.268488
0.2624381538461539
0.21195323076923075
0.1358086153846154
-0.005841230769230769
-0.12245723076923076
-0.21132738461538458
-0.25138153846153843
-0.23844738461538462
-0.21132738461538458
-0.15103753846153847
-0.09950953846153845
-0.016063384615384615
0.07823076923076923
0.11494707692307692
0.14185846153846154
0.10180430769230768
0.04214030769230769
0.01856676923076923
-0.03650769230769231
-0.07551876923076924
-0.12996738461538462
-0.19004861538461537
-0.17085599999999998
-0.12621230769230768
-0.07155507692307693
-0.03045784615384615
-0.03567323076923076
-0.021487384615384613
0.015437538461538461
0.06008123076923077
0.092208
0.07092923076923077
0.03108369230769231
-0.017315076923076923
-0.040054153846153843
-0.021487384615384613
-0.011056615384615385
0.026494153846153844
0.04902461538461538
0.05319692307692307
0.09575446153846154
0.11306953846153844
0.12934153846153845
0.11202646153846153
0.021904615384615383
-0.054240000000000003
-0.12329169230769231
-0.16021661538461537
-0.15270646153846154
-0.16418030769230768
-0.16188553846153847
-0.13622584615384614
-0.07238953846153846
0.030875076923076922
0.10159569230769232
0.14832553846153845
0.1558356923076923
0.14081538461538462
0.14290153846153844
0.119328
0.0855323076923077
0.03609046153846154
-0.015228923076923076
-0.031709538461538456
-0.05090215384615384
-0.0448523076923077
-0.03024923076923077
-0.027328615384615382
0.0
0.019609846153846155
0.042557538461538466
0.06070707692307692
0.04693846153846153
0.021487384615384613
-0.026494153846153844
-0.054657230769230764
-0.051319384615384614
-0.03775938461538462
-0.005632615384615384
0.0050067692307692304
0.018775384615384614
0.044435076923076924
0.05611753846153846
0.065088
0.029414769230769227
-0.022947692307692308
-0.0609156923076923
-0.09784061538461537
-0.10430769230769231
-0.11098338461538461
-0.119328
-0.08866153846153846
-0.034630153846153845
0.03755076923076923
0.10368184615384615
0.13998092307692306
0.17315076923076922
0.18358153846153846
0.1666836923076923
0.12683815384615382
0.051319384615384614
-0.03421292307692308
-0.12955015384615384
-0.20715507692307691
-0.25138153846153843
-0.27412061538461535
-0.2574313846153846
-0.2090326153846154
-0.12412615384615384
-0.015437538461538461
0.07697907692307693
0.14728246153846153
0.18942276923076923
0.19463815384615382
0.1696043076923077
0.10994030769230768
0.019609846153846155
-0.08240307692307691
-0.19380369230769232
-0.2805876923076923
-0.32272799999999996
-0.3239796923076923
-0.28017046153846153
-0.21779446153846155
-0.12224861538461537
-0.0050067692307692304
0.10660246153846153
0.20819815384615384
0.2643156923076923
0.28350830769230767
0.27182584615384614
0.23156307692307693
0.19317784615384614
0.1341396923076923
0.051528
-0.02086153846153846
-0.08386338461538462
-0.10201292307692307
-0.073224
-0.029623384615384614
0.02586830769230769
0.07009476923076922
0.12829846153846153
0.20256553846153844
0.2540935384615385
0.2789187692307692
0.268488
0.22676492307692306
0.1704387692307692
0.10576799999999999
0.04214030769230769
-0.02044430769230769
-0.07426707692307692
-0.10055261538461538
-0.0934596923076923
-0.05590892307692308
-0.007510153846153846
0.042557538461538466
0.09658892307692307
0.14206707692307693
0.18086953846153844
0.20465169230769228
0.200688
0.18066092307692305
0.13601723076923075
0.09387692307692307
0.06362769230769232
0.03504738461538461
0.013768615384615384
-0.017523692307692306
-0.037967999999999995
-0.04172307692307692
-0.040054153846153843
-0.03108369230769231
-0.03045784615384615
-0.034630153846153845
-0.02795446153846154
-0.007927384615384614
0.023364923076923075
0.05298830769230769
0.058412307692307694
0.05194523076923077
0.03713353846153846
0.016897846153846156
0.005632615384615384
-0.03045784615384615
-0.08323753846153846
-0.12808984615384614
-0.15374953846153847
-0.13622584615384614
-0.09909230769230769
-0.05319692307692307
-0.0043809230769230765
0.03650769230769231
0.07489292307692308
0.10868861538461538
0.1316363076923077
0.12558646153846154
0.08866153846153846
0.04839876923076923
0.008970461538461538
-0.02586830769230769
-0.04944184615384615
-0.07238953846153846
-0.07927384615384615
-0.06842584615384616
-0.04193169230769231
-0.0012516923076923076
0.02273907692307692
0.047772923076923074
0.06821723076923077
0.06967753846153846
0.07134646153846153
0.05736923076923077
0.026076923076923077
-0.021696
-0.06717415384615384
-0.10201292307692307
-0.12662953846153846
-0.14018953846153845
-0.16209415384615386
-0.16209415384615386
-0.1424843076923077
-0.11202646153846153
-0.06300184615384616
-0.024199384615384616
0.006675692307692307
0.02586830769230769
0.027120000000000002
0.021696
0.021070153846153846
0.009804923076923077
-0.0029206153846153843
0.011056615384615385
0.03379569230769231
0.06404492307692307
0.07948246153846153
0.07739630769230768
0.06633969230769231
0.0448523076923077
0.03024923076923077
0.008970461538461538
-0.016897846153846156
-0.043392
-0.053614153846153846
-0.040262769230769234
-0.019192615384615384
0.011891076923076923
0.030875076923076922
0.03880246153846154
0.05611753846153846
0.06905169230769231
0.07531015384615385
0.06821723076923077
0.03963692307692308
0.015020307692307692
-0.0018775384615384615
-0.012308307692307691
-0.01043076923076923
-0.013560000000000001
-0.015646153846153844
-0.015228923076923076
0.0004172307692307692
0.025033846153846153
0.04109723076923077
0.05194523076923077
0.034630153846153845
0.026494153846153844
0.02858030769230769
0.03838523076923077
0.06362769230769232
0.07280676923076923
0.08949599999999999
0.10910584615384614
0.13038461538461538
0.15479261538461536
0.15667015384615385
0.138312
0.11056615384615384
0.07906523076923076
0.04756430769230769
0.017523692307692306
-0.011891076923076923
-0.049233230769230765
-0.07259815384615384
-0.06654830769230768
-0.04714707692307692
-0.02023569230769231
-0.002086153846153846
0.015020307692307692
0.03108369230769231
0.025033846153846153
0.026076923076923077
0.024408000000000003
-0.004798153846153846
-0.03880246153846154
-0.06946892307692307
-0.07364123076923076
-0.05277969230769231
-0.027745846153846152
-0.006884307692307692
0.008136
0.021070153846153846
0.035464615384615386
0.04756430769230769
0.04380923076923077
0.017940923076923077
-0.02586830769230769
-0.065088
-0.08720123076923077
-0.09262523076923077
-0.08949599999999999
-0.08198584615384615
-0.06258461538461538
-0.02899753846153846
0.009804923076923077
0.028788923076923077
0.017315076923076923
-0.010013538461538461
-0.046104
-0.09408553846153846
-0.1462393846153846
-0.19442953846153843
-0.23093723076923076
-0.26097784615384617
-0.268488
-0.24554030769230767
-0.19296923076923078
-0.11703323076923078
-0.044435076923076924
0.037967999999999995
0.11536430769230768
0.17461107692307692
0.20652923076923077
0.19630707692307692
0.15145476923076923
0.08031692307692308
-0.003963692307692307
-0.086784
-0.1531236923076923
-0.19693292307692306
-0.200688
-0.16626646153846153
-0.1045163076923077
-0.03129230769230769
0.027745846153846152
0.054657230769230764
0.07343261538461537
0.13059323076923077
0.1977673846153846
0.2803790769230769
0.35798399999999997
0.39866399999999996
0.4405956923076923
0.4401784615384615
0.41681353846153846
0.3314898461538462
0.1783661538461538
0.013560000000000001
-0.14081538461538462
-0.20944984615384615
-0.31626092307692305
-0.3826006153846154
-0.3957433846153846
-0.3782196923076923
-0.21591692307692306
-0.05111076923076923
0.13935507692307691
0.2891409230769231
0.3805144615384615
0.47084492307692305
0.4558246153846154
0.39595199999999997
0.2453316923076923
0.031709538461538456
-0.1635544615384615
-0.3821833846153846
-0.5188264615384615
-0.5910073846153846
-0.5937193846153845
-0.4877427692307692
-0.3609046153846154
-0.17273353846153844
0.01272553846153846
0.1639716923076923
0.30895938461538464
0.33524492307692305
0.3102110769230769
0.25534523076923077
0.16209415384615386
0.10618523076923077
0.012099692307692308
-0.09700615384615385
-0.20652923076923077
-0.3081249230769231
-0.3425464615384616
-0.3665372307692307
-0.3682061538461538
-0.344424
-0.29456492307692306
-0.18358153846153846
-0.06821723076923077
0.03880246153846154
0.13226215384615383
0.1867107692307692
0.2482523076923077
0.2891409230769231
0.29727692307692305
0.2979027692307692
0.25430215384615384
0.20944984615384615
0.1656406153846154
0.08115138461538463
-0.0002086153846153846
-0.10138707692307691
-0.19818461538461538
-0.25346769230769234
-0.2860116923076923
-0.2422024615384615
-0.15270646153846154
-0.021070153846153846
0.13893784615384613
0.27599815384615384
0.4076344615384615
0.4814843076923077
0.497964923076923
0.444768
0.3016578461538461
0.14457046153846154
-0.026702769230769228
-0.18399876923076922
-0.29352184615384613
-0.3821833846153846
-0.39595199999999997
-0.34233784615384616
-0.24762646153846155
-0.09700615384615385
0.054657230769230764
0.21028430769230766
0.36445107692307693
0.47355692307692304
0.5336381538461539
0.5129852307692307
0.4349630769230769
0.32189353846153845
0.17961784615384613
0.040679999999999994
-0.09179076923076923
-0.1779489230769231
-0.21195323076923075
-0.2140393846153846
-0.15750461538461538
-0.07927384615384615
-0.004172307692307692
0.07134646153846153
0.10889723076923077
0.12329169230769231
0.11974523076923077
0.09450276923076922
0.06821723076923077
0.024616615384615383
-0.019192615384615384
-0.051528
-0.07802215384615384
-0.09596307692307693
-0.11286092307692308
-0.12266584615384615
-0.13184492307692308
-0.14394461538461537
-0.14185846153846154
-0.12266584615384615
-0.09408553846153846
-0.08073415384615384
-0.0855323076923077
-0.07426707692307692
-0.06279323076923077
-0.0446436923076923
-0.014185846153846153
0.0004172307692307692
0.026494153846153844
0.06195876923076923
0.0974233846153846
0.12996738461538462
0.13852061538461538
0.13747753846153846
0.12704676923076924
0.09304246153846155
0.05069353846153846
-0.006884307692307692
-0.06717415384615384
-0.1045163076923077
-0.12955015384615384
-0.12350030769230769
-0.103056
-0.06425353846153846
-0.003963692307692307
0.03880246153846154
0.07802215384615384
0.09909230769230769
0.1136953846153846
0.12808984615384614
0.12454338461538461
0.12412615384615384
0.11870215384615385
0.11286092307692308
0.116616
0.11014892307692307
0.09012184615384615
0.06446215384615385
0.033169846153846154
0.0070929230769230765
-0.020652923076923076
-0.04631261538461538
-0.061124307692307686
-0.06884307692307692
-0.04672984615384615
-0.009804923076923077
0.03880246153846154
0.09930092307692308
0.14665661538461539
0.1881710769230769
0.2157083076923077
0.2207150769230769
0.20652923076923077
0.1777403076923077
0.13998092307692306
0.09158215384615384
0.023990769230769232
-0.047772923076923074
-0.10681107692307691
-0.15249784615384615
-0.17461107692307692
-0.1883796923076923
-0.18232984615384615
-0.1476996923076923
-0.09554584615384615
-0.027120000000000002
0.04547815384615384
0.12099692307692309
0.1794092307692308
0.2221753846153846
0.2453316923076923
0.23177169230769232
0.19171753846153847
0.12224861538461537
0.034630153846153845
-0.05736923076923077
-0.14665661538461539
-0.21007569230769232
-0.2399076923076923
-0.23782153846153845
-0.19818461538461538
-0.13226215384615383
-0.04819015384615385
0.052153846153846155
0.14477907692307693
0.21508246153846153
0.24595753846153845
0.241368
0.21237046153846154
0.15354092307692307
0.0771876923076923
-0.022530461538461537
-0.12287446153846153
-0.19735015384615384
-0.24679199999999998
-0.25451076923076926
-0.23907323076923076
-0.22488738461538463
-0.19004861538461537
-0.13393107692307693
-0.05674338461538461
0.01710646153846154
0.06675692307692307
0.10263876923076923
0.10722830769230769
0.09825784615384614
0.08177723076923075
0.06195876923076923
0.03400430769230769
-0.017732307692307693
-0.06279323076923077
-0.08761846153846153
-0.09262523076923077
-0.09158215384615384
-0.09283384615384616
-0.08574092307692306
-0.08094276923076923
-0.0853236923076923
-0.07906523076923076
-0.07739630769230768
-0.08094276923076923
-0.08574092307692306
-0.09387692307692307
-0.06738276923076922
-0.030040615384615384
0.008136
0.03567323076923076
0.03859384615384615
0.040262769230769234
0.032544
0.028163076923076923
0.00855323076923077
-0.03713353846153846
-0.08240307692307691
-0.1136953846153846
-0.12162276923076921
-0.11098338461538461
-0.09283384615384616
-0.06571384615384615
-0.024616615384615383
0.031709538461538456
0.10055261538461538
0.1462393846153846
0.168144
0.1718990769230769
0.16501476923076921
0.154584
0.13038461538461538
0.10910584615384614
0.07948246153846153
0.038176615384615385
-0.0014603076923076922
-0.034630153846153845
-0.05799507692307692
-0.08991323076923076
-0.12391753846153845
-0.14436184615384615
-0.1585476923076923
-0.1543753846153846
-0.13455692307692307
-0.11160923076923077
-0.08761846153846153
-0.06592246153846154
-0.03379569230769231
0.006258461538461538
0.044435076923076924
0.06842584615384616
0.06717415384615384
0.055491692307692304
0.04088861538461538
0.01814953846153846
-0.011891076923076923
-0.05528307692307692
-0.10430769230769231
-0.14811692307692306
-0.18128676923076922
-0.18483323076923078
-0.17502830769230768
-0.14561353846153846
-0.08469784615384615
-0.014811692307692307
0.07238953846153846
0.14957723076923077
0.1994363076923077
0.2292683076923077
0.22134092307692307
0.19818461538461538
0.15667015384615385
0.09533723076923077
0.02899753846153846
-0.051319384615384614
-0.11223507692307692
-0.14728246153846153
-0.15833907692307692
-0.13664307692307692
-0.11306953846153844
-0.07906523076923076
-0.03066646153846154
0.013768615384615384
0.054657230769230764
0.07426707692307692
0.07656184615384615
0.08094276923076923
0.07843938461538462
0.084072
0.0892873846153846
0.07510153846153846
0.054240000000000003
0.01814953846153846
-0.015020307692307692
-0.04631261538461538
-0.078648
-0.09971815384615385
-0.12120553846153845
-0.12391753846153845
-0.10430769230769231
-0.06592246153846154
-0.008970461538461538
0.049233230769230765
0.11223507692307692
0.18921415384615384
0.2557624615384615
0.30061476923076924
0.3081249230769231
0.2730775384615384
0.21174461538461536
0.12350030769230769
0.030040615384615384
-0.05778646153846154
-0.13998092307692306
-0.19442953846153843
-0.21195323076923075
-0.18858830769230767
-0.11911938461538461
-0.03880246153846154
0.046104
0.12391753846153845
0.18170399999999998
0.23052
0.2563883076923077
0.25659692307692306
0.2221753846153846
0.16793538461538463
0.09784061538461537
0.017315076923076923
-0.05653476923076922
-0.12934153846153845
-0.19004861538461537
-0.22843384615384613
-0.23406646153846156
-0.20110523076923076
-0.15082892307692305
-0.09658892307692307
-0.041514461538461535
0.0025033846153846152
0.03504738461538461
0.05820369230769231
0.06279323076923077
0.05444861538461539
0.040679999999999994
0.02211323076923077
0.004798153846153846
-0.02023569230769231
-0.049233230769230765
-0.07843938461538462
-0.10806276923076923
-0.127464
-0.13497415384615385
-0.13455692307692307
-0.12162276923076921
-0.100344
-0.06550523076923077
-0.0050067692307692304
0.06988615384615385
0.15249784615384615
0.214248
0.2574313846153846
0.28768061538461537
0.28851507692307693
0.2707827692307692
0.22801661538461537
0.1718990769230769
0.10535076923076922
0.03859384615384615
-0.009387692307692307
-0.04693846153846153
-0.06967753846153846
-0.07280676923076923
-0.054240000000000003
-0.027120000000000002
0.011265230769230769
0.05590892307692308
0.09679753846153846
0.12725538461538463
0.130176
0.12934153846153845
0.11557292307692307
0.08615815384615384
0.04193169230769231
-0.017940923076923077
-0.07051199999999999
-0.11265230769230769
-0.14686523076923075
-0.1696043076923077
-0.1718990769230769
-0.16251138461538459
-0.13914646153846155
-0.10096984615384616
-0.05820369230769231
-0.013351384615384614
0.03129230769230769
0.07197230769230768
0.11432123076923076
0.14811692307692306
0.15813046153846153
0.14540492307692307
0.10576799999999999
0.056326153846153845
0.016063384615384615
-0.019192615384615384
-0.04839876923076923
-0.06821723076923077
-0.07760492307692309
-0.07238953846153846
-0.05027630769230769
-0.02086153846153846
0.007301538461538462
0.040679999999999994
0.06988615384615385
0.09387692307692307
0.10743692307692307
0.11014892307692307
0.07969107692307692
0.04172307692307692
0.023364923076923075
0.02586830769230769
0.03671630769230769
0.026494153846153844
0.024199384615384616
0.030875076923076922
0.06738276923076922
0.1314276923076923
0.27787569230769227
0.2966510769230769
0.1990190769230769
0.16730953846153845
0.07885661538461539
0.09429415384615383
0.025033846153846153
-0.1424843076923077
-0.2659846153846154
-0.38990215384615384
-0.2926873846153846
-0.17169046153846151
-0.06362769230769232
0.02524246153846154
0.06195876923076923
0.24887815384615386
0.4049224615384615
0.5486584615384615
0.5645132307692308
0.3646596923076923
0.21070153846153844
0.013768615384615384
-0.13267938461538462
-0.22947692307692308
-0.41034646153846155
-0.45561599999999997
-0.4956701538461538
-0.4816929230769231
-0.27871015384615383
-0.13080184615384613
0.06362769230769232
0.20861538461538462
0.2532590769230769
0.3481790769230769
0.35610646153846154
0.3665372307692307
0.33962584615384617
0.18796246153846152
0.04985907692307692
-0.08907876923076924
-0.14582215384615385
-0.15228923076923076
-0.22008923076923076
-0.2480436923076923
-0.27286892307692306
-0.22676492307692306
-0.09533723076923077
-0.03045784615384615
0.027120000000000002
0.04693846153846153
0.053614153846153846
0.1316363076923077
0.14832553846153845
0.13998092307692306
0.11807630769230769
0.03483876923076923
0.01940123076923077
0.009596307692307692
-0.027120000000000002
-0.08073415384615384
-0.17690584615384616
-0.23510953846153848
-0.2707827692307692
-0.2701569230769231
-0.23803015384615384
-0.18629353846153843
-0.09033046153846153
-0.02357353846153846
0.06341907692307691
0.18066092307692305
0.24449723076923074
0.2997803076923077
0.2943563076923077
0.24595753846153845
0.19818461538461538
0.09199938461538461
0.0014603076923076922
-0.10263876923076923
-0.22280123076923075
-0.26786215384615386
-0.2832996923076923
-0.2557624615384615
-0.20152246153846154
-0.13768615384615385
-0.009387692307692307
0.12412615384615384
0.23761292307692305
0.29727692307692305
0.2995716923076923
0.31229723076923077
0.27412061538461535
0.19004861538461537
0.06717415384615384
-0.12120553846153845
-0.25284184615384614
-0.33482769230769227
-0.37613353846153846
-0.32585723076923073
-0.2632726153846154
-0.146448
0.006258461538461538
0.13309661538461537
0.27787569230769227
0.3692492307692308
0.3924055384615385
0.3540203076923077
0.249504
0.11870215384615385
-0.03567323076923076
-0.1693956923076923
-0.2689052307692308
-0.3350363076923077
-0.3375396923076923
-0.30520430769230766
-0.2238443076923077
-0.10618523076923077
-0.015437538461538461
0.07927384615384615
0.1395636923076923
0.15917353846153848
0.1881710769230769
0.1718990769230769
0.1136953846153846
0.02273907692307692
-0.09033046153846153
-0.15771323076923077
-0.1990190769230769
-0.23823876923076923
-0.25430215384615384
-0.2532590769230769
-0.21007569230769232
-0.12350030769230769
-0.029832
0.0678
0.13664307692307692
0.1804523076923077
0.192552
0.1733593846153846
0.14686523076923075
0.07614461538461538
0.025659692307692307
-0.004589538461538461
-0.05111076923076923
-0.06404492307692307
-0.07364123076923076
-0.046104
-0.0018775384615384615
-0.00855323076923077
-0.014394461538461538
-0.02211323076923077
-0.026494153846153844
-0.010013538461538461
0.007301538461538462
0.021278769230769233
0.023990769230769232
0.028371692307692306
0.04985907692307692
0.06905169230769231
0.07927384615384615
0.07009476923076922
0.03921969230769231
0.008761846153846153
-0.03421292307692308
-0.0678
-0.09137353846153846
-0.10681107692307691
-0.0974233846153846
-0.09325107692307691
-0.07259815384615384
-0.02315630769230769
0.03629907692307692
0.08782707692307692
0.11160923076923077
0.12204
0.12975876923076923
0.1316363076923077
0.11828492307692307
0.07927384615384615
0.022530461538461537
-0.02858030769230769
-0.06383630769230769
-0.06863446153846153
-0.06216738461538462
-0.06049846153846154
-0.044435076923076924
-0.021070153846153846
0.023990769230769232
0.059872615384615385
0.06905169230769231
0.07405846153846153
0.05236246153846154
0.034630153846153845
0.01940123076923077
-0.004589538461538461
-0.014185846153846153
-0.030040615384615384
-0.03504738461538461
-0.021278769230769233
0.003129230769230769
0.05298830769230769
0.09825784615384614
0.11745046153846153
0.12621230769230768
0.119328
0.10868861538461538
0.08052553846153847
0.027328615384615382
-0.03212676923076923
-0.09095630769230768
-0.11056615384615384
-0.09387692307692307
-0.04902461538461538
0.011891076923076923
0.05069353846153846
0.09471138461538461
0.14811692307692306
0.18525046153846153
0.19505538461538463
0.1504116923076923
0.06070707692307692
-0.040262769230769234
-0.12788123076923075
-0.18754523076923074
-0.2209236923076923
-0.2290596923076923
-0.21049292307692305
-0.1760713846153846
-0.11098338461538461
-0.025033846153846153
0.05277969230769231
0.11014892307692307
0.13101046153846155
0.14331876923076922
0.14164984615384615
0.12391753846153845
0.10117846153846152
0.06133292307692308
0.01981846153846154
-0.010013538461538461
-0.022947692307692308
-0.02524246153846154
-0.01856676923076923
-0.013768615384615384
-0.007510153846153846
0.0025033846153846152
0.028371692307692306
0.06362769230769232
0.08720123076923077
0.10597661538461538
0.11494707692307692
0.13518276923076925
0.1531236923076923
0.16480615384615382
0.16501476923076921
0.13768615384615385
0.11306953846153844
0.07843938461538462
0.03066646153846154
-0.02315630769230769
-0.09658892307692307
-0.1666836923076923
-0.21508246153846153
-0.24053353846153847
-0.23510953846153848
-0.20423446153846153
-0.14832553846153845
-0.06717415384615384
0.027745846153846152
0.1316363076923077
0.2261390769230769
0.28476
0.2995716923076923
0.26869661538461537
0.21195323076923075
0.13518276923076925
0.02899753846153846
-0.07906523076923076
-0.1785747692307692
-0.24595753846153845
-0.2605606153846154
-0.23156307692307693
-0.15833907692307692
-0.06216738461538462
0.04172307692307692
0.15416676923076922
0.24762646153846155
0.30666461538461537
0.3248141538461538
0.29080984615384614
0.22029784615384615
0.12350030769230769
0.029206153846153847
-0.049233230769230765
-0.11348676923076922
-0.15082892307692305
-0.16063384615384615
-0.12996738461538462
-0.08323753846153846
-0.03296123076923077
0.01856676923076923
0.050067692307692306
0.07489292307692308
0.08720123076923077
0.08991323076923076
0.08720123076923077
0.06842584615384616
0.04735569230769231
0.03275261538461539
0.01856676923076923
0.009179076923076922
0.007301538461538462
-0.0002086153846153846
-0.008761846153846153
-0.02357353846153846
-0.047772923076923074
-0.07364123076923076
-0.10535076923076922
-0.13309661538461537
-0.15124615384615384
-0.15604430769230768
-0.1424843076923077
-0.10848000000000001
-0.058412307692307694
-0.0002086153846153846
0.06404492307692307
0.12037107692307693
0.15479261538461536
0.1696043076923077
0.1531236923076923
0.09950953846153845
0.02795446153846154
-0.05653476923076922
-0.138312
-0.20047938461538461
-0.23510953846153848
-0.23239753846153846
-0.1881710769230769
-0.10180430769230768
-0.003963692307692307
0.09846646153846153
0.20193969230769232
0.28893230769230765
0.35923569230769226
0.37655076923076924
0.3454670769230769
0.26765353846153844
0.14665661538461539
0.03483876923076923
-0.07551876923076924
-0.1693956923076923
-0.2221753846153846
-0.24866953846153847
-0.22801661538461537
-0.15813046153846153
-0.06675692307692307
0.029206153846153847
0.11891076923076922
0.19067446153846154
0.23803015384615384
0.2497126153846154
0.2236356923076923
0.16209415384615386
0.07134646153846153
-0.023364923076923075
-0.10660246153846153
-0.16772676923076923
-0.20486030769230767
-0.21800307692307694
-0.19797599999999999
-0.15416676923076922
-0.08740984615384616
-0.0033378461538461535
0.06717415384615384
0.13059323076923077
0.17481969230769231
0.19797599999999999
0.21007569230769232
0.1873366153846154
0.1435273846153846
0.08594953846153845
0.024199384615384616
-0.024199384615384616
-0.047981538461538464
-0.049233230769230765
-0.040679999999999994
-0.023364923076923075
-0.002712
0.024616615384615383
0.05507446153846154
0.08031692307692308
0.09095630769230768
0.08115138461538463
0.06216738461538462
0.046104
0.03024923076923077
0.005424
-0.016897846153846156
-0.042974769230769226
-0.06863446153846153
-0.0826116923076923
-0.08866153846153846
-0.078648
-0.06800861538461538
-0.05945538461538461
-0.049233230769230765
-0.04172307692307692
-0.034630153846153845
-0.026702769230769228
-0.024408000000000003
-0.024616615384615383
-0.02357353846153846
-0.016480615384615385
0.0018775384615384615
0.027745846153846152
0.06028984615384615
0.0744756923076923
0.07843938461538462
0.07823076923076923
0.05486584615384615
0.024408000000000003
-0.020652923076923076
-0.06446215384615385
-0.09387692307692307
-0.1205796923076923
-0.116616
-0.092208
-0.04965046153846154
0.007301538461538462
0.05862092307692307
0.10076123076923077
0.11828492307692307
0.10535076923076922
0.06425353846153846
-0.0006258461538461538
-0.07760492307692309
-0.15270646153846154
-0.21862892307692305
-0.25805723076923076
-0.2720344615384615
-0.2532590769230769
-0.20486030769230767
-0.1358086153846154
-0.05048492307692308
0.03838523076923077
0.11432123076923076
0.15208061538461537
0.1558356923076923
0.12725538461538463
0.06654830769230768
-0.029414769230769227
-0.11286092307692308
-0.18066092307692305
-0.19735015384615384
-0.16418030769230768
-0.03859384615384615
0.1860849230769231
0.28204799999999997
0.41326707692307696
0.5282141538461538
0.5444861538461538
0.5574203076923077
0.38572984615384615
0.1760713846153846
-0.09763200000000001
-0.3483876923076923
-0.4756430769230769
-0.6206307692307692
-0.6408664615384615
-0.6104086153846153
-0.4487316923076923
-0.15103753846153847
0.12120553846153845
0.43976123076923074
0.6127033846153845
0.6671520000000001
0.6815464615384615
0.5334295384615384
0.36445107692307693
0.11140061538461538
-0.18253846153846154
-0.37425600000000003
-0.6122861538461538
-0.7026166153846154
-0.6585987692307692
-0.5899643076923077
-0.3826006153846154
-0.2154996923076923
-0.04672984615384615
0.12037107692307693
0.21821169230769227
0.3542289230769231
0.40992923076923077
0.38719015384615385
0.33524492307692305
0.23531815384615382
0.16647507692307692
0.048816000000000005
-0.10535076923076922
-0.24282830769230768
-0.39219692307692305
-0.43934399999999996
-0.43996984615384616
-0.41994276923076923
-0.3279433846153846
-0.249504
-0.12767261538461538
0.018983999999999997
0.12558646153846154
0.25555384615384613
0.33649661538461534
0.3896935384615384
0.4453938461538462
0.4360061538461539
0.3957433846153846
0.2858030769230769
0.13747753846153846
-0.025033846153846153
-0.2209236923076923
-0.384060923076923
-0.5229987692307692
-0.5872523076923076
-0.5832886153846154
-0.5428172307692307
-0.37363015384615383
-0.1449876923076923
0.1028473846153846
0.36674584615384614
0.5513704615384615
0.6823809230769231
0.7207661538461537
0.6602676923076923
0.5480326153846153
0.3225193846153846
0.06216738461538462
-0.18379015384615385
-0.42724430769230765
-0.6087396923076923
-0.7341175384615384
-0.7537273846153846
-0.6529661538461539
-0.46896738461538456
-0.20819815384615384
0.07072061538461538
0.3692492307692308
0.6421181538461538
0.8048381538461538
0.8853636923076923
0.8430147692307691
0.6886393846153845
0.4925409230769231
0.22530461538461538
-0.03358707692307692
-0.23239753846153846
-0.3838523076923077
-0.4360061538461539
-0.4291218461538462
-0.36257353846153845
-0.2273907692307692
-0.06988615384615385
0.11286092307692308
0.265776
0.38072307692307694
0.4478972307692307
0.452904
0.4408043076923077
0.37363015384615383
0.2730775384615384
0.1462393846153846
-0.014811692307692307
-0.13789476923076924
-0.2411593846153846
-0.3095852307692307
-0.32836061538461536
-0.3373310769230769
-0.3012406153846154
-0.22822523076923076
-0.14832553846153845
-0.06738276923076922
-0.02023569230769231
0.017940923076923077
0.07280676923076923
0.12642092307692307
0.1760713846153846
0.19672430769230767
0.20444307692307692
0.20527753846153846
0.1779489230769231
0.14999446153846155
0.09658892307692307
0.023364923076923075
-0.06258461538461538
-0.16271999999999998
-0.21153599999999997
-0.22780799999999998
-0.20444307692307692
-0.13393107692307693
-0.07051199999999999
0.01397723076923077
0.11035753846153845
0.20486030769230767
0.3079163076923077
0.3508910769230769
0.33315876923076926
0.2862203076923077
0.21967199999999998
0.16105107692307694
0.08991323076923076
0.0002086153846153846
-0.0897046153846154
-0.1666836923076923
-0.19651569230769228
-0.19588984615384614
-0.18483323076923078
-0.15833907692307692
-0.13622584615384614
-0.09116492307692307
-0.035464615384615386
0.014185846153846153
0.06279323076923077
0.07468430769230769
0.07405846153846153
0.07760492307692309
0.06821723076923077
0.054240000000000003
0.035464615384615386
0.0050067692307692304
-0.027328615384615382
-0.05027630769230769
-0.058412307692307694
-0.055491692307692304
-0.06133292307692308
-0.08052553846153847
-0.10096984615384616
-0.11223507692307692
-0.10889723076923077
-0.10117846153846152
-0.09408553846153846
-0.07885661538461539
-0.04318338461538461
0.014811692307692307
0.08073415384615384
0.1368516923076923
0.1721076923076923
0.1846246153846154
0.1867107692307692
0.17315076923076922
0.12579507692307693
0.05298830769230769
-0.04693846153846153
-0.13789476923076924
-0.19442953846153843
-0.22697353846153845
-0.22113230769230768
-0.19588984615384614
-0.14540492307692307
-0.07802215384615384
-0.006467076923076923
0.08219446153846154
0.1449876923076923
0.18086953846153844
0.19359507692307693
0.18942276923076923
0.17273353846153844
0.12245723076923076
0.04902461538461538
-0.04214030769230769
-0.12558646153846154
-0.1860849230769231
-0.22676492307692306
-0.2292683076923077
-0.20402584615384614
-0.16876984615384616
-0.11181784615384616
-0.04109723076923077
0.04276615384615385
0.13226215384615383
0.19609846153846153
0.233232
0.24866953846153847
0.24428861538461538
0.21195323076923075
0.15103753846153847
0.07510153846153846
-0.0002086153846153846
-0.05590892307692308
-0.08845292307692308
-0.10159569230769232
-0.10096984615384616
-0.09262523076923077
-0.06154153846153846
-0.005632615384615384
0.061124307692307686
0.13518276923076925
0.18858830769230767
0.22697353846153845
0.25847446153846154
0.2768326153846154
0.2849686153846154
0.2638984615384615
0.2205064615384615
0.15604430769230768
0.07614461538461538
-0.006258461538461538
-0.0880356923076923
-0.15625292307692307
-0.20819815384615384
-0.23886461538461537
-0.2355267692307692
-0.19547261538461536
-0.13476553846153844
-0.058412307692307694
0.008970461538461538
0.06550523076923077
0.1178676923076923
0.14957723076923077
0.17294215384615383
0.16730953846153845
0.13497415384615385
0.08907876923076924
0.03609046153846154
-0.011265230769230769
-0.061124307692307686
-0.10639384615384614
-0.13872923076923074
-0.143736
-0.12621230769230768
-0.11035753846153845
-0.08887015384615385
-0.05924676923076923
-0.027745846153846152
0.015437538461538461
0.05820369230769231
0.09053907692307692
0.10201292307692307
0.08240307692307691
0.05799507692307692
0.03358707692307692
-0.0008344615384615384
-0.03984553846153846
-0.07948246153846153
-0.11599015384615384
-0.14853415384615384
-0.16981292307692308
-0.18086953846153844
-0.18483323076923078
-0.17502830769230768
-0.1543753846153846
-0.12350030769230769
-0.08469784615384615
-0.04860738461538461
-0.016897846153846156
0.010848
0.028163076923076923
0.049233230769230765
0.06717415384615384
0.061124307692307686
0.040054153846153843
0.005632615384615384
-0.025659692307692307
-0.04652123076923077
-0.06633969230769231
-0.08720123076923077
-0.1136953846153846
-0.1353913846153846
-0.1341396923076923
-0.12037107692307693
-0.09992676923076924
-0.07301538461538462
-0.042974769230769226
-0.002712
0.040679999999999994
0.08887015384615385
0.116616
0.12537784615384615
0.12329169230769231
0.09930092307692308
0.08052553846153847
0.05653476923076922
0.02315630769230769
-0.01814953846153846
-0.06446215384615385
-0.09930092307692308
-0.12162276923076921
-0.12391753846153845
-0.11244369230769231
-0.09512861538461538
-0.06467076923076923
-0.009387692307692307
0.05924676923076923
0.11390399999999999
0.1476996923076923
0.1718990769230769
0.19150892307692308
0.20694646153846152
0.20694646153846152
0.18900553846153845
0.14790830769230767
0.0988836923076923
0.05382276923076923
0.016063384615384615
-0.008761846153846153
-0.04860738461538461
-0.08073415384615384
-0.0974233846153846
-0.08782707692307692
-0.040679999999999994
0.0022947692307692304
0.05090215384615384
0.10076123076923077
0.1356
0.16835261538461538
0.1802436923076923
0.18107815384615383
0.168144
0.12037107692307693
0.07739630769230768
0.04172307692307692
0.013142769230769229
-0.010013538461538461
-0.037967999999999995
-0.05319692307692307
-0.061124307692307686
-0.05090215384615384
-0.030040615384615384
-0.012516923076923077
0.005215384615384615
0.022530461538461537
0.04860738461538461
0.08010830769230769
0.10159569230769232
0.103056
0.08094276923076923
0.048816000000000005
0.021487384615384613
-0.004589538461538461
-0.04047138461538462
-0.08428061538461538
-0.12099692307692309
-0.1422756923076923
-0.1395636923076923
-0.12350030769230769
-0.11160923076923077
-0.09471138461538461
-0.07489292307692308
-0.053614153846153846
-0.02232184615384615
0.009387692307692307
0.03692492307692308
0.04819015384615385
0.04985907692307692
0.06321046153846153
0.06675692307692307
0.053405538461538456
0.027120000000000002
-0.017315076923076923
-0.058829538461538454
-0.08845292307692308
-0.09930092307692308
-0.09909230769230769
-0.11098338461538461
-0.12099692307692309
-0.11390399999999999
-0.08699261538461538
-0.04380923076923077
-0.015020307692307692
-0.0002086153846153846
0.016063384615384615
0.03066646153846154
0.06154153846153846
0.07948246153846153
0.07280676923076923
0.049233230769230765
0.0077187692307692304
-0.026285538461538457
-0.05757784615384615
-0.08323753846153846
-0.11494707692307692
-0.15166338461538462
-0.1639716923076923
-0.1531236923076923
-0.12955015384615384
-0.10243015384615384
-0.07551876923076924
-0.03901107692307692
-0.003963692307692307
0.03838523076923077
0.0897046153846154
0.12725538461538463
0.15813046153846153
0.17252492307692308
0.17398523076923075
0.1656406153846154
0.14206707692307693
0.10180430769230768
0.03483876923076923
-0.033169846153846154
-0.08115138461538463
-0.10514215384615383
-0.10514215384615383
-0.10681107692307691
-0.111192
-0.1287156923076923
-0.165432
-0.1287156923076923
-0.04672984615384615
0.05757784615384615
0.19964492307692308
0.32731753846153844
0.48064984615384615
0.6060276923076923
0.696984
0.7232695384615385
0.6412836923076922
0.4675070769230769
0.1858763076923077
-0.04819015384615385
-0.2716172307692308
-0.45686769230769225
-0.5346812307692307
-0.590172923076923
-0.504432
-0.33357600000000004
-0.09471138461538461
0.18399876923076922
0.37717661538461533
0.5167403076923076
0.5476153846153846
0.48711692307692306
0.35464615384615383
0.14144123076923076
-0.10910584615384614
-0.37258707692307685
-0.5524135384615385
-0.6252203076923077
-0.5824541538461538
-0.40575692307692307
-0.1800350769230769
0.07843938461538462
0.3039526153846154
0.4516523076923077
0.5640959999999999
0.5486584615384615
0.4255753846153846
0.2699483076923077
0.07531015384615385
-0.07697907692307693
-0.1693956923076923
-0.20402584615384614
-0.18128676923076922
-0.16647507692307692
-0.1353913846153846
-0.0798996923076923
-0.02273907692307692
0.030875076923076922
0.05716061538461538
0.06550523076923077
0.04380923076923077
0.015228923076923076
-0.0006258461538461538
-0.03838523076923077
-0.07238953846153846
-0.092208
-0.09429415384615383
-0.03567323076923076
0.06300184615384616
0.1696043076923077
0.27599815384615384
0.3116713846153846
0.2837169230769231
0.22530461538461538
0.10013538461538461
-0.05319692307692307
-0.2059033846153846
-0.33670523076923076
-0.37967999999999996
-0.3321156923076923
-0.20298276923076922
-0.010013538461538461
0.1760713846153846
0.32898646153846156
0.4424732307692308
0.4889944615384615
0.4508178461538461
0.3510996923076923
0.20778092307692309
0.037967999999999995
-0.11181784615384616
-0.2209236923076923
-0.2647329230769231
-0.25659692307692306
-0.21675138461538462
-0.14331876923076922
-0.034630153846153845
0.09596307692307693
0.22342707692307692
0.3241883076923077
0.3554806153846154
0.32543999999999995
0.2415766153846154
0.10576799999999999
-0.035255999999999996
-0.16897846153846155
-0.29727692307692305
-0.3752990769230769
-0.3790541538461539
-0.32335384615384616
-0.20256553846153844
-0.05236246153846154
0.08699261538461538
0.21758584615384616
0.29602523076923076
0.3079163076923077
0.2578486153846154
0.12975876923076923
-0.02273907692307692
-0.16897846153846155
-0.29832
-0.37300430769230764
-0.40200184615384615
-0.3873987692307692
-0.3152178461538461
-0.1867107692307692
-0.03108369230769231
0.10806276923076923
0.2090326153846154
0.254928
0.2399076923076923
0.17377661538461536
0.059664
-0.07009476923076922
-0.19046584615384615
-0.287472
-0.31813846153846154
-0.295608
-0.22947692307692308
-0.12433476923076923
-0.015437538461538461
0.09325107692307691
0.19213476923076922
0.25847446153846154
0.28434276923076923
0.2559710769230769
0.16292861538461537
0.040679999999999994
-0.08636676923076922
-0.20381723076923075
-0.2870547692307692
-0.3385827692307692
-0.35276861538461535
-0.3127144615384615
-0.21675138461538462
-0.08991323076923076
0.031918153846153846
0.1207883076923077
0.16105107692307694
0.1800350769230769
0.1800350769230769
0.1506203076923077
0.100344
0.03024923076923077
-0.030875076923076922
-0.04965046153846154
-0.03400430769230769
0.0016689230769230767
0.04965046153846154
0.07489292307692308
0.09575446153846154
0.11599015384615384
0.12266584615384615
0.12391753846153845
0.09283384615384616
0.045060923076923075
-0.0012516923076923076
-0.03504738461538461
-0.03713353846153846
-0.019192615384615384
0.013351384615384614
0.061124307692307686
0.12788123076923075
0.20673784615384616
0.27871015384615383
0.3252313846153846
0.31897292307692304
0.2586830769230769
0.16897846153846155
0.059038153846153844
-0.06300184615384616
-0.1760713846153846
-0.2818393846153846
-0.3540203076923077
-0.36382523076923073
-0.31104553846153843
-0.19296923076923078
-0.03775938461538462
0.11244369230769231
0.24303692307692307
0.3375396923076923
0.37091815384615384
0.33587076923076925
0.2225926153846154
0.06905169230769231
-0.0855323076923077
-0.22029784615384615
-0.30854215384615385
-0.35047384615384614
-0.3402516923076923
-0.27850153846153847
-0.16418030769230768
-0.024408000000000003
0.10493353846153847
0.21237046153846154
0.273912
0.2858030769230769
0.25471938461538457
0.18504184615384617
0.09074769230769231
-0.018358153846153843
-0.1341396923076923
-0.22780799999999998
-0.27787569230769227
-0.28934953846153844
-0.2699483076923077
-0.22447015384615385
-0.15500123076923078
-0.07155507692307693
0.0012516923076923076
0.05945538461538461
0.10430769230769231
0.11160923076923077
0.09241661538461539
0.06028984615384615
0.022947692307692308
0.0029206153846153843
-0.019192615384615384
-0.03901107692307692
-0.04985907692307692
-0.05736923076923077
-0.06070707692307692
-0.07489292307692308
-0.08511507692307693
-0.09700615384615385
-0.10660246153846153
-0.11035753846153845
-0.12683815384615382
-0.13393107692307693
-0.13393107692307693
-0.11870215384615385
-0.07697907692307693
-0.022530461538461537
0.040679999999999994
0.08866153846153846
0.10597661538461538
0.10994030769230768
0.10764553846153846
0.08052553846153847
0.031709538461538456
-0.027745846153846152
-0.08448923076923077
-0.12767261538461538
-0.15291507692307693
-0.14603076923076924
-0.10660246153846153
-0.04109723076923077
0.042348923076923076
0.13935507692307691
0.23218892307692307
0.2966510769230769
0.32377107692307694
0.31125415384615385
0.26932246153846157
0.21737723076923077
0.157296
0.092208
0.035464615384615386
-0.003129230769230769
-0.021278769230769233
-0.013351384615384614
0.011473846153846154
0.045895384615384616
0.08574092307692306
0.12266584615384615
0.16710092307692306
0.20402584615384614
0.21508246153846153
0.19380369230769232
0.15833907692307692
0.12537784615384615
0.08344615384615384
0.03609046153846154
-0.014394461538461538
-0.062376
-0.10409907692307692
-0.13643446153846153
-0.15082892307692305
-0.14957723076923077
-0.13309661538461537
-0.103056
-0.065088
-0.016897846153846156
0.0446436923076923
0.10848000000000001
0.15333230769230768
0.18066092307692305
0.19735015384615384
0.206112
0.20778092307692309
0.19213476923076922
0.15270646153846154
0.09491999999999999
0.03629907692307692
-0.009596307692307692
-0.047772923076923074
-0.08094276923076923
-0.10013538461538461
-0.103056
-0.08240307692307691
-0.03609046153846154
0.028371692307692306
0.0853236923076923
0.12850707692307692
0.157296
0.16772676923076923
0.1710646153846154
0.1397723076923077
0.078648
0.004172307692307692
-0.08177723076923075
-0.15166338461538462
-0.20027076923076922
-0.22843384615384613
-0.2399076923076923
-0.23177169230769232
-0.19359507692307693
-0.12767261538461538
-0.044435076923076924
0.03671630769230769
0.10493353846153847
0.16209415384615386
0.20339999999999997
0.22321846153846153
0.21696000000000001
0.16751815384615384
0.0828203076923077
-0.018775384615384614
-0.11599015384615384
-0.1792006153846154
-0.21883753846153844
-0.23677846153846152
-0.21800307692307694
-0.16730953846153845
-0.07593599999999999
0.042348923076923076
0.15750461538461538
0.249504
0.3062473846153846
0.3344104615384615
0.3277347692307692
0.287472
0.21174461538461536
0.10076123076923077
-0.026494153846153844
-0.15208061538461537
-0.23907323076923076
-0.2970683076923077
-0.3323243076923077
-0.3170953846153846
-0.2666104615384615
-0.1666836923076923
-0.028788923076923077
0.1070196923076923
0.23260615384615385
0.31918153846153846
0.36611999999999995
0.3782196923076923
0.34963938461538463
0.28100492307692304
0.17565415384615385
0.045895384615384616
-0.07885661538461539
-0.17690584615384616
-0.24992123076923078
-0.29832
-0.327108923076923
-0.32982092307692307
-0.29685969230769227
-0.22572184615384616
-0.13726892307692307
-0.05444861538461539
0.011473846153846154
0.06133292307692308
0.100344
0.12204
0.12704676923076924
0.10263876923076923
0.047981538461538464
-0.02232184615384615
-0.0855323076923077
-0.13351384615384615
-0.17502830769230768
-0.19651569230769228
-0.19797599999999999
-0.17023015384615386
-0.11411261538461538
-0.04318338461538461
0.03588184615384615
0.10368184615384615
0.15750461538461538
0.20131384615384615
0.23344061538461539
0.249504
0.2399076923076923
0.20298276923076922
0.15228923076923076
0.09721476923076922
0.050067692307692306
0.009179076923076922
-0.035464615384615386
-0.07030338461538461
-0.09241661538461539
-0.08636676923076922
-0.06446215384615385
-0.045895384615384616
-0.030040615384615384
-0.015646153846153844
0.013351384615384614
0.049233230769230765
0.07885661538461539
0.08845292307692308
0.08094276923076923
0.06133292307692308
0.03775938461538462
0.019609846153846155
-0.008970461538461538
-0.0448523076923077
-0.08949599999999999
-0.13706030769230768
-0.16501476923076921
-0.1656406153846154
-0.15082892307692305
-0.130176
-0.10138707692307691
-0.06821723076923077
-0.02586830769230769
0.019192615384615384
0.05924676923076923
0.08949599999999999
0.09763200000000001
0.10055261538461538
0.10326461538461539
0.1028473846153846
0.09262523076923077
0.06404492307692307
0.03400430769230769
0.006049846153846154
-0.020027076923076922
-0.045895384615384616
-0.07802215384615384
-0.1178676923076923
-0.15896492307692306
-0.18983999999999998
-0.2154996923076923
-0.25534523076923077
-0.28267384615384616
-0.23490092307692306
-0.13038461538461538
0.03275261538461539
0.21967199999999998
0.36674584615384614
0.5161144615384615
0.6110344615384615
0.6550523076923076
0.6220910769230769
0.47272246153846154
0.28163076923076924
0.05403138461538461
-0.14290153846153844
-0.34943076923076927
-0.5046406153846154
-0.5941366153846154
-0.6308529230769231
-0.5219556923076923
-0.36778892307692307
-0.14582215384615385
0.09554584615384615
0.3114627692307692
0.49379261538461533
0.565764923076923
0.5507446153846154
0.43058215384615384
0.24720923076923076
0.0043809230769230765
-0.2697396923076923
-0.4873255384615384
-0.6300184615384615
-0.6475421538461539
-0.5567944615384616
-0.39365723076923076
-0.18399876923076922
0.023364923076923075
0.23406646153846156
0.409512
0.48419630769230765
0.4704276923076923
0.38531261538461536
0.2791273846153846
0.19046584615384615
0.07843938461538462
-0.040054153846153843
-0.15813046153846153
-0.25659692307692306
-0.30436984615384616
-0.31041969230769234
-0.2695310769230769
-0.21466523076923077
-0.13518276923076925
-0.029414769230769227
0.07197230769230768
0.16856123076923077
0.20486030769230767
0.19609846153846153
0.17002153846153847
0.100344
0.030875076923076922
-0.03880246153846154
-0.11160923076923077
-0.15291507692307693
-0.19192615384615386
-0.2330233846153846
-0.24303692307692307
-0.2503384615384615
-0.25659692307692306
-0.26160369230769226
-0.26932246153846157
-0.24074215384615386
-0.1718990769230769
-0.06946892307692307
0.04088861538461538
0.14936861538461538
0.24887815384615386
0.32877784615384614
0.3819747692307692
0.37425600000000003
0.3004061538461538
0.19463815384615382
0.08615815384615384
-0.006675692307692307
-0.08135999999999999
-0.14811692307692306
-0.18066092307692305
-0.17148184615384612
-0.11578153846153846
-0.015854769230769228
0.0961716923076923
0.22321846153846153
0.35276861538461535
0.45686769230769225
0.5052664615384616
0.4960873846153846
0.4391353846153846
0.3116713846153846
0.1489513846153846
-0.02357353846153846
-0.18149538461538461
-0.2916443076923077
-0.3548547692307692
-0.3611132307692308
-0.3047870769230769
-0.19526400000000002
-0.03838523076923077
0.14916
0.295608
0.38280923076923074
0.41326707692307696
0.38593846153846156
0.32961230769230765
0.22572184615384616
0.084072
-0.06884307692307692
-0.20444307692307692
-0.29331323076923077
-0.32543999999999995
-0.30833353846153844
-0.2730775384615384
-0.200688
-0.09471138461538461
0.030040615384615384
0.1570873846153846
0.23782153846153845
0.2705741538461538
0.2655673846153846
0.23364923076923078
0.18149538461538461
0.11160923076923077
0.02023569230769231
-0.07426707692307692
-0.14686523076923075
-0.1910916923076923
-0.19150892307692308
-0.15750461538461538
-0.10159569230769232
-0.03942830769230769
0.016480615384615385
0.054657230769230764
0.078648
0.08135999999999999
0.05653476923076922
0.03150092307692308
0.008136
-0.003129230769230769
-0.0006258461538461538
0.0
-0.0050067692307692304
-0.013768615384615384
-0.013142769230769229
0.005841230769230769
0.03024923076923077
0.03859384615384615
0.03984553846153846
0.03942830769230769
0.03650769230769231
0.03859384615384615
0.040679999999999994
0.03629907692307692
0.026702769230769228
0.021070153846153846
0.017315076923076923
0.01668923076923077
0.0070929230769230765
-0.013351384615384614
-0.024199384615384616
-0.03045784615384615
-0.026285538461538457
-0.009804923076923077
0.003963692307692307
0.019609846153846155
0.042348923076923076
0.06341907692307691
0.09262523076923077
0.1316363076923077
0.16584923076923075
0.1910916923076923
0.20486030769230767
0.2127876923076923
0.21821169230769227
0.21696000000000001
0.1881710769230769
0.13184492307692308
0.07468430769230769
0.01272553846153846
-0.04109723076923077
-0.08511507692307693
-0.12725538461538463
-0.14164984615384615
-0.13914646153846155
-0.11244369230769231
-0.06863446153846153
-0.034630153846153845
-0.01272553846153846
-0.006884307692307692
-0.004798153846153846
-0.011891076923076923
-0.03358707692307692
-0.07259815384615384
-0.12308307692307692
-0.16897846153846155
-0.20819815384615384
-0.23531815384615382
-0.24595753846153845
-0.2426196923076923
-0.21529107692307692
-0.16334584615384617
-0.10117846153846152
-0.035464615384615386
0.01981846153846154
0.06571384615384615
0.09846646153846153
0.11181784615384616
0.10764553846153846
0.08302892307692307
0.04088861538461538
-0.011891076923076923
-0.058412307692307694
-0.08740984615384616
-0.0974233846153846
-0.092208
-0.06592246153846154
-0.023990769230769232
0.026494153846153844
0.07426707692307692
0.10889723076923077
0.13726892307692307
0.14164984615384615
0.13747753846153846
0.12037107692307693
0.08761846153846153
0.05090215384615384
0.0022947692307692304
-0.03629907692307692
-0.06258461538461538
-0.08073415384615384
-0.08469784615384615
-0.07238953846153846
-0.05924676923076923
-0.05403138461538461
-0.04631261538461538
-0.03838523076923077
-0.03963692307692308
-0.042557538461538466
-0.041514461538461535
-0.035464615384615386
-0.014394461538461538
0.010013538461538461
0.04172307692307692
0.07030338461538461
0.08699261538461538
0.10493353846153847
0.11828492307692307
0.12850707692307692
0.12204
0.09179076923076923
0.051319384615384614
0.0050067692307692304
-0.03609046153846154
-0.059038153846153844
-0.06675692307692307
-0.054240000000000003
-0.013351384615384614
0.04693846153846153
0.11432123076923076
0.1779489230769231
0.22154953846153846
0.23385784615384617
0.22300984615384614
0.18879692307692306
0.12829846153846153
0.048816000000000005
-0.035255999999999996
-0.10827138461538462
-0.15813046153846153
-0.17502830769230768
-0.15938215384615384
-0.12496061538461539
-0.08240307692307691
-0.03024923076923077
0.028163076923076923
0.08636676923076922
0.13372246153846154
0.157296
0.15520984615384617
0.12704676923076924
0.08010830769230769
0.021696
-0.045895384615384616
-0.11348676923076922
-0.1792006153846154
-0.22989415384615383
-0.249504
-0.24199384615384617
-0.21842030769230766
-0.18358153846153846
-0.14206707692307693
-0.09053907692307692
-0.03671630769230769
0.01272553846153846
0.05778646153846154
0.08636676923076922
0.0988836923076923
0.09471138461538461
0.08469784615384615
0.05799507692307692
0.01856676923076923
-0.021696
-0.055491692307692304
-0.06863446153846153
-0.07635323076923077
-0.07280676923076923
-0.06258461538461538
-0.042557538461538466
-0.010013538461538461
0.028788923076923077
0.07364123076923076
0.10764553846153846
0.12642092307692307
0.12558646153846154
0.11160923076923077
0.09512861538461538
0.06759138461538462
0.030040615384615384
-0.003755076923076923
-0.034630153846153845
-0.054240000000000003
-0.06279323076923077
-0.06738276923076922
-0.06425353846153846
-0.061750153846153844
-0.05319692307692307
-0.03650769230769231
-0.017940923076923077
-0.008344615384615384
-0.017940923076923077
-0.034630153846153845
-0.049233230769230765
-0.06028984615384615
-0.065088
-0.059038153846153844
-0.052153846153846155
-0.037967999999999995
0.0014603076923076922
0.04985907692307692
0.09700615384615385
0.13101046153846155
0.14999446153846155
0.1639716923076923
0.16856123076923077
0.1693956923076923
0.1558356923076923
0.12662953846153846
0.08699261538461538
0.043392
0.012934153846153845
-0.005215384615384615
-0.00855323076923077
-0.0043809230769230765
0.003129230769230769
0.02545107692307692
0.06049846153846154
0.09241661538461539
0.10952307692307692
0.11140061538461538
0.09721476923076922
0.06654830769230768
0.03108369230769231
-0.0043809230769230765
-0.0446436923076923
-0.07656184615384615
-0.0880356923076923
-0.08344615384615384
-0.07197230769230768
-0.06362769230769232
-0.07238953846153846
-0.08594953846153845
-0.09429415384615383
-0.09387692307692307
-0.07572738461538461
-0.054657230769230764
-0.02858030769230769
0.0022947692307692304
0.03755076923076923
0.07885661538461539
0.11160923076923077
0.13059323076923077
0.12391753846153845
0.09846646153846153
0.07405846153846153
0.03775938461538462
-0.003129230769230769
-0.03984553846153846
-0.07072061538461538
-0.08010830769230769
-0.05945538461538461
-0.014185846153846153
0.037967999999999995
0.07697907692307693
0.11327815384615383
0.1504116923076923
0.18149538461538461
0.206112
0.19964492307692308
0.1718990769230769
0.11745046153846153
0.056326153846153845
0.013351384615384614
-0.03483876923076923
-0.07489292307692308
-0.111192
-0.12329169230769231
-0.10201292307692307
-0.06717415384615384
-0.01668923076923077
0.02357353846153846
0.05236246153846154
0.07906523076923076
0.09763200000000001
0.10159569230769232
0.0826116923076923
0.04631261538461538
0.003963692307692307
-0.024199384615384616
-0.03108369230769231
-0.026285538461538457
-0.01814953846153846
-0.012308307692307691
-0.008344615384615384
-0.002086153846153846
-0.005215384615384615
-0.02357353846153846
-0.05611753846153846
-0.10096984615384616
-0.13601723076923075
-0.14603076923076924
-0.12558646153846154
-0.08594953846153845
-0.042557538461538466
0.006049846153846154
0.05757784615384615
0.11056615384615384
0.1462393846153846
0.15124615384615384
0.12329169230769231
0.0717636923076923
0.02211323076923077
-0.022947692307692308
-0.052153846153846155
-0.06926030769230769
-0.07551876923076924
-0.06049846153846154
-0.02315630769230769
0.024616615384615383
0.05736923076923077
0.06592246153846154
0.06404492307692307
0.05382276923076923
0.043392
0.0448523076923077
0.035464615384615386
0.049233230769230765
0.06654830769230768
0.15813046153846153
0.25242461538461536
0.21529107692307692
0.22718215384615387
0.17711446153846155
0.12287446153846153
0.09763200000000001
-0.03400430769230769
-0.14477907692307693
-0.3039526153846154
-0.36632861538461536
-0.3609046153846154
-0.3882332307692308
-0.33524492307692305
-0.3081249230769231
-0.16188553846153847
0.04130584615384615
0.21883753846153844
0.4372578461538461
0.4921236923076923
0.5040147692307693
0.47272246153846154
0.33002953846153843
0.2209236923076923
0.023782153846153845
-0.1543753846153846
-0.2689052307692308
-0.427452923076923
-0.42265476923076917
-0.3375396923076923
-0.22843384615384613
-0.04130584615384615
0.06967753846153846
0.1927606153846154
0.2993630769230769
0.36382523076923073
0.45978830769230766
0.43704923076923075
0.3460929230769231
0.23072861538461537
0.09846646153846153
0.018358153846153843
-0.12266584615384615
-0.2799618461538461
-0.40346215384615386
-0.49817353846153845
-0.46771569230769233
-0.3982467692307692
-0.30854215384615385
-0.18274707692307693
-0.09012184615384615
0.03859384615384615
0.15354092307692307
0.20486030769230767
0.25367630769230765
0.2399076923076923
0.2127876923076923
0.20319138461538463
0.15938215384615384
0.11348676923076922
0.021278769230769233
-0.092208
-0.20235692307692305
-0.30332676923076923
-0.3510996923076923
-0.36611999999999995
-0.3158436923076923
-0.24470584615384613
-0.15896492307692306
0.005841230769230769
0.16584923076923075
0.31104553846153843
0.4205686153846153
0.441012923076923
0.43412861538461534
0.38030584615384616
0.2853858461538461
0.17273353846153844
0.00855323076923077
-0.13455692307692307
-0.23969907692307693
-0.3212676923076923
-0.3550633846153846
-0.37008369230769234
-0.32543999999999995
-0.21153599999999997
-0.06362769230769232
0.11432123076923076
0.2734947692307692
0.4297476923076923
0.5484498461538461
0.5822455384615384
0.5732750769230769
0.47272246153846154
0.31646953846153847
0.14060676923076923
-0.07051199999999999
-0.23198030769230768
-0.3577753846153846
-0.43308553846153847
-0.4291218461538462
-0.38885907692307686
-0.27453784615384613
-0.11035753846153845
0.06759138461538462
0.2426196923076923
0.3573581538461538
0.42035999999999996
0.41994276923076923
0.36340799999999995
0.2858030769230769
0.17273353846153844
0.04965046153846154
-0.07781353846153846
-0.1992276923076923
-0.26097784615384617
-0.2914356923076923
-0.28788923076923073
-0.24595753846153845
-0.1992276923076923
-0.10889723076923077
0.002712
0.10055261538461538
0.17648861538461538
0.20256553846153844
0.21612553846153845
0.225096
0.2056947692307692
0.16605784615384614
0.09012184615384615
-0.003963692307692307
-0.08428061538461538
-0.14457046153846154
-0.17523692307692307
-0.19693292307692306
-0.20381723076923075
-0.1942209230769231
-0.18128676923076922
-0.14978584615384616
-0.12704676923076924
-0.10910584615384614
-0.0892873846153846
-0.09596307692307693
-0.09533723076923077
-0.08094276923076923
-0.062376
-0.025033846153846153
-0.006467076923076923
-0.0033378461538461535
0.0029206153846153843
0.008344615384615384
0.021904615384615383
0.01981846153846154
0.003755076923076923
-0.014394461538461538
-0.026494153846153844
-0.015020307692307692
0.009387692307692307
0.03504738461538461
0.05862092307692307
0.0798996923076923
0.11870215384615385
0.14999446153846155
0.15750461538461538
0.15771323076923077
0.1435273846153846
0.13998092307692306
0.13998092307692306
0.12704676923076924
0.10618523076923077
0.07927384615384615
0.045895384615384616
0.011473846153846154
0.0012516923076923076
0.009596307692307692
0.030040615384615384
0.053614153846153846
0.06717415384615384
0.06487938461538462
0.03483876923076923
-0.003963692307692307
-0.03609046153846154
-0.07739630769230768
-0.12600369230769232
-0.1612596923076923
-0.168144
-0.15228923076923076
-0.1218313846153846
-0.07781353846153846
-0.018358153846153843
0.059872615384615385
0.13726892307692307
0.19651569230769228
0.222384
0.21508246153846153
0.19004861538461537
0.14686523076923075
0.09304246153846155
0.028788923076923077
-0.04214030769230769
-0.09679753846153846
-0.12808984615384614
-0.1287156923076923
-0.1028473846153846
-0.06195876923076923
-0.011265230769230769
0.040054153846153843
0.09512861538461538
0.12725538461538463
0.13372246153846154
0.11953661538461538
0.08177723076923075
0.044435076923076924
-0.0002086153846153846
-0.046104
-0.08511507692307693
-0.11306953846153844
-0.12287446153846153
-0.12391753846153845
-0.12162276923076921
-0.1136953846153846
-0.09387692307692307
-0.0744756923076923
-0.05507446153846154
-0.033169846153846154
-0.017732307692307693
-0.0077187692307692304
0.001043076923076923
0.01668923076923077
0.037967999999999995
0.07009476923076922
0.10222153846153846
0.11891076923076922
0.12224861538461537
0.10159569230769232
0.06967753846153846
0.03713353846153846
-0.0002086153846153846
-0.037967999999999995
-0.07009476923076922
-0.0826116923076923
-0.06028984615384615
-0.022530461538461537
0.016480615384615385
0.052571076923076915
0.08365476923076923
0.12767261538461538
0.16251138461538459
0.17961784615384613
0.17523692307692307
0.14519630769230768
0.10660246153846153
0.06321046153846153
0.027120000000000002
-0.0035464615384615383
-0.03400430769230769
-0.05528307692307692
-0.06383630769230769
-0.06383630769230769
-0.05382276923076923
-0.03483876923076923
-0.010013538461538461
0.022947692307692308
0.052571076923076915
0.08574092307692306
0.10931446153846153
0.11202646153846153
0.09387692307692307
0.05194523076923077
0.01272553846153846
-0.03337846153846154
-0.078648
-0.11953661538461538
-0.16897846153846155
-0.19547261538461536
-0.19359507692307693
-0.17169046153846151
-0.12350030769230769
-0.07051199999999999
-0.026285538461538457
0.01668923076923077
0.04860738461538461
0.07572738461538461
0.07635323076923077
0.046104
0.009804923076923077
-0.03400430769230769
-0.06529661538461538
-0.09867507692307692
-0.1314276923076923
-0.15124615384615384
-0.15395815384615386
-0.11911938461538461
-0.06529661538461538
-0.0022947692307692304
0.04735569230769231
0.08615815384615384
0.12496061538461539
0.14331876923076922
0.14686523076923075
0.12391753846153845
0.0717636923076923
0.012099692307692308
-0.042557538461538466
-0.07781353846153846
-0.0963803076923077
-0.10472492307692308
-0.09074769230769231
-0.05236246153846154
0.01272553846153846
0.09512861538461538
0.16084246153846155
0.19338646153846153
0.18399876923076922
0.14477907692307693
0.08490646153846154
0.014603076923076923
-0.06195876923076923
-0.14832553846153845
-0.21111876923076925
-0.2399076923076923
-0.22467876923076924
-0.15959076923076923
-0.065088
0.042974769230769226
0.15395815384615386
0.26222953846153846
0.3517255384615385
0.40095876923076923
0.38656430769230765
0.3193901538461538
0.2140393846153846
0.09554584615384615
-0.007510153846153846
-0.10660246153846153
-0.18191261538461537
-0.21800307692307694
-0.2059033846153846
-0.13935507692307691
-0.0448523076923077
0.055491692307692304
0.14311015384615386
0.21153599999999997
0.25367630769230765
0.26932246153846157
0.2540935384615385
0.1990190769230769
0.1136953846153846
0.02211323076923077
-0.06008123076923077
-0.12099692307692309
-0.154584
-0.1775316923076923
-0.18253846153846154
-0.16626646153846153
-0.12934153846153845
-0.07197230769230768
-0.01981846153846154
0.017732307692307693
0.046104
0.06487938461538462
0.09074769230769231
0.11473846153846154
0.116616
0.10597661538461538
0.08949599999999999
0.0826116923076923
0.08448923076923077
0.08991323076923076
0.08636676923076922
0.06404492307692307
0.03921969230769231
0.013768615384615384
-0.003755076923076923
-0.02357353846153846
-0.05319692307692307
-0.07134646153846153
-0.07280676923076923
-0.04047138461538462
0.02232184615384615
0.0853236923076923
0.14436184615384615
0.19067446153846154
0.2157083076923077
0.22113230769230768
0.19505538461538463
0.12996738461538462
0.03880246153846154
-0.06362769230769232
-0.15604430769230768
-0.21612553846153845
-0.24470584615384613
-0.2424110769230769
-0.20486030769230767
-0.1353913846153846
-0.04860738461538461
0.04380923076923077
0.1205796923076923
0.16292861538461537
0.16897846153846155
0.14728246153846153
0.12308307692307692
0.086784
0.022530461538461537
-0.05590892307692308
-0.12662953846153846
-0.17252492307692308
-0.1856676923076923
-0.16438892307692307
-0.12621230769230768
-0.08761846153846153
-0.04860738461538461
0.005215384615384615
0.06195876923076923
0.10180430769230768
0.11265230769230769
0.09283384615384616
0.06967753846153846
0.042557538461538466
0.018983999999999997
-0.009804923076923077
-0.04276615384615385
-0.05507446153846154
-0.03963692307692308
0.009804923076923077
0.06696553846153847
0.10952307692307692
0.12454338461538461
0.11432123076923076
0.08615815384615384
0.05090215384615384
0.0014603076923076922
-0.06946892307692307
-0.13393107692307693
-0.18191261538461537
-0.19588984615384614
-0.1760713846153846
-0.12308307692307692
-0.04735569230769231
0.02273907692307692
0.09095630769230768
0.15333230769230768
0.19755876923076923
0.20548615384615385
0.1639716923076923
0.10430769230769231
0.04526953846153846
-0.012308307692307691
-0.056951999999999996
-0.08949599999999999
-0.1151556923076923
-0.12662953846153846
-0.13080184615384613
-0.10889723076923077
-0.06571384615384615
-0.011682461538461537
0.041514461538461535
0.06821723076923077
0.12642092307692307
0.1635544615384615
0.2138307692307692
0.23907323076923076
0.31646953846153847
0.425784
0.3087507692307692
0.2695310769230769
0.1913003076923077
0.12433476923076923
0.13372246153846154
-0.051319384615384614
-0.1506203076923077
-0.3081249230769231
-0.3448412307692308
-0.23969907692307693
-0.24658338461538462
-0.15917353846153848
-0.1712732307692308
-0.06341907692307691
0.13852061538461538
0.23656984615384613
0.3838523076923077
0.30332676923076923
0.21132738461538458
0.15395815384615386
0.0025033846153846152
-0.027120000000000002
-0.17481969230769231
-0.2774584615384615
-0.2764153846153846
-0.39115384615384613
-0.3243969230769231
-0.241368
-0.17419384615384614
-0.017315076923076923
0.012308307692307691
0.09804923076923076
0.16418030769230768
0.20047938461538461
0.33378461538461535
0.3442153846153846
0.30895938461538464
0.2411593846153846
0.15291507692307693
0.15416676923076922
0.06404492307692307
-0.05570030769230769
-0.1656406153846154
-0.28768061538461537
-0.2716172307692308
-0.24512307692307692
-0.2194633846153846
-0.1506203076923077
-0.11891076923076922
-0.010639384615384617
0.11014892307692307
0.16876984615384616
0.2507556923076923
0.25242461538461536
0.24032492307692307
0.24408
0.15959076923076923
0.06967753846153846
-0.08448923076923077
-0.24720923076923076
-0.36611999999999995
-0.48941169230769227
-0.5282141538461538
-0.5204953846153846
-0.42035999999999996
-0.2791273846153846
-0.16480615384615382
0.026702769230769228
0.19547261538461536
0.3379569230769231
0.4476886153846154
0.43809230769230767
0.39219692307692305
0.28246523076923075
0.138312
0.02023569230769231
-0.13622584615384614
-0.2422024615384615
-0.2887236923076923
-0.3045784615384615
-0.25659692307692306
-0.20444307692307692
-0.1028473846153846
0.046104
0.18128676923076922
0.28017046153846153
0.31188
0.3402516923076923
0.35005661538461535
0.2920615384615385
0.21341353846153846
0.08699261538461538
-0.03692492307692308
-0.11411261538461538
-0.20840676923076923
-0.24908676923076922
-0.2557624615384615
-0.24720923076923076
-0.17085599999999998
-0.11557292307692307
-0.054240000000000003
0.022947692307692308
0.07969107692307692
0.14290153846153844
0.1666836923076923
0.17252492307692308
0.14853415384615384
0.09533723076923077
0.07051199999999999
0.03838523076923077
0.014811692307692307
-0.018983999999999997
-0.07426707692307692
-0.0892873846153846
-0.10535076923076922
-0.09909230769230769
-0.06884307692307692
-0.07134646153846153
-0.03859384615384615
0.017940923076923077
0.07614461538461538
0.138312
0.15667015384615385
0.1792006153846154
0.20924123076923076
0.21320492307692307
0.19630707692307692
0.12391753846153845
0.03337846153846154
-0.04318338461538461
-0.10597661538461538
-0.11745046153846153
-0.11640738461538462
-0.09491999999999999
-0.05319692307692307
-0.02273907692307692
0.047772923076923074
0.1136953846153846
0.17273353846153844
0.22676492307692306
0.21132738461538458
0.1704387692307692
0.10681107692307691
0.03921969230769231
0.0022947692307692304
-0.062376
-0.13789476923076924
-0.17690584615384616
-0.17398523076923075
-0.10660246153846153
-0.017940923076923077
0.05757784615384615
0.12099692307692309
0.16021661538461537
0.20694646153846152
0.2275993846153846
0.20298276923076922
0.1314276923076923
0.0070929230769230765
-0.0974233846153846
-0.17982646153846152
-0.2288510769230769
-0.23823876923076923
-0.23823876923076923
-0.18483323076923078
-0.08991323076923076
0.024408000000000003
0.15541846153846153
0.26681907692307694
0.33899999999999997
0.35610646153846154
0.330864
0.2953993846153846
0.23198030769230768
0.1314276923076923
-0.0014603076923076922
-0.13872923076923074
-0.23656984615384613
-0.28809784615384615
-0.27620676923076926
-0.23072861538461537
-0.17690584615384616
-0.09304246153846155
0.015437538461538461
0.13664307692307692
0.23177169230769232
0.26368984615384616
0.25430215384615384
0.21779446153846155
0.1570873846153846
0.0855323076923077
-0.014394461538461538
-0.12412615384615384
-0.2154996923076923
-0.2734947692307692
-0.2891409230769231
-0.2805876923076923
-0.25534523076923077
-0.20965846153846154
-0.13706030769230768
-0.05507446153846154
0.02482523076923077
0.09471138461538461
0.13247076923076923
0.1314276923076923
0.10639384615384614
0.07489292307692308
0.04172307692307692
0.0070929230769230765
-0.035255999999999996
-0.07030338461538461
-0.09825784615384614
-0.12120553846153845
-0.12558646153846154
-0.11953661538461538
-0.111192
-0.10409907692307692
-0.09471138461538461
-0.06863446153846153
-0.024616615384615383
0.013142769230769229
0.04109723076923077
0.06696553846153847
0.09116492307692307
0.10389046153846154
0.09784061538461537
0.07489292307692308
0.03358707692307692
-0.006049846153846154
-0.04568676923076923
-0.09095630769230768
-0.12016246153846154
-0.14874276923076923
-0.16897846153846155
-0.16063384615384615
-0.14164984615384615
-0.10222153846153846
-0.07155507692307693
-0.03442153846153846
0.04088861538461538
0.11432123076923076
0.18212123076923076
0.22780799999999998
0.25284184615384614
0.2632726153846154
0.25367630769230765
0.22989415384615383
0.18399876923076922
0.12350030769230769
0.051319384615384614
-0.015854769230769228
-0.058412307692307694
-0.08010830769230769
-0.07760492307692309
-0.04756430769230769
0.003129230769230769
0.07238953846153846
0.15500123076923078
0.23531815384615382
0.29644246153846154
0.31834707692307695
0.3039526153846154
0.26681907692307694
0.20840676923076923
0.132888
0.03400430769230769
-0.07030338461538461
-0.15145476923076923
-0.20256553846153844
-0.21633415384615384
-0.20861538461538462
-0.19046584615384615
-0.15813046153846153
-0.11411261538461538
-0.05799507692307692
-0.0014603076923076922
0.03421292307692308
0.052153846153846155
0.05820369230769231
0.05382276923076923
0.04672984615384615
0.02044430769230769
-0.020652923076923076
-0.06446215384615385
-0.10597661538461538
-0.1316363076923077
-0.13872923076923074
-0.13101046153846155
-0.119328
-0.1070196923076923
-0.0897046153846154
-0.06049846153846154
-0.03337846153846154
-0.02044430769230769
-0.02753723076923077
-0.03838523076923077
-0.03901107692307692
-0.02795446153846154
0.010848
0.03671630769230769
0.05716061538461538
0.08094276923076923
0.0892873846153846
0.11202646153846153
0.10326461538461539
0.054657230769230764
-0.0035464615384615383
-0.07113784615384615
-0.11348676923076922
-0.14603076923076924
-0.16897846153846155
-0.16647507692307692
-0.14477907692307693
-0.08344615384615384
-0.0025033846153846152
0.08887015384615385
0.17273353846153844
0.22718215384615387
0.2776670769230769
0.3045784615384615
0.30061476923076924
0.26160369230769226
0.17148184615384612
0.06070707692307692
-0.07030338461538461
-0.19150892307692308
-0.26681907692307694
-0.3137575384615385
-0.31646953846153847
-0.2830910769230769
-0.20381723076923075
-0.06738276923076922
0.07802215384615384
0.21320492307692307
0.31813846153846154
0.37717661538461533
0.39636923076923075
0.38009723076923074
0.3206418461538461
0.21091015384615383
0.061124307692307686
-0.08699261538461538
-0.20235692307692305
-0.27453784615384613
-0.292896
-0.2858030769230769
-0.24032492307692307
-0.15813046153846153
-0.05236246153846154
0.0771876923076923
0.17231630769230769
0.2273907692307692
0.24762646153846155
0.2330233846153846
0.21174461538461536
0.17273353846153844
0.11286092307692308
0.0446436923076923
-0.030875076923076922
-0.09304246153846155
-0.13393107692307693
-0.168144
-0.20006215384615383
-0.23218892307692307
-0.23844738461538462
-0.208824
-0.16063384615384615
-0.10263876923076923
-0.058829538461538454
-0.025659692307692307
0.008136
0.044435076923076924
0.08949599999999999
0.11599015384615384
0.10722830769230769
0.073224
0.03045784615384615
0.007301538461538462
-0.004589538461538461
-0.022530461538461537
-0.042348923076923076
-0.062376
-0.06633969230769231
-0.040262769230769234
-0.0050067692307692304
0.028788923076923077
0.061124307692307686
0.10618523076923077
0.1760713846153846
0.24616615384615384
0.30979384615384614
0.3502652307692307
0.3538116923076923
0.32836061538461536
0.2764153846153846
0.2021483076923077
0.09804923076923076
-0.02899753846153846
-0.1489513846153846
-0.23239753846153846
-0.268488
-0.2591003076923077
-0.22405292307692307
-0.16313723076923078
-0.08135999999999999
0.009387692307692307
0.11411261538461538
0.19150892307692308
0.21779446153846155
0.1913003076923077
0.130176
0.07280676923076923
0.018358153846153843
-0.03358707692307692
-0.08782707692307692
-0.13372246153846154
-0.1502030769230769
-0.12558646153846154
-0.07155507692307693
-0.023990769230769232
0.013560000000000001
0.04318338461538461
0.059872615384615385
0.07906523076923076
0.08907876923076924
0.07572738461538461
0.04109723076923077
-0.015020307692307692
-0.05027630769230769
-0.059872615384615385
-0.05382276923076923
-0.03650769230769231
-0.01814953846153846
0.012099692307692308
0.04756430769230769
0.09304246153846155
0.13080184615384613
0.12433476923076923
0.08031692307692308
0.01710646153846154
-0.04047138461538462
-0.07760492307692309
-0.12329169230769231
-0.1775316923076923
-0.235944
-0.29227015384615385
-0.30562153846153844
-0.24178523076923078
-0.11306953846153844
0.04839876923076923
0.2374043076923077
0.4090947692307692
0.5820369230769231
0.7165938461538461
0.7564393846153846
0.7003218461538462
0.5202867692307692
0.2962338461538461
0.07113784615384615
-0.13935507692307691
-0.3392086153846154
-0.48064984615384615
-0.544068923076923
-0.5284227692307693
-0.38593846153846156
-0.19526400000000002
0.01668923076923077
0.2194633846153846
0.3821833846153846
0.48294461538461536
0.4852393846153846
0.3836436923076923
0.20423446153846153
-0.0012516923076923076
-0.22822523076923076
-0.4115981538461538
-0.5309261538461538
-0.593928
-0.5474067692307693
-0.41577046153846153
-0.21904615384615383
0.008136
0.19568123076923075
0.3425464615384616
0.42348923076923073
0.4053396923076923
0.33670523076923076
0.2330233846153846
0.12621230769230768
0.045895384615384616
-0.029832
-0.07259815384615384
-0.08490646153846154
-0.08010830769230769
-0.06362769230769232
-0.05736923076923077
-0.050067692307692306
-0.04985907692307692
-0.043600615384615383
-0.042348923076923076
-0.07238953846153846
-0.10430769230769231
-0.15291507692307693
-0.1860849230769231
-0.17815753846153848
-0.16105107692307694
-0.1178676923076923
-0.06800861538461538
-0.0043809230769230765
0.07969107692307692
0.13038461538461538
0.11724184615384614
0.04819015384615385
-0.04109723076923077
-0.1489513846153846
-0.2509643076923077
-0.3239796923076923
-0.35568923076923076
-0.3095852307692307
-0.1842073846153846
-0.011265230769230769
0.19067446153846154
0.36966646153846155
0.49692184615384616
0.5747353846153846
0.5645132307692308
0.49400123076923075
0.38719015384615385
0.24199384615384617
0.09450276923076922
-0.03358707692307692
-0.12767261538461538
-0.16292861538461537
-0.14164984615384615
-0.08782707692307692
-0.015646153846153844
0.05736923076923077
0.13121907692307694
0.20861538461538462
0.25701415384615384
0.23907323076923076
0.1804523076923077
0.1028473846153846
0.002712
-0.09596307692307693
-0.19463815384615382
-0.2588916923076923
-0.2659846153846154
-0.2238443076923077
-0.124752
0.006884307692307692
0.13893784615384613
0.24574892307692306
0.30708184615384615
0.2993630769230769
0.2292683076923077
0.10806276923076923
-0.05611753846153846
-0.21320492307692307
-0.33983446153846153
-0.4211944615384615
-0.428496
-0.3675803076923077
-0.25117292307692307
-0.09053907692307692
0.08574092307692306
0.24095076923076922
0.3544375384615384
0.39261415384615383
0.34943076923076927
0.23969907692307693
0.06487938461538462
-0.13038461538461538
-0.3170953846153846
-0.4781464615384615
-0.5793249230769231
-0.6116603076923077
-0.5680596923076923
-0.441012923076923
-0.25972615384615383
-0.05236246153846154
0.15187199999999998
0.32898646153846156
0.45624184615384616
0.5092301538461538
0.4758516923076923
0.3490135384615385
0.17461107692307692
-0.021278769230769233
-0.21612553846153845
-0.3686233846153846
-0.47606030769230767
-0.5144455384615384
-0.4616658461538461
-0.33587076923076925
-0.16209415384615386
0.026285538461538457
0.19150892307692308
0.31626092307692305
0.38531261538461536
0.39219692307692305
0.35047384615384614
0.26097784615384617
0.14603076923076924
0.030040615384615384
-0.07426707692307692
-0.15187199999999998
-0.208824
-0.23156307692307693
-0.23761292307692305
-0.21466523076923077
-0.16084246153846155
-0.10201292307692307
-0.024199384615384616
0.042557538461538466
0.09909230769230769
0.1506203076923077
0.18483323076923078
0.2194633846153846
0.24554030769230767
0.24574892307692306
0.2399076923076923
0.23260615384615385
0.21842030769230766
0.21341353846153846
0.19317784615384614
0.14540492307692307
0.08511507692307693
0.01814953846153846
-0.04526953846153846
-0.1045163076923077
-0.15145476923076923
-0.18170399999999998
-0.17023015384615386
-0.11265230769230769
-0.03024923076923077
0.07009476923076922
0.15416676923076922
0.21696000000000001
0.2557624615384615
0.24992123076923078
0.20193969230769232
0.10764553846153846
-0.024199384615384616
-0.1543753846153846
-0.27558092307692306
-0.36904061538461536
-0.4118067692307692
-0.40930338461538457
-0.3502652307692307
-0.24658338461538462
-0.1097316923076923
0.04422646153846154
0.1829556923076923
0.2858030769230769
0.33315876923076926
0.33295015384615384
0.29039261538461536
0.20027076923076922
0.08699261538461538
-0.04693846153846153
-0.1785747692307692
-0.2751636923076923
-0.330864
-0.32001599999999997
-0.25159015384615385
-0.14603076923076924
-0.010639384615384617
0.13330523076923076
0.2641070769230769
0.3619476923076923
0.39928984615384616
0.37655076923076924
0.309168
0.20527753846153846
0.08699261538461538
-0.0448523076923077
-0.17294215384615383
-0.2751636923076923
-0.3275261538461538
-0.3214763076923077
-0.2716172307692308
-0.18191261538461537
-0.08177723076923075
0.027328615384615382
0.1356
0.2157083076923077
0.2601433846153846
0.249504
0.19067446153846154
0.11828492307692307
0.03442153846153846
-0.051319384615384614
-0.10806276923076923
-0.13455692307692307
-0.12329169230769231
-0.07072061538461538
0.006049846153846154
0.0936683076923077
0.17148184615384612
0.21988061538461537
0.24032492307692307
0.22843384615384613
0.19171753846153847
0.1395636923076923
0.0717636923076923
-0.0014603076923076922
-0.06884307692307692
-0.10722830769230769
-0.11745046153846153
-0.10222153846153846
-0.06613107692307692
-0.03442153846153846
0.010848
0.06738276923076922
0.12162276923076921
0.16710092307692306
0.1794092307692308
0.16856123076923077
0.14832553846153845
0.12350030769230769
0.09450276923076922
0.05716061538461538
0.012308307692307691
-0.02211323076923077
-0.03233538461538461
-0.026494153846153844
-0.012308307692307691
0.0025033846153846152
0.022947692307692308
0.03692492307692308
0.041514461538461535
0.0446436923076923
0.027120000000000002
-0.0002086153846153846
-0.029623384615384614
-0.05048492307692308
-0.05444861538461539
-0.051528
-0.040054153846153843
-0.03129230769230769
-0.02524246153846154
-0.015854769230769228
-0.011682461538461537
-0.018983999999999997
-0.04693846153846153
-0.08907876923076924
-0.11911938461538461
-0.13247076923076923
-0.11849353846153846
-0.08574092307692306
-0.05027630769230769
0.006467076923076923
0.06988615384615385
0.13393107692307693
0.18900553846153845
0.1990190769230769
0.1800350769230769
0.13184492307692308
0.06529661538461538
0.012934153846153845
-0.02795446153846154
-0.05048492307692308
-0.06300184615384616
-0.04985907692307692
-0.0016689230769230767
0.07134646153846153
0.15270646153846154
0.22342707692307692
0.2828824615384615
0.3087507692307692
0.31062830769230765
0.28955815384615385
0.23844738461538462
0.16480615384615382
0.06738276923076922
-0.03609046153846154
-0.12245723076923076
-0.1908830769230769
-0.24616615384615384
-0.2776670769230769
-0.2726603076923077
-0.2194633846153846
-0.13372246153846154
-0.03379569230769231
0.06487938461538462
0.13852061538461538
0.18963138461538462
0.21654276923076923
0.21508246153846153
0.19150892307692308
0.13810338461538463
0.06613107692307692
0.0035464615384615383
-0.03483876923076923
-0.04985907692307692
-0.04965046153846154
-0.04088861538461538
-0.02232184615384615
0.003963692307692307
0.03671630769230769
0.06759138461538462
0.07948246153846153
0.06800861538461538
0.03629907692307692
0.006675692307692307
-0.013560000000000001
-0.030040615384615384
-0.048816000000000005
-0.06738276923076922
-0.07280676923076923
-0.07197230769230768
-0.052153846153846155
-0.03713353846153846
-0.03045784615384615
-0.03233538461538461
-0.04985907692307692
-0.05277969230769231
-0.06154153846153846
-0.07343261538461537
-0.09158215384615384
-0.11202646153846153
-0.11578153846153846
-0.12099692307692309
-0.12329169230769231
-0.12579507692307693
-0.13330523076923076
-0.12516923076923075
-0.09930092307692308
-0.05653476923076922
-0.011473846153846154
0.018775384615384614
0.044435076923076924
0.056951999999999996
0.06717415384615384
0.07531015384615385
0.05820369230769231
0.026494153846153844
-0.017940923076923077
-0.053614153846153846
-0.06800861538461538
-0.07134646153846153
-0.05444861538461539
-0.03296123076923077
0.0004172307692307692
0.05236246153846154
0.10389046153846154
0.15187199999999998
0.18107815384615383
0.18775384615384613
0.18212123076923076
0.16418030769230768
0.13080184615384613
0.0855323076923077
0.03442153846153846
-0.021904615384615383
-0.06571384615384615
-0.09158215384615384
-0.10368184615384615
-0.09679753846153846
-0.086784
-0.06383630769230769
-0.013560000000000001
0.0446436923076923
0.10743692307692307
0.15145476923076923
0.17002153846153847
0.17419384615384614
0.154584
0.12683815384615382
0.08740984615384616
0.02753723076923077
-0.037342153846153844
-0.09533723076923077
-0.13393107692307693
-0.16167692307692308
-0.18128676923076922
-0.1908830769230769
-0.19672430769230767
-0.18337292307692307
-0.15520984615384617
-0.11348676923076922
-0.0609156923076923
-0.014185846153846153
0.037342153846153844
0.08887015384615385
0.12975876923076923
0.1585476923076923
0.15646153846153846
0.12162276923076921
0.07030338461538461
0.008761846153846153
-0.042348923076923076
-0.09325107692307691
-0.1504116923076923
-0.18337292307692307
-0.1913003076923077
-0.1656406153846154
-0.11390399999999999
-0.04422646153846154
0.035464615384615386
0.10326461538461539
0.15687876923076924
0.1846246153846154
0.18712800000000002
0.124752
0.02232184615384615
-0.07572738461538461
-0.14686523076923075
-0.18086953846153844
-0.20652923076923077
-0.21779446153846155
-0.18900553846153845
-0.11703323076923078
0.009596307692307692
0.2618123076923077
0.3152178461538461
0.24679199999999998
0.23406646153846156
0.09283384615384616
0.15103753846153847
0.052153846153846155
-0.21862892307692305
-0.3863556923076923
-0.6143723076923077
-0.5079784615384615
-0.3782196923076923
-0.2605606153846154
-0.124752
-0.09158215384615384
0.21466523076923077
0.42369784615384615
0.6112430769230769
0.6636055384615385
0.42703569230769234
0.3312812307692308
0.10639384615384614
-0.03442153846153846
-0.10576799999999999
-0.34692738461538464
-0.3481790769230769
-0.4026276923076923
-0.3886504615384615
-0.12955015384615384
-0.021278769230769233
0.21904615384615383
0.3675803076923077
0.3410861538461538
0.43433723076923075
0.385104
0.39261415384615383
0.3588184615384616
0.14123261538461537
-0.01397723076923077
-0.19735015384615384
-0.22530461538461538
-0.17565415384615385
-0.2225926153846154
-0.21591692307692306
-0.24658338461538462
-0.15124615384615384
0.038176615384615385
0.08824430769230769
0.14290153846153844
0.10117846153846152
0.04088861538461538
0.10180430769230768
0.06967753846153846
0.05486584615384615
0.03483876923076923
-0.04839876923076923
-0.012308307692307691
0.0035464615384615383
-0.0018775384615384615
-0.0022947692307692304
-0.09262523076923077
-0.14811692307692306
-0.19609846153846153
-0.22342707692307692
-0.20027076923076922
-0.15917353846153848
-0.05048492307692308
0.021696
0.1397723076923077
0.2970683076923077
0.3798886153846154
0.4848221538461538
0.46688123076923077
0.38072307692307694
0.3316984615384615
0.18712800000000002
0.06884307692307692
-0.07238953846153846
-0.23844738461538462
-0.28768061538461537
-0.3248141538461538
-0.2782929230769231
-0.1908830769230769
-0.11140061538461538
0.06967753846153846
0.24449723076923074
0.39741230769230773
0.47313969230769226
0.4612486153846154
0.45373846153846153
0.35464615384615383
0.20527753846153846
0.015020307692307692
-0.23615261538461538
-0.3838523076923077
-0.4879513846153846
-0.5357243076923077
-0.44998338461538456
-0.36340799999999995
-0.21049292307692305
-0.027120000000000002
0.09950953846153845
0.25242461538461536
0.3419206153846154
0.3675803076923077
0.3385827692307692
0.222384
0.0936683076923077
-0.06049846153846154
-0.1787833846153846
-0.2568055384615385
-0.32001599999999997
-0.32585723076923073
-0.3235624615384615
-0.2426196923076923
-0.10389046153846154
0.015646153846153844
0.165432
0.2601433846153846
0.31834707692307695
0.40200184615384615
0.4128498461538462
0.3673716923076923
0.2620209230769231
0.103056
0.014811692307692307
-0.03775938461538462
-0.07677046153846154
-0.1028473846153846
-0.15208061538461537
-0.1531236923076923
-0.13038461538461538
-0.09116492307692307
-0.04088861538461538
-0.03275261538461539
-0.023364923076923075
-0.03337846153846154
-0.03129230769230769
0.014185846153846153
0.040054153846153843
0.09199938461538461
0.13080184615384613
0.12204
0.14018953846153845
0.13184492307692308
0.12579507692307693
0.10994030769230768
0.007301538461538462
-0.09053907692307692
-0.16897846153846155
-0.20924123076923076
-0.18796246153846152
-0.18066092307692305
-0.16584923076923075
-0.12037107692307693
-0.035464615384615386
0.09199938461538461
0.19672430769230767
0.2872633846153846
0.3275261538461538
0.3160523076923077
0.29748553846153847
0.21716861538461538
0.1178676923076923
-0.0022947692307692304
-0.13914646153846155
-0.23052
-0.3141747692307692
-0.3402516923076923
-0.28955815384615385
-0.20861538461538462
-0.0853236923076923
0.03963692307692308
0.17398523076923075
0.314592
0.40700861538461536
0.43704923076923075
0.38009723076923074
0.2591003076923077
0.11181784615384616
-0.03108369230769231
-0.14206707692307693
-0.24616615384615384
-0.32648307692307693
-0.33941723076923075
-0.29685969230769227
-0.18629353846153843
-0.065088
0.028163076923076923
0.13184492307692308
0.1992276923076923
0.24053353846153847
0.2453316923076923
0.19067446153846154
0.13497415384615385
0.061124307692307686
-0.015854769230769228
-0.07593599999999999
-0.12996738461538462
-0.16084246153846155
-0.18212123076923076
-0.18212123076923076
-0.168144
-0.14853415384615384
-0.0974233846153846
-0.04526953846153846
0.0004172307692307692
0.04193169230769231
0.05674338461538461
0.07906523076923076
0.1028473846153846
0.12808984615384614
0.15228923076923076
0.1358086153846154
0.11327815384615383
0.09012184615384615
0.06258461538461538
0.042557538461538466
-0.0004172307692307692
-0.05194523076923077
-0.07843938461538462
-0.092208
-0.08302892307692307
-0.06529661538461538
-0.05444861538461539
-0.042974769230769226
-0.03588184615384615
-0.011473846153846154
0.01981846153846154
0.049233230769230765
0.06529661538461538
0.0448523076923077
0.007510153846153846
-0.03567323076923076
-0.0771876923076923
-0.10326461538461539
-0.14102399999999998
-0.18399876923076922
-0.20527753846153846
-0.21111876923076925
-0.17461107692307692
-0.10806276923076923
-0.04568676923076923
0.01043076923076923
0.054657230769230764
0.10222153846153846
0.14311015384615386
0.15416676923076922
0.13852061538461538
0.10785415384615385
0.0826116923076923
0.06800861538461538
0.05736923076923077
0.03921969230769231
0.014811692307692307
-0.004589538461538461
-0.011473846153846154
0.002086153846153846
0.02545107692307692
0.04693846153846153
0.06821723076923077
0.09512861538461538
0.11619876923076923
0.13205353846153844
0.13622584615384614
0.11953661538461538
0.0936683076923077
0.061124307692307686
0.03483876923076923
0.0050067692307692304
-0.03066646153846154
-0.07009476923076922
-0.11411261538461538
-0.14436184615384615
-0.14540492307692307
-0.12037107692307693
-0.08887015384615385
-0.053614153846153846
-0.013142769230769229
0.034630153846153845
0.08344615384615384
0.1136953846153846
0.11473846153846154
0.0798996923076923
0.029623384615384614
-0.016272
-0.05382276923076923
-0.07677046153846154
-0.09429415384615383
-0.10201292307692307
-0.09158215384615384
-0.06028984615384615
-0.008970461538461538
0.03296123076923077
0.05528307692307692
0.05653476923076922
0.04860738461538461
0.04735569230769231
0.03629907692307692
0.014811692307692307
-0.02044430769230769
-0.06717415384615384
-0.10222153846153846
-0.12037107692307693
-0.12266584615384615
-0.11974523076923077
-0.1178676923076923
-0.09095630769230768
-0.03984553846153846
0.016897846153846156
0.07259815384615384
0.09199938461538461
0.08156861538461539
0.06028984615384615
0.03504738461538461
0.012516923076923077
-0.02482523076923077
-0.06738276923076922
-0.09909230769230769
-0.09283384615384616
-0.04965046153846154
0.011891076923076923
0.07781353846153846
0.12621230769230768
0.1597993846153846
0.17377661538461536
0.1666836923076923
0.1341396923076923
0.073224
0.0043809230769230765
-0.05653476923076922
-0.09053907692307692
-0.09199938461538461
-0.07155507692307693
-0.04109723076923077
0.0
0.06550523076923077
0.1397723076923077
0.20047938461538461
0.23135446153846154
0.2140393846153846
0.16647507692307692
0.10138707692307691
0.02795446153846154
-0.03963692307692308
-0.10764553846153846
-0.16042523076923076
-0.18149538461538461
-0.16271999999999998
-0.10368184615384615
-0.026076923076923077
0.05382276923076923
0.12808984615384614
0.1910916923076923
0.23385784615384617
0.2563883076923077
0.2453316923076923
0.1858763076923077
0.10409907692307692
0.020652923076923076
-0.05048492307692308
-0.1070196923076923
-0.16167692307692308
-0.20110523076923076
-0.21612553846153845
-0.19693292307692306
-0.14164984615384615
-0.06821723076923077
0.010639384615384617
0.07593599999999999
0.11995384615384615
0.14728246153846153
0.1504116923076923
0.1356
0.10076123076923077
0.04756430769230769
-0.0035464615384615383
-0.05090215384615384
-0.078648
-0.08907876923076924
-0.08907876923076924
-0.07468430769230769
-0.052571076923076915
-0.01814953846153846
0.025659692307692307
0.06613107692307692
0.09471138461538461
0.11286092307692308
0.12329169230769231
0.1287156923076923
0.130176
0.1207883076923077
0.09971815384615385
0.08302892307692307
0.06821723076923077
0.062376
0.065088
0.05757784615384615
0.04860738461538461
0.03150092307692308
0.01272553846153846
0.0025033846153846152
-0.013142769230769229
-0.029414769230769227
-0.04985907692307692
-0.065088
-0.059872615384615385
-0.04944184615384615
-0.030040615384615384
-0.018358153846153843
-0.015228923076923076
-0.014603076923076923
-0.023990769230769232
-0.021070153846153846
-0.017315076923076923
-0.02211323076923077
-0.033169846153846154
-0.04860738461538461
-0.058412307692307694
-0.06154153846153846
-0.0609156923076923
-0.05027630769230769
-0.02482523076923077
0.007301538461538462
0.044435076923076924
0.08448923076923077
0.12287446153846153
0.14811692307692306
0.15646153846153846
0.14832553846153845
0.11849353846153846
0.07927384615384615
0.03400430769230769
-0.015646153846153844
-0.05611753846153846
-0.08761846153846153
-0.10368184615384615
-0.09596307692307693
-0.07238953846153846
-0.045895384615384616
-0.01272553846153846
0.01272553846153846
0.035464615384615386
0.046104
0.04693846153846153
0.04526953846153846
0.02795446153846154
0.006675692307692307
-0.05924676923076923
-0.11953661538461538
-0.184416
-0.24512307692307692
-0.28392553846153845
-0.3170953846153846
-0.28851507692307693
-0.21237046153846154
-0.06404492307692307
0.16271999999999998
0.4558246153846154
0.6202135384615385
0.7414190769230768
0.8488559999999999
0.8398855384615385
0.835296
0.6137464615384616
0.2906012307692308
-0.0961716923076923
-0.49692184615384616
-0.7410018461538461
-0.9875852307692307
-1.0879292307692308
-1.106496
-0.973608
-0.6072793846153846
-0.18483323076923078
0.3542289230769231
0.7927384615384615
1.0991944615384615
1.3090615384615385
1.2911206153846153
1.150931076923077
0.8065070769230769
0.31542646153846154
-0.16042523076923076
-0.6878049230769231
-1.0583058461538462
-1.2277015384615384
-1.2771433846153846
-1.1046184615384615
-0.8524024615384616
-0.5038061538461538
-0.07384984615384615
0.32836061538461536
0.7405846153846153
1.017
1.1377883076923077
1.1348676923076924
0.9848732307692307
0.7689563076923076
0.4405956923076923
0.030040615384615384
-0.3746732307692308
-0.7585255384615385
-0.9967643076923076
-1.1169267692307692
-1.146132923076923
-1.034315076923077
-0.8438492307692307
-0.557628923076923
-0.21132738461538458
0.10389046153846154
0.40638276923076927
0.6406578461538461
0.7941987692307692
0.9147784615384615
0.9224972307692308
0.8256996923076924
0.6239686153846153
0.33002953846153843
0.003755076923076923
-0.34630153846153844
-0.6550523076923076
-0.904764923076923
-1.0401563076923077
-1.0445372307692307
-0.9427329230769231
-0.6681950769230769
-0.2926873846153846
0.13205353846153844
0.6006036923076923
0.9917575384615384
1.2911206153846153
1.4502941538461538
1.4181673846153846
1.2420959999999999
0.8985064615384615
0.46375199999999994
0.00855323076923077
-0.4585366153846154
-0.8576178461538461
-1.1613618461538462
-1.3199095384615382
-1.2856966153846152
-1.0910584615384615
-0.7591513846153846
-0.3442153846153846
0.12934153846153845
0.6104086153846153
1.0082381538461538
1.2923723076923075
1.3818683076923075
1.2612886153846152
0.9992676923076923
0.6102
0.16793538461538463
-0.2707827692307692
-0.6909341538461538
-0.9986418461538461
-1.177633846153846
-1.2143501538461539
-1.0795846153846154
-0.8267427692307692
-0.4808584615384615
-0.09679753846153846
0.2803790769230769
0.6172929230769231
0.8578264615384615
1.000728
1.0147052307692306
0.8955858461538462
0.6798775384615384
0.3890676923076923
0.0897046153846154
-0.20673784615384616
-0.4852393846153846
-0.696984
-0.8521938461538461
-0.9095630769230768
-0.8555316923076923
-0.7391243076923076
-0.5572116923076923
-0.33712246153846154
-0.08386338461538462
0.19797599999999999
0.44581107692307687
0.6310615384615385
0.7332830769230769
0.7499723076923077
0.701364923076923
0.5832886153846154
0.4015846153846154
0.1706473846153846
-0.08845292307692308
-0.3275261538461538
-0.5428172307692307
-0.6957323076923076
-0.7777181538461537
-0.7975366153846153
-0.7099181538461539
-0.5538738461538462
-0.3248141538461538
-0.03400430769230769
0.2705741538461538
0.5832886153846154
0.8236135384615384
0.9619255384615384
1.0003107692307691
0.9045563076923075
0.7003218461538462
0.41326707692307696
0.07510153846153846
-0.25930892307692305
-0.5486584615384615
-0.7499723076923077
-0.8513593846153846
-0.8642935384615384
-0.7739630769230769
-0.604776
-0.3752990769230769
-0.10535076923076922
0.14936861538461538
0.3838523076923077
0.5628443076923076
0.6759138461538462
0.7172196923076923
0.6625624615384615
0.5476153846153846
0.3748818461538461
0.17231630769230769
-0.032544
-0.2374043076923077
-0.39699507692307695
-0.49733907692307694
-0.5298830769230769
-0.4946270769230769
-0.41994276923076923
-0.31000246153846156
-0.17419384615384614
-0.024616615384615383
0.12996738461538462
0.24887815384615386
0.33670523076923076
0.3884418461538462
0.3884418461538462
0.35694092307692304
0.2757895384615385
0.17023015384615386
0.05444861538461539
-0.078648
-0.20381723076923075
-0.3198073846153846
-0.40846892307692306
-0.4564504615384615
-0.4675070769230769
-0.4389267692307692
-0.37613353846153846
-0.2776670769230769
-0.14519630769230768
0.0016689230769230767
0.15333230769230768
0.2924787692307692
0.40888615384615384
0.4942098461538461
0.5069353846153847
0.4466455384615384
0.3252313846153846
0.15333230769230768
-0.027745846153846152
-0.20047938461538461
-0.34046030769230773
-0.4314166153846154
-0.48628246153846155
-0.477312
-0.38301784615384615
-0.23072861538461537
-0.03859384615384615
0.14394461538461537
0.29915446153846154
0.43433723076923075
0.5108990769230769
0.5371846153846154
0.5021372307692308
0.3994984615384615
0.2588916923076923
0.08720123076923077
-0.06654830769230768
-0.19213476923076922
-0.28350830769230767
-0.32877784615384614
-0.3460929230769231
-0.2979027692307692
-0.19442953846153843
-0.0678
0.06926030769230769
0.18191261538461537
0.26681907692307694
0.32377107692307694
0.3448412307692308
0.3502652307692307
0.3210590769230769
0.25430215384615384
0.17690584615384616
0.09763200000000001
0.04547815384615384
-0.006675692307692307
-0.06028984615384615
-0.09992676923076924
-0.13080184615384613
-0.13914646153846155
-0.1353913846153846
-0.11557292307692307
-0.09095630769230768
-0.07364123076923076
-0.032544
0.03275261538461539
0.10347323076923076
0.17461107692307692
0.2140393846153846
0.235944
0.24053353846153847
0.20673784615384616
0.16209415384615386
0.08907876923076924
0.0014603076923076922
-0.08720123076923077
-0.16605784615384614
-0.20652923076923077
-0.21967199999999998
-0.20298276923076922
-0.1652233846153846
-0.10722830769230769
-0.01856676923076923
0.07697907692307693
0.1570873846153846
0.214248
0.23218892307692307
0.22175815384615383
0.19296923076923078
0.1449876923076923
0.08386338461538462
-0.0025033846153846152
-0.08574092307692306
-0.14832553846153845
-0.19526400000000002
-0.21654276923076923
-0.22321846153846153
-0.21320492307692307
-0.18274707692307693
-0.1368516923076923
-0.08073415384615384
-0.030040615384615384
0.0022947692307692304
0.01397723076923077
0.010848
0.003129230769230769
-0.009179076923076922
-0.02586830769230769
-0.04380923076923077
-0.05924676923076923
-0.05590892307692308
-0.04318338461538461
-0.029623384615384614
-0.004798153846153846
0.011682461538461537
0.023364923076923075
0.03400430769230769
0.04109723076923077
0.04714707692307692
0.028163076923076923
-0.003129230769230769
-0.02586830769230769
-0.03775938461538462
-0.025659692307692307
0.002086153846153846
0.03567323076923076
0.08031692307692308
0.12454338461538461
0.17732307692307692
0.22634769230769228
0.25200738461538463
0.25200738461538463
0.2221753846153846
0.17732307692307692
0.12016246153846154
0.04631261538461538
-0.03233538461538461
-0.11160923076923077
-0.17461107692307692
-0.19797599999999999
-0.2059033846153846
-0.19150892307692308
-0.15166338461538462
-0.09554584615384615
-0.009179076923076922
0.08386338461538462
0.17711446153846155
0.2532590769230769
0.2943563076923077
0.3062473846153846
0.2855944615384615
0.24345415384615382
0.1787833846153846
0.09179076923076923
-0.004172307692307692
-0.09512861538461538
-0.1570873846153846
-0.18483323076923078
-0.1787833846153846
-0.138312
-0.08448923076923077
-0.017732307692307693
0.06571384615384615
0.15166338461538462
0.23198030769230768
0.2753723076923077
0.27975323076923075
0.2722430769230769
0.24053353846153847
0.18963138461538462
0.12204
0.03588184615384615
-0.042557538461538466
-0.1097316923076923
-0.15896492307692306
-0.18796246153846152
-0.20152246153846154
-0.19150892307692308
-0.1656406153846154
-0.11181784615384616
-0.040262769230769234
0.03024923076923077
0.09512861538461538
0.1356
0.1639716923076923
0.17377661538461536
0.15667015384615385
0.11536430769230768
0.05507446153846154
-0.0077187692307692304
-0.06675692307692307
-0.11765907692307691
-0.16105107692307694
-0.18858830769230767
-0.20256553846153844
-0.20193969230769232
-0.1783661538461538
-0.138312
-0.09679753846153846
-0.05757784615384615
-0.018358153846153843
0.021696
0.06571384615384615
0.10618523076923077
0.1397723076923077
0.14978584615384616
0.13372246153846154
0.10514215384615383
0.05945538461538461
0.0077187692307692304
-0.04985907692307692
-0.1218313846153846
-0.18170399999999998
-0.22467876923076924
-0.23969907692307693
-0.22467876923076924
-0.19568123076923075
-0.1422756923076923
-0.07572738461538461
0.002086153846153846
0.0855323076923077
0.14457046153846154
0.17502830769230768
0.18149538461538461
0.16501476923076921
0.12955015384615384
0.07405846153846153
0.008970461538461538
-0.06675692307692307
-0.14665661538461539
-0.20444307692307692
-0.23761292307692305
-0.24303692307692307
-0.235944
-0.21320492307692307
-0.16480615384615382
-0.10076123076923077
-0.021278769230769233
0.049233230769230765
0.10347323076923076
0.13998092307692306
0.1462393846153846
0.13768615384615385
0.11056615384615384
0.06967753846153846
0.02482523076923077
-0.040054153846153843
-0.08636676923076922
-0.11327815384615383
-0.12934153846153845
-0.12829846153846153
-0.11745046153846153
-0.08782707692307692
-0.051528
-0.005841230769230769
0.025659692307692307
0.031918153846153846
0.03567323076923076
0.04819015384615385
0.07468430769230769
0.10263876923076923
0.10576799999999999
0.11244369230769231
0.13309661538461537
0.21132738461538458
0.328152
0.27975323076923075
0.1829556923076923
0.07468430769230769
-0.014185846153846153
0.029623384615384614
-0.07697907692307693
-0.20444307692307692
-0.31772123076923076
-0.37300430769230764
-0.20861538461538462
-0.10868861538461538
0.021696
0.06759138461538462
0.10785415384615385
0.2774584615384615
0.3214763076923077
0.38927630769230764
0.2789187692307692
0.07781353846153846
-0.021904615384615383
-0.19046584615384615
-0.21216184615384615
-0.2618123076923077
-0.30833353846153844
-0.18963138461538462
-0.16793538461538463
-0.028163076923076923
0.15374953846153847
0.25305046153846156
0.42724430769230765
0.412224
0.34275507692307694
0.2947735384615384
0.17377661538461536
0.16772676923076923
0.08156861538461539
-0.051528
-0.14290153846153844
-0.238656
-0.1785747692307692
-0.12955015384615384
-0.12913292307692306
-0.12099692307692309
-0.1531236923076923
-0.07405846153846153
-0.003129230769230769
-0.012308307692307691
-0.021487384615384613
-0.09930092307692308
-0.1097316923076923
-0.07551876923076924
-0.086784
-0.04526953846153846
-0.037342153846153844
-0.025033846153846153
0.04526953846153846
0.07197230769230768
0.0961716923076923
0.06258461538461538
-0.026076923076923077
-0.09033046153846153
-0.17690584615384616
-0.2238443076923077
-0.2355267692307692
-0.20548615384615385
-0.13330523076923076
-0.07468430769230769
0.05382276923076923
0.18358153846153846
0.29498215384615384
0.39011076923076926
0.3744646153846154
0.35568923076923076
0.3170953846153846
0.23156307692307693
0.1489513846153846
0.005215384615384615
-0.10910584615384614
-0.17231630769230769
-0.22300984615384614
-0.20486030769230767
-0.184416
-0.1289243076923077
-0.006675692307692307
0.11640738461538462
0.23198030769230768
0.27182584615384614
0.2697396923076923
0.2540935384615385
0.17899199999999998
0.08490646153846154
-0.0448523076923077
-0.17419384615384614
-0.2482523076923077
-0.3095852307692307
-0.3087507692307692
-0.25117292307692307
-0.1860849230769231
-0.07760492307692309
0.00855323076923077
0.07948246153846153
0.15520984615384617
0.17815753846153848
0.18086953846153844
0.14311015384615386
0.06905169230769231
-0.0018775384615384615
-0.08574092307692306
-0.13518276923076925
-0.16167692307692308
-0.17586276923076924
-0.17481969230769231
-0.17085599999999998
-0.10076123076923077
-0.016063384615384615
0.059664
0.119328
0.11411261538461538
0.12308307692307692
0.13476553846153844
0.11974523076923077
0.09095630769230768
0.004589538461538461
-0.06216738461538462
-0.0771876923076923
-0.06550523076923077
-0.03379569230769231
-0.029206153846153847
-0.022947692307692308
0.0006258461538461538
0.042348923076923076
0.09241661538461539
0.12913292307692306
0.14749107692307692
0.14123261538461537
0.11098338461538461
0.08511507692307693
0.0678
0.05027630769230769
0.052153846153846155
0.03942830769230769
0.023990769230769232
0.015020307692307692
0.020652923076923076
0.06133292307692308
0.07802215384615384
0.06028984615384615
0.03337846153846154
0.027745846153846152
0.05570030769230769
0.08511507692307693
0.09554584615384615
0.09053907692307692
0.09033046153846153
0.11306953846153844
0.1489513846153846
0.1614683076923077
0.15792184615384616
0.138312
0.12955015384615384
0.1358086153846154
0.11891076923076922
0.10430769230769231
0.06738276923076922
0.03901107692307692
0.02899753846153846
0.013560000000000001
0.021904615384615383
0.032544
0.052153846153846155
0.07697907692307693
0.10117846153846152
0.13852061538461538
0.18066092307692305
0.20423446153846153
0.1846246153846154
0.12245723076923076
0.043600615384615383
-0.029832
-0.08845292307692308
-0.1316363076923077
-0.16897846153846155
-0.1846246153846154
-0.1696043076923077
-0.12350030769230769
-0.05862092307692307
-0.009179076923076922
0.03337846153846154
0.07197230769230768
0.09909230769230769
0.10848000000000001
0.07551876923076924
0.016063384615384615
-0.040679999999999994
-0.084072
-0.10514215384615383
-0.1045163076923077
-0.08991323076923076
-0.055491692307692304
-0.0029206153846153843
0.05820369230769231
0.111192
0.13706030769230768
0.14185846153846154
0.1287156923076923
0.100344
0.048816000000000005
-0.017315076923076923
-0.08302892307692307
-0.14060676923076923
-0.16793538461538463
-0.16876984615384616
-0.1543753846153846
-0.11640738461538462
-0.061124307692307686
0.003755076923076923
0.06717415384615384
0.11244369230769231
0.14206707692307693
0.1358086153846154
0.09554584615384615
0.03692492307692308
-0.03129230769230769
-0.09304246153846155
-0.14728246153846153
-0.1704387692307692
-0.15625292307692307
-0.10827138461538462
-0.02232184615384615
0.07134646153846153
0.14978584615384616
0.20027076923076922
0.21132738461538458
0.1940123076923077
0.15562707692307692
0.09721476923076922
0.008344615384615384
-0.09387692307692307
-0.16793538461538463
-0.20298276923076922
-0.19588984615384614
-0.15541846153846153
-0.10347323076923076
-0.03755076923076923
0.029206153846153847
0.0936683076923077
0.1424843076923077
0.1353913846153846
0.09721476923076922
0.03400430769230769
-0.04631261538461538
-0.11286092307692308
-0.17961784615384613
-0.2207150769230769
-0.22989415384615383
-0.21758584615384616
-0.15875630769230767
-0.08782707692307692
-0.010848
0.06195876923076923
0.11452984615384615
0.15896492307692306
0.1710646153846154
0.16209415384615386
0.13267938461538462
0.08156861538461539
0.029832
-0.014185846153846153
-0.03901107692307692
-0.05111076923076923
-0.05403138461538461
-0.04172307692307692
-0.015228923076923076
0.033169846153846154
0.09262523076923077
0.1449876923076923
0.1829556923076923
0.19380369230769232
0.1792006153846154
0.14206707692307693
0.08428061538461538
0.012934153846153845
-0.0678
-0.1341396923076923
-0.16772676923076923
-0.17586276923076924
-0.1506203076923077
-0.11452984615384615
-0.07551876923076924
-0.029832
0.011265230769230769
0.04985907692307692
0.06821723076923077
0.06738276923076922
0.03963692307692308
0.0
-0.03045784615384615
-0.04088861538461538
-0.04401784615384615
-0.05611753846153846
-0.05319692307692307
-0.03337846153846154
0.0008344615384615384
0.026285538461538457
0.043392
0.04693846153846153
0.04547815384615384
0.050067692307692306
0.04172307692307692
0.03150092307692308
0.006049846153846154
-0.020027076923076922
-0.040054153846153843
-0.04839876923076923
-0.030875076923076922
-0.01397723076923077
-0.0029206153846153843
0.0008344615384615384
-0.0043809230769230765
-0.01981846153846154
-0.040262769230769234
-0.06821723076923077
-0.10743692307692307
-0.13768615384615385
-0.16292861538461537
-0.1760713846153846
-0.165432
-0.14457046153846154
-0.12955015384615384
-0.10931446153846153
-0.07051199999999999
-0.013560000000000001
0.0446436923076923
0.0744756923076923
0.08782707692307692
0.09325107692307691
0.09074769230769231
0.07614461538461538
0.042974769230769226
0.0004172307692307692
-0.035464615384615386
-0.051528
-0.047772923076923074
-0.025659692307692307
-0.0029206153846153843
0.011891076923076923
0.024199384615384616
0.04172307692307692
0.059872615384615385
0.05778646153846154
0.02753723076923077
-0.015854769230769228
-0.05236246153846154
-0.07593599999999999
-0.07364123076923076
-0.05319692307692307
-0.033169846153846154
-0.010639384615384617
0.014394461538461538
0.05382276923076923
0.09199938461538461
0.10618523076923077
0.09471138461538461
0.06008123076923077
0.026911384615384615
-0.004172307692307692
-0.021904615384615383
-0.028788923076923077
-0.04088861538461538
-0.03358707692307692
-0.009179076923076922
0.02795446153846154
0.07405846153846153
0.10263876923076923
0.111192
0.09950953846153845
0.08657538461538461
0.08490646153846154
0.06884307692307692
0.04318338461538461
0.006258461538461538
-0.029832
-0.043392
-0.045895384615384616
-0.03984553846153846
-0.03755076923076923
-0.037342153846153844
-0.020652923076923076
0.009179076923076922
0.037967999999999995
0.05444861538461539
0.059038153846153844
0.054240000000000003
0.04193169230769231
0.03379569230769231
0.02357353846153846
-0.001043076923076923
-0.03692492307692308
-0.06675692307692307
-0.07593599999999999
-0.05862092307692307
-0.018358153846153843
0.025033846153846153
0.06967753846153846
0.10514215384615383
0.13518276923076925
0.1597993846153846
0.1635544615384615
0.14102399999999998
0.08574092307692306
0.03233538461538461
-0.007510153846153846
-0.026494153846153844
-0.021278769230769233
-0.013560000000000001
0.005215384615384615
0.038176615384615385
0.07843938461538462
0.1136953846153846
0.12245723076923076
0.10994030769230768
0.07760492307692309
0.033169846153846154
-0.0077187692307692304
-0.05090215384615384
-0.086784
-0.11160923076923077
-0.11703323076923078
-0.09554584615384615
-0.042348923076923076
0.03504738461538461
0.12120553846153845
0.20110523076923076
0.26139507692307695
0.2931046153846154
0.2897667692307692
0.2588916923076923
0.1913003076923077
0.10076123076923077
0.0077187692307692304
-0.07969107692307692
-0.14164984615384615
-0.18545907692307692
-0.21007569230769232
-0.21633415384615384
-0.21988061538461537
-0.206112
-0.16042523076923076
-0.055491692307692304
0.05653476923076922
0.20506892307692307
0.3510996923076923
0.43976123076923074
0.5411483076923076
0.5561686153846154
0.5403138461538461
0.4405956923076923
0.25117292307692307
0.04672984615384615
-0.16584923076923075
-0.31772123076923076
-0.48357046153846156
-0.5574203076923077
-0.5899643076923077
-0.5388535384615384
-0.3425464615384616
-0.13935507692307691
0.11140061538461538
0.31500923076923076
0.4789809230769231
0.5945538461538461
0.590172923076923
0.5013027692307692
0.32085046153846153
0.11223507692307692
-0.12016246153846154
-0.3235624615384615
-0.477312
-0.5655563076923077
-0.5346812307692307
-0.4349630769230769
-0.2701569230769231
-0.09179076923076923
0.06404492307692307
0.222384
0.3448412307692308
0.39365723076923076
0.4011673846153846
0.34963938461538463
0.2753723076923077
0.208824
0.1151556923076923
0.011265230769230769
-0.116616
-0.238656
-0.3279433846153846
-0.39115384615384613
-0.4337113846153846
-0.4472713846153846
-0.39741230769230773
-0.30186646153846153
-0.1802436923076923
-0.046104
0.06321046153846153
0.17252492307692308
0.25972615384615383
0.29832
0.3158436923076923
0.2862203076923077
0.22572184615384616
0.15959076923076923
0.05674338461538461
-0.07969107692307692
-0.21216184615384615
-0.33899999999999997
-0.4418473846153846
-0.5067267692307692
-0.5238332307692307
-0.46896738461538456
-0.33357600000000004
-0.1316363076923077
0.09304246153846155
0.30666461538461537
0.46896738461538456
0.5755698461538461
0.6152067692307692
0.5528307692307692
0.40846892307692306
0.21925476923076925
0.016480615384615385
-0.15562707692307692
-0.2837169230769231
-0.3609046153846154
-0.36299076923076923
-0.3081249230769231
-0.20423446153846153
-0.0678
0.0717636923076923
0.20715507692307691
0.33002953846153843
0.4178566153846154
0.444768
0.4418473846153846
0.4024190769230769
0.3225193846153846
0.23469230769230767
0.12162276923076921
0.021278769230769233
-0.05674338461538461
-0.1205796923076923
-0.14811692307692306
-0.1531236923076923
-0.14164984615384615
-0.10848000000000001
-0.05653476923076922
-0.023364923076923075
-0.005632615384615384
0.005632615384615384
0.0012516923076923076
0.021278769230769233
0.04214030769230769
0.047981538461538464
0.05319692307692307
0.03984553846153846
0.031918153846153846
0.03358707692307692
0.024616615384615383
0.003129230769230769
-0.03421292307692308
-0.07113784615384615
-0.09095630769230768
-0.09930092307692308
-0.11348676923076922
-0.12391753846153845
-0.1178676923076923
-0.09450276923076922
-0.04172307692307692
0.017315076923076923
0.078648
0.14519630769230768
0.18399876923076922
0.20360861538461536
0.208824
0.1779489230769231
0.12454338461538461
0.04526953846153846
-0.04819015384615385
-0.1358086153846154
-0.21779446153846155
-0.27140861538461536
-0.29039261538461536
-0.27286892307692306
-0.2422024615384615
-0.1908830769230769
-0.10639384615384614
-0.029414769230769227
0.028163076923076923
0.056326153846153845
0.053614153846153846
0.05507446153846154
0.05674338461538461
0.03692492307692308
0.016063384615384615
-0.022530461538461537
-0.05611753846153846
-0.054240000000000003
-0.04526953846153846
-0.02858030769230769
-0.013142769230769229
0.0033378461538461535
0.02899753846153846
0.05382276923076923
0.07656184615384615
0.08344615384615384
0.07572738461538461
0.06842584615384616
0.05194523076923077
0.03609046153846154
0.029414769230769227
0.028371692307692306
0.04380923076923077
0.06070707692307692
0.0853236923076923
0.11745046153846153
0.143736
0.16730953846153845
0.165432
0.1356
0.100344
0.054657230769230764
-0.005841230769230769
-0.06446215384615385
-0.11619876923076923
-0.15124615384615384
-0.154584
-0.12683815384615382
-0.0771876923076923
-0.018983999999999997
0.03859384615384615
0.09512861538461538
0.14665661538461539
0.15124615384615384
0.111192
0.04839876923076923
-0.026285538461538457
-0.08198584615384615
-0.12788123076923075
-0.16313723076923078
-0.1760713846153846
-0.17544553846153846
-0.15374953846153847
-0.11202646153846153
-0.06341907692307691
-0.016480615384615385
0.013351384615384614
0.03880246153846154
0.06258461538461538
0.06926030769230769
0.056951999999999996
0.019609846153846155
-0.026494153846153844
-0.08240307692307691
-0.13309661538461537
-0.16000799999999998
-0.1783661538461538
-0.1800350769230769
-0.15959076923076923
-0.116616
-0.05820369230769231
0.004589538461538461
0.05570030769230769
0.09867507692307692
0.13038461538461538
0.1504116923076923
0.16772676923076923
0.1639716923076923
0.15124615384615384
0.12934153846153845
0.10222153846153846
0.08052553846153847
0.07134646153846153
0.06633969230769231
0.04318338461538461
0.01981846153846154
-0.004589538461538461
-0.013142769230769229
-0.011473846153846154
-0.015020307692307692
-0.014394461538461538
-0.013560000000000001
0.004798153846153846
0.03609046153846154
0.05945538461538461
0.07155507692307693
0.07489292307692308
0.07802215384615384
0.08344615384615384
0.07823076923076923
0.054240000000000003
0.015854769230769228
-0.01981846153846154
-0.03650769230769231
-0.042348923076923076
-0.026702769230769228
0.0035464615384615383
0.029414769230769227
0.053614153846153846
0.07405846153846153
0.09763200000000001
0.111192
0.10347323076923076
0.07739630769230768
0.03984553846153846
0.002712
-0.03275261538461539
-0.058412307692307694
-0.08052553846153847
-0.08302892307692307
-0.05820369230769231
-0.017523692307692306
0.04568676923076923
0.10409907692307692
0.14686523076923075
0.17815753846153848
0.19004861538461537
0.184416
0.1585476923076923
0.100344
0.014394461538461538
-0.08469784615384615
-0.16793538461538463
-0.21800307692307694
-0.23949046153846154
-0.22321846153846153
-0.1775316923076923
-0.10368184615384615
-0.008136
0.0961716923076923
0.18629353846153843
0.23281476923076924
0.2288510769230769
0.17982646153846152
0.10764553846153846
0.018358153846153843
-0.09074769230769231
-0.21049292307692305
-0.31229723076923077
-0.3675803076923077
-0.3604873846153846
-0.29498215384615384
-0.1942209230769231
-0.07635323076923077
0.04902461538461538
0.17023015384615386
0.26118646153846153
0.30749907692307693
0.29727692307692305
0.22551323076923077
0.11807630769230769
-0.0008344615384615384
-0.11056615384615384
-0.1977673846153846
-0.2670276923076923
-0.2989458461538462
-0.27975323076923075
-0.2140393846153846
-0.10597661538461538
0.015228923076923076
0.12662953846153846
0.22321846153846153
0.28934953846153844
0.3279433846153846
0.3312812307692308
0.2926873846153846
0.23531815384615382
0.16251138461538459
0.0897046153846154
0.026702769230769228
-0.026702769230769228
-0.06154153846153846
-0.0897046153846154
-0.09533723076923077
-0.07843938461538462
-0.051319384615384614
-0.015646153846153844
0.0043809230769230765
0.018775384615384614
0.03483876923076923
0.05027630769230769
0.07259815384615384
0.08657538461538461
0.09158215384615384
0.09325107692307691
0.08177723076923075
0.0717636923076923
0.054240000000000003
0.020652923076923076
-0.016272
-0.06216738461538462
-0.10117846153846152
-0.13309661538461537
-0.15771323076923077
-0.16897846153846155
-0.1693956923076923
-0.14811692307692306
-0.10430769230769231
-0.03859384615384615
0.026494153846153844
0.073224
0.11140061538461538
0.14519630769230768
0.17565415384615385
0.19442953846153843
0.18796246153846152
0.15562707692307692
0.10722830769230769
0.05069353846153846
0.0008344615384615384
-0.035255999999999996
-0.056951999999999996
-0.065088
-0.059664
-0.03421292307692308
0.001043076923076923
0.03755076923076923
0.05820369230769231
0.06133292307692308
0.06529661538461538
0.06967753846153846
0.059664
0.04568676923076923
0.02211323076923077
-0.008344615384615384
-0.022530461538461537
-0.03337846153846154
-0.04693846153846153
-0.07635323076923077
-0.11682461538461539
-0.1462393846153846
-0.16021661538461537
-0.15896492307692306
-0.14290153846153844
-0.11494707692307692
-0.07802215384615384
-0.019609846153846155
0.06028984615384615
0.14290153846153844
0.2090326153846154
0.24595753846153845
0.24866953846153847
0.2275993846153846
0.18086953846153844
0.10159569230769232
-0.0035464615384615383
-0.12788123076923075
-0.24053353846153847
-0.31772123076923076
-0.35005661538461535
-0.32898646153846156
-0.26640184615384616
-0.1760713846153846
-0.06008123076923077
0.07009476923076922
0.20027076923076922
0.3004061538461538
0.3442153846153846
0.3327415384615385
0.273912
0.19317784615384614
0.09241661538461539
-0.019192615384615384
-0.12016246153846154
-0.1994363076923077
-0.2292683076923077
-0.21111876923076925
-0.16647507692307692
-0.10263876923076923
-0.024408000000000003
0.061124307692307686
0.14790830769230767
0.22113230769230768
0.2707827692307692
0.28663753846153844
0.26160369230769226
0.21654276923076923
0.15646153846153846
0.09533723076923077
0.040054153846153843
-0.023990769230769232
-0.08615815384615384
-0.12955015384615384
-0.15562707692307692
-0.16793538461538463
-0.16626646153846153
-0.16042523076923076
-0.1489513846153846
-0.132888
-0.09074769230769231
-0.03713353846153846
-0.0004172307692307692
0.01814953846153846
0.016480615384615385
0.02211323076923077
0.027745846153846152
0.028788923076923077
-0.002086153846153846
-0.042348923076923076
-0.07551876923076924
-0.07969107692307692
-0.06800861538461538
-0.01981846153846154
0.09471138461538461
0.05444861538461539
0.03650769230769231
0.05653476923076922
0.040262769230769234
0.12162276923076921
0.05528307692307692
-0.023782153846153845
-0.1151556923076923
-0.19025723076923076
-0.10138707692307691
-0.08219446153846154
-0.042348923076923076
-0.058829538461538454
-0.06258461538461538
0.06863446153846153
0.1435273846153846
0.24491446153846153
0.208824
0.08240307692307691
0.032544
-0.06446215384615385
-0.07134646153846153
-0.1136953846153846
-0.21362215384615382
-0.2021483076923077
-0.24720923076923076
-0.1858763076923077
-0.03212676923076923
0.042348923076923076
0.18149538461538461
0.23281476923076924
0.2588916923076923
0.3079163076923077
0.2655673846153846
0.2730775384615384
0.21967199999999998
0.09992676923076924
-0.0035464615384615383
-0.11327815384615383
-0.1316363076923077
-0.15395815384615386
-0.20110523076923076
-0.20861538461538462
-0.22196676923076922
-0.1424843076923077
-0.03150092307692308
0.040679999999999994
0.130176
0.17085599999999998
0.22780799999999998
0.2970683076923077
0.2772498461538462
0.23907323076923076
0.14853415384615384
0.025659692307692307
-0.03692492307692308
-0.12224861538461537
-0.20152246153846154
-0.2659846153846154
-0.31626092307692305
-0.29873723076923075
-0.249504
-0.16084246153846155
-0.054657230769230764
0.06675692307692307
0.18274707692307693
0.24554030769230767
0.30666461538461537
0.3346190769230769
0.31855569230769226
0.29644246153846154
0.21007569230769232
0.10910584615384614
0.0070929230769230765
-0.10201292307692307
-0.14916
-0.20173107692307693
-0.22822523076923076
-0.19380369230769232
-0.14540492307692307
-0.05382276923076923
0.035464615384615386
0.12245723076923076
0.22843384615384613
0.3012406153846154
0.3304467692307692
0.2872633846153846
0.20694646153846152
0.12913292307692306
0.008761846153846153
-0.11473846153846154
-0.23177169230769232
-0.32877784615384614
-0.33670523076923076
-0.31000246153846156
-0.21737723076923077
-0.0717636923076923
0.051528
0.2073636923076923
0.3252313846153846
0.39407446153846154
0.43579753846153846
0.3972036923076923
0.3141747692307692
0.18858830769230767
0.03692492307692308
-0.1045163076923077
-0.22822523076923076
-0.2897667692307692
-0.2953993846153846
-0.25012984615384615
-0.16271999999999998
-0.07593599999999999
0.030875076923076922
0.12913292307692306
0.20423446153846153
0.26306399999999996
0.2588916923076923
0.21466523076923077
0.15813046153846153
0.073224
-0.016897846153846156
-0.11953661538461538
-0.21988061538461537
-0.2716172307692308
-0.2962338461538461
-0.2814221538461538
-0.22551323076923077
-0.15813046153846153
-0.07551876923076924
0.008344615384615384
0.09679753846153846
0.17523692307692307
0.2125790769230769
0.21967199999999998
0.1721076923076923
0.08824430769230769
-0.0018775384615384615
-0.08615815384615384
-0.12037107692307693
-0.15082892307692305
-0.1777403076923077
-0.17461107692307692
-0.15228923076923076
-0.07927384615384615
-0.004172307692307692
0.028788923076923077
0.04756430769230769
0.05382276923076923
0.07969107692307692
0.12642092307692307
0.14164984615384615
0.12245723076923076
0.06738276923076922
0.011056615384615385
-0.021904615384615383
-0.058412307692307694
-0.0936683076923077
-0.14603076923076924
-0.19735015384615384
-0.2127876923076923
-0.19463815384615382
-0.13622584615384614
-0.06195876923076923
0.017523692307692306
0.09283384615384616
0.15875630769230767
0.23615261538461538
0.30416123076923074
0.33587076923076925
0.31354892307692306
0.24887815384615386
0.1779489230769231
0.11140061538461538
0.04693846153846153
-0.025033846153846153
-0.10430769230769231
-0.17023015384615386
-0.1869193846153846
-0.13184492307692308
-0.03275261538461539
0.051319384615384614
0.11035753846153845
0.1696043076923077
0.2273907692307692
0.2774584615384615
0.28809784615384615
0.2415766153846154
0.1635544615384615
0.06696553846153847
-0.02357353846153846
-0.10597661538461538
-0.19651569230769228
-0.2716172307692308
-0.31062830769230765
-0.2999889230769231
-0.23448369230769228
-0.14206707692307693
-0.05048492307692308
0.019609846153846155
0.07614461538461538
0.12808984615384614
0.16209415384615386
0.17419384615384614
0.14039815384615384
0.07531015384615385
0.002086153846153846
-0.06654830769230768
-0.10055261538461538
-0.111192
-0.10514215384615383
-0.0988836923076923
-0.0961716923076923
-0.06675692307692307
-0.02482523076923077
0.016063384615384615
0.046104
0.04839876923076923
0.04088861538461538
0.040262769230769234
0.040679999999999994
0.042348923076923076
0.029623384615384614
0.003129230769230769
-0.02232184615384615
-0.03859384615384615
-0.03609046153846154
-0.042974769230769226
-0.06008123076923077
-0.07739630769230768
-0.09304246153846155
-0.09283384615384616
-0.0892873846153846
-0.08428061538461538
-0.06696553846153847
-0.03108369230769231
0.027120000000000002
0.09575446153846154
0.15103753846153847
0.18963138461538462
0.21821169230769227
0.22801661538461537
0.2138307692307692
0.17502830769230768
0.111192
0.03212676923076923
-0.05277969230769231
-0.12725538461538463
-0.17023015384615386
-0.1867107692307692
-0.1710646153846154
-0.11870215384615385
-0.04944184615384615
0.03629907692307692
0.12996738461538462
0.20965846153846154
0.26348123076923075
0.2670276923076923
0.2225926153846154
0.15291507692307693
0.05319692307692307
-0.06216738461538462
-0.17377661538461536
-0.2670276923076923
-0.3193901538461538
-0.3202246153846154
-0.2559710769230769
-0.15750461538461538
-0.040679999999999994
0.09658892307692307
0.22405292307692307
0.32731753846153844
0.38301784615384615
0.3809316923076923
0.3277347692307692
0.2236356923076923
0.09283384615384616
-0.04547815384615384
-0.18775384615384613
-0.3079163076923077
-0.37613353846153846
-0.3811403076923077
-0.3243969230769231
-0.2157083076923077
-0.08720123076923077
0.03421292307692308
0.14603076923076924
0.23677846153846152
0.2789187692307692
0.268488
0.21174461538461536
0.11411261538461538
0.005215384615384615
-0.09825784615384614
-0.18212123076923076
-0.23406646153846156
-0.25555384615384613
-0.24345415384615382
-0.19359507692307693
-0.13476553846153844
-0.07092923076923077
-0.0035464615384615383
0.04318338461538461
0.0880356923076923
0.11599015384615384
0.12767261538461538
0.1341396923076923
0.12162276923076921
0.10952307692307692
0.10076123076923077
0.09700615384615385
0.103056
0.10013538461538461
0.09429415384615383
0.08010830769230769
0.06216738461538462
0.03713353846153846
-0.01043076923076923
-0.055491692307692304
-0.09909230769230769
-0.12016246153846154
-0.1028473846153846
-0.05674338461538461
0.02273907692307692
0.10722830769230769
0.19067446153846154
0.2709913846153846
0.31855569230769226
0.3312812307692308
0.28809784615384615
0.1867107692307692
0.06279323076923077
-0.07468430769230769
-0.19526400000000002
-0.2830910769230769
-0.33315876923076926
-0.32961230769230765
-0.2822566153846154
-0.1858763076923077
-0.056951999999999996
0.0744756923076923
0.20298276923076922
0.30249230769230767
0.3609046153846154
0.3775938461538461
0.33545353846153847
0.24595753846153845
0.11724184615384614
-0.03442153846153846
-0.1635544615384615
-0.265776
-0.3210590769230769
-0.32898646153846156
-0.3035353846153846
-0.22196676923076922
-0.116616
0.008761846153846153
0.13226215384615383
0.20819815384615384
0.2507556923076923
0.25117292307692307
0.22655630769230767
0.19150892307692308
0.13101046153846155
0.06133292307692308
-0.011265230769230769
-0.06654830769230768
-0.08845292307692308
-0.09053907692307692
-0.08323753846153846
-0.07969107692307692
-0.07739630769230768
-0.06300184615384616
-0.03838523076923077
-0.012516923076923077
0.010639384615384617
0.025033846153846153
0.04401784615384615
0.07051199999999999
0.09554584615384615
0.11911938461538461
0.12120553846153845
0.09930092307692308
0.06216738461538462
0.022947692307692308
-0.009596307692307692
-0.045895384615384616
-0.08115138461538463
-0.10785415384615385
-0.12704676923076924
-0.12934153846153845
-0.12016246153846154
-0.10514215384615383
-0.09387692307692307
-0.08866153846153846
-0.073224
-0.05298830769230769
-0.026494153846153844
-0.0033378461538461535
0.014811692307692307
0.027745846153846152
0.03713353846153846
0.037967999999999995
0.016480615384615385
-0.026911384615384615
-0.08428061538461538
-0.13226215384615383
-0.16021661538461537
-0.15687876923076924
-0.13893784615384613
-0.11181784615384616
-0.07134646153846153
-0.02545107692307692
0.03337846153846154
0.0880356923076923
0.12120553846153845
0.13434830769230768
0.13372246153846154
0.12579507692307693
0.10931446153846153
0.08469784615384615
0.05444861538461539
0.01814953846153846
-0.015437538461538461
-0.042557538461538466
-0.06070707692307692
-0.06633969230769231
-0.07468430769230769
-0.08094276923076923
-0.07301538461538462
-0.05194523076923077
-0.020652923076923076
-0.0012516923076923076
0.006049846153846154
-0.0008344615384615384
-0.008344615384615384
0.0016689230769230767
0.0070929230769230765
0.012099692307692308
0.012099692307692308
0.014394461538461538
0.023990769230769232
0.033169846153846154
0.049233230769230765
0.05319692307692307
0.059872615384615385
0.06362769230769232
0.05924676923076923
0.040262769230769234
-0.010013538461538461
-0.06988615384615385
-0.12329169230769231
-0.14415323076923076
-0.14957723076923077
-0.11202646153846153
-0.06154153846153846
0.01856676923076923
0.11578153846153846
0.25993476923076925
0.46583815384615385
0.44977476923076926
0.41618769230769226
0.34692738461538464
0.21654276923076923
0.17023015384615386
-0.05111076923076923
-0.22780799999999998
-0.42599261538461536
-0.5403138461538461
-0.4255753846153846
-0.368832
-0.20715507692307691
-0.10263876923076923
0.051319384615384614
0.3312812307692308
0.5008855384615384
0.7086664615384615
0.6974012307692307
0.5547083076923077
0.4349630769230769
0.19985353846153847
0.07197230769230768
-0.1151556923076923
-0.3079163076923077
-0.347136
-0.46729846153846155
-0.41389292307692305
-0.2503384615384615
-0.12204
0.11557292307692307
0.22697353846153845
0.3243969230769231
0.40575692307692307
0.39115384615384613
0.4378836923076923
0.3604873846153846
0.20277415384615383
0.045060923076923075
-0.103056
-0.13184492307692308
-0.19150892307692308
-0.26723630769230766
-0.3039526153846154
-0.34275507692307694
-0.2568055384615385
-0.14206707692307693
-0.059038153846153844
0.03275261538461539
0.051319384615384614
0.1070196923076923
0.18525046153846153
0.19296923076923078
0.22029784615384615
0.18379015384615385
0.12850707692307692
0.1358086153846154
0.11286092307692308
0.09930092307692308
0.03629907692307692
-0.06049846153846154
-0.13852061538461538
-0.22843384615384613
-0.2624381538461539
-0.26765353846153844
-0.222384
-0.14582215384615385
-0.09012184615384615
0.045895384615384616
0.17481969230769231
0.25242461538461536
0.3141747692307692
0.27328615384615385
0.20861538461538462
0.11536430769230768
-0.004589538461538461
-0.08448923076923077
-0.21612553846153845
-0.3137575384615385
-0.3373310769230769
-0.3342018461538461
-0.27412061538461535
-0.22154953846153846
-0.14123261538461537
-0.017523692307692306
0.08574092307692306
0.17273353846153844
0.20924123076923076
0.22780799999999998
0.2342750769230769
0.16292861538461537
0.07092923076923077
-0.04401784615384615
-0.16230276923076925
-0.22300984615384614
-0.2772498461538462
-0.26348123076923075
-0.17899199999999998
-0.09053907692307692
0.040679999999999994
0.13622584615384614
0.1948467692307692
0.2561796923076923
0.2705741538461538
0.26535876923076923
0.19964492307692308
0.08615815384615384
-0.021904615384615383
-0.11953661538461538
-0.1504116923076923
-0.1543753846153846
-0.14206707692307693
-0.10159569230769232
-0.06362769230769232
0.021696
0.11223507692307692
0.17502830769230768
0.21737723076923077
0.19735015384615384
0.1787833846153846
0.17669723076923077
0.15291507692307693
0.11202646153846153
0.031709538461538456
-0.037967999999999995
-0.053614153846153846
-0.048816000000000005
-0.021487384615384613
-0.0018775384615384615
0.003963692307692307
0.03108369230769231
0.06467076923076923
0.12204
0.17502830769230768
0.19046584615384615
0.18712800000000002
0.14519630769230768
0.10722830769230769
0.07364123076923076
0.025659692307692307
0.0002086153846153846
-0.04860738461538461
-0.08448923076923077
-0.08887015384615385
-0.08615815384615384
-0.047981538461538464
-0.03921969230769231
-0.05319692307692307
-0.048816000000000005
-0.037342153846153844
-0.004172307692307692
0.02482523076923077
0.03296123076923077
0.03921969230769231
0.04422646153846154
0.07364123076923076
0.11411261538461538
0.12642092307692307
0.11494707692307692
0.07134646153846153
0.02545107692307692
-0.017523692307692306
-0.06633969230769231
-0.10827138461538462
-0.15520984615384617
-0.17502830769230768
-0.16292861538461537
-0.1356
-0.08574092307692306
-0.02545107692307692
0.03024923076923077
0.08094276923076923
0.1356
0.1942209230769231
0.23531815384615382
0.23052
0.17398523076923075
0.08156861538461539
-0.024616615384615383
-0.13121907692307694
-0.22280123076923075
-0.29748553846153847
-0.3513083076923077
-0.35923569230769226
-0.31772123076923076
-0.22947692307692308
-0.12162276923076921
-0.02273907692307692
0.07614461538461538
0.1656406153846154
0.23218892307692307
0.2605606153846154
0.23135446153846154
0.14832553846153845
0.03838523076923077
-0.07489292307692308
-0.1858763076923077
-0.287472
-0.36778892307692307
-0.4109723076923077
-0.4145187692307692
-0.3684147692307692
-0.2705741538461538
-0.14039815384615384
-0.0006258461538461538
0.12350030769230769
0.22029784615384615
0.27286892307692306
0.2666104615384615
0.21508246153846153
0.12704676923076924
0.016897846153846156
-0.09930092307692308
-0.21195323076923075
-0.2868461538461538
-0.3206418461538461
-0.3141747692307692
-0.2643156923076923
-0.1913003076923077
-0.09429415384615383
0.010222153846153844
0.09950953846153845
0.16876984615384616
0.21299630769230768
0.23656984615384613
0.23656984615384613
0.21925476923076925
0.19505538461538463
0.16188553846153847
0.130176
0.09471138461538461
0.056326153846153845
0.02044430769230769
-0.013768615384615384
-0.03212676923076923
-0.03775938461538462
-0.03609046153846154
-0.023364923076923075
-0.015854769230769228
-0.006467076923076923
0.021278769230769233
0.06341907692307691
0.10952307692307692
0.14686523076923075
0.17565415384615385
0.1948467692307692
0.2075723076923077
0.20506892307692307
0.17628
0.12808984615384614
0.06696553846153847
-0.004172307692307692
-0.06300184615384616
-0.11140061538461538
-0.1424843076923077
-0.1353913846153846
-0.10785415384615385
-0.045895384615384616
0.03775938461538462
0.12350030769230769
0.2073636923076923
0.2695310769230769
0.3102110769230769
0.3294036923076923
0.31250584615384613
0.25701415384615384
0.1787833846153846
0.084072
-0.014603076923076923
-0.10389046153846154
-0.17315076923076922
-0.21904615384615383
-0.22989415384615383
-0.19338646153846153
-0.12016246153846154
-0.029623384615384614
0.05194523076923077
0.10868861538461538
0.13664307692307692
0.13497415384615385
0.10827138461538462
0.06300184615384616
-0.0022947692307692304
-0.07238953846153846
-0.12913292307692306
-0.1710646153846154
-0.1779489230769231
-0.15667015384615385
-0.12162276923076921
-0.07656184615384615
-0.041514461538461535
-0.003963692307692307
0.03567323076923076
0.05298830769230769
0.038176615384615385
-0.004172307692307692
-0.04860738461538461
-0.08386338461538462
-0.116616
-0.13080184615384613
-0.1287156923076923
-0.11306953846153844
-0.06821723076923077
-0.005215384615384615
0.07510153846153846
0.14874276923076923
0.1873366153846154
0.20027076923076922
0.19150892307692308
0.15813046153846153
0.09575446153846154
0.0018775384615384615
-0.0961716923076923
-0.17231630769230769
-0.22196676923076922
-0.23072861538461537
-0.2073636923076923
-0.1612596923076923
-0.09554584615384615
-0.010222153846153844
0.0934596923076923
0.1908830769230769
0.26869661538461537
0.30562153846153844
0.30061476923076924
0.26306399999999996
0.19192615384615386
0.10263876923076923
0.005841230769230769
-0.08386338461538462
-0.15750461538461538
-0.20381723076923075
-0.20819815384615384
-0.1712732307692308
-0.11891076923076922
-0.054657230769230764
0.02232184615384615
0.10138707692307691
0.17523692307692307
0.21925476923076925
0.2411593846153846
0.22864246153846152
0.1923433846153846
0.14999446153846155
0.09450276923076922
0.03838523076923077
-0.02795446153846154
-0.08782707692307692
-0.13184492307692308
-0.15667015384615385
-0.16105107692307694
-0.16021661538461537
-0.138312
-0.09012184615384615
-0.03296123076923077
0.026494153846153844
0.078648
0.12162276923076921
0.15604430769230768
0.17398523076923075
0.19004861538461537
0.19735015384615384
0.1792006153846154
0.13852061538461538
0.07635323076923077
0.012934153846153845
-0.043392
-0.09074769230769231
-0.12016246153846154
-0.14164984615384615
-0.1476996923076923
-0.124752
-0.0717636923076923
-0.0012516923076923076
0.06592246153846154
0.12913292307692306
0.1860849230769231
0.2261390769230769
0.24720923076923076
0.23677846153846152
0.19380369230769232
0.13059323076923077
0.05236246153846154
-0.03588184615384615
-0.13351384615384615
-0.22864246153846152
-0.3077076923076923
-0.35568923076923076
-0.3588184615384616
-0.3114627692307692
-0.22467876923076924
-0.12037107692307693
-0.0043809230769230765
0.11202646153846153
0.21737723076923077
0.2993630769230769
0.3310726153846154
0.30666461538461537
0.2330233846153846
0.12662953846153846
0.018775384615384614
-0.08302892307692307
-0.1721076923076923
-0.2507556923076923
-0.3004061538461538
-0.30416123076923074
-0.25805723076923076
-0.16605784615384614
-0.05820369230769231
0.06195876923076923
0.1710646153846154
0.2586830769230769
0.3243969230769231
0.33941723076923075
0.3081249230769231
0.233232
0.13309661538461537
0.03921969230769231
-0.05048492307692308
-0.12099692307692309
-0.16584923076923075
-0.1867107692307692
-0.1693956923076923
-0.12162276923076921
-0.051528
0.026702769230769228
0.0961716923076923
0.15520984615384617
0.1977673846153846
0.22426153846153846
0.22843384615384613
0.2059033846153846
0.16501476923076921
0.111192
0.06070707692307692
0.016897846153846156
-0.017732307692307693
-0.052153846153846155
-0.07280676923076923
-0.08156861538461539
-0.08031692307692308
-0.06362769230769232
-0.059872615384615385
-0.05611753846153846
-0.07635323076923077
-0.10889723076923077
-0.1504116923076923
-0.20193969230769232
-0.26222953846153846
-0.2912270769230769
-0.23218892307692307
-0.13852061538461538
0.015020307692307692
0.16334584615384617
0.31688676923076925
0.4789809230769231
0.5839144615384615
0.6583901538461538
0.5989347692307692
0.46729846153846155
0.25993476923076925
0.014185846153846153
-0.18796246153846152
-0.39344861538461534
-0.4958787692307692
-0.551579076923077
-0.514236923076923
-0.34963938461538463
-0.15124615384615384
0.10952307692307692
0.3344104615384615
0.4917064615384615
0.5743181538461538
0.536976
0.4170221538461538
0.22864246153846152
-0.019609846153846155
-0.29331323076923077
-0.5350984615384615
-0.666108923076923
-0.6575556923076923
-0.5340553846153846
-0.33065538461538463
-0.1205796923076923
0.08386338461538462
0.25346769230769234
0.3550633846153846
0.3767593846153846
0.27182584615384614
0.1151556923076923
-0.04109723076923077
-0.16710092307692306
-0.22342707692307692
-0.2478350769230769
-0.24095076923076922
-0.21174461538461536
-0.1733593846153846
-0.12266584615384615
-0.07781353846153846
-0.04944184615384615
-0.03984553846153846
-0.04318338461538461
-0.05716061538461538
-0.07197230769230768
-0.0936683076923077
-0.11974523076923077
-0.13789476923076924
-0.13872923076923074
-0.0974233846153846
-0.008344615384615384
0.12433476923076923
0.2532590769230769
0.34630153846153844
0.376968
0.33023815384615385
0.23886461538461537
0.0880356923076923
-0.10055261538461538
-0.2712
-0.38927630769230764
-0.4163963076923077
-0.3467187692307692
-0.21174461538461536
-0.03609046153846154
0.14811692307692306
0.32085046153846153
0.4645864615384615
0.5340553846153846
0.520704
0.4276615384615384
0.2920615384615385
0.13706030769230768
-0.016480615384615385
-0.13852061538461538
-0.23072861538461537
-0.2638984615384615
-0.24616615384615384
-0.18545907692307692
-0.07301538461538462
0.06341907692307691
0.20110523076923076
0.3239796923076923
0.40012430769230767
0.4287046153846154
0.40846892307692306
0.31626092307692305
0.1794092307692308
0.021070153846153846
-0.12245723076923076
-0.21612553846153845
-0.25972615384615383
-0.249504
-0.1940123076923077
-0.09283384615384616
0.03713353846153846
0.15833907692307692
0.24428861538461538
0.2724516923076923
0.24199384615384617
0.17419384615384614
0.08657538461538461
-0.006675692307692307
-0.09679753846153846
-0.18107815384615383
-0.22864246153846152
-0.23490092307692306
-0.19317784615384614
-0.103056
-0.010848
0.07197230769230768
0.13852061538461538
0.1733593846153846
0.1775316923076923
0.14749107692307692
0.07614461538461538
-0.027328615384615382
-0.14144123076923076
-0.23052
-0.28788923076923073
-0.30895938461538464
-0.28413415384615387
-0.22843384615384613
-0.12725538461538463
-0.012516923076923077
0.10013538461538461
0.20235692307692305
0.2482523076923077
0.2482523076923077
0.1869193846153846
0.08344615384615384
-0.02232184615384615
-0.1422756923076923
-0.25367630769230765
-0.3316984615384615
-0.36778892307692307
-0.3448412307692308
-0.26723630769230766
-0.1639716923076923
-0.04214030769230769
0.08115138461538463
0.18983999999999998
0.26681907692307694
0.2966510769230769
0.2862203076923077
0.22864246153846152
0.15145476923076923
0.07531015384615385
0.014394461538461538
-0.016897846153846156
-0.03567323076923076
-0.02545107692307692
0.003963692307692307
0.042557538461538466
0.0826116923076923
0.10055261538461538
0.10827138461538462
0.09387692307692307
0.06154153846153846
0.023364923076923075
-0.017315076923076923
-0.042348923076923076
-0.052571076923076915
-0.042974769230769226
-0.014394461538461538
0.040262769230769234
0.11202646153846153
0.18525046153846153
0.25471938461538457
0.30708184615384615
0.3214763076923077
0.2814221538461538
0.20944984615384615
0.10597661538461538
-0.005841230769230769
-0.10889723076923077
-0.18483323076923078
-0.20444307692307692
-0.1883796923076923
-0.11703323076923078
-0.002712
0.127464
0.25555384615384613
0.3442153846153846
0.3819747692307692
0.36445107692307693
0.3016578461538461
0.20673784615384616
0.084072
-0.051528
-0.18107815384615383
-0.2789187692307692
-0.32731753846153844
-0.3252313846153846
-0.2716172307692308
-0.18316430769230768
-0.07405846153846153
0.05173661538461538
0.16209415384615386
0.2292683076923077
0.24574892307692306
0.1977673846153846
0.10389046153846154
-0.018775384615384614
-0.15187199999999998
-0.2751636923076923
-0.3815575384615385
-0.4418473846153846
-0.4326683076923077
-0.3615304615384615
-0.25471938461538457
-0.12955015384615384
-0.011265230769230769
0.08428061538461538
0.15395815384615386
0.1977673846153846
0.20548615384615385
0.17440246153846153
0.1207883076923077
0.05382276923076923
-0.0043809230769230765
-0.04756430769230769
-0.07677046153846154
-0.08720123076923077
-0.08991323076923076
-0.07948246153846153
-0.05111076923076923
-0.014185846153846153
0.021487384615384613
0.042974769230769226
0.037967999999999995
0.015437538461538461
-0.01272553846153846
-0.04568676923076923
-0.07426707692307692
-0.10430769230769231
-0.12204
-0.10868861538461538
-0.06633969230769231
0.003963692307692307
0.07551876923076924
0.1287156923076923
0.1635544615384615
0.17732307692307692
0.17085599999999998
0.13914646153846155
0.08699261538461538
0.024616615384615383
-0.03650769230769231
-0.08010830769230769
-0.09971815384615385
-0.0974233846153846
-0.0771876923076923
-0.03650769230769231
0.019609846153846155
0.0826116923076923
0.13789476923076924
0.1733593846153846
0.1794092307692308
0.16105107692307694
0.13267938461538462
0.09408553846153846
0.05090215384615384
0.0025033846153846152
-0.042348923076923076
-0.07635323076923077
-0.09825784615384614
-0.09491999999999999
-0.07843938461538462
-0.06154153846153846
-0.051528
-0.045895384615384616
-0.031709538461538456
-0.01272553846153846
0.006675692307692307
0.013142769230769229
0.01272553846153846
0.010013538461538461
0.008970461538461538
0.013768615384615384
0.0035464615384615383
-0.019192615384615384
-0.04902461538461538
-0.0717636923076923
-0.08073415384615384
-0.09450276923076922
-0.10952307692307692
-0.1287156923076923
-0.14686523076923075
-0.14582215384615385
-0.12955015384615384
-0.10076123076923077
-0.06633969230769231
-0.027745846153846152
0.01272553846153846
0.05319692307692307
0.08448923076923077
0.08302892307692307
0.04902461538461538
-0.0077187692307692304
-0.07218092307692307
-0.12662953846153846
-0.16251138461538459
-0.18337292307692307
-0.18191261538461537
-0.15833907692307692
-0.11411261538461538
-0.044435076923076924
0.040262769230769234
0.12808984615384614
0.19213476923076922
0.23010276923076922
0.24491446153846153
0.2369870769230769
0.21341353846153846
0.16063384615384615
0.09179076923076923
0.014185846153846153
-0.04965046153846154
-0.07489292307692308
-0.07593599999999999
-0.05507446153846154
-0.020652923076923076
0.03880246153846154
0.12412615384615384
0.20715507692307691
0.26869661538461537
0.2926873846153846
0.2822566153846154
0.24053353846153847
0.17565415384615385
0.100344
0.016897846153846156
-0.06341907692307691
-0.12120553846153845
-0.14603076923076924
-0.12955015384615384
-0.08720123076923077
-0.026076923076923077
0.04547815384615384
0.1070196923076923
0.15959076923076923
0.19004861538461537
0.1923433846153846
0.15792184615384616
0.09471138461538461
0.023782153846153845
-0.04401784615384615
-0.08991323076923076
-0.1205796923076923
-0.14582215384615385
-0.15500123076923078
-0.14311015384615386
-0.11160923076923077
-0.05924676923076923
-0.007927384615384614
0.035464615384615386
0.06592246153846154
0.08094276923076923
0.10263876923076923
0.11828492307692307
0.10806276923076923
0.07885661538461539
0.04547815384615384
0.021070153846153846
-0.0004172307692307692
-0.021904615384615383
-0.04422646153846154
-0.06300184615384616
-0.06717415384615384
-0.065088
-0.06008123076923077
-0.055491692307692304
-0.054657230769230764
-0.051319384615384614
-0.0448523076923077
-0.03129230769230769
-0.013142769230769229
0.0016689230769230767
0.010013538461538461
0.023364923076923075
0.03921969230769231
0.049233230769230765
0.050067692307692306
0.03880246153846154
0.018983999999999997
-0.0006258461538461538
-0.003129230769230769
0.006258461538461538
0.015020307692307692
0.024408000000000003
0.03504738461538461
0.06133292307692308
0.100344
0.13330523076923076
0.15875630769230767
0.165432
0.14916
0.11849353846153846
0.08615815384615384
0.040054153846153843
-0.018983999999999997
-0.07697907692307693
-0.11745046153846153
-0.12120553846153845
-0.10389046153846154
-0.06696553846153847
-0.009804923076923077
0.05298830769230769
0.11911938461538461
0.17377661538461536
0.2090326153846154
0.21988061538461537
0.18086953846153844
0.11953661538461538
0.055491692307692304
0.007510153846153846
-0.01668923076923077
-0.035255999999999996
-0.025033846153846153
0.008970461538461538
0.06028984615384615
0.12287446153846153
0.16480615384615382
0.18358153846153846
0.1787833846153846
0.15646153846153846
0.1314276923076923
0.09387692307692307
0.053405538461538456
0.003129230769230769
-0.04380923076923077
-0.06279323076923077
-0.06988615384615385
-0.06592246153846154
-0.06467076923076923
-0.05820369230769231
-0.04756430769230769
-0.035464615384615386
-0.012099692307692308
0.003963692307692307
0.012934153846153845
0.011682461538461537
-0.008136
-0.03129230769230769
-0.05173661538461538
-0.06884307692307692
-0.08907876923076924
-0.11911938461538461
-0.12496061538461539
-0.13998092307692306
-0.16501476923076921
-0.14519630769230768
-0.12162276923076921
-0.06717415384615384
0.008344615384615384
0.09554584615384615
0.20527753846153846
0.2906012307692308
0.36632861538461536
0.38948492307692306
0.41076369230769233
0.4086775384615385
0.29644246153846154
0.16021661538461537
0.042348923076923076
-0.10389046153846154
-0.23406646153846156
-0.3412947692307692
-0.4322510769230769
-0.43579753846153846
-0.38531261538461536
-0.23093723076923076
-0.05674338461538461
0.10201292307692307
0.2655673846153846
0.3452584615384615
0.42328061538461537
0.4080516923076923
0.30854215384615385
0.16772676923076923
-0.05319692307692307
-0.20027076923076922
-0.32836061538461536
-0.41431015384615383
-0.41618769230769226
-0.39866399999999996
-0.2920615384615385
-0.18149538461538461
-0.049233230769230765
0.12308307692307692
0.20798953846153845
0.26076923076923075
0.2774584615384615
0.23615261538461538
0.20027076923076922
0.1287156923076923
0.07051199999999999
0.009179076923076922
-0.0936683076923077
-0.15646153846153846
-0.19359507692307693
-0.19067446153846154
-0.18232984615384615
-0.200688
-0.1881710769230769
-0.16230276923076925
-0.11140061538461538
-0.040262769230769234
-0.006258461538461538
0.04172307692307692
0.08615815384615384
0.1341396923076923
0.2138307692307692
0.24512307692307692
0.26306399999999996
0.2411593846153846
0.1785747692307692
0.12767261538461538
0.03775938461538462
-0.06613107692307692
-0.16793538461538463
-0.26118646153846153
-0.30562153846153844
-0.31354892307692306
-0.25805723076923076
-0.14164984615384615
0.003755076923076923
0.1691870769230769
0.2993630769230769
0.41076369230769233
0.47689476923076923
0.444768
0.3548547692307692
0.19735015384615384
0.01272553846153846
-0.16167692307692308
-0.3275261538461538
-0.43642338461538455
-0.5100646153846153
-0.5215384615384615
-0.441012923076923
-0.31918153846153846
-0.15750461538461538
0.008761846153846153
0.157296
0.2851772307692308
0.3483876923076923
0.35047384615384614
0.29101846153846156
0.19171753846153847
0.08052553846153847
-0.05319692307692307
-0.17419384615384614
-0.2618123076923077
-0.3079163076923077
-0.2899753846153846
-0.2342750769230769
-0.15333230769230768
-0.042348923076923076
0.05069353846153846
0.11807630769230769
0.15792184615384616
0.1570873846153846
0.14749107692307692
0.119328
0.08094276923076923
0.047772923076923074
0.010013538461538461
-0.010848
-0.021904615384615383
-0.03483876923076923
-0.044435076923076924
-0.06028984615384615
-0.07259815384615384
-0.08031692307692308
-0.08344615384615384
-0.08907876923076924
-0.1097316923076923
-0.12329169230769231
-0.12955015384615384
-0.11390399999999999
-0.05945538461538461
-0.004798153846153846
0.04756430769230769
0.10096984615384616
0.14081538461538462
0.1785747692307692
0.19192615384615386
0.17273353846153844
0.12934153846153845
0.061750153846153844
0.0
-0.06675692307692307
-0.13101046153846155
-0.17648861538461538
-0.20402584615384614
-0.19192615384615386
-0.14853415384615384
-0.07593599999999999
0.013560000000000001
0.09512861538461538
0.1637630769230769
0.20131384615384615
0.20715507692307691
0.1992276923076923
0.16251138461538459
0.10347323076923076
0.03421292307692308
-0.04902461538461538
-0.10347323076923076
-0.138312
-0.15228923076923076
-0.13872923076923074
-0.11348676923076922
-0.05945538461538461
-0.0012516923076923076
0.05611753846153846
0.10076123076923077
0.11202646153846153
0.1045163076923077
0.08344615384615384
0.05111076923076923
0.017523692307692306
-0.02357353846153846
-0.05736923076923077
-0.06446215384615385
-0.046104
0.0006258461538461538
0.047981538461538464
0.09429415384615383
0.1353913846153846
0.15124615384615384
0.1476996923076923
0.12496061538461539
0.08219446153846154
0.022947692307692308
-0.042557538461538466
-0.10138707692307691
-0.1397723076923077
-0.1612596923076923
-0.16188553846153847
-0.1353913846153846
-0.0936683076923077
-0.031709538461538456
0.04547815384615384
0.12329169230769231
0.18086953846153844
0.1994363076923077
0.19067446153846154
0.16584923076923075
0.13518276923076925
0.09283384615384616
0.03233538461538461
-0.02315630769230769
-0.06467076923076923
-0.08073415384615384
-0.06654830769230768
-0.04380923076923077
-0.006467076923076923
0.03692492307692308
0.07906523076923076
0.1207883076923077
0.14394461538461537
0.1506203076923077
0.1314276923076923
0.09763200000000001
0.05736923076923077
0.016480615384615385
-0.024199384615384616
-0.06905169230769231
-0.09471138461538461
-0.1045163076923077
-0.0936683076923077
-0.07280676923076923
-0.049233230769230765
-0.021070153846153846
-0.004172307692307692
0.004798153846153846
0.010848
0.007510153846153846
-0.0012516923076923076
-0.01397723076923077
-0.02211323076923077
-0.012934153846153845
0.01940123076923077
0.0717636923076923
0.11745046153846153
0.15354092307692307
0.17461107692307692
0.1794092307692308
0.16313723076923078
0.119328
0.05444861538461539
-0.023990769230769232
-0.0855323076923077
-0.127464
-0.14749107692307692
-0.130176
-0.0892873846153846
-0.027745846153846152
0.053614153846153846
0.14164984615384615
0.22530461538461538
0.2814221538461538
0.3004061538461538
0.28017046153846153
0.225096
0.13893784615384613
0.02211323076923077
-0.10514215384615383
-0.22551323076923077
-0.31897292307692304
-0.3738387692307692
-0.3826006153846154
-0.3327415384615385
-0.24303692307692307
-0.12037107692307693
0.022947692307692308
0.16251138461538459
0.28267384615384616
0.35318584615384613
0.36299076923076923
0.3248141538461538
0.2509643076923077
0.1570873846153846
0.04965046153846154
-0.065088
-0.15938215384615384
-0.21821169230769227
-0.2355267692307692
-0.20944984615384615
-0.15833907692307692
-0.09450276923076922
-0.017523692307692306
0.06446215384615385
0.13393107692307693
0.17711446153846155
0.1858763076923077
0.16313723076923078
0.12141415384615384
0.06967753846153846
0.011473846153846154
-0.03921969230769231
-0.07551876923076924
-0.10368184615384615
-0.10430769230769231
-0.084072
-0.054657230769230764
-0.017523692307692306
0.0029206153846153843
0.015020307692307692
0.015228923076923076
0.005841230769230769
0.0035464615384615383
-0.003755076923076923
-0.010013538461538461
-0.010848
-0.0035464615384615383
0.023364923076923075
0.05674338461538461
0.09304246153846155
0.12537784615384615
0.15082892307692305
0.17523692307692307
0.17586276923076924
0.15208061538461537
0.100344
0.02545107692307692
-0.044435076923076924
-0.10430769230769231
-0.14832553846153845
-0.17398523076923075
-0.18170399999999998
-0.15667015384615385
-0.09241661538461539
-0.0035464615384615383
0.09658892307692307
0.19150892307692308
0.2730775384615384
0.33295015384615384
0.3538116923076923
0.33357600000000004
0.2641070769230769
0.15667015384615385
0.030040615384615384
-0.09596307692307693
-0.18775384615384613
-0.24741784615384615
-0.2722430769230769
-0.2526332307692308
-0.19046584615384615
-0.084072
0.042348923076923076
0.16981292307692308
0.28204799999999997
0.3485963076923077
0.3675803076923077
0.3460929230769231
0.28663753846153844
0.1923433846153846
0.06341907692307691
-0.06946892307692307
-0.184416
-0.2670276923076923
-0.3077076923076923
-0.32585723076923073
-0.3133403076923077
-0.2749550769230769
-0.2075723076923077
-0.10910584615384614
-0.01043076923076923
0.07635323076923077
0.13393107692307693
0.16501476923076921
0.17961784615384613
0.1637630769230769
0.12266584615384615
0.059872615384615385
-0.01397723076923077
-0.07343261538461537
-0.11578153846153846
-0.12913292307692306
-0.11995384615384615
-0.10597661538461538
-0.06613107692307692
-0.02023569230769231
0.027745846153846152
0.08094276923076923
0.10889723076923077
0.12266584615384615
0.11953661538461538
0.11390399999999999
0.12329169230769231
0.12099692307692309
0.1136953846153846
0.0988836923076923
0.06633969230769231
0.03442153846153846
-0.0012516923076923076
-0.03713353846153846
-0.08156861538461539
-0.12537784615384615
-0.14436184615384615
-0.1424843076923077
-0.12016246153846154
-0.0892873846153846
-0.06008123076923077
-0.03567323076923076
-0.007301538461538462
0.02357353846153846
0.04819015384615385
0.042974769230769226
0.008344615384615384
-0.03713353846153846
-0.07697907692307693
-0.09950953846153845
-0.12245723076923076
-0.12454338461538461
-0.11411261538461538
-0.08699261538461538
-0.03421292307692308
0.015854769230769228
0.06467076923076923
0.0934596923076923
0.09679753846153846
0.09095630769230768
0.07009476923076922
0.03838523076923077
-0.0043809230769230765
-0.05298830769230769
-0.09053907692307692
-0.11473846153846154
-0.1045163076923077
-0.07259815384615384
-0.03400430769230769
0.007301538461538462
0.040679999999999994
0.08699261538461538
0.13101046153846155
0.15792184615384616
0.16021661538461537
0.11870215384615385
0.05111076923076923
-0.027745846153846152
-0.10722830769230769
-0.18191261538461537
-0.2526332307692308
-0.2926873846153846
-0.2851772307692308
-0.235944
-0.13914646153846155
-0.026702769230769228
0.07656184615384615
0.17169046153846151
0.23385784615384617
0.2716172307692308
0.27871015384615383
0.22968553846153844
0.13601723076923075
0.020027076923076922
-0.09179076923076923
-0.17565415384615385
-0.23615261538461538
-0.2749550769230769
-0.3049956923076923
-0.32043323076923075
-0.30144923076923075
-0.27474646153846155
-0.22655630769230767
-0.19547261538461536
-0.16710092307692306
-0.111192
-0.03108369230769231
0.1358086153846154
0.3775938461538461
0.584748923076923
0.7407932307692308
0.8857809230769231
0.973608
1.028473846153846
0.9310504615384615
0.6619366153846153
0.26681907692307694
-0.2225926153846154
-0.6406578461538461
-1.0222153846153845
-1.2957101538461537
-1.457387076923077
-1.457387076923077
-1.1582326153846154
-0.6732018461538462
-0.002086153846153846
0.6834239999999999
1.26108
1.728169846153846
1.927188923076923
1.8984
1.5873544615384616
0.9846646153846154
0.2647329230769231
-0.5424
-1.2777692307692308
-1.7874166153846154
-2.085110769230769
-2.066126769230769
-1.7863735384615382
-1.3117735384615383
-0.6565126153846153
0.03504738461538461
0.7341175384615384
1.2965446153846154
1.6253224615384616
1.7377661538461537
1.601748923076923
1.2927895384615384
0.8313323076923077
0.25430215384615384
-0.3314898461538462
-0.892248
-1.3086443076923076
-1.5249784615384614
-1.5856855384615385
-1.4459132307692308
-1.1638652307692308
-0.766452923076923
-0.2722430769230769
0.2056947692307692
0.6448301538461538
0.9917575384615384
1.2083003076923078
1.3280455384615384
1.3130252307692305
1.1626135384615384
0.9055993846153846
0.5601323076923077
0.17628
-0.23177169230769232
-0.6241772307692307
-0.9625513846153846
-1.2168535384615384
-1.3411883076923077
-1.333260923076923
-1.1526
-0.7987883076923077
-0.32982092307692307
0.23907323076923076
0.8090104615384615
1.3069753846153844
1.6720523076923077
1.8151624615384616
1.7371403076923078
1.4106572307692309
0.8864067692307692
0.2680707692307692
-0.3896935384615384
-0.9944695384615384
-1.4903483076923074
-1.8082781538461539
-1.8742006153846151
-1.6899932307692307
-1.2731796923076923
-0.694272
-0.015228923076923076
0.7084578461538462
1.343483076923077
1.8178744615384614
2.0613286153846153
2.0008301538461537
1.6856123076923075
1.1551033846153846
0.49045476923076925
-0.1992276923076923
-0.8557403076923077
-1.3683083076923077
-1.6870726153846154
-1.7874166153846154
-1.6345015384615385
-1.266504
-0.7337003076923077
-0.12642092307692307
0.4681329230769231
0.9752769230769229
1.317406153846154
1.4853415384615385
1.4578043076923077
1.2471027692307692
0.898715076923077
0.4456024615384615
-0.01940123076923077
-0.43976123076923074
-0.7739630769230769
-0.9746510769230768
-1.0524646153846153
-1.008864
-0.8436406153846153
-0.6001864615384616
-0.31041969230769234
-0.012934153846153845
0.2578486153846154
0.4985907692307692
0.6817550769230768
0.7902350769230769
0.8225704615384615
0.7641581538461538
0.6304356923076923
0.4539470769230769
0.25451076923076926
0.059664
-0.12516923076923075
-0.29331323076923077
-0.4487316923076923
-0.5837058461538461
-0.6665261538461538
-0.696984
-0.6475421538461539
-0.5353070769230769
-0.38343507692307693
-0.18170399999999998
0.049233230769230765
0.31083692307692307
0.5713975384615384
0.775632
0.8920393846153846
0.9033046153846154
0.8094276923076922
0.6300184615384615
0.38280923076923074
0.07885661538461539
-0.2503384615384615
-0.5530393846153846
-0.7745889230769232
-0.8889101538461538
-0.8797310769230768
-0.7629064615384615
-0.5674338461538462
-0.30416123076923074
-0.010013538461538461
0.28934953846153844
0.5488670769230769
0.7178455384615384
0.7837679999999999
0.7374553846153846
0.5985175384615384
0.4115981538461538
0.19463815384615382
-0.03713353846153846
-0.25555384615384613
-0.4268270769230769
-0.5167403076923076
-0.5173661538461538
-0.45332123076923075
-0.3594443076923077
-0.25430215384615384
-0.14665661538461539
-0.040679999999999994
0.05507446153846154
0.10806276923076923
0.11202646153846153
0.092208
0.07614461538461538
0.08115138461538463
0.10576799999999999
0.13226215384615383
0.1543753846153846
0.16730953846153845
0.16209415384615386
0.14477907692307693
0.09137353846153846
-0.007301538461538462
-0.13622584615384614
-0.2712
-0.37321292307692305
-0.4262012307692308
-0.4163963076923077
-0.3452584615384615
-0.22530461538461538
-0.06216738461538462
0.13101046153846155
0.33524492307692305
0.5038061538461538
0.587460923076923
0.5820369230769231
0.4750172307692308
0.29080984615384614
0.07468430769230769
-0.168144
-0.39908123076923074
-0.5910073846153846
-0.7059544615384615
-0.6978184615384615
-0.5914246153846153
-0.4042966153846154
-0.1712732307692308
0.07760492307692309
0.3310726153846154
0.5392707692307692
0.6844670769230768
0.725772923076923
0.6523403076923077
0.5013027692307692
0.29602523076923076
0.08365476923076923
-0.11891076923076922
-0.29414769230769233
-0.4022104615384615
-0.43934399999999996
-0.3994984615384615
-0.2920615384615385
-0.16042523076923076
-0.016897846153846156
0.10952307692307692
0.19881046153846152
0.2532590769230769
0.2540935384615385
0.2157083076923077
0.154584
0.08740984615384616
0.04172307692307692
0.02795446153846154
0.04047138461538462
0.06341907692307691
0.08761846153846153
0.103056
0.11098338461538461
0.10430769230769231
0.07551876923076924
0.01981846153846154
-0.04944184615384615
-0.11223507692307692
-0.15395815384615386
-0.15124615384615384
-0.116616
-0.049233230769230765
0.03859384615384615
0.13226215384615383
0.2399076923076923
0.31083692307692307
0.3323243076923077
0.3095852307692307
0.2303113846153846
0.12788123076923075
0.016063384615384615
-0.09784061538461537
-0.1990190769230769
-0.27704123076923076
-0.30666461538461537
-0.2853858461538461
-0.21862892307692305
-0.11494707692307692
-0.006675692307692307
0.09700615384615385
0.18545907692307692
0.24199384615384617
0.2695310769230769
0.23969907692307693
0.16292861538461537
0.058829538461538454
-0.059872615384615385
-0.1558356923076923
-0.23385784615384617
-0.28204799999999997
-0.2899753846153846
-0.2624381538461539
-0.19442953846153843
-0.10117846153846152
0.001043076923076923
0.08240307692307691
0.12329169230769231
0.14039815384615384
0.12308307692307692
0.08156861538461539
0.016897846153846156
-0.07572738461538461
-0.15750461538461538
-0.21529107692307692
-0.23928184615384615
-0.22801661538461537
-0.19588984615384614
-0.13518276923076925
-0.05048492307692308
0.02524246153846154
0.1045163076923077
0.15938215384615384
0.16626646153846153
0.13038461538461538
0.03838523076923077
-0.05069353846153846
-0.1435273846153846
-0.2371956923076923
-0.30144923076923075
-0.3316984615384615
-0.29832
-0.2154996923076923
-0.08949599999999999
0.05173661538461538
0.1775316923076923
0.2860116923076923
0.3659113846153846
0.40450523076923073
0.3896935384615384
0.30854215384615385
0.17523692307692307
0.026285538461538457
-0.12120553846153845
-0.23344061538461539
-0.317304
-0.36570276923076916
-0.34963938461538463
-0.2799618461538461
-0.14144123076923076
0.029832
0.20360861538461536
0.35047384615384614
0.4443507692307692
0.5054750769230769
0.5167403076923076
0.469176
0.34943076923076927
0.17961784615384613
0.010013538461538461
-0.14436184615384615
-0.26494153846153845
-0.3319070769230769
-0.35694092307692304
-0.34338092307692303
-0.28934953846153844
-0.20486030769230767
-0.0855323076923077
0.03150092307692308
0.12204
0.19046584615384615
0.23364923076923078
0.26535876923076923
0.2697396923076923
0.25200738461538463
0.21925476923076925
0.16876984615384616
0.1178676923076923
0.06404492307692307
0.006049846153846154
-0.06592246153846154
-0.14832553846153845
-0.21466523076923077
-0.24408
-0.2371956923076923
-0.20319138461538463
-0.14707384615384617
-0.0717636923076923
0.023364923076923075
0.12683815384615382
0.22864246153846152
0.306456
0.3425464615384616
0.3321156923076923
0.2851772307692308
0.21508246153846153
0.11432123076923076
-0.011056615384615385
-0.14394461538461537
-0.25951753846153847
-0.3373310769230769
-0.3721698461538462
-0.3577753846153846
-0.3095852307692307
-0.22801661538461537
-0.10743692307692307
0.03671630769230769
0.18545907692307692
0.3079163076923077
0.38030584615384616
0.3919883076923077
0.3421292307692308
0.24637476923076923
0.11724184615384614
-0.029623384615384614
-0.16626646153846153
-0.26723630769230766
-0.3187643076923077
-0.31918153846153846
-0.2705741538461538
-0.18212123076923076
-0.07593599999999999
0.031709538461538456
0.13476553846153844
0.21132738461538458
0.2411593846153846
0.21466523076923077
0.15187199999999998
0.08448923076923077
0.024199384615384616
-0.010013538461538461
-0.023990769230769232
-0.02357353846153846
0.0
0.042348923076923076
0.09408553846153846
0.13914646153846155
0.15479261538461536
0.1368516923076923
0.09554584615384615
0.04819015384615385
-0.0018775384615384615
-0.061750153846153844
-0.11974523076923077
-0.17169046153846151
-0.19672430769230767
-0.18086953846153844
-0.12621230769230768
-0.049233230769230765
0.022947692307692308
0.09241661538461539
0.15500123076923078
0.20110523076923076
0.2154996923076923
0.1842073846153846
0.09554584615384615
-0.02482523076923077
-0.15208061538461537
-0.2651501538461538
-0.35276861538461535
-0.40325353846153844
-0.39866399999999996
-0.34630153846153844
-0.235944
-0.12412615384615384
-0.0006258461538461538
0.11473846153846154
0.1858763076923077
0.24428861538461538
0.2574313846153846
0.2374043076923077
0.1977673846153846
0.1435273846153846
0.10889723076923077
0.14582215384615385
0.12016246153846154
-0.0008344615384615384
-0.03379569230769231
-0.08240307692307691
-0.03650769230769231
0.055491692307692304
-0.05069353846153846
-0.10055261538461538
-0.14582215384615385
-0.09304246153846155
0.06800861538461538
0.1136953846153846
0.15833907692307692
0.1353913846153846
0.21737723076923077
0.3659113846153846
0.43976123076923074
0.4577021538461538
0.2807963076923077
0.14561353846153846
0.03963692307692308
-0.08866153846153846
-0.12767261538461538
-0.27975323076923075
-0.3550633846153846
-0.3554806153846154
-0.37655076923076924
-0.19839323076923077
-0.0609156923076923
0.06717415384615384
0.24491446153846153
0.25951753846153847
0.3216849230769231
0.3659113846153846
0.3490135384615385
0.36403384615384615
0.22321846153846153
0.05611753846153846
-0.09846646153846153
-0.21821169230769227
-0.2273907692307692
-0.28955815384615385
-0.3467187692307692
-0.3744646153846154
-0.3373310769230769
-0.15771323076923077
-0.018775384615384614
0.09450276923076922
0.1867107692307692
0.21320492307692307
0.32043323076923075
0.3782196923076923
0.35923569230769226
0.3248141538461538
0.19672430769230767
0.10889723076923077
0.04631261538461538
-0.06362769230769232
-0.14311015384615386
-0.2438713846153846
-0.32606584615384615
-0.33607938461538456
-0.31396615384615384
-0.2411593846153846
-0.14081538461538462
-0.011265230769230769
0.09679753846153846
0.19004861538461537
0.2906012307692308
0.3202246153846154
0.33670523076923076
0.29227015384615385
0.15416676923076922
0.04088861538461538
-0.08594953846153845
-0.19818461538461538
-0.2822566153846154
-0.3917796923076923
-0.42035999999999996
-0.3978295384615384
-0.33712246153846154
-0.22634769230769228
-0.13476553846153844
-0.0018775384615384615
0.14603076923076924
0.2626467692307692
0.3344104615384615
0.3379569230769231
0.32877784615384614
0.27328615384615385
0.1696043076923077
0.05048492307692308
-0.10889723076923077
-0.22154953846153846
-0.2872633846153846
-0.34358953846153845
-0.3202246153846154
-0.2751636923076923
-0.19526400000000002
-0.05090215384615384
0.06383630769230769
0.18775384615384613
0.30290953846153845
0.36403384615384615
0.40387938461538464
0.38531261538461536
0.30854215384615385
0.20006215384615383
0.08490646153846154
-0.020652923076923076
-0.1314276923076923
-0.21883753846153844
-0.28663753846153844
-0.3114627692307692
-0.2709913846153846
-0.21070153846153844
-0.10764553846153846
-0.006467076923076923
0.06633969230769231
0.1691870769230769
0.25367630769230765
0.3004061538461538
0.3087507692307692
0.2355267692307692
0.15124615384615384
0.08907876923076924
0.011265230769230769
-0.065088
-0.15896492307692306
-0.2292683076923077
-0.24345415384615382
-0.222384
-0.15374953846153847
-0.08219446153846154
-0.018358153846153843
0.031709538461538456
0.06258461538461538
0.10889723076923077
0.132888
0.1358086153846154
0.1287156923076923
0.07948246153846153
0.04193169230769231
0.009387692307692307
-0.009596307692307692
0.008761846153846153
-0.022530461538461537
-0.06487938461538462
-0.07468430769230769
-0.05674338461538461
0.0025033846153846152
0.0446436923076923
0.053614153846153846
0.05716061538461538
0.06571384615384615
0.0897046153846154
0.100344
0.07551876923076924
0.02482523076923077
-0.035464615384615386
-0.06258461538461538
-0.06821723076923077
-0.06946892307692307
-0.0717636923076923
-0.08720123076923077
-0.08240307692307691
-0.06759138461538462
-0.05236246153846154
-0.021070153846153846
-0.007301538461538462
-0.004798153846153846
-0.002712
0.004798153846153846
0.03629907692307692
0.053405538461538456
0.03880246153846154
0.0016689230769230767
-0.03859384615384615
-0.05590892307692308
-0.055491692307692304
-0.04839876923076923
-0.05048492307692308
-0.06988615384615385
-0.06863446153846153
-0.04318338461538461
-0.006258461538461538
0.011056615384615385
-0.01668923076923077
-0.031918153846153846
-0.034630153846153845
-0.033169846153846154
-0.03024923076923077
-0.059664
-0.08386338461538462
-0.0892873846153846
-0.08094276923076923
-0.052153846153846155
-0.03150092307692308
-0.024408000000000003
-0.01814953846153846
-0.006258461538461538
0.015228923076923076
0.042348923076923076
0.053405538461538456
0.03567323076923076
0.006884307692307692
-0.008970461538461538
-0.015228923076923076
-0.009179076923076922
0.006467076923076923
0.016897846153846156
0.03233538461538461
0.04735569230769231
0.06654830769230768
0.08845292307692308
0.09429415384615383
0.09429415384615383
0.08135999999999999
0.058829538461538454
0.04819015384615385
0.03233538461538461
0.018358153846153843
0.018358153846153843
0.019609846153846155
0.031918153846153846
0.045895384615384616
0.04985907692307692
0.046104
0.04047138461538462
0.04109723076923077
0.03483876923076923
0.021487384615384613
0.020027076923076922
0.011056615384615385
0.011891076923076923
0.02273907692307692
0.025033846153846153
0.05090215384615384
0.06216738461538462
0.06717415384615384
0.08782707692307692
0.09304246153846155
0.09471138461538461
0.08031692307692308
0.05674338461538461
0.04568676923076923
0.04172307692307692
0.05236246153846154
0.07531015384615385
0.09095630769230768
0.10326461538461539
0.1151556923076923
0.11703323076923078
0.09909230769230769
0.06300184615384616
0.018775384615384614
-0.04047138461538462
-0.09158215384615384
-0.1218313846153846
-0.1424843076923077
-0.13455692307692307
-0.10994030769230768
-0.06988615384615385
-0.01043076923076923
0.042557538461538466
0.08469784615384615
0.1070196923076923
0.111192
0.09763200000000001
0.07113784615384615
0.03066646153846154
-0.018358153846153843
-0.07384984615384615
-0.11891076923076922
-0.1316363076923077
-0.11953661538461538
-0.07405846153846153
-0.011056615384615385
0.06133292307692308
0.14144123076923076
0.21237046153846154
0.25930892307692305
0.27412061538461535
0.25513661538461535
0.21132738461538458
0.14331876923076922
0.052153846153846155
-0.03880246153846154
-0.13914646153846155
-0.22113230769230768
-0.25805723076923076
-0.24616615384615384
-0.17690584615384616
-0.08073415384615384
0.025033846153846153
0.13205353846153844
0.22572184615384616
0.3012406153846154
0.33295015384615384
0.3008233846153846
0.2140393846153846
0.09971815384615385
-0.01272553846153846
-0.10681107692307691
-0.17294215384615383
-0.21320492307692307
-0.21487384615384614
-0.17169046153846151
-0.10493353846153847
-0.009804923076923077
0.08156861538461539
0.13643446153846153
0.1760713846153846
0.18858830769230767
0.1860849230769231
0.1721076923076923
0.1353913846153846
0.08490646153846154
0.03483876923076923
-0.0025033846153846152
-0.026702769230769228
-0.022947692307692308
-0.02273907692307692
-0.022530461538461537
-0.017940923076923077
-0.02524246153846154
-0.016063384615384615
-0.025659692307692307
-0.05820369230769231
-0.09408553846153846
-0.1287156923076923
-0.12558646153846154
-0.09095630769230768
-0.05090215384615384
-0.013142769230769229
0.025033846153846153
0.07259815384615384
0.1316363076923077
0.17002153846153847
0.1721076923076923
0.12600369230769232
0.03588184615384615
-0.059038153846153844
-0.1504116923076923
-0.22447015384615385
-0.2851772307692308
-0.31897292307692304
-0.2939390769230769
-0.20944984615384615
-0.07468430769230769
0.07531015384615385
0.20486030769230767
0.30583015384615386
0.3721698461538462
0.3947003076923077
0.37780246153846153
0.29456492307692306
0.14686523076923075
-0.021904615384615383
-0.18149538461538461
-0.2860116923076923
-0.33545353846153847
-0.3392086153846154
-0.2966510769230769
-0.21696000000000001
-0.09012184615384615
0.07113784615384615
0.23010276923076922
0.3383741538461538
0.3790541538461539
0.3600701538461538
0.2943563076923077
0.20402584615384614
0.08782707692307692
-0.03880246153846154
-0.1476996923076923
-0.21696000000000001
-0.22947692307692308
-0.19067446153846154
-0.13038461538461538
-0.06842584615384616
-0.004589538461538461
0.05236246153846154
0.09763200000000001
0.11870215384615385
0.11828492307692307
0.09950953846153845
0.05590892307692308
0.009179076923076922
-0.024408000000000003
-0.04568676923076923
-0.06216738461538462
-0.06529661538461538
-0.05528307692307692
-0.031918153846153846
0.0012516923076923076
0.0077187692307692304
-0.006675692307692307
-0.04568676923076923
-0.10117846153846152
-0.14311015384615386
-0.1800350769230769
-0.20423446153846153
-0.21487384615384614
-0.20632061538461538
-0.15291507692307693
-0.06571384615384615
0.03567323076923076
0.12996738461538462
0.19004861538461537
0.21862892307692305
0.22008923076923076
0.19881046153846152
0.15333230769230768
0.07948246153846153
0.0014603076923076922
-0.06487938461538462
-0.11578153846153846
-0.13226215384615383
-0.12537784615384615
-0.09387692307692307
-0.03984553846153846
0.026911384615384615
0.11411261538461538
0.18796246153846152
0.2330233846153846
0.2399076923076923
0.2021483076923077
0.13747753846153846
0.051319384615384614
-0.04214030769230769
-0.13518276923076925
-0.21487384615384614
-0.25471938461538457
-0.2563883076923077
-0.21821169230769227
-0.15124615384615384
-0.07948246153846153
-0.015228923076923076
0.03129230769230769
0.06195876923076923
0.06821723076923077
0.03233538461538461
-0.022530461538461537
-0.08636676923076922
-0.15500123076923078
-0.2138307692307692
-0.27474646153846155
-0.3198073846153846
-0.3584012307692308
-0.3179298461538461
-0.1792006153846154
0.002086153846153846
0.22968553846153844
0.4253667692307692
0.6079052307692308
0.7453827692307692
0.8138086153846154
0.7973279999999999
0.6277236923076922
0.3790541538461539
0.09784061538461537
-0.15896492307692306
-0.4151446153846154
-0.6225083076923077
-0.7270246153846154
-0.7491378461538462
-0.614580923076923
-0.38426953846153844
-0.111192
0.15500123076923078
0.37613353846153846
0.5415655384615384
0.5991433846153846
0.547824
0.3942830769230769
0.18545907692307692
-0.07739630769230768
-0.34963938461538463
-0.5471981538461539
-0.6742449230769231
-0.6782086153846154
-0.5764043076923077
-0.4178566153846154
-0.20986707692307693
-0.02273907692307692
0.15354092307692307
0.3004061538461538
0.3419206153846154
0.32377107692307694
0.2591003076923077
0.18253846153846154
0.13622584615384614
0.07426707692307692
0.005841230769230769
-0.07280676923076923
-0.1368516923076923
-0.16480615384615382
-0.19463815384615382
-0.2225926153846154
-0.2624381538461539
-0.27850153846153847
-0.24887815384615386
-0.21883753846153844
-0.16292861538461537
-0.12016246153846154
-0.0880356923076923
-0.015854769230769228
0.058412307692307694
0.15833907692307692
0.2701569230769231
0.35798399999999997
0.43392000000000003
0.4687587692307692
0.4408043076923077
0.35005661538461535
0.20402584615384614
0.02211323076923077
-0.1704387692307692
-0.33295015384615384
-0.4251581538461538
-0.431208
-0.3510996923076923
-0.20360861538461536
-0.007301538461538462
0.21132738461538458
0.4151446153846154
0.5868350769230769
0.6684036923076923
0.6354424615384615
0.5261279999999999
0.3575667692307692
0.16438892307692307
-0.040262769230769234
-0.2436627692307692
-0.3994984615384615
-0.4873255384615384
-0.4965046153846154
-0.43642338461538455
-0.31396615384615384
-0.15124615384615384
0.03358707692307692
0.22447015384615385
0.36549415384615386
0.4508178461538461
0.4743913846153846
0.4174393846153846
0.31542646153846154
0.1794092307692308
0.02482523076923077
-0.09012184615384615
-0.17231630769230769
-0.21445661538461538
-0.18149538461538461
-0.10430769230769231
0.017523692307692306
0.15187199999999998
0.249504
0.3081249230769231
0.31688676923076925
0.2853858461538461
0.22780799999999998
0.15124615384615384
0.06049846153846154
-0.02482523076923077
-0.08156861538461539
-0.11014892307692307
-0.10263876923076923
-0.06362769230769232
-0.03233538461538461
-0.0018775384615384615
0.03379569230769231
0.04860738461538461
0.05236246153846154
0.017523692307692306
-0.05319692307692307
-0.12308307692307692
-0.19651569230769228
-0.23907323076923076
-0.24992123076923078
-0.2438713846153846
-0.19714153846153845
-0.116616
-0.006675692307692307
0.1136953846153846
0.2140393846153846
0.28434276923076923
0.317304
0.3054129230769231
0.2399076923076923
0.13059323076923077
-0.0012516923076923076
-0.13101046153846155
-0.24178523076923078
-0.31000246153846156
-0.328152
-0.2920615384615385
-0.21007569230769232
-0.10952307692307692
0.016480615384615385
0.13121907692307694
0.22530461538461538
0.30019753846153846
0.3131316923076923
0.2805876923076923
0.21904615384615383
0.13747753846153846
0.07030338461538461
0.007301538461538462
-0.04839876923076923
-0.0678
-0.06550523076923077
-0.030040615384615384
0.01272553846153846
0.04109723076923077
0.06133292307692308
0.05924676923076923
0.06300184615384616
0.05194523076923077
0.03692492307692308
0.024199384615384616
-0.003755076923076923
-0.002086153846153846
0.012099692307692308
0.03713353846153846
0.08198584615384615
0.12391753846153845
0.1792006153846154
0.2290596923076923
0.24658338461538462
0.23782153846153845
0.18942276923076923
0.10535076923076922
0.0002086153846153846
-0.11682461538461539
-0.2209236923076923
-0.30186646153846153
-0.3517255384615385
-0.35694092307692304
-0.30270092307692303
-0.19609846153846153
-0.06383630769230769
0.08135999999999999
0.20027076923076922
0.2695310769230769
0.2920615384615385
0.26076923076923075
0.19004861538461537
0.0934596923076923
-0.028163076923076923
-0.14749107692307692
-0.23177169230769232
-0.27558092307692306
-0.2601433846153846
-0.20131384615384615
-0.11828492307692307
-0.0043809230769230765
0.10952307692307692
0.21216184615384615
0.2722430769230769
0.2712
0.22405292307692307
0.14832553846153845
0.06738276923076922
-0.022530461538461537
-0.11035753846153845
-0.18525046153846153
-0.21821169230769227
-0.20277415384615383
-0.1637630769230769
-0.0961716923076923
-0.025033846153846153
0.03609046153846154
0.08594953846153845
0.11619876923076923
0.12433476923076923
0.09033046153846153
0.026285538461538457
-0.04318338461538461
-0.09867507692307692
-0.11432123076923076
-0.10368184615384615
-0.06863446153846153
-0.0035464615384615383
0.06300184615384616
0.13601723076923075
0.2073636923076923
0.25430215384615384
0.2774584615384615
0.2424110769230769
0.16334584615384617
0.07364123076923076
-0.03358707692307692
-0.12099692307692309
-0.1908830769230769
-0.2371956923076923
-0.22405292307692307
-0.1693956923076923
-0.06341907692307691
0.058829538461538454
0.16751815384615384
0.2568055384615385
0.3114627692307692
0.34066892307692304
0.3170953846153846
0.23156307692307693
0.09596307692307693
-0.05590892307692308
-0.18775384615384613
-0.29352184615384613
-0.3613218461538461
-0.38343507692307693
-0.3659113846153846
-0.3062473846153846
-0.21362215384615382
-0.11077476923076923
-0.0012516923076923076
0.08115138461538463
0.1287156923076923
0.14999446153846155
0.14832553846153845
0.1287156923076923
0.08156861538461539
0.021696
-0.04088861538461538
-0.08615815384615384
-0.10263876923076923
-0.0988836923076923
-0.08240307692307691
-0.07802215384615384
-0.0853236923076923
-0.08094276923076923
-0.06821723076923077
-0.05736923076923077
-0.056951999999999996
-0.061124307692307686
-0.059038153846153844
-0.04902461538461538
-0.026702769230769228
-0.015646153846153844
-0.012099692307692308
-0.013768615384615384
-0.017315076923076923
-0.0022947692307692304
-0.0004172307692307692
-0.008344615384615384
-0.031709538461538456
-0.0771876923076923
-0.11432123076923076
-0.14540492307692307
-0.16334584615384617
-0.17169046153846151
-0.1693956923076923
-0.14582215384615385
-0.09992676923076924
-0.03650769230769231
0.035255999999999996
0.10117846153846152
0.14164984615384615
0.16334584615384617
0.1721076923076923
0.16042523076923076
0.12350030769230769
0.059872615384615385
-0.014603076923076923
-0.07739630769230768
-0.11703323076923078
-0.132888
-0.11745046153846153
-0.07781353846153846
-0.02858030769230769
0.02586830769230769
0.08198584615384615
0.12808984615384614
0.1422756923076923
0.12829846153846153
0.10201292307692307
0.06696553846153847
0.031918153846153846
0.0029206153846153843
-0.019609846153846155
-0.03129230769230769
-0.02524246153846154
0.003129230769230769
0.04714707692307692
0.07969107692307692
0.08949599999999999
0.08469784615384615
0.07614461538461538
0.065088
0.03984553846153846
-0.0002086153846153846
-0.04547815384615384
-0.0798996923076923
-0.08907876923076924
-0.07468430769230769
-0.03838523076923077
0.013768615384615384
0.07426707692307692
0.13789476923076924
0.19317784615384614
0.23907323076923076
0.24741784615384615
0.21737723076923077
0.15562707692307692
0.06738276923076922
-0.013560000000000001
-0.10493353846153847
-0.19442953846153843
-0.2574313846153846
-0.2924787692307692
-0.27599815384615384
-0.2056947692307692
-0.09930092307692308
0.023782153846153845
0.14394461538461537
0.24762646153846155
0.32335384615384616
0.36215630769230767
0.3481790769230769
0.2791273846153846
0.17377661538461536
0.05382276923076923
-0.059664
-0.16480615384615382
-0.24908676923076922
-0.30186646153846153
-0.30895938461538464
-0.2647329230769231
-0.17815753846153848
-0.07113784615384615
0.040054153846153843
0.13998092307692306
0.21028430769230766
0.25659692307692306
0.2643156923076923
0.23782153846153845
0.1779489230769231
0.09095630769230768
-0.0016689230769230767
-0.0892873846153846
-0.15333230769230768
-0.19985353846153847
-0.2236356923076923
-0.21320492307692307
-0.1777403076923077
-0.11411261538461538
-0.03504738461538461
0.035464615384615386
0.08615815384615384
0.11202646153846153
0.12537784615384615
0.12850707692307692
0.11682461538461539
0.09408553846153846
0.06467076923076923
0.04109723076923077
0.027328615384615382
0.019609846153846155
0.017940923076923077
0.016480615384615385
0.006884307692307692
0.004172307692307692
0.011473846153846154
0.016063384615384615
0.014603076923076923
0.008970461538461538
0.012308307692307691
0.01814953846153846
0.03984553846153846
0.07072061538461538
0.09053907692307692
0.1045163076923077
0.10639384615384614
0.11202646153846153
0.11035753846153845
0.09408553846153846
0.06613107692307692
0.01710646153846154
-0.028788923076923077
-0.06654830769230768
-0.0934596923076923
-0.10222153846153846
-0.09304246153846155
-0.05611753846153846
0.006049846153846154
0.08031692307692308
0.14978584615384616
0.1927606153846154
0.200688
0.17669723076923077
0.12996738461538462
0.06300184615384616
-0.02357353846153846
-0.12037107692307693
-0.21049292307692305
-0.2703655384615385
-0.2789187692307692
-0.22864246153846152
-0.14206707692307693
-0.04631261538461538
0.05069353846153846
0.13330523076923076
0.19505538461538463
0.21111876923076925
0.15374953846153847
0.0678
-0.04318338461538461
-0.14999446153846155
-0.25388492307692306
-0.33357600000000004
-0.3682061538461538
-0.35005661538461535
-0.2655673846153846
-0.08907876923076924
0.1942209230769231
0.3202246153846154
0.4182738461538461
0.4977563076923077
0.48461353846153843
0.5010941538461539
0.3114627692307692
0.06738276923076922
-0.20861538461538462
-0.45436430769230773
-0.5038061538461538
-0.5432344615384616
-0.484404923076923
-0.40992923076923077
-0.24679199999999998
0.08949599999999999
0.3915710769230769
0.6974012307692307
0.8050467692307692
0.7414190769230768
0.6529661538461539
0.43350276923076925
0.2453316923076923
0.0033378461538461535
-0.29414769230769233
-0.4656295384615385
-0.654217846153846
-0.6827981538461538
-0.5350984615384615
-0.3798886153846154
-0.11452984615384615
0.08365476923076923
0.25701415384615384
0.44309907692307693
0.5167403076923076
0.5978916923076923
0.5632615384615385
0.3907366153846154
0.19505538461538463
-0.013768615384615384
-0.119328
-0.20548615384615385
-0.30416123076923074
-0.3410861538461538
-0.35193415384615384
-0.24303692307692307
-0.0853236923076923
0.03400430769230769
0.15374953846153847
0.20381723076923075
0.25117292307692307
0.31208861538461535
0.2914356923076923
0.25659692307692306
0.18879692307692306
0.09825784615384614
0.06926030769230769
0.029623384615384614
-0.01043076923076923
-0.05653476923076922
-0.1205796923076923
-0.15792184615384616
-0.19588984615384614
-0.2075723076923077
-0.1992276923076923
-0.16730953846153845
-0.11348676923076922
-0.08302892307692307
-0.0029206153846153843
0.092208
0.1612596923076923
0.24011630769230768
0.24720923076923076
0.22551323076923077
0.18170399999999998
0.09074769230769231
0.016063384615384615
-0.10326461538461539
-0.21696000000000001
-0.2701569230769231
-0.2906012307692308
-0.26076923076923075
-0.2261390769230769
-0.16856123076923077
-0.05778646153846154
0.06383630769230769
0.16313723076923078
0.20715507692307691
0.21883753846153844
0.22300984615384614
0.17315076923076922
0.09763200000000001
-0.012308307692307691
-0.16105107692307694
-0.25930892307692305
-0.33065538461538463
-0.3481790769230769
-0.29644246153846154
-0.23135446153846154
-0.11140061538461538
0.017732307692307693
0.12704676923076924
0.25159015384615385
0.33816553846153846
0.38572984615384615
0.3665372307692307
0.2860116923076923
0.1792006153846154
0.03921969230769231
-0.07510153846153846
-0.16835261538461538
-0.2355267692307692
-0.25993476923076925
-0.2561796923076923
-0.1785747692307692
-0.06195876923076923
0.04985907692307692
0.17085599999999998
0.24679199999999998
0.2989458461538462
0.3481790769230769
0.3425464615384616
0.2853858461538461
0.16856123076923077
0.03713353846153846
-0.054657230769230764
-0.13789476923076924
-0.214248
-0.2855944615384615
-0.34504984615384615
-0.3548547692307692
-0.317304
-0.23177169230769232
-0.12850707692307692
-0.03692492307692308
0.04985907692307692
0.10806276923076923
0.1543753846153846
0.17502830769230768
0.1531236923076923
0.12537784615384615
0.07030338461538461
0.003963692307692307
-0.03379569230769231
-0.054240000000000003
-0.04047138461538462
-0.02586830769230769
-0.03984553846153846
-0.042974769230769226
-0.03942830769230769
-0.01981846153846154
0.005424
0.01043076923076923
0.00855323076923077
0.012934153846153845
0.04672984615384615
0.0934596923076923
0.13080184615384613
0.15646153846153846
0.1570873846153846
0.15333230769230768
0.14269292307692305
0.1151556923076923
0.084072
0.029623384615384614
-0.02232184615384615
-0.06446215384615385
-0.10994030769230768
-0.12308307692307692
-0.11619876923076923
-0.09658892307692307
-0.073224
-0.05048492307692308
-0.0016689230769230767
0.05674338461538461
0.11452984615384615
0.15500123076923078
0.15875630769230767
0.14060676923076923
0.10764553846153846
0.073224
0.03400430769230769
-0.026285538461538457
-0.08156861538461539
-0.11682461538461539
-0.1356
-0.12934153846153845
-0.11473846153846154
-0.08761846153846153
-0.042974769230769226
-0.003755076923076923
0.034630153846153845
0.0609156923076923
0.06362769230769232
0.054657230769230764
0.031709538461538456
-0.010639384615384617
-0.062376
-0.11286092307692308
-0.14290153846153844
-0.15395815384615386
-0.15395815384615386
-0.13518276923076925
-0.10639384615384614
-0.06028984615384615
-0.014811692307692307
0.01981846153846154
0.04193169230769231
0.03629907692307692
0.024408000000000003
0.010639384615384617
0.005215384615384615
0.008970461538461538
0.0070929230769230765
0.021070153846153846
0.05319692307692307
0.092208
0.13121907692307694
0.1449876923076923
0.13184492307692308
0.09700615384615385
0.04693846153846153
0.006884307692307692
-0.026285538461538457
-0.05590892307692308
-0.07781353846153846
-0.09053907692307692
-0.07384984615384615
-0.04088861538461538
0.004589538461538461
0.04860738461538461
0.05611753846153846
0.053614153846153846
0.045895384615384616
0.02858030769230769
0.015020307692307692
-0.015228923076923076
-0.048816000000000005
-0.07551876923076924
-0.09512861538461538
-0.08135999999999999
-0.05090215384615384
-0.02044430769230769
0.019192615384615384
0.06675692307692307
0.12996738461538462
0.18983999999999998
0.22300984615384614
0.22447015384615385
0.19568123076923075
0.157296
0.10681107692307691
0.04965046153846154
-0.0070929230769230765
-0.07426707692307692
-0.124752
-0.14123261538461537
-0.12204
-0.0744756923076923
-0.02086153846153846
0.04318338461538461
0.10660246153846153
0.16251138461538459
0.21132738461538458
0.23156307692307693
0.21967199999999998
0.16647507692307692
0.08720123076923077
0.0043809230769230765
-0.084072
-0.15959076923076923
-0.22801661538461537
-0.2774584615384615
-0.28392553846153845
-0.25659692307692306
-0.18879692307692306
-0.10868861538461538
-0.03400430769230769
0.047772923076923074
0.11703323076923078
0.1718990769230769
0.20673784615384616
0.20423446153846153
0.17085599999999998
0.11181784615384616
0.04860738461538461
-0.010639384615384617
-0.0717636923076923
-0.12996738461538462
-0.1794092307692308
-0.1942209230769231
-0.16459753846153846
-0.09992676923076924
-0.007927384615384614
0.07656184615384615
0.15228923076923076
0.22843384615384613
0.2799618461538461
0.2997803076923077
0.26932246153846157
0.18983999999999998
0.0897046153846154
-0.007510153846153846
-0.09304246153846155
-0.16480615384615382
-0.21862892307692305
-0.24992123076923078
-0.2411593846153846
-0.19213476923076922
-0.111192
-0.021904615384615383
0.04902461538461538
0.11035753846153845
0.173568
0.22342707692307692
0.24345415384615382
0.2355267692307692
0.19568123076923075
0.1395636923076923
0.07927384615384615
0.015854769230769228
-0.03442153846153846
-0.0892873846153846
-0.13497415384615385
-0.15145476923076923
-0.14999446153846155
-0.12767261538461538
-0.09408553846153846
-0.06154153846153846
-0.030040615384615384
-0.0006258461538461538
0.03567323076923076
0.07593599999999999
0.09971815384615385
0.10597661538461538
0.08365476923076923
0.05444861538461539
0.033169846153846154
0.012099692307692308
-0.003129230769230769
-0.02858030769230769
-0.05048492307692308
-0.05298830769230769
-0.035464615384615386
-0.0077187692307692304
0.008970461538461538
0.016480615384615385
0.028163076923076923
0.045895384615384616
0.07238953846153846
0.100344
0.1136953846153846
0.11578153846153846
0.11494707692307692
0.12329169230769231
0.13747753846153846
0.14269292307692305
0.12767261538461538
0.10368184615384615
0.08907876923076924
0.08115138461538463
0.07468430769230769
0.065088
0.040262769230769234
0.014185846153846153
0.001043076923076923
-0.0070929230769230765
-0.005215384615384615
-0.010639384615384617
-0.02545107692307692
-0.03275261538461539
-0.03483876923076923
-0.023990769230769232
-0.016480615384615385
-0.02044430769230769
-0.03024923076923077
-0.04714707692307692
-0.05924676923076923
-0.059872615384615385
-0.05403138461538461
-0.048816000000000005
-0.034630153846153845
-0.014394461538461538
0.013560000000000001
0.04693846153846153
0.06967753846153846
0.07739630769230768
0.06759138461538462
0.04965046153846154
0.024408000000000003
-0.003129230769230769
-0.03880246153846154
-0.0826116923076923
-0.11202646153846153
-0.11807630769230769
-0.09930092307692308
-0.06049846153846154
-0.019192615384615384
0.024199384615384616
0.07635323076923077
0.12683815384615382
0.15813046153846153
0.15667015384615385
0.12370892307692308
0.05924676923076923
-0.02023569230769231
-0.10222153846153846
-0.17732307692307692
-0.23114584615384615
-0.2670276923076923
-0.2643156923076923
-0.21633415384615384
-0.13747753846153846
-0.033169846153846154
0.0717636923076923
0.16584923076923075
0.24282830769230768
0.2906012307692308
0.30186646153846153
0.2638984615384615
0.1802436923076923
0.07009476923076922
-0.04547815384615384
-0.14957723076923077
-0.2221753846153846
-0.25346769230769234
-0.23886461538461537
-0.1867107692307692
-0.09763200000000001
0.014394461538461538
0.12537784615384615
0.22968553846153844
0.2993630769230769
0.33295015384615384
0.3333673846153846
0.2864289230769231
0.21049292307692305
0.10806276923076923
-0.009596307692307692
-0.11807630769230769
-0.21174461538461536
-0.2647329230769231
-0.28851507692307693
-0.28434276923076923
-0.249504
-0.2008966153846154
-0.13643446153846153
-0.06467076923076923
-0.015020307692307692
0.006258461538461538
0.021070153846153846
0.021696
0.06070707692307692
0.08887015384615385
0.18942276923076923
0.3198073846153846
0.28934953846153844
0.3152178461538461
0.29727692307692305
0.2588916923076923
0.23385784615384617
0.05194523076923077
-0.11348676923076922
-0.32085046153846153
-0.42599261538461536
-0.42244615384615386
-0.4401784615384615
-0.35568923076923076
-0.28851507692307693
-0.09179076923076923
0.18525046153846153
0.4115981538461538
0.6462904615384615
0.6719501538461539
0.6160412307692308
0.5221643076923077
0.3102110769230769
0.1314276923076923
-0.1368516923076923
-0.3890676923076923
-0.5213298461538461
-0.6704898461538461
-0.6381544615384616
-0.5100646153846153
-0.35694092307692304
-0.10076123076923077
0.09241661538461539
0.29769415384615383
0.45624184615384616
0.5275883076923077
0.5968486153846153
0.5461550769230769
0.4255753846153846
0.2737033846153846
0.10389046153846154
-0.013142769230769229
-0.16751815384615384
-0.30749907692307693
-0.3980381538461538
-0.46354338461538463
-0.40700861538461536
-0.3158436923076923
-0.2207150769230769
-0.08615815384615384
0.01856676923076923
0.14853415384615384
0.26306399999999996
0.30708184615384615
0.3485963076923077
0.328152
0.2851772307692308
0.2540935384615385
0.18545907692307692
0.10389046153846154
-0.012934153846153845
-0.116616
-0.2075723076923077
-0.29414769230769233
-0.3412947692307692
-0.36445107692307693
-0.30186646153846153
-0.21758584615384616
-0.13893784615384613
0.007301538461538462
0.14018953846153845
0.2540935384615385
0.347136
0.3650769230769231
0.35005661538461535
0.2699483076923077
0.14311015384615386
0.015646153846153844
-0.157296
-0.3022836923076923
-0.40638276923076927
-0.4812756923076923
-0.5021372307692308
-0.5035975384615384
-0.4303735384615384
-0.306456
-0.16730953846153845
-0.016897846153846156
0.09971815384615385
0.22843384615384613
0.32606584615384615
0.3419206153846154
0.31083692307692307
0.19839323076923077
0.05194523076923077
-0.07697907692307693
-0.2238443076923077
-0.3252313846153846
-0.37321292307692305
-0.3713353846153846
-0.2914356923076923
-0.19004861538461537
-0.055491692307692304
0.0880356923076923
0.21654276923076923
0.33295015384615384
0.39595199999999997
0.41618769230769226
0.37884553846153846
0.30186646153846153
0.22551323076923077
0.14144123076923076
0.07009476923076922
-0.0008344615384615384
-0.07969107692307692
-0.11599015384615384
-0.12704676923076924
-0.09241661538461539
-0.01710646153846154
0.031709538461538456
0.09158215384615384
0.15938215384615384
0.2075723076923077
0.21174461538461536
0.1422756923076923
0.04672984615384615
-0.04693846153846153
-0.12975876923076923
-0.1800350769230769
-0.19505538461538463
-0.17294215384615383
-0.12808984615384614
-0.06654830769230768
0.026076923076923077
0.11265230769230769
0.18253846153846154
0.2127876923076923
0.1792006153846154
0.13247076923076923
0.07092923076923077
0.017315076923076923
-0.01668923076923077
-0.06258461538461538
-0.0897046153846154
-0.0961716923076923
-0.06633969230769231
0.015646153846153844
0.08469784615384615
0.12433476923076923
0.14707384615384617
0.16313723076923078
0.19505538461538463
0.2138307692307692
0.20715507692307691
0.1639716923076923
0.09283384615384616
0.042974769230769226
0.012308307692307691
0.0002086153846153846
-0.008136
-0.03984553846153846
-0.06133292307692308
-0.05653476923076922
-0.031709538461538456
-0.0018775384615384615
0.010013538461538461
0.018358153846153843
0.02315630769230769
0.02232184615384615
0.043600615384615383
0.06195876923076923
0.05048492307692308
0.014811692307692307
-0.018775384615384614
-0.009179076923076922
0.013351384615384614
0.026702769230769228
0.017523692307692306
-0.02795446153846154
-0.06821723076923077
-0.09992676923076924
-0.10910584615384614
-0.10994030769230768
-0.13914646153846155
-0.15145476923076923
-0.13476553846153844
-0.08720123076923077
-0.016480615384615385
0.03984553846153846
0.09137353846153846
0.14060676923076923
0.1777403076923077
0.19588984615384614
0.1718990769230769
0.10493353846153847
0.0043809230769230765
-0.09679753846153846
-0.16105107692307694
-0.1942209230769231
-0.19442953846153843
-0.17732307692307692
-0.14665661538461539
-0.07948246153846153
0.006675692307692307
0.10722830769230769
0.19442953846153843
0.23385784615384617
0.2422024615384615
0.21320492307692307
0.15228923076923076
0.0744756923076923
-0.021696
-0.12016246153846154
-0.21320492307692307
-0.27850153846153847
-0.2926873846153846
-0.2689052307692308
-0.2207150769230769
-0.16251138461538459
-0.08907876923076924
0.0029206153846153843
0.08866153846153846
0.15374953846153847
0.17690584615384616
0.15646153846153846
0.10472492307692308
0.03609046153846154
-0.023782153846153845
-0.08761846153846153
-0.14164984615384615
-0.16167692307692308
-0.14811692307692306
-0.10117846153846152
-0.032544
0.03838523076923077
0.09784061538461537
0.14853415384615384
0.1910916923076923
0.21612553846153845
0.20965846153846154
0.17544553846153846
0.12683815384615382
0.09304246153846155
0.07739630769230768
0.07343261538461537
0.0892873846153846
0.10764553846153846
0.12704676923076924
0.14185846153846154
0.1543753846153846
0.15750461538461538
0.138312
0.10743692307692307
0.07113784615384615
0.03942830769230769
0.014394461538461538
0.0016689230769230767
-0.013768615384615384
-0.034630153846153845
-0.045895384615384616
-0.03775938461538462
-0.015020307692307692
0.0018775384615384615
0.002086153846153846
-0.007510153846153846
-0.007927384615384614
-0.006258461538461538
0.006675692307692307
0.016272
0.0077187692307692304
-0.010639384615384617
-0.03129230769230769
-0.03150092307692308
-0.02795446153846154
-0.03233538461538461
-0.033169846153846154
-0.027745846153846152
-0.014603076923076923
-0.0043809230769230765
0.0
0.0012516923076923076
-0.006467076923076923
-0.0022947692307692304
0.010639384615384617
0.017315076923076923
0.027120000000000002
0.02357353846153846
0.01397723076923077
0.011891076923076923
0.012099692307692308
0.018358153846153843
0.010848
-0.004589538461538461
-0.02524246153846154
-0.05090215384615384
-0.06759138461538462
-0.09387692307692307
-0.11828492307692307
-0.1356
-0.14436184615384615
-0.12558646153846154
-0.09283384615384616
-0.05799507692307692
-0.02211323076923077
0.014394461538461538
0.059038153846153844
0.10076123076923077
0.12141415384615384
0.11640738461538462
0.08010830769230769
0.03045784615384615
-0.026285538461538457
-0.0936683076923077
-0.14936861538461538
-0.1923433846153846
-0.214248
-0.20465169230769228
-0.16730953846153845
-0.10201292307692307
-0.03066646153846154
0.0446436923076923
0.11807630769230769
0.17502830769230768
0.22655630769230767
0.2482523076923077
0.2290596923076923
0.16772676923076923
0.06675692307692307
-0.03024923076923077
-0.11599015384615384
-0.1908830769230769
-0.2482523076923077
-0.2782929230769231
-0.268488
-0.21654276923076923
-0.124752
-0.01981846153846154
0.08574092307692306
0.17315076923076922
0.24032492307692307
0.28851507692307693
0.2943563076923077
0.24887815384615386
0.15959076923076923
0.04526953846153846
-0.06738276923076922
-0.16438892307692307
-0.2532590769230769
-0.31041969230769234
-0.33295015384615384
-0.3212676923076923
-0.25534523076923077
-0.15145476923076923
-0.026076923076923077
0.09533723076923077
0.18504184615384617
0.25513661538461535
0.29832
0.3035353846153846
0.2699483076923077
0.1927606153846154
0.09700615384615385
0.0006258461538461538
-0.07927384615384615
-0.1353913846153846
-0.17252492307692308
-0.19442953846153843
-0.20152246153846154
-0.1706473846153846
-0.10889723076923077
-0.03984553846153846
0.025659692307692307
0.07197230769230768
0.11223507692307692
0.15813046153846153
0.19714153846153845
0.21883753846153844
0.21508246153846153
0.18754523076923074
0.14582215384615385
0.10076123076923077
0.04860738461538461
-0.006675692307692307
-0.06195876923076923
-0.11911938461538461
-0.15646153846153846
-0.15833907692307692
-0.1397723076923077
-0.10514215384615383
-0.06717415384615384
-0.018358153846153843
0.050067692307692306
0.1097316923076923
0.16167692307692308
0.19296923076923078
0.19296923076923078
0.16897846153846155
0.11703323076923078
0.06216738461538462
-0.003755076923076923
-0.07489292307692308
-0.13622584615384614
-0.1858763076923077
-0.1842073846153846
-0.14916
-0.0961716923076923
-0.03358707692307692
0.029414769230769227
0.10389046153846154
0.17231630769230769
0.2330233846153846
0.2641070769230769
0.2517987692307692
0.22551323076923077
0.1883796923076923
0.14978584615384616
0.11223507692307692
0.054657230769230764
0.002086153846153846
-0.02753723076923077
-0.03212676923076923
-0.021696
-0.008970461538461538
0.009596307692307692
0.015646153846153844
0.021278769230769233
0.03358707692307692
0.03775938461538462
0.031709538461538456
0.0022947692307692304
-0.028788923076923077
-0.04839876923076923
-0.05799507692307692
-0.043392
-0.025659692307692307
-0.003963692307692307
0.018775384615384614
0.03337846153846154
0.03921969230769231
0.01710646153846154
-0.022530461538461537
-0.07364123076923076
-0.12412615384615384
-0.15500123076923078
-0.18629353846153843
-0.2288510769230769
-0.2730775384615384
-0.30979384615384614
-0.33941723076923075
-0.2828824615384615
-0.15333230769230768
0.013142769230769229
0.21967199999999998
0.40972061538461535
0.618336
0.7964935384615384
0.9062252307692307
0.9024701538461538
0.7733372307692308
0.5190350769230769
0.1867107692307692
-0.10889723076923077
-0.39678646153846153
-0.5887126153846154
-0.7238953846153846
-0.7825163076923077
-0.6857187692307692
-0.5025544615384615
-0.2138307692307692
0.06487938461538462
0.2828824615384615
0.42494953846153843
0.46625538461538457
0.4314166153846154
0.28246523076923075
0.07259815384615384
-0.20632061538461538
-0.485448
-0.6446215384615385
-0.6967753846153846
-0.5928849230769231
-0.3957433846153846
-0.16626646153846153
0.10514215384615383
0.30290953846153845
0.43350276923076925
0.48941169230769227
0.3913624615384615
0.24032492307692307
0.059664
-0.0934596923076923
-0.15896492307692306
-0.17377661538461536
-0.10514215384615383
-0.011265230769230769
0.08031692307692308
0.15395815384615386
0.17732307692307692
0.1733593846153846
0.12370892307692308
0.040054153846153843
-0.053614153846153846
-0.15875630769230767
-0.2273907692307692
-0.26681907692307694
-0.2897667692307692
-0.25847446153846154
-0.19213476923076922
-0.078648
0.08135999999999999
0.2507556923076923
0.42015138461538465
0.540731076923077
0.5565858461538462
0.4837790769230769
0.33065538461538463
0.09992676923076924
-0.1462393846153846
-0.3565236923076923
-0.48586523076923077
-0.5031803076923077
-0.40054153846153845
-0.18775384615384613
0.09429415384615383
0.3863556923076923
0.6193790769230769
0.7687476923076924
0.7831421538461538
0.6713243076923077
0.4987993846153846
0.2624381538461539
0.01272553846153846
-0.22029784615384615
-0.404088
-0.4942098461538461
-0.5058923076923076
-0.44309907692307693
-0.3275261538461538
-0.18253846153846154
-0.013560000000000001
0.1462393846153846
0.2699483076923077
0.3346190769230769
0.32210215384615387
0.2453316923076923
0.12016246153846154
-0.015228923076923076
-0.1353913846153846
-0.23844738461538462
-0.29227015384615385
-0.29185292307692307
-0.24408
-0.12767261538461538
0.013560000000000001
0.13455692307692307
0.23156307692307693
0.26869661538461537
0.2574313846153846
0.20319138461538463
0.100344
-0.006258461538461538
-0.11035753846153845
-0.1867107692307692
-0.20840676923076923
-0.19547261538461536
-0.1543753846153846
-0.09408553846153846
-0.012934153846153845
0.06070707692307692
0.10201292307692307
0.10848000000000001
0.06300184615384616
-0.019609846153846155
-0.12245723076923076
-0.2221753846153846
-0.28809784615384615
-0.32314523076923074
-0.31834707692307695
-0.24574892307692306
-0.12788123076923075
0.01710646153846154
0.16021661538461537
0.2638984615384615
0.33587076923076925
0.3609046153846154
0.317304
0.21466523076923077
0.06905169230769231
-0.09325107692307691
-0.2453316923076923
-0.3617390769230769
-0.4072172307692307
-0.3836436923076923
-0.3022836923076923
-0.1800350769230769
-0.03129230769230769
0.13205353846153844
0.27286892307692306
0.37655076923076924
0.40930338461538457
0.3540203076923077
0.24887815384615386
0.10409907692307692
-0.047772923076923074
-0.17648861538461538
-0.29352184615384613
-0.3584012307692308
-0.3567323076923076
-0.2883064615384615
-0.15145476923076923
-0.008970461538461538
0.10681107692307691
0.1883796923076923
0.2330233846153846
0.2415766153846154
0.21654276923076923
0.15208061538461537
0.051319384615384614
-0.04985907692307692
-0.12391753846153845
-0.15124615384615384
-0.13914646153846155
-0.10493353846153847
-0.05736923076923077
0.006049846153846154
0.09158215384615384
0.18921415384615384
0.27140861538461536
0.3047870769230769
0.2870547692307692
0.23907323076923076
0.16772676923076923
0.0855323076923077
-0.0018775384615384615
-0.10201292307692307
-0.1883796923076923
-0.24011630769230768
-0.2355267692307692
-0.17732307692307692
-0.09971815384615385
-0.03588184615384615
0.006467076923076923
0.03400430769230769
0.043600615384615383
0.05111076923076923
0.03588184615384615
-0.006884307692307692
-0.03942830769230769
-0.04756430769230769
-0.027120000000000002
0.012308307692307691
0.05590892307692308
0.09179076923076923
0.12683815384615382
0.165432
0.1940123076923077
0.20047938461538461
0.16418030769230768
0.0961716923076923
0.026702769230769228
-0.033169846153846154
-0.07510153846153846
-0.103056
-0.12308307692307692
-0.1205796923076923
-0.09825784615384614
-0.05298830769230769
0.011473846153846154
0.06738276923076922
0.09930092307692308
0.10201292307692307
0.08845292307692308
0.059664
0.007927384615384614
-0.06487938461538462
-0.15291507692307693
-0.23093723076923076
-0.28121353846153846
-0.2951907692307692
-0.2753723076923077
-0.23406646153846156
-0.16626646153846153
-0.08615815384615384
-0.006884307692307692
0.07468430769230769
0.12537784615384615
0.15166338461538462
0.15103753846153847
0.11870215384615385
0.07739630769230768
0.020652923076923076
-0.03358707692307692
-0.07760492307692309
-0.09658892307692307
-0.08135999999999999
-0.04652123076923077
-0.003755076923076923
0.03650769230769231
0.07614461538461538
0.10389046153846154
0.12120553846153845
0.12496061538461539
0.10096984615384616
0.05319692307692307
-0.0018775384615384615
-0.04276615384615385
-0.061124307692307686
-0.05736923076923077
-0.040262769230769234
-0.01814953846153846
0.011891076923076923
0.040262769230769234
0.05736923076923077
0.06070707692307692
0.04380923076923077
0.014185846153846153
-0.011056615384615385
-0.020027076923076922
-0.003755076923076923
0.023990769230769232
0.054657230769230764
0.09512861538461538
0.1449876923076923
0.20131384615384615
0.24449723076923074
0.25513661538461535
0.2369870769230769
0.19526400000000002
0.1316363076923077
0.06446215384615385
0.0025033846153846152
-0.06008123076923077
-0.10576799999999999
-0.12329169230769231
-0.1136953846153846
-0.07092923076923077
-0.016897846153846156
0.03588184615384615
0.06988615384615385
0.08323753846153846
0.08845292307692308
0.07426707692307692
0.04714707692307692
-0.003129230769230769
-0.07072061538461538
-0.13455692307692307
-0.18274707692307693
-0.20506892307692307
-0.20486030769230767
-0.18525046153846153
-0.14457046153846154
-0.08240307692307691
-0.0070929230769230765
0.07468430769230769
0.138312
0.16418030769230768
0.15667015384615385
0.130176
0.0897046153846154
0.043600615384615383
0.003755076923076923
-0.032544
-0.040054153846153843
-0.015020307692307692
0.033169846153846154
0.10013538461538461
0.1597993846153846
0.20527753846153846
0.23010276923076922
0.2290596923076923
0.20047938461538461
0.13852061538461538
0.05403138461538461
-0.035255999999999996
-0.10827138461538462
-0.15333230769230768
-0.17169046153846151
-0.165432
-0.13768615384615385
-0.08344615384615384
-0.005841230769230769
0.07635323076923077
0.15374953846153847
0.2056947692307692
0.21445661538461538
0.19568123076923075
0.1506203076923077
0.09012184615384615
0.033169846153846154
-0.024199384615384616
-0.06675692307692307
-0.08115138461538463
-0.06842584615384616
-0.02899753846153846
0.03421292307692308
0.10681107692307691
0.17669723076923077
0.23531815384615382
0.2655673846153846
0.2695310769230769
0.241368
0.184416
0.11849353846153846
0.0446436923076923
-0.02586830769230769
-0.084072
-0.12370892307692308
-0.14728246153846153
-0.15479261538461536
-0.14686523076923075
-0.1287156923076923
-0.10076123076923077
-0.07489292307692308
-0.041514461538461535
-0.005632615384615384
0.015020307692307692
0.028788923076923077
0.02753723076923077
0.006049846153846154
-0.017315076923076923
-0.034630153846153845
-0.042348923076923076
-0.042974769230769226
-0.042348923076923076
-0.04172307692307692
-0.03692492307692308
-0.026494153846153844
-0.021696
-0.025033846153846153
-0.03504738461538461
-0.04422646153846154
-0.047772923076923074
-0.042348923076923076
-0.03024923076923077
-0.018983999999999997
-0.0077187692307692304
0.013560000000000001
0.03984553846153846
0.05236246153846154
0.04693846153846153
0.016480615384615385
-0.03504738461538461
-0.0936683076923077
-0.1476996923076923
-0.18379015384615385
-0.20444307692307692
-0.20924123076923076
-0.1923433846153846
-0.157296
-0.09763200000000001
-0.03233538461538461
0.03379569230769231
0.09116492307692307
0.12204
0.14582215384615385
0.14999446153846155
0.13226215384615383
0.08594953846153845
0.021070153846153846
-0.03713353846153846
-0.08094276923076923
-0.09554584615384615
-0.0961716923076923
-0.07656184615384615
-0.03963692307692308
0.009596307692307692
0.07134646153846153
0.12287446153846153
0.1656406153846154
0.18337292307692307
0.16438892307692307
0.12266584615384615
0.05945538461538461
-0.011265230769230769
-0.07551876923076924
-0.1341396923076923
-0.17169046153846151
-0.18525046153846153
-0.17711446153846155
-0.13476553846153844
-0.07927384615384615
-0.017315076923076923
0.04172307692307692
0.08699261538461538
0.12266584615384615
0.14144123076923076
0.13643446153846153
0.10222153846153846
0.05674338461538461
0.008344615384615384
-0.04276615384615385
-0.09450276923076922
-0.13998092307692306
-0.1696043076923077
-0.1779489230769231
-0.15646153846153846
-0.1097316923076923
-0.04819015384615385
0.01043076923076923
0.06425353846153846
0.11140061538461538
0.13038461538461538
0.12496061538461539
0.08135999999999999
0.006258461538461538
-0.0826116923076923
-0.19317784615384614
-0.3116713846153846
-0.38677292307692307
-0.3669544615384615
-0.28434276923076923
-0.12329169230769231
0.07197230769230768
0.25346769230769234
0.4408043076923077
0.5643046153846153
0.6429526153846153
0.6187532307692307
0.4877427692307692
0.3148006153846154
0.11411261538461538
-0.06592246153846154
-0.265776
-0.4118067692307692
-0.5050578461538461
-0.51528
-0.3982467692307692
-0.24011630769230768
-0.01668923076923077
0.2090326153846154
0.41305846153846154
0.5686855384615385
0.6116603076923077
0.5632615384615385
0.43058215384615384
0.24303692307692307
0.005215384615384615
-0.23782153846153845
-0.4466455384615384
-0.5797421538461539
-0.5770301538461539
-0.4714707692307692
-0.29227015384615385
-0.09971815384615385
0.07384984615384615
0.2426196923076923
0.3485963076923077
0.3521427692307692
0.2855944615384615
0.1787833846153846
0.07030338461538461
-0.009596307692307692
-0.06863446153846153
-0.10555938461538462
-0.13810338461538463
-0.15103753846153847
-0.13226215384615383
-0.09867507692307692
-0.06467076923076923
-0.03692492307692308
0.007301538461538462
0.04172307692307692
0.06550523076923077
0.08219446153846154
0.07510153846153846
0.08344615384615384
0.086784
0.08198584615384615
0.09158215384615384
0.111192
0.14686523076923075
0.1733593846153846
0.16710092307692306
0.1136953846153846
0.05444861538461539
-0.006049846153846154
-0.07948246153846153
-0.14936861538461538
-0.21487384615384614
-0.24011630769230768
-0.20819815384615384
-0.12266584615384615
-0.006049846153846154
0.10222153846153846
0.19693292307692306
0.2814221538461538
0.32961230769230765
0.3131316923076923
0.2411593846153846
0.12934153846153845
0.0029206153846153843
-0.10785415384615385
-0.20506892307692307
-0.2695310769230769
-0.2851772307692308
-0.2647329230769231
-0.20423446153846153
-0.11244369230769231
0.0012516923076923076
0.12120553846153845
0.22405292307692307
0.2937304615384615
0.30186646153846153
0.2707827692307692
0.20986707692307693
0.11202646153846153
0.0077187692307692304
-0.11891076923076922
-0.22447015384615385
-0.2709913846153846
-0.2789187692307692
-0.23177169230769232
-0.15354092307692307
-0.05674338461538461
0.06362769230769232
0.168144
0.225096
0.2194633846153846
0.15395815384615386
0.061750153846153844
-0.01981846153846154
-0.08386338461538462
-0.12642092307692307
-0.13998092307692306
-0.12287446153846153
-0.0678
0.023990769230769232
0.130176
0.20506892307692307
0.2497126153846154
0.25764
0.23364923076923078
0.184416
0.09846646153846153
0.005215384615384615
-0.09262523076923077
-0.1693956923076923
-0.20047938461538461
-0.1883796923076923
-0.14331876923076922
-0.07906523076923076
-0.009387692307692307
0.07051199999999999
0.1656406153846154
0.2480436923076923
0.2997803076923077
0.2931046153846154
0.22634769230769228
0.12162276923076921
0.011265230769230769
-0.08219446153846154
-0.1639716923076923
-0.23052
-0.2720344615384615
-0.2559710769230769
-0.17169046153846151
-0.059872615384615385
0.05507446153846154
0.15750461538461538
0.22447015384615385
0.27850153846153847
0.30708184615384615
0.28350830769230767
0.2157083076923077
0.10597661538461538
-0.0002086153846153846
-0.07656184615384615
-0.12350030769230769
-0.13998092307692306
-0.14123261538461537
-0.12204
-0.078648
-0.028788923076923077
0.01710646153846154
0.0448523076923077
0.04965046153846154
0.04193169230769231
0.017940923076923077
0.005841230769230769
0.006258461538461538
-0.0006258461538461538
-0.009179076923076922
-0.026702769230769228
-0.024408000000000003
-0.004172307692307692
0.012308307692307691
0.03567323076923076
0.03942830769230769
0.029414769230769227
0.02586830769230769
0.02023569230769231
0.009804923076923077
-0.01272553846153846
-0.042557538461538466
-0.059872615384615385
-0.05590892307692308
-0.02899753846153846
0.006049846153846154
0.03379569230769231
0.06467076923076923
0.10222153846153846
0.138312
0.14686523076923075
0.12329169230769231
0.08469784615384615
0.03400430769230769
-0.013768615384615384
-0.055491692307692304
-0.09325107692307691
-0.11724184615384614
-0.1218313846153846
-0.10764553846153846
-0.07468430769230769
-0.029623384615384614
0.020027076923076922
0.06550523076923077
0.08740984615384616
0.09116492307692307
0.07426707692307692
0.03650769230769231
-0.006675692307692307
-0.05674338461538461
-0.0936683076923077
-0.11223507692307692
-0.12099692307692309
-0.12391753846153845
-0.11974523076923077
-0.11160923076923077
-0.09408553846153846
-0.05945538461538461
-0.02753723076923077
0.0006258461538461538
0.016480615384615385
0.015228923076923076
0.015228923076923076
0.01043076923076923
-0.002086153846153846
-0.014603076923076923
-0.03483876923076923
-0.05027630769230769
-0.05298830769230769
-0.04985907692307692
-0.04819015384615385
-0.05778646153846154
-0.06738276923076922
-0.073224
-0.07697907692307693
-0.07969107692307692
-0.09179076923076923
-0.10389046153846154
-0.11098338461538461
-0.11473846153846154
-0.09679753846153846
-0.07572738461538461
-0.06362769230769232
-0.04714707692307692
-0.03692492307692308
-0.025033846153846153
-0.014603076923076923
-0.017940923076923077
-0.024616615384615383
-0.03045784615384615
-0.021070153846153846
0.0029206153846153843
0.027745846153846152
0.051319384615384614
0.06049846153846154
0.06008123076923077
0.05507446153846154
0.04902461538461538
0.04401784615384615
0.03275261538461539
0.01710646153846154
0.0
-0.006049846153846154
0.0029206153846153843
0.026285538461538457
0.06487938461538462
0.103056
0.1368516923076923
0.17398523076923075
0.20339999999999997
0.21049292307692305
0.19296923076923078
0.16251138461538459
0.11745046153846153
0.06195876923076923
0.0016689230769230767
-0.06821723076923077
-0.13205353846153844
-0.17732307692307692
-0.18650215384615382
-0.154584
-0.09262523076923077
-0.01668923076923077
0.06529661538461538
0.14707384615384617
0.22029784615384615
0.27474646153846155
0.2860116923076923
0.2588916923076923
0.18858830769230767
0.09179076923076923
-0.0077187692307692304
-0.11035753846153845
-0.19526400000000002
-0.2626467692307692
-0.2966510769230769
-0.27975323076923075
-0.2194633846153846
-0.12913292307692306
-0.03880246153846154
0.046104
0.10994030769230768
0.14331876923076922
0.1585476923076923
0.14603076923076924
0.11140061538461538
0.06341907692307691
0.006884307692307692
-0.040679999999999994
-0.07489292307692308
-0.09241661538461539
-0.09199938461538461
-0.07677046153846154
-0.03650769230769231
0.015646153846153844
0.06404492307692307
0.09158215384615384
0.09763200000000001
0.09137353846153846
0.07364123076923076
0.05528307692307692
0.03379569230769231
0.021696
0.016480615384615385
0.02482523076923077
0.051528
0.08594953846153845
0.12037107692307693
0.14394461538461537
0.1597993846153846
0.15395815384615386
0.12808984615384614
0.08302892307692307
0.013560000000000001
-0.06863446153846153
-0.1506203076923077
-0.20277415384615383
-0.21821169230769227
-0.1992276923076923
-0.14415323076923076
-0.06884307692307692
0.02753723076923077
0.13330523076923076
0.2221753846153846
0.28663753846153844
0.3081249230769231
0.2830910769230769
0.22321846153846153
0.13747753846153846
0.051528
-0.03379569230769231
-0.11724184615384614
-0.1712732307692308
-0.1940123076923077
-0.17899199999999998
-0.13810338461538463
-0.07885661538461539
-0.006884307692307692
0.062376
0.13226215384615383
0.19672430769230767
0.24637476923076923
0.2559710769230769
0.2292683076923077
0.17398523076923075
0.10013538461538461
0.029623384615384614
-0.045060923076923075
-0.10764553846153846
-0.157296
-0.20131384615384615
-0.22697353846153845
-0.23969907692307693
-0.23969907692307693
-0.23093723076923076
-0.21716861538461538
-0.18900553846153845
-0.14999446153846155
-0.10013538461538461
-0.047981538461538464
0.0029206153846153843
0.056951999999999996
0.103056
0.14185846153846154
0.16772676923076923
0.16334584615384617
0.12704676923076924
0.061750153846153844
-0.015437538461538461
-0.09158215384615384
-0.16292861538461537
-0.21362215384615382
-0.24074215384615386
-0.22864246153846152
-0.17023015384615386
-0.07405846153846153
0.04965046153846154
0.17732307692307692
0.2995716923076923
0.4036707692307692
0.4785636923076923
0.514236923076923
0.4873255384615384
0.3994984615384615
0.2674449230769231
0.11745046153846153
-0.02586830769230769
-0.16000799999999998
-0.2730775384615384
-0.34588430769230766
-0.36445107692307693
-0.31918153846153846
-0.21320492307692307
-0.07218092307692307
0.07656184615384615
0.21466523076923077
0.32961230769230765
0.40554830769230765
0.42015138461538465
0.3692492307692308
0.2620209230769231
0.12496061538461539
-0.018775384615384614
-0.14582215384615385
-0.23448369230769228
-0.28017046153846153
-0.27975323076923075
-0.24679199999999998
-0.17711446153846155
-0.08198584615384615
0.012099692307692308
0.08907876923076924
0.13935507692307691
0.16438892307692307
0.15646153846153846
0.13101046153846155
0.08469784615384615
0.02044430769230769
-0.052153846153846155
-0.1178676923076923
-0.15604430769230768
-0.1802436923076923
-0.1846246153846154
-0.17711446153846155
-0.14561353846153846
-0.09116492307692307
-0.027120000000000002
0.0446436923076923
0.10138707692307691
0.13893784615384613
0.15667015384615385
0.14123261538461537
0.10555938461538462
0.053405538461538456
-0.010848
-0.08052553846153847
-0.13789476923076924
-0.1502030769230769
-0.119328
-0.024408000000000003
0.10806276923076923
0.32898646153846156
0.48294461538461536
0.5328036923076923
0.6248030769230769
0.5830799999999999
0.5365587692307692
0.4182738461538461
0.1802436923076923
-0.041514461538461535
-0.31834707692307695
-0.45791076923076923
-0.5826627692307692
-0.6727846153846154
-0.6515058461538462
-0.6120775384615385
-0.385104
-0.14728246153846153
0.12370892307692308
0.4007501538461538
0.5161144615384615
0.6323132307692307
0.6099913846153846
0.4923323076923077
0.34880492307692307
0.073224
-0.14394461538461537
-0.38572984615384615
-0.6256375384615384
-0.6750793846153846
-0.6850929230769232
-0.5768215384615385
-0.3915710769230769
-0.2292683076923077
0.0
0.18066092307692305
0.37926276923076924
0.5605495384615384
0.6122861538461538
0.6137464615384616
0.5248763076923078
0.41326707692307696
0.2782929230769231
0.05945538461538461
-0.15228923076923076
-0.37258707692307685
-0.5434430769230769
-0.6099913846153846
-0.6462904615384615
-0.5970572307692308
-0.48711692307692306
-0.3617390769230769
-0.17398523076923075
-0.0018775384615384615
0.16105107692307694
0.3285692307692308
0.4174393846153846
0.48419630769230765
0.5063095384615385
0.44998338461538456
0.35047384615384614
0.173568
-0.043392
-0.28768061538461537
-0.5138196923076923
-0.671532923076923
-0.747468923076923
-0.710544
-0.6133292307692307
-0.42494953846153843
-0.1353913846153846
0.16856123076923077
0.48336184615384614
0.7286935384615385
0.8632504615384615
0.911857846153846
0.8307064615384615
0.6800861538461539
0.4558246153846154
0.16710092307692306
-0.1028473846153846
-0.3542289230769231
-0.5511618461538461
-0.6665261538461538
-0.6903083076923077
-0.6152067692307692
-0.4622916923076923
-0.25346769230769234
-0.006884307692307692
0.25471938461538457
0.4971304615384615
0.6621452307692308
0.7263987692307693
0.7049113846153846
0.5791163076923077
0.4015846153846154
0.19547261538461536
-0.04860738461538461
-0.25951753846153847
-0.42891323076923077
-0.5232073846153845
-0.5334295384615384
-0.5063095384615385
-0.40992923076923077
-0.2632726153846154
-0.09596307692307693
0.07426707692307692
0.21696000000000001
0.31855569230769226
0.3611132307692308
0.36611999999999995
0.34358953846153845
0.2897667692307692
0.2127876923076923
0.10117846153846152
-0.016480615384615385
-0.1218313846153846
-0.22008923076923076
-0.28350830769230767
-0.336288
-0.3819747692307692
-0.3682061538461538
-0.3187643076923077
-0.23803015384615384
-0.130176
-0.023364923076923075
0.1097316923076923
0.2426196923076923
0.355272
0.4378836923076923
0.45102646153846154
0.40450523076923073
0.30186646153846153
0.17273353846153844
0.04693846153846153
-0.09137353846153846
-0.2157083076923077
-0.32961230769230765
-0.41076369230769233
-0.42411507692307693
-0.39344861538461534
-0.29414769230769233
-0.16230276923076925
-0.0448523076923077
0.08448923076923077
0.20193969230769232
0.30186646153846153
0.36549415384615386
0.34630153846153844
0.27620676923076926
0.16438892307692307
0.034630153846153845
-0.07531015384615385
-0.18525046153846153
-0.27286892307692306
-0.33315876923076926
-0.3456756923076923
-0.2906012307692308
-0.20652923076923077
-0.09596307692307693
-0.001043076923076923
0.06362769230769232
0.13038461538461538
0.16751815384615384
0.19025723076923076
0.19463815384615382
0.16251138461538459
0.143736
0.12162276923076921
0.10576799999999999
0.10722830769230769
0.08991323076923076
0.07030338461538461
0.0448523076923077
0.035255999999999996
0.044435076923076924
0.03838523076923077
0.02586830769230769
-0.003755076923076923
-0.03609046153846154
-0.04965046153846154
-0.055491692307692304
-0.029623384615384614
-0.0035464615384615383
0.014394461538461538
0.04839876923076923
0.06946892307692307
0.09700615384615385
0.10117846153846152
0.07197230769230768
0.04401784615384615
-0.010013538461538461
-0.0678
-0.11599015384615384
-0.16710092307692306
-0.19672430769230767
-0.19985353846153847
-0.17815753846153848
-0.12934153846153845
-0.06613107692307692
0.002712
0.065088
0.11619876923076923
0.15896492307692306
0.1858763076923077
0.1927606153846154
0.17315076923076922
0.12996738461538462
0.08574092307692306
0.03337846153846154
-0.01710646153846154
-0.056951999999999996
-0.08991323076923076
-0.09596307692307693
-0.09116492307692307
-0.06404492307692307
-0.011265230769230769
0.04401784615384615
0.09930092307692308
0.1395636923076923
0.168144
0.18170399999999998
0.16647507692307692
0.12725538461538463
0.06529661538461538
-0.006884307692307692
-0.08073415384615384
-0.14290153846153844
-0.18086953846153844
-0.19651569230769228
-0.18066092307692305
-0.13726892307692307
-0.07885661538461539
-0.016480615384615385
0.03024923076923077
0.054657230769230764
0.06467076923076923
0.065088
0.05924676923076923
0.04672984615384615
0.020027076923076922
-0.001043076923076923
0.0033378461538461535
0.01940123076923077
0.04547815384615384
0.07489292307692308
0.09471138461538461
0.11056615384615384
0.11286092307692308
0.09971815384615385
0.06905169230769231
0.022947692307692308
-0.024199384615384616
-0.055491692307692304
-0.06008123076923077
-0.04109723076923077
0.0077187692307692304
0.06529661538461538
0.12245723076923076
0.17273353846153844
0.20381723076923075
0.2205064615384615
0.20798953846153845
0.16584923076923075
0.10910584615384614
0.04819015384615385
-0.008344615384615384
-0.045895384615384616
-0.06926030769230769
-0.07614461538461538
-0.05757784615384615
-0.01397723076923077
0.04526953846153846
0.09679753846153846
0.13789476923076924
0.15750461538461538
0.15813046153846153
0.1489513846153846
0.119328
0.06696553846153847
-0.006884307692307692
-0.08177723076923075
-0.1314276923076923
-0.15354092307692307
-0.14394461538461537
-0.11327815384615383
-0.07197230769230768
-0.021070153846153846
0.040679999999999994
0.10389046153846154
0.13747753846153846
0.13518276923076925
0.10222153846153846
0.05111076923076923
-0.0022947692307692304
-0.05611753846153846
-0.10535076923076922
-0.14144123076923076
-0.17023015384615386
-0.1785747692307692
-0.15249784615384615
-0.10243015384615384
-0.03755076923076923
0.02044430769230769
0.06383630769230769
0.09283384615384616
0.11390399999999999
0.12767261538461538
0.1151556923076923
0.0853236923076923
0.04109723076923077
-0.0006258461538461538
-0.031709538461538456
-0.06946892307692307
-0.10368184615384615
-0.14477907692307693
-0.184416
-0.19192615384615386
-0.17398523076923075
-0.14206707692307693
-0.10117846153846152
-0.06717415384615384
-0.029623384615384614
0.021696
0.07051199999999999
0.11265230769230769
0.12934153846153845
0.12266584615384615
0.09700615384615385
0.054240000000000003
0.002712
-0.06738276923076922
-0.13455692307692307
-0.1923433846153846
-0.23239753846153846
-0.23761292307692305
-0.2127876923076923
-0.15562707692307692
-0.07489292307692308
0.020652923076923076
0.13184492307692308
0.2411593846153846
0.3248141538461538
0.37550769230769226
0.384060923076923
0.35965292307692304
0.29581661538461534
0.20006215384615383
0.09575446153846154
-0.019192615384615384
-0.11619876923076923
-0.18629353846153843
-0.21466523076923077
-0.20652923076923077
-0.17586276923076924
-0.11160923076923077
-0.03024923076923077
0.07134646153846153
0.1718990769230769
0.24846092307692308
0.3022836923076923
0.32085046153846153
0.3077076923076923
0.265776
0.18483323076923078
0.07384984615384615
-0.05277969230769231
-0.1696043076923077
-0.25305046153846156
-0.2997803076923077
-0.3049956923076923
-0.28121353846153846
-0.22572184615384616
-0.14561353846153846
-0.052153846153846155
0.04714707692307692
0.12162276923076921
0.1652233846153846
0.18128676923076922
0.1783661538461538
0.1656406153846154
0.14123261538461537
0.11265230769230769
0.07781353846153846
0.03775938461538462
0.004589538461538461
-0.013142769230769229
-0.02357353846153846
-0.03942830769230769
-0.065088
-0.09241661538461539
-0.09784061538461537
-0.07885661538461539
-0.04756430769230769
-0.012099692307692308
0.017523692307692306
0.05486584615384615
0.11494707692307692
0.1570873846153846
0.17315076923076922
0.1733593846153846
0.14415323076923076
0.11140061538461538
0.06300184615384616
0.015854769230769228
-0.03692492307692308
-0.11578153846153846
-0.17565415384615385
-0.20944984615384615
-0.20798953846153845
-0.1858763076923077
-0.1652233846153846
-0.13643446153846153
-0.09116492307692307
-0.03024923076923077
0.042974769230769226
0.10576799999999999
0.14707384615384617
0.16897846153846155
0.16063384615384615
0.14811692307692306
0.12412615384615384
0.08511507692307693
0.03337846153846154
-0.026285538461538457
-0.06258461538461538
-0.08177723076923075
-0.08469784615384615
-0.08574092307692306
-0.08991323076923076
-0.08323753846153846
-0.07384984615384615
-0.051319384615384614
-0.024408000000000003
-0.015854769230769228
-0.015854769230769228
-0.013560000000000001
0.006675692307692307
0.037342153846153844
0.050067692307692306
0.04965046153846154
0.03650769230769231
0.010222153846153844
-0.022530461538461537
-0.06654830769230768
-0.1205796923076923
-0.17648861538461538
-0.2261390769230769
-0.2482523076923077
-0.23114584615384615
-0.18379015384615385
-0.12516923076923075
-0.084072
-0.05298830769230769
-0.026285538461538457
-0.007927384615384614
0.02545107692307692
0.022947692307692308
0.010639384615384617
0.0002086153846153846
-0.0035464615384615383
0.047772923076923074
0.08740984615384616
0.24741784615384615
0.2906012307692308
0.20840676923076923
0.21967199999999998
0.13121907692307694
0.14853415384615384
0.05924676923076923
-0.12412615384615384
-0.2369870769230769
-0.39928984615384616
-0.32502276923076917
-0.25701415384615384
-0.1923433846153846
-0.09053907692307692
-0.052571076923076915
0.1783661538461538
0.34338092307692303
0.4779378461538461
0.5376018461538461
0.360696
0.25805723076923076
0.09450276923076922
-0.04860738461538461
-0.12412615384615384
-0.30416123076923074
-0.32085046153846153
-0.3387913846153846
-0.34776184615384614
-0.17440246153846153
-0.078648
0.08115138461538463
0.21028430769230766
0.2374043076923077
0.31125415384615385
0.2712
0.27140861538461536
0.2709913846153846
0.15896492307692306
0.07843938461538462
-0.03212676923076923
-0.07489292307692308
-0.06905169230769231
-0.12621230769230768
-0.1316363076923077
-0.15541846153846153
-0.12537784615384615
-0.011891076923076923
0.03400430769230769
0.08699261538461538
0.10889723076923077
0.11640738461538462
0.17815753846153848
0.17523692307692307
0.16897846153846155
0.17648861538461538
0.13998092307692306
0.1652233846153846
0.16793538461538463
0.13247076923076923
0.08699261538461538
-0.016063384615384615
-0.08615815384615384
-0.17586276923076924
-0.2532590769230769
-0.2853858461538461
-0.2883064615384615
-0.20465169230769228
-0.13601723076923075
-0.038176615384615385
0.100344
0.184416
0.2722430769230769
0.2979027692307692
0.2478350769230769
0.17523692307692307
0.033169846153846154
-0.08031692307692308
-0.18212123076923076
-0.29873723076923075
-0.33002953846153843
-0.34338092307692303
-0.3216849230769231
-0.265776
-0.20193969230769232
-0.06133292307692308
0.07697907692307693
0.17481969230769231
0.22593046153846155
0.21967199999999998
0.2426196923076923
0.22801661538461537
0.1597993846153846
0.08720123076923077
-0.04109723076923077
-0.11390399999999999
-0.138312
-0.15166338461538462
-0.09450276923076922
-0.06216738461538462
-0.008344615384615384
0.065088
0.09992676923076924
0.15813046153846153
0.1775316923076923
0.16584923076923075
0.14311015384615386
0.09846646153846153
0.06613107692307692
0.015228923076923076
-0.018775384615384614
-0.023782153846153845
-0.027745846153846152
0.003963692307692307
0.026702769230769228
0.046104
0.07092923076923077
0.05611753846153846
0.052153846153846155
0.024408000000000003
-0.03421292307692308
-0.06070707692307692
-0.08657538461538461
-0.09971815384615385
-0.09179076923076923
-0.07697907692307693
-0.004798153846153846
0.0897046153846154
0.16710092307692306
0.2330233846153846
0.24720923076923076
0.24658338461538462
0.22300984615384614
0.16730953846153845
0.10535076923076922
0.005841230769230769
-0.07927384615384615
-0.15771323076923077
-0.22488738461538463
-0.2342750769230769
-0.22405292307692307
-0.14582215384615385
-0.03379569230769231
0.050067692307692306
0.15103753846153847
0.22697353846153845
0.29602523076923076
0.34880492307692307
0.31751261538461534
0.24887815384615386
0.146448
0.03775938461538462
-0.040679999999999994
-0.11077476923076923
-0.15896492307692306
-0.20006215384615383
-0.2125790769230769
-0.17273353846153844
-0.11327815384615383
-0.031709538461538456
0.027328615384615382
0.06154153846153846
0.09930092307692308
0.10347323076923076
0.10868861538461538
0.10117846153846152
0.073224
0.051319384615384614
-0.003129230769230769
-0.041514461538461535
-0.05319692307692307
-0.07051199999999999
-0.08302892307692307
-0.10430769230769231
-0.11035753846153845
-0.09158215384615384
-0.06654830769230768
-0.045895384615384616
-0.045060923076923075
-0.05570030769230769
-0.059664
-0.03838523076923077
0.011682461538461537
0.05528307692307692
0.07405846153846153
0.09325107692307691
0.11724184615384614
0.15103753846153847
0.1570873846153846
0.11536430769230768
0.06842584615384616
-0.003963692307692307
-0.06425353846153846
-0.09533723076923077
-0.12204
-0.12558646153846154
-0.11181784615384616
-0.07405846153846153
-0.02023569230769231
0.040262769230769234
0.10326461538461539
0.13935507692307691
0.14206707692307693
0.13226215384615383
0.10868861538461538
0.06362769230769232
-0.0016689230769230767
-0.07468430769230769
-0.13455692307692307
-0.18316430769230768
-0.1990190769230769
-0.1733593846153846
-0.12266584615384615
-0.04965046153846154
0.013351384615384614
0.07489292307692308
0.1506203076923077
0.1992276923076923
0.21070153846153844
0.18212123076923076
0.12454338461538461
0.07572738461538461
0.022530461538461537
-0.021904615384615383
-0.0448523076923077
-0.05048492307692308
-0.01981846153846154
0.023782153846153845
0.08448923076923077
0.1341396923076923
0.14853415384615384
0.15208061538461537
0.13497415384615385
0.10743692307692307
0.05736923076923077
-0.017940923076923077
-0.07301538461538462
-0.11327815384615383
-0.13247076923076923
-0.11286092307692308
-0.07802215384615384
-0.01940123076923077
0.04756430769230769
0.10535076923076922
0.14832553846153845
0.16251138461538459
0.15625292307692307
0.116616
0.05611753846153846
-0.014185846153846153
-0.0853236923076923
-0.13768615384615385
-0.1785747692307692
-0.19609846153846153
-0.18128676923076922
-0.13455692307692307
-0.054240000000000003
0.038176615384615385
0.10910584615384614
0.16209415384615386
0.19588984615384614
0.21633415384615384
0.21654276923076923
0.17398523076923075
0.11327815384615383
0.031709538461538456
-0.04735569230769231
-0.11140061538461538
-0.16209415384615386
-0.18858830769230767
-0.20652923076923077
-0.19025723076923076
-0.14519630769230768
-0.09554584615384615
-0.043392
-0.0050067692307692304
0.01814953846153846
0.03108369230769231
0.030875076923076922
0.017315076923076923
-0.005215384615384615
-0.035255999999999996
-0.06446215384615385
-0.08907876923076924
-0.10013538461538461
-0.09596307692307693
-0.092208
-0.092208
-0.09429415384615383
-0.08323753846153846
-0.06738276923076922
-0.0446436923076923
-0.010639384615384617
0.019609846153846155
0.05611753846153846
0.08490646153846154
0.10868861538461538
0.12120553846153845
0.10660246153846153
0.07259815384615384
0.03671630769230769
0.008136
-0.014811692307692307
-0.028163076923076923
-0.04693846153846153
-0.05653476923076922
-0.059872615384615385
-0.05382276923076923
-0.044435076923076924
-0.04819015384615385
-0.054657230769230764
-0.06195876923076923
-0.05403138461538461
-0.042348923076923076
-0.028163076923076923
-0.011891076923076923
-0.006884307692307692
0.0077187692307692304
0.03024923076923077
0.050067692307692306
0.08177723076923075
0.10576799999999999
0.119328
0.14206707692307693
0.1504116923076923
0.14728246153846153
0.11891076923076922
0.05799507692307692
-0.008136
-0.07781353846153846
-0.12391753846153845
-0.14749107692307692
-0.15792184615384616
-0.13789476923076924
-0.08699261538461538
-0.003963692307692307
0.09116492307692307
0.18066092307692305
0.2557624615384615
0.29227015384615385
0.2862203076923077
0.249504
0.17419384615384614
0.06049846153846154
-0.07885661538461539
-0.21883753846153844
-0.3216849230769231
-0.37717661538461533
-0.37780246153846153
-0.32001599999999997
-0.2292683076923077
-0.1028473846153846
0.04860738461538461
0.1927606153846154
0.30436984615384616
0.35965292307692304
0.3611132307692308
0.31751261538461534
0.24992123076923078
0.16105107692307694
0.05173661538461538
-0.05820369230769231
-0.157296
-0.23156307692307693
-0.2791273846153846
-0.29185292307692307
-0.28163076923076924
-0.25805723076923076
-0.20673784615384616
-0.13372246153846154
-0.05382276923076923
0.023990769230769232
0.08448923076923077
0.1178676923076923
0.14206707692307693
0.14832553846153845
0.14185846153846154
0.11035753846153845
0.04088861538461538
-0.03942830769230769
-0.12579507692307693
-0.19818461538461538
-0.2532590769230769
-0.28851507692307693
-0.2993630769230769
-0.2805876923076923
-0.2194633846153846
-0.11911938461538461
-0.001043076923076923
0.10618523076923077
0.19735015384615384
0.2705741538461538
0.3379569230769231
0.384060923076923
0.3886504615384615
0.35193415384615384
0.2730775384615384
0.18232984615384615
0.08469784615384615
-0.011265230769230769
-0.08720123076923077
-0.14457046153846154
-0.1639716923076923
-0.1358086153846154
-0.06425353846153846
0.037342153846153844
0.14144123076923076
0.22864246153846152
0.29352184615384613
0.32585723076923073
0.32210215384615387
0.27412061538461535
0.184416
0.07572738461538461
-0.03609046153846154
-0.11849353846153846
-0.17628
-0.20506892307692307
-0.20006215384615383
-0.17419384615384614
-0.1151556923076923
-0.03233538461538461
0.06070707692307692
0.13706030769230768
0.16981292307692308
0.1712732307692308
0.15500123076923078
0.12287446153846153
0.0855323076923077
0.040262769230769234
-0.0029206153846153843
-0.03129230769230769
-0.04088861538461538
-0.017315076923076923
0.02545107692307692
0.06675692307692307
0.10055261538461538
0.12120553846153845
0.13038461538461538
0.12162276923076921
0.08720123076923077
0.029832
-0.04652123076923077
-0.11891076923076922
-0.1881710769230769
-0.2480436923076923
-0.2939390769230769
-0.3304467692307692
-0.35151692307692306
-0.31646953846153847
-0.1777403076923077
-0.0014603076923076922
0.21174461538461536
0.417648
0.5801593846153845
0.7309883076923077
0.794616
0.7906523076923075
0.6567212307692307
0.42244615384615386
0.1802436923076923
-0.07802215384615384
-0.30416123076923074
-0.504432
-0.6312701538461538
-0.6700726153846154
-0.5945538461538461
-0.39511753846153846
-0.14603076923076924
0.12245723076923076
0.3798886153846154
0.5713975384615384
0.6784172307692308
0.6800861538461539
0.5499101538461538
0.35047384615384614
0.08469784615384615
-0.20527753846153846
-0.45269538461538456
-0.6615193846153845
-0.7483033846153846
-0.7218092307692308
-0.6093655384615385
-0.41076369230769233
-0.19463815384615382
0.031709538461538456
0.22467876923076924
0.3402516923076923
0.3863556923076923
0.37425600000000003
0.33607938461538456
0.2891409230769231
0.21925476923076925
0.13455692307692307
0.05653476923076922
-0.009387692307692307
-0.058412307692307694
-0.10639384615384614
-0.1531236923076923
-0.20027076923076922
-0.2209236923076923
-0.19067446153846154
-0.14874276923076923
-0.10493353846153847
-0.07656184615384615
-0.05674338461538461
0.00855323076923077
0.08448923076923077
0.15270646153846154
0.21862892307692305
0.26160369230769226
0.30207507692307695
0.32272799999999996
0.2860116923076923
0.17481969230769231
0.006258461538461538
-0.19296923076923078
-0.3955347692307692
-0.5469895384615384
-0.6285581538461538
-0.6222996923076923
-0.5200781538461539
-0.3467187692307692
-0.11014892307692307
0.15333230769230768
0.3909452307692307
0.584748923076923
0.6890566153846153
0.6878049230769231
0.6185446153846154
0.47689476923076923
0.29456492307692306
0.08845292307692308
-0.14164984615384615
-0.32836061538461536
-0.4418473846153846
-0.47084492307692305
-0.4383009230769231
-0.35798399999999997
-0.214248
-0.03483876923076923
0.1779489230769231
0.37196123076923077
0.4948356923076923
0.5517876923076923
0.5146541538461539
0.4115981538461538
0.25993476923076925
0.06863446153846153
-0.10889723076923077
-0.26786215384615386
-0.38301784615384615
-0.43162523076923076
-0.4170221538461538
-0.3402516923076923
-0.23114584615384615
-0.11160923076923077
0.002712
0.0988836923076923
0.1666836923076923
0.19797599999999999
0.18963138461538462
0.14102399999999998
0.07677046153846154
0.016897846153846156
-0.03901107692307692
-0.07259815384615384
-0.08448923076923077
-0.09971815384615385
-0.103056
-0.09471138461538461
-0.09241661538461539
-0.09512861538461538
-0.11682461538461539
-0.15187199999999998
-0.17315076923076922
-0.18107815384615383
-0.17085599999999998
-0.14540492307692307
-0.1178676923076923
-0.07280676923076923
-0.013351384615384614
0.05674338461538461
0.11703323076923078
0.14331876923076922
0.15333230769230768
0.14164984615384615
0.11035753846153845
0.052153846153846155
-0.02858030769230769
-0.10514215384615383
-0.17815753846153848
-0.2290596923076923
-0.2526332307692308
-0.2532590769230769
-0.20673784615384616
-0.12621230769230768
-0.028371692307692306
0.08949599999999999
0.1942209230769231
0.27182584615384614
0.3198073846153846
0.3229366153846154
0.2906012307692308
0.22947692307692308
0.15103753846153847
0.07677046153846154
0.005841230769230769
-0.05069353846153846
-0.07969107692307692
-0.08344615384615384
-0.06446215384615385
-0.042557538461538466
-0.017940923076923077
-0.0012516923076923076
0.007301538461538462
0.013142769230769229
-0.009804923076923077
-0.040679999999999994
-0.06946892307692307
-0.08866153846153846
-0.086784
-0.07781353846153846
-0.06258461538461538
-0.040262769230769234
-0.0012516923076923076
0.05507446153846154
0.12850707692307692
0.18983999999999998
0.2157083076923077
0.21028430769230766
0.1691870769230769
0.10409907692307692
0.018775384615384614
-0.0744756923076923
-0.15833907692307692
-0.21883753846153844
-0.2438713846153846
-0.2225926153846154
-0.16438892307692307
-0.08845292307692308
0.0016689230769230767
0.09116492307692307
0.16626646153846153
0.22530461538461538
0.25159015384615385
0.23114584615384615
0.16480615384615382
0.06341907692307691
-0.04088861538461538
-0.13518276923076925
-0.21132738461538458
-0.2632726153846154
-0.28392553846153845
-0.26306399999999996
-0.20986707692307693
-0.12454338461538461
-0.031709538461538456
0.052153846153846155
0.12037107692307693
0.15917353846153848
0.18358153846153846
0.18232984615384615
0.15291507692307693
0.11411261538461538
0.06529661538461538
0.03296123076923077
0.031918153846153846
0.046104
0.06800861538461538
0.08448923076923077
0.0963803076923077
0.11056615384615384
0.11745046153846153
0.11265230769230769
0.086784
0.03859384615384615
-0.012934153846153845
-0.05945538461538461
-0.08887015384615385
-0.10013538461538461
-0.09053907692307692
-0.05027630769230769
0.010639384615384617
0.09012184615384615
0.1637630769230769
0.2157083076923077
0.24554030769230767
0.24074215384615386
0.20944984615384615
0.15520984615384617
0.06926030769230769
-0.03859384615384615
-0.15124615384615384
-0.2482523076923077
-0.30979384615384614
-0.32898646153846156
-0.3008233846153846
-0.23135446153846154
-0.14060676923076923
-0.03421292307692308
0.09012184615384615
0.21508246153846153
0.30937661538461536
0.3508910769230769
0.34984799999999994
0.31000246153846156
0.23782153846153845
0.1435273846153846
0.03296123076923077
-0.08302892307692307
-0.18963138461538462
-0.26306399999999996
-0.2924787692307692
-0.2814221538461538
-0.2482523076923077
-0.19714153846153845
-0.1287156923076923
-0.041514461538461535
0.05778646153846154
0.14123261538461537
0.20277415384615383
0.23677846153846152
0.24178523076923078
0.21758584615384616
0.1635544615384615
0.084072
-0.017315076923076923
-0.11599015384615384
-0.1923433846153846
-0.22989415384615383
-0.2275993846153846
-0.20652923076923077
-0.15938215384615384
-0.08991323076923076
-0.003129230769230769
0.09992676923076924
0.18525046153846153
0.23949046153846154
0.2578486153846154
0.2415766153846154
0.20986707692307693
0.17231630769230769
0.1287156923076923
0.07572738461538461
0.016272
-0.02899753846153846
-0.054240000000000003
-0.07384984615384615
-0.08845292307692308
-0.11452984615384615
-0.13872923076923074
-0.14665661538461539
-0.13309661538461537
-0.0892873846153846
-0.04568676923076923
-0.013560000000000001
0.02232184615384615
0.06884307692307692
0.12329169230769231
0.16188553846153847
0.1792006153846154
0.1858763076923077
0.17023015384615386
0.14290153846153844
0.1136953846153846
0.08115138461538463
0.037342153846153844
-0.019192615384615384
-0.062376
-0.09241661538461539
-0.11348676923076922
-0.1218313846153846
-0.12725538461538463
-0.10994030769230768
-0.06550523076923077
-0.0002086153846153846
0.0892873846153846
0.16626646153846153
0.22676492307692306
0.2557624615384615
0.24741784615384615
0.2292683076923077
0.17398523076923075
0.09074769230769231
-0.011265230769230769
-0.12412615384615384
-0.19755876923076923
-0.22947692307692308
-0.21967199999999998
-0.17419384615384614
-0.11265230769230769
-0.02586830769230769
0.06946892307692307
0.15082892307692305
0.20694646153846152
0.2221753846153846
0.21049292307692305
0.19359507692307693
0.1706473846153846
0.1476996923076923
0.1151556923076923
0.07259815384615384
0.04318338461538461
0.018358153846153843
0.006258461538461538
-0.004589538461538461
-0.018358153846153843
-0.02044430769230769
-0.02899753846153846
-0.027745846153846152
-0.009179076923076922
0.008970461538461538
0.03108369230769231
0.06341907692307691
0.10493353846153847
0.13893784615384613
0.15646153846153846
0.15354092307692307
0.12266584615384615
0.07551876923076924
0.016897846153846156
-0.04380923076923077
-0.10889723076923077
-0.17711446153846155
-0.23177169230769232
-0.2699483076923077
-0.28476
-0.2699483076923077
-0.23385784615384617
-0.1846246153846154
-0.11098338461538461
-0.019609846153846155
0.07405846153846153
0.1570873846153846
0.21153599999999997
0.23281476923076924
0.22447015384615385
0.1760713846153846
0.0961716923076923
-0.007510153846153846
-0.12662953846153846
-0.23364923076923078
-0.3127144615384615
-0.34317230769230767
-0.3225193846153846
-0.25805723076923076
-0.17419384615384614
-0.07531015384615385
0.03108369230769231
0.12224861538461537
0.1948467692307692
0.22822523076923076
0.2207150769230769
0.18525046153846153
0.13330523076923076
0.07468430769230769
0.0008344615384615384
-0.07969107692307692
-0.14457046153846154
-0.18504184615384617
-0.18504184615384617
-0.14582215384615385
-0.08991323076923076
-0.020652923076923076
0.04276615384615385
0.10326461538461539
0.15938215384615384
0.18483323076923078
0.1846246153846154
0.15228923076923076
0.09512861538461538
0.02753723076923077
-0.042557538461538466
-0.09971815384615385
-0.13622584615384614
-0.1506203076923077
-0.13184492307692308
-0.08031692307692308
-0.012934153846153845
0.06070707692307692
0.11703323076923078
0.14665661538461539
0.15374953846153847
0.14060676923076923
0.10785415384615385
0.05486584615384615
-0.01668923076923077
-0.09199938461538461
-0.15228923076923076
-0.19359507692307693
-0.21153599999999997
-0.20131384615384615
-0.1777403076923077
-0.14790830769230767
-0.09909230769230769
-0.047772923076923074
0.002086153846153846
0.03629907692307692
0.04318338461538461
0.04568676923076923
0.040262769230769234
0.025659692307692307
0.006675692307692307
-0.021070153846153846
-0.06341907692307691
-0.09199938461538461
-0.13393107692307693
-0.17502830769230768
-0.1881710769230769
-0.18983999999999998
-0.15604430769230768
-0.11077476923076923
-0.06946892307692307
-0.006258461538461538
0.06571384615384615
0.16710092307692306
0.3744646153846154
0.40596553846153843
0.3137575384615385
0.26348123076923075
0.100344
0.12350030769230769
0.02482523076923077
-0.25534523076923077
-0.43308553846153847
-0.6579729230769231
-0.5876695384615385
-0.48941169230769227
-0.4011673846153846
-0.26097784615384617
-0.20861538461538462
0.1207883076923077
0.37592492307692305
0.6006036923076923
0.7276504615384615
0.5730664615384615
0.540731076923077
0.35694092307692304
0.18963138461538462
0.06341907692307691
-0.2626467692307692
-0.368832
-0.5117335384615385
-0.6043587692307693
-0.43329415384615383
-0.3558978461538462
-0.09199938461538461
0.157296
0.25284184615384614
0.4812756923076923
0.5699372307692308
0.6898910769230769
0.7718769230769231
0.6233427692307691
0.4733483076923077
0.21821169230769227
0.05173661538461538
-0.03984553846153846
-0.2557624615384615
-0.40054153846153845
-0.5463636923076923
-0.5509532307692308
-0.38301784615384615
-0.2899753846153846
-0.12496061538461539
-0.0029206153846153843
0.0892873846153846
0.2862203076923077
0.35297723076923077
0.39657784615384617
0.4053396923076923
0.28809784615384615
0.2399076923076923
0.14394461538461537
0.02273907692307692
-0.05924676923076923
-0.19881046153846152
-0.27453784615384613
-0.3312812307692308
-0.3623649230769231
-0.3210590769230769
-0.25138153846153843
-0.11348676923076922
-0.027745846153846152
0.07468430769230769
0.2157083076923077
0.28809784615384615
0.3786369230769231
0.3558978461538462
0.2680707692307692
0.2073636923076923
0.07405846153846153
-0.010639384615384617
-0.11599015384615384
-0.24199384615384617
-0.26786215384615386
-0.28809784615384615
-0.24554030769230767
-0.1792006153846154
-0.1287156923076923
0.006258461538461538
0.13998092307692306
0.2532590769230769
0.31897292307692304
0.3277347692307692
0.3746732307692308
0.36319938461538465
0.292896
0.1858763076923077
0.011056615384615385
-0.09137353846153846
-0.17961784615384613
-0.2647329230769231
-0.265776
-0.2799618461538461
-0.21925476923076925
-0.1028473846153846
-0.015854769230769228
0.10952307692307692
0.19380369230769232
0.24574892307692306
0.28163076923076924
0.24720923076923076
0.1977673846153846
0.11140061538461538
0.02586830769230769
-0.042557538461538466
-0.130176
-0.18191261538461537
-0.25305046153846156
-0.2751636923076923
-0.23052
-0.19380369230769232
-0.08866153846153846
-0.006049846153846154
0.07030338461538461
0.20298276923076922
0.2931046153846154
0.36549415384615386
0.3684147692307692
0.2868461538461538
0.21988061538461537
0.1314276923076923
0.03379569230769231
-0.06154153846153846
-0.1760713846153846
-0.23823876923076923
-0.26619323076923074
-0.2503384615384615
-0.17648861538461538
-0.10243015384615384
-0.0002086153846153846
0.07802215384615384
0.13789476923076924
0.20819815384615384
0.2342750769230769
0.26911384615384615
0.2540935384615385
0.15813046153846153
0.061750153846153844
-0.05820369230769231
-0.1435273846153846
-0.19171753846153847
-0.28017046153846153
-0.33357600000000004
-0.3373310769230769
-0.28476
-0.16334584615384617
-0.06216738461538462
0.02545107692307692
0.0988836923076923
0.15917353846153848
0.23448369230769228
0.2618123076923077
0.2436627692307692
0.16876984615384616
0.06946892307692307
0.009179076923076922
-0.054657230769230764
-0.0826116923076923
-0.0963803076923077
-0.10806276923076923
-0.07343261538461537
-0.04652123076923077
0.009804923076923077
0.086784
0.12496061538461539
0.14686523076923075
0.12996738461538462
0.11473846153846154
0.13038461538461538
0.13267938461538462
0.12391753846153845
0.07551876923076924
0.01668923076923077
-0.014603076923076923
-0.03024923076923077
-0.021696
-0.04672984615384615
-0.09012184615384615
-0.10827138461538462
-0.10722830769230769
-0.06279323076923077
-0.034630153846153845
-0.03609046153846154
-0.02044430769230769
-0.004798153846153846
0.034630153846153845
0.07656184615384615
0.084072
0.09471138461538461
0.09471138461538461
0.09784061538461537
0.1097316923076923
0.08386338461538462
0.04172307692307692
-0.02315630769230769
-0.09137353846153846
-0.13789476923076924
-0.17377661538461536
-0.17732307692307692
-0.17481969230769231
-0.15833907692307692
-0.11473846153846154
-0.06070707692307692
0.016897846153846156
0.08636676923076922
0.132888
0.16647507692307692
0.16063384615384615
0.13852061538461538
0.10660246153846153
0.05236246153846154
-0.0012516923076923076
-0.06279323076923077
-0.10827138461538462
-0.11140061538461538
-0.10389046153846154
-0.08156861538461539
-0.044435076923076924
-0.007510153846153846
0.042557538461538466
0.08344615384615384
0.11098338461538461
0.12037107692307693
0.10576799999999999
0.0897046153846154
0.04839876923076923
0.0050067692307692304
-0.029623384615384614
-0.08031692307692308
-0.10514215384615383
-0.11411261538461538
-0.10764553846153846
-0.086784
-0.08448923076923077
-0.06425353846153846
-0.029206153846153847
0.0008344615384615384
0.018358153846153843
0.006049846153846154
-0.011473846153846154
-0.03233538461538461
-0.054657230769230764
-0.06195876923076923
-0.061124307692307686
-0.045895384615384616
-0.021696
0.009804923076923077
0.04819015384615385
0.08010830769230769
0.10785415384615385
0.11348676923076922
0.10180430769230768
0.09408553846153846
0.0853236923076923
0.08198584615384615
0.07238953846153846
0.05528307692307692
0.05194523076923077
0.06133292307692308
0.07572738461538461
0.0988836923076923
0.10889723076923077
0.1097316923076923
0.11098338461538461
0.10326461538461539
0.10681107692307691
0.08448923076923077
0.04088861538461538
0.003755076923076923
-0.03358707692307692
-0.04693846153846153
-0.051528
-0.054657230769230764
-0.04944184615384615
-0.04380923076923077
-0.022947692307692308
0.0043809230769230765
0.007510153846153846
-0.010013538461538461
-0.05444861538461539
-0.11286092307692308
-0.15667015384615385
-0.1867107692307692
-0.20339999999999997
-0.20965846153846154
-0.1881710769230769
-0.12600369230769232
-0.03984553846153846
0.05507446153846154
0.13247076923076923
0.1794092307692308
0.20298276923076922
0.19818461538461538
0.1794092307692308
0.13455692307692307
0.059664
-0.021278769230769233
-0.10347323076923076
-0.15875630769230767
-0.1869193846153846
-0.18963138461538462
-0.16772676923076923
-0.12975876923076923
-0.05820369230769231
0.035464615384615386
0.12767261538461538
0.19985353846153847
0.23803015384615384
0.2426196923076923
0.21049292307692305
0.14916
0.06529661538461538
-0.045895384615384616
-0.16751815384615384
-0.2670276923076923
-0.3198073846153846
-0.3127144615384615
-0.2680707692307692
-0.20193969230769232
-0.11599015384615384
-0.026702769230769228
0.07405846153846153
0.1612596923076923
0.20444307692307692
0.2075723076923077
0.1706473846153846
0.12266584615384615
0.078648
0.03108369230769231
-0.014394461538461538
-0.04902461538461538
-0.06279323076923077
-0.05194523076923077
-0.027745846153846152
-0.003129230769230769
0.003129230769230769
-0.0016689230769230767
-0.0012516923076923076
0.003755076923076923
0.015646153846153844
0.024199384615384616
0.03629907692307692
0.04839876923076923
0.06821723076923077
0.10347323076923076
0.14561353846153846
0.17899199999999998
0.18379015384615385
0.1721076923076923
0.1506203076923077
0.13309661538461537
0.10159569230769232
0.040054153846153843
-0.030875076923076922
-0.09867507692307692
-0.14164984615384615
-0.15228923076923076
-0.13998092307692306
-0.1045163076923077
-0.04547815384615384
0.037967999999999995
0.14018953846153845
0.2292683076923077
0.2837169230769231
0.2851772307692308
0.23072861538461537
0.14081538461538462
0.02899753846153846
-0.08866153846153846
-0.20861538461538462
-0.31500923076923076
-0.3863556923076923
-0.4078430769230769
-0.3646596923076923
-0.27704123076923076
-0.16772676923076923
-0.042974769230769226
0.07238953846153846
0.17148184615384612
0.24679199999999998
0.2707827692307692
0.24574892307692306
0.1779489230769231
0.086784
0.0
-0.07927384615384615
-0.14185846153846154
-0.18316430769230768
-0.18775384615384613
-0.14519630769230768
-0.07030338461538461
0.02086153846153846
0.10055261538461538
0.15813046153846153
0.20047938461538461
0.22405292307692307
0.2330233846153846
0.21487384615384614
0.15604430769230768
0.08115138461538463
0.010222153846153844
-0.03859384615384615
-0.06905169230769231
-0.09283384615384616
-0.10535076923076922
-0.09846646153846153
-0.06446215384615385
-0.007510153846153846
0.06070707692307692
0.10535076923076922
0.124752
0.11995384615384615
0.0974233846153846
0.06675692307692307
0.012308307692307691
-0.04944184615384615
-0.11348676923076922
-0.15959076923076923
-0.17732307692307692
-0.17294215384615383
-0.14728246153846153
-0.12162276923076921
-0.09053907692307692
-0.043392
0.012516923076923077
0.07468430769230769
0.12600369230769232
0.15145476923076923
0.157296
0.1395636923076923
0.12683815384615382
0.11265230769230769
0.07343261538461537
0.022947692307692308
-0.029206153846153847
-0.061124307692307686
-0.06967753846153846
-0.06362769230769232
-0.04318338461538461
-0.01043076923076923
0.024199384615384616
0.07113784615384615
0.08323753846153846
0.07531015384615385
0.043600615384615383
-0.021696
-0.0826116923076923
-0.16856123076923077
-0.21487384615384614
-0.22801661538461537
-0.17982646153846152
-0.05757784615384615
0.16751815384615384
0.36299076923076923
0.49629599999999996
0.6794603076923076
0.7556049230769231
0.8263255384615384
0.7472603076923077
0.5031803076923077
0.18629353846153843
-0.23072861538461537
-0.5513704615384615
-0.8845292307692307
-1.1219335384615385
-1.241470153846154
-1.2458510769230768
-0.9928006153846154
-0.6339821538461539
-0.111192
0.42724430769230765
0.8519852307692307
1.218731076923077
1.3626756923076921
1.3455692307692309
1.1473846153846152
0.7328658461538462
0.2764153846153846
-0.2701569230769231
-0.7733372307692308
-1.0756209230769231
-1.2625403076923076
-1.2195655384615385
-1.034315076923077
-0.7593599999999999
-0.34943076923076927
0.06738276923076922
0.5373932307692307
0.9452363076923076
1.1980781538461538
1.3290886153846153
1.2909119999999998
1.1557292307692306
0.8928738461538461
0.4919150769230769
0.051528
-0.42182030769230766
-0.7975366153846153
-1.029516923076923
-1.1567723076923078
-1.1294436923076923
-1.0069864615384616
-0.784811076923077
-0.4599969230769231
-0.1178676923076923
0.2415766153846154
0.5697286153846154
0.8035864615384616
0.9775716923076923
1.0545507692307692
1.0190861538461538
0.8619987692307692
0.5751526153846154
0.1940123076923077
-0.24616615384615384
-0.6640227692307692
-1.0303513846153844
-1.2836104615384616
-1.392924923076923
-1.3801993846153846
-1.1734615384615383
-0.78648
-0.2920615384615385
0.2832996923076923
0.8221532307692307
1.2640006153846153
1.5735858461538461
1.6843606153846153
1.6052953846153846
1.2957101538461537
0.8088018461538461
0.2371956923076923
-0.3686233846153846
-0.9070596923076922
-1.330966153846154
-1.5798443076923074
-1.6138486153846154
-1.4404892307692307
-1.0706141538461538
-0.5636787692307692
0.03775938461538462
0.6565126153846153
1.1793027692307692
1.547508923076923
1.7100203076923075
1.6290775384615384
1.3422313846153846
0.8816086153846154
0.31083692307692307
-0.2641070769230769
-0.8029606153846153
-1.2174793846153846
-1.4663575384615384
-1.5527243076923076
-1.4388203076923076
-1.1507224615384615
-0.728484923076923
-0.23072861538461537
0.2782929230769231
0.7347433846153846
1.0695710769230768
1.2729710769230769
1.3203267692307692
1.2051710769230768
0.9560843076923077
0.5899643076923077
0.18253846153846154
-0.21362215384615382
-0.5628443076923076
-0.8123483076923077
-0.9679753846153847
-1.0184603076923076
-0.9391864615384615
-0.7447569230769231
-0.47001046153846154
-0.16167692307692308
0.15374953846153847
0.45561599999999997
0.7126301538461539
0.8918307692307692
0.9719390769230769
0.9377261538461539
0.7962849230769231
0.5786990769230769
0.3116713846153846
0.024616615384615383
-0.25847446153846154
-0.5061009230769231
-0.7026166153846154
-0.8217359999999999
-0.8453095384615383
-0.7852283076923077
-0.6379458461538461
-0.43663199999999996
-0.20235692307692305
0.06195876923076923
0.32502276923076917
0.5770301538461539
0.7727113846153846
0.8676313846153846
0.8647107692307693
0.7526843076923077
0.5607581538461538
0.31208861538461535
0.015020307692307692
-0.2822566153846154
-0.546780923076923
-0.722435076923077
-0.7914867692307692
-0.7691649230769231
-0.6458732307692308
-0.45978830769230766
-0.22864246153846152
0.03150092307692308
0.2722430769230769
0.4775206153846153
0.6043587692307693
0.6469163076923078
0.6179187692307693
0.5069353846153847
0.35297723076923077
0.17148184615384612
-0.016063384615384615
-0.1792006153846154
-0.30583015384615386
-0.36945784615384614
-0.376968
-0.34046030769230773
-0.26118646153846153
-0.16501476923076921
-0.06675692307692307
0.026494153846153844
0.09179076923076923
0.1287156923076923
0.12662953846153846
0.09512861538461538
0.05820369230769231
0.020027076923076922
-0.006258461538461538
-0.03108369230769231
-0.04839876923076923
-0.05027630769230769
-0.04944184615384615
-0.04985907692307692
-0.053614153846153846
-0.07489292307692308
-0.11286092307692308
-0.15333230769230768
-0.1860849230769231
-0.21862892307692305
-0.24512307692307692
-0.2422024615384615
-0.20861538461538462
-0.13518276923076925
-0.03421292307692308
0.07426707692307692
0.17669723076923077
0.25054707692307693
0.2906012307692308
0.2914356923076923
0.23385784615384617
0.1289243076923077
0.008970461538461538
-0.11306953846153844
-0.22342707692307692
-0.3143833846153846
-0.3577753846153846
-0.34504984615384615
-0.2912270769230769
-0.18796246153846152
-0.05778646153846154
0.07697907692307693
0.19359507692307693
0.2643156923076923
0.2993630769230769
0.29414769230769233
0.25284184615384614
0.18358153846153846
0.08094276923076923
-0.025033846153846153
-0.12245723076923076
-0.19338646153846153
-0.2225926153846154
-0.2292683076923077
-0.20652923076923077
-0.16584923076923075
-0.11640738461538462
-0.049233230769230765
0.011473846153846154
0.054240000000000003
0.07489292307692308
0.078648
0.08469784615384615
0.09491999999999999
0.11035753846153845
0.13080184615384613
0.1489513846153846
0.15875630769230767
0.17502830769230768
0.20152246153846154
0.20673784615384616
0.18232984615384615
0.13101046153846155
0.061124307692307686
-0.008970461538461538
-0.08198584615384615
-0.1504116923076923
-0.1942209230769231
-0.20673784615384616
-0.1787833846153846
-0.10326461538461539
0.006675692307692307
0.12496061538461539
0.23510953846153848
0.3229366153846154
0.3752990769230769
0.3821833846153846
0.3440067692307692
0.24720923076923076
0.10409907692307692
-0.043392
-0.1800350769230769
-0.2774584615384615
-0.3312812307692308
-0.3473446153846154
-0.306456
-0.21842030769230766
-0.08991323076923076
0.056951999999999996
0.17690584615384616
0.26076923076923075
0.3004061538461538
0.3039526153846154
0.2751636923076923
0.2056947692307692
0.10493353846153847
-0.01981846153846154
-0.12955015384615384
-0.20402584615384614
-0.23093723076923076
-0.21529107692307692
-0.18525046153846153
-0.12808984615384614
-0.052153846153846155
0.03504738461538461
0.12162276923076921
0.17419384615384614
0.19192615384615386
0.17315076923076922
0.12725538461538463
0.07280676923076923
0.016480615384615385
-0.04380923076923077
-0.1045163076923077
-0.13872923076923074
-0.1356
-0.09992676923076924
-0.044435076923076924
0.014185846153846153
0.05820369230769231
0.07843938461538462
0.08052553846153847
0.05590892307692308
0.0025033846153846152
-0.07405846153846153
-0.15646153846153846
-0.20986707692307693
-0.2225926153846154
-0.18399876923076922
-0.111192
-0.027745846153846152
0.07489292307692308
0.17169046153846151
0.25200738461538463
0.30061476923076924
0.2789187692307692
0.20444307692307692
0.08594953846153845
-0.053405538461538456
-0.1779489230769231
-0.29331323076923077
-0.3727956923076923
-0.3982467692307692
-0.3650769230769231
-0.25930892307692305
-0.10180430769230768
0.07259815384615384
0.23531815384615382
0.376968
0.4816929230769231
0.5342640000000001
0.5294658461538462
0.46020553846153844
0.34233784615384616
0.19693292307692306
0.04547815384615384
-0.09033046153846153
-0.19860184615384616
-0.273912
-0.3049956923076923
-0.2795446153846154
-0.20444307692307692
-0.08887015384615385
0.033169846153846154
0.1356
0.21696000000000001
0.2705741538461538
0.30332676923076923
0.31125415384615385
0.2860116923076923
0.22822523076923076
0.154584
0.08845292307692308
0.04047138461538462
0.003963692307692307
-0.03755076923076923
-0.07948246153846153
-0.11724184615384614
-0.1435273846153846
-0.15208061538461537
-0.16105107692307694
-0.16501476923076921
-0.14832553846153845
-0.10055261538461538
-0.02232184615384615
0.07343261538461537
0.16730953846153845
0.23677846153846152
0.28163076923076924
0.29832
0.2868461538461538
0.23886461538461537
0.1424843076923077
0.01397723076923077
-0.12162276923076921
-0.23844738461538462
-0.31083692307692307
-0.32982092307692307
-0.2989458461538462
-0.22467876923076924
-0.11953661538461538
0.015020307692307692
0.16188553846153847
0.279336
0.3538116923076923
0.36632861538461536
0.327108923076923
0.26118646153846153
0.15938215384615384
0.040679999999999994
-0.08782707692307692
-0.20506892307692307
-0.276624
-0.29080984615384614
-0.252216
-0.18900553846153845
-0.11578153846153846
-0.03421292307692308
0.05090215384615384
0.119328
0.15792184615384616
0.15896492307692306
0.11745046153846153
0.051528
-0.01272553846153846
-0.06258461538461538
-0.10597661538461538
-0.13726892307692307
-0.14811692307692306
-0.12642092307692307
-0.06842584615384616
-0.001043076923076923
0.06279323076923077
0.10389046153846154
0.11432123076923076
0.1045163076923077
0.06487938461538462
0.006884307692307692
-0.06946892307692307
-0.15145476923076923
-0.2125790769230769
-0.24282830769230768
-0.2273907692307692
-0.17398523076923075
-0.10222153846153846
-0.01668923076923077
0.073224
0.1504116923076923
0.20402584615384614
0.214248
0.18316430769230768
0.10055261538461538
-0.011682461538461537
-0.11599015384615384
-0.20673784615384616
-0.2641070769230769
-0.30436984615384616
-0.3077076923076923
-0.27787569230769227
-0.22655630769230767
-0.1341396923076923
-0.033169846153846154
0.07572738461538461
0.18274707692307693
0.2574313846153846
0.31855569230769226
0.37926276923076924
0.4017932307692308
0.3752990769230769
0.309168
0.1779489230769231
0.04526953846153846
-0.09930092307692308
-0.20006215384615383
-0.26368984615384616
-0.3882332307692308
-0.4124326153846154
-0.41034646153846155
-0.3323243076923077
-0.17565415384615385
-0.054240000000000003
0.10722830769230769
0.1990190769230769
0.33566215384615383
0.4487316923076923
0.44581107692307687
0.401376
0.2225926153846154
0.05716061538461538
-0.11494707692307692
-0.30144923076923075
-0.39365723076923076
-0.500676923076923
-0.5129852307692307
-0.4376750769230769
-0.33670523076923076
-0.13393107692307693
0.04380923076923077
0.24032492307692307
0.4372578461538461
0.5267538461538461
0.6235513846153846
0.6412836923076922
0.5839144615384615
0.508812923076923
0.34004307692307695
0.1666836923076923
-0.028163076923076923
-0.2140393846153846
-0.314592
-0.3942830769230769
-0.40846892307692306
-0.3548547692307692
-0.25346769230769234
-0.08490646153846154
0.06717415384615384
0.21716861538461538
0.35464615384615383
0.4184824615384615
0.45728492307692303
0.43934399999999996
0.360696
0.254928
0.11181784615384616
-0.032544
-0.1777403076923077
-0.31918153846153846
-0.4145187692307692
-0.4925409230769231
-0.5192436923076923
-0.46938461538461534
-0.3819747692307692
-0.23052
-0.05757784615384615
0.1287156923076923
0.3031181538461538
0.41305846153846154
0.47376553846153846
0.45206953846153847
0.38030584615384616
0.2626467692307692
0.09721476923076922
-0.05236246153846154
-0.20173107692307693
-0.32335384615384616
-0.37592492307692305
-0.3886504615384615
-0.3506824615384615
-0.279336
-0.18253846153846154
-0.051528
0.06675692307692307
0.18775384615384613
0.2853858461538461
0.31897292307692304
0.31062830769230765
0.24199384615384617
0.14457046153846154
0.032544
-0.09971815384615385
-0.21842030769230766
-0.317304
-0.3665372307692307
-0.35276861538461535
-0.2979027692307692
-0.19985353846153847
-0.09408553846153846
0.006258461538461538
0.11724184615384614
0.19672430769230767
0.25138153846153843
0.26681907692307694
0.233232
0.19442953846153843
0.12496061538461539
0.04839876923076923
-0.026285538461538457
-0.10597661538461538
-0.16480615384615382
-0.21007569230769232
-0.22572184615384616
-0.2157083076923077
-0.18545907692307692
-0.12913292307692306
-0.06425353846153846
0.0014603076923076922
0.06550523076923077
0.11891076923076922
0.1612596923076923
0.1775316923076923
0.1710646153846154
0.1424843076923077
0.08490646153846154
0.034630153846153845
-0.0006258461538461538
-0.03775938461538462
-0.07802215384615384
-0.11557292307692307
-0.130176
-0.11452984615384615
-0.07113784615384615
-0.003755076923076923
0.05862092307692307
0.116616
0.1706473846153846
0.21132738461538458
0.24282830769230768
0.2507556923076923
0.2342750769230769
0.18754523076923074
0.1151556923076923
0.040262769230769234
-0.03129230769230769
-0.09179076923076923
-0.12725538461538463
-0.15208061538461537
-0.15416676923076922
-0.12245723076923076
-0.056951999999999996
0.03775938461538462
0.12099692307692309
0.17711446153846155
0.19588984615384614
0.18629353846153843
0.16105107692307694
0.10827138461538462
0.03275261538461539
-0.06341907692307691
-0.16584923076923075
-0.23093723076923076
-0.24908676923076922
-0.22801661538461537
-0.17502830769230768
-0.10952307692307692
-0.019192615384615384
0.08386338461538462
0.1785747692307692
0.24449723076923074
0.26118646153846153
0.2497126153846154
0.20694646153846152
0.146448
0.09283384615384616
0.032544
-0.024199384615384616
-0.07238953846153846
-0.09679753846153846
-0.08031692307692308
-0.04109723076923077
0.011682461538461537
0.05486584615384615
0.07572738461538461
0.08991323076923076
0.09825784615384614
0.10055261538461538
0.08302892307692307
0.03629907692307692
-0.0077187692307692304
-0.034630153846153845
-0.03859384615384615
-0.031918153846153846
-0.03629907692307692
-0.02482523076923077
0.0002086153846153846
0.04193169230769231
0.09596307692307693
0.124752
0.13121907692307694
0.1151556923076923
0.08949599999999999
0.05778646153846154
0.02586830769230769
-0.003963692307692307
-0.04672984615384615
-0.07802215384615384
-0.09283384615384616
-0.08177723076923075
-0.03838523076923077
0.013351384615384614
0.06759138461538462
0.11640738461538462
0.1570873846153846
0.1787833846153846
0.17148184615384612
0.13998092307692306
0.08761846153846153
0.022947692307692308
-0.03609046153846154
-0.07551876923076924
-0.10576799999999999
-0.12162276923076921
-0.12955015384615384
-0.13101046153846155
-0.10889723076923077
-0.08073415384615384
-0.055491692307692304
-0.03567323076923076
-0.023990769230769232
-0.0035464615384615383
0.015020307692307692
0.02273907692307692
0.03045784615384615
0.027745846153846152
0.028163076923076923
0.043392
0.053614153846153846
0.06341907692307691
0.05486584615384615
0.016272
-0.021070153846153846
-0.05507446153846154
-0.08386338461538462
-0.10159569230769232
-0.11223507692307692
-0.0974233846153846
-0.06300184615384616
-0.011473846153846154
0.054657230769230764
0.10576799999999999
0.1422756923076923
0.16063384615384615
0.16063384615384615
0.1435273846153846
0.10576799999999999
0.043600615384615383
-0.04526953846153846
-0.13726892307692307
-0.22426153846153846
-0.301032
-0.35235138461538457
-0.3746732307692308
-0.36319938461538465
-0.2989458461538462
-0.18379015384615385
-0.030875076923076922
0.13247076923076923
0.27453784615384613
0.385104
0.4314166153846154
0.4141015384615384
0.3346190769230769
0.19463815384615382
0.03421292307692308
-0.13080184615384613
-0.25555384615384613
-0.3248141538461538
-0.3425464615384616
-0.2999889230769231
-0.21675138461538462
-0.09074769230769231
0.06362769230769232
0.21716861538461538
0.3485963076923077
0.43287692307692305
0.4599969230769231
0.4374664615384615
0.36445107692307693
0.2568055384615385
0.124752
-0.028788923076923077
-0.16251138461538459
-0.2655673846153846
-0.32001599999999997
-0.3419206153846154
-0.32982092307692307
-0.2643156923076923
-0.17669723076923077
-0.06216738461538462
0.052153846153846155
0.15187199999999998
0.22551323076923077
0.25284184615384614
0.25242461538461536
0.22634769230769228
0.17273353846153844
0.10201292307692307
0.02795446153846154
-0.04130584615384615
-0.09596307692307693
-0.14164984615384615
-0.1787833846153846
-0.20110523076923076
-0.208824
-0.19192615384615386
-0.146448
-0.08010830769230769
0.0006258461538461538
0.08156861538461539
0.143736
0.1881710769230769
0.2225926153846154
0.23052
0.1992276923076923
0.13476553846153844
0.04401784615384615
-0.05403138461538461
-0.14707384615384617
-0.23218892307692307
-0.2897667692307692
-0.3116713846153846
-0.29101846153846156
-0.22780799999999998
-0.13622584615384614
-0.02357353846153846
0.08949599999999999
0.18963138461538462
0.2724516923076923
0.328152
0.3485963076923077
0.3152178461538461
0.2369870769230769
0.13810338461538463
0.031918153846153846
-0.05236246153846154
-0.11849353846153846
-0.1570873846153846
-0.16188553846153847
-0.14582215384615385
-0.10055261538461538
-0.038176615384615385
0.025033846153846153
0.0771876923076923
0.11348676923076922
0.13914646153846155
0.16334584615384617
0.15813046153846153
0.12496061538461539
0.078648
0.016272
-0.03838523076923077
-0.0826116923076923
-0.11432123076923076
-0.13893784615384613
-0.157296
-0.16105107692307694
-0.14728246153846153
-0.11494707692307692
-0.06988615384615385
-0.02086153846153846
0.01710646153846154
0.05298830769230769
0.08177723076923075
0.09763200000000001
0.08991323076923076
0.06195876923076923
0.028788923076923077
-0.007510153846153846
-0.020652923076923076
-0.018775384615384614
-0.005424
0.02023569230769231
0.05403138461538461
0.09825784615384614
0.13893784615384613
0.16647507692307692
0.16251138461538459
0.1287156923076923
0.06884307692307692
-0.0008344615384615384
-0.06300184615384616
-0.12725538461538463
-0.17023015384615386
-0.19025723076923076
-0.18274707692307693
-0.13247076923076923
-0.06633969230769231
0.014394461538461538
0.08699261538461538
0.1368516923076923
0.168144
0.17711446153846155
0.1585476923076923
0.09763200000000001
0.013768615384615384
-0.07155507692307693
-0.14394461538461537
-0.18274707692307693
-0.19150892307692308
-0.17565415384615385
-0.12996738461538462
-0.06300184615384616
0.029623384615384614
0.13309661538461537
0.21758584615384616
0.27140861538461536
0.28809784615384615
0.2701569230769231
0.2221753846153846
0.14164984615384615
0.040054153846153843
-0.06759138461538462
-0.16063384615384615
-0.21195323076923075
-0.21883753846153844
-0.18191261538461537
-0.11411261538461538
-0.038176615384615385
0.044435076923076924
0.1316363076923077
0.2157083076923077
0.2774584615384615
0.28204799999999997
0.2478350769230769
0.184416
0.10159569230769232
0.02795446153846154
-0.04526953846153846
-0.10806276923076923
-0.15792184615384616
-0.18650215384615382
-0.16689230769230767
-0.1178676923076923
-0.06800861538461538
-0.027120000000000002
0.0029206153846153843
0.016063384615384615
0.05069353846153846
0.124752
0.1927606153846154
0.27620676923076926
0.34317230769230767
0.385104
0.44351630769230765
0.46354338461538463
0.44956615384615384
0.3567323076923076
0.19651569230769228
0.017732307692307693
-0.14999446153846155
-0.24700061538461537
-0.38239199999999995
-0.4593710769230769
-0.4789809230769231
-0.44622830769230765
-0.2618123076923077
-0.0826116923076923
0.12391753846153845
0.2753723076923077
0.3609046153846154
0.44956615384615384
0.4147273846153846
0.327108923076923
0.13998092307692306
-0.10660246153846153
-0.31125415384615385
-0.5131938461538461
-0.5864178461538462
-0.5866264615384615
-0.5063095384615385
-0.3102110769230769
-0.103056
0.15625292307692307
0.3707095384615384
0.5138196923076923
0.6081138461538461
0.5597150769230769
0.45311261538461534
0.30708184615384615
0.11578153846153846
-0.037342153846153844
-0.1992276923076923
-0.3252313846153846
-0.38990215384615384
-0.4287046153846154
-0.38948492307692306
-0.3198073846153846
-0.23218892307692307
-0.11828492307692307
-0.008136
0.11891076923076922
0.2090326153846154
0.2399076923076923
0.21362215384615382
0.13747753846153846
0.06446215384615385
-0.03337846153846154
-0.1358086153846154
-0.2125790769230769
-0.26723630769230766
-0.2620209230769231
-0.22029784615384615
-0.18879692307692306
-0.14477907692307693
-0.11536430769230768
-0.09909230769230769
-0.059872615384615385
-0.04672984615384615
-0.01981846153846154
0.010013538461538461
0.03859384615384615
0.09679753846153846
0.14331876923076922
0.19025723076923076
0.20339999999999997
0.18525046153846153
0.1356
0.040054153846153843
-0.04318338461538461
-0.12558646153846154
-0.20444307692307692
-0.26160369230769226
-0.2981113846153846
-0.2768326153846154
-0.21362215384615382
-0.1353913846153846
-0.037967999999999995
0.051319384615384614
0.1435273846153846
0.23886461538461537
0.29581661538461534
0.306456
0.25534523076923077
0.1612596923076923
0.05736923076923077
-0.04819015384615385
-0.14102399999999998
-0.2275993846153846
-0.2782929230769231
-0.2753723076923077
-0.22593046153846155
-0.11286092307692308
0.015646153846153844
0.14457046153846154
0.26932246153846157
0.3377483076923077
0.37008369230769234
0.3573581538461538
0.28893230769230765
0.20527753846153846
0.0880356923076923
-0.033169846153846154
-0.13476553846153844
-0.21737723076923077
-0.2557624615384615
-0.26619323076923074
-0.2426196923076923
-0.18754523076923074
-0.10660246153846153
0.0006258461538461538
0.11223507692307692
0.20152246153846154
0.24449723076923074
0.2561796923076923
0.24491446153846153
0.18796246153846152
0.11494707692307692
0.04401784615384615
-0.034630153846153845
-0.09053907692307692
-0.11265230769230769
-0.09971815384615385
-0.06195876923076923
-0.024408000000000003
0.030875076923076922
0.09074769230769231
0.12537784615384615
0.13184492307692308
0.10994030769230768
0.0892873846153846
0.065088
0.031709538461538456
0.010848
-0.008761846153846153
-0.011265230769230769
-0.0077187692307692304
-0.017940923076923077
-0.01856676923076923
-0.03233538461538461
-0.042557538461538466
-0.031709538461538456
-0.03337846153846154
-0.027745846153846152
-0.026911384615384615
-0.03650769230769231
-0.02273907692307692
-0.01043076923076923
-0.003129230769230769
0.0002086153846153846
-0.008344615384615384
-0.011265230769230769
-0.010639384615384617
-0.0033378461538461535
0.012099692307692308
0.02211323076923077
0.02044430769230769
0.004172307692307692
-0.004798153846153846
-0.002086153846153846
-0.004172307692307692
-0.003129230769230769
-0.015228923076923076
-0.014394461538461538
0.023990769230769232
0.07238953846153846
0.13038461538461538
0.1783661538461538
0.19046584615384615
0.17148184615384612
0.14185846153846154
0.09533723076923077
0.027328615384615382
-0.06383630769230769
-0.1656406153846154
-0.23677846153846152
-0.26535876923076923
-0.2453316923076923
-0.17982646153846152
-0.08782707692307692
0.02023569230769231
0.14269292307692305
0.252216
0.3275261538461538
0.3442153846153846
0.2891409230769231
0.19025723076923076
0.06946892307692307
-0.04568676923076923
-0.15187199999999998
-0.2424110769230769
-0.30061476923076924
-0.3127144615384615
-0.2641070769230769
-0.16751815384615384
-0.043392
0.0798996923076923
0.18399876923076922
0.26535876923076923
0.3214763076923077
0.3369138461538461
0.3045784615384615
0.22321846153846153
0.09971815384615385
-0.029832
-0.15208061538461537
-0.24032492307692307
-0.2899753846153846
-0.3081249230769231
-0.28392553846153845
-0.22405292307692307
-0.13393107692307693
-0.026076923076923077
0.06946892307692307
0.12433476923076923
0.15228923076923076
0.15270646153846154
0.13393107692307693
0.1028473846153846
0.04735569230769231
-0.00855323076923077
-0.054657230769230764
-0.07739630769230768
-0.07697907692307693
-0.07343261538461537
-0.07218092307692307
-0.06863446153846153
-0.05298830769230769
-0.03567323076923076
-0.025659692307692307
-0.028163076923076923
-0.04380923076923077
-0.058412307692307694
-0.05277969230769231
-0.020652923076923076
0.033169846153846154
0.09408553846153846
0.14561353846153846
0.19338646153846153
0.2209236923076923
0.22864246153846152
0.21174461538461536
0.15145476923076923
0.06028984615384615
-0.0448523076923077
-0.13121907692307694
-0.19150892307692308
-0.22551323076923077
-0.22572184615384616
-0.19755876923076923
-0.12955015384615384
-0.030040615384615384
0.08073415384615384
0.18858830769230767
0.260352
0.29769415384615383
0.31229723076923077
0.29581661538461534
0.2509643076923077
0.17252492307692308
0.06654830769230768
-0.04631261538461538
-0.14665661538461539
-0.2125790769230769
-0.24011630769230768
-0.2290596923076923
-0.1883796923076923
-0.11640738461538462
-0.012934153846153845
0.09825784615384614
0.19839323076923077
0.26097784615384617
0.2837169230769231
0.2695310769230769
0.233232
0.1800350769230769
0.100344
0.003963692307692307
-0.08720123076923077
-0.15687876923076924
-0.1992276923076923
-0.1977673846153846
-0.16418030769230768
-0.11390399999999999
-0.05486584615384615
0.007927384615384614
0.06800861538461538
0.11056615384615384
0.14081538461538462
0.15103753846153847
0.1397723076923077
0.12704676923076924
0.1178676923076923
0.1045163076923077
0.08135999999999999
0.0448523076923077
0.004798153846153846
-0.027120000000000002
-0.05444861538461539
-0.07426707692307692
-0.0892873846153846
-0.10013538461538461
-0.09971815384615385
-0.09575446153846154
-0.08198584615384615
-0.062376
-0.034630153846153845
0.00855323076923077
0.04652123076923077
0.08344615384615384
0.10597661538461538
0.11306953846153844
0.10764553846153846
0.08010830769230769
0.04902461538461538
-0.0004172307692307692
-0.05173661538461538
-0.09429415384615383
-0.12975876923076923
-0.13789476923076924
-0.12642092307692307
-0.09304246153846155
-0.04172307692307692
0.011265230769230769
0.06070707692307692
0.09784061538461537
0.11578153846153846
0.12788123076923075
0.12016246153846154
0.09700615384615385
0.06926030769230769
0.03567323076923076
0.015646153846153844
-0.002086153846153846
-0.007927384615384614
0.0016689230769230767
0.021904615384615383
0.05507446153846154
0.08490646153846154
0.10389046153846154
0.10535076923076922
0.09012184615384615
0.06300184615384616
0.017940923076923077
-0.04819015384615385
-0.1178676923076923
-0.18525046153846153
-0.2369870769230769
-0.2643156923076923
-0.2799618461538461
-0.25471938461538457
-0.19463815384615382
-0.10931446153846153
0.004589538461538461
0.1151556923076923
0.20840676923076923
0.26097784615384617
0.26765353846153844
0.23364923076923078
0.15813046153846153
0.06133292307692308
-0.056951999999999996
-0.1800350769230769
-0.27558092307692306
-0.33378461538461535
-0.33545353846153847
-0.2883064615384615
-0.20673784615384616
-0.10222153846153846
0.003963692307692307
0.10910584615384614
0.19505538461538463
0.241368
0.24700061538461537
0.20965846153846154
0.1368516923076923
0.04380923076923077
-0.06049846153846154
-0.15520984615384617
-0.23281476923076924
-0.2830910769230769
-0.28663753846153844
-0.24846092307692308
-0.168144
-0.07593599999999999
0.012934153846153845
0.0988836923076923
0.16271999999999998
0.20360861538461536
0.2138307692307692
0.19693292307692306
0.16313723076923078
0.11599015384615384
0.0717636923076923
0.03483876923076923
0.004172307692307692
-0.01814953846153846
-0.03212676923076923
-0.03024923076923077
-0.012099692307692308
0.017940923076923077
0.04839876923076923
0.06613107692307692
0.07927384615384615
0.09262523076923077
0.11181784615384616
0.12537784615384615
0.11536430769230768
0.09074769230769231
0.05298830769230769
0.025659692307692307
0.011265230769230769
-0.006467076923076923
-0.02273907692307692
-0.04088861538461538
-0.05778646153846154
-0.06300184615384616
-0.06028984615384615
-0.059038153846153844
-0.059038153846153844
-0.05444861538461539
-0.04318338461538461
-0.01981846153846154
0.015020307692307692
0.04318338461538461
0.06967753846153846
0.09658892307692307
0.1136953846153846
0.12454338461538461
0.11828492307692307
0.09053907692307692
0.047772923076923074
-0.012516923076923077
-0.07113784615384615
-0.10681107692307691
-0.12579507692307693
-0.1316363076923077
-0.11891076923076922
-0.07781353846153846
-0.017315076923076923
0.0448523076923077
0.08469784615384615
0.09033046153846153
0.06341907692307691
0.027745846153846152
0.0006258461538461538
-0.0448523076923077
-0.07927384615384615
-0.12391753846153845
-0.143736
-0.12516923076923075
-0.07656184615384615
0.08219446153846154
0.11578153846153846
0.10618523076923077
0.14081538461538462
0.11286092307692308
0.17440246153846153
0.11390399999999999
0.005424
-0.10430769230769231
-0.23510953846153848
-0.1860849230769231
-0.1792006153846154
-0.14728246153846153
-0.13622584615384614
-0.15500123076923078
-0.02357353846153846
0.05862092307692307
0.17544553846153846
0.20486030769230767
0.09700615384615385
0.058412307692307694
-0.033169846153846154
-0.04944184615384615
-0.05277969230769231
-0.1316363076923077
-0.1097316923076923
-0.14978584615384616
-0.1476996923076923
-0.026702769230769228
0.030875076923076922
0.13226215384615383
0.16689230769230767
0.13872923076923074
0.15479261538461536
0.11265230769230769
0.12308307692307692
0.12204
0.04672984615384615
0.0008344615384615384
-0.04047138461538462
0.0002086153846153846
0.059038153846153844
0.0609156923076923
0.06884307692307692
0.03296123076923077
0.04839876923076923
0.0961716923076923
0.0853236923076923
0.08156861538461539
0.042348923076923076
0.024199384615384616
0.06028984615384615
0.05298830769230769
0.06404492307692307
0.07343261538461537
0.05820369230769231
0.09679753846153846
0.11223507692307692
0.1045163076923077
0.061124307692307686
-0.029623384615384614
-0.08720123076923077
-0.14665661538461539
-0.1712732307692308
-0.1777403076923077
-0.1639716923076923
-0.10868861538461538
-0.09325107692307691
-0.032544
0.042974769230769226
0.08323753846153846
0.13914646153846155
0.13789476923076924
0.13101046153846155
0.12496061538461539
0.09074769230769231
0.08198584615384615
0.03609046153846154
-0.009804923076923077
-0.013351384615384614
-0.022947692307692308
-0.013351384615384614
-0.025033846153846153
-0.031709538461538456
0.014603076923076923
0.05736923076923077
0.10347323076923076
0.11807630769230769
0.11327815384615383
0.13622584615384614
0.13247076923076923
0.13393107692307693
0.11724184615384614
0.04672984615384615
0.008136
-0.027745846153846152
-0.05048492307692308
-0.04714707692307692
-0.0744756923076923
-0.07635323076923077
-0.06946892307692307
-0.06988615384615385
-0.035255999999999996
-0.006884307692307692
0.015854769230769228
0.02795446153846154
0.020652923076923076
0.03421292307692308
0.049233230769230765
0.07781353846153846
0.10514215384615383
0.10806276923076923
0.11557292307692307
0.09909230769230769
0.07843938461538462
0.03942830769230769
-0.03901107692307692
-0.09763200000000001
-0.15604430769230768
-0.18212123076923076
-0.14749107692307692
-0.1045163076923077
-0.04985907692307692
0.006258461538461538
0.07030338461538461
0.16626646153846153
0.2426196923076923
0.26306399999999996
0.23156307692307693
0.14957723076923077
0.06842584615384616
-0.017315076923076923
-0.09554584615384615
-0.14832553846153845
-0.20632061538461538
-0.21633415384615384
-0.20402584615384614
-0.1612596923076923
-0.0853236923076923
-0.026285538461538457
0.06279323076923077
0.1435273846153846
0.200688
0.24303692307692307
0.23364923076923078
0.20861538461538462
0.15896492307692306
0.07280676923076923
-0.0035464615384615383
-0.08010830769230769
-0.14164984615384615
-0.17273353846153844
-0.18358153846153846
-0.14686523076923075
-0.10138707692307691
-0.04318338461538461
0.029414769230769227
0.06884307692307692
0.09784061538461537
0.09429415384615383
0.06946892307692307
0.03337846153846154
-0.03275261538461539
-0.07969107692307692
-0.11265230769230769
-0.12558646153846154
-0.10994030769230768
-0.09533723076923077
-0.06550523076923077
-0.02482523076923077
0.011473846153846154
0.045895384615384616
0.05319692307692307
0.042974769230769226
0.02315630769230769
-0.005632615384615384
-0.021278769230769233
-0.035255999999999996
-0.040262769230769234
-0.030040615384615384
0.0043809230769230765
0.07092923076923077
0.1356
0.18128676923076922
0.20110523076923076
0.1923433846153846
0.1794092307692308
0.1531236923076923
0.11995384615384615
0.09074769230769231
0.03984553846153846
-0.011056615384615385
-0.051528
-0.07468430769230769
-0.06759138461538462
-0.05048492307692308
-0.024408000000000003
0.006884307692307692
0.03150092307692308
0.06195876923076923
0.07948246153846153
0.07885661538461539
0.06216738461538462
0.024408000000000003
-0.013560000000000001
-0.058829538461538454
-0.0988836923076923
-0.13226215384615383
-0.16084246153846155
-0.1704387692307692
-0.15938215384615384
-0.12704676923076924
-0.08490646153846154
-0.06154153846153846
-0.043392
-0.012308307692307691
0.02044430769230769
0.061124307692307686
0.08073415384615384
0.07405846153846153
0.061750153846153844
0.04631261538461538
0.037967999999999995
0.028163076923076923
0.003755076923076923
-0.04109723076923077
-0.09512861538461538
-0.12370892307692308
-0.132888
-0.12955015384615384
-0.1136953846153846
-0.1045163076923077
-0.07510153846153846
-0.026702769230769228
0.03066646153846154
0.09429415384615383
0.13080184615384613
0.14957723076923077
0.15333230769230768
0.12934153846153845
0.09700615384615385
0.053614153846153846
0.003963692307692307
-0.03984553846153846
-0.0771876923076923
-0.08490646153846154
-0.07593599999999999
-0.06279323076923077
-0.04214030769230769
-0.01668923076923077
0.021070153846153846
0.059038153846153844
0.09450276923076922
0.11452984615384615
0.10848000000000001
0.09554584615384615
0.08219446153846154
0.06592246153846154
0.047772923076923074
0.018775384615384614
-0.015020307692307692
-0.03921969230769231
-0.052153846153846155
-0.05611753846153846
-0.056951999999999996
-0.05778646153846154
-0.04860738461538461
-0.029832
-0.005215384615384615
0.026285538461538457
0.049233230769230765
0.06341907692307691
0.0717636923076923
0.07906523076923076
0.09325107692307691
0.09533723076923077
0.08135999999999999
0.052571076923076915
0.017315076923076923
-0.007510153846153846
-0.021904615384615383
-0.025033846153846153
-0.021070153846153846
-0.015646153846153844
0.003755076923076923
0.04214030769230769
0.07030338461538461
0.08949599999999999
0.10326461538461539
0.10263876923076923
0.09241661538461539
0.07134646153846153
0.040262769230769234
-0.0029206153846153843
-0.05027630769230769
-0.08323753846153846
-0.0961716923076923
-0.09158215384615384
-0.07843938461538462
-0.06738276923076922
-0.06362769230769232
-0.06070707692307692
-0.046104
-0.03671630769230769
-0.03296123076923077
-0.03108369230769231
-0.03442153846153846
-0.03129230769230769
-0.029414769230769227
-0.02753723076923077
-0.03650769230769231
-0.05820369230769231
-0.0744756923076923
-0.08198584615384615
-0.078648
-0.06446215384615385
-0.037967999999999995
-0.006258461538461538
0.03337846153846154
0.078648
0.11160923076923077
0.12955015384615384
0.124752
0.0936683076923077
0.06049846153846154
0.029832
0.011265230769230769
0.003129230769230769
-0.005215384615384615
0.0035464615384615383
0.02023569230769231
0.0446436923076923
0.07197230769230768
0.09095630769230768
0.10493353846153847
0.10409907692307692
0.10555938461538462
0.10430769230769231
0.08115138461538463
0.04568676923076923
-0.005424
-0.05069353846153846
-0.07551876923076924
-0.08720123076923077
-0.08469784615384615
-0.08010830769230769
-0.06321046153846153
-0.02858030769230769
0.01710646153846154
0.06446215384615385
0.09304246153846155
0.103056
0.09596307692307693
0.08386338461538462
0.07051199999999999
0.04714707692307692
0.010639384615384617
-0.040054153846153843
-0.084072
-0.10910584615384614
-0.11286092307692308
-0.10660246153846153
-0.08657538461538461
-0.053614153846153846
-0.014394461538461538
0.03984553846153846
0.09241661538461539
0.13747753846153846
0.15833907692307692
0.15667015384615385
0.14832553846153845
0.12350030769230769
0.08115138461538463
0.02211323076923077
-0.045060923076923075
-0.10722830769230769
-0.1531236923076923
-0.1760713846153846
-0.1704387692307692
-0.1462393846153846
-0.10660246153846153
-0.03609046153846154
0.05382276923076923
0.14081538461538462
0.20465169230769228
0.23677846153846152
0.23969907692307693
0.21883753846153844
0.1787833846153846
0.12579507692307693
0.06967753846153846
0.00855323076923077
-0.047772923076923074
-0.08073415384615384
-0.09408553846153846
-0.0880356923076923
-0.06529661538461538
-0.041514461538461535
-0.011265230769230769
0.021487384615384613
0.06696553846153847
0.11953661538461538
0.15604430769230768
0.1804523076923077
0.19067446153846154
0.1883796923076923
0.17231630769230769
0.13643446153846153
0.09179076923076923
0.03692492307692308
-0.02211323076923077
-0.065088
-0.09825784615384614
-0.1136953846153846
-0.11140061538461538
-0.0961716923076923
-0.05444861538461539
0.0002086153846153846
0.05319692307692307
0.09930092307692308
0.1316363076923077
0.15938215384615384
0.17481969230769231
0.17002153846153847
0.1356
0.06487938461538462
-0.021904615384615383
-0.11953661538461538
-0.2059033846153846
-0.2724516923076923
-0.31813846153846154
-0.3342018461538461
-0.31188
-0.25012984615384615
-0.17023015384615386
-0.0798996923076923
0.006049846153846154
0.086784
0.1502030769230769
0.1794092307692308
0.16897846153846155
0.10910584615384614
0.014185846153846153
-0.09387692307692307
-0.1913003076923077
-0.2586830769230769
-0.2870547692307692
-0.29185292307692307
-0.268488
-0.222384
-0.1543753846153846
-0.05653476923076922
0.03984553846153846
0.12120553846153845
0.16188553846153847
0.18379015384615385
0.19046584615384615
0.20339999999999997
0.19442953846153843
0.2438713846153846
0.28163076923076924
0.1395636923076923
0.08782707692307692
0.010639384615384617
-0.023990769230769232
-0.01043076923076923
-0.14060676923076923
-0.1800350769230769
-0.26348123076923075
-0.19171753846153847
-0.035255999999999996
0.005424
0.08761846153846153
0.04193169230769231
0.10326461538461539
0.18525046153846153
0.18504184615384617
0.2075723076923077
0.03504738461538461
-0.08615815384615384
-0.15416676923076922
-0.2290596923076923
-0.1794092307692308
-0.21341353846153846
-0.16251138461538459
-0.03233538461538461
0.006258461538461538
0.15938215384615384
0.24574892307692306
0.2939390769230769
0.3646596923076923
0.2931046153846154
0.26139507692307695
0.1775316923076923
0.09825784615384614
0.10389046153846154
0.03692492307692308
0.008136
-0.02044430769230769
-0.003963692307692307
0.08887015384615385
0.10076123076923077
0.1178676923076923
0.10827138461538462
0.08156861538461539
0.13518276923076925
0.13080184615384613
0.11432123076923076
0.09784061538461537
0.041514461538461535
0.05194523076923077
0.03921969230769231
-0.004798153846153846
-0.016272
-0.05444861538461539
-0.03880246153846154
0.006467076923076923
0.02482523076923077
0.05444861538461539
0.029206153846153847
-0.003755076923076923
-0.052153846153846155
-0.12496061538461539
-0.16876984615384616
-0.21028430769230766
-0.18149538461538461
-0.14331876923076922
-0.11599015384615384
-0.026285538461538457
0.046104
0.1289243076923077
0.19839323076923077
0.1990190769230769
0.19568123076923075
0.14832553846153845
0.10180430769230768
0.07030338461538461
-0.0004172307692307692
-0.024408000000000003
-0.033169846153846154
-0.04422646153846154
-0.046104
-0.07364123076923076
-0.06070707692307692
-0.029623384615384614
-0.015854769230769228
-0.016480615384615385
-0.03567323076923076
-0.005632615384615384
0.04401784615384615
0.06300184615384616
0.07280676923076923
0.035464615384615386
0.005841230769230769
0.016063384615384615
-0.0022947692307692304
-0.009179076923076922
-0.03567323076923076
-0.07301538461538462
-0.07343261538461537
-0.10618523076923077
-0.1435273846153846
-0.1800350769230769
-0.2140393846153846
-0.2127876923076923
-0.20527753846153846
-0.168144
-0.13789476923076924
-0.10722830769230769
-0.03504738461538461
0.03358707692307692
0.10597661538461538
0.14039815384615384
0.1287156923076923
0.11140061538461538
0.0609156923076923
0.01272553846153846
-0.03775938461538462
-0.11953661538461538
-0.1691870769230769
-0.18545907692307692
-0.17690584615384616
-0.13622584615384614
-0.09012184615384615
-0.005841230769230769
0.103056
0.19568123076923075
0.2712
0.30061476923076924
0.2883064615384615
0.23969907692307693
0.15792184615384616
0.07781353846153846
-0.0029206153846153843
-0.06279323076923077
-0.10597661538461538
-0.14665661538461539
-0.14582215384615385
-0.119328
-0.056951999999999996
0.030040615384615384
0.07802215384615384
0.10555938461538462
0.11494707692307692
0.12287446153846153
0.14603076923076924
0.12162276923076921
0.06884307692307692
0.010222153846153844
-0.03942830769230769
-0.04985907692307692
-0.05069353846153846
-0.055491692307692304
-0.078648
-0.09971815384615385
-0.0853236923076923
-0.058412307692307694
-0.029623384615384614
-0.009804923076923077
-0.017732307692307693
-0.016480615384615385
-0.012099692307692308
0.003755076923076923
0.03233538461538461
0.046104
0.07635323076923077
0.09554584615384615
0.11599015384615384
0.15479261538461536
0.1785747692307692
0.1704387692307692
0.11828492307692307
0.06300184615384616
0.031709538461538456
0.00855323076923077
-0.017315076923076923
-0.04819015384615385
-0.06988615384615385
-0.06759138461538462
-0.028163076923076923
0.042557538461538466
0.10096984615384616
0.12537784615384615
0.13080184615384613
0.12516923076923075
0.12516923076923075
0.10472492307692308
0.044435076923076924
-0.013560000000000001
-0.06738276923076922
-0.09700615384615385
-0.09825784615384614
-0.09700615384615385
-0.084072
-0.05382276923076923
-0.006258461538461538
0.05736923076923077
0.11682461538461539
0.1476996923076923
0.14790830769230767
0.11286092307692308
0.06905169230769231
0.03296123076923077
0.006675692307692307
-0.01272553846153846
-0.03942830769230769
-0.05924676923076923
-0.06341907692307691
-0.05090215384615384
-0.02482523076923077
-0.003129230769230769
0.0
-0.012934153846153845
-0.029623384615384614
-0.030875076923076922
-0.02357353846153846
-0.02586830769230769
-0.03713353846153846
-0.051319384615384614
-0.04693846153846153
-0.029206153846153847
-0.020027076923076922
-0.01981846153846154
-0.027745846153846152
-0.03650769230769231
-0.033169846153846154
-0.023990769230769232
-0.017315076923076923
-0.011265230769230769
-0.013351384615384614
-0.026076923076923077
-0.04088861538461538
-0.05027630769230769
-0.05799507692307692
-0.07510153846153846
-0.09074769230769231
-0.09408553846153846
-0.084072
-0.07280676923076923
-0.06049846153846154
-0.042974769230769226
-0.02545107692307692
-0.004172307692307692
0.0035464615384615383
0.00855323076923077
0.011265230769230769
0.002712
-0.0016689230769230767
-0.004589538461538461
0.008136
0.02273907692307692
0.018358153846153843
0.0070929230769230765
-0.005841230769230769
-0.010639384615384617
-0.015020307692307692
-0.021696
-0.01668923076923077
-0.014603076923076923
-0.005424
0.015854769230769228
0.042557538461538466
0.07426707692307692
0.09992676923076924
0.130176
0.16480615384615382
0.19380369230769232
0.2090326153846154
0.2125790769230769
0.2021483076923077
0.17273353846153844
0.13455692307692307
0.09033046153846153
0.05486584615384615
0.029623384615384614
0.015228923076923076
0.018983999999999997
0.04109723076923077
0.08073415384615384
0.124752
0.1656406153846154
0.20152246153846154
0.22321846153846153
0.22175815384615383
0.19881046153846152
0.1462393846153846
0.07969107692307692
0.02023569230769231
-0.028163076923076923
-0.07301538461538462
-0.10409907692307692
-0.11202646153846153
-0.10535076923076922
-0.08052553846153847
-0.04380923076923077
0.002086153846153846
0.043600615384615383
0.06049846153846154
0.07280676923076923
0.07405846153846153
0.05444861538461539
0.028163076923076923
-0.011265230769230769
-0.044435076923076924
-0.07468430769230769
-0.0961716923076923
-0.09679753846153846
-0.08594953846153845
-0.05757784615384615
-0.03379569230769231
-0.016272
-0.010848
-0.019609846153846155
-0.037967999999999995
-0.07092923076923077
-0.10055261538461538
-0.12808984615384614
-0.1462393846153846
-0.14916
-0.14081538461538462
-0.1045163076923077
-0.04735569230769231
0.016480615384615385
0.07948246153846153
0.130176
0.15249784615384615
0.13643446153846153
0.09930092307692308
0.042974769230769226
-0.031709538461538456
-0.11807630769230769
-0.19442953846153843
-0.23052
-0.23344061538461539
-0.18963138461538462
-0.10389046153846154
0.002086153846153846
0.119328
0.23281476923076924
0.327108923076923
0.3805144615384615
0.3880246153846154
0.347136
0.265776
0.1693956923076923
0.06321046153846153
-0.046104
-0.13497415384615385
-0.19964492307692308
-0.23093723076923076
-0.21967199999999998
-0.1777403076923077
-0.10535076923076922
-0.03629907692307692
0.025033846153846153
0.08907876923076924
0.13351384615384615
0.15896492307692306
0.14999446153846155
0.11640738461538462
0.07280676923076923
0.016272
-0.03233538461538461
-0.07426707692307692
-0.11223507692307692
-0.14916
-0.18086953846153844
-0.18900553846153845
-0.1846246153846154
-0.17565415384615385
-0.15750461538461538
-0.13226215384615383
-0.08699261538461538
-0.024199384615384616
0.04547815384615384
0.111192
0.15500123076923078
0.18107815384615383
0.18337292307692307
0.16042523076923076
0.12496061538461539
0.06675692307692307
-0.012308307692307691
-0.10430769230769231
-0.18253846153846154
-0.2275993846153846
-0.24762646153846155
-0.23782153846153845
-0.20110523076923076
-0.13267938461538462
-0.03838523076923077
0.07238953846153846
0.18232984615384615
0.26348123076923075
0.30249230769230767
0.2995716923076923
0.2628553846153846
0.18316430769230768
0.07238953846153846
-0.05194523076923077
-0.16772676923076923
-0.23448369230769228
-0.25930892307692305
-0.24595753846153845
-0.19651569230769228
-0.13309661538461537
-0.037342153846153844
0.07510153846153846
0.18796246153846152
0.28413415384615387
0.33378461538461535
0.3452584615384615
0.32043323076923075
0.26306399999999996
0.1858763076923077
0.09471138461538461
0.0014603076923076922
-0.07384984615384615
-0.12162276923076921
-0.12037107692307693
-0.08386338461538462
-0.03859384615384615
0.01710646153846154
0.07238953846153846
0.127464
0.17169046153846151
0.19213476923076922
0.1794092307692308
0.12683815384615382
0.05820369230769231
0.0025033846153846152
-0.040262769230769234
-0.07092923076923077
-0.08907876923076924
-0.10263876923076923
-0.10076123076923077
-0.08323753846153846
-0.04526953846153846
-0.006049846153846154
0.014394461538461538
0.027745846153846152
0.023364923076923075
0.011473846153846154
-0.02524246153846154
-0.09116492307692307
-0.1718990769230769
-0.27286892307692306
-0.3442153846153846
-0.4178566153846154
-0.41326707692307696
-0.3045784615384615
-0.16876984615384616
0.05090215384615384
0.2697396923076923
0.5025544615384615
0.7036596923076923
0.8163119999999999
0.8307064615384615
0.6988615384615385
0.48941169230769227
0.18358153846153846
-0.11953661538461538
-0.4118067692307692
-0.6619366153846153
-0.8017089230769231
-0.8724295384615385
-0.7954504615384616
-0.6099913846153846
-0.3542289230769231
-0.05319692307692307
0.23093723076923076
0.4593710769230769
0.5962227692307692
0.6179187692307693
0.5257107692307692
0.3671630769230769
0.130176
-0.14331876923076922
-0.37592492307692305
-0.5340553846153846
-0.5743181538461538
-0.49337538461538455
-0.3425464615384616
-0.14749107692307692
0.04318338461538461
0.1881710769230769
0.3143833846153846
0.3652855384615385
0.3442153846153846
0.2828824615384615
0.18900553846153845
0.11995384615384615
0.07927384615384615
0.06070707692307692
0.04109723076923077
0.005424
-0.0446436923076923
-0.10952307692307692
-0.17586276923076924
-0.23656984615384613
-0.2791273846153846
-0.3081249230769231
-0.34358953846153845
-0.36027876923076924
-0.3442153846153846
-0.3077076923076923
-0.2438713846153846
-0.17481969230769231
-0.09450276923076922
0.03504738461538461
0.18483323076923078
0.3212676923076923
0.42369784615384615
0.41723076923076924
0.3133403076923077
0.16167692307692308
-0.038176615384615385
-0.24762646153846155
-0.4376750769230769
-0.5634701538461538
-0.568476923076923
-0.4522781538461538
-0.23448369230769228
0.03567323076923076
0.29832
0.5134024615384616
0.6565126153846153
0.713256
0.6619366153846153
0.5305089230769231
0.3452584615384615
0.12412615384615384
-0.08302892307692307
-0.2559710769230769
-0.35568923076923076
-0.3738387692307692
-0.3490135384615385
-0.2757895384615385
-0.14519630769230768
0.02273907692307692
0.20527753846153846
0.3727956923076923
0.4746
0.5058923076923076
0.4685501538461538
0.3671630769230769
0.23239753846153846
0.078648
-0.06738276923076922
-0.16334584615384617
-0.19150892307692308
-0.1489513846153846
-0.040054153846153843
0.09283384615384616
0.21591692307692306
0.3137575384615385
0.36340799999999995
0.3513083076923077
0.28768061538461537
0.18212123076923076
0.059872615384615385
-0.04088861538461538
-0.11640738461538462
-0.15750461538461538
-0.1424843076923077
-0.08991323076923076
-0.013560000000000001
0.08219446153846154
0.16313723076923078
0.21195323076923075
0.2075723076923077
0.14728246153846153
0.058829538461538454
-0.06487938461538462
-0.19818461538461538
-0.3072904615384615
-0.38301784615384615
-0.40095876923076923
-0.3600701538461538
-0.26681907692307694
-0.1287156923076923
0.02795446153846154
0.18232984615384615
0.3193901538461538
0.4239064615384615
0.4816929230769231
0.46083138461538464
0.3517255384615385
0.1779489230769231
-0.030040615384615384
-0.2236356923076923
-0.38009723076923074
-0.4814843076923077
-0.5238332307692307
-0.5075612307692308
-0.4113895384615384
-0.25972615384615383
-0.07510153846153846
0.10931446153846153
0.2526332307692308
0.3490135384615385
0.38885907692307686
0.3805144615384615
0.32231076923076923
0.21299630769230768
0.08574092307692306
-0.027328615384615382
-0.10535076923076922
-0.13914646153846155
-0.13768615384615385
-0.11181784615384616
-0.06654830769230768
-0.015854769230769228
0.044435076923076924
0.09700615384615385
0.13372246153846154
0.14269292307692305
0.11557292307692307
0.09846646153846153
0.09784061538461537
0.11745046153846153
0.14686523076923075
0.17502830769230768
0.20715507692307691
0.2374043076923077
0.27328615384615385
0.2989458461538462
0.30249230769230767
0.2557624615384615
0.1639716923076923
0.06216738461538462
-0.03775938461538462
-0.13518276923076925
-0.23448369230769228
-0.3129230769230769
-0.34880492307692307
-0.3216849230769231
-0.23010276923076922
-0.100344
0.04109723076923077
0.16292861538461537
0.24199384615384617
0.2751636923076923
0.25847446153846154
0.1942209230769231
0.09137353846153846
-0.040262769230769234
-0.15938215384615384
-0.24887815384615386
-0.30833353846153844
-0.3187643076923077
-0.2906012307692308
-0.21696000000000001
-0.10555938461538462
0.02211323076923077
0.15604430769230768
0.2572227692307692
0.3131316923076923
0.32669169230769235
0.2966510769230769
0.22634769230769228
0.12642092307692307
0.006884307692307692
-0.12329169230769231
-0.23886461538461537
-0.3202246153846154
-0.35151692307692306
-0.3294036923076923
-0.273912
-0.1994363076923077
-0.11181784615384616
-0.030040615384615384
0.03421292307692308
0.08156861538461539
0.10347323076923076
0.0988836923076923
0.0771876923076923
0.048816000000000005
0.018358153846153843
-0.008344615384615384
-0.03275261538461539
-0.05528307692307692
-0.06675692307692307
-0.07635323076923077
-0.0826116923076923
-0.09199938461538461
-0.10055261538461538
-0.10180430769230768
-0.10868861538461538
-0.10347323076923076
-0.084072
-0.05277969230769231
-0.003963692307692307
0.047772923076923074
0.09471138461538461
0.12934153846153845
0.14457046153846154
0.1358086153846154
0.10430769230769231
0.05736923076923077
-0.005424
-0.07802215384615384
-0.14311015384615386
-0.19380369230769232
-0.2225926153846154
-0.21633415384615384
-0.18629353846153843
-0.13622584615384614
-0.07197230769230768
-0.011056615384615385
0.05799507692307692
0.11703323076923078
0.1531236923076923
0.16835261538461538
0.1504116923076923
0.10785415384615385
0.045895384615384616
-0.023990769230769232
-0.08887015384615385
-0.1422756923076923
-0.1696043076923077
-0.15959076923076923
-0.11286092307692308
-0.035464615384615386
0.056326153846153845
0.14603076923076924
0.21800307692307694
0.26118646153846153
0.2632726153846154
0.2207150769230769
0.14164984615384615
0.03483876923076923
-0.07092923076923077
-0.16251138461538459
-0.22843384615384613
-0.25951753846153847
-0.2605606153846154
-0.22989415384615383
-0.17169046153846151
-0.09408553846153846
-0.01272553846153846
0.0609156923076923
0.11202646153846153
0.13810338461538463
0.1435273846153846
0.13518276923076925
0.10806276923076923
0.058829538461538454
-0.009387692307692307
-0.0826116923076923
-0.130176
-0.16105107692307694
-0.16793538461538463
-0.1476996923076923
-0.10681107692307691
-0.040679999999999994
0.027120000000000002
0.092208
0.13872923076923074
0.16167692307692308
0.16647507692307692
0.15166338461538462
0.12412615384615384
0.0961716923076923
0.07405846153846153
0.04714707692307692
0.02482523076923077
0.0016689230769230767
-0.011473846153846154
-0.02899753846153846
-0.06404492307692307
-0.10722830769230769
-0.16251138461538459
-0.20360861538461536
-0.22175815384615383
-0.2140393846153846
-0.1869193846153846
-0.1462393846153846
-0.08469784615384615
-0.009804923076923077
0.06550523076923077
0.13518276923076925
0.18545907692307692
0.2059033846153846
0.20173107692307693
0.1570873846153846
0.08031692307692308
-0.018983999999999997
-0.132888
-0.2236356923076923
-0.28476
-0.2966510769230769
-0.2497126153846154
-0.1558356923076923
-0.009179076923076922
0.15667015384615385
0.3243969230769231
0.4798153846153846
0.584748923076923
0.631896
0.6033156923076922
0.5029716923076922
0.35610646153846154
0.16230276923076925
-0.03713353846153846
-0.22029784615384615
-0.3750904615384615
-0.4647950769230769
-0.4917064615384615
-0.45040061538461534
-0.35339446153846155
-0.21341353846153846
-0.03984553846153846
0.1422756923076923
0.31354892307692306
0.43976123076923074
0.5023458461538461
0.5002596923076923
0.44351630769230765
0.34630153846153844
0.2194633846153846
0.06884307692307692
-0.0826116923076923
-0.21737723076923077
-0.32272799999999996
-0.37884553846153846
-0.3957433846153846
-0.3750904615384615
-0.3198073846153846
-0.23782153846153845
-0.13393107692307693
-0.021278769230769233
0.08845292307692308
0.18253846153846154
0.24866953846153847
0.2860116923076923
0.30019753846153846
0.2776670769230769
0.22342707692307692
0.13080184615384613
0.006467076923076923
-0.11953661538461538
-0.24199384615384617
-0.3314898461538462
-0.3890676923076923
-0.40638276923076927
-0.3721698461538462
-0.2997803076923077
-0.1881710769230769
-0.0448523076923077
0.11265230769230769
0.25346769230769234
0.3659113846153846
0.4524867692307692
0.5004683076923077
0.49274953846153846
0.4211944615384615
0.30249230769230767
0.14749107692307692
-0.03212676923076923
-0.20277415384615383
-0.3437981538461538
-0.4391353846153846
-0.4808584615384615
-0.4485230769230769
-0.33378461538461535
-0.15541846153846153
0.04839876923076923
0.2426196923076923
0.4026276923076923
0.5086043076923077
0.5492843076923076
0.5017199999999999
0.3813489230769231
0.20778092307692309
0.008136
-0.168144
-0.3016578461538461
-0.37655076923076924
-0.3844781538461538
-0.3316984615384615
-0.22321846153846153
-0.07489292307692308
0.08991323076923076
0.2422024615384615
0.35047384615384614
0.40930338461538457
0.40972061538461535
0.35339446153846155
0.2655673846153846
0.146448
0.020652923076923076
-0.09179076923076923
-0.17628
-0.20527753846153846
-0.192552
-0.13872923076923074
-0.05298830769230769
0.05444861538461539
0.17377661538461536
0.26535876923076923
0.3072904615384615
0.2943563076923077
0.23239753846153846
0.12204
-0.009387692307692307
-0.1358086153846154
-0.25284184615384614
-0.3350363076923077
-0.39344861538461534
-0.3896935384615384
-0.31626092307692305
-0.21237046153846154
-0.073224
0.06008123076923077
0.19317784615384614
0.2897667692307692
0.3412947692307692
0.3448412307692308
0.254928
0.1422756923076923
0.03400430769230769
-0.09784061538461537
-0.23281476923076924
-0.3212676923076923
-0.3805144615384615
-0.3972036923076923
-0.36945784615384614
-0.3193901538461538
-0.2225926153846154
-0.10430769230769231
0.052153846153846155
0.19588984615384614
0.30979384615384614
0.3978295384615384
0.4287046153846154
0.4539470769230769
0.41660492307692304
0.33712246153846154
0.2292683076923077
0.08198584615384615
-0.03108369230769231
-0.146448
-0.23364923076923078
-0.2799618461538461
-0.29685969230769227
-0.2371956923076923
-0.15500123076923078
-0.06654830769230768
0.04965046153846154
0.14749107692307692
0.2482523076923077
0.3456756923076923
0.38885907692307686
0.3994984615384615
0.37050092307692306
0.3206418461538461
0.23949046153846154
0.10347323076923076
-0.044435076923076924
-0.19714153846153845
-0.3062473846153846
-0.36382523076923073
-0.39636923076923075
-0.38343507692307693
-0.347136
-0.2643156923076923
-0.1356
-0.0077187692307692304
0.12037107692307693
0.22342707692307692
0.3016578461538461
0.35005661538461535
0.3542289230769231
0.3116713846153846
0.2140393846153846
0.07948246153846153
-0.07843938461538462
-0.22843384615384613
-0.3510996923076923
-0.4245323076923077
-0.43976123076923074
-0.40930338461538457
-0.32877784615384614
-0.20402584615384614
-0.05277969230769231
0.11473846153846154
0.2709913846153846
0.37196123076923077
0.4318338461538461
0.4449766153846154
0.40325353846153844
0.32877784615384614
0.21883753846153844
0.08511507692307693
-0.055491692307692304
-0.18274707692307693
-0.2814221538461538
-0.35694092307692304
-0.40200184615384615
-0.3938658461538461
-0.3383741538461538
-0.24491446153846153
-0.12204
0.004798153846153846
0.12642092307692307
0.22008923076923076
0.2734947692307692
0.2849686153846154
0.2591003076923077
0.21070153846153844
0.12454338461538461
0.018775384615384614
-0.08052553846153847
-0.16313723076923078
-0.20715507692307691
-0.22154953846153846
-0.21612553846153845
-0.18212123076923076
-0.12850707692307692
-0.06529661538461538
-0.0006258461538461538
0.05173661538461538
0.09971815384615385
0.15228923076923076
0.20298276923076922
0.2526332307692308
0.28893230769230765
0.2947735384615384
0.2626467692307692
0.20173107692307693
0.12808984615384614
0.038176615384615385
-0.05444861538461539
-0.14394461538461537
-0.20965846153846154
-0.23218892307692307
-0.22801661538461537
-0.1883796923076923
-0.13309661538461537
-0.06717415384615384
0.025033846153846153
0.11682461538461539
0.18128676923076922
0.20173107692307693
0.17628
0.127464
0.06446215384615385
-0.012308307692307691
-0.09784061538461537
-0.18483323076923078
-0.2572227692307692
-0.3116713846153846
-0.3344104615384615
-0.3235624615384615
-0.28434276923076923
-0.21299630769230768
-0.13622584615384614
-0.05403138461538461
0.026076923076923077
0.08782707692307692
0.13914646153846155
0.15354092307692307
0.13476553846153844
0.0934596923076923
0.042974769230769226
0.0070929230769230765
-0.03400430769230769
-0.07343261538461537
-0.10660246153846153
-0.12120553846153845
-0.10117846153846152
-0.06341907692307691
-0.02586830769230769
-0.010639384615384617
-0.008344615384615384
-0.002086153846153846
0.004589538461538461
0.0006258461538461538
-0.016897846153846156
-0.04193169230769231
-0.05924676923076923
-0.06008123076923077
-0.05528307692307692
-0.04214030769230769
-0.017315076923076923
0.01272553846153846
0.04944184615384615
0.08490646153846154
0.11286092307692308
0.12788123076923075
0.1218313846153846
0.09325107692307691
0.05111076923076923
0.007301538461538462
-0.031709538461538456
-0.05945538461538461
-0.08177723076923075
-0.09658892307692307
-0.09450276923076922
-0.06592246153846154
-0.018775384615384614
0.03942830769230769
0.08845292307692308
0.11974523076923077
0.154584
0.1696043076923077
0.17315076923076922
0.15562707692307692
0.11244369230769231
0.08094276923076923
0.042974769230769226
0.012516923076923077
-0.01043076923076923
-0.03567323076923076
-0.041514461538461535
-0.03129230769230769
-0.0029206153846153843
0.03233538461538461
0.059872615384615385
0.0771876923076923
0.100344
0.12683815384615382
0.1449876923076923
0.1570873846153846
0.15354092307692307
0.14665661538461539
0.13726892307692307
0.12412615384615384
0.10722830769230769
0.08448923076923077
0.04985907692307692
0.006467076923076923
-0.03233538461538461
-0.06759138461538462
-0.08845292307692308
-0.09471138461538461
-0.09825784615384614
-0.09408553846153846
-0.07823076923076923
-0.04985907692307692
-0.010848
0.030040615384615384
0.05757784615384615
0.07468430769230769
0.08699261538461538
0.08824430769230769
0.0771876923076923
0.04756430769230769
0.003129230769230769
-0.045060923076923075
-0.0828203076923077
-0.10910584615384614
-0.1218313846153846
-0.11974523076923077
-0.10368184615384615
-0.06863446153846153
-0.015228923076923076
0.040262769230769234
0.08219446153846154
0.1136953846153846
0.13080184615384613
0.14290153846153844
0.1435273846153846
0.12433476923076923
0.09825784615384614
0.06279323076923077
0.03129230769230769
0.005632615384615384
-0.017732307692307693
-0.037967999999999995
-0.06946892307692307
-0.09909230769230769
-0.11974523076923077
-0.13101046153846155
-0.13101046153846155
-0.12433476923076923
-0.10743692307692307
-0.08782707692307692
-0.05236246153846154
-0.002086153846153846
0.04547815384615384
0.09158215384615384
0.11599015384615384
0.11891076923076922
0.11557292307692307
0.092208
0.05653476923076922
0.008344615384615384
-0.043392
-0.07885661538461539
-0.10117846153846152
-0.10472492307692308
-0.09429415384615383
-0.06529661538461538
-0.010848
0.05924676923076923
0.14331876923076922
0.21967199999999998
0.2730775384615384
0.306456
0.30979384615384614
0.2883064615384615
0.24074215384615386
0.1775316923076923
0.11244369230769231
0.041514461538461535
-0.01814953846153846
-0.059038153846153844
-0.07739630769230768
-0.08031692307692308
-0.07364123076923076
-0.04985907692307692
-0.012934153846153845
0.02482523076923077
0.05716061538461538
0.07697907692307693
0.07948246153846153
0.06800861538461538
0.04819015384615385
0.028371692307692306
0.0014603076923076922
-0.03129230769230769
-0.05736923076923077
-0.06842584615384616
-0.06008123076923077
-0.04652123076923077
-0.04819015384615385
-0.05820369230769231
-0.07405846153846153
-0.08177723076923075
-0.07468430769230769
-0.07051199999999999
-0.07072061538461538
-0.07739630769230768
-0.06905169230769231
-0.03775938461538462
0.003755076923076923
0.048816000000000005
0.07593599999999999
0.08615815384615384
0.08636676923076922
0.078648
0.05611753846153846
0.012934153846153845
-0.03942830769230769
-0.09909230769230769
-0.15875630769230767
-0.19505538461538463
-0.2075723076923077
-0.1940123076923077
-0.15374953846153847
-0.08761846153846153
0.013560000000000001
0.130176
0.2436627692307692
0.31918153846153846
0.33899999999999997
0.3212676923076923
0.2624381538461539
0.1794092307692308
0.08073415384615384
-0.03567323076923076
-0.14686523076923075
-0.23135446153846154
-0.26535876923076923
-0.25430215384615384
-0.20798953846153845
-0.13351384615384615
-0.0446436923076923
0.061124307692307686
0.16772676923076923
0.25200738461538463
0.2926873846153846
0.2899753846153846
0.2574313846153846
0.19004861538461537
0.09846646153846153
-0.006258461538461538
-0.11077476923076923
-0.20319138461538463
-0.2641070769230769
-0.27599815384615384
-0.24637476923076923
-0.18399876923076922
-0.10889723076923077
-0.03024923076923077
0.04401784615384615
0.10138707692307691
0.13747753846153846
0.14832553846153845
0.13622584615384614
0.11807630769230769
0.1070196923076923
0.10368184615384615
0.11014892307692307
0.11640738461538462
0.11327815384615383
0.10430769230769231
0.092208
0.07760492307692309
0.04965046153846154
0.0012516923076923076
-0.056951999999999996
-0.10681107692307691
-0.13455692307692307
-0.1341396923076923
-0.10660246153846153
-0.059872615384615385
0.005424
0.08907876923076924
0.17148184615384612
0.22947692307692308
0.24345415384615382
0.20924123076923076
0.13309661538461537
0.03483876923076923
-0.07405846153846153
-0.19505538461538463
-0.3012406153846154
-0.3750904615384615
-0.39741230769230773
-0.36549415384615386
-0.2837169230769231
-0.1712732307692308
-0.05611753846153846
0.05194523076923077
0.14916
0.233232
0.28204799999999997
0.28955815384615385
0.2480436923076923
0.17732307692307692
0.09387692307692307
0.0077187692307692304
-0.06383630769230769
-0.12913292307692306
-0.165432
-0.16418030769230768
-0.1136953846153846
-0.021904615384615383
0.07531015384615385
0.1635544615384615
0.21925476923076925
0.24741784615384615
0.24595753846153845
0.2127876923076923
0.15145476923076923
0.061750153846153844
-0.028788923076923077
-0.10347323076923076
-0.14394461538461537
-0.15082892307692305
-0.13601723076923075
-0.10576799999999999
-0.059664
-0.0077187692307692304
0.035464615384615386
0.0678
0.06884307692307692
0.04109723076923077
0.0008344615384615384
-0.04109723076923077
-0.07969107692307692
-0.12162276923076921
-0.1777403076923077
-0.23510953846153848
-0.2832996923076923
-0.306456
-0.3077076923076923
-0.29456492307692306
-0.268488
-0.21758584615384616
-0.0963803076923077
0.12558646153846154
0.3826006153846154
0.5736923076923076
0.7647839999999999
0.89496
0.9792406153846154
0.9825784615384614
0.7927384615384615
0.4825273846153846
0.014603076923076923
-0.441012923076923
-0.8632504615384615
-1.2423046153846153
-1.463436923076923
-1.581304615384615
-1.436734153846154
-1.0689452307692306
-0.5169489230769231
0.17398523076923075
0.794616
1.3597550769230768
1.742147076923077
1.883171076923077
1.7938836923076922
1.3937593846153846
0.8104707692307692
0.09846646153846153
-0.6577643076923076
-1.249188923076923
-1.6680886153846153
-1.8345636923076922
-1.730256
-1.4421581538461539
-0.9216627692307693
-0.29602523076923076
0.38280923076923074
1.0338978461538462
1.491182769230769
1.7429815384615384
1.753620923076923
1.5631550769230769
1.2087175384615385
0.6765396923076923
0.061750153846153844
-0.5570030769230769
-1.0971083076923076
-1.4444529230769232
-1.6190639999999998
-1.6121796923076923
-1.4267206153846155
-1.1075390769230768
-0.6556781538461539
-0.16480615384615382
0.2995716923076923
0.7099181538461539
1.0015624615384615
1.1974523076923076
1.2873655384615383
1.2333341538461537
1.0587230769230769
0.7551876923076922
0.3798886153846154
-0.028371692307692306
-0.44810584615384613
-0.8206929230769231
-1.1334073846153847
-1.3338867692307692
-1.3927163076923077
-1.2996738461538462
-1.015331076923077
-0.5853747692307693
-0.056951999999999996
0.5069353846153847
1.011576
1.4285981538461536
1.6764332307692307
1.7089772307692306
1.511627076923077
1.0812535384615385
0.5340553846153846
-0.07238953846153846
-0.6763310769230769
-1.2018332307692308
-1.6057126153846155
-1.798681846153846
-1.7488227692307692
-1.4657316923076924
-0.9934264615384615
-0.4053396923076923
0.2532590769230769
0.899340923076923
1.4350652307692309
1.8020196923076923
1.9248941538461537
1.7909630769230769
1.434648
0.9039304615384615
0.30290953846153845
-0.31083692307692307
-0.8607470769230768
-1.267547076923077
-1.5053686153846153
-1.5132959999999998
-1.303428923076923
-0.9222886153846154
-0.4214030769230769
0.10076123076923077
0.5989347692307692
1.0124104615384615
1.2904947692307691
1.418376
1.3541224615384615
1.117969846153846
0.7537273846153846
0.3143833846153846
-0.12099692307692309
-0.5250849230769231
-0.856992
-1.0818793846153847
-1.192236923076923
-1.1565636923076923
-1.0053175384615385
-0.7722941538461539
-0.4781464615384615
-0.16167692307692308
0.1775316923076923
0.5029716923076922
0.760403076923077
0.9252092307692307
0.9706873846153845
0.9162387692307692
0.7879403076923077
0.5770301538461539
0.3214763076923077
0.03421292307692308
-0.2695310769230769
-0.5371846153846154
-0.7629064615384615
-0.8997581538461538
-0.9406467692307692
-0.8978806153846154
-0.7483033846153846
-0.5246676923076923
-0.23844738461538462
0.084072
0.39636923076923075
0.6734104615384615
0.8690916923076922
0.9600479999999999
0.944401846153846
0.8146430769230769
0.5855833846153846
0.28121353846153846
-0.059038153846153844
-0.38343507692307693
-0.6577643076923076
-0.8455181538461538
-0.9343883076923076
-0.911857846153846
-0.7691649230769231
-0.5405224615384615
-0.2436627692307692
0.07802215384615384
0.37300430769230764
0.6206307692307692
0.7852283076923077
0.8565747692307693
0.8300806153846153
0.7028252307692308
0.5058923076923076
0.27850153846153847
0.04965046153846154
-0.15500123076923078
-0.3141747692307692
-0.4120153846153846
-0.4383009230769231
-0.3988726153846154
-0.30207507692307695
-0.1696043076923077
-0.032544
0.0936683076923077
0.19526400000000002
0.2726603076923077
0.3206418461538461
0.33378461538461535
0.31834707692307695
0.2764153846153846
0.23218892307692307
0.18858830769230767
0.1449876923076923
0.10868861538461538
0.06300184615384616
0.005424
-0.06675692307692307
-0.13872923076923074
-0.19505538461538463
-0.23949046153846154
-0.26640184615384616
-0.2753723076923077
-0.25138153846153843
-0.18754523076923074
-0.09763200000000001
0.015854769230769228
0.13330523076923076
0.24595753846153845
0.34046030769230773
0.3917796923076923
0.3880246153846154
0.3133403076923077
0.1779489230769231
0.011891076923076923
-0.16105107692307694
-0.3248141538461538
-0.46375199999999994
-0.5611753846153846
-0.5976830769230769
-0.553248
-0.428496
-0.2507556923076923
-0.051319384615384614
0.1462393846153846
0.31813846153846154
0.45311261538461534
0.5284227692307693
0.5215384615384615
0.4416387692307692
0.2997803076923077
0.12913292307692306
-0.04401784615384615
-0.20339999999999997
-0.32085046153846153
-0.3980381538461538
-0.4214030769230769
-0.37926276923076924
-0.28121353846153846
-0.14457046153846154
0.0002086153846153846
0.1356
0.24345415384615382
0.3131316923076923
0.35297723076923077
0.3550633846153846
0.31772123076923076
0.24470584615384613
0.14102399999999998
0.03671630769230769
-0.06258461538461538
-0.1476996923076923
-0.21612553846153845
-0.2776670769230769
-0.31250584615384613
-0.3148006153846154
-0.287472
-0.24679199999999998
-0.20986707692307693
-0.15667015384615385
-0.08615815384615384
0.005424
0.10722830769230769
0.19296923076923078
0.2568055384615385
0.28788923076923073
0.2951907692307692
0.27432923076923077
0.20778092307692309
0.10639384615384614
-0.012099692307692308
-0.12621230769230768
-0.20798953846153845
-0.24866953846153847
-0.2422024615384615
-0.19046584615384615
-0.10159569230769232
0.022530461538461537
0.16230276923076925
0.2993630769230769
0.3994984615384615
0.4449766153846154
0.43976123076923074
0.3811403076923077
0.2855944615384615
0.15813046153846153
0.02086153846153846
-0.11432123076923076
-0.24199384615384617
-0.317304
-0.33899999999999997
-0.3216849230769231
-0.26118646153846153
-0.17440246153846153
-0.06946892307692307
0.054240000000000003
0.16897846153846155
0.2480436923076923
0.2828824615384615
0.2568055384615385
0.18879692307692306
0.10263876923076923
0.0014603076923076922
-0.08845292307692308
-0.17982646153846152
-0.2632726153846154
-0.31083692307692307
-0.3077076923076923
-0.2492953846153846
-0.17023015384615386
-0.07489292307692308
0.03838523076923077
0.15103753846153847
0.2422024615384615
0.29727692307692305
0.3004061538461538
0.24741784615384615
0.15520984615384617
0.049233230769230765
-0.04965046153846154
-0.1368516923076923
-0.2075723076923077
-0.2503384615384615
-0.2509643076923077
-0.20527753846153846
-0.12558646153846154
-0.03400430769230769
0.04652123076923077
0.10347323076923076
0.14060676923076923
0.15395815384615386
0.132888
0.07656184615384615
-0.010639384615384617
-0.11891076923076922
-0.21842030769230766
-0.29185292307692307
-0.3375396923076923
-0.3575667692307692
-0.34004307692307695
-0.2722430769230769
-0.1712732307692308
-0.044435076923076924
0.08824430769230769
0.20298276923076922
0.2791273846153846
0.30666461538461537
0.3035353846153846
0.265776
0.18879692307692306
0.07677046153846154
-0.04380923076923077
-0.14164984615384615
-0.21696000000000001
-0.2641070769230769
-0.26911384615384615
-0.24199384615384617
-0.184416
-0.09658892307692307
-0.0043809230769230765
0.08949599999999999
0.157296
0.1913003076923077
0.21737723076923077
0.23364923076923078
0.24887815384615386
0.24345415384615382
0.222384
0.19004861538461537
0.1397723076923077
0.08991323076923076
0.03296123076923077
-0.024199384615384616
-0.084072
-0.1353913846153846
-0.15395815384615386
-0.1476996923076923
-0.11807630769230769
-0.07572738461538461
-0.021904615384615383
0.044435076923076924
0.11181784615384616
0.17273353846153844
0.21466523076923077
0.2238443076923077
0.2073636923076923
0.173568
0.12558646153846154
0.073224
0.01043076923076923
-0.052571076923076915
-0.111192
-0.15291507692307693
-0.16772676923076923
-0.17231630769230769
-0.16292861538461537
-0.1356
-0.07760492307692309
0.0050067692307692304
0.08761846153846153
0.16480615384615382
0.22342707692307692
0.2526332307692308
0.26222953846153846
0.25117292307692307
0.22697353846153845
0.18086953846153844
0.10806276923076923
0.03483876923076923
-0.03066646153846154
-0.07739630769230768
-0.10138707692307691
-0.11494707692307692
-0.11411261538461538
-0.100344
-0.07948246153846153
-0.045895384615384616
-0.015646153846153844
0.017523692307692306
0.05298830769230769
0.09095630769230768
0.14811692307692306
0.19317784615384614
0.21341353846153846
0.20319138461538463
0.15646153846153846
0.09429415384615383
0.012516923076923077
-0.07551876923076924
-0.16710092307692306
-0.2568055384615385
-0.30895938461538464
-0.32585723076923073
-0.2962338461538461
-0.21800307692307694
-0.11286092307692308
0.014811692307692307
0.13872923076923074
0.24846092307692308
0.33941723076923075
0.37196123076923077
0.34963938461538463
0.2906012307692308
0.19171753846153847
0.08594953846153845
-0.021070153846153846
-0.12162276923076921
-0.19985353846153847
-0.25930892307692305
-0.27328615384615385
-0.24011630769230768
-0.17231630769230769
-0.09491999999999999
-0.012099692307692308
0.05507446153846154
0.09867507692307692
0.1368516923076923
0.1449876923076923
0.12704676923076924
0.07489292307692308
-0.006675692307692307
-0.0828203076923077
-0.12725538461538463
-0.1489513846153846
-0.08156861538461539
-0.03400430769230769
-0.12412615384615384
-0.12496061538461539
-0.13330523076923076
-0.0974233846153846
0.026494153846153844
-0.08323753846153846
-0.17252492307692308
-0.24178523076923078
-0.2422024615384615
-0.08177723076923075
-0.049233230769230765
-0.012099692307692308
-0.04819015384615385
0.005841230769230769
0.18545907692307692
0.27599815384615384
0.35986153846153845
0.2330233846153846
0.11619876923076923
0.0855323076923077
0.003755076923076923
0.035255999999999996
-0.05653476923076922
-0.12329169230769231
-0.07948246153846153
-0.11411261538461538
0.02524246153846154
0.14060676923076923
0.18545907692307692
0.3054129230769231
0.2618123076923077
0.2453316923076923
0.2626467692307692
0.2140393846153846
0.24992123076923078
0.1829556923076923
0.08699261538461538
0.030875076923076922
-0.020652923076923076
0.03901107692307692
0.04756430769230769
0.008970461538461538
-0.030875076923076922
-0.06529661538461538
0.018358153846153843
0.06404492307692307
0.04318338461538461
0.03400430769230769
-0.021904615384615383
0.01272553846153846
0.07781353846153846
0.09325107692307691
0.15145476923076923
0.14853415384615384
0.1614683076923077
0.21320492307692307
0.18483323076923078
0.14394461538461537
0.05236246153846154
-0.06383630769230769
-0.12850707692307692
-0.18983999999999998
-0.23218892307692307
-0.23072861538461537
-0.1635544615384615
-0.08323753846153846
-0.0033378461538461535
0.11014892307692307
0.18170399999999998
0.2557624615384615
0.2970683076923077
0.23886461538461537
0.1923433846153846
0.12016246153846154
0.023364923076923075
-0.05507446153846154
-0.16480615384615382
-0.22593046153846155
-0.2436627692307692
-0.23761292307692305
-0.17502830769230768
-0.12391753846153845
-0.04318338461538461
0.073224
0.15333230769230768
0.18191261538461537
0.13935507692307691
0.092208
0.049233230769230765
-0.027745846153846152
-0.10868861538461538
-0.22634769230769228
-0.30061476923076924
-0.2872633846153846
-0.27140861538461536
-0.1977673846153846
-0.12537784615384615
-0.092208
-0.01043076923076923
0.03024923076923077
0.042974769230769226
0.058829538461538454
0.021278769230769233
-0.004798153846153846
-0.04547815384615384
-0.09763200000000001
-0.10910584615384614
-0.111192
-0.08094276923076923
-0.04088861538461538
0.010222153846153844
0.059038153846153844
0.07739630769230768
0.11348676923076922
0.11745046153846153
0.09721476923076922
0.06905169230769231
-0.0035464615384615383
-0.037342153846153844
-0.03400430769230769
-0.03650769230769231
-0.02315630769230769
-0.031918153846153846
-0.015437538461538461
0.051528
0.09658892307692307
0.12370892307692308
0.09679753846153846
0.03859384615384615
-0.011891076923076923
-0.08240307692307691
-0.13330523076923076
-0.18629353846153843
-0.23928184615384615
-0.2626467692307692
-0.26869661538461537
-0.22989415384615383
-0.17711446153846155
-0.10660246153846153
-0.004798153846153846
0.04860738461538461
0.09053907692307692
0.12934153846153845
0.14102399999999998
0.17628
0.15750461538461538
0.09408553846153846
0.040679999999999994
-0.012099692307692308
-0.009804923076923077
0.009179076923076922
0.012099692307692308
0.021070153846153846
0.02753723076923077
0.06070707692307692
0.10430769230769231
0.12642092307692307
0.11828492307692307
0.07572738461538461
0.05319692307692307
0.041514461538461535
0.026285538461538457
0.028163076923076923
0.02086153846153846
0.02524246153846154
0.024616615384615383
0.02482523076923077
0.06425353846153846
0.08469784615384615
0.08031692307692308
0.051319384615384614
0.013351384615384614
0.0012516923076923076
-0.003963692307692307
-0.0022947692307692304
-0.02357353846153846
-0.06070707692307692
-0.0717636923076923
-0.04526953846153846
0.015854769230769228
0.06592246153846154
0.08094276923076923
0.08636676923076922
0.08699261538461538
0.09304246153846155
0.08428061538461538
0.028788923076923077
-0.02482523076923077
-0.07134646153846153
-0.10138707692307691
-0.09554584615384615
-0.08991323076923076
-0.06884307692307692
-0.02858030769230769
0.009596307692307692
0.06341907692307691
0.11181784615384616
0.13309661538461537
0.13393107692307693
0.10138707692307691
0.05924676923076923
0.008136
-0.05528307692307692
-0.11411261538461538
-0.18921415384615384
-0.2480436923076923
-0.27474646153846155
-0.26494153846153845
-0.21216184615384615
-0.15187199999999998
-0.07635323076923077
-0.004798153846153846
0.06216738461538462
0.13998092307692306
0.18545907692307692
0.19526400000000002
0.15604430769230768
0.06654830769230768
-0.018358153846153843
-0.09053907692307692
-0.14728246153846153
-0.17544553846153846
-0.1869193846153846
-0.15646153846153846
-0.09283384615384616
-0.011473846153846154
0.08073415384615384
0.15291507692307693
0.2090326153846154
0.21842030769230766
0.18754523076923074
0.13998092307692306
0.051528
-0.03567323076923076
-0.10639384615384614
-0.16501476923076921
-0.18149538461538461
-0.16751815384615384
-0.11703323076923078
-0.030875076923076922
0.06300184615384616
0.165432
0.24491446153846153
0.2849686153846154
0.29414769230769233
0.26452430769230767
0.20861538461538462
0.1358086153846154
0.05924676923076923
-0.01272553846153846
-0.0771876923076923
-0.11557292307692307
-0.12516923076923075
-0.11098338461538461
-0.07572738461538461
-0.03358707692307692
0.009804923076923077
0.04756430769230769
0.07802215384615384
0.1045163076923077
0.11494707692307692
0.10117846153846152
0.07030338461538461
0.03275261538461539
-0.007301538461538462
-0.04568676923076923
-0.08949599999999999
-0.12850707692307692
-0.14665661538461539
-0.14957723076923077
-0.1368516923076923
-0.12370892307692308
-0.09950953846153845
-0.06467076923076923
-0.031709538461538456
0.012516923076923077
0.04214030769230769
0.05757784615384615
0.06404492307692307
0.06028984615384615
0.08010830769230769
0.10430769230769231
0.11807630769230769
0.12350030769230769
0.10117846153846152
0.07364123076923076
0.05924676923076923
0.043600615384615383
0.021696
-0.01397723076923077
-0.038176615384615385
-0.03108369230769231
0.0
0.05611753846153846
0.11473846153846154
0.17628
0.22467876923076924
0.25471938461538457
0.26681907692307694
0.22634769230769228
0.157296
0.05674338461538461
-0.06216738461538462
-0.15813046153846153
-0.22843384615384613
-0.2624381538461539
-0.25555384615384613
-0.2127876923076923
-0.13121907692307694
-0.02273907692307692
0.08302892307692307
0.18232984615384615
0.24908676923076922
0.2720344615384615
0.2699483076923077
0.2399076923076923
0.1908830769230769
0.12516923076923075
0.037967999999999995
-0.05277969230769231
-0.10555938461538462
-0.12162276923076921
-0.10535076923076922
-0.06133292307692308
-0.025033846153846153
0.027120000000000002
0.09658892307692307
0.16271999999999998
0.22426153846153846
0.24700061538461537
0.23636123076923077
0.2059033846153846
0.14916
0.09033046153846153
0.027120000000000002
-0.03755076923076923
-0.08511507692307693
-0.1136953846153846
-0.10743692307692307
-0.08490646153846154
-0.05298830769230769
-0.016897846153846156
0.006675692307692307
0.03567323076923076
0.052571076923076915
0.05298830769230769
0.03483876923076923
-0.012516923076923077
-0.05924676923076923
-0.09053907692307692
-0.10117846153846152
-0.07781353846153846
-0.04860738461538461
-0.01856676923076923
0.02273907692307692
0.051528
0.07238953846153846
0.07551876923076924
0.05319692307692307
0.017315076923076923
-0.017315076923076923
-0.03755076923076923
-0.056951999999999996
-0.078648
-0.09512861538461538
-0.09554584615384615
-0.07134646153846153
-0.037967999999999995
-0.0008344615384615384
0.02482523076923077
0.027328615384615382
0.029414769230769227
0.02899753846153846
0.017940923076923077
-0.009179076923076922
-0.041514461538461535
-0.059664
-0.06800861538461538
-0.06446215384615385
-0.05528307692307692
-0.031918153846153846
-0.003129230769230769
0.02899753846153846
0.08115138461538463
0.12913292307692306
0.16167692307692308
0.16313723076923078
0.1314276923076923
0.0853236923076923
0.02586830769230769
-0.03984553846153846
-0.1028473846153846
-0.1585476923076923
-0.18629353846153843
-0.1706473846153846
-0.11953661538461538
-0.03880246153846154
0.04172307692307692
0.09471138461538461
0.13080184615384613
0.14206707692307693
0.11327815384615383
0.0448523076923077
-0.07051199999999999
-0.20360861538461536
-0.31041969230769234
-0.37363015384615383
-0.39970707692307694
-0.39928984615384616
-0.3548547692307692
-0.27599815384615384
-0.16751815384615384
-0.021696
0.12808984615384614
0.26097784615384617
0.35005661538461535
0.39115384615384613
0.3955347692307692
0.3548547692307692
0.27787569230769227
0.16167692307692308
0.03901107692307692
-0.07238953846153846
-0.14957723076923077
-0.17481969230769231
-0.16584923076923075
-0.11703323076923078
-0.04631261538461538
0.04526953846153846
0.15917353846153848
0.2782929230769231
0.3767593846153846
0.42891323076923077
0.4228633846153846
0.3836436923076923
0.32377107692307694
0.2330233846153846
0.12016246153846154
-0.009804923076923077
-0.13872923076923074
-0.2399076923076923
-0.30019753846153846
-0.31897292307692304
-0.30708184615384615
-0.29352184615384613
-0.2701569230769231
-0.23218892307692307
-0.19735015384615384
-0.17398523076923075
-0.12412615384615384
-0.02795446153846154
0.09053907692307692
0.24032492307692307
0.36299076923076923
0.45686769230769225
0.5371846153846154
0.5501187692307692
0.508187076923077
0.35986153846153845
0.15813046153846153
-0.06133292307692308
-0.27182584615384614
-0.42933046153846155
-0.6001864615384616
-0.6648572307692308
-0.6519230769230768
-0.5323864615384615
-0.29915446153846154
-0.058829538461538454
0.22134092307692307
0.43412861538461534
0.5974744615384615
0.6729932307692307
0.6041501538461539
0.4622916923076923
0.2138307692307692
-0.06884307692307692
-0.35965292307692304
-0.6350252307692307
-0.8004572307692308
-0.8753501538461538
-0.8119310769230769
-0.6429526153846153
-0.4322510769230769
-0.17231630769230769
0.06529661538461538
0.29769415384615383
0.4748086153846154
0.5138196923076923
0.4950443076923077
0.40450523076923073
0.28955815384615385
0.19150892307692308
0.042974769230769226
-0.0974233846153846
-0.23344061538461539
-0.33816553846153846
-0.3727956923076923
-0.3836436923076923
-0.3648683076923077
-0.32982092307692307
-0.26911384615384615
-0.1693956923076923
-0.07697907692307693
0.016480615384615385
0.08949599999999999
0.13121907692307694
0.17982646153846152
0.19839323076923077
0.21779446153846155
0.23928184615384615
0.22989415384615383
0.2138307692307692
0.14916
0.054240000000000003
-0.03129230769230769
-0.1476996923076923
-0.2588916923076923
-0.35256
-0.41264123076923076
-0.3784283076923077
-0.2730775384615384
-0.09825784615384614
0.1045163076923077
0.29498215384615384
0.47126215384615383
0.5949710769230769
0.6684036923076923
0.6592246153846153
0.5624270769230769
0.42599261538461536
0.2540935384615385
0.08699261538461538
-0.06592246153846154
-0.21320492307692307
-0.31229723076923077
-0.37237846153846155
-0.3813489230769231
-0.31646953846153847
-0.21675138461538462
-0.0853236923076923
0.05382276923076923
0.1696043076923077
0.2572227692307692
0.30061476923076924
0.3077076923076923
0.2624381538461539
0.16438892307692307
0.040679999999999994
-0.08115138461538463
-0.16856123076923077
-0.22572184615384616
-0.24741784615384615
-0.2221753846153846
-0.1718990769230769
-0.09012184615384615
0.016480615384615385
0.10222153846153846
0.16084246153846155
0.19317784615384614
0.20778092307692309
0.22134092307692307
0.20402584615384614
0.16647507692307692
0.12329169230769231
0.07572738461538461
0.06216738461538462
0.07092923076923077
0.09450276923076922
0.11536430769230768
0.12162276923076921
0.13768615384615385
0.14206707692307693
0.1341396923076923
0.10096984615384616
0.043392
-0.010848
-0.0678
-0.0936683076923077
-0.10055261538461538
-0.10493353846153847
-0.08636676923076922
-0.05799507692307692
-0.010639384615384617
0.05945538461538461
0.12767261538461538
0.18066092307692305
0.20235692307692305
0.18170399999999998
0.14144123076923076
0.0826116923076923
0.0043809230769230765
-0.0880356923076923
-0.1858763076923077
-0.26348123076923075
-0.2951907692307692
-0.2716172307692308
-0.2207150769230769
-0.15270646153846154
-0.073224
0.018983999999999997
0.1289243076923077
0.22467876923076924
0.2751636923076923
0.26911384615384615
0.2157083076923077
0.14290153846153844
0.07259815384615384
-0.0025033846153846152
-0.0771876923076923
-0.14144123076923076
-0.19296923076923078
-0.20256553846153844
-0.18149538461538461
-0.14916
-0.11202646153846153
-0.08302892307692307
-0.04839876923076923
-0.007301538461538462
0.04318338461538461
0.0853236923076923
0.10347323076923076
0.10910584615384614
0.1070196923076923
0.11911938461538461
0.14394461538461537
0.15792184615384616
0.15896492307692306
0.1424843076923077
0.12350030769230769
0.11098338461538461
0.09283384615384616
0.06195876923076923
0.0002086153846153846
-0.0828203076923077
-0.15667015384615385
-0.20465169230769228
-0.2288510769230769
-0.22718215384615387
-0.19359507692307693
-0.13330523076923076
-0.03838523076923077
0.08094276923076923
0.18399876923076922
0.24741784615384615
0.260352
0.22676492307692306
0.16313723076923078
0.07197230769230768
-0.04214030769230769
-0.16021661538461537
-0.26723630769230766
-0.3327415384615385
-0.33378461538461535
-0.28809784615384615
-0.2056947692307692
-0.10472492307692308
0.0025033846153846152
0.1205796923076923
0.214248
0.27599815384615384
0.301032
0.268488
0.19338646153846153
0.09679753846153846
0.0022947692307692304
-0.078648
-0.14540492307692307
-0.18629353846153843
-0.18650215384615382
-0.16167692307692308
-0.11432123076923076
-0.05319692307692307
0.005215384615384615
0.04819015384615385
0.06279323076923077
0.05653476923076922
0.02899753846153846
-0.014185846153846153
-0.06946892307692307
-0.12120553846153845
-0.14916
-0.15354092307692307
-0.14540492307692307
-0.12266584615384615
-0.0853236923076923
-0.04318338461538461
-0.007510153846153846
0.01272553846153846
0.009179076923076922
-0.017315076923076923
-0.05444861538461539
-0.09095630769230768
-0.11077476923076923
-0.119328
-0.11140061538461538
-0.08469784615384615
-0.03692492307692308
0.034630153846153845
0.11473846153846154
0.18900553846153845
0.2482523076923077
0.2897667692307692
0.3087507692307692
0.29602523076923076
0.25200738461538463
0.18149538461538461
0.08699261538461538
-0.01043076923076923
-0.09074769230769231
-0.13726892307692307
-0.15333230769230768
-0.14457046153846154
-0.11411261538461538
-0.06258461538461538
-0.0008344615384615384
0.05528307692307692
0.10910584615384614
0.14081538461538462
0.14728246153846153
0.1356
0.11891076923076922
0.09596307692307693
0.053614153846153846
0.00855323076923077
-0.028788923076923077
-0.047772923076923074
-0.045060923076923075
-0.040679999999999994
-0.045060923076923075
-0.05319692307692307
-0.061124307692307686
-0.054657230769230764
-0.03609046153846154
-0.010848
0.011056615384615385
0.021487384615384613
0.031918153846153846
0.042348923076923076
0.05069353846153846
0.05090215384615384
0.032544
0.0035464615384615383
-0.018775384615384614
-0.03442153846153846
-0.04088861538461538
-0.04631261538461538
-0.055491692307692304
-0.053614153846153846
-0.04672984615384615
-0.032544
-0.022947692307692308
-0.028788923076923077
-0.043600615384615383
-0.05382276923076923
-0.05048492307692308
-0.04088861538461538
-0.016480615384615385
0.013351384615384614
0.04693846153846153
0.08094276923076923
0.0988836923076923
0.103056
0.08386338461538462
0.045895384615384616
-0.010013538461538461
-0.06425353846153846
-0.09825784615384614
-0.12788123076923075
-0.1462393846153846
-0.1435273846153846
-0.11765907692307691
-0.07134646153846153
-0.0050067692307692304
0.0717636923076923
0.130176
0.15687876923076924
0.1706473846153846
0.17899199999999998
0.17273353846153844
0.143736
0.08574092307692306
0.011473846153846154
-0.06133292307692308
-0.12162276923076921
-0.16605784615384614
-0.19735015384615384
-0.20444307692307692
-0.17544553846153846
-0.1097316923076923
-0.008970461538461538
0.10159569230769232
0.20486030769230767
0.28955815384615385
0.3425464615384616
0.36299076923076923
0.3442153846153846
0.28100492307692304
0.1792006153846154
0.06487938461538462
-0.03296123076923077
-0.10222153846153846
-0.1397723076923077
-0.14749107692307692
-0.13247076923076923
-0.09408553846153846
-0.04172307692307692
0.012099692307692308
0.054240000000000003
0.06633969230769231
0.04756430769230769
0.02315630769230769
0.005841230769230769
-0.005841230769230769
-0.014603076923076923
-0.029206153846153847
-0.0448523076923077
-0.06300184615384616
-0.07572738461538461
-0.08720123076923077
-0.10514215384615383
-0.13309661538461537
-0.15896492307692306
-0.173568
-0.17461107692307692
-0.1531236923076923
-0.12412615384615384
-0.08866153846153846
-0.0446436923076923
0.015228923076923076
0.08574092307692306
0.14811692307692306
0.18775384615384613
0.2059033846153846
0.21716861538461538
0.2194633846153846
0.20694646153846152
0.16981292307692308
0.1151556923076923
0.05048492307692308
-0.016897846153846156
-0.06341907692307691
-0.08761846153846153
-0.09033046153846153
-0.06592246153846154
-0.015437538461538461
0.06487938461538462
0.15938215384615384
0.23949046153846154
0.28267384615384616
0.28434276923076923
0.24011630769230768
0.1637630769230769
0.07697907692307693
-0.022947692307692308
-0.12558646153846154
-0.2140393846153846
-0.2620209230769231
-0.25701415384615384
-0.21070153846153844
-0.1397723076923077
-0.06529661538461538
0.007510153846153846
0.07614461538461538
0.13184492307692308
0.1696043076923077
0.1733593846153846
0.13726892307692307
0.07426707692307692
0.003963692307692307
-0.06550523076923077
-0.12934153846153845
-0.1712732307692308
-0.1923433846153846
-0.1760713846153846
-0.11745046153846153
-0.040054153846153843
0.04985907692307692
0.11640738461538462
0.1597993846153846
0.18212123076923076
0.17628
0.15646153846153846
0.10430769230769231
0.03921969230769231
-0.03442153846153846
-0.09304246153846155
-0.10618523076923077
-0.0880356923076923
-0.041514461538461535
0.011891076923076923
0.06258461538461538
0.11640738461538462
0.1597993846153846
0.18358153846153846
0.18358153846153846
0.15228923076923076
0.11327815384615383
0.06404492307692307
0.008344615384615384
-0.037967999999999995
-0.07739630769230768
-0.10389046153846154
-0.11244369230769231
-0.12245723076923076
-0.12558646153846154
-0.11599015384615384
-0.09909230769230769
-0.07343261538461537
-0.073224
-0.06550523076923077
-0.06863446153846153
-0.05486584615384615
-0.02858030769230769
0.07697907692307693
0.15792184615384616
0.08490646153846154
0.08428061538461538
0.03859384615384615
0.035464615384615386
0.031709538461538456
-0.11140061538461538
-0.2127876923076923
-0.3671630769230769
-0.3836436923076923
-0.3016578461538461
-0.25284184615384614
-0.15416676923076922
-0.10117846153846152
0.08386338461538462
0.3127144615384615
0.5008855384615384
0.6454559999999999
0.5805766153846154
0.49379261538461533
0.36778892307692307
0.19296923076923078
0.06592246153846154
-0.16105107692307694
-0.33378461538461535
-0.44309907692307693
-0.5597150769230769
-0.46959323076923076
-0.33670523076923076
-0.17711446153846155
0.027328615384615382
0.12433476923076923
0.249504
0.32648307692307693
0.3648683076923077
0.4128498461538462
0.3152178461538461
0.15374953846153847
-0.02586830769230769
-0.17419384615384614
-0.23114584615384615
-0.3229366153846154
-0.40617415384615385
-0.4620830769230769
-0.4750172307692308
-0.3558978461538462
-0.23281476923076924
-0.11098338461538461
0.013142769230769229
0.09387692307692307
0.23093723076923076
0.3316984615384615
0.36778892307692307
0.3942830769230769
0.3321156923076923
0.2753723076923077
0.23281476923076924
0.15875630769230767
0.0963803076923077
-0.0002086153846153846
-0.09012184615384615
-0.15124615384615384
-0.19338646153846153
-0.19004861538461537
-0.15416676923076922
-0.07155507692307693
0.0004172307692307692
0.06133292307692308
0.17523692307692307
0.27328615384615385
0.36799753846153843
0.4193169230769231
0.37550769230769226
0.30979384615384614
0.18066092307692305
0.04714707692307692
-0.07009476923076922
-0.23448369230769228
-0.344424
-0.4078430769230769
-0.42265476923076917
-0.36299076923076923
-0.28476
-0.15500123076923078
0.0070929230769230765
0.15249784615384615
0.2695310769230769
0.33065538461538463
0.3673716923076923
0.3513083076923077
0.260352
0.14415323076923076
-0.026911384615384615
-0.18191261538461537
-0.28663753846153844
-0.3780110769230769
-0.38343507692307693
-0.3490135384615385
-0.2753723076923077
-0.1397723076923077
-0.019192615384615384
0.11557292307692307
0.2411593846153846
0.31855569230769226
0.3565236923076923
0.3291950769230769
0.25159015384615385
0.12767261538461538
-0.006884307692307692
-0.10910584615384614
-0.18900553846153845
-0.23281476923076924
-0.2561796923076923
-0.24449723076923074
-0.1666836923076923
-0.065088
0.053614153846153846
0.157296
0.21320492307692307
0.2707827692307692
0.31000246153846156
0.3077076923076923
0.268488
0.1696043076923077
0.0717636923076923
0.002086153846153846
-0.06946892307692307
-0.12913292307692306
-0.20110523076923076
-0.2624381538461539
-0.28350830769230767
-0.28267384615384616
-0.23677846153846152
-0.17481969230769231
-0.10368184615384615
-0.03337846153846154
0.011265230769230769
0.06383630769230769
0.09491999999999999
0.10764553846153846
0.09971815384615385
0.03358707692307692
-0.03838523076923077
-0.10848000000000001
-0.15771323076923077
-0.16876984615384616
-0.20506892307692307
-0.24428861538461538
-0.25138153846153843
-0.22008923076923076
-0.14018953846153845
-0.054240000000000003
0.020027076923076922
0.08761846153846153
0.14811692307692306
0.22342707692307692
0.28434276923076923
0.30270092307692303
0.2753723076923077
0.20402584615384614
0.12516923076923075
0.035464615384615386
-0.05319692307692307
-0.13434830769230768
-0.21237046153846154
-0.23677846153846152
-0.22321846153846153
-0.17398523076923075
-0.07781353846153846
0.013768615384615384
0.09074769230769231
0.15166338461538462
0.19693292307692306
0.23656984615384613
0.25012984615384615
0.22008923076923076
0.15208061538461537
0.062376
-0.022530461538461537
-0.07677046153846154
-0.0974233846153846
-0.10910584615384614
-0.11578153846153846
-0.09491999999999999
-0.04631261538461538
0.02858030769230769
0.10263876923076923
0.14311015384615386
0.1779489230769231
0.20465169230769228
0.2209236923076923
0.22447015384615385
0.19588984615384614
0.157296
0.11911938461538461
0.09700615384615385
0.09074769230769231
0.086784
0.07948246153846153
0.06425353846153846
0.05048492307692308
0.04380923076923077
0.03963692307692308
0.031918153846153846
0.02023569230769231
0.01043076923076923
0.005424
-0.005632615384615384
-0.015020307692307692
-0.024616615384615383
-0.04172307692307692
-0.046104
-0.05590892307692308
-0.06070707692307692
-0.046104
-0.03337846153846154
-0.01043076923076923
-0.004172307692307692
-0.013768615384615384
-0.017523692307692306
-0.03775938461538462
-0.06404492307692307
-0.08740984615384616
-0.10660246153846153
-0.11557292307692307
-0.12162276923076921
-0.11327815384615383
-0.09283384615384616
-0.059664
-0.008344615384615384
0.03045784615384615
0.04860738461538461
0.054240000000000003
0.05507446153846154
0.06467076923076923
0.07843938461538462
0.08511507692307693
0.07489292307692308
0.03609046153846154
-0.0077187692307692304
-0.04193169230769231
-0.0744756923076923
-0.10597661538461538
-0.14164984615384615
-0.1612596923076923
-0.1504116923076923
-0.11265230769230769
-0.05507446153846154
0.015228923076923076
0.09158215384615384
0.16167692307692308
0.2292683076923077
0.2887236923076923
0.3137575384615385
0.30332676923076923
0.2563883076923077
0.1779489230769231
0.09304246153846155
-0.0012516923076923076
-0.08761846153846153
-0.15291507692307693
-0.19213476923076922
-0.18629353846153843
-0.14832553846153845
-0.07781353846153846
0.013768615384615384
0.09450276923076922
0.16334584615384617
0.21883753846153844
0.25701415384615384
0.2670276923076923
0.22801661538461537
0.1506203076923077
0.0609156923076923
-0.03129230769230769
-0.10597661538461538
-0.15959076923076923
-0.1994363076923077
-0.21821169230769227
-0.214248
-0.1656406153846154
-0.08219446153846154
0.008136
0.0936683076923077
0.15667015384615385
0.20235692307692305
0.23114584615384615
0.23385784615384617
0.2056947692307692
0.1424843076923077
0.06341907692307691
0.002086153846153846
-0.03984553846153846
-0.06633969230769231
-0.08386338461538462
-0.09512861538461538
-0.09241661538461539
-0.08115138461538463
-0.06341907692307691
-0.05277969230769231
-0.05757784615384615
-0.07739630769230768
-0.09971815384615385
-0.10243015384615384
-0.08469784615384615
-0.05862092307692307
-0.03567323076923076
-0.00855323076923077
0.02273907692307692
0.05799507692307692
0.07551876923076924
0.06154153846153846
0.02545107692307692
-0.037342153846153844
-0.09471138461538461
-0.13872923076923074
-0.1704387692307692
-0.18399876923076922
-0.1923433846153846
-0.17565415384615385
-0.13351384615384615
-0.06279323076923077
0.03150092307692308
0.11599015384615384
0.1913003076923077
0.23928184615384615
0.2670276923076923
0.27412061538461535
0.24491446153846153
0.19213476923076922
0.12016246153846154
0.051319384615384614
0.0014603076923076922
-0.037967999999999995
-0.06800861538461538
-0.08302892307692307
-0.08302892307692307
-0.05924676923076923
-0.017315076923076923
0.029623384615384614
0.06592246153846154
0.08740984615384616
0.09721476923076922
0.08052553846153847
0.05298830769230769
0.014185846153846153
-0.040262769230769234
-0.09679753846153846
-0.14540492307692307
-0.17002153846153847
-0.1706473846153846
-0.16271999999999998
-0.14311015384615386
-0.11035753846153845
-0.07092923076923077
-0.01710646153846154
0.021278769230769233
0.04547815384615384
0.05486584615384615
0.04756430769230769
0.05111076923076923
0.04672984615384615
0.04401784615384615
0.040262769230769234
0.02586830769230769
0.019609846153846155
0.018775384615384614
0.027328615384615382
0.042348923076923076
0.05236246153846154
0.056951999999999996
0.06216738461538462
0.06759138461538462
0.06425353846153846
0.04839876923076923
0.014185846153846153
-0.025659692307692307
-0.053405538461538456
-0.06654830769230768
-0.06988615384615385
-0.06759138461538462
-0.05862092307692307
-0.042557538461538466
-0.014603076923076923
0.026494153846153844
0.07218092307692307
0.10159569230769232
0.10576799999999999
0.09846646153846153
0.08490646153846154
0.054657230769230764
0.01272553846153846
-0.03650769230769231
-0.08073415384615384
-0.10201292307692307
-0.10514215384615383
-0.0892873846153846
-0.06967753846153846
-0.04214030769230769
-0.0002086153846153846
0.05507446153846154
0.12016246153846154
0.15520984615384617
0.15604430769230768
0.11953661538461538
0.06133292307692308
0.013142769230769229
-0.027328615384615382
-0.06258461538461538
-0.09512861538461538
-0.11202646153846153
-0.10639384615384614
-0.07969107692307692
-0.037967999999999995
0.0012516923076923076
0.01981846153846154
0.02545107692307692
0.02586830769230769
0.018983999999999997
0.005424
-0.02357353846153846
-0.06070707692307692
-0.0853236923076923
-0.09179076923076923
-0.07802215384615384
-0.047772923076923074
-0.015854769230769228
0.010013538461538461
0.02753723076923077
0.05528307692307692
0.07885661538461539
0.08636676923076922
0.08052553846153847
0.052153846153846155
0.015437538461538461
-0.023990769230769232
-0.05194523076923077
-0.07197230769230768
-0.09283384615384616
-0.1070196923076923
-0.103056
-0.07656184615384615
-0.04547815384615384
-0.021070153846153846
-0.01043076923076923
-0.02023569230769231
-0.029414769230769227
-0.02524246153846154
-0.04902461538461538
-0.06362769230769232
-0.08615815384615384
-0.0828203076923077
-0.035464615384615386
0.026494153846153844
0.208824
0.2559710769230769
0.22300984615384614
0.24616615384615384
0.19568123076923075
0.22676492307692306
0.14164984615384615
-0.010222153846153844
-0.15395815384615386
-0.3062473846153846
-0.25930892307692305
-0.23928184615384615
-0.18983999999999998
-0.12621230769230768
-0.07969107692307692
0.14060676923076923
0.306456
0.4781464615384615
0.5643046153846153
0.45791076923076923
0.40095876923076923
0.25138153846153843
0.10514215384615383
-0.025033846153846153
-0.2453316923076923
-0.32543999999999995
-0.4105550769230769
-0.4383009230769231
-0.3008233846153846
-0.19609846153846153
-0.017523692307692306
0.12725538461538463
0.21341353846153846
0.32961230769230765
0.34275507692307694
0.3600701538461538
0.32585723076923073
0.18712800000000002
0.07468430769230769
-0.04672984615384615
-0.09408553846153846
-0.11411261538461538
-0.1883796923076923
-0.206112
-0.2194633846153846
-0.16480615384615382
-0.04756430769230769
0.0025033846153846152
0.06070707692307692
0.0892873846153846
0.10618523076923077
0.16334584615384617
0.15354092307692307
0.12955015384615384
0.10263876923076923
0.05528307692307692
0.07948246153846153
0.09763200000000001
0.10201292307692307
0.0892873846153846
0.031709538461538456
0.003129230769230769
-0.051319384615384614
-0.10827138461538462
-0.16188553846153847
-0.21362215384615382
-0.21216184615384615
-0.22530461538461538
-0.18629353846153843
-0.09262523076923077
-0.023990769230769232
0.06863446153846153
0.14957723076923077
0.2157083076923077
0.27453784615384613
0.26640184615384616
0.22989415384615383
0.1489513846153846
0.04088861538461538
-0.029623384615384614
-0.10055261538461538
-0.16313723076923078
-0.23156307692307693
-0.2707827692307692
-0.23072861538461537
-0.15562707692307692
-0.06258461538461538
0.008761846153846153
0.07134646153846153
0.1710646153846154
0.24074215384615386
0.26535876923076923
0.24679199999999998
0.1462393846153846
0.05653476923076922
-0.03233538461538461
-0.12725538461538463
-0.1704387692307692
-0.22551323076923077
-0.24282830769230768
-0.22488738461538463
-0.19442953846153843
-0.11536430769230768
-0.04693846153846153
0.008344615384615384
0.03963692307692308
0.04526953846153846
0.05090215384615384
0.03379569230769231
0.016480615384615385
-0.003129230769230769
-0.029832
-0.03379569230769231
-0.04318338461538461
-0.04631261538461538
-0.042557538461538466
-0.05653476923076922
-0.054240000000000003
-0.053614153846153846
-0.031918153846153846
0.026076923076923077
0.06467076923076923
0.07927384615384615
0.07343261538461537
0.065088
0.07781353846153846
0.08866153846153846
0.08073415384615384
0.06028984615384615
0.03045784615384615
0.01856676923076923
0.015020307692307692
0.02482523076923077
0.03567323076923076
0.029623384615384614
0.040679999999999994
0.03650769230769231
0.027745846153846152
0.01814953846153846
-0.005841230769230769
0.0006258461538461538
0.010639384615384617
0.01814953846153846
0.03400430769230769
0.03337846153846154
0.04985907692307692
0.06633969230769231
0.05716061538461538
0.05507446153846154
0.05069353846153846
0.042974769230769226
0.03942830769230769
0.041514461538461535
0.05298830769230769
0.04172307692307692
0.031709538461538456
0.03108369230769231
0.02023569230769231
0.02044430769230769
0.005424
-0.005841230769230769
-0.016063384615384615
-0.04839876923076923
-0.06028984615384615
-0.05319692307692307
-0.021904615384615383
0.023990769230769232
0.06258461538461538
0.10743692307692307
0.15687876923076924
0.19672430769230767
0.20444307692307692
0.1856676923076923
0.15813046153846153
0.12287446153846153
0.09846646153846153
0.06487938461538462
0.01814953846153846
-0.029623384615384614
-0.07072061538461538
-0.06592246153846154
-0.030040615384615384
0.013560000000000001
0.04860738461538461
0.07739630769230768
0.10827138461538462
0.13872923076923074
0.16438892307692307
0.18107815384615383
0.19067446153846154
0.16856123076923077
0.13205353846153844
0.084072
0.023990769230769232
-0.037967999999999995
-0.10848000000000001
-0.16042523076923076
-0.19964492307692308
-0.22008923076923076
-0.21862892307692305
-0.20486030769230767
-0.168144
-0.11557292307692307
-0.03567323076923076
0.06070707692307692
0.14916
0.21153599999999997
0.23510953846153848
0.21758584615384616
0.1794092307692308
0.12725538461538463
0.059872615384615385
-0.02023569230769231
-0.11494707692307692
-0.18629353846153843
-0.22697353846153845
-0.23281476923076924
-0.21049292307692305
-0.18399876923076922
-0.13664307692307692
-0.059038153846153844
0.04088861538461538
0.13497415384615385
0.19380369230769232
0.21633415384615384
0.19860184615384616
0.15520984615384617
0.09491999999999999
0.006049846153846154
-0.09930092307692308
-0.21591692307692306
-0.31834707692307695
-0.3815575384615385
-0.40033292307692303
-0.3815575384615385
-0.3412947692307692
-0.27620676923076926
-0.18629353846153843
-0.09512861538461538
-0.014603076923076923
0.04693846153846153
0.07384984615384615
0.07218092307692307
0.04693846153846153
0.01668923076923077
-0.01397723076923077
-0.05069353846153846
-0.08699261538461538
-0.12788123076923075
-0.14707384615384617
-0.13768615384615385
-0.111192
-0.07197230769230768
-0.04109723076923077
-0.0077187692307692304
0.042557538461538466
0.10722830769230769
0.17148184615384612
0.2154996923076923
0.24512307692307692
0.2620209230769231
0.26118646153846153
0.24992123076923078
0.21800307692307694
0.16292861538461537
0.10472492307692308
0.05799507692307692
0.035464615384615386
0.026702769230769228
0.012308307692307691
0.0008344615384615384
-0.006258461538461538
0.0002086153846153846
0.03024923076923077
0.065088
0.09804923076923076
0.1205796923076923
0.13643446153846153
0.15416676923076922
0.16292861538461537
0.15896492307692306
0.13789476923076924
0.09533723076923077
0.047772923076923074
0.004798153846153846
-0.03609046153846154
-0.07510153846153846
-0.1205796923076923
-0.14853415384615384
-0.15520984615384617
-0.14144123076923076
-0.09763200000000001
-0.04547815384615384
0.011682461538461537
0.06967753846153846
0.12308307692307692
0.17544553846153846
0.20715507692307691
0.2059033846153846
0.18191261538461537
0.13622584615384614
0.08010830769230769
0.01940123076923077
-0.03984553846153846
-0.09095630769230768
-0.12850707692307692
-0.14081538461538462
-0.13309661538461537
-0.10660246153846153
-0.07489292307692308
-0.04568676923076923
-0.015854769230769228
0.017940923076923077
0.05382276923076923
0.08156861538461539
0.0936683076923077
0.08177723076923075
0.04526953846153846
-0.002712
-0.04631261538461538
-0.09074769230769231
-0.13998092307692306
-0.1787833846153846
-0.19985353846153847
-0.20486030769230767
-0.1869193846153846
-0.1558356923076923
-0.11703323076923078
-0.08073415384615384
-0.05173661538461538
-0.017523692307692306
0.006258461538461538
0.01668923076923077
0.011265230769230769
0.0008344615384615384
-0.00855323076923077
-0.018775384615384614
-0.018358153846153843
-0.02586830769230769
-0.028788923076923077
-0.021487384615384613
-0.018358153846153843
-0.006258461538461538
0.010222153846153844
0.016063384615384615
0.018775384615384614
0.018775384615384614
0.026285538461538457
0.03609046153846154
0.02858030769230769
0.02482523076923077
0.025659692307692307
0.033169846153846154
0.052153846153846155
0.07030338461538461
0.08302892307692307
0.08636676923076922
0.07635323076923077
0.06300184615384616
0.04714707692307692
0.021904615384615383
-0.003755076923076923
-0.03588184615384615
-0.06633969230769231
-0.08636676923076922
-0.09179076923076923
-0.08615815384615384
-0.07280676923076923
-0.04944184615384615
-0.03108369230769231
-0.014185846153846153
0.0025033846153846152
0.011473846153846154
0.013142769230769229
0.008970461538461538
-0.0008344615384615384
-0.01272553846153846
-0.016480615384615385
-0.023364923076923075
-0.03379569230769231
-0.03859384615384615
-0.03483876923076923
-0.023990769230769232
-0.021278769230769233
-0.01668923076923077
0.002712
0.019609846153846155
0.03233538461538461
0.04693846153846153
0.056326153846153845
0.06404492307692307
0.06884307692307692
0.07635323076923077
0.09596307692307693
0.11452984615384615
0.13038461538461538
0.13518276923076925
0.12642092307692307
0.11411261538461538
0.086784
0.05319692307692307
0.021278769230769233
-0.012308307692307691
-0.042557538461538466
-0.06529661538461538
-0.07635323076923077
-0.06821723076923077
-0.04693846153846153
-0.016063384615384615
0.028788923076923077
0.07739630769230768
0.11974523076923077
0.14039815384615384
0.15416676923076922
0.16063384615384615
0.14957723076923077
0.12558646153846154
0.08699261538461538
0.043600615384615383
-0.00855323076923077
-0.04902461538461538
-0.06571384615384615
-0.06988615384615385
-0.05173661538461538
-0.01856676923076923
0.032544
0.1045163076923077
0.18358153846153846
0.2509643076923077
0.2860116923076923
0.2953993846153846
0.28392553846153845
0.26723630769230766
0.2374043076923077
0.18170399999999998
0.09909230769230769
0.006258461538461538
-0.06258461538461538
-0.10201292307692307
-0.12725538461538463
-0.14936861538461538
-0.16000799999999998
-0.15520984615384617
-0.13330523076923076
-0.11223507692307692
-0.10618523076923077
-0.12454338461538461
-0.18775384615384613
-0.2803790769230769
-0.29080984615384614
-0.2357353846153846
-0.13476553846153844
0.03108369230769231
0.18983999999999998
0.3784283076923077
0.5570030769230769
0.6982356923076922
0.7612375384615384
0.6871790769230769
0.46104
0.16835261538461538
-0.10117846153846152
-0.3456756923076923
-0.5171575384615384
-0.6704898461538461
-0.7397501538461538
-0.6792516923076923
-0.5054750769230769
-0.23636123076923077
0.021278769230769233
0.24637476923076923
0.38531261538461536
0.4627089230769231
0.4681329230769231
0.3752990769230769
0.21779446153846155
-0.06988615384615385
-0.3490135384615385
-0.5386449230769231
-0.6312701538461538
-0.5580461538461539
-0.4222375384615385
-0.23177169230769232
-0.0016689230769230767
0.17461107692307692
0.34171199999999996
0.43412861538461534
0.38072307692307694
0.2605606153846154
0.092208
-0.03233538461538461
-0.08699261538461538
-0.09784061538461537
-0.05173661538461538
-0.016480615384615385
0.015228923076923076
0.04547815384615384
0.05945538461538461
0.06800861538461538
0.022530461538461537
-0.04547815384615384
-0.10827138461538462
-0.18066092307692305
-0.20277415384615383
-0.2236356923076923
-0.24741784615384615
-0.23761292307692305
-0.21696000000000001
-0.13372246153846154
0.0012516923076923076
0.13518276923076925
0.2709913846153846
0.36611999999999995
0.38531261538461536
0.34776184615384614
0.2330233846153846
0.0448523076923077
-0.17711446153846155
-0.37091815384615384
-0.48565661538461535
-0.49003753846153847
-0.3832264615384615
-0.18983999999999998
0.07635323076923077
0.33670523076923076
0.5634701538461538
0.722435076923077
0.7470516923076923
0.6723673846153846
0.5217470769230769
0.31626092307692305
0.09971815384615385
-0.1178676923076923
-0.30061476923076924
-0.4053396923076923
-0.4360061538461539
-0.3882332307692308
-0.2887236923076923
-0.16105107692307694
0.0
0.14749107692307692
0.2764153846153846
0.35235138461538457
0.3550633846153846
0.2947735384615384
0.15270646153846154
0.005841230769230769
-0.14060676923076923
-0.27704123076923076
-0.34943076923076927
-0.38531261538461536
-0.34296369230769225
-0.21696000000000001
-0.07197230769230768
0.0855323076923077
0.20652923076923077
0.2557624615384615
0.2618123076923077
0.21883753846153844
0.15270646153846154
0.08010830769230769
-0.006467076923076923
-0.07927384615384615
-0.12245723076923076
-0.1151556923076923
-0.06717415384615384
0.011473846153846154
0.10222153846153846
0.17315076923076922
0.23510953846153848
0.26911384615384615
0.2503384615384615
0.1800350769230769
0.058412307692307694
-0.07551876923076924
-0.18253846153846154
-0.2753723076923077
-0.32543999999999995
-0.32272799999999996
-0.2791273846153846
-0.18379015384615385
-0.06487938461538462
0.06800861538461538
0.19526400000000002
0.27975323076923075
0.3102110769230769
0.279336
0.19755876923076923
0.07906523076923076
-0.059664
-0.19651569230769228
-0.3127144615384615
-0.3815575384615385
-0.40012430769230767
-0.3675803076923077
-0.2780843076923077
-0.15917353846153848
-0.02795446153846154
0.10368184615384615
0.21111876923076925
0.2705741538461538
0.27286892307692306
0.23135446153846154
0.168144
0.09825784615384614
0.02482523076923077
-0.031709538461538456
-0.059872615384615385
-0.06592246153846154
-0.043600615384615383
-0.013560000000000001
0.0008344615384615384
-0.004589538461538461
-0.03337846153846154
-0.07426707692307692
-0.11557292307692307
-0.16334584615384617
-0.21883753846153844
-0.2559710769230769
-0.2503384615384615
-0.19672430769230767
-0.09283384615384616
0.030875076923076922
0.15187199999999998
0.25847446153846154
0.3339932307692307
0.39407446153846154
0.4159790769230769
0.3738387692307692
0.27328615384615385
0.12683815384615382
-0.025659692307692307
-0.1691870769230769
-0.287472
-0.36611999999999995
-0.4053396923076923
-0.3863556923076923
-0.2962338461538461
-0.14123261538461537
0.042557538461538466
0.19881046153846152
0.2981113846153846
0.3375396923076923
0.3187643076923077
0.25805723076923076
0.15604430769230768
0.01668923076923077
-0.12996738461538462
-0.26097784615384617
-0.3319070769230769
-0.33649661538461534
-0.2999889230769231
-0.22008923076923076
-0.12266584615384615
-0.0070929230769230765
0.12099692307692309
0.21967199999999998
0.2791273846153846
0.28768061538461537
0.2632726153846154
0.22300984615384614
0.17711446153846155
0.14290153846153844
0.08991323076923076
0.031918153846153846
-0.009804923076923077
-0.03212676923076923
-0.013768615384615384
0.008344615384615384
0.011265230769230769
0.0029206153846153843
-0.02023569230769231
-0.026494153846153844
-0.019192615384615384
-0.013560000000000001
-0.006675692307692307
-0.01272553846153846
-0.007927384615384614
0.020652923076923076
0.059038153846153844
0.09304246153846155
0.09804923076923076
0.08073415384615384
0.05653476923076922
0.03129230769230769
-0.006258461538461538
-0.06905169230769231
-0.14436184615384615
-0.222384
-0.2858030769230769
-0.3114627692307692
-0.2912270769230769
-0.23761292307692305
-0.16042523076923076
-0.053405538461538456
0.08073415384615384
0.22175815384615383
0.33983446153846153
0.4159790769230769
0.4360061538461539
0.40095876923076923
0.32627446153846157
0.21612553846153845
0.07802215384615384
-0.06738276923076922
-0.19860184615384616
-0.28413415384615387
-0.31104553846153843
-0.2768326153846154
-0.19004861538461537
-0.07885661538461539
0.040679999999999994
0.15541846153846153
0.26535876923076923
0.33983446153846153
0.3513083076923077
0.3114627692307692
0.22467876923076924
0.11745046153846153
0.008344615384615384
-0.09262523076923077
-0.16793538461538463
-0.22447015384615385
-0.23823876923076923
-0.19463815384615382
-0.11327815384615383
-0.01397723076923077
0.07760492307692309
0.15625292307692307
0.2138307692307692
0.2482523076923077
0.25430215384615384
0.2275993846153846
0.1777403076923077
0.11265230769230769
0.04860738461538461
-0.008344615384615384
-0.054657230769230764
-0.086784
-0.10681107692307691
-0.11181784615384616
-0.10159569230769232
-0.08177723076923075
-0.05382276923076923
-0.026911384615384615
-0.004172307692307692
0.01272553846153846
0.020027076923076922
0.02482523076923077
0.018983999999999997
0.003755076923076923
-0.011056615384615385
-0.023364923076923075
-0.03296123076923077
-0.04380923076923077
-0.05590892307692308
-0.07092923076923077
-0.08887015384615385
-0.10347323076923076
-0.10514215384615383
-0.092208
-0.07259815384615384
-0.04318338461538461
0.0035464615384615383
0.06362769230769232
0.138312
0.20715507692307691
0.2480436923076923
0.26869661538461537
0.254928
0.21612553846153845
0.1597993846153846
0.07614461538461538
-0.009387692307692307
-0.09012184615384615
-0.15166338461538462
-0.1829556923076923
-0.1940123076923077
-0.1696043076923077
-0.1151556923076923
-0.03609046153846154
0.06070707692307692
0.14707384615384617
0.21487384615384614
0.23782153846153845
0.21529107692307692
0.15374953846153847
0.053614153846153846
-0.053405538461538456
-0.1558356923076923
-0.24512307692307692
-0.29498215384615384
-0.29581661538461534
-0.2532590769230769
-0.16584923076923075
-0.04839876923076923
0.08720123076923077
0.2290596923076923
0.34880492307692307
0.4374664615384615
0.48649107692307686
0.48357046153846156
0.4372578461538461
0.35047384615384614
0.23156307692307693
0.09533723076923077
-0.04631261538461538
-0.16584923076923075
-0.252216
-0.29727692307692305
-0.29581661538461534
-0.25346769230769234
-0.1712732307692308
-0.06654830769230768
0.042348923076923076
0.138312
0.2059033846153846
0.23448369230769228
0.21696000000000001
0.16793538461538463
0.10660246153846153
0.028788923076923077
-0.04631261538461538
-0.119328
-0.18963138461538462
-0.23281476923076924
-0.25951753846153847
-0.25701415384615384
-0.2399076923076923
-0.22029784615384615
-0.18858830769230767
-0.15562707692307692
-0.10868861538461538
-0.065088
-0.021904615384615383
0.03108369230769231
0.07468430769230769
0.12120553846153845
0.15124615384615384
0.15813046153846153
0.15208061538461537
0.10910584615384614
0.05236246153846154
-0.009179076923076922
-0.07531015384615385
-0.13101046153846155
-0.1883796923076923
-0.22780799999999998
-0.2482523076923077
-0.2438713846153846
-0.208824
-0.16188553846153847
-0.08845292307692308
-0.0025033846153846152
0.084072
0.16772676923076923
0.22154953846153846
0.2342750769230769
0.20444307692307692
0.143736
0.06216738461538462
-0.03567323076923076
-0.13622584615384614
-0.22467876923076924
-0.2920615384615385
-0.3116713846153846
-0.2899753846153846
-0.23218892307692307
-0.14081538461538462
-0.04902461538461538
0.04276615384615385
0.12412615384615384
0.18963138461538462
0.23344061538461539
0.24992123076923078
0.23823876923076923
0.20173107692307693
0.1531236923076923
0.0892873846153846
0.02586830769230769
-0.042974769230769226
-0.11140061538461538
-0.16188553846153847
-0.19609846153846153
-0.20402584615384614
-0.19296923076923078
-0.16897846153846155
-0.12642092307692307
-0.07677046153846154
-0.021696
0.037342153846153844
0.08219446153846154
0.10117846153846152
0.10430769230769231
0.09909230769230769
0.08824430769230769
0.07531015384615385
0.042348923076923076
0.0008344615384615384
-0.04109723076923077
-0.08010830769230769
-0.10639384615384614
-0.12788123076923075
-0.1504116923076923
-0.18149538461538461
-0.21967199999999998
-0.25451076923076926
-0.2814221538461538
-0.25805723076923076
-0.15896492307692306
-0.018358153846153843
0.1779489230769231
0.37592492307692305
0.5417741538461538
0.680712
0.7272332307692306
0.7072061538461538
0.5728578461538462
0.3506824615384615
0.10597661538461538
-0.16105107692307694
-0.39219692307692305
-0.608531076923077
-0.7412104615384615
-0.7862713846153846
-0.7209747692307692
-0.5209126153846153
-0.28246523076923075
0.011056615384615385
0.2943563076923077
0.5325950769230768
0.7136732307692307
0.758316923076923
0.6846756923076923
0.5127766153846154
0.26765353846153844
-0.017523692307692306
-0.3062473846153846
-0.5499101538461538
-0.6880135384615385
-0.6763310769230769
-0.547824
-0.33670523076923076
-0.09304246153846155
0.14832553846153845
0.3682061538461538
0.5188264615384615
0.5878781538461538
0.5720233846153846
0.4748086153846154
0.34963938461538463
0.21529107692307692
0.07092923076923077
-0.07155507692307693
-0.20965846153846154
-0.3077076923076923
-0.3600701538461538
-0.3826006153846154
-0.3763421538461538
-0.3291950769230769
-0.2399076923076923
-0.15166338461538462
-0.06967753846153846
0.0
0.045895384615384616
0.09846646153846153
0.1314276923076923
0.14540492307692307
0.16459753846153846
0.1800350769230769
0.20423446153846153
0.21862892307692305
0.19547261538461536
0.127464
0.037967999999999995
-0.054240000000000003
-0.143736
-0.2236356923076923
-0.2899753846153846
-0.3039526153846154
-0.23782153846153845
-0.10785415384615385
0.06070707692307692
0.22634769230769228
0.35923569230769226
0.45978830769230766
0.5027630769230769
0.4754344615384615
0.3978295384615384
0.2807963076923077
0.13393107692307693
-0.022947692307692308
-0.15792184615384616
-0.2588916923076923
-0.3133403076923077
-0.3116713846153846
-0.26786215384615386
-0.17690584615384616
-0.052153846153846155
0.09304246153846155
0.24658338461538462
0.35339446153846155
0.3978295384615384
0.3978295384615384
0.33962584615384617
0.24428861538461538
0.116616
-0.04422646153846154
-0.1829556923076923
-0.28163076923076924
-0.31855569230769226
-0.2782929230769231
-0.1860849230769231
-0.046104
0.12099692307692309
0.2782929230769231
0.39011076923076926
0.43433723076923075
0.40700861538461536
0.3156350769230769
0.19964492307692308
0.06571384615384615
-0.07739630769230768
-0.19317784615384614
-0.2807963076923077
-0.31646953846153847
-0.2868461538461538
-0.2140393846153846
-0.10409907692307692
0.015228923076923076
0.11807630769230769
0.19818461538461538
0.23782153846153845
0.24428861538461538
0.2261390769230769
0.1800350769230769
0.11098338461538461
0.019609846153846155
-0.07677046153846154
-0.15875630769230767
-0.20527753846153846
-0.21174461538461536
-0.19046584615384615
-0.138312
-0.056326153846153845
0.044435076923076924
0.138312
0.1881710769230769
0.19714153846153845
0.18504184615384617
0.14164984615384615
0.078648
0.0012516923076923076
-0.10472492307692308
-0.19442953846153843
-0.24032492307692307
-0.24866953846153847
-0.21654276923076923
-0.18066092307692305
-0.14060676923076923
-0.07656184615384615
-0.015020307692307692
0.04214030769230769
0.07113784615384615
0.05757784615384615
0.03588184615384615
0.020652923076923076
0.019609846153846155
0.024616615384615383
0.03567323076923076
0.05507446153846154
0.07030338461538461
0.09074769230769231
0.10493353846153847
0.10639384615384614
0.08615815384615384
0.03045784615384615
-0.026076923076923077
-0.06675692307692307
-0.08511507692307693
-0.0771876923076923
-0.05507446153846154
-0.02273907692307692
0.02482523076923077
0.0934596923076923
0.17252492307692308
0.249504
0.29352184615384613
0.2920615384615385
0.2620209230769231
0.20778092307692309
0.12767261538461538
0.01940123076923077
-0.1070196923076923
-0.2292683076923077
-0.31646953846153847
-0.3584012307692308
-0.3571495384615384
-0.31918153846153846
-0.24637476923076923
-0.12788123076923075
0.01272553846153846
0.14477907692307693
0.24658338461538462
0.30270092307692303
0.3077076923076923
0.27182584615384614
0.20506892307692307
0.116616
0.015020307692307692
-0.09784061538461537
-0.18900553846153845
-0.2369870769230769
-0.2292683076923077
-0.1693956923076923
-0.08615815384615384
-0.003963692307692307
0.07343261538461537
0.1422756923076923
0.19192615384615386
0.22467876923076924
0.21988061538461537
0.17377661538461536
0.11390399999999999
0.05090215384615384
0.0006258461538461538
-0.03859384615384615
-0.07781353846153846
-0.10013538461538461
-0.09846646153846153
-0.07468430769230769
-0.04672984615384615
-0.028788923076923077
-0.027120000000000002
-0.03880246153846154
-0.037342153846153844
-0.025659692307692307
-0.017523692307692306
-0.013768615384615384
-0.013142769230769229
-0.0050067692307692304
0.012099692307692308
0.02795446153846154
0.042557538461538466
0.03838523076923077
0.015437538461538461
-0.019192615384615384
-0.07051199999999999
-0.1314276923076923
-0.206112
-0.2805876923076923
-0.3375396923076923
-0.35860984615384617
-0.33315876923076926
-0.2697396923076923
-0.18232984615384615
-0.0880356923076923
0.009804923076923077
0.10430769230769231
0.1800350769230769
0.22634769230769228
0.23114584615384615
0.18775384615384613
0.11223507692307692
0.021904615384615383
-0.06279323076923077
-0.14164984615384615
-0.2056947692307692
-0.24282830769230768
-0.2532590769230769
-0.21341353846153846
-0.13768615384615385
-0.04318338461538461
0.05069353846153846
0.13601723076923075
0.21737723076923077
0.27328615384615385
0.2939390769230769
0.2680707692307692
0.20319138461538463
0.1218313846153846
0.04318338461538461
-0.021904615384615383
-0.06905169230769231
-0.09679753846153846
-0.10222153846153846
-0.08052553846153847
-0.04401784615384615
0.0002086153846153846
0.031918153846153846
0.044435076923076924
0.049233230769230765
0.03880246153846154
0.03066646153846154
0.02315630769230769
0.009596307692307692
-0.007927384615384614
-0.03400430769230769
-0.04380923076923077
-0.04172307692307692
-0.03358707692307692
-0.030875076923076922
-0.05048492307692308
-0.06988615384615385
-0.09283384615384616
-0.10618523076923077
-0.10472492307692308
-0.10222153846153846
-0.08198584615384615
-0.043600615384615383
0.009387692307692307
0.07697907692307693
0.12975876923076923
0.16042523076923076
0.16772676923076923
0.15291507692307693
0.13309661538461537
0.0880356923076923
0.03108369230769231
-0.03275261538461539
-0.09158215384615384
-0.12350030769230769
-0.1397723076923077
-0.13184492307692308
-0.10618523076923077
-0.058829538461538454
0.006049846153846154
0.07614461538461538
0.13038461538461538
0.15562707692307692
0.14999446153846155
0.11807630769230769
0.07697907692307693
0.02211323076923077
-0.035464615384615386
-0.09012184615384615
-0.13998092307692306
-0.16856123076923077
-0.16772676923076923
-0.13038461538461538
-0.06654830769230768
0.0006258461538461538
0.06738276923076922
0.11244369230769231
0.13810338461538463
0.1424843076923077
0.10910584615384614
0.06300184615384616
-0.0014603076923076922
-0.06404492307692307
-0.10430769230769231
-0.116616
-0.092208
-0.053405538461538456
0.0014603076923076922
0.06905169230769231
0.1353913846153846
0.1869193846153846
0.2056947692307692
0.20110523076923076
0.17273353846153844
0.12204
0.07259815384615384
0.01710646153846154
-0.03400430769230769
-0.07301538461538462
-0.09825784615384614
-0.09304246153846155
-0.06571384615384615
-0.023364923076923075
0.02357353846153846
0.07510153846153846
0.1368516923076923
0.20235692307692305
0.2492953846153846
0.26723630769230766
0.26869661538461537
0.24345415384615382
0.20486030769230767
0.16251138461538459
0.11035753846153845
0.05048492307692308
-0.024616615384615383
-0.09095630769230768
-0.138312
-0.1733593846153846
-0.18796246153846152
-0.17982646153846152
-0.15103753846153847
-0.10743692307692307
-0.053614153846153846
0.0035464615384615383
0.05757784615384615
0.0936683076923077
0.11202646153846153
0.11327815384615383
0.09471138461538461
0.05298830769230769
-0.010013538461538461
-0.07635323076923077
-0.14206707692307693
-0.18921415384615384
-0.2090326153846154
-0.2059033846153846
-0.17294215384615383
-0.11494707692307692
-0.03713353846153846
0.05528307692307692
0.1435273846153846
0.21132738461538458
0.25054707692307693
0.2559710769230769
0.24095076923076922
0.21487384615384614
0.16251138461538459
0.09554584615384615
0.022530461538461537
-0.05236246153846154
-0.10493353846153847
-0.14018953846153845
-0.16021661538461537
-0.17231630769230769
-0.16647507692307692
-0.14144123076923076
-0.09471138461538461
-0.03150092307692308
0.028163076923076923
0.08845292307692308
0.13330523076923076
0.16042523076923076
0.16292861538461537
0.14457046153846154
0.10138707692307691
0.03692492307692308
-0.019609846153846155
-0.06467076923076923
-0.09053907692307692
-0.10201292307692307
-0.10117846153846152
-0.09012184615384615
-0.06738276923076922
-0.03275261538461539
0.009596307692307692
0.05298830769230769
0.07697907692307693
0.0961716923076923
0.11286092307692308
0.1316363076923077
0.14603076923076924
0.14311015384615386
0.12934153846153845
0.09909230769230769
0.07113784615384615
0.03901107692307692
-0.002086153846153846
-0.04318338461538461
-0.08323753846153846
-0.10180430769230768
-0.09825784615384614
-0.08177723076923075
-0.053614153846153846
-0.022530461538461537
-0.0043809230769230765
-0.009387692307692307
-0.03108369230769231
-0.06321046153846153
-0.0974233846153846
-0.14728246153846153
-0.19213476923076922
-0.19463815384615382
-0.16418030769230768
-0.06550523076923077
0.06946892307692307
0.29039261538461536
0.4633347692307692
0.5056836923076923
0.5976830769230769
0.5782818461538461
0.5382276923076923
0.43704923076923075
0.19004861538461537
-0.027120000000000002
-0.2926873846153846
-0.4314166153846154
-0.5313433846153847
-0.6191704615384614
-0.576612923076923
-0.5077698461538461
-0.25972615384615383
0.011891076923076923
0.27704123076923076
0.5446947692307692
0.6229255384615384
0.6817550769230768
0.6321046153846154
0.458328
0.2776670769230769
-0.023364923076923075
-0.2620209230769231
-0.46354338461538463
-0.6713243076923077
-0.6782086153846154
-0.6343993846153846
-0.5027630769230769
-0.2799618461538461
-0.10931446153846153
0.11828492307692307
0.29080984615384614
0.4345458461538461
0.5732750769230769
0.5732750769230769
0.5325950769230768
0.4307907692307692
0.30019753846153846
0.18545907692307692
-0.006467076923076923
-0.17169046153846151
-0.31646953846153847
-0.43350276923076925
-0.441012923076923
-0.4443507692307692
-0.38593846153846156
-0.28121353846153846
-0.1829556923076923
-0.037967999999999995
0.05674338461538461
0.13059323076923077
0.21716861538461538
0.25430215384615384
0.3022836923076923
0.33065538461538463
0.3156350769230769
0.28350830769230767
0.1846246153846154
0.05611753846153846
-0.11181784615384616
-0.3081249230769231
-0.4683415384615384
-0.5887126153846154
-0.6170843076923077
-0.5903815384615384
-0.49316676923076924
-0.26619323076923074
-0.006884307692307692
0.2858030769230769
0.5688941538461538
0.7662443076923077
0.8901618461538461
0.8738898461538461
0.7643667692307692
0.5688941538461538
0.2674449230769231
-0.021904615384615383
-0.314592
-0.5682683076923077
-0.7382898461538461
-0.8261169230769231
-0.7560221538461538
-0.590172923076923
-0.3517255384615385
-0.058412307692307694
0.2399076923076923
0.5540824615384615
0.7829335384615385
0.8766018461538462
0.856992
0.6842584615384616
0.4355889230769231
0.1502030769230769
-0.17711446153846155
-0.4508178461538461
-0.6734104615384615
-0.7971193846153847
-0.7747975384615384
-0.6717415384615385
-0.46583815384615385
-0.19609846153846153
0.08156861538461539
0.35235138461538457
0.5536652307692308
0.6748707692307692
0.6811292307692307
0.5880867692307692
0.4387181538461538
0.23364923076923078
0.027328615384615382
-0.17690584615384616
-0.3479704615384615
-0.44810584615384613
-0.4977563076923077
-0.47230523076923075
-0.39052800000000004
-0.2926873846153846
-0.16334584615384617
-0.040054153846153843
0.05090215384615384
0.12245723076923076
0.15875630769230767
0.17481969230769231
0.17544553846153846
0.14436184615384615
0.10076123076923077
0.04547815384615384
-0.016063384615384615
-0.07635323076923077
-0.13706030769230768
-0.17961784615384613
-0.21216184615384615
-0.22175815384615383
-0.22801661538461537
-0.24011630769230768
-0.22447015384615385
-0.18900553846153845
-0.11745046153846153
-0.029623384615384614
0.042557538461538466
0.11536430769230768
0.18316430769230768
0.2503384615384615
0.3137575384615385
0.3269003076923077
0.2860116923076923
0.21737723076923077
0.1136953846153846
0.0035464615384615383
-0.09596307692307693
-0.19213476923076922
-0.2626467692307692
-0.2937304615384615
-0.26222953846153846
-0.1800350769230769
-0.06133292307692308
0.06321046153846153
0.15604430769230768
0.21862892307692305
0.23135446153846154
0.2073636923076923
0.14874276923076923
0.053405538461538456
-0.05090215384615384
-0.1462393846153846
-0.20152246153846154
-0.2008966153846154
-0.1597993846153846
-0.09491999999999999
-0.005215384615384615
0.103056
0.2238443076923077
0.3327415384615385
0.3880246153846154
0.3721698461538462
0.2920615384615385
0.1783661538461538
0.05382276923076923
-0.06946892307692307
-0.18379015384615385
-0.2695310769230769
-0.3047870769230769
-0.28204799999999997
-0.20277415384615383
-0.09450276923076922
0.01814953846153846
0.13038461538461538
0.21320492307692307
0.2557624615384615
0.2620209230769231
0.21091015384615383
0.11327815384615383
-0.014603076923076923
-0.14686523076923075
-0.25117292307692307
-0.32627446153846157
-0.36215630769230767
-0.3609046153846154
-0.32043323076923075
-0.23156307692307693
-0.10827138461538462
0.033169846153846154
0.157296
0.23886461538461537
0.27871015384615383
0.2730775384615384
0.22530461538461538
0.14853415384615384
0.053614153846153846
-0.044435076923076924
-0.13267938461538462
-0.18629353846153843
-0.18983999999999998
-0.1597993846153846
-0.10868861538461538
-0.0446436923076923
0.030875076923076922
0.11640738461538462
0.1883796923076923
0.22655630769230767
0.22551323076923077
0.18232984615384615
0.10722830769230769
0.014185846153846153
-0.07259815384615384
-0.14144123076923076
-0.18983999999999998
-0.20632061538461538
-0.19296923076923078
-0.1543753846153846
-0.10514215384615383
-0.05716061538461538
-0.015646153846153844
0.01668923076923077
0.03650769230769231
0.04172307692307692
0.026285538461538457
-0.006049846153846154
-0.03650769230769231
-0.054240000000000003
-0.045060923076923075
-0.010222153846153844
0.03358707692307692
0.0771876923076923
0.1136953846153846
0.14018953846153845
0.15208061538461537
0.14582215384615385
0.11473846153846154
0.06884307692307692
0.01981846153846154
-0.029206153846153847
-0.059664
-0.07635323076923077
-0.08344615384615384
-0.07635323076923077
-0.04631261538461538
0.010848
0.07072061538461538
0.12537784615384615
0.15896492307692306
0.1712732307692308
0.16647507692307692
0.1368516923076923
0.09262523076923077
0.03650769230769231
-0.025659692307692307
-0.0853236923076923
-0.11745046153846153
-0.11348676923076922
-0.08386338461538462
-0.03108369230769231
0.029414769230769227
0.10159569230769232
0.17085599999999998
0.2221753846153846
0.24574892307692306
0.225096
0.17669723076923077
0.10952307692307692
0.042557538461538466
-0.015228923076923076
-0.061124307692307686
-0.0934596923076923
-0.111192
-0.10368184615384615
-0.07802215384615384
-0.032544
0.021487384615384613
0.07364123076923076
0.12204
0.15562707692307692
0.1693956923076923
0.16209415384615386
0.12788123076923075
0.06800861538461538
-0.004172307692307692
-0.07238953846153846
-0.12516923076923075
-0.16334584615384617
-0.18149538461538461
-0.17398523076923075
-0.1397723076923077
-0.07843938461538462
0.006049846153846154
0.0974233846153846
0.17628
0.2292683076923077
0.25284184615384614
0.2436627692307692
0.19714153846153845
0.12516923076923075
0.033169846153846154
-0.06070707692307692
-0.13476553846153844
-0.18337292307692307
-0.20173107692307693
-0.1927606153846154
-0.16021661538461537
-0.09825784615384614
-0.018358153846153843
0.06446215384615385
0.14081538461538462
0.18754523076923074
0.20131384615384615
0.1846246153846154
0.14164984615384615
0.07635323076923077
-0.009596307692307692
-0.10159569230769232
-0.18525046153846153
-0.24199384615384617
-0.2641070769230769
-0.24992123076923078
-0.20506892307692307
-0.1424843076923077
-0.06070707692307692
0.03337846153846154
0.12037107692307693
0.18399876923076922
0.21654276923076923
0.2194633846153846
0.19547261538461536
0.15166338461538462
0.1028473846153846
0.05090215384615384
-0.005632615384615384
-0.049233230769230765
-0.07426707692307692
-0.07572738461538461
-0.0609156923076923
-0.04902461538461538
-0.031709538461538456
-0.005841230769230769
0.03212676923076923
0.08073415384615384
0.12308307692307692
0.17273353846153844
0.21487384615384614
0.2422024615384615
0.26619323076923074
0.2557624615384615
0.21654276923076923
0.15479261538461536
0.073224
-0.0077187692307692304
-0.08866153846153846
-0.15938215384615384
-0.21028430769230766
-0.23949046153846154
-0.235944
-0.20131384615384615
-0.14123261538461537
-0.06446215384615385
0.004589538461538461
0.06362769230769232
0.11327815384615383
0.15228923076923076
0.17690584615384616
0.17628
0.14978584615384616
0.08907876923076924
0.02044430769230769
-0.03483876923076923
-0.08740984615384616
-0.13184492307692308
-0.16584923076923075
-0.17169046153846151
-0.1449876923076923
-0.10096984615384616
-0.04172307692307692
0.01940123076923077
0.07030338461538461
0.10806276923076923
0.12808984615384614
0.1356
0.1205796923076923
0.078648
0.037967999999999995
-0.003963692307692307
-0.03629907692307692
-0.051319384615384614
-0.06425353846153846
-0.05236246153846154
-0.03045784615384615
0.0006258461538461538
0.04130584615384615
0.07051199999999999
0.09053907692307692
0.09304246153846155
0.07927384615384615
0.0609156923076923
0.04214030769230769
0.023990769230769232
0.005215384615384615
-0.014185846153846153
-0.014185846153846153
0.005215384615384615
0.037967999999999995
0.07551876923076924
0.09867507692307692
0.10743692307692307
0.10430769230769231
0.10326461538461539
0.10180430769230768
0.07009476923076922
0.012934153846153845
-0.04130584615384615
-0.0771876923076923
-0.10076123076923077
-0.12454338461538461
-0.13643446153846153
-0.13330523076923076
-0.11578153846153846
-0.07593599999999999
-0.024199384615384616
0.024199384615384616
0.05382276923076923
0.06446215384615385
0.06800861538461538
0.05444861538461539
0.02482523076923077
-0.025033846153846153
-0.08636676923076922
-0.127464
-0.14999446153846155
-0.13852061538461538
-0.11473846153846154
-0.0934596923076923
-0.07614461538461538
-0.0717636923076923
-0.06070707692307692
-0.03045784615384615
-0.009179076923076922
-0.028163076923076923
-0.04631261538461538
-0.0771876923076923
-0.059664
-0.03775938461538462
0.08115138461538463
0.20193969230769232
0.11432123076923076
0.11891076923076922
0.06613107692307692
0.06028984615384615
0.06425353846153846
-0.14999446153846155
-0.29581661538461534
-0.504432
-0.5350984615384615
-0.4476886153846154
-0.4466455384615384
-0.34066892307692304
-0.31772123076923076
-0.12391753846153845
0.15374953846153847
0.3508910769230769
0.551579076923077
0.47960676923076917
0.4030449230769231
0.3285692307692308
0.17273353846153844
0.10681107692307691
-0.10243015384615384
-0.2517987692307692
-0.3179298461538461
-0.4478972307692307
-0.3671630769230769
-0.2774584615384615
-0.16876984615384616
0.020652923076923076
0.10117846153846152
0.2643156923076923
0.3782196923076923
0.44309907692307693
0.55596
0.5048492307692307
0.41326707692307696
0.28121353846153846
0.1353913846153846
0.06633969230769231
-0.0988836923076923
-0.2492953846153846
-0.3642424615384615
-0.4424732307692308
-0.3609046153846154
-0.2966510769230769
-0.22196676923076922
-0.11327815384615383
-0.03504738461538461
0.124752
0.2482523076923077
0.31646953846153847
0.39365723076923076
0.3819747692307692
0.3836436923076923
0.38239199999999995
0.30019753846153846
0.20402584615384614
0.037967999999999995
-0.111192
-0.22572184615384616
-0.34463261538461537
-0.39866399999999996
-0.41681353846153846
-0.3321156923076923
-0.2059033846153846
-0.07134646153846153
0.14081538461538462
0.31000246153846156
0.45311261538461534
0.5534566153846153
0.5469895384615384
0.5054750769230769
0.37300430769230764
0.18858830769230767
-0.003755076923076923
-0.23823876923076923
-0.39699507692307695
-0.4977563076923077
-0.5547083076923077
-0.5405224615384615
-0.4985907692307692
-0.3588184615384616
-0.15813046153846153
0.04088861538461538
0.21988061538461537
0.33295015384615384
0.4376750769230769
0.4960873846153846
0.45707630769230767
0.3659113846153846
0.18525046153846153
-0.010848
-0.1614683076923077
-0.3062473846153846
-0.3813489230769231
-0.42244615384615386
-0.431208
-0.3510996923076923
-0.2492953846153846
-0.10409907692307692
0.059872615384615385
0.19380369230769232
0.3049956923076923
0.35610646153846154
0.3746732307692308
0.3383741538461538
0.25805723076923076
0.1693956923076923
0.05298830769230769
-0.049233230769230765
-0.15541846153846153
-0.2399076923076923
-0.26348123076923075
-0.2720344615384615
-0.2275993846153846
-0.14916
-0.07697907692307693
0.035255999999999996
0.1368516923076923
0.20861538461538462
0.24679199999999998
0.22801661538461537
0.21320492307692307
0.1858763076923077
0.12850707692307692
0.05382276923076923
-0.04714707692307692
-0.12621230769230768
-0.17481969230769231
-0.19818461538461538
-0.1792006153846154
-0.15646153846153846
-0.11682461538461539
-0.073224
-0.050067692307692306
-0.004589538461538461
0.027328615384615382
0.06049846153846154
0.092208
0.0771876923076923
0.056326153846153845
0.01940123076923077
-0.016272
-0.02586830769230769
-0.054657230769230764
-0.09012184615384615
-0.10493353846153847
-0.09575446153846154
-0.04672984615384615
0.015646153846153844
0.06675692307692307
0.10389046153846154
0.13184492307692308
0.1794092307692308
0.2059033846153846
0.19797599999999999
0.168144
0.103056
0.04401784615384615
-0.013560000000000001
-0.05486584615384615
-0.065088
-0.07155507692307693
-0.04860738461538461
-0.014394461538461538
0.03650769230769231
0.12037107692307693
0.2073636923076923
0.27599815384615384
0.3047870769230769
0.301032
0.2768326153846154
0.22697353846153845
0.15208061538461537
0.04631261538461538
-0.08073415384615384
-0.19359507692307693
-0.27140861538461536
-0.2906012307692308
-0.27140861538461536
-0.2290596923076923
-0.14290153846153844
-0.03045784615384615
0.100344
0.21612553846153845
0.27620676923076926
0.3004061538461538
0.28809784615384615
0.233232
0.15959076923076923
0.06362769230769232
-0.041514461538461535
-0.138312
-0.21925476923076925
-0.2517987692307692
-0.24282830769230768
-0.20527753846153846
-0.14123261538461537
-0.065088
0.027745846153846152
0.11745046153846153
0.19380369230769232
0.24470584615384613
0.24866953846153847
0.21737723076923077
0.14999446153846155
0.07468430769230769
0.013768615384615384
-0.054240000000000003
-0.11870215384615385
-0.18128676923076922
-0.22801661538461537
-0.22551323076923077
-0.19505538461538463
-0.1531236923076923
-0.1178676923076923
-0.09992676923076924
-0.08031692307692308
-0.054240000000000003
-0.015854769230769228
0.016063384615384615
0.031709538461538456
0.0446436923076923
0.05507446153846154
0.07614461538461538
0.08866153846153846
0.08949599999999999
0.08845292307692308
0.058829538461538454
0.009804923076923077
-0.03942830769230769
-0.09137353846153846
-0.13852061538461538
-0.17690584615384616
-0.19442953846153843
-0.17502830769230768
-0.12162276923076921
-0.03296123076923077
0.0798996923076923
0.19693292307692306
0.29414769230769233
0.3600701538461538
0.38990215384615384
0.37196123076923077
0.3016578461538461
0.1846246153846154
0.04401784615384615
-0.0880356923076923
-0.20027076923076922
-0.2864289230769231
-0.3269003076923077
-0.31813846153846154
-0.2586830769230769
-0.15646153846153846
-0.03275261538461539
0.09658892307692307
0.20694646153846152
0.29727692307692305
0.3611132307692308
0.38426953846153844
0.34943076923076927
0.25805723076923076
0.13351384615384615
-0.010848
-0.14540492307692307
-0.260352
-0.3333673846153846
-0.35193415384615384
-0.327108923076923
-0.2568055384615385
-0.15187199999999998
-0.026285538461538457
0.0892873846153846
0.17502830769230768
0.22488738461538463
0.24074215384615386
0.23010276923076922
0.1804523076923077
0.09950953846153845
0.011891076923076923
-0.07697907692307693
-0.1462393846153846
-0.19171753846153847
-0.2238443076923077
-0.225096
-0.21696000000000001
-0.1994363076923077
-0.15687876923076924
-0.103056
-0.034630153846153845
0.028163076923076923
0.08469784615384615
0.12600369230769232
0.15333230769230768
0.1693956923076923
0.15354092307692307
0.12767261538461538
0.08511507692307693
0.042557538461538466
0.01856676923076923
-0.0025033846153846152
-0.02023569230769231
-0.03901107692307692
-0.052571076923076915
-0.05298830769230769
-0.047772923076923074
-0.043392
-0.03567323076923076
-0.03400430769230769
-0.029623384615384614
-0.008970461538461538
0.02273907692307692
0.05653476923076922
0.08574092307692306
0.11724184615384614
0.13914646153846155
0.1506203076923077
0.14519630769230768
0.11411261538461538
0.07489292307692308
0.01940123076923077
-0.0448523076923077
-0.10138707692307691
-0.157296
-0.19881046153846152
-0.21508246153846153
-0.2157083076923077
-0.1846246153846154
-0.12662953846153846
-0.05799507692307692
0.03066646153846154
0.10722830769230769
0.17565415384615385
0.2303113846153846
0.25471938461538457
0.25951753846153847
0.22029784615384615
0.15792184615384616
0.07364123076923076
-0.027120000000000002
-0.12913292307692306
-0.2261390769230769
-0.2966510769230769
-0.3342018461538461
-0.3269003076923077
-0.2753723076923077
-0.20006215384615383
-0.11077476923076923
-0.005215384615384615
0.08615815384615384
0.15938215384615384
0.21091015384615383
0.21696000000000001
0.19609846153846153
0.14123261538461537
0.06592246153846154
-0.003129230769230769
-0.07155507692307693
-0.116616
-0.1341396923076923
-0.12266584615384615
-0.08094276923076923
-0.02899753846153846
0.026494153846153844
0.07531015384615385
0.11619876923076923
0.14206707692307693
0.14728246153846153
0.1435273846153846
0.12683815384615382
0.10368184615384615
0.08615815384615384
0.07551876923076924
0.06821723076923077
0.06133292307692308
0.04756430769230769
0.02795446153846154
0.0014603076923076922
-0.03337846153846154
-0.05945538461538461
-0.09387692307692307
-0.14749107692307692
-0.18942276923076923
-0.21612553846153845
-0.22008923076923076
-0.19630707692307692
-0.15875630769230767
-0.10138707692307691
-0.02858030769230769
0.056951999999999996
0.13706030769230768
0.19359507692307693
0.2236356923076923
0.21633415384615384
0.1779489230769231
0.11181784615384616
0.025033846153846153
-0.06842584615384616
-0.1504116923076923
-0.20798953846153845
-0.222384
-0.19463815384615382
-0.13601723076923075
-0.04985907692307692
0.04631261538461538
0.14603076923076924
0.22968553846153844
0.27328615384615385
0.2807963076923077
0.25242461538461536
0.18963138461538462
0.12016246153846154
0.04568676923076923
-0.014394461538461538
-0.06028984615384615
-0.10555938461538462
-0.111192
-0.09554584615384615
-0.06842584615384616
-0.026494153846153844
-0.0035464615384615383
0.010848
0.021278769230769233
0.023782153846153845
0.02273907692307692
-0.008761846153846153
-0.05444861538461539
-0.08720123076923077
-0.09658892307692307
-0.06300184615384616
-0.004798153846153846
0.06362769230769232
0.12162276923076921
0.16501476923076921
0.2127876923076923
0.24282830769230768
0.24032492307692307
0.20193969230769232
0.13393107692307693
0.06592246153846154
-0.001043076923076923
-0.06070707692307692
-0.11411261538461538
-0.1881710769230769
-0.25972615384615383
-0.31250584615384613
-0.26535876923076923
-0.124752
0.059038153846153844
0.29039261538461536
0.47272246153846154
0.6604763076923077
0.805464
0.8649193846153845
0.8315409230769231
0.6285581538461538
0.37884553846153846
0.08824430769230769
-0.1923433846153846
-0.42494953846153843
-0.6122861538461538
-0.6974012307692307
-0.6936461538461538
-0.546780923076923
-0.295608
-0.02545107692307692
0.24491446153846153
0.4593710769230769
0.5985175384615384
0.6469163076923078
0.5572116923076923
0.4022104615384615
0.184416
-0.11035753846153845
-0.3615304615384615
-0.5730664615384615
-0.6786258461538462
-0.6487938461538462
-0.5628443076923076
-0.39741230769230773
-0.2236356923076923
-0.056951999999999996
0.09596307692307693
0.17315076923076922
0.19317784615384614
0.14665661538461539
0.0717636923076923
0.028788923076923077
-0.0035464615384615383
-0.021278769230769233
-0.038176615384615385
-0.055491692307692304
-0.04985907692307692
-0.05444861538461539
-0.06946892307692307
-0.119328
-0.18796246153846152
-0.22947692307692308
-0.26139507692307695
-0.27140861538461536
-0.27286892307692306
-0.26765353846153844
-0.21341353846153846
-0.12621230769230768
-0.008344615384615384
0.14081538461538462
0.28663753846153844
0.4262012307692308
0.5303003076923076
0.5774473846153846
0.5344726153846153
0.39678646153846153
0.200688
-0.04631261538461538
-0.2805876923076923
-0.4622916923076923
-0.5682683076923077
-0.5590892307692308
-0.4606227692307692
-0.2887236923076923
-0.06258461538461538
0.15479261538461536
0.3573581538461538
0.4994252307692308
0.5294658461538462
0.4850307692307692
0.38531261538461536
0.25951753846153847
0.11599015384615384
-0.03337846153846154
-0.15208061538461537
-0.2205064615384615
-0.22447015384615385
-0.18775384615384613
-0.1316363076923077
-0.06863446153846153
-0.0043809230769230765
0.073224
0.14164984615384615
0.17273353846153844
0.17711446153846155
0.15249784615384615
0.10764553846153846
0.07405846153846153
0.05194523076923077
0.05048492307692308
0.06404492307692307
0.084072
0.11703323076923078
0.15208061538461537
0.173568
0.16334584615384617
0.11473846153846154
0.02211323076923077
-0.09137353846153846
-0.20339999999999997
-0.3081249230769231
-0.3750904615384615
-0.3984553846153846
-0.3811403076923077
-0.30562153846153844
-0.17523692307692307
-0.011265230769230769
0.16292861538461537
0.3072904615384615
0.3978295384615384
0.43308553846153847
0.39595199999999997
0.2962338461538461
0.14144123076923076
-0.061750153846153844
-0.25659692307692306
-0.4049224615384615
-0.4942098461538461
-0.5083956923076923
-0.4618744615384615
-0.3594443076923077
-0.19568123076923075
-0.0025033846153846152
0.1881710769230769
0.34275507692307694
0.4376750769230769
0.4729310769230769
0.44748
0.36257353846153845
0.21508246153846153
0.03838523076923077
-0.15124615384615384
-0.327108923076923
-0.4470627692307692
-0.5328036923076923
-0.5509532307692308
-0.4977563076923077
-0.39928984615384616
-0.24679199999999998
-0.08031692307692308
0.08010830769230769
0.22008923076923076
0.3116713846153846
0.3615304615384615
0.37196123076923077
0.3483876923076923
0.306456
0.23135446153846154
0.1356
0.038176615384615385
-0.03984553846153846
-0.08720123076923077
-0.1314276923076923
-0.15520984615384617
-0.1760713846153846
-0.1869193846153846
-0.16188553846153847
-0.13309661538461537
-0.09053907692307692
-0.04672984615384615
0.0002086153846153846
0.06529661538461538
0.12621230769230768
0.17148184615384612
0.19609846153846153
0.20444307692307692
0.20131384615384615
0.1940123076923077
0.1733593846153846
0.12412615384615384
0.04526953846153846
-0.054240000000000003
-0.15416676923076922
-0.2355267692307692
-0.28851507692307693
-0.306456
-0.28851507692307693
-0.23823876923076923
-0.14936861538461538
-0.03233538461538461
0.09512861538461538
0.21237046153846154
0.29331323076923077
0.32189353846153845
0.30666461538461537
0.25701415384615384
0.16876984615384616
0.05757784615384615
-0.06195876923076923
-0.15938215384615384
-0.21132738461538458
-0.22321846153846153
-0.19192615384615386
-0.13080184615384613
-0.05590892307692308
0.02899753846153846
0.12350030769230769
0.2138307692307692
0.2701569230769231
0.27850153846153847
0.23531815384615382
0.15604430769230768
0.05653476923076922
-0.054657230769230764
-0.1637630769230769
-0.2586830769230769
-0.31751261538461534
-0.3193901538461538
-0.265776
-0.17148184615384612
-0.06049846153846154
0.044435076923076924
0.1356
0.19985353846153847
0.23490092307692306
0.23072861538461537
0.17899199999999998
0.09825784615384614
0.0025033846153846152
-0.0744756923076923
-0.11348676923076922
-0.12037107692307693
-0.09471138461538461
-0.04735569230769231
0.02023569230769231
0.10430769230769231
0.1792006153846154
0.23364923076923078
0.24637476923076923
0.20694646153846152
0.13247076923076923
0.03150092307692308
-0.08052553846153847
-0.1883796923076923
-0.2776670769230769
-0.33002953846153843
-0.32189353846153845
-0.2586830769230769
-0.15667015384615385
-0.03421292307692308
0.08720123076923077
0.19672430769230767
0.2805876923076923
0.32731753846153844
0.3216849230769231
0.2716172307692308
0.1858763076923077
0.08386338461538462
-0.006258461538461538
-0.08073415384615384
-0.12996738461538462
-0.15500123076923078
-0.1424843076923077
-0.09408553846153846
-0.021696
0.05674338461538461
0.119328
0.1693956923076923
0.18191261538461537
0.17711446153846155
0.1704387692307692
0.14749107692307692
0.11724184615384614
0.07927384615384615
0.044435076923076924
0.021278769230769233
0.010848
0.007301538461538462
-0.003129230769230769
-0.017523692307692306
-0.03963692307692308
-0.06717415384615384
-0.0880356923076923
-0.10618523076923077
-0.11724184615384614
-0.12245723076923076
-0.116616
-0.08115138461538463
-0.029414769230769227
0.02482523076923077
0.06571384615384615
0.08240307692307691
0.09116492307692307
0.08761846153846153
0.07092923076923077
0.03963692307692308
-0.017523692307692306
-0.078648
-0.12642092307692307
-0.143736
-0.13372246153846154
-0.11432123076923076
-0.07113784615384615
0.0008344615384615384
0.08219446153846154
0.14811692307692306
0.19442953846153843
0.21111876923076925
0.19735015384615384
0.16418030769230768
0.10618523076923077
0.038176615384615385
-0.05090215384615384
-0.14060676923076923
-0.20131384615384615
-0.2290596923076923
-0.20944984615384615
-0.16251138461538459
-0.0855323076923077
0.015020307692307692
0.1136953846153846
0.19755876923076923
0.2557624615384615
0.2828824615384615
0.27140861538461536
0.21842030769230766
0.13872923076923074
0.05590892307692308
-0.02357353846153846
-0.08720123076923077
-0.12662953846153846
-0.14018953846153845
-0.11411261538461538
-0.06154153846153846
-0.0006258461538461538
0.05048492307692308
0.07802215384615384
0.08782707692307692
0.08115138461538463
0.07614461538461538
0.06341907692307691
0.03442153846153846
0.008970461538461538
-0.012308307692307691
-0.016063384615384615
-0.010848
-0.0077187692307692304
0.0022947692307692304
0.015020307692307692
0.03880246153846154
0.06321046153846153
0.078648
0.09012184615384615
0.08469784615384615
0.07092923076923077
0.051528
0.028163076923076923
0.003129230769230769
-0.03880246153846154
-0.07635323076923077
-0.09450276923076922
-0.09554584615384615
-0.07259815384615384
-0.03755076923076923
0.007301538461538462
0.04631261538461538
0.07259815384615384
0.09971815384615385
0.11494707692307692
0.11098338461538461
0.08907876923076924
0.05486584615384615
0.03045784615384615
0.013142769230769229
-0.004172307692307692
-0.022530461538461537
-0.05090215384615384
-0.06571384615384615
-0.073224
-0.0771876923076923
-0.0771876923076923
-0.08845292307692308
-0.09053907692307692
-0.08594953846153845
-0.07426707692307692
-0.04839876923076923
-0.030040615384615384
-0.014394461538461538
-0.0016689230769230767
0.0002086153846153846
0.0008344615384615384
-0.006258461538461538
-0.029206153846153847
-0.058412307692307694
-0.08699261538461538
-0.09909230769230769
-0.07969107692307692
-0.042348923076923076
-0.006258461538461538
0.027120000000000002
0.05444861538461539
0.07697907692307693
0.09158215384615384
0.0880356923076923
0.07489292307692308
0.05590892307692308
0.03921969230769231
0.02482523076923077
0.011265230769230769
0.0
-0.018775384615384614
-0.031709538461538456
-0.04318338461538461
-0.049233230769230765
-0.051319384615384614
-0.06967753846153846
-0.08115138461538463
-0.08615815384615384
-0.08031692307692308
-0.05570030769230769
-0.032544
-0.013351384615384614
0.0016689230769230767
0.011473846153846154
0.026702769230769228
0.040262769230769234
0.049233230769230765
0.05820369230769231
0.055491692307692304
0.056326153846153845
0.055491692307692304
0.04526953846153846
0.03713353846153846
0.02023569230769231
0.006675692307692307
-0.005424
-0.014394461538461538
-0.017732307692307693
-0.03212676923076923
-0.04547815384615384
-0.05507446153846154
-0.06070707692307692
-0.053614153846153846
-0.04672984615384615
-0.04735569230769231
-0.04193169230769231
-0.03921969230769231
-0.026702769230769228
-0.00855323076923077
0.0002086153846153846
0.00855323076923077
0.010222153846153844
0.021904615384615383
0.026494153846153844
0.02899753846153846
0.007927384615384614
-0.026702769230769228
-0.06383630769230769
-0.12224861538461537
-0.1476996923076923
-0.16334584615384617
-0.1476996923076923
-0.09491999999999999
-0.032544
0.04526953846153846
0.1397723076923077
0.2225926153846154
0.4026276923076923
0.5015113846153846
0.3590270769230769
0.28100492307692304
0.09804923076923076
0.01668923076923077
0.004589538461538461
-0.27599815384615384
-0.43245969230769227
-0.6112430769230769
-0.5832886153846154
-0.37237846153846155
-0.27704123076923076
-0.09199938461538461
-0.06926030769230769
0.12120553846153845
0.3659113846153846
0.46375199999999994
0.570563076923077
0.3456756923076923
0.1846246153846154
0.04839876923076923
-0.15833907692307692
-0.1800350769230769
-0.3821833846153846
-0.45728492307692303
-0.4118067692307692
-0.4627089230769231
-0.24762646153846155
-0.09763200000000001
0.059872615384615385
0.2989458461538462
0.2993630769230769
0.3717526153846154
0.3844781538461538
0.34171199999999996
0.3972036923076923
0.2655673846153846
0.13247076923076923
-0.011473846153846154
-0.11703323076923078
-0.053405538461538456
-0.09116492307692307
-0.12412615384615384
-0.16251138461538459
-0.18545907692307692
-0.04109723076923077
0.029623384615384614
0.07551876923076924
0.12099692307692309
0.08052553846153847
0.15395815384615386
0.19735015384615384
0.17419384615384614
0.20319138461538463
0.13747753846153846
0.12120553846153845
0.13768615384615385
0.07614461538461538
0.053614153846153846
-0.018983999999999997
-0.0855323076923077
-0.1178676923076923
-0.16897846153846155
-0.1639716923076923
-0.14331876923076922
-0.05862092307692307
0.017523692307692306
0.07113784615384615
0.20027076923076922
0.2705741538461538
0.3558978461538462
0.40012430769230767
0.3062473846153846
0.23928184615384615
0.11473846153846154
-0.019609846153846155
-0.11473846153846154
-0.26076923076923075
-0.31813846153846154
-0.33002953846153843
-0.3004061538461538
-0.20360861538461536
-0.13747753846153846
-0.009387692307692307
0.13622584615384614
0.23469230769230767
0.28809784615384615
0.25930892307692305
0.24908676923076922
0.21633415384615384
0.1207883076923077
0.01710646153846154
-0.15646153846153846
-0.2751636923076923
-0.30833353846153844
-0.3442153846153846
-0.2872633846153846
-0.21466523076923077
-0.12204
0.044435076923076924
0.16480615384615382
0.2774584615384615
0.3542289230769231
0.3521427692307692
0.32043323076923075
0.22718215384615387
0.10868861538461538
-0.02524246153846154
-0.14811692307692306
-0.21633415384615384
-0.26869661538461537
-0.2670276923076923
-0.25659692307692306
-0.23615261538461538
-0.14916
-0.07489292307692308
0.018358153846153843
0.08907876923076924
0.09283384615384616
0.132888
0.15500123076923078
0.14916
0.1341396923076923
0.059664
0.01272553846153846
0.0070929230769230765
-0.0002086153846153846
0.003963692307692307
-0.024199384615384616
-0.052571076923076915
-0.05674338461538461
-0.06404492307692307
-0.05069353846153846
-0.04693846153846153
-0.03713353846153846
-0.027120000000000002
-0.03775938461538462
-0.005215384615384615
0.028163076923076923
0.08344615384615384
0.15520984615384617
0.154584
0.14936861538461538
0.12683815384615382
0.092208
0.07948246153846153
0.0014603076923076922
-0.11828492307692307
-0.22634769230769228
-0.29727692307692305
-0.2891409230769231
-0.24595753846153845
-0.2090326153846154
-0.1558356923076923
-0.07531015384615385
0.050067692307692306
0.1775316923076923
0.2697396923076923
0.3062473846153846
0.2670276923076923
0.2021483076923077
0.11056615384615384
0.013560000000000001
-0.07134646153846153
-0.16459753846153846
-0.21612553846153845
-0.22989415384615383
-0.20277415384615383
-0.10493353846153847
0.0043809230769230765
0.11306953846153844
0.20319138461538463
0.26452430769230767
0.3304467692307692
0.37008369230769234
0.360696
0.2805876923076923
0.14811692307692306
0.02357353846153846
-0.07197230769230768
-0.12391753846153845
-0.16626646153846153
-0.20652923076923077
-0.20673784615384616
-0.16418030769230768
-0.06341907692307691
0.04380923076923077
0.10263876923076923
0.13914646153846155
0.15500123076923078
0.1597993846153846
0.1558356923076923
0.10764553846153846
0.04109723076923077
-0.02586830769230769
-0.07593599999999999
-0.08073415384615384
-0.07197230769230768
-0.05319692307692307
-0.03275261538461539
-0.017523692307692306
0.007301538461538462
0.035464615384615386
0.06863446153846153
0.07572738461538461
0.05048492307692308
0.018775384615384614
-0.016480615384615385
-0.03337846153846154
-0.03442153846153846
-0.03859384615384615
-0.03233538461538461
-0.03859384615384615
-0.04902461538461538
-0.03984553846153846
-0.03880246153846154
-0.03859384615384615
-0.05757784615384615
-0.09241661538461539
-0.11202646153846153
-0.12788123076923075
-0.13476553846153844
-0.13622584615384614
-0.13267938461538462
-0.11703323076923078
-0.09387692307692307
-0.061124307692307686
-0.027745846153846152
-0.0012516923076923076
0.024199384615384616
0.03421292307692308
0.03942830769230769
0.03233538461538461
-0.0043809230769230765
-0.033169846153846154
-0.05653476923076922
-0.07259815384615384
-0.073224
-0.07489292307692308
-0.06696553846153847
-0.03984553846153846
0.00855323076923077
0.06800861538461538
0.11223507692307692
0.13852061538461538
0.1489513846153846
0.1422756923076923
0.12224861538461537
0.0897046153846154
0.05277969230769231
0.004798153846153846
-0.040262769230769234
-0.07197230769230768
-0.09512861538461538
-0.086784
-0.06425353846153846
-0.042557538461538466
-0.0035464615384615383
0.042974769230769226
0.09471138461538461
0.14999446153846155
0.1908830769230769
0.21341353846153846
0.21195323076923075
0.19067446153846154
0.17419384615384614
0.1506203076923077
0.11411261538461538
0.07802215384615384
0.04380923076923077
0.02795446153846154
0.02795446153846154
0.02545107692307692
0.023990769230769232
0.02795446153846154
0.03880246153846154
0.05653476923076922
0.06529661538461538
0.061750153846153844
0.04652123076923077
0.01940123076923077
0.0012516923076923076
-0.01397723076923077
-0.042348923076923076
-0.07927384615384615
-0.12767261538461538
-0.15959076923076923
-0.16751815384615384
-0.16689230769230767
-0.15896492307692306
-0.1435273846153846
-0.10868861538461538
-0.05862092307692307
-0.004589538461538461
0.03859384615384615
0.06529661538461538
0.07656184615384615
0.07948246153846153
0.07614461538461538
0.06300184615384616
0.04214030769230769
0.021070153846153846
0.0022947692307692304
-0.006884307692307692
0.0012516923076923076
0.004798153846153846
0.014603076923076923
0.03045784615384615
0.04109723076923077
0.05298830769230769
0.06425353846153846
0.07113784615384615
0.07113784615384615
0.06717415384615384
0.042974769230769226
0.017523692307692306
-0.006884307692307692
-0.03984553846153846
-0.06800861538461538
-0.10618523076923077
-0.12600369230769232
-0.1151556923076923
-0.09074769230769231
-0.05382276923076923
-0.030875076923076922
-0.021904615384615383
-0.01397723076923077
-0.007927384615384614
-0.0043809230769230765
-0.02586830769230769
-0.06571384615384615
-0.09763200000000001
-0.11181784615384616
-0.0934596923076923
-0.06863446153846153
-0.04214030769230769
0.0016689230769230767
0.04193169230769231
0.08720123076923077
0.12850707692307692
0.14999446153846155
0.1570873846153846
0.143736
0.11807630769230769
0.07969107692307692
0.03024923076923077
-0.011473846153846154
-0.05319692307692307
-0.08615815384615384
-0.09533723076923077
-0.08156861538461539
-0.04088861538461538
0.006049846153846154
0.05507446153846154
0.10180430769230768
0.1476996923076923
0.19380369230769232
0.21091015384615383
0.1923433846153846
0.14790830769230767
0.08365476923076923
0.01710646153846154
-0.03942830769230769
-0.09304246153846155
-0.138312
-0.1656406153846154
-0.15374953846153847
-0.09575446153846154
-0.024199384615384616
0.05090215384615384
0.10931446153846153
0.15103753846153847
0.17899199999999998
0.18232984615384615
0.1706473846153846
0.12162276923076921
0.05027630769230769
-0.016063384615384615
-0.061124307692307686
-0.0744756923076923
-0.07697907692307693
-0.06487938461538462
-0.047981538461538464
-0.029623384615384614
-0.0006258461538461538
0.03150092307692308
0.049233230769230765
0.03775938461538462
0.0050067692307692304
-0.025033846153846153
-0.03504738461538461
-0.03963692307692308
-0.042974769230769226
-0.041514461538461535
-0.033169846153846154
-0.0043809230769230765
0.03713353846153846
0.0853236923076923
0.10514215384615383
0.08657538461538461
0.06216738461538462
0.032544
0.006675692307692307
-0.027745846153846152
-0.0678
-0.09408553846153846
-0.09784061538461537
-0.06800861538461538
-0.018983999999999997
0.027120000000000002
0.051319384615384614
0.07510153846153846
0.09909230769230769
0.12412615384615384
0.14832553846153845
0.1356
0.09596307692307693
0.03421292307692308
-0.028788923076923077
-0.07426707692307692
-0.12329169230769231
-0.16501476923076921
-0.19505538461538463
-0.20965846153846154
-0.19025723076923076
-0.15333230769230768
-0.10848000000000001
-0.0717636923076923
-0.054240000000000003
-0.045895384615384616
-0.034630153846153845
-0.019192615384615384
-0.017315076923076923
-0.030040615384615384
-0.03984553846153846
-0.02586830769230769
0.010013538461538461
0.05945538461538461
0.09784061538461537
0.1097316923076923
0.10806276923076923
0.09533723076923077
0.08782707692307692
0.06529661538461538
0.03859384615384615
0.008761846153846153
-0.016480615384615385
-0.03379569230769231
-0.061124307692307686
-0.08094276923076923
-0.11202646153846153
-0.12350030769230769
-0.14018953846153845
-0.13330523076923076
-0.09784061538461537
-0.03609046153846154
0.078648
0.27453784615384613
0.48461353846153843
0.6072793846153846
0.7660356923076923
0.839676923076923
0.8653366153846154
0.7979538461538461
0.544068923076923
0.23156307692307693
-0.19359507692307693
-0.5603409230769231
-0.9055993846153846
-1.211220923076923
-1.363092923076923
-1.4075280000000001
-1.1914024615384615
-0.8138086153846154
-0.2937304615384615
0.31250584615384613
0.8156861538461538
1.269216
1.5335316923076923
1.5687876923076922
1.4043987692307691
0.9809095384615385
0.4549901538461538
-0.1476996923076923
-0.7760492307692308
-1.2201913846153847
-1.5199716923076922
-1.6002886153846154
-1.453214769230769
-1.1755476923076924
-0.7211833846153846
-0.21779446153846155
0.32627446153846157
0.8482301538461539
1.2135156923076922
1.4240086153846152
1.4379858461538462
1.2961273846153847
1.024718769230769
0.6003950769230769
0.11327815384615383
-0.39219692307692305
-0.8471870769230769
-1.1480104615384616
-1.3226215384615385
-1.3303403076923077
-1.185144
-0.943776
-0.5855833846153846
-0.19380369230769232
0.20423446153846153
0.5974744615384615
0.896628923076923
1.1150492307692308
1.2256153846153846
1.205796923076923
1.070196923076923
0.8033778461538461
0.45457292307692304
0.029832
-0.41305846153846154
-0.8104707692307692
-1.1279833846153846
-1.3098960000000002
-1.3768615384615384
-1.2829846153846154
-0.9988504615384616
-0.5943452307692307
-0.08636676923076922
0.458328
0.9477396923076924
1.3509932307692307
1.5879803076923078
1.6443064615384615
1.4970240000000001
1.1304867692307692
0.6356510769230769
0.054657230769230764
-0.5303003076923076
-1.048500923076923
-1.4436184615384615
-1.6466012307692306
-1.6491046153846154
-1.4415323076923074
-1.0499612307692308
-0.5209126153846153
0.10263876923076923
0.7188886153846153
1.2218603076923076
1.5625292307692307
1.673304
1.5652412307692305
1.265460923076923
0.7941987692307692
0.265776
-0.2776670769230769
-0.7710424615384616
-1.1319470769230768
-1.3582947692307692
-1.4071107692307692
-1.2819415384615385
-1.0067778461538461
-0.6035243076923077
-0.15959076923076923
0.2799618461538461
0.6540092307692308
0.9258350769230769
1.0898067692307691
1.1060787692307692
0.9857076923076923
0.7458
0.4170221538461538
0.06759138461538462
-0.26535876923076923
-0.540731076923077
-0.7330744615384615
-0.8519852307692307
-0.8609556923076923
-0.7704166153846153
-0.6104086153846153
-0.39324
-0.16063384615384615
0.0855323076923077
0.32669169230769235
0.5344726153846153
0.7003218461538462
0.7929470769230769
0.8069243076923077
0.7407932307692308
0.6072793846153846
0.4337113846153846
0.2154996923076923
-0.01940123076923077
-0.26076923076923075
-0.48857723076923076
-0.6512972307692307
-0.7460086153846153
-0.7551876923076922
-0.6844670769230768
-0.5555427692307692
-0.3550633846153846
-0.10013538461538461
0.18921415384615384
0.4892030769230769
0.7245212307692307
0.8797310769230768
0.9525378461538462
0.9199938461538462
0.7962849230769231
0.5713975384615384
0.2705741538461538
-0.06279323076923077
-0.3811403076923077
-0.6195876923076923
-0.7766750769230769
-0.8340443076923076
-0.7910695384615384
-0.6692381538461538
-0.4453938461538462
-0.16209415384615386
0.1424843076923077
0.43642338461538455
0.6556781538461539
0.7981624615384615
0.8553230769230769
0.8198584615384615
0.7092923076923077
0.5121507692307692
0.25346769230769234
-0.017523692307692306
-0.2605606153846154
-0.4318338461538461
-0.5359329230769231
-0.5701458461538461
-0.5444861538461538
-0.469176
-0.328152
-0.15896492307692306
0.016897846153846156
0.16730953846153845
0.2632726153846154
0.33816553846153846
0.3896935384615384
0.4047138461538461
0.3780110769230769
0.3004061538461538
0.19505538461538463
0.08636676923076922
-0.01043076923076923
-0.09658892307692307
-0.18921415384615384
-0.2776670769230769
-0.34296369230769225
-0.3738387692307692
-0.360696
-0.3152178461538461
-0.2497126153846154
-0.17085599999999998
-0.06863446153846153
0.06884307692307692
0.20298276923076922
0.31813846153846154
0.40387938461538464
0.4297476923076923
0.40659138461538463
0.3241883076923077
0.1913003076923077
0.024199384615384616
-0.18086953846153844
-0.38593846153846156
-0.5595064615384615
-0.6779999999999999
-0.7140904615384616
-0.6732018461538462
-0.5615926153846154
-0.38656430769230765
-0.1792006153846154
0.051528
0.268488
0.4245323076923077
0.5169489230769231
0.5229987692307692
0.4541556923076923
0.3198073846153846
0.12621230769230768
-0.084072
-0.2966510769230769
-0.46437784615384614
-0.5703544615384616
-0.6191704615384614
-0.5962227692307692
-0.519660923076923
-0.3811403076923077
-0.20193969230769232
-0.00855323076923077
0.18525046153846153
0.33315876923076926
0.4205686153846153
0.4539470769230769
0.43433723076923075
0.36215630769230767
0.2342750769230769
0.08156861538461539
-0.05570030769230769
-0.16981292307692308
-0.24199384615384617
-0.279336
-0.2709913846153846
-0.2207150769230769
-0.15145476923076923
-0.04735569230769231
0.059664
0.15416676923076922
0.22447015384615385
0.2624381538461539
0.2899753846153846
0.30416123076923074
0.301032
0.2807963076923077
0.2436627692307692
0.19526400000000002
0.14206707692307693
0.08907876923076924
0.04088861538461538
-0.013560000000000001
-0.07134646153846153
-0.10952307692307692
-0.11223507692307692
-0.07802215384615384
-0.026494153846153844
0.034630153846153845
0.10222153846153846
0.1666836923076923
0.2261390769230769
0.2701569230769231
0.28476
0.2574313846153846
0.18879692307692306
0.103056
0.023364923076923075
-0.04819015384615385
-0.10952307692307692
-0.16042523076923076
-0.19317784615384614
-0.18149538461538461
-0.13810338461538463
-0.07489292307692308
-0.0033378461538461535
0.06258461538461538
0.12996738461538462
0.19296923076923078
0.2453316923076923
0.26681907692307694
0.241368
0.17544553846153846
0.09179076923076923
0.011891076923076923
-0.06195876923076923
-0.12266584615384615
-0.168144
-0.19004861538461537
-0.17002153846153847
-0.11286092307692308
-0.031918153846153846
0.058412307692307694
0.13872923076923074
0.19067446153846154
0.21091015384615383
0.19693292307692306
0.13747753846153846
0.032544
-0.09930092307692308
-0.21842030769230766
-0.29915446153846154
-0.3291950769230769
-0.30979384615384614
-0.25367630769230765
-0.16710092307692306
-0.05277969230769231
0.07948246153846153
0.20277415384615383
0.28267384615384616
0.2937304615384615
0.24053353846153847
0.14457046153846154
0.018358153846153843
-0.12329169230769231
-0.25951753846153847
-0.3763421538461538
-0.44309907692307693
-0.43976123076923074
-0.368832
-0.24637476923076923
-0.09950953846153845
0.06258461538461538
0.21737723076923077
0.35318584615384613
0.45457292307692304
0.4877427692307692
0.44998338461538456
0.34504984615384615
0.1927606153846154
0.027328615384615382
-0.13330523076923076
-0.27453784615384613
-0.3713353846153846
-0.41493599999999997
-0.38990215384615384
-0.2953993846153846
-0.16209415384615386
-0.008344615384615384
0.1397723076923077
0.2578486153846154
0.33962584615384617
0.3752990769230769
0.3513083076923077
0.2628553846153846
0.14060676923076923
0.02273907692307692
-0.07343261538461537
-0.13330523076923076
-0.16418030769230768
-0.17002153846153847
-0.15750461538461538
-0.12808984615384614
-0.08073415384615384
-0.03045784615384615
0.013560000000000001
0.038176615384615385
0.049233230769230765
0.05590892307692308
0.05820369230769231
0.06154153846153846
0.059038153846153844
0.05236246153846154
0.050067692307692306
0.049233230769230765
0.05090215384615384
0.04735569230769231
0.024199384615384616
-0.013560000000000001
-0.05757784615384615
-0.10222153846153846
-0.13768615384615385
-0.16772676923076923
-0.18754523076923074
-0.1860849230769231
-0.1597993846153846
-0.1045163076923077
-0.029623384615384614
0.048816000000000005
0.11870215384615385
0.17982646153846152
0.22947692307692308
0.25159015384615385
0.23886461538461537
0.1860849230769231
0.10076123076923077
0.015854769230769228
-0.05778646153846154
-0.10952307692307692
-0.13914646153846155
-0.1612596923076923
-0.15187199999999998
-0.11181784615384616
-0.04109723076923077
0.045060923076923075
0.11557292307692307
0.17544553846153846
0.2125790769230769
0.22843384615384613
0.21779446153846155
0.17732307692307692
0.11494707692307692
0.03671630769230769
-0.03212676923076923
-0.0892873846153846
-0.127464
-0.1424843076923077
-0.1462393846153846
-0.13622584615384614
-0.10597661538461538
-0.05736923076923077
-0.010013538461538461
0.018358153846153843
0.03045784615384615
0.03629907692307692
0.032544
0.026702769230769228
0.02482523076923077
0.021070153846153846
0.018775384615384614
0.013351384615384614
0.014185846153846153
0.017732307692307693
0.008970461538461538
-0.017523692307692306
-0.05653476923076922
-0.09053907692307692
-0.10848000000000001
-0.11223507692307692
-0.1136953846153846
-0.09930092307692308
-0.08761846153846153
-0.09053907692307692
-0.07009476923076922
-0.019192615384615384
0.06070707692307692
0.13601723076923075
0.18274707692307693
0.20548615384615385
0.22488738461538463
0.268488
0.31041969230769234
0.2782929230769231
0.14206707692307693
0.005841230769230769
-0.12433476923076923
-0.17440246153846153
-0.20152246153846154
-0.3127144615384615
-0.3425464615384616
-0.3387913846153846
-0.20819815384615384
-0.014603076923076923
0.0961716923076923
0.18483323076923078
0.1908830769230769
0.2638984615384615
0.3072904615384615
0.2601433846153846
0.1639716923076923
-0.06800861538461538
-0.23469230769230767
-0.3727956923076923
-0.4606227692307692
-0.4253667692307692
-0.4222375384615385
-0.3229366153846154
-0.19526400000000002
-0.08323753846153846
0.10472492307692308
0.20006215384615383
0.2818393846153846
0.3152178461538461
0.21299630769230768
0.14957723076923077
0.05236246153846154
-0.025033846153846153
-0.051319384615384614
-0.13643446153846153
-0.16793538461538463
-0.1785747692307692
-0.13455692307692307
-0.027328615384615382
0.01397723076923077
0.059664
0.09262523076923077
0.12245723076923076
0.18379015384615385
0.16897846153846155
0.1314276923076923
0.07343261538461537
0.011056615384615385
0.025659692307692307
0.031709538461538456
0.05382276923076923
0.1028473846153846
0.1424843076923077
0.22300984615384614
0.27871015384615383
0.2774584615384615
0.2503384615384615
0.15813046153846153
0.054657230769230764
-0.049233230769230765
-0.15667015384615385
-0.206112
-0.2225926153846154
-0.17815753846153848
-0.08699261538461538
0.032544
0.18232984615384615
0.287472
0.3698750769230769
0.3942830769230769
0.3440067692307692
0.2868461538461538
0.1733593846153846
0.03233538461538461
-0.10827138461538462
-0.23823876923076923
-0.28663753846153844
-0.30186646153846153
-0.27975323076923075
-0.19985353846153847
-0.09825784615384614
0.05653476923076922
0.20944984615384615
0.31542646153846154
0.3707095384615384
0.3508910769230769
0.31229723076923077
0.24032492307692307
0.11682461538461539
-0.029206153846153847
-0.19380369230769232
-0.2997803076923077
-0.34046030769230773
-0.33899999999999997
-0.26640184615384616
-0.18253846153846154
-0.07468430769230769
0.05799507692307692
0.14811692307692306
0.22447015384615385
0.2526332307692308
0.2330233846153846
0.19150892307692308
0.09679753846153846
0.0029206153846153843
-0.09137353846153846
-0.16710092307692306
-0.20527753846153846
-0.2288510769230769
-0.208824
-0.1860849230769231
-0.13789476923076924
-0.05799507692307692
0.011682461538461537
0.0826116923076923
0.12037107692307693
0.13226215384615383
0.13768615384615385
0.11223507692307692
0.07635323076923077
0.027745846153846152
-0.027120000000000002
-0.058412307692307694
-0.0798996923076923
-0.08448923076923077
-0.08010830769230769
-0.07802215384615384
-0.06404492307692307
-0.040054153846153843
-0.019609846153846155
-0.009804923076923077
0.003755076923076923
0.03045784615384615
0.04109723076923077
0.03400430769230769
0.034630153846153845
0.04902461538461538
0.09095630769230768
0.138312
0.16480615384615382
0.17544553846153846
0.1612596923076923
0.1462393846153846
0.12913292307692306
0.0717636923076923
0.0070929230769230765
-0.05716061538461538
-0.09679753846153846
-0.09471138461538461
-0.0717636923076923
-0.021070153846153846
0.03358707692307692
0.09533723076923077
0.15604430769230768
0.20339999999999997
0.23469230769230767
0.20694646153846152
0.1316363076923077
0.03609046153846154
-0.07635323076923077
-0.1704387692307692
-0.24408
-0.30290953846153845
-0.3225193846153846
-0.3193901538461538
-0.2699483076923077
-0.1639716923076923
-0.05236246153846154
0.05486584615384615
0.12767261538461538
0.16897846153846155
0.19505538461538463
0.18066092307692305
0.1356
0.044435076923076924
-0.07009476923076922
-0.15875630769230767
-0.20256553846153844
-0.18650215384615382
-0.1435273846153846
-0.09095630769230768
-0.023990769230769232
0.061124307692307686
0.1639716923076923
0.24720923076923076
0.2868461538461538
0.2849686153846154
0.23886461538461537
0.16626646153846153
0.07343261538461537
-0.03859384615384615
-0.1341396923076923
-0.2008966153846154
-0.222384
-0.18983999999999998
-0.12704676923076924
-0.03629907692307692
0.05048492307692308
0.12808984615384614
0.19568123076923075
0.22947692307692308
0.23052
0.17481969230769231
0.07572738461538461
-0.03963692307692308
-0.14686523076923075
-0.21320492307692307
-0.24470584615384613
-0.23928184615384615
-0.19317784615384614
-0.12287446153846153
-0.023990769230769232
0.0936683076923077
0.200688
0.27787569230769227
0.29873723076923075
0.2789187692307692
0.23177169230769232
0.1612596923076923
0.07802215384615384
-0.015020307692307692
-0.09575446153846154
-0.1435273846153846
-0.15208061538461537
-0.13038461538461538
-0.09283384615384616
-0.04735569230769231
0.0006258461538461538
0.03150092307692308
0.05590892307692308
0.05820369230769231
0.030875076923076922
-0.008970461538461538
-0.054657230769230764
-0.07677046153846154
-0.09116492307692307
-0.09596307692307693
-0.09053907692307692
-0.084072
-0.05653476923076922
-0.024616615384615383
0.010848
0.03713353846153846
0.03400430769230769
0.02211323076923077
-0.004798153846153846
-0.03233538461538461
-0.04088861538461538
-0.06028984615384615
-0.08073415384615384
-0.09283384615384616
-0.08302892307692307
-0.034630153846153845
0.02273907692307692
0.08344615384615384
0.13664307692307692
0.17231630769230769
0.1913003076923077
0.18191261538461537
0.12996738461538462
0.03108369230769231
-0.08907876923076924
-0.19213476923076922
-0.2532590769230769
-0.26869661538461537
-0.24470584615384613
-0.19213476923076922
-0.10952307692307692
-0.010848
0.0855323076923077
0.157296
0.18358153846153846
0.1656406153846154
0.11724184615384614
0.06049846153846154
0.004798153846153846
-0.04401784615384615
-0.08740984615384616
-0.11557292307692307
-0.12829846153846153
-0.11724184615384614
-0.07948246153846153
-0.042974769230769226
-0.016897846153846156
0.0012516923076923076
0.032544
0.061124307692307686
0.07280676923076923
0.07551876923076924
0.06008123076923077
0.03755076923076923
0.013768615384615384
0.002712
0.0008344615384615384
-0.004172307692307692
-0.009804923076923077
-0.014603076923076923
-0.003963692307692307
0.001043076923076923
-0.009179076923076922
-0.03984553846153846
-0.08010830769230769
-0.10868861538461538
-0.13622584615384614
-0.14540492307692307
-0.13768615384615385
-0.12621230769230768
-0.09971815384615385
-0.05403138461538461
-0.0012516923076923076
0.055491692307692304
0.09909230769230769
0.1178676923076923
0.1207883076923077
0.11473846153846154
0.10514215384615383
0.0717636923076923
0.014394461538461538
-0.046104
-0.0892873846153846
-0.10910584615384614
-0.10389046153846154
-0.08240307692307691
-0.054240000000000003
-0.01940123076923077
0.01668923076923077
0.052153846153846155
0.07656184615384615
0.08866153846153846
0.07468430769230769
0.04401784615384615
0.013351384615384614
-0.016897846153846156
-0.04088861538461538
-0.06133292307692308
-0.06633969230769231
-0.06070707692307692
-0.04088861538461538
-0.01043076923076923
0.019609846153846155
0.05090215384615384
0.06571384615384615
0.08219446153846154
0.09909230769230769
0.10576799999999999
0.10389046153846154
0.086784
0.08156861538461539
0.08240307692307691
0.08448923076923077
0.09554584615384615
0.10201292307692307
0.1070196923076923
0.11953661538461538
0.1358086153846154
0.1476996923076923
0.14477907692307693
0.13455692307692307
0.11953661538461538
0.092208
0.06487938461538462
0.02232184615384615
-0.026285538461538457
-0.07051199999999999
-0.10201292307692307
-0.0974233846153846
-0.07885661538461539
-0.04172307692307692
0.002086153846153846
0.042557538461538466
0.08448923076923077
0.116616
0.13393107692307693
0.11452984615384615
0.06008123076923077
-0.021696
-0.11035753846153845
-0.18983999999999998
-0.25513661538461535
-0.2899753846153846
-0.3022836923076923
-0.2737033846153846
-0.20298276923076922
-0.1028473846153846
0.013768615384615384
0.11265230769230769
0.1908830769230769
0.2426196923076923
0.26786215384615386
0.25764
0.2059033846153846
0.12600369230769232
0.03066646153846154
-0.05277969230769231
-0.10618523076923077
-0.130176
-0.13518276923076925
-0.11828492307692307
-0.078648
-0.012934153846153845
0.06529661538461538
0.12496061538461539
0.14728246153846153
0.138312
0.10535076923076922
0.06279323076923077
0.021904615384615383
-0.026494153846153844
-0.07364123076923076
-0.1045163076923077
-0.10159569230769232
-0.06070707692307692
0.011891076923076923
0.09283384615384616
0.16209415384615386
0.21049292307692305
0.23636123076923077
0.23656984615384613
0.2090326153846154
0.15354092307692307
0.06446215384615385
-0.040262769230769234
-0.14018953846153845
-0.20548615384615385
-0.23281476923076924
-0.22718215384615387
-0.1867107692307692
-0.11557292307692307
-0.017940923076923077
0.09408553846153846
0.19296923076923078
0.25054707692307693
0.2588916923076923
0.22008923076923076
0.1570873846153846
0.07113784615384615
-0.02858030769230769
-0.124752
-0.21800307692307694
-0.2730775384615384
-0.2899753846153846
-0.27850153846153847
-0.24658338461538462
-0.21237046153846154
-0.1733593846153846
-0.12391753846153845
-0.020027076923076922
0.1097316923076923
0.252216
0.3924055384615385
0.47084492307692305
0.5578375384615384
0.6060276923076923
0.5978916923076923
0.5474067692307693
0.3798886153846154
0.18525046153846153
-0.03337846153846154
-0.1792006153846154
-0.2828824615384615
-0.40283630769230766
-0.40638276923076927
-0.39261415384615383
-0.25284184615384614
-0.040054153846153843
0.15228923076923076
0.36611999999999995
0.46959323076923076
0.5595064615384615
0.5645132307692308
0.45436430769230773
0.29873723076923075
0.02858030769230769
-0.2238443076923077
-0.4660467692307692
-0.6638141538461538
-0.7510153846153845
-0.7950332307692307
-0.7174283076923077
-0.5634701538461538
-0.3604873846153846
-0.10243015384615384
0.11473846153846154
0.31918153846153846
0.4522781538461538
0.49003753846153847
0.5031803076923077
0.4405956923076923
0.3538116923076923
0.23969907692307693
0.07843938461538462
-0.06446215384615385
-0.21111876923076925
-0.32085046153846153
-0.376968
-0.4178566153846154
-0.42265476923076917
-0.37592492307692305
-0.2632726153846154
-0.11098338461538461
0.03233538461538461
0.15416676923076922
0.23260615384615385
0.2897667692307692
0.31667815384615383
0.2883064615384615
0.23510953846153848
0.14206707692307693
0.037342153846153844
-0.038176615384615385
-0.12120553846153845
-0.19442953846153843
-0.24616615384615384
-0.29456492307692306
-0.2899753846153846
-0.2563883076923077
-0.200688
-0.10910584615384614
-0.012099692307692308
0.10076123076923077
0.19964492307692308
0.27474646153846155
0.3137575384615385
0.2937304615384615
0.23260615384615385
0.12287446153846153
0.009596307692307692
-0.07593599999999999
-0.15082892307692305
-0.19693292307692306
-0.21862892307692305
-0.20694646153846152
-0.14686523076923075
-0.08177723076923075
-0.010639384615384617
0.049233230769230765
0.06717415384615384
0.092208
0.11807630769230769
0.1151556923076923
0.086784
0.03504738461538461
-0.009179076923076922
-0.031918153846153846
-0.047772923076923074
-0.056326153846153845
-0.059872615384615385
-0.04839876923076923
-0.02044430769230769
0.016897846153846156
0.06404492307692307
0.08344615384615384
0.09325107692307691
0.08907876923076924
0.05319692307692307
0.024199384615384616
-0.02315630769230769
-0.06529661538461538
-0.08469784615384615
-0.10493353846153847
-0.08991323076923076
-0.05820369230769231
-0.015646153846153844
0.03942830769230769
0.07343261538461537
0.09784061538461537
0.11035753846153845
0.11056615384615384
0.08219446153846154
0.023364923076923075
-0.04631261538461538
-0.12808984615384614
-0.19213476923076922
-0.23761292307692305
-0.2643156923076923
-0.2689052307692308
-0.2695310769230769
-0.24303692307692307
-0.17815753846153848
-0.0961716923076923
-0.006884307692307692
0.07092923076923077
0.1358086153846154
0.19568123076923075
0.22196676923076922
0.21049292307692305
0.1693956923076923
0.10743692307692307
0.043600615384615383
-0.020027076923076922
-0.06383630769230769
-0.09825784615384614
-0.12516923076923075
-0.11703323076923078
-0.09012184615384615
-0.042557538461538466
0.01272553846153846
0.059664
0.11390399999999999
0.1639716923076923
0.20798953846153845
0.249504
0.2582658461538461
0.24324553846153843
0.2125790769230769
0.15395815384615386
0.10159569230769232
0.04109723076923077
-0.04088861538461538
-0.12329169230769231
-0.20402584615384614
-0.2563883076923077
-0.27140861538461536
-0.2532590769230769
-0.20715507692307691
-0.14164984615384615
-0.051528
0.05298830769230769
0.16418030769230768
0.25993476923076925
0.3049956923076923
0.30666461538461537
0.2780843076923077
0.22551323076923077
0.16209415384615386
0.07280676923076923
-0.029414769230769227
-0.11223507692307692
-0.18107815384615383
-0.21758584615384616
-0.22780799999999998
-0.2221753846153846
-0.1942209230769231
-0.14957723076923077
-0.07656184615384615
0.014811692307692307
0.11306953846153844
0.19317784615384614
0.23844738461538462
0.2572227692307692
0.2436627692307692
0.19672430769230767
0.1178676923076923
0.016897846153846156
-0.08448923076923077
-0.16647507692307692
-0.21195323076923075
-0.2225926153846154
-0.21216184615384615
-0.1858763076923077
-0.1435273846153846
-0.07781353846153846
0.0050067692307692304
0.08240307692307691
0.1397723076923077
0.16856123076923077
0.17690584615384616
0.17481969230769231
0.15959076923076923
0.13706030769230768
0.10055261538461538
0.04568676923076923
-0.01397723076923077
-0.06571384615384615
-0.09471138461538461
-0.11599015384615384
-0.13852061538461538
-0.15145476923076923
-0.14728246153846153
-0.10514215384615383
-0.044435076923076924
0.015646153846153844
0.06759138461538462
0.10263876923076923
0.12558646153846154
0.14269292307692305
0.15145476923076923
0.12913292307692306
0.08135999999999999
0.027745846153846152
-0.019192615384615384
-0.051319384615384614
-0.06487938461538462
-0.07364123076923076
-0.07510153846153846
-0.05778646153846154
-0.03775938461538462
-0.006049846153846154
0.021070153846153846
0.03233538461538461
0.03358707692307692
0.030040615384615384
0.030040615384615384
0.03129230769230769
0.02899753846153846
0.01668923076923077
0.011473846153846154
0.007301538461538462
0.018358153846153843
0.03421292307692308
0.03650769230769231
0.03358707692307692
0.013560000000000001
0.0029206153846153843
-0.0002086153846153846
0.0018775384615384615
0.0
-0.019192615384615384
-0.034630153846153845
-0.05382276923076923
-0.06988615384615385
-0.08386338461538462
-0.10806276923076923
-0.11724184615384614
-0.10618523076923077
-0.07238953846153846
-0.010013538461538461
0.054657230769230764
0.11828492307692307
0.17377661538461536
0.20423446153846153
0.21716861538461538
0.20173107692307693
0.15938215384615384
0.09304246153846155
0.006675692307692307
-0.07051199999999999
-0.1353913846153846
-0.17586276923076924
-0.18525046153846153
-0.16647507692307692
-0.10347323076923076
-0.011891076923076923
0.09262523076923077
0.19797599999999999
0.276624
0.3314898461538462
0.34963938461538463
0.3235624615384615
0.2680707692307692
0.1721076923076923
0.05111076923076923
-0.07697907692307693
-0.19651569230769228
-0.2764153846153846
-0.31751261538461534
-0.32001599999999997
-0.27850153846153847
-0.20465169230769228
-0.09700615384615385
0.02858030769230769
0.14060676923076923
0.23072861538461537
0.28163076923076924
0.30186646153846153
0.29748553846153847
0.254928
0.17982646153846152
0.07969107692307692
-0.01981846153846154
-0.09471138461538461
-0.14519630769230768
-0.1614683076923077
-0.1585476923076923
-0.14540492307692307
-0.11286092307692308
-0.07343261538461537
-0.026494153846153844
0.012099692307692308
0.03921969230769231
0.06404492307692307
0.0826116923076923
0.09846646153846153
0.1045163076923077
0.09825784615384614
0.08720123076923077
0.06383630769230769
0.040054153846153843
0.01668923076923077
-0.014603076923076923
-0.047772923076923074
-0.09596307692307693
-0.1316363076923077
-0.14832553846153845
-0.14582215384615385
-0.116616
-0.0798996923076923
-0.028788923076923077
0.030875076923076922
0.09450276923076922
0.15959076923076923
0.21216184615384615
0.23677846153846152
0.23177169230769232
0.2157083076923077
0.18149538461538461
0.12391753846153845
0.05382276923076923
-0.015646153846153844
-0.07405846153846153
-0.11223507692307692
-0.13184492307692308
-0.13309661538461537
-0.12725538461538463
-0.12037107692307693
-0.0988836923076923
-0.07197230769230768
-0.04088861538461538
-0.010639384615384617
0.015228923076923076
0.03880246153846154
0.06133292307692308
0.08156861538461539
0.09658892307692307
0.10472492307692308
0.0974233846153846
0.07489292307692308
0.035255999999999996
-0.011473846153846154
-0.05778646153846154
-0.10931446153846153
-0.15333230769230768
-0.1783661538461538
-0.1867107692307692
-0.17648861538461538
-0.14916
-0.1028473846153846
-0.042974769230769226
0.017732307692307693
0.07572738461538461
0.11891076923076922
0.14144123076923076
0.12975876923076923
0.08031692307692308
0.013560000000000001
-0.07155507692307693
-0.16480615384615382
-0.24908676923076922
-0.3095852307692307
-0.33023815384615385
-0.31626092307692305
-0.2697396923076923
-0.19380369230769232
-0.10889723076923077
-0.01856676923076923
0.07092923076923077
0.13622584615384614
0.17440246153846153
0.1696043076923077
0.12683815384615382
0.06070707692307692
-0.016480615384615385
-0.08177723076923075
-0.13747753846153846
-0.16751815384615384
-0.1718990769230769
-0.15166338461538462
-0.09804923076923076
-0.02357353846153846
0.06070707692307692
0.13601723076923075
0.19192615384615386
0.22634769230769228
0.2355267692307692
0.21737723076923077
0.17315076923076922
0.11473846153846154
0.05298830769230769
0.003755076923076923
-0.02273907692307692
-0.03400430769230769
-0.032544
-0.022530461538461537
-0.0035464615384615383
0.03233538461538461
0.06967753846153846
0.09179076923076923
0.09471138461538461
0.08574092307692306
0.0678
0.044435076923076924
0.019609846153846155
-0.00855323076923077
-0.027745846153846152
-0.03942830769230769
-0.031918153846153846
-0.013351384615384614
-0.005215384615384615
-0.003755076923076923
-0.015854769230769228
-0.03275261538461539
-0.047981538461538464
-0.06154153846153846
-0.06759138461538462
-0.06133292307692308
-0.04172307692307692
0.0016689230769230767
0.052153846153846155
0.09679753846153846
0.13309661538461537
0.12558646153846154
0.0988836923076923
0.06884307692307692
0.013768615384615384
-0.035464615384615386
-0.08761846153846153
-0.13601723076923075
-0.13434830769230768
-0.11807630769230769
0.015228923076923076
0.1506203076923077
0.15896492307692306
0.2225926153846154
0.2261390769230769
0.26640184615384616
0.2906012307692308
0.1777403076923077
0.073224
-0.11411261538461538
-0.184416
-0.20339999999999997
-0.24762646153846155
-0.23198030769230768
-0.28768061538461537
-0.21153599999999997
-0.09283384615384616
0.012308307692307691
0.15813046153846153
0.13747753846153846
0.13998092307692306
0.14123261538461537
0.09554584615384615
0.12788123076923075
0.04985907692307692
-0.005215384615384615
-0.035255999999999996
-0.13852061538461538
-0.103056
-0.06404492307692307
-0.028371692307692306
0.02795446153846154
-0.02273907692307692
-0.03212676923076923
-0.05611753846153846
-0.07405846153846153
-0.033169846153846154
-0.06863446153846153
-0.09930092307692308
-0.11640738461538462
-0.0855323076923077
0.020027076923076922
0.05924676923076923
0.08198584615384615
0.09179076923076923
0.09199938461538461
0.15500123076923078
0.1585476923076923
0.12600369230769232
0.09179076923076923
0.02273907692307692
0.013351384615384614
0.003963692307692307
-0.01981846153846154
-0.012099692307692308
-0.037342153846153844
-0.01710646153846154
0.047772923076923074
0.09575446153846154
0.13622584615384614
0.11452984615384615
0.07823076923076923
0.04318338461538461
-0.0002086153846153846
-0.018358153846153843
-0.03859384615384615
-0.02899753846153846
-0.027745846153846152
-0.03045784615384615
0.03838523076923077
0.08094276923076923
0.10347323076923076
0.09512861538461538
0.03108369230769231
-0.0002086153846153846
-0.040054153846153843
-0.06216738461538462
-0.07948246153846153
-0.12850707692307692
-0.1218313846153846
-0.08240307692307691
-0.02086153846153846
0.05090215384615384
0.08720123076923077
0.1397723076923077
0.19380369230769232
0.23239753846153846
0.25138153846153843
0.200688
0.14790830769230767
0.084072
0.0014603076923076922
-0.03671630769230769
-0.09199938461538461
-0.12204
-0.10952307692307692
-0.09471138461538461
-0.02524246153846154
0.053614153846153846
0.12788123076923075
0.1908830769230769
0.18963138461538462
0.1792006153846154
0.1585476923076923
0.11432123076923076
0.05444861538461539
-0.05048492307692308
-0.14686523076923075
-0.2303113846153846
-0.27558092307692306
-0.2526332307692308
-0.21299630769230768
-0.14749107692307692
-0.09033046153846153
-0.03337846153846154
0.05069353846153846
0.09763200000000001
0.12037107692307693
0.10535076923076922
0.045895384615384616
-0.002086153846153846
-0.04214030769230769
-0.06905169230769231
-0.08866153846153846
-0.10722830769230769
-0.08490646153846154
-0.027745846153846152
0.03483876923076923
0.08636676923076922
0.09304246153846155
0.07426707692307692
0.04172307692307692
-0.005632615384615384
-0.03379569230769231
-0.0771876923076923
-0.12120553846153845
-0.15771323076923077
-0.19505538461538463
-0.17544553846153846
-0.13372246153846154
-0.07635323076923077
-0.0077187692307692304
0.02795446153846154
0.06383630769230769
0.09116492307692307
0.11035753846153845
0.12496061538461539
0.09930092307692308
0.05382276923076923
0.010013538461538461
-0.026285538461538457
-0.042974769230769226
-0.05194523076923077
-0.04401784615384615
-0.010222153846153844
0.03942830769230769
0.11286092307692308
0.17398523076923075
0.2125790769230769
0.22718215384615387
0.19797599999999999
0.1656406153846154
0.1151556923076923
0.05590892307692308
0.013351384615384614
-0.026494153846153844
-0.03108369230769231
-0.013768615384615384
0.014603076923076923
0.06550523076923077
0.11995384615384615
0.16292861538461537
0.1792006153846154
0.16418030769230768
0.1353913846153846
0.08991323076923076
0.02524246153846154
-0.040262769230769234
-0.10055261538461538
-0.14164984615384615
-0.15145476923076923
-0.1178676923076923
-0.06195876923076923
-0.008344615384615384
0.05528307692307692
0.10848000000000001
0.14832553846153845
0.17002153846153847
0.15520984615384617
0.12350030769230769
0.07030338461538461
0.011682461538461537
-0.030875076923076922
-0.06321046153846153
-0.07364123076923076
-0.06633969230769231
-0.05173661538461538
-0.03275261538461539
-0.008344615384615384
0.028788923076923077
0.06467076923076923
0.08824430769230769
0.09512861538461538
0.08574092307692306
0.073224
0.03859384615384615
-0.006884307692307692
-0.05069353846153846
-0.11181784615384616
-0.16209415384615386
-0.19192615384615386
-0.1942209230769231
-0.17252492307692308
-0.16167692307692308
-0.15416676923076922
-0.14540492307692307
-0.13497415384615385
-0.116616
-0.09283384615384616
-0.07489292307692308
-0.05736923076923077
-0.030040615384615384
0.005424
0.05298830769230769
0.10076123076923077
0.11953661538461538
0.11056615384615384
0.08907876923076924
0.04631261538461538
-0.009804923076923077
-0.07927384615384615
-0.16105107692307694
-0.238656
-0.29101846153846156
-0.2845513846153846
-0.2275993846153846
-0.1356
-0.01710646153846154
0.10430769230769231
0.21633415384615384
0.3054129230769231
0.35860984615384617
0.36403384615384615
0.30332676923076923
0.1910916923076923
0.05674338461538461
-0.08574092307692306
-0.21174461538461536
-0.31062830769230765
-0.36570276923076916
-0.35798399999999997
-0.29498215384615384
-0.17899199999999998
-0.03483876923076923
0.10493353846153847
0.23677846153846152
0.3513083076923077
0.4309993846153846
0.46104
0.42703569230769234
0.33649661538461534
0.19881046153846152
0.045895384615384616
-0.0855323076923077
-0.1910916923076923
-0.25701415384615384
-0.2822566153846154
-0.2574313846153846
-0.18086953846153844
-0.07280676923076923
0.053614153846153846
0.16772676923076923
0.2509643076923077
0.2970683076923077
0.3022836923076923
0.2697396923076923
0.19192615384615386
0.08386338461538462
-0.028163076923076923
-0.12516923076923075
-0.18274707692307693
-0.20444307692307692
-0.19609846153846153
-0.16584923076923075
-0.12621230769230768
-0.07468430769230769
-0.017315076923076923
0.03567323076923076
0.07823076923076923
0.092208
0.08699261538461538
0.07405846153846153
0.05736923076923077
0.04568676923076923
0.027120000000000002
0.015437538461538461
0.013142769230769229
0.030875076923076922
0.06133292307692308
0.07739630769230768
0.07030338461538461
0.032544
-0.008761846153846153
-0.04631261538461538
-0.08302892307692307
-0.10868861538461538
-0.12537784615384615
-0.11724184615384614
-0.078648
-0.013768615384615384
0.06884307692307692
0.12808984615384614
0.1506203076923077
0.13914646153846155
0.08448923076923077
-0.002086153846153846
-0.10597661538461538
-0.21487384615384614
-0.3133403076923077
-0.3846867692307692
-0.4118067692307692
-0.39324
-0.32543999999999995
-0.2288510769230769
-0.11911938461538461
0.009179076923076922
0.12996738461538462
0.23448369230769228
0.295608
0.2862203076923077
0.22300984615384614
0.11619876923076923
-0.011056615384615385
-0.13455692307692307
-0.2497126153846154
-0.33357600000000004
-0.37321292307692305
-0.3517255384615385
-0.25367630769230765
-0.11411261538461538
0.040679999999999994
0.184416
0.29581661538461534
0.37321292307692305
0.4022104615384615
0.3780110769230769
0.28955815384615385
0.15646153846153846
0.012099692307692308
-0.13872923076923074
-0.24866953846153847
-0.31229723076923077
-0.3410861538461538
-0.30895938461538464
-0.23510953846153848
-0.11995384615384615
0.016063384615384615
0.13372246153846154
0.23135446153846154
0.29414769230769233
0.32231076923076923
0.3206418461538461
0.2849686153846154
0.22154953846153846
0.13476553846153844
0.045060923076923075
-0.02753723076923077
-0.07572738461538461
-0.10076123076923077
-0.11870215384615385
-0.11953661538461538
-0.09554584615384615
-0.06133292307692308
-0.00855323076923077
0.042557538461538466
0.0771876923076923
0.09700615384615385
0.09909230769230769
0.10597661538461538
0.10597661538461538
0.0961716923076923
0.08073415384615384
0.06008123076923077
0.04985907692307692
0.03942830769230769
0.022947692307692308
-0.0002086153846153846
-0.025033846153846153
-0.05653476923076922
-0.08344615384615384
-0.0963803076923077
-0.09700615384615385
-0.08574092307692306
-0.06070707692307692
-0.017732307692307693
0.034630153846153845
0.09554584615384615
0.14206707692307693
0.165432
0.17461107692307692
0.17252492307692308
0.1597993846153846
0.13434830769230768
0.0961716923076923
0.04631261538461538
0.0018775384615384615
-0.02586830769230769
-0.03066646153846154
-0.019192615384615384
-0.0070929230769230765
0.007510153846153846
0.024408000000000003
0.04672984615384615
0.07134646153846153
0.08866153846153846
0.0936683076923077
0.08156861538461539
0.0678
0.056326153846153845
0.04547815384615384
0.040262769230769234
0.03609046153846154
0.03838523076923077
0.05528307692307692
0.08073415384615384
0.09992676923076924
0.10597661538461538
0.09512861538461538
0.07280676923076923
0.052153846153846155
0.021696
-0.018775384615384614
-0.06195876923076923
-0.10660246153846153
-0.12975876923076923
-0.13184492307692308
-0.10409907692307692
-0.059872615384615385
-0.017732307692307693
0.03421292307692308
0.0853236923076923
0.1368516923076923
0.16772676923076923
0.16042523076923076
0.12162276923076921
0.05716061538461538
-0.01043076923076923
-0.07823076923076923
-0.14749107692307692
-0.21216184615384615
-0.28663753846153844
-0.3243969230769231
-0.30895938461538464
-0.2503384615384615
-0.16021661538461537
-0.07051199999999999
0.031709538461538456
0.13247076923076923
0.23907323076923076
0.31626092307692305
0.43475446153846153
0.4472713846153846
0.287472
0.1846246153846154
0.008136
-0.09846646153846153
-0.2073636923076923
-0.40972061538461535
-0.509856
-0.614580923076923
-0.4950443076923077
-0.2953993846153846
-0.1435273846153846
0.04214030769230769
0.12496061538461539
0.32189353846153845
0.477312
0.5605495384615384
0.5530393846153846
0.2966510769230769
0.09679753846153846
-0.11056615384615384
-0.2853858461538461
-0.37363015384615383
-0.5380190769230769
-0.5538738461538462
-0.5246676923076923
-0.48690830769230764
-0.28392553846153845
-0.13038461538461538
0.046104
0.20277415384615383
0.2574313846153846
0.34943076923076927
0.35047384615384614
0.35005661538461535
0.35235138461538457
0.25012984615384615
0.14853415384615384
0.021904615384615383
-0.041514461538461535
-0.051319384615384614
-0.11640738461538462
-0.1489513846153846
-0.18775384615384613
-0.1666836923076923
-0.04422646153846154
0.04193169230769231
0.1368516923076923
0.21111876923076925
0.2605606153846154
0.34922215384615385
0.37655076923076924
0.3717526153846154
0.35923569230769226
0.28204799999999997
0.2374043076923077
0.20465169230769228
0.1356
0.05757784615384615
-0.05507446153846154
-0.13038461538461538
-0.18900553846153845
-0.24741784615384615
-0.25805723076923076
-0.23198030769230768
-0.1341396923076923
-0.044435076923076924
0.0446436923076923
0.1785747692307692
0.2618123076923077
0.33649661538461534
0.3604873846153846
0.3047870769230769
0.23531815384615382
0.10848000000000001
-0.008344615384615384
-0.11494707692307692
-0.23239753846153846
-0.28413415384615387
-0.30144923076923075
-0.279336
-0.22029784615384615
-0.16105107692307694
-0.058829538461538454
0.05820369230769231
0.14540492307692307
0.1910916923076923
0.18712800000000002
0.20360861538461536
0.2059033846153846
0.15896492307692306
0.09033046153846153
-0.03212676923076923
-0.1205796923076923
-0.16251138461538459
-0.20652923076923077
-0.19547261538461536
-0.19171753846153847
-0.17315076923076922
-0.10076123076923077
-0.04631261538461538
0.031709538461538456
0.086784
0.09846646153846153
0.10597661538461538
0.08115138461538463
0.05298830769230769
-0.008344615384615384
-0.07906523076923076
-0.11870215384615385
-0.15604430769230768
-0.16063384615384615
-0.17231630769230769
-0.1794092307692308
-0.16021661538461537
-0.16167692307692308
-0.13497415384615385
-0.10785415384615385
-0.11140061538461538
-0.09325107692307691
-0.07948246153846153
-0.06759138461538462
-0.047772923076923074
-0.050067692307692306
-0.027328615384615382
0.009179076923076922
0.01981846153846154
0.021696
-0.007301538461538462
-0.042348923076923076
-0.07343261538461537
-0.11578153846153846
-0.1424843076923077
-0.15771323076923077
-0.14540492307692307
-0.11098338461538461
-0.06946892307692307
0.002086153846153846
0.07092923076923077
0.14936861538461538
0.22801661538461537
0.2507556923076923
0.24512307692307692
0.19839323076923077
0.14707384615384617
0.11432123076923076
0.046104
-0.02899753846153846
-0.09179076923076923
-0.12412615384615384
-0.09971815384615385
-0.05382276923076923
-0.006675692307692307
0.04130584615384615
0.08386338461538462
0.15667015384615385
0.22572184615384616
0.2591003076923077
0.2517987692307692
0.18191261538461537
0.10201292307692307
0.0077187692307692304
-0.08469784615384615
-0.15270646153846154
-0.222384
-0.26222953846153846
-0.2670276923076923
-0.22342707692307692
-0.11870215384615385
0.008970461538461538
0.12642092307692307
0.2236356923076923
0.29185292307692307
0.330864
0.33378461538461535
0.27558092307692306
0.1543753846153846
-0.003129230769230769
-0.1506203076923077
-0.24866953846153847
-0.28809784615384615
-0.29769415384615383
-0.28246523076923075
-0.22426153846153846
-0.11953661538461538
0.02315630769230769
0.16292861538461537
0.2705741538461538
0.33566215384615383
0.3554806153846154
0.3369138461538461
0.2864289230769231
0.19213476923076922
0.06967753846153846
-0.06216738461538462
-0.18796246153846152
-0.2751636923076923
-0.3269003076923077
-0.34338092307692303
-0.3323243076923077
-0.29101846153846156
-0.2090326153846154
-0.0988836923076923
0.03233538461538461
0.14540492307692307
0.2207150769230769
0.260352
0.25764
0.2330233846153846
0.18316430769230768
0.09241661538461539
-0.02899753846153846
-0.16063384615384615
-0.2655673846153846
-0.3206418461538461
-0.32731753846153844
-0.30061476923076924
-0.2574313846153846
-0.19672430769230767
-0.10389046153846154
0.003129230769230769
0.09763200000000001
0.16459753846153846
0.19881046153846152
0.2125790769230769
0.20965846153846154
0.19568123076923075
0.16084246153846155
0.1028473846153846
0.042348923076923076
-0.01856676923076923
-0.07155507692307693
-0.1151556923076923
-0.15896492307692306
-0.18629353846153843
-0.1908830769230769
-0.16313723076923078
-0.10368184615384615
-0.029623384615384614
0.06049846153846154
0.14477907692307693
0.21883753846153844
0.28100492307692304
0.3152178461538461
0.32335384615384616
0.2870547692307692
0.21487384615384614
0.12829846153846153
0.02795446153846154
-0.06571384615384615
-0.15208061538461537
-0.222384
-0.26348123076923075
-0.2807963076923077
-0.24512307692307692
-0.16251138461538459
-0.06195876923076923
0.04276615384615385
0.13643446153846153
0.2221753846153846
0.2837169230769231
0.30666461538461537
0.2837169230769231
0.21132738461538458
0.11807630769230769
0.018358153846153843
-0.0744756923076923
-0.14477907692307693
-0.1910916923076923
-0.20840676923076923
-0.1923433846153846
-0.14603076923076924
-0.07927384615384615
-0.006049846153846154
0.054657230769230764
0.10722830769230769
0.143736
0.16105107692307694
0.16334584615384617
0.138312
0.10806276923076923
0.08010830769230769
0.051319384615384614
0.02858030769230769
0.010848
0.0014603076923076922
-0.0043809230769230765
-0.009804923076923077
-0.009804923076923077
0.0006258461538461538
0.007301538461538462
0.010222153846153844
0.007301538461538462
0.0050067692307692304
0.004589538461538461
-0.0029206153846153843
0.009596307692307692
0.01981846153846154
0.03045784615384615
0.047981538461538464
0.04547815384615384
0.051528
0.05382276923076923
0.045060923076923075
0.03963692307692308
0.030875076923076922
0.026285538461538457
0.008970461538461538
-0.01397723076923077
-0.03629907692307692
-0.058829538461538454
-0.06905169230769231
-0.0798996923076923
-0.08115138461538463
-0.07092923076923077
-0.05111076923076923
-0.017315076923076923
0.027120000000000002
0.07739630769230768
0.10910584615384614
0.11807630769230769
0.12704676923076924
0.13518276923076925
0.11870215384615385
0.08699261538461538
0.040262769230769234
-0.015228923076923076
-0.06821723076923077
-0.119328
-0.15374953846153847
-0.1760713846153846
-0.1800350769230769
-0.16021661538461537
-0.10994030769230768
-0.03129230769230769
0.05799507692307692
0.14603076923076924
0.21445661538461538
0.2618123076923077
0.2853858461538461
0.28350830769230767
0.2572227692307692
0.20110523076923076
0.1218313846153846
0.029623384615384614
-0.052571076923076915
-0.10806276923076923
-0.1504116923076923
-0.17481969230769231
-0.1635544615384615
-0.11953661538461538
-0.04318338461538461
0.051528
0.14582215384615385
0.23218892307692307
0.2947735384615384
0.3323243076923077
0.3442153846153846
0.3081249230769231
0.22843384615384613
0.12308307692307692
0.015646153846153844
-0.07405846153846153
-0.14811692307692306
-0.1977673846153846
-0.2290596923076923
-0.23761292307692305
-0.21842030769230766
-0.18483323076923078
-0.12955015384615384
-0.065088
-0.003963692307692307
0.04819015384615385
0.08782707692307692
0.12579507692307693
0.1502030769230769
0.15562707692307692
0.14811692307692306
0.12537784615384615
0.09471138461538461
0.04902461538461538
-0.005424
-0.06529661538461538
-0.1353913846153846
-0.19213476923076922
-0.22780799999999998
-0.23656984615384613
-0.22530461538461538
-0.18921415384615384
-0.12662953846153846
-0.03984553846153846
0.06905169230769231
0.17148184615384612
0.2574313846153846
0.30270092307692303
0.3039526153846154
0.26348123076923075
0.18107815384615383
0.07113784615384615
-0.06154153846153846
-0.18900553846153845
-0.2868461538461538
-0.344424
-0.3588184615384616
-0.34171199999999996
-0.28392553846153845
-0.18629353846153843
-0.06592246153846154
0.07614461538461538
0.21216184615384615
0.3081249230769231
0.35610646153846154
0.34171199999999996
0.2920615384615385
0.21612553846153845
0.10576799999999999
-0.0077187692307692304
-0.11724184615384614
-0.19818461538461538
-0.23093723076923076
-0.21800307692307694
-0.17502830769230768
-0.12037107692307693
-0.05319692307692307
0.021278769230769233
0.09199938461538461
0.14665661538461539
0.16897846153846155
0.1543753846153846
0.12579507692307693
0.0963803076923077
0.07280676923076923
0.04714707692307692
0.0070929230769230765
-0.05090215384615384
-0.10952307692307692
-0.14144123076923076
-0.1504116923076923
-0.1504116923076923
-0.15833907692307692
-0.16897846153846155
-0.1760713846153846
-0.17252492307692308
-0.15896492307692306
-0.15187199999999998
-0.17544553846153846
-0.21132738461538458
-0.2507556923076923
-0.2774584615384615
-0.1873366153846154
-0.045060923076923075
0.14269292307692305
0.35235138461538457
0.5323864615384615
0.7439224615384615
0.8826516923076924
0.9391864615384615
0.8373821538461538
0.6043587692307693
0.3133403076923077
-0.024408000000000003
-0.3095852307692307
-0.5768215384615385
-0.7531015384615385
-0.8363390769230769
-0.8067156923076922
-0.6245944615384615
-0.376968
-0.08907876923076924
0.18650215384615382
0.39532615384615377
0.5169489230769231
0.5411483076923076
0.443724923076923
0.2601433846153846
0.007510153846153846
-0.2993630769230769
-0.5580461538461539
-0.7293193846153846
-0.7850196923076922
-0.7074147692307692
-0.536976
-0.30562153846153844
-0.04944184615384615
0.16271999999999998
0.3246055384615385
0.4080516923076923
0.3855212307692308
0.30061476923076924
0.18253846153846154
0.09387692307692307
0.03567323076923076
0.010013538461538461
0.012934153846153845
0.016063384615384615
0.023782153846153845
0.0008344615384615384
-0.040262769230769234
-0.0880356923076923
-0.14018953846153845
-0.168144
-0.20506892307692307
-0.24741784615384615
-0.26452430769230767
-0.2799618461538461
-0.25847446153846154
-0.20256553846153844
-0.12600369230769232
-0.006258461538461538
0.127464
0.2749550769230769
0.40325353846153844
0.4581193846153846
0.4111809230769231
0.2751636923076923
0.09304246153846155
-0.12704676923076924
-0.3425464615384616
-0.5008855384615384
-0.5797421538461539
-0.5386449230769231
-0.385104
-0.15938215384615384
0.11849353846153846
0.3819747692307692
0.587460923076923
0.7184713846153845
0.7364123076923076
0.6608935384615384
0.5161144615384615
0.3077076923076923
0.084072
-0.12642092307692307
-0.29581661538461534
-0.3919883076923077
-0.4214030769230769
-0.4080516923076923
-0.3513083076923077
-0.23052
-0.06654830769230768
0.11348676923076922
0.2722430769230769
0.3659113846153846
0.40679999999999994
0.385104
0.3016578461538461
0.19463815384615382
0.05736923076923077
-0.07364123076923076
-0.15249784615384615
-0.17315076923076922
-0.11265230769230769
0.006049846153846154
0.13998092307692306
0.26494153846153845
0.3565236923076923
0.3909452307692307
0.36257353846153845
0.2805876923076923
0.1476996923076923
-0.0004172307692307692
-0.12141415384615384
-0.1927606153846154
-0.21445661538461538
-0.18900553846153845
-0.11494707692307692
0.0004172307692307692
0.12725538461538463
0.22947692307692308
0.2926873846153846
0.2891409230769231
0.21758584615384616
0.08845292307692308
-0.07489292307692308
-0.23844738461538462
-0.3826006153846154
-0.4975476923076923
-0.5624270769230769
-0.5551255384615384
-0.47063630769230763
-0.31855569230769226
-0.130176
0.06425353846153846
0.23782153846153845
0.38426953846153844
0.477312
0.4923323076923077
0.42369784615384615
0.2791273846153846
0.10201292307692307
-0.07551876923076924
-0.22405292307692307
-0.3202246153846154
-0.3786369230769231
-0.3746732307692308
-0.29080984615384614
-0.14790830769230767
0.03671630769230769
0.208824
0.33962584615384617
0.4184824615384615
0.43475446153846153
0.3957433846153846
0.3047870769230769
0.18170399999999998
0.04047138461538462
-0.0880356923076923
-0.1696043076923077
-0.20152246153846154
-0.18650215384615382
-0.1424843076923077
-0.09491999999999999
-0.03629907692307692
0.026911384615384615
0.07781353846153846
0.11056615384615384
0.0961716923076923
0.05528307692307692
0.01814953846153846
0.0004172307692307692
0.013142769230769229
0.041514461538461535
0.07906523076923076
0.12120553846153845
0.19025723076923076
0.2807963076923077
0.3617390769230769
0.4120153846153846
0.40095876923076923
0.33983446153846153
0.24345415384615382
0.11494707692307692
-0.026702769230769228
-0.17231630769230769
-0.2966510769230769
-0.3646596923076923
-0.3652855384615385
-0.2926873846153846
-0.1597993846153846
-0.012934153846153845
0.1207883076923077
0.22989415384615383
0.29748553846153847
0.31626092307692305
0.2774584615384615
0.17899199999999998
0.03275261538461539
-0.12516923076923075
-0.2618123076923077
-0.3665372307692307
-0.4314166153846154
-0.45102646153846154
-0.412224
-0.3202246153846154
-0.1942209230769231
-0.04714707692307692
0.0892873846153846
0.18900553846153845
0.2426196923076923
0.24992123076923078
0.21341353846153846
0.13893784615384613
0.02858030769230769
-0.09846646153846153
-0.20027076923076922
-0.25972615384615383
-0.26723630769230766
-0.22175815384615383
-0.15291507692307693
-0.07343261538461537
0.006884307692307692
0.06467076923076923
0.09909230769230769
0.09095630769230768
0.03942830769230769
-0.024408000000000003
-0.09533723076923077
-0.15604430769230768
-0.19985353846153847
-0.2154996923076923
-0.19651569230769228
-0.1489513846153846
-0.07280676923076923
0.012934153846153845
0.0961716923076923
0.16480615384615382
0.20652923076923077
0.21654276923076923
0.19213476923076922
0.13393107692307693
0.06300184615384616
-0.008970461538461538
-0.06863446153846153
-0.09158215384615384
-0.08636676923076922
-0.04631261538461538
0.016063384615384615
0.07697907692307693
0.14311015384615386
0.19317784615384614
0.22676492307692306
0.24574892307692306
0.21779446153846155
0.1666836923076923
0.11244369230769231
0.05444861538461539
0.009596307692307692
-0.03755076923076923
-0.084072
-0.12621230769230768
-0.15875630769230767
-0.16209415384615386
-0.14853415384615384
-0.12558646153846154
-0.09491999999999999
-0.05799507692307692
-0.018983999999999997
0.016063384615384615
0.04172307692307692
0.051528
0.05528307692307692
0.06070707692307692
0.06258461538461538
0.06592246153846154
0.07489292307692308
0.07593599999999999
0.07259815384615384
0.06362769230769232
0.042348923076923076
0.0077187692307692304
-0.03275261538461539
-0.06884307692307692
-0.10263876923076923
-0.12308307692307692
-0.11682461538461539
-0.08720123076923077
-0.04547815384615384
-0.0004172307692307692
0.043392
0.0826116923076923
0.103056
0.10576799999999999
0.08365476923076923
0.03692492307692308
-0.017315076923076923
-0.07739630769230768
-0.13872923076923074
-0.1942209230769231
-0.238656
-0.2601433846153846
-0.2453316923076923
-0.1992276923076923
-0.12975876923076923
-0.054657230769230764
0.022947692307692308
0.08949599999999999
0.1422756923076923
0.17899199999999998
0.18754523076923074
0.1787833846153846
0.13706030769230768
0.08156861538461539
0.024408000000000003
-0.031918153846153846
-0.06341907692307691
-0.07343261538461537
-0.05382276923076923
-0.0050067692307692304
0.05319692307692307
0.11098338461538461
0.14999446153846155
0.15938215384615384
0.14999446153846155
0.1178676923076923
0.06613107692307692
-0.002086153846153846
-0.08845292307692308
-0.16710092307692306
-0.2238443076923077
-0.24554030769230767
-0.23281476923076924
-0.19442953846153843
-0.12767261538461538
-0.04819015384615385
0.03421292307692308
0.10868861538461538
0.16063384615384615
0.18483323076923078
0.17315076923076922
0.12996738461538462
0.07113784615384615
0.006467076923076923
-0.054657230769230764
-0.10368184615384615
-0.13226215384615383
-0.12975876923076923
-0.09971815384615385
-0.043392
0.02524246153846154
0.0934596923076923
0.15333230769230768
0.1940123076923077
0.22154953846153846
0.22864246153846152
0.20819815384615384
0.16063384615384615
0.09533723076923077
0.031709538461538456
-0.02023569230769231
-0.07051199999999999
-0.11035753846153845
-0.12913292307692306
-0.13101046153846155
-0.10994030769230768
-0.07030338461538461
-0.01981846153846154
0.028788923076923077
0.06154153846153846
0.0828203076923077
0.11014892307692307
0.132888
0.15187199999999998
0.16000799999999998
0.14331876923076922
0.12099692307692309
0.09846646153846153
0.07030338461538461
0.03400430769230769
-0.009179076923076922
-0.05444861538461539
-0.08720123076923077
-0.10013538461538461
-0.09512861538461538
-0.07155507692307693
-0.03504738461538461
0.017523692307692306
0.07364123076923076
0.12120553846153845
0.15145476923076923
0.1502030769230769
0.12662953846153846
0.07134646153846153
-0.0002086153846153846
-0.05757784615384615
-0.10535076923076922
-0.14811692307692306
-0.1785747692307692
-0.18983999999999998
-0.17982646153846152
-0.15750461538461538
-0.12725538461538463
-0.086784
-0.04631261538461538
-0.0050067692307692304
0.037342153846153844
0.08219446153846154
0.11181784615384616
0.12704676923076924
0.12704676923076924
0.11181784615384616
0.09763200000000001
0.06216738461538462
0.019609846153846155
-0.018983999999999997
-0.04672984615384615
-0.042348923076923076
-0.017732307692307693
0.03212676923076923
0.0855323076923077
0.12266584615384615
0.15124615384615384
0.15646153846153846
0.14790830769230767
0.11578153846153846
0.06654830769230768
0.021278769230769233
-0.021487384615384613
-0.046104
-0.0609156923076923
-0.07155507692307693
-0.06613107692307692
-0.05382276923076923
-0.02357353846153846
0.026494153846153844
0.06738276923076922
0.09325107692307691
0.09763200000000001
0.09137353846153846
0.08135999999999999
0.061124307692307686
0.027328615384615382
-0.027120000000000002
-0.08031692307692308
-0.1178676923076923
-0.13664307692307692
-0.1422756923076923
-0.13080184615384613
-0.0961716923076923
-0.046104
0.021487384615384613
0.10263876923076923
0.17315076923076922
0.21988061538461537
0.2369870769230769
0.2238443076923077
0.19296923076923078
0.1289243076923077
0.048816000000000005
-0.054240000000000003
-0.18212123076923076
-0.25284184615384614
-0.27704123076923076
-0.23782153846153845
-0.14269292307692305
-0.05194523076923077
0.06425353846153846
0.19338646153846153
0.3239796923076923
0.4053396923076923
0.425784
0.36611999999999995
0.20527753846153846
0.03650769230769231
-0.0853236923076923
-0.22488738461538463
-0.3886504615384615
-0.5065181538461538
-0.5955969230769231
-0.5620098461538461
-0.43809230769230767
-0.26911384615384615
-0.08365476923076923
0.05611753846153846
0.23469230769230767
0.35986153846153845
0.441012923076923
0.4645864615384615
0.3611132307692308
0.235944
0.05173661538461538
-0.10201292307692307
-0.20006215384615383
-0.330864
-0.40054153846153845
-0.4297476923076923
-0.39344861538461534
-0.2805876923076923
-0.16438892307692307
-0.012099692307692308
0.10722830769230769
0.17231630769230769
0.26911384615384615
0.3312812307692308
0.3721698461538462
0.3809316923076923
0.327108923076923
0.2818393846153846
0.1908830769230769
0.1097316923076923
0.053405538461538456
-0.03567323076923076
-0.10681107692307691
-0.17461107692307692
-0.20256553846153844
-0.18191261538461537
-0.16584923076923075
-0.1205796923076923
-0.06821723076923077
0.012099692307692308
0.14164984615384615
0.26076923076923075
0.3698750769230769
0.4416387692307692
0.4720966153846154
0.4681329230769231
0.3947003076923077
0.2774584615384615
0.11974523076923077
-0.08302892307692307
-0.26118646153846153
-0.40659138461538463
-0.4917064615384615
-0.5002596923076923
-0.45040061538461534
-0.3137575384615385
-0.13184492307692308
0.07468430769230769
0.25972615384615383
0.3848953846153846
0.44956615384615384
0.4178566153846154
0.3369138461538461
0.22321846153846153
0.05924676923076923
-0.11891076923076922
-0.2870547692307692
-0.4134756923076923
-0.4775206153846153
-0.4779378461538461
-0.40575692307692307
-0.2993630769230769
-0.17648861538461538
-0.017940923076923077
0.14018953846153845
0.27412061538461535
0.3452584615384615
0.3392086153846154
0.28934953846153844
0.20277415384615383
0.09491999999999999
-0.03755076923076923
-0.19046584615384615
-0.309168
-0.36778892307692307
-0.3571495384615384
-0.2799618461538461
-0.17711446153846155
-0.05382276923076923
0.06049846153846154
0.1422756923076923
0.21007569230769232
0.23448369230769228
0.214248
0.15520984615384617
0.06383630769230769
-0.009179076923076922
-0.06675692307692307
-0.11056615384615384
-0.13893784615384613
-0.165432
-0.16730953846153845
-0.13893784615384613
-0.08323753846153846
-0.020652923076923076
0.021070153846153846
0.04860738461538461
0.06404492307692307
0.07593599999999999
0.08699261538461538
0.0853236923076923
0.07948246153846153
0.05236246153846154
0.006258461538461538
-0.028371692307692306
-0.05736923076923077
-0.09012184615384615
-0.12350030769230769
-0.14665661538461539
-0.15667015384615385
-0.15646153846153846
-0.14749107692307692
-0.12996738461538462
-0.11202646153846153
-0.08699261538461538
-0.05236246153846154
-0.0022947692307692304
0.06467076923076923
0.11599015384615384
0.15541846153846153
0.1804523076923077
0.18316430769230768
0.17273353846153844
0.12537784615384615
0.056951999999999996
-0.017315076923076923
-0.10326461538461539
-0.16605784615384614
-0.20027076923076922
-0.19693292307692306
-0.15082892307692305
-0.07614461538461538
0.024408000000000003
0.13601723076923075
0.23072861538461537
0.301032
0.347136
0.3467187692307692
0.29644246153846154
0.20632061538461538
0.0934596923076923
-0.033169846153846154
-0.14999446153846155
-0.2399076923076923
-0.30061476923076924
-0.31000246153846156
-0.27328615384615385
-0.1913003076923077
-0.07739630769230768
0.05027630769230769
0.17523692307692307
0.2701569230769231
0.31500923076923076
0.31646953846153847
0.2814221538461538
0.1927606153846154
0.08302892307692307
-0.035464615384615386
-0.15374953846153847
-0.23218892307692307
-0.2638984615384615
-0.24449723076923074
-0.18879692307692306
-0.116616
-0.014603076923076923
0.10389046153846154
0.2090326153846154
0.29185292307692307
0.33002953846153843
0.31772123076923076
0.26535876923076923
0.17398523076923075
0.07531015384615385
-0.022530461538461537
-0.11870215384615385
-0.1794092307692308
-0.20256553846153844
-0.1842073846153846
-0.13080184615384613
-0.061750153846153844
0.015646153846153844
0.08365476923076923
0.13664307692307692
0.16626646153846153
0.16876984615384616
0.15270646153846154
0.10159569230769232
0.04380923076923077
-0.0016689230769230767
-0.04318338461538461
-0.06717415384615384
-0.0826116923076923
-0.08574092307692306
-0.07802215384615384
-0.05945538461538461
-0.025033846153846153
0.005424
0.017940923076923077
0.008136
-0.01272553846153846
-0.02858030769230769
-0.03921969230769231
-0.041514461538461535
-0.03692492307692308
-0.029623384615384614
-0.006049846153846154
0.02482523076923077
0.05757784615384615
0.0744756923076923
0.06028984615384615
0.02899753846153846
-0.016063384615384615
-0.06633969230769231
-0.10868861538461538
-0.14290153846153844
-0.1691870769230769
-0.16188553846153847
-0.11870215384615385
-0.045895384615384616
0.043600615384615383
0.12558646153846154
0.20152246153846154
0.24679199999999998
0.26452430769230767
0.2618123076923077
0.22551323076923077
0.1635544615384615
0.084072
0.004798153846153846
-0.06279323076923077
-0.11202646153846153
-0.13872923076923074
-0.14916
-0.12975876923076923
-0.07635323076923077
-0.0014603076923076922
0.08845292307692308
0.165432
0.21153599999999997
0.23364923076923078
0.22718215384615387
0.19171753846153847
0.12099692307692309
0.02044430769230769
-0.09909230769230769
-0.21049292307692305
-0.2776670769230769
-0.30749907692307693
-0.295608
-0.25346769230769234
-0.18942276923076923
-0.09512861538461538
0.011056615384615385
0.11557292307692307
0.1923433846153846
0.23364923076923078
0.24512307692307692
0.22196676923076922
0.17565415384615385
0.11473846153846154
0.04214030769230769
-0.026285538461538457
-0.084072
-0.11306953846153844
-0.10368184615384615
-0.07197230769230768
-0.02482523076923077
0.03108369230769231
0.08949599999999999
0.1449876923076923
0.18879692307692306
0.208824
0.20444307692307692
0.17440246153846153
0.127464
0.086784
0.050067692307692306
0.016480615384615385
-0.021904615384615383
-0.059038153846153844
-0.07927384615384615
-0.0771876923076923
-0.058412307692307694
-0.045060923076923075
-0.04172307692307692
-0.047772923076923074
-0.05090215384615384
-0.051528
-0.059872615384615385
-0.07760492307692309
-0.1045163076923077
-0.12767261538461538
-0.12913292307692306
-0.10827138461538462
-0.08219446153846154
-0.04944184615384615
-0.015646153846153844
0.023364923076923075
0.05820369230769231
0.07927384615384615
0.08448923076923077
0.059038153846153844
0.021070153846153846
-0.03129230769230769
-0.0798996923076923
-0.12245723076923076
-0.1666836923076923
-0.19526400000000002
-0.21508246153846153
-0.21007569230769232
-0.1710646153846154
-0.10389046153846154
-0.018358153846153843
0.06905169230769231
0.14978584615384616
0.21967199999999998
0.2659846153846154
0.2753723076923077
0.24428861538461538
0.17690584615384616
0.10201292307692307
0.026494153846153844
-0.0446436923076923
-0.11140061538461538
-0.17169046153846151
-0.20423446153846153
-0.1992276923076923
-0.16480615384615382
-0.11494707692307692
-0.04568676923076923
0.028371692307692306
0.11223507692307692
0.19630707692307692
0.268488
0.3212676923076923
0.32502276923076917
0.28788923076923073
0.21842030769230766
0.12391753846153845
0.013768615384615384
-0.10222153846153846
-0.21007569230769232
-0.2799618461538461
-0.3114627692307692
-0.29915446153846154
-0.24595753846153845
-0.17315076923076922
-0.08135999999999999
-0.0022947692307692304
0.06696553846153847
0.12683815384615382
0.15792184615384616
0.16042523076923076
0.1314276923076923
0.08991323076923076
0.04902461538461538
0.004798153846153846
-0.03442153846153846
-0.06821723076923077
-0.092208
-0.09053907692307692
-0.06675692307692307
-0.027745846153846152
0.01272553846153846
0.037342153846153844
0.06341907692307691
0.09450276923076922
0.12204
0.13852061538461538
0.1341396923076923
0.119328
0.10013538461538461
0.09283384615384616
0.09095630769230768
0.07948246153846153
0.058829538461538454
0.027120000000000002
-0.002712
-0.031709538461538456
-0.05924676923076923
-0.08302892307692307
-0.10868861538461538
-0.13038461538461538
-0.1435273846153846
-0.14790830769230767
-0.1462393846153846
-0.14603076923076924
-0.14811692307692306
-0.14331876923076922
-0.12975876923076923
-0.10472492307692308
-0.073224
-0.04380923076923077
-0.006049846153846154
0.03108369230769231
0.06738276923076922
0.09784061538461537
0.1070196923076923
0.100344
0.07885661538461539
0.05674338461538461
0.03379569230769231
0.0029206153846153843
-0.03379569230769231
-0.07259815384615384
-0.0988836923076923
-0.10910584615384614
-0.10618523076923077
-0.08636676923076922
-0.05069353846153846
0.0035464615384615383
0.0855323076923077
0.1718990769230769
0.25930892307692305
0.3243969230769231
0.34046030769230773
0.32669169230769235
0.27140861538461536
0.18274707692307693
0.07030338461538461
-0.06571384615384615
-0.1856676923076923
-0.2870547692307692
-0.35256
-0.3811403076923077
-0.39324
-0.35860984615384617
-0.3039526153846154
-0.21591692307692306
-0.11995384615384615
-0.021487384615384613
0.08073415384615384
0.18712800000000002
0.32898646153846156
0.5244590769230769
0.7120043076923076
0.7718769230769231
0.8313323076923077
0.8256996923076924
0.7718769230769231
0.6600590769230769
0.37967999999999996
0.03942830769230769
-0.4030449230769231
-0.7914867692307692
-1.1023236923076922
-1.3365987692307693
-1.412534769230769
-1.3818683076923075
-1.1069132307692306
-0.6583901538461538
-0.07969107692307692
0.5622184615384616
1.078332923076923
1.4822123076923077
1.6559889230769231
1.590900923076923
1.3232473846153845
0.8161033846153846
0.208824
-0.45624184615384616
-1.11192
-1.5562707692307691
-1.8011852307692306
-1.7847046153846151
-1.509958153846154
-1.1056615384615385
-0.5424
0.06738276923076922
0.6938547692307693
1.2558646153846154
1.6023747692307693
1.734636923076923
1.6426375384615384
1.3835372307692306
0.9934264615384615
0.4675070769230769
-0.11035753846153845
-0.6757052307692307
-1.149888
-1.432561846153846
-1.546883076923077
-1.482420923076923
-1.2598283076923076
-0.9185335384615384
-0.4599969230769231
0.03504738461538461
0.5054750769230769
0.912900923076923
1.1876473846153845
1.337016
1.3612153846153845
1.2402184615384615
0.9965556923076923
0.6341907692307692
0.20861538461538462
-0.2453316923076923
-0.6800861538461539
-1.037027076923077
-1.2975876923076923
-1.4304756923076922
-1.4269292307692305
-1.2435563076923077
-0.8611643076923077
-0.3373310769230769
0.27412061538461535
0.8814
1.3941766153846153
1.7619655384615382
1.923016615384615
1.8533390769230769
1.5372867692307692
0.9923833846153847
0.32961230769230765
-0.35965292307692304
-0.9971815384615385
-1.5093323076923078
-1.8545907692307693
-1.9632793846153846
-1.8145366153846152
-1.4263033846153845
-0.8496904615384615
-0.1804523076923077
0.5167403076923076
1.1446726153846154
1.6132227692307692
1.8792073846153845
1.8833796923076922
1.6259483076923076
1.146132923076923
0.5184092307692307
-0.1397723076923077
-0.7576910769230769
-1.2489803076923076
-1.5625292307692307
-1.6829003076923077
-1.5698307692307691
-1.2429304615384615
-0.7476775384615384
-0.1656406153846154
0.401376
0.8876584615384615
1.2297876923076922
1.4050246153846153
1.4169156923076924
1.2496061538461538
0.9212455384615384
0.48002399999999995
0.016063384615384615
-0.3819747692307692
-0.6961495384615385
-0.9022615384615383
-1.0003107692307691
-1.0044830769230768
-0.8968375384615385
-0.6930203076923077
-0.4314166153846154
-0.16418030769230768
0.07155507692307693
0.279336
0.44810584615384613
0.5676424615384615
0.6245944615384615
0.6031070769230769
0.5190350769230769
0.38927630769230764
0.2371956923076923
0.08490646153846154
-0.07092923076923077
-0.23177169230769232
-0.39595199999999997
-0.5501187692307692
-0.6544264615384615
-0.6855101538461539
-0.6456646153846154
-0.5390621538461537
-0.38301784615384615
-0.1829556923076923
0.06633969230769231
0.33295015384615384
0.5826627692307692
0.7725027692307692
0.8634590769230769
0.859704
0.7624892307692307
0.5853747692307693
0.3475532307692307
0.058829538461538454
-0.23656984615384613
-0.4866996923076923
-0.6521316923076923
-0.7155507692307692
-0.6934375384615384
-0.5864178461538462
-0.4145187692307692
-0.20256553846153844
0.04088861538461538
0.26786215384615386
0.4478972307692307
0.5588806153846154
0.5889212307692308
0.5540824615384615
0.4652123076923077
0.33649661538461534
0.19004861538461537
0.04130584615384615
-0.09074769230769231
-0.17148184615384612
-0.20131384615384615
-0.18629353846153843
-0.14811692307692306
-0.10493353846153847
-0.05528307692307692
-0.017732307692307693
0.014394461538461538
0.030040615384615384
0.01814953846153846
-0.004589538461538461
-0.027745846153846152
-0.01981846153846154
0.016897846153846156
0.07739630769230768
0.15750461538461538
0.22947692307692308
0.2920615384615385
0.31897292307692304
0.3016578461538461
0.23803015384615384
0.11849353846153846
-0.018358153846153843
-0.15667015384615385
-0.2753723076923077
-0.3473446153846154
-0.37321292307692305
-0.3319070769230769
-0.22634769230769228
-0.07364123076923076
0.10681107692307691
0.27474646153846155
0.40450523076923073
0.4720966153846154
0.46688123076923077
0.38885907692307686
0.23823876923076923
0.03775938461538462
-0.17690584615384616
-0.3750904615384615
-0.5236246153846154
-0.6097827692307692
-0.6225083076923077
-0.5503273846153846
-0.4145187692307692
-0.2292683076923077
-0.021904615384615383
0.16501476923076921
0.3047870769230769
0.36945784615384614
0.35923569230769226
0.29039261538461536
0.17002153846153847
0.018358153846153843
-0.13726892307692307
-0.27286892307692306
-0.3611132307692308
-0.38030584615384616
-0.33545353846153847
-0.25012984615384615
-0.13789476923076924
-0.021696
0.08615815384615384
0.1760713846153846
0.22530461538461538
0.23510953846153848
0.20256553846153844
0.14290153846153844
0.08949599999999999
0.04839876923076923
0.021904615384615383
0.010013538461538461
0.004589538461538461
0.017732307692307693
0.047772923076923074
0.08073415384615384
0.11035753846153845
0.12016246153846154
0.1045163076923077
0.06926030769230769
0.02858030769230769
-0.015020307692307692
-0.06425353846153846
-0.09721476923076922
-0.10952307692307692
-0.10076123076923077
-0.06425353846153846
-0.016063384615384615
0.03650769230769231
0.08135999999999999
0.10597661538461538
0.12037107692307693
0.10806276923076923
0.06863446153846153
0.013560000000000001
-0.05611753846153846
-0.10368184615384615
-0.12329169230769231
-0.11473846153846154
-0.07489292307692308
-0.02232184615384615
0.04860738461538461
0.12162276923076921
0.18337292307692307
0.22551323076923077
0.21779446153846155
0.17648861538461538
0.11599015384615384
0.037967999999999995
-0.023990769230769232
-0.07489292307692308
-0.10639384615384614
-0.10743692307692307
-0.08824430769230769
-0.03024923076923077
0.0448523076923077
0.1151556923076923
0.18316430769230768
0.22175815384615383
0.23052
0.21237046153846154
0.16730953846153845
0.09763200000000001
-0.005215384615384615
-0.10326461538461539
-0.17628
-0.21737723076923077
-0.22447015384615385
-0.21007569230769232
-0.1637630769230769
-0.09784061538461537
-0.019609846153846155
0.07739630769230768
0.15750461538461538
0.21341353846153846
0.2369870769230769
0.2154996923076923
0.17732307692307692
0.10013538461538461
-0.005841230769230769
-0.116616
-0.22947692307692308
-0.30061476923076924
-0.3275261538461538
-0.30270092307692303
-0.22718215384615387
-0.12725538461538463
-0.003129230769230769
0.11536430769230768
0.22655630769230767
0.3068732307692308
0.328152
0.3031181538461538
0.22467876923076924
0.12725538461538463
0.021904615384615383
-0.0961716923076923
-0.19338646153846153
-0.2655673846153846
-0.3072904615384615
-0.3047870769230769
-0.2626467692307692
-0.18399876923076922
-0.08782707692307692
0.01710646153846154
0.14081538461538462
0.25430215384615384
0.33065538461538463
0.36027876923076924
0.3408775384615384
0.28413415384615387
0.19338646153846153
0.08428061538461538
-0.03838523076923077
-0.16188553846153847
-0.2722430769230769
-0.3615304615384615
-0.40200184615384615
-0.3955347692307692
-0.3573581538461538
-0.29769415384615383
-0.2207150769230769
-0.1287156923076923
-0.02858030769230769
0.06279323076923077
0.13852061538461538
0.18775384615384613
0.21174461538461536
0.22426153846153846
0.21633415384615384
0.18796246153846152
0.12162276923076921
0.02586830769230769
-0.07551876923076924
-0.16626646153846153
-0.23907323076923076
-0.30666461538461537
-0.3415033846153846
-0.33357600000000004
-0.28163076923076924
-0.18316430769230768
-0.05507446153846154
0.08156861538461539
0.20256553846153844
0.30186646153846153
0.37425600000000003
0.40200184615384615
0.36904061538461536
0.279336
0.14999446153846155
0.014811692307692307
-0.103056
-0.19505538461538463
-0.2561796923076923
-0.28893230769230765
-0.28434276923076923
-0.2330233846153846
-0.13747753846153846
-0.019609846153846155
0.08949599999999999
0.17565415384615385
0.23156307692307693
0.2574313846153846
0.2618123076923077
0.22321846153846153
0.1543753846153846
0.07155507692307693
-0.012516923076923077
-0.06654830769230768
-0.0936683076923077
-0.0974233846153846
-0.08907876923076924
-0.06696553846153847
-0.019192615384615384
0.04756430769230769
0.1136953846153846
0.15333230769230768
0.1543753846153846
0.12412615384615384
0.08010830769230769
0.03483876923076923
-0.002712
-0.03337846153846154
-0.04860738461538461
-0.03629907692307692
0.015646153846153844
0.09846646153846153
0.18149538461538461
0.2424110769230769
0.2768326153846154
0.2737033846153846
0.22989415384615383
0.15291507692307693
0.04088861538461538
-0.0880356923076923
-0.21466523076923077
-0.30666461538461537
-0.33816553846153846
-0.3131316923076923
-0.22801661538461537
-0.10243015384615384
0.04214030769230769
0.19296923076923078
0.3229366153846154
0.4182738461538461
0.4483144615384615
0.39303138461538456
0.29185292307692307
0.15333230769230768
-0.008136
-0.16188553846153847
-0.3008233846153846
-0.3913624615384615
-0.4209858461538461
-0.3790541538461539
-0.28434276923076923
-0.16188553846153847
-0.050067692307692306
0.034630153846153845
0.13372246153846154
0.2221753846153846
0.2845513846153846
0.2914356923076923
0.23782153846153845
0.1718990769230769
0.11536430769230768
0.06967753846153846
0.11995384615384615
0.11244369230769231
-0.05382276923076923
-0.11870215384615385
-0.2008966153846154
-0.1777403076923077
-0.0771876923076923
-0.22321846153846153
-0.31104553846153843
-0.40387938461538464
-0.36632861538461536
-0.16793538461538463
-0.10514215384615383
-0.024616615384615383
-0.05611753846153846
0.046104
0.25117292307692307
0.3536030769230769
0.43976123076923074
0.2492953846153846
0.08323753846153846
-0.027120000000000002
-0.18921415384615384
-0.21779446153846155
-0.39657784615384617
-0.5086043076923077
-0.48586523076923077
-0.5069353846153847
-0.2853858461538461
-0.08824430769230769
0.07197230769230768
0.31250584615384613
0.35256
0.442056
0.4950443076923077
0.44309907692307693
0.44748
0.2789187692307692
0.09053907692307692
-0.06967753846153846
-0.19755876923076923
-0.17732307692307692
-0.21821169230769227
-0.2526332307692308
-0.23949046153846154
-0.18066092307692305
0.03421292307692308
0.1829556923076923
0.2680707692307692
0.33587076923076925
0.31396615384615384
0.37613353846153846
0.4049224615384615
0.34358953846153845
0.29185292307692307
0.16209415384615386
0.08615815384615384
0.07343261538461537
0.006884307692307692
-0.04380923076923077
-0.12245723076923076
-0.1881710769230769
-0.18504184615384617
-0.1829556923076923
-0.16021661538461537
-0.11807630769230769
-0.03442153846153846
0.03942830769230769
0.09950953846153845
0.20173107692307693
0.2532590769230769
0.30666461538461537
0.3269003076923077
0.2626467692307692
0.21967199999999998
0.12934153846153845
0.022947692307692308
-0.08052553846153847
-0.2330233846153846
-0.32001599999999997
-0.36799753846153843
-0.3738387692307692
-0.31188
-0.2540935384615385
-0.12245723076923076
0.06633969230769231
0.23969907692307693
0.36632861538461536
0.39970707692307694
0.4170221538461538
0.3882332307692308
0.2862203076923077
0.1504116923076923
-0.07510153846153846
-0.2707827692307692
-0.3821833846153846
-0.47355692307692304
-0.4743913846153846
-0.4416387692307692
-0.3821833846153846
-0.23928184615384615
-0.11557292307692307
0.024616615384615383
0.16876984615384616
0.2374043076923077
0.26681907692307694
0.21904615384615383
0.12120553846153845
0.0002086153846153846
-0.14665661538461539
-0.26535876923076923
-0.3684147692307692
-0.4216116923076923
-0.431208
-0.40387938461538464
-0.2799618461538461
-0.13664307692307692
0.02086153846153846
0.17085599999999998
0.2453316923076923
0.3243969230769231
0.3619476923076923
0.3239796923076923
0.2586830769230769
0.13643446153846153
0.037342153846153844
-0.0050067692307692304
-0.05090215384615384
-0.07802215384615384
-0.11745046153846153
-0.14144123076923076
-0.10201292307692307
-0.049233230769230765
0.01668923076923077
0.05590892307692308
0.08386338461538462
0.12016246153846154
0.12266584615384615
0.13706030769230768
0.1287156923076923
0.10409907692307692
0.0936683076923077
0.03567323076923076
-0.01043076923076923
-0.03650769230769231
-0.052153846153846155
-0.016897846153846156
-0.007927384615384614
-0.02795446153846154
-0.03567323076923076
-0.04172307692307692
-0.016272
0.015646153846153844
0.023364923076923075
0.032544
0.05194523076923077
0.10409907692307692
0.15896492307692306
0.18212123076923076
0.18212123076923076
0.14749107692307692
0.11494707692307692
0.0771876923076923
0.021696
-0.017940923076923077
-0.06487938461538462
-0.09304246153846155
-0.09450276923076922
-0.08428061538461538
-0.03838523076923077
0.014603076923076923
0.0609156923076923
0.09304246153846155
0.1028473846153846
0.11223507692307692
0.12016246153846154
0.09700615384615385
0.027120000000000002
-0.06800861538461538
-0.15166338461538462
-0.19693292307692306
-0.2021483076923077
-0.2008966153846154
-0.20319138461538463
-0.17377661538461536
-0.1151556923076923
-0.025033846153846153
0.05924676923076923
0.09596307692307693
0.12016246153846154
0.12537784615384615
0.11974523076923077
0.12204
0.0961716923076923
0.054657230769230764
0.01710646153846154
-0.017940923076923077
-0.02753723076923077
-0.02357353846153846
-0.012516923076923077
0.008136
0.019192615384615384
0.030875076923076922
0.04652123076923077
0.06487938461538462
0.07009476923076922
0.042348923076923076
0.006675692307692307
-0.040262769230769234
-0.07134646153846153
-0.07259815384615384
-0.07843938461538462
-0.06341907692307691
-0.05069353846153846
-0.032544
0.032544
0.09512861538461538
0.14311015384615386
0.15562707692307692
0.12120553846153845
0.09325107692307691
0.05924676923076923
0.023990769230769232
-0.009804923076923077
-0.065088
-0.10576799999999999
-0.12350030769230769
-0.10263876923076923
-0.054657230769230764
-0.005841230769230769
0.05194523076923077
0.10430769230769231
0.15646153846153846
0.21341353846153846
0.2374043076923077
0.22530461538461538
0.1856676923076923
0.1070196923076923
0.03421292307692308
-0.0448523076923077
-0.11995384615384615
-0.16042523076923076
-0.19442953846153843
-0.19526400000000002
-0.1710646153846154
-0.12245723076923076
-0.05236246153846154
0.0012516923076923076
0.04839876923076923
0.08219446153846154
0.10514215384615383
0.11286092307692308
0.0855323076923077
0.03921969230769231
-0.016063384615384615
-0.059038153846153844
-0.08490646153846154
-0.10868861538461538
-0.12579507692307693
-0.14081538461538462
-0.1341396923076923
-0.08720123076923077
-0.023782153846153845
0.031918153846153846
0.07343261538461537
0.09575446153846154
0.116616
0.1368516923076923
0.14686523076923075
0.13601723076923075
0.0853236923076923
0.009179076923076922
-0.07030338461538461
-0.13184492307692308
-0.16418030769230768
-0.17628
-0.1777403076923077
-0.16042523076923076
-0.11056615384615384
-0.03921969230769231
0.029206153846153847
0.07238953846153846
0.08949599999999999
0.09304246153846155
0.09137353846153846
0.08115138461538463
0.05778646153846154
0.03400430769230769
0.006675692307692307
-0.020027076923076922
-0.03045784615384615
-0.02795446153846154
-0.013560000000000001
0.008970461538461538
0.035255999999999996
0.06696553846153847
0.10493353846153847
0.14311015384615386
0.1639716923076923
0.15875630769230767
0.138312
0.10055261538461538
0.05736923076923077
0.012516923076923077
-0.032544
-0.06800861538461538
-0.09825784615384614
-0.09700615384615385
-0.06300184615384616
-0.01668923076923077
0.025659692307692307
0.045060923076923075
0.051319384615384614
0.04839876923076923
0.04088861538461538
0.01272553846153846
-0.03921969230769231
-0.092208
-0.13768615384615385
-0.14749107692307692
-0.12955015384615384
-0.09262523076923077
-0.03755076923076923
0.012308307692307691
0.058412307692307694
0.09804923076923076
0.11035753846153845
0.09846646153846153
0.07885661538461539
0.05611753846153846
0.049233230769230765
0.054657230769230764
0.07301538461538462
0.10117846153846152
0.12037107692307693
0.14603076923076924
0.1787833846153846
0.21049292307692305
0.23156307692307693
0.22968553846153844
0.19839323076923077
0.1358086153846154
0.06279323076923077
-0.011473846153846154
-0.0853236923076923
-0.13706030769230768
-0.17294215384615383
-0.18253846153846154
-0.15500123076923078
-0.10660246153846153
-0.04214030769230769
0.018358153846153843
0.06926030769230769
0.11494707692307692
0.13852061538461538
0.13351384615384615
0.10493353846153847
0.05194523076923077
-0.009596307692307692
-0.0609156923076923
-0.09909230769230769
-0.12245723076923076
-0.1287156923076923
-0.10618523076923077
-0.059872615384615385
-0.006675692307692307
0.05069353846153846
0.10159569230769232
0.13935507692307691
0.15667015384615385
0.14290153846153844
0.09992676923076924
0.03609046153846154
-0.03233538461538461
-0.09262523076923077
-0.12537784615384615
-0.12245723076923076
-0.10743692307692307
-0.08302892307692307
-0.055491692307692304
-0.03609046153846154
-0.026911384615384615
-0.03775938461538462
-0.06905169230769231
-0.11014892307692307
-0.14686523076923075
-0.1712732307692308
-0.1693956923076923
-0.14436184615384615
-0.10138707692307691
-0.04756430769230769
0.0050067692307692304
0.058412307692307694
0.11223507692307692
0.14436184615384615
0.13601723076923075
0.10409907692307692
0.05403138461538461
0.0
-0.047981538461538464
-0.10117846153846152
-0.13893784615384613
-0.1489513846153846
-0.13789476923076924
-0.10117846153846152
-0.042974769230769226
0.019192615384615384
0.07885661538461539
0.12725538461538463
0.16209415384615386
0.1787833846153846
0.1612596923076923
0.11286092307692308
0.04860738461538461
-0.015437538461538461
-0.07760492307692309
-0.132888
-0.1787833846153846
-0.21654276923076923
-0.2290596923076923
-0.21612553846153845
-0.18316430769230768
-0.12850707692307692
-0.0678
-0.009596307692307692
0.04130584615384615
0.08323753846153846
0.12683815384615382
0.15187199999999998
0.15208061538461537
0.13205353846153844
0.1097316923076923
0.09450276923076922
0.08615815384615384
0.08720123076923077
0.08302892307692307
0.073224
0.06321046153846153
0.06696553846153847
0.07259815384615384
0.06446215384615385
0.03567323076923076
0.01272553846153846
0.004172307692307692
0.005424
0.01668923076923077
0.005215384615384615
-0.01668923076923077
-0.046104
-0.09158215384615384
-0.14311015384615386
-0.16292861538461537
-0.13518276923076925
-0.0744756923076923
0.020652923076923076
0.10848000000000001
0.20402584615384614
0.2951907692307692
0.344424
0.3609046153846154
0.2818393846153846
0.16584923076923075
0.029832
-0.07906523076923076
-0.18650215384615382
-0.33983446153846153
-0.3984553846153846
-0.42953907692307686
-0.3517255384615385
-0.20715507692307691
-0.07614461538461538
0.09241661538461539
0.19735015384615384
0.32982092307692307
0.4124326153846154
0.38656430769230765
0.31646953846153847
0.1489513846153846
-0.0025033846153846152
-0.16710092307692306
-0.32606584615384615
-0.3994984615384615
-0.4539470769230769
-0.4078430769230769
-0.3047870769230769
-0.18358153846153846
-0.040679999999999994
0.04380923076923077
0.1314276923076923
0.1800350769230769
0.14916
0.12934153846153845
0.08177723076923075
0.058829538461538454
0.061750153846153844
0.028163076923076923
0.013142769230769229
-0.01981846153846154
-0.04047138461538462
-0.03880246153846154
-0.054657230769230764
-0.059872615384615385
-0.05716061538461538
-0.027745846153846152
0.021904615384615383
0.05090215384615384
0.0798996923076923
0.09491999999999999
0.11181784615384616
0.14477907692307693
0.143736
0.15500123076923078
0.1733593846153846
0.18316430769230768
0.21007569230769232
0.18983999999999998
0.12099692307692309
0.03212676923076923
-0.08490646153846154
-0.1858763076923077
-0.27140861538461536
-0.3269003076923077
-0.30708184615384615
-0.225096
-0.07969107692307692
0.09012184615384615
0.25367630769230765
0.3944916923076923
0.4762689230769231
0.5061009230769231
0.4449766153846154
0.31083692307692307
0.154584
-0.022530461538461537
-0.15646153846153846
-0.25471938461538457
-0.3129230769230769
-0.2937304615384615
-0.24470584615384613
-0.15124615384615384
-0.027328615384615382
0.09784061538461537
0.23385784615384617
0.3383741538461538
0.3949089230769231
0.39657784615384617
0.34943076923076927
0.276624
0.17586276923076924
0.052153846153846155
-0.09053907692307692
-0.22342707692307692
-0.2995716923076923
-0.3239796923076923
-0.29873723076923075
-0.2275993846153846
-0.15416676923076922
-0.05945538461538461
0.03859384615384615
0.10493353846153847
0.14957723076923077
0.14394461538461537
0.11286092307692308
0.07885661538461539
0.032544
-0.005841230769230769
-0.04172307692307692
-0.07259815384615384
-0.08615815384615384
-0.08469784615384615
-0.06487938461538462
-0.05027630769230769
-0.04109723076923077
-0.022947692307692308
-0.01710646153846154
-0.004172307692307692
0.009596307692307692
0.017732307692307693
0.03692492307692308
0.043600615384615383
0.06070707692307692
0.08636676923076922
0.10368184615384615
0.12537784615384615
0.12141415384615384
0.09867507692307692
0.07572738461538461
0.040679999999999994
0.01668923076923077
-0.011265230769230769
-0.06571384615384615
-0.11244369230769231
-0.1489513846153846
-0.1435273846153846
-0.10368184615384615
-0.06279323076923077
-0.0014603076923076922
0.06571384615384615
0.15687876923076924
0.2426196923076923
0.2989458461538462
0.336288
0.31626092307692305
0.273912
0.21320492307692307
0.12808984615384614
0.04672984615384615
-0.040054153846153843
-0.09784061538461537
-0.11327815384615383
-0.10472492307692308
-0.06028984615384615
0.0
0.06467076923076923
0.1287156923076923
0.16647507692307692
0.19004861538461537
0.18525046153846153
0.14665661538461539
0.09325107692307691
0.014394461538461538
-0.0448523076923077
-0.07781353846153846
-0.10806276923076923
-0.12016246153846154
-0.12808984615384614
-0.11056615384615384
-0.07197230769230768
-0.02545107692307692
0.029623384615384614
0.05757784615384615
0.062376
0.05319692307692307
0.03650769230769231
0.013768615384615384
-0.025033846153846153
-0.07823076923076923
-0.11974523076923077
-0.13351384615384615
-0.116616
-0.08177723076923075
-0.03984553846153846
0.013351384615384614
0.058829538461538454
0.10910584615384614
0.1368516923076923
0.13330523076923076
0.10201292307692307
0.028163076923076923
-0.04985907692307692
-0.13372246153846154
-0.21111876923076925
-0.2705741538461538
-0.31062830769230765
-0.3095852307692307
-0.2768326153846154
-0.21529107692307692
-0.12558646153846154
-0.025659692307692307
0.05069353846153846
0.09784061538461537
0.1316363076923077
0.1397723076923077
0.11056615384615384
0.05194523076923077
-0.021070153846153846
-0.10201292307692307
-0.17481969230769231
-0.21216184615384615
-0.2138307692307692
-0.19192615384615386
-0.15520984615384617
-0.10138707692307691
-0.028788923076923077
0.047981538461538464
0.10576799999999999
0.12579507692307693
0.11703323076923078
0.09408553846153846
0.06633969230769231
0.03296123076923077
-0.0022947692307692304
-0.03400430769230769
-0.06133292307692308
-0.06905169230769231
-0.06467076923076923
-0.05528307692307692
-0.04214030769230769
-0.03713353846153846
-0.040262769230769234
-0.04547815384615384
-0.06487938461538462
-0.0855323076923077
-0.09763200000000001
-0.10889723076923077
-0.09992676923076924
-0.07155507692307693
-0.029206153846153847
0.02482523076923077
0.06759138461538462
0.10263876923076923
0.12558646153846154
0.12788123076923075
0.12204
0.0897046153846154
0.032544
-0.035464615384615386
-0.10389046153846154
-0.14999446153846155
-0.18107815384615383
-0.19004861538461537
-0.168144
-0.11891076923076922
-0.04401784615384615
0.04547815384615384
0.13455692307692307
0.20444307692307692
0.24074215384615386
0.2503384615384615
0.22968553846153844
0.17002153846153847
0.08761846153846153
-0.008344615384615384
-0.10389046153846154
-0.17648861538461538
-0.22113230769230768
-0.22551323076923077
-0.1992276923076923
-0.15959076923076923
-0.10576799999999999
-0.050067692307692306
0.009179076923076922
0.05048492307692308
0.07969107692307692
0.10722830769230769
0.1218313846153846
0.14603076923076924
0.1652233846153846
0.1639716923076923
0.1506203076923077
0.12558646153846154
0.10326461538461539
0.08115138461538463
0.044435076923076924
-0.003129230769230769
-0.055491692307692304
-0.10013538461538461
-0.12204
-0.11849353846153846
-0.1028473846153846
-0.06613107692307692
-0.008136
0.06717415384615384
0.15374953846153847
0.22113230769230768
0.25951753846153847
0.2517987692307692
0.2059033846153846
0.14123261538461537
0.06946892307692307
-0.0022947692307692304
-0.08490646153846154
-0.16000799999999998
-0.2075723076923077
-0.22175815384615383
-0.20506892307692307
-0.16000799999999998
-0.09825784615384614
-0.03024923076923077
0.04631261538461538
0.13393107692307693
0.21320492307692307
0.26306399999999996
0.2716172307692308
0.23761292307692305
0.1785747692307692
0.09909230769230769
0.008344615384615384
-0.084072
-0.16710092307692306
-0.21779446153846155
-0.22113230769230768
-0.17690584615384616
-0.11056615384615384
-0.03921969230769231
0.025659692307692307
0.08052553846153847
0.12725538461538463
0.15208061538461537
0.15208061538461537
0.11891076923076922
0.06341907692307691
0.014811692307692307
-0.018983999999999997
-0.03483876923076923
-0.03504738461538461
-0.025659692307692307
-0.002712
0.02545107692307692
0.058829538461538454
0.09450276923076922
0.1045163076923077
0.09137353846153846
0.05570030769230769
0.019609846153846155
-0.01043076923076923
-0.0448523076923077
-0.07051199999999999
-0.09012184615384615
-0.09179076923076923
-0.07426707692307692
-0.03713353846153846
0.0035464615384615383
0.03400430769230769
0.06070707692307692
0.08115138461538463
0.09784061538461537
0.10660246153846153
0.09304246153846155
0.05298830769230769
-0.003963692307692307
-0.061124307692307686
-0.1028473846153846
-0.143736
-0.18775384615384613
-0.22113230769230768
-0.233232
-0.20715507692307691
-0.1558356923076923
-0.0936683076923077
-0.027745846153846152
0.026702769230769228
0.07593599999999999
0.10806276923076923
0.12037107692307693
0.1151556923076923
0.08177723076923075
0.03671630769230769
-0.006258461538461538
-0.04547815384615384
-0.06863446153846153
-0.08135999999999999
-0.09533723076923077
-0.09408553846153846
-0.07405846153846153
-0.03775938461538462
0.019192615384615384
0.07781353846153846
0.12725538461538463
0.17815753846153848
0.2303113846153846
0.2655673846153846
0.27453784615384613
0.2568055384615385
0.21132738461538458
0.15687876923076924
0.09700615384615385
0.03588184615384615
-0.02273907692307692
-0.0826116923076923
-0.11807630769230769
-0.13184492307692308
-0.12120553846153845
-0.09491999999999999
-0.06863446153846153
-0.03296123076923077
0.004798153846153846
0.05799507692307692
0.1218313846153846
0.17711446153846155
0.21988061538461537
0.23677846153846152
0.22843384615384613
0.1990190769230769
0.15500123076923078
0.09596307692307693
0.016480615384615385
-0.07405846153846153
-0.15333230769230768
-0.20319138461538463
-0.222384
-0.2056947692307692
-0.15771323076923077
-0.08240307692307691
0.014394461538461538
0.12120553846153845
0.22008923076923076
0.2920615384615385
0.3319070769230769
0.34358953846153845
0.3316984615384615
0.2807963076923077
0.19881046153846152
0.09554584615384615
-0.015020307692307692
-0.10743692307692307
-0.17419384615384614
-0.20652923076923077
-0.200688
-0.157296
-0.08135999999999999
0.01940123076923077
0.12975876923076923
0.22634769230769228
0.28204799999999997
0.295608
0.2509643076923077
0.17669723076923077
0.09533723076923077
0.01043076923076923
-0.065088
-0.13998092307692306
-0.18107815384615383
-0.18754523076923074
-0.14331876923076922
-0.0798996923076923
0.078648
0.16876984615384616
0.13080184615384613
0.15771323076923077
0.10138707692307691
0.09679753846153846
0.02795446153846154
-0.165432
-0.30937661538461536
-0.482736
-0.47418276923076924
-0.40325353846153844
-0.33524492307692305
-0.2225926153846154
-0.14874276923076923
0.07134646153846153
0.2851772307692308
0.4593710769230769
0.5542910769230769
0.4287046153846154
0.3193901538461538
0.16584923076923075
-0.0029206153846153843
-0.11745046153846153
-0.32627446153846157
-0.4220289230769231
-0.46437784615384614
-0.48357046153846156
-0.3012406153846154
-0.14039815384615384
0.061124307692307686
0.2626467692307692
0.3452584615384615
0.450192
0.4558246153846154
0.4170221538461538
0.36445107692307693
0.19463815384615382
0.006884307692307692
-0.18212123076923076
-0.30562153846153844
-0.3410861538461538
-0.3994984615384615
-0.4184824615384615
-0.4147273846153846
-0.35798399999999997
-0.19985353846153847
-0.09074769230769231
0.012099692307692308
0.100344
0.1341396923076923
0.20527753846153846
0.2209236923076923
0.19881046153846152
0.18107815384615383
0.09763200000000001
0.051528
0.028371692307692306
-0.015646153846153844
-0.05069353846153846
-0.10597661538461538
-0.12975876923076923
-0.13330523076923076
-0.13184492307692308
-0.10430769230769231
-0.05486584615384615
0.02795446153846154
0.08094276923076923
0.13309661538461537
0.21925476923076925
0.26932246153846157
0.3148006153846154
0.32606584615384615
0.2791273846153846
0.21862892307692305
0.111192
0.007301538461538462
-0.09053907692307692
-0.21320492307692307
-0.2951907692307692
-0.344424
-0.35464615384615383
-0.3216849230769231
-0.2699483076923077
-0.15959076923076923
-0.014185846153846153
0.11849353846153846
0.2140393846153846
0.2680707692307692
0.3202246153846154
0.3187643076923077
0.2453316923076923
0.130176
-0.04714707692307692
-0.19755876923076923
-0.3054129230769231
-0.3863556923076923
-0.3805144615384615
-0.3475532307692307
-0.2659846153846154
-0.119328
0.019192615384615384
0.17085599999999998
0.29748553846153847
0.3717526153846154
0.4015846153846154
0.3615304615384615
0.2707827692307692
0.12808984615384614
-0.028163076923076923
-0.16418030769230768
-0.2805876923076923
-0.3425464615384616
-0.37321292307692305
-0.3454670769230769
-0.252216
-0.1435273846153846
0.004798153846153846
0.1353913846153846
0.21862892307692305
0.2920615384615385
0.32210215384615387
0.295608
0.21612553846153845
0.0853236923076923
-0.028163076923076923
-0.11494707692307692
-0.1942209230769231
-0.23928184615384615
-0.2618123076923077
-0.24303692307692307
-0.19150892307692308
-0.1178676923076923
-0.016480615384615385
0.07259815384615384
0.14853415384615384
0.1908830769230769
0.19317784615384614
0.17398523076923075
0.12287446153846153
0.07823076923076923
0.027745846153846152
-0.0609156923076923
-0.13810338461538463
-0.1923433846153846
-0.19192615384615386
-0.14540492307692307
-0.12141415384615384
-0.09575446153846154
-0.06800861538461538
-0.028788923076923077
0.040262769230769234
0.09992676923076924
0.13247076923076923
0.127464
0.11348676923076922
0.11807630769230769
0.13309661538461537
0.14728246153846153
0.130176
0.09053907692307692
0.05069353846153846
0.012516923076923077
-0.007510153846153846
-0.02211323076923077
-0.041514461538461535
-0.05173661538461538
-0.052153846153846155
-0.02899753846153846
0.017940923076923077
0.06258461538461538
0.086784
0.08907876923076924
0.08720123076923077
0.09471138461538461
0.09700615384615385
0.07092923076923077
0.008136
-0.08240307692307691
-0.17252492307692308
-0.22676492307692306
-0.2399076923076923
-0.24011630769230768
-0.24074215384615386
-0.222384
-0.16689230769230767
-0.07927384615384615
0.004798153846153846
0.06028984615384615
0.08636676923076922
0.08344615384615384
0.06800861538461538
0.05236246153846154
0.016897846153846156
-0.03567323076923076
-0.08010830769230769
-0.09930092307692308
-0.07218092307692307
-0.018983999999999997
0.04568676923076923
0.10201292307692307
0.1449876923076923
0.18858830769230767
0.21883753846153844
0.23448369230769228
0.21591692307692306
0.16647507692307692
0.10222153846153846
0.03504738461538461
-0.013768615384615384
-0.04380923076923077
-0.055491692307692304
-0.055491692307692304
-0.04652123076923077
-0.017940923076923077
0.03379569230769231
0.08490646153846154
0.11494707692307692
0.11724184615384614
0.09095630769230768
0.05653476923076922
0.014603076923076923
-0.035255999999999996
-0.09429415384615383
-0.14790830769230767
-0.17523692307692307
-0.1712732307692308
-0.12683815384615382
-0.06821723076923077
-0.0022947692307692304
0.06195876923076923
0.11306953846153844
0.1476996923076923
0.154584
0.13247076923076923
0.08907876923076924
0.04526953846153846
0.0043809230769230765
-0.027120000000000002
-0.06133292307692308
-0.08448923076923077
-0.07739630769230768
-0.048816000000000005
-0.001043076923076923
0.047981538461538464
0.09241661538461539
0.12600369230769232
0.14853415384615384
0.16313723076923078
0.16793538461538463
0.16251138461538459
0.13309661538461537
0.09909230769230769
0.06675692307692307
0.03379569230769231
0.009179076923076922
-0.016063384615384615
-0.03421292307692308
-0.04693846153846153
-0.051319384615384614
-0.03358707692307692
-0.0002086153846153846
0.026494153846153844
0.03838523076923077
0.052153846153846155
0.07697907692307693
0.10347323076923076
0.12642092307692307
0.13247076923076923
0.11807630769230769
0.09554584615384615
0.06654830769230768
0.03942830769230769
0.008761846153846153
-0.02795446153846154
-0.06133292307692308
-0.08469784615384615
-0.09012184615384615
-0.07948246153846153
-0.06195876923076923
-0.04047138461538462
-0.01043076923076923
0.031918153846153846
0.07113784615384615
0.100344
0.11891076923076922
0.11035753846153845
0.084072
0.042348923076923076
-0.006467076923076923
-0.05111076923076923
-0.09575446153846154
-0.12037107692307693
-0.1178676923076923
-0.0855323076923077
-0.024408000000000003
0.04985907692307692
0.1178676923076923
0.17461107692307692
0.21216184615384615
0.22342707692307692
0.21091015384615383
0.1597993846153846
0.07927384615384615
-0.008970461538461538
-0.084072
-0.14102399999999998
-0.18337292307692307
-0.20402584615384614
-0.20339999999999997
-0.17481969230769231
-0.127464
-0.07218092307692307
-0.021487384615384613
0.013768615384615384
0.02586830769230769
0.023990769230769232
0.016897846153846156
-0.011473846153846154
-0.05319692307692307
-0.10389046153846154
-0.14728246153846153
-0.1656406153846154
-0.15792184615384616
-0.12537784615384615
-0.08386338461538462
-0.04214030769230769
0.0012516923076923076
0.04735569230769231
0.08323753846153846
0.10994030769230768
0.12662953846153846
0.13038461538461538
0.12767261538461538
0.11995384615384615
0.10681107692307691
0.08907876923076924
0.07280676923076923
0.05298830769230769
0.05048492307692308
0.06592246153846154
0.08219446153846154
0.10347323076923076
0.1151556923076923
0.12537784615384615
0.13476553846153844
0.13184492307692308
0.12955015384615384
0.11223507692307692
0.0826116923076923
0.05382276923076923
0.02586830769230769
0.005424
-0.015854769230769228
-0.03588184615384615
-0.05528307692307692
-0.07489292307692308
-0.08115138461538463
-0.08428061538461538
-0.0936683076923077
-0.10681107692307691
-0.11327815384615383
-0.10263876923076923
-0.09053907692307692
-0.07197230769230768
-0.05319692307692307
-0.0446436923076923
-0.034630153846153845
-0.011473846153846154
0.015020307692307692
0.028371692307692306
0.031918153846153846
0.01856676923076923
0.002086153846153846
-0.011891076923076923
-0.025033846153846153
-0.029206153846153847
-0.03609046153846154
-0.03921969230769231
-0.030040615384615384
-0.0070929230769230765
0.027328615384615382
0.053614153846153846
0.06279323076923077
0.06487938461538462
0.07113784615384615
0.07635323076923077
0.07280676923076923
0.06362769230769232
0.03942830769230769
0.008761846153846153
-0.010013538461538461
-0.021696
-0.029623384615384614
-0.03880246153846154
-0.042974769230769226
-0.03045784615384615
-0.0002086153846153846
0.04526953846153846
0.08386338461538462
0.11578153846153846
0.1353913846153846
0.1368516923076923
0.11348676923076922
0.05736923076923077
-0.018358153846153843
-0.10743692307692307
-0.17523692307692307
-0.20673784615384616
-0.2059033846153846
-0.17502830769230768
-0.11870215384615385
-0.041514461538461535
0.056951999999999996
0.17023015384615386
0.25993476923076925
0.31918153846153846
0.33378461538461535
0.2989458461538462
0.233232
0.13706030769230768
0.024408000000000003
-0.09074769230769231
-0.19630707692307692
-0.26911384615384615
-0.2970683076923077
-0.2705741538461538
-0.20047938461538461
-0.11014892307692307
-0.010848
0.09554584615384615
0.19985353846153847
0.28017046153846153
0.3206418461538461
0.3054129230769231
0.2453316923076923
0.16251138461538459
0.07009476923076922
-0.028163076923076923
-0.12642092307692307
-0.21111876923076925
-0.2641070769230769
-0.2789187692307692
-0.25555384615384613
-0.20652923076923077
-0.16647507692307692
-0.1368516923076923
-0.10618523076923077
-0.0744756923076923
-0.05653476923076922
-0.032544
-0.021904615384615383
0.0014603076923076922
0.03024923076923077
0.09283384615384616
0.2497126153846154
0.23886461538461537
0.17815753846153848
0.13247076923076923
0.013768615384615384
-0.03713353846153846
-0.20152246153846154
-0.376968
-0.5426086153846154
-0.654217846153846
-0.5832886153846154
-0.5175747692307692
-0.3752990769230769
-0.23823876923076923
-0.06467076923076923
0.2207150769230769
0.43433723076923075
0.6485852307692307
0.7030338461538461
0.5878781538461538
0.46375199999999994
0.22426153846153846
0.015437538461538461
-0.19505538461538463
-0.43308553846153847
-0.5323864615384615
-0.6423267692307693
-0.6329390769230769
-0.4549901538461538
-0.273912
-0.01043076923076923
0.19568123076923075
0.3513083076923077
0.497964923076923
0.5457378461538461
0.5899643076923077
0.5413569230769231
0.38301784615384615
0.20778092307692309
0.02524246153846154
-0.09095630769230768
-0.21633415384615384
-0.3588184615384616
-0.4449766153846154
-0.5038061538461538
-0.4418473846153846
-0.30270092307692303
-0.18107815384615383
-0.027745846153846152
0.09825784615384614
0.22321846153846153
0.35986153846153845
0.4163963076923077
0.442056
0.40930338461538457
0.32731753846153844
0.28434276923076923
0.22530461538461538
0.15479261538461536
0.05945538461538461
-0.05277969230769231
-0.1368516923076923
-0.21320492307692307
-0.23510953846153848
-0.23615261538461538
-0.19672430769230767
-0.11599015384615384
-0.06321046153846153
0.06592246153846154
0.2205064615384615
0.32836061538461536
0.42661846153846156
0.4512350769230769
0.4395526153846154
0.39970707692307694
0.2989458461538462
0.19150892307692308
0.03442153846153846
-0.12642092307692307
-0.22801661538461537
-0.30019753846153846
-0.3304467692307692
-0.35256
-0.32502276923076917
-0.22196676923076922
-0.0855323076923077
0.07218092307692307
0.1927606153846154
0.28851507692307693
0.3752990769230769
0.39324
0.3767593846153846
0.3133403076923077
0.17899199999999998
0.05111076923076923
-0.09596307692307693
-0.2127876923076923
-0.25805723076923076
-0.2814221538461538
-0.24470584615384613
-0.19150892307692308
-0.12537784615384615
-0.014811692307692307
0.09304246153846155
0.1804523076923077
0.2138307692307692
0.19609846153846153
0.13872923076923074
0.05319692307692307
-0.0002086153846153846
-0.03755076923076923
-0.07405846153846153
-0.10013538461538461
-0.12704676923076924
-0.10743692307692307
-0.07739630769230768
-0.06654830769230768
-0.04735569230769231
-0.06070707692307692
-0.07030338461538461
-0.05653476923076922
-0.05736923076923077
-0.07656184615384615
-0.1218313846153846
-0.16438892307692307
-0.15833907692307692
-0.11599015384615384
-0.06425353846153846
-0.021696
0.009179076923076922
0.04422646153846154
0.07531015384615385
0.11160923076923077
0.13080184615384613
0.10597661538461538
0.054240000000000003
-0.03504738461538461
-0.1151556923076923
-0.16647507692307692
-0.20965846153846154
-0.20840676923076923
-0.19463815384615382
-0.15938215384615384
-0.0678
0.03504738461538461
0.1570873846153846
0.26118646153846153
0.3143833846153846
0.34296369230769225
0.33649661538461534
0.3127144615384615
0.260352
0.16480615384615382
0.05277969230769231
-0.05444861538461539
-0.11244369230769231
-0.1368516923076923
-0.14561353846153846
-0.12037107692307693
-0.08720123076923077
-0.03108369230769231
0.03880246153846154
0.084072
0.13789476923076924
0.16584923076923075
0.17398523076923075
0.19463815384615382
0.18086953846153844
0.16209415384615386
0.13768615384615385
0.09930092307692308
0.06654830769230768
0.02858030769230769
0.006258461538461538
-0.01668923076923077
-0.04860738461538461
-0.07677046153846154
-0.11348676923076922
-0.13372246153846154
-0.13622584615384614
-0.12099692307692309
-0.0826116923076923
-0.04944184615384615
-0.003129230769230769
0.05486584615384615
0.10535076923076922
0.15604430769230768
0.18399876923076922
0.19818461538461538
0.20465169230769228
0.17502830769230768
0.12725538461538463
0.05924676923076923
-0.014185846153846153
-0.06675692307692307
-0.111192
-0.13455692307692307
-0.14561353846153846
-0.13747753846153846
-0.10138707692307691
-0.04944184615384615
0.018358153846153843
0.0717636923076923
0.11494707692307692
0.14936861538461538
0.16167692307692308
0.15500123076923078
0.11995384615384615
0.05570030769230769
-0.01397723076923077
-0.07468430769230769
-0.11807630769230769
-0.1368516923076923
-0.15416676923076922
-0.15145476923076923
-0.116616
-0.06967753846153846
-0.010848
0.040262769230769234
0.07301538461538462
0.08469784615384615
0.08302892307692307
0.07656184615384615
0.06967753846153846
0.06216738461538462
0.03859384615384615
0.020652923076923076
0.019609846153846155
0.029414769230769227
0.04672984615384615
0.05069353846153846
0.03233538461538461
0.0008344615384615384
-0.03024923076923077
-0.053614153846153846
-0.059038153846153844
-0.06279323076923077
-0.06613107692307692
-0.06571384615384615
-0.058829538461538454
-0.03275261538461539
-0.0012516923076923076
0.01940123076923077
0.02586830769230769
0.029832
0.02899753846153846
0.026076923076923077
0.005215384615384615
-0.030040615384615384
-0.06154153846153846
-0.09825784615384614
-0.12850707692307692
-0.14749107692307692
-0.16480615384615382
-0.18191261538461537
-0.18483323076923078
-0.1637630769230769
-0.11891076923076922
-0.06696553846153847
-0.020652923076923076
0.014394461538461538
0.04088861538461538
0.05674338461538461
0.05945538461538461
0.05194523076923077
0.023990769230769232
-0.012308307692307691
-0.0448523076923077
-0.05945538461538461
-0.04652123076923077
-0.032544
-0.017940923076923077
0.0043809230769230765
0.026285538461538457
0.059038153846153844
0.07531015384615385
0.06487938461538462
0.04714707692307692
0.024408000000000003
0.014811692307692307
0.01710646153846154
0.028371692307692306
0.04839876923076923
0.06216738461538462
0.08031692307692308
0.0988836923076923
0.10576799999999999
0.11035753846153845
0.09325107692307691
0.06571384615384615
0.04318338461538461
0.017940923076923077
0.006675692307692307
-0.014603076923076923
-0.042974769230769226
-0.05528307692307692
-0.06258461538461538
-0.04422646153846154
-0.018358153846153843
0.0035464615384615383
0.02315630769230769
0.04088861538461538
0.08156861538461539
0.12391753846153845
0.1612596923076923
0.18358153846153846
0.1733593846153846
0.14519630769230768
0.09721476923076922
0.03942830769230769
-0.025659692307692307
-0.10618523076923077
-0.17023015384615386
-0.20465169230769228
-0.2154996923076923
-0.19442953846153843
-0.14582215384615385
-0.078648
-0.005215384615384615
0.06404492307692307
0.13080184615384613
0.18504184615384617
0.20506892307692307
0.1923433846153846
0.1543753846153846
0.0974233846153846
0.03421292307692308
-0.032544
-0.1045163076923077
-0.17273353846153844
-0.2275993846153846
-0.2509643076923077
-0.24282830769230768
-0.21195323076923075
-0.1597993846153846
-0.09450276923076922
-0.011682461538461537
0.08469784615384615
0.17148184615384612
0.23177169230769232
0.24992123076923078
0.22718215384615387
0.1829556923076923
0.11160923076923077
0.02023569230769231
-0.0771876923076923
-0.1785747692307692
-0.2572227692307692
-0.301032
-0.3129230769230769
-0.2851772307692308
-0.23052
-0.15667015384615385
-0.06070707692307692
0.03755076923076923
0.1358086153846154
0.21654276923076923
0.2705741538461538
0.3054129230769231
0.3045784615384615
0.2703655384615385
0.21049292307692305
0.1316363076923077
0.03775938461538462
-0.05757784615384615
-0.1314276923076923
-0.18253846153846154
-0.20193969230769232
-0.1913003076923077
-0.15792184615384616
-0.09387692307692307
-0.012516923076923077
0.07927384615384615
0.15813046153846153
0.208824
0.238656
0.2371956923076923
0.20235692307692305
0.13476553846153844
0.04819015384615385
-0.054240000000000003
-0.15750461538461538
-0.24053353846153847
-0.29873723076923075
-0.31354892307692306
-0.2966510769230769
-0.25138153846153843
-0.17148184615384612
-0.08073415384615384
0.017732307692307693
0.10430769230769231
0.17023015384615386
0.23135446153846154
0.26452430769230767
0.26619323076923074
0.23928184615384615
0.18879692307692306
0.12350030769230769
0.03984553846153846
-0.03379569230769231
-0.09533723076923077
-0.143736
-0.17252492307692308
-0.18712800000000002
-0.16271999999999998
-0.11452984615384615
-0.05048492307692308
0.034630153846153845
0.1097316923076923
0.17002153846153847
0.20277415384615383
0.22008923076923076
0.22676492307692306
0.19150892307692308
0.13893784615384613
0.06800861538461538
-0.0006258461538461538
-0.045060923076923075
-0.0880356923076923
-0.11494707692307692
-0.14123261538461537
-0.14728246153846153
-0.11348676923076922
-0.0609156923076923
0.006049846153846154
0.06988615384615385
0.11578153846153846
0.154584
0.18963138461538462
0.21696000000000001
0.23344061538461539
0.23510953846153848
0.23490092307692306
0.22405292307692307
0.20652923076923077
0.1787833846153846
0.13872923076923074
0.09450276923076922
0.034630153846153845
-0.013560000000000001
-0.045895384615384616
-0.06738276923076922
-0.07405846153846153
-0.08636676923076922
-0.0974233846153846
-0.12579507692307693
-0.15625292307692307
-0.21132738461538458
-0.2709913846153846
-0.2482523076923077
-0.1942209230769231
-0.052153846153846155
0.13372246153846154
0.3152178461538461
0.5123593846153845
0.6746621538461538
0.7885661538461538
0.7975366153846153
0.6675692307692307
0.40200184615384615
0.12266584615384615
-0.1506203076923077
-0.3727956923076923
-0.5296744615384615
-0.6506713846153847
-0.6531747692307692
-0.5716061538461538
-0.38030584615384616
-0.14686523076923075
0.06946892307692307
0.23761292307692305
0.3127144615384615
0.3510996923076923
0.2970683076923077
0.20444307692307692
0.048816000000000005
-0.1908830769230769
-0.3646596923076923
-0.4912892307692307
-0.5029716923076922
-0.38572984615384615
-0.24720923076923076
-0.06216738461538462
0.08386338461538462
0.16876984615384616
0.2705741538461538
0.2757895384615385
0.20360861538461536
0.08991323076923076
-0.05194523076923077
-0.10263876923076923
-0.09450276923076922
-0.015437538461538461
0.09387692307692307
0.16710092307692306
0.22593046153846155
0.24554030769230767
0.2422024615384615
0.20110523076923076
0.09763200000000001
-0.015854769230769228
-0.14331876923076922
-0.24720923076923076
-0.27850153846153847
-0.3012406153846154
-0.2860116923076923
-0.22968553846153844
-0.13935507692307691
0.023782153846153845
0.20444307692307692
0.37967999999999996
0.5129852307692307
0.5430258461538462
0.48106707692307693
0.33983446153846153
0.11911938461538461
-0.15813046153846153
-0.441012923076923
-0.659016
-0.7568566153846153
-0.7172196923076923
-0.5605495384615384
-0.3137575384615385
-0.02315630769230769
0.25346769230769234
0.5029716923076922
0.6779999999999999
0.71868
0.6588073846153846
0.5171575384615384
0.3198073846153846
0.11849353846153846
-0.08073415384615384
-0.24741784615384615
-0.36027876923076924
-0.4174393846153846
-0.4011673846153846
-0.3312812307692308
-0.21237046153846154
-0.06133292307692308
0.09158215384615384
0.2369870769230769
0.3373310769230769
0.3890676923076923
0.37091815384615384
0.28392553846153845
0.16710092307692306
0.01272553846153846
-0.12913292307692306
-0.2221753846153846
-0.2853858461538461
-0.29331323076923077
-0.25993476923076925
-0.20861538461538462
-0.127464
-0.06279323076923077
-0.03129230769230769
-0.027328615384615382
-0.04985907692307692
-0.04380923076923077
-0.013351384615384614
0.026911384615384615
0.06946892307692307
0.1070196923076923
0.15500123076923078
0.20047938461538461
0.2415766153846154
0.24720923076923076
0.1990190769230769
0.11745046153846153
0.013560000000000001
-0.09033046153846153
-0.1794092307692308
-0.26640184615384616
-0.3229366153846154
-0.3243969230769231
-0.27432923076923077
-0.15667015384615385
-0.010013538461538461
0.14060676923076923
0.28476
0.3896935384615384
0.44914892307692306
0.450192
0.37717661538461533
0.23072861538461537
0.026494153846153844
-0.19380369230769232
-0.39115384615384613
-0.5413569230769231
-0.6227169230769231
-0.6519230769230768
-0.6112430769230769
-0.49441846153846153
-0.3241883076923077
-0.09950953846153845
0.116616
0.30332676923076923
0.43579753846153846
0.48002399999999995
0.46583815384615385
0.3805144615384615
0.23156307692307693
0.058412307692307694
-0.11578153846153846
-0.24449723076923074
-0.30186646153846153
-0.30416123076923074
-0.24992123076923078
-0.15813046153846153
-0.05173661538461538
0.06321046153846153
0.15896492307692306
0.2205064615384615
0.23114584615384615
0.18900553846153845
0.11578153846153846
0.01856676923076923
-0.06571384615384615
-0.13309661538461537
-0.17732307692307692
-0.1785747692307692
-0.15687876923076924
-0.09700615384615385
-0.016063384615384615
0.07364123076923076
0.17169046153846151
0.24491446153846153
0.2849686153846154
0.2828824615384615
0.23656984615384613
0.15374953846153847
0.04902461538461538
-0.05653476923076922
-0.14686523076923075
-0.20173107692307693
-0.20861538461538462
-0.17273353846153844
-0.09679753846153846
-0.002712
0.08490646153846154
0.15270646153846154
0.18358153846153846
0.1860849230769231
0.15416676923076922
0.09700615384615385
0.026494153846153844
-0.06446215384615385
-0.14102399999999998
-0.18921415384615384
-0.208824
-0.19359507692307693
-0.15354092307692307
-0.10076123076923077
-0.05590892307692308
-0.018358153846153843
0.01668923076923077
0.031918153846153846
0.02211323076923077
-0.012516923076923077
-0.04756430769230769
-0.06800861538461538
-0.08323753846153846
-0.07885661538461539
-0.07030338461538461
-0.05611753846153846
-0.024408000000000003
0.005424
0.03880246153846154
0.06362769230769232
0.05507446153846154
0.017940923076923077
-0.021487384615384613
-0.048816000000000005
-0.06049846153846154
-0.05799507692307692
-0.04693846153846153
-0.020652923076923076
0.03129230769230769
0.10055261538461538
0.1597993846153846
0.19985353846153847
0.20402584615384614
0.16188553846153847
0.10347323076923076
0.04172307692307692
-0.019609846153846155
-0.08156861538461539
-0.14477907692307693
-0.18900553846153845
-0.19359507692307693
-0.14832553846153845
-0.07197230769230768
0.008970461538461538
0.07885661538461539
0.1476996923076923
0.20694646153846152
0.24470584615384613
0.26118646153846153
0.2438713846153846
0.19964492307692308
0.13622584615384614
0.0798996923076923
0.03379569230769231
-0.0035464615384615383
-0.021070153846153846
-0.028788923076923077
-0.0043809230769230765
0.03650769230769231
0.08428061538461538
0.12913292307692306
0.14311015384615386
0.1397723076923077
0.11724184615384614
0.09930092307692308
0.07906523076923076
0.041514461538461535
-0.001043076923076923
-0.03921969230769231
-0.04276615384615385
-0.024199384615384616
0.0016689230769230767
0.02858030769230769
0.05799507692307692
0.09325107692307691
0.12120553846153845
0.124752
0.09575446153846154
0.04526953846153846
-0.011891076923076923
-0.059038153846153844
-0.08907876923076924
-0.10347323076923076
-0.10681107692307691
-0.08574092307692306
-0.04088861538461538
0.011891076923076923
0.06946892307692307
0.1136953846153846
0.13038461538461538
0.11828492307692307
0.09784061538461537
0.078648
0.05194523076923077
0.019609846153846155
-0.013351384615384614
-0.042348923076923076
-0.05674338461538461
-0.05319692307692307
-0.04714707692307692
-0.03984553846153846
-0.037967999999999995
-0.042974769230769226
-0.03984553846153846
-0.037342153846153844
-0.042557538461538466
-0.05277969230769231
-0.07051199999999999
-0.07843938461538462
-0.06800861538461538
-0.04672984615384615
-0.014811692307692307
0.012308307692307691
0.03421292307692308
0.06863446153846153
0.10597661538461538
0.130176
0.13476553846153844
0.10597661538461538
0.062376
0.023990769230769232
-0.007927384615384614
-0.03671630769230769
-0.06133292307692308
-0.07510153846153846
-0.06863446153846153
-0.027745846153846152
0.030875076923076922
0.09658892307692307
0.15562707692307692
0.18900553846153845
0.2140393846153846
0.22029784615384615
0.19359507692307693
0.13351384615384615
0.03650769230769231
-0.07364123076923076
-0.1733593846153846
-0.241368
-0.2757895384615385
-0.2724516923076923
-0.23469230769230767
-0.16835261538461538
-0.06738276923076922
0.06133292307692308
0.1910916923076923
0.28434276923076923
0.3383741538461538
0.34651015384615386
0.32272799999999996
0.265776
0.1783661538461538
0.08115138461538463
-0.024199384615384616
-0.11432123076923076
-0.18191261538461537
-0.21883753846153844
-0.23072861538461537
-0.2207150769230769
-0.18796246153846152
-0.12245723076923076
-0.02232184615384615
0.08887015384615385
0.19735015384615384
0.27850153846153847
0.3212676923076923
0.33295015384615384
0.3131316923076923
0.26139507692307695
0.18232984615384615
0.08991323076923076
-0.0070929230769230765
-0.0936683076923077
-0.16480615384615382
-0.21633415384615384
-0.241368
-0.25555384615384613
-0.2482523076923077
-0.214248
-0.15896492307692306
-0.0855323076923077
-0.011056615384615385
0.056951999999999996
0.12037107692307693
0.16772676923076923
0.200688
0.21007569230769232
0.18212123076923076
0.132888
0.06216738461538462
-0.01710646153846154
-0.09074769230769231
-0.15500123076923078
-0.19463815384615382
-0.2056947692307692
-0.18316430769230768
-0.1358086153846154
-0.07656184615384615
-0.00855323076923077
0.056326153846153845
0.1218313846153846
0.1775316923076923
0.20819815384615384
0.20798953846153845
0.17002153846153847
0.10660246153846153
0.029623384615384614
-0.05444861538461539
-0.14081538461538462
-0.21967199999999998
-0.2845513846153846
-0.3216849230769231
-0.32043323076923075
-0.2870547692307692
-0.23469230769230767
-0.16835261538461538
-0.09992676923076924
-0.03504738461538461
0.02795446153846154
0.07572738461538461
0.10201292307692307
0.10138707692307691
0.08177723076923075
0.05111076923076923
0.020652923076923076
-0.005215384615384615
-0.02273907692307692
-0.026285538461538457
-0.021278769230769233
-0.0035464615384615383
0.017940923076923077
0.04047138461538462
0.058412307692307694
0.065088
0.06675692307692307
0.06592246153846154
0.06446215384615385
0.05236246153846154
0.03275261538461539
0.01043076923076923
-0.006675692307692307
-0.008344615384615384
-0.004798153846153846
0.0077187692307692304
0.021070153846153846
0.03233538461538461
0.04693846153846153
0.06133292307692308
0.07092923076923077
0.06446215384615385
0.03358707692307692
-0.004589538461538461
-0.03692492307692308
-0.08094276923076923
-0.1397723076923077
-0.20402584615384614
-0.2768326153846154
-0.3133403076923077
-0.2659846153846154
-0.16105107692307694
-0.004172307692307692
0.16626646153846153
0.3095852307692307
0.45332123076923075
0.5499101538461538
0.5882953846153847
0.5444861538461538
0.39699507692307695
0.20235692307692305
-0.009596307692307692
-0.184416
-0.385104
-0.536976
-0.6277236923076922
-0.6757052307692307
-0.5736923076923076
-0.4280787692307692
-0.22113230769230768
-0.008136
0.17961784615384613
0.376968
0.47021907692307696
0.4946270769230769
0.42724430769230765
0.27850153846153847
0.08699261538461538
-0.15562707692307692
-0.34233784615384616
-0.48565661538461535
-0.5605495384615384
-0.5319692307692307
-0.44393353846153844
-0.2807963076923077
-0.1097316923076923
0.06967753846153846
0.2424110769230769
0.3346190769230769
0.39011076923076926
0.39928984615384616
0.3692492307692308
0.33607938461538456
0.24679199999999998
0.12162276923076921
-0.01710646153846154
-0.154584
-0.23844738461538462
-0.29039261538461536
-0.3016578461538461
-0.2641070769230769
-0.1794092307692308
-0.04714707692307692
0.07134646153846153
0.16480615384615382
0.2157083076923077
0.2194633846153846
0.2138307692307692
0.1800350769230769
0.12767261538461538
0.07677046153846154
0.02482523076923077
0.006675692307692307
0.014811692307692307
0.012516923076923077
0.02211323076923077
0.021278769230769233
0.005841230769230769
0.0008344615384615384
-0.003129230769230769
0.02232184615384615
0.059872615384615385
0.111192
0.16292861538461537
0.2021483076923077
0.24282830769230768
0.24428861538461538
0.2221753846153846
0.16480615384615382
0.08824430769230769
0.026285538461538457
-0.035464615384615386
-0.07030338461538461
-0.08949599999999999
-0.0974233846153846
-0.07364123076923076
-0.03045784615384615
0.017523692307692306
0.052571076923076915
0.06529661538461538
0.07218092307692307
0.07927384615384615
0.08052553846153847
0.06028984615384615
0.02524246153846154
-0.010013538461538461
-0.059038153846153844
-0.0961716923076923
-0.13080184615384613
-0.1639716923076923
-0.1635544615384615
-0.15145476923076923
-0.11286092307692308
-0.03692492307692308
0.053614153846153846
0.14311015384615386
0.21487384615384614
0.2453316923076923
0.24032492307692307
0.20965846153846154
0.15291507692307693
0.08907876923076924
0.0029206153846153843
-0.07969107692307692
-0.1397723076923077
-0.1704387692307692
-0.16000799999999998
-0.12808984615384614
-0.07301538461538462
-0.02086153846153846
0.019609846153846155
0.06049846153846154
0.08866153846153846
0.10013538461538461
0.08448923076923077
0.04965046153846154
0.01940123076923077
-0.005424
-0.006884307692307692
0.004798153846153846
0.008344615384615384
0.028371692307692306
0.05382276923076923
0.07134646153846153
0.0855323076923077
0.08302892307692307
0.06633969230769231
0.051528
0.032544
0.0077187692307692304
-0.019192615384615384
-0.05048492307692308
-0.06404492307692307
-0.059038153846153844
-0.0446436923076923
-0.027328615384615382
-0.011056615384615385
0.011265230769230769
0.03442153846153846
0.06905169230769231
0.09700615384615385
0.10827138461538462
0.1218313846153846
0.10618523076923077
0.07635323076923077
0.042974769230769226
-0.011682461538461537
-0.05653476923076922
-0.09825784615384614
-0.13267938461538462
-0.1314276923076923
-0.1205796923076923
-0.092208
-0.045895384615384616
-0.003963692307692307
0.04526953846153846
0.07802215384615384
0.10347323076923076
0.11014892307692307
0.08428061538461538
0.05486584615384615
0.012934153846153845
-0.018983999999999997
-0.04714707692307692
-0.07572738461538461
-0.08010830769230769
-0.06884307692307692
-0.026285538461538457
0.03609046153846154
0.08636676923076922
0.12767261538461538
0.15124615384615384
0.16105107692307694
0.16021661538461537
0.14331876923076922
0.11244369230769231
0.06028984615384615
-0.0008344615384615384
-0.06258461538461538
-0.11160923076923077
-0.14832553846153845
-0.17815753846153848
-0.19463815384615382
-0.20047938461538461
-0.1779489230769231
-0.12600369230769232
-0.05319692307692307
0.023364923076923075
0.08782707692307692
0.13309661538461537
0.16772676923076923
0.18170399999999998
0.1635544615384615
0.124752
0.06341907692307691
0.0018775384615384615
-0.047772923076923074
-0.0828203076923077
-0.10514215384615383
-0.12245723076923076
-0.12621230769230768
-0.10660246153846153
-0.05924676923076923
-0.0029206153846153843
0.04109723076923077
0.058829538461538454
0.058412307692307694
0.06049846153846154
0.07280676923076923
0.078648
0.06341907692307691
0.04172307692307692
0.017732307692307693
0.003963692307692307
-0.0029206153846153843
-0.006884307692307692
-0.009387692307692307
-0.023364923076923075
-0.024616615384615383
-0.012934153846153845
0.0035464615384615383
0.02086153846153846
0.02273907692307692
0.020027076923076922
0.01940123076923077
0.02524246153846154
0.03755076923076923
0.04714707692307692
0.05862092307692307
0.06988615384615385
0.07259815384615384
0.0798996923076923
0.08115138461538463
0.06759138461538462
0.042557538461538466
0.0012516923076923076
-0.029414769230769227
-0.058412307692307694
-0.07635323076923077
-0.08031692307692308
-0.08135999999999999
-0.05736923076923077
-0.020027076923076922
0.03024923076923077
0.07051199999999999
0.08657538461538461
0.09053907692307692
0.08761846153846153
0.08198584615384615
0.05799507692307692
0.005424
-0.056326153846153845
-0.10681107692307691
-0.14102399999999998
-0.14749107692307692
-0.13476553846153844
-0.10055261538461538
-0.04672984615384615
0.015020307692307692
0.08991323076923076
0.15687876923076924
0.2021483076923077
0.2125790769230769
0.19359507692307693
0.16021661538461537
0.10618523076923077
0.05069353846153846
-0.008136
-0.07218092307692307
-0.12642092307692307
-0.165432
-0.1696043076923077
-0.15249784615384615
-0.12704676923076924
-0.09033046153846153
-0.054657230769230764
-0.015646153846153844
0.02023569230769231
0.03650769230769231
0.03400430769230769
0.012516923076923077
-0.016063384615384615
-0.04756430769230769
-0.07843938461538462
-0.10389046153846154
-0.14039815384615384
-0.16856123076923077
-0.173568
-0.15562707692307692
-0.11432123076923076
-0.07593599999999999
-0.035464615384615386
0.011265230769230769
0.06028984615384615
0.10117846153846152
0.11870215384615385
0.11348676923076922
0.08949599999999999
0.05674338461538461
0.022530461538461537
-0.003129230769230769
-0.03066646153846154
-0.054657230769230764
-0.06195876923076923
-0.051319384615384614
-0.017523692307692306
0.029832
0.07802215384615384
0.11411261538461538
0.1341396923076923
0.14144123076923076
0.13706030769230768
0.12245723076923076
0.09158215384615384
0.04902461538461538
0.010013538461538461
-0.02586830769230769
-0.04631261538461538
-0.054240000000000003
-0.05653476923076922
-0.042348923076923076
-0.02211323076923077
0.009179076923076922
0.04318338461538461
0.06654830769230768
0.07030338461538461
0.052153846153846155
0.03129230769230769
0.016897846153846156
0.003963692307692307
-0.012099692307692308
-0.021487384615384613
-0.012934153846153845
0.011891076923076923
0.04902461538461538
0.09846646153846153
0.13664307692307692
0.1570873846153846
0.16292861538461537
0.15291507692307693
0.12579507692307693
0.07531015384615385
0.011891076923076923
-0.04756430769230769
-0.09846646153846153
-0.13393107692307693
-0.1462393846153846
-0.14582215384615385
-0.12329169230769231
-0.07593599999999999
-0.021070153846153846
0.040262769230769234
0.0855323076923077
0.10764553846153846
0.11327815384615383
0.09950953846153845
0.0855323076923077
0.06321046153846153
0.03755076923076923
0.015020307692307692
-0.0022947692307692304
0.0016689230769230767
0.015228923076923076
0.02753723076923077
0.031918153846153846
0.018775384615384614
-0.006675692307692307
-0.02858030769230769
-0.05048492307692308
-0.06425353846153846
-0.07468430769230769
-0.06633969230769231
-0.03337846153846154
0.013351384615384614
0.08615815384615384
0.15354092307692307
0.20381723076923075
0.22989415384615383
0.22634769230769228
0.19442953846153843
0.12704676923076924
0.03379569230769231
-0.07781353846153846
-0.17982646153846152
-0.2503384615384615
-0.2807963076923077
-0.26911384615384615
-0.21445661538461538
-0.12245723076923076
-0.0077187692307692304
0.119328
0.23886461538461537
0.3285692307692308
0.36778892307692307
0.35318584615384613
0.295608
0.1990190769230769
0.07301538461538462
-0.06279323076923077
-0.1913003076923077
-0.2939390769230769
-0.3540203076923077
-0.36611999999999995
-0.33065538461538463
-0.25555384615384613
-0.15687876923076924
-0.042974769230769226
0.07635323076923077
0.18107815384615383
0.25117292307692307
0.2712
0.2426196923076923
0.17231630769230769
0.07280676923076923
-0.040679999999999994
-0.1543753846153846
-0.2532590769230769
-0.32314523076923074
-0.3506824615384615
-0.3277347692307692
-0.26368984615384616
-0.18358153846153846
-0.0988836923076923
-0.011891076923076923
0.07051199999999999
0.13518276923076925
0.17315076923076922
0.18754523076923074
0.1829556923076923
0.1718990769230769
0.15792184615384616
0.13852061538461538
0.11181784615384616
0.07823076923076923
0.05069353846153846
0.02899753846153846
0.025033846153846153
0.03233538461538461
0.03504738461538461
0.03421292307692308
0.03692492307692308
0.06404492307692307
0.09158215384615384
0.11640738461538462
0.12308307692307692
0.10368184615384615
0.07197230769230768
0.029206153846153847
-0.014185846153846153
-0.07468430769230769
-0.12391753846153845
-0.16772676923076923
-0.15687876923076924
-0.08010830769230769
0.08740984615384616
0.2666104615384615
0.3377483076923077
0.45561599999999997
0.511524923076923
0.5597150769230769
0.5638873846153847
0.38531261538461536
0.1733593846153846
-0.13852061538461538
-0.3763421538461538
-0.5795335384615384
-0.7929470769230769
-0.8839033846153846
-0.9429415384615384
-0.7950332307692307
-0.5250849230769231
-0.18316430769230768
0.23218892307692307
0.511524923076923
0.7695821538461539
0.9233316923076922
0.9325107692307691
0.8661710769230769
0.5868350769230769
0.2507556923076923
-0.1287156923076923
-0.5653476923076923
-0.8304978461538461
-1.0155396923076923
-1.078332923076923
-0.9925919999999999
-0.8521938461538461
-0.5530393846153846
-0.20632061538461538
0.18545907692307692
0.5864178461538462
0.8448923076923077
1.0044830769230768
1.0265963076923077
0.9381433846153846
0.7551876923076922
0.4145187692307692
0.026911384615384615
-0.36570276923076916
-0.7049113846153846
-0.8907876923076924
-0.9894627692307691
-0.9640116923076922
-0.8154775384615385
-0.585792
-0.2480436923076923
0.09158215384615384
0.38885907692307686
0.6521316923076923
0.8146430769230769
0.9091458461538461
0.9281298461538462
0.8296633846153846
0.6475421538461539
0.37550769230769226
0.07697907692307693
-0.21132738461538458
-0.477312
-0.6773741538461538
-0.8012916923076924
-0.8140172307692307
-0.7412104615384615
-0.5716061538461538
-0.2853858461538461
0.029623384615384614
0.3584012307692308
0.653592
0.8657538461538461
1.0046916923076923
1.0201292307692307
0.9258350769230769
0.7301538461538462
0.43934399999999996
0.1341396923076923
-0.16876984615384616
-0.44998338461538456
-0.6790430769230769
-0.8375907692307692
-0.8642935384615384
-0.770208
-0.5718147692307692
-0.3077076923076923
-0.016480615384615385
0.31500923076923076
0.6122861538461538
0.8319581538461538
0.954624
0.9197852307692308
0.7614461538461539
0.5188264615384615
0.20465169230769228
-0.11640738461538462
-0.43392000000000003
-0.7151335384615384
-0.9026787692307692
-0.9996849230769231
-0.9600479999999999
-0.7883575384615383
-0.5411483076923076
-0.2399076923076923
0.06675692307692307
0.35005661538461535
0.5734836923076922
0.7159679999999999
0.7652012307692307
0.6928116923076922
0.5257107692307692
0.2926873846153846
0.03421292307692308
-0.20256553846153844
-0.412224
-0.5676424615384615
-0.644412923076923
-0.6552609230769231
-0.5707716923076922
-0.41305846153846154
-0.23907323076923076
-0.053614153846153846
0.11911938461538461
0.29331323076923077
0.444768
0.5190350769230769
0.533220923076923
0.47668615384615387
0.37258707692307685
0.25159015384615385
0.10409907692307692
-0.04214030769230769
-0.18545907692307692
-0.3047870769230769
-0.3805144615384615
-0.42891323076923077
-0.4239064615384615
-0.3811403076923077
-0.30583015384615386
-0.18712800000000002
-0.07656184615384615
0.035255999999999996
0.14749107692307692
0.23636123076923077
0.32210215384615387
0.3642424615384615
0.3615304615384615
0.34317230769230767
0.2853858461538461
0.20715507692307691
0.10764553846153846
-0.01043076923076923
-0.11348676923076922
-0.20548615384615385
-0.26348123076923075
-0.290184
-0.2814221538461538
-0.21696000000000001
-0.12662953846153846
-0.004798153846153846
0.116616
0.2138307692307692
0.3049956923076923
0.3609046153846154
0.38572984615384615
0.3609046153846154
0.2818393846153846
0.1940123076923077
0.1045163076923077
0.023364923076923075
-0.05382276923076923
-0.11473846153846154
-0.13664307692307692
-0.12725538461538463
-0.08887015384615385
-0.03984553846153846
-0.0043809230769230765
0.017523692307692306
0.03567323076923076
0.06216738461538462
0.08574092307692306
0.08594953846153845
0.07259815384615384
0.056326153846153845
0.03942830769230769
0.03609046153846154
0.04109723076923077
0.04965046153846154
0.05611753846153846
0.041514461538461535
0.02023569230769231
-0.011473846153846154
-0.04631261538461538
-0.07384984615384615
-0.10743692307692307
-0.13622584615384614
-0.15917353846153848
-0.1570873846153846
-0.13038461538461538
-0.08615815384615384
-0.030040615384615384
0.028163076923076923
0.10055261538461538
0.16856123076923077
0.21716861538461538
0.2275993846153846
0.1927606153846154
0.12955015384615384
0.05194523076923077
-0.028371692307692306
-0.11223507692307692
-0.19609846153846153
-0.25284184615384614
-0.26452430769230767
-0.23281476923076924
-0.1614683076923077
-0.07760492307692309
0.005841230769230769
0.09429415384615383
0.17899199999999998
0.2426196923076923
0.26348123076923075
0.23344061538461539
0.1597993846153846
0.06592246153846154
-0.024199384615384616
-0.10263876923076923
-0.15687876923076924
-0.19171753846153847
-0.21091015384615383
-0.20548615384615385
-0.1792006153846154
-0.13497415384615385
-0.08699261538461538
-0.04047138461538462
-0.003755076923076923
0.021696
0.029832
0.02086153846153846
0.007510153846153846
-0.01668923076923077
-0.04214030769230769
-0.05945538461538461
-0.05611753846153846
-0.04276615384615385
-0.03671630769230769
-0.03609046153846154
-0.03045784615384615
-0.016063384615384615
0.0070929230769230765
0.03024923076923077
0.04756430769230769
0.06008123076923077
0.06425353846153846
0.07364123076923076
0.078648
0.07885661538461539
0.07113784615384615
0.05528307692307692
0.042557538461538466
0.03358707692307692
0.031709538461538456
0.03108369230769231
0.03045784615384615
0.03150092307692308
0.03504738461538461
0.04380923076923077
0.056326153846153845
0.06717415384615384
0.07468430769230769
0.06863446153846153
0.05194523076923077
0.040262769230769234
0.026702769230769228
0.00855323076923077
-0.017315076923076923
-0.04819015384615385
-0.0855323076923077
-0.12266584615384615
-0.14457046153846154
-0.15103753846153847
-0.14164984615384615
-0.11348676923076922
-0.06633969230769231
-0.015228923076923076
0.031709538461538456
0.07134646153846153
0.09763200000000001
0.11473846153846154
0.11974523076923077
0.11160923076923077
0.08824430769230769
0.05236246153846154
0.015854769230769228
-0.008761846153846153
-0.03066646153846154
-0.05590892307692308
-0.07259815384615384
-0.08177723076923075
-0.07572738461538461
-0.05674338461538461
-0.026911384615384615
0.016897846153846156
0.05507446153846154
0.100344
0.14728246153846153
0.1858763076923077
0.2221753846153846
0.2209236923076923
0.19004861538461537
0.13622584615384614
0.05590892307692308
-0.03024923076923077
-0.11578153846153846
-0.1883796923076923
-0.23615261538461538
-0.25430215384615384
-0.2342750769230769
-0.17231630769230769
-0.08594953846153845
0.021696
0.13351384615384615
0.23239753846153846
0.31688676923076925
0.3675803076923077
0.371544
0.32085046153846153
0.22843384615384613
0.10597661538461538
-0.029414769230769227
-0.16042523076923076
-0.27140861538461536
-0.3467187692307692
-0.3752990769230769
-0.33816553846153846
-0.23677846153846152
-0.09325107692307691
0.06300184615384616
0.21007569230769232
0.33357600000000004
0.42599261538461536
0.46771569230769233
0.44581107692307687
0.35464615384615383
0.2021483076923077
0.037967999999999995
-0.11098338461538461
-0.22697353846153845
-0.2962338461538461
-0.327108923076923
-0.32085046153846153
-0.28017046153846153
-0.2056947692307692
-0.11348676923076922
-0.021278769230769233
0.0609156923076923
0.12391753846153845
0.16418030769230768
0.1842073846153846
0.1800350769230769
0.15228923076923076
0.10681107692307691
0.04714707692307692
-0.005424
-0.04401784615384615
-0.078648
-0.10889723076923077
-0.13518276923076925
-0.1531236923076923
-0.1506203076923077
-0.13267938461538462
-0.1136953846153846
-0.092208
-0.07426707692307692
-0.05277969230769231
-0.020652923076923076
0.012516923076923077
0.051528
0.08469784615384615
0.11745046153846153
0.1476996923076923
0.15646153846153846
0.14916
0.12537784615384615
0.086784
0.03045784615384615
-0.023364923076923075
-0.05924676923076923
-0.0853236923076923
-0.10159569230769232
-0.09909230769230769
-0.06362769230769232
-0.010639384615384617
0.04756430769230769
0.11473846153846154
0.16981292307692308
0.20632061538461538
0.22676492307692306
0.2127876923076923
0.1858763076923077
0.14519630769230768
0.08490646153846154
0.02273907692307692
-0.04401784615384615
-0.08866153846153846
-0.11473846153846154
-0.12788123076923075
-0.11578153846153846
-0.09658892307692307
-0.05611753846153846
-0.005632615384615384
0.025659692307692307
0.052153846153846155
0.052571076923076915
0.03129230769230769
0.016063384615384615
0.003963692307692307
0.0006258461538461538
-0.0050067692307692304
0.005841230769230769
0.04735569230769231
0.08782707692307692
0.12537784615384615
0.1476996923076923
0.15270646153846154
0.14477907692307693
0.11056615384615384
0.073224
0.031918153846153846
-0.01814953846153846
-0.06049846153846154
-0.08177723076923075
-0.0744756923076923
-0.05048492307692308
-0.018775384615384614
0.02858030769230769
0.08657538461538461
0.14018953846153845
0.1858763076923077
0.20486030769230767
0.1923433846153846
0.15520984615384617
0.09471138461538461
0.026285538461538457
-0.051319384615384614
-0.12120553846153845
-0.1873366153846154
-0.23385784615384617
-0.2478350769230769
-0.23218892307692307
-0.19818461538461538
-0.16042523076923076
-0.09325107692307691
-0.02023569230769231
0.058412307692307694
0.10910584615384614
0.13893784615384613
0.12996738461538462
0.10931446153846153
0.07948246153846153
0.11014892307692307
0.1794092307692308
0.03567323076923076
-0.03984553846153846
-0.12516923076923075
-0.18337292307692307
-0.10952307692307692
-0.24011630769230768
-0.32043323076923075
-0.4424732307692308
-0.4564504615384615
-0.2799618461538461
-0.20027076923076922
-0.05298830769230769
-0.034630153846153845
0.056951999999999996
0.24637476923076923
0.3319070769230769
0.4405956923076923
0.2891409230769231
0.09199938461538461
-0.04944184615384615
-0.24011630769230768
-0.26348123076923075
-0.36570276923076916
-0.4303735384615384
-0.3750904615384615
-0.4182738461538461
-0.26765353846153844
-0.09262523076923077
0.030875076923076922
0.22300984615384614
0.24095076923076922
0.28246523076923075
0.30854215384615385
0.28434276923076923
0.34984799999999994
0.276624
0.154584
0.03859384615384615
-0.07030338461538461
-0.05486584615384615
-0.10618523076923077
-0.1908830769230769
-0.25367630769230765
-0.3131316923076923
-0.20632061538461538
-0.09450276923076922
-0.014603076923076923
0.07489292307692308
0.092208
0.18796246153846152
0.28955815384615385
0.3127144615384615
0.3421292307692308
0.2858030769230769
0.22697353846153845
0.2209236923076923
0.16981292307692308
0.12850707692307692
0.030875076923076922
-0.07593599999999999
-0.13622584615384614
-0.19860184615384616
-0.19463815384615382
-0.1712732307692308
-0.08887015384615385
0.012934153846153845
0.07760492307692309
0.2138307692307692
0.32189353846153845
0.39282276923076925
0.4466455384615384
0.39303138461538456
0.3291950769230769
0.23448369230769228
0.10681107692307691
0.014394461538461538
-0.12537784615384615
-0.21466523076923077
-0.22780799999999998
-0.23364923076923078
-0.1923433846153846
-0.168144
-0.11265230769230769
-0.0016689230769230767
0.08720123076923077
0.15103753846153847
0.13226215384615383
0.10055261538461538
0.08699261538461538
0.03650769230769231
0.0035464615384615383
-0.06863446153846153
-0.1462393846153846
-0.14561353846153846
-0.14999446153846155
-0.11306953846153844
-0.05444861538461539
-0.03775938461538462
0.005424
-0.0002086153846153846
-0.016480615384615385
0.002086153846153846
-0.014603076923076923
-0.019609846153846155
-0.03775938461538462
-0.051528
-0.040679999999999994
-0.02086153846153846
0.04401784615384615
0.09262523076923077
0.11870215384615385
0.12621230769230768
0.10138707692307691
0.08782707692307692
0.04965046153846154
-0.012308307692307691
-0.07426707692307692
-0.16459753846153846
-0.20381723076923075
-0.1800350769230769
-0.14853415384615384
-0.09325107692307691
-0.05528307692307692
0.01981846153846154
0.15166338461538462
0.2507556923076923
0.31855569230769226
0.31500923076923076
0.260352
0.20402584615384614
0.12329169230769231
0.04735569230769231
-0.04672984615384615
-0.15124615384615384
-0.22321846153846153
-0.2757895384615385
-0.25930892307692305
-0.19463815384615382
-0.11870215384615385
-0.004798153846153846
0.08177723076923075
0.15291507692307693
0.21967199999999998
0.2426196923076923
0.26160369230769226
0.2303113846153846
0.14603076923076924
0.06341907692307691
-0.01814953846153846
-0.06717415384615384
-0.10722830769230769
-0.15208061538461537
-0.1718990769230769
-0.1733593846153846
-0.13852061538461538
-0.09387692307692307
-0.06070707692307692
-0.02315630769230769
-0.009387692307692307
0.014185846153846153
0.042557538461538466
0.054240000000000003
0.07551876923076924
0.07656184615384615
0.08949599999999999
0.11140061538461538
0.11640738461538462
0.1287156923076923
0.12788123076923075
0.11056615384615384
0.07051199999999999
0.01272553846153846
-0.033169846153846154
-0.06884307692307692
-0.09971815384615385
-0.12308307692307692
-0.13893784615384613
-0.14123261538461537
-0.11849353846153846
-0.059664
0.011056615384615385
0.06049846153846154
0.10827138461538462
0.1570873846153846
0.18086953846153844
0.17148184615384612
0.11828492307692307
0.04172307692307692
-0.03942830769230769
-0.13080184615384613
-0.19588984615384614
-0.23406646153846156
-0.25555384615384613
-0.23218892307692307
-0.17419384615384614
-0.0826116923076923
0.01981846153846154
0.10827138461538462
0.19171753846153847
0.2509643076923077
0.2764153846153846
0.26139507692307695
0.21195323076923075
0.15103753846153847
0.07364123076923076
-0.0033378461538461535
-0.06195876923076923
-0.10409907692307692
-0.11181784615384616
-0.09554584615384615
-0.05820369230769231
-0.008136
0.03275261538461539
0.0826116923076923
0.12391753846153845
0.15145476923076923
0.16334584615384617
0.13309661538461537
0.0892873846153846
0.04652123076923077
0.006049846153846154
-0.023782153846153845
-0.05194523076923077
-0.06675692307692307
-0.08469784615384615
-0.09992676923076924
-0.09491999999999999
-0.0826116923076923
-0.05048492307692308
-0.02524246153846154
-0.015646153846153844
-0.0016689230769230767
-0.0006258461538461538
-0.0016689230769230767
-0.0012516923076923076
-0.0043809230769230765
-0.006884307692307692
-0.021487384615384613
-0.029623384615384614
-0.01814953846153846
-0.0014603076923076922
0.01272553846153846
0.012934153846153845
0.01981846153846154
0.023782153846153845
0.01397723076923077
-0.002712
-0.03859384615384615
-0.07238953846153846
-0.10347323076923076
-0.12037107692307693
-0.11473846153846154
-0.10806276923076923
-0.09408553846153846
-0.07280676923076923
-0.044435076923076924
-0.015020307692307692
0.0018775384615384615
0.011473846153846154
0.016063384615384615
0.012934153846153845
0.00855323076923077
0.006258461538461538
-0.003129230769230769
-0.018775384615384614
-0.03921969230769231
-0.04902461538461538
-0.03942830769230769
-0.014603076923076923
0.015020307692307692
0.031918153846153846
0.05778646153846154
0.09137353846153846
0.11974523076923077
0.1397723076923077
0.14081538461538462
0.12683815384615382
0.09304246153846155
0.042557538461538466
-0.008344615384615384
-0.05611753846153846
-0.09846646153846153
-0.1316363076923077
-0.14999446153846155
-0.14561353846153846
-0.12537784615384615
-0.0961716923076923
-0.06383630769230769
-0.051528
-0.04172307692307692
-0.028788923076923077
-0.015020307692307692
0.003963692307692307
-0.006675692307692307
-0.02545107692307692
-0.040054153846153843
-0.04839876923076923
-0.04318338461538461
-0.05111076923076923
-0.04965046153846154
-0.035464615384615386
-0.006258461538461538
0.04401784615384615
0.0892873846153846
0.13080184615384613
0.14916
0.1570873846153846
0.16334584615384617
0.14144123076923076
0.0961716923076923
0.04130584615384615
-0.015646153846153844
-0.04944184615384615
-0.05736923076923077
-0.044435076923076924
0.006258461538461538
0.06028984615384615
0.13101046153846155
0.2090326153846154
0.26368984615384616
0.3016578461538461
0.2939390769230769
0.24512307692307692
0.16251138461538459
0.04693846153846153
-0.07051199999999999
-0.17252492307692308
-0.25972615384615383
-0.29873723076923075
-0.2920615384615385
-0.2355267692307692
-0.12934153846153845
-0.013560000000000001
0.10952307692307692
0.20652923076923077
0.28768061538461537
0.34338092307692303
0.34692738461538464
0.30979384615384614
0.21716861538461538
0.10910584615384614
0.0012516923076923076
-0.09763200000000001
-0.17732307692307692
-0.2438713846153846
-0.2737033846153846
-0.25972615384615383
-0.20527753846153846
-0.11953661538461538
-0.012308307692307691
0.07781353846153846
0.1585476923076923
0.23093723076923076
0.2659846153846154
0.27412061538461535
0.23239753846153846
0.15917353846153848
0.07197230769230768
-0.026702769230769228
-0.11411261538461538
-0.18983999999999998
-0.2436627692307692
-0.26932246153846157
-0.2647329230769231
-0.22405292307692307
-0.14999446153846155
-0.06300184615384616
0.015228923076923076
0.06821723076923077
0.11557292307692307
0.15479261538461536
0.17899199999999998
0.19818461538461538
0.17982646153846152
0.1424843076923077
0.10159569230769232
0.04985907692307692
0.0033378461538461535
-0.05507446153846154
-0.11411261538461538
-0.15187199999999998
-0.17023015384615386
-0.16647507692307692
-0.14582215384615385
-0.11244369230769231
-0.07969107692307692
-0.04130584615384615
0.010013538461538461
0.06070707692307692
0.09325107692307691
0.10430769230769231
0.10326461538461539
0.09033046153846153
0.06028984615384615
0.010639384615384617
-0.056951999999999996
-0.13643446153846153
-0.2127876923076923
-0.2699483076923077
-0.2906012307692308
-0.28121353846153846
-0.23928184615384615
-0.173568
-0.09971815384615385
-0.009596307692307692
0.07656184615384615
0.1502030769230769
0.19526400000000002
0.20173107692307693
0.18525046153846153
0.14665661538461539
0.09575446153846154
0.03775938461538462
-0.016897846153846156
-0.05236246153846154
-0.051528
-0.022530461538461537
0.01981846153846154
0.061750153846153844
0.0897046153846154
0.11828492307692307
0.14081538461538462
0.14457046153846154
0.12016246153846154
0.06467076923076923
-0.0014603076923076922
-0.06008123076923077
-0.09658892307692307
-0.10952307692307692
-0.10514215384615383
-0.08031692307692308
-0.03629907692307692
0.03150092307692308
0.1205796923076923
0.19192615384615386
0.23636123076923077
0.24679199999999998
0.22029784615384615
0.17544553846153846
0.10889723076923077
0.03859384615384615
-0.040054153846153843
-0.124752
-0.1913003076923077
-0.23886461538461537
-0.2618123076923077
-0.2517987692307692
-0.17377661538461536
-0.035464615384615386
0.1422756923076923
0.3636166153846153
0.5565858461538462
0.7249384615384614
0.8382166153846153
0.855948923076923
0.8023347692307692
0.6283495384615384
0.3942830769230769
0.11599015384615384
-0.18170399999999998
-0.4314166153846154
-0.6120775384615385
-0.6878049230769231
-0.6629796923076924
-0.5259193846153846
-0.32669169230769235
-0.08761846153846153
0.1881710769230769
0.43475446153846153
0.5949710769230769
0.6256375384615384
0.52884
0.3510996923076923
0.1353913846153846
-0.11411261538461538
-0.35923569230769226
-0.5582547692307692
-0.6773741538461538
-0.6698639999999999
-0.5547083076923077
-0.35965292307692304
-0.14081538461538462
0.043600615384615383
0.20506892307692307
0.3195987692307692
0.35047384615384614
0.3269003076923077
0.2478350769230769
0.14957723076923077
0.06675692307692307
-0.023990769230769232
-0.10013538461538461
-0.16647507692307692
-0.21362215384615382
-0.24574892307692306
-0.265776
-0.2659846153846154
-0.2574313846153846
-0.2154996923076923
-0.1760713846153846
-0.14665661538461539
-0.11390399999999999
-0.09658892307692307
-0.06988615384615385
-0.03442153846153846
-0.0006258461538461538
0.05653476923076922
0.1356
0.22447015384615385
0.3193901538461538
0.3686233846153846
0.34651015384615386
0.25930892307692305
0.12120553846153845
-0.041514461538461535
-0.2209236923076923
-0.3652855384615385
-0.44351630769230765
-0.4303735384615384
-0.3148006153846154
-0.1504116923076923
0.05736923076923077
0.26911384615384615
0.4493575384615385
0.5862092307692308
0.6293926153846153
0.5830799999999999
0.45707630769230767
0.2701569230769231
0.07197230769230768
-0.119328
-0.2926873846153846
-0.4147273846153846
-0.4750172307692308
-0.4645864615384615
-0.3811403076923077
-0.24741784615384615
-0.08135999999999999
0.09179076923076923
0.25117292307692307
0.36549415384615386
0.4184824615384615
0.4053396923076923
0.3143833846153846
0.17628
0.006049846153846154
-0.157296
-0.2670276923076923
-0.33649661538461534
-0.35005661538461535
-0.309168
-0.22947692307692308
-0.10931446153846153
0.02211323076923077
0.12996738461538462
0.19359507692307693
0.1992276923076923
0.1635544615384615
0.11202646153846153
0.035464615384615386
-0.056951999999999996
-0.14436184615384615
-0.21007569230769232
-0.23364923076923078
-0.20944984615384615
-0.15500123076923078
-0.10660246153846153
-0.06049846153846154
-0.01981846153846154
0.008344615384615384
0.021278769230769233
-0.011473846153846154
-0.07405846153846153
-0.1449876923076923
-0.21070153846153844
-0.23156307692307693
-0.20632061538461538
-0.1489513846153846
-0.059664
0.04860738461538461
0.16105107692307694
0.265776
0.34171199999999996
0.36340799999999995
0.32898646153846156
0.241368
0.12162276923076921
0.003129230769230769
-0.10055261538461538
-0.18399876923076922
-0.23677846153846152
-0.25367630769230765
-0.21633415384615384
-0.11056615384615384
0.014185846153846153
0.13601723076923075
0.24011630769230768
0.292896
0.31751261538461534
0.30270092307692303
0.2238443076923077
0.10243015384615384
-0.03212676923076923
-0.15374953846153847
-0.23636123076923077
-0.26494153846153845
-0.24700061538461537
-0.1787833846153846
-0.06800861538461538
0.07238953846153846
0.21716861538461538
0.33253292307692306
0.3957433846153846
0.3980381538461538
0.3467187692307692
0.24512307692307692
0.1218313846153846
-0.010848
-0.14123261538461537
-0.24491446153846153
-0.3141747692307692
-0.32210215384615387
-0.26160369230769226
-0.14811692307692306
-0.0022947692307692304
0.1462393846153846
0.2701569230769231
0.35631507692307696
0.38948492307692306
0.34296369230769225
0.22864246153846152
0.06675692307692307
-0.1097316923076923
-0.265776
-0.3944916923076923
-0.4812756923076923
-0.513611076923077
-0.48398769230769234
-0.39678646153846153
-0.268488
-0.12558646153846154
0.007301538461538462
0.11348676923076922
0.18399876923076922
0.22697353846153845
0.22801661538461537
0.18858830769230767
0.12204
0.040262769230769234
-0.03483876923076923
-0.09262523076923077
-0.12516923076923075
-0.13768615384615385
-0.12037107692307693
-0.07739630769230768
-0.01814953846153846
0.04819015384615385
0.10138707692307691
0.1356
0.14561353846153846
0.1353913846153846
0.11035753846153845
0.07739630769230768
0.04193169230769231
0.011682461538461537
-0.012516923076923077
-0.023990769230769232
-0.01272553846153846
0.013142769230769229
0.04965046153846154
0.08115138461538463
0.09491999999999999
0.09325107692307691
0.08031692307692308
0.05090215384615384
-0.009596307692307692
-0.07885661538461539
-0.12996738461538462
-0.16000799999999998
-0.14728246153846153
-0.09804923076923076
-0.03400430769230769
0.04652123076923077
0.13226215384615383
0.21466523076923077
0.2830910769230769
0.3081249230769231
0.2864289230769231
0.23010276923076922
0.13789476923076924
0.032544
-0.07092923076923077
-0.15667015384615385
-0.208824
-0.2194633846153846
-0.18316430769230768
-0.11265230769230769
-0.015854769230769228
0.08594953846153845
0.17690584615384616
0.24512307692307692
0.27871015384615383
0.2780843076923077
0.235944
0.15500123076923078
0.04652123076923077
-0.06905169230769231
-0.16897846153846155
-0.23260615384615385
-0.2509643076923077
-0.23239753846153846
-0.1867107692307692
-0.11452984615384615
-0.01668923076923077
0.078648
0.15938215384615384
0.2154996923076923
0.23928184615384615
0.235944
0.20047938461538461
0.14790830769230767
0.0853236923076923
0.021070153846153846
-0.026494153846153844
-0.052571076923076915
-0.05069353846153846
-0.018358153846153843
0.023990769230769232
0.07280676923076923
0.116616
0.1424843076923077
0.16084246153846155
0.15792184615384616
0.13434830769230768
0.09950953846153845
0.04693846153846153
-0.004589538461538461
-0.050067692307692306
-0.09158215384615384
-0.10743692307692307
-0.10597661538461538
-0.08052553846153847
-0.03421292307692308
0.0006258461538461538
0.02899753846153846
0.052153846153846155
0.06821723076923077
0.07405846153846153
0.07197230769230768
0.059664
0.03024923076923077
0.007301538461538462
-0.004798153846153846
-0.007510153846153846
-0.009804923076923077
-0.021070153846153846
-0.021696
-0.01043076923076923
0.003129230769230769
0.01272553846153846
0.009804923076923077
0.0016689230769230767
-0.009179076923076922
-0.016897846153846156
-0.011473846153846154
-0.005841230769230769
0.0018775384615384615
0.0006258461538461538
-0.005215384615384615
0.013768615384615384
0.038176615384615385
0.06154153846153846
0.06738276923076922
0.04193169230769231
0.006675692307692307
-0.03504738461538461
-0.07030338461538461
-0.0988836923076923
-0.12808984615384614
-0.14874276923076923
-0.14811692307692306
-0.11578153846153846
-0.06633969230769231
-0.02545107692307692
-0.0043809230769230765
0.012516923076923077
0.031918153846153846
0.05862092307692307
0.08615815384615384
0.09596307692307693
0.0936683076923077
0.0744756923076923
0.054657230769230764
0.046104
0.042974769230769226
0.03504738461538461
0.011056615384615385
-0.012099692307692308
-0.021070153846153846
-0.02273907692307692
-0.02545107692307692
-0.03212676923076923
-0.043392
-0.059038153846153844
-0.07238953846153846
-0.07489292307692308
-0.08177723076923075
-0.1070196923076923
-0.1397723076923077
-0.16105107692307694
-0.15187199999999998
-0.1097316923076923
-0.05236246153846154
-0.0029206153846153843
0.03421292307692308
0.06613107692307692
0.08991323076923076
0.09658892307692307
0.06946892307692307
0.019609846153846155
-0.045060923076923075
-0.10514215384615383
-0.1397723076923077
-0.15646153846153846
-0.15687876923076924
-0.14331876923076922
-0.10180430769230768
-0.03775938461538462
0.03609046153846154
0.11202646153846153
0.17148184615384612
0.20444307692307692
0.21466523076923077
0.20360861538461536
0.16981292307692308
0.1151556923076923
0.03045784615384615
-0.06717415384615384
-0.15646153846153846
-0.22718215384615387
-0.26911384615384615
-0.28246523076923075
-0.25534523076923077
-0.18086953846153844
-0.06988615384615385
0.05590892307692308
0.16835261538461538
0.24512307692307692
0.27850153846153847
0.268488
0.2261390769230769
0.14665661538461539
0.023990769230769232
-0.11745046153846153
-0.24762646153846155
-0.3350363076923077
-0.37321292307692305
-0.3485963076923077
-0.2751636923076923
-0.17398523076923075
-0.04631261538461538
0.08240307692307691
0.208824
0.3035353846153846
0.3383741538461538
0.32982092307692307
0.28809784615384615
0.21779446153846155
0.13518276923076925
0.04422646153846154
-0.04672984615384615
-0.11056615384615384
-0.1395636923076923
-0.12850707692307692
-0.08428061538461538
-0.024408000000000003
0.034630153846153845
0.08240307692307691
0.12329169230769231
0.15416676923076922
0.16459753846153846
0.15082892307692305
0.12391753846153845
0.09596307692307693
0.07885661538461539
0.07280676923076923
0.06279323076923077
0.040679999999999994
0.009596307692307692
-0.016272
-0.03296123076923077
-0.0446436923076923
-0.058829538461538454
-0.08824430769230769
-0.11849353846153846
-0.124752
-0.10868861538461538
-0.07364123076923076
-0.04047138461538462
-0.01397723076923077
0.015020307692307692
0.05507446153846154
0.09992676923076924
0.111192
0.10681107692307691
0.04526953846153846
-0.03984553846153846
-0.11724184615384614
-0.19860184615384616
-0.24700061538461537
-0.29456492307692306
-0.31772123076923076
-0.2724516923076923
-0.1787833846153846
0.006049846153846154
0.3116713846153846
0.428496
0.43475446153846153
0.4681329230769231
0.3604873846153846
0.3780110769230769
0.276624
-0.05924676923076923
-0.32836061538461536
-0.5916332307692307
-0.5839144615384615
-0.47355692307692304
-0.3798886153846154
-0.24616615384615384
-0.17023015384615386
0.1397723076923077
0.4374664615384615
0.6656916923076922
0.7514326153846154
0.5392707692307692
0.4134756923076923
0.20652923076923077
0.016272
-0.10681107692307691
-0.42328061538461537
-0.5413569230769231
-0.6343993846153846
-0.671532923076923
-0.43809230769230767
-0.31834707692307695
-0.08782707692307692
0.14603076923076924
0.20444307692307692
0.3584012307692308
0.4047138461538461
0.4337113846153846
0.44414215384615385
0.2568055384615385
0.09137353846153846
-0.10368184615384615
-0.20360861538461536
-0.20444307692307692
-0.287472
-0.3060387692307692
-0.3275261538461538
-0.23010276923076922
-0.0070929230769230765
0.09700615384615385
0.19588984615384614
0.22593046153846155
0.21842030769230766
0.31813846153846154
0.31626092307692305
0.28809784615384615
0.2588916923076923
0.15687876923076924
0.1585476923076923
0.15562707692307692
0.10618523076923077
0.07238953846153846
-0.014603076923076923
-0.07405846153846153
-0.10889723076923077
-0.15562707692307692
-0.18232984615384615
-0.17732307692307692
-0.10785415384615385
-0.06195876923076923
0.021070153846153846
0.14540492307692307
0.21779446153846155
0.3419206153846154
0.37967999999999996
0.32982092307692307
0.30666461538461537
0.200688
0.09825784615384614
-0.021904615384615383
-0.18066092307692305
-0.25138153846153843
-0.30583015384615386
-0.3087507692307692
-0.2601433846153846
-0.21091015384615383
-0.07301538461538462
0.09074769230769231
0.22718215384615387
0.31208861538461535
0.34046030769230773
0.3873987692307692
0.38301784615384615
0.32272799999999996
0.19881046153846152
-0.021487384615384613
-0.16772676923076923
-0.27599815384615384
-0.37926276923076924
-0.3836436923076923
-0.39699507692307695
-0.33983446153846153
-0.1883796923076923
-0.05090215384615384
0.13768615384615385
0.28434276923076923
0.3571495384615384
0.39657784615384617
0.3544375384615384
0.2697396923076923
0.13852061538461538
-0.0002086153846153846
-0.11682461538461539
-0.2225926153846154
-0.27871015384615383
-0.33378461538461535
-0.3314898461538462
-0.25284184615384614
-0.16876984615384616
-0.026494153846153844
0.08490646153846154
0.15938215384615384
0.26681907692307694
0.3031181538461538
0.2993630769230769
0.2578486153846154
0.14394461538461537
0.06133292307692308
-0.012934153846153845
-0.09700615384615385
-0.165432
-0.23344061538461539
-0.24658338461538462
-0.21612553846153845
-0.16710092307692306
-0.09387692307692307
-0.03775938461538462
0.028788923076923077
0.06926030769230769
0.08469784615384615
0.11765907692307691
0.11599015384615384
0.14519630769230768
0.16710092307692306
0.14686523076923075
0.14206707692307693
0.10952307692307692
0.10743692307692307
0.12975876923076923
0.08949599999999999
0.03233538461538461
-0.02273907692307692
-0.06383630769230769
-0.06926030769230769
-0.08740984615384616
-0.11286092307692308
-0.13872923076923074
-0.13351384615384615
-0.07197230769230768
-0.005841230769230769
0.06946892307692307
0.11202646153846153
0.12037107692307693
0.1356
0.11745046153846153
0.0936683076923077
0.04547815384615384
-0.04109723076923077
-0.12287446153846153
-0.21445661538461538
-0.2689052307692308
-0.2647329230769231
-0.2369870769230769
-0.1867107692307692
-0.14185846153846154
-0.08636676923076922
0.013142769230769229
0.12266584615384615
0.20486030769230767
0.22154953846153846
0.1873366153846154
0.138312
0.08907876923076924
0.05236246153846154
-0.015854769230769228
-0.11140061538461538
-0.18650215384615382
-0.2209236923076923
-0.19442953846153843
-0.15187199999999998
-0.12016246153846154
-0.07572738461538461
-0.03379569230769231
0.026285538461538457
0.09491999999999999
0.12996738461538462
0.14957723076923077
0.15145476923076923
0.13518276923076925
0.11891076923076922
0.09825784615384614
0.06487938461538462
0.010848
-0.04756430769230769
-0.09283384615384616
-0.11745046153846153
-0.11390399999999999
-0.10243015384615384
-0.09158215384615384
-0.06571384615384615
-0.031709538461538456
0.026702769230769228
0.10055261538461538
0.15354092307692307
0.1913003076923077
0.18983999999999998
0.1787833846153846
0.17669723076923077
0.15541846153846153
0.13372246153846154
0.0717636923076923
-0.01397723076923077
-0.06884307692307692
-0.10764553846153846
-0.11703323076923078
-0.1136953846153846
-0.10931446153846153
-0.07948246153846153
-0.03775938461538462
0.023782153846153845
0.07948246153846153
0.10743692307692307
0.12496061538461539
0.10514215384615383
0.0826116923076923
0.06529661538461538
0.02524246153846154
-0.011473846153846154
-0.059872615384615385
-0.10576799999999999
-0.12955015384615384
-0.15500123076923078
-0.16105107692307694
-0.15395815384615386
-0.13706030769230768
-0.09825784615384614
-0.061124307692307686
-0.016480615384615385
0.03692492307692308
0.07572738461538461
0.10430769230769231
0.1218313846153846
0.1316363076923077
0.12913292307692306
0.0936683076923077
0.040262769230769234
-0.02753723076923077
-0.08010830769230769
-0.116616
-0.16188553846153847
-0.18128676923076922
-0.18379015384615385
-0.1639716923076923
-0.10722830769230769
-0.03233538461538461
0.049233230769230765
0.11557292307692307
0.1656406153846154
0.19735015384615384
0.1990190769230769
0.1787833846153846
0.12767261538461538
0.055491692307692304
-0.01668923076923077
-0.08344615384615384
-0.12454338461538461
-0.15228923076923076
-0.16480615384615382
-0.1435273846153846
-0.09658892307692307
-0.02482523076923077
0.06279323076923077
0.1368516923076923
0.19609846153846153
0.23010276923076922
0.22488738461538463
0.19526400000000002
0.12412615384615384
0.021070153846153846
-0.08219446153846154
-0.1760713846153846
-0.252216
-0.2937304615384615
-0.28476
-0.23218892307692307
-0.14144123076923076
-0.02795446153846154
0.07885661538461539
0.16772676923076923
0.22405292307692307
0.22676492307692306
0.1908830769230769
0.11160923076923077
0.0012516923076923076
-0.09575446153846154
-0.19046584615384615
-0.2568055384615385
-0.28413415384615387
-0.2830910769230769
-0.22697353846153845
-0.13372246153846154
-0.018358153846153843
0.10055261538461538
0.19839323076923077
0.2737033846153846
0.314592
0.31751261538461534
0.27328615384615385
0.19881046153846152
0.11181784615384616
0.01814953846153846
-0.05090215384615384
-0.11327815384615383
-0.16188553846153847
-0.16042523076923076
-0.1353913846153846
-0.07781353846153846
-0.0022947692307692304
0.051528
0.09971815384615385
0.12955015384615384
0.12955015384615384
0.11202646153846153
0.07343261538461537
0.02899753846153846
-0.009179076923076922
-0.04214030769230769
-0.06258461538461538
-0.06821723076923077
-0.06842584615384616
-0.06446215384615385
-0.053405538461538456
-0.04756430769230769
-0.050067692307692306
-0.05069353846153846
-0.05924676923076923
-0.06926030769230769
-0.065088
-0.04714707692307692
0.003963692307692307
0.0744756923076923
0.13768615384615385
0.19839323076923077
0.23969907692307693
0.2561796923076923
0.2568055384615385
0.21821169230769227
0.15187199999999998
0.07781353846153846
-0.0029206153846153843
-0.065088
-0.11035753846153845
-0.13267938461538462
-0.12725538461538463
-0.09846646153846153
-0.03379569230769231
0.05653476923076922
0.15103753846153847
0.22718215384615387
0.27328615384615385
0.29748553846153847
0.2939390769230769
0.2588916923076923
0.18983999999999998
0.08594953846153845
-0.023990769230769232
-0.12391753846153845
-0.20527753846153846
-0.24637476923076923
-0.2574313846153846
-0.24491446153846153
-0.18858830769230767
-0.10555938461538462
0.0035464615384615383
0.116616
0.1977673846153846
0.2482523076923077
0.25305046153846156
0.2207150769230769
0.1656406153846154
0.0855323076923077
-0.015854769230769228
-0.12287446153846153
-0.21341353846153846
-0.2737033846153846
-0.290184
-0.26723630769230766
-0.21925476923076925
-0.13768615384615385
-0.050067692307692306
0.040054153846153843
0.12496061538461539
0.16876984615384616
0.1792006153846154
0.15479261538461536
0.116616
0.06800861538461538
0.008136
-0.043392
-0.08344615384615384
-0.09909230769230769
-0.0988836923076923
-0.07635323076923077
-0.027328615384615382
0.024616615384615383
0.08636676923076922
0.15187199999999998
0.20277415384615383
0.23281476923076924
0.23907323076923076
0.2261390769230769
0.19818461538461538
0.15520984615384617
0.10347323076923076
0.05027630769230769
-0.011265230769230769
-0.0717636923076923
-0.1151556923076923
-0.13497415384615385
-0.13205353846153844
-0.11640738461538462
-0.09387692307692307
-0.07343261538461537
-0.03942830769230769
-0.0008344615384615384
0.02753723076923077
0.04985907692307692
0.041514461538461535
0.028788923076923077
0.025659692307692307
0.018358153846153843
0.002712
-0.02545107692307692
-0.05799507692307692
-0.07885661538461539
-0.07927384615384615
-0.06321046153846153
-0.042557538461538466
-0.03504738461538461
-0.021278769230769233
-0.01814953846153846
-0.006884307692307692
0.01043076923076923
0.026702769230769228
0.024408000000000003
0.004172307692307692
-0.0016689230769230767
0.002086153846153846
0.05757784615384615
0.15479261538461536
0.31229723076923077
0.35694092307692304
0.3863556923076923
0.4616658461538461
0.4551987692307692
0.49546153846153845
0.37967999999999996
0.1856676923076923
-0.04130584615384615
-0.2914356923076923
-0.42328061538461537
-0.6304356923076923
-0.766452923076923
-0.8471870769230769
-0.8315409230769231
-0.6041501538461539
-0.34984799999999994
0.01814953846153846
0.3243969230769231
0.5373932307692307
0.7522670769230769
0.8021261538461537
0.7804301538461538
0.6110344615384615
0.3102110769230769
0.03942830769230769
-0.3187643076923077
-0.5976830769230769
-0.7447569230769231
-0.855948923076923
-0.8042123076923077
-0.703451076923077
-0.5227901538461539
-0.25242461538461536
0.007510153846153846
0.33357600000000004
0.6026898461538461
0.782724923076923
0.9078941538461538
0.9281298461538462
0.8866153846153845
0.7082492307692307
0.4078430769230769
0.06049846153846154
-0.32543999999999995
-0.6289753846153846
-0.8619987692307692
-1.0140793846153846
-1.0263876923076922
-0.943776
-0.7337003076923077
-0.442056
-0.1462393846153846
0.18858830769230767
0.4994252307692308
0.7483033846153846
0.9512861538461538
1.0261790769230767
0.9738166153846153
0.7914867692307692
0.49400123076923075
0.13852061538461538
-0.2628553846153846
-0.6327304615384615
-0.9241661538461537
-1.080001846153846
-1.0904326153846153
-0.9932178461538462
-0.7249384615384614
-0.3452584615384615
0.07739630769230768
0.5307175384615385
0.9093544615384616
1.1834750769230769
1.3159458461538462
1.2710935384615385
1.0933532307692309
0.7741716923076923
0.3817661538461538
-0.026911384615384615
-0.4416387692307692
-0.7871058461538462
-1.0426596923076923
-1.1642824615384615
-1.132572923076923
-0.9717304615384615
-0.693228923076923
-0.3379569230769231
0.0855323076923077
0.5280055384615384
0.882025846153846
1.1062873846153847
1.1661599999999999
1.0612264615384615
0.8463526153846154
0.520704
0.13267938461538462
-0.25471938461538457
-0.6220910769230769
-0.8880756923076923
-1.0364012307692307
-1.0699883076923078
-0.9569187692307691
-0.7543532307692307
-0.47647753846153845
-0.15520984615384617
0.16209415384615386
0.4493575384615385
0.6523403076923077
0.7777181538461537
0.8067156923076922
0.7337003076923077
0.5797421538461539
0.336288
0.058412307692307694
-0.22697353846153845
-0.4879513846153846
-0.6629796923076924
-0.7616547692307691
-0.7679132307692308
-0.6838412307692308
-0.5280055384615384
-0.3187643076923077
-0.08490646153846154
0.15416676923076922
0.37196123076923077
0.5384363076923077
0.6302270769230769
0.6571384615384616
0.6143723076923077
0.5069353846153847
0.33899999999999997
0.13455692307692307
-0.08010830769230769
-0.273912
-0.4222375384615385
-0.5415655384615384
-0.6003950769230769
-0.5964313846153846
-0.5223729230769231
-0.3642424615384615
-0.17398523076923075
0.02211323076923077
0.2056947692307692
0.36549415384615386
0.4942098461538461
0.5567944615384616
0.5413569230769231
0.45707630769230767
0.314592
0.13789476923076924
-0.040679999999999994
-0.2021483076923077
-0.3379569230769231
-0.43475446153846153
-0.46625538461538457
-0.4368406153846153
-0.3490135384615385
-0.20506892307692307
-0.055491692307692304
0.09095630769230768
0.214248
0.3039526153846154
0.38030584615384616
0.4118067692307692
0.40513107692307687
0.36611999999999995
0.29331323076923077
0.22572184615384616
0.16835261538461538
0.10368184615384615
0.033169846153846154
-0.040262769230769234
-0.09179076923076923
-0.10743692307692307
-0.09679753846153846
-0.07238953846153846
-0.06216738461538462
-0.06383630769230769
-0.06321046153846153
-0.040262769230769234
0.006675692307692307
0.03671630769230769
0.052153846153846155
0.06049846153846154
0.06404492307692307
0.07781353846153846
0.07238953846153846
0.04547815384615384
0.005841230769230769
-0.05444861538461539
-0.10243015384615384
-0.13330523076923076
-0.1612596923076923
-0.18086953846153844
-0.18086953846153844
-0.14832553846153845
-0.09700615384615385
-0.022947692307692308
0.061124307692307686
0.12496061538461539
0.1785747692307692
0.21028430769230766
0.24178523076923078
0.26911384615384615
0.2561796923076923
0.22113230769230768
0.16042523076923076
0.09387692307692307
0.045895384615384616
0.0050067692307692304
-0.021696
-0.03713353846153846
-0.05382276923076923
-0.038176615384615385
-0.0029206153846153843
0.037342153846153844
0.07551876923076924
0.08010830769230769
0.08323753846153846
0.08115138461538463
0.07697907692307693
0.06300184615384616
0.028163076923076923
-0.003963692307692307
-0.040054153846153843
-0.06341907692307691
-0.07364123076923076
-0.07948246153846153
-0.0771876923076923
-0.08177723076923075
-0.08490646153846154
-0.08198584615384615
-0.09596307692307693
-0.13601723076923075
-0.1867107692307692
-0.2273907692307692
-0.25346769230769234
-0.26348123076923075
-0.24700061538461537
-0.20256553846153844
-0.13768615384615385
-0.06070707692307692
0.02273907692307692
0.10848000000000001
0.168144
0.18358153846153846
0.1639716923076923
0.11411261538461538
0.04714707692307692
-0.03337846153846154
-0.12850707692307692
-0.20527753846153846
-0.2540935384615385
-0.2695310769230769
-0.23969907692307693
-0.17669723076923077
-0.0853236923076923
0.010848
0.10868861538461538
0.21132738461538458
0.29414769230769233
0.34233784615384616
0.33649661538461534
0.28121353846153846
0.19213476923076922
0.08052553846153847
-0.02482523076923077
-0.12412615384615384
-0.20819815384615384
-0.2588916923076923
-0.27599815384615384
-0.2399076923076923
-0.165432
-0.07343261538461537
0.026285538461538457
0.11599015384615384
0.20152246153846154
0.2620209230769231
0.273912
0.24512307692307692
0.18504184615384617
0.11202646153846153
0.03942830769230769
-0.02023569230769231
-0.06592246153846154
-0.10138707692307691
-0.12141415384615384
-0.1218313846153846
-0.09596307692307693
-0.05277969230769231
-0.0004172307692307692
0.054657230769230764
0.11390399999999999
0.16710092307692306
0.21320492307692307
0.24720923076923076
0.25805723076923076
0.2638984615384615
0.25555384615384613
0.2399076923076923
0.2209236923076923
0.18525046153846153
0.1368516923076923
0.07697907692307693
0.022530461538461537
-0.009596307692307692
-0.02044430769230769
-0.015020307692307692
-0.0016689230769230767
0.0025033846153846152
0.01981846153846154
0.05090215384615384
0.08615815384615384
0.11473846153846154
0.12308307692307692
0.13121907692307694
0.12934153846153845
0.12725538461538463
0.10827138461538462
0.06675692307692307
0.02357353846153846
-0.025659692307692307
-0.06216738461538462
-0.09700615384615385
-0.13747753846153846
-0.17586276923076924
-0.1992276923076923
-0.19380369230769232
-0.15562707692307692
-0.0936683076923077
-0.030040615384615384
0.03066646153846154
0.07614461538461538
0.11348676923076922
0.13810338461538463
0.1506203076923077
0.14978584615384616
0.13247076923076923
0.11411261538461538
0.09137353846153846
0.08156861538461539
0.07030338461538461
0.05236246153846154
0.02357353846153846
-0.015228923076923076
-0.03921969230769231
-0.05611753846153846
-0.08010830769230769
-0.11703323076923078
-0.1424843076923077
-0.1504116923076923
-0.13747753846153846
-0.0974233846153846
-0.04380923076923077
0.014603076923076923
0.06905169230769231
0.11306953846153844
0.143736
0.14811692307692306
0.12162276923076921
0.07155507692307693
-0.006884307692307692
-0.08615815384615384
-0.15771323076923077
-0.21967199999999998
-0.2641070769230769
-0.28121353846153846
-0.2480436923076923
-0.18379015384615385
-0.08866153846153846
0.017732307692307693
0.1097316923076923
0.18358153846153846
0.23177169230769232
0.2482523076923077
0.22530461538461538
0.16021661538461537
0.059038153846153844
-0.050067692307692306
-0.15520984615384617
-0.23531815384615382
-0.2830910769230769
-0.3049956923076923
-0.28934953846153844
-0.23510953846153848
-0.15166338461538462
-0.054240000000000003
0.03421292307692308
0.10117846153846152
0.14123261538461537
0.14832553846153845
0.13706030769230768
0.10347323076923076
0.04756430769230769
-0.02023569230769231
-0.092208
-0.14331876923076922
-0.1666836923076923
-0.16105107692307694
-0.1287156923076923
-0.08031692307692308
-0.014185846153846153
0.049233230769230765
0.09158215384615384
0.11056615384615384
0.0988836923076923
0.07468430769230769
0.04902461538461538
0.03108369230769231
0.026702769230769228
0.03588184615384615
0.058412307692307694
0.08469784615384615
0.12496061538461539
0.17169046153846151
0.20193969230769232
0.2090326153846154
0.1873366153846154
0.14957723076923077
0.10681107692307691
0.04693846153846153
-0.0025033846153846152
-0.03504738461538461
-0.06800861538461538
-0.07802215384615384
-0.06633969230769231
-0.032544
0.012099692307692308
0.040054153846153843
0.07531015384615385
0.11578153846153846
0.14811692307692306
0.17377661538461536
0.16710092307692306
0.14164984615384615
0.09241661538461539
0.026285538461538457
-0.029832
-0.09074769230769231
-0.13622584615384614
-0.1585476923076923
-0.1570873846153846
-0.12412615384615384
-0.09179076923076923
-0.05507446153846154
-0.0446436923076923
-0.07468430769230769
-0.07843938461538462
-0.073224
-0.055491692307692304
-0.03233538461538461
-0.03629907692307692
-0.0012516923076923076
0.07051199999999999
0.21612553846153845
0.34922215384615385
0.3114627692307692
0.2415766153846154
0.10409907692307692
0.013768615384615384
-0.029623384615384614
-0.2497126153846154
-0.42494953846153843
-0.5937193846153845
-0.6068621538461538
-0.44643692307692306
-0.34171199999999996
-0.1614683076923077
-0.058829538461538454
0.12350030769230769
0.3571495384615384
0.4681329230769231
0.546780923076923
0.38698153846153843
0.18900553846153845
-0.0012516923076923076
-0.22551323076923077
-0.3243969230769231
-0.4873255384615384
-0.5563772307692307
-0.5052664615384616
-0.458328
-0.2540935384615385
-0.06216738461538462
0.124752
0.32606584615384615
0.3611132307692308
0.38760738461538463
0.35965292307692304
0.2828824615384615
0.23969907692307693
0.07072061538461538
-0.10409907692307692
-0.2532590769230769
-0.3617390769230769
-0.34776184615384614
-0.3475532307692307
-0.33524492307692305
-0.2855944615384615
-0.1977673846153846
-0.011891076923076923
0.13434830769230768
0.21591692307692306
0.25805723076923076
0.2424110769230769
0.2722430769230769
0.2712
0.21174461538461536
0.16230276923076925
0.08490646153846154
0.06946892307692307
0.09554584615384615
0.08824430769230769
0.09429415384615383
0.05236246153846154
0.005632615384615384
-0.0070929230769230765
-0.03775938461538462
-0.0446436923076923
-0.04109723076923077
-0.005215384615384615
0.04693846153846153
0.08845292307692308
0.16981292307692308
0.22154953846153846
0.2436627692307692
0.23114584615384615
0.14936861538461538
0.0988836923076923
0.029414769230769227
-0.06279323076923077
-0.1395636923076923
-0.23949046153846154
-0.2641070769230769
-0.24095076923076922
-0.2021483076923077
-0.13476553846153844
-0.0853236923076923
0.009804923076923077
0.14123261538461537
0.25471938461538457
0.3210590769230769
0.3095852307692307
0.2701569230769231
0.21487384615384614
0.12934153846153845
0.012308307692307691
-0.14185846153846154
-0.2695310769230769
-0.3319070769230769
-0.3454670769230769
-0.28121353846153846
-0.1883796923076923
-0.08469784615384615
0.050067692307692306
0.15145476923076923
0.24846092307692308
0.3212676923076923
0.33295015384615384
0.3062473846153846
0.22321846153846153
0.13393107692307693
0.049233230769230765
-0.028788923076923077
-0.07969107692307692
-0.13601723076923075
-0.18337292307692307
-0.21320492307692307
-0.20486030769230767
-0.143736
-0.07426707692307692
-0.01043076923076923
0.050067692307692306
0.10222153846153846
0.18399876923076922
0.2651501538461538
0.29727692307692305
0.28893230769230765
0.22718215384615387
0.17711446153846155
0.1597993846153846
0.12037107692307693
0.059038153846153844
-0.023990769230769232
-0.08782707692307692
-0.10013538461538461
-0.09471138461538461
-0.07030338461538461
-0.04401784615384615
-0.020652923076923076
0.018775384615384614
0.051528
0.09325107692307691
0.12996738461538462
0.15938215384615384
0.1910916923076923
0.18128676923076922
0.16021661538461537
0.13184492307692308
0.0988836923076923
0.08302892307692307
0.03859384615384615
-0.005215384615384615
-0.02795446153846154
-0.03609046153846154
-0.01668923076923077
0.002086153846153846
0.012516923076923077
0.028788923076923077
0.05611753846153846
0.09596307692307693
0.12350030769230769
0.116616
0.10055261538461538
0.07113784615384615
0.043600615384615383
0.010848
-0.034630153846153845
-0.065088
-0.10576799999999999
-0.13455692307692307
-0.154584
-0.1787833846153846
-0.17628
-0.16897846153846155
-0.1489513846153846
-0.1205796923076923
-0.10138707692307691
-0.06362769230769232
-0.031918153846153846
-0.0077187692307692304
0.004172307692307692
-0.016063384615384615
-0.035464615384615386
-0.04735569230769231
-0.04965046153846154
-0.05194523076923077
-0.07635323076923077
-0.10430769230769231
-0.12516923076923075
-0.12516923076923075
-0.10994030769230768
-0.10827138461538462
-0.09471138461538461
-0.06967753846153846
-0.04109723076923077
0.0008344615384615384
0.03358707692307692
0.06821723076923077
0.10013538461538461
0.111192
0.11953661538461538
0.11348676923076922
0.10389046153846154
0.10389046153846154
0.09199938461538461
0.08073415384615384
0.06571384615384615
0.05236246153846154
0.037967999999999995
0.0043809230769230765
-0.035255999999999996
-0.09471138461538461
-0.15208061538461537
-0.173568
-0.17085599999999998
-0.14311015384615386
-0.10618523076923077
-0.06529661538461538
0.0043809230769230765
0.0855323076923077
0.16418030769230768
0.22342707692307692
0.23656984615384613
0.22572184615384616
0.1977673846153846
0.14060676923076923
0.07614461538461538
-0.002086153846153846
-0.08949599999999999
-0.15604430769230768
-0.1913003076923077
-0.17481969230769231
-0.11974523076923077
-0.05173661538461538
0.02545107692307692
0.10597661538461538
0.1910916923076923
0.276624
0.3410861538461538
0.3652855384615385
0.3375396923076923
0.2674449230769231
0.17273353846153844
0.05611753846153846
-0.06633969230769231
-0.19317784615384614
-0.31396615384615384
-0.39511753846153846
-0.4228633846153846
-0.3873987692307692
-0.306456
-0.19359507692307693
-0.05277969230769231
0.0961716923076923
0.2453316923076923
0.36674584615384614
0.42474092307692307
0.4113895384615384
0.3419206153846154
0.23803015384615384
0.11745046153846153
-0.022530461538461537
-0.168144
-0.29644246153846154
-0.3844781538461538
-0.40992923076923077
-0.3775938461538461
-0.29915446153846154
-0.20173107692307693
-0.08469784615384615
0.053614153846153846
0.1923433846153846
0.3216849230769231
0.40930338461538457
0.431208
0.4042966153846154
0.32877784615384614
0.21988061538461537
0.0961716923076923
-0.05736923076923077
-0.21216184615384615
-0.34046030769230773
-0.41305846153846154
-0.4186910769230769
-0.3873987692307692
-0.31229723076923077
-0.2090326153846154
-0.084072
0.04965046153846154
0.16480615384615382
0.25513661538461535
0.28204799999999997
0.25930892307692305
0.21508246153846153
0.15646153846153846
0.09074769230769231
0.0012516923076923076
-0.10472492307692308
-0.20986707692307693
-0.29602523076923076
-0.34317230769230767
-0.3460929230769231
-0.3195987692307692
-0.2720344615384615
-0.20047938461538461
-0.10201292307692307
0.02211323076923077
0.13893784615384613
0.22175815384615383
0.25951753846153847
0.26118646153846153
0.24199384615384617
0.19192615384615386
0.10055261538461538
-0.03504738461538461
-0.17732307692307692
-0.28809784615384615
-0.36278215384615387
-0.38760738461538463
-0.36632861538461536
-0.30979384615384614
-0.2140393846153846
-0.09304246153846155
0.04672984615384615
0.1858763076923077
0.2914356923076923
0.35256
0.36382523076923073
0.33482769230769227
0.27474646153846155
0.1858763076923077
0.07677046153846154
-0.03671630769230769
-0.13184492307692308
-0.1942209230769231
-0.208824
-0.1829556923076923
-0.13872923076923074
-0.07364123076923076
0.012099692307692308
0.11891076923076922
0.22447015384615385
0.2937304615384615
0.3193901538461538
0.30374399999999996
0.25471938461538457
0.18754523076923074
0.10722830769230769
0.016897846153846156
-0.07572738461538461
-0.15896492307692306
-0.2138307692307692
-0.23928184615384615
-0.22634769230769228
-0.19797599999999999
-0.1558356923076923
-0.08782707692307692
-0.010639384615384617
0.07197230769230768
0.13622584615384614
0.16793538461538463
0.1829556923076923
0.1927606153846154
0.19609846153846153
0.19067446153846154
0.17002153846153847
0.14144123076923076
0.10722830769230769
0.0771876923076923
0.06404492307692307
0.05090215384615384
0.04109723076923077
0.033169846153846154
0.024408000000000003
0.02524246153846154
0.03421292307692308
0.044435076923076924
0.051528
0.05298830769230769
0.04860738461538461
0.04631261538461538
0.04944184615384615
0.049233230769230765
0.031709538461538456
0.008970461538461538
-0.017940923076923077
-0.04902461538461538
-0.08031692307692308
-0.12662953846153846
-0.1718990769230769
-0.21049292307692305
-0.22634769230769228
-0.21028430769230766
-0.17711446153846155
-0.12934153846153845
-0.07656184615384615
-0.01043076923076923
0.056951999999999996
0.11557292307692307
0.15750461538461538
0.17169046153846151
0.16167692307692308
0.12537784615384615
0.07405846153846153
0.014394461538461538
-0.052153846153846155
-0.12037107692307693
-0.17231630769230769
-0.20047938461538461
-0.19442953846153843
-0.15354092307692307
-0.08907876923076924
-0.01043076923076923
0.056951999999999996
0.11265230769230769
0.15562707692307692
0.18128676923076922
0.19067446153846154
0.17961784615384613
0.15479261538461536
0.1207883076923077
0.08135999999999999
0.04714707692307692
0.01043076923076923
-0.022947692307692308
-0.0448523076923077
-0.06529661538461538
-0.07197230769230768
-0.06675692307692307
-0.054240000000000003
-0.02357353846153846
0.015854769230769228
0.05757784615384615
0.100344
0.13852061538461538
0.18316430769230768
0.22029784615384615
0.2371956923076923
0.23072861538461537
0.19004861538461537
0.1368516923076923
0.07468430769230769
0.003129230769230769
-0.0717636923076923
-0.1502030769230769
-0.21174461538461536
-0.25200738461538463
-0.27599815384615384
-0.27558092307692306
-0.2674449230769231
-0.2624381538461539
-0.25701415384615384
-0.21529107692307692
-0.10660246153846153
0.019609846153846155
0.18379015384615385
0.328152
0.4214030769230769
0.520704
0.5405224615384615
0.5213298461538461
0.40450523076923073
0.20193969230769232
-0.009804923076923077
-0.20131384615384615
-0.3035353846153846
-0.42474092307692307
-0.45707630769230767
-0.450192
-0.37884553846153846
-0.1656406153846154
0.047981538461538464
0.2985286153846154
0.4785636923076923
0.6062363076923076
0.6842584615384616
0.6343993846153846
0.5259193846153846
0.3152178461538461
0.06195876923076923
-0.19568123076923075
-0.4320424615384615
-0.5732750769230769
-0.6460818461538461
-0.6081138461538461
-0.482736
-0.31626092307692305
-0.11077476923076923
0.07739630769230768
0.24992123076923078
0.3713353846153846
0.3915710769230769
0.37321292307692305
0.29915446153846154
0.20339999999999997
0.12454338461538461
0.012099692307692308
-0.09930092307692308
-0.21821169230769227
-0.3114627692307692
-0.3481790769230769
-0.36570276923076916
-0.35923569230769226
-0.3241883076923077
-0.24428861538461538
-0.127464
-0.005424
0.11265230769230769
0.18983999999999998
0.24679199999999998
0.3049956923076923
0.32210215384615387
0.32314523076923074
0.2981113846153846
0.24679199999999998
0.20193969230769232
0.1218313846153846
0.008344615384615384
-0.103056
-0.23344061538461539
-0.3448412307692308
-0.40617415384615385
-0.4239064615384615
-0.368832
-0.25951753846153847
-0.10013538461538461
0.08720123076923077
0.2655673846153846
0.4118067692307692
0.49400123076923075
0.5113163076923077
0.4405956923076923
0.2989458461538462
0.13330523076923076
-0.045895384615384616
-0.19463815384615382
-0.31751261538461534
-0.40888615384615384
-0.417648
-0.37050092307692306
-0.2659846153846154
-0.13518276923076925
-0.01710646153846154
0.11327815384615383
0.2330233846153846
0.3285692307692308
0.3738387692307692
0.34922215384615385
0.26786215384615386
0.14853415384615384
0.02273907692307692
-0.11599015384615384
-0.24449723076923074
-0.32961230769230765
-0.38072307692307694
-0.3711267692307692
-0.2920615384615385
-0.1846246153846154
-0.05277969230769231
0.06967753846153846
0.1449876923076923
0.19317784615384614
0.2138307692307692
0.2157083076923077
0.21091015384615383
0.17231630769230769
0.10764553846153846
0.04985907692307692
0.003963692307692307
-0.034630153846153845
-0.06383630769230769
-0.0853236923076923
-0.11578153846153846
-0.13080184615384613
-0.10889723076923077
-0.06070707692307692
-0.011265230769230769
0.006884307692307692
0.02545107692307692
0.05382276923076923
0.08323753846153846
0.11494707692307692
0.10868861538461538
0.07572738461538461
0.04214030769230769
0.007927384615384614
-0.010848
-0.025659692307692307
-0.04693846153846153
-0.07635323076923077
-0.11348676923076922
-0.14018953846153845
-0.15771323076923077
-0.17085599999999998
-0.18066092307692305
-0.18712800000000002
-0.1656406153846154
-0.1178676923076923
-0.05048492307692308
0.032544
0.09074769230769231
0.12141415384615384
0.13184492307692308
0.11911938461538461
0.11348676923076922
0.09408553846153846
0.04318338461538461
-0.0006258461538461538
-0.037342153846153844
-0.042348923076923076
-0.014603076923076923
0.018775384615384614
0.06383630769230769
0.10764553846153846
0.15562707692307692
0.19046584615384615
0.20506892307692307
0.1910916923076923
0.13372246153846154
0.058412307692307694
-0.017523692307692306
-0.09116492307692307
-0.15938215384615384
-0.20632061538461538
-0.21737723076923077
-0.18712800000000002
-0.12704676923076924
-0.042974769230769226
0.04985907692307692
0.12600369230769232
0.18066092307692305
0.20339999999999997
0.1883796923076923
0.15354092307692307
0.08720123076923077
-0.007927384615384614
-0.10263876923076923
-0.19735015384615384
-0.2695310769230769
-0.3081249230769231
-0.31250584615384613
-0.2716172307692308
-0.19568123076923075
-0.09304246153846155
0.023364923076923075
0.13935507692307691
0.222384
0.2559710769230769
0.25346769230769234
0.2090326153846154
0.13768615384615385
0.05277969230769231
-0.03838523076923077
-0.10952307692307692
-0.1543753846153846
-0.16000799999999998
-0.12955015384615384
-0.08448923076923077
-0.017315076923076923
0.058829538461538454
0.1356
0.2056947692307692
0.24428861538461538
0.24866953846153847
0.22196676923076922
0.1802436923076923
0.13101046153846155
0.07238953846153846
0.014394461538461538
-0.03609046153846154
-0.06654830769230768
-0.06905169230769231
-0.04902461538461538
-0.012934153846153845
0.019192615384615384
0.04109723076923077
0.06759138461538462
0.09095630769230768
0.10576799999999999
0.11578153846153846
0.1218313846153846
0.116616
0.10952307692307692
0.0988836923076923
0.08344615384615384
0.05945538461538461
0.021278769230769233
-0.016063384615384615
-0.04819015384615385
-0.06821723076923077
-0.08135999999999999
-0.0826116923076923
-0.09012184615384615
-0.08991323076923076
-0.06571384615384615
-0.04672984615384615
-0.014811692307692307
0.014394461538461538
0.04526953846153846
0.08782707692307692
0.12767261538461538
0.17648861538461538
0.2073636923076923
0.20506892307692307
0.1779489230769231
0.13434830769230768
0.08365476923076923
0.013768615384615384
-0.07426707692307692
-0.15082892307692305
-0.1992276923076923
-0.20506892307692307
-0.17169046153846151
-0.11452984615384615
-0.03775938461538462
0.042974769230769226
0.12308307692307692
0.18128676923076922
0.19735015384615384
0.17085599999999998
0.0988836923076923
0.006675692307692307
-0.08636676923076922
-0.17315076923076922
-0.24866953846153847
-0.30436984615384616
-0.3239796923076923
-0.2939390769230769
-0.2205064615384615
-0.12350030769230769
-0.027120000000000002
0.052153846153846155
0.11035753846153845
0.1397723076923077
0.15291507692307693
0.1397723076923077
0.10138707692307691
0.054240000000000003
-0.003755076923076923
-0.04631261538461538
-0.06696553846153847
-0.06613107692307692
-0.0448523076923077
-0.020652923076923076
0.009596307692307692
0.06216738461538462
0.11411261538461538
0.15103753846153847
0.1696043076923077
0.15124615384615384
0.12016246153846154
0.084072
0.05924676923076923
0.04526953846153846
0.019609846153846155
0.007301538461538462
0.011265230769230769
0.04109723076923077
0.07969107692307692
0.10117846153846152
0.11140061538461538
0.09158215384615384
0.06216738461538462
0.03609046153846154
0.002712
-0.045895384615384616
-0.1045163076923077
-0.13455692307692307
-0.12725538461538463
-0.09241661538461539
-0.03275261538461539
0.027745846153846152
0.08156861538461539
0.13622584615384614
0.17252492307692308
0.19463815384615382
0.17961784615384613
0.11703323076923078
0.04047138461538462
-0.042348923076923076
-0.0961716923076923
-0.11619876923076923
-0.12245723076923076
-0.10889723076923077
-0.08031692307692308
-0.024616615384615383
0.05570030769230769
0.13059323076923077
0.17711446153846155
0.18650215384615382
0.1693956923076923
0.14290153846153844
0.10430769230769231
0.04965046153846154
-0.017940923076923077
-0.09158215384615384
-0.1424843076923077
-0.16063384615384615
-0.14123261538461537
-0.09867507692307692
-0.05674338461538461
-0.011265230769230769
0.03838523076923077
0.0936683076923077
0.13393107692307693
0.13914646153846155
0.10952307692307692
0.05277969230769231
-0.011682461538461537
-0.06633969230769231
-0.11765907692307691
-0.15500123076923078
-0.17544553846153846
-0.1777403076923077
-0.14394461538461537
-0.09012184615384615
-0.025659692307692307
0.032544
0.06946892307692307
0.09137353846153846
0.0974233846153846
0.08344615384615384
0.05090215384615384
0.0029206153846153843
-0.043392
-0.07906523076923076
-0.09053907692307692
-0.08177723076923075
-0.06926030769230769
-0.05382276923076923
-0.04276615384615385
-0.01981846153846154
0.01272553846153846
0.033169846153846154
0.04172307692307692
0.03859384615384615
0.03567323076923076
0.03755076923076923
0.04214030769230769
0.05090215384615384
0.045060923076923075
0.02545107692307692
0.004589538461538461
-0.013560000000000001
-0.023990769230769232
-0.04193169230769231
-0.06321046153846153
-0.0717636923076923
-0.06821723076923077
-0.04047138461538462
-0.006258461538461538
0.024408000000000003
0.050067692307692306
0.06028984615384615
0.06049846153846154
0.045895384615384616
0.02023569230769231
-0.021696
-0.07197230769230768
-0.12308307692307692
-0.1656406153846154
-0.1860849230769231
-0.19359507692307693
-0.19067446153846154
-0.17586276923076924
-0.14561353846153846
-0.10159569230769232
-0.04714707692307692
-0.0025033846153846152
0.032544
0.06341907692307691
0.08907876923076924
0.1136953846153846
0.1207883076923077
0.10785415384615385
0.07948246153846153
0.052153846153846155
0.032544
0.02858030769230769
0.03400430769230769
0.03838523076923077
0.04693846153846153
0.055491692307692304
0.08031692307692308
0.10368184615384615
0.11181784615384616
0.11473846153846154
0.10639384615384614
0.09846646153846153
0.084072
0.059872615384615385
0.035255999999999996
0.004798153846153846
-0.02899753846153846
-0.05799507692307692
-0.08094276923076923
-0.10368184615384615
-0.1205796923076923
-0.13226215384615383
-0.13330523076923076
-0.12016246153846154
-0.09137353846153846
-0.048816000000000005
-0.015646153846153844
0.008761846153846153
0.01981846153846154
0.02273907692307692
0.02211323076923077
0.02023569230769231
0.006675692307692307
-0.02524246153846154
-0.03838523076923077
-0.04422646153846154
-0.01814953846153846
-0.0016689230769230767
0.08198584615384615
0.19213476923076922
0.14999446153846155
0.16835261538461538
0.14811692307692306
0.1287156923076923
0.15354092307692307
0.037967999999999995
-0.03921969230769231
-0.17148184615384612
-0.22467876923076924
-0.154584
-0.12537784615384615
-0.042557538461538466
-0.030875076923076922
0.04944184615384615
0.1856676923076923
0.2578486153846154
0.35193415384615384
0.28121353846153846
0.18316430769230768
0.11327815384615383
-0.012099692307692308
-0.040679999999999994
-0.143736
-0.22342707692307692
-0.21007569230769232
-0.27182584615384614
-0.19609846153846153
-0.09658892307692307
-0.028371692307692306
0.10222153846153846
0.12496061538461539
0.15750461538461538
0.1704387692307692
0.14144123076923076
0.1869193846153846
0.14811692307692306
0.058829538461538454
-0.037342153846153844
-0.13393107692307693
-0.13372246153846154
-0.157296
-0.1927606153846154
-0.21111876923076925
-0.24303692307692307
-0.1787833846153846
-0.09825784615384614
-0.024408000000000003
0.06529661538461538
0.09471138461538461
0.1504116923076923
0.20110523076923076
0.1977673846153846
0.21842030769230766
0.1846246153846154
0.1502030769230769
0.15103753846153847
0.11807630769230769
0.10389046153846154
0.06571384615384615
0.018358153846153843
-0.027120000000000002
-0.08323753846153846
-0.0961716923076923
-0.08720123076923077
-0.032544
0.025033846153846153
0.056951999999999996
0.1316363076923077
0.19338646153846153
0.24720923076923076
0.2803790769230769
0.23615261538461538
0.1783661538461538
0.08094276923076923
-0.017940923076923077
-0.0828203076923077
-0.18942276923076923
-0.2753723076923077
-0.3291950769230769
-0.3467187692307692
-0.3060387692307692
-0.25513661538461535
-0.1666836923076923
-0.044435076923076924
0.06967753846153846
0.16626646153846153
0.21654276923076923
0.2503384615384615
0.26786215384615386
0.21612553846153845
0.14665661538461539
0.042557538461538466
-0.06216738461538462
-0.11140061538461538
-0.17085599999999998
-0.18316430769230768
-0.16689230769230767
-0.1476996923076923
-0.06717415384615384
0.0077187692307692304
0.08782707692307692
0.18149538461538461
0.2369870769230769
0.2774584615384615
0.2795446153846154
0.2561796923076923
0.20673784615384616
0.12955015384615384
0.07405846153846153
0.01814953846153846
-0.032544
-0.08469784615384615
-0.13664307692307692
-0.15082892307692305
-0.157296
-0.14916
-0.12955015384615384
-0.14874276923076923
-0.14269292307692305
-0.10660246153846153
-0.07614461538461538
-0.02482523076923077
0.008136
0.04860738461538461
0.10159569230769232
0.12037107692307693
0.12913292307692306
0.103056
0.04860738461538461
-0.0035464615384615383
-0.0744756923076923
-0.1287156923076923
-0.17523692307692307
-0.21111876923076925
-0.214248
-0.21111876923076925
-0.16480615384615382
-0.08949599999999999
-0.0022947692307692304
0.10535076923076922
0.16251138461538459
0.192552
0.21174461538461536
0.19881046153846152
0.19672430769230767
0.14519630769230768
0.05027630769230769
-0.03671630769230769
-0.11056615384615384
-0.1368516923076923
-0.14582215384615385
-0.14436184615384615
-0.12558646153846154
-0.09325107692307691
-0.021904615384615383
0.06028984615384615
0.12516923076923075
0.17231630769230769
0.17481969230769231
0.16793538461538463
0.15145476923076923
0.11599015384615384
0.08866153846153846
0.032544
-0.012099692307692308
-0.031709538461538456
-0.037967999999999995
-0.0008344615384615384
0.04318338461538461
0.08469784615384615
0.11014892307692307
0.11140061538461538
0.11432123076923076
0.09533723076923077
0.055491692307692304
0.003129230769230769
-0.059872615384615385
-0.10535076923076922
-0.1207883076923077
-0.10180430769230768
-0.06195876923076923
-0.020027076923076922
0.03650769230769231
0.10660246153846153
0.1775316923076923
0.2292683076923077
0.21988061538461537
0.18149538461538461
0.132888
0.07572738461538461
0.031709538461538456
-0.028163076923076923
-0.08156861538461539
-0.10910584615384614
-0.11286092307692308
-0.07697907692307693
-0.03400430769230769
0.011473846153846154
0.06049846153846154
0.10472492307692308
0.16021661538461537
0.20527753846153846
0.22718215384615387
0.2194633846153846
0.17085599999999998
0.10430769230769231
0.01940123076923077
-0.06967753846153846
-0.14749107692307692
-0.2209236923076923
-0.2655673846153846
-0.2853858461538461
-0.28350830769230767
-0.24053353846153847
-0.17544553846153846
-0.10576799999999999
-0.035464615384615386
0.02211323076923077
0.06571384615384615
0.09241661538461539
0.08866153846153846
0.07092923076923077
0.04193169230769231
0.016063384615384615
-0.0006258461538461538
-0.022947692307692308
-0.03066646153846154
-0.04109723076923077
-0.03984553846153846
-0.02023569230769231
-0.0014603076923076922
0.017940923076923077
0.019192615384615384
0.01940123076923077
0.03650769230769231
0.05736923076923077
0.08073415384615384
0.10409907692307692
0.11911938461538461
0.14519630769230768
0.16876984615384616
0.17398523076923075
0.1558356923076923
0.10430769230769231
0.03984553846153846
-0.02482523076923077
-0.07697907692307693
-0.11536430769230768
-0.14018953846153845
-0.14665661538461539
-0.13601723076923075
-0.11432123076923076
-0.08490646153846154
-0.04672984615384615
-0.015437538461538461
0.0035464615384615383
0.014603076923076923
0.02545107692307692
0.029414769230769227
0.023364923076923075
0.01272553846153846
-0.004798153846153846
-0.016480615384615385
-0.021696
-0.023364923076923075
-0.01981846153846154
-0.014394461538461538
0.006675692307692307
0.04380923076923077
0.0961716923076923
0.14978584615384616
0.18232984615384615
0.1908830769230769
0.17315076923076922
0.13372246153846154
0.07906523076923076
0.020652923076923076
-0.041514461538461535
-0.09867507692307692
-0.1314276923076923
-0.1353913846153846
-0.11306953846153844
-0.07364123076923076
-0.025659692307692307
0.01668923076923077
0.047981538461538464
0.07510153846153846
0.08240307692307691
0.05382276923076923
-0.0033378461538461535
-0.07739630769230768
-0.14665661538461539
-0.19985353846153847
-0.23281476923076924
-0.23928184615384615
-0.21111876923076925
-0.15270646153846154
-0.059664
0.05820369230769231
0.1462393846153846
0.2090326153846154
0.23677846153846152
0.22530461538461538
0.19046584615384615
0.11223507692307692
0.021696
-0.073224
-0.14999446153846155
-0.18379015384615385
-0.1860849230769231
-0.14477907692307693
-0.08740984615384616
-0.015646153846153844
0.07072061538461538
0.15374953846153847
0.24032492307692307
0.2953993846153846
0.3152178461538461
0.2995716923076923
0.22968553846153844
0.146448
0.04944184615384615
-0.05403138461538461
-0.1435273846153846
-0.21862892307692305
-0.24491446153846153
-0.2261390769230769
-0.16042523076923076
-0.06759138461538462
0.020027076923076922
0.10514215384615383
0.1693956923076923
0.20047938461538461
0.19839323076923077
0.15959076923076923
0.09763200000000001
0.02586830769230769
-0.05194523076923077
-0.12266584615384615
-0.1779489230769231
-0.21299630769230768
-0.22029784615384615
-0.20131384615384615
-0.15959076923076923
-0.11202646153846153
-0.07593599999999999
-0.041514461538461535
-0.02086153846153846
-0.006049846153846154
0.012099692307692308
0.016272
0.015646153846153844
0.0035464615384615383
-0.012934153846153845
-0.026702769230769228
-0.04839876923076923
-0.06800861538461538
-0.08740984615384616
-0.10368184615384615
-0.10138707692307691
-0.07885661538461539
-0.03567323076923076
0.023990769230769232
0.08490646153846154
0.13935507692307691
0.17982646153846152
0.21237046153846154
0.22780799999999998
0.20506892307692307
0.1635544615384615
0.10535076923076922
0.04318338461538461
-0.0070929230769230765
-0.053405538461538456
-0.08240307692307691
-0.10013538461538461
-0.10096984615384616
-0.078648
-0.04756430769230769
-0.009596307692307692
0.027120000000000002
0.055491692307692304
0.08344615384615384
0.10201292307692307
0.11223507692307692
0.10493353846153847
0.06675692307692307
0.019192615384615384
-0.037342153846153844
-0.09012184615384615
-0.1353913846153846
-0.1696043076923077
-0.1867107692307692
-0.19380369230769232
-0.17273353846153844
-0.12537784615384615
-0.06425353846153846
0.0043809230769230765
0.06738276923076922
0.12412615384615384
0.1783661538461538
0.21633415384615384
0.23406646153846156
0.22321846153846153
0.18274707692307693
0.12725538461538463
0.065088
0.007510153846153846
-0.054240000000000003
-0.11181784615384616
-0.14436184615384615
-0.14519630769230768
-0.10764553846153846
-0.03942830769230769
0.040054153846153843
0.12120553846153845
0.1913003076923077
0.24866953846153847
0.292896
0.2989458461538462
0.27328615384615385
0.2157083076923077
0.12496061538461539
0.01814953846153846
-0.092208
-0.19296923076923078
-0.2764153846153846
-0.33378461538461535
-0.3490135384615385
-0.31542646153846154
-0.23969907692307693
-0.13080184615384613
-0.017940923076923077
0.08761846153846153
0.17461107692307692
0.23677846153846152
0.27432923076923077
0.2641070769230769
0.2125790769230769
0.130176
0.03379569230769231
-0.05444861538461539
-0.13080184615384613
-0.18337292307692307
-0.19714153846153845
-0.17023015384615386
-0.11911938461538461
-0.044435076923076924
0.016063384615384615
0.06863446153846153
0.11724184615384614
0.15103753846153847
0.1802436923076923
0.1710646153846154
0.15792184615384616
0.12558646153846154
0.10743692307692307
0.09137353846153846
0.1597993846153846
0.21737723076923077
0.1136953846153846
0.09971815384615385
0.021904615384615383
0.0025033846153846152
0.010013538461538461
-0.14164984615384615
-0.22551323076923077
-0.3838523076923077
-0.376968
-0.2814221538461538
-0.2426196923076923
-0.13393107692307693
-0.12975876923076923
0.026494153846153844
0.21049292307692305
0.34338092307692303
0.4585366153846154
0.32210215384615387
0.2073636923076923
0.06863446153846153
-0.09199938461538461
-0.1462393846153846
-0.3060387692307692
-0.36611999999999995
-0.3775938461538461
-0.42348923076923073
-0.27140861538461536
-0.14603076923076924
-0.010639384615384617
0.138312
0.17148184615384612
0.2568055384615385
0.2591003076923077
0.2605606153846154
0.29832
0.21842030769230766
0.14206707692307693
0.04735569230769231
0.008761846153846153
0.04047138461538462
-0.012934153846153845
-0.06321046153846153
-0.1341396923076923
-0.1777403076923077
-0.10806276923076923
-0.07885661538461539
-0.051319384615384614
-0.031709538461538456
-0.04088861538461538
0.03400430769230769
0.0988836923076923
0.13518276923076925
0.17732307692307692
0.1570873846153846
0.1829556923076923
0.24408
0.26139507692307695
0.2526332307692308
0.18066092307692305
0.10430769230769231
0.021070153846153846
-0.06633969230769231
-0.13476553846153844
-0.20319138461538463
-0.21237046153846154
-0.21487384615384614
-0.18337292307692307
-0.05945538461538461
0.051528
0.17002153846153847
0.26932246153846157
0.31646953846153847
0.3642424615384615
0.3485963076923077
0.3054129230769231
0.2342750769230769
0.09971815384615385
-0.0025033846153846152
-0.07802215384615384
-0.12975876923076923
-0.15813046153846153
-0.19150892307692308
-0.1710646153846154
-0.10952307692307692
-0.035255999999999996
0.031709538461538456
0.06467076923076923
0.12245723076923076
0.1597993846153846
0.15917353846153848
0.15792184615384616
0.08991323076923076
0.022530461538461537
-0.029414769230769227
-0.10117846153846152
-0.12016246153846154
-0.14415323076923076
-0.16856123076923077
-0.1612596923076923
-0.17252492307692308
-0.14582215384615385
-0.09429415384615383
-0.04672984615384615
0.0006258461538461538
0.018358153846153843
0.03984553846153846
0.04819015384615385
0.05507446153846154
0.08365476923076923
0.08198584615384615
0.078648
0.06216738461538462
0.04401784615384615
0.05570030769230769
0.042974769230769226
0.04318338461538461
0.03358707692307692
-0.004589538461538461
-0.0002086153846153846
0.02795446153846154
0.042974769230769226
0.04193169230769231
0.021070153846153846
0.02524246153846154
0.07197230769230768
0.10743692307692307
0.12412615384615384
0.10576799999999999
0.06946892307692307
0.042348923076923076
0.01272553846153846
-0.0070929230769230765
-0.050067692307692306
-0.1070196923076923
-0.1543753846153846
-0.19588984615384614
-0.1992276923076923
-0.19609846153846153
-0.18337292307692307
-0.14311015384615386
-0.12037107692307693
-0.08761846153846153
-0.05590892307692308
-0.033169846153846154
0.008344615384615384
0.017523692307692306
0.02357353846153846
0.043600615384615383
0.06008123076923077
0.09137353846153846
0.09325107692307691
0.06717415384615384
0.030875076923076922
-0.013142769230769229
-0.03921969230769231
-0.07593599999999999
-0.1151556923076923
-0.13810338461538463
-0.15082892307692305
-0.12642092307692307
-0.08761846153846153
-0.03504738461538461
0.026285538461538457
0.07218092307692307
0.1289243076923077
0.168144
0.16730953846153845
0.14686523076923075
0.10722830769230769
0.05277969230769231
-0.012934153846153845
-0.08010830769230769
-0.13101046153846155
-0.16292861538461537
-0.18086953846153844
-0.1792006153846154
-0.16438892307692307
-0.14144123076923076
-0.10555938461538462
-0.05674338461538461
-0.008970461538461538
0.021070153846153846
0.05277969230769231
0.07426707692307692
0.08866153846153846
0.09199938461538461
0.0678
0.054240000000000003
0.035464615384615386
0.004589538461538461
-0.013560000000000001
-0.03275261538461539
-0.041514461538461535
-0.03400430769230769
-0.017940923076923077
0.007301538461538462
0.029832
0.05570030769230769
0.08302892307692307
0.10806276923076923
0.12412615384615384
0.13101046153846155
0.14123261538461537
0.14999446153846155
0.15541846153846153
0.15562707692307692
0.14206707692307693
0.12308307692307692
0.10910584615384614
0.08991323076923076
0.07113784615384615
0.03108369230769231
-0.021696
-0.04985907692307692
-0.05924676923076923
-0.04652123076923077
-0.018983999999999997
0.005424
0.035464615384615386
0.07739630769230768
0.12141415384615384
0.15145476923076923
0.14853415384615384
0.10243015384615384
0.026494153846153844
-0.04109723076923077
-0.10159569230769232
-0.14790830769230767
-0.17148184615384612
-0.19359507692307693
-0.19380369230769232
-0.17419384615384614
-0.13768615384615385
-0.08511507692307693
-0.05298830769230769
-0.03233538461538461
-0.012934153846153845
-0.006884307692307692
0.009596307692307692
0.02044430769230769
0.010013538461538461
-0.008761846153846153
-0.03504738461538461
-0.051319384615384614
-0.054240000000000003
-0.04547815384615384
-0.035255999999999996
-0.023364923076923075
0.0022947692307692304
0.042348923076923076
0.08386338461538462
0.09053907692307692
0.06800861538461538
0.03358707692307692
0.0002086153846153846
-0.017315076923076923
-0.03024923076923077
-0.04422646153846154
-0.042557538461538466
-0.015854769230769228
0.030875076923076922
0.09179076923076923
0.138312
0.16042523076923076
0.15354092307692307
0.12245723076923076
0.08010830769230769
0.02211323076923077
-0.05382276923076923
-0.14290153846153844
-0.21967199999999998
-0.2651501538461538
-0.2655673846153846
-0.23218892307692307
-0.1802436923076923
-0.10952307692307692
-0.029623384615384614
0.048816000000000005
0.12204
0.1785747692307692
0.19672430769230767
0.17002153846153847
0.11682461538461539
0.06028984615384615
-0.003129230769230769
-0.06905169230769231
-0.12162276923076921
-0.157296
-0.16271999999999998
-0.13393107692307693
-0.07405846153846153
0.003129230769230769
0.07364123076923076
0.13518276923076925
0.18525046153846153
0.2209236923076923
0.23677846153846152
0.2140393846153846
0.16209415384615386
0.09846646153846153
0.03838523076923077
0.003963692307692307
-0.023364923076923075
-0.042348923076923076
-0.05444861538461539
-0.054240000000000003
-0.027328615384615382
0.009804923076923077
0.052153846153846155
0.06425353846153846
0.03880246153846154
0.011265230769230769
-0.011265230769230769
-0.03275261538461539
-0.05862092307692307
-0.07885661538461539
-0.08386338461538462
-0.0744756923076923
-0.03775938461538462
0.016480615384615385
0.07697907692307693
0.13184492307692308
0.16772676923076923
0.200688
0.2154996923076923
0.20778092307692309
0.17544553846153846
0.11244369230769231
0.042557538461538466
-0.01856676923076923
-0.059664
-0.0744756923076923
-0.0678
-0.04944184615384615
-0.011682461538461537
0.055491692307692304
0.13226215384615383
0.19505538461538463
0.22780799999999998
0.22655630769230767
0.20465169230769228
0.1635544615384615
0.10389046153846154
0.03275261538461539
-0.050067692307692306
-0.12120553846153845
-0.1666836923076923
-0.18942276923076923
-0.1881710769230769
-0.1777403076923077
-0.16063384615384615
-0.12433476923076923
-0.07593599999999999
-0.02315630769230769
0.02753723076923077
0.06195876923076923
0.08198584615384615
0.084072
0.073224
0.06321046153846153
0.04756430769230769
0.026911384615384615
-0.007301538461538462
-0.041514461538461535
-0.06362769230769232
-0.084072
-0.09408553846153846
-0.10368184615384615
-0.10389046153846154
-0.08761846153846153
-0.06967753846153846
-0.047981538461538464
-0.02023569230769231
0.007301538461538462
0.03567323076923076
0.06404492307692307
0.0892873846153846
0.11035753846153845
0.10952307692307692
0.09158215384615384
0.07113784615384615
0.03921969230769231
-0.0022947692307692304
-0.054240000000000003
-0.10910584615384614
-0.16105107692307694
-0.20277415384615383
-0.21591692307692306
-0.2059033846153846
-0.1652233846153846
-0.10243015384615384
-0.019192615384615384
0.08365476923076923
0.17690584615384616
0.24637476923076923
0.2753723076923077
0.260352
0.21508246153846153
0.15124615384615384
0.07280676923076923
-0.0043809230769230765
-0.08511507692307693
-0.15479261538461536
-0.1881710769230769
-0.19609846153846153
-0.17315076923076922
-0.12808984615384614
-0.06633969230769231
0.009596307692307692
0.08574092307692306
0.15833907692307692
0.21028430769230766
0.22989415384615383
0.22405292307692307
0.19317784615384614
0.14457046153846154
0.08511507692307693
0.021070153846153846
-0.03212676923076923
-0.06926030769230769
-0.08031692307692308
-0.052153846153846155
-0.015854769230769228
0.01940123076923077
0.03901107692307692
0.03901107692307692
0.042348923076923076
0.022530461538461537
-0.002086153846153846
-0.03024923076923077
-0.058829538461538454
-0.06717415384615384
-0.061124307692307686
-0.040262769230769234
-0.020652923076923076
0.008970461538461538
0.037342153846153844
0.058829538461538454
0.062376
0.040679999999999994
0.004172307692307692
-0.05507446153846154
-0.12287446153846153
-0.20277415384615383
-0.2868461538461538
-0.3784283076923077
-0.4616658461538461
-0.5409396923076923
-0.5321778461538461
-0.3994984615384615
-0.20360861538461536
0.08657538461538461
0.3483876923076923
0.6195876923076923
0.8659624615384615
1.024718769230769
1.0939790769230768
0.9479483076923076
0.7030338461538461
0.35860984615384617
0.0004172307692307692
-0.32335384615384616
-0.628140923076923
-0.8077587692307693
-0.9010098461538462
-0.8256996923076924
-0.5960141538461537
-0.28121353846153846
0.09804923076923076
0.43245969230769227
0.6930203076923077
0.8611643076923077
0.8830689230769231
0.7823076923076923
0.5688941538461538
0.24178523076923078
-0.1097316923076923
-0.4414301538461538
-0.6869704615384615
-0.7992055384615384
-0.7998313846153845
-0.6786258461538462
-0.4983821538461538
-0.2749550769230769
-0.03129230769230769
0.1712732307692308
0.3072904615384615
0.3502652307692307
0.3375396923076923
0.3114627692307692
0.2814221538461538
0.25659692307692306
0.20715507692307691
0.12496061538461539
0.04109723076923077
-0.05862092307692307
-0.15291507692307693
-0.24408
-0.33587076923076925
-0.3913624615384615
-0.4124326153846154
-0.39595199999999997
-0.3506824615384615
-0.30374399999999996
-0.2436627692307692
-0.15145476923076923
-0.03921969230769231
0.09846646153846153
0.23782153846153845
0.3617390769230769
0.46312615384615385
0.5061009230769231
0.4683415384615384
0.3379569230769231
0.13706030769230768
-0.10868861538461538
-0.3611132307692308
-0.5645132307692308
-0.6844670769230768
-0.6779999999999999
-0.5499101538461538
-0.3304467692307692
-0.042974769230769226
0.2492953846153846
0.5204953846153846
0.723060923076923
0.8140172307692307
0.7971193846153847
0.6752879999999999
0.4958787692307692
0.287472
0.05298830769230769
-0.17461107692307692
-0.35798399999999997
-0.46583815384615385
-0.4914978461538461
-0.4593710769230769
-0.36445107692307693
-0.22488738461538463
-0.051319384615384614
0.1506203076923077
0.3216849230769231
0.4378836923076923
0.4812756923076923
0.43287692307692305
0.3304467692307692
0.19463815384615382
0.04109723076923077
-0.10430769230769231
-0.23448369230769228
-0.31354892307692306
-0.3235624615384615
-0.2620209230769231
-0.14832553846153845
-0.03567323076923076
0.058829538461538454
0.130176
0.1829556923076923
0.214248
0.20944984615384615
0.18379015384615385
0.13372246153846154
0.07635323076923077
0.04547815384615384
0.03379569230769231
0.05027630769230769
0.07823076923076923
0.08720123076923077
0.09283384615384616
0.08720123076923077
0.07551876923076924
0.04631261538461538
-0.02315630769230769
-0.10055261538461538
-0.16897846153846155
-0.21487384615384614
-0.2275993846153846
-0.22447015384615385
-0.20110523076923076
-0.14916
-0.07551876923076924
0.02044430769230769
0.10952307692307692
0.16897846153846155
0.18358153846153846
0.15646153846153846
0.12016246153846154
0.04672984615384615
-0.05090215384615384
-0.14665661538461539
-0.235944
-0.2853858461538461
-0.29685969230769227
-0.26535876923076923
-0.18337292307692307
-0.07426707692307692
0.04860738461538461
0.1846246153846154
0.30520430769230766
0.40325353846153844
0.4645864615384615
0.4652123076923077
0.41973415384615387
0.34004307692307695
0.2574313846153846
0.16605784615384614
0.08010830769230769
0.010013538461538461
-0.03650769230769231
-0.040679999999999994
-0.03066646153846154
-0.0018775384615384615
0.03275261538461539
0.05277969230769231
0.06884307692307692
0.07259815384615384
0.052571076923076915
0.009387692307692307
-0.04318338461538461
-0.07405846153846153
-0.0826116923076923
-0.08240307692307691
-0.07760492307692309
-0.06216738461538462
-0.031709538461538456
0.01981846153846154
0.08657538461538461
0.13601723076923075
0.15500123076923078
0.1316363076923077
0.0717636923076923
-0.003963692307692307
-0.0853236923076923
-0.157296
-0.21237046153846154
-0.23928184615384615
-0.22467876923076924
-0.168144
-0.08177723076923075
0.0077187692307692304
0.08115138461538463
0.11953661538461538
0.12850707692307692
0.11077476923076923
0.05799507692307692
-0.014185846153846153
-0.09992676923076924
-0.19192615384615386
-0.2655673846153846
-0.3081249230769231
-0.3170953846153846
-0.28955815384615385
-0.2369870769230769
-0.15833907692307692
-0.05319692307692307
0.0678
0.1721076923076923
0.2374043076923077
0.2532590769230769
0.22300984615384614
0.17148184615384612
0.09429415384615383
-0.006049846153846154
-0.12120553846153845
-0.23656984615384613
-0.30520430769230766
-0.30979384615384614
-0.26619323076923074
-0.1842073846153846
-0.09137353846153846
0.003755076923076923
0.10409907692307692
0.1927606153846154
0.25513661538461535
0.2682793846153846
0.23531815384615382
0.1704387692307692
0.08448923076923077
0.0014603076923076922
-0.08115138461538463
-0.15270646153846154
-0.20298276923076922
-0.23469230769230767
-0.23239753846153846
-0.20506892307692307
-0.15938215384615384
-0.11140061538461538
-0.07197230769230768
-0.028371692307692306
0.016272
0.06425353846153846
0.10555938461538462
0.12913292307692306
0.13205353846153844
0.12558646153846154
0.12642092307692307
0.116616
0.08615815384615384
0.04547815384615384
0.0
-0.034630153846153845
-0.04985907692307692
-0.05862092307692307
-0.06008123076923077
-0.046104
-0.009596307692307692
0.05486584615384615
0.13121907692307694
0.19442953846153843
0.2290596923076923
0.23636123076923077
0.22029784615384615
0.18379015384615385
0.12496061538461539
0.03942830769230769
-0.05820369230769231
-0.15249784615384615
-0.22864246153846152
-0.276624
-0.2962338461538461
-0.2828824615384615
-0.24324553846153843
-0.1783661538461538
-0.0880356923076923
0.010848
0.10868861538461538
0.19004861538461537
0.22697353846153845
0.22718215384615387
0.20173107692307693
0.14436184615384615
0.06070707692307692
-0.03650769230769231
-0.12391753846153845
-0.1873366153846154
-0.21779446153846155
-0.22154953846153846
-0.20193969230769232
-0.165432
-0.11557292307692307
-0.03650769230769231
0.05298830769230769
0.13789476923076924
0.20173107692307693
0.23636123076923077
0.249504
0.2399076923076923
0.20506892307692307
0.14123261538461537
0.059664
-0.02899753846153846
-0.10535076923076922
-0.16105107692307694
-0.20047938461538461
-0.22113230769230768
-0.22029784615384615
-0.20319138461538463
-0.1635544615384615
-0.09971815384615385
-0.027745846153846152
0.040679999999999994
0.09700615384615385
0.15395815384615386
0.20778092307692309
0.24679199999999998
0.26681907692307694
0.2503384615384615
0.19797599999999999
0.11745046153846153
0.02315630769230769
-0.06446215384615385
-0.14603076923076924
-0.21049292307692305
-0.25159015384615385
-0.26118646153846153
-0.23218892307692307
-0.1783661538461538
-0.10201292307692307
-0.0033378461538461535
0.09950953846153845
0.20339999999999997
0.292896
0.34275507692307694
0.34504984615384615
0.2868461538461538
0.19547261538461536
0.07781353846153846
-0.053614153846153846
-0.1787833846153846
-0.3049956923076923
-0.39219692307692305
-0.4243236923076923
-0.38948492307692306
-0.2883064615384615
-0.15124615384615384
0.012099692307692308
0.17565415384615385
0.31855569230769226
0.428496
0.4866996923076923
0.4781464615384615
0.4030449230769231
0.28246523076923075
0.130176
-0.029832
-0.17231630769230769
-0.28893230769230765
-0.3682061538461538
-0.39511753846153846
-0.3617390769230769
-0.27599815384615384
-0.1504116923076923
-0.014185846153846153
0.11828492307692307
0.23114584615384615
0.3127144615384615
0.35276861538461535
0.3392086153846154
0.28663753846153844
0.200688
0.10201292307692307
0.0029206153846153843
-0.09012184615384615
-0.17002153846153847
-0.21925476923076925
-0.23448369230769228
-0.21237046153846154
-0.1614683076923077
-0.10535076923076922
-0.03921969230769231
0.026911384615384615
0.0892873846153846
0.14957723076923077
0.20047938461538461
0.2426196923076923
0.26368984615384616
0.25054707692307693
0.21925476923076925
0.1785747692307692
0.1151556923076923
0.03045784615384615
-0.05048492307692308
-0.12162276923076921
-0.1652233846153846
-0.18107815384615383
-0.16626646153846153
-0.11181784615384616
-0.04693846153846153
0.03567323076923076
0.12850707692307692
0.21508246153846153
0.2782929230769231
0.2993630769230769
0.2858030769230769
0.23385784615384617
0.1435273846153846
0.03066646153846154
-0.09262523076923077
-0.206112
-0.2926873846153846
-0.34338092307692303
-0.3440067692307692
-0.29498215384615384
-0.206112
-0.08469784615384615
0.05862092307692307
0.20402584615384614
0.3327415384615385
0.4170221538461538
0.43412861538461534
0.38719015384615385
0.2899753846153846
0.1696043076923077
0.045895384615384616
-0.06988615384615385
-0.16647507692307692
-0.23406646153846156
-0.24679199999999998
-0.19672430769230767
-0.10409907692307692
0.007301538461538462
0.11223507692307692
0.20235692307692305
0.2705741538461538
0.2981113846153846
0.2730775384615384
0.19651569230769228
0.09304246153846155
-0.01981846153846154
-0.12975876923076923
-0.21675138461538462
-0.279336
-0.314592
-0.31626092307692305
-0.273912
-0.18983999999999998
-0.08448923076923077
0.011891076923076923
0.08448923076923077
0.12683815384615382
0.12496061538461539
0.10159569230769232
0.062376
0.0070929230769230765
-0.04193169230769231
-0.10555938461538462
-0.14936861538461538
-0.16501476923076921
-0.19046584615384615
-0.19296923076923078
-0.17085599999999998
-0.12204
-0.03901107692307692
0.06049846153846154
0.16459753846153846
0.2586830769230769
0.34358953846153845
0.39324
0.3838523076923077
0.36966646153846155
0.290184
0.13789476923076924
-0.02211323076923077
-0.14936861538461538
-0.24324553846153843
-0.3346190769230769
-0.3590270769230769
-0.37321292307692305
-0.3310726153846154
-0.20632061538461538
-0.04735569230769231
0.11828492307692307
0.23615261538461538
0.3517255384615385
0.42328061538461537
0.4618744615384615
0.45040061538461534
0.34296369230769225
0.19693292307692306
0.010013538461538461
-0.14102399999999998
-0.25930892307692305
-0.38426953846153844
-0.4547815384615384
-0.47647753846153845
-0.4360061538461539
-0.3454670769230769
-0.21132738461538458
-0.03880246153846154
0.0988836923076923
0.19526400000000002
0.2870547692307692
0.33378461538461535
0.32961230769230765
0.2845513846153846
0.19171753846153847
0.06884307692307692
-0.09012184615384615
-0.22551323076923077
-0.301032
-0.3456756923076923
-0.36299076923076923
-0.35005661538461535
-0.295608
-0.19380369230769232
-0.07948246153846153
0.024199384615384616
0.10368184615384615
0.1712732307692308
0.2503384615384615
0.3214763076923077
0.37029230769230764
0.38531261538461536
0.36319938461538465
0.31104553846153843
0.2374043076923077
0.1449876923076923
0.03296123076923077
-0.11327815384615383
-0.2559710769230769
-0.35464615384615383
-0.40554830769230765
-0.39407446153846154
-0.3344104615384615
-0.21967199999999998
-0.06258461538461538
0.0961716923076923
0.23886461538461537
0.355272
0.4182738461538461
0.3972036923076923
0.31646953846153847
0.20381723076923075
0.04547815384615384
-0.12934153846153845
-0.28934953846153844
-0.4303735384615384
-0.5202867692307692
-0.5390621538461537
-0.4848221538461538
-0.38677292307692307
-0.2712
-0.12537784615384615
0.04109723076923077
0.20486030769230767
0.336288
0.404088
0.4115981538461538
0.37363015384615383
0.29602523076923076
0.17961784615384613
0.03650769230769231
-0.10159569230769232
-0.22029784615384615
-0.29101846153846156
-0.2989458461538462
-0.26869661538461537
-0.20319138461538463
-0.1136953846153846
-0.014603076923076923
0.084072
0.17398523076923075
0.24658338461538462
0.28434276923076923
0.27620676923076926
0.2453316923076923
0.208824
0.1656406153846154
0.10827138461538462
0.03984553846153846
-0.023364923076923075
-0.08365476923076923
-0.12162276923076921
-0.1395636923076923
-0.1476996923076923
-0.154584
-0.15562707692307692
-0.12537784615384615
-0.07697907692307693
-0.011473846153846154
0.06550523076923077
0.12037107692307693
0.15646153846153846
0.17419384615384614
0.1733593846153846
0.15208061538461537
0.09137353846153846
0.015646153846153844
-0.06425353846153846
-0.13038461538461538
-0.17002153846153847
-0.19526400000000002
-0.20715507692307691
-0.21341353846153846
-0.19463815384615382
-0.14540492307692307
-0.07843938461538462
0.0
0.07009476923076922
0.12996738461538462
0.18107815384615383
0.21800307692307694
0.22467876923076924
0.2021483076923077
0.15667015384615385
0.09325107692307691
0.03024923076923077
-0.034630153846153845
-0.08699261538461538
-0.11891076923076922
-0.132888
-0.11390399999999999
-0.07092923076923077
-0.011891076923076923
0.05111076923076923
0.09471138461538461
0.124752
0.13038461538461538
0.11411261538461538
0.08991323076923076
0.034630153846153845
-0.032544
-0.09846646153846153
-0.15187199999999998
-0.1733593846153846
-0.18107815384615383
-0.168144
-0.14978584615384616
-0.11557292307692307
-0.06008123076923077
-0.018358153846153843
0.006675692307692307
0.0025033846153846152
-0.015854769230769228
-0.03650769230769231
-0.06592246153846154
-0.08740984615384616
-0.11035753846153845
-0.12996738461538462
-0.1341396923076923
-0.11682461538461539
-0.0771876923076923
-0.03358707692307692
0.015646153846153844
0.06863446153846153
0.12245723076923076
0.17252492307692308
0.20840676923076923
0.23010276923076922
0.235944
0.21800307692307694
0.1869193846153846
0.15124615384615384
0.10535076923076922
0.06341907692307691
0.026911384615384615
-0.0014603076923076922
0.0029206153846153843
0.03233538461538461
0.07781353846153846
0.11724184615384614
0.14144123076923076
0.1693956923076923
0.1883796923076923
0.19296923076923078
0.1802436923076923
0.1449876923076923
0.10263876923076923
0.06070707692307692
0.023990769230769232
-0.0006258461538461538
-0.027328615384615382
-0.054657230769230764
-0.07802215384615384
-0.08594953846153845
-0.06633969230769231
-0.047772923076923074
-0.033169846153846154
-0.022947692307692308
-0.01856676923076923
-0.003755076923076923
0.02023569230769231
0.0446436923076923
0.06216738461538462
0.07009476923076922
0.06967753846153846
0.07551876923076924
0.07593599999999999
0.06028984615384615
0.03275261538461539
-0.006884307692307692
-0.051528
-0.0880356923076923
-0.11202646153846153
-0.13476553846153844
-0.14874276923076923
-0.14665661538461539
-0.116616
-0.06529661538461538
-0.010639384615384617
0.05173661538461538
0.10535076923076922
0.143736
0.17440246153846153
0.18525046153846153
0.17586276923076924
0.14144123076923076
0.08323753846153846
0.02211323076923077
-0.03901107692307692
-0.09262523076923077
-0.13914646153846155
-0.1783661538461538
-0.19526400000000002
-0.18525046153846153
-0.12996738461538462
-0.04652123076923077
0.040262769230769234
0.12329169230769231
0.18858830769230767
0.23823876923076923
0.2578486153846154
0.23907323076923076
0.18149538461538461
0.08657538461538461
-0.020652923076923076
-0.11432123076923076
-0.19046584615384615
-0.24491446153846153
-0.2774584615384615
-0.27850153846153847
-0.23844738461538462
-0.1635544615384615
-0.059038153846153844
0.03775938461538462
0.11599015384615384
0.1779489230769231
0.21341353846153846
0.23052
0.21925476923076925
0.17315076923076922
0.10597661538461538
0.026285538461538457
-0.03859384615384615
-0.06800861538461538
-0.07301538461538462
-0.05757784615384615
-0.029206153846153847
0.0035464615384615383
0.05048492307692308
0.10013538461538461
0.14916
0.18525046153846153
0.1883796923076923
0.17961784615384613
0.16251138461538459
0.13789476923076924
0.10389046153846154
0.058829538461538454
0.012099692307692308
-0.030040615384615384
-0.05507446153846154
-0.06487938461538462
-0.06592246153846154
-0.06946892307692307
-0.06842584615384616
-0.05590892307692308
-0.049233230769230765
-0.06195876923076923
-0.08302892307692307
-0.10493353846153847
-0.12767261538461538
-0.12370892307692308
-0.09387692307692307
-0.04839876923076923
0.004589538461538461
0.05924676923076923
0.11703323076923078
0.16188553846153847
0.18253846153846154
0.17231630769230769
0.12996738461538462
0.06759138461538462
-0.003129230769230769
-0.073224
-0.1341396923076923
-0.18253846153846154
-0.2073636923076923
-0.19881046153846152
-0.14874276923076923
-0.06362769230769232
0.03650769230769231
0.13309661538461537
0.20986707692307693
0.2666104615384615
0.30186646153846153
0.2995716923076923
0.2426196923076923
0.1397723076923077
0.017940923076923077
-0.103056
-0.20486030769230767
-0.2722430769230769
-0.3114627692307692
-0.3193901538461538
-0.2872633846153846
-0.21883753846153844
-0.11223507692307692
-0.005841230769230769
0.07843938461538462
0.14999446153846155
0.19693292307692306
0.2261390769230769
0.23177169230769232
0.20715507692307691
0.15792184615384616
0.08845292307692308
0.029414769230769227
-0.01710646153846154
-0.05507446153846154
-0.07781353846153846
-0.09992676923076924
-0.11411261538461538
-0.11286092307692308
-0.10555938461538462
-0.08907876923076924
-0.08323753846153846
-0.0826116923076923
-0.07197230769230768
-0.04568676923076923
0.009179076923076922
0.06008123076923077
0.09784061538461537
0.10013538461538461
0.08031692307692308
0.059038153846153844
0.015020307692307692
-0.03963692307692308
-0.12204
-0.20465169230769228
-0.25930892307692305
-0.276624
-0.25200738461538463
-0.2238443076923077
-0.17628
-0.10326461538461539
-0.0029206153846153843
0.11953661538461538
0.21862892307692305
0.2924787692307692
0.3195987692307692
0.30937661538461536
0.2849686153846154
0.21633415384615384
0.116616
-0.004798153846153846
-0.13121907692307694
-0.22947692307692308
-0.2920615384615385
-0.2997803076923077
-0.25388492307692306
-0.18483323076923078
-0.08845292307692308
0.02315630769230769
0.12704676923076924
0.2140393846153846
0.25805723076923076
0.26097784615384617
0.2221753846153846
0.1635544615384615
0.10430769230769231
0.034630153846153845
-0.034630153846153845
-0.0988836923076923
-0.14290153846153844
-0.1489513846153846
-0.12537784615384615
-0.08386338461538462
-0.042348923076923076
-0.006884307692307692
0.03588184615384615
0.07969107692307692
0.10639384615384614
0.11599015384615384
0.10368184615384615
0.07697907692307693
0.04735569230769231
0.009179076923076922
-0.02023569230769231
-0.05236246153846154
-0.0717636923076923
-0.06550523076923077
-0.042974769230769226
-0.009596307692307692
0.0077187692307692304
0.021696
0.026285538461538457
0.021904615384615383
0.017940923076923077
-0.003755076923076923
-0.021904615384615383
-0.04380923076923077
-0.06863446153846153
-0.08094276923076923
-0.11619876923076923
-0.13872923076923074
-0.1712732307692308
-0.20652923076923077
-0.22947692307692308
-0.24616615384615384
-0.22718215384615387
-0.18086953846153844
-0.07885661538461539
0.09262523076923077
0.32961230769230765
0.49358399999999997
0.6788344615384615
0.8534455384615384
0.9314676923076922
0.9694356923076923
0.8069243076923077
0.5488670769230769
0.15604430769230768
-0.27599815384615384
-0.6431612307692307
-1.018668923076923
-1.2310393846153844
-1.3374332307692305
-1.2097606153846154
-0.8463526153846154
-0.37237846153846155
0.24637476923076923
0.7795956923076922
1.228536
1.526856
1.5543932307692307
1.3964713846153844
0.9848732307692307
0.4251581538461538
-0.17252492307692308
-0.8211101538461538
-1.3048892307692308
-1.5904836923076922
-1.685195076923077
-1.5120443076923076
-1.2108036923076921
-0.7510153846153845
-0.2138307692307692
0.31918153846153846
0.8590781538461537
1.2281187692307691
1.4242172307692307
1.4365255384615385
1.2696332307692306
0.9992676923076923
0.5962227692307692
0.12537784615384615
-0.34880492307692307
-0.7814732307692308
-1.064772923076923
-1.2049624615384615
-1.2051710769230768
-1.0487095384615384
-0.7921126153846154
-0.442056
-0.044435076923076924
0.327108923076923
0.6746621538461538
0.9224972307692308
1.0693624615384614
1.1354935384615383
1.0662332307692308
0.9068510769230769
0.6425353846153846
0.3031181538461538
-0.07030338461538461
-0.45978830769230766
-0.794616
-1.066441846153846
-1.229161846153846
-1.2658781538461539
-1.1720012307692307
-0.905808
-0.5083956923076923
-0.02023569230769231
0.5108990769230769
0.9905058461538462
1.371228923076923
1.591944
1.620732923076923
1.4534233846153846
1.0691538461538461
0.552204923076923
-0.025659692307692307
-0.5985175384615384
-1.0777070769230768
-1.4327704615384615
-1.589649230769231
-1.525812923076923
-1.2650436923076922
-0.8304978461538461
-0.2872633846153846
0.31772123076923076
0.8951686153846153
1.3482812307692307
1.6411772307692307
1.7131495384615385
1.5498036923076923
1.1962006153846152
0.6840498461538461
0.10389046153846154
-0.46250030769230766
-0.9560843076923077
-1.3013427692307693
-1.4830467692307692
-1.4807519999999998
-1.2854879999999997
-0.9327193846153846
-0.46083138461538464
0.04965046153846154
0.5250849230769231
0.9066424615384615
1.155937846153846
1.26108
1.2035021538461537
1.0026055384615384
0.6863446153846153
0.2906012307692308
-0.10743692307692307
-0.4685501538461538
-0.7545618461538461
-0.938977846153846
-1.03056
-1.0015624615384615
-0.8642935384615384
-0.6504627692307692
-0.3782196923076923
-0.09930092307692308
0.16730953846153845
0.41660492307692304
0.6087396923076923
0.7255643076923077
0.758316923076923
0.7049113846153846
0.5853747692307693
0.41326707692307696
0.21883753846153844
0.011265230769230769
-0.21174461538461536
-0.4188996923076923
-0.6033156923076922
-0.7303624615384615
-0.7791784615384616
-0.7487206153846153
-0.6233427692307691
-0.43976123076923074
-0.208824
0.0609156923076923
0.34776184615384614
0.6308529230769231
0.8511507692307692
0.9673495384615384
0.9792406153846154
0.882025846153846
0.693228923076923
0.43412861538461534
0.12287446153846153
-0.19672430769230767
-0.48982892307692305
-0.7028252307692308
-0.8150603076923078
-0.8269513846153846
-0.7349519999999999
-0.5609667692307693
-0.32085046153846153
-0.03755076923076923
0.24303692307692307
0.4887858461538461
0.6631883076923076
0.7422535384615384
0.7309883076923077
0.6285581538461538
0.46250030769230766
0.2497126153846154
0.01397723076923077
-0.21195323076923075
-0.39052800000000004
-0.49316676923076924
-0.5221643076923077
-0.4752258461538461
-0.38072307692307694
-0.2503384615384615
-0.09784061538461537
0.04214030769230769
0.16105107692307694
0.23636123076923077
0.2620209230769231
0.254928
0.22947692307692308
0.20444307692307692
0.1721076923076923
0.12850707692307692
0.09053907692307692
0.06216738461538462
0.03379569230769231
-0.0014603076923076922
-0.04714707692307692
-0.10994030769230768
-0.17461107692307692
-0.23510953846153848
-0.2789187692307692
-0.28768061538461537
-0.2680707692307692
-0.21028430769230766
-0.11202646153846153
0.019192615384615384
0.17002153846153847
0.31062830769230765
0.4182738461538461
0.471888
0.46729846153846155
0.39866399999999996
0.27432923076923077
0.1151556923076923
-0.07405846153846153
-0.260352
-0.40846892307692306
-0.5010941538461539
-0.5104818461538462
-0.442056
-0.3131316923076923
-0.13038461538461538
0.07405846153846153
0.27787569230769227
0.4577021538461538
0.5730664615384615
0.5991433846153846
0.539688
0.40700861538461536
0.21612553846153845
-0.0002086153846153846
-0.21925476923076925
-0.4076344615384615
-0.5294658461538462
-0.5774473846153846
-0.5476153846153846
-0.4577021538461538
-0.3327415384615385
-0.1846246153846154
-0.03483876923076923
0.08761846153846153
0.173568
0.21862892307692305
0.21132738461538458
0.17377661538461536
0.1218313846153846
0.05611753846153846
-0.01043076923076923
-0.07823076923076923
-0.132888
-0.16209415384615386
-0.17711446153846155
-0.17732307692307692
-0.17023015384615386
-0.15938215384615384
-0.13893784615384613
-0.11265230769230769
-0.07906523076923076
-0.04088861538461538
0.0
0.04130584615384615
0.0771876923076923
0.11432123076923076
0.15291507692307693
0.1775316923076923
0.18212123076923076
0.16438892307692307
0.12224861538461537
0.05757784615384615
-0.02315630769230769
-0.10681107692307691
-0.19192615384615386
-0.26494153846153845
-0.3022836923076923
-0.30332676923076923
-0.25701415384615384
-0.16626646153846153
-0.053614153846153846
0.06717415384615384
0.17315076923076922
0.254928
0.3068732307692308
0.31000246153846156
0.2680707692307692
0.19463815384615382
0.09679753846153846
-0.012308307692307691
-0.12537784615384615
-0.21800307692307694
-0.28476
-0.31646953846153847
-0.28392553846153845
-0.20256553846153844
-0.0974233846153846
0.02858030769230769
0.17398523076923075
0.31208861538461535
0.41973415384615387
0.47376553846153846
0.4675070769230769
0.40596553846153843
0.2943563076923077
0.16230276923076925
0.021278769230769233
-0.11870215384615385
-0.23385784615384617
-0.30249230769230767
-0.30290953846153845
-0.23656984615384613
-0.1289243076923077
0.011265230769230769
0.16647507692307692
0.30666461538461537
0.4151446153846154
0.46291753846153844
0.43642338461538455
0.34588430769230766
0.2090326153846154
0.05924676923076923
-0.08010830769230769
-0.1927606153846154
-0.2620209230769231
-0.28267384615384616
-0.25242461538461536
-0.17252492307692308
-0.054240000000000003
0.07218092307692307
0.18066092307692305
0.26160369230769226
0.2914356923076923
0.2641070769230769
0.20110523076923076
0.10952307692307692
-0.0077187692307692304
-0.14311015384615386
-0.26160369230769226
-0.33065538461538463
-0.3475532307692307
-0.3202246153846154
-0.25471938461538457
-0.15354092307692307
-0.03233538461538461
0.08156861538461539
0.17440246153846153
0.238656
0.25012984615384615
0.22300984615384614
0.17148184615384612
0.10868861538461538
0.0446436923076923
-0.021278769230769233
-0.07426707692307692
-0.11828492307692307
-0.1368516923076923
-0.1287156923076923
-0.10681107692307691
-0.07280676923076923
-0.047772923076923074
-0.027120000000000002
-0.0018775384615384615
0.02273907692307692
0.03942830769230769
0.03880246153846154
0.026285538461538457
0.024616615384615383
0.03775938461538462
0.05319692307692307
0.06946892307692307
0.07677046153846154
0.06529661538461538
0.04109723076923077
0.013768615384615384
-0.02586830769230769
-0.09658892307692307
-0.18983999999999998
-0.28246523076923075
-0.3502652307692307
-0.36611999999999995
-0.3373310769230769
-0.2705741538461538
-0.1712732307692308
-0.05507446153846154
0.07781353846153846
0.20006215384615383
0.28893230769230765
0.33357600000000004
0.31667815384615383
0.2532590769230769
0.15750461538461538
0.03421292307692308
-0.09012184615384615
-0.2056947692307692
-0.29080984615384614
-0.32502276923076917
-0.30270092307692303
-0.21988061538461537
-0.09992676923076924
0.040679999999999994
0.17628
0.3012406153846154
0.40387938461538464
0.45624184615384616
0.46041415384615386
0.4015846153846154
0.29685969230769227
0.17481969230769231
0.03775938461538462
-0.08949599999999999
-0.20527753846153846
-0.2860116923076923
-0.3127144615384615
-0.29456492307692306
-0.2207150769230769
-0.12454338461538461
-0.025659692307692307
0.06905169230769231
0.15959076923076923
0.24512307692307692
0.2943563076923077
0.30583015384615386
0.28163076923076924
0.22697353846153845
0.16647507692307692
0.1097316923076923
0.06008123076923077
0.015228923076923076
-0.02899753846153846
-0.04819015384615385
-0.052571076923076915
-0.050067692307692306
-0.03379569230769231
-0.03421292307692308
-0.03275261538461539
-0.015020307692307692
0.027120000000000002
0.09533723076923077
0.154584
0.20360861538461536
0.2453316923076923
0.265776
0.26535876923076923
0.23803015384615384
0.17169046153846151
0.07197230769230768
-0.047981538461538464
-0.1543753846153846
-0.23406646153846156
-0.2853858461538461
-0.3004061538461538
-0.2807963076923077
-0.2021483076923077
-0.0826116923076923
0.05820369230769231
0.1710646153846154
0.22655630769230767
0.26494153846153845
0.2701569230769231
0.25054707692307693
0.18754523076923074
0.08177723076923075
-0.029623384615384614
-0.12266584615384615
-0.17961784615384613
-0.13351384615384615
-0.07760492307692309
-0.154584
-0.16230276923076925
-0.14728246153846153
-0.06717415384615384
0.11870215384615385
0.08344615384615384
0.025033846153846153
-0.03692492307692308
-0.06592246153846154
0.05194523076923077
0.051319384615384614
0.015854769230769228
-0.11244369230769231
-0.1639716923076923
-0.048816000000000005
0.028788923076923077
0.13601723076923075
0.06884307692307692
-0.00855323076923077
0.00855323076923077
-0.016063384615384615
0.061124307692307686
0.0050067692307692304
-0.08594953846153845
-0.09554584615384615
-0.1948467692307692
-0.12412615384615384
-0.04652123076923077
-0.04088861538461538
0.052571076923076915
0.00855323076923077
0.0035464615384615383
0.06759138461538462
0.08010830769230769
0.16438892307692307
0.13101046153846155
0.03650769230769231
-0.030875076923076922
-0.09596307692307693
-0.06425353846153846
-0.0936683076923077
-0.1792006153846154
-0.260352
-0.31918153846153846
-0.23531815384615382
-0.15646153846153846
-0.12245723076923076
-0.07113784615384615
-0.06028984615384615
0.040679999999999994
0.173568
0.22634769230769228
0.2643156923076923
0.2205064615384615
0.17315076923076922
0.168144
0.0961716923076923
0.011265230769230769
-0.09721476923076922
-0.20527753846153846
-0.22822523076923076
-0.21967199999999998
-0.1712732307692308
-0.09596307692307693
0.003755076923076923
0.10409907692307692
0.17815753846153848
0.268488
0.2906012307692308
0.28768061538461537
0.2705741538461538
0.17690584615384616
0.12162276923076921
0.06759138461538462
-0.003129230769230769
-0.04380923076923077
-0.12370892307692308
-0.16000799999999998
-0.15124615384615384
-0.14999446153846155
-0.11619876923076923
-0.1136953846153846
-0.07781353846153846
0.015228923076923076
0.08845292307692308
0.13789476923076924
0.12704676923076924
0.12579507692307693
0.14436184615384615
0.13226215384615383
0.11140061538461538
0.02586830769230769
-0.05736923076923077
-0.08010830769230769
-0.11140061538461538
-0.084072
-0.04568676923076923
-0.04756430769230769
-0.0016689230769230767
0.02232184615384615
0.06362769230769232
0.1435273846153846
0.16647507692307692
0.19004861538461537
0.1948467692307692
0.18066092307692305
0.17398523076923075
0.14269292307692305
0.10827138461538462
0.040262769230769234
-0.042348923076923076
-0.12141415384615384
-0.19213476923076922
-0.20027076923076922
-0.20506892307692307
-0.18879692307692306
-0.13872923076923074
-0.11390399999999999
-0.04047138461538462
0.03859384615384615
0.07238953846153846
0.08866153846153846
0.037967999999999995
-0.006258461538461538
-0.006675692307692307
-0.02232184615384615
-0.05590892307692308
-0.12016246153846154
-0.17502830769230768
-0.19296923076923078
-0.19171753846153847
-0.16605784615384614
-0.138312
-0.10409907692307692
-0.05298830769230769
-0.005424
0.05173661538461538
0.08156861538461539
0.08657538461538461
0.09012184615384615
0.05590892307692308
0.027120000000000002
0.005215384615384615
-0.015228923076923076
0.004798153846153846
0.009387692307692307
-0.005424
0.0008344615384615384
0.012099692307692308
0.043392
0.06216738461538462
0.04172307692307692
0.009804923076923077
-0.02273907692307692
-0.03921969230769231
-0.047772923076923074
-0.05590892307692308
-0.07197230769230768
-0.0963803076923077
-0.10263876923076923
-0.08720123076923077
-0.06592246153846154
-0.040679999999999994
-0.011891076923076923
0.016897846153846156
0.03108369230769231
0.02211323076923077
0.017315076923076923
0.010013538461538461
-0.015437538461538461
-0.05319692307692307
-0.09784061538461537
-0.11953661538461538
-0.11327815384615383
-0.10535076923076922
-0.10263876923076923
-0.09471138461538461
-0.07656184615384615
-0.042557538461538466
0.011265230769230769
0.06049846153846154
0.08323753846153846
0.08866153846153846
0.07927384615384615
0.06592246153846154
0.03984553846153846
-0.02044430769230769
-0.08156861538461539
-0.12955015384615384
-0.16271999999999998
-0.1597993846153846
-0.14290153846153844
-0.10076123076923077
-0.02899753846153846
0.04401784615384615
0.12391753846153845
0.1913003076923077
0.23615261538461538
0.25138153846153843
0.23218892307692307
0.18983999999999998
0.12558646153846154
0.06821723076923077
0.01397723076923077
-0.03942830769230769
-0.07155507692307693
-0.09721476923076922
-0.08720123076923077
-0.03421292307692308
0.03755076923076923
0.12662953846153846
0.1860849230769231
0.22134092307692307
0.24574892307692306
0.2355267692307692
0.21967199999999998
0.16981292307692308
0.0744756923076923
-0.018358153846153843
-0.10159569230769232
-0.13747753846153846
-0.13038461538461538
-0.10493353846153847
-0.05799507692307692
-0.011265230769230769
0.05173661538461538
0.12350030769230769
0.1792006153846154
0.21612553846153845
0.21195323076923075
0.18212123076923076
0.15479261538461536
0.11452984615384615
0.0798996923076923
0.04526953846153846
0.0016689230769230767
-0.02357353846153846
-0.04401784615384615
-0.03296123076923077
-0.0016689230769230767
0.02211323076923077
0.04860738461538461
0.065088
0.08574092307692306
0.10868861538461538
0.11578153846153846
0.10409907692307692
0.08010830769230769
0.05590892307692308
0.040679999999999994
0.027745846153846152
0.008344615384615384
-0.017940923076923077
-0.0446436923076923
-0.06070707692307692
-0.06967753846153846
-0.07238953846153846
-0.07155507692307693
-0.07364123076923076
-0.07238953846153846
-0.06133292307692308
-0.04047138461538462
-0.005632615384615384
0.03108369230769231
0.05653476923076922
0.07656184615384615
0.09491999999999999
0.1151556923076923
0.11745046153846153
0.09179076923076923
0.04839876923076923
-0.010222153846153844
-0.053614153846153846
-0.07405846153846153
-0.08887015384615385
-0.08302892307692307
-0.058412307692307694
-0.01668923076923077
0.04318338461538461
0.10201292307692307
0.15667015384615385
0.1802436923076923
0.17377661538461536
0.14561353846153846
0.08240307692307691
0.011473846153846154
-0.06383630769230769
-0.13852061538461538
-0.1860849230769231
-0.19672430769230767
-0.1666836923076923
-0.103056
-0.024199384615384616
0.059664
0.14811692307692306
0.22718215384615387
0.2899753846153846
0.31813846153846154
0.29832
0.23114584615384615
0.1287156923076923
0.020652923076923076
-0.08615815384615384
-0.17523692307692307
-0.2261390769230769
-0.23135446153846154
-0.18629353846153843
-0.1045163076923077
-0.00855323076923077
0.08720123076923077
0.16897846153846155
0.22134092307692307
0.24512307692307692
0.21967199999999998
0.14081538461538462
0.029623384615384614
-0.10159569230769232
-0.21174461538461536
-0.2851772307692308
-0.3198073846153846
-0.30332676923076923
-0.24658338461538462
-0.15625292307692307
-0.045060923076923075
0.054657230769230764
0.12433476923076923
0.15604430769230768
0.14185846153846154
0.103056
0.031918153846153846
-0.059872615384615385
-0.14060676923076923
-0.20715507692307691
-0.22718215384615387
-0.1992276923076923
-0.12496061538461539
-0.023364923076923075
0.07301538461538462
0.16501476923076921
0.23093723076923076
0.27286892307692306
0.2887236923076923
0.26619323076923074
0.21508246153846153
0.13080184615384613
0.03337846153846154
-0.04839876923076923
-0.10827138461538462
-0.1353913846153846
-0.12829846153846153
-0.0897046153846154
-0.019609846153846155
0.07426707692307692
0.16793538461538463
0.23135446153846154
0.2492953846153846
0.21654276923076923
0.15938215384615384
0.08866153846153846
0.0043809230769230765
-0.0826116923076923
-0.165432
-0.20944984615384615
-0.21007569230769232
-0.15813046153846153
-0.058412307692307694
0.04547815384615384
0.13372246153846154
0.19964492307692308
0.23823876923076923
0.22947692307692308
0.16772676923076923
0.07614461538461538
-0.02586830769230769
-0.11807630769230769
-0.1794092307692308
-0.19839323076923077
-0.17252492307692308
-0.11432123076923076
-0.03838523076923077
0.04860738461538461
0.13372246153846154
0.1942209230769231
0.2140393846153846
0.17669723076923077
0.09930092307692308
0.010639384615384617
-0.09763200000000001
-0.20277415384615383
-0.28788923076923073
-0.3502652307692307
-0.3581926153846154
-0.3214763076923077
-0.24595753846153845
-0.13998092307692306
-0.03296123076923077
0.06300184615384616
0.13622584615384614
0.19380369230769232
0.21529107692307692
0.17982646153846152
0.09825784615384614
-0.01668923076923077
-0.12788123076923075
-0.2238443076923077
-0.2951907692307692
-0.32085046153846153
-0.30708184615384615
-0.25159015384615385
-0.15813046153846153
-0.046104
0.07510153846153846
0.1869193846153846
0.2670276923076923
0.30854215384615385
0.3035353846153846
0.25555384615384613
0.16647507692307692
0.051528
-0.06425353846153846
-0.16418030769230768
-0.2292683076923077
-0.26786215384615386
-0.2799618461538461
-0.2559710769230769
-0.20924123076923076
-0.13998092307692306
-0.056951999999999996
0.020027076923076922
0.07259815384615384
0.1028473846153846
0.13622584615384614
0.15792184615384616
0.15562707692307692
0.13455692307692307
0.100344
0.06800861538461538
0.03379569230769231
0.0012516923076923076
-0.03296123076923077
-0.07969107692307692
-0.12016246153846154
-0.14686523076923075
-0.15166338461538462
-0.15208061538461537
-0.1504116923076923
-0.14686523076923075
-0.15646153846153846
-0.15604430769230768
-0.12162276923076921
-0.015854769230769228
0.12642092307692307
0.2870547692307692
0.4222375384615385
0.5161144615384615
0.599352
0.6097827692307692
0.5540824615384615
0.37613353846153846
0.12287446153846153
-0.1476996923076923
-0.38531261538461536
-0.547824
-0.7165938461538461
-0.7781353846153846
-0.7526843076923077
-0.5955969230769231
-0.301032
0.0
0.3102110769230769
0.5296744615384615
0.6917686153846153
0.7785526153846153
0.7247298461538462
0.5734836923076922
0.29352184615384613
-0.016063384615384615
-0.3229366153846154
-0.5907987692307692
-0.7232695384615385
-0.7672873846153846
-0.665483076923077
-0.45624184615384616
-0.206112
0.086784
0.3114627692307692
0.4921236923076923
0.5976830769230769
0.5595064615384615
0.47063630769230763
0.3206418461538461
0.16897846153846155
0.051319384615384614
-0.08720123076923077
-0.1869193846153846
-0.27412061538461535
-0.3252313846153846
-0.3214763076923077
-0.32043323076923075
-0.2993630769230769
-0.2647329230769231
-0.18754523076923074
-0.06759138461538462
0.02211323076923077
0.10222153846153846
0.14457046153846154
0.16271999999999998
0.2021483076923077
0.21028430769230766
0.2207150769230769
0.23677846153846152
0.24574892307692306
0.28204799999999997
0.2858030769230769
0.23448369230769228
0.14561353846153846
0.005424
-0.14269292307692305
-0.2906012307692308
-0.40846892307692306
-0.44998338461538456
-0.428496
-0.3148006153846154
-0.13747753846153846
0.059872615384615385
0.2674449230769231
0.44393353846153844
0.5659735384615384
0.5985175384615384
0.5336381538461539
0.4086775384615385
0.22676492307692306
0.023364923076923075
-0.17586276923076924
-0.3577753846153846
-0.47001046153846154
-0.5177833846153846
-0.49024615384615383
-0.3873987692307692
-0.24095076923076922
-0.04526953846153846
0.16626646153846153
0.3588184615384616
0.49733907692307694
0.5590892307692308
0.5599236923076922
0.4921236923076923
0.35923569230769226
0.1785747692307692
-0.02273907692307692
-0.18337292307692307
-0.28934953846153844
-0.33670523076923076
-0.2989458461538462
-0.21362215384615382
-0.08594953846153845
0.06717415384615384
0.19442953846153843
0.2937304615384615
0.3327415384615385
0.3137575384615385
0.25451076923076926
0.154584
0.03838523076923077
-0.07614461538461538
-0.1693956923076923
-0.21779446153846155
-0.21466523076923077
-0.17231630769230769
-0.10827138461538462
-0.03984553846153846
0.031709538461538456
0.09074769230769231
0.12788123076923075
0.1289243076923077
0.09471138461538461
0.04088861538461538
-0.030875076923076922
-0.09158215384615384
-0.14164984615384615
-0.17628
-0.17085599999999998
-0.12579507692307693
-0.05027630769230769
0.040054153846153843
0.12850707692307692
0.208824
0.2588916923076923
0.2503384615384615
0.19192615384615386
0.09575446153846154
-0.011891076923076923
-0.1178676923076923
-0.23072861538461537
-0.3095852307692307
-0.3510996923076923
-0.3375396923076923
-0.2561796923076923
-0.15771323076923077
-0.040679999999999994
0.06988615384615385
0.17544553846153846
0.27412061538461535
0.3210590769230769
0.3285692307692308
0.29331323076923077
0.22780799999999998
0.15562707692307692
0.07343261538461537
0.005424
-0.04568676923076923
-0.07635323076923077
-0.07531015384615385
-0.05820369230769231
-0.016063384615384615
0.02545107692307692
0.046104
0.06133292307692308
0.06529661538461538
0.06884307692307692
0.07885661538461539
0.0880356923076923
0.09825784615384614
0.10076123076923077
0.10243015384615384
0.11745046153846153
0.13935507692307691
0.1612596923076923
0.16772676923076923
0.14060676923076923
0.09033046153846153
0.03609046153846154
-0.026911384615384615
-0.10535076923076922
-0.19171753846153847
-0.25930892307692305
-0.2899753846153846
-0.27599815384615384
-0.21341353846153846
-0.11953661538461538
-0.008136
0.11452984615384615
0.24011630769230768
0.3383741538461538
0.37947138461538454
0.3623649230769231
0.2926873846153846
0.1867107692307692
0.05298830769230769
-0.09158215384615384
-0.20652923076923077
-0.2891409230769231
-0.33357600000000004
-0.31542646153846154
-0.23844738461538462
-0.11724184615384614
0.02086153846153846
0.14811692307692306
0.2561796923076923
0.31897292307692304
0.330864
0.301032
0.22342707692307692
0.10389046153846154
-0.04568676923076923
-0.18900553846153845
-0.2872633846153846
-0.33295015384615384
-0.32961230769230765
-0.29352184615384613
-0.22843384615384613
-0.12955015384615384
-0.022947692307692308
0.07405846153846153
0.14790830769230767
0.17586276923076924
0.1597993846153846
0.11682461538461539
0.058412307692307694
-0.00855323076923077
-0.07468430769230769
-0.12120553846153845
-0.1353913846153846
-0.11140061538461538
-0.05319692307692307
0.019609846153846155
0.08323753846153846
0.12037107692307693
0.13226215384615383
0.11306953846153844
0.06613107692307692
0.0004172307692307692
-0.07948246153846153
-0.15354092307692307
-0.2075723076923077
-0.22447015384615385
-0.20047938461538461
-0.14916
-0.07885661538461539
0.010639384615384617
0.10681107692307691
0.19296923076923078
0.25138153846153843
0.2647329230769231
0.23177169230769232
0.15187199999999998
0.05820369230769231
-0.038176615384615385
-0.13184492307692308
-0.2075723076923077
-0.26932246153846157
-0.2914356923076923
-0.2730775384615384
-0.2209236923076923
-0.13622584615384614
-0.03984553846153846
0.051528
0.12975876923076923
0.17669723076923077
0.18754523076923074
0.1639716923076923
0.100344
0.019192615384615384
-0.06341907692307691
-0.13059323076923077
-0.17648861538461538
-0.20944984615384615
-0.22676492307692306
-0.22488738461538463
-0.19568123076923075
-0.15187199999999998
-0.10681107692307691
-0.06383630769230769
-0.03588184615384615
-0.017940923076923077
0.005841230769230769
0.027120000000000002
0.04380923076923077
0.058829538461538454
0.06613107692307692
0.07948246153846153
0.08574092307692306
0.0771876923076923
0.06988615384615385
0.0446436923076923
0.010013538461538461
-0.021904615384615383
-0.052153846153846155
-0.06341907692307691
-0.06425353846153846
-0.06529661538461538
-0.0448523076923077
0.0029206153846153843
0.06279323076923077
0.12579507692307693
0.17398523076923075
0.2154996923076923
0.2436627692307692
0.2497126153846154
0.24741784615384615
0.21696000000000001
0.15959076923076923
0.08386338461538462
0.0029206153846153843
-0.07572738461538461
-0.15938215384615384
-0.22593046153846155
-0.26765353846153844
-0.273912
-0.2303113846153846
-0.15374953846153847
-0.05027630769230769
0.058829538461538454
0.1506203076923077
0.22801661538461537
0.2705741538461538
0.28017046153846153
0.24658338461538462
0.16334584615384617
0.06654830769230768
-0.030040615384615384
-0.1070196923076923
-0.15875630769230767
-0.19046584615384615
-0.1910916923076923
-0.16418030769230768
-0.11703323076923078
-0.04985907692307692
0.02482523076923077
0.09095630769230768
0.13497415384615385
0.1585476923076923
0.1693956923076923
0.16897846153846155
0.15604430769230768
0.12329169230769231
0.07551876923076924
0.02211323076923077
-0.019192615384615384
-0.05277969230769231
-0.07468430769230769
-0.08490646153846154
-0.08428061538461538
-0.06279323076923077
-0.03150092307692308
0.0022947692307692304
0.028371692307692306
0.03963692307692308
0.03650769230769231
0.033169846153846154
0.03129230769230769
0.026494153846153844
0.011473846153846154
-0.009804923076923077
-0.01814953846153846
-0.010639384615384617
0.009179076923076922
0.031918153846153846
0.04380923076923077
0.04172307692307692
0.03233538461538461
0.008970461538461538
-0.02482523076923077
-0.06675692307692307
-0.11056615384615384
-0.14206707692307693
-0.14957723076923077
-0.12224861538461537
-0.07572738461538461
-0.01668923076923077
0.04526953846153846
0.09825784615384614
0.14582215384615385
0.1706473846153846
0.16105107692307694
0.12037107692307693
0.052153846153846155
-0.021278769230769233
-0.08636676923076922
-0.13455692307692307
-0.16480615384615382
-0.1783661538461538
-0.15416676923076922
-0.10076123076923077
-0.021904615384615383
0.07072061538461538
0.1531236923076923
0.2238443076923077
0.2651501538461538
0.2789187692307692
0.2601433846153846
0.20319138461538463
0.11140061538461538
0.003755076923076923
-0.08636676923076922
-0.157296
-0.18921415384615384
-0.19213476923076922
-0.16876984615384616
-0.11056615384615384
-0.03880246153846154
0.037967999999999995
0.10514215384615383
0.15124615384615384
0.1639716923076923
0.14081538461538462
0.0974233846153846
0.03838523076923077
-0.02211323076923077
-0.07739630769230768
-0.12099692307692309
-0.12996738461538462
-0.1136953846153846
-0.07969107692307692
-0.03212676923076923
0.007510153846153846
0.04568676923076923
0.08448923076923077
0.11724184615384614
0.13789476923076924
0.119328
0.07677046153846154
0.03755076923076923
0.008970461538461538
0.0025033846153846152
0.007301538461538462
0.015646153846153844
0.03442153846153846
0.06133292307692308
0.09304246153846155
0.12496061538461539
0.13872923076923074
0.11724184615384614
0.06988615384615385
0.01814953846153846
-0.029832
-0.06341907692307691
-0.084072
-0.0855323076923077
-0.06070707692307692
-0.008344615384615384
0.06905169230769231
0.14123261538461537
0.1858763076923077
0.17273353846153844
0.1287156923076923
0.06571384615384615
0.0014603076923076922
-0.07364123076923076
-0.16209415384615386
-0.22405292307692307
-0.2588916923076923
-0.22008923076923076
-0.12537784615384615
0.0826116923076923
0.21091015384615383
0.24324553846153843
0.34943076923076927
0.3826006153846154
0.450192
0.3882332307692308
0.17544553846153846
-0.04172307692307692
-0.29873723076923075
-0.3884418461538462
-0.4443507692307692
-0.4879513846153846
-0.484404923076923
-0.45040061538461534
-0.21737723076923077
0.05277969230769231
0.33357600000000004
0.5359329230769231
0.5398966153846154
0.533220923076923
0.44414215384615385
0.30895938461538464
0.15917353846153848
-0.11536430769230768
-0.3137575384615385
-0.4873255384615384
-0.6066535384615385
-0.512568
-0.40659138461538463
-0.22551323076923077
-0.03024923076923077
0.10076123076923077
0.2870547692307692
0.3994984615384615
0.4879513846153846
0.5303003076923076
0.42661846153846156
0.2912270769230769
0.13852061538461538
0.03275261538461539
-0.037967999999999995
-0.16105107692307694
-0.24491446153846153
-0.30207507692307695
-0.29727692307692305
-0.2090326153846154
-0.15124615384615384
-0.07885661538461539
-0.011056615384615385
0.03859384615384615
0.13747753846153846
0.1779489230769231
0.1802436923076923
0.17711446153846155
0.11703323076923078
0.10117846153846152
0.07843938461538462
0.028371692307692306
-0.019609846153846155
-0.10514215384615383
-0.15792184615384616
-0.20527753846153846
-0.24074215384615386
-0.23928184615384615
-0.21696000000000001
-0.14582215384615385
-0.0934596923076923
-0.025659692307692307
0.08115138461538463
0.15249784615384615
0.23239753846153846
0.2720344615384615
0.25200738461538463
0.21842030769230766
0.12725538461538463
0.03379569230769231
-0.06967753846153846
-0.19150892307692308
-0.26076923076923075
-0.30270092307692303
-0.306456
-0.2753723076923077
-0.2209236923076923
-0.09971815384615385
0.03963692307692308
0.14936861538461538
0.21320492307692307
0.23281476923076924
0.24908676923076922
0.2275993846153846
0.1570873846153846
0.052153846153846155
-0.10159569230769232
-0.22405292307692307
-0.29602523076923076
-0.3346190769230769
-0.30520430769230766
-0.2572227692307692
-0.16793538461538463
-0.031709538461538456
0.09679753846153846
0.24449723076923074
0.3636166153846153
0.4280787692307692
0.44122153846153844
0.3882332307692308
0.2937304615384615
0.1585476923076923
0.013351384615384614
-0.12308307692307692
-0.23886461538461537
-0.3039526153846154
-0.3327415384615385
-0.3087507692307692
-0.23177169230769232
-0.1353913846153846
-0.005424
0.12850707692307692
0.23469230769230767
0.3342018461538461
0.3844781538461538
0.36340799999999995
0.2855944615384615
0.15917353846153848
0.03629907692307692
-0.08824430769230769
-0.21362215384615382
-0.3087507692307692
-0.37655076923076924
-0.3848953846153846
-0.3375396923076923
-0.25138153846153843
-0.13914646153846155
-0.02545107692307692
0.09199938461538461
0.18983999999999998
0.2601433846153846
0.29727692307692305
0.2864289230769231
0.25513661538461535
0.20027076923076922
0.11035753846153845
0.009596307692307692
-0.08782707692307692
-0.15228923076923076
-0.18170399999999998
-0.20486030769230767
-0.19839323076923077
-0.16730953846153845
-0.11745046153846153
-0.04547815384615384
0.01940123076923077
0.07384984615384615
0.10555938461538462
0.1178676923076923
0.12433476923076923
0.12037107692307693
0.11807630769230769
0.09846646153846153
0.058829538461538454
0.024408000000000003
-0.015646153846153844
-0.03921969230769231
-0.05236246153846154
-0.06592246153846154
-0.05194523076923077
-0.043392
-0.02586830769230769
0.01814953846153846
0.058412307692307694
0.0936683076923077
0.10201292307692307
0.11035753846153845
0.14018953846153845
0.16438892307692307
0.18107815384615383
0.1696043076923077
0.13205353846153844
0.08699261538461538
0.04756430769230769
0.025659692307692307
-0.006049846153846154
-0.056951999999999996
-0.10555938461538462
-0.1462393846153846
-0.15354092307692307
-0.13330523076923076
-0.10910584615384614
-0.07113784615384615
-0.03588184615384615
0.0
0.04422646153846154
0.06884307692307692
0.07697907692307693
0.06446215384615385
0.03358707692307692
0.013351384615384614
-0.005215384615384615
-0.012934153846153845
-0.015646153846153844
-0.027745846153846152
-0.028163076923076923
-0.01397723076923077
0.018358153846153843
0.04172307692307692
0.04756430769230769
0.04401784615384615
0.01814953846153846
-0.0077187692307692304
-0.019609846153846155
-0.025659692307692307
-0.035464615384615386
-0.05590892307692308
-0.06529661538461538
-0.04652123076923077
-0.01043076923076923
0.035255999999999996
0.06884307692307692
0.08323753846153846
0.08887015384615385
0.07948246153846153
0.05319692307692307
-0.0012516923076923076
-0.08198584615384615
-0.1718990769230769
-0.2436627692307692
-0.27432923076923077
-0.2699483076923077
-0.23218892307692307
-0.17628
-0.10827138461538462
-0.021904615384615383
0.07614461538461538
0.1614683076923077
0.21821169230769227
0.24658338461538462
0.24428861538461538
0.22280123076923075
0.1693956923076923
0.09325107692307691
0.014394461538461538
-0.06738276923076922
-0.13247076923076923
-0.16209415384615386
-0.16209415384615386
-0.13038461538461538
-0.07572738461538461
-0.012308307692307691
0.07197230769230768
0.16021661538461537
0.23782153846153845
0.2926873846153846
0.30061476923076924
0.2624381538461539
0.20006215384615383
0.116616
0.021070153846153846
-0.08031692307692308
-0.17273353846153844
-0.2303113846153846
-0.25555384615384613
-0.24303692307692307
-0.20277415384615383
-0.14665661538461539
-0.078648
-0.0018775384615384615
0.07739630769230768
0.13393107692307693
0.16647507692307692
0.17252492307692308
0.15562707692307692
0.12224861538461537
0.07197230769230768
0.01981846153846154
-0.03337846153846154
-0.0771876923076923
-0.10138707692307691
-0.10618523076923077
-0.09992676923076924
-0.08135999999999999
-0.058412307692307694
-0.028371692307692306
0.018775384615384614
0.06070707692307692
0.10096984615384616
0.130176
0.14916
0.15270646153846154
0.12996738461538462
0.09804923076923076
0.06216738461538462
0.027745846153846152
-0.0070929230769230765
-0.03713353846153846
-0.052571076923076915
-0.05507446153846154
-0.03859384615384615
-0.013768615384615384
0.0077187692307692304
0.031709538461538456
0.04860738461538461
0.05799507692307692
0.054657230769230764
0.03567323076923076
0.023364923076923075
0.018983999999999997
0.037967999999999995
0.07572738461538461
0.10222153846153846
0.11807630769230769
0.11891076923076922
0.116616
0.10514215384615383
0.07092923076923077
0.02315630769230769
-0.027745846153846152
-0.06341907692307691
-0.0798996923076923
-0.07823076923076923
-0.06258461538461538
-0.03880246153846154
-0.003129230769230769
0.04088861538461538
0.07739630769230768
0.10076123076923077
0.09241661538461539
0.04985907692307692
0.0
-0.05298830769230769
-0.103056
-0.1424843076923077
-0.17544553846153846
-0.18942276923076923
-0.17899199999999998
-0.14540492307692307
-0.07823076923076923
-0.006049846153846154
0.059872615384615385
0.11911938461538461
0.1666836923076923
0.19588984615384614
0.19568123076923075
0.1710646153846154
0.11745046153846153
0.04756430769230769
-0.02357353846153846
-0.08615815384615384
-0.12808984615384614
-0.1612596923076923
-0.1794092307692308
-0.1637630769230769
-0.11223507692307692
-0.01814953846153846
0.08782707692307692
0.17169046153846151
0.233232
0.26368984615384616
0.2682793846153846
0.25012984615384615
0.19150892307692308
0.10222153846153846
-0.0025033846153846152
-0.10910584615384614
-0.19672430769230767
-0.2578486153846154
-0.28413415384615387
-0.27620676923076926
-0.22697353846153845
-0.1422756923076923
-0.03838523076923077
0.07343261538461537
0.16647507692307692
0.22447015384615385
0.25138153846153843
0.2422024615384615
0.20444307692307692
0.14436184615384615
0.059664
-0.02044430769230769
-0.09283384615384616
-0.13393107692307693
-0.132888
-0.11327815384615383
-0.06905169230769231
-0.021487384615384613
0.03504738461538461
0.09825784615384614
0.14540492307692307
0.18858830769230767
0.21091015384615383
0.21174461538461536
0.20423446153846153
0.1794092307692308
0.1424843076923077
0.08469784615384615
0.016480615384615385
-0.03942830769230769
-0.07677046153846154
-0.084072
-0.07301538461538462
-0.05382276923076923
-0.032544
-0.01981846153846154
-0.02023569230769231
-0.02795446153846154
-0.045895384615384616
-0.06946892307692307
-0.08469784615384615
-0.09325107692307691
-0.08469784615384615
-0.06300184615384616
-0.02545107692307692
0.023990769230769232
0.07092923076923077
0.11014892307692307
0.12955015384615384
0.12579507692307693
0.09408553846153846
0.035464615384615386
-0.030875076923076922
-0.0936683076923077
-0.14582215384615385
-0.18232984615384615
-0.21195323076923075
-0.21716861538461538
-0.1927606153846154
-0.14415323076923076
-0.07781353846153846
-0.017523692307692306
0.045060923076923075
0.10827138461538462
0.16480615384615382
0.20778092307692309
0.21779446153846155
0.18963138461538462
0.1316363076923077
0.06133292307692308
-0.005215384615384615
-0.06383630769230769
-0.11891076923076922
-0.15124615384615384
-0.15604430769230768
-0.13205353846153844
-0.0892873846153846
-0.03358707692307692
0.014603076923076923
0.049233230769230765
0.07635323076923077
0.06279323076923077
0.06070707692307692
0.03400430769230769
0.02211323076923077
0.020652923076923076
0.07697907692307693
0.23469230769230767
0.21320492307692307
0.19755876923076923
0.17148184615384612
0.10263876923076923
0.11348676923076922
-0.030040615384615384
-0.16897846153846155
-0.34171199999999996
-0.46250030769230766
-0.41910830769230767
-0.4115981538461538
-0.3275261538461538
-0.27328615384615385
-0.14874276923076923
0.10096984615384616
0.28434276923076923
0.485448
0.5090215384615385
0.40846892307692306
0.32669169230769235
0.13789476923076924
-0.0070929230769230765
-0.19192615384615386
-0.4042966153846154
-0.48336184615384614
-0.5983089230769231
-0.5784904615384615
-0.4255753846153846
-0.2864289230769231
-0.048816000000000005
0.11286092307692308
0.25054707692307693
0.37655076923076924
0.40992923076923077
0.4748086153846154
0.4391353846153846
0.31000246153846156
0.165432
0.012934153846153845
-0.051319384615384614
-0.13080184615384613
-0.24470584615384613
-0.32314523076923074
-0.39052800000000004
-0.3437981538461538
-0.24449723076923074
-0.17502830769230768
-0.08031692307692308
-0.02273907692307692
0.05319692307692307
0.15646153846153846
0.19526400000000002
0.23364923076923078
0.22488738461538463
0.1869193846153846
0.19714153846153845
0.1787833846153846
0.14874276923076923
0.086784
-0.0029206153846153843
-0.07468430769230769
-0.14665661538461539
-0.18775384615384613
-0.20965846153846154
-0.19067446153846154
-0.1435273846153846
-0.124752
-0.042557538461538466
0.0717636923076923
0.16188553846153847
0.25972615384615383
0.29748553846153847
0.31208861538461535
0.30416123076923074
0.2503384615384615
0.20110523076923076
0.09971815384615385
-0.012516923076923077
-0.08740984615384616
-0.1585476923076923
-0.20277415384615383
-0.2411593846153846
-0.23448369230769228
-0.15750461538461538
-0.059872615384615385
0.05048492307692308
0.14206707692307693
0.2369870769230769
0.34046030769230773
0.3844781538461538
0.3813489230769231
0.32189353846153845
0.20778092307692309
0.11411261538461538
0.0029206153846153843
-0.09491999999999999
-0.14540492307692307
-0.2059033846153846
-0.20986707692307693
-0.18545907692307692
-0.13309661538461537
-0.018983999999999997
0.0853236923076923
0.1856676923076923
0.2561796923076923
0.28350830769230767
0.26681907692307694
0.20798953846153845
0.14999446153846155
0.07614461538461538
-0.004589538461538461
-0.084072
-0.15771323076923077
-0.18232984615384615
-0.1792006153846154
-0.14936861538461538
-0.08949599999999999
-0.03984553846153846
0.01981846153846154
0.09554584615384615
0.15166338461538462
0.16793538461538463
0.13372246153846154
0.0853236923076923
0.06028984615384615
0.03671630769230769
0.005424
-0.04047138461538462
-0.09053907692307692
-0.10430769230769231
-0.08657538461538461
-0.04318338461538461
0.008970461538461538
0.04819015384615385
0.07364123076923076
0.06592246153846154
0.053405538461538456
0.031709538461538456
-0.017315076923076923
-0.05736923076923077
-0.11035753846153845
-0.16042523076923076
-0.18754523076923074
-0.20298276923076922
-0.17732307692307692
-0.14874276923076923
-0.13935507692307691
-0.11160923076923077
-0.06696553846153847
-0.005841230769230769
0.04380923076923077
0.059872615384615385
0.05653476923076922
0.03963692307692308
0.03150092307692308
0.02086153846153846
-0.009179076923076922
-0.05298830769230769
-0.11891076923076922
-0.1691870769230769
-0.1867107692307692
-0.18629353846153843
-0.15875630769230767
-0.11953661538461538
-0.06759138461538462
0.0014603076923076922
0.06863446153846153
0.13247076923076923
0.18712800000000002
0.2157083076923077
0.21132738461538458
0.18921415384615384
0.16605784615384614
0.12808984615384614
0.06529661538461538
-0.016063384615384615
-0.10138707692307691
-0.1635544615384615
-0.19860184615384616
-0.20110523076923076
-0.17586276923076924
-0.14686523076923075
-0.09179076923076923
0.0008344615384615384
0.11181784615384616
0.2154996923076923
0.2805876923076923
0.31751261538461534
0.3392086153846154
0.3269003076923077
0.27704123076923076
0.1927606153846154
0.08177723076923075
-0.02232184615384615
-0.10243015384615384
-0.16710092307692306
-0.20673784615384616
-0.21654276923076923
-0.19755876923076923
-0.13226215384615383
-0.029414769230769227
0.103056
0.2438713846153846
0.3588184615384616
0.4374664615384615
0.4704276923076923
0.4564504615384615
0.38948492307692306
0.27412061538461535
0.12955015384615384
-0.026702769230769228
-0.16793538461538463
-0.2832996923076923
-0.3421292307692308
-0.3410861538461538
-0.30270092307692303
-0.20944984615384615
-0.08740984615384616
0.04318338461538461
0.1691870769230769
0.2482523076923077
0.290184
0.29685969230769227
0.25555384615384613
0.18212123076923076
0.08448923076923077
-0.013142769230769229
-0.09658892307692307
-0.1543753846153846
-0.1800350769230769
-0.19547261538461536
-0.18942276923076923
-0.16480615384615382
-0.12788123076923075
-0.06654830769230768
-0.01043076923076923
0.03337846153846154
0.06300184615384616
0.07635323076923077
0.10117846153846152
0.12308307692307692
0.12037107692307693
0.0936683076923077
0.05277969230769231
0.011473846153846154
-0.01814953846153846
-0.037342153846153844
-0.04693846153846153
-0.05111076923076923
-0.065088
-0.07510153846153846
-0.08010830769230769
-0.08907876923076924
-0.10368184615384615
-0.11140061538461538
-0.10222153846153846
-0.08177723076923075
-0.04944184615384615
-0.011265230769230769
0.025033846153846153
0.04672984615384615
0.05382276923076923
0.05924676923076923
0.05924676923076923
0.03671630769230769
-0.014394461538461538
-0.07510153846153846
-0.12537784615384615
-0.15562707692307692
-0.16710092307692306
-0.1721076923076923
-0.1696043076923077
-0.14582215384615385
-0.10576799999999999
-0.06383630769230769
-0.026285538461538457
-0.0025033846153846152
0.006258461538461538
0.011682461538461537
0.021696
0.034630153846153845
0.03629907692307692
0.024616615384615383
0.011056615384615385
-0.0043809230769230765
-0.019192615384615384
-0.02545107692307692
-0.03713353846153846
-0.06467076923076923
-0.09554584615384615
-0.11202646153846153
-0.09992676923076924
-0.06592246153846154
-0.025033846153846153
0.016480615384615385
0.06529661538461538
0.11891076923076922
0.1710646153846154
0.20986707692307693
0.20778092307692309
0.18191261538461537
0.154584
0.12725538461538463
0.10785415384615385
0.073224
0.02044430769230769
-0.021696
-0.049233230769230765
-0.053614153846153846
-0.04672984615384615
-0.04526953846153846
-0.04422646153846154
-0.03692492307692308
-0.012099692307692308
0.02211323076923077
0.06341907692307691
0.09491999999999999
0.10263876923076923
0.10159569230769232
0.08469784615384615
0.05862092307692307
0.021070153846153846
-0.037342153846153844
-0.09387692307692307
-0.14018953846153845
-0.1558356923076923
-0.14144123076923076
-0.11098338461538461
-0.06571384615384615
-0.027745846153846152
0.015646153846153844
0.07343261538461537
0.12788123076923075
0.15604430769230768
0.15103753846153847
0.13706030769230768
0.11870215384615385
0.09408553846153846
0.06321046153846153
0.015854769230769228
-0.03671630769230769
-0.0853236923076923
-0.11870215384615385
-0.12412615384615384
-0.12391753846153845
-0.12412615384615384
-0.10535076923076922
-0.0717636923076923
-0.02023569230769231
0.03921969230769231
0.07906523076923076
0.10076123076923077
0.10806276923076923
0.10347323076923076
0.09241661538461539
0.06446215384615385
0.022530461538461537
-0.02795446153846154
-0.07969107692307692
-0.11452984615384615
-0.1358086153846154
-0.13935507692307691
-0.1341396923076923
-0.13476553846153844
-0.1218313846153846
-0.08198584615384615
-0.023990769230769232
0.01814953846153846
0.033169846153846154
0.03901107692307692
0.03588184615384615
0.029206153846153847
0.027745846153846152
0.02586830769230769
0.009387692307692307
-0.015020307692307692
-0.023782153846153845
-0.01814953846153846
-0.008761846153846153
-0.015437538461538461
-0.03045784615384615
-0.035255999999999996
-0.03588184615384615
-0.02232184615384615
-0.010639384615384617
-0.0035464615384615383
0.005215384615384615
0.011682461538461537
0.028371692307692306
0.04944184615384615
0.06884307692307692
0.07531015384615385
0.08010830769230769
0.086784
0.09387692307692307
0.10785415384615385
0.11160923076923077
0.10743692307692307
0.09408553846153846
0.0744756923076923
0.05736923076923077
0.03588184615384615
0.011056615384615385
-0.026076923076923077
-0.059872615384615385
-0.06675692307692307
-0.04944184615384615
-0.01043076923076923
0.026494153846153844
0.054657230769230764
0.078648
0.10201292307692307
0.12433476923076923
0.13601723076923075
0.12579507692307693
0.09763200000000001
0.061124307692307686
0.029832
0.006884307692307692
-0.018775384615384614
-0.03337846153846154
-0.049233230769230765
-0.05486584615384615
-0.04819015384615385
-0.045060923076923075
-0.026494153846153844
-0.015854769230769228
-0.007927384615384614
-0.0006258461538461538
0.007927384615384614
0.03775938461538462
0.058412307692307694
0.0771876923076923
0.09283384615384616
0.09325107692307691
0.09679753846153846
0.08824430769230769
0.06195876923076923
0.018358153846153843
-0.041514461538461535
-0.08365476923076923
-0.1045163076923077
-0.1353913846153846
-0.17628
-0.23010276923076922
-0.27328615384615385
-0.3235624615384615
-0.36382523076923073
-0.3047870769230769
-0.19317784615384614
-0.0035464615384615383
0.24700061538461537
0.48711692307692306
0.7449655384615385
0.9398123076923076
1.040364923076923
1.040364923076923
0.8300806153846153
0.49546153846153845
0.13768615384615385
-0.22572184615384616
-0.47918953846153844
-0.6930203076923077
-0.824448
-0.8411372307692306
-0.7533101538461537
-0.49108061538461534
-0.21070153846153844
0.08490646153846154
0.31188
0.4360061538461539
0.5350984615384615
0.49087200000000003
0.40554830769230765
0.22154953846153846
-0.07155507692307693
-0.2751636923076923
-0.44914892307692306
-0.48941169230769227
-0.40346215384615386
-0.29685969230769227
-0.10013538461538461
0.04965046153846154
0.15354092307692307
0.2578486153846154
0.24512307692307692
0.18316430769230768
0.059872615384615385
-0.08866153846153846
-0.14060676923076923
-0.13372246153846154
-0.03212676923076923
0.09450276923076922
0.17669723076923077
0.23907323076923076
0.24199384615384617
0.23052
0.18504184615384617
0.06258461538461538
-0.06404492307692307
-0.20798953846153845
-0.306456
-0.328152
-0.35256
-0.3277347692307692
-0.27850153846153847
-0.19380369230769232
-0.032544
0.13893784615384613
0.3225193846153846
0.4714707692307692
0.5211212307692308
0.4887858461538461
0.3659113846153846
0.17565415384615385
-0.06529661538461538
-0.32189353846153845
-0.512568
-0.611868923076923
-0.571188923076923
-0.40846892307692306
-0.1721076923076923
0.10222153846153846
0.32001599999999997
0.4919150769230769
0.5978916923076923
0.574944
0.482736
0.30937661538461536
0.09846646153846153
-0.07426707692307692
-0.2275993846153846
-0.306456
-0.3321156923076923
-0.31751261538461534
-0.23531815384615382
-0.12808984615384614
0.015437538461538461
0.1597993846153846
0.2799618461538461
0.3798886153846154
0.412224
0.3817661538461538
0.28768061538461537
0.14164984615384615
-0.0018775384615384615
-0.14811692307692306
-0.2586830769230769
-0.2997803076923077
-0.2906012307692308
-0.19338646153846153
-0.058829538461538454
0.07343261538461537
0.20506892307692307
0.2726603076923077
0.2862203076923077
0.23928184615384615
0.12955015384615384
0.011265230769230769
-0.1136953846153846
-0.2209236923076923
-0.29352184615384613
-0.33295015384615384
-0.3229366153846154
-0.2753723076923077
-0.1785747692307692
-0.06008123076923077
0.03275261538461539
0.09825784615384614
0.1178676923076923
0.11286092307692308
0.09241661538461539
0.027328615384615382
-0.04380923076923077
-0.11953661538461538
-0.17982646153846152
-0.1794092307692308
-0.15479261538461536
-0.10117846153846152
-0.026702769230769228
0.04526953846153846
0.12767261538461538
0.1942209230769231
0.2303113846153846
0.22447015384615385
0.16730953846153845
0.0826116923076923
-0.014603076923076923
-0.10159569230769232
-0.1706473846153846
-0.2236356923076923
-0.24199384615384617
-0.23052
-0.18858830769230767
-0.10222153846153846
-0.004589538461538461
0.08323753846153846
0.14290153846153844
0.15145476923076923
0.1397723076923077
0.111192
0.06404492307692307
0.012308307692307691
-0.043600615384615383
-0.07510153846153846
-0.05820369230769231
-0.00855323076923077
0.05778646153846154
0.11619876923076923
0.15500123076923078
0.1783661538461538
0.17961784615384613
0.15687876923076924
0.09012184615384615
0.0022947692307692304
-0.09554584615384615
-0.18066092307692305
-0.214248
-0.21487384615384614
-0.16856123076923077
-0.09137353846153846
-0.002086153846153846
0.10764553846153846
0.2073636923076923
0.2872633846153846
0.34296369230769225
0.35568923076923076
0.3252313846153846
0.2503384615384615
0.14331876923076922
0.015854769230769228
-0.12204
-0.24449723076923074
-0.3321156923076923
-0.3611132307692308
-0.3342018461538461
-0.26222953846153846
-0.15395815384615386
-0.03400430769230769
0.07885661538461539
0.16897846153846155
0.22843384615384613
0.24679199999999998
0.2194633846153846
0.1504116923076923
0.06654830769230768
-0.013768615384615384
-0.09471138461538461
-0.15917353846153848
-0.20965846153846154
-0.2221753846153846
-0.19505538461538463
-0.15938215384615384
-0.09700615384615385
-0.03129230769230769
0.027120000000000002
0.07572738461538461
0.092208
0.09053907692307692
0.07259815384615384
0.03880246153846154
-0.006884307692307692
-0.05048492307692308
-0.07551876923076924
-0.0892873846153846
-0.09450276923076922
-0.0880356923076923
-0.07906523076923076
-0.07197230769230768
-0.07635323076923077
-0.09867507692307692
-0.12391753846153845
-0.13852061538461538
-0.13393107692307693
-0.11160923076923077
-0.06905169230769231
-0.015020307692307692
0.04819015384615385
0.11745046153846153
0.18086953846153844
0.23636123076923077
0.25513661538461535
0.22822523076923076
0.1733593846153846
0.09658892307692307
0.017940923076923077
-0.06195876923076923
-0.14290153846153844
-0.2059033846153846
-0.22572184615384616
-0.18963138461538462
-0.11202646153846153
-0.006467076923076923
0.09471138461538461
0.18879692307692306
0.26765353846153844
0.3269003076923077
0.3588184615384616
0.3327415384615385
0.2540935384615385
0.13914646153846155
0.017523692307692306
-0.0974233846153846
-0.18545907692307692
-0.233232
-0.2453316923076923
-0.21174461538461536
-0.13872923076923074
-0.029623384615384614
0.100344
0.2090326153846154
0.2899753846153846
0.34504984615384615
0.3746732307692308
0.37926276923076924
0.33962584615384617
0.25242461538461536
0.13351384615384615
0.014603076923076923
-0.07280676923076923
-0.12287446153846153
-0.14164984615384615
-0.13434830769230768
-0.100344
-0.03963692307692308
0.043600615384615383
0.12767261538461538
0.18316430769230768
0.1908830769230769
0.1666836923076923
0.12683815384615382
0.07677046153846154
0.027328615384615382
-0.03275261538461539
-0.09512861538461538
-0.13914646153846155
-0.16063384615384615
-0.16271999999999998
-0.15750461538461538
-0.16501476923076921
-0.17002153846153847
-0.15562707692307692
-0.13205353846153844
-0.09304246153846155
-0.05444861538461539
-0.027120000000000002
-0.0025033846153846152
0.02858030769230769
0.06696553846153847
0.10117846153846152
0.11181784615384616
0.10117846153846152
0.0826116923076923
0.054240000000000003
0.029414769230769227
-0.005841230769230769
-0.05924676923076923
-0.11745046153846153
-0.16209415384615386
-0.16605784615384614
-0.138312
-0.08135999999999999
-0.012516923076923077
0.05507446153846154
0.13914646153846155
0.22196676923076922
0.28476
0.3035353846153846
0.2749550769230769
0.21299630769230768
0.12600369230769232
0.03421292307692308
-0.06133292307692308
-0.1635544615384615
-0.2578486153846154
-0.3170953846153846
-0.32231076923076923
-0.2707827692307692
-0.1691870769230769
-0.04860738461538461
0.07802215384615384
0.2008966153846154
0.2981113846153846
0.3611132307692308
0.3698750769230769
0.3137575384615385
0.19985353846153847
0.06675692307692307
-0.05236246153846154
-0.15249784615384615
-0.22801661538461537
-0.26452430769230767
-0.2526332307692308
-0.18712800000000002
-0.08094276923076923
0.03421292307692308
0.13810338461538463
0.21132738461538458
0.26097784615384617
0.290184
0.28809784615384615
0.25346769230769234
0.17377661538461536
0.06446215384615385
-0.04860738461538461
-0.15500123076923078
-0.22697353846153845
-0.2749550769230769
-0.2931046153846154
-0.27182584615384614
-0.20819815384615384
-0.09679753846153846
0.024616615384615383
0.13768615384615385
0.2157083076923077
0.2526332307692308
0.2591003076923077
0.23114584615384615
0.1777403076923077
0.09909230769230769
0.002086153846153846
-0.08177723076923075
-0.14164984615384615
-0.16584923076923075
-0.1637630769230769
-0.1597993846153846
-0.14957723076923077
-0.13643446153846153
-0.11056615384615384
-0.084072
-0.06279323076923077
-0.045060923076923075
-0.043392
-0.02899753846153846
-0.004798153846153846
0.010222153846153844
0.016063384615384615
0.0035464615384615383
-0.02273907692307692
-0.05277969230769231
-0.07405846153846153
-0.09074769230769231
-0.11640738461538462
-0.13726892307692307
-0.15082892307692305
-0.14749107692307692
-0.11995384615384615
-0.07948246153846153
-0.03024923076923077
0.017523692307692306
0.06717415384615384
0.13893784615384613
0.21779446153846155
0.27328615384615385
0.29581661538461534
0.279336
0.23886461538461537
0.17690584615384616
0.09596307692307693
0.013560000000000001
-0.06988615384615385
-0.1358086153846154
-0.16271999999999998
-0.15270646153846154
-0.11286092307692308
-0.06487938461538462
-0.015646153846153844
0.04214030769230769
0.09763200000000001
0.13393107692307693
0.14394461538461537
0.12537784615384615
0.08240307692307691
0.026702769230769228
-0.029414769230769227
-0.07426707692307692
-0.11140061538461538
-0.14311015384615386
-0.16856123076923077
-0.17628
-0.16292861538461537
-0.13267938461538462
-0.08887015384615385
-0.04714707692307692
-0.008970461538461538
0.02273907692307692
0.051528
0.07510153846153846
0.08031692307692308
0.06216738461538462
0.03108369230769231
0.0070929230769230765
-0.007301538461538462
-0.017315076923076923
-0.031709538461538456
-0.0446436923076923
-0.046104
-0.041514461538461535
-0.02482523076923077
-0.01397723076923077
-0.011891076923076923
-0.02545107692307692
-0.05298830769230769
-0.084072
-0.12704676923076924
-0.17732307692307692
-0.2288510769230769
-0.20924123076923076
-0.11494707692307692
0.02858030769230769
0.21132738461538458
0.3609046153846154
0.5065181538461538
0.6227169230769231
0.6798775384615384
0.6773741538461538
0.5469895384615384
0.3448412307692308
0.10389046153846154
-0.11619876923076923
-0.32564861538461537
-0.5123593846153845
-0.6122861538461538
-0.6588073846153846
-0.5649304615384615
-0.38760738461538463
-0.15959076923076923
0.11223507692307692
0.35276861538461535
0.5553341538461538
0.6427439999999999
0.6391975384615384
0.5350984615384615
0.328152
0.07697907692307693
-0.2154996923076923
-0.4581193846153846
-0.631896
-0.6994873846153846
-0.6273064615384616
-0.48190153846153844
-0.26765353846153844
-0.042974769230769226
0.17315076923076922
0.376968
0.4754344615384615
0.48816
0.4424732307692308
0.3577753846153846
0.29101846153846156
0.19213476923076922
0.08219446153846154
-0.02086153846153846
-0.12350030769230769
-0.17315076923076922
-0.19380369230769232
-0.192552
-0.17523692307692307
-0.1356
-0.06133292307692308
0.01814953846153846
0.09325107692307691
0.13455692307692307
0.13893784615384613
0.14060676923076923
0.11703323076923078
0.08761846153846153
0.07510153846153846
0.06216738461538462
0.06905169230769231
0.0771876923076923
0.06133292307692308
0.022947692307692308
-0.03629907692307692
-0.12308307692307692
-0.21237046153846154
-0.2805876923076923
-0.3035353846153846
-0.260352
-0.17315076923076922
-0.051319384615384614
0.09533723076923077
0.24512307692307692
0.3784283076923077
0.4756430769230769
0.499008
0.43475446153846153
0.3198073846153846
0.18232984615384615
0.029623384615384614
-0.11599015384615384
-0.24095076923076922
-0.3114627692307692
-0.31062830769230765
-0.24554030769230767
-0.127464
0.013351384615384614
0.1652233846153846
0.31229723076923077
0.4360061538461539
0.5038061538461538
0.5048492307692307
0.43350276923076925
0.2822566153846154
0.09387692307692307
-0.11306953846153844
-0.30833353846153844
-0.4524867692307692
-0.5388535384615384
-0.5461550769230769
-0.466464
-0.31229723076923077
-0.10430769230769231
0.11891076923076922
0.31626092307692305
0.4551987692307692
0.5240418461538462
0.5161144615384615
0.4228633846153846
0.2574313846153846
0.05090215384615384
-0.1489513846153846
-0.30436984615384616
-0.4049224615384615
-0.44455938461538463
-0.42015138461538465
-0.35276861538461535
-0.2509643076923077
-0.11599015384615384
0.02586830769230769
0.15959076923076923
0.2374043076923077
0.25200738461538463
0.23239753846153846
0.1710646153846154
0.09012184615384615
0.0002086153846153846
-0.09804923076923076
-0.17711446153846155
-0.22676492307692306
-0.23114584615384615
-0.20506892307692307
-0.16647507692307692
-0.10848000000000001
-0.05090215384615384
0.013560000000000001
0.059872615384615385
0.0826116923076923
0.10076123076923077
0.09596307692307693
0.09387692307692307
0.09387692307692307
0.0853236923076923
0.08615815384615384
0.07739630769230768
0.05382276923076923
0.03671630769230769
0.010639384615384617
-0.008970461538461538
-0.021070153846153846
-0.04819015384615385
-0.06195876923076923
-0.06759138461538462
-0.059664
-0.03713353846153846
-0.021070153846153846
-0.0002086153846153846
0.027745846153846152
0.06133292307692308
0.09137353846153846
0.10347323076923076
0.08824430769230769
0.04047138461538462
-0.028371692307692306
-0.09930092307692308
-0.17085599999999998
-0.235944
-0.279336
-0.28392553846153845
-0.23656984615384613
-0.15291507692307693
-0.03984553846153846
0.08699261538461538
0.2073636923076923
0.31688676923076925
0.3961606153846154
0.4245323076923077
0.4007501538461538
0.31918153846153846
0.18650215384615382
0.029623384615384614
-0.12037107692307693
-0.23949046153846154
-0.3143833846153846
-0.3319070769230769
-0.29832
-0.21132738461538458
-0.08240307692307691
0.05528307692307692
0.18379015384615385
0.2780843076923077
0.32502276923076917
0.32877784615384614
0.28204799999999997
0.19964492307692308
0.09137353846153846
-0.031918153846153846
-0.1422756923076923
-0.2273907692307692
-0.2712
-0.279336
-0.2557624615384615
-0.2059033846153846
-0.13121907692307694
-0.032544
0.07238953846153846
0.1666836923076923
0.22864246153846152
0.2532590769230769
0.2540935384615385
0.23052
0.17023015384615386
0.08344615384615384
-0.01397723076923077
-0.10055261538461538
-0.15667015384615385
-0.18879692307692306
-0.19755876923076923
-0.19442953846153843
-0.1783661538461538
-0.1397723076923077
-0.08824430769230769
-0.02586830769230769
0.026494153846153844
0.06425353846153846
0.092208
0.10743692307692307
0.11828492307692307
0.119328
0.10681107692307691
0.07948246153846153
0.03713353846153846
-0.009804923076923077
-0.05653476923076922
-0.10806276923076923
-0.15813046153846153
-0.200688
-0.2236356923076923
-0.20548615384615385
-0.1597993846153846
-0.09012184615384615
-0.010848
0.06258461538461538
0.13706030769230768
0.20277415384615383
0.2582658461538461
0.28100492307692304
0.24637476923076923
0.17648861538461538
0.09804923076923076
0.02023569230769231
-0.05757784615384615
-0.1341396923076923
-0.19568123076923075
-0.22801661538461537
-0.23010276923076922
-0.20027076923076922
-0.15667015384615385
-0.11286092307692308
-0.06383630769230769
-0.021278769230769233
0.02795446153846154
0.06759138461538462
0.08344615384615384
0.0961716923076923
0.09012184615384615
0.07697907692307693
0.06404492307692307
0.04214030769230769
0.01668923076923077
-0.013560000000000001
-0.03421292307692308
-0.04193169230769231
-0.03921969230769231
-0.027745846153846152
-0.02858030769230769
-0.03379569230769231
-0.035464615384615386
-0.025033846153846153
0.0029206153846153843
0.026911384615384615
0.04985907692307692
0.07384984615384615
0.09909230769230769
0.12955015384615384
0.16251138461538459
0.1785747692307692
0.17085599999999998
0.13372246153846154
0.07113784615384615
0.0002086153846153846
-0.08177723076923075
-0.16772676923076923
-0.2436627692307692
-0.2912270769230769
-0.2951907692307692
-0.24616615384615384
-0.16230276923076925
-0.05674338461538461
0.055491692307692304
0.15416676923076922
0.24345415384615382
0.2981113846153846
0.30332676923076923
0.25659692307692306
0.16105107692307694
0.05048492307692308
-0.058412307692307694
-0.14686523076923075
-0.21070153846153844
-0.2399076923076923
-0.21883753846153844
-0.15959076923076923
-0.05486584615384615
0.05611753846153846
0.15333230769230768
0.2355267692307692
0.28246523076923075
0.301032
0.27850153846153847
0.21696000000000001
0.127464
0.021278769230769233
-0.08031692307692308
-0.15667015384615385
-0.19609846153846153
-0.20277415384615383
-0.1794092307692308
-0.13476553846153844
-0.07197230769230768
0.005424
0.06842584615384616
0.10013538461538461
0.10535076923076922
0.08219446153846154
0.040262769230769234
-0.0022947692307692304
-0.04422646153846154
-0.08594953846153845
-0.11494707692307692
-0.1151556923076923
-0.08115138461538463
-0.019609846153846155
0.042348923076923076
0.09325107692307691
0.1341396923076923
0.16021661538461537
0.1800350769230769
0.18232984615384615
0.15395815384615386
0.10138707692307691
0.033169846153846154
-0.03942830769230769
-0.09575446153846154
-0.132888
-0.15938215384615384
-0.16209415384615386
-0.13643446153846153
-0.0855323076923077
-0.017523692307692306
0.049233230769230765
0.09825784615384614
0.12913292307692306
0.14018953846153845
0.13914646153846155
0.132888
0.10117846153846152
0.051319384615384614
-0.0077187692307692304
-0.05674338461538461
-0.07969107692307692
-0.09950953846153845
-0.1097316923076923
-0.11181784615384616
-0.11348676923076922
-0.09512861538461538
-0.0609156923076923
-0.021070153846153846
0.021278769230769233
0.05298830769230769
0.09179076923076923
0.13518276923076925
0.17273353846153844
0.200688
0.20298276923076922
0.1869193846153846
0.15604430769230768
0.11703323076923078
0.06988615384615385
0.011056615384615385
-0.05069353846153846
-0.10326461538461539
-0.13810338461538463
-0.14331876923076922
-0.12433476923076923
-0.08594953846153845
-0.02858030769230769
0.040262769230769234
0.12412615384615384
0.20256553846153844
0.2601433846153846
0.2883064615384615
0.2776670769230769
0.24512307692307692
0.1942209230769231
0.130176
0.05799507692307692
-0.026911384615384615
-0.1151556923076923
-0.18232984615384615
-0.214248
-0.20527753846153846
-0.16105107692307694
-0.09721476923076922
-0.016063384615384615
0.07280676923076923
0.17440246153846153
0.2638984615384615
0.3160523076923077
0.32982092307692307
0.29644246153846154
0.23469230769230767
0.14728246153846153
0.040679999999999994
-0.06633969230769231
-0.16772676923076923
-0.23656984615384613
-0.2632726153846154
-0.2568055384615385
-0.21862892307692305
-0.17169046153846151
-0.11911938461538461
-0.05862092307692307
0.008344615384615384
0.07426707692307692
0.111192
0.12120553846153845
0.1136953846153846
0.08991323076923076
0.06341907692307691
0.023990769230769232
-0.021278769230769233
-0.05757784615384615
-0.0936683076923077
-0.10347323076923076
-0.09408553846153846
-0.0717636923076923
-0.03838523076923077
0.002712
0.05799507692307692
0.10994030769230768
0.13893784615384613
0.13706030769230768
0.11056615384615384
0.06592246153846154
0.01981846153846154
-0.04756430769230769
-0.09241661538461539
-0.11640738461538462
-0.09846646153846153
-0.026911384615384615
0.10493353846153847
0.30186646153846153
0.36257353846153845
0.44393353846153844
0.504432
0.484404923076923
0.4975476923076923
0.32189353846153845
0.11056615384615384
-0.15833907692307692
-0.4188996923076923
-0.554916923076923
-0.7303624615384615
-0.7852283076923077
-0.8102621538461537
-0.7163852307692308
-0.4489403076923077
-0.1718990769230769
0.19985353846153847
0.45686769230769225
0.626472
0.7637409230769231
0.729528
0.6615193846153845
0.45728492307692303
0.16167692307692308
-0.09575446153846154
-0.4349630769230769
-0.6423267692307693
-0.7251470769230769
-0.7708338461538461
-0.6690295384615385
-0.5649304615384615
-0.38593846153846156
-0.14394461538461537
0.07551876923076924
0.33962584615384617
0.5027630769230769
0.5680596923076923
0.5812024615384616
0.527171076923077
0.46437784615384614
0.30666461538461537
0.07364123076923076
-0.16647507692307692
-0.41723076923076924
-0.565764923076923
-0.6456646153846154
-0.6875963076923076
-0.6448301538461538
-0.5682683076923077
-0.4105550769230769
-0.19588984615384614
-0.007927384615384614
0.20402584615384614
0.3790541538461539
0.5165316923076922
0.6627710769230769
0.7232695384615385
0.703451076923077
0.5739009230769231
0.35318584615384613
0.09867507692307692
-0.19505538461538463
-0.46145723076923073
-0.6938547692307693
-0.8394683076923077
-0.8745156923076922
-0.8221532307692307
-0.5999778461538462
-0.28350830769230767
0.06300184615384616
0.4418473846153846
0.7405846153846153
0.9702701538461539
1.0839655384615383
1.0380701538461539
0.8793138461538462
0.5607581538461538
0.1829556923076923
-0.17899199999999998
-0.5248763076923078
-0.7820990769230769
-0.9487827692307692
-0.9829956923076922
-0.8528196923076923
-0.6003950769230769
-0.2563883076923077
0.11327815384615383
0.48190153846153844
0.8140172307692307
1.029516923076923
1.1311126153846154
1.0695710769230768
0.855948923076923
0.5630529230769231
0.1881710769230769
-0.17023015384615386
-0.47376553846153846
-0.725772923076923
-0.8553230769230769
-0.8818172307692307
-0.7939901538461539
-0.5812024615384616
-0.31041969230769234
-0.01856676923076923
0.241368
0.4443507692307692
0.570563076923077
0.6016467692307692
0.5592978461538461
0.428496
0.23823876923076923
0.01856676923076923
-0.20652923076923077
-0.3832264615384615
-0.5238332307692307
-0.6035243076923077
-0.6137464615384616
-0.585792
-0.47689476923076923
-0.31396615384615384
-0.1462393846153846
0.017315076923076923
0.14811692307692306
0.26494153846153845
0.3784283076923077
0.4554073846153846
0.47606030769230767
0.42995630769230764
0.33315876923076926
0.21696000000000001
0.09012184615384615
-0.03880246153846154
-0.1760713846153846
-0.30436984615384616
-0.39678646153846153
-0.4443507692307692
-0.4214030769230769
-0.35005661538461535
-0.23406646153846156
-0.07739630769230768
0.07426707692307692
0.22405292307692307
0.3483876923076923
0.4214030769230769
0.4493575384615385
0.404088
0.3004061538461538
0.16876984615384616
0.01668923076923077
-0.12996738461538462
-0.25242461538461536
-0.3385827692307692
-0.38030584615384616
-0.35193415384615384
-0.25346769230769234
-0.11995384615384615
0.02273907692307692
0.16647507692307692
0.29602523076923076
0.3915710769230769
0.43621476923076924
0.4141015384615384
0.3350363076923077
0.21320492307692307
0.08907876923076924
-0.026285538461538457
-0.13622584615384614
-0.21111876923076925
-0.24470584615384613
-0.22488738461538463
-0.1504116923076923
-0.042974769230769226
0.0855323076923077
0.20673784615384616
0.3022836923076923
0.35631507692307696
0.3538116923076923
0.2985286153846154
0.192552
0.073224
-0.046104
-0.15833907692307692
-0.23198030769230768
-0.26869661538461537
-0.25388492307692306
-0.18983999999999998
-0.09763200000000001
0.015854769230769228
0.12850707692307692
0.21362215384615382
0.26348123076923075
0.2682793846153846
0.23281476923076924
0.18107815384615383
0.10576799999999999
0.015646153846153844
-0.07843938461538462
-0.15667015384615385
-0.1860849230769231
-0.17628
-0.13455692307692307
-0.07301538461538462
-0.002086153846153846
0.08052553846153847
0.157296
0.20423446153846153
0.20402584615384614
0.15792184615384616
0.07927384615384615
-0.009804923076923077
-0.09095630769230768
-0.17461107692307692
-0.249504
-0.2851772307692308
-0.28017046153846153
-0.2342750769230769
-0.15374953846153847
-0.06300184615384616
0.02586830769230769
0.09804923076923076
0.14269292307692305
0.1639716923076923
0.14603076923076924
0.09679753846153846
0.02545107692307692
-0.05277969230769231
-0.09992676923076924
-0.11765907692307691
-0.1045163076923077
-0.06863446153846153
-0.03233538461538461
0.0008344615384615384
0.02545107692307692
0.04109723076923077
0.04819015384615385
0.03108369230769231
-0.006884307692307692
-0.05069353846153846
-0.08594953846153845
-0.09554584615384615
-0.08115138461538463
-0.05236246153846154
-0.014394461538461538
0.03275261538461539
0.08302892307692307
0.12204
0.13455692307692307
0.11202646153846153
0.06362769230769232
-0.0025033846153846152
-0.07218092307692307
-0.14060676923076923
-0.19985353846153847
-0.23636123076923077
-0.24095076923076922
-0.19839323076923077
-0.12537784615384615
-0.03567323076923076
0.056326153846153845
0.13789476923076924
0.20277415384615383
0.23531815384615382
0.23531815384615382
0.19860184615384616
0.12788123076923075
0.040054153846153843
-0.04756430769230769
-0.11452984615384615
-0.15771323076923077
-0.18086953846153844
-0.17231630769230769
-0.12788123076923075
-0.0448523076923077
0.07197230769230768
0.19025723076923076
0.27975323076923075
0.3214763076923077
0.31229723076923077
0.26118646153846153
0.1804523076923077
0.07572738461538461
-0.046104
-0.16105107692307694
-0.23677846153846152
-0.26619323076923074
-0.2482523076923077
-0.19338646153846153
-0.12099692307692309
-0.027120000000000002
0.07405846153846153
0.173568
0.24887815384615386
0.27599815384615384
0.26911384615384615
0.22154953846153846
0.157296
0.08907876923076924
0.011682461538461537
-0.053405538461538456
-0.10576799999999999
-0.13664307692307692
-0.1353913846153846
-0.11035753846153845
-0.06467076923076923
-0.00855323076923077
0.04735569230769231
0.10639384615384614
0.14832553846153845
0.17169046153846151
0.18066092307692305
0.15896492307692306
0.11891076923076922
0.062376
0.003129230769230769
-0.05069353846153846
-0.10076123076923077
-0.13205353846153844
-0.15291507692307693
-0.1506203076923077
-0.12037107692307693
-0.07072061538461538
-0.006884307692307692
0.06070707692307692
0.13351384615384615
0.19860184615384616
0.23761292307692305
0.249504
0.23177169230769232
0.17899199999999998
0.11432123076923076
0.04944184615384615
-0.005841230769230769
-0.05528307692307692
-0.10472492307692308
-0.1316363076923077
-0.1368516923076923
-0.11056615384615384
-0.06070707692307692
0.0012516923076923076
0.07134646153846153
0.1356
0.20444307692307692
0.25367630769230765
0.2724516923076923
0.25659692307692306
0.20381723076923075
0.138312
0.05111076923076923
-0.03838523076923077
-0.12037107692307693
-0.19067446153846154
-0.23448369230769228
-0.24762646153846155
-0.22676492307692306
-0.18128676923076922
-0.11640738461538462
-0.040054153846153843
0.045895384615384616
0.13038461538461538
0.20486030769230767
0.2557624615384615
0.26681907692307694
0.24053353846153847
0.1760713846153846
0.08740984615384616
-0.020652923076923076
-0.13330523076923076
-0.235944
-0.31062830769230765
-0.3379569230769231
-0.32001599999999997
-0.26118646153846153
-0.18963138461538462
-0.10326461538461539
-0.008136
0.07760492307692309
0.143736
0.17148184615384612
0.17023015384615386
0.14436184615384615
0.0828203076923077
0.008344615384615384
-0.07113784615384615
-0.15208061538461537
-0.2238443076923077
-0.287472
-0.30186646153846153
-0.27704123076923076
-0.22593046153846155
-0.14665661538461539
-0.0678
0.025659692307692307
0.11411261538461538
0.1858763076923077
0.24616615384615384
0.2591003076923077
0.2374043076923077
0.1913003076923077
0.1287156923076923
0.073224
0.013142769230769229
-0.04214030769230769
-0.09137353846153846
-0.13393107692307693
-0.14018953846153845
-0.12662953846153846
-0.09867507692307692
-0.05090215384615384
-0.006884307692307692
0.03609046153846154
0.07781353846153846
0.10952307692307692
0.12829846153846153
0.11411261538461538
0.08699261538461538
0.06404492307692307
0.035464615384615386
0.006884307692307692
-0.024199384615384616
-0.04088861538461538
-0.05027630769230769
-0.05277969230769231
-0.03567323076923076
-0.024199384615384616
-0.02044430769230769
-0.021278769230769233
-0.027120000000000002
-0.01981846153846154
-0.0077187692307692304
-0.003129230769230769
0.004172307692307692
0.010013538461538461
0.02315630769230769
0.043600615384615383
0.059872615384615385
0.07677046153846154
0.08657538461538461
0.08219446153846154
0.07238953846153846
0.06279323076923077
0.05319692307692307
0.03233538461538461
0.0035464615384615383
-0.020652923076923076
-0.04130584615384615
-0.040262769230769234
-0.03150092307692308
-0.006258461538461538
0.021696
0.04214030769230769
0.06800861538461538
0.06529661538461538
0.06070707692307692
0.04756430769230769
0.026702769230769228
-0.007510153846153846
-0.03671630769230769
-0.062376
-0.06133292307692308
-0.043392
0.043600615384615383
0.21049292307692305
0.17461107692307692
0.1733593846153846
0.1637630769230769
0.11807630769230769
0.1792006153846154
0.015854769230769228
-0.13184492307692308
-0.3310726153846154
-0.46312615384615385
-0.3832264615384615
-0.3980381538461538
-0.31104553846153843
-0.29644246153846154
-0.1883796923076923
0.08699261538461538
0.2695310769230769
0.5021372307692308
0.49379261538461533
0.3844781538461538
0.3152178461538461
0.12496061538461539
0.03692492307692308
-0.14394461538461537
-0.34275507692307694
-0.39970707692307694
-0.5417741538461538
-0.49963384615384615
-0.3609046153846154
-0.2507556923076923
-0.017940923076923077
0.08636676923076922
0.19192615384615386
0.30019753846153846
0.32669169230769235
0.43704923076923075
0.4228633846153846
0.31104553846153843
0.17961784615384613
0.026285538461538457
-0.01272553846153846
-0.09179076923076923
-0.208824
-0.30249230769230767
-0.4080516923076923
-0.3577753846153846
-0.2655673846153846
-0.20047938461538461
-0.10222153846153846
-0.06571384615384615
0.030040615384615384
0.1435273846153846
0.18900553846153845
0.24992123076923078
0.21842030769230766
0.17169046153846151
0.18086953846153844
0.1353913846153846
0.08782707692307692
-0.008970461538461538
-0.1287156923076923
-0.21111876923076925
-0.3008233846153846
-0.33065538461538463
-0.328152
-0.2722430769230769
-0.18796246153846152
-0.12829846153846153
0.03108369230769231
0.20339999999999997
0.3544375384615384
0.497964923076923
0.5217470769230769
0.5108990769230769
0.4387181538461538
0.3198073846153846
0.222384
0.04172307692307692
-0.11536430769230768
-0.21216184615384615
-0.279336
-0.25951753846153847
-0.23052
-0.14916
0.008344615384615384
0.1792006153846154
0.3513083076923077
0.444768
0.4971304615384615
0.5159058461538462
0.4443507692307692
0.3483876923076923
0.18775384615384613
0.003963692307692307
-0.11807630769230769
-0.24658338461538462
-0.30019753846153846
-0.29039261538461536
-0.26619323076923074
-0.16418030769230768
-0.07697907692307693
0.01814953846153846
0.13476553846153844
0.2090326153846154
0.27140861538461536
0.2680707692307692
0.21237046153846154
0.1316363076923077
0.018358153846153843
-0.059664
-0.12516923076923075
-0.17502830769230768
-0.20423446153846153
-0.22822523076923076
-0.17461107692307692
-0.09825784615384614
-0.011891076923076923
0.07843938461538462
0.09554584615384615
0.12433476923076923
0.15646153846153846
0.15291507692307693
0.11807630769230769
0.015228923076923076
-0.07948246153846153
-0.12767261538461538
-0.14957723076923077
-0.14290153846153844
-0.14811692307692306
-0.15562707692307692
-0.12788123076923075
-0.07843938461538462
0.0033378461538461535
0.07030338461538461
0.09074769230769231
0.08490646153846154
0.041514461538461535
0.015646153846153844
-0.003129230769230769
-0.031918153846153846
-0.041514461538461535
-0.08511507692307693
-0.12391753846153845
-0.13872923076923074
-0.13852061538461538
-0.08782707692307692
-0.07572738461538461
-0.09679753846153846
-0.08866153846153846
-0.06258461538461538
0.004798153846153846
0.06467076923076923
0.08720123076923077
0.08887015384615385
0.0678
0.07113784615384615
0.07843938461538462
0.05611753846153846
0.015646153846153844
-0.05194523076923077
-0.09033046153846153
-0.09784061538461537
-0.09074769230769231
-0.06738276923076922
-0.056326153846153845
-0.015228923076923076
0.04380923076923077
0.10347323076923076
0.17648861538461538
0.22154953846153846
0.23823876923076923
0.22467876923076924
0.18983999999999998
0.1691870769230769
0.13393107692307693
0.07531015384615385
-0.0077187692307692304
-0.100344
-0.15750461538461538
-0.17648861538461538
-0.16188553846153847
-0.1314276923076923
-0.08845292307692308
-0.018775384615384614
0.07384984615384615
0.17565415384615385
0.25847446153846154
0.2814221538461538
0.25701415384615384
0.21028430769230766
0.1424843076923077
0.06863446153846153
-0.02524246153846154
-0.12454338461538461
-0.1883796923076923
-0.21591692307692306
-0.19651569230769228
-0.14853415384615384
-0.08386338461538462
-0.0014603076923076922
0.07113784615384615
0.13121907692307694
0.16584923076923075
0.16876984615384616
0.14039815384615384
0.07489292307692308
0.0012516923076923076
-0.06717415384615384
-0.11974523076923077
-0.13998092307692306
-0.13726892307692307
-0.09053907692307692
-0.025659692307692307
0.027120000000000002
0.0963803076923077
0.14978584615384616
0.1802436923076923
0.1779489230769231
0.13205353846153844
0.08031692307692308
0.015437538461538461
-0.04839876923076923
-0.0892873846153846
-0.09950953846153845
-0.07969107692307692
-0.05528307692307692
-0.011891076923076923
0.05069353846153846
0.10952307692307692
0.17148184615384612
0.2090326153846154
0.20527753846153846
0.17148184615384612
0.10222153846153846
0.021278769230769233
-0.05757784615384615
-0.127464
-0.1802436923076923
-0.21237046153846154
-0.20256553846153844
-0.1531236923076923
-0.07885661538461539
0.005215384615384615
0.08156861538461539
0.14164984615384615
0.173568
0.18149538461538461
0.1558356923076923
0.08219446153846154
-0.011265230769230769
-0.11306953846153844
-0.19735015384615384
-0.2517987692307692
-0.2858030769230769
-0.28246523076923075
-0.2540935384615385
-0.20694646153846152
-0.13622584615384614
-0.053614153846153846
0.029623384615384614
0.08824430769230769
0.1151556923076923
0.1151556923076923
0.09283384615384616
0.05799507692307692
0.0008344615384615384
-0.06404492307692307
-0.12162276923076921
-0.16105107692307694
-0.17231630769230769
-0.18316430769230768
-0.1858763076923077
-0.17398523076923075
-0.14728246153846153
-0.09158215384615384
-0.029832
0.03567323076923076
0.08574092307692306
0.116616
0.1449876923076923
0.16167692307692308
0.16876984615384616
0.14978584615384616
0.11807630769230769
0.08386338461538462
0.04631261538461538
0.019609846153846155
-0.0002086153846153846
-0.01856676923076923
-0.04985907692307692
-0.06988615384615385
-0.06571384615384615
-0.03400430769230769
0.014394461538461538
0.051528
0.09179076923076923
0.12350030769230769
0.154584
0.18399876923076922
0.19046584615384615
0.16271999999999998
0.10263876923076923
0.048816000000000005
0.0050067692307692304
-0.03880246153846154
-0.07760492307692309
-0.11056615384615384
-0.13101046153846155
-0.13184492307692308
-0.11557292307692307
-0.08115138461538463
-0.045895384615384616
-0.019609846153846155
0.021278769230769233
0.0717636923076923
0.12329169230769231
0.17002153846153847
0.19025723076923076
0.1913003076923077
0.1779489230769231
0.15771323076923077
0.14144123076923076
0.10910584615384614
0.04693846153846153
-0.02795446153846154
-0.10681107692307691
-0.17502830769230768
-0.2140393846153846
-0.2330233846153846
-0.23281476923076924
-0.208824
-0.15208061538461537
-0.06341907692307691
0.03609046153846154
0.12266584615384615
0.1800350769230769
0.21716861538461538
0.22676492307692306
0.19568123076923075
0.12621230769230768
0.014185846153846153
-0.11765907692307691
-0.24491446153846153
-0.3344104615384615
-0.3721698461538462
-0.371544
-0.3314898461538462
-0.25367630769230765
-0.138312
0.0029206153846153843
0.15103753846153847
0.27140861538461536
0.3456756923076923
0.37738523076923075
0.36403384615384615
0.3152178461538461
0.23218892307692307
0.12350030769230769
0.006675692307692307
-0.09658892307692307
-0.165432
-0.19797599999999999
-0.19568123076923075
-0.1760713846153846
-0.14749107692307692
-0.09909230769230769
-0.037342153846153844
0.03504738461538461
0.08907876923076924
0.10681107692307691
0.10848000000000001
0.09158215384615384
0.07802215384615384
0.07030338461538461
0.05486584615384615
0.04318338461538461
0.034630153846153845
0.03755076923076923
0.05674338461538461
0.06821723076923077
0.06654830769230768
0.04088861538461538
-0.0006258461538461538
-0.03066646153846154
-0.044435076923076924
-0.04422646153846154
-0.042974769230769226
-0.024199384615384616
0.015228923076923076
0.0855323076923077
0.17231630769230769
0.2482523076923077
0.301032
0.31751261538461534
0.3049956923076923
0.26160369230769226
0.18712800000000002
0.07635323076923077
-0.05674338461538461
-0.19359507692307693
-0.29331323076923077
-0.33816553846153846
-0.3473446153846154
-0.3087507692307692
-0.2438713846153846
-0.14457046153846154
-0.010013538461538461
0.12496061538461539
0.23928184615384615
0.2862203076923077
0.26306399999999996
0.19818461538461538
0.11348676923076922
0.02795446153846154
-0.06487938461538462
-0.1637630769230769
-0.235944
-0.27182584615384614
-0.2517987692307692
-0.1792006153846154
-0.10180430769230768
-0.016480615384615385
0.06258461538461538
0.13768615384615385
0.20778092307692309
0.2374043076923077
0.23385784615384617
0.1846246153846154
0.11160923076923077
0.051319384615384614
0.0043809230769230765
-0.017523692307692306
-0.025033846153846153
-0.013560000000000001
0.010222153846153844
0.03755076923076923
0.06884307692307692
0.08115138461538463
0.06842584615384616
0.024616615384615383
-0.032544
-0.07927384615384615
-0.11745046153846153
-0.15750461538461538
-0.19359507692307693
-0.22280123076923075
-0.2355267692307692
-0.23198030769230768
-0.17377661538461536
-0.03775938461538462
0.1151556923076923
0.306456
0.48357046153846156
0.6325218461538461
0.7505981538461538
0.7766750769230769
0.7268159999999999
0.5501187692307692
0.3202246153846154
0.08636676923076922
-0.1614683076923077
-0.38719015384615385
-0.5630529230769231
-0.628140923076923
-0.6037329230769231
-0.4729310769230769
-0.2574313846153846
-0.02545107692307692
0.22467876923076924
0.4416387692307692
0.5778646153846153
0.6152067692307692
0.5104818461538462
0.317304
0.0988836923076923
-0.16793538461538463
-0.4011673846153846
-0.5834972307692308
-0.6982356923076922
-0.6569298461538461
-0.5250849230769231
-0.31250584615384613
-0.07885661538461539
0.0988836923076923
0.24887815384615386
0.3373310769230769
0.35965292307692304
0.32314523076923074
0.23886461538461537
0.16459753846153846
0.11411261538461538
0.08615815384615384
0.09033046153846153
0.09658892307692307
0.09825784615384614
0.07113784615384615
0.025033846153846153
-0.029623384615384614
-0.09846646153846153
-0.13998092307692306
-0.1792006153846154
-0.21174461538461536
-0.22008923076923076
-0.21821169230769227
-0.18274707692307693
-0.12245723076923076
-0.06321046153846153
0.001043076923076923
0.078648
0.17502830769230768
0.2712
0.3291950769230769
0.3039526153846154
0.1927606153846154
0.04318338461538461
-0.13372246153846154
-0.31918153846153846
-0.4758516923076923
-0.5882953846153847
-0.602064
-0.5019286153846154
-0.3148006153846154
-0.05736923076923077
0.1942209230769231
0.4082603076923077
0.5741095384615384
0.6529661538461539
0.6454559999999999
0.5524135384615385
0.39282276923076925
0.19860184615384616
-0.0012516923076923076
-0.17252492307692308
-0.2947735384615384
-0.36027876923076924
-0.376968
-0.3617390769230769
-0.30583015384615386
-0.20506892307692307
-0.07969107692307692
0.043392
0.1287156923076923
0.184416
0.2127876923076923
0.2008966153846154
0.173568
0.11181784615384616
0.03650769230769231
-0.012934153846153845
-0.04547815384615384
-0.04839876923076923
-0.04172307692307692
-0.03692492307692308
-0.026702769230769228
-0.012934153846153845
-0.008136
-0.03400430769230769
-0.07802215384615384
-0.13226215384615383
-0.1785747692307692
-0.19213476923076922
-0.18128676923076922
-0.1422756923076923
-0.0826116923076923
-0.017523692307692306
0.06550523076923077
0.14978584615384616
0.2056947692307692
0.2290596923076923
0.20402584615384614
0.1353913846153846
0.03337846153846154
-0.103056
-0.23844738461538462
-0.3542289230769231
-0.4405956923076923
-0.4720966153846154
-0.4554073846153846
-0.37780246153846153
-0.24887815384615386
-0.09325107692307691
0.07405846153846153
0.21925476923076925
0.34233784615384616
0.42661846153846156
0.45102646153846154
0.41305846153846154
0.3022836923076923
0.16188553846153847
0.022530461538461537
-0.116616
-0.22175815384615383
-0.30520430769230766
-0.34963938461538463
-0.31918153846153846
-0.249504
-0.14749107692307692
-0.031918153846153846
0.07364123076923076
0.18212123076923076
0.2722430769230769
0.3346190769230769
0.3565236923076923
0.3285692307692308
0.27474646153846155
0.19881046153846152
0.12120553846153845
0.042974769230769226
-0.042557538461538466
-0.11828492307692307
-0.1860849230769231
-0.23218892307692307
-0.2563883076923077
-0.2632726153846154
-0.24408
-0.21028430769230766
-0.16459753846153846
-0.0988836923076923
-0.017940923076923077
0.0744756923076923
0.16271999999999998
0.23761292307692305
0.2995716923076923
0.34275507692307694
0.3727956923076923
0.37967999999999996
0.3542289230769231
0.2883064615384615
0.19463815384615382
0.10138707692307691
-0.004589538461538461
-0.11035753846153845
-0.20006215384615383
-0.2578486153846154
-0.2578486153846154
-0.2090326153846154
-0.11306953846153844
0.009387692307692307
0.1341396923076923
0.25388492307692306
0.34880492307692307
0.39928984615384616
0.38072307692307694
0.29873723076923075
0.16856123076923077
0.018775384615384614
-0.12808984615384614
-0.2620209230769231
-0.3613218461538461
-0.4214030769230769
-0.4282873846153846
-0.3826006153846154
-0.28893230769230765
-0.16271999999999998
-0.023990769230769232
0.11181784615384616
0.22280123076923075
0.29685969230769227
0.31772123076923076
0.2912270769230769
0.22634769230769228
0.13226215384615383
0.03150092307692308
-0.06529661538461538
-0.14206707692307693
-0.18483323076923078
-0.1992276923076923
-0.18942276923076923
-0.15145476923076923
-0.09554584615384615
-0.03838523076923077
0.003129230769230769
0.028371692307692306
0.0446436923076923
0.04214030769230769
0.035464615384615386
0.023782153846153845
-0.0012516923076923076
-0.02211323076923077
-0.03129230769230769
-0.008970461538461538
0.028788923076923077
0.06154153846153846
0.10263876923076923
0.13455692307692307
0.1612596923076923
0.18483323076923078
0.17565415384615385
0.13434830769230768
0.06425353846153846
-0.02044430769230769
-0.0853236923076923
-0.13309661538461537
-0.15374953846153847
-0.13935507692307691
-0.09679753846153846
-0.025659692307692307
0.05736923076923077
0.143736
0.2090326153846154
0.2526332307692308
0.268488
0.2436627692307692
0.1910916923076923
0.11473846153846154
0.02586830769230769
-0.07364123076923076
-0.16105107692307694
-0.2207150769230769
-0.24887815384615386
-0.25659692307692306
-0.2563883076923077
-0.23677846153846152
-0.19672430769230767
-0.13226215384615383
-0.05486584615384615
0.020027076923076922
0.086784
0.14164984615384615
0.1881710769230769
0.22593046153846155
0.2374043076923077
0.21716861538461538
0.168144
0.10076123076923077
0.03233538461538461
-0.03108369230769231
-0.08574092307692306
-0.13393107692307693
-0.15687876923076924
-0.15270646153846154
-0.11953661538461538
-0.04819015384615385
0.03337846153846154
0.11807630769230769
0.19609846153846153
0.2563883076923077
0.30708184615384615
0.33315876923076926
0.32210215384615387
0.27558092307692306
0.19985353846153847
0.09658892307692307
-0.02545107692307692
-0.1316363076923077
-0.22572184615384616
-0.3031181538461538
-0.3387913846153846
-0.3241883076923077
-0.2426196923076923
-0.13226215384615383
-0.015228923076923076
0.10368184615384615
0.21049292307692305
0.306456
0.3652855384615385
0.3813489230769231
0.3538116923076923
0.279336
0.18629353846153843
0.092208
0.010848
-0.04672984615384615
-0.09784061538461537
-0.12120553846153845
-0.10889723076923077
-0.07823076923076923
-0.02273907692307692
0.03150092307692308
0.0798996923076923
0.12996738461538462
0.16584923076923075
0.19985353846153847
0.21967199999999998
0.20486030769230767
0.16271999999999998
0.09387692307692307
0.029206153846153847
-0.024199384615384616
-0.078648
-0.11765907692307691
-0.14749107692307692
-0.16271999999999998
-0.1585476923076923
-0.14811692307692306
-0.1314276923076923
-0.11807630769230769
-0.09679753846153846
-0.06863446153846153
-0.03629907692307692
0.009596307692307692
0.04526953846153846
0.0678
0.0826116923076923
0.0963803076923077
0.10096984615384616
0.08574092307692306
0.056951999999999996
0.012516923076923077
-0.03337846153846154
-0.06988615384615385
-0.09158215384615384
-0.10138707692307691
-0.10743692307692307
-0.10827138461538462
-0.0974233846153846
-0.08073415384615384
-0.06049846153846154
-0.03859384615384615
-0.021696
-0.00855323076923077
-0.0022947692307692304
0.002086153846153846
0.007301538461538462
0.0035464615384615383
-0.012934153846153845
-0.03609046153846154
-0.06341907692307691
-0.08594953846153845
-0.10368184615384615
-0.12412615384615384
-0.14811692307692306
-0.16438892307692307
-0.16188553846153847
-0.14436184615384615
-0.11703323076923078
-0.08574092307692306
-0.051528
-0.016480615384615385
0.021278769230769233
0.05382276923076923
0.06905169230769231
0.06133292307692308
0.04902461538461538
0.048816000000000005
0.051319384615384614
0.052571076923076915
0.03984553846153846
0.016063384615384615
-0.014603076923076923
-0.051319384615384614
-0.07906523076923076
-0.09700615384615385
-0.1097316923076923
-0.11557292307692307
-0.11140061538461538
-0.08574092307692306
-0.03588184615384615
0.012308307692307691
0.05674338461538461
0.08907876923076924
0.10368184615384615
0.11140061538461538
0.10889723076923077
0.09137353846153846
0.05590892307692308
0.011056615384615385
-0.023364923076923075
-0.041514461538461535
-0.05382276923076923
-0.06279323076923077
-0.07426707692307692
-0.07510153846153846
-0.05528307692307692
-0.019609846153846155
0.018358153846153843
0.03880246153846154
0.054657230769230764
0.059664
0.05090215384615384
0.046104
0.026702769230769228
0.0002086153846153846
-0.026494153846153844
-0.04547815384615384
-0.043392
-0.04214030769230769
-0.04318338461538461
-0.05069353846153846
-0.059872615384615385
-0.05653476923076922
-0.047981538461538464
-0.03483876923076923
-0.019192615384615384
-0.011056615384615385
-0.0002086153846153846
0.01043076923076923
0.02482523076923077
0.040054153846153843
0.03859384615384615
0.025659692307692307
0.013768615384615384
0.016480615384615385
0.03108369230769231
0.047772923076923074
0.05111076923076923
0.05090215384615384
0.05507446153846154
0.058829538461538454
0.05444861538461539
0.03233538461538461
-0.009596307692307692
-0.045895384615384616
-0.06070707692307692
-0.059664
-0.040679999999999994
-0.04944184615384615
-0.042557538461538466
-0.009179076923076922
0.04985907692307692
0.1136953846153846
0.13455692307692307
0.1368516923076923
0.13768615384615385
0.1476996923076923
0.22175815384615383
0.3452584615384615
0.23156307692307693
0.10889723076923077
0.03275261538461539
-0.09137353846153846
-0.005841230769230769
-0.13038461538461538
-0.3095852307692307
-0.4320424615384615
-0.533220923076923
-0.3152178461538461
-0.16876984615384616
0.005215384615384615
0.10409907692307692
0.1696043076923077
0.43642338461538455
0.55596
0.6875963076923076
0.5778646153846153
0.2970683076923077
0.15792184615384616
-0.08490646153846154
-0.16334584615384617
-0.27412061538461535
-0.4652123076923077
-0.4383009230769231
-0.5150713846153846
-0.42077723076923074
-0.1860849230769231
-0.08428061538461538
0.15333230769230768
0.2194633846153846
0.22947692307692308
0.3323243076923077
0.3047870769230769
0.37655076923076924
0.3312812307692308
0.15416676923076922
0.018983999999999997
-0.16063384615384615
-0.18128676923076922
-0.21070153846153844
-0.30666461538461537
-0.3440067692307692
-0.4011673846153846
-0.28121353846153846
-0.116616
-0.042348923076923076
0.07572738461538461
0.100344
0.16772676923076923
0.3068732307692308
0.32085046153846153
0.33941723076923075
0.273912
0.154584
0.13080184615384613
0.04401784615384615
-0.04318338461538461
-0.1506203076923077
-0.2914356923076923
-0.34880492307692307
-0.3896935384615384
-0.3721698461538462
-0.3239796923076923
-0.2355267692307692
-0.09199938461538461
0.0077187692307692304
0.17461107692307692
0.3239796923076923
0.4007501538461538
0.4783550769230769
0.41389292307692305
0.31918153846153846
0.2221753846153846
0.04819015384615385
-0.0771876923076923
-0.2415766153846154
-0.3617390769230769
-0.3650769230769231
-0.3448412307692308
-0.235944
-0.12808984615384614
0.0002086153846153846
0.19568123076923075
0.36403384615384615
0.4852393846153846
0.4877427692307692
0.4416387692307692
0.4011673846153846
0.29101846153846156
0.17565415384615385
0.024408000000000003
-0.14874276923076923
-0.21988061538461537
-0.2720344615384615
-0.25805723076923076
-0.17002153846153847
-0.1178676923076923
-0.005424
0.09033046153846153
0.15792184615384616
0.25847446153846154
0.2899753846153846
0.2899753846153846
0.24178523076923078
0.14978584615384616
0.0678
-0.018983999999999997
-0.07030338461538461
-0.12391753846153845
-0.1666836923076923
-0.1777403076923077
-0.1913003076923077
-0.127464
-0.04819015384615385
0.011265230769230769
0.09137353846153846
0.11223507692307692
0.14457046153846154
0.20506892307692307
0.20965846153846154
0.18942276923076923
0.10785415384615385
0.01397723076923077
-0.012308307692307691
-0.04380923076923077
-0.07426707692307692
-0.12433476923076923
-0.1948467692307692
-0.22488738461538463
-0.23239753846153846
-0.2021483076923077
-0.16105107692307694
-0.12266584615384615
-0.06571384615384615
-0.017523692307692306
0.059664
0.14123261538461537
0.18858830769230767
0.24199384615384617
0.22447015384615385
0.1637630769230769
0.10326461538461539
0.006884307692307692
-0.04756430769230769
-0.11432123076923076
-0.20778092307692309
-0.25054707692307693
-0.2559710769230769
-0.19818461538461538
-0.10389046153846154
-0.01668923076923077
0.07301538461538462
0.14957723076923077
0.22321846153846153
0.27182584615384614
0.26911384615384615
0.233232
0.14436184615384615
0.05403138461538461
-0.026494153846153844
-0.12287446153846153
-0.18379015384615385
-0.23448369230769228
-0.24616615384615384
-0.20944984615384615
-0.16313723076923078
-0.06967753846153846
0.03504738461538461
0.13059323076923077
0.20131384615384615
0.23364923076923078
0.2559710769230769
0.25284184615384614
0.22718215384615387
0.1639716923076923
0.06717415384615384
-0.026494153846153844
-0.10055261538461538
-0.12350030769230769
-0.116616
-0.11327815384615383
-0.09554584615384615
-0.056326153846153845
0.014603076923076923
0.10076123076923077
0.14874276923076923
0.1733593846153846
0.1873366153846154
0.17711446153846155
0.1639716923076923
0.13455692307692307
0.08761846153846153
0.041514461538461535
-0.012934153846153845
-0.050067692307692306
-0.08177723076923075
-0.10889723076923077
-0.1218313846153846
-0.1449876923076923
-0.16480615384615382
-0.19693292307692306
-0.21883753846153844
-0.21696000000000001
-0.21153599999999997
-0.18775384615384613
-0.16689230769230767
-0.13747753846153846
-0.07572738461538461
-0.009179076923076922
0.059872615384615385
0.11682461538461539
0.13643446153846153
0.14582215384615385
0.13038461538461538
0.10013538461538461
0.06425353846153846
-0.01272553846153846
-0.08448923076923077
-0.14018953846153845
-0.16876984615384616
-0.15750461538461538
-0.12621230769230768
-0.06633969230769231
0.004589538461538461
0.07280676923076923
0.15374953846153847
0.22822523076923076
0.2776670769230769
0.29227015384615385
0.25305046153846156
0.19985353846153847
0.1368516923076923
0.06633969230769231
0.0025033846153846152
-0.0717636923076923
-0.13330523076923076
-0.17377661538461536
-0.19067446153846154
-0.17461107692307692
-0.1368516923076923
-0.086784
-0.037342153846153844
0.015854769230769228
0.0826116923076923
0.13476553846153844
0.16438892307692307
0.16459753846153846
0.1449876923076923
0.12829846153846153
0.10597661538461538
0.08094276923076923
0.038176615384615385
-0.006258461538461538
-0.027745846153846152
-0.04693846153846153
-0.05862092307692307
-0.06654830769230768
-0.08156861538461539
-0.0853236923076923
-0.08156861538461539
-0.07384984615384615
-0.05590892307692308
-0.040679999999999994
-0.022530461538461537
-0.00855323076923077
0.0014603076923076922
0.024199384615384616
0.03421292307692308
0.03129230769230769
0.010848
-0.029206153846153847
-0.05757784615384615
-0.08428061538461538
-0.11056615384615384
-0.12662953846153846
-0.1395636923076923
-0.1368516923076923
-0.09992676923076924
-0.05444861538461539
-0.010848
0.022947692307692308
0.040262769230769234
0.07092923076923077
0.09158215384615384
0.10138707692307691
0.10138707692307691
0.08010830769230769
0.052153846153846155
0.028788923076923077
0.026285538461538457
0.03212676923076923
0.04172307692307692
0.046104
0.05069353846153846
0.06571384615384615
0.07113784615384615
0.06341907692307691
0.03609046153846154
-0.009387692307692307
-0.053614153846153846
-0.08949599999999999
-0.11098338461538461
-0.11745046153846153
-0.11724184615384614
-0.11035753846153845
-0.08302892307692307
-0.027328615384615382
0.031918153846153846
0.07739630769230768
0.10722830769230769
0.10764553846153846
0.09763200000000001
0.08052553846153847
0.045060923076923075
0.0016689230769230767
-0.05716061538461538
-0.10639384615384614
-0.12600369230769232
-0.12579507692307693
-0.09658892307692307
-0.047981538461538464
0.011473846153846154
0.08615815384615384
0.16418030769230768
0.2238443076923077
0.24428861538461538
0.21925476923076925
0.16271999999999998
0.09179076923076923
0.014811692307692307
-0.059664
-0.1178676923076923
-0.16000799999999998
-0.17023015384615386
-0.13518276923076925
-0.07072061538461538
0.009804923076923077
0.08448923076923077
0.13247076923076923
0.14582215384615385
0.1314276923076923
0.08490646153846154
0.010639384615384617
-0.08428061538461538
-0.18858830769230767
-0.26368984615384616
-0.2899753846153846
-0.27412061538461535
-0.2303113846153846
-0.16876984615384616
-0.09033046153846153
0.006049846153846154
0.10159569230769232
0.18149538461538461
0.2225926153846154
0.21174461538461536
0.17628
0.1178676923076923
0.04965046153846154
-0.016480615384615385
-0.09158215384615384
-0.15374953846153847
-0.18545907692307692
-0.1777403076923077
-0.12558646153846154
-0.04631261538461538
0.04172307692307692
0.119328
0.18483323076923078
0.2355267692307692
0.2563883076923077
0.24887815384615386
0.20360861538461536
0.12683815384615382
0.045895384615384616
-0.03045784615384615
-0.0892873846153846
-0.124752
-0.14540492307692307
-0.1435273846153846
-0.11411261538461538
-0.06613107692307692
-0.008136
0.047981538461538464
0.10117846153846152
0.14436184615384615
0.17169046153846151
0.1883796923076923
0.18232984615384615
0.15354092307692307
0.10910584615384614
0.06467076923076923
0.035255999999999996
0.013142769230769229
-0.0004172307692307692
-0.01668923076923077
-0.04047138461538462
-0.058412307692307694
-0.0717636923076923
-0.08344615384615384
-0.09053907692307692
-0.10076123076923077
-0.10243015384615384
-0.08428061538461538
-0.05090215384615384
-0.0025033846153846152
0.045060923076923075
0.0853236923076923
0.116616
0.1341396923076923
0.13852061538461538
0.12767261538461538
0.09137353846153846
0.035464615384615386
-0.022947692307692308
-0.06654830769230768
-0.09179076923076923
-0.09909230769230769
-0.08490646153846154
-0.06800861538461538
-0.03692492307692308
0.007927384615384614
0.05382276923076923
0.09658892307692307
0.1205796923076923
0.14102399999999998
0.15291507692307693
0.15145476923076923
0.13914646153846155
0.11098338461538461
0.08866153846153846
0.07531015384615385
0.06258461538461538
0.047981538461538464
0.028163076923076923
0.0035464615384615383
-0.010848
-0.018775384615384614
-0.022947692307692308
-0.02232184615384615
-0.017523692307692306
-0.012934153846153845
-0.0029206153846153843
0.006884307692307692
0.005215384615384615
-0.0029206153846153843
-0.04130584615384615
-0.07969107692307692
-0.11098338461538461
-0.13184492307692308
-0.16084246153846155
-0.17252492307692308
-0.1504116923076923
-0.09930092307692308
0.006675692307692307
0.17481969230769231
0.38593846153846156
0.45457292307692304
0.5250849230769231
0.5795335384615384
0.5509532307692308
0.5394793846153846
0.3402516923076923
0.09512861538461538
-0.19735015384615384
-0.46375199999999994
-0.5985175384615384
-0.7568566153846153
-0.8012916923076924
-0.7962849230769231
-0.6452473846153846
-0.32606584615384615
0.013560000000000001
0.4205686153846153
0.6777913846153846
0.8225704615384615
0.8909963076923076
0.7752147692307693
0.6064449230769231
0.2887236923076923
-0.10159569230769232
-0.4243236923076923
-0.7706252307692307
-0.9293815384615385
-0.9247920000000001
-0.8507335384615384
-0.6104086153846153
-0.3698750769230769
-0.08740984615384616
0.2073636923076923
0.4245323076923077
0.6325218461538461
0.7067889230769231
0.6746621538461538
0.5970572307692308
0.46291753846153844
0.3312812307692308
0.13330523076923076
-0.10076123076923077
-0.3129230769230769
-0.5063095384615385
-0.5745267692307692
-0.5770301538461539
-0.5455292307692308
-0.428496
-0.29832
-0.12370892307692308
0.07134646153846153
0.20444307692307692
0.3342018461538461
0.42015138461538465
0.471888
0.5363501538461538
0.5255021538461538
0.46354338461538463
0.3346190769230769
0.14477907692307693
-0.053614153846153846
-0.2814221538461538
-0.48816
-0.6533833846153847
-0.7426707692307692
-0.7437138461538461
-0.665483076923077
-0.44268184615384615
-0.14728246153846153
0.1691870769230769
0.5165316923076922
0.784811076923077
0.9660978461538461
1.0299341538461537
0.9366830769230768
0.7443396923076924
0.4374664615384615
0.10889723076923077
-0.19839323076923077
-0.4971304615384615
-0.7190972307692308
-0.864084923076923
-0.8828603076923076
-0.7570652307692307
-0.5355156923076922
-0.24282830769230768
0.06863446153846153
0.3947003076923077
0.6982356923076922
0.900384
0.9965556923076923
0.9333452307692307
0.7359950769230769
0.4892030769230769
0.17899199999999998
-0.12224861538461537
-0.376968
-0.5941366153846154
-0.6990701538461538
-0.7092923076923077
-0.6252203076923077
-0.4414301538461538
-0.22801661538461537
0.0070929230769230765
0.2194633846153846
0.38927630769230764
0.5127766153846154
0.5686855384615385
0.5820369230769231
0.5305089230769231
0.4268270769230769
0.29602523076923076
0.1314276923076923
-0.03024923076923077
-0.19359507692307693
-0.34880492307692307
-0.4493575384615385
-0.5175747692307692
-0.5257107692307692
-0.4622916923076923
-0.3757163076923077
-0.26118646153846153
-0.1353913846153846
0.003755076923076923
0.1635544615384615
0.3016578461538461
0.3980381538461538
0.441012923076923
0.43329415384615383
0.3984553846153846
0.3248141538461538
0.2125790769230769
0.06467076923076923
-0.10555938461538462
-0.26118646153846153
-0.41326707692307696
-0.5257107692307692
-0.5903815384615384
-0.6108258461538462
-0.5503273846153846
-0.44351630769230765
-0.28392553846153845
-0.07510153846153846
0.13226215384615383
0.3383741538461538
0.4925409230769231
0.5638873846153847
0.5718147692307692
0.497964923076923
0.3600701538461538
0.16876984615384616
-0.05799507692307692
-0.28163076923076924
-0.4837790769230769
-0.614580923076923
-0.6798775384615384
-0.6775827692307692
-0.5860006153846153
-0.4564504615384615
-0.27704123076923076
-0.07593599999999999
0.10430769230769231
0.27620676923076926
0.3913624615384615
0.45665907692307695
0.4739741538461538
0.4262012307692308
0.34922215384615385
0.24345415384615382
0.11140061538461538
-0.014811692307692307
-0.12433476923076923
-0.19505538461538463
-0.21800307692307694
-0.20840676923076923
-0.1693956923076923
-0.11432123076923076
-0.054240000000000003
0.014811692307692307
0.09784061538461537
0.1787833846153846
0.24053353846153847
0.28121353846153846
0.29602523076923076
0.2899753846153846
0.2768326153846154
0.24303692307692307
0.18963138461538462
0.1205796923076923
0.03504738461538461
-0.04985907692307692
-0.14477907692307693
-0.23656984615384613
-0.30270092307692303
-0.3421292307692308
-0.35256
-0.32231076923076923
-0.2415766153846154
-0.13184492307692308
-0.017732307692307693
0.09429415384615383
0.19735015384615384
0.2864289230769231
0.34943076923076927
0.35860984615384617
0.3193901538461538
0.22154953846153846
0.07384984615384615
-0.06946892307692307
-0.20027076923076922
-0.3004061538461538
-0.36549415384615386
-0.4017932307692308
-0.36966646153846155
-0.27432923076923077
-0.12788123076923075
0.0446436923076923
0.19630707692307692
0.3342018461538461
0.43621476923076924
0.49024615384615383
0.4965046153846154
0.43621476923076924
0.3202246153846154
0.16063384615384615
0.0014603076923076922
-0.11578153846153846
-0.1990190769230769
-0.24637476923076923
-0.25367630769230765
-0.23010276923076922
-0.1693956923076923
-0.09533723076923077
-0.013560000000000001
0.06633969230769231
0.111192
0.13080184615384613
0.12975876923076923
0.1178676923076923
0.09763200000000001
0.061750153846153844
0.018983999999999997
-0.01272553846153846
-0.026702769230769228
-0.03108369230769231
-0.034630153846153845
-0.04693846153846153
-0.06362769230769232
-0.08031692307692308
-0.08991323076923076
-0.09450276923076922
-0.09950953846153845
-0.10472492307692308
-0.11202646153846153
-0.11140061538461538
-0.103056
-0.08448923076923077
-0.04819015384615385
-0.0012516923076923076
0.047772923076923074
0.09095630769230768
0.12245723076923076
0.1422756923076923
0.13038461538461538
0.0855323076923077
0.03108369230769231
-0.029414769230769227
-0.084072
-0.12955015384615384
-0.16626646153846153
-0.1800350769230769
-0.1710646153846154
-0.12934153846153845
-0.056326153846153845
0.021696
0.09784061538461537
0.14957723076923077
0.17231630769230769
0.17169046153846151
0.13351384615384615
0.07051199999999999
-0.008344615384615384
-0.09137353846153846
-0.15187199999999998
-0.19839323076923077
-0.22342707692307692
-0.21362215384615382
-0.1794092307692308
-0.11411261538461538
-0.027120000000000002
0.06362769230769232
0.1435273846153846
0.18775384615384613
0.19359507692307693
0.17419384615384614
0.12996738461538462
0.07301538461538462
0.013351384615384614
-0.0446436923076923
-0.0880356923076923
-0.116616
-0.119328
-0.09596307692307693
-0.050067692307692306
0.012934153846153845
0.08469784615384615
0.16271999999999998
0.22572184615384616
0.26076923076923075
0.2586830769230769
0.21883753846153844
0.1637630769230769
0.10848000000000001
0.051319384615384614
0.003755076923076923
-0.02482523076923077
-0.03233538461538461
-0.005841230769230769
0.04526953846153846
0.10639384615384614
0.1704387692307692
0.22029784615384615
0.24866953846153847
0.24992123076923078
0.2090326153846154
0.13038461538461538
0.03296123076923077
-0.06028984615384615
-0.12350030769230769
-0.15354092307692307
-0.154584
-0.12350030769230769
-0.06717415384615384
0.0050067692307692304
0.08115138461538463
0.1597993846153846
0.21779446153846155
0.2292683076923077
0.2059033846153846
0.14665661538461539
0.07280676923076923
0.0014603076923076922
-0.07489292307692308
-0.13330523076923076
-0.17023015384615386
-0.17461107692307692
-0.13852061538461538
-0.09575446153846154
-0.043392
0.01043076923076923
0.05403138461538461
0.09700615384615385
0.12329169230769231
0.12621230769230768
0.09992676923076924
0.04172307692307692
-0.017940923076923077
-0.05862092307692307
-0.08052553846153847
-0.08782707692307692
-0.08907876923076924
-0.07426707692307692
-0.04088861538461538
-0.0018775384615384615
0.03775938461538462
0.049233230769230765
0.03108369230769231
0.0025033846153846152
-0.025033846153846153
-0.038176615384615385
-0.04860738461538461
-0.065088
-0.07238953846153846
-0.06008123076923077
-0.017940923076923077
0.03984553846153846
0.08845292307692308
0.12975876923076923
0.14185846153846154
0.132888
0.10722830769230769
0.059038153846153844
0.003963692307692307
-0.06675692307692307
-0.12391753846153845
-0.15416676923076922
-0.15646153846153846
-0.12287446153846153
-0.06884307692307692
0.005424
0.09033046153846153
0.18066092307692305
0.2632726153846154
0.3008233846153846
0.2795446153846154
0.20444307692307692
0.0961716923076923
-0.021696
-0.1358086153846154
-0.22488738461538463
-0.2837169230769231
-0.30666461538461537
-0.2862203076923077
-0.22780799999999998
-0.13351384615384615
-0.02899753846153846
0.05716061538461538
0.12850707692307692
0.1858763076923077
0.20840676923076923
0.20298276923076922
0.15750461538461538
0.08344615384615384
0.009387692307692307
-0.07113784615384615
-0.13101046153846155
-0.1760713846153846
-0.21466523076923077
-0.23677846153846152
-0.23969907692307693
-0.20152246153846154
-0.13184492307692308
-0.059872615384615385
0.004798153846153846
0.05757784615384615
0.1070196923076923
0.13664307692307692
0.13914646153846155
0.12579507692307693
0.09137353846153846
0.055491692307692304
0.03880246153846154
0.03400430769230769
0.02899753846153846
0.009387692307692307
-0.02357353846153846
-0.052153846153846155
-0.08010830769230769
-0.10159569230769232
-0.12579507692307693
-0.1504116923076923
-0.1449876923076923
-0.11432123076923076
-0.054657230769230764
0.03400430769230769
0.0855323076923077
0.1178676923076923
0.15291507692307693
0.184416
0.222384
0.21716861538461538
0.1733593846153846
0.10889723076923077
0.08699261538461538
0.119328
0.13351384615384615
0.07551876923076924
-0.016897846153846156
-0.09533723076923077
-0.09867507692307692
-0.05862092307692307
-0.10222153846153846
-0.11265230769230769
-0.12808984615384614
-0.08052553846153847
0.04318338461538461
0.10138707692307691
0.16292861538461537
0.1207883076923077
0.10722830769230769
0.12204
0.07426707692307692
0.04547815384615384
-0.09909230769230769
-0.21445661538461538
-0.27850153846153847
-0.3275261538461538
-0.24491446153846153
-0.17523692307692307
-0.05757784615384615
0.09012184615384615
0.17481969230769231
0.3072904615384615
0.3763421538461538
0.39928984615384616
0.38656430769230765
0.22467876923076924
0.08720123076923077
-0.04380923076923077
-0.1531236923076923
-0.16897846153846155
-0.2275993846153846
-0.2399076923076923
-0.22280123076923075
-0.17231630769230769
-0.037967999999999995
0.033169846153846154
0.05862092307692307
0.054240000000000003
0.028788923076923077
0.04985907692307692
0.03337846153846154
-0.01981846153846154
-0.07426707692307692
-0.13726892307692307
-0.124752
-0.09074769230769231
-0.052571076923076915
0.012516923076923077
0.04380923076923077
0.10722830769230769
0.1639716923076923
0.16167692307692308
0.13914646153846155
0.037967999999999995
-0.07885661538461539
-0.16876984615384616
-0.2482523076923077
-0.25054707692307693
-0.20715507692307691
-0.12120553846153845
-0.0033378461538461535
0.11828492307692307
0.2695310769230769
0.3805144615384615
0.43579753846153846
0.425784
0.32669169230769235
0.21487384615384614
0.07405846153846153
-0.07927384615384615
-0.21195323076923075
-0.34171199999999996
-0.38677292307692307
-0.3675803076923077
-0.3062473846153846
-0.19588984615384614
-0.09283384615384616
0.03880246153846154
0.18379015384615385
0.2891409230769231
0.3452584615384615
0.31250584615384613
0.23239753846153846
0.1397723076923077
0.016480615384615385
-0.09053907692307692
-0.19296923076923078
-0.25847446153846154
-0.26452430769230767
-0.25117292307692307
-0.17023015384615386
-0.07051199999999999
0.03483876923076923
0.14561353846153846
0.20193969230769232
0.238656
0.23761292307692305
0.19985353846153847
0.16605784615384614
0.10159569230769232
0.03483876923076923
-0.008970461538461538
-0.03442153846153846
-0.016063384615384615
-0.0012516923076923076
0.004589538461538461
-0.0043809230769230765
-0.03045784615384615
-0.031709538461538456
-0.03713353846153846
-0.047981538461538464
-0.07635323076923077
-0.10263876923076923
-0.07823076923076923
-0.03045784615384615
0.034630153846153845
0.09825784615384614
0.15208061538461537
0.21111876923076925
0.260352
0.2795446153846154
0.25659692307692306
0.18399876923076922
0.08428061538461538
-0.006258461538461538
-0.08866153846153846
-0.14707384615384617
-0.1873366153846154
-0.19296923076923078
-0.1506203076923077
-0.09241661538461539
0.006258461538461538
0.1207883076923077
0.23844738461538462
0.33295015384615384
0.3577753846153846
0.3373310769230769
0.2632726153846154
0.16105107692307694
0.04839876923076923
-0.09095630769230768
-0.2138307692307692
-0.2966510769230769
-0.3239796923076923
-0.27850153846153847
-0.20444307692307692
-0.11327815384615383
-0.006049846153846154
0.09450276923076922
0.19004861538461537
0.23010276923076922
0.21883753846153844
0.16626646153846153
0.06633969230769231
-0.024408000000000003
-0.11286092307692308
-0.17982646153846152
-0.20840676923076923
-0.2073636923076923
-0.15687876923076924
-0.08302892307692307
0.010013538461538461
0.1207883076923077
0.21925476923076925
0.2914356923076923
0.31646953846153847
0.2914356923076923
0.2288510769230769
0.13434830769230768
0.026285538461538457
-0.08866153846153846
-0.1913003076923077
-0.2526332307692308
-0.2712
-0.2453316923076923
-0.19463815384615382
-0.12662953846153846
-0.03650769230769231
0.05277969230769231
0.13080184615384613
0.1733593846153846
0.17481969230769231
0.15833907692307692
0.11432123076923076
0.059038153846153844
-0.002712
-0.07051199999999999
-0.10576799999999999
-0.11035753846153845
-0.09053907692307692
-0.05090215384615384
-0.012516923076923077
0.023364923076923075
0.05319692307692307
0.08031692307692308
0.10389046153846154
0.09429415384615383
0.06842584615384616
0.04047138461538462
0.008136
-0.008970461538461538
-0.03233538461538461
-0.04735569230769231
-0.04526953846153846
-0.04130584615384615
-0.02357353846153846
-0.014603076923076923
-0.010222153846153844
-0.010222153846153844
-0.033169846153846154
-0.05444861538461539
-0.07551876923076924
-0.10618523076923077
-0.12808984615384614
-0.14206707692307693
-0.13852061538461538
-0.103056
-0.06008123076923077
-0.008344615384615384
0.04380923076923077
0.07948246153846153
0.111192
0.13393107692307693
0.1449876923076923
0.13351384615384615
0.10201292307692307
0.05382276923076923
-0.0006258461538461538
-0.04652123076923077
-0.08010830769230769
-0.09471138461538461
-0.09283384615384616
-0.06258461538461538
-0.005841230769230769
0.06696553846153847
0.13434830769230768
0.17481969230769231
0.18066092307692305
0.154584
0.11140061538461538
0.05236246153846154
-0.006884307692307692
-0.06800861538461538
-0.11828492307692307
-0.14290153846153844
-0.14853415384615384
-0.132888
-0.11035753846153845
-0.0880356923076923
-0.07072061538461538
-0.054240000000000003
-0.02899753846153846
-0.008970461538461538
-0.0002086153846153846
0.0022947692307692304
-0.002712
0.005215384615384615
0.02524246153846154
0.04047138461538462
0.062376
0.086784
0.12391753846153845
0.1693956923076923
0.20402584615384614
0.22113230769230768
0.20527753846153846
0.17023015384615386
0.12350030769230769
0.06717415384615384
0.005424
-0.052153846153846155
-0.09304246153846155
-0.12141415384615384
-0.11202646153846153
-0.06759138461538462
-0.003755076923076923
0.05736923076923077
0.09784061538461537
0.12412615384615384
0.12496061538461539
0.11181784615384616
0.06592246153846154
-0.011265230769230769
-0.09241661538461539
-0.16626646153846153
-0.2090326153846154
-0.2225926153846154
-0.20965846153846154
-0.18337292307692307
-0.14603076923076924
-0.08198584615384615
-0.006258461538461538
0.06049846153846154
0.10013538461538461
0.10159569230769232
0.08740984615384616
0.06842584615384616
0.047981538461538464
0.021904615384615383
-0.01814953846153846
-0.04819015384615385
-0.06195876923076923
-0.05486584615384615
-0.03379569230769231
-0.018358153846153843
-0.006258461538461538
-0.002086153846153846
0.006675692307692307
0.01668923076923077
0.017732307692307693
0.011473846153846154
-0.007510153846153846
-0.021278769230769233
-0.017315076923076923
0.0016689230769230767
0.01814953846153846
0.02524246153846154
0.02211323076923077
0.012934153846153845
0.011473846153846154
0.014811692307692307
0.015854769230769228
0.0014603076923076922
-0.015020307692307692
-0.027745846153846152
-0.023990769230769232
0.0016689230769230767
0.017523692307692306
0.029623384615384614
0.047981538461538464
0.07593599999999999
0.11056615384615384
0.14018953846153845
0.157296
0.15625292307692307
0.14164984615384615
0.13247076923076923
0.127464
0.10201292307692307
0.053614153846153846
-0.02044430769230769
-0.09179076923076923
-0.13726892307692307
-0.16626646153846153
-0.184416
-0.19630707692307692
-0.18796246153846152
-0.15208061538461537
-0.08761846153846153
-0.005841230769230769
0.06571384615384615
0.1136953846153846
0.13706030769230768
0.14707384615384617
0.13935507692307691
0.10806276923076923
0.05382276923076923
-0.02211323076923077
-0.09512861538461538
-0.14790830769230767
-0.16271999999999998
-0.14540492307692307
-0.10806276923076923
-0.055491692307692304
0.01272553846153846
0.10952307692307692
0.20694646153846152
0.28246523076923075
0.3131316923076923
0.29644246153846154
0.2411593846153846
0.16501476923076921
0.08782707692307692
0.0002086153846153846
-0.084072
-0.1422756923076923
-0.15541846153846153
-0.12016246153846154
-0.0609156923076923
0.0014603076923076922
0.06300184615384616
0.10889723076923077
0.13893784615384613
0.15520984615384617
0.14269292307692305
0.10222153846153846
0.03755076923076923
-0.02586830769230769
-0.06633969230769231
-0.07906523076923076
-0.06300184615384616
-0.030875076923076922
0.012099692307692308
0.06800861538461538
0.132888
0.1867107692307692
0.21320492307692307
0.20694646153846152
0.16480615384615382
0.10326461538461539
0.03066646153846154
-0.04401784615384615
-0.11181784615384616
-0.1696043076923077
-0.19192615384615386
-0.17565415384615385
-0.11807630769230769
-0.027120000000000002
0.06633969230769231
0.15520984615384617
0.22947692307692308
0.2703655384615385
0.27620676923076926
0.23677846153846152
0.15270646153846154
0.0446436923076923
-0.07343261538461537
-0.17273353846153844
-0.2557624615384615
-0.314592
-0.3285692307692308
-0.2989458461538462
-0.22405292307692307
-0.11953661538461538
-0.003963692307692307
0.10472492307692308
0.19213476923076922
0.2480436923076923
0.2712
0.26118646153846153
0.21487384615384614
0.14206707692307693
0.052571076923076915
-0.028788923076923077
-0.09387692307692307
-0.13643446153846153
-0.15145476923076923
-0.15667015384615385
-0.1504116923076923
-0.14665661538461539
-0.14790830769230767
-0.1639716923076923
-0.15479261538461536
-0.10514215384615383
-0.027328615384615382
0.11494707692307692
0.2374043076923077
0.3707095384615384
0.4948356923076923
0.55596
0.5872523076923076
0.5071439999999999
0.3659113846153846
0.16501476923076921
-0.02482523076923077
-0.2209236923076923
-0.42015138461538465
-0.5269624615384615
-0.6170843076923077
-0.5444861538461538
-0.3757163076923077
-0.15875630769230767
0.10743692307692307
0.31688676923076925
0.527796923076923
0.6431612307692307
0.6675692307692307
0.5962227692307692
0.4072172307692307
0.17586276923076924
-0.10514215384615383
-0.3565236923076923
-0.5544996923076924
-0.6665261538461538
-0.6502541538461538
-0.5597150769230769
-0.38948492307692306
-0.1881710769230769
0.006258461538461538
0.21466523076923077
0.34880492307692307
0.4076344615384615
0.4109723076923077
0.33566215384615383
0.2559710769230769
0.13789476923076924
-0.0077187692307692304
-0.15479261538461536
-0.31834707692307695
-0.42599261538461536
-0.47668615384615387
-0.47877230769230766
-0.4372578461538461
-0.35798399999999997
-0.22467876923076924
-0.06821723076923077
0.09053907692307692
0.21716861538461538
0.27599815384615384
0.30332676923076923
0.2803790769230769
0.21237046153846154
0.13998092307692306
0.04172307692307692
-0.03588184615384615
-0.08720123076923077
-0.14206707692307693
-0.16188553846153847
-0.16730953846153845
-0.17690584615384616
-0.17398523076923075
-0.1704387692307692
-0.15082892307692305
-0.10055261538461538
-0.029414769230769227
0.058829538461538454
0.15270646153846154
0.2209236923076923
0.2557624615384615
0.2791273846153846
0.2647329230769231
0.1908830769230769
0.09158215384615384
-0.014603076923076923
-0.1045163076923077
-0.15416676923076922
-0.1881710769230769
-0.1800350769230769
-0.130176
-0.06300184615384616
0.04130584615384615
0.14060676923076923
0.21925476923076925
0.29748553846153847
0.355272
0.37050092307692306
0.3479704615384615
0.30249230769230767
0.22864246153846152
0.13789476923076924
0.03609046153846154
-0.07489292307692308
-0.16647507692307692
-0.21862892307692305
-0.2355267692307692
-0.20694646153846152
-0.14018953846153845
-0.04672984615384615
0.0798996923076923
0.17899199999999998
0.22968553846153844
0.24428861538461538
0.21049292307692305
0.15416676923076922
0.0717636923076923
-0.027120000000000002
-0.11995384615384615
-0.20632061538461538
-0.27140861538461536
-0.28934953846153844
-0.2572227692307692
-0.21237046153846154
-0.1614683076923077
-0.0974233846153846
-0.02795446153846154
0.0448523076923077
0.0974233846153846
0.12120553846153845
0.12934153846153845
0.11098338461538461
0.07802215384615384
0.04422646153846154
-0.006467076923076923
-0.05716061538461538
-0.10201292307692307
-0.1314276923076923
-0.127464
-0.10347323076923076
-0.05590892307692308
0.0016689230769230767
0.051319384615384614
0.08010830769230769
0.084072
0.07489292307692308
0.04547815384615384
-0.0016689230769230767
-0.06070707692307692
-0.12725538461538463
-0.1639716923076923
-0.16835261538461538
-0.15354092307692307
-0.11578153846153846
-0.07030338461538461
-0.00855323076923077
0.07155507692307693
0.13622584615384614
0.17398523076923075
0.1869193846153846
0.1693956923076923
0.14874276923076923
0.12996738461538462
0.0934596923076923
0.04672984615384615
-0.010013538461538461
-0.05924676923076923
-0.08177723076923075
-0.08115138461538463
-0.06967753846153846
-0.052571076923076915
-0.026494153846153844
0.005215384615384615
0.03963692307692308
0.08177723076923075
0.111192
0.11953661538461538
0.11849353846153846
0.100344
0.0880356923076923
0.07906523076923076
0.06467076923076923
0.05611753846153846
0.03609046153846154
0.021487384615384613
0.01814953846153846
0.013142769230769229
0.011056615384615385
-0.006675692307692307
-0.03275261538461539
-0.04756430769230769
-0.05757784615384615
-0.05528307692307692
-0.03880246153846154
-0.017523692307692306
0.013560000000000001
0.06321046153846153
0.11974523076923077
0.15687876923076924
0.1718990769230769
0.1612596923076923
0.132888
0.09846646153846153
0.03984553846153846
-0.027745846153846152
-0.09804923076923076
-0.1637630769230769
-0.19296923076923078
-0.19046584615384615
-0.16084246153846155
-0.10994030769230768
-0.041514461538461535
0.030875076923076922
0.09012184615384615
0.13768615384615385
0.1639716923076923
0.1706473846153846
0.15500123076923078
0.10576799999999999
0.04380923076923077
-0.025659692307692307
-0.10117846153846152
-0.15187199999999998
-0.18066092307692305
-0.17732307692307692
-0.1356
-0.07510153846153846
0.0002086153846153846
0.07426707692307692
0.13706030769230768
0.1908830769230769
0.22467876923076924
0.22405292307692307
0.19380369230769232
0.14206707692307693
0.07468430769230769
0.015020307692307692
-0.03713353846153846
-0.08782707692307692
-0.11327815384615383
-0.12141415384615384
-0.10618523076923077
-0.058412307692307694
-0.009596307692307692
0.03942830769230769
0.07823076923076923
0.09721476923076922
0.11077476923076923
0.11160923076923077
0.0897046153846154
0.04756430769230769
0.0016689230769230767
-0.03838523076923077
-0.05799507692307692
-0.055491692307692304
-0.05048492307692308
-0.025033846153846153
0.014603076923076923
0.061750153846153844
0.10910584615384614
0.13101046153846155
0.13101046153846155
0.10681107692307691
0.07009476923076922
0.037342153846153844
0.00855323076923077
-0.026494153846153844
-0.06654830769230768
-0.09554584615384615
-0.09825784615384614
-0.06946892307692307
-0.026702769230769228
0.013560000000000001
0.04902461538461538
0.08177723076923075
0.10639384615384614
0.12308307692307692
0.13059323076923077
0.11244369230769231
0.07259815384615384
0.02899753846153846
-0.017940923076923077
-0.06216738461538462
-0.10743692307692307
-0.15833907692307692
-0.20027076923076922
-0.2157083076923077
-0.19526400000000002
-0.14436184615384615
-0.078648
-0.011473846153846154
0.05757784615384615
0.11870215384615385
0.17169046153846151
0.20652923076923077
0.20339999999999997
0.16772676923076923
0.10660246153846153
0.03859384615384615
-0.027328615384615382
-0.08240307692307691
-0.12683815384615382
-0.15959076923076923
-0.16105107692307694
-0.14457046153846154
-0.10535076923076922
-0.051528
-0.0070929230769230765
0.03504738461538461
0.07405846153846153
0.12016246153846154
0.15500123076923078
0.1570873846153846
0.12829846153846153
0.078648
0.01981846153846154
-0.042348923076923076
-0.10409907692307692
-0.16710092307692306
-0.22718215384615387
-0.2689052307692308
-0.2643156923076923
-0.22280123076923075
-0.14582215384615385
-0.05653476923076922
0.03150092307692308
0.12767261538461538
0.19442953846153843
0.23907323076923076
0.24679199999999998
0.2059033846153846
0.1397723076923077
0.06300184615384616
-0.009804923076923077
-0.06967753846153846
-0.11181784615384616
-0.13935507692307691
-0.13706030769230768
-0.10597661538461538
-0.05048492307692308
0.018983999999999997
0.08344615384615384
0.14060676923076923
0.18963138461538462
0.23239753846153846
0.2705741538461538
0.29039261538461536
0.2724516923076923
0.2342750769230769
0.1913003076923077
0.14290153846153844
0.08469784615384615
0.013351384615384614
-0.06362769230769232
-0.12391753846153845
-0.1506203076923077
-0.14728246153846153
-0.1205796923076923
-0.08740984615384616
-0.05674338461538461
-0.021278769230769233
0.014811692307692307
0.04985907692307692
0.06905169230769231
0.05674338461538461
0.02858030769230769
0.003755076923076923
0.0029206153846153843
0.015228923076923076
0.03296123076923077
0.04047138461538462
0.03024923076923077
0.02211323076923077
0.0033378461538461535
-0.019609846153846155
-0.058829538461538454
-0.12496061538461539
-0.1804523076923077
-0.20986707692307693
-0.20861538461538462
-0.17628
-0.13706030769230768
-0.09262523076923077
-0.03942830769230769
0.021696
0.09304246153846155
0.14957723076923077
0.1704387692307692
0.15646153846153846
0.12829846153846153
0.10055261538461538
0.06049846153846154
0.014185846153846153
-0.03859384615384615
-0.08636676923076922
-0.10618523076923077
-0.10743692307692307
-0.08824430769230769
-0.05528307692307692
-0.016063384615384615
0.03880246153846154
0.10430769230769231
0.17315076923076922
0.23093723076923076
0.2620209230769231
0.25805723076923076
0.2194633846153846
0.1639716923076923
0.10117846153846152
0.034630153846153845
-0.03629907692307692
-0.10201292307692307
-0.14477907692307693
-0.15917353846153848
-0.13893784615384613
-0.10681107692307691
-0.08177723076923075
-0.05277969230769231
-0.02482523076923077
0.006467076923076923
0.03066646153846154
0.03504738461538461
0.02753723076923077
0.012308307692307691
0.007301538461538462
0.011265230769230769
0.017523692307692306
0.008970461538461538
-0.017315076923076923
-0.03713353846153846
-0.04860738461538461
-0.048816000000000005
-0.04318338461538461
-0.04214030769230769
-0.035464615384615386
-0.022530461538461537
0.0014603076923076922
0.03775938461538462
0.06717415384615384
0.09158215384615384
0.10868861538461538
0.12808984615384614
0.14957723076923077
0.1585476923076923
0.15270646153846154
0.11473846153846154
0.058829538461538454
-0.006675692307692307
-0.08344615384615384
-0.15395815384615386
-0.21967199999999998
-0.28267384615384616
-0.31396615384615384
-0.30290953846153845
-0.25117292307692307
-0.1696043076923077
-0.09387692307692307
-0.03629907692307692
0.006258461538461538
0.04401784615384615
0.07405846153846153
0.07885661538461539
0.05674338461538461
0.021904615384615383
-0.010639384615384617
-0.0077187692307692304
-0.013142769230769229
0.03108369230769231
0.07823076923076923
0.014603076923076923
0.02482523076923077
0.010848
0.02795446153846154
0.0771876923076923
0.005841230769230769
-0.017940923076923077
-0.08323753846153846
-0.05799507692307692
0.04276615384615385
0.08031692307692308
0.14290153846153844
0.11724184615384614
0.16251138461538459
0.24303692307692307
0.27787569230769227
0.31542646153846154
0.19839323076923077
0.09471138461538461
0.017940923076923077
-0.061750153846153844
-0.053614153846153846
-0.11745046153846153
-0.14832553846153845
-0.124752
-0.12934153846153845
-0.012099692307692308
0.0855323076923077
0.14540492307692307
0.21612553846153845
0.18337292307692307
0.17085599999999998
0.1316363076923077
0.08135999999999999
0.07885661538461539
0.014603076923076923
-0.05194523076923077
-0.11807630769230769
-0.15249784615384615
-0.12391753846153845
-0.12579507692307693
-0.12767261538461538
-0.13101046153846155
-0.13080184615384613
-0.05736923076923077
-0.006258461538461538
0.025033846153846153
0.05674338461538461
0.045895384615384616
0.07906523076923076
0.09283384615384616
0.05590892307692308
0.03379569230769231
-0.032544
-0.073224
-0.07468430769230769
-0.0963803076923077
-0.10347323076923076
-0.12725538461538463
-0.1287156923076923
-0.09471138461538461
-0.04839876923076923
0.023990769230769232
0.09846646153846153
0.20277415384615383
0.2860116923076923
0.330864
0.3757163076923077
0.3615304615384615
0.31646953846153847
0.23886461538461537
0.10576799999999999
-0.004798153846153846
-0.11098338461538461
-0.17732307692307692
-0.18545907692307692
-0.19046584615384615
-0.14707384615384617
-0.07197230769230768
0.02858030769230769
0.14144123076923076
0.21696000000000001
0.2832996923076923
0.3239796923076923
0.3214763076923077
0.2726603076923077
0.16209415384615386
0.04860738461538461
-0.059872615384615385
-0.1777403076923077
-0.2641070769230769
-0.3310726153846154
-0.3483876923076923
-0.2981113846153846
-0.22134092307692307
-0.09179076923076923
0.05319692307692307
0.18066092307692305
0.30436984615384616
0.36278215384615387
0.37738523076923075
0.34692738461538464
0.2624381538461539
0.17148184615384612
0.05862092307692307
-0.04318338461538461
-0.13768615384615385
-0.20298276923076922
-0.21758584615384616
-0.20047938461538461
-0.14728246153846153
-0.09784061538461537
-0.043392
0.022947692307692308
0.073224
0.11807630769230769
0.1358086153846154
0.10076123076923077
0.05736923076923077
0.02211323076923077
-0.009804923076923077
-0.04214030769230769
-0.08991323076923076
-0.12579507692307693
-0.13914646153846155
-0.14749107692307692
-0.14185846153846154
-0.138312
-0.1435273846153846
-0.15500123076923078
-0.16710092307692306
-0.15750461538461538
-0.13726892307692307
-0.10159569230769232
-0.058412307692307694
-0.02211323076923077
0.026494153846153844
0.07343261538461537
0.11995384615384615
0.1639716923076923
0.15750461538461538
0.1136953846153846
0.05382276923076923
0.002086153846153846
-0.018983999999999997
-0.05090215384615384
-0.092208
-0.12767261538461538
-0.130176
-0.07656184615384615
0.0035464615384615383
0.08657538461538461
0.14582215384615385
0.18525046153846153
0.2221753846153846
0.2411593846153846
0.22780799999999998
0.17023015384615386
0.07677046153846154
-0.009179076923076922
-0.0771876923076923
-0.11974523076923077
-0.13998092307692306
-0.15291507692307693
-0.14039815384615384
-0.1097316923076923
-0.05090215384615384
0.03692492307692308
0.1205796923076923
0.1792006153846154
0.19171753846153847
0.17315076923076922
0.14415323076923076
0.11536430769230768
0.07238953846153846
0.0012516923076923076
-0.07739630769230768
-0.14436184615384615
-0.16480615384615382
-0.12600369230769232
-0.06884307692307692
-0.02315630769230769
0.01043076923076923
0.04672984615384615
0.0961716923076923
0.12829846153846153
0.116616
0.07343261538461537
0.015020307692307692
-0.03045784615384615
-0.05048492307692308
-0.06446215384615385
-0.07197230769230768
-0.07301538461538462
-0.06446215384615385
-0.037967999999999995
-0.015854769230769228
-0.0006258461538461538
0.0014603076923076922
-0.0014603076923076922
0.006884307692307692
0.022530461538461537
0.047772923076923074
0.05820369230769231
0.05716061538461538
0.056326153846153845
0.04652123076923077
0.03838523076923077
0.02232184615384615
-0.008136
-0.04839876923076923
-0.10368184615384615
-0.1476996923076923
-0.16188553846153847
-0.14540492307692307
-0.103056
-0.05507446153846154
-0.005841230769230769
0.051319384615384614
0.10994030769230768
0.1531236923076923
0.1733593846153846
0.15833907692307692
0.11327815384615383
0.05194523076923077
-0.015646153846153844
-0.08323753846153846
-0.15374953846153847
-0.19672430769230767
-0.20694646153846152
-0.1800350769230769
-0.11765907692307691
-0.05194523076923077
0.014811692307692307
0.08720123076923077
0.16480615384615382
0.23615261538461538
0.2830910769230769
0.29644246153846154
0.2818393846153846
0.23823876923076923
0.1639716923076923
0.06467076923076923
-0.04401784615384615
-0.14018953846153845
-0.22280123076923075
-0.26640184615384616
-0.2624381538461539
-0.21675138461538462
-0.13852061538461538
-0.04526953846153846
0.065088
0.1652233846153846
0.24282830769230768
0.28893230769230765
0.2789187692307692
0.22029784615384615
0.12850707692307692
0.02524246153846154
-0.07197230769230768
-0.15687876923076924
-0.23448369230769228
-0.2939390769230769
-0.31667815384615383
-0.30249230769230767
-0.2532590769230769
-0.18650215384615382
-0.10389046153846154
-0.0014603076923076922
0.10138707692307691
0.19672430769230767
0.2716172307692308
0.3133403076923077
0.3187643076923077
0.28121353846153846
0.21925476923076925
0.14311015384615386
0.05173661538461538
-0.03880246153846154
-0.11599015384615384
-0.16584923076923075
-0.18858830769230767
-0.18170399999999998
-0.1502030769230769
-0.10743692307692307
-0.0446436923076923
0.021278769230769233
0.09241661538461539
0.16981292307692308
0.21988061538461537
0.252216
0.2659846153846154
0.2601433846153846
0.23803015384615384
0.1800350769230769
0.09554584615384615
-0.0035464615384615383
-0.09971815384615385
-0.17648861538461538
-0.23928184615384615
-0.2701569230769231
-0.27558092307692306
-0.26306399999999996
-0.20339999999999997
-0.11974523076923077
-0.01814953846153846
0.08845292307692308
0.1779489230769231
0.2578486153846154
0.3012406153846154
0.3068732307692308
0.2720344615384615
0.18107815384615383
0.06467076923076923
-0.05820369230769231
-0.16856123076923077
-0.2438713846153846
-0.2953993846153846
-0.30019753846153846
-0.25451076923076926
-0.17398523076923075
-0.05945538461538461
0.05277969230769231
0.15187199999999998
0.22947692307692308
0.2780843076923077
0.3152178461538461
0.32272799999999996
0.2937304615384615
0.22822523076923076
0.1368516923076923
0.04985907692307692
-0.027745846153846152
-0.08448923076923077
-0.11473846153846154
-0.13393107692307693
-0.12767261538461538
-0.08761846153846153
-0.026076923076923077
0.05653476923076922
0.12913292307692306
0.18754523076923074
0.2292683076923077
0.24074215384615386
0.23677846153846152
0.1948467692307692
0.12913292307692306
0.05069353846153846
-0.03713353846153846
-0.10347323076923076
-0.15187199999999998
-0.1800350769230769
-0.1842073846153846
-0.17169046153846151
-0.13789476923076924
-0.08845292307692308
-0.040054153846153843
-0.007510153846153846
0.005841230769230769
0.01272553846153846
0.014185846153846153
0.02086153846153846
0.03024923076923077
0.027745846153846152
0.02357353846153846
0.02315630769230769
0.035255999999999996
0.05048492307692308
0.05653476923076922
0.044435076923076924
0.012934153846153845
-0.016063384615384615
-0.03504738461538461
-0.03880246153846154
-0.03421292307692308
-0.03045784615384615
-0.02273907692307692
-0.006675692307692307
0.02086153846153846
0.05653476923076922
0.08720123076923077
0.10055261538461538
0.09909230769230769
0.09158215384615384
0.08094276923076923
0.05382276923076923
0.012099692307692308
-0.03588184615384615
-0.08198584615384615
-0.11244369230769231
-0.12516923076923075
-0.119328
-0.10430769230769231
-0.08177723076923075
-0.05027630769230769
-0.013142769230769229
0.015854769230769228
0.026494153846153844
0.022530461538461537
-0.002712
-0.031709538461538456
-0.05757784615384615
-0.08198584615384615
-0.09846646153846153
-0.11077476923076923
-0.11223507692307692
-0.09846646153846153
-0.07489292307692308
-0.04735569230769231
-0.02211323076923077
0.005424
0.03859384615384615
0.06946892307692307
0.0855323076923077
0.08219446153846154
0.06362769230769232
0.04172307692307692
0.027120000000000002
0.018775384615384614
0.021278769230769233
0.031918153846153846
0.050067692307692306
0.07948246153846153
0.10848000000000001
0.1356
0.14331876923076922
0.12537784615384615
0.0897046153846154
0.034630153846153845
-0.01856676923076923
-0.06633969230769231
-0.10180430769230768
-0.12496061538461539
-0.1316363076923077
-0.10785415384615385
-0.05319692307692307
0.021696
0.08386338461538462
0.12600369230769232
0.14457046153846154
0.1504116923076923
0.14144123076923076
0.10994030769230768
0.06362769230769232
0.008136
-0.04380923076923077
-0.07656184615384615
-0.10138707692307691
-0.12642092307692307
-0.13226215384615383
-0.11703323076923078
-0.06738276923076922
-0.013768615384615384
0.06154153846153846
0.13101046153846155
0.20402584615384614
0.2680707692307692
0.3448412307692308
0.4756430769230769
0.39303138461538456
0.295608
0.20131384615384615
0.06216738461538462
0.03150092307692308
-0.12934153846153845
-0.23156307692307693
-0.3425464615384616
-0.38531261538461536
-0.23156307692307693
-0.15479261538461536
-0.015646153846153844
0.04422646153846154
0.12579507692307693
0.29456492307692306
0.3412947692307692
0.41681353846153846
0.3312812307692308
0.1637630769230769
0.045060923076923075
-0.1476996923076923
-0.22134092307692307
-0.3068732307692308
-0.3826006153846154
-0.31646953846153847
-0.33002953846153843
-0.23406646153846156
-0.07551876923076924
0.026285538461538457
0.19380369230769232
0.22488738461538463
0.23406646153846156
0.2238443076923077
0.14728246153846153
0.1570873846153846
0.10055261538461538
0.008344615384615384
-0.07468430769230769
-0.14665661538461539
-0.1178676923076923
-0.12266584615384615
-0.15896492307692306
-0.1829556923076923
-0.23907323076923076
-0.20965846153846154
-0.15395815384615386
-0.11202646153846153
-0.05194523076923077
-0.04547815384615384
-0.0025033846153846152
0.065088
0.07948246153846153
0.10514215384615383
0.08907876923076924
0.04985907692307692
0.05111076923076923
0.024616615384615383
0.007510153846153846
-0.04047138461538462
-0.116616
-0.17711446153846155
-0.2426196923076923
-0.25346769230769234
-0.23928184615384615
-0.17628
-0.0988836923076923
-0.050067692307692306
0.06216738461538462
0.168144
0.24595753846153845
0.3133403076923077
0.29685969230769227
0.25972615384615383
0.19505538461538463
0.10493353846153847
0.04526953846153846
-0.05757784615384615
-0.1314276923076923
-0.14477907692307693
-0.14039815384615384
-0.0936683076923077
-0.05090215384615384
0.01668923076923077
0.116616
0.19380369230769232
0.2507556923076923
0.2626467692307692
0.260352
0.25534523076923077
0.19693292307692306
0.1287156923076923
0.04714707692307692
-0.02899753846153846
-0.04568676923076923
-0.06425353846153846
-0.05653476923076922
-0.015854769230769228
0.013142769230769229
0.07009476923076922
0.09554584615384615
0.08574092307692306
0.07906523076923076
0.05403138461538461
0.03650769230769231
0.0029206153846153843
-0.03421292307692308
-0.05716061538461538
-0.07572738461538461
-0.045895384615384616
-0.005841230769230769
0.026285538461538457
0.04631261538461538
0.02357353846153846
0.004589538461538461
-0.023990769230769232
-0.059664
-0.08615815384615384
-0.13455692307692307
-0.15520984615384617
-0.13747753846153846
-0.09658892307692307
-0.04276615384615385
-0.006258461538461538
0.03901107692307692
0.10180430769230768
0.15500123076923078
0.18858830769230767
0.18712800000000002
0.14394461538461537
0.08094276923076923
0.003963692307692307
-0.06258461538461538
-0.124752
-0.18712800000000002
-0.2261390769230769
-0.254928
-0.23531815384615382
-0.16897846153846155
-0.08115138461538463
0.03233538461538461
0.11473846153846154
0.16438892307692307
0.1856676923076923
0.1693956923076923
0.14039815384615384
0.06070707692307692
-0.058412307692307694
-0.16271999999999998
-0.23052
-0.24095076923076922
-0.21737723076923077
-0.17231630769230769
-0.10472492307692308
-0.03442153846153846
0.05924676923076923
0.14832553846153845
0.19317784615384614
0.19046584615384615
0.13309661538461537
0.06675692307692307
0.007301538461538462
-0.05111076923076923
-0.09095630769230768
-0.12704676923076924
-0.13601723076923075
-0.10368184615384615
-0.05507446153846154
0.026702769230769228
0.11098338461538461
0.1777403076923077
0.222384
0.23615261538461538
0.24637476923076923
0.2292683076923077
0.17732307692307692
0.10201292307692307
0.011265230769230769
-0.06154153846153846
-0.10806276923076923
-0.12329169230769231
-0.11578153846153846
-0.10368184615384615
-0.06279323076923077
0.0022947692307692304
0.06863446153846153
0.12412615384615384
0.14060676923076923
0.13601723076923075
0.12996738461538462
0.10389046153846154
0.06946892307692307
0.012934153846153845
-0.05799507692307692
-0.10055261538461538
-0.1289243076923077
-0.13101046153846155
-0.11703323076923078
-0.10117846153846152
-0.06905169230769231
-0.040262769230769234
-0.003129230769230769
0.03233538461538461
0.058829538461538454
0.07739630769230768
0.0744756923076923
0.0744756923076923
0.07551876923076924
0.07197230769230768
0.06988615384615385
0.05924676923076923
0.04985907692307692
0.04631261538461538
0.03567323076923076
0.021278769230769233
0.0012516923076923076
-0.018983999999999997
-0.018775384615384614
-0.013142769230769229
0.01043076923076923
0.05048492307692308
0.086784
0.13372246153846154
0.16626646153846153
0.19359507692307693
0.19964492307692308
0.17461107692307692
0.14018953846153845
0.0963803076923077
0.07134646153846153
0.045895384615384616
0.012934153846153845
-0.016897846153846156
-0.04839876923076923
-0.06988615384615385
-0.08365476923076923
-0.09283384615384616
-0.09241661538461539
-0.09241661538461539
-0.07593599999999999
-0.02211323076923077
0.040262769230769234
0.10263876923076923
0.13455692307692307
0.12725538461538463
0.10597661538461538
0.06654830769230768
0.016063384615384615
-0.05382276923076923
-0.12370892307692308
-0.17669723076923077
-0.19839323076923077
-0.17565415384615385
-0.130176
-0.06633969230769231
-0.004172307692307692
0.050067692307692306
0.10096984615384616
0.13267938461538462
0.14123261538461537
0.12141415384615384
0.08094276923076923
0.040262769230769234
0.007927384615384614
-0.01668923076923077
-0.03129230769230769
-0.04109723076923077
-0.04714707692307692
-0.029832
0.004589538461538461
0.041514461538461535
0.06759138461538462
0.07364123076923076
0.06279323076923077
0.04318338461538461
0.027120000000000002
0.005424
-0.027745846153846152
-0.07677046153846154
-0.11265230769230769
-0.12204
-0.11140061538461538
-0.08782707692307692
-0.07218092307692307
-0.045895384615384616
-0.015854769230769228
0.011473846153846154
0.04693846153846153
0.06362769230769232
0.05674338461538461
0.035464615384615386
0.013560000000000001
0.014394461538461538
0.015854769230769228
0.016480615384615385
0.015228923076923076
0.023782153846153845
0.054657230769230764
0.09199938461538461
0.13935507692307691
0.16626646153846153
0.1777403076923077
0.1787833846153846
0.1570873846153846
0.13434830769230768
0.10159569230769232
0.05194523076923077
0.01043076923076923
-0.0022947692307692304
0.003129230769230769
0.007301538461538462
0.005424
-0.003755076923076923
-0.017940923076923077
-0.032544
-0.04109723076923077
-0.042557538461538466
-0.042348923076923076
-0.04672984615384615
-0.03838523076923077
-0.017523692307692306
0.013560000000000001
0.06216738461538462
0.10263876923076923
0.13393107692307693
0.1489513846153846
0.143736
0.12141415384615384
0.078648
0.021070153846153846
-0.04380923076923077
-0.092208
-0.11578153846153846
-0.11452984615384615
-0.09846646153846153
-0.06759138461538462
-0.01272553846153846
0.06654830769230768
0.15667015384615385
0.2355267692307692
0.287472
0.29873723076923075
0.2705741538461538
0.21299630769230768
0.13706030769230768
0.042348923076923076
-0.06842584615384616
-0.1614683076923077
-0.2275993846153846
-0.2722430769230769
-0.2858030769230769
-0.2789187692307692
-0.25242461538461536
-0.19985353846153847
-0.13080184615384613
-0.047981538461538464
0.02858030769230769
0.08344615384615384
0.10848000000000001
0.10806276923076923
0.10555938461538462
0.09241661538461539
0.06654830769230768
0.02357353846153846
-0.030875076923076922
-0.07468430769230769
-0.10430769230769231
-0.11870215384615385
-0.12412615384615384
-0.12433476923076923
-0.11390399999999999
-0.08490646153846154
-0.03379569230769231
0.03337846153846154
0.10243015384615384
0.16251138461538459
0.21737723076923077
0.2578486153846154
0.27328615384615385
0.2578486153846154
0.20027076923076922
0.10910584615384614
-0.006258461538461538
-0.12308307692307692
-0.21862892307692305
-0.2883064615384615
-0.330864
-0.34275507692307694
-0.31229723076923077
-0.235944
-0.124752
0.0035464615384615383
0.12975876923076923
0.24053353846153847
0.32669169230769235
0.3711267692307692
0.3713353846153846
0.31208861538461535
0.1942209230769231
0.05590892307692308
-0.08907876923076924
-0.20673784615384616
-0.3008233846153846
-0.3609046153846154
-0.36611999999999995
-0.33545353846153847
-0.24512307692307692
-0.11807630769230769
0.01710646153846154
0.14415323076923076
0.23677846153846152
0.292896
0.31041969230769234
0.29331323076923077
0.2399076923076923
0.14999446153846155
0.03442153846153846
-0.08365476923076923
-0.18066092307692305
-0.2503384615384615
-0.29644246153846154
-0.30666461538461537
-0.2749550769230769
-0.20486030769230767
-0.11056615384615384
-0.016480615384615385
0.06404492307692307
0.12412615384615384
0.16459753846153846
0.1779489230769231
0.1704387692307692
0.14874276923076923
0.11140061538461538
0.07280676923076923
0.03337846153846154
-0.014603076923076923
-0.062376
-0.10389046153846154
-0.13518276923076925
-0.16230276923076925
-0.18086953846153844
-0.17899199999999998
-0.1721076923076923
-0.15562707692307692
-0.14144123076923076
-0.12850707692307692
-0.12412615384615384
-0.13601723076923075
-0.17690584615384616
-0.18545907692307692
-0.11745046153846153
-0.027745846153846152
0.12996738461538462
0.2699483076923077
0.41556184615384617
0.5540824615384615
0.626472
0.648168
0.5200781538461539
0.3479704615384615
0.10868861538461538
-0.14436184615384615
-0.3565236923076923
-0.5432344615384616
-0.5983089230769231
-0.6041501538461539
-0.49629599999999996
-0.2830910769230769
-0.032544
0.2699483076923077
0.5167403076923076
0.6840498461538461
0.7435052307692308
0.6821723076923076
0.5378104615384616
0.32314523076923074
0.05277969230769231
-0.2399076923076923
-0.49274953846153846
-0.6406578461538461
-0.6525489230769231
-0.5384363076923077
-0.34504984615384615
-0.12996738461538462
0.092208
0.2791273846153846
0.4276615384615384
0.49733907692307694
0.4547815384615384
0.3565236923076923
0.21487384615384614
0.08448923076923077
-0.026285538461538457
-0.1178676923076923
-0.192552
-0.2632726153846154
-0.30061476923076924
-0.3072904615384615
-0.27286892307692306
-0.22530461538461538
-0.1718990769230769
-0.11578153846153846
-0.08323753846153846
-0.047981538461538464
-0.017732307692307693
-0.006049846153846154
-0.0018775384615384615
-0.005215384615384615
0.0043809230769230765
0.056951999999999996
0.130176
0.19693292307692306
0.24408
0.23177169230769232
0.16897846153846155
0.08469784615384615
-0.03379569230769231
-0.18066092307692305
-0.32669169230769235
-0.4287046153846154
-0.44122153846153844
-0.35965292307692304
-0.20298276923076922
-0.0008344615384615384
0.19609846153846153
0.3738387692307692
0.5079784615384615
0.5720233846153846
0.552204923076923
0.4405956923076923
0.2814221538461538
0.09387692307692307
-0.08135999999999999
-0.2090326153846154
-0.292896
-0.3133403076923077
-0.2845513846153846
-0.21237046153846154
-0.08094276923076923
0.08323753846153846
0.24846092307692308
0.3848953846153846
0.45978830769230766
0.48398769230769234
0.4606227692307692
0.3775938461538461
0.24199384615384617
0.06654830769230768
-0.09095630769230768
-0.19755876923076923
-0.2532590769230769
-0.2563883076923077
-0.20944984615384615
-0.11452984615384615
-0.006884307692307692
0.103056
0.20715507692307691
0.2497126153846154
0.23239753846153846
0.16584923076923075
0.06905169230769231
-0.016480615384615385
-0.10472492307692308
-0.1693956923076923
-0.1992276923076923
-0.18942276923076923
-0.1178676923076923
-0.015228923076923076
0.0936683076923077
0.18337292307692307
0.23010276923076922
0.23510953846153848
0.19964492307692308
0.1218313846153846
0.0043809230769230765
-0.1287156923076923
-0.25117292307692307
-0.33357600000000004
-0.34358953846153845
-0.29331323076923077
-0.19317784615384614
-0.06070707692307692
0.09575446153846154
0.24720923076923076
0.3650769230769231
0.43350276923076925
0.4209858461538461
0.3473446153846154
0.20423446153846153
0.028163076923076923
-0.13372246153846154
-0.28663753846153844
-0.39678646153846153
-0.45791076923076923
-0.452904
-0.3682061538461538
-0.21967199999999998
-0.043392
0.1316363076923077
0.28809784615384615
0.3957433846153846
0.4599969230769231
0.46375199999999994
0.4080516923076923
0.3095852307692307
0.1942209230769231
0.08720123076923077
0.005424
-0.03984553846153846
-0.06675692307692307
-0.054657230769230764
-0.007510153846153846
0.06258461538461538
0.13893784615384613
0.19797599999999999
0.23052
0.23052
0.19672430769230767
0.13893784615384613
0.08219446153846154
0.021487384615384613
-0.03045784615384615
-0.07238953846153846
-0.09053907692307692
-0.06258461538461538
-0.007927384615384614
0.06300184615384616
0.13768615384615385
0.20506892307692307
0.238656
0.22843384615384613
0.17002153846153847
0.06821723076923077
-0.050067692307692306
-0.16584923076923075
-0.24282830769230768
-0.2822566153846154
-0.2805876923076923
-0.22989415384615383
-0.1368516923076923
-0.01981846153846154
0.08887015384615385
0.17899199999999998
0.22008923076923076
0.20694646153846152
0.16271999999999998
0.08448923076923077
-0.008344615384615384
-0.10326461538461539
-0.20152246153846154
-0.265776
-0.29685969230769227
-0.28893230769230765
-0.2330233846153846
-0.17523692307692307
-0.11724184615384614
-0.06654830769230768
-0.023782153846153845
0.018775384615384614
0.03150092307692308
0.010013538461538461
-0.033169846153846154
-0.08907876923076924
-0.14311015384615386
-0.18337292307692307
-0.20715507692307691
-0.21049292307692305
-0.18775384615384613
-0.13226215384615383
-0.054657230769230764
0.022947692307692308
0.0828203076923077
0.10472492307692308
0.10347323076923076
0.09283384615384616
0.06300184615384616
0.026702769230769228
-0.015854769230769228
-0.05945538461538461
-0.08115138461538463
-0.07468430769230769
-0.03504738461538461
0.021696
0.08219446153846154
0.1397723076923077
0.17586276923076924
0.1927606153846154
0.1883796923076923
0.14853415384615384
0.07656184615384615
-0.010639384615384617
-0.09012184615384615
-0.14665661538461539
-0.18253846153846154
-0.19672430769230767
-0.1800350769230769
-0.13768615384615385
-0.06738276923076922
0.021904615384615383
0.10409907692307692
0.15667015384615385
0.17002153846153847
0.15562707692307692
0.12537784615384615
0.08365476923076923
0.023990769230769232
-0.03921969230769231
-0.09304246153846155
-0.12621230769230768
-0.12662953846153846
-0.10827138461538462
-0.07781353846153846
-0.044435076923076924
-0.012516923076923077
0.02482523076923077
0.05298830769230769
0.06362769230769232
0.05319692307692307
0.02357353846153846
0.0016689230769230767
-0.008136
-0.011891076923076923
-0.008344615384615384
-0.013351384615384614
-0.02044430769230769
-0.015646153846153844
-0.006049846153846154
0.009596307692307692
0.013560000000000001
-0.0025033846153846152
-0.03483876923076923
-0.07468430769230769
-0.103056
-0.11849353846153846
-0.11870215384615385
-0.10806276923076923
-0.08845292307692308
-0.03775938461538462
0.03859384615384615
0.11640738461538462
0.1794092307692308
0.21174461538461536
0.22447015384615385
0.22154953846153846
0.19025723076923076
0.1287156923076923
0.03880246153846154
-0.05924676923076923
-0.13226215384615383
-0.1721076923076923
-0.17815753846153848
-0.15562707692307692
-0.10952307692307692
-0.040054153846153843
0.03838523076923077
0.12350030769230769
0.19296923076923078
0.23135446153846154
0.23114584615384615
0.19046584615384615
0.12558646153846154
0.03859384615384615
-0.04902461538461538
-0.13184492307692308
-0.2073636923076923
-0.24679199999999998
-0.2422024615384615
-0.19755876923076923
-0.11870215384615385
-0.027120000000000002
0.05674338461538461
0.13747753846153846
0.19797599999999999
0.24011630769230768
0.25117292307692307
0.21216184615384615
0.1476996923076923
0.07134646153846153
0.011056615384615385
-0.03483876923076923
-0.06759138461538462
-0.07593599999999999
-0.06800861538461538
-0.03337846153846154
0.015437538461538461
0.058829538461538454
0.08782707692307692
0.08761846153846153
0.06738276923076922
0.04819015384615385
0.018775384615384614
-0.011473846153846154
-0.03859384615384615
-0.05757784615384615
-0.050067692307692306
-0.025033846153846153
0.015228923076923076
0.05590892307692308
0.09825784615384614
0.12579507692307693
0.12683815384615382
0.11390399999999999
0.078648
0.017732307692307693
-0.056951999999999996
-0.13205353846153844
-0.18921415384615384
-0.2221753846153846
-0.23218892307692307
-0.21153599999999997
-0.17628
-0.11411261538461538
-0.02753723076923077
0.05924676923076923
0.14957723076923077
0.20819815384615384
0.22447015384615385
0.21529107692307692
0.17669723076923077
0.12433476923076923
0.059872615384615385
-0.015437538461538461
-0.07969107692307692
-0.12725538461538463
-0.14853415384615384
-0.14916
-0.13789476923076924
-0.11286092307692308
-0.07697907692307693
-0.027745846153846152
0.021904615384615383
0.059664
0.07405846153846153
0.07489292307692308
0.08761846153846153
0.09992676923076924
0.10493353846153847
0.10493353846153847
0.09512861538461538
0.07030338461538461
0.042974769230769226
0.021487384615384613
0.0002086153846153846
-0.02858030769230769
-0.06633969230769231
-0.08720123076923077
-0.086784
-0.07635323076923077
-0.058829538461538454
-0.029414769230769227
0.017940923076923077
0.073224
0.1316363076923077
0.19359507692307693
0.2426196923076923
0.2753723076923077
0.2751636923076923
0.24741784615384615
0.20339999999999997
0.12099692307692309
0.02753723076923077
-0.08365476923076923
-0.1992276923076923
-0.2737033846153846
-0.3049956923076923
-0.27412061538461535
-0.19714153846153845
-0.09471138461538461
0.02795446153846154
0.15354092307692307
0.26911384615384615
0.35193415384615384
0.3805144615384615
0.35986153846153845
0.3068732307692308
0.22989415384615383
0.13726892307692307
0.03379569230769231
-0.06362769230769232
-0.13893784615384613
-0.17481969230769231
-0.16626646153846153
-0.12496061538461539
-0.04944184615384615
0.03275261538461539
0.11452984615384615
0.19797599999999999
0.2647329230769231
0.30416123076923074
0.2989458461538462
0.25701415384615384
0.1948467692307692
0.11035753846153845
0.02211323076923077
-0.04756430769230769
-0.10222153846153846
-0.13101046153846155
-0.13309661538461537
-0.11202646153846153
-0.07468430769230769
-0.03692492307692308
-0.003129230769230769
0.008344615384615384
0.005841230769230769
-0.008136
-0.031709538461538456
-0.059872615384615385
-0.0961716923076923
-0.11953661538461538
-0.14749107692307692
-0.15604430769230768
-0.12162276923076921
-0.06696553846153847
0.013351384615384614
0.09679753846153846
0.18170399999999998
0.2701569230769231
0.35860984615384617
0.41264123076923076
0.40888615384615384
0.3473446153846154
0.21111876923076925
0.06341907692307691
-0.10555938461538462
-0.2303113846153846
-0.3485963076923077
-0.4879513846153846
-0.5067267692307692
-0.4977563076923077
-0.3863556923076923
-0.206112
-0.03963692307692308
0.14665661538461539
0.2716172307692308
0.41326707692307696
0.5048492307692307
0.5100646153846153
0.44581107692307687
0.25951753846153847
0.0828203076923077
-0.09074769230769231
-0.24053353846153847
-0.31813846153846154
-0.4174393846153846
-0.44289046153846157
-0.40679999999999994
-0.34046030769230773
-0.1908830769230769
-0.07405846153846153
0.050067692307692306
0.1612596923076923
0.20486030769230767
0.2807963076923077
0.3022836923076923
0.29185292307692307
0.2724516923076923
0.18650215384615382
0.09930092307692308
-0.027328615384615382
-0.14957723076923077
-0.22676492307692306
-0.31396615384615384
-0.3682061538461538
-0.4030449230769231
-0.39970707692307694
-0.32502276923076917
-0.24449723076923074
-0.13247076923076923
-0.017940923076923077
0.07280676923076923
0.18253846153846154
0.2497126153846154
0.29185292307692307
0.31062830769230765
0.2695310769230769
0.21779446153846155
0.12808984615384614
0.004798153846153846
-0.12412615384615384
-0.27704123076923076
-0.39052800000000004
-0.45332123076923075
-0.46250030769230766
-0.39928984615384616
-0.28663753846153844
-0.10952307692307692
0.08761846153846153
0.27558092307692306
0.43663199999999996
0.5357243076923077
0.591216
0.5530393846153846
0.4282873846153846
0.2726603076923077
0.06654830769230768
-0.13101046153846155
-0.29039261538461536
-0.41577046153846153
-0.47355692307692304
-0.469176
-0.38677292307692307
-0.24679199999999998
-0.08511507692307693
0.09304246153846155
0.24428861538461538
0.3565236923076923
0.42307199999999995
0.42891323076923077
0.39011076923076926
0.29602523076923076
0.15896492307692306
0.010639384615384617
-0.1358086153846154
-0.233232
-0.2764153846153846
-0.27412061538461535
-0.21466523076923077
-0.13852061538461538
-0.037967999999999995
0.07030338461538461
0.15833907692307692
0.235944
0.2701569230769231
0.2655673846153846
0.22321846153846153
0.14603076923076924
0.06571384615384615
-0.018983999999999997
-0.08761846153846153
-0.12308307692307692
-0.13372246153846154
-0.12204
-0.10743692307692307
-0.07614461538461538
-0.029623384615384614
0.0016689230769230767
0.02044430769230769
0.012934153846153845
-0.019192615384615384
-0.046104
-0.06070707692307692
-0.05277969230769231
-0.03588184615384615
-0.03421292307692308
-0.022530461538461537
0.001043076923076923
0.015646153846153844
0.02899753846153846
0.020027076923076922
-0.009179076923076922
-0.03337846153846154
-0.06258461538461538
-0.07405846153846153
-0.08177723076923075
-0.08887015384615385
-0.08636676923076922
-0.06905169230769231
-0.015020307692307692
0.04318338461538461
0.10597661538461538
0.14081538461538462
0.13935507692307691
0.13455692307692307
0.10681107692307691
0.07781353846153846
0.040054153846153843
-0.019609846153846155
-0.07030338461538461
-0.10576799999999999
-0.10117846153846152
-0.053614153846153846
-0.0029206153846153843
0.046104
0.0892873846153846
0.13434830769230768
0.18879692307692306
0.22697353846153845
0.23072861538461537
0.18921415384615384
0.12245723076923076
0.05653476923076922
-0.0016689230769230767
-0.04109723076923077
-0.07656184615384615
-0.10576799999999999
-0.09575446153846154
-0.04276615384615385
0.04652123076923077
0.1435273846153846
0.2238443076923077
0.2734947692307692
0.273912
0.24053353846153847
0.18525046153846153
0.09491999999999999
-0.03150092307692308
-0.17565415384615385
-0.29685969230769227
-0.3623649230769231
-0.37780246153846153
-0.3452584615384615
-0.2753723076923077
-0.18274707692307693
-0.06467076923076923
0.05611753846153846
0.16584923076923075
0.22843384615384613
0.22175815384615383
0.1777403076923077
0.11160923076923077
0.05090215384615384
-0.014394461538461538
-0.09700615384615385
-0.16710092307692306
-0.20819815384615384
-0.20673784615384616
-0.16897846153846155
-0.12433476923076923
-0.07468430769230769
-0.026285538461538457
0.024199384615384616
0.08740984615384616
0.12996738461538462
0.15124615384615384
0.143736
0.11140061538461538
0.07843938461538462
0.04735569230769231
0.03045784615384615
0.009596307692307692
-0.009804923076923077
-0.016063384615384615
-0.015646153846153844
-0.0029206153846153843
0.009596307692307692
0.010848
-0.0025033846153846152
-0.029623384615384614
-0.05757784615384615
-0.06842584615384616
-0.07781353846153846
-0.08031692307692308
-0.06905169230769231
-0.04276615384615385
0.013560000000000001
0.073224
0.12642092307692307
0.16042523076923076
0.1656406153846154
0.1612596923076923
0.14436184615384615
0.10263876923076923
0.041514461538461535
-0.019609846153846155
-0.06738276923076922
-0.09074769230769231
-0.08365476923076923
-0.04714707692307692
0.0070929230769230765
0.0717636923076923
0.14582215384615385
0.21716861538461538
0.27704123076923076
0.30416123076923074
0.2962338461538461
0.260352
0.20277415384615383
0.13226215384615383
0.05590892307692308
-0.010222153846153844
-0.0717636923076923
-0.12162276923076921
-0.14519630769230768
-0.14081538461538462
-0.1207883076923077
-0.086784
-0.04631261538461538
-0.006467076923076923
0.040054153846153843
0.0853236923076923
0.12329169230769231
0.13455692307692307
0.12433476923076923
0.10555938461538462
0.07885661538461539
0.05298830769230769
0.018358153846153843
-0.021487384615384613
-0.05862092307692307
-0.08720123076923077
-0.100344
-0.11056615384615384
-0.11640738461538462
-0.111192
-0.09408553846153846
-0.061124307692307686
-0.025033846153846153
0.015646153846153844
0.05590892307692308
0.0855323076923077
0.10576799999999999
0.1097316923076923
0.10180430769230768
0.08010830769230769
0.046104
0.010013538461538461
-0.025033846153846153
-0.05820369230769231
-0.08574092307692306
-0.10347323076923076
-0.1070196923076923
-0.0936683076923077
-0.06675692307692307
-0.029414769230769227
0.006467076923076923
0.04547815384615384
0.08198584615384615
0.11202646153846153
0.1449876923076923
0.1614683076923077
0.15270646153846154
0.11765907692307691
0.06195876923076923
0.0018775384615384615
-0.054657230769230764
-0.10597661538461538
-0.13935507692307691
-0.16042523076923076
-0.16438892307692307
-0.14081538461538462
-0.10576799999999999
-0.06759138461538462
-0.03984553846153846
-0.012099692307692308
0.02023569230769231
0.04526953846153846
0.06529661538461538
0.07134646153846153
0.07030338461538461
0.06487938461538462
0.051319384615384614
0.037967999999999995
0.01814953846153846
-0.011056615384615385
-0.04088861538461538
-0.07593599999999999
-0.09387692307692307
-0.09116492307692307
-0.08177723076923075
-0.04380923076923077
0.0012516923076923076
0.05403138461538461
0.12516923076923075
0.1869193846153846
0.2426196923076923
0.28893230769230765
0.30708184615384615
0.29685969230769227
0.26160369230769226
0.2008966153846154
0.12016246153846154
0.011265230769230769
-0.09179076923076923
-0.16730953846153845
-0.21821169230769227
-0.22843384615384613
-0.208824
-0.14707384615384617
-0.05799507692307692
0.03775938461538462
0.13706030769230768
0.20652923076923077
0.24282830769230768
0.24345415384615382
0.2090326153846154
0.15333230769230768
0.06592246153846154
-0.04130584615384615
-0.15333230769230768
-0.25388492307692306
-0.31188
-0.32231076923076923
-0.2912270769230769
-0.2221753846153846
-0.12537784615384615
-0.012099692307692308
0.09763200000000001
0.18754523076923074
0.24303692307692307
0.25284184615384614
0.2221753846153846
0.1635544615384615
0.09804923076923076
0.030875076923076922
-0.026494153846153844
-0.05799507692307692
-0.06905169230769231
-0.05403138461538461
-0.01814953846153846
0.02482523076923077
0.06279323076923077
0.08198584615384615
0.08574092307692306
0.08073415384615384
0.06362769230769232
0.03921969230769231
0.0035464615384615383
-0.03984553846153846
-0.07489292307692308
-0.09074769230769231
-0.08845292307692308
-0.07635323076923077
-0.052153846153846155
-0.02357353846153846
0.010848
0.04735569230769231
0.06905169230769231
0.058412307692307694
0.014811692307692307
-0.04109723076923077
-0.09304246153846155
-0.12934153846153845
-0.15416676923076922
-0.16209415384615386
-0.16063384615384615
-0.14749107692307692
-0.10868861538461538
-0.05924676923076923
-0.015228923076923076
0.01272553846153846
0.026076923076923077
0.03609046153846154
0.050067692307692306
0.06550523076923077
0.07197230769230768
0.06821723076923077
0.061124307692307686
0.05674338461538461
0.06154153846153846
0.061124307692307686
0.04672984615384615
0.020652923076923076
-0.013560000000000001
-0.030040615384615384
-0.03567323076923076
-0.03880246153846154
-0.04193169230769231
-0.051528
-0.04714707692307692
-0.02044430769230769
0.03859384615384615
0.10660246153846153
0.16334584615384617
0.21195323076923075
0.2438713846153846
0.26619323076923074
0.2638984615384615
0.22530461538461538
0.14540492307692307
0.03337846153846154
-0.08010830769230769
-0.17377661538461536
-0.24762646153846155
-0.3016578461538461
-0.3387913846153846
-0.36570276923076916
-0.347136
-0.29769415384615383
-0.21800307692307694
-0.1422756923076923
-0.084072
-0.028163076923076923
0.04526953846153846
0.16480615384615382
0.327108923076923
0.49337538461538455
0.5373932307692307
0.5947624615384616
0.6337735384615385
0.6296012307692308
0.6060276923076923
0.4159790769230769
0.16021661538461537
-0.1869193846153846
-0.5056836923076923
-0.7626978461538462
-1.0080295384615385
-1.1334073846153847
-1.181388923076923
-1.0001021538461539
-0.6270978461538461
-0.1353913846153846
0.45373846153846153
0.9345969230769231
1.347864
1.5940301538461539
1.6123883076923078
1.4402806153846153
0.9869593846153846
0.39636923076923075
-0.2641070769230769
-0.9275039999999999
-1.388544
-1.6716350769230768
-1.7244147692307692
-1.5239353846153847
-1.1738787692307693
-0.6429526153846153
-0.054240000000000003
0.5359329230769231
1.0752036923076922
1.4156639999999998
1.5583569230769232
1.4884707692307693
1.2445993846153847
0.8763932307692307
0.36611999999999995
-0.18900553846153845
-0.720348923076923
-1.166785846153846
-1.4306843076923077
-1.5523070769230767
-1.499736
-1.267129846153846
-0.913944
-0.4355889230769231
0.06926030769230769
0.5211212307692308
0.9066424615384615
1.1665772307692308
1.3142769230769231
1.341396923076923
1.20684
0.957336
0.6014381538461538
0.1948467692307692
-0.22113230769230768
-0.6306443076923076
-0.9717304615384615
-1.2262412307692308
-1.3351384615384614
-1.2879913846153845
-1.0923101538461537
-0.7220178461538461
-0.25200738461538463
0.2789187692307692
0.8206929230769231
1.2779778461538462
1.6230276923076923
1.7680153846153845
1.688950153846154
1.3952196923076923
0.9005926153846153
0.3216849230769231
-0.29039261538461536
-0.8707606153846154
-1.3422313846153846
-1.6532769230769229
-1.7350541538461537
-1.5850596923076923
-1.2172707692307692
-0.6892652307692307
-0.07843938461538462
0.5745267692307692
1.1672030769230768
1.6188553846153844
1.8700283076923077
1.853964923076923
1.601748923076923
1.1540603076923077
0.5720233846153846
-0.03609046153846154
-0.6149981538461539
-1.0893895384615384
-1.3920904615384615
-1.5197630769230768
-1.4375686153846154
-1.1567723076923078
-0.7324486153846154
-0.2209236923076923
0.2939390769230769
0.7708338461538461
1.1311126153846154
1.3313833846153844
1.3747753846153847
1.2385495384615384
0.9748596923076923
0.6087396923076923
0.18754523076923074
-0.20944984615384615
-0.5634701538461538
-0.8192326153846154
-0.965472
-1.015956923076923
-0.9485741538461537
-0.7846024615384615
-0.5471981538461539
-0.26765353846153844
0.018983999999999997
0.2966510769230769
0.527171076923077
0.6871790769230769
0.7641581538461538
0.7503895384615384
0.6588073846153846
0.4946270769230769
0.28246523076923075
0.05799507692307692
-0.17586276923076924
-0.39407446153846154
-0.5736923076923076
-0.7197230769230769
-0.8042123076923077
-0.820067076923077
-0.7522670769230769
-0.5978916923076923
-0.40554830769230765
-0.18086953846153844
0.06279323076923077
0.3116713846153846
0.554916923076923
0.7353692307692308
0.820067076923077
0.8088018461538461
0.6992787692307693
0.5225815384615384
0.30833353846153844
0.059664
-0.1942209230769231
-0.42307199999999995
-0.5820369230769231
-0.6498369230769231
-0.6270978461538461
-0.5129852307692307
-0.3485963076923077
-0.14707384615384617
0.06821723076923077
0.27850153846153847
0.4675070769230769
0.5933021538461538
0.6446215384615385
0.612912
0.5200781538461539
0.39762092307692304
0.2563883076923077
0.09825784615384614
-0.073224
-0.22947692307692308
-0.33378461538461535
-0.37029230769230764
-0.3510996923076923
-0.30249230769230767
-0.24199384615384617
-0.16876984615384616
-0.08761846153846153
0.0050067692307692304
0.08824430769230769
0.13455692307692307
0.1570873846153846
0.16835261538461538
0.19380369230769232
0.22405292307692307
0.23364923076923078
0.2221753846153846
0.17544553846153846
0.10576799999999999
0.02753723076923077
-0.06258461538461538
-0.15917353846153848
-0.25388492307692306
-0.3342018461538461
-0.37029230769230764
-0.3521427692307692
-0.27975323076923075
-0.16021661538461537
-0.018983999999999997
0.13664307692307692
0.28434276923076923
0.41368430769230763
0.5035975384615384
0.5190350769230769
0.4660467692307692
0.33670523076923076
0.15667015384615385
-0.03066646153846154
-0.21007569230769232
-0.3646596923076923
-0.48586523076923077
-0.5442775384615385
-0.5182006153846154
-0.41389292307692305
-0.2532590769230769
-0.06425353846153846
0.12329169230769231
0.2943563076923077
0.43475446153846153
0.5119421538461538
0.5200781538461539
0.45040061538461534
0.31542646153846154
0.15249784615384615
-0.016480615384615385
-0.1718990769230769
-0.29769415384615383
-0.3684147692307692
-0.3750904615384615
-0.3137575384615385
-0.19463815384615382
-0.05924676923076923
0.07384984615384615
0.18337292307692307
0.2540935384615385
0.28809784615384615
0.28163076923076924
0.24303692307692307
0.18212123076923076
0.10618523076923077
0.03421292307692308
-0.023782153846153845
-0.05319692307692307
-0.05194523076923077
-0.04756430769230769
-0.03942830769230769
-0.029832
-0.023782153846153845
-0.014185846153846153
-0.021070153846153846
-0.032544
-0.04318338461538461
-0.04693846153846153
-0.027120000000000002
-0.011682461538461537
-0.002086153846153846
0.0077187692307692304
0.011265230769230769
0.027120000000000002
0.04401784615384615
0.04193169230769231
0.02211323076923077
-0.023990769230769232
-0.07781353846153846
-0.12934153846153845
-0.18358153846153846
-0.2194633846153846
-0.23907323076923076
-0.2374043076923077
-0.19860184615384616
-0.13080184615384613
-0.045060923076923075
0.023364923076923075
0.06425353846153846
0.08511507692307693
0.07384984615384615
0.04401784615384615
-0.014185846153846153
-0.0974233846153846
-0.1760713846153846
-0.22843384615384613
-0.23448369230769228
-0.21466523076923077
-0.17377661538461536
-0.11327815384615383
-0.047772923076923074
0.017523692307692306
0.07343261538461537
0.12433476923076923
0.14999446153846155
0.13518276923076925
0.09825784615384614
0.04568676923076923
-0.014811692307692307
-0.07468430769230769
-0.13247076923076923
-0.16856123076923077
-0.1704387692307692
-0.143736
-0.0826116923076923
-0.010848
0.05674338461538461
0.12537784615384615
0.18399876923076922
0.23510953846153848
0.26306399999999996
0.25659692307692306
0.21111876923076925
0.124752
0.03066646153846154
-0.06049846153846154
-0.14144123076923076
-0.1990190769230769
-0.23052
-0.21633415384615384
-0.16188553846153847
-0.06216738461538462
0.07134646153846153
0.20298276923076922
0.3116713846153846
0.38885907692307686
0.4416387692307692
0.44643692307692306
0.38948492307692306
0.2914356923076923
0.17377661538461536
0.044435076923076924
-0.07948246153846153
-0.1867107692307692
-0.2574313846153846
-0.2899753846153846
-0.2870547692307692
-0.22697353846153845
-0.1205796923076923
0.011265230769230769
0.143736
0.2591003076923077
0.3558978461538462
0.41264123076923076
0.4255753846153846
0.39324
0.30332676923076923
0.18504184615384617
0.0446436923076923
-0.09074769230769231
-0.19755876923076923
-0.2997803076923077
-0.3613218461538461
-0.3813489230769231
-0.3648683076923077
-0.29832
-0.2090326153846154
-0.10222153846153846
0.011056615384615385
0.1097316923076923
0.19735015384615384
0.26222953846153846
0.2855944615384615
0.27182584615384614
0.21487384615384614
0.13226215384615383
0.04380923076923077
-0.05298830769230769
-0.13643446153846153
-0.21049292307692305
-0.26097784615384617
-0.2822566153846154
-0.27286892307692306
-0.22467876923076924
-0.16042523076923076
-0.07635323076923077
0.018775384615384614
0.11411261538461538
0.20193969230769232
0.25367630769230765
0.26619323076923074
0.24345415384615382
0.1867107692307692
0.11244369230769231
0.021278769230769233
-0.08094276923076923
-0.17544553846153846
-0.24908676923076922
-0.2924787692307692
-0.295608
-0.2586830769230769
-0.19881046153846152
-0.124752
-0.04214030769230769
0.03629907692307692
0.09784061538461537
0.13080184615384613
0.12788123076923075
0.10159569230769232
0.05048492307692308
-0.010639384615384617
-0.06258461538461538
-0.10681107692307691
-0.13038461538461538
-0.14123261538461537
-0.12808984615384614
-0.08699261538461538
-0.03275261538461539
0.02211323076923077
0.05653476923076922
0.073224
0.07384984615384615
0.05507446153846154
0.02023569230769231
-0.023990769230769232
-0.06383630769230769
-0.0744756923076923
-0.04860738461538461
0.0043809230769230765
0.08031692307692308
0.15875630769230767
0.22676492307692306
0.27620676923076926
0.301032
0.30270092307692303
0.26535876923076923
0.19296923076923078
0.09784061538461537
-0.0043809230769230765
-0.08761846153846153
-0.16000799999999998
-0.20360861538461536
-0.20778092307692309
-0.1794092307692308
-0.10722830769230769
0.004798153846153846
0.13226215384615383
0.25555384615384613
0.3548547692307692
0.41013784615384613
0.431208
0.4017932307692308
0.3152178461538461
0.18170399999999998
0.029832
-0.11140061538461538
-0.22342707692307692
-0.2782929230769231
-0.28246523076923075
-0.2411593846153846
-0.1637630769230769
-0.06133292307692308
0.03108369230769231
0.11348676923076922
0.184416
0.233232
0.2586830769230769
0.2426196923076923
0.2127876923076923
0.17565415384615385
0.14060676923076923
0.13038461538461538
0.20486030769230767
0.1721076923076923
0.03108369230769231
-0.02023569230769231
-0.13309661538461537
-0.11348676923076922
-0.10159569230769232
-0.2632726153846154
-0.327108923076923
-0.3882332307692308
-0.25534523076923077
-0.05778646153846154
0.051528
0.16042523076923076
0.165432
0.31041969230769234
0.441012923076923
0.4925409230769231
0.4587452307692308
0.20006215384615383
0.026494153846153844
-0.14540492307692307
-0.28434276923076923
-0.32001599999999997
-0.46959323076923076
-0.46291753846153844
-0.4109723076923077
-0.3682061538461538
-0.12016246153846154
0.03942830769230769
0.23364923076923078
0.41556184615384617
0.4047138461538461
0.44226461538461537
0.40012430769230767
0.3369138461538461
0.2851772307692308
0.08240307692307691
-0.10848000000000001
-0.28204799999999997
-0.36299076923076923
-0.32314523076923074
-0.3277347692307692
-0.31041969230769234
-0.2924787692307692
-0.20465169230769228
-0.0022947692307692304
0.11160923076923077
0.19150892307692308
0.20486030769230767
0.15562707692307692
0.19505538461538463
0.18149538461538461
0.15124615384615384
0.132888
0.04965046153846154
0.03150092307692308
0.019192615384615384
-0.026494153846153844
-0.05319692307692307
-0.13726892307692307
-0.22530461538461538
-0.2724516923076923
-0.29331323076923077
-0.25367630769230765
-0.15938215384615384
-0.01814953846153846
0.10201292307692307
0.23135446153846154
0.38343507692307693
0.471888
0.547824
0.5211212307692308
0.37967999999999996
0.2482523076923077
0.08115138461538463
-0.06487938461538462
-0.2021483076923077
-0.35276861538461535
-0.4115981538461538
-0.4268270769230769
-0.36945784615384614
-0.2436627692307692
-0.12808984615384614
0.04735569230769231
0.241368
0.3938658461538461
0.48064984615384615
0.4814843076923077
0.4541556923076923
0.34358953846153845
0.15625292307692307
-0.05194523076923077
-0.2926873846153846
-0.4518609230769231
-0.5380190769230769
-0.5820369230769231
-0.4983821538461538
-0.3784283076923077
-0.20798953846153845
0.02315630769230769
0.18900553846153845
0.3402516923076923
0.43704923076923075
0.4522781538461538
0.44351630769230765
0.3567323076923076
0.22467876923076924
0.07760492307692309
-0.055491692307692304
-0.14060676923076923
-0.20652923076923077
-0.23886461538461537
-0.2651501538461538
-0.25430215384615384
-0.17628
-0.09554584615384615
0.008136
0.08094276923076923
0.10848000000000001
0.17315076923076922
0.21842030769230766
0.23531815384615382
0.20819815384615384
0.11306953846153844
0.05090215384615384
0.012099692307692308
-0.03483876923076923
-0.08052553846153847
-0.15625292307692307
-0.22008923076923076
-0.2628553846153846
-0.28017046153846153
-0.2540935384615385
-0.2238443076923077
-0.17481969230769231
-0.1205796923076923
-0.05862092307692307
0.04735569230769231
0.14102399999999998
0.2261390769230769
0.2726603076923077
0.24428861538461538
0.20798953846153845
0.15124615384615384
0.09825784615384614
0.04985907692307692
-0.05799507692307692
-0.165432
-0.21883753846153844
-0.21925476923076925
-0.1597993846153846
-0.10076123076923077
-0.06154153846153846
-0.015228923076923076
0.04902461538461538
0.13810338461538463
0.2090326153846154
0.23469230769230767
0.19296923076923078
0.11140061538461538
0.042557538461538466
-0.025033846153846153
-0.08490646153846154
-0.14164984615384615
-0.1992276923076923
-0.2157083076923077
-0.20256553846153844
-0.15646153846153846
-0.07238953846153846
-0.010222153846153844
0.030040615384615384
0.05486584615384615
0.08073415384615384
0.12558646153846154
0.1489513846153846
0.12350030769230769
0.053405538461538456
-0.02795446153846154
-0.0892873846153846
-0.12516923076923075
-0.14206707692307693
-0.16876984615384616
-0.20152246153846154
-0.20319138461538463
-0.16438892307692307
-0.09283384615384616
-0.04318338461538461
-0.033169846153846154
-0.016063384615384615
0.003963692307692307
0.02545107692307692
0.03984553846153846
0.009387692307692307
-0.030875076923076922
-0.056951999999999996
-0.06425353846153846
-0.03775938461538462
-0.008136
0.015437538461538461
0.02482523076923077
0.03045784615384615
0.04714707692307692
0.05799507692307692
0.06133292307692308
0.042348923076923076
0.003963692307692307
-0.025659692307692307
-0.04631261538461538
-0.040679999999999994
-0.028788923076923077
-0.017732307692307693
0.018983999999999997
0.056326153846153845
0.11265230769230769
0.17648861538461538
0.21132738461538458
0.2238443076923077
0.19192615384615386
0.13706030769230768
0.08428061538461538
0.01981846153846154
-0.041514461538461535
-0.0961716923076923
-0.12600369230769232
-0.12308307692307692
-0.09825784615384614
-0.045060923076923075
0.017523692307692306
0.07531015384615385
0.12934153846153845
0.15750461538461538
0.15833907692307692
0.13059323076923077
0.06946892307692307
0.013560000000000001
-0.03921969230769231
-0.08448923076923077
-0.10660246153846153
-0.12913292307692306
-0.13038461538461538
-0.0936683076923077
-0.028163076923076923
0.0609156923076923
0.14331876923076922
0.20402584615384614
0.2517987692307692
0.2730775384615384
0.26765353846153844
0.2411593846153846
0.19025723076923076
0.12496061538461539
0.04693846153846153
-0.02545107692307692
-0.08094276923076923
-0.11348676923076922
-0.11077476923076923
-0.09012184615384615
-0.0446436923076923
0.02023569230769231
0.08574092307692306
0.15145476923076923
0.19171753846153847
0.20256553846153844
0.19150892307692308
0.157296
0.1207883076923077
0.07113784615384615
0.008970461538461538
-0.04172307692307692
-0.09179076923076923
-0.12037107692307693
-0.12955015384615384
-0.116616
-0.0771876923076923
-0.028788923076923077
0.0448523076923077
0.11244369230769231
0.15771323076923077
0.18066092307692305
0.18107815384615383
0.17085599999999998
0.14957723076923077
0.11098338461538461
0.058412307692307694
0.002086153846153846
-0.05528307692307692
-0.09074769230769231
-0.11724184615384614
-0.1289243076923077
-0.11911938461538461
-0.10472492307692308
-0.06279323076923077
-0.012516923076923077
0.03650769230769231
0.073224
0.0974233846153846
0.12662953846153846
0.1422756923076923
0.14457046153846154
0.11473846153846154
0.05862092307692307
-0.003755076923076923
-0.05736923076923077
-0.100344
-0.13768615384615385
-0.15938215384615384
-0.17377661538461536
-0.16334584615384617
-0.1287156923076923
-0.07113784615384615
0.003755076923076923
0.07551876923076924
0.1397723076923077
0.1913003076923077
0.22697353846153845
0.23907323076923076
0.222384
0.1691870769230769
0.10430769230769231
0.03358707692307692
-0.026076923076923077
-0.06571384615384615
-0.11557292307692307
-0.15228923076923076
-0.17461107692307692
-0.17711446153846155
-0.14144123076923076
-0.09554584615384615
-0.04860738461538461
-0.013351384615384614
0.008136
0.03400430769230769
0.04965046153846154
0.05027630769230769
0.03880246153846154
0.018358153846153843
0.0025033846153846152
-0.010222153846153844
-0.022947692307692308
-0.04547815384615384
-0.08010830769230769
-0.10389046153846154
-0.10889723076923077
-0.08991323076923076
-0.0448523076923077
0.005841230769230769
0.05611753846153846
0.09262523076923077
0.11578153846153846
0.14039815384615384
0.14436184615384615
0.12642092307692307
0.09095630769230768
0.046104
0.02086153846153846
0.01856676923076923
0.029206153846153847
0.047772923076923074
0.06216738461538462
0.07489292307692308
0.10138707692307691
0.12433476923076923
0.119328
0.07677046153846154
0.018358153846153843
-0.028788923076923077
-0.06613107692307692
-0.08240307692307691
-0.08845292307692308
-0.09074769230769231
-0.07802215384615384
-0.04944184615384615
0.005841230769230769
0.07030338461538461
0.11974523076923077
0.1422756923076923
0.13643446153846153
0.11619876923076923
0.08386338461538462
0.03483876923076923
-0.028371692307692306
-0.0880356923076923
-0.13393107692307693
-0.16021661538461537
-0.1570873846153846
-0.12975876923076923
-0.09387692307692307
-0.04944184615384615
0.006049846153846154
0.07113784615384615
0.14311015384615386
0.19797599999999999
0.21153599999999997
0.19693292307692306
0.17690584615384616
0.14331876923076922
0.08887015384615385
0.009387692307692307
-0.07969107692307692
-0.1558356923076923
-0.20444307692307692
-0.21341353846153846
-0.2056947692307692
-0.19004861538461537
-0.1637630769230769
-0.12391753846153845
-0.06154153846153846
0.008344615384615384
0.06028984615384615
0.08365476923076923
0.09283384615384616
0.10368184615384615
0.12496061538461539
0.1476996923076923
0.15750461538461538
0.15208061538461537
0.13497415384615385
0.11265230769230769
0.08615815384615384
0.05528307692307692
0.004798153846153846
-0.06154153846153846
-0.12287446153846153
-0.15500123076923078
-0.14728246153846153
-0.12537784615384615
-0.08782707692307692
-0.03671630769230769
0.017940923076923077
0.07343261538461537
0.12037107692307693
0.1435273846153846
0.12767261538461538
0.08761846153846153
0.03671630769230769
-0.013351384615384614
-0.05799507692307692
-0.11035753846153845
-0.1639716923076923
-0.20548615384615385
-0.20944984615384615
-0.173568
-0.1205796923076923
-0.05820369230769231
0.002086153846153846
0.06446215384615385
0.11035753846153845
0.13455692307692307
0.13643446153846153
0.09512861538461538
0.05924676923076923
0.05319692307692307
0.06759138461538462
0.10368184615384615
0.13080184615384613
0.1635544615384615
0.20694646153846152
0.23761292307692305
0.2572227692307692
0.20861538461538462
0.1218313846153846
0.012934153846153845
-0.08720123076923077
-0.14206707692307693
-0.24908676923076922
-0.3049956923076923
-0.3285692307692308
-0.32085046153846153
-0.22008923076923076
-0.11870215384615385
0.027745846153846152
0.13080184615384613
0.21028430769230766
0.2897667692307692
0.27474646153846155
0.2374043076923077
0.1136953846153846
-0.04672984615384615
-0.19338646153846153
-0.34963938461538463
-0.39407446153846154
-0.4011673846153846
-0.35276861538461535
-0.23531815384615382
-0.12934153846153845
0.021278769230769233
0.15187199999999998
0.2588916923076923
0.33962584615384617
0.3102110769230769
0.26076923076923075
0.20465169230769228
0.14832553846153845
0.12704676923076924
0.06759138461538462
0.006884307692307692
-0.05319692307692307
-0.1097316923076923
-0.11953661538461538
-0.1397723076923077
-0.1712732307692308
-0.19505538461538463
-0.19442953846153843
-0.13643446153846153
-0.06362769230769232
0.005841230769230769
0.06863446153846153
0.10076123076923077
0.14415323076923076
0.18483323076923078
0.20673784615384616
0.21925476923076925
0.18170399999999998
0.13726892307692307
0.08907876923076924
0.023364923076923075
-0.023782153846153845
-0.09554584615384615
-0.16209415384615386
-0.2008966153846154
-0.20924123076923076
-0.14436184615384615
-0.05736923076923077
0.05277969230769231
0.17169046153846151
0.26723630769230766
0.36445107692307693
0.4178566153846154
0.431208
0.38760738461538463
0.27140861538461536
0.15792184615384616
0.043392
-0.058829538461538454
-0.14206707692307693
-0.22718215384615387
-0.26619323076923074
-0.2753723076923077
-0.24637476923076923
-0.18066092307692305
-0.11765907692307691
-0.02586830769230769
0.07092923076923077
0.1637630769230769
0.2478350769230769
0.28663753846153844
0.29873723076923075
0.2716172307692308
0.20444307692307692
0.12704676923076924
0.03984553846153846
-0.029623384615384614
-0.0678
-0.0974233846153846
-0.08615815384615384
-0.052571076923076915
-0.017523692307692306
0.037342153846153844
0.06800861538461538
0.0974233846153846
0.12433476923076923
0.13205353846153844
0.13935507692307691
0.11473846153846154
0.07656184615384615
0.03713353846153846
-0.004798153846153846
-0.03421292307692308
-0.07426707692307692
-0.10827138461538462
-0.13872923076923074
-0.165432
-0.15771323076923077
-0.14144123076923076
-0.11327815384615383
-0.0855323076923077
-0.08219446153846154
-0.06821723076923077
-0.056951999999999996
-0.055491692307692304
-0.04526953846153846
-0.052153846153846155
-0.04902461538461538
-0.03671630769230769
-0.02524246153846154
-0.0029206153846153843
0.005841230769230769
0.015228923076923076
0.029206153846153847
0.04109723076923077
0.04944184615384615
0.03921969230769231
0.021904615384615383
0.01043076923076923
-0.003755076923076923
-0.0070929230769230765
-0.006467076923076923
-0.003963692307692307
0.009596307692307692
0.011891076923076923
0.02524246153846154
0.03880246153846154
0.048816000000000005
0.0717636923076923
0.07739630769230768
0.0853236923076923
0.08615815384615384
0.07197230769230768
0.05820369230769231
0.02899753846153846
0.003129230769230769
-0.021278769230769233
-0.03755076923076923
-0.03629907692307692
-0.030040615384615384
-0.021904615384615383
-0.012934153846153845
0.0002086153846153846
0.023782153846153845
0.0448523076923077
0.053614153846153846
0.061124307692307686
0.058829538461538454
0.065088
0.07781353846153846
0.0880356923076923
0.10326461538461539
0.11181784615384616
0.12099692307692309
0.11974523076923077
0.10389046153846154
0.073224
0.033169846153846154
-0.010013538461538461
-0.05716061538461538
-0.10117846153846152
-0.1356
-0.14916
-0.14790830769230767
-0.12996738461538462
-0.08657538461538461
-0.03358707692307692
0.026494153846153844
0.08615815384615384
0.1207883076923077
0.13184492307692308
0.1353913846153846
0.11703323076923078
0.06633969230769231
0.0033378461538461535
-0.06800861538461538
-0.12829846153846153
-0.17002153846153847
-0.1783661538461538
-0.14582215384615385
-0.10618523076923077
-0.05090215384615384
0.013768615384615384
0.08177723076923075
0.1397723076923077
0.1666836923076923
0.17231630769230769
0.1558356923076923
0.116616
0.05570030769230769
-0.013142769230769229
-0.07364123076923076
-0.10389046153846154
-0.11599015384615384
-0.09971815384615385
-0.05528307692307692
-0.020027076923076922
0.018358153846153843
0.038176615384615385
0.04860738461538461
0.05048492307692308
0.024199384615384616
-0.007510153846153846
-0.056951999999999996
-0.10681107692307691
-0.13998092307692306
-0.15687876923076924
-0.14206707692307693
-0.10535076923076922
-0.04693846153846153
0.03150092307692308
0.11432123076923076
0.19380369230769232
0.23969907692307693
0.24074215384615386
0.21111876923076925
0.15228923076923076
0.09137353846153846
0.02482523076923077
-0.04652123076923077
-0.10138707692307691
-0.14018953846153845
-0.1422756923076923
-0.11140061538461538
-0.04944184615384615
0.02023569230769231
0.07009476923076922
0.116616
0.15208061538461537
0.16876984615384616
0.16418030769230768
0.13330523076923076
0.09012184615384615
0.03859384615384615
-0.016272
-0.06300184615384616
-0.11140061538461538
-0.15082892307692305
-0.17502830769230768
-0.18170399999999998
-0.15333230769230768
-0.11056615384615384
-0.06404492307692307
-0.022530461538461537
0.009804923076923077
0.04401784615384615
0.07134646153846153
0.092208
0.09533723076923077
0.08448923076923077
0.06717415384615384
0.04714707692307692
0.029623384615384614
0.0043809230769230765
-0.031709538461538456
-0.06988615384615385
-0.09575446153846154
-0.1028473846153846
-0.0826116923076923
-0.05736923076923077
-0.03713353846153846
-0.025033846153846153
-0.025659692307692307
-0.013560000000000001
-0.0025033846153846152
-0.0035464615384615383
-0.012934153846153845
-0.038176615384615385
-0.06133292307692308
-0.06717415384615384
-0.0717636923076923
-0.07572738461538461
-0.07656184615384615
-0.07051199999999999
-0.04547815384615384
-0.013560000000000001
0.02357353846153846
0.05236246153846154
0.061124307692307686
0.05674338461538461
0.037967999999999995
0.009596307692307692
-0.03671630769230769
-0.08365476923076923
-0.11724184615384614
-0.138312
-0.12621230769230768
-0.08156861538461539
-0.01043076923076923
0.0717636923076923
0.14853415384615384
0.21883753846153844
0.27474646153846155
0.2989458461538462
0.2864289230769231
0.2426196923076923
0.17252492307692308
0.09012184615384615
0.00855323076923077
-0.06529661538461538
-0.12162276923076921
-0.15291507692307693
-0.14728246153846153
-0.10722830769230769
-0.043392
0.03442153846153846
0.10368184615384615
0.15667015384615385
0.18525046153846153
0.19004861538461537
0.17377661538461536
0.13747753846153846
0.08866153846153846
0.034630153846153845
-0.013560000000000001
-0.04965046153846154
-0.07593599999999999
-0.09304246153846155
-0.08511507692307693
-0.06195876923076923
-0.026702769230769228
0.019609846153846155
0.056951999999999996
0.08177723076923075
0.09158215384615384
0.09053907692307692
0.0826116923076923
0.06592246153846154
0.03921969230769231
0.003129230769230769
-0.026911384615384615
-0.040262769230769234
-0.04401784615384615
-0.03963692307692308
-0.034630153846153845
-0.029623384615384614
-0.016480615384615385
-0.0014603076923076922
0.012934153846153845
0.01814953846153846
0.018775384615384614
0.021070153846153846
0.028371692307692306
0.048816000000000005
0.07614461538461538
0.10576799999999999
0.12808984615384614
0.14540492307692307
0.15833907692307692
0.15792184615384616
0.13726892307692307
0.08991323076923076
0.028163076923076923
-0.03400430769230769
-0.07677046153846154
-0.09804923076923076
-0.09784061538461537
-0.08010830769230769
-0.0446436923076923
0.01043076923076923
0.06675692307692307
0.12037107692307693
0.14811692307692306
0.15333230769230768
0.14060676923076923
0.10681107692307691
0.06759138461538462
0.028788923076923077
-0.016897846153846156
-0.06717415384615384
-0.10368184615384615
-0.11828492307692307
-0.11223507692307692
-0.0880356923076923
-0.04985907692307692
-0.005424
0.04401784615384615
0.09095630769230768
0.13330523076923076
0.1504116923076923
0.13393107692307693
0.10180430769230768
0.05319692307692307
0.0
-0.05444861538461539
-0.10994030769230768
-0.1395636923076923
-0.1397723076923077
-0.10055261538461538
-0.03066646153846154
0.047772923076923074
0.12245723076923076
0.17815753846153848
0.21737723076923077
0.23010276923076922
0.21716861538461538
0.16751815384615384
0.073224
-0.03588184615384615
-0.13476553846153844
-0.21320492307692307
-0.25847446153846154
-0.2709913846153846
-0.25471938461538457
-0.2090326153846154
-0.13643446153846153
-0.03984553846153846
0.061124307692307686
0.13935507692307691
0.18316430769230768
0.20131384615384615
0.19881046153846152
0.17252492307692308
0.12162276923076921
0.04819015384615385
-0.03024923076923077
-0.0936683076923077
-0.13935507692307691
-0.16334584615384617
-0.17169046153846151
-0.16063384615384615
-0.12516923076923075
-0.06550523076923077
0.01668923076923077
0.09408553846153846
0.15374953846153847
0.19818461538461538
0.21654276923076923
0.21195323076923075
0.1775316923076923
0.10138707692307691
0.007927384615384614
-0.09763200000000001
-0.17669723076923077
-0.2369870769230769
-0.25764
-0.23907323076923076
-0.19881046153846152
-0.11056615384615384
0.02086153846153846
0.23364923076923078
0.31083692307692307
0.33295015384615384
0.3615304615384615
0.30583015384615386
0.3031181538461538
0.16313723076923078
-0.021904615384615383
-0.20465169230769228
-0.3780110769230769
-0.385104
-0.38593846153846156
-0.33357600000000004
-0.27871015384615383
-0.18858830769230767
0.030040615384615384
0.22551323076923077
0.4318338461538461
0.5123593846153845
0.4620830769230769
0.4193169230769231
0.2920615384615385
0.1779489230769231
0.042348923076923076
-0.1570873846153846
-0.2699483076923077
-0.40930338461538457
-0.45978830769230766
-0.3665372307692307
-0.28204799999999997
-0.1178676923076923
-0.0016689230769230767
0.07468430769230769
0.1718990769230769
0.21320492307692307
0.28267384615384616
0.29456492307692306
0.20173107692307693
0.08302892307692307
-0.031709538461538456
-0.06842584615384616
-0.09262523076923077
-0.14811692307692306
-0.17648861538461538
-0.20381723076923075
-0.15395815384615386
-0.06028984615384615
-0.008970461538461538
0.03609046153846154
0.03692492307692308
0.05757784615384615
0.11327815384615383
0.1218313846153846
0.12996738461538462
0.11181784615384616
0.07218092307692307
0.08219446153846154
0.08782707692307692
0.07781353846153846
0.03671630769230769
-0.040262769230769234
-0.10555938461538462
-0.1691870769230769
-0.20840676923076923
-0.2261390769230769
-0.2157083076923077
-0.1712732307692308
-0.13080184615384613
-0.03671630769230769
0.09095630769230768
0.2073636923076923
0.3198073846153846
0.35694092307692304
0.35339446153846155
0.31396615384615384
0.21612553846153845
0.11953661538461538
-0.026702769230769228
-0.17273353846153844
-0.2540935384615385
-0.3062473846153846
-0.30019753846153846
-0.2655673846153846
-0.19964492307692308
-0.06905169230769231
0.073224
0.20527753846153846
0.29352184615384613
0.32961230769230765
0.34588430769230766
0.2970683076923077
0.20360861538461536
0.07134646153846153
-0.10409907692307692
-0.23281476923076924
-0.34358953846153845
-0.4036707692307692
-0.37884553846153846
-0.32606584615384615
-0.19755876923076923
-0.049233230769230765
0.07739630769230768
0.21132738461538458
0.2966510769230769
0.32982092307692307
0.29227015384615385
0.1846246153846154
0.05090215384615384
-0.09971815384615385
-0.21716861538461538
-0.2906012307692308
-0.3275261538461538
-0.31751261538461534
-0.27558092307692306
-0.1693956923076923
-0.034630153846153845
0.08845292307692308
0.20027076923076922
0.2591003076923077
0.29581661538461534
0.31834707692307695
0.29185292307692307
0.2290596923076923
0.11619876923076923
-0.019192615384615384
-0.1207883076923077
-0.19881046153846152
-0.24282830769230768
-0.26097784615384617
-0.26911384615384615
-0.2399076923076923
-0.1792006153846154
-0.09241661538461539
-0.001043076923076923
0.0678
0.11181784615384616
0.11056615384615384
0.09575446153846154
0.08490646153846154
0.06446215384615385
0.05862092307692307
0.031709538461538456
-0.006675692307692307
-0.02482523076923077
-0.03588184615384615
-0.019192615384615384
-0.008344615384615384
-0.02273907692307692
-0.02899753846153846
-0.012516923076923077
0.028163076923076923
0.0744756923076923
0.11014892307692307
0.13101046153846155
0.1424843076923077
0.1614683076923077
0.1881710769230769
0.19609846153846153
0.1777403076923077
0.13601723076923075
0.09074769230769231
0.040262769230769234
-0.021904615384615383
-0.06800861538461538
-0.10994030769230768
-0.13038461538461538
-0.12287446153846153
-0.09804923076923076
-0.03379569230769231
0.04672984615384615
0.12516923076923075
0.1867107692307692
0.22154953846153846
0.2480436923076923
0.2626467692307692
0.2355267692307692
0.16167692307692308
0.06300184615384616
-0.04631261538461538
-0.13601723076923075
-0.19317784615384614
-0.21779446153846155
-0.22008923076923076
-0.19317784615384614
-0.13601723076923075
-0.051528
0.04380923076923077
0.11619876923076923
0.18358153846153846
0.2261390769230769
0.23448369230769228
0.21341353846153846
0.16209415384615386
0.09763200000000001
0.03045784615384615
-0.025659692307692307
-0.07364123076923076
-0.10263876923076923
-0.11911938461538461
-0.12537784615384615
-0.11452984615384615
-0.0936683076923077
-0.05778646153846154
-0.01668923076923077
0.021696
0.05507446153846154
0.07697907692307693
0.08323753846153846
0.08699261538461538
0.09909230769230769
0.10681107692307691
0.11494707692307692
0.11911938461538461
0.10243015384615384
0.08031692307692308
0.05820369230769231
0.031709538461538456
0.010639384615384617
-0.01710646153846154
-0.04547815384615384
-0.06675692307692307
-0.0880356923076923
-0.09158215384615384
-0.08699261538461538
-0.07280676923076923
-0.049233230769230765
-0.03108369230769231
-0.0006258461538461538
0.040679999999999994
0.08156861538461539
0.11077476923076923
0.10347323076923076
0.06884307692307692
0.026285538461538457
-0.027328615384615382
-0.07510153846153846
-0.11849353846153846
-0.15291507692307693
-0.17231630769230769
-0.17628
-0.1422756923076923
-0.08469784615384615
-0.021278769230769233
0.03483876923076923
0.07760492307692309
0.111192
0.13935507692307691
0.14916
0.14519630769230768
0.14081538461538462
0.12955015384615384
0.12725538461538463
0.1289243076923077
0.1207883076923077
0.10994030769230768
0.09074769230769231
0.07343261538461537
0.05862092307692307
0.03921969230769231
0.018358153846153843
-0.009804923076923077
-0.035464615384615386
-0.04401784615384615
-0.03024923076923077
-0.006049846153846154
0.023990769230769232
0.056951999999999996
0.08240307692307691
0.10910584615384614
0.12662953846153846
0.11536430769230768
0.07489292307692308
0.010639384615384617
-0.06195876923076923
-0.12788123076923075
-0.18399876923076922
-0.22467876923076924
-0.2422024615384615
-0.23844738461538462
-0.2021483076923077
-0.13789476923076924
-0.06133292307692308
0.017315076923076923
0.08323753846153846
0.13747753846153846
0.16856123076923077
0.17419384615384614
0.15354092307692307
0.10055261538461538
0.02545107692307692
-0.05736923076923077
-0.116616
-0.146448
-0.15667015384615385
-0.1597993846153846
-0.15249784615384615
-0.12350030769230769
-0.078648
-0.015646153846153844
0.03713353846153846
0.058412307692307694
0.05382276923076923
0.03713353846153846
0.03233538461538461
0.027120000000000002
0.011265230769230769
-0.0012516923076923076
-0.0035464615384615383
0.010848
0.04214030769230769
0.07489292307692308
0.0936683076923077
0.09846646153846153
0.10263876923076923
0.10222153846153846
0.09012184615384615
0.06362769230769232
0.021904615384615383
-0.021904615384615383
-0.048816000000000005
-0.043392
-0.01272553846153846
0.026702769230769228
0.06800861538461538
0.10535076923076922
0.13267938461538462
0.14916
0.14978584615384616
0.12537784615384615
0.07238953846153846
0.013560000000000001
-0.03150092307692308
-0.058412307692307694
-0.07489292307692308
-0.08177723076923075
-0.07238953846153846
-0.05048492307692308
-0.0077187692307692304
0.04109723076923077
0.07843938461538462
0.09512861538461538
0.08615815384615384
0.0717636923076923
0.05757784615384615
0.04735569230769231
0.02899753846153846
0.0025033846153846152
-0.015646153846153844
-0.01981846153846154
0.002712
0.03588184615384615
0.06696553846153847
0.08824430769230769
0.10910584615384614
0.1358086153846154
0.15166338461538462
0.15625292307692307
0.14164984615384615
0.116616
0.08511507692307693
0.05298830769230769
0.024199384615384616
-0.01710646153846154
-0.058829538461538454
-0.0988836923076923
-0.11953661538461538
-0.11452984615384615
-0.10263876923076923
-0.08490646153846154
-0.06905169230769231
-0.0448523076923077
-0.021904615384615383
-0.009179076923076922
-0.0050067692307692304
-0.01981846153846154
-0.04860738461538461
-0.08344615384615384
-0.1151556923076923
-0.12537784615384615
-0.12496061538461539
-0.1218313846153846
-0.09179076923076923
-0.047772923076923074
0.00855323076923077
0.0678
0.10389046153846154
0.11828492307692307
0.10597661538461538
0.0826116923076923
0.05674338461538461
0.030875076923076922
0.008344615384615384
-0.014394461538461538
-0.023990769230769232
-0.014185846153846153
0.01272553846153846
0.04756430769230769
0.07113784615384615
0.08845292307692308
0.111192
0.13080184615384613
0.14665661538461539
0.14039815384615384
0.10722830769230769
0.05382276923076923
-0.020027076923076922
-0.08845292307692308
-0.143736
-0.18983999999999998
-0.2236356923076923
-0.23052
-0.19860184615384616
-0.12850707692307692
-0.03650769230769231
0.047981538461538464
0.11432123076923076
0.15124615384615384
0.15875630769230767
0.1422756923076923
0.0961716923076923
0.015854769230769228
-0.07238953846153846
-0.13768615384615385
-0.1693956923076923
-0.16584923076923075
-0.14686523076923075
-0.11452984615384615
-0.07113784615384615
-0.02586830769230769
0.031709538461538456
0.09012184615384615
0.13121907692307694
0.15792184615384616
0.16501476923076921
0.16292861538461537
0.15374953846153847
0.13184492307692308
0.0963803076923077
0.05048492307692308
0.001043076923076923
-0.04693846153846153
-0.06988615384615385
-0.08073415384615384
-0.09158215384615384
-0.09909230769230769
-0.09325107692307691
-0.06487938461538462
-0.008136
0.02899753846153846
0.043600615384615383
0.06884307692307692
0.08469784615384615
0.15792184615384616
0.2138307692307692
0.34066892307692304
0.4539470769230769
0.3565236923076923
0.3206418461538461
0.21988061538461537
0.12662953846153846
0.056326153846153845
-0.15792184615384616
-0.30854215384615385
-0.4946270769230769
-0.5186178461538461
-0.40679999999999994
-0.3350363076923077
-0.18253846153846154
-0.09658892307692307
0.11077476923076923
0.38030584615384616
0.5628443076923076
0.7387070769230768
0.6673606153846153
0.5190350769230769
0.3615304615384615
0.11265230769230769
-0.06049846153846154
-0.3229366153846154
-0.5371846153846154
-0.6216738461538461
-0.7151335384615384
-0.5910073846153846
-0.3949089230769231
-0.18754523076923074
0.09679753846153846
0.27599815384615384
0.4587452307692308
0.5649304615384615
0.5699372307692308
0.5820369230769231
0.44351630769230765
0.24303692307692307
0.03275261538461539
-0.17669723076923077
-0.29331323076923077
-0.43809230769230767
-0.553248
-0.5968486153846153
-0.5985175384615384
-0.4606227692307692
-0.30332676923076923
-0.1558356923076923
0.009804923076923077
0.11035753846153845
0.23448369230769228
0.32085046153846153
0.32627446153846157
0.32543999999999995
0.241368
0.16480615384615382
0.11098338461538461
0.02232184615384615
-0.065088
-0.19547261538461536
-0.30583015384615386
-0.38677292307692307
-0.4395526153846154
-0.42474092307692307
-0.37738523076923075
-0.24512307692307692
-0.08991323076923076
0.04860738461538461
0.24720923076923076
0.40930338461538457
0.5350984615384615
0.6175015384615384
0.5999778461538462
0.5453206153846154
0.4105550769230769
0.23949046153846154
0.07384984615384615
-0.12850707692307692
-0.27558092307692306
-0.36403384615384615
-0.4053396923076923
-0.38280923076923074
-0.3387913846153846
-0.2157083076923077
-0.03567323076923076
0.14707384615384617
0.3243969230769231
0.431208
0.4985907692307692
0.5094387692307691
0.42307199999999995
0.29602523076923076
0.1045163076923077
-0.09658892307692307
-0.24449723076923074
-0.37780246153846153
-0.43245969230769227
-0.4251581538461538
-0.37237846153846155
-0.235944
-0.0892873846153846
0.0678
0.21988061538461537
0.3285692307692308
0.4011673846153846
0.3980381538461538
0.3410861538461538
0.2482523076923077
0.11974523076923077
0.005841230769230769
-0.09450276923076922
-0.16897846153846155
-0.21904615384615383
-0.2526332307692308
-0.23156307692307693
-0.17565415384615385
-0.08177723076923075
0.017315076923076923
0.07948246153846153
0.14540492307692307
0.20632061538461538
0.23510953846153848
0.225096
0.17544553846153846
0.11870215384615385
0.07635323076923077
0.03066646153846154
-0.009387692307692307
-0.050067692307692306
-0.09158215384615384
-0.10910584615384614
-0.1136953846153846
-0.08740984615384616
-0.05382276923076923
-0.03921969230769231
-0.023364923076923075
-0.03400430769230769
-0.035255999999999996
-0.025659692307692307
-0.013560000000000001
0.02899753846153846
0.045895384615384616
0.04672984615384615
0.06529661538461538
0.100344
0.1585476923076923
0.18545907692307692
0.16501476923076921
0.138312
0.09471138461538461
0.06258461538461538
0.04526953846153846
0.01043076923076923
-0.021070153846153846
-0.05799507692307692
-0.05590892307692308
-0.02211323076923077
0.005841230769230769
0.038176615384615385
0.040679999999999994
0.054657230769230764
0.07969107692307692
0.10222153846153846
0.13914646153846155
0.14811692307692306
0.1397723076923077
0.12016246153846154
0.08574092307692306
0.07280676923076923
0.06279323076923077
0.02795446153846154
-0.03066646153846154
-0.09825784615384614
-0.13872923076923074
-0.165432
-0.1881710769230769
-0.2059033846153846
-0.2303113846153846
-0.2371956923076923
-0.20652923076923077
-0.1356
-0.05048492307692308
0.005424
0.049233230769230765
0.08991323076923076
0.11724184615384614
0.1287156923076923
0.0892873846153846
0.021070153846153846
-0.05945538461538461
-0.14290153846153844
-0.19735015384615384
-0.24074215384615386
-0.2624381538461539
-0.25305046153846156
-0.2125790769230769
-0.13351384615384615
-0.031918153846153846
0.07092923076923077
0.15896492307692306
0.22280123076923075
0.26494153846153845
0.2872633846153846
0.279336
0.2482523076923077
0.184416
0.0974233846153846
0.004798153846153846
-0.07259815384615384
-0.11286092307692308
-0.13914646153846155
-0.14269292307692305
-0.13038461538461538
-0.10618523076923077
-0.042974769230769226
0.035255999999999996
0.10722830769230769
0.1639716923076923
0.19359507692307693
0.20861538461538462
0.20277415384615383
0.1656406153846154
0.09950953846153845
0.01043076923076923
-0.07593599999999999
-0.14394461538461537
-0.18650215384615382
-0.20694646153846152
-0.21487384615384614
-0.19192615384615386
-0.1395636923076923
-0.06654830769230768
0.024408000000000003
0.10222153846153846
0.16021661538461537
0.19797599999999999
0.21445661538461538
0.21696000000000001
0.1990190769230769
0.16981292307692308
0.13768615384615385
0.10514215384615383
0.07510153846153846
0.04568676923076923
0.014185846153846153
-0.013768615384615384
-0.03275261538461539
-0.044435076923076924
-0.03483876923076923
-0.005424
0.031709538461538456
0.07051199999999999
0.09909230769230769
0.12245723076923076
0.14394461538461537
0.15667015384615385
0.14686523076923075
0.10535076923076922
0.056326153846153845
0.017940923076923077
-0.012099692307692308
-0.035255999999999996
-0.06070707692307692
-0.08720123076923077
-0.10076123076923077
-0.10138707692307691
-0.09408553846153846
-0.08240307692307691
-0.07343261538461537
-0.05862092307692307
-0.029414769230769227
0.0035464615384615383
0.046104
0.08010830769230769
0.09283384615384616
0.09679753846153846
0.07656184615384615
0.04401784615384615
0.006675692307692307
-0.03838523076923077
-0.0853236923076923
-0.12913292307692306
-0.1558356923076923
-0.15896492307692306
-0.1424843076923077
-0.1151556923076923
-0.07948246153846153
-0.030875076923076922
0.02211323076923077
0.06738276923076922
0.09971815384615385
0.0974233846153846
0.07906523076923076
0.059664
0.03358707692307692
0.008136
-0.025659692307692307
-0.061124307692307686
-0.08094276923076923
-0.07802215384615384
-0.0678
-0.05674338461538461
-0.04672984615384615
-0.03984553846153846
-0.027328615384615382
-0.005841230769230769
0.02023569230769231
0.037342153846153844
0.03755076923076923
0.026702769230769228
0.020652923076923076
0.014811692307692307
0.0022947692307692304
-0.015228923076923076
-0.044435076923076924
-0.06321046153846153
-0.06300184615384616
-0.05590892307692308
-0.029623384615384614
-0.010848
0.002086153846153846
0.023990769230769232
0.037967999999999995
0.05507446153846154
0.06028984615384615
0.040054153846153843
0.01272553846153846
0.0
0.0018775384615384615
0.010222153846153844
0.015646153846153844
0.011473846153846154
0.014603076923076923
0.022530461538461537
0.03650769230769231
0.06341907692307691
0.07948246153846153
0.07635323076923077
0.07572738461538461
0.09158215384615384
0.11494707692307692
0.12850707692307692
0.12496061538461539
0.1207883076923077
0.11745046153846153
0.10681107692307691
0.09554584615384615
0.07197230769230768
0.03421292307692308
0.0018775384615384615
-0.008136
0.002086153846153846
0.027745846153846152
0.06070707692307692
0.08448923076923077
0.11599015384615384
0.14290153846153844
0.16209415384615386
0.17273353846153844
0.1424843076923077
0.09012184615384615
0.028371692307692306
-0.03024923076923077
-0.07635323076923077
-0.11327815384615383
-0.13810338461538463
-0.15374953846153847
-0.14728246153846153
-0.1070196923076923
-0.04047138461538462
0.01272553846153846
0.04401784615384615
0.06946892307692307
0.09554584615384615
0.12808984615384614
0.14102399999999998
0.12579507692307693
0.08490646153846154
0.032544
-0.022530461538461537
-0.07259815384615384
-0.10576799999999999
-0.1435273846153846
-0.18086953846153844
-0.18629353846153843
-0.15938215384615384
-0.10138707692307691
-0.03650769230769231
0.017523692307692306
0.07656184615384615
0.11911938461538461
0.15416676923076922
0.17294215384615383
0.1502030769230769
0.1097316923076923
0.042557538461538466
-0.03233538461538461
-0.08907876923076924
-0.13706030769230768
-0.17544553846153846
-0.19735015384615384
-0.1858763076923077
-0.15145476923076923
-0.10660246153846153
-0.05382276923076923
-0.011682461538461537
0.030875076923076922
0.07489292307692308
0.11327815384615383
0.14477907692307693
0.15333230769230768
0.14999446153846155
0.15103753846153847
0.14686523076923075
0.14832553846153845
0.14582215384615385
0.11619876923076923
0.07510153846153846
0.029623384615384614
-0.007510153846153846
-0.03713353846153846
-0.06383630769230769
-0.08386338461538462
-0.0988836923076923
-0.09408553846153846
-0.06404492307692307
-0.02023569230769231
0.013768615384615384
0.037967999999999995
0.06571384615384615
0.09846646153846153
0.12496061538461539
0.13893784615384613
0.1341396923076923
0.09241661538461539
0.02545107692307692
-0.040679999999999994
-0.0988836923076923
-0.16334584615384617
-0.23510953846153848
-0.30061476923076924
-0.33357600000000004
-0.3314898461538462
-0.30708184615384615
-0.26306399999999996
-0.22405292307692307
-0.1787833846153846
-0.16418030769230768
-0.103056
0.022530461538461537
0.14185846153846154
0.306456
0.4389267692307692
0.5793249230769231
0.7249384615384614
0.8062984615384615
0.8225704615384615
0.7220178461538461
0.48690830769230764
0.1800350769230769
-0.09241661538461539
-0.3342018461538461
-0.4942098461538461
-0.5926763076923077
-0.6337735384615385
-0.5509532307692308
-0.36403384615384615
-0.08615815384615384
0.18274707692307693
0.4007501538461538
0.5186178461538461
0.5430258461538462
0.49108061538461534
0.3206418461538461
0.11327815384615383
-0.17711446153846155
-0.4622916923076923
-0.6195876923076923
-0.6811292307692307
-0.5759870769230769
-0.3784283076923077
-0.1397723076923077
0.1570873846153846
0.3882332307692308
0.5682683076923077
0.6903083076923077
0.6527575384615384
0.5263366153846154
0.3346190769230769
0.13101046153846155
-0.013351384615384614
-0.11745046153846153
-0.14018953846153845
-0.13121907692307694
-0.11578153846153846
-0.07155507692307693
-0.030875076923076922
0.02044430769230769
0.03379569230769231
0.010639384615384617
-0.019192615384615384
-0.08302892307692307
-0.11578153846153846
-0.14290153846153844
-0.1860849230769231
-0.208824
-0.21800307692307694
-0.1779489230769231
-0.08615815384615384
0.023990769230769232
0.14290153846153844
0.24512307692307692
0.2774584615384615
0.2436627692307692
0.14331876923076922
-0.029414769230769227
-0.2355267692307692
-0.41493599999999997
-0.5236246153846154
-0.5405224615384615
-0.44810584615384613
-0.273912
-0.027745846153846152
0.23010276923076922
0.43433723076923075
0.5830799999999999
0.6166670769230769
0.5426086153846154
0.39970707692307694
0.18775384615384613
-0.038176615384615385
-0.24011630769230768
-0.40033292307692303
-0.47376553846153846
-0.4756430769230769
-0.41910830769230767
-0.30979384615384614
-0.1779489230769231
-0.02357353846153846
0.12662953846153846
0.26681907692307694
0.3752990769230769
0.42077723076923074
0.4109723076923077
0.32210215384615387
0.19588984615384614
0.05716061538461538
-0.09596307692307693
-0.20110523076923076
-0.2620209230769231
-0.2682793846153846
-0.19526400000000002
-0.08219446153846154
0.053614153846153846
0.17252492307692308
0.23969907692307693
0.26786215384615386
0.2578486153846154
0.20861538461538462
0.14060676923076923
0.06571384615384615
0.002712
-0.020027076923076922
-0.006467076923076923
0.017732307692307693
0.04819015384615385
0.07614461538461538
0.06946892307692307
0.03567323076923076
-0.02545107692307692
-0.11828492307692307
-0.21654276923076923
-0.31396615384615384
-0.39365723076923076
-0.4322510769230769
-0.4276615384615384
-0.37258707692307685
-0.2601433846153846
-0.11724184615384614
0.03921969230769231
0.1883796923076923
0.29352184615384613
0.35631507692307696
0.3642424615384615
0.29727692307692305
0.17481969230769231
0.017940923076923077
-0.15249784615384615
-0.314592
-0.4408043076923077
-0.5073526153846153
-0.5106904615384615
-0.4395526153846154
-0.3116713846153846
-0.12996738461538462
0.08636676923076922
0.29185292307692307
0.47230523076923075
0.570563076923077
0.5682683076923077
0.4889944615384615
0.3490135384615385
0.17461107692307692
-0.014185846153846153
-0.19213476923076922
-0.328152
-0.38948492307692306
-0.3646596923076923
-0.2620209230769231
-0.11578153846153846
0.03755076923076923
0.184416
0.3060387692307692
0.38280923076923074
0.39324
0.33649661538461534
0.21654276923076923
0.06946892307692307
-0.058829538461538454
-0.15374953846153847
-0.19171753846153847
-0.18253846153846154
-0.12391753846153845
-0.015646153846153844
0.11348676923076922
0.26222953846153846
0.4026276923076923
0.4821101538461538
0.485448
0.417648
0.30895938461538464
0.1779489230769231
0.03859384615384615
-0.0974233846153846
-0.21779446153846155
-0.2807963076923077
-0.2805876923076923
-0.2127876923076923
-0.09846646153846153
-0.0006258461538461538
0.07364123076923076
0.12350030769230769
0.15082892307692305
0.16042523076923076
0.11286092307692308
0.035464615384615386
-0.0446436923076923
-0.13726892307692307
-0.19797599999999999
-0.22551323076923077
-0.22572184615384616
-0.18942276923076923
-0.13747753846153846
-0.06529661538461538
0.015020307692307692
0.08782707692307692
0.14081538461538462
0.15646153846153846
0.14519630769230768
0.1097316923076923
0.06195876923076923
-0.0002086153846153846
-0.07656184615384615
-0.14853415384615384
-0.19818461538461538
-0.20652923076923077
-0.18399876923076922
-0.14144123076923076
-0.10013538461538461
-0.0798996923076923
-0.06988615384615385
-0.050067692307692306
-0.03358707692307692
-0.03296123076923077
-0.047981538461538464
-0.0717636923076923
-0.07614461538461538
-0.06195876923076923
-0.03233538461538461
-0.0012516923076923076
0.026494153846153844
0.059038153846153844
0.08991323076923076
0.12120553846153845
0.1422756923076923
0.13706030769230768
0.10952307692307692
0.07405846153846153
0.041514461538461535
0.019609846153846155
0.003129230769230769
-0.004589538461538461
0.006884307692307692
0.03880246153846154
0.0961716923076923
0.15625292307692307
0.20652923076923077
0.2436627692307692
0.25513661538461535
0.25200738461538463
0.2275993846153846
0.18775384615384613
0.13059323076923077
0.054657230769230764
0.0008344615384615384
-0.03379569230769231
-0.04944184615384615
-0.05048492307692308
-0.055491692307692304
-0.05111076923076923
-0.03921969230769231
-0.015646153846153844
0.021904615384615383
0.058412307692307694
0.08094276923076923
0.08240307692307691
0.08177723076923075
0.09325107692307691
0.10347323076923076
0.09909230769230769
0.08302892307692307
0.06926030769230769
0.07384984615384615
0.10055261538461538
0.13601723076923075
0.1635544615384615
0.1792006153846154
0.1881710769230769
0.18650215384615382
0.17982646153846152
0.157296
0.10910584615384614
0.06529661538461538
0.030040615384615384
0.01043076923076923
0.010222153846153844
0.009596307692307692
0.008136
0.0043809230769230765
0.0
-0.0006258461538461538
-0.007510153846153846
-0.03233538461538461
-0.07468430769230769
-0.1136953846153846
-0.138312
-0.14436184615384615
-0.12767261538461538
-0.111192
-0.09199938461538461
-0.06654830769230768
-0.03567323076923076
0.01272553846153846
0.050067692307692306
0.06633969230769231
0.06529661538461538
0.05090215384615384
0.03567323076923076
0.014394461538461538
-0.006467076923076923
-0.02211323076923077
-0.03400430769230769
-0.029623384615384614
-0.0006258461538461538
0.040262769230769234
0.078648
0.10889723076923077
0.12516923076923075
0.13205353846153844
0.12308307692307692
0.1028473846153846
0.06446215384615385
0.0077187692307692304
-0.04985907692307692
-0.10764553846153846
-0.1397723076923077
-0.16063384615384615
-0.17315076923076922
-0.16480615384615382
-0.14728246153846153
-0.10055261538461538
-0.042557538461538466
-0.0006258461538461538
0.03337846153846154
0.043392
0.032544
0.015646153846153844
-0.026494153846153844
-0.08052553846153847
-0.1368516923076923
-0.1800350769230769
-0.1804523076923077
-0.1504116923076923
-0.08699261538461538
-0.003129230769230769
0.08636676923076922
0.18212123076923076
0.2557624615384615
0.2997803076923077
0.3060387692307692
0.27432923076923077
0.21925476923076925
0.1422756923076923
0.05736923076923077
-0.035255999999999996
-0.12537784615384615
-0.2021483076923077
-0.26306399999999996
-0.2926873846153846
-0.2906012307692308
-0.25951753846153847
-0.19380369230769232
-0.10493353846153847
-0.0012516923076923076
0.10848000000000001
0.20506892307692307
0.268488
0.2849686153846154
0.26535876923076923
0.21445661538461538
0.14978584615384616
0.06738276923076922
-0.029206153846153847
-0.11494707692307692
-0.17899199999999998
-0.21007569230769232
-0.20694646153846152
-0.1787833846153846
-0.13184492307692308
-0.06696553846153847
0.003755076923076923
0.07656184615384615
0.14081538461538462
0.1858763076923077
0.20423446153846153
0.19338646153846153
0.1704387692307692
0.13372246153846154
0.07572738461538461
-0.0035464615384615383
-0.10201292307692307
-0.19964492307692308
-0.27453784615384613
-0.31646953846153847
-0.33065538461538463
-0.32669169230769235
-0.30144923076923075
-0.25117292307692307
-0.17398523076923075
-0.0853236923076923
0.004172307692307692
0.07885661538461539
0.12788123076923075
0.157296
0.1597993846153846
0.13664307692307692
0.08740984615384616
0.013351384615384614
-0.061750153846153844
-0.12537784615384615
-0.17398523076923075
-0.20173107692307693
-0.214248
-0.20027076923076922
-0.15896492307692306
-0.08761846153846153
0.014185846153846153
0.11745046153846153
0.21049292307692305
0.27787569230769227
0.31188
0.32043323076923075
0.292896
0.238656
0.16438892307692307
0.08219446153846154
0.011265230769230769
-0.05194523076923077
-0.0880356923076923
-0.10868861538461538
-0.11765907692307691
-0.11265230769230769
-0.09241661538461539
-0.052153846153846155
-0.006049846153846154
0.03921969230769231
0.06800861538461538
0.0892873846153846
0.10639384615384614
0.10848000000000001
0.1028473846153846
0.09241661538461539
0.06738276923076922
0.03379569230769231
0.004589538461538461
-0.01814953846153846
-0.034630153846153845
-0.05382276923076923
-0.06759138461538462
-0.07551876923076924
-0.0828203076923077
-0.08511507692307693
-0.09241661538461539
-0.111192
-0.1314276923076923
-0.1506203076923077
-0.18483323076923078
-0.17565415384615385
-0.10764553846153846
0.0014603076923076922
0.15833907692307692
0.3116713846153846
0.44643692307692306
0.5570030769230769
0.6066535384615385
0.591216
0.4783550769230769
0.27787569230769227
0.043600615384615383
-0.1908830769230769
-0.39407446153846154
-0.5805766153846154
-0.6734104615384615
-0.6796689230769231
-0.5933021538461538
-0.39219692307692305
-0.16418030769230768
0.11640738461538462
0.37926276923076924
0.5930935384615384
0.7407932307692308
0.7543532307692307
0.6598504615384616
0.45373846153846153
0.1858763076923077
-0.1178676923076923
-0.42891323076923077
-0.6702812307692307
-0.8192326153846154
-0.8150603076923078
-0.673619076923077
-0.4616658461538461
-0.19609846153846153
0.07051199999999999
0.3206418461538461
0.5167403076923076
0.602064
0.6054018461538461
0.5202867692307692
0.3721698461538462
0.20944984615384615
0.021904615384615383
-0.15416676923076922
-0.30332676923076923
-0.41389292307692305
-0.4581193846153846
-0.4378836923076923
-0.37425600000000003
-0.25930892307692305
-0.10222153846153846
0.06279323076923077
0.2138307692307692
0.32564861538461537
0.3994984615384615
0.42182030769230766
0.3957433846153846
0.31500923076923076
0.2157083076923077
0.13664307692307692
0.0717636923076923
0.040679999999999994
0.006467076923076923
-0.041514461538461535
-0.06863446153846153
-0.09325107692307691
-0.11536430769230768
-0.12704676923076924
-0.1462393846153846
-0.15270646153846154
-0.11974523076923077
-0.04839876923076923
0.04380923076923077
0.12996738461538462
0.19881046153846152
0.2561796923076923
0.28100492307692304
0.25930892307692305
0.20715507692307691
0.13059323076923077
0.03650769230769231
-0.05507446153846154
-0.12955015384615384
-0.1802436923076923
-0.18921415384615384
-0.17377661538461536
-0.14603076923076924
-0.09137353846153846
-0.017315076923076923
0.07280676923076923
0.17169046153846151
0.24846092307692308
0.29414769230769233
0.32585723076923073
0.32085046153846153
0.28100492307692304
0.20819815384615384
0.10368184615384615
0.017940923076923077
-0.03671630769230769
-0.06404492307692307
-0.07551876923076924
-0.06362769230769232
-0.024408000000000003
0.04172307692307692
0.13184492307692308
0.19505538461538463
0.22572184615384616
0.21466523076923077
0.1712732307692308
0.12767261538461538
0.07030338461538461
0.005424
-0.05653476923076922
-0.116616
-0.14185846153846154
-0.11953661538461538
-0.07948246153846153
-0.030875076923076922
0.020652923076923076
0.06300184615384616
0.10055261538461538
0.11745046153846153
0.10263876923076923
0.06738276923076922
0.0
-0.07656184615384615
-0.14018953846153845
-0.19380369230769232
-0.22300984615384614
-0.22551323076923077
-0.19547261538461536
-0.14018953846153845
-0.06279323076923077
0.03337846153846154
0.12016246153846154
0.18232984615384615
0.18921415384615384
0.14665661538461539
0.08907876923076924
0.01043076923076923
-0.07802215384615384
-0.17461107692307692
-0.26494153846153845
-0.30436984615384616
-0.2805876923076923
-0.20402584615384614
-0.09867507692307692
0.01668923076923077
0.13184492307692308
0.2411593846153846
0.3387913846153846
0.39344861538461534
0.39699507692307695
0.3517255384615385
0.25513661538461535
0.15228923076923076
0.047772923076923074
-0.06008123076923077
-0.1422756923076923
-0.20193969230769232
-0.222384
-0.20152246153846154
-0.1504116923076923
-0.07364123076923076
0.003755076923076923
0.06926030769230769
0.11035753846153845
0.1395636923076923
0.15604430769230768
0.13643446153846153
0.09575446153846154
0.03150092307692308
-0.03233538461538461
-0.06926030769230769
-0.08615815384615384
-0.07572738461538461
-0.054240000000000003
-0.02357353846153846
0.017523692307692306
0.04652123076923077
0.05173661538461538
0.03045784615384615
-0.006884307692307692
-0.040054153846153843
-0.06216738461538462
-0.06967753846153846
-0.06049846153846154
-0.03483876923076923
0.0025033846153846152
0.05674338461538461
0.12308307692307692
0.17732307692307692
0.20506892307692307
0.19651569230769228
0.1597993846153846
0.10660246153846153
0.03963692307692308
-0.031918153846153846
-0.09658892307692307
-0.14582215384615385
-0.17294215384615383
-0.16876984615384616
-0.13643446153846153
-0.0936683076923077
-0.04839876923076923
0.0012516923076923076
0.05173661538461538
0.08761846153846153
0.10368184615384615
0.10222153846153846
0.065088
-0.0006258461538461538
-0.07134646153846153
-0.1424843076923077
-0.20423446153846153
-0.25346769230769234
-0.28121353846153846
-0.27140861538461536
-0.22572184615384616
-0.15124615384615384
-0.06675692307692307
0.010639384615384617
0.07155507692307693
0.11348676923076922
0.13622584615384614
0.1397723076923077
0.1136953846153846
0.05799507692307692
0.0018775384615384615
-0.038176615384615385
-0.05382276923076923
-0.0446436923076923
-0.02086153846153846
0.008970461538461538
0.04714707692307692
0.09325107692307691
0.13330523076923076
0.15604430769230768
0.1462393846153846
0.10138707692307691
0.0448523076923077
-0.007301538461538462
-0.05799507692307692
-0.09971815384615385
-0.1287156923076923
-0.1368516923076923
-0.11140061538461538
-0.06028984615384615
0.003755076923076923
0.07030338461538461
0.12141415384615384
0.1506203076923077
0.17002153846153847
0.1706473846153846
0.1570873846153846
0.11703323076923078
0.05528307692307692
-0.0033378461538461535
-0.06300184615384616
-0.10493353846153847
-0.1368516923076923
-0.15938215384615384
-0.1639716923076923
-0.14603076923076924
-0.09429415384615383
-0.03650769230769231
0.01710646153846154
0.05277969230769231
0.06800861538461538
0.078648
0.07906523076923076
0.0717636923076923
0.047981538461538464
0.012516923076923077
-0.017523692307692306
-0.04985907692307692
-0.06759138461538462
-0.07635323076923077
-0.08699261538461538
-0.08720123076923077
-0.07802215384615384
-0.05090215384615384
-0.015228923076923076
0.016272
0.03942830769230769
0.05820369230769231
0.08010830769230769
0.09992676923076924
0.11870215384615385
0.11995384615384615
0.10243015384615384
0.07113784615384615
0.021696
-0.02232184615384615
-0.06571384615384615
-0.11473846153846154
-0.15917353846153848
-0.1846246153846154
-0.17315076923076922
-0.13706030769230768
-0.07885661538461539
-0.01940123076923077
0.03421292307692308
0.08615815384615384
0.12412615384615384
0.1489513846153846
0.1422756923076923
0.11202646153846153
0.0717636923076923
0.02524246153846154
-0.015437538461538461
-0.043392
-0.06258461538461538
-0.07364123076923076
-0.0678
-0.047981538461538464
-0.008344615384615384
0.03045784615384615
0.056326153846153845
0.073224
0.08177723076923075
0.09763200000000001
0.11056615384615384
0.11140061538461538
0.10222153846153846
0.09241661538461539
0.08615815384615384
0.0880356923076923
0.09554584615384615
0.09700615384615385
0.08177723076923075
0.056326153846153845
0.03483876923076923
0.010848
-0.015854769230769228
-0.05444861538461539
-0.09179076923076923
-0.119328
-0.13622584615384614
-0.12579507692307693
-0.1045163076923077
-0.07092923076923077
-0.027328615384615382
0.016897846153846156
0.06070707692307692
0.0880356923076923
0.09846646153846153
0.0853236923076923
0.05194523076923077
0.014603076923076923
-0.023364923076923075
-0.061124307692307686
-0.08866153846153846
-0.10618523076923077
-0.1097316923076923
-0.0897046153846154
-0.051528
0.005632615384615384
0.05799507692307692
0.10430769230769231
0.14457046153846154
0.1802436923076923
0.21591692307692306
0.2288510769230769
0.22676492307692306
0.2059033846153846
0.18128676923076922
0.16626646153846153
0.14978584615384616
0.12934153846153845
0.09179076923076923
0.042348923076923076
0.0012516923076923076
-0.03045784615384615
-0.053614153846153846
-0.07635323076923077
-0.09387692307692307
-0.0892873846153846
-0.06654830769230768
-0.02899753846153846
0.015854769230769228
0.061124307692307686
0.0988836923076923
0.12266584615384615
0.1287156923076923
0.11578153846153846
0.07739630769230768
0.01668923076923077
-0.05319692307692307
-0.1218313846153846
-0.17481969230769231
-0.2056947692307692
-0.21237046153846154
-0.19672430769230767
-0.15249784615384615
-0.07781353846153846
0.01856676923076923
0.11953661538461538
0.19505538461538463
0.24011630769230768
0.24992123076923078
0.23448369230769228
0.1927606153846154
0.11640738461538462
0.023990769230769232
-0.07468430769230769
-0.1570873846153846
-0.21925476923076925
-0.25012984615384615
-0.2482523076923077
-0.22447015384615385
-0.1760713846153846
-0.10952307692307692
-0.022947692307692308
0.06216738461538462
0.13476553846153844
0.18379015384615385
0.20965846153846154
0.22300984615384614
0.21320492307692307
0.1860849230769231
0.13726892307692307
0.07781353846153846
0.02232184615384615
-0.015646153846153844
-0.028163076923076923
-0.026911384615384615
-0.022530461538461537
-0.016480615384615385
0.004589538461538461
0.028788923076923077
0.05173661538461538
0.06759138461538462
0.07113784615384615
0.07280676923076923
0.07927384615384615
0.08845292307692308
0.08761846153846153
0.078648
0.06154153846153846
0.041514461538461535
0.014185846153846153
-0.021278769230769233
-0.05757784615384615
-0.09053907692307692
-0.11953661538461538
-0.13247076923076923
-0.124752
-0.11098338461538461
-0.07593599999999999
-0.03275261538461539
0.014603076923076923
0.05486584615384615
0.07948246153846153
0.09658892307692307
0.09909230769230769
0.08469784615384615
0.05736923076923077
0.03233538461538461
0.018358153846153843
0.03713353846153846
0.06383630769230769
0.1860849230769231
0.2724516923076923
0.2632726153846154
0.32961230769230765
0.3133403076923077
0.31688676923076925
0.2849686153846154
0.138312
0.004589538461538461
-0.19192615384615386
-0.2705741538461538
-0.3410861538461538
-0.42369784615384615
-0.41076369230769233
-0.40992923076923077
-0.24992123076923078
-0.06863446153846153
0.11348676923076922
0.3158436923076923
0.35694092307692304
0.40513107692307687
0.36632861538461536
0.23928184615384615
0.13184492307692308
-0.08866153846153846
-0.2503384615384615
-0.3947003076923077
-0.5651390769230769
-0.5570030769230769
-0.5113163076923077
-0.39344861538461534
-0.20339999999999997
-0.06717415384615384
0.1178676923076923
0.2601433846153846
0.3846867692307692
0.5150713846153846
0.5334295384615384
0.5061009230769231
0.4105550769230769
0.2937304615384615
0.19296923076923078
0.021070153846153846
-0.13497415384615385
-0.2782929230769231
-0.3782196923076923
-0.3671630769230769
-0.33649661538461534
-0.24491446153846153
-0.12099692307692309
-0.014185846153846153
0.11619876923076923
0.19317784615384614
0.24011630769230768
0.2720344615384615
0.23490092307692306
0.19839323076923077
0.1570873846153846
0.09971815384615385
0.05298830769230769
-0.014603076923076923
-0.08094276923076923
-0.1612596923076923
-0.2426196923076923
-0.29456492307692306
-0.32377107692307694
-0.2862203076923077
-0.25284184615384614
-0.20986707692307693
-0.092208
0.020027076923076922
0.16209415384615386
0.290184
0.35610646153846154
0.4078430769230769
0.3863556923076923
0.3410861538461538
0.2632726153846154
0.116616
-0.018983999999999997
-0.16480615384615382
-0.29602523076923076
-0.3844781538461538
-0.4414301538461538
-0.4214030769230769
-0.34275507692307694
-0.22467876923076924
-0.07531015384615385
0.08323753846153846
0.26786215384615386
0.4193169230769231
0.5010941538461539
0.5321778461538461
0.4798153846153846
0.3919883076923077
0.2730775384615384
0.10389046153846154
-0.0446436923076923
-0.1829556923076923
-0.28476
-0.3129230769230769
-0.31396615384615384
-0.25555384615384613
-0.1489513846153846
-0.02211323076923077
0.119328
0.22780799999999998
0.30416123076923074
0.3252313846153846
0.30520430769230766
0.26765353846153844
0.18921415384615384
0.09867507692307692
-0.016063384615384615
-0.13789476923076924
-0.233232
-0.31229723076923077
-0.33816553846153846
-0.3319070769230769
-0.32543999999999995
-0.2837169230769231
-0.21111876923076925
-0.130176
-0.04860738461538461
0.012308307692307691
0.055491692307692304
0.09304246153846155
0.11077476923076923
0.12099692307692309
0.11974523076923077
0.0974233846153846
0.07697907692307693
0.06008123076923077
0.058412307692307694
0.05173661538461538
0.021487384615384613
-0.021696
-0.08240307692307691
-0.12621230769230768
-0.15145476923076923
-0.146448
-0.10681107692307691
-0.07510153846153846
-0.028371692307692306
0.03483876923076923
0.10076123076923077
0.18525046153846153
0.2330233846153846
0.22947692307692308
0.20173107692307693
0.14331876923076922
0.08219446153846154
0.010639384615384617
-0.08177723076923075
-0.1696043076923077
-0.2411593846153846
-0.265776
-0.24512307692307692
-0.20027076923076922
-0.13601723076923075
-0.07489292307692308
-0.0008344615384615384
0.08010830769230769
0.15667015384615385
0.21612553846153845
0.23052
0.22488738461538463
0.19505538461538463
0.157296
0.132888
0.10389046153846154
0.06487938461538462
0.030875076923076922
0.026702769230769228
0.05757784615384615
0.10117846153846152
0.13121907692307694
0.14832553846153845
0.14311015384615386
0.12683815384615382
0.10660246153846153
0.0826116923076923
0.04672984615384615
-0.010013538461538461
-0.03984553846153846
-0.04547815384615384
-0.02899753846153846
0.0008344615384615384
0.012934153846153845
0.026702769230769228
0.026702769230769228
0.014394461538461538
-0.003129230769230769
-0.042974769230769226
-0.09575446153846154
-0.14394461538461537
-0.168144
-0.16230276923076925
-0.1397723076923077
-0.11432123076923076
-0.08615815384615384
-0.04756430769230769
0.006884307692307692
0.06738276923076922
0.11473846153846154
0.12850707692307692
0.1151556923076923
0.09846646153846153
0.07030338461538461
0.03755076923076923
0.005215384615384615
-0.035464615384615386
-0.06592246153846154
-0.09012184615384615
-0.0988836923076923
-0.08219446153846154
-0.06926030769230769
-0.05277969230769231
-0.023364923076923075
0.007301538461538462
0.05048492307692308
0.086784
0.0961716923076923
0.08574092307692306
0.04526953846153846
-0.0050067692307692304
-0.05277969230769231
-0.1028473846153846
-0.14206707692307693
-0.1704387692307692
-0.1666836923076923
-0.12683815384615382
-0.06905169230769231
0.009596307692307692
0.08344615384615384
0.14311015384615386
0.19547261538461536
0.2236356923076923
0.21696000000000001
0.16459753846153846
0.07697907692307693
-0.0008344615384615384
-0.05507446153846154
-0.08866153846153846
-0.10138707692307691
-0.0988836923076923
-0.06800861538461538
-0.011265230769230769
0.07051199999999999
0.16063384615384615
0.23239753846153846
0.2707827692307692
0.28121353846153846
0.2791273846153846
0.24887815384615386
0.19067446153846154
0.11348676923076922
0.018983999999999997
-0.07072061538461538
-0.1356
-0.16835261538461538
-0.1785747692307692
-0.17398523076923075
-0.14331876923076922
-0.0853236923076923
-0.0014603076923076922
0.09825784615384614
0.18232984615384615
0.22968553846153844
0.23886461538461537
0.2225926153846154
0.19588984615384614
0.14206707692307693
0.056951999999999996
-0.040262769230769234
-0.13226215384615383
-0.19442953846153843
-0.22405292307692307
-0.23510953846153848
-0.23510953846153848
-0.22551323076923077
-0.19755876923076923
-0.14832553846153845
-0.086784
-0.025033846153846153
0.016063384615384615
0.03963692307692308
0.05382276923076923
0.06341907692307691
0.06821723076923077
0.05048492307692308
0.019609846153846155
-0.014394461538461538
-0.03567323076923076
-0.03859384615384615
-0.042348923076923076
-0.047772923076923074
-0.06154153846153846
-0.06884307692307692
-0.05736923076923077
-0.03629907692307692
-0.009804923076923077
0.014603076923076923
0.043392
0.07510153846153846
0.12120553846153845
0.18107815384615383
0.23156307692307693
0.26911384615384615
0.287472
0.2887236923076923
0.26786215384615386
0.22488738461538463
0.15354092307692307
0.05590892307692308
-0.040679999999999994
-0.11432123076923076
-0.15124615384615384
-0.15750461538461538
-0.13622584615384614
-0.09700615384615385
-0.03212676923076923
0.06467076923076923
0.1652233846153846
0.252216
0.3047870769230769
0.3170953846153846
0.2851772307692308
0.20548615384615385
0.0974233846153846
-0.03650769230769231
-0.18212123076923076
-0.30562153846153844
-0.3909452307692307
-0.41994276923076923
-0.39219692307692305
-0.3133403076923077
-0.18191261538461537
-0.026702769230769228
0.143736
0.3062473846153846
0.42015138461538465
0.48106707692307693
0.46959323076923076
0.40575692307692307
0.3081249230769231
0.1802436923076923
0.051528
-0.07009476923076922
-0.16501476923076921
-0.21007569230769232
-0.20715507692307691
-0.16626646153846153
-0.10159569230769232
-0.02899753846153846
0.05298830769230769
0.12767261538461538
0.18504184615384617
0.21800307692307694
0.21487384615384614
0.19505538461538463
0.16292861538461537
0.12621230769230768
0.08469784615384615
0.03629907692307692
-0.01710646153846154
-0.0744756923076923
-0.11578153846153846
-0.13998092307692306
-0.15604430769230768
-0.16751815384615384
-0.17419384615384614
-0.17315076923076922
-0.16105107692307694
-0.1287156923076923
-0.0826116923076923
-0.05236246153846154
-0.03421292307692308
-0.005424
0.03379569230769231
0.07218092307692307
0.09325107692307691
0.09804923076923076
0.08052553846153847
0.031709538461538456
-0.021278769230769233
-0.0678
-0.12141415384615384
-0.168144
-0.1990190769230769
-0.19881046153846152
-0.15374953846153847
-0.08302892307692307
0.0006258461538461538
0.08824430769230769
0.16501476923076921
0.2330233846153846
0.2703655384615385
0.26348123076923075
0.2209236923076923
0.13372246153846154
0.03358707692307692
-0.06842584615384616
-0.16418030769230768
-0.24095076923076922
-0.3016578461538461
-0.327108923076923
-0.3081249230769231
-0.24324553846153843
-0.1502030769230769
-0.05069353846153846
0.04652123076923077
0.12350030769230769
0.1656406153846154
0.1858763076923077
0.17648861538461538
0.127464
0.04109723076923077
-0.053614153846153846
-0.12224861538461537
-0.16793538461538463
-0.18379015384615385
-0.1777403076923077
-0.14916
-0.09512861538461538
-0.030040615384615384
0.034630153846153845
0.08177723076923075
0.10096984615384616
0.08887015384615385
0.055491692307692304
0.02023569230769231
-0.013142769230769229
-0.04422646153846154
-0.06362769230769232
-0.06675692307692307
-0.03901107692307692
0.01272553846153846
0.07551876923076924
0.14164984615384615
0.19150892307692308
0.22405292307692307
0.23636123076923077
0.22676492307692306
0.1913003076923077
0.13184492307692308
0.056951999999999996
-0.010013538461538461
-0.05319692307692307
-0.07885661538461539
-0.09429415384615383
-0.1028473846153846
-0.10222153846153846
-0.09575446153846154
-0.065088
0.0025033846153846152
0.06049846153846154
0.09679753846153846
0.1316363076923077
0.14060676923076923
0.1800350769230769
0.1881710769230769
0.28017046153846153
0.3375396923076923
0.1860849230769231
0.15124615384615384
0.05027630769230769
0.02232184615384615
0.021904615384615383
-0.15959076923076923
-0.2436627692307692
-0.40054153846153845
-0.36403384615384615
-0.23803015384615384
-0.20527753846153846
-0.09408553846153846
-0.09909230769230769
0.08052553846153847
0.2970683076923077
0.44351630769230765
0.5933021538461538
0.45791076923076923
0.3454670769230769
0.2238443076923077
0.048816000000000005
-0.027120000000000002
-0.24470584615384613
-0.37258707692307685
-0.42265476923076917
-0.5200781538461539
-0.3848953846153846
-0.2620209230769231
-0.11974523076923077
0.0853236923076923
0.14331876923076922
0.26118646153846153
0.3087507692307692
0.3212676923076923
0.37738523076923075
0.27474646153846155
0.16167692307692308
0.02211323076923077
-0.10347323076923076
-0.14060676923076923
-0.2605606153846154
-0.3577753846153846
-0.425784
-0.45728492307692303
-0.3408775384615384
-0.24303692307692307
-0.13455692307692307
-0.0033378461538461535
0.08031692307692308
0.23490092307692306
0.3373310769230769
0.36549415384615386
0.3957433846153846
0.3327415384615385
0.28788923076923073
0.24074215384615386
0.12391753846153845
0.017315076923076923
-0.12829846153846153
-0.23907323076923076
-0.30436984615384616
-0.3648683076923077
-0.3665372307692307
-0.344424
-0.25138153846153843
-0.14477907692307693
-0.05403138461538461
0.0963803076923077
0.19505538461538463
0.273912
0.3342018461538461
0.30854215384615385
0.26932246153846157
0.16876984615384616
0.06028984615384615
-0.032544
-0.16251138461538459
-0.23761292307692305
-0.2899753846153846
-0.31897292307692304
-0.3095852307692307
-0.29602523076923076
-0.21111876923076925
-0.08761846153846153
0.02273907692307692
0.10243015384615384
0.138312
0.2073636923076923
0.2707827692307692
0.28121353846153846
0.27599815384615384
0.1992276923076923
0.13080184615384613
0.10159569230769232
0.054240000000000003
0.04714707692307692
0.01981846153846154
-0.021070153846153846
-0.024199384615384616
-0.044435076923076924
-0.03337846153846154
-0.0043809230769230765
0.012099692307692308
0.049233230769230765
0.07405846153846153
0.119328
0.1612596923076923
0.18942276923076923
0.23010276923076922
0.2369870769230769
0.241368
0.21153599999999997
0.14603076923076924
0.08699261538461538
0.0008344615384615384
-0.06821723076923077
-0.11202646153846153
-0.1504116923076923
-0.14018953846153845
-0.10222153846153846
-0.05528307692307692
0.011056615384615385
0.06905169230769231
0.13706030769230768
0.21028430769230766
0.2399076923076923
0.24345415384615382
0.21007569230769232
0.157296
0.1151556923076923
0.061124307692307686
0.011265230769230769
-0.04214030769230769
-0.08177723076923075
-0.09971815384615385
-0.11745046153846153
-0.10618523076923077
-0.08386338461538462
-0.03045784615384615
0.05528307692307692
0.10827138461538462
0.15270646153846154
0.18900553846153845
0.21883753846153844
0.25012984615384615
0.23198030769230768
0.1783661538461538
0.11077476923076923
0.041514461538461535
0.011891076923076923
-0.0006258461538461538
-0.021487384615384613
-0.04631261538461538
-0.07134646153846153
-0.06049846153846154
-0.03629907692307692
-0.017732307692307693
-0.010222153846153844
-0.03400430769230769
-0.04819015384615385
-0.06070707692307692
-0.061124307692307686
-0.042557538461538466
-0.03692492307692308
-0.02357353846153846
-0.020027076923076922
-0.02357353846153846
-0.01668923076923077
-0.017523692307692306
-0.04380923076923077
-0.10243015384615384
-0.16021661538461537
-0.18337292307692307
-0.17982646153846152
-0.16856123076923077
-0.15500123076923078
-0.1397723076923077
-0.11140061538461538
-0.06425353846153846
0.0043809230769230765
0.06946892307692307
0.086784
0.08115138461538463
0.08302892307692307
0.09554584615384615
0.0961716923076923
0.053614153846153846
0.006675692307692307
-0.02524246153846154
-0.047981538461538464
-0.042974769230769226
-0.043600615384615383
-0.044435076923076924
-0.03713353846153846
-0.028163076923076923
0.010639384615384617
0.05444861538461539
0.09575446153846154
0.11390399999999999
0.10785415384615385
0.09700615384615385
0.07843938461538462
0.06321046153846153
0.020652923076923076
-0.044435076923076924
-0.11181784615384616
-0.17648861538461538
-0.21591692307692306
-0.222384
-0.2090326153846154
-0.18316430769230768
-0.15333230769230768
-0.10159569230769232
-0.014811692307692307
0.06738276923076922
0.12642092307692307
0.14603076923076924
0.13998092307692306
0.13852061538461538
0.1314276923076923
0.111192
0.07572738461538461
0.03379569230769231
0.0
-0.016897846153846156
-0.008136
0.014394461538461538
0.03108369230769231
0.05778646153846154
0.09596307692307693
0.12412615384615384
0.14457046153846154
0.15082892307692305
0.1476996923076923
0.13852061538461538
0.12224861538461537
0.11327815384615383
0.09491999999999999
0.06988615384615385
0.05069353846153846
0.04547815384615384
0.05674338461538461
0.06863446153846153
0.07885661538461539
0.08135999999999999
0.06967753846153846
0.045895384615384616
0.022947692307692308
0.007927384615384614
-0.017940923076923077
-0.05736923076923077
-0.08386338461538462
-0.09408553846153846
-0.084072
-0.054240000000000003
-0.027328615384615382
0.010222153846153844
0.04860738461538461
0.0853236923076923
0.12162276923076921
0.12642092307692307
0.10618523076923077
0.05862092307692307
-0.0008344615384615384
-0.044435076923076924
-0.08490646153846154
-0.11599015384615384
-0.13476553846153844
-0.14728246153846153
-0.132888
-0.10576799999999999
-0.07468430769230769
-0.03713353846153846
-0.011265230769230769
0.021070153846153846
0.05048492307692308
0.059038153846153844
0.05319692307692307
0.015020307692307692
-0.03504738461538461
-0.08636676923076922
-0.1353913846153846
-0.16584923076923075
-0.1923433846153846
-0.20047938461538461
-0.18107815384615383
-0.13872923076923074
-0.08177723076923075
-0.02899753846153846
0.02524246153846154
0.06529661538461538
0.08448923076923077
0.10681107692307691
0.11473846153846154
0.1045163076923077
0.08010830769230769
0.03421292307692308
-0.0002086153846153846
-0.03504738461538461
-0.06633969230769231
-0.07489292307692308
-0.08115138461538463
-0.07259815384615384
-0.049233230769230765
-0.016063384615384615
0.01856676923076923
0.04109723076923077
0.04860738461538461
0.03921969230769231
0.023364923076923075
0.006884307692307692
-0.008970461538461538
-0.02044430769230769
-0.027745846153846152
-0.022947692307692308
0.010013538461538461
0.05048492307692308
0.09533723076923077
0.13267938461538462
0.14144123076923076
0.14916
0.13476553846153844
0.10159569230769232
0.06049846153846154
-0.013768615384615384
-0.0880356923076923
-0.1476996923076923
-0.19150892307692308
-0.20694646153846152
-0.20444307692307692
-0.1792006153846154
-0.12287446153846153
-0.04902461538461538
0.03984553846153846
0.13330523076923076
0.20298276923076922
0.23969907692307693
0.2369870769230769
0.19526400000000002
0.12329169230769231
0.01668923076923077
-0.10868861538461538
-0.23072861538461537
-0.33065538461538463
-0.38426953846153844
-0.3836436923076923
-0.32961230769230765
-0.2415766153846154
-0.12558646153846154
0.018358153846153843
0.15562707692307692
0.2703655384615385
0.3490135384615385
0.37321292307692305
0.35923569230769226
0.2995716923076923
0.20861538461538462
0.11077476923076923
-0.005632615384615384
-0.0988836923076923
-0.1597993846153846
-0.18483323076923078
-0.16000799999999998
-0.1097316923076923
-0.03483876923076923
0.04047138461538462
0.12266584615384615
0.20110523076923076
0.24741784615384615
0.265776
0.2482523076923077
0.20256553846153844
0.14978584615384616
0.10514215384615383
0.05820369230769231
0.007510153846153846
-0.04819015384615385
-0.09408553846153846
-0.12579507692307693
-0.143736
-0.14164984615384615
-0.14060676923076923
-0.12975876923076923
-0.100344
-0.051319384615384614
0.013351384615384614
0.07405846153846153
0.12391753846153845
0.1693956923076923
0.2125790769230769
0.25138153846153843
0.28350830769230767
0.27975323076923075
0.23844738461538462
0.1802436923076923
0.09992676923076924
0.016063384615384615
-0.05674338461538461
-0.11870215384615385
-0.15896492307692306
-0.1829556923076923
-0.1693956923076923
-0.11098338461538461
-0.03296123076923077
0.06154153846153846
0.1504116923076923
0.22405292307692307
0.2870547692307692
0.30895938461538464
0.28434276923076923
0.21862892307692305
0.11411261538461538
0.009596307692307692
-0.08010830769230769
-0.1506203076923077
-0.19463815384615382
-0.21028430769230766
-0.18754523076923074
-0.13706030769230768
-0.06759138461538462
0.0043809230769230765
0.06425353846153846
0.10910584615384614
0.1368516923076923
0.15333230769230768
0.14749107692307692
0.11056615384615384
0.054240000000000003
-0.003963692307692307
-0.05027630769230769
-0.06675692307692307
-0.056951999999999996
-0.03921969230769231
-0.007301538461538462
0.02753723076923077
0.058412307692307694
0.08511507692307693
0.08740984615384616
0.06425353846153846
0.007510153846153846
-0.06049846153846154
-0.12412615384615384
-0.1867107692307692
-0.23093723076923076
-0.2716172307692308
-0.29685969230769227
-0.2962338461538461
-0.222384
-0.07072061538461538
0.10806276923076923
0.31813846153846154
0.48398769230769234
0.6348166153846153
0.770208
0.8110966153846153
0.7564393846153846
0.5615926153846154
0.3095852307692307
0.04526953846153846
-0.2221753846153846
-0.4616658461538461
-0.6467076923076923
-0.7274418461538461
-0.7049113846153846
-0.544068923076923
-0.30144923076923075
-0.028163076923076923
0.24866953846153847
0.48711692307692306
0.6619366153846153
0.723060923076923
0.6396147692307692
0.4170221538461538
0.12913292307692306
-0.20652923076923077
-0.5229987692307692
-0.7535187692307692
-0.9039304615384615
-0.9026787692307692
-0.7770923076923076
-0.5665993846153846
-0.2951907692307692
-0.040679999999999994
0.19359507692307693
0.35631507692307696
0.4072172307692307
0.4007501538461538
0.3442153846153846
0.2707827692307692
0.20444307692307692
0.1218313846153846
0.06300184615384616
0.025033846153846153
0.012308307692307691
0.012308307692307691
-0.017523692307692306
-0.056326153846153845
-0.10889723076923077
-0.12788123076923075
-0.10117846153846152
-0.08615815384615384
-0.06008123076923077
-0.03859384615384615
-0.0016689230769230767
0.09909230769230769
0.20506892307692307
0.31646953846153847
0.41535323076923075
0.4887858461538461
0.5499101538461538
0.5434430769230769
0.45728492307692303
0.2789187692307692
0.030040615384615384
-0.235944
-0.48023261538461537
-0.6527575384615384
-0.7464258461538461
-0.7399587692307692
-0.6112430769230769
-0.3961606153846154
-0.10785415384615385
0.20861538461538462
0.4889944615384615
0.7084578461538462
0.8019175384615385
0.7716683076923077
0.6533833846153847
0.4522781538461538
0.21174461538461536
-0.059038153846153844
-0.3195987692307692
-0.5021372307692308
-0.585792
-0.5734836923076922
-0.4965046153846154
-0.36278215384615387
-0.1792006153846154
0.03880246153846154
0.2705741538461538
0.4374664615384615
0.5102732307692307
0.5017199999999999
0.41493599999999997
0.2899753846153846
0.13914646153846155
-0.032544
-0.17398523076923075
-0.2730775384615384
-0.32189353846153845
-0.2966510769230769
-0.22780799999999998
-0.14144123076923076
-0.05778646153846154
-0.011265230769230769
0.011682461538461537
0.011891076923076923
-0.01981846153846154
-0.05674338461538461
-0.09909230769230769
-0.13497415384615385
-0.14123261538461537
-0.11578153846153846
-0.073224
-0.019609846153846155
0.03212676923076923
0.06216738461538462
0.084072
0.086784
0.05820369230769231
0.0
-0.09116492307692307
-0.1913003076923077
-0.27412061538461535
-0.33065538461538463
-0.35193415384615384
-0.3377483076923077
-0.2828824615384615
-0.1779489230769231
-0.034630153846153845
0.11202646153846153
0.23177169230769232
0.3129230769230769
0.33524492307692305
0.30249230769230767
0.22113230769230768
0.08073415384615384
-0.08115138461538463
-0.22989415384615383
-0.3425464615384616
-0.3836436923076923
-0.36445107692307693
-0.28934953846153844
-0.15520984615384617
0.011682461538461537
0.19150892307692308
0.3577753846153846
0.47021907692307696
0.5173661538461538
0.4956701538461538
0.40638276923076927
0.28350830769230767
0.14561353846153846
0.014603076923076923
-0.0892873846153846
-0.15625292307692307
-0.1710646153846154
-0.13643446153846153
-0.06258461538461538
0.01981846153846154
0.09012184615384615
0.143736
0.1639716923076923
0.15813046153846153
0.11891076923076922
0.033169846153846154
-0.06654830769230768
-0.168144
-0.24741784615384615
-0.2862203076923077
-0.30061476923076924
-0.276624
-0.2073636923076923
-0.09658892307692307
0.0446436923076923
0.1846246153846154
0.2899753846153846
0.3440067692307692
0.3410861538461538
0.28851507692307693
0.19839323076923077
0.07760492307692309
-0.06154153846153846
-0.19004861538461537
-0.2782929230769231
-0.3047870769230769
-0.2689052307692308
-0.1867107692307692
-0.06759138461538462
0.0717636923076923
0.20819815384615384
0.3248141538461538
0.40846892307692306
0.4287046153846154
0.39303138461538456
0.3079163076923077
0.18900553846153845
0.07238953846153846
-0.04109723076923077
-0.13914646153846155
-0.20715507692307691
-0.2275993846153846
-0.19797599999999999
-0.12579507692307693
-0.030875076923076922
0.052153846153846155
0.11578153846153846
0.14582215384615385
0.14018953846153845
0.11703323076923078
0.059664
-0.026076923076923077
-0.11160923076923077
-0.18316430769230768
-0.21508246153846153
-0.20715507692307691
-0.17273353846153844
-0.11578153846153846
-0.05173661538461538
0.01710646153846154
0.0771876923076923
0.10493353846153847
0.0897046153846154
0.03504738461538461
-0.03504738461538461
-0.10347323076923076
-0.14916
-0.16647507692307692
-0.16418030769230768
-0.12955015384615384
-0.06487938461538462
0.022947692307692308
0.12704676923076924
0.21487384615384614
0.26765353846153844
0.2845513846153846
0.25305046153846156
0.18337292307692307
0.08699261538461538
-0.03713353846153846
-0.16188553846153847
-0.25930892307692305
-0.3062473846153846
-0.2883064615384615
-0.2140393846153846
-0.08907876923076924
0.05507446153846154
0.2056947692307692
0.3588184615384616
0.4752258461538461
0.5292572307692308
0.4956701538461538
0.39261415384615383
0.25200738461538463
0.0855323076923077
-0.06717415384615384
-0.200688
-0.30061476923076924
-0.33962584615384617
-0.32001599999999997
-0.2411593846153846
-0.13038461538461538
-0.019609846153846155
0.07885661538461539
0.157296
0.20819815384615384
0.22634769230769228
0.20673784615384616
0.1476996923076923
0.06946892307692307
-0.0077187692307692304
-0.06738276923076922
-0.10055261538461538
-0.10535076923076922
-0.0974233846153846
-0.07551876923076924
-0.040262769230769234
-0.006675692307692307
0.022947692307692308
0.03650769230769231
0.026702769230769228
0.004172307692307692
-0.027745846153846152
-0.06300184615384616
-0.07823076923076923
-0.08052553846153847
-0.07635323076923077
-0.06028984615384615
-0.02023569230769231
0.04819015384615385
0.11452984615384615
0.16105107692307694
0.18545907692307692
0.1792006153846154
0.13935507692307691
0.0880356923076923
0.021904615384615383
-0.053614153846153846
-0.12767261538461538
-0.1883796923076923
-0.20152246153846154
-0.17711446153846155
-0.13309661538461537
-0.07259815384615384
-0.003755076923076923
0.07405846153846153
0.14039815384615384
0.17419384615384614
0.17961784615384613
0.14290153846153844
0.07739630769230768
0.003129230769230769
-0.07092923076923077
-0.12099692307692309
-0.15395815384615386
-0.1597993846153846
-0.1358086153846154
-0.09554584615384615
-0.02482523076923077
0.047772923076923074
0.11286092307692308
0.1691870769230769
0.1992276923076923
0.21591692307692306
0.21028430769230766
0.19568123076923075
0.16689230769230767
0.12683815384615382
0.0961716923076923
0.07677046153846154
0.07343261538461537
0.06216738461538462
0.041514461538461535
0.017732307692307693
-0.0029206153846153843
-0.015228923076923076
-0.028163076923076923
-0.03483876923076923
-0.03483876923076923
-0.03504738461538461
-0.021278769230769233
0.01272553846153846
0.05799507692307692
0.11035753846153845
0.15667015384615385
0.19150892307692308
0.21237046153846154
0.20694646153846152
0.18086953846153844
0.13768615384615385
0.084072
0.03150092307692308
-0.024408000000000003
-0.07259815384615384
-0.11160923076923077
-0.14749107692307692
-0.17023015384615386
-0.16981292307692308
-0.14853415384615384
-0.11807630769230769
-0.08073415384615384
-0.040679999999999994
0.005632615384615384
0.05194523076923077
0.08845292307692308
0.10597661538461538
0.09763200000000001
0.07113784615384615
0.028163076923076923
-0.015854769230769228
-0.06279323076923077
-0.11244369230769231
-0.15291507692307693
-0.1846246153846154
-0.18921415384615384
-0.1696043076923077
-0.1341396923076923
-0.08657538461538461
-0.034630153846153845
0.015646153846153844
0.05778646153846154
0.08615815384615384
0.09825784615384614
0.0880356923076923
0.046104
-0.004798153846153846
-0.061124307692307686
-0.10806276923076923
-0.13914646153846155
-0.16647507692307692
-0.1635544615384615
-0.14185846153846154
-0.09930092307692308
-0.033169846153846154
0.03421292307692308
0.09846646153846153
0.14311015384615386
0.17231630769230769
0.184416
0.16981292307692308
0.12850707692307692
0.06446215384615385
-0.0002086153846153846
-0.05382276923076923
-0.09325107692307691
-0.11807630769230769
-0.12433476923076923
-0.10994030769230768
-0.07489292307692308
-0.027745846153846152
0.024199384615384616
0.06717415384615384
0.08761846153846153
0.10159569230769232
0.11286092307692308
0.12683815384615382
0.1316363076923077
0.119328
0.10117846153846152
0.07468430769230769
0.04902461538461538
0.027745846153846152
0.014603076923076923
0.012308307692307691
0.013560000000000001
0.013768615384615384
0.007301538461538462
-0.005215384615384615
-0.02273907692307692
-0.047981538461538464
-0.07343261538461537
-0.0855323076923077
-0.08761846153846153
-0.07489292307692308
-0.04672984615384615
-0.024616615384615383
-0.008136
-0.002086153846153846
-0.012934153846153845
-0.03692492307692308
-0.08469784615384615
-0.14331876923076922
-0.20235692307692305
-0.24616615384615384
-0.2532590769230769
-0.22801661538461537
-0.1733593846153846
-0.09387692307692307
-0.0016689230769230767
0.10389046153846154
0.18483323076923078
0.23364923076923078
0.24053353846153847
0.20360861538461536
0.14936861538461538
0.03838523076923077
-0.06988615384615385
-0.16251138461538459
-0.21925476923076925
-0.2140393846153846
-0.18337292307692307
-0.11745046153846153
-0.006258461538461538
0.1178676923076923
0.32669169230769235
0.5732750769230769
0.5645132307692308
0.536976
0.46104
0.30979384615384614
0.3285692307692308
0.08490646153846154
-0.2157083076923077
-0.4581193846153846
-0.6567212307692307
-0.5507446153846154
-0.4917064615384615
-0.355272
-0.25117292307692307
-0.12204
0.22864246153846152
0.4470627692307692
0.6732018461538462
0.6458732307692308
0.4541556923076923
0.3686233846153846
0.10722830769230769
-0.016897846153846156
-0.19296923076923078
-0.4418473846153846
-0.44643692307692306
-0.566808
-0.49003753846153847
-0.279336
-0.1787833846153846
0.1151556923076923
0.22989415384615383
0.2805876923076923
0.40513107692307687
0.38593846153846156
0.46896738461538456
0.42953907692307686
0.25972615384615383
0.11974523076923077
-0.06592246153846154
-0.07781353846153846
-0.09992676923076924
-0.18128676923076922
-0.2127876923076923
-0.2803790769230769
-0.17231630769230769
-0.03212676923076923
0.019192615384615384
0.11599015384615384
0.10514215384615383
0.1506203076923077
0.27432923076923077
0.2858030769230769
0.34630153846153844
0.33649661538461534
0.2716172307692308
0.28434276923076923
0.2138307692307692
0.14060676923076923
0.045895384615384616
-0.10910584615384614
-0.21612553846153845
-0.32001599999999997
-0.37321292307692305
-0.3738387692307692
-0.317304
-0.22947692307692308
-0.18712800000000002
-0.05757784615384615
0.08720123076923077
0.2125790769230769
0.3646596923076923
0.36674584615384614
0.336288
0.2926873846153846
0.16292861538461537
0.06800861538461538
-0.11452984615384615
-0.29602523076923076
-0.39678646153846153
-0.485448
-0.46396061538461536
-0.4145187692307692
-0.31062830769230765
-0.10389046153846154
0.09471138461538461
0.2751636923076923
0.3748818461538461
0.4385095384615385
0.48398769230769234
0.4188996923076923
0.3277347692307692
0.1666836923076923
-0.02357353846153846
-0.11807630769230769
-0.23761292307692305
-0.30290953846153845
-0.28851507692307693
-0.28392553846153845
-0.1691870769230769
-0.049233230769230765
0.03880246153846154
0.15395815384615386
0.20298276923076922
0.24053353846153847
0.23385784615384617
0.16480615384615382
0.07969107692307692
-0.033169846153846154
-0.1136953846153846
-0.1779489230769231
-0.22008923076923076
-0.241368
-0.28121353846153846
-0.24199384615384617
-0.17315076923076922
-0.10848000000000001
-0.015437538461538461
0.0006258461538461538
0.029623384615384614
0.08240307692307691
0.07969107692307692
0.08615815384615384
0.03504738461538461
-0.030040615384615384
-0.01856676923076923
0.005215384615384615
0.056951999999999996
0.10681107692307691
0.12934153846153845
0.17586276923076924
0.20173107692307693
0.22572184615384616
0.23218892307692307
0.18545907692307692
0.12558646153846154
0.021904615384615383
-0.04819015384615385
-0.06988615384615385
-0.0717636923076923
-0.006258461538461538
0.024199384615384616
0.046104
0.10430769230769231
0.14749107692307692
0.22989415384615383
0.26076923076923075
0.19735015384615384
0.12996738461538462
0.055491692307692304
0.02044430769230769
-0.0016689230769230767
-0.056326153846153845
-0.119328
-0.17440246153846153
-0.16710092307692306
-0.12433476923076923
-0.07843938461538462
-0.03212676923076923
-0.018358153846153843
0.011682461538461537
0.05277969230769231
0.06446215384615385
0.07072061538461538
0.03609046153846154
-0.02586830769230769
-0.07948246153846153
-0.13393107692307693
-0.1462393846153846
-0.13810338461538463
-0.13518276923076925
-0.11703323076923078
-0.09909230769230769
-0.043392
0.03442153846153846
0.09012184615384615
0.111192
0.07802215384615384
0.041514461538461535
0.017940923076923077
0.010848
0.007301538461538462
-0.029623384615384614
-0.05319692307692307
-0.0446436923076923
-0.0008344615384615384
0.06717415384615384
0.10096984615384616
0.11953661538461538
0.1489513846153846
0.17023015384615386
0.19693292307692306
0.19985353846153847
0.15959076923076923
0.12037107692307693
0.07134646153846153
0.03129230769230769
0.005424
-0.03984553846153846
-0.07656184615384615
-0.10722830769230769
-0.12266584615384615
-0.12245723076923076
-0.11265230769230769
-0.09679753846153846
-0.09533723076923077
-0.0880356923076923
-0.0771876923076923
-0.07155507692307693
-0.06487938461538462
-0.06988615384615385
-0.08469784615384615
-0.1028473846153846
-0.13247076923076923
-0.1341396923076923
-0.11578153846153846
-0.09533723076923077
-0.06467076923076923
-0.055491692307692304
-0.03629907692307692
-0.011056615384615385
0.0016689230769230767
0.021904615384615383
0.03921969230769231
0.059664
0.07238953846153846
0.08240307692307691
0.10055261538461538
0.10848000000000001
0.12204
0.1314276923076923
0.12245723076923076
0.10681107692307691
0.07426707692307692
0.043600615384615383
0.027745846153846152
0.010013538461538461
-0.0050067692307692304
-0.018983999999999997
-0.03755076923076923
-0.03150092307692308
-0.0014603076923076922
0.02044430769230769
0.03296123076923077
0.03880246153846154
0.049233230769230765
0.06738276923076922
0.07781353846153846
0.07927384615384615
0.07092923076923077
0.04631261538461538
0.015228923076923076
-0.010222153846153844
-0.03984553846153846
-0.06988615384615385
-0.09074769230769231
-0.10576799999999999
-0.11056615384615384
-0.09512861538461538
-0.05924676923076923
-0.00855323076923077
0.04985907692307692
0.09721476923076922
0.13622584615384614
0.17398523076923075
0.19526400000000002
0.19693292307692306
0.1696043076923077
0.12496061538461539
0.07614461538461538
0.035464615384615386
-0.0022947692307692304
-0.06300184615384616
-0.11265230769230769
-0.13810338461538463
-0.13330523076923076
-0.09554584615384615
-0.04735569230769231
0.004798153846153846
0.05674338461538461
0.10493353846153847
0.14916
0.16772676923076923
0.14185846153846154
0.09095630769230768
0.015854769230769228
-0.05924676923076923
-0.10910584615384614
-0.1506203076923077
-0.1846246153846154
-0.1940123076923077
-0.17085599999999998
-0.10764553846153846
-0.01981846153846154
0.05945538461538461
0.12579507692307693
0.1693956923076923
0.1923433846153846
0.19651569230769228
0.1800350769230769
0.13601723076923075
0.06613107692307692
-0.0070929230769230765
-0.07781353846153846
-0.12162276923076921
-0.13998092307692306
-0.14811692307692306
-0.12725538461538463
-0.09325107692307691
-0.047772923076923074
0.012099692307692308
0.052571076923076915
0.07155507692307693
0.07051199999999999
0.05590892307692308
0.04756430769230769
0.04318338461538461
0.028163076923076923
0.003963692307692307
-0.018358153846153843
-0.03421292307692308
-0.025033846153846153
-0.0018775384615384615
0.007301538461538462
0.01856676923076923
0.032544
0.04965046153846154
0.08010830769230769
0.09846646153846153
0.10660246153846153
0.1136953846153846
0.1097316923076923
0.11599015384615384
0.13643446153846153
0.14582215384615385
0.14394461538461537
0.13747753846153846
0.1218313846153846
0.11348676923076922
0.10263876923076923
0.07656184615384615
0.042557538461538466
0.0016689230769230767
-0.03400430769230769
-0.05778646153846154
-0.0717636923076923
-0.08386338461538462
-0.08740984615384616
-0.07405846153846153
-0.040679999999999994
0.013351384615384614
0.065088
0.10618523076923077
0.138312
0.1489513846153846
0.14749107692307692
0.12266584615384615
0.06383630769230769
-0.0077187692307692304
-0.09179076923076923
-0.16021661538461537
-0.19359507692307693
-0.19755876923076923
-0.1718990769230769
-0.12621230769230768
-0.06008123076923077
0.02357353846153846
0.10743692307692307
0.17899199999999998
0.21800307692307694
0.2127876923076923
0.17711446153846155
0.11140061538461538
0.030875076923076922
-0.06049846153846154
-0.1637630769230769
-0.24637476923076923
-0.30583015384615386
-0.31834707692307695
-0.27412061538461535
-0.21174461538461536
-0.124752
-0.03233538461538461
0.05277969230769231
0.12788123076923075
0.17544553846153846
0.18545907692307692
0.14540492307692307
0.084072
0.01710646153846154
-0.05277969230769231
-0.11223507692307692
-0.157296
-0.1712732307692308
-0.143736
-0.0826116923076923
0.013351384615384614
0.10910584615384614
0.1783661538461538
0.23218892307692307
0.26306399999999996
0.27182584615384614
0.25054707692307693
0.18379015384615385
0.092208
-0.005632615384615384
-0.08699261538461538
-0.12808984615384614
-0.13852061538461538
-0.12120553846153845
-0.08198584615384615
-0.030875076923076922
0.03755076923076923
0.11265230769230769
0.16501476923076921
0.1710646153846154
0.14081538461538462
0.086784
0.026911384615384615
-0.024408000000000003
-0.08323753846153846
-0.13747753846153846
-0.17502830769230768
-0.19380369230769232
-0.17377661538461536
-0.12162276923076921
-0.07009476923076922
-0.029832
-0.002086153846153846
0.018775384615384614
0.042974769230769226
0.05799507692307692
0.059872615384615385
0.05570030769230769
0.045895384615384616
0.042974769230769226
0.05590892307692308
0.07218092307692307
0.0744756923076923
0.06654830769230768
0.06362769230769232
0.06717415384615384
0.08699261538461538
0.08761846153846153
0.07614461538461538
0.06717415384615384
0.05319692307692307
0.042348923076923076
-0.005215384615384615
-0.06049846153846154
-0.13309661538461537
-0.20319138461538463
-0.2643156923076923
-0.3004061538461538
-0.29080984615384614
-0.23969907692307693
-0.11432123076923076
0.08949599999999999
0.36549415384615386
0.5334295384615384
0.6988615384615385
0.8213187692307692
0.8338356923076924
0.8336270769230769
0.6293926153846153
0.3636166153846153
-0.003755076923076923
-0.3909452307692307
-0.6746621538461538
-0.9859163076923078
-1.1473846153846152
-1.2327083076923075
-1.139665846153846
-0.8196498461538462
-0.4145187692307692
0.14164984615384615
0.625428923076923
1.0236756923076924
1.3284627692307691
1.4035643076923077
1.34244
1.0480836923076924
0.5943452307692307
0.09199938461538461
-0.5144455384615384
-0.9771544615384615
-1.2731796923076923
-1.427555076923077
-1.341396923076923
-1.1571895384615385
-0.823404923076923
-0.3915710769230769
0.06049846153846154
0.5615926153846154
0.9404381538461539
1.1740873846153845
1.2658781538461539
1.209552
1.0572627692307692
0.7397501538461538
0.31688676923076925
-0.14686523076923075
-0.6152067692307692
-0.9450276923076923
-1.1584412307692307
-1.2391753846153846
-1.1703323076923076
-1.017
-0.7353692307692308
-0.3684147692307692
0.015854769230769228
0.4111809230769231
0.7276504615384615
0.955667076923077
1.1056615384615385
1.1165095384615384
1.0128276923076922
0.7739630769230769
0.42182030769230766
0.015437538461538461
-0.409512
-0.7693735384615384
-1.0505870769230767
-1.2087175384615385
-1.239384
-1.1469673846153845
-0.8601212307692307
-0.4460196923076923
0.04214030769230769
0.5626356923076923
0.9963470769230769
1.3238732307692307
1.4941033846153846
1.483464
1.3109390769230769
0.9456535384615384
0.4775206153846153
-0.03337846153846154
-0.5319692307692307
-0.9323021538461538
-1.2222775384615383
-1.3459864615384614
-1.2823587692307694
-1.0482923076923076
-0.6652744615384616
-0.19985353846153847
0.31250584615384613
0.8040036923076923
1.1772166153846153
1.4121175384615385
1.4578043076923077
1.3042633846153846
1.0042744615384616
0.5665993846153846
0.0828203076923077
-0.3838523076923077
-0.7967021538461538
-1.0704055384615385
-1.2108036923076921
-1.1934886153846154
-1.0134535384615384
-0.7199316923076924
-0.3412947692307692
0.04693846153846153
0.4053396923076923
0.6930203076923077
0.880356923076923
0.9775716923076923
0.9571273846153846
0.8332098461538461
0.6141636923076923
0.3195987692307692
0.026702769230769228
-0.25513661538461535
-0.4877427692307692
-0.6381544615384616
-0.7307796923076922
-0.729528
-0.6323132307692307
-0.4612486153846154
-0.23677846153846152
-0.0029206153846153843
0.22697353846153845
0.43475446153846153
0.5976830769230769
0.6894738461538461
0.6923944615384616
0.6137464615384616
0.47063630769230763
0.28851507692307693
0.086784
-0.12621230769230768
-0.3212676923076923
-0.4821101538461538
-0.6045673846153846
-0.648168
-0.6293926153846153
-0.5517876923076923
-0.40283630769230766
-0.2261390769230769
-0.022530461538461537
0.19213476923076922
0.3846867692307692
0.5530393846153846
0.6512972307692307
0.6686123076923077
0.6250116923076923
0.5144455384615384
0.35610646153846154
0.15875630769230767
-0.06321046153846153
-0.2780843076923077
-0.4524867692307692
-0.553248
-0.584123076923077
-0.5411483076923076
-0.42891323076923077
-0.2845513846153846
-0.103056
0.08240307692307691
0.2422024615384615
0.371544
0.43475446153846153
0.4478972307692307
0.4022104615384615
0.301032
0.1760713846153846
0.027745846153846152
-0.119328
-0.25159015384615385
-0.3538116923076923
-0.40387938461538464
-0.40283630769230766
-0.35464615384615383
-0.2768326153846154
-0.18316430769230768
-0.07343261538461537
0.027745846153846152
0.11348676923076922
0.1792006153846154
0.19818461538461538
0.19046584615384615
0.1597993846153846
0.11745046153846153
0.07572738461538461
0.011265230769230769
-0.03483876923076923
-0.05924676923076923
-0.07593599999999999
-0.07906523076923076
-0.09012184615384615
-0.09053907692307692
-0.07739630769230768
-0.06821723076923077
-0.0448523076923077
-0.022947692307692308
-0.006049846153846154
0.014394461538461538
0.031709538461538456
0.06863446153846153
0.1028473846153846
0.1314276923076923
0.16021661538461537
0.1718990769230769
0.18128676923076922
0.16188553846153847
0.10994030769230768
0.04839876923076923
-0.023364923076923075
-0.08490646153846154
-0.14582215384615385
-0.19651569230769228
-0.21237046153846154
-0.21299630769230768
-0.19004861538461537
-0.13622584615384614
-0.06467076923076923
0.019609846153846155
0.09387692307692307
0.16480615384615382
0.22718215384615387
0.2572227692307692
0.25054707692307693
0.2125790769230769
0.15813046153846153
0.07948246153846153
-0.0016689230769230767
-0.05736923076923077
-0.10347323076923076
-0.14978584615384616
-0.17690584615384616
-0.1802436923076923
-0.1531236923076923
-0.09950953846153845
-0.04109723076923077
0.030875076923076922
0.09721476923076922
0.1585476923076923
0.2207150769230769
0.27453784615384613
0.3216849230769231
0.3402516923076923
0.34046030769230773
0.31834707692307695
0.27140861538461536
0.20465169230769228
0.10555938461538462
0.008970461538461538
-0.06988615384615385
-0.13267938461538462
-0.15959076923076923
-0.16647507692307692
-0.15187199999999998
-0.11494707692307692
-0.07280676923076923
-0.0002086153846153846
0.08052553846153847
0.14582215384615385
0.19505538461538463
0.21028430769230766
0.20173107692307693
0.16480615384615382
0.09804923076923076
0.02273907692307692
-0.06487938461538462
-0.15333230769230768
-0.22008923076923076
-0.2641070769230769
-0.27328615384615385
-0.260352
-0.23406646153846156
-0.17732307692307692
-0.09596307692307693
0.003755076923076923
0.09429415384615383
0.1489513846153846
0.1775316923076923
0.17398523076923075
0.1570873846153846
0.13267938461538462
0.09283384615384616
0.049233230769230765
0.0006258461538461538
-0.03984553846153846
-0.06529661538461538
-0.07531015384615385
-0.07238953846153846
-0.06008123076923077
-0.02899753846153846
0.011682461538461537
0.04860738461538461
0.07927384615384615
0.09033046153846153
0.0855323076923077
0.07364123076923076
0.052153846153846155
0.029414769230769227
0.0012516923076923076
-0.03629907692307692
-0.08073415384615384
-0.12496061538461539
-0.14999446153846155
-0.16981292307692308
-0.17982646153846152
-0.17231630769230769
-0.1693956923076923
-0.15228923076923076
-0.13038461538461538
-0.11140061538461538
-0.09575446153846154
-0.09596307692307693
-0.08991323076923076
-0.07593599999999999
-0.05757784615384615
-0.03379569230769231
-0.016063384615384615
0.005424
0.040054153846153843
0.08177723076923075
0.1358086153846154
0.17148184615384612
0.18545907692307692
0.18504184615384617
0.157296
0.12162276923076921
0.07134646153846153
0.01981846153846154
-0.03024923076923077
-0.07238953846153846
-0.07906523076923076
-0.05716061538461538
-0.012099692307692308
0.052153846153846155
0.12808984615384614
0.22467876923076924
0.3239796923076923
0.39344861538461534
0.4314166153846154
0.42077723076923074
0.3713353846153846
0.29331323076923077
0.19317784615384614
0.08866153846153846
-0.02545107692307692
-0.12975876923076923
-0.214248
-0.2568055384615385
-0.24595753846153845
-0.19755876923076923
-0.124752
-0.04109723076923077
0.061124307692307686
0.16292861538461537
0.24449723076923074
0.2822566153846154
0.26911384615384615
0.208824
0.12099692307692309
0.03483876923076923
-0.056326153846153845
-0.13643446153846153
-0.20360861538461536
-0.24491446153846153
-0.2422024615384615
-0.20632061538461538
-0.14144123076923076
-0.06821723076923077
0.0004172307692307692
0.05590892307692308
0.10138707692307691
0.13330523076923076
0.13121907692307694
0.09825784615384614
0.042557538461538466
-0.02357353846153846
-0.07823076923076923
-0.12162276923076921
-0.15187199999999998
-0.165432
-0.16418030769230768
-0.13205353846153844
-0.07197230769230768
0.002086153846153846
0.06279323076923077
0.09012184615384615
0.09596307692307693
0.08386338461538462
0.05862092307692307
0.026494153846153844
-0.019192615384615384
-0.06592246153846154
-0.1045163076923077
-0.12245723076923076
-0.11202646153846153
-0.09450276923076922
-0.07739630769230768
-0.06529661538461538
-0.04714707692307692
-0.014394461538461538
0.01981846153846154
0.04860738461538461
0.058829538461538454
0.05528307692307692
0.04672984615384615
0.03713353846153846
0.021904615384615383
-0.0006258461538461538
-0.027328615384615382
-0.051528
-0.055491692307692304
-0.03379569230769231
0.008761846153846153
0.048816000000000005
0.0897046153846154
0.13330523076923076
0.18379015384615385
0.2205064615384615
0.21508246153846153
0.1802436923076923
0.11765907692307691
0.05736923076923077
0.016063384615384615
-0.015854769230769228
-0.040679999999999994
-0.06821723076923077
-0.08782707692307692
-0.084072
-0.06487938461538462
-0.04130584615384615
-0.027120000000000002
-0.02357353846153846
-0.015020307692307692
0.006675692307692307
0.03379569230769231
0.061124307692307686
0.07113784615384615
0.05778646153846154
0.028163076923076923
-0.0006258461538461538
-0.02586830769230769
-0.06717415384615384
-0.11724184615384614
-0.1794092307692308
-0.22467876923076924
-0.2517987692307692
-0.25346769230769234
-0.21883753846153844
-0.1693956923076923
-0.07593599999999999
0.02858030769230769
0.12642092307692307
0.2422024615384615
0.36445107692307693
0.42703569230769234
0.4268270769230769
0.37425600000000003
0.2588916923076923
0.11911938461538461
-0.037342153846153844
-0.1504116923076923
-0.2937304615384615
-0.38719015384615385
-0.3984553846153846
-0.37967999999999996
-0.24199384615384617
-0.11202646153846153
0.059038153846153844
0.21675138461538462
0.3452584615384615
0.48565661538461535
0.5010941538461539
0.47001046153846154
0.32502276923076917
0.11286092307692308
-0.08094276923076923
-0.30895938461538464
-0.43809230769230767
-0.5134024615384616
-0.5373932307692307
-0.442056
-0.3049956923076923
-0.09512861538461538
0.12245723076923076
0.29414769230769233
0.4698018461538461
0.5282141538461538
0.5075612307692308
0.44643692307692306
0.2997803076923077
0.16626646153846153
0.003755076923076923
-0.14185846153846154
-0.24074215384615386
-0.32836061538461536
-0.31208861538461535
-0.23969907692307693
-0.13101046153846155
0.019609846153846155
0.14832553846153845
0.2768326153846154
0.3744646153846154
0.41493599999999997
0.41493599999999997
0.34066892307692304
0.24449723076923074
0.14749107692307692
0.031709538461538456
-0.045895384615384616
-0.08991323076923076
-0.09909230769230769
-0.09179076923076923
-0.09784061538461537
-0.07384984615384615
-0.059872615384615385
-0.06279323076923077
-0.05507446153846154
-0.0609156923076923
-0.04735569230769231
-0.033169846153846154
-0.016897846153846156
0.022947692307692308
0.04714707692307692
0.06383630769230769
0.06279323076923077
0.06321046153846153
0.06383630769230769
0.018358153846153843
-0.02482523076923077
-0.07155507692307693
-0.1368516923076923
-0.18107815384615383
-0.21153599999999997
-0.2127876923076923
-0.1992276923076923
-0.1656406153846154
-0.0880356923076923
0.0006258461538461538
0.11181784615384616
0.21821169230769227
0.28204799999999997
0.3072904615384615
0.27599815384615384
0.20319138461538463
0.11244369230769231
-0.0043809230769230765
-0.12704676923076924
-0.2411593846153846
-0.32836061538461536
-0.3502652307692307
-0.3156350769230769
-0.22447015384615385
-0.09700615384615385
0.035255999999999996
0.18253846153846154
0.30854215384615385
0.3915710769230769
0.4276615384615384
0.3942830769230769
0.31188
0.18358153846153846
0.01940123076923077
-0.13476553846153844
-0.27474646153846155
-0.3805144615384615
-0.4276615384615384
-0.42015138461538465
-0.34651015384615386
-0.2290596923076923
-0.06946892307692307
0.10764553846153846
0.249504
0.355272
0.40387938461538464
0.39866399999999996
0.3392086153846154
0.2275993846153846
0.10076123076923077
-0.040054153846153843
-0.1666836923076923
-0.24574892307692306
-0.2799618461538461
-0.26681907692307694
-0.21529107692307692
-0.13455692307692307
-0.01981846153846154
0.10389046153846154
0.21111876923076925
0.2912270769230769
0.32001599999999997
0.3072904615384615
0.2638984615384615
0.19547261538461536
0.1316363076923077
0.06425353846153846
0.0077187692307692304
-0.023364923076923075
-0.03775938461538462
-0.024408000000000003
0.006049846153846154
0.05236246153846154
0.09137353846153846
0.09763200000000001
0.09241661538461539
0.07155507692307693
0.04693846153846153
0.01814953846153846
-0.024408000000000003
-0.05674338461538461
-0.07969107692307692
-0.07531015384615385
-0.05799507692307692
-0.047772923076923074
-0.042974769230769226
-0.051319384615384614
-0.05111076923076923
-0.04631261538461538
-0.040054153846153843
-0.03275261538461539
-0.03755076923076923
-0.04380923076923077
-0.044435076923076924
-0.03880246153846154
-0.017940923076923077
0.005215384615384615
0.026285538461538457
0.05027630769230769
0.06216738461538462
0.07760492307692309
0.09554584615384615
0.10076123076923077
0.08991323076923076
0.06008123076923077
0.03629907692307692
0.02586830769230769
0.016063384615384615
0.011265230769230769
0.016272
0.03358707692307692
0.05674338461538461
0.08594953846153845
0.11202646153846153
0.10806276923076923
0.08094276923076923
0.042348923076923076
-0.0004172307692307692
-0.04088861538461538
-0.08156861538461539
-0.11557292307692307
-0.13476553846153844
-0.12996738461538462
-0.08699261538461538
-0.022947692307692308
0.04714707692307692
0.12350030769230769
0.18983999999999998
0.23844738461538462
0.25513661538461535
0.2273907692307692
0.1558356923076923
0.04944184615384615
-0.07969107692307692
-0.19818461538461538
-0.29039261538461536
-0.3481790769230769
-0.35986153846153845
-0.3346190769230769
-0.25138153846153843
-0.12454338461538461
0.015854769230769228
0.16188553846153847
0.2768326153846154
0.35193415384615384
0.3686233846153846
0.31626092307692305
0.22447015384615385
0.0798996923076923
-0.0855323076923077
-0.24011630769230768
-0.3717526153846154
-0.4466455384615384
-0.4758516923076923
-0.4453938461538462
-0.3479704615384615
-0.206112
-0.02586830769230769
0.1570873846153846
0.30332676923076923
0.40450523076923073
0.4470627692307692
0.4345458461538461
0.3698750769230769
0.25200738461538463
0.11348676923076922
-0.034630153846153845
-0.1696043076923077
-0.2618123076923077
-0.30979384615384614
-0.30895938461538464
-0.27286892307692306
-0.20381723076923075
-0.111192
-0.007927384615384614
0.09784061538461537
0.18483323076923078
0.24908676923076922
0.28350830769230767
0.2868461538461538
0.2647329230769231
0.22029784615384615
0.1476996923076923
0.054240000000000003
-0.04944184615384615
-0.14269292307692305
-0.21007569230769232
-0.2620209230769231
-0.2805876923076923
-0.2828824615384615
-0.2647329230769231
-0.21111876923076925
-0.14665661538461539
-0.07280676923076923
0.0070929230769230765
0.08782707692307692
0.1570873846153846
0.21195323076923075
0.25200738461538463
0.26348123076923075
0.24303692307692307
0.1910916923076923
0.12391753846153845
0.04631261538461538
-0.04172307692307692
-0.12329169230769231
-0.18858830769230767
-0.21800307692307694
-0.2073636923076923
-0.16105107692307694
-0.08490646153846154
0.009387692307692307
0.103056
0.19004861538461537
0.26097784615384617
0.29873723076923075
0.3039526153846154
0.2588916923076923
0.17377661538461536
0.06842584615384616
-0.04693846153846153
-0.15333230769230768
-0.24720923076923076
-0.31646953846153847
-0.3437981538461538
-0.3312812307692308
-0.2851772307692308
-0.21758584615384616
-0.13706030769230768
-0.05090215384615384
0.032544
0.1097316923076923
0.16438892307692307
0.19338646153846153
0.1873366153846154
0.1506203076923077
0.10910584615384614
0.06842584615384616
0.01940123076923077
-0.03671630769230769
-0.09262523076923077
-0.12579507692307693
-0.124752
-0.100344
-0.05444861538461539
0.0025033846153846152
0.05924676923076923
0.10430769230769231
0.14749107692307692
0.18066092307692305
0.19004861538461537
0.17669723076923077
0.1314276923076923
0.0798996923076923
0.024199384615384616
-0.03942830769230769
-0.09262523076923077
-0.13914646153846155
-0.1635544615384615
-0.16021661538461537
-0.12704676923076924
-0.05924676923076923
0.013560000000000001
0.07343261538461537
0.12558646153846154
0.1696043076923077
0.19735015384615384
0.20173107692307693
0.18191261538461537
0.13998092307692306
0.092208
0.05194523076923077
0.016897846153846156
-0.010848
-0.03880246153846154
-0.05716061538461538
-0.058412307692307694
-0.042348923076923076
-0.009596307692307692
0.023364923076923075
0.050067692307692306
0.07343261538461537
0.1028473846153846
0.13080184615384613
0.14936861538461538
0.15145476923076923
0.13455692307692307
0.11098338461538461
0.07489292307692308
0.03921969230769231
-0.008136
-0.06946892307692307
-0.12725538461538463
-0.1760713846153846
-0.20277415384615383
-0.21174461538461536
-0.20486030769230767
-0.18066092307692305
-0.13267938461538462
-0.058829538461538454
0.03629907692307692
0.14060676923076923
0.2225926153846154
0.26786215384615386
0.28163076923076924
0.2582658461538461
0.200688
0.11077476923076923
-0.0077187692307692304
-0.130176
-0.23093723076923076
-0.2912270769230769
-0.3012406153846154
-0.26640184615384616
-0.19526400000000002
-0.0892873846153846
0.0448523076923077
0.1913003076923077
0.309168
0.37738523076923075
0.3873987692307692
0.34358953846153845
0.28121353846153846
0.19380369230769232
0.08636676923076922
-0.03129230769230769
-0.14916
-0.22864246153846152
-0.26306399999999996
-0.2509643076923077
-0.19797599999999999
-0.13247076923076923
-0.054240000000000003
0.03859384615384615
0.13768615384615385
0.22467876923076924
0.2774584615384615
0.29832
0.2947735384615384
0.28100492307692304
0.26786215384615386
0.25138153846153843
0.21716861538461538
0.1656406153846154
0.10597661538461538
0.06133292307692308
0.03984553846153846
0.02023569230769231
0.0025033846153846152
-0.023782153846153845
-0.04756430769230769
-0.05382276923076923
-0.04839876923076923
-0.029206153846153847
-0.012516923076923077
0.008136
0.044435076923076924
0.09512861538461538
0.15646153846153846
0.1927606153846154
0.19964492307692308
0.17085599999999998
0.116616
0.04735569230769231
-0.045895384615384616
-0.15333230769230768
-0.27453784615384613
-0.3721698461538462
-0.4170221538461538
-0.40033292307692303
-0.3344104615384615
-0.24908676923076922
-0.16584923076923075
-0.09325107692307691
-0.02482523076923077
0.08428061538461538
0.21466523076923077
0.32231076923076923
0.43350276923076925
0.4779378461538461
0.5058923076923076
0.5086043076923077
0.44414215384615385
0.3573581538461538
0.17085599999999998
-0.03212676923076923
-0.23469230769230767
-0.36382523076923073
-0.4476886153846154
-0.5409396923076923
-0.5219556923076923
-0.47960676923076917
-0.3049956923076923
-0.06049846153846154
0.15667015384615385
0.3750904615384615
0.48628246153846155
0.5595064615384615
0.5384363076923077
0.4078430769230769
0.20673784615384616
-0.06946892307692307
-0.31918153846153846
-0.5471981538461539
-0.7001132307692307
-0.7570652307692307
-0.7349519999999999
-0.5905901538461539
-0.384060923076923
-0.13121907692307694
0.11682461538461539
0.3039526153846154
0.46396061538461536
0.5319692307692307
0.5069353846153847
0.4453938461538462
0.3248141538461538
0.20193969230769232
0.07072061538461538
-0.07343261538461537
-0.1908830769230769
-0.29685969230769227
-0.36570276923076916
-0.4053396923076923
-0.41973415384615387
-0.4105550769230769
-0.36445107692307693
-0.26118646153846153
-0.14290153846153844
-0.01981846153846154
0.08866153846153846
0.1710646153846154
0.2526332307692308
0.3004061538461538
0.30061476923076924
0.2709913846153846
0.20819815384615384
0.12829846153846153
0.05319692307692307
-0.04631261538461538
-0.15792184615384616
-0.24700061538461537
-0.33649661538461534
-0.368832
-0.35047384615384614
-0.3060387692307692
-0.20798953846153845
-0.07405846153846153
0.09784061538461537
0.2699483076923077
0.4163963076923077
0.5129852307692307
0.5390621538461537
0.49045476923076925
0.3615304615384615
0.19505538461538463
0.021070153846153846
-0.14728246153846153
-0.2899753846153846
-0.3980381538461538
-0.4387181538461538
-0.3957433846153846
-0.3045784615384615
-0.17502830769230768
-0.03337846153846154
0.09554584615384615
0.21967199999999998
0.32189353846153845
0.37613353846153846
0.3669544615384615
0.30937661538461536
0.222384
0.124752
0.01856676923076923
-0.09304246153846155
-0.1794092307692308
-0.22196676923076922
-0.22342707692307692
-0.18712800000000002
-0.10764553846153846
-0.006049846153846154
0.10493353846153847
0.19213476923076922
0.24178523076923078
0.27140861538461536
0.2563883076923077
0.21111876923076925
0.15771323076923077
0.0853236923076923
0.013351384615384614
-0.04652123076923077
-0.08949599999999999
-0.10535076923076922
-0.10368184615384615
-0.10138707692307691
-0.09909230769230769
-0.0853236923076923
-0.08177723076923075
-0.0880356923076923
-0.10514215384615383
-0.13706030769230768
-0.15416676923076922
-0.16480615384615382
-0.15938215384615384
-0.12433476923076923
-0.08866153846153846
-0.051528
-0.006049846153846154
0.040679999999999994
0.0853236923076923
0.11891076923076922
0.13393107692307693
0.13393107692307693
0.1207883076923077
0.08240307692307691
0.03567323076923076
-0.0050067692307692304
-0.03942830769230769
-0.06487938461538462
-0.07948246153846153
-0.07551876923076924
-0.05236246153846154
-0.003963692307692307
0.042557538461538466
0.08073415384615384
0.10389046153846154
0.10076123076923077
0.10243015384615384
0.10618523076923077
0.10868861538461538
0.11265230769230769
0.1028473846153846
0.10514215384615383
0.12683815384615382
0.13893784615384613
0.1424843076923077
0.12558646153846154
0.0853236923076923
0.027120000000000002
-0.042557538461538466
-0.10660246153846153
-0.1656406153846154
-0.20819815384615384
-0.22843384615384613
-0.21925476923076925
-0.16292861538461537
-0.06967753846153846
0.04401784615384615
0.16167692307692308
0.2620209230769231
0.34004307692307695
0.3873987692307692
0.3949089230769231
0.35986153846153845
0.26494153846153845
0.12579507692307693
-0.018775384615384614
-0.15562707692307692
-0.25805723076923076
-0.32085046153846153
-0.34880492307692307
-0.32043323076923075
-0.24053353846153847
-0.12579507692307693
0.02044430769230769
0.16313723076923078
0.2768326153846154
0.3642424615384615
0.41076369230769233
0.40596553846153843
0.3412947692307692
0.22154953846153846
0.07405846153846153
-0.06759138461538462
-0.1860849230769231
-0.27328615384615385
-0.3198073846153846
-0.33065538461538463
-0.2920615384615385
-0.20444307692307692
-0.0892873846153846
0.04672984615384615
0.17419384615384614
0.2709913846153846
0.32627446153846157
0.34630153846153844
0.3369138461538461
0.28893230769230765
0.21216184615384615
0.10597661538461538
-0.010222153846153844
-0.11432123076923076
-0.19442953846153843
-0.24512307692307692
-0.2734947692307692
-0.28851507692307693
-0.2803790769230769
-0.23656984615384613
-0.1794092307692308
-0.11390399999999999
-0.059038153846153844
-0.01397723076923077
0.04109723076923077
0.08907876923076924
0.13518276923076925
0.16626646153846153
0.18212123076923076
0.18545907692307692
0.17440246153846153
0.1612596923076923
0.12704676923076924
0.07489292307692308
0.006049846153846154
-0.07593599999999999
-0.13393107692307693
-0.16647507692307692
-0.1712732307692308
-0.14519630769230768
-0.1045163076923077
-0.03129230769230769
0.06362769230769232
0.16438892307692307
0.26368984615384616
0.3248141538461538
0.34776184615384614
0.3342018461538461
0.2872633846153846
0.22342707692307692
0.13080184615384613
0.012934153846153845
-0.10952307692307692
-0.21487384615384614
-0.27182584615384614
-0.28246523076923075
-0.25847446153846154
-0.20861538461538462
-0.14206707692307693
-0.05590892307692308
0.030875076923076922
0.10159569230769232
0.14916
0.15520984615384617
0.13226215384615383
0.0880356923076923
0.029623384615384614
-0.031918153846153846
-0.10076123076923077
-0.14728246153846153
-0.16188553846153847
-0.14018953846153845
-0.0853236923076923
-0.024199384615384616
0.03713353846153846
0.09387692307692307
0.13393107692307693
0.1502030769230769
0.138312
0.100344
0.04985907692307692
-0.011265230769230769
-0.056951999999999996
-0.07656184615384615
-0.0826116923076923
-0.053614153846153846
-0.01710646153846154
0.02858030769230769
0.08094276923076923
0.1070196923076923
0.12329169230769231
0.10660246153846153
0.06529661538461538
0.017523692307692306
-0.030875076923076922
-0.05590892307692308
-0.0771876923076923
-0.0855323076923077
-0.06696553846153847
-0.031709538461538456
0.025033846153846153
0.0826116923076923
0.12642092307692307
0.15625292307692307
0.15228923076923076
0.13601723076923075
0.10096984615384616
0.04380923076923077
-0.009387692307692307
-0.06905169230769231
-0.11160923076923077
-0.14039815384615384
-0.15771323076923077
-0.14582215384615385
-0.12808984615384614
-0.08615815384615384
-0.03108369230769231
0.019609846153846155
0.07489292307692308
0.11098338461538461
0.12642092307692307
0.12245723076923076
0.09846646153846153
0.06529661538461538
0.021487384615384613
-0.02545107692307692
-0.06195876923076923
-0.08323753846153846
-0.07739630769230768
-0.04985907692307692
-0.01668923076923077
0.01814953846153846
0.05236246153846154
0.08240307692307691
0.10868861538461538
0.11432123076923076
0.09721476923076922
0.06988615384615385
0.0448523076923077
0.042974769230769226
0.050067692307692306
0.06633969230769231
0.08907876923076924
0.11327815384615383
0.1435273846153846
0.17398523076923075
0.19588984615384614
0.18921415384615384
0.1543753846153846
0.10389046153846154
0.046104
-0.009596307692307692
-0.06383630769230769
-0.11703323076923078
-0.15604430769230768
-0.17982646153846152
-0.1779489230769231
-0.15604430769230768
-0.13872923076923074
-0.11953661538461538
-0.10138707692307691
-0.07426707692307692
-0.031918153846153846
0.008344615384615384
0.04380923076923077
0.06195876923076923
0.06362769230769232
0.05486584615384615
0.029414769230769227
0.0043809230769230765
-0.03421292307692308
-0.08699261538461538
-0.12725538461538463
-0.14477907692307693
-0.13497415384615385
-0.1136953846153846
-0.08115138461538463
-0.040679999999999994
0.008136
0.06529661538461538
0.11181784615384616
0.130176
0.11494707692307692
0.078648
0.03838523076923077
-0.0016689230769230767
-0.05090215384615384
-0.09512861538461538
-0.13434830769230768
-0.16000799999999998
-0.16438892307692307
-0.15604430769230768
-0.13455692307692307
-0.103056
-0.06154153846153846
-0.014394461538461538
0.040262769230769234
0.09137353846153846
0.12996738461538462
0.14206707692307693
0.124752
0.09262523076923077
0.04756430769230769
-0.005841230769230769
-0.06425353846153846
-0.11995384615384615
-0.15750461538461538
-0.16418030769230768
-0.1316363076923077
-0.07197230769230768
-0.005632615384615384
0.05653476923076922
0.10076123076923077
0.138312
0.16730953846153845
0.17252492307692308
0.14978584615384616
0.10514215384615383
0.06195876923076923
0.026076923076923077
-0.0014603076923076922
-0.016480615384615385
-0.030875076923076922
-0.042348923076923076
-0.03337846153846154
-0.01272553846153846
0.022947692307692308
0.05048492307692308
0.05820369230769231
0.06863446153846153
0.07238953846153846
0.08740984615384616
0.09909230769230769
0.09700615384615385
0.08991323076923076
0.07885661538461539
0.07697907692307693
0.07030338461538461
0.06133292307692308
0.04631261538461538
0.023364923076923075
0.0016689230769230767
-0.02357353846153846
-0.04756430769230769
-0.06613107692307692
-0.09053907692307692
-0.10889723076923077
-0.09763200000000001
-0.07343261538461537
-0.03984553846153846
-0.017940923076923077
-0.02899753846153846
-0.040054153846153843
-0.045895384615384616
-0.04735569230769231
-0.04839876923076923
-0.059664
-0.07259815384615384
-0.06696553846153847
-0.059872615384615385
0.02357353846153846
0.1368516923076923
0.12266584615384615
0.13351384615384615
0.11974523076923077
0.10764553846153846
0.13184492307692308
0.046104
-0.021904615384615383
-0.14102399999999998
-0.1923433846153846
-0.13935507692307691
-0.124752
-0.06154153846153846
-0.06529661538461538
-0.006675692307692307
0.13080184615384613
0.22780799999999998
0.35005661538461535
0.31000246153846156
0.21633415384615384
0.14436184615384615
0.017315076923076923
-0.02524246153846154
-0.1314276923076923
-0.23969907692307693
-0.25951753846153847
-0.31626092307692305
-0.2342750769230769
-0.10368184615384615
0.003129230769230769
0.1476996923076923
0.18650215384615382
0.22634769230769228
0.24053353846153847
0.1992276923076923
0.19797599999999999
0.11473846153846154
-0.0012516923076923076
-0.1097316923076923
-0.1977673846153846
-0.18629353846153843
-0.18399876923076922
-0.17419384615384614
-0.14081538461538462
-0.11473846153846154
0.003755076923076923
0.11140061538461538
0.1775316923076923
0.23969907692307693
0.2369870769230769
0.252216
0.25200738461538463
0.20298276923076922
0.16000799999999998
0.07572738461538461
0.011473846153846154
-0.0016689230769230767
-0.02315630769230769
-0.032544
-0.06258461538461538
-0.08574092307692306
-0.0853236923076923
-0.09137353846153846
-0.07301538461538462
-0.06446215384615385
-0.022530461538461537
0.02545107692307692
0.0446436923076923
0.10222153846153846
0.13309661538461537
0.15333230769230768
0.16647507692307692
0.13330523076923076
0.1070196923076923
0.05528307692307692
0.00855323076923077
-0.02044430769230769
-0.08845292307692308
-0.1207883076923077
-0.1205796923076923
-0.10117846153846152
-0.049233230769230765
-0.008970461538461538
0.06028984615384615
0.14978584615384616
0.21988061538461537
0.2734947692307692
0.26869661538461537
0.25659692307692306
0.2415766153846154
0.17523692307692307
0.10806276923076923
-0.007927384615384614
-0.12934153846153845
-0.20360861538461536
-0.25701415384615384
-0.24074215384615386
-0.19693292307692306
-0.13852061538461538
-0.04714707692307692
0.035255999999999996
0.12433476923076923
0.21195323076923075
0.25117292307692307
0.2526332307692308
0.20715507692307691
0.14603076923076924
0.07739630769230768
-0.004798153846153846
-0.061124307692307686
-0.1151556923076923
-0.1397723076923077
-0.12704676923076924
-0.10222153846153846
-0.047981538461538464
-0.0025033846153846152
0.04214030769230769
0.09053907692307692
0.10868861538461538
0.13330523076923076
0.1504116923076923
0.13914646153846155
0.10514215384615383
0.04380923076923077
-0.003963692307692307
-0.029206153846153847
-0.05194523076923077
-0.06446215384615385
-0.08887015384615385
-0.11265230769230769
-0.11578153846153846
-0.12496061538461539
-0.12224861538461537
-0.12934153846153845
-0.14269292307692305
-0.12955015384615384
-0.11348676923076922
-0.07364123076923076
-0.026702769230769228
0.015228923076923076
0.0771876923076923
0.12224861538461537
0.16105107692307694
0.18775384615384613
0.18170399999999998
0.18128676923076922
0.15541846153846153
0.10722830769230769
0.06154153846153846
0.011265230769230769
-0.015646153846153844
-0.01856676923076923
0.0025033846153846152
0.03963692307692308
0.08052553846153847
0.12767261538461538
0.15792184615384616
0.1712732307692308
0.17231630769230769
0.14164984615384615
0.10117846153846152
0.048816000000000005
-0.01814953846153846
-0.06946892307692307
-0.11035753846153845
-0.12037107692307693
-0.11306953846153844
-0.10076123076923077
-0.06529661538461538
-0.025033846153846153
0.01814953846153846
0.042557538461538466
0.051528
0.04693846153846153
0.023782153846153845
0.006258461538461538
-0.017523692307692306
-0.04756430769230769
-0.08302892307692307
-0.11140061538461538
-0.09471138461538461
-0.0446436923076923
0.015854769230769228
0.08511507692307693
0.1424843076923077
0.1913003076923077
0.22321846153846153
0.21320492307692307
0.1775316923076923
0.10681107692307691
0.010848
-0.07593599999999999
-0.14853415384615384
-0.1858763076923077
-0.19296923076923078
-0.17315076923076922
-0.12496061538461539
-0.06258461538461538
0.016480615384615385
0.08636676923076922
0.13434830769230768
0.14311015384615386
0.10952307692307692
0.05319692307692307
-0.017523692307692306
-0.09262523076923077
-0.16584923076923075
-0.2221753846153846
-0.25701415384615384
-0.25701415384615384
-0.21967199999999998
-0.15813046153846153
-0.09262523076923077
-0.03984553846153846
0.013351384615384614
0.06404492307692307
0.10201292307692307
0.11911938461538461
0.10493353846153847
0.06425353846153846
0.027120000000000002
0.005215384615384615
-0.005841230769230769
-0.0070929230769230765
-0.015020307692307692
-0.027745846153846152
-0.026494153846153844
-0.016480615384615385
0.0035464615384615383
0.02273907692307692
0.018983999999999997
0.010222153846153844
0.0012516923076923076
0.0002086153846153846
0.0014603076923076922
-0.012308307692307691
-0.020652923076923076
-0.02044430769230769
-0.012099692307692308
0.013560000000000001
0.05111076923076923
0.08469784615384615
0.10013538461538461
0.10660246153846153
0.10827138461538462
0.10117846153846152
0.08010830769230769
0.03775938461538462
-0.0018775384615384615
-0.025033846153846153
-0.02586830769230769
0.003129230769230769
0.04109723076923077
0.07823076923076923
0.11911938461538461
0.1570873846153846
0.1785747692307692
0.17502830769230768
0.13080184615384613
0.06341907692307691
-0.0025033846153846152
-0.06383630769230769
-0.10827138461538462
-0.1424843076923077
-0.16647507692307692
-0.17002153846153847
-0.14707384615384617
-0.09596307692307693
-0.03880246153846154
0.015228923076923076
0.054240000000000003
0.07301538461538462
0.08073415384615384
0.06759138461538462
0.028163076923076923
-0.03859384615384615
-0.11494707692307692
-0.1794092307692308
-0.21883753846153844
-0.22488738461538463
-0.19338646153846153
-0.1314276923076923
-0.059664
0.02795446153846154
0.12975876923076923
0.21237046153846154
0.2588916923076923
0.2540935384615385
0.20277415384615383
0.12808984615384614
0.03504738461538461
-0.05090215384615384
-0.12767261538461538
-0.18399876923076922
-0.19651569230769228
-0.15875630769230767
-0.0678
0.04214030769230769
0.15103753846153847
0.23656984615384613
0.2858030769230769
0.31083692307692307
0.2849686153846154
0.20444307692307692
0.08344615384615384
-0.06216738461538462
-0.18858830769230767
-0.28163076923076924
-0.32543999999999995
-0.3148006153846154
-0.27140861538461536
-0.19004861538461537
-0.0828203076923077
0.03671630769230769
0.1397723076923077
0.19651569230769228
0.208824
0.1785747692307692
0.13309661538461537
0.07364123076923076
-0.003129230769230769
-0.08323753846153846
-0.15166338461538462
-0.18483323076923078
-0.1785747692307692
-0.14018953846153845
-0.08615815384615384
-0.025033846153846153
0.03504738461538461
0.09053907692307692
0.1368516923076923
0.16459753846153846
0.173568
0.15333230769230768
0.11807630769230769
0.08907876923076924
0.06717415384615384
0.05090215384615384
0.03337846153846154
0.013351384615384614
0.005424
0.018775384615384614
0.042974769230769226
0.06675692307692307
0.08219446153846154
0.08845292307692308
0.0855323076923077
0.08219446153846154
0.0771876923076923
0.04839876923076923
0.011056615384615385
-0.02023569230769231
-0.03838523076923077
-0.03024923076923077
-0.0070929230769230765
0.025033846153846153
0.05403138461538461
0.08010830769230769
0.10910584615384614
0.12266584615384615
0.12975876923076923
0.11494707692307692
0.07384984615384615
0.03629907692307692
0.006258461538461538
-0.009179076923076922
-0.021070153846153846
-0.035464615384615386
-0.04193169230769231
-0.04839876923076923
-0.051528
-0.055491692307692304
-0.07197230769230768
-0.0892873846153846
-0.09930092307692308
-0.09199938461538461
-0.07030338461538461
-0.048816000000000005
-0.026494153846153844
-0.004172307692307692
0.014394461538461538
0.03692492307692308
0.054657230769230764
0.05945538461538461
0.04985907692307692
0.029832
0.018983999999999997
0.009179076923076922
0.0035464615384615383
-0.0029206153846153843
-0.02044430769230769
-0.03483876923076923
-0.03775938461538462
-0.030040615384615384
-0.01668923076923077
0.001043076923076923
0.02315630769230769
0.05653476923076922
0.09053907692307692
0.11619876923076923
0.1353913846153846
0.13518276923076925
0.11807630769230769
0.08323753846153846
0.03755076923076923
-0.01668923076923077
-0.08761846153846153
-0.15959076923076923
-0.2194633846153846
-0.2436627692307692
-0.23510953846153848
-0.1992276923076923
-0.13476553846153844
-0.06362769230769232
0.01981846153846154
0.10868861538461538
0.1856676923076923
0.2436627692307692
0.2574313846153846
0.23260615384615385
0.19046584615384615
0.12955015384615384
0.06258461538461538
-0.010639384615384617
-0.08219446153846154
-0.13476553846153844
-0.16063384615384615
-0.14311015384615386
-0.09554584615384615
-0.03379569230769231
0.03942830769230769
0.11536430769230768
0.19693292307692306
0.26306399999999996
0.30186646153846153
0.31000246153846156
0.2791273846153846
0.22697353846153845
0.15792184615384616
0.07948246153846153
-0.002086153846153846
-0.08177723076923075
-0.14519630769230768
-0.1777403076923077
-0.17377661538461536
-0.13622584615384614
-0.07343261538461537
-0.012099692307692308
0.05653476923076922
0.09867507692307692
0.12120553846153845
0.13726892307692307
0.1136953846153846
0.07927384615384615
0.026494153846153844
-0.006049846153846154
-0.02232184615384615
-0.007927384615384614
0.018358153846153843
0.11140061538461538
0.21487384615384614
0.16188553846153847
0.16251138461538459
0.116616
0.0826116923076923
0.07885661538461539
-0.08448923076923077
-0.18858830769230767
-0.32001599999999997
-0.3202246153846154
-0.21696000000000001
-0.18483323076923078
-0.08073415384615384
-0.04839876923076923
0.08657538461538461
0.25346769230769234
0.3483876923076923
0.4322510769230769
0.3004061538461538
0.17544553846153846
0.06341907692307691
-0.06967753846153846
-0.09825784615384614
-0.20444307692307692
-0.23239753846153846
-0.1908830769230769
-0.20652923076923077
-0.07531015384615385
0.03358707692307692
0.12037107692307693
0.23510953846153848
0.22300984615384614
0.2399076923076923
0.21320492307692307
0.16418030769230768
0.1783661538461538
0.10493353846153847
0.04214030769230769
-0.018358153846153843
-0.05319692307692307
0.002712
0.009596307692307692
0.015228923076923076
-0.009179076923076922
-0.045060923076923075
0.0077187692307692304
0.011473846153846154
-0.012516923076923077
-0.037967999999999995
-0.09074769230769231
-0.07510153846153846
-0.06633969230769231
-0.06341907692307691
-0.005215384615384615
0.013142769230769229
0.07051199999999999
0.15166338461538462
0.18858830769230767
0.21779446153846155
0.17002153846153847
0.09679753846153846
0.006467076923076923
-0.10535076923076922
-0.1883796923076923
-0.2620209230769231
-0.2697396923076923
-0.2601433846153846
-0.24762646153846155
-0.1531236923076923
-0.050067692307692306
0.07259815384615384
0.1867107692307692
0.22780799999999998
0.2601433846153846
0.22718215384615387
0.17169046153846151
0.11265230769230769
-0.018358153846153843
-0.12266584615384615
-0.2205064615384615
-0.3045784615384615
-0.34004307692307695
-0.3752990769230769
-0.3412947692307692
-0.26118646153846153
-0.17669723076923077
-0.08177723076923075
-0.017523692307692306
0.06926030769230769
0.13789476923076924
0.14039815384615384
0.12683815384615382
0.05674338461538461
0.0
-0.025033846153846153
-0.06967753846153846
-0.07030338461538461
-0.07113784615384615
-0.054657230769230764
0.009596307692307692
0.04172307692307692
0.07927384615384615
0.1178676923076923
0.1316363076923077
0.1449876923076923
0.12579507692307693
0.0988836923076923
0.06008123076923077
0.016063384615384615
0.023990769230769232
0.04631261538461538
0.07426707692307692
0.09596307692307693
0.10201292307692307
0.13247076923076923
0.14415323076923076
0.14749107692307692
0.14081538461538462
0.08219446153846154
0.03504738461538461
-0.004798153846153846
-0.04839876923076923
-0.07843938461538462
-0.12725538461538463
-0.15124615384615384
-0.13121907692307694
-0.09950953846153845
-0.03880246153846154
0.013351384615384614
0.06133292307692308
0.11682461538461539
0.14269292307692305
0.168144
0.16772676923076923
0.1368516923076923
0.08720123076923077
0.009804923076923077
-0.042348923076923076
-0.07969107692307692
-0.09053907692307692
-0.06300184615384616
-0.05820369230769231
-0.03921969230769231
-0.0035464615384615383
0.03504738461538461
0.09512861538461538
0.10764553846153846
0.08177723076923075
0.05173661538461538
0.010639384615384617
-0.0035464615384615383
-0.009387692307692307
-0.02753723076923077
-0.05444861538461539
-0.08052553846153847
-0.06383630769230769
-0.034630153846153845
-0.01668923076923077
-0.014185846153846153
-0.038176615384615385
-0.05570030769230769
-0.0717636923076923
-0.0897046153846154
-0.09450276923076922
-0.10889723076923077
-0.12141415384615384
-0.12496061538461539
-0.11348676923076922
-0.07343261538461537
-0.029623384615384614
-0.0006258461538461538
0.016063384615384615
0.040679999999999994
0.07551876923076924
0.10159569230769232
0.09199938461538461
0.044435076923076924
-0.024408000000000003
-0.09408553846153846
-0.13852061538461538
-0.15667015384615385
-0.17169046153846151
-0.18754523076923074
-0.17002153846153847
-0.11306953846153844
-0.024408000000000003
0.06070707692307692
0.11703323076923078
0.16313723076923078
0.18754523076923074
0.20173107692307693
0.20548615384615385
0.168144
0.10347323076923076
0.021070153846153846
-0.059872615384615385
-0.11599015384615384
-0.15520984615384617
-0.1792006153846154
-0.19192615384615386
-0.18066092307692305
-0.12725538461538463
-0.040262769230769234
0.06988615384615385
0.15938215384615384
0.2056947692307692
0.2261390769230769
0.21633415384615384
0.192552
0.14832553846153845
0.07760492307692309
0.0022947692307692304
-0.08991323076923076
-0.16730953846153845
-0.2125790769230769
-0.24282830769230768
-0.2526332307692308
-0.25555384615384613
-0.22447015384615385
-0.15208061538461537
-0.06195876923076923
0.03045784615384615
0.09909230769230769
0.15208061538461537
0.1873366153846154
0.200688
0.19985353846153847
0.1691870769230769
0.12558646153846154
0.09283384615384616
0.06341907692307691
0.05173661538461538
0.050067692307692306
0.03942830769230769
0.021070153846153846
0.003129230769230769
0.003755076923076923
0.011682461538461537
0.02211323076923077
0.04965046153846154
0.10096984615384616
0.17315076923076922
0.25471938461538457
0.32731753846153844
0.3815575384615385
0.4036707692307692
0.3811403076923077
0.32585723076923073
0.238656
0.12496061538461539
-0.006049846153846154
-0.12788123076923075
-0.21779446153846155
-0.26765353846153844
-0.2695310769230769
-0.22989415384615383
-0.15938215384615384
-0.06300184615384616
0.04109723076923077
0.14665661538461539
0.2453316923076923
0.29414769230769233
0.2943563076923077
0.2480436923076923
0.16021661538461537
0.06446215384615385
-0.03400430769230769
-0.13309661538461537
-0.22196676923076922
-0.2837169230769231
-0.30332676923076923
-0.28350830769230767
-0.2415766153846154
-0.1696043076923077
-0.078648
0.014185846153846153
0.111192
0.18796246153846152
0.23677846153846152
0.2415766153846154
0.20798953846153845
0.14999446153846155
0.06863446153846153
-0.020652923076923076
-0.11432123076923076
-0.1977673846153846
-0.24345415384615382
-0.24095076923076922
-0.20965846153846154
-0.14832553846153845
-0.06654830769230768
0.018983999999999997
0.10263876923076923
0.16501476923076921
0.1867107692307692
0.16710092307692306
0.1218313846153846
0.06028984615384615
0.011265230769230769
-0.027120000000000002
-0.06821723076923077
-0.09533723076923077
-0.10076123076923077
-0.08344615384615384
-0.053614153846153846
-0.018358153846153843
0.020652923076923076
0.05236246153846154
0.08031692307692308
0.10368184615384615
0.11578153846153846
0.10785415384615385
0.07948246153846153
0.049233230769230765
0.02023569230769231
0.0022947692307692304
-0.0006258461538461538
0.0018775384615384615
0.01043076923076923
0.028163076923076923
0.05862092307692307
0.09804923076923076
0.13518276923076925
0.1652233846153846
0.173568
0.16063384615384615
0.14436184615384615
0.12454338461538461
0.10117846153846152
0.06362769230769232
0.016897846153846156
-0.01814953846153846
-0.042974769230769226
-0.04902461538461538
-0.03713353846153846
-0.021904615384615383
0.006258461538461538
0.042974769230769226
0.09387692307692307
0.14540492307692307
0.16418030769230768
0.15792184615384616
0.12099692307692309
0.06967753846153846
0.02357353846153846
-0.024199384615384616
-0.06154153846153846
-0.10055261538461538
-0.13518276923076925
-0.13476553846153844
-0.11098338461538461
-0.07009476923076922
-0.027328615384615382
-0.002086153846153846
0.02858030769230769
0.058412307692307694
0.07510153846153846
0.07614461538461538
0.04860738461538461
0.004589538461538461
-0.046104
-0.08907876923076924
-0.11390399999999999
-0.13121907692307694
-0.1424843076923077
-0.14540492307692307
-0.12725538461538463
-0.08302892307692307
-0.03296123076923077
0.0012516923076923076
0.019609846153846155
0.017732307692307693
0.014394461538461538
0.017940923076923077
0.02023569230769231
0.026911384615384615
0.024408000000000003
0.035464615384615386
0.058829538461538454
0.08302892307692307
0.1045163076923077
0.1045163076923077
0.0936683076923077
0.073224
0.05319692307692307
0.03609046153846154
0.013768615384615384
-0.011265230769230769
-0.03755076923076923
-0.043392
-0.017523692307692306
0.023990769230769232
0.07364123076923076
0.12370892307692308
0.16251138461538459
0.18879692307692306
0.1913003076923077
0.16438892307692307
0.11202646153846153
0.030040615384615384
-0.04965046153846154
-0.10910584615384614
-0.14978584615384616
-0.16105107692307694
-0.1476996923076923
-0.10597661538461538
-0.03483876923076923
0.05757784615384615
0.146448
0.2154996923076923
0.2438713846153846
0.235944
0.20110523076923076
0.13893784615384613
0.06300184615384616
-0.03921969230769231
-0.13664307692307692
-0.21737723076923077
-0.26348123076923075
-0.260352
-0.23135446153846154
-0.17711446153846155
-0.11265230769230769
-0.03880246153846154
0.03358707692307692
0.08949599999999999
0.10910584615384614
0.07760492307692309
0.02044430769230769
-0.04526953846153846
-0.10576799999999999
-0.15604430769230768
-0.19192615384615386
-0.21612553846153845
-0.21737723076923077
-0.18358153846153846
-0.11870215384615385
-0.03838523076923077
0.032544
0.0934596923076923
0.1316363076923077
0.14853415384615384
0.1356
0.08636676923076922
0.014185846153846153
-0.08574092307692306
-0.19046584615384615
-0.2858030769230769
-0.3684147692307692
-0.35193415384615384
-0.2497126153846154
-0.0892873846153846
0.13768615384615385
0.3548547692307692
0.5862092307692308
0.7660356923076923
0.8546972307692308
0.8248652307692308
0.6421181538461538
0.4011673846153846
0.10117846153846152
-0.2059033846153846
-0.49921661538461537
-0.7384984615384615
-0.8498990769230769
-0.8498990769230769
-0.7067889230769231
-0.46625538461538457
-0.19192615384615386
0.09450276923076922
0.3408775384615384
0.5190350769230769
0.5943452307692307
0.5353070769230769
0.3942830769230769
0.20527753846153846
-0.03650769230769231
-0.2705741538461538
-0.4647950769230769
-0.5659735384615384
-0.5486584615384615
-0.44309907692307693
-0.2582658461538461
-0.07510153846153846
0.08344615384615384
0.21508246153846153
0.2795446153846154
0.27975323076923075
0.22572184615384616
0.14582215384615385
0.08094276923076923
0.04547815384615384
0.04088861538461538
0.053614153846153846
0.051319384615384614
0.05069353846153846
0.02795446153846154
-0.026076923076923077
-0.08115138461538463
-0.14665661538461539
-0.18712800000000002
-0.22175815384615383
-0.2651501538461538
-0.2799618461538461
-0.28392553846153845
-0.24282830769230768
-0.15792184615384616
-0.06195876923076923
0.061124307692307686
0.19672430769230767
0.3577753846153846
0.5050578461538461
0.5845403076923077
0.5718147692307692
0.4551987692307692
0.2774584615384615
0.06487938461538462
-0.15917353846153848
-0.35047384615384614
-0.4775206153846153
-0.497964923076923
-0.39657784615384617
-0.21466523076923077
0.027328615384615382
0.2774584615384615
0.49733907692307694
0.6619366153846153
0.7364123076923076
0.7253556923076923
0.6222996923076923
0.4547815384615384
0.23907323076923076
-0.0002086153846153846
-0.21362215384615382
-0.3815575384615385
-0.47918953846153844
-0.508187076923077
-0.48565661538461535
-0.38677292307692307
-0.22300984615384614
-0.023364923076923075
0.1800350769230769
0.33002953846153843
0.4253667692307692
0.45624184615384616
0.4151446153846154
0.3327415384615385
0.21341353846153846
0.07468430769230769
-0.04318338461538461
-0.12767261538461538
-0.1656406153846154
-0.1543753846153846
-0.11578153846153846
-0.05653476923076922
0.012099692307692308
0.073224
0.09721476923076922
0.08490646153846154
0.048816000000000005
-0.008136
-0.05674338461538461
-0.1045163076923077
-0.138312
-0.14039815384615384
-0.1314276923076923
-0.09700615384615385
-0.04088861538461538
0.007510153846153846
0.047981538461538464
0.06633969230769231
0.05924676923076923
0.03400430769230769
-0.021696
-0.10013538461538461
-0.18149538461538461
-0.24679199999999998
-0.28434276923076923
-0.2851772307692308
-0.23928184615384615
-0.14853415384615384
-0.03212676923076923
0.09179076923076923
0.21091015384615383
0.3148006153846154
0.385104
0.3947003076923077
0.34692738461538464
0.24303692307692307
0.12120553846153845
0.010848
-0.0936683076923077
-0.16876984615384616
-0.22008923076923076
-0.22843384615384613
-0.17711446153846155
-0.08782707692307692
0.02273907692307692
0.12412615384615384
0.19359507692307693
0.23239753846153846
0.24992123076923078
0.2399076923076923
0.19693292307692306
0.12996738461538462
0.05757784615384615
-0.0029206153846153843
-0.04318338461538461
-0.059038153846153844
-0.053614153846153846
-0.035255999999999996
-0.008344615384615384
0.02357353846153846
0.053405538461538456
0.07364123076923076
0.07092923076923077
0.03880246153846154
-0.011891076923076923
-0.052153846153846155
-0.058829538461538454
-0.04652123076923077
-0.023990769230769232
0.006258461538461538
0.05319692307692307
0.12683815384615382
0.21800307692307694
0.30436984615384616
0.34963938461538463
0.34504984615384615
0.2920615384615385
0.20673784615384616
0.086784
-0.06362769230769232
-0.21696000000000001
-0.34922215384615385
-0.4255753846153846
-0.42953907692307686
-0.36966646153846155
-0.25701415384615384
-0.11557292307692307
0.033169846153846154
0.18963138461538462
0.3141747692307692
0.38948492307692306
0.39970707692307694
0.33670523076923076
0.23114584615384615
0.09241661538461539
-0.05590892307692308
-0.19192615384615386
-0.2993630769230769
-0.35339446153846155
-0.34338092307692303
-0.26765353846153844
-0.14039815384615384
-0.0012516923076923076
0.12934153846153845
0.23656984615384613
0.30708184615384615
0.3410861538461538
0.31667815384615383
0.2438713846153846
0.130176
-0.009179076923076922
-0.13267938461538462
-0.22467876923076924
-0.273912
-0.2887236923076923
-0.2722430769230769
-0.22134092307692307
-0.14436184615384615
-0.05924676923076923
0.014394461538461538
0.06404492307692307
0.08323753846153846
0.07906523076923076
0.053405538461538456
0.00855323076923077
-0.04380923076923077
-0.09179076923076923
-0.12162276923076921
-0.1207883076923077
-0.09137353846153846
-0.04756430769230769
0.0035464615384615383
0.054240000000000003
0.1028473846153846
0.14311015384615386
0.16772676923076923
0.16480615384615382
0.1218313846153846
0.06195876923076923
0.0
-0.05319692307692307
-0.09533723076923077
-0.12454338461538461
-0.13080184615384613
-0.11974523076923077
-0.08991323076923076
-0.03921969230769231
0.009179076923076922
0.03859384615384615
0.047772923076923074
0.04401784615384615
0.04401784615384615
0.0446436923076923
0.04422646153846154
0.03921969230769231
0.026911384615384615
0.022947692307692308
0.02315630769230769
0.021278769230769233
0.005841230769230769
-0.027745846153846152
-0.062376
-0.08866153846153846
-0.10117846153846152
-0.10535076923076922
-0.10347323076923076
-0.09012184615384615
-0.06717415384615384
-0.042974769230769226
-0.0077187692307692304
0.03838523076923077
0.07405846153846153
0.10493353846153847
0.12996738461538462
0.15208061538461537
0.16793538461538463
0.15145476923076923
0.10806276923076923
0.04965046153846154
-0.013560000000000001
-0.06696553846153847
-0.111192
-0.15500123076923078
-0.19150892307692308
-0.214248
-0.20527753846153846
-0.1597993846153846
-0.10076123076923077
-0.03379569230769231
0.02858030769230769
0.08761846153846153
0.13726892307692307
0.17169046153846151
0.1873366153846154
0.16584923076923075
0.11828492307692307
0.056951999999999996
-0.008136
-0.06467076923076923
-0.11327815384615383
-0.14707384615384617
-0.16021661538461537
-0.1531236923076923
-0.11286092307692308
-0.05277969230769231
0.006884307692307692
0.06571384615384615
0.1178676923076923
0.1691870769230769
0.21487384615384614
0.24032492307692307
0.24303692307692307
0.21007569230769232
0.15270646153846154
0.08887015384615385
0.02545107692307692
-0.041514461538461535
-0.11828492307692307
-0.18212123076923076
-0.2292683076923077
-0.2517987692307692
-0.24011630769230768
-0.21111876923076925
-0.16292861538461537
-0.0961716923076923
-0.01272553846153846
0.09012184615384615
0.19755876923076923
0.2830910769230769
0.3408775384615384
0.36904061538461536
0.36570276923076916
0.3235624615384615
0.23761292307692305
0.124752
-0.0016689230769230767
-0.11494707692307692
-0.20131384615384615
-0.25117292307692307
-0.249504
-0.20944984615384615
-0.13038461538461538
-0.013560000000000001
0.12725538461538463
0.26911384615384615
0.3819747692307692
0.4518609230769231
0.47063630769230763
0.4408043076923077
0.3623649230769231
0.24303692307692307
0.09074769230769231
-0.07134646153846153
-0.21696000000000001
-0.3369138461538461
-0.40554830769230765
-0.4211944615384615
-0.39261415384615383
-0.3252313846153846
-0.21696000000000001
-0.08010830769230769
0.06446215384615385
0.19046584615384615
0.2774584615384615
0.3239796923076923
0.32314523076923074
0.2872633846153846
0.21195323076923075
0.09658892307692307
-0.03880246153846154
-0.1710646153846154
-0.2643156923076923
-0.31772123076923076
-0.3425464615384616
-0.3310726153846154
-0.28204799999999997
-0.20047938461538461
-0.11160923076923077
-0.00855323076923077
0.09658892307692307
0.17273353846153844
0.22530461538461538
0.24887815384615386
0.2509643076923077
0.21153599999999997
0.12537784615384615
0.024408000000000003
-0.0855323076923077
-0.1783661538461538
-0.2453316923076923
-0.28768061538461537
-0.28163076923076924
-0.2438713846153846
-0.17252492307692308
-0.06613107692307692
0.054240000000000003
0.18399876923076922
0.28204799999999997
0.34004307692307695
0.3675803076923077
0.355272
0.3129230769230769
0.24762646153846155
0.16251138461538459
0.07134646153846153
-0.008761846153846153
-0.07134646153846153
-0.10889723076923077
-0.11974523076923077
-0.10201292307692307
-0.065088
-0.002086153846153846
0.07531015384615385
0.14144123076923076
0.1927606153846154
0.21508246153846153
0.20778092307692309
0.1721076923076923
0.11452984615384615
0.037967999999999995
-0.042974769230769226
-0.11494707692307692
-0.16730953846153845
-0.18525046153846153
-0.16501476923076921
-0.11223507692307692
-0.040262769230769234
0.042348923076923076
0.11870215384615385
0.1869193846153846
0.2236356923076923
0.22864246153846152
0.21737723076923077
0.1783661538461538
0.13372246153846154
0.07781353846153846
0.013560000000000001
-0.04985907692307692
-0.11452984615384615
-0.1504116923076923
-0.15291507692307693
-0.13852061538461538
-0.10159569230769232
-0.050067692307692306
0.021070153846153846
0.09179076923076923
0.14582215384615385
0.1867107692307692
0.18983999999999998
0.17502830769230768
0.13852061538461538
0.07823076923076923
0.019609846153846155
-0.052153846153846155
-0.1207883076923077
-0.1760713846153846
-0.24616615384615384
-0.2818393846153846
-0.27140861538461536
-0.22822523076923076
-0.13726892307692307
-0.03755076923076923
0.0717636923076923
0.1992276923076923
0.3479704615384615
0.4660467692307692
0.5229987692307692
0.4814843076923077
0.34630153846153844
0.1802436923076923
0.006258461538461538
-0.12913292307692306
-0.33378461538461535
-0.5019286153846154
-0.5891298461538461
-0.6116603076923077
-0.4752258461538461
-0.3179298461538461
-0.09909230769230769
0.09763200000000001
0.2916443076923077
0.5213298461538461
0.627515076923077
0.6823809230769231
0.5791163076923077
0.3744646153846154
0.16105107692307694
-0.10576799999999999
-0.28246523076923075
-0.44810584615384613
-0.5789076923076923
-0.591216
-0.5590892307692308
-0.42015138461538465
-0.23761292307692305
-0.05820369230769231
0.14790830769230767
0.2701569230769231
0.3721698461538462
0.4554073846153846
0.46583815384615385
0.46938461538461534
0.38593846153846156
0.2712
0.1476996923076923
0.0025033846153846152
-0.08115138461538463
-0.17002153846153847
-0.2574313846153846
-0.30749907692307693
-0.3373310769230769
-0.30290953846153845
-0.2424110769230769
-0.1883796923076923
-0.10597661538461538
-0.03859384615384615
0.04380923076923077
0.1422756923076923
0.2073636923076923
0.2707827692307692
0.30207507692307695
0.2997803076923077
0.273912
0.1881710769230769
0.073224
-0.07197230769230768
-0.233232
-0.35318584615384613
-0.4485230769230769
-0.48816
-0.471888
-0.40012430769230767
-0.2582658461538461
-0.10472492307692308
0.06863446153846153
0.23052
0.35318584615384613
0.4355889230769231
0.4209858461538461
0.35965292307692304
0.2480436923076923
0.06800861538461538
-0.09825784615384614
-0.2601433846153846
-0.3721698461538462
-0.4297476923076923
-0.4508178461538461
-0.39115384615384613
-0.30207507692307695
-0.16459753846153846
0.0022947692307692304
0.13393107692307693
0.24178523076923078
0.2912270769230769
0.2906012307692308
0.26640184615384616
0.19317784615384614
0.09074769230769231
-0.029206153846153847
-0.14415323076923076
-0.20527753846153846
-0.23052
-0.21320492307692307
-0.16042523076923076
-0.10347323076923076
-0.018358153846153843
0.05924676923076923
0.12725538461538463
0.18316430769230768
0.1873366153846154
0.1783661538461538
0.14519630769230768
0.10409907692307692
0.07343261538461537
0.03108369230769231
0.006675692307692307
-0.009804923076923077
-0.010013538461538461
0.01668923076923077
0.04944184615384615
0.10013538461538461
0.1397723076923077
0.15875630769230767
0.16271999999999998
0.12621230769230768
0.08344615384615384
0.019609846153846155
-0.04401784615384615
-0.06946892307692307
-0.09012184615384615
-0.08094276923076923
-0.04985907692307692
-0.005632615384615384
0.049233230769230765
0.08845292307692308
0.12162276923076921
0.1462393846153846
0.13247076923076923
0.09533723076923077
0.05090215384615384
-0.002086153846153846
-0.03671630769230769
-0.06800861538461538
-0.08010830769230769
-0.06446215384615385
-0.035255999999999996
0.022530461538461537
0.084072
0.13226215384615383
0.15354092307692307
0.15187199999999998
0.15166338461538462
0.12370892307692308
0.06717415384615384
0.002086153846153846
-0.07384984615384615
-0.1178676923076923
-0.13455692307692307
-0.14102399999999998
-0.12350030769230769
-0.10138707692307691
-0.06446215384615385
-0.013142769230769229
0.03483876923076923
0.08094276923076923
0.0961716923076923
0.08845292307692308
0.06863446153846153
0.032544
0.0008344615384615384
-0.04130584615384615
-0.08198584615384615
-0.11807630769230769
-0.138312
-0.11494707692307692
-0.06049846153846154
0.018983999999999997
0.09512861538461538
0.15646153846153846
0.20944984615384615
0.25138153846153843
0.268488
0.23782153846153845
0.1639716923076923
0.06404492307692307
-0.025033846153846153
-0.086784
-0.12016246153846154
-0.12370892307692308
-0.11286092307692308
-0.08177723076923075
-0.02357353846153846
0.04902461538461538
0.11181784615384616
0.1424843076923077
0.13893784615384613
0.11953661538461538
0.09116492307692307
0.05507446153846154
0.02044430769230769
-0.013142769230769229
-0.040054153846153843
-0.05111076923076923
-0.04526953846153846
-0.032544
-0.009596307692307692
0.012934153846153845
0.02795446153846154
0.04714707692307692
0.05590892307692308
0.05799507692307692
0.05090215384615384
0.025659692307692307
-0.0035464615384615383
-0.028788923076923077
-0.03650769230769231
-0.02795446153846154
-0.013142769230769229
0.008344615384615384
0.03713353846153846
0.07134646153846153
0.10013538461538461
0.11348676923076922
0.10096984615384616
0.05236246153846154
-0.016480615384615385
-0.08761846153846153
-0.1476996923076923
-0.19526400000000002
-0.23656984615384613
-0.24679199999999998
-0.21111876923076925
-0.14394461538461537
-0.05611753846153846
0.03838523076923077
0.12308307692307692
0.18149538461538461
0.20944984615384615
0.21091015384615383
0.17398523076923075
0.10180430769230768
0.015854769230769228
-0.07092923076923077
-0.13706030769230768
-0.17085599999999998
-0.168144
-0.12662953846153846
-0.05507446153846154
0.04380923076923077
0.14394461538461537
0.23281476923076924
0.30186646153846153
0.32982092307692307
0.3187643076923077
0.2749550769230769
0.20152246153846154
0.11432123076923076
0.01668923076923077
-0.0855323076923077
-0.1639716923076923
-0.20798953846153845
-0.20944984615384615
-0.17398523076923075
-0.11348676923076922
-0.033169846153846154
0.05507446153846154
0.14728246153846153
0.2207150769230769
0.25305046153846156
0.2357353846153846
0.17419384615384614
0.09158215384615384
-0.006884307692307692
-0.10514215384615383
-0.18545907692307692
-0.23469230769230767
-0.24282830769230768
-0.206112
-0.132888
-0.04401784615384615
0.05444861538461539
0.146448
0.2225926153846154
0.2655673846153846
0.26619323076923074
0.22718215384615387
0.14957723076923077
0.06863446153846153
-0.009179076923076922
-0.07781353846153846
-0.12579507692307693
-0.157296
-0.15896492307692306
-0.1353913846153846
-0.08636676923076922
-0.02273907692307692
0.03150092307692308
0.07155507692307693
0.08302892307692307
0.07155507692307693
0.04693846153846153
0.008344615384615384
-0.03024923076923077
-0.07030338461538461
-0.10493353846153847
-0.12099692307692309
-0.11014892307692307
-0.07510153846153846
-0.03609046153846154
-0.0043809230769230765
0.022530461538461537
0.04318338461538461
0.04860738461538461
0.03275261538461539
-0.00855323076923077
-0.06216738461538462
-0.10806276923076923
-0.1358086153846154
-0.1424843076923077
-0.12913292307692306
-0.09533723076923077
-0.035464615384615386
0.04088861538461538
0.11995384615384615
0.19547261538461536
0.2526332307692308
0.2782929230769231
0.2632726153846154
0.20965846153846154
0.12934153846153845
0.02586830769230769
-0.08010830769230769
-0.16772676923076923
-0.22864246153846152
-0.24449723076923074
-0.2154996923076923
-0.14311015384615386
-0.037342153846153844
0.07969107692307692
0.18921415384615384
0.2860116923076923
0.3575667692307692
0.38656430769230765
0.3717526153846154
0.31855569230769226
0.2482523076923077
0.15938215384615384
0.07343261538461537
-0.0004172307692307692
-0.0744756923076923
-0.11953661538461538
-0.13622584615384614
-0.12329169230769231
-0.08302892307692307
-0.038176615384615385
0.016063384615384615
0.06362769230769232
0.09763200000000001
0.1287156923076923
0.13247076923076923
0.12537784615384615
0.11286092307692308
0.08824430769230769
0.059664
0.011682461538461537
-0.04693846153846153
-0.1097316923076923
-0.17085599999999998
-0.21612553846153845
-0.24595753846153845
-0.26723630769230766
-0.2695310769230769
-0.24866953846153847
-0.20944984615384615
-0.15813046153846153
-0.10222153846153846
-0.0446436923076923
0.009596307692307692
0.06154153846153846
0.10827138461538462
0.15228923076923076
0.18149538461538461
0.19213476923076922
0.18358153846153846
0.14853415384615384
0.10076123076923077
0.043600615384615383
-0.024408000000000003
-0.09658892307692307
-0.15667015384615385
-0.18775384615384613
-0.18629353846153843
-0.14811692307692306
-0.07843938461538462
-0.005841230769230769
0.073224
0.15145476923076923
0.22175815384615383
0.28017046153846153
0.30061476923076924
0.2891409230769231
0.23886461538461537
0.14853415384615384
0.0446436923076923
-0.06967753846153846
-0.18796246153846152
-0.2883064615384615
-0.35986153846153845
-0.3848953846153846
-0.3550633846153846
-0.2822566153846154
-0.17982646153846152
-0.06675692307692307
0.04965046153846154
0.15604430769230768
0.24324553846153843
0.3035353846153846
0.31688676923076925
0.29644246153846154
0.2503384615384615
0.18775384615384613
0.12704676923076924
0.06008123076923077
-0.012099692307692308
-0.07948246153846153
-0.13080184615384613
-0.15103753846153847
-0.1435273846153846
-0.12350030769230769
-0.09283384615384616
-0.05444861538461539
-0.0035464615384615383
0.05507446153846154
0.11035753846153845
0.15145476923076923
0.16626646153846153
0.16730953846153845
0.15792184615384616
0.14311015384615386
0.12412615384615384
0.08365476923076923
0.026702769230769228
-0.037342153846153844
-0.09491999999999999
-0.14081538461538462
-0.1792006153846154
-0.19296923076923078
-0.1860849230769231
-0.14519630769230768
-0.07280676923076923
0.009804923076923077
0.07280676923076923
0.10535076923076922
0.11640738461538462
0.09596307692307693
0.061124307692307686
-0.008136
-0.0798996923076923
-0.14102399999999998
-0.14582215384615385
-0.07030338461538461
0.11473846153846154
0.3081249230769231
0.41535323076923075
0.5864178461538462
0.6882221538461537
0.7733372307692308
0.7735458461538461
0.5751526153846154
0.29873723076923075
-0.10493353846153847
-0.4512350769230769
-0.7777181538461537
-1.0666504615384615
-1.23396
-1.318032
-1.1384141538461539
-0.7862713846153846
-0.2853858461538461
0.295608
0.7739630769230769
1.1972436923076923
1.436734153846154
1.4828381538461537
1.3365987692307693
0.9187421538461538
0.3917796923076923
-0.21779446153846155
-0.8206929230769231
-1.2270756923076922
-1.4882621538461538
-1.5256043076923076
-1.3595464615384616
-1.073534769230769
-0.608531076923077
-0.08845292307692308
0.4641692307692307
0.9608824615384615
1.2700504615384614
1.421713846153846
1.3891698461538462
1.2158104615384615
0.9160301538461537
0.4581193846153846
-0.05736923076923077
-0.5759870769230769
-1.0067778461538461
-1.2662953846153846
-1.41024
-1.3962627692307694
-1.2279101538461539
-0.9408553846153846
-0.5298830769230769
-0.09137353846153846
0.3310726153846154
0.7086664615384615
0.9871679999999999
1.1953661538461537
1.2971704615384614
1.252944
1.0758295384615384
0.7652012307692307
0.3844781538461538
-0.03880246153846154
-0.46542092307692307
-0.8436406153846153
-1.1538516923076922
-1.3282541538461539
-1.3555827692307691
-1.2072572307692309
-0.866796923076923
-0.41034646153846155
0.13852061538461538
0.704076923076923
1.2072572307692309
1.6092590769230768
1.8114073846153844
1.7940923076923077
1.5374953846153847
1.0628953846153846
0.4896203076923077
-0.14144123076923076
-0.7614461538461539
-1.298422153846154
-1.688950153846154
-1.8439513846153845
-1.7592535384615384
-1.4475821538461537
-0.9592135384615383
-0.3542289230769231
0.32898646153846156
0.9867507692307691
1.5205975384615384
1.8639784615384616
1.9351163076923077
1.742147076923077
1.3382676923076922
0.7745889230769232
0.1635544615384615
-0.44414215384615385
-0.9852904615384614
-1.3768615384615384
-1.5846424615384616
-1.5637809230769228
-1.3299230769230768
-0.9366830769230768
-0.44956615384615384
0.06133292307692308
0.557628923076923
0.9725649230769231
1.2569076923076923
1.3779046153846155
1.3059323076923077
1.0866775384615384
0.7499723076923077
0.3565236923076923
-0.03275261538461539
-0.41556184615384617
-0.7297366153846154
-0.9452363076923076
-1.0551766153846154
-1.0318116923076923
-0.9037218461538462
-0.7019907692307692
-0.4485230769230769
-0.16710092307692306
0.13998092307692306
0.442056
0.6823809230769231
0.8384252307692308
0.896628923076923
0.8736812307692307
0.7852283076923077
0.6166670769230769
0.39657784615384617
0.13393107692307693
-0.13998092307692306
-0.3915710769230769
-0.6097827692307692
-0.7595686153846154
-0.8519852307692307
-0.8632504615384615
-0.7722941538461539
-0.5964313846153846
-0.3346190769230769
-0.025033846153846153
0.30019753846153846
0.6114516923076924
0.8526110769230768
0.9994763076923077
1.0345236923076921
0.9358486153846154
0.7159679999999999
0.40450523076923073
0.04944184615384615
-0.30186646153846153
-0.6089483076923077
-0.8348787692307692
-0.9700615384615384
-0.9811181538461538
-0.8670055384615385
-0.6567212307692307
-0.3692492307692308
-0.06654830769230768
0.23198030769230768
0.4914978461538461
0.6800861538461539
0.7948246153846155
0.7933643076923076
0.6955236923076923
0.5280055384615384
0.3127144615384615
0.08344615384615384
-0.13726892307692307
-0.3210590769230769
-0.45311261538461534
-0.5083956923076923
-0.4848221538461538
-0.41013784615384613
-0.29748553846153847
-0.1800350769230769
-0.06487938461538462
0.04860738461538461
0.13059323076923077
0.18107815384615383
0.19839323076923077
0.1858763076923077
0.15896492307692306
0.13309661538461537
0.11911938461538461
0.11202646153846153
0.09512861538461538
0.06842584615384616
0.030040615384615384
-0.03129230769230769
-0.10096984615384616
-0.17398523076923075
-0.24574892307692306
-0.3016578461538461
-0.32377107692307694
-0.29185292307692307
-0.20402584615384614
-0.07384984615384615
0.07802215384615384
0.23364923076923078
0.38301784615384615
0.5002596923076923
0.5509532307692308
0.5198695384615385
0.4017932307692308
0.22447015384615385
0.025659692307692307
-0.1777403076923077
-0.35631507692307696
-0.49817353846153845
-0.5780732307692308
-0.5691027692307692
-0.47230523076923075
-0.29602523076923076
-0.09408553846153846
0.10055261538461538
0.2814221538461538
0.4268270769230769
0.533220923076923
0.5751526153846154
0.5363501538461538
0.42348923076923073
0.25200738461538463
0.06863446153846153
-0.10535076923076922
-0.24303692307692307
-0.32377107692307694
-0.35631507692307696
-0.3243969230769231
-0.2357353846153846
-0.10910584615384614
0.03629907692307692
0.16730953846153845
0.2689052307692308
0.3291950769230769
0.3437981538461538
0.32961230769230765
0.28350830769230767
0.21341353846153846
0.13205353846153844
0.05444861538461539
0.009596307692307692
-0.013560000000000001
-0.02858030769230769
-0.04401784615384615
-0.06300184615384616
-0.06487938461538462
-0.056951999999999996
-0.04401784615384615
-0.028163076923076923
-0.028371692307692306
-0.010848
0.02524246153846154
0.059664
0.10576799999999999
0.13226215384615383
0.14540492307692307
0.16063384615384615
0.15959076923076923
0.15187199999999998
0.11765907692307691
0.05194523076923077
-0.03337846153846154
-0.11223507692307692
-0.15792184615384616
-0.1804523076923077
-0.1712732307692308
-0.14436184615384615
-0.09971815384615385
-0.01940123076923077
0.08344615384615384
0.18963138461538462
0.260352
0.28100492307692304
0.26535876923076923
0.20256553846153844
0.0963803076923077
-0.026076923076923077
-0.1639716923076923
-0.29727692307692305
-0.3984553846153846
-0.44581107692307687
-0.42411507692307693
-0.3617390769230769
-0.26681907692307694
-0.1504116923076923
-0.01940123076923077
0.1218313846153846
0.23344061538461539
0.3012406153846154
0.30583015384615386
0.23448369230769228
0.12266584615384615
-0.009596307692307692
-0.14749107692307692
-0.27182584615384614
-0.37967999999999996
-0.44393353846153844
-0.45060923076923076
-0.3955347692307692
-0.2830910769230769
-0.14123261538461537
0.016480615384615385
0.16876984615384616
0.295608
0.3780110769230769
0.3972036923076923
0.344424
0.2275993846153846
0.07238953846153846
-0.08115138461538463
-0.21320492307692307
-0.32231076923076923
-0.3861470769230769
-0.38593846153846156
-0.314592
-0.19860184615384616
-0.054240000000000003
0.09909230769230769
0.2290596923076923
0.3195987692307692
0.36570276923076916
0.3707095384615384
0.32043323076923075
0.22551323076923077
0.10263876923076923
-0.01856676923076923
-0.11244369230769231
-0.17669723076923077
-0.20486030769230767
-0.19380369230769232
-0.14331876923076922
-0.05507446153846154
0.0609156923076923
0.17961784615384613
0.28955815384615385
0.3675803076923077
0.40387938461538464
0.41076369230769233
0.3811403076923077
0.31646953846153847
0.23281476923076924
0.14039815384615384
0.05924676923076923
0.006258461538461538
-0.024616615384615383
-0.03337846153846154
-0.03045784615384615
-0.031709538461538456
-0.028788923076923077
-0.02273907692307692
-0.026911384615384615
-0.032544
-0.03713353846153846
-0.03963692307692308
-0.030040615384615384
-0.010848
0.015854769230769228
0.047772923076923074
0.0798996923076923
0.10910584615384614
0.12537784615384615
0.12370892307692308
0.09971815384615385
0.0448523076923077
-0.029832
-0.11035753846153845
-0.1775316923076923
-0.22405292307692307
-0.2482523076923077
-0.23928184615384615
-0.19505538461538463
-0.11265230769230769
-0.014394461538461538
0.08699261538461538
0.17648861538461538
0.23093723076923076
0.25200738461538463
0.23135446153846154
0.1712732307692308
0.07823076923076923
-0.03483876923076923
-0.1422756923076923
-0.22947692307692308
-0.2853858461538461
-0.30436984615384616
-0.2814221538461538
-0.21925476923076925
-0.12496061538461539
-0.008344615384615384
0.11223507692307692
0.21466523076923077
0.2822566153846154
0.29602523076923076
0.2557624615384615
0.18212123076923076
0.0855323076923077
-0.021070153846153846
-0.12266584615384615
-0.19818461538461538
-0.23844738461538462
-0.22843384615384613
-0.1721076923076923
-0.09784061538461537
-0.007510153846153846
0.07301538461538462
0.13038461538461538
0.16626646153846153
0.16647507692307692
0.14436184615384615
0.10535076923076922
0.05924676923076923
0.031918153846153846
0.018775384615384614
0.015646153846153844
0.022947692307692308
0.03337846153846154
0.04965046153846154
0.06425353846153846
0.06717415384615384
0.051528
0.009596307692307692
-0.04631261538461538
-0.10180430769230768
-0.14269292307692305
-0.15562707692307692
-0.15187199999999998
-0.130176
-0.07739630769230768
0.0002086153846153846
0.09012184615384615
0.1710646153846154
0.23364923076923078
0.2682793846153846
0.25930892307692305
0.20798953846153845
0.116616
-0.008970461538461538
-0.14311015384615386
-0.2730775384615384
-0.3646596923076923
-0.38531261538461536
-0.336288
-0.24011630769230768
-0.11599015384615384
0.027745846153846152
0.1395636923076923
0.23969907692307693
0.30854215384615385
0.3198073846153846
0.279336
0.17273353846153844
0.04088861538461538
-0.07030338461538461
-0.15500123076923078
-0.17148184615384612
-0.09304246153846155
-0.11286092307692308
-0.14811692307692306
-0.09554584615384615
-0.06905169230769231
0.0744756923076923
0.15833907692307692
0.07030338461538461
0.017523692307692306
-0.053405538461538456
-0.0022947692307692304
0.07635323076923077
0.05111076923076923
0.024199384615384616
-0.03692492307692308
0.05319692307692307
0.184416
0.2768326153846154
0.30436984615384616
0.16835261538461538
0.1341396923076923
0.10514215384615383
0.08240307692307691
0.10263876923076923
-0.024616615384615383
-0.047981538461538464
-0.07948246153846153
-0.119328
0.010848
0.03567323076923076
0.10159569230769232
0.19359507692307693
0.16188553846153847
0.22008923076923076
0.238656
0.2415766153846154
0.2722430769230769
0.15896492307692306
0.05111076923076923
-0.05716061538461538
-0.12808984615384614
-0.11828492307692307
-0.16835261538461538
-0.19672430769230767
-0.20277415384615383
-0.13101046153846155
0.02899753846153846
0.10597661538461538
0.16000799999999998
0.1691870769230769
0.1341396923076923
0.15771323076923077
0.116616
0.05924676923076923
0.017315076923076923
-0.07134646153846153
-0.07197230769230768
-0.053614153846153846
-0.07343261538461537
-0.059872615384615385
-0.08866153846153846
-0.10910584615384614
-0.10389046153846154
-0.12850707692307692
-0.1289243076923077
-0.10263876923076923
-0.05799507692307692
-0.02524246153846154
0.01940123076923077
0.06926030769230769
0.08761846153846153
0.12725538461538463
0.12245723076923076
0.07656184615384615
0.05298830769230769
0.006675692307692307
-0.02086153846153846
-0.05236246153846154
-0.11181784615384616
-0.11870215384615385
-0.13309661538461537
-0.15145476923076923
-0.14603076923076924
-0.14853415384615384
-0.0988836923076923
-0.03108369230769231
0.027120000000000002
0.07551876923076924
0.10785415384615385
0.1639716923076923
0.1856676923076923
0.17565415384615385
0.12099692307692309
-0.0029206153846153843
-0.07551876923076924
-0.12808984615384614
-0.18963138461538462
-0.19881046153846152
-0.22342707692307692
-0.19651569230769228
-0.10159569230769232
-0.03337846153846154
0.06821723076923077
0.14582215384615385
0.17732307692307692
0.21070153846153844
0.19818461538461538
0.16167692307692308
0.1028473846153846
0.03609046153846154
-0.02315630769230769
-0.07802215384615384
-0.10013538461538461
-0.12537784615384615
-0.12016246153846154
-0.065088
-0.0025033846153846152
0.08699261538461538
0.15124615384615384
0.1867107692307692
0.24053353846153847
0.2453316923076923
0.21800307692307694
0.1718990769230769
0.08344615384615384
0.03150092307692308
-0.002712
-0.03504738461538461
-0.04714707692307692
-0.06195876923076923
-0.04380923076923077
-0.005841230769230769
0.031709538461538456
0.07677046153846154
0.10180430769230768
0.111192
0.08907876923076924
0.03379569230769231
-0.011891076923076923
-0.056951999999999996
-0.06884307692307692
-0.07572738461538461
-0.11911938461538461
-0.12955015384615384
-0.11807630769230769
-0.06905169230769231
0.01272553846153846
0.05319692307692307
0.07823076923076923
0.08699261538461538
0.08073415384615384
0.09304246153846155
0.07677046153846154
0.017940923076923077
-0.04693846153846153
-0.09679753846153846
-0.10660246153846153
-0.09491999999999999
-0.07072061538461538
-0.04631261538461538
-0.03692492307692308
-0.006049846153846154
0.02899753846153846
0.06446215384615385
0.09721476923076922
0.09074769230769231
0.07635323076923077
0.05611753846153846
0.03838523076923077
0.03504738461538461
0.007510153846153846
-0.03588184615384615
-0.084072
-0.119328
-0.11181784615384616
-0.08657538461538461
-0.06571384615384615
-0.05799507692307692
-0.051319384615384614
-0.015228923076923076
0.04318338461538461
0.10514215384615383
0.12767261538461538
0.11223507692307692
0.09283384615384616
0.06926030769230769
0.06905169230769231
0.05611753846153846
0.014394461538461538
-0.018358153846153843
-0.04547815384615384
-0.042348923076923076
-0.02211323076923077
-0.01043076923076923
0.014394461538461538
0.04193169230769231
0.07593599999999999
0.11640738461538462
0.13622584615384614
0.13622584615384614
0.10681107692307691
0.059038153846153844
0.01043076923076923
-0.02753723076923077
-0.04839876923076923
-0.07760492307692309
-0.09554584615384615
-0.0934596923076923
-0.07843938461538462
-0.03024923076923077
0.025659692307692307
0.07843938461538462
0.12850707692307692
0.15833907692307692
0.19004861538461537
0.2205064615384615
0.22655630769230767
0.20924123076923076
0.16084246153846155
0.10138707692307691
0.05236246153846154
0.006675692307692307
-0.024408000000000003
-0.055491692307692304
-0.08135999999999999
-0.07572738461538461
-0.04672984615384615
0.007301538461538462
0.05382276923076923
0.0880356923076923
0.11536430769230768
0.116616
0.10994030769230768
0.08699261538461538
0.042557538461538466
-0.003129230769230769
-0.05403138461538461
-0.1045163076923077
-0.15082892307692305
-0.18858830769230767
-0.20277415384615383
-0.184416
-0.14728246153846153
-0.10764553846153846
-0.07134646153846153
-0.044435076923076924
-0.010013538461538461
0.02023569230769231
0.04693846153846153
0.0744756923076923
0.0934596923076923
0.10618523076923077
0.11056615384615384
0.10827138461538462
0.09012184615384615
0.06446215384615385
0.027745846153846152
-0.013768615384615384
-0.03921969230769231
-0.04735569230769231
-0.035255999999999996
-0.004172307692307692
0.02899753846153846
0.059664
0.09658892307692307
0.12683815384615382
0.1558356923076923
0.1693956923076923
0.14957723076923077
0.10722830769230769
0.042974769230769226
-0.015854769230769228
-0.07009476923076922
-0.11828492307692307
-0.15208061538461537
-0.16480615384615382
-0.1435273846153846
-0.10117846153846152
-0.044435076923076924
0.012934153846153845
0.07009476923076922
0.11828492307692307
0.1585476923076923
0.17398523076923075
0.15479261538461536
0.11640738461538462
0.05048492307692308
0.006258461538461538
-0.010013538461538461
-0.0043809230769230765
0.015020307692307692
0.03108369230769231
0.06529661538461538
0.10639384615384614
0.1570873846153846
0.1927606153846154
0.2090326153846154
0.20131384615384615
0.15562707692307692
0.08907876923076924
-0.0004172307692307692
-0.0892873846153846
-0.16751815384615384
-0.22718215384615387
-0.2426196923076923
-0.20256553846153844
-0.11473846153846154
-0.010013538461538461
0.09825784615384614
0.18921415384615384
0.25388492307692306
0.2899753846153846
0.27704123076923076
0.22196676923076922
0.11599015384615384
-0.023364923076923075
-0.1543753846153846
-0.265776
-0.33315876923076926
-0.3485963076923077
-0.3246055384615385
-0.24324553846153843
-0.1070196923076923
0.04839876923076923
0.20486030769230767
0.32001599999999997
0.3815575384615385
0.3947003076923077
0.3517255384615385
0.2682793846153846
0.13998092307692306
-0.011891076923076923
-0.15750461538461538
-0.2689052307692308
-0.3202246153846154
-0.3187643076923077
-0.25972615384615383
-0.16334584615384617
-0.056326153846153845
0.051319384615384614
0.13747753846153846
0.19463815384615382
0.2073636923076923
0.17377661538461536
0.116616
0.03859384615384615
-0.04172307692307692
-0.10743692307692307
-0.1543753846153846
-0.1693956923076923
-0.14603076923076924
-0.08949599999999999
-0.016480615384615385
0.04944184615384615
0.08365476923076923
0.09158215384615384
0.08386338461538462
0.05298830769230769
0.002712
-0.053614153846153846
-0.0961716923076923
-0.1136953846153846
-0.10535076923076922
-0.0717636923076923
-0.018983999999999997
0.03421292307692308
0.07802215384615384
0.119328
0.14561353846153846
0.13768615384615385
0.08699261538461538
-0.0070929230769230765
-0.11974523076923077
-0.21341353846153846
-0.2837169230769231
-0.3193901538461538
-0.3210590769230769
-0.287472
-0.21612553846153845
-0.11870215384615385
0.0043809230769230765
0.11953661538461538
0.2059033846153846
0.25701415384615384
0.26681907692307694
0.23949046153846154
0.1779489230769231
0.0892873846153846
-0.019609846153846155
-0.12329169230769231
-0.19150892307692308
-0.2154996923076923
-0.19881046153846152
-0.14978584615384616
-0.08156861538461539
0.0050067692307692304
0.10055261538461538
0.1913003076923077
0.2588916923076923
0.27328615384615385
0.24032492307692307
0.18149538461538461
0.11578153846153846
0.04902461538461538
-0.02357353846153846
-0.09158215384615384
-0.138312
-0.15270646153846154
-0.1368516923076923
-0.10660246153846153
-0.07531015384615385
-0.04756430769230769
-0.021278769230769233
0.010639384615384617
0.03504738461538461
0.06341907692307691
0.07802215384615384
0.0744756923076923
0.08115138461538463
0.084072
0.09471138461538461
0.10076123076923077
0.10055261538461538
0.09909230769230769
0.0936683076923077
0.09575446153846154
0.0961716923076923
0.0880356923076923
0.05444861538461539
0.01043076923076923
-0.019192615384615384
-0.034630153846153845
-0.02586830769230769
-0.008761846153846153
0.009179076923076922
0.040262769230769234
0.08490646153846154
0.13664307692307692
0.17440246153846153
0.17732307692307692
0.14853415384615384
0.09429415384615383
0.02545107692307692
-0.05507446153846154
-0.1506203076923077
-0.2509643076923077
-0.34630153846153844
-0.4105550769230769
-0.4483144615384615
-0.46250030769230766
-0.4383009230769231
-0.3412947692307692
-0.17315076923076922
0.04318338461538461
0.2828824615384615
0.48357046153846156
0.6550523076923076
0.7437138461538461
0.7570652307692307
0.6696553846153845
0.45707630769230767
0.1990190769230769
-0.0853236923076923
-0.2993630769230769
-0.5144455384615384
-0.6625624615384615
-0.6894738461538461
-0.6571384615384616
-0.4746
-0.25451076923076926
0.009596307692307692
0.2626467692307692
0.4508178461538461
0.6243858461538462
0.6598504615384616
0.6012295384615385
0.4478972307692307
0.2138307692307692
-0.01981846153846154
-0.3012406153846154
-0.5188264615384615
-0.6538006153846154
-0.6961495384615385
-0.5872523076923076
-0.4251581538461538
-0.2073636923076923
0.01710646153846154
0.2138307692307692
0.40700861538461536
0.48816
0.4775206153846153
0.41076369230769233
0.29039261538461536
0.2127876923076923
0.12934153846153845
0.03713353846153846
-0.03671630769230769
-0.11745046153846153
-0.1341396923076923
-0.130176
-0.13455692307692307
-0.1314276923076923
-0.14164984615384615
-0.1207883076923077
-0.09053907692307692
-0.06154153846153846
-0.02023569230769231
0.005424
0.04714707692307692
0.09491999999999999
0.13893784615384613
0.20798953846153845
0.2586830769230769
0.2860116923076923
0.2782929230769231
0.19797599999999999
0.09241661538461539
-0.035255999999999996
-0.17982646153846152
-0.30562153846153844
-0.42015138461538465
-0.45561599999999997
-0.39699507692307695
-0.2586830769230769
-0.05236246153846154
0.15145476923076923
0.35318584615384613
0.5371846153846154
0.6779999999999999
0.7462172307692307
0.6909341538461538
0.5434430769230769
0.3473446153846154
0.13121907692307694
-0.06926030769230769
-0.24992123076923078
-0.38531261538461536
-0.4478972307692307
-0.4389267692307692
-0.34317230769230767
-0.1858763076923077
0.004798153846153846
0.20423446153846153
0.3669544615384615
0.4789809230769231
0.5165316923076922
0.48816
0.39908123076923074
0.23469230769230767
0.03775938461538462
-0.15750461538461538
-0.3004061538461538
-0.36570276923076916
-0.38072307692307694
-0.3277347692307692
-0.22113230769230768
-0.078648
0.10159569230769232
0.25117292307692307
0.344424
0.3717526153846154
0.32836061538461536
0.273912
0.19338646153846153
0.0936683076923077
0.005424
-0.07802215384615384
-0.11870215384615385
-0.11348676923076922
-0.07572738461538461
-0.031709538461538456
-0.011265230769230769
0.010013538461538461
0.02899753846153846
0.0446436923076923
0.04318338461538461
0.003755076923076923
-0.04318338461538461
-0.10013538461538461
-0.14290153846153844
-0.14290153846153844
-0.12433476923076923
-0.08782707692307692
-0.04088861538461538
0.017940923076923077
0.09763200000000001
0.16689230769230767
0.21049292307692305
0.21988061538461537
0.17544553846153846
0.09763200000000001
0.003755076923076923
-0.08949599999999999
-0.1693956923076923
-0.24595753846153845
-0.287472
-0.2753723076923077
-0.2059033846153846
-0.09012184615384615
0.019609846153846155
0.124752
0.21028430769230766
0.26786215384615386
0.31208861538461535
0.3049956923076923
0.24887815384615386
0.15500123076923078
0.029414769230769227
-0.07948246153846153
-0.15792184615384616
-0.22029784615384615
-0.260352
-0.2799618461538461
-0.2540935384615385
-0.19338646153846153
-0.11953661538461538
-0.042557538461538466
0.007301538461538462
0.050067692307692306
0.08365476923076923
0.10660246153846153
0.12621230769230768
0.12808984615384614
0.11807630769230769
0.09658892307692307
0.0717636923076923
0.07343261538461537
0.0855323076923077
0.0853236923076923
0.08177723076923075
0.06529661538461538
0.042974769230769226
0.023990769230769232
-0.0035464615384615383
-0.040679999999999994
-0.09095630769230768
-0.1314276923076923
-0.12662953846153846
-0.0892873846153846
-0.03483876923076923
0.017940923076923077
0.06967753846153846
0.132888
0.1800350769230769
0.19985353846153847
0.17961784615384613
0.11181784615384616
0.015228923076923076
-0.09137353846153846
-0.18379015384615385
-0.2674449230769231
-0.34317230769230767
-0.3740473846153846
-0.3513083076923077
-0.2722430769230769
-0.14457046153846154
-0.007510153846153846
0.13351384615384615
0.25659692307692306
0.3412947692307692
0.3873987692307692
0.37926276923076924
0.3246055384615385
0.21779446153846155
0.07739630769230768
-0.059872615384615385
-0.18212123076923076
-0.25701415384615384
-0.2803790769230769
-0.2574313846153846
-0.18754523076923074
-0.08740984615384616
0.03379569230769231
0.14582215384615385
0.22989415384615383
0.27453784615384613
0.26452430769230767
0.21716861538461538
0.13309661538461537
0.022530461538461537
-0.09575446153846154
-0.2021483076923077
-0.2647329230769231
-0.2822566153846154
-0.2563883076923077
-0.19505538461538463
-0.1178676923076923
-0.03838523076923077
0.02899753846153846
0.07218092307692307
0.09053907692307692
0.07823076923076923
0.03880246153846154
-0.013768615384615384
-0.06738276923076922
-0.1028473846153846
-0.13810338461538463
-0.14936861538461538
-0.11724184615384614
-0.0678
0.006049846153846154
0.07885661538461539
0.13872923076923074
0.17419384615384614
0.17148184615384612
0.14832553846153845
0.0974233846153846
0.03275261538461539
-0.03275261538461539
-0.10681107692307691
-0.15792184615384616
-0.1869193846153846
-0.19547261538461536
-0.17252492307692308
-0.13601723076923075
-0.07885661538461539
-0.020652923076923076
0.03233538461538461
0.0798996923076923
0.0936683076923077
0.09053907692307692
0.06842584615384616
0.035464615384615386
0.012099692307692308
-0.013560000000000001
-0.028371692307692306
-0.02524246153846154
-0.004589538461538461
0.030875076923076922
0.059664
0.08073415384615384
0.08824430769230769
0.07343261538461537
0.05736923076923077
0.04652123076923077
0.03880246153846154
0.03400430769230769
0.02899753846153846
0.03045784615384615
0.047772923076923074
0.078648
0.1045163076923077
0.11223507692307692
0.100344
0.08010830769230769
0.04902461538461538
0.003755076923076923
-0.04631261538461538
-0.10868861538461538
-0.17002153846153847
-0.20694646153846152
-0.21696000000000001
-0.19714153846153845
-0.1489513846153846
-0.07739630769230768
0.008761846153846153
0.09658892307692307
0.17481969230769231
0.2292683076923077
0.24574892307692306
0.21633415384615384
0.1504116923076923
0.06529661538461538
-0.018358153846153843
-0.09658892307692307
-0.16021661538461537
-0.2075723076923077
-0.22029784615384615
-0.1860849230769231
-0.12558646153846154
-0.035255999999999996
0.06383630769230769
0.16188553846153847
0.25054707692307693
0.30520430769230766
0.32314523076923074
0.29414769230769233
0.22321846153846153
0.12788123076923075
0.02482523076923077
-0.05862092307692307
-0.12558646153846154
-0.17544553846153846
-0.19317784615384614
-0.18274707692307693
-0.1397723076923077
-0.07948246153846153
-0.009804923076923077
0.05757784615384615
0.10722830769230769
0.13789476923076924
0.15103753846153847
0.15416676923076922
0.1449876923076923
0.12621230769230768
0.10243015384615384
0.08219446153846154
0.06821723076923077
0.06133292307692308
0.051528
0.04568676923076923
0.05236246153846154
0.06258461538461538
0.07468430769230769
0.07343261538461537
0.058829538461538454
0.03504738461538461
0.00855323076923077
-0.008136
-0.016480615384615385
-0.013560000000000001
-0.0033378461538461535
0.006049846153846154
0.032544
0.07197230769230768
0.10180430769230768
0.12099692307692309
0.10806276923076923
0.07134646153846153
0.025033846153846153
-0.03358707692307692
-0.09179076923076923
-0.15604430769230768
-0.20527753846153846
-0.2342750769230769
-0.23510953846153848
-0.19755876923076923
-0.14582215384615385
-0.07969107692307692
-0.005424
0.07343261538461537
0.15208061538461537
0.206112
0.23448369230769228
0.22843384615384613
0.17502830769230768
0.10409907692307692
0.024199384615384616
-0.06195876923076923
-0.15145476923076923
-0.2275993846153846
-0.2624381538461539
-0.260352
-0.21132738461538458
-0.12955015384615384
-0.03692492307692308
0.059872615384615385
0.14686523076923075
0.22175815384615383
0.26681907692307694
0.26160369230769226
0.20486030769230767
0.11807630769230769
0.03421292307692308
-0.026285538461538457
-0.05674338461538461
-0.0717636923076923
-0.06571384615384615
-0.03859384615384615
0.008344615384615384
0.07113784615384615
0.13455692307692307
0.18086953846153844
0.19359507692307693
0.1881710769230769
0.1733593846153846
0.14978584615384616
0.11828492307692307
0.09033046153846153
0.0717636923076923
0.06675692307692307
0.07635323076923077
0.09825784615384614
0.1356
0.16209415384615386
0.17148184615384612
0.16334584615384617
0.13643446153846153
0.10243015384615384
0.047772923076923074
-0.015020307692307692
-0.07405846153846153
-0.11223507692307692
-0.12308307692307692
-0.12016246153846154
-0.08720123076923077
-0.044435076923076924
0.020027076923076922
0.09471138461538461
0.15604430769230768
0.20110523076923076
0.20360861538461536
0.1693956923076923
0.100344
0.013351384615384614
-0.08198584615384615
-0.17899199999999998
-0.2559710769230769
-0.30207507692307695
-0.30186646153846153
-0.24637476923076923
-0.14582215384615385
-0.01814953846153846
0.100344
0.19463815384615382
0.2371956923076923
0.22426153846153846
0.1718990769230769
0.0798996923076923
-0.03692492307692308
-0.17419384615384614
-0.2789187692307692
-0.3506824615384615
-0.35860984615384617
-0.3202246153846154
-0.15562707692307692
0.013768615384615384
0.04965046153846154
0.16438892307692307
0.20256553846153844
0.24700061538461537
0.23844738461538462
0.05590892307692308
-0.10785415384615385
-0.33649661538461534
-0.41618769230769226
-0.4072172307692307
-0.40325353846153844
-0.32377107692307694
-0.2730775384615384
-0.06550523076923077
0.18650215384615382
0.4118067692307692
0.6066535384615385
0.5878781538461538
0.5378104615384616
0.4322510769230769
0.2601433846153846
0.13247076923076923
-0.09679753846153846
-0.2632726153846154
-0.3517255384615385
-0.45436430769230773
-0.3571495384615384
-0.222384
-0.05674338461538461
0.16042523076923076
0.2716172307692308
0.4105550769230769
0.4866996923076923
0.5094387692307691
0.5284227692307693
0.4115981538461538
0.23907323076923076
0.03942830769230769
-0.13080184615384613
-0.20027076923076922
-0.27787569230769227
-0.327108923076923
-0.3402516923076923
-0.31500923076923076
-0.17461107692307692
-0.04819015384615385
0.06487938461538462
0.16751815384615384
0.20027076923076922
0.25555384615384613
0.2709913846153846
0.23615261538461538
0.21111876923076925
0.12516923076923075
0.058412307692307694
0.022947692307692308
-0.03483876923076923
-0.07051199999999999
-0.124752
-0.16793538461538463
-0.19442953846153843
-0.22196676923076922
-0.2205064615384615
-0.20319138461538463
-0.14436184615384615
-0.10576799999999999
-0.084072
-0.01272553846153846
0.04526953846153846
0.119328
0.17732307692307692
0.16772676923076923
0.15395815384615386
0.0963803076923077
0.027120000000000002
-0.040262769230769234
-0.1504116923076923
-0.23052
-0.2858030769230769
-0.31208861538461535
-0.28434276923076923
-0.24095076923076922
-0.1506203076923077
-0.025659692307692307
0.09450276923076922
0.19797599999999999
0.26306399999999996
0.3387913846153846
0.37926276923076924
0.3481790769230769
0.2858030769230769
0.15228923076923076
0.015854769230769228
-0.09784061538461537
-0.22822523076923076
-0.30186646153846153
-0.34066892307692304
-0.32898646153846156
-0.22947692307692308
-0.12266584615384615
0.0077187692307692304
0.14081538461538462
0.23844738461538462
0.30436984615384616
0.3047870769230769
0.252216
0.13935507692307691
0.003755076923076923
-0.10347323076923076
-0.19004861538461537
-0.23469230769230767
-0.2582658461538461
-0.24512307692307692
-0.17169046153846151
-0.08907876923076924
0.018775384615384614
0.12558646153846154
0.19296923076923078
0.260352
0.30520430769230766
0.30937661538461536
0.2666104615384615
0.16501476923076921
0.059664
-0.025033846153846153
-0.10493353846153847
-0.16000799999999998
-0.19588984615384614
-0.20381723076923075
-0.17419384615384614
-0.1136953846153846
-0.018775384615384614
0.06654830769230768
0.13330523076923076
0.1656406153846154
0.15354092307692307
0.13038461538461538
0.0826116923076923
0.028371692307692306
-0.02044430769230769
-0.09095630769230768
-0.14686523076923075
-0.1718990769230769
-0.16459753846153846
-0.11765907692307691
-0.09116492307692307
-0.07656184615384615
-0.05069353846153846
-0.01814953846153846
0.03337846153846154
0.073224
0.07823076923076923
0.05444861538461539
0.03504738461538461
0.04944184615384615
0.07051199999999999
0.08720123076923077
0.09846646153846153
0.09429415384615383
0.1070196923076923
0.11765907692307691
0.12391753846153845
0.11745046153846153
0.07405846153846153
0.034630153846153845
-0.015854769230769228
-0.06195876923076923
-0.07405846153846153
-0.07948246153846153
-0.07405846153846153
-0.061124307692307686
-0.021487384615384613
0.05048492307692308
0.11911938461538461
0.16501476923076921
0.1666836923076923
0.12934153846153845
0.0717636923076923
0.018775384615384614
-0.026494153846153844
-0.08574092307692306
-0.15792184615384616
-0.21049292307692305
-0.21842030769230766
-0.1869193846153846
-0.1358086153846154
-0.08574092307692306
-0.026494153846153844
0.035255999999999996
0.09179076923076923
0.14144123076923076
0.1558356923076923
0.15187199999999998
0.1289243076923077
0.09283384615384616
0.065088
0.02273907692307692
-0.015854769230769228
-0.047772923076923074
-0.0717636923076923
-0.07343261538461537
-0.06738276923076922
-0.04985907692307692
-0.040262769230769234
-0.043392
-0.04756430769230769
-0.05862092307692307
-0.05945538461538461
-0.04985907692307692
-0.040054153846153843
-0.018983999999999997
-0.0008344615384615384
0.021696
0.06946892307692307
0.1136953846153846
0.1543753846153846
0.17523692307692307
0.16751815384615384
0.15187199999999998
0.1136953846153846
0.061124307692307686
-0.005424
-0.07197230769230768
-0.11578153846153846
-0.1435273846153846
-0.13309661538461537
-0.09283384615384616
-0.02795446153846154
0.06905169230769231
0.16793538461538463
0.26076923076923075
0.3319070769230769
0.36215630769230767
0.3609046153846154
0.3269003076923077
0.254928
0.15792184615384616
0.03963692307692308
-0.07614461538461538
-0.15646153846153846
-0.19714153846153845
-0.19693292307692306
-0.16647507692307692
-0.11014892307692307
-0.031709538461538456
0.04526953846153846
0.11953661538461538
0.1829556923076923
0.22801661538461537
0.2453316923076923
0.23761292307692305
0.2154996923076923
0.17294215384615383
0.11619876923076923
0.04714707692307692
-0.024408000000000003
-0.08344615384615384
-0.11703323076923078
-0.12412615384615384
-0.10994030769230768
-0.09053907692307692
-0.07030338461538461
-0.035464615384615386
0.011473846153846154
0.05653476923076922
0.0897046153846154
0.10576799999999999
0.11286092307692308
0.11724184615384614
0.11473846153846154
0.09679753846153846
0.05590892307692308
0.006258461538461538
-0.04318338461538461
-0.08344615384615384
-0.12308307692307692
-0.16188553846153847
-0.19818461538461538
-0.22300984615384614
-0.21862892307692305
-0.19442953846153843
-0.15270646153846154
-0.11265230769230769
-0.07343261538461537
-0.047772923076923074
-0.028371692307692306
0.005215384615384615
0.028788923076923077
0.04214030769230769
0.04547815384615384
0.040679999999999994
0.03483876923076923
0.024408000000000003
0.010639384615384617
-0.00855323076923077
-0.03567323076923076
-0.05611753846153846
-0.06842584615384616
-0.07489292307692308
-0.08386338461538462
-0.09867507692307692
-0.103056
-0.09262523076923077
-0.04631261538461538
0.018358153846153843
0.07635323076923077
0.130176
0.16710092307692306
0.19818461538461538
0.21508246153846153
0.19964492307692308
0.157296
0.08490646153846154
0.004798153846153846
-0.06467076923076923
-0.12016246153846154
-0.15750461538461538
-0.17648861538461538
-0.1721076923076923
-0.13080184615384613
-0.051319384615384614
0.04735569230769231
0.1506203076923077
0.23615261538461538
0.29915446153846154
0.33378461538461535
0.34004307692307695
0.3158436923076923
0.2482523076923077
0.1597993846153846
0.05757784615384615
-0.037967999999999995
-0.10555938461538462
-0.15228923076923076
-0.16876984615384616
-0.15500123076923078
-0.11056615384615384
-0.041514461538461535
0.042348923076923076
0.11995384615384615
0.17315076923076922
0.20527753846153846
0.21111876923076925
0.19505538461538463
0.14811692307692306
0.07572738461538461
-0.006258461538461538
-0.09158215384615384
-0.15562707692307692
-0.18650215384615382
-0.19150892307692308
-0.17982646153846152
-0.15082892307692305
-0.10201292307692307
-0.03483876923076923
0.03421292307692308
0.08949599999999999
0.12850707692307692
0.1462393846153846
0.15270646153846154
0.1435273846153846
0.11014892307692307
0.05924676923076923
0.0016689230769230767
-0.052153846153846155
-0.09012184615384615
-0.09992676923076924
-0.09283384615384616
-0.07802215384615384
-0.05716061538461538
-0.027328615384615382
0.019192615384615384
0.06884307692307692
0.10243015384615384
0.10868861538461538
0.084072
0.044435076923076924
-0.0016689230769230767
-0.05090215384615384
-0.09784061538461537
-0.1353913846153846
-0.16000799999999998
-0.16334584615384617
-0.13935507692307691
-0.10868861538461538
-0.08323753846153846
-0.06425353846153846
-0.051319384615384614
-0.028371692307692306
-0.0012516923076923076
0.019609846153846155
0.038176615384615385
0.04214030769230769
0.04526953846153846
0.05590892307692308
0.0609156923076923
0.05611753846153846
0.031709538461538456
0.0033378461538461535
-0.013351384615384614
-0.01981846153846154
-0.02023569230769231
-0.02795446153846154
-0.04380923076923077
-0.04526953846153846
-0.03400430769230769
-0.007510153846153846
0.02482523076923077
0.03483876923076923
0.042974769230769226
0.05090215384615384
0.07551876923076924
0.11891076923076922
0.14290153846153844
0.14457046153846154
0.11306953846153844
0.05736923076923077
-0.006675692307692307
-0.078648
-0.14811692307692306
-0.21237046153846154
-0.252216
-0.23886461538461537
-0.18337292307692307
-0.09408553846153846
0.013351384615384614
0.10910584615384614
0.19046584615384615
0.24199384615384617
0.2655673846153846
0.2411593846153846
0.16334584615384617
0.05820369230769231
-0.06633969230769231
-0.16438892307692307
-0.2261390769230769
-0.2478350769230769
-0.23490092307692306
-0.20548615384615385
-0.1353913846153846
-0.03567323076923076
0.08052553846153847
0.1787833846153846
0.24032492307692307
0.2563883076923077
0.23177169230769232
0.1842073846153846
0.09283384615384616
-0.01668923076923077
-0.12767261538461538
-0.21466523076923077
-0.23531815384615382
-0.214248
-0.06905169230769231
0.07823076923076923
0.10159569230769232
0.1802436923076923
0.21320492307692307
0.25430215384615384
0.2655673846153846
0.13184492307692308
0.010639384615384617
-0.15917353846153848
-0.2125790769230769
-0.1869193846153846
-0.19797599999999999
-0.15813046153846153
-0.15604430769230768
-0.027328615384615382
0.15625292307692307
0.30332676923076923
0.4466455384615384
0.3955347692307692
0.32377107692307694
0.24178523076923078
0.10743692307692307
0.035255999999999996
-0.14185846153846154
-0.2655673846153846
-0.31500923076923076
-0.38593846153846156
-0.2764153846153846
-0.15291507692307693
-0.016897846153846156
0.16042523076923076
0.23093723076923076
0.3369138461538461
0.38572984615384615
0.38656430769230765
0.4007501538461538
0.3049956923076923
0.20944984615384615
0.10660246153846153
0.018983999999999997
-0.020652923076923076
-0.11953661538461538
-0.192552
-0.238656
-0.24449723076923074
-0.15166338461538462
-0.08073415384615384
-0.00855323076923077
0.06905169230769231
0.1136953846153846
0.19046584615384615
0.222384
0.20173107692307693
0.1794092307692308
0.12725538461538463
0.11035753846153845
0.11056615384615384
0.07927384615384615
0.030040615384615384
-0.05736923076923077
-0.138312
-0.20444307692307692
-0.27787569230769227
-0.330864
-0.3617390769230769
-0.32836061538461536
-0.2699483076923077
-0.19985353846153847
-0.06738276923076922
0.02899753846153846
0.1218313846153846
0.19797599999999999
0.21737723076923077
0.2330233846153846
0.18149538461538461
0.11202646153846153
0.032544
-0.07969107692307692
-0.14707384615384617
-0.21007569230769232
-0.2703655384615385
-0.3216849230769231
-0.36632861538461536
-0.3160523076923077
-0.20047938461538461
-0.05820369230769231
0.07948246153846153
0.17398523076923075
0.2791273846153846
0.360696
0.38677292307692307
0.36215630769230767
0.23928184615384615
0.09846646153846153
-0.017315076923076923
-0.1435273846153846
-0.2236356923076923
-0.28267384615384616
-0.3116713846153846
-0.2776670769230769
-0.2275993846153846
-0.12579507692307693
0.0022947692307692304
0.1028473846153846
0.18858830769230767
0.2369870769230769
0.2720344615384615
0.2851772307692308
0.26076923076923075
0.22175815384615383
0.14936861538461538
0.08490646153846154
0.028788923076923077
-0.015854769230769228
-0.021278769230769233
-0.02586830769230769
-0.008136
0.03421292307692308
0.07238953846153846
0.143736
0.20861538461538462
0.22947692307692308
0.22843384615384613
0.19296923076923078
0.1804523076923077
0.17982646153846152
0.15750461538461538
0.13121907692307694
0.08344615384615384
0.059872615384615385
0.06258461538461538
0.07656184615384615
0.100344
0.08866153846153846
0.07802215384615384
0.06529661538461538
0.02357353846153846
-0.006258461538461538
-0.05444861538461539
-0.08949599999999999
-0.10618523076923077
-0.14206707692307693
-0.13643446153846153
-0.11807630769230769
-0.0771876923076923
0.0014603076923076922
0.059872615384615385
0.11432123076923076
0.14686523076923075
0.15354092307692307
0.143736
0.10576799999999999
0.062376
0.004172307692307692
-0.05069353846153846
-0.07280676923076923
-0.09784061538461537
-0.11140061538461538
-0.10743692307692307
-0.103056
-0.07802215384615384
-0.06049846153846154
-0.04109723076923077
-0.0070929230769230765
0.014185846153846153
0.04526953846153846
0.06738276923076922
0.07760492307692309
0.09846646153846153
0.10931446153846153
0.1151556923076923
0.10347323076923076
0.08156861538461539
0.06550523076923077
0.04318338461538461
0.017523692307692306
-0.029623384615384614
-0.09158215384615384
-0.15145476923076923
-0.20319138461538463
-0.21988061538461537
-0.21654276923076923
-0.20486030769230767
-0.16271999999999998
-0.09846646153846153
-0.003755076923076923
0.10138707692307691
0.1777403076923077
0.23656984615384613
0.2532590769230769
0.2225926153846154
0.16751815384615384
0.07677046153846154
-0.03859384615384615
-0.16835261538461538
-0.290184
-0.3809316923076923
-0.43245969230769227
-0.4276615384615384
-0.3744646153846154
-0.2764153846153846
-0.14665661538461539
-0.005424
0.143736
0.27286892307692306
0.35464615384615383
0.3873987692307692
0.36445107692307693
0.29644246153846154
0.20527753846153846
0.09304246153846155
-0.02273907692307692
-0.14311015384615386
-0.249504
-0.2970683076923077
-0.28392553846153845
-0.22134092307692307
-0.13247076923076923
-0.033169846153846154
0.07489292307692308
0.18170399999999998
0.27558092307692306
0.33607938461538456
0.35631507692307696
0.32961230769230765
0.26097784615384617
0.1785747692307692
0.08845292307692308
-0.006467076923076923
-0.08323753846153846
-0.14185846153846154
-0.17398523076923075
-0.17169046153846151
-0.15938215384615384
-0.14311015384615386
-0.12433476923076923
-0.0988836923076923
-0.059664
-0.025659692307692307
0.003129230769230769
0.03650769230769231
0.05820369230769231
0.06216738461538462
0.06216738461538462
0.06905169230769231
0.07635323076923077
0.06696553846153847
0.041514461538461535
0.010639384615384617
-0.014394461538461538
-0.026702769230769228
-0.03775938461538462
-0.04672984615384615
-0.04985907692307692
-0.04380923076923077
-0.01814953846153846
0.01668923076923077
0.038176615384615385
0.05507446153846154
0.07531015384615385
0.100344
0.13393107692307693
0.14999446153846155
0.14603076923076924
0.12120553846153845
0.08135999999999999
0.043600615384615383
-0.0033378461538461535
-0.04401784615384615
-0.07969107692307692
-0.10743692307692307
-0.116616
-0.11035753846153845
-0.08094276923076923
-0.04944184615384615
-0.022530461538461537
-0.0018775384615384615
0.014603076923076923
0.03212676923076923
0.037967999999999995
0.031709538461538456
0.002712
-0.03775938461538462
-0.07218092307692307
-0.09658892307692307
-0.11223507692307692
-0.12496061538461539
-0.1356
-0.14290153846153844
-0.12662953846153846
-0.09283384615384616
-0.05403138461538461
-0.022530461538461537
-0.006675692307692307
0.0008344615384615384
0.005632615384615384
0.020652923076923076
0.02086153846153846
0.011473846153846154
0.0018775384615384615
-0.006467076923076923
0.0043809230769230765
0.011265230769230769
0.013768615384615384
0.011265230769230769
0.009804923076923077
0.015228923076923076
0.02357353846153846
0.03150092307692308
0.03275261538461539
0.02211323076923077
-0.0006258461538461538
-0.010848
-0.013768615384615384
-0.02023569230769231
-0.023782153846153845
-0.02232184615384615
-0.0016689230769230767
0.043392
0.0880356923076923
0.12662953846153846
0.1502030769230769
0.14582215384615385
0.12725538461538463
0.09179076923076923
0.04652123076923077
-0.008970461538461538
-0.078648
-0.13267938461538462
-0.15562707692307692
-0.13872923076923074
-0.09575446153846154
-0.04172307692307692
0.02086153846153846
0.08031692307692308
0.14060676923076923
0.18858830769230767
0.21091015384615383
0.20173107692307693
0.1691870769230769
0.12496061538461539
0.078648
0.03567323076923076
-0.00855323076923077
-0.047981538461538464
-0.07843938461538462
-0.0855323076923077
-0.0771876923076923
-0.059038153846153844
-0.030875076923076922
-0.0022947692307692304
0.03233538461538461
0.06759138461538462
0.10409907692307692
0.13351384615384615
0.14582215384615385
0.14102399999999998
0.119328
0.0974233846153846
0.07656184615384615
0.04902461538461538
0.009179076923076922
-0.029832
-0.043392
-0.04631261538461538
-0.046104
-0.04109723076923077
-0.03984553846153846
-0.03024923076923077
-0.018775384615384614
-0.0035464615384615383
0.013560000000000001
0.011265230769230769
0.0022947692307692304
-0.0022947692307692304
0.009179076923076922
0.02586830769230769
0.027328615384615382
0.018983999999999997
0.0035464615384615383
-0.00855323076923077
-0.022947692307692308
-0.04422646153846154
-0.06884307692307692
-0.092208
-0.10263876923076923
-0.09304246153846155
-0.06321046153846153
-0.017315076923076923
0.032544
0.09053907692307692
0.16271999999999998
0.22447015384615385
0.25930892307692305
0.2497126153846154
0.20965846153846154
0.16000799999999998
0.092208
0.02357353846153846
-0.04193169230769231
-0.10138707692307691
-0.13872923076923074
-0.15166338461538462
-0.13309661538461537
-0.09867507692307692
-0.04985907692307692
-0.0002086153846153846
0.045895384615384616
0.09971815384615385
0.14811692307692306
0.18316430769230768
0.1869193846153846
0.17231630769230769
0.15479261538461536
0.1314276923076923
0.11223507692307692
0.08720123076923077
0.040262769230769234
-0.014394461538461538
-0.05444861538461539
-0.06341907692307691
-0.0448523076923077
-0.02273907692307692
0.006884307692307692
0.03942830769230769
0.0717636923076923
0.10493353846153847
0.12975876923076923
0.14269292307692305
0.13393107692307693
0.1207883076923077
0.11265230769230769
0.10243015384615384
0.08365476923076923
0.05382276923076923
0.014603076923076923
-0.02545107692307692
-0.05611753846153846
-0.08699261538461538
-0.11494707692307692
-0.15500123076923078
-0.19735015384615384
-0.23448369230769228
-0.2618123076923077
-0.2659846153846154
-0.26640184615384616
-0.3054129230769231
-0.328152
-0.24574892307692306
-0.11745046153846153
0.08866153846153846
0.2970683076923077
0.482736
0.6746621538461538
0.8156861538461538
0.9160301538461537
0.8766018461538462
0.7184713846153845
0.43433723076923075
0.12412615384615384
-0.13038461538461538
-0.3473446153846154
-0.4812756923076923
-0.5930935384615384
-0.6035243076923077
-0.5015113846153846
-0.30374399999999996
-0.03880246153846154
0.18483323076923078
0.34171199999999996
0.3942830769230769
0.3811403076923077
0.2979027692307692
0.15938215384615384
-0.041514461538461535
-0.30186646153846153
-0.48649107692307686
-0.5780732307692308
-0.52884
-0.35256
-0.15270646153846154
0.051528
0.2140393846153846
0.3160523076923077
0.3832264615384615
0.3571495384615384
0.23615261538461538
0.07843938461538462
-0.06800861538461538
-0.12537784615384615
-0.0974233846153846
-0.004798153846153846
0.10848000000000001
0.19839323076923077
0.2624381538461539
0.28768061538461537
0.2818393846153846
0.22447015384615385
0.11286092307692308
-0.012308307692307691
-0.14477907692307693
-0.23969907692307693
-0.29101846153846156
-0.3321156923076923
-0.34233784615384616
-0.3160523076923077
-0.23135446153846154
-0.08386338461538462
0.09533723076923077
0.2588916923076923
0.3819747692307692
0.4245323076923077
0.36445107692307693
0.23907323076923076
0.04214030769230769
-0.21195323076923075
-0.4622916923076923
-0.6375286153846154
-0.6928116923076922
-0.6210479999999999
-0.44685415384615385
-0.20402584615384614
0.07384984615384615
0.3327415384615385
0.5526221538461538
0.6754966153846154
0.6579729230769231
0.546780923076923
0.3738387692307692
0.17523692307692307
-0.016063384615384615
-0.19672430769230767
-0.32961230769230765
-0.38593846153846156
-0.37321292307692305
-0.2926873846153846
-0.18149538461538461
-0.04819015384615385
0.09074769230769231
0.20798953846153845
0.29352184615384613
0.3152178461538461
0.2858030769230769
0.19192615384615386
0.05236246153846154
-0.09533723076923077
-0.23406646153846156
-0.3246055384615385
-0.36403384615384615
-0.3548547692307692
-0.2851772307692308
-0.1558356923076923
-0.0002086153846153846
0.15416676923076922
0.2697396923076923
0.31250584615384613
0.2953993846153846
0.225096
0.13455692307692307
0.03880246153846154
-0.06654830769230768
-0.15208061538461537
-0.20173107692307693
-0.19609846153846153
-0.13872923076923074
-0.05611753846153846
0.02545107692307692
0.07802215384615384
0.11160923076923077
0.12537784615384615
0.10159569230769232
0.04819015384615385
-0.03567323076923076
-0.12996738461538462
-0.19964492307692308
-0.24428861538461538
-0.24908676923076922
-0.22029784615384615
-0.1787833846153846
-0.11870215384615385
-0.047772923076923074
0.031918153846153846
0.10618523076923077
0.1435273846153846
0.13810338461538463
0.10243015384615384
0.040262769230769234
-0.02586830769230769
-0.09053907692307692
-0.154584
-0.20402584615384614
-0.2369870769230769
-0.23364923076923078
-0.19735015384615384
-0.132888
-0.061750153846153844
-0.0050067692307692304
0.05236246153846154
0.09095630769230768
0.11056615384615384
0.10785415384615385
0.08344615384615384
0.05757784615384615
0.03483876923076923
0.032544
0.052571076923076915
0.08761846153846153
0.12621230769230768
0.15896492307692306
0.18232984615384615
0.18483323076923078
0.15374953846153847
0.084072
-0.015437538461538461
-0.11807630769230769
-0.21216184615384615
-0.2828824615384615
-0.30186646153846153
-0.2830910769230769
-0.208824
-0.0897046153846154
0.04944184615384615
0.21341353846153846
0.36549415384615386
0.49963384615384615
0.602064
0.6485852307692307
0.6277236923076922
0.5263366153846154
0.3617390769230769
0.15667015384615385
-0.04944184615384615
-0.2205064615384615
-0.34651015384615386
-0.4030449230769231
-0.38301784615384615
-0.28204799999999997
-0.11390399999999999
0.06633969230769231
0.22947692307692308
0.33899999999999997
0.37967999999999996
0.360696
0.2789187692307692
0.15124615384615384
-0.005632615384615384
-0.17669723076923077
-0.32961230769230765
-0.4326683076923077
-0.4756430769230769
-0.4616658461538461
-0.40200184615384615
-0.3068732307692308
-0.19046584615384615
-0.06529661538461538
0.059038153846153844
0.1597993846153846
0.2127876923076923
0.21633415384615384
0.1881710769230769
0.14039815384615384
0.08448923076923077
0.025033846153846153
-0.031918153846153846
-0.08010830769230769
-0.09930092307692308
-0.08469784615384615
-0.06383630769230769
-0.052153846153846155
-0.06446215384615385
-0.08094276923076923
-0.086784
-0.07343261538461537
-0.042557538461538466
-0.017315076923076923
0.010222153846153844
0.03963692307692308
0.08845292307692308
0.15291507692307693
0.206112
0.23531815384615382
0.21925476923076925
0.1639716923076923
0.09429415384615383
0.012308307692307691
-0.0826116923076923
-0.18253846153846154
-0.2680707692307692
-0.3148006153846154
-0.30436984615384616
-0.2357353846153846
-0.12099692307692309
0.01940123076923077
0.15667015384615385
0.2897667692307692
0.40513107692307687
0.4808584615384615
0.4983821538461538
0.4414301538461538
0.32961230769230765
0.18525046153846153
0.03880246153846154
-0.08052553846153847
-0.165432
-0.21195323076923075
-0.214248
-0.1656406153846154
-0.07092923076923077
0.04902461538461538
0.15875630769230767
0.23510953846153848
0.27558092307692306
0.2883064615384615
0.26723630769230766
0.2073636923076923
0.11578153846153846
0.0029206153846153843
-0.09533723076923077
-0.1635544615384615
-0.19964492307692308
-0.2056947692307692
-0.1869193846153846
-0.13935507692307691
-0.06028984615384615
0.03609046153846154
0.12788123076923075
0.20173107692307693
0.22947692307692308
0.22113230769230768
0.19359507692307693
0.15333230769230768
0.10555938461538462
0.043600615384615383
-0.019609846153846155
-0.06946892307692307
-0.09658892307692307
-0.10159569230769232
-0.09283384615384616
-0.08907876923076924
-0.09408553846153846
-0.09450276923076922
-0.08657538461538461
-0.07259815384615384
-0.06383630769230769
-0.05945538461538461
-0.054657230769230764
-0.043600615384615383
-0.021070153846153846
0.0025033846153846152
0.026285538461538457
0.04109723076923077
0.05027630769230769
0.05716061538461538
0.047772923076923074
0.019609846153846155
-0.03421292307692308
-0.10222153846153846
-0.15875630769230767
-0.18983999999999998
-0.18274707692307693
-0.13726892307692307
-0.06467076923076923
0.02899753846153846
0.14394461538461537
0.2626467692307692
0.3659113846153846
0.43350276923076925
0.44351630769230765
0.40700861538461536
0.3379569230769231
0.24720923076923076
0.1424843076923077
0.03024923076923077
-0.07301538461538462
-0.14436184615384615
-0.1710646153846154
-0.1585476923076923
-0.11035753846153845
-0.037967999999999995
0.0446436923076923
0.12975876923076923
0.20778092307692309
0.2620209230769231
0.2670276923076923
0.22405292307692307
0.14415323076923076
0.03921969230769231
-0.06759138461538462
-0.1710646153846154
-0.2492953846153846
-0.29769415384615383
-0.2989458461538462
-0.23886461538461537
-0.1353913846153846
-0.003129230769230769
0.127464
0.2426196923076923
0.32669169230769235
0.37425600000000003
0.38677292307692307
0.3467187692307692
0.26494153846153845
0.16105107692307694
0.05319692307692307
-0.038176615384615385
-0.11557292307692307
-0.17273353846153844
-0.21612553846153845
-0.2374043076923077
-0.22968553846153844
-0.19150892307692308
-0.12704676923076924
-0.06675692307692307
-0.009596307692307692
0.03880246153846154
0.07301538461538462
0.09304246153846155
0.10138707692307691
0.09179076923076923
0.06279323076923077
0.023782153846153845
-0.017940923076923077
-0.05799507692307692
-0.10430769230769231
-0.14936861538461538
-0.19067446153846154
-0.2157083076923077
-0.22947692307692308
-0.2374043076923077
-0.22718215384615387
-0.20527753846153846
-0.16876984615384616
-0.11557292307692307
-0.04819015384615385
0.02211323076923077
0.0771876923076923
0.11432123076923076
0.13726892307692307
0.14394461538461537
0.1316363076923077
0.09846646153846153
0.052571076923076915
-0.0022947692307692304
-0.061124307692307686
-0.1136953846153846
-0.16334584615384617
-0.2021483076923077
-0.22426153846153846
-0.222384
-0.18775384615384613
-0.12558646153846154
-0.050067692307692306
0.03567323076923076
0.1151556923076923
0.168144
0.20131384615384615
0.2059033846153846
0.1842073846153846
0.1314276923076923
0.05528307692307692
-0.023364923076923075
-0.09408553846153846
-0.14081538461538462
-0.16981292307692308
-0.1733593846153846
-0.14686523076923075
-0.09596307692307693
-0.02795446153846154
0.03775938461538462
0.0934596923076923
0.13247076923076923
0.15103753846153847
0.15813046153846153
0.157296
0.14603076923076924
0.12934153846153845
0.11056615384615384
0.09575446153846154
0.07843938461538462
0.05507446153846154
0.02586830769230769
-0.004172307692307692
-0.02858030769230769
-0.05528307692307692
-0.0771876923076923
-0.08615815384615384
-0.08198584615384615
-0.07510153846153846
-0.06383630769230769
-0.03650769230769231
-0.0029206153846153843
0.02586830769230769
0.04839876923076923
0.06738276923076922
0.09033046153846153
0.116616
0.130176
0.12662953846153846
0.10868861538461538
0.07343261538461537
0.027745846153846152
-0.027328615384615382
-0.08824430769230769
-0.15208061538461537
-0.20673784615384616
-0.2574313846153846
-0.2891409230769231
-0.24720923076923076
-0.14457046153846154
0.004172307692307692
0.1883796923076923
0.34338092307692303
0.48336184615384614
0.5958055384615384
0.6448301538461538
0.6293926153846153
0.48294461538461536
0.295608
0.0826116923076923
-0.14290153846153844
-0.328152
-0.4994252307692308
-0.5845403076923077
-0.627515076923077
-0.5686855384615385
-0.4118067692307692
-0.2422024615384615
-0.03066646153846154
0.15374953846153847
0.3047870769230769
0.3972036923076923
0.3909452307692307
0.32627446153846157
0.20486030769230767
0.03713353846153846
-0.14811692307692306
-0.32085046153846153
-0.43058215384615384
-0.44622830769230765
-0.3665372307692307
-0.21341353846153846
-0.03421292307692308
0.13768615384615385
0.27620676923076926
0.36570276923076916
0.38885907692307686
0.32877784615384614
0.21716861538461538
0.07802215384615384
-0.05194523076923077
-0.13998092307692306
-0.19359507692307693
-0.20652923076923077
-0.17481969230769231
-0.12245723076923076
-0.05674338461538461
0.0077187692307692304
0.058829538461538454
0.12412615384615384
0.1706473846153846
0.1858763076923077
0.17690584615384616
0.13121907692307694
0.084072
0.03921969230769231
-0.010848
-0.05444861538461539
-0.08490646153846154
-0.08302892307692307
-0.05444861538461539
-0.003129230769230769
0.04693846153846153
0.051528
0.048816000000000005
0.029623384615384614
-0.009179076923076922
-0.042348923076923076
-0.08240307692307691
-0.09387692307692307
-0.07134646153846153
-0.027120000000000002
0.05111076923076923
0.12955015384615384
0.19213476923076922
0.23448369230769228
0.21111876923076925
0.14394461538461537
0.04860738461538461
-0.06926030769230769
-0.18212123076923076
-0.2764153846153846
-0.32085046153846153
-0.30436984615384616
-0.22551323076923077
-0.11390399999999999
0.0029206153846153843
0.11223507692307692
0.20465169230769228
0.2807963076923077
0.32982092307692307
0.3206418461538461
0.2482523076923077
0.14394461538461537
0.02211323076923077
-0.08198584615384615
-0.17169046153846151
-0.2503384615384615
-0.29101846153846156
-0.2989458461538462
-0.249504
-0.13393107692307693
0.021278769230769233
0.18983999999999998
0.3419206153846154
0.4514436923076923
0.5019286153846154
0.48002399999999995
0.37967999999999996
0.23156307692307693
0.06258461538461538
-0.10055261538461538
-0.2221753846153846
-0.2981113846153846
-0.31188
-0.25951753846153847
-0.165432
-0.04526953846153846
0.07489292307692308
0.1802436923076923
0.2620209230769231
0.31626092307692305
0.3279433846153846
0.30270092307692303
0.25993476923076925
0.20778092307692309
0.157296
0.10493353846153847
0.058412307692307694
0.02482523076923077
0.008136
-0.0002086153846153846
-0.009179076923076922
-0.011056615384615385
-0.004798153846153846
0.01397723076923077
0.03108369230769231
0.028788923076923077
0.017732307692307693
0.011056615384615385
0.012934153846153845
0.023364923076923075
0.03629907692307692
0.03963692307692308
0.04547815384615384
0.05507446153846154
0.06362769230769232
0.06946892307692307
0.05069353846153846
0.013560000000000001
-0.03108369230769231
-0.07927384615384615
-0.1205796923076923
-0.15604430769230768
-0.1783661538461538
-0.17732307692307692
-0.14978584615384616
-0.09971815384615385
-0.03045784615384615
0.04714707692307692
0.10347323076923076
0.13601723076923075
0.13518276923076925
0.09763200000000001
0.041514461538461535
-0.041514461538461535
-0.13247076923076923
-0.21007569230769232
-0.24866953846153847
-0.23761292307692305
-0.20193969230769232
-0.15333230769230768
-0.0974233846153846
-0.026076923076923077
0.05277969230769231
0.1341396923076923
0.20006215384615383
0.22321846153846153
0.2090326153846154
0.16418030769230768
0.10201292307692307
0.028788923076923077
-0.043600615384615383
-0.11494707692307692
-0.17565415384615385
-0.2008966153846154
-0.19693292307692306
-0.15833907692307692
-0.09283384615384616
-0.023782153846153845
0.052571076923076915
0.12120553846153845
0.17377661538461536
0.2021483076923077
0.18942276923076923
0.15646153846153846
0.10910584615384614
0.06738276923076922
0.03066646153846154
-0.007510153846153846
-0.02586830769230769
-0.03838523076923077
-0.04109723076923077
-0.02899753846153846
-0.009596307692307692
0.008136
0.005841230769230769
-0.006258461538461538
-0.010848
-0.014603076923076923
-0.006467076923076923
0.0043809230769230765
0.005841230769230769
0.0035464615384615383
-0.010639384615384617
-0.02211323076923077
-0.03400430769230769
-0.06529661538461538
-0.10681107692307691
-0.14311015384615386
-0.16292861538461537
-0.1597993846153846
-0.13706030769230768
-0.10597661538461538
-0.06133292307692308
-0.0018775384615384615
0.059664
0.10597661538461538
0.132888
0.1397723076923077
0.12537784615384615
0.100344
0.06675692307692307
0.023364923076923075
-0.03129230769230769
-0.08720123076923077
-0.12788123076923075
-0.154584
-0.16438892307692307
-0.15354092307692307
-0.12955015384615384
-0.08720123076923077
-0.03129230769230769
0.03504738461538461
0.11035753846153845
0.16730953846153845
0.19609846153846153
0.19588984615384614
0.1760713846153846
0.14665661538461539
0.10243015384615384
0.04401784615384615
-0.02524246153846154
-0.08323753846153846
-0.11014892307692307
-0.10889723076923077
-0.08907876923076924
-0.07280676923076923
-0.06633969230769231
-0.058829538461538454
-0.042348923076923076
-0.016480615384615385
0.004589538461538461
0.02023569230769231
0.03108369230769231
0.045060923076923075
0.07656184615384615
0.11327815384615383
0.1476996923076923
0.1718990769230769
0.18379015384615385
0.18963138461538462
0.18107815384615383
0.15145476923076923
0.09137353846153846
0.013351384615384614
-0.06467076923076923
-0.12683815384615382
-0.1635544615384615
-0.17023015384615386
-0.14185846153846154
-0.08782707692307692
-0.0035464615384615383
0.09429415384615383
0.19568123076923075
0.2799618461538461
0.3160523076923077
0.31772123076923076
0.28350830769230767
0.21487384615384614
0.11974523076923077
-0.0035464615384615383
-0.13226215384615383
-0.24303692307692307
-0.31500923076923076
-0.328152
-0.29602523076923076
-0.22488738461538463
-0.12788123076923075
-0.009179076923076922
0.13205353846153844
0.25534523076923077
0.34338092307692303
0.3692492307692308
0.33295015384615384
0.24908676923076922
0.12391753846153845
-0.010639384615384617
-0.15208061538461537
-0.28934953846153844
-0.38719015384615385
-0.4314166153846154
-0.4076344615384615
-0.32377107692307694
-0.1992276923076923
-0.054240000000000003
0.08636676923076922
0.2207150769230769
0.3235624615384615
0.37655076923076924
0.3707095384615384
0.2999889230769231
0.19359507692307693
0.0798996923076923
-0.02753723076923077
-0.11265230769230769
-0.16605784615384614
-0.1846246153846154
-0.15145476923076923
-0.07593599999999999
0.021070153846153846
0.12454338461538461
0.20298276923076922
0.25555384615384613
0.2822566153846154
0.276624
0.24428861538461538
0.17252492307692308
0.08574092307692306
0.002086153846153846
-0.06800861538461538
-0.09784061538461537
-0.10368184615384615
-0.09053907692307692
-0.061124307692307686
-0.030875076923076922
0.002712
0.02753723076923077
0.04047138461538462
0.03963692307692308
0.013560000000000001
-0.01397723076923077
-0.042557538461538466
-0.07197230769230768
-0.08824430769230769
-0.10368184615384615
-0.10243015384615384
-0.07781353846153846
-0.04526953846153846
-0.012308307692307691
0.0050067692307692304
0.007301538461538462
-0.004798153846153846
-0.019609846153846155
-0.021904615384615383
-0.029832
-0.03567323076923076
-0.028163076923076923
0.0008344615384615384
0.059664
0.1287156923076923
0.1881710769230769
0.22467876923076924
0.23218892307692307
0.20798953846153845
0.15187199999999998
0.06696553846153847
-0.03212676923076923
-0.14144123076923076
-0.2290596923076923
-0.26765353846153844
-0.26118646153846153
-0.20798953846153845
-0.130176
-0.035464615384615386
0.0678
0.1612596923076923
0.23239753846153846
0.2582658461538461
0.23364923076923078
0.1612596923076923
0.05736923076923077
-0.055491692307692304
-0.1637630769230769
-0.25200738461538463
-0.3008233846153846
-0.2966510769230769
-0.24282830769230768
-0.14728246153846153
-0.03212676923076923
0.09283384615384616
0.20944984615384615
0.2993630769230769
0.35860984615384617
0.37300430769230764
0.3369138461538461
0.24700061538461537
0.12224861538461537
-0.017523692307692306
-0.15291507692307693
-0.26076923076923075
-0.3314898461538462
-0.35256
-0.3235624615384615
-0.2438713846153846
-0.11411261538461538
0.040054153846153843
0.1942209230769231
0.3241883076923077
0.4078430769230769
0.4405956923076923
0.41577046153846153
0.32982092307692307
0.20339999999999997
0.061124307692307686
-0.06487938461538462
-0.15416676923076922
-0.21007569230769232
-0.22488738461538463
-0.20673784615384616
-0.1585476923076923
-0.09074769230769231
-0.014394461538461538
0.06425353846153846
0.11765907692307691
0.14457046153846154
0.15270646153846154
0.15187199999999998
0.14603076923076924
0.11494707692307692
0.07218092307692307
0.02586830769230769
-0.022530461538461537
-0.053614153846153846
-0.08198584615384615
-0.10764553846153846
-0.12913292307692306
-0.14832553846153845
-0.15395815384615386
-0.143736
-0.1356
-0.12662953846153846
-0.138312
-0.1666836923076923
-0.18191261538461537
-0.20110523076923076
-0.19735015384615384
-0.21487384615384614
-0.2073636923076923
-0.1597993846153846
-0.06800861538461538
0.08907876923076924
0.30416123076923074
0.5167403076923076
0.5960141538461537
0.6965667692307692
0.7341175384615384
0.7478861538461538
0.6974012307692307
0.4518609230769231
0.1923433846153846
-0.16751815384615384
-0.4405956923076923
-0.6585987692307692
-0.875976
-0.9527464615384614
-0.9867507692307691
-0.7967021538461538
-0.45978830769230766
-0.04380923076923077
0.4309993846153846
0.7635323076923076
1.0320203076923076
1.151556923076923
1.0931446153846154
0.9191593846153845
0.5328036923076923
0.08448923076923077
-0.3784283076923077
-0.8480215384615384
-1.112963076923077
-1.2441821538461537
-1.2206086153846154
-1.029516923076923
-0.7829335384615385
-0.3947003076923077
0.017523692307692306
0.4337113846153846
0.824448
1.0545507692307692
1.1728356923076924
1.1513483076923077
1.009907076923077
0.7750061538461538
0.4090947692307692
-0.003963692307692307
-0.4113895384615384
-0.7545618461538461
-0.9512861538461538
-1.0462061538461538
-1.0151224615384615
-0.8517766153846155
-0.5968486153846153
-0.24282830769230768
0.12808984615384614
0.46542092307692307
0.7578996923076923
0.9473224615384616
1.0616436923076924
1.0825052307692307
0.9663064615384616
0.750180923076923
0.4303735384615384
0.06341907692307691
-0.3077076923076923
-0.6565126153846153
-0.9366830769230768
-1.1267316923076922
-1.1818061538461537
-1.1121286153846153
-0.9097716923076923
-0.5607581538461538
-0.14832553846153845
0.2979027692307692
0.733908923076923
1.0779156923076922
1.3103132307692307
1.3574603076923075
1.2272843076923077
0.9431501538461539
0.5102732307692307
0.04109723076923077
-0.4268270769230769
-0.8509421538461539
-1.1601101538461538
-1.337641846153846
-1.3226215384615385
-1.1140061538461539
-0.7768836923076924
-0.34630153846153844
0.11494707692307692
0.5764043076923077
0.977988923076923
1.23396
1.34244
1.2558646153846154
1.0019796923076922
0.6583901538461538
0.23156307692307693
-0.19547261538461536
-0.5876695384615385
-0.9028873846153846
-1.0668590769230768
-1.1023236923076922
-0.9715218461538461
-0.7019907692307692
-0.3636166153846153
0.026285538461538457
0.38656430769230765
0.6890566153846153
0.898715076923077
0.9802836923076922
0.9521206153846153
0.7902350769230769
0.5363501538461538
0.24199384615384617
-0.06759138461538462
-0.33899999999999997
-0.5697286153846154
-0.7301538461538462
-0.7935729230769231
-0.770208
-0.6398233846153846
-0.4418473846153846
-0.23156307692307693
0.0002086153846153846
0.21758584615384616
0.40638276923076927
0.5536652307692308
0.6074879999999999
0.5868350769230769
0.49024615384615383
0.33587076923076925
0.1693956923076923
-0.016897846153846156
-0.18212123076923076
-0.32043323076923075
-0.42348923076923073
-0.4622916923076923
-0.46896738461538456
-0.4178566153846154
-0.32314523076923074
-0.1942209230769231
-0.037342153846153844
0.09304246153846155
0.21612553846153845
0.3243969230769231
0.40638276923076927
0.46437784615384614
0.4564504615384615
0.39261415384615383
0.290184
0.1462393846153846
0.002086153846153846
-0.13893784615384613
-0.265776
-0.3521427692307692
-0.40325353846153844
-0.3978295384615384
-0.3479704615384615
-0.2643156923076923
-0.146448
-0.035464615384615386
0.06487938461538462
0.14102399999999998
0.18170399999999998
0.20173107692307693
0.18379015384615385
0.14811692307692306
0.08949599999999999
0.01814953846153846
-0.021904615384615383
-0.04380923076923077
-0.05048492307692308
-0.04965046153846154
-0.037967999999999995
0.0016689230769230767
0.051528
0.1045163076923077
0.1424843076923077
0.14290153846153844
0.11974523076923077
0.08448923076923077
0.04547815384615384
0.01043076923076923
-0.02211323076923077
-0.042348923076923076
-0.04526953846153846
-0.018775384615384614
0.040262769230769234
0.11160923076923077
0.1804523076923077
0.22676492307692306
0.235944
0.20944984615384615
0.14582215384615385
0.052153846153846155
-0.06028984615384615
-0.18337292307692307
-0.28955815384615385
-0.35339446153846155
-0.3609046153846154
-0.30937661538461536
-0.22300984615384614
-0.1097316923076923
0.027328615384615382
0.16793538461538463
0.2837169230769231
0.33983446153846153
0.328152
0.2517987692307692
0.13706030769230768
0.018358153846153843
-0.10076123076923077
-0.20360861538461536
-0.2872633846153846
-0.33295015384615384
-0.3156350769230769
-0.24700061538461537
-0.14290153846153844
-0.02482523076923077
0.0855323076923077
0.19338646153846153
0.2837169230769231
0.32898646153846156
0.33524492307692305
0.2924787692307692
0.21216184615384615
0.10931446153846153
0.006049846153846154
-0.07343261538461537
-0.14269292307692305
-0.1858763076923077
-0.20152246153846154
-0.1881710769230769
-0.13706030769230768
-0.06967753846153846
-0.0033378461538461535
0.04631261538461538
0.08198584615384615
0.10389046153846154
0.11807630769230769
0.12850707692307692
0.11703323076923078
0.09596307692307693
0.07969107692307692
0.073224
0.07969107692307692
0.07906523076923076
0.06049846153846154
0.03066646153846154
-0.005424
-0.03650769230769231
-0.06654830769230768
-0.09387692307692307
-0.11348676923076922
-0.12120553846153845
-0.09095630769230768
-0.019609846153846155
0.07301538461538462
0.16480615384615382
0.23677846153846152
0.2883064615384615
0.31083692307692307
0.3031181538461538
0.265776
0.18066092307692305
0.07072061538461538
-0.03901107692307692
-0.1287156923076923
-0.17690584615384616
-0.18858830769230767
-0.16209415384615386
-0.10138707692307691
-0.013768615384615384
0.10076123076923077
0.21779446153846155
0.31000246153846156
0.360696
0.35568923076923076
0.31000246153846156
0.22697353846153845
0.11181784615384616
-0.013768615384615384
-0.1462393846153846
-0.25117292307692307
-0.30937661538461536
-0.3214763076923077
-0.28788923076923073
-0.2399076923076923
-0.17377661538461536
-0.09158215384615384
-0.016063384615384615
0.05444861538461539
0.10159569230769232
0.10889723076923077
0.08699261538461538
0.03504738461538461
-0.03129230769230769
-0.1045163076923077
-0.18525046153846153
-0.25471938461538457
-0.3004061538461538
-0.3054129230769231
-0.27474646153846155
-0.21779446153846155
-0.14164984615384615
-0.059038153846153844
0.027120000000000002
0.1097316923076923
0.18712800000000002
0.2426196923076923
0.2568055384615385
0.23510953846153848
0.18921415384615384
0.13267938461538462
0.0717636923076923
0.004798153846153846
-0.06049846153846154
-0.10848000000000001
-0.13393107692307693
-0.130176
-0.10660246153846153
-0.07092923076923077
-0.016897846153846156
0.04756430769230769
0.12808984615384614
0.20986707692307693
0.2716172307692308
0.2993630769230769
0.2849686153846154
0.24679199999999998
0.18107815384615383
0.0892873846153846
-0.016480615384615385
-0.1341396923076923
-0.23281476923076924
-0.29456492307692306
-0.3160523076923077
-0.28267384615384616
-0.21654276923076923
-0.12767261538461538
-0.01272553846153846
0.11202646153846153
0.23531815384615382
0.3248141538461538
0.35986153846153845
0.33962584615384617
0.26911384615384615
0.17502830769230768
0.07134646153846153
-0.04109723076923077
-0.13768615384615385
-0.21132738461538458
-0.25346769230769234
-0.24032492307692307
-0.18316430769230768
-0.08991323076923076
0.020027076923076922
0.12642092307692307
0.22947692307692308
0.3198073846153846
0.3880246153846154
0.4159790769230769
0.39407446153846154
0.3346190769230769
0.252216
0.15416676923076922
0.05486584615384615
-0.0446436923076923
-0.14185846153846154
-0.21091015384615383
-0.23448369230769228
-0.21633415384615384
-0.17523692307692307
-0.11077476923076923
-0.03629907692307692
0.034630153846153845
0.09846646153846153
0.14582215384615385
0.1802436923076923
0.17544553846153846
0.1368516923076923
0.08949599999999999
0.03379569230769231
-0.011891076923076923
-0.06279323076923077
-0.11536430769230768
-0.13914646153846155
-0.1449876923076923
-0.13184492307692308
-0.10681107692307691
-0.08344615384615384
-0.05653476923076922
-0.027120000000000002
0.01043076923076923
0.05277969230769231
0.084072
0.11160923076923077
0.12412615384615384
0.12558646153846154
0.12683815384615382
0.11411261538461538
0.10263876923076923
0.084072
0.05674338461538461
0.030875076923076922
0.0022947692307692304
-0.010222153846153844
-0.013142769230769229
-0.026702769230769228
-0.03129230769230769
-0.020652923076923076
-0.00855323076923077
-0.0012516923076923076
-0.0070929230769230765
-0.004798153846153846
0.002712
0.0022947692307692304
0.005424
0.0016689230769230767
-0.006467076923076923
-0.021070153846153846
-0.03713353846153846
-0.04318338461538461
-0.05653476923076922
-0.07134646153846153
-0.08782707692307692
-0.10618523076923077
-0.11327815384615383
-0.12329169230769231
-0.127464
-0.12204
-0.11181784615384616
-0.0892873846153846
-0.06571384615384615
-0.04109723076923077
-0.02023569230769231
-0.01272553846153846
-0.008970461538461538
-0.003129230769230769
-0.0035464615384615383
-0.017315076923076923
-0.0446436923076923
-0.07301538461538462
-0.09784061538461537
-0.11599015384615384
-0.11703323076923078
-0.10263876923076923
-0.08198584615384615
-0.053614153846153846
-0.0077187692307692304
0.03921969230769231
0.0855323076923077
0.10514215384615383
0.07885661538461539
0.06154153846153846
0.04672984615384615
0.04109723076923077
0.02086153846153846
-0.006884307692307692
-0.014394461538461538
0.0016689230769230767
0.041514461538461535
0.132888
0.26681907692307694
0.20778092307692309
0.15959076923076923
0.12204
0.03609046153846154
0.08511507692307693
-0.040679999999999994
-0.1787833846153846
-0.2920615384615385
-0.3577753846153846
-0.22029784615384615
-0.15479261538461536
-0.061124307692307686
-0.03108369230769231
0.018983999999999997
0.20673784615384616
0.3275261538461538
0.45978830769230766
0.39365723076923076
0.23218892307692307
0.15646153846153846
0.02357353846153846
0.009179076923076922
-0.05528307692307692
-0.1733593846153846
-0.16334584615384617
-0.2438713846153846
-0.18316430769230768
-0.03108369230769231
0.018983999999999997
0.16084246153846155
0.19046584615384615
0.20256553846153844
0.26452430769230767
0.24032492307692307
0.287472
0.25534523076923077
0.15395815384615386
0.08845292307692308
0.009179076923076922
0.027328615384615382
0.010639384615384617
-0.07030338461538461
-0.13622584615384614
-0.23156307692307693
-0.19964492307692308
-0.138312
-0.1422756923076923
-0.10868861538461538
-0.1205796923076923
-0.05674338461538461
0.0798996923076923
0.1435273846153846
0.23239753846153846
0.2503384615384615
0.21800307692307694
0.24345415384615382
0.1923433846153846
0.11557292307692307
-0.0008344615384615384
-0.1639716923076923
-0.2701569230769231
-0.3554806153846154
-0.38426953846153844
-0.3684147692307692
-0.29602523076923076
-0.17461107692307692
-0.06842584615384616
0.1028473846153846
0.2559710769230769
0.355272
0.44289046153846157
0.4078430769230769
0.3312812307692308
0.22530461538461538
0.06592246153846154
-0.059664
-0.22175815384615383
-0.34880492307692307
-0.3848953846153846
-0.3984553846153846
-0.344424
-0.2730775384615384
-0.17023015384615386
-0.003755076923076923
0.14999446153846155
0.2712
0.30749907692307693
0.29748553846153847
0.279336
0.2021483076923077
0.11223507692307692
-0.02357353846153846
-0.1800350769230769
-0.24846092307692308
-0.2981113846153846
-0.28413415384615387
-0.20652923076923077
-0.15124615384615384
-0.04193169230769231
0.04631261538461538
0.10827138461538462
0.1927606153846154
0.2225926153846154
0.23364923076923078
0.20402584615384614
0.14415323076923076
0.0961716923076923
0.05194523076923077
0.05090215384615384
0.051528
0.05194523076923077
0.06842584615384616
0.07072061538461538
0.10722830769230769
0.12496061538461539
0.10681107692307691
0.10263876923076923
0.05194523076923077
0.028163076923076923
0.0448523076923077
0.04088861538461538
0.05277969230769231
0.040679999999999994
0.03296123076923077
0.08094276923076923
0.12037107692307693
0.13810338461538463
0.11953661538461538
0.059038153846153844
0.02273907692307692
-0.006049846153846154
-0.03150092307692308
-0.05319692307692307
-0.09074769230769231
-0.11640738461538462
-0.14457046153846154
-0.1356
-0.10222153846153846
-0.07572738461538461
-0.019609846153846155
0.006884307692307692
0.03442153846153846
0.07113784615384615
0.07384984615384615
0.08824430769230769
0.07155507692307693
0.017940923076923077
-0.02524246153846154
-0.05736923076923077
-0.05590892307692308
-0.031709538461538456
-0.014394461538461538
0.009179076923076922
0.03838523076923077
0.086784
0.13455692307692307
0.1449876923076923
0.14060676923076923
0.10180430769230768
0.054240000000000003
0.016480615384615385
-0.026285538461538457
-0.04214030769230769
-0.05090215384615384
-0.02753723076923077
0.02273907692307692
0.06446215384615385
0.12516923076923075
0.17315076923076922
0.1779489230769231
0.14164984615384615
0.07468430769230769
-0.006467076923076923
-0.08907876923076924
-0.1656406153846154
-0.22718215384615387
-0.2774584615384615
-0.3077076923076923
-0.28768061538461537
-0.21362215384615382
-0.10347323076923076
-0.007301538461538462
0.07051199999999999
0.12767261538461538
0.15103753846153847
0.15875630769230767
0.12412615384615384
0.07969107692307692
0.03588184615384615
-0.026076923076923077
-0.05799507692307692
-0.07113784615384615
-0.06404492307692307
-0.023364923076923075
0.022530461538461537
0.07051199999999999
0.11953661538461538
0.16876984615384616
0.20548615384615385
0.21362215384615382
0.19818461538461538
0.15771323076923077
0.10848000000000001
0.07280676923076923
0.04547815384615384
0.015854769230769228
-0.016480615384615385
-0.03713353846153846
-0.024616615384615383
0.0070929230769230765
0.047772923076923074
0.07802215384615384
0.07072061538461538
0.054657230769230764
0.02795446153846154
-0.002712
-0.03921969230769231
-0.09450276923076922
-0.14665661538461539
-0.17711446153846155
-0.15604430769230768
-0.10889723076923077
-0.04944184615384615
0.015020307692307692
0.06154153846153846
0.11181784615384616
0.15208061538461537
0.17711446153846155
0.1787833846153846
0.12350030769230769
0.026702769230769228
-0.07113784615384615
-0.14603076923076924
-0.19526400000000002
-0.21800307692307694
-0.21362215384615382
-0.18399876923076922
-0.124752
-0.041514461538461535
0.05590892307692308
0.14999446153846155
0.20360861538461536
0.22551323076923077
0.2303113846153846
0.20360861538461536
0.15833907692307692
0.08949599999999999
0.006258461538461538
-0.06383630769230769
-0.12245723076923076
-0.15750461538461538
-0.1712732307692308
-0.19046584615384615
-0.1913003076923077
-0.16188553846153847
-0.10660246153846153
-0.02273907692307692
0.05048492307692308
0.11098338461538461
0.15687876923076924
0.18983999999999998
0.2209236923076923
0.22029784615384615
0.192552
0.14290153846153844
0.08949599999999999
0.04965046153846154
0.015228923076923076
-0.011891076923076923
-0.044435076923076924
-0.08490646153846154
-0.10952307692307692
-0.10618523076923077
-0.08594953846153845
-0.051319384615384614
-0.017315076923076923
0.026076923076923077
0.07051199999999999
0.10722830769230769
0.14185846153846154
0.1476996923076923
0.12767261538461538
0.07510153846153846
0.013142769230769229
-0.042557538461538466
-0.10514215384615383
-0.15687876923076924
-0.19672430769230767
-0.22154953846153846
-0.21153599999999997
-0.173568
-0.11223507692307692
-0.04047138461538462
0.011473846153846154
0.07551876923076924
0.1449876923076923
0.19630707692307692
0.23239753846153846
0.2209236923076923
0.18399876923076922
0.14081538461538462
0.09429415384615383
0.06717415384615384
0.03921969230769231
0.004798153846153846
-0.027328615384615382
-0.04380923076923077
-0.03942830769230769
-0.03901107692307692
-0.05319692307692307
-0.07343261538461537
-0.09199938461538461
-0.09033046153846153
-0.06383630769230769
-0.026702769230769228
0.017523692307692306
0.05611753846153846
0.100344
0.14936861538461538
0.17586276923076924
0.1794092307692308
0.146448
0.0798996923076923
0.002086153846153846
-0.08240307692307691
-0.15959076923076923
-0.22154953846153846
-0.2670276923076923
-0.2782929230769231
-0.24887815384615386
-0.18399876923076922
-0.09095630769230768
0.007301538461538462
0.09763200000000001
0.1785747692307692
0.2426196923076923
0.2899753846153846
0.30207507692307695
0.26368984615384616
0.18232984615384615
0.08594953846153845
-0.0014603076923076922
-0.08991323076923076
-0.17252492307692308
-0.24908676923076922
-0.30270092307692303
-0.3016578461538461
-0.26160369230769226
-0.19359507692307693
-0.0988836923076923
-0.012308307692307691
0.06571384615384615
0.13455692307692307
0.1691870769230769
0.18086953846153844
0.15896492307692306
0.10868861538461538
0.050067692307692306
-0.01397723076923077
-0.05778646153846154
-0.09012184615384615
-0.1218313846153846
-0.13476553846153844
-0.13267938461538462
-0.10013538461538461
-0.05048492307692308
0.006884307692307692
0.054657230769230764
0.08219446153846154
0.11056615384615384
0.12350030769230769
0.13059323076923077
0.13747753846153846
0.13393107692307693
0.1205796923076923
0.11265230769230769
0.10347323076923076
0.08636676923076922
0.055491692307692304
-0.003129230769230769
-0.05924676923076923
-0.11703323076923078
-0.16584923076923075
-0.18983999999999998
-0.20360861538461536
-0.1883796923076923
-0.14290153846153844
-0.0744756923076923
0.016063384615384615
0.10994030769230768
0.1860849230769231
0.23469230769230767
0.25471938461538457
0.2415766153846154
0.19881046153846152
0.12850707692307692
0.04214030769230769
-0.04985907692307692
-0.1314276923076923
-0.17899199999999998
-0.18858830769230767
-0.15562707692307692
-0.09053907692307692
-0.006049846153846154
0.09512861538461538
0.20298276923076922
0.30061476923076924
0.36945784615384614
0.39636923076923075
0.38677292307692307
0.34776184615384614
0.279336
0.19797599999999999
0.10743692307692307
0.021070153846153846
-0.04109723076923077
-0.08073415384615384
-0.09491999999999999
-0.08574092307692306
-0.06049846153846154
-0.026702769230769228
0.004589538461538461
0.03045784615384615
0.04088861538461538
0.03567323076923076
0.015854769230769228
-0.014185846153846153
-0.04130584615384615
-0.0609156923076923
-0.05736923076923077
-0.03901107692307692
-0.006258461538461538
0.03609046153846154
0.07092923076923077
0.10368184615384615
0.11327815384615383
0.10931446153846153
0.09241661538461539
0.061750153846153844
0.021696
-0.03296123076923077
-0.07843938461538462
-0.13810338461538463
-0.18796246153846152
-0.22676492307692306
-0.25847446153846154
-0.29414769230769233
-0.2782929230769231
-0.15792184615384616
-0.015228923076923076
0.17398523076923075
0.33670523076923076
0.4814843076923077
0.6076966153846154
0.6577643076923076
0.6560953846153846
0.5150713846153846
0.314592
0.07238953846153846
-0.19588984615384614
-0.4109723076923077
-0.5882953846153847
-0.6817550769230768
-0.7097095384615384
-0.6369027692307692
-0.45311261538461534
-0.2238443076923077
0.05486584615384615
0.32627446153846157
0.5225815384615384
0.631896
0.611868923076923
0.5033889230769231
0.34630153846153844
0.09429415384615383
-0.17252492307692308
-0.41952553846153845
-0.5964313846153846
-0.627515076923077
-0.5743181538461538
-0.43287692307692305
-0.2574313846153846
-0.08448923076923077
0.09846646153846153
0.2357353846153846
0.3158436923076923
0.3143833846153846
0.25117292307692307
0.184416
0.12266584615384615
0.08177723076923075
0.04526953846153846
-0.0029206153846153843
-0.040262769230769234
-0.086784
-0.12913292307692306
-0.1666836923076923
-0.20944984615384615
-0.21758584615384616
-0.2090326153846154
-0.18545907692307692
-0.13998092307692306
-0.09930092307692308
-0.03921969230769231
0.022530461538461537
0.07843938461538462
0.15896492307692306
0.24470584615384613
0.34171199999999996
0.42244615384615386
0.46291753846153844
0.441012923076923
0.33002953846153843
0.17169046153846151
-0.024408000000000003
-0.23844738461538462
-0.41910830769230767
-0.5432344615384616
-0.5693113846153846
-0.49546153846153845
-0.3550633846153846
-0.14686523076923075
0.07405846153846153
0.2832996923076923
0.46583815384615385
0.5484498461538461
0.5382276923076923
0.4487316923076923
0.3047870769230769
0.14081538461538462
-0.03942830769230769
-0.21132738461538458
-0.3510996923076923
-0.43058215384615384
-0.4391353846153846
-0.39344861538461534
-0.2962338461538461
-0.15520984615384617
0.008970461538461538
0.18525046153846153
0.3277347692307692
0.41952553846153845
0.4564504615384615
0.40346215384615386
0.3035353846153846
0.17148184615384612
0.02315630769230769
-0.09137353846153846
-0.18212123076923076
-0.22551323076923077
-0.21091015384615383
-0.154584
-0.06383630769230769
0.031709538461538456
0.09533723076923077
0.12016246153846154
0.10722830769230769
0.065088
0.013560000000000001
-0.05319692307692307
-0.11724184615384614
-0.16334584615384617
-0.17648861538461538
-0.14853415384615384
-0.09408553846153846
-0.025659692307692307
0.02524246153846154
0.062376
0.09283384615384616
0.1097316923076923
0.11160923076923077
0.07551876923076924
0.011265230769230769
-0.05590892307692308
-0.11432123076923076
-0.15103753846153847
-0.1696043076923077
-0.17231630769230769
-0.14728246153846153
-0.0880356923076923
0.006258461538461538
0.11849353846153846
0.22968553846153844
0.317304
0.35631507692307696
0.3542289230769231
0.2979027692307692
0.19964492307692308
0.07489292307692308
-0.07677046153846154
-0.21091015384615383
-0.31897292307692304
-0.37780246153846153
-0.3684147692307692
-0.31542646153846154
-0.22342707692307692
-0.10618523076923077
0.02482523076923077
0.16063384615384615
0.26765353846153844
0.32502276923076917
0.32982092307692307
0.2939390769230769
0.24720923076923076
0.18921415384615384
0.12558646153846154
0.06654830769230768
0.017940923076923077
-0.006258461538461538
-0.016480615384615385
-0.011473846153846154
-0.005841230769230769
-0.00855323076923077
-0.0016689230769230767
0.008136
0.021278769230769233
0.03442153846153846
0.04130584615384615
0.05590892307692308
0.06738276923076922
0.08010830769230769
0.09867507692307692
0.11348676923076922
0.12245723076923076
0.11911938461538461
0.11745046153846153
0.10535076923076922
0.07280676923076923
0.02044430769230769
-0.054657230769230764
-0.13643446153846153
-0.2125790769230769
-0.26869661538461537
-0.28893230769230765
-0.27599815384615384
-0.23677846153846152
-0.16042523076923076
-0.04672984615384615
0.0853236923076923
0.19985353846153847
0.26765353846153844
0.28392553846153845
0.25972615384615383
0.21111876923076925
0.14561353846153846
0.056951999999999996
-0.04380923076923077
-0.13601723076923075
-0.1940123076923077
-0.20924123076923076
-0.1858763076923077
-0.12996738461538462
-0.05674338461538461
0.040679999999999994
0.14290153846153844
0.22655630769230767
0.28100492307692304
0.2837169230769231
0.2371956923076923
0.16271999999999998
0.07197230769230768
-0.01940123076923077
-0.10430769230769231
-0.18170399999999998
-0.22175815384615383
-0.214248
-0.16501476923076921
-0.078648
0.021696
0.11202646153846153
0.1800350769230769
0.22655630769230767
0.25534523076923077
0.25367630769230765
0.21111876923076925
0.13330523076923076
0.045895384615384616
-0.021696
-0.06884307692307692
-0.08574092307692306
-0.08594953846153845
-0.07405846153846153
-0.02524246153846154
0.043392
0.130176
0.20944984615384615
0.24658338461538462
0.24554030769230767
0.20339999999999997
0.1489513846153846
0.08052553846153847
-0.003755076923076923
-0.092208
-0.1760713846153846
-0.2209236923076923
-0.23156307692307693
-0.20840676923076923
-0.15249784615384615
-0.08949599999999999
-0.02357353846153846
0.04985907692307692
0.11599015384615384
0.16647507692307692
0.1775316923076923
0.14144123076923076
0.09325107692307691
0.03713353846153846
-0.014603076923076923
-0.05653476923076922
-0.09846646153846153
-0.116616
-0.10827138461538462
-0.078648
-0.019609846153846155
0.04172307692307692
0.0961716923076923
0.14749107692307692
0.1883796923076923
0.22676492307692306
0.2342750769230769
0.21111876923076925
0.16835261538461538
0.09846646153846153
0.031709538461538456
-0.03129230769230769
-0.08907876923076924
-0.13497415384615385
-0.1858763076923077
-0.2154996923076923
-0.2090326153846154
-0.1696043076923077
-0.111192
-0.055491692307692304
0.0033378461538461535
0.04839876923076923
0.08344615384615384
0.10827138461538462
0.11244369230769231
0.0897046153846154
0.03588184615384615
-0.014603076923076923
-0.05048492307692308
-0.0798996923076923
-0.10889723076923077
-0.13643446153846153
-0.14957723076923077
-0.13476553846153844
-0.10785415384615385
-0.07343261538461537
-0.03901107692307692
-0.013560000000000001
0.023782153846153845
0.06967753846153846
0.11432123076923076
0.14790830769230767
0.1531236923076923
0.13226215384615383
0.0974233846153846
0.05194523076923077
0.003963692307692307
-0.04985907692307692
-0.10806276923076923
-0.14978584615384616
-0.17523692307692307
-0.17169046153846151
-0.14269292307692305
-0.0988836923076923
-0.0448523076923077
0.012308307692307691
0.08469784615384615
0.154584
0.20339999999999997
0.21174461538461536
0.1777403076923077
0.12204
0.054240000000000003
-0.012934153846153845
-0.07697907692307693
-0.13247076923076923
-0.1696043076923077
-0.18170399999999998
-0.1693956923076923
-0.138312
-0.09825784615384614
-0.061124307692307686
-0.018358153846153843
0.03421292307692308
0.09429415384615383
0.13914646153846155
0.1635544615384615
0.17419384615384614
0.16647507692307692
0.14811692307692306
0.11578153846153846
0.07051199999999999
0.01814953846153846
-0.04631261538461538
-0.0974233846153846
-0.12287446153846153
-0.12850707692307692
-0.11724184615384614
-0.103056
-0.07802215384615384
-0.03859384615384615
0.010848
0.05173661538461538
0.07510153846153846
0.08177723076923075
0.07906523076923076
0.07468430769230769
0.06362769230769232
0.054657230769230764
0.041514461538461535
0.024408000000000003
0.011473846153846154
0.005841230769230769
0.006258461538461538
0.009179076923076922
0.002712
-0.015437538461538461
-0.03692492307692308
-0.05611753846153846
-0.06800861538461538
-0.07843938461538462
-0.08302892307692307
-0.08448923076923077
-0.0717636923076923
-0.042348923076923076
-0.007510153846153846
0.03337846153846154
0.06362769230769232
0.09533723076923077
0.12433476923076923
0.13393107692307693
0.12808984615384614
0.092208
0.026702769230769228
-0.049233230769230765
-0.11870215384615385
-0.1733593846153846
-0.21445661538461538
-0.22989415384615383
-0.21111876923076925
-0.15959076923076923
-0.06675692307692307
0.03859384615384615
0.14311015384615386
0.23510953846153848
0.2947735384615384
0.3319070769230769
0.3333673846153846
0.29352184615384613
0.2157083076923077
0.10576799999999999
-0.013560000000000001
-0.11703323076923078
-0.19505538461538463
-0.24345415384615382
-0.2559710769230769
-0.22634769230769228
-0.1614683076923077
-0.06717415384615384
0.042557538461538466
0.14540492307692307
0.23114584615384615
0.28434276923076923
0.30436984615384616
0.2828824615384615
0.22843384615384613
0.15374953846153847
0.05590892307692308
-0.03984553846153846
-0.11244369230769231
-0.1612596923076923
-0.17440246153846153
-0.16042523076923076
-0.12829846153846153
-0.08198584615384615
-0.03775938461538462
0.01043076923076923
0.05048492307692308
0.07405846153846153
0.07927384615384615
0.07259815384615384
0.059872615384615385
0.04839876923076923
0.037342153846153844
0.014185846153846153
-0.006884307692307692
-0.029623384615384614
-0.05069353846153846
-0.08198584615384615
-0.1289243076923077
-0.1760713846153846
-0.21800307692307694
-0.23406646153846156
-0.233232
-0.2209236923076923
-0.19818461538461538
-0.1612596923076923
-0.11265230769230769
-0.04380923076923077
0.017523692307692306
0.06592246153846154
0.08094276923076923
0.042348923076923076
0.019192615384615384
-0.01043076923076923
-0.03045784615384615
-0.054657230769230764
-0.09930092307692308
-0.13205353846153844
-0.13038461538461538
-0.10660246153846153
0.043600615384615383
0.20235692307692305
0.14269292307692305
0.17273353846153844
0.17085599999999998
0.17294215384615383
0.32377107692307694
0.18858830769230767
0.003755076923076923
-0.1783661538461538
-0.28934953846153844
-0.15959076923076923
-0.14081538461538462
-0.09387692307692307
-0.12621230769230768
-0.061750153846153844
0.2125790769230769
0.38280923076923074
0.5697286153846154
0.482736
0.3350363076923077
0.28809784615384615
0.1207883076923077
0.09825784615384614
-0.06696553846153847
-0.26118646153846153
-0.2782929230769231
-0.4076344615384615
-0.29352184615384613
-0.1287156923076923
-0.051319384615384614
0.19296923076923078
0.25534523076923077
0.31500923076923076
0.428496
0.4280787692307692
0.5117335384615385
0.43976123076923074
0.265776
0.12934153846153845
-0.03984553846153846
-0.05736923076923077
-0.11765907692307691
-0.2273907692307692
-0.28955815384615385
-0.34984799999999994
-0.20673784615384616
-0.059038153846153844
0.012516923076923077
0.10931446153846153
0.116616
0.2209236923076923
0.34943076923076927
0.34233784615384616
0.36445107692307693
0.2937304615384615
0.2073636923076923
0.20027076923076922
0.08907876923076924
-0.018358153846153843
-0.1341396923076923
-0.2737033846153846
-0.3241883076923077
-0.35464615384615383
-0.3392086153846154
-0.279336
-0.16271999999999998
-0.014603076923076923
0.092208
0.25305046153846156
0.3456756923076923
0.39511753846153846
0.43642338461538455
0.31751261538461534
0.21174461538461536
0.09533723076923077
-0.06154153846153846
-0.1656406153846154
-0.3198073846153846
-0.4124326153846154
-0.42307199999999995
-0.42244615384615386
-0.344424
-0.26619323076923074
-0.14561353846153846
0.05716061538461538
0.23510953846153848
0.36904061538461536
0.4118067692307692
0.43162523076923076
0.4449766153846154
0.37592492307692305
0.2822566153846154
0.09512861538461538
-0.0963803076923077
-0.17523692307692307
-0.25138153846153843
-0.24282830769230768
-0.18629353846153843
-0.14206707692307693
0.003755076923076923
0.1397723076923077
0.2618123076923077
0.39595199999999997
0.4424732307692308
0.4577021538461538
0.4253667692307692
0.3350363076923077
0.2290596923076923
0.09971815384615385
-0.011265230769230769
-0.1178676923076923
-0.20027076923076922
-0.2647329230769231
-0.3323243076923077
-0.3198073846153846
-0.28934953846153844
-0.2357353846153846
-0.12913292307692306
-0.0678
0.03275261538461539
0.15187199999999998
0.21466523076923077
0.26118646153846153
0.2209236923076923
0.14436184615384615
0.08907876923076924
-0.006884307692307692
-0.10848000000000001
-0.22280123076923075
-0.3279433846153846
-0.35297723076923077
-0.3421292307692308
-0.28204799999999997
-0.19609846153846153
-0.10493353846153847
0.008761846153846153
0.08219446153846154
0.157296
0.20339999999999997
0.22008923076923076
0.2540935384615385
0.21487384615384614
0.15771323076923077
0.09554584615384615
0.010639384615384617
-0.021696
-0.08073415384615384
-0.17023015384615386
-0.22426153846153846
-0.25451076923076926
-0.2056947692307692
-0.11411261538461538
-0.0448523076923077
0.023364923076923075
0.08469784615384615
0.16188553846153847
0.22822523076923076
0.25305046153846156
0.238656
0.1504116923076923
0.05069353846153846
-0.04109723076923077
-0.12934153846153845
-0.18149538461538461
-0.2355267692307692
-0.25200738461538463
-0.2438713846153846
-0.2225926153846154
-0.1395636923076923
-0.04109723076923077
0.05319692307692307
0.11765907692307691
0.1422756923076923
0.17419384615384614
0.2090326153846154
0.21862892307692305
0.1802436923076923
0.08845292307692308
-0.011473846153846154
-0.0880356923076923
-0.12162276923076921
-0.12767261538461538
-0.15604430769230768
-0.1710646153846154
-0.15750461538461538
-0.09679753846153846
0.0025033846153846152
0.06195876923076923
0.10368184615384615
0.12808984615384614
0.14144123076923076
0.17398523076923075
0.17669723076923077
0.15291507692307693
0.12704676923076924
0.08782707692307692
0.06633969230769231
0.065088
0.05507446153846154
0.03963692307692308
0.0043809230769230765
-0.03984553846153846
-0.07197230769230768
-0.09554584615384615
-0.10430769230769231
-0.11265230769230769
-0.11181784615384616
-0.09804923076923076
-0.06842584615384616
-0.0050067692307692304
0.05611753846153846
0.09930092307692308
0.1136953846153846
0.09262523076923077
0.07823076923076923
0.05945538461538461
0.022530461538461537
-0.03129230769230769
-0.11452984615384615
-0.17544553846153846
-0.1990190769230769
-0.1992276923076923
-0.17544553846153846
-0.14978584615384616
-0.11098338461538461
-0.053405538461538456
0.02211323076923077
0.10138707692307691
0.14936861538461538
0.17273353846153844
0.168144
0.13935507692307691
0.1097316923076923
0.06529661538461538
0.009804923076923077
-0.03692492307692308
-0.06988615384615385
-0.07134646153846153
-0.05298830769230769
-0.03421292307692308
-0.010639384615384617
0.008761846153846153
0.027120000000000002
0.034630153846153845
0.03421292307692308
0.035255999999999996
0.026702769230769228
0.01272553846153846
-0.006675692307692307
-0.014603076923076923
-0.01668923076923077
-0.026076923076923077
-0.042974769230769226
-0.07134646153846153
-0.092208
-0.09992676923076924
-0.11724184615384614
-0.13309661538461537
-0.1462393846153846
-0.16334584615384617
-0.14916
-0.1205796923076923
-0.08761846153846153
-0.05027630769230769
-0.024199384615384616
0.01668923076923077
0.07614461538461538
0.13309661538461537
0.17648861538461538
0.19839323076923077
0.1948467692307692
0.1721076923076923
0.12934153846153845
0.07635323076923077
0.015228923076923076
-0.050067692307692306
-0.08949599999999999
-0.10722830769230769
-0.09053907692307692
-0.043392
0.004589538461538461
0.06759138461538462
0.12642092307692307
0.17565415384615385
0.21007569230769232
0.20277415384615383
0.17273353846153844
0.11745046153846153
0.043600615384615383
-0.030040615384615384
-0.09658892307692307
-0.1356
-0.14790830769230767
-0.13768615384615385
-0.10493353846153847
-0.06070707692307692
-0.004798153846153846
0.03671630769230769
0.058412307692307694
0.06946892307692307
0.05173661538461538
0.027745846153846152
-0.0022947692307692304
-0.040679999999999994
-0.06404492307692307
-0.07927384615384615
-0.07113784615384615
-0.021904615384615383
0.03275261538461539
0.08866153846153846
0.13330523076923076
0.14519630769230768
0.14665661538461539
0.12621230769230768
0.08219446153846154
0.02858030769230769
-0.028371692307692306
-0.07760492307692309
-0.09971815384615385
-0.09658892307692307
-0.07510153846153846
-0.02044430769230769
0.059872615384615385
0.14185846153846154
0.2138307692307692
0.26348123076923075
0.2703655384615385
0.2482523076923077
0.1856676923076923
0.0963803076923077
0.011891076923076923
-0.08115138461538463
-0.1435273846153846
-0.17252492307692308
-0.1775316923076923
-0.13059323076923077
-0.051528
0.04526953846153846
0.15124615384615384
0.23448369230769228
0.2862203076923077
0.30144923076923075
0.28163076923076924
0.22947692307692308
0.1449876923076923
0.044435076923076924
-0.05716061538461538
-0.13518276923076925
-0.18650215384615382
-0.20840676923076923
-0.18525046153846153
-0.13497415384615385
-0.05924676923076923
0.03921969230769231
0.12788123076923075
0.20986707692307693
0.26619323076923074
0.27182584615384614
0.24491446153846153
0.17544553846153846
0.07927384615384615
-0.01397723076923077
-0.0961716923076923
-0.1543753846153846
-0.1881710769230769
-0.18545907692307692
-0.14832553846153845
-0.07843938461538462
0.015020307692307692
0.1028473846153846
0.1760713846153846
0.21696000000000001
0.22655630769230767
0.21237046153846154
0.16584923076923075
0.0974233846153846
0.01940123076923077
-0.059872615384615385
-0.12037107692307693
-0.15896492307692306
-0.17690584615384616
-0.16689230769230767
-0.14394461538461537
-0.11348676923076922
-0.06967753846153846
-0.023782153846153845
0.015228923076923076
0.04401784615384615
0.049233230769230765
0.032544
0.006258461538461538
-0.017523692307692306
-0.040262769230769234
-0.06446215384615385
-0.08386338461538462
-0.09387692307692307
-0.08699261538461538
-0.07364123076923076
-0.06133292307692308
-0.04839876923076923
-0.03421292307692308
-0.012099692307692308
0.017315076923076923
0.03921969230769231
0.05319692307692307
0.06571384615384615
0.07510153846153846
0.09325107692307691
0.11765907692307691
0.14039815384615384
0.16167692307692308
0.17148184615384612
0.17461107692307692
0.17628
0.16313723076923078
0.1316363076923077
0.09137353846153846
0.042557538461538466
-0.0035464615384615383
-0.03942830769230769
-0.06279323076923077
-0.06279323076923077
-0.05090215384615384
-0.022530461538461537
0.016897846153846156
0.06404492307692307
0.10743692307692307
0.11578153846153846
0.0961716923076923
0.045060923076923075
-0.019192615384615384
-0.07781353846153846
-0.12767261538461538
-0.15917353846153848
-0.18525046153846153
-0.19818461538461538
-0.18086953846153844
-0.1356
-0.07948246153846153
-0.035464615384615386
-0.005424
0.022530461538461537
0.054240000000000003
0.07030338461538461
0.07760492307692309
0.06279323076923077
0.029414769230769227
-0.010848
-0.061124307692307686
-0.08636676923076922
-0.12391753846153845
-0.14936861538461538
-0.18316430769230768
-0.1942209230769231
-0.15667015384615385
-0.08073415384615384
0.04819015384615385
0.22300984615384614
0.43704923076923075
0.5096473846153846
0.6097827692307692
0.6811292307692307
0.6565126153846153
0.6302270769230769
0.3994984615384615
0.1570873846153846
-0.13455692307692307
-0.4011673846153846
-0.5592978461538461
-0.7578996923076923
-0.8148516923076923
-0.810888
-0.6552609230769231
-0.34338092307692303
-0.023364923076923075
0.3648683076923077
0.6312701538461538
0.8282030769230768
0.9579618461538462
0.9051821538461539
0.7818904615384614
0.4956701538461538
0.1422756923076923
-0.17419384615384614
-0.5384363076923077
-0.7416276923076923
-0.8211101538461538
-0.820067076923077
-0.6414923076923077
-0.4383009230769231
-0.16480615384615382
0.11953661538461538
0.36215630769230767
0.6160412307692308
0.7476775384615384
0.7975366153846153
0.7812646153846153
0.6732018461538462
0.5386449230769231
0.31626092307692305
0.05403138461538461
-0.1990190769230769
-0.4487316923076923
-0.5951796923076923
-0.6817550769230768
-0.7005304615384614
-0.612912
-0.4923323076923077
-0.3116713846153846
-0.10889723076923077
0.06592246153846154
0.26640184615384616
0.4291218461538462
0.5494929230769231
0.6425353846153846
0.6300184615384615
0.5524135384615385
0.3949089230769231
0.1656406153846154
-0.09137353846153846
-0.37926276923076924
-0.6379458461538461
-0.8436406153846153
-0.9391864615384615
-0.9339710769230769
-0.8476043076923075
-0.6197963076923076
-0.32731753846153844
0.004798153846153846
0.36799753846153843
0.6531747692307692
0.8496904615384615
0.9141526153846153
0.842388923076923
0.6842584615384616
0.40554830769230765
0.08469784615384615
-0.24595753846153845
-0.5751526153846154
-0.8131827692307693
-0.9529550769230769
-0.9602566153846154
-0.8363390769230769
-0.6200049230769231
-0.3252313846153846
0.015437538461538461
0.3811403076923077
0.7216006153846153
0.955667076923077
1.0662332307692308
1.033272
0.8774363076923076
0.6560953846153846
0.347136
0.008344615384615384
-0.31751261538461534
-0.6001864615384616
-0.7560221538461538
-0.8171464615384615
-0.7662443076923077
-0.5970572307692308
-0.37091815384615384
-0.09304246153846155
0.17398523076923075
0.40575692307692307
0.565764923076923
0.6316873846153847
0.6391975384615384
0.5676424615384615
0.4485230769230769
0.2897667692307692
0.09512861538461538
-0.092208
-0.2703655384615385
-0.40596553846153843
-0.48357046153846156
-0.5311347692307692
-0.5309261538461538
-0.4825273846153846
-0.40095876923076923
-0.27182584615384614
-0.11703323076923078
0.045895384615384616
0.20798953846153845
0.3379569230769231
0.4405956923076923
0.5096473846153846
0.5275883076923077
0.4850307692307692
0.3815575384615385
0.2526332307692308
0.1028473846153846
-0.058829538461538454
-0.2207150769230769
-0.3809316923076923
-0.49963384615384615
-0.566808
-0.5605495384615384
-0.46396061538461536
-0.3321156923076923
-0.16334584615384617
0.03629907692307692
0.23782153846153845
0.44393353846153844
0.588504
0.6540092307692308
0.6454559999999999
0.5540824615384615
0.4205686153846153
0.24199384615384617
0.03379569230769231
-0.18149538461538461
-0.37780246153846153
-0.4925409230769231
-0.5380190769230769
-0.5090215384615385
-0.4082603076923077
-0.2851772307692308
-0.1218313846153846
0.05590892307692308
0.22718215384615387
0.3880246153846154
0.48649107692307686
0.5309261538461538
0.5161144615384615
0.44998338461538456
0.37321292307692305
0.2724516923076923
0.14707384615384617
0.007510153846153846
-0.11849353846153846
-0.20423446153846153
-0.2561796923076923
-0.26765353846153844
-0.26494153846153845
-0.2582658461538461
-0.2330233846153846
-0.18337292307692307
-0.0853236923076923
0.00855323076923077
0.07280676923076923
0.13476553846153844
0.1829556923076923
0.23072861538461537
0.25471938461538457
0.23281476923076924
0.19568123076923075
0.12579507692307693
0.030040615384615384
-0.06613107692307692
-0.1783661538461538
-0.2862203076923077
-0.3819747692307692
-0.44810584615384613
-0.45332123076923075
-0.4118067692307692
-0.3229366153846154
-0.21007569230769232
-0.08574092307692306
0.05799507692307692
0.19442953846153843
0.3243969230769231
0.4255753846153846
0.4622916923076923
0.43475446153846153
0.3369138461538461
0.19735015384615384
0.04109723076923077
-0.12329169230769231
-0.2722430769230769
-0.39303138461538456
-0.46542092307692307
-0.46542092307692307
-0.40283630769230766
-0.2799618461538461
-0.11640738461538462
0.04860738461538461
0.21696000000000001
0.3684147692307692
0.4743913846153846
0.5021372307692308
0.4524867692307692
0.3538116923076923
0.21007569230769232
0.05799507692307692
-0.08782707692307692
-0.20965846153846154
-0.28246523076923075
-0.3127144615384615
-0.2943563076923077
-0.23385784615384617
-0.14874276923076923
-0.04631261538461538
0.052571076923076915
0.1424843076923077
0.2127876923076923
0.23385784615384617
0.22175815384615383
0.1913003076923077
0.16063384615384615
0.13393107692307693
0.10347323076923076
0.08073415384615384
0.05236246153846154
0.024616615384615383
-0.0012516923076923076
-0.02357353846153846
-0.03671630769230769
-0.05194523076923077
-0.06362769230769232
-0.06717415384615384
-0.05820369230769231
-0.031918153846153846
0.002086153846153846
0.04526953846153846
0.09450276923076922
0.15103753846153847
0.21675138461538462
0.2780843076923077
0.3214763076923077
0.3275261538461538
0.2872633846153846
0.21508246153846153
0.127464
0.023990769230769232
-0.08344615384615384
-0.18483323076923078
-0.2601433846153846
-0.2951907692307692
-0.28788923076923073
-0.23093723076923076
-0.14102399999999998
-0.030875076923076922
0.08907876923076924
0.20256553846153844
0.28934953846153844
0.3304467692307692
0.3152178461538461
0.2591003076923077
0.17690584615384616
0.08365476923076923
-0.01981846153846154
-0.12955015384615384
-0.22008923076923076
-0.28392553846153845
-0.29602523076923076
-0.2620209230769231
-0.19672430769230767
-0.10514215384615383
-0.013142769230769229
0.07969107692307692
0.15667015384615385
0.20339999999999997
0.22572184615384616
0.2140393846153846
0.1794092307692308
0.13622584615384614
0.0934596923076923
0.05653476923076922
0.021070153846153846
-0.002712
-0.02211323076923077
-0.026702769230769228
-0.003963692307692307
0.017315076923076923
0.03275261538461539
0.024408000000000003
-0.006884307692307692
-0.03358707692307692
-0.058829538461538454
-0.07113784615384615
-0.07197230769230768
-0.065088
-0.03421292307692308
0.013142769230769229
0.07155507692307693
0.12266584615384615
0.15103753846153847
0.15333230769230768
0.13226215384615383
0.09199938461538461
0.02044430769230769
-0.07551876923076924
-0.18775384615384613
-0.2858030769230769
-0.3412947692307692
-0.35464615384615383
-0.32189353846153845
-0.2509643076923077
-0.1543753846153846
-0.04318338461538461
0.06863446153846153
0.1783661538461538
0.2670276923076923
0.3137575384615385
0.31646953846153847
0.26619323076923074
0.19213476923076922
0.11619876923076923
0.03150092307692308
-0.044435076923076924
-0.10806276923076923
-0.14916
-0.14957723076923077
-0.12162276923076921
-0.0717636923076923
-0.019192615384615384
0.018775384615384614
0.06425353846153846
0.10514215384615383
0.13601723076923075
0.15604430769230768
0.1489513846153846
0.13393107692307693
0.1151556923076923
0.10117846153846152
0.09846646153846153
0.09325107692307691
0.08574092307692306
0.07697907692307693
0.061124307692307686
0.04380923076923077
0.012308307692307691
-0.03713353846153846
-0.09012184615384615
-0.13706030769230768
-0.1506203076923077
-0.143736
-0.11599015384615384
-0.06717415384615384
-0.011265230769230769
0.06529661538461538
0.14790830769230767
0.2225926153846154
0.26786215384615386
0.2626467692307692
0.222384
0.14978584615384616
0.054240000000000003
-0.04672984615384615
-0.14749107692307692
-0.23531815384615382
-0.29727692307692305
-0.3137575384615385
-0.2822566153846154
-0.22154953846153846
-0.14039815384615384
-0.05382276923076923
0.03942830769230769
0.14060676923076923
0.21758584615384616
0.26160369230769226
0.26640184615384616
0.2238443076923077
0.1635544615384615
0.0828203076923077
-0.0035464615384615383
-0.0798996923076923
-0.15354092307692307
-0.19150892307692308
-0.19067446153846154
-0.15813046153846153
-0.10368184615384615
-0.056951999999999996
-0.01272553846153846
0.030875076923076922
0.06467076923076923
0.09033046153846153
0.08469784615384615
0.06028984615384615
0.026911384615384615
-0.01397723076923077
-0.033169846153846154
-0.03483876923076923
-0.030875076923076922
-0.029623384615384614
-0.03921969230769231
-0.042557538461538466
-0.042557538461538466
-0.05757784615384615
-0.07697907692307693
-0.09909230769230769
-0.11432123076923076
-0.10889723076923077
-0.08490646153846154
-0.037967999999999995
0.014603076923076923
0.06362769230769232
0.11390399999999999
0.1597993846153846
0.20047938461538461
0.21111876923076925
0.18149538461538461
0.12579507692307693
0.052153846153846155
-0.016897846153846156
-0.08386338461538462
-0.15875630769230767
-0.21654276923076923
-0.24741784615384615
-0.23385784615384617
-0.1913003076923077
-0.12996738461538462
-0.050067692307692306
-0.015646153846153844
0.012099692307692308
0.055491692307692304
0.09491999999999999
0.13518276923076925
0.12767261538461538
0.09074769230769231
0.09262523076923077
0.13184492307692308
0.1424843076923077
0.1289243076923077
0.07677046153846154
-0.003963692307692307
-0.08302892307692307
-0.12537784615384615
-0.13601723076923075
-0.19359507692307693
-0.19588984615384614
-0.18483323076923078
-0.11432123076923076
0.014603076923076923
0.08720123076923077
0.1881710769230769
0.21737723076923077
0.2620209230769231
0.30436984615384616
0.260352
0.22008923076923076
0.08824430769230769
-0.04547815384615384
-0.157296
-0.24491446153846153
-0.225096
-0.20965846153846154
-0.16584923076923075
-0.07802215384615384
0.016897846153846156
0.14957723076923077
0.24449723076923074
0.3131316923076923
0.3485963076923077
0.2858030769230769
0.23052
0.17565415384615385
0.10180430769230768
0.03880246153846154
-0.05757784615384615
-0.10430769230769231
-0.12037107692307693
-0.1287156923076923
-0.08615815384615384
-0.06258461538461538
-0.03108369230769231
0.024616615384615383
0.07843938461538462
0.15604430769230768
0.19735015384615384
0.20152246153846154
0.19463815384615382
0.17085599999999998
0.168144
0.15249784615384615
0.12308307692307692
0.10138707692307691
0.07927384615384615
0.07280676923076923
0.04839876923076923
0.0033378461538461535
-0.04047138461538462
-0.11557292307692307
-0.17690584615384616
-0.19150892307692308
-0.18775384615384613
-0.13643446153846153
-0.07781353846153846
-0.016063384615384615
0.06654830769230768
0.12683815384615382
0.16438892307692307
0.1558356923076923
0.10597661538461538
0.026076923076923077
-0.07051199999999999
-0.1368516923076923
-0.18629353846153843
-0.2330233846153846
-0.25805723076923076
-0.24741784615384615
-0.19046584615384615
-0.11891076923076922
-0.044435076923076924
0.02858030769230769
0.08428061538461538
0.14457046153846154
0.18066092307692305
0.17273353846153844
0.1316363076923077
0.05298830769230769
-0.03859384615384615
-0.11181784615384616
-0.1712732307692308
-0.2125790769230769
-0.22029784615384615
-0.19651569230769228
-0.124752
-0.032544
0.06446215384615385
0.15228923076923076
0.19964492307692308
0.22822523076923076
0.2194633846153846
0.19067446153846154
0.14603076923076924
0.07635323076923077
0.02273907692307692
-0.02586830769230769
-0.03942830769230769
-0.014603076923076923
0.023364923076923075
0.08010830769230769
0.12642092307692307
0.15896492307692306
0.19505538461538463
0.23052
0.25117292307692307
0.23782153846153845
0.19213476923076922
0.14665661538461539
0.11432123076923076
0.0961716923076923
0.07781353846153846
0.06300184615384616
0.06571384615384615
0.07113784615384615
0.08594953846153845
0.09262523076923077
0.0717636923076923
0.03504738461538461
-0.0050067692307692304
-0.03984553846153846
-0.065088
-0.09158215384615384
-0.11140061538461538
-0.11724184615384614
-0.11557292307692307
-0.09137353846153846
-0.05611753846153846
-0.016272
0.02211323076923077
0.04547815384615384
0.05862092307692307
0.05236246153846154
0.03880246153846154
0.009596307692307692
-0.02482523076923077
-0.04693846153846153
-0.065088
-0.055491692307692304
-0.04276615384615385
-0.02357353846153846
0.016480615384615385
0.054657230769230764
0.100344
0.14540492307692307
0.17315076923076922
0.17085599999999998
0.13184492307692308
0.07510153846153846
0.02044430769230769
-0.035255999999999996
-0.08115138461538463
-0.11953661538461538
-0.14790830769230767
-0.14916
-0.13601723076923075
-0.10201292307692307
-0.06279323076923077
-0.02044430769230769
0.024408000000000003
0.05570030769230769
0.07572738461538461
0.06592246153846154
0.03942830769230769
0.02044430769230769
0.006467076923076923
-0.003129230769230769
-0.006884307692307692
-0.001043076923076923
0.013768615384615384
0.025033846153846153
0.035464615384615386
0.052571076923076915
0.061124307692307686
0.05757784615384615
0.041514461538461535
0.01814953846153846
0.0025033846153846152
-0.006258461538461538
0.0002086153846153846
0.021696
0.05674338461538461
0.10138707692307691
0.13872923076923074
0.18066092307692305
0.21216184615384615
0.21111876923076925
0.18754523076923074
0.13247076923076923
0.06300184615384616
-0.0035464615384615383
-0.07572738461538461
-0.13601723076923075
-0.1792006153846154
-0.19839323076923077
-0.1883796923076923
-0.1718990769230769
-0.13601723076923075
-0.08949599999999999
-0.04172307692307692
0.017523692307692306
0.06008123076923077
0.09158215384615384
0.1070196923076923
0.09763200000000001
0.08344615384615384
0.05757784615384615
0.014811692307692307
-0.042348923076923076
-0.10201292307692307
-0.14331876923076922
-0.16230276923076925
-0.15520984615384617
-0.119328
-0.07635323076923077
-0.03108369230769231
0.015646153846153844
0.04756430769230769
0.065088
0.059038153846153844
0.03442153846153846
0.0008344615384615384
-0.045895384615384616
-0.0853236923076923
-0.1178676923076923
-0.138312
-0.13330523076923076
-0.11578153846153846
-0.0855323076923077
-0.046104
-0.010848
0.020027076923076922
0.040679999999999994
0.045895384615384616
0.05090215384615384
0.0448523076923077
0.03567323076923076
0.028163076923076923
0.023364923076923075
0.026494153846153844
0.034630153846153845
0.06425353846153846
0.08448923076923077
0.10660246153846153
0.12850707692307692
0.13893784615384613
0.15479261538461536
0.14394461538461537
0.11348676923076922
0.059872615384615385
0.0022947692307692304
-0.049233230769230765
-0.0961716923076923
-0.11452984615384615
-0.11807630769230769
-0.10764553846153846
-0.07781353846153846
-0.03150092307692308
0.011891076923076923
0.03629907692307692
0.03942830769230769
0.023782153846153845
-0.007301538461538462
-0.04693846153846153
-0.08845292307692308
-0.1218313846153846
-0.14144123076923076
-0.15291507692307693
-0.14477907692307693
-0.1136953846153846
-0.07364123076923076
-0.033169846153846154
0.006049846153846154
0.03775938461538462
0.07134646153846153
0.08845292307692308
0.08574092307692306
0.08177723076923075
0.05277969230769231
0.023364923076923075
0.004589538461538461
-0.013142769230769229
-0.016897846153846156
-0.016897846153846156
-0.011891076923076923
-0.003129230769230769
0.01940123076923077
0.05444861538461539
0.06863446153846153
0.06341907692307691
0.05090215384615384
0.0446436923076923
0.04693846153846153
0.03921969230769231
0.023364923076923075
0.0008344615384615384
-0.021278769230769233
-0.028788923076923077
-0.021278769230769233
-0.008136
0.004798153846153846
0.015020307692307692
0.023990769230769232
0.043392
0.06613107692307692
0.08031692307692308
0.08574092307692306
0.09012184615384615
0.09909230769230769
0.11265230769230769
0.119328
0.11473846153846154
0.10326461538461539
0.07697907692307693
0.05236246153846154
0.03358707692307692
0.016897846153846156
-0.002712
-0.031918153846153846
-0.052153846153846155
-0.06300184615384616
-0.059664
-0.051528
-0.04088861538461538
-0.022947692307692308
-0.0035464615384615383
0.026702769230769228
0.05319692307692307
0.07468430769230769
0.08156861538461539
0.07531015384615385
0.06446215384615385
0.04819015384615385
0.028371692307692306
-0.008344615384615384
-0.05590892307692308
-0.10493353846153847
-0.13935507692307691
-0.15604430769230768
-0.15646153846153846
-0.13768615384615385
-0.10806276923076923
-0.05528307692307692
0.02086153846153846
0.10243015384615384
0.1733593846153846
0.22342707692307692
0.2507556923076923
0.24595753846153845
0.2125790769230769
0.15520984615384617
0.07510153846153846
-0.010639384615384617
-0.09095630769230768
-0.14999446153846155
-0.17502830769230768
-0.1696043076923077
-0.13372246153846154
-0.07948246153846153
-0.025033846153846153
0.029206153846153847
0.078648
0.11640738461538462
0.13434830769230768
0.132888
0.10848000000000001
0.07009476923076922
0.029414769230769227
-0.018983999999999997
-0.06133292307692308
-0.08344615384615384
-0.073224
-0.03442153846153846
0.014811692307692307
0.05924676923076923
0.08845292307692308
0.11056615384615384
0.13434830769230768
0.15374953846153847
0.16271999999999998
0.14999446153846155
0.12391753846153845
0.09763200000000001
0.07551876923076924
0.06633969230769231
0.06362769230769232
0.06675692307692307
0.07823076923076923
0.09930092307692308
0.12558646153846154
0.14164984615384615
0.1424843076923077
0.12808984615384614
0.0961716923076923
0.050067692307692306
-0.002086153846153846
-0.051319384615384614
-0.10785415384615385
-0.15687876923076924
-0.1718990769230769
-0.15687876923076924
-0.10681107692307691
-0.03379569230769231
0.05069353846153846
0.132888
0.19150892307692308
0.23406646153846156
0.2411593846153846
0.20319138461538463
0.14081538461538462
0.05590892307692308
-0.021904615384615383
-0.08636676923076922
-0.13309661538461537
-0.154584
-0.15354092307692307
-0.1151556923076923
-0.05590892307692308
0.027120000000000002
0.10597661538461538
0.16626646153846153
0.20381723076923075
0.21362215384615382
0.21028430769230766
0.18399876923076922
0.13998092307692306
0.0771876923076923
0.003963692307692307
-0.07092923076923077
-0.1356
-0.17732307692307692
-0.20798953846153845
-0.21612553846153845
-0.20402584615384614
-0.1785747692307692
-0.13622584615384614
-0.1097316923076923
-0.11056615384615384
-0.11265230769230769
-0.06195876923076923
0.025033846153846153
0.14394461538461537
0.2943563076923077
0.39511753846153846
0.508187076923077
0.5985175384615384
0.6400319999999999
0.6314787692307692
0.4917064615384615
0.2985286153846154
0.06195876923076923
-0.12642092307692307
-0.3062473846153846
-0.4698018461538461
-0.5382276923076923
-0.584123076923077
-0.4616658461538461
-0.24741784615384615
0.008136
0.2803790769230769
0.4599969230769231
0.6076966153846154
0.6408664615384615
0.5745267692307692
0.4113895384615384
0.13810338461538463
-0.1585476923076923
-0.4704276923076923
-0.7026166153846154
-0.8361304615384616
-0.8609556923076923
-0.7428793846153845
-0.5526221538461538
-0.30019753846153846
-0.03129230769230769
0.21132738461538458
0.4268270769230769
0.5259193846153846
0.5219556923076923
0.4577021538461538
0.3350363076923077
0.2292683076923077
0.10848000000000001
-0.03567323076923076
-0.15667015384615385
-0.2572227692307692
-0.2951907692307692
-0.2883064615384615
-0.26911384615384615
-0.24679199999999998
-0.21070153846153844
-0.12496061538461539
-0.02858030769230769
0.06279323076923077
0.12350030769230769
0.14060676923076923
0.16021661538461537
0.1558356923076923
0.13935507692307691
0.12162276923076921
0.07301538461538462
0.027328615384615382
-0.008136
-0.06154153846153846
-0.1205796923076923
-0.19296923076923078
-0.276624
-0.3375396923076923
-0.3855212307692308
-0.38656430769230765
-0.3216849230769231
-0.20652923076923077
-0.054657230769230764
0.10472492307692308
0.25847446153846154
0.38009723076923074
0.458328
0.46688123076923077
0.384060923076923
0.25242461538461536
0.09825784615384614
-0.061124307692307686
-0.19609846153846153
-0.31772123076923076
-0.3863556923076923
-0.37717661538461533
-0.31855569230769226
-0.20256553846153844
-0.08177723076923075
0.034630153846153845
0.16480615384615382
0.2751636923076923
0.3571495384615384
0.37550769230769226
0.33816553846153846
0.2578486153846154
0.1422756923076923
0.015854769230769228
-0.11494707692307692
-0.21111876923076925
-0.27432923076923077
-0.29748553846153847
-0.25346769230769234
-0.16856123076923077
-0.06216738461538462
0.06154153846153846
0.17085599999999998
0.2371956923076923
0.2655673846153846
0.2574313846153846
0.23114584615384615
0.18149538461538461
0.10117846153846152
0.02273907692307692
-0.03671630769230769
-0.06905169230769231
-0.07426707692307692
-0.06195876923076923
-0.037342153846153844
0.0043809230769230765
0.05277969230769231
0.08740984615384616
0.12016246153846154
0.1207883076923077
0.08094276923076923
0.04819015384615385
-0.006675692307692307
-0.059664
-0.09950953846153845
-0.14853415384615384
-0.1693956923076923
-0.15687876923076924
-0.11077476923076923
-0.0448523076923077
0.03024923076923077
0.10096984615384616
0.15750461538461538
0.18858830769230767
0.18483323076923078
0.15166338461538462
0.08657538461538461
0.0022947692307692304
-0.08073415384615384
-0.13768615384615385
-0.1710646153846154
-0.1693956923076923
-0.13476553846153844
-0.08177723076923075
-0.014394461538461538
0.042557538461538466
0.08615815384615384
0.12204
0.13455692307692307
0.1136953846153846
0.08240307692307691
0.049233230769230765
0.021070153846153846
0.00855323076923077
-0.011891076923076923
-0.02524246153846154
-0.02795446153846154
-0.03901107692307692
-0.0446436923076923
-0.05924676923076923
-0.07677046153846154
-0.0963803076923077
-0.11494707692307692
-0.12287446153846153
-0.13080184615384613
-0.12975876923076923
-0.12350030769230769
-0.09700615384615385
-0.05236246153846154
-0.009387692307692307
0.04839876923076923
0.10555938461538462
0.15520984615384617
0.20506892307692307
0.222384
0.21132738461538458
0.17461107692307692
0.11327815384615383
0.045895384615384616
-0.027745846153846152
-0.09325107692307691
-0.14081538461538462
-0.16480615384615382
-0.15270646153846154
-0.10326461538461539
-0.030040615384615384
0.05111076923076923
0.13476553846153844
0.21237046153846154
0.26306399999999996
0.2851772307692308
0.27286892307692306
0.22989415384615383
0.16292861538461537
0.06759138461538462
-0.025659692307692307
-0.09262523076923077
-0.13872923076923074
-0.15333230769230768
-0.13747753846153846
-0.09721476923076922
-0.02795446153846154
0.04714707692307692
0.12537784615384615
0.18483323076923078
0.20819815384615384
0.21007569230769232
0.19046584615384615
0.157296
0.09658892307692307
0.024408000000000003
-0.040054153846153843
-0.09325107692307691
-0.11098338461538461
-0.10952307692307692
-0.08156861538461539
-0.040262769230769234
-0.004589538461538461
0.03859384615384615
0.07134646153846153
0.09325107692307691
0.09471138461538461
0.06800861538461538
0.02044430769230769
-0.03483876923076923
-0.08115138461538463
-0.11181784615384616
-0.119328
-0.11035753846153845
-0.08907876923076924
-0.051528
-0.0070929230769230765
0.03984553846153846
0.0771876923076923
0.0880356923076923
0.073224
0.04652123076923077
0.018358153846153843
-0.013560000000000001
-0.04985907692307692
-0.09763200000000001
-0.1287156923076923
-0.12996738461538462
-0.10535076923076922
-0.04860738461538461
0.013560000000000001
0.07551876923076924
0.130176
0.17377661538461536
0.2021483076923077
0.19818461538461538
0.17377661538461536
0.12141415384615384
0.06571384615384615
0.022947692307692308
-0.012516923076923077
-0.03755076923076923
-0.06154153846153846
-0.0609156923076923
-0.03838523076923077
-0.003755076923076923
0.027328615384615382
0.04860738461538461
0.05757784615384615
0.06028984615384615
0.06321046153846153
0.049233230769230765
0.03775938461538462
0.025659692307692307
0.026911384615384615
0.043600615384615383
0.06905169230769231
0.10660246153846153
0.12788123076923075
0.14457046153846154
0.14206707692307693
0.1151556923076923
0.078648
0.02357353846153846
-0.03692492307692308
-0.09387692307692307
-0.13393107692307693
-0.13914646153846155
-0.10952307692307692
-0.05590892307692308
0.0043809230769230765
0.06133292307692308
0.1151556923076923
0.15333230769230768
0.17148184615384612
0.16334584615384617
0.12767261538461538
0.07468430769230769
0.0014603076923076922
-0.065088
-0.12245723076923076
-0.17398523076923075
-0.1942209230769231
-0.1858763076923077
-0.13726892307692307
-0.059664
0.02023569230769231
0.09804923076923076
0.15291507692307693
0.18545907692307692
0.20256553846153844
0.19317784615384614
0.15416676923076922
0.09241661538461539
0.017523692307692306
-0.05528307692307692
-0.10889723076923077
-0.13872923076923074
-0.14311015384615386
-0.11828492307692307
-0.07218092307692307
-0.006675692307692307
0.07280676923076923
0.14018953846153845
0.18879692307692306
0.20694646153846152
0.18983999999999998
0.15667015384615385
0.11140061538461538
0.04214030769230769
-0.03421292307692308
-0.09679753846153846
-0.14832553846153845
-0.16334584615384617
-0.14707384615384617
-0.10994030769230768
-0.065088
-0.027745846153846152
0.016480615384615385
0.06571384615384615
0.10055261538461538
0.11828492307692307
0.12204
0.11432123076923076
0.11056615384615384
0.10743692307692307
0.10576799999999999
0.0936683076923077
0.07113784615384615
0.04902461538461538
0.03504738461538461
0.026285538461538457
0.0014603076923076922
-0.03337846153846154
-0.07656184615384615
-0.11557292307692307
-0.13768615384615385
-0.13998092307692306
-0.12308307692307692
-0.08866153846153846
-0.047772923076923074
-0.004798153846153846
0.037967999999999995
0.07113784615384615
0.09387692307692307
0.08699261538461538
0.06070707692307692
0.024199384615384616
-0.02023569230769231
-0.07197230769230768
-0.130176
-0.17481969230769231
-0.20444307692307692
-0.20465169230769228
-0.18170399999999998
-0.14936861538461538
-0.10722830769230769
-0.06028984615384615
-0.0012516923076923076
0.07280676923076923
0.1449876923076923
0.1908830769230769
0.214248
0.21466523076923077
0.19380369230769232
0.1531236923076923
0.08490646153846154
-0.0002086153846153846
-0.086784
-0.15667015384615385
-0.192552
-0.19588984615384614
-0.17669723076923077
-0.12788123076923075
-0.05862092307692307
0.022947692307692308
0.11202646153846153
0.18754523076923074
0.24074215384615386
0.25284184615384614
0.23677846153846152
0.19860184615384616
0.14039815384615384
0.08302892307692307
0.013351384615384614
-0.05507446153846154
-0.11640738461538462
-0.16042523076923076
-0.17023015384615386
-0.17085599999999998
-0.15750461538461538
-0.1287156923076923
-0.08031692307692308
-0.005632615384615384
0.07280676923076923
0.15228923076923076
0.20652923076923077
0.23281476923076924
0.24595753846153845
0.23510953846153848
0.20527753846153846
0.14457046153846154
0.06592246153846154
-0.005841230769230769
-0.06821723076923077
-0.11056615384615384
-0.13852061538461538
-0.15187199999999998
-0.14561353846153846
-0.12162276923076921
-0.07781353846153846
-0.024199384615384616
0.023990769230769232
0.07030338461538461
0.11077476923076923
0.14311015384615386
0.17085599999999998
0.17252492307692308
0.15875630769230767
0.13101046153846155
0.08198584615384615
0.028163076923076923
-0.03671630769230769
-0.09825784615384614
-0.15750461538461538
-0.2207150769230769
-0.25555384615384613
-0.26076923076923075
-0.21842030769230766
-0.13330523076923076
-0.03609046153846154
0.07197230769230768
0.1570873846153846
0.22113230769230768
0.2540935384615385
0.24992123076923078
0.21612553846153845
0.13935507692307691
0.06633969230769231
-0.014811692307692307
-0.07635323076923077
-0.10785415384615385
-0.12204
-0.014811692307692307
0.03108369230769231
0.023990769230769232
0.07155507692307693
0.054657230769230764
0.12162276923076921
0.1287156923076923
0.07781353846153846
0.047981538461538464
-0.041514461538461535
-0.004589538461538461
0.004589538461538461
0.0035464615384615383
-0.0070929230769230765
-0.09053907692307692
-0.05799507692307692
-0.054240000000000003
-0.024199384615384616
-0.0012516923076923076
-0.0798996923076923
-0.06863446153846153
-0.07280676923076923
-0.045895384615384616
0.02273907692307692
0.013560000000000001
0.07489292307692308
0.08866153846153846
0.06404492307692307
0.1341396923076923
0.14436184615384615
0.16334584615384617
0.14957723076923077
0.04819015384615385
-0.026494153846153844
-0.14540492307692307
-0.2090326153846154
-0.21320492307692307
-0.265776
-0.29227015384615385
-0.30019753846153846
-0.22947692307692308
-0.09658892307692307
-0.015437538461538461
0.06070707692307692
0.09158215384615384
0.1207883076923077
0.19046584615384615
0.19797599999999999
0.19609846153846153
0.16105107692307694
0.09325107692307691
0.07113784615384615
0.02273907692307692
-0.025033846153846153
-0.051319384615384614
-0.09387692307692307
-0.07426707692307692
-0.013142769230769229
0.06028984615384615
0.13664307692307692
0.1691870769230769
0.19735015384615384
0.19526400000000002
0.1787833846153846
0.17294215384615383
0.16438892307692307
0.1760713846153846
0.13789476923076924
0.09992676923076924
0.0974233846153846
0.06675692307692307
0.052571076923076915
-0.005424
-0.09283384615384616
-0.14519630769230768
-0.19213476923076922
-0.17419384615384614
-0.14686523076923075
-0.13393107692307693
-0.08073415384615384
-0.018775384615384614
0.06446215384615385
0.130176
0.15208061538461537
0.16230276923076925
0.14164984615384615
0.100344
0.04547815384615384
-0.02858030769230769
-0.06759138461538462
-0.10952307692307692
-0.15270646153846154
-0.15646153846153846
-0.16063384615384615
-0.116616
-0.06258461538461538
-0.015020307692307692
0.06529661538461538
0.12204
0.17565415384615385
0.20381723076923075
0.1656406153846154
0.10785415384615385
0.03233538461538461
-0.03358707692307692
-0.08469784615384615
-0.1395636923076923
-0.1760713846153846
-0.20506892307692307
-0.184416
-0.10430769230769231
-0.011891076923076923
0.08824430769230769
0.14916
0.17523692307692307
0.1913003076923077
0.17148184615384612
0.14123261538461537
0.07843938461538462
-0.013142769230769229
-0.07885661538461539
-0.12955015384615384
-0.15333230769230768
-0.15687876923076924
-0.1489513846153846
-0.09554584615384615
-0.02482523076923077
0.052153846153846155
0.13497415384615385
0.18107815384615383
0.20193969230769232
0.18504184615384617
0.14540492307692307
0.11348676923076922
0.05757784615384615
0.006884307692307692
-0.047981538461538464
-0.09763200000000001
-0.10076123076923077
-0.08887015384615385
-0.051319384615384614
-0.015020307692307692
-0.008970461538461538
0.00855323076923077
0.029206153846153847
0.07635323076923077
0.1353913846153846
0.14603076923076924
0.138312
0.12496061538461539
0.12496061538461539
0.15270646153846154
0.16897846153846155
0.16981292307692308
0.1435273846153846
0.10722830769230769
0.09450276923076922
0.06842584615384616
0.038176615384615385
0.003755076923076923
-0.04130584615384615
-0.061750153846153844
-0.06946892307692307
-0.05507446153846154
-0.02524246153846154
0.005424
0.059872615384615385
0.11056615384615384
0.15103753846153847
0.1927606153846154
0.2056947692307692
0.1794092307692308
0.11807630769230769
0.04276615384615385
-0.03108369230769231
-0.10222153846153846
-0.1666836923076923
-0.23156307692307693
-0.2776670769230769
-0.2891409230769231
-0.26348123076923075
-0.20256553846153844
-0.13518276923076925
-0.06633969230769231
0.014603076923076923
0.09846646153846153
0.16835261538461538
0.1994363076923077
0.19213476923076922
0.16626646153846153
0.127464
0.08448923076923077
0.03963692307692308
-0.017940923076923077
-0.07384984615384615
-0.1097316923076923
-0.12496061538461539
-0.11265230769230769
-0.08010830769230769
-0.027745846153846152
0.026911384615384615
0.0828203076923077
0.14311015384615386
0.17732307692307692
0.1927606153846154
0.1794092307692308
0.14123261538461537
0.09283384615384616
0.03150092307692308
-0.023364923076923075
-0.073224
-0.1205796923076923
-0.14957723076923077
-0.16292861538461537
-0.16271999999999998
-0.1476996923076923
-0.12496061538461539
-0.09095630769230768
-0.05277969230769231
-0.014811692307692307
0.029414769230769227
0.06195876923076923
0.08386338461538462
0.09804923076923076
0.09679753846153846
0.08240307692307691
0.05298830769230769
0.01043076923076923
-0.040054153846153843
-0.07656184615384615
-0.08949599999999999
-0.0897046153846154
-0.08448923076923077
-0.0717636923076923
-0.04965046153846154
-0.013768615384615384
0.035464615384615386
0.08323753846153846
0.11849353846153846
0.1314276923076923
0.12996738461538462
0.13121907692307694
0.1287156923076923
0.1178676923076923
0.092208
0.05528307692307692
0.025033846153846153
0.0008344615384615384
-0.02357353846153846
-0.03984553846153846
-0.05382276923076923
-0.06258461538461538
-0.04088861538461538
0.005841230769230769
0.06717415384615384
0.12287446153846153
0.15875630769230767
0.17544553846153846
0.18086953846153844
0.17273353846153844
0.14060676923076923
0.08511507692307693
0.02753723076923077
-0.01856676923076923
-0.05277969230769231
-0.06696553846153847
-0.078648
-0.08094276923076923
-0.07572738461538461
-0.05444861538461539
-0.0070929230769230765
0.04318338461538461
0.09012184615384615
0.12579507692307693
0.15103753846153847
0.16042523076923076
0.15270646153846154
0.12516923076923075
0.06946892307692307
-0.010848
-0.10514215384615383
-0.18107815384615383
-0.22321846153846153
-0.2424110769230769
-0.23782153846153845
-0.20548615384615385
-0.15374953846153847
-0.08490646153846154
-0.003755076923076923
0.06946892307692307
0.12683815384615382
0.15792184615384616
0.1733593846153846
0.1800350769230769
0.16063384615384615
0.11745046153846153
0.050067692307692306
-0.027328615384615382
-0.0855323076923077
-0.119328
-0.13852061538461538
-0.14394461538461537
-0.13726892307692307
-0.11098338461538461
-0.06008123076923077
0.0006258461538461538
0.05590892307692308
0.09784061538461537
0.11452984615384615
0.12099692307692309
0.13226215384615383
0.13247076923076923
0.10597661538461538
0.04693846153846153
-0.022947692307692308
-0.09471138461538461
-0.15208061538461537
-0.18545907692307692
-0.2127876923076923
-0.22989415384615383
-0.2275993846153846
-0.19171753846153847
-0.12037107692307693
-0.03504738461538461
0.04985907692307692
0.1205796923076923
0.1794092307692308
0.2355267692307692
0.27140861538461536
0.2730775384615384
0.2292683076923077
0.1462393846153846
0.05924676923076923
-0.013142769230769229
-0.06863446153846153
-0.10764553846153846
-0.12662953846153846
-0.111192
-0.05716061538461538
0.02753723076923077
0.10806276923076923
0.1570873846153846
0.18170399999999998
0.18629353846153843
0.18274707692307693
0.17002153846153847
0.13622584615384614
0.09012184615384615
0.032544
-0.02795446153846154
-0.061124307692307686
-0.07551876923076924
-0.09095630769230768
-0.10639384615384614
-0.12579507692307693
-0.13101046153846155
-0.11223507692307692
-0.08177723076923075
-0.04172307692307692
-0.008761846153846153
0.02211323076923077
0.05486584615384615
0.0892873846153846
0.12579507692307693
0.1341396923076923
0.12391753846153845
0.10868861538461538
0.1070196923076923
0.11056615384615384
0.09554584615384615
0.0717636923076923
0.03421292307692308
-0.007927384615384614
-0.042348923076923076
-0.06884307692307692
-0.08991323076923076
-0.11536430769230768
-0.12934153846153845
-0.10117846153846152
-0.04526953846153846
0.021904615384615383
0.08428061538461538
0.13101046153846155
0.15875630769230767
0.1639716923076923
0.15750461538461538
0.12558646153846154
0.06905169230769231
-0.0012516923076923076
-0.061750153846153844
-0.09241661538461539
-0.10994030769230768
-0.11056615384615384
-0.09512861538461538
-0.06759138461538462
-0.019609846153846155
0.03504738461538461
0.08344615384615384
0.10159569230769232
0.09095630769230768
0.06800861538461538
0.04172307692307692
0.03150092307692308
0.01397723076923077
-0.0077187692307692304
-0.02795446153846154
-0.043392
-0.026911384615384615
0.004589538461538461
0.03212676923076923
0.03233538461538461
0.012099692307692308
0.002086153846153846
-0.002086153846153846
-0.003963692307692307
-0.009596307692307692
-0.02482523076923077
-0.04088861538461538
-0.041514461538461535
-0.022530461538461537
0.0025033846153846152
0.010848
0.014394461538461538
0.02357353846153846
0.03337846153846154
0.04735569230769231
0.04756430769230769
0.023990769230769232
-0.03045784615384615
-0.09137353846153846
-0.1341396923076923
-0.16292861538461537
-0.1704387692307692
-0.165432
-0.14540492307692307
-0.09846646153846153
-0.028371692307692306
0.05590892307692308
0.12141415384615384
0.14916
0.15208061538461537
0.12934153846153845
0.0880356923076923
0.02482523076923077
-0.07051199999999999
-0.1614683076923077
-0.22113230769230768
-0.24053353846153847
-0.2207150769230769
-0.1881710769230769
-0.1506203076923077
-0.11807630769230769
-0.05486584615384615
0.018775384615384614
0.0798996923076923
0.14916
0.1802436923076923
0.225096
0.24428861538461538
0.34630153846153844
0.4360061538461539
0.3187643076923077
0.25284184615384614
0.124752
0.046104
0.006258461538461538
-0.165432
-0.2586830769230769
-0.38280923076923074
-0.3346190769230769
-0.1883796923076923
-0.092208
0.07238953846153846
0.12955015384615384
0.279336
0.42411507692307693
0.5017199999999999
0.584123076923077
0.42891323076923077
0.2709913846153846
0.10660246153846153
-0.08448923076923077
-0.15249784615384615
-0.28893230769230765
-0.317304
-0.2655673846153846
-0.26911384615384615
-0.11056615384615384
0.031709538461538456
0.16501476923076921
0.2962338461538461
0.2768326153846154
0.279336
0.21800307692307694
0.15103753846153847
0.14540492307692307
0.06717415384615384
0.0077187692307692304
-0.053614153846153846
-0.0609156923076923
0.015228923076923076
0.02273907692307692
0.012099692307692308
-0.023782153846153845
-0.05319692307692307
0.016063384615384615
0.043392
0.047981538461538464
0.051528
0.019609846153846155
0.059664
0.08511507692307693
0.08115138461538463
0.09971815384615385
0.06654830769230768
0.07259815384615384
0.11452984615384615
0.13267938461538462
0.1397723076923077
0.07197230769230768
0.004589538461538461
-0.053614153846153846
-0.1207883076923077
-0.15416676923076922
-0.1860849230769231
-0.1639716923076923
-0.13852061538461538
-0.10931446153846153
-0.003755076923076923
0.07656184615384615
0.1353913846153846
0.16438892307692307
0.13247076923076923
0.11098338461538461
0.04756430769230769
-0.020652923076923076
-0.06759138461538462
-0.1543753846153846
-0.18629353846153843
-0.1860849230769231
-0.1712732307692308
-0.13267938461538462
-0.11974523076923077
-0.06946892307692307
-0.008344615384615384
0.037342153846153844
0.05820369230769231
0.031709538461538456
0.031709538461538456
0.03379569230769231
0.018983999999999997
0.014603076923076923
-0.031709538461538456
-0.06905169230769231
-0.0717636923076923
-0.0826116923076923
-0.04318338461538461
0.0022947692307692304
0.029206153846153847
0.06717415384615384
0.05757784615384615
0.050067692307692306
0.04985907692307692
0.02795446153846154
0.011265230769230769
-0.02273907692307692
-0.041514461538461535
-0.05027630769230769
-0.0448523076923077
0.0002086153846153846
0.03713353846153846
0.06592246153846154
0.07238953846153846
0.06154153846153846
0.05570030769230769
0.016897846153846156
-0.026285538461538457
-0.06738276923076922
-0.124752
-0.13601723076923075
-0.10743692307692307
-0.07092923076923077
-0.02315630769230769
0.006049846153846154
0.059038153846153844
0.13205353846153844
0.16772676923076923
0.17586276923076924
0.132888
0.06863446153846153
0.009179076923076922
-0.05403138461538461
-0.09137353846153846
-0.12955015384615384
-0.14728246153846153
-0.12829846153846153
-0.09930092307692308
-0.032544
0.043392
0.12099692307692309
0.20339999999999997
0.24345415384615382
0.260352
0.25701415384615384
0.23135446153846154
0.19839323076923077
0.13247076923076923
0.05194523076923077
-0.013351384615384614
-0.06008123076923077
-0.06905169230769231
-0.053405538461538456
-0.03066646153846154
0.004589538461538461
0.043392
0.10180430769230768
0.14144123076923076
0.13893784615384613
0.11411261538461538
0.059038153846153844
0.0004172307692307692
-0.06884307692307692
-0.13393107692307693
-0.1693956923076923
-0.18796246153846152
-0.1696043076923077
-0.1368516923076923
-0.0974233846153846
-0.03400430769230769
0.028788923076923077
0.08574092307692306
0.11703323076923078
0.12850707692307692
0.132888
0.11286092307692308
0.07489292307692308
0.017315076923076923
-0.04547815384615384
-0.10347323076923076
-0.1435273846153846
-0.14957723076923077
-0.14290153846153844
-0.12934153846153845
-0.0936683076923077
-0.03775938461538462
0.023782153846153845
0.0744756923076923
0.1028473846153846
0.12016246153846154
0.12120553846153845
0.10743692307692307
0.08615815384615384
0.04547815384615384
0.003755076923076923
-0.027120000000000002
-0.04526953846153846
-0.05403138461538461
-0.06258461538461538
-0.06070707692307692
-0.05027630769230769
-0.03567323076923076
-0.009179076923076922
0.032544
0.08052553846153847
0.12141415384615384
0.15249784615384615
0.17315076923076922
0.16751815384615384
0.13247076923076923
0.08198584615384615
0.02482523076923077
-0.02586830769230769
-0.08845292307692308
-0.14561353846153846
-0.16689230769230767
-0.165432
-0.1316363076923077
-0.0934596923076923
-0.059664
-0.011473846153846154
0.03713353846153846
0.09179076923076923
0.13434830769230768
0.15959076923076923
0.168144
0.13101046153846155
0.07134646153846153
0.002712
-0.07885661538461539
-0.15917353846153848
-0.24199384615384617
-0.30186646153846153
-0.3179298461538461
-0.30061476923076924
-0.23803015384615384
-0.14811692307692306
-0.042974769230769226
0.05862092307692307
0.13455692307692307
0.2073636923076923
0.2532590769230769
0.25805723076923076
0.22780799999999998
0.17002153846153847
0.11286092307692308
0.05820369230769231
0.0077187692307692304
-0.03400430769230769
-0.06654830769230768
-0.0744756923076923
-0.05820369230769231
-0.018775384615384614
0.029623384615384614
0.06946892307692307
0.10597661538461538
0.13998092307692306
0.1718990769230769
0.19067446153846154
0.18921415384615384
0.1637630769230769
0.12496061538461539
0.0855323076923077
0.05048492307692308
0.014185846153846153
-0.026702769230769228
-0.06049846153846154
-0.08469784615384615
-0.0880356923076923
-0.06425353846153846
-0.021904615384615383
0.013768615384615384
0.029414769230769227
0.04631261538461538
0.06717415384615384
0.08699261538461538
0.09304246153846155
0.078648
0.06571384615384615
0.05027630769230769
0.04526953846153846
0.049233230769230765
0.06070707692307692
0.07572738461538461
0.08073415384615384
0.0974233846153846
0.10827138461538462
0.10952307692307692
0.09930092307692308
0.07614461538461538
0.058412307692307694
0.06133292307692308
0.0897046153846154
0.11390399999999999
0.12433476923076923
0.12099692307692309
0.10117846153846152
0.07697907692307693
0.05173661538461538
0.021487384615384613
-0.02273907692307692
-0.07113784615384615
-0.09262523076923077
-0.08156861538461539
-0.0609156923076923
-0.03337846153846154
0.0006258461538461538
0.035464615384615386
0.06821723076923077
0.08949599999999999
0.09471138461538461
0.06446215384615385
0.0008344615384615384
-0.06967753846153846
-0.1314276923076923
-0.17565415384615385
-0.1990190769230769
-0.20506892307692307
-0.19025723076923076
-0.1422756923076923
-0.07092923076923077
0.012516923076923077
0.09763200000000001
0.15750461538461538
0.1908830769230769
0.2021483076923077
0.18274707692307693
0.13935507692307691
0.06049846153846154
-0.04214030769230769
-0.1353913846153846
-0.21049292307692305
-0.2532590769230769
-0.27140861538461536
-0.27328615384615385
-0.25284184615384614
-0.2059033846153846
-0.1218313846153846
-0.017732307692307693
0.08031692307692308
0.14811692307692306
0.18358153846153846
0.19839323076923077
0.19380369230769232
0.1652233846153846
0.10472492307692308
0.02586830769230769
-0.04672984615384615
-0.09784061538461537
-0.13434830769230768
-0.15291507692307693
-0.15750461538461538
-0.15792184615384616
-0.138312
-0.10389046153846154
-0.04526953846153846
0.017940923076923077
0.061124307692307686
0.10514215384615383
0.14540492307692307
0.19004861538461537
0.21883753846153844
0.21696000000000001
0.1869193846153846
0.12433476923076923
0.05090215384615384
-0.023364923076923075
-0.0934596923076923
-0.1639716923076923
-0.22780799999999998
-0.26348123076923075
-0.26494153846153845
-0.23782153846153845
-0.18358153846153846
-0.10535076923076922
-0.019609846153846155
0.08177723076923075
0.18629353846153843
0.2753723076923077
0.33524492307692305
0.3392086153846154
0.30270092307692303
0.22968553846153844
0.13455692307692307
0.03045784615384615
-0.07948246153846153
-0.17440246153846153
-0.24178523076923078
-0.2680707692307692
-0.24324553846153843
-0.165432
-0.06195876923076923
0.05590892307692308
0.18525046153846153
0.31104553846153843
0.4170221538461538
0.4825273846153846
0.49629599999999996
0.45311261538461534
0.3588184615384616
0.23907323076923076
0.10368184615384615
-0.042348923076923076
-0.18525046153846153
-0.30186646153846153
-0.3636166153846153
-0.37425600000000003
-0.330864
-0.24700061538461537
-0.14206707692307693
-0.013560000000000001
0.119328
0.24428861538461538
0.33962584615384617
0.38072307692307694
0.37884553846153846
0.3456756923076923
0.28392553846153845
0.19609846153846153
0.09033046153846153
-0.024408000000000003
-0.13184492307692308
-0.20840676923076923
-0.25555384615384613
-0.27412061538461535
-0.2703655384615385
-0.24428861538461538
-0.18337292307692307
-0.10055261538461538
-0.005215384615384615
0.08615815384615384
0.16271999999999998
0.2209236923076923
0.24908676923076922
0.25117292307692307
0.2154996923076923
0.143736
0.045895384615384616
-0.06654830769230768
-0.16793538461538463
-0.25805723076923076
-0.32210215384615387
-0.35860984615384617
-0.3727956923076923
-0.3536030769230769
-0.30562153846153844
-0.24053353846153847
-0.18274707692307693
-0.1506203076923077
-0.12579507692307693
-0.030040615384615384
0.09825784615384614
0.24491446153846153
0.3917796923076923
0.4883686153846154
0.5870436923076923
0.6296012307692308
0.6350252307692307
0.5544996923076924
0.36403384615384615
0.14311015384615386
-0.10827138461538462
-0.31897292307692304
-0.5182006153846154
-0.659016
-0.7080406153846154
-0.6696553846153845
-0.48649107692307686
-0.22947692307692308
0.06070707692307692
0.32982092307692307
0.5365587692307692
0.6671520000000001
0.66444
0.5357243076923077
0.3202246153846154
0.03838523076923077
-0.27286892307692306
-0.5540824615384615
-0.7535187692307692
-0.8311236923076923
-0.7668701538461539
-0.5976830769230769
-0.36319938461538465
-0.09679753846153846
0.14665661538461539
0.36632861538461536
0.5215384615384615
0.5618012307692307
0.5238332307692307
0.41681353846153846
0.2914356923076923
0.1829556923076923
0.058412307692307694
-0.05820369230769231
-0.16105107692307694
-0.23156307692307693
-0.2482523076923077
-0.24324553846153843
-0.2290596923076923
-0.20861538461538462
-0.16856123076923077
-0.11494707692307692
-0.07781353846153846
-0.05319692307692307
-0.05590892307692308
-0.06487938461538462
-0.047772923076923074
-0.029206153846153847
0.007927384615384614
0.06300184615384616
0.11953661538461538
0.1775316923076923
0.2073636923076923
0.1873366153846154
0.12266584615384615
0.025033846153846153
-0.09095630769230768
-0.21028430769230766
-0.30374399999999996
-0.3279433846153846
-0.273912
-0.14832553846153845
0.031918153846153846
0.23010276923076922
0.41013784615384613
0.5580461538461539
0.6504627692307692
0.6462904615384615
0.5686855384615385
0.43579753846153846
0.26765353846153844
0.1028473846153846
-0.055491692307692304
-0.1721076923076923
-0.24074215384615386
-0.24741784615384615
-0.19964492307692308
-0.1287156923076923
-0.015437538461538461
0.1207883076923077
0.249504
0.347136
0.39261415384615383
0.3692492307692308
0.27850153846153847
0.1489513846153846
0.016272
-0.12412615384615384
-0.23803015384615384
-0.28851507692307693
-0.28350830769230767
-0.20423446153846153
-0.07510153846153846
0.0771876923076923
0.23052
0.3467187692307692
0.40659138461538463
0.4007501538461538
0.3369138461538461
0.23615261538461538
0.10889723076923077
-0.03129230769230769
-0.15479261538461536
-0.23761292307692305
-0.27140861538461536
-0.2540935384615385
-0.19150892307692308
-0.0988836923076923
-0.0004172307692307692
0.08720123076923077
0.15875630769230767
0.19359507692307693
0.18629353846153843
0.11995384615384615
0.00855323076923077
-0.10576799999999999
-0.21529107692307692
-0.2993630769230769
-0.3648683076923077
-0.3913624615384615
-0.3581926153846154
-0.2689052307692308
-0.13726892307692307
-0.0025033846153846152
0.12600369230769232
0.22175815384615383
0.28163076923076924
0.29602523076923076
0.2517987692307692
0.16105107692307694
0.04109723076923077
-0.08323753846153846
-0.18525046153846153
-0.23782153846153845
-0.23677846153846152
-0.17711446153846155
-0.07781353846153846
0.04276615384615385
0.16188553846153847
0.25847446153846154
0.3269003076923077
0.35235138461538457
0.32585723076923073
0.25054707692307693
0.1666836923076923
0.08699261538461538
0.011056615384615385
-0.06049846153846154
-0.12266584615384615
-0.14665661538461539
-0.14144123076923076
-0.10764553846153846
-0.06425353846153846
-0.028788923076923077
0.004798153846153846
0.032544
0.05611753846153846
0.06467076923076923
0.06216738461538462
0.04526953846153846
0.02357353846153846
0.013768615384615384
0.012934153846153845
0.02023569230769231
0.03233538461538461
0.052153846153846155
0.08240307692307691
0.11452984615384615
0.13622584615384614
0.13226215384615383
0.09387692307692307
0.03755076923076923
-0.02545107692307692
-0.0798996923076923
-0.11891076923076922
-0.13643446153846153
-0.12516923076923075
-0.09763200000000001
-0.05027630769230769
0.0025033846153846152
0.04422646153846154
0.06884307692307692
0.054240000000000003
0.015020307692307692
-0.045060923076923075
-0.11473846153846154
-0.17294215384615383
-0.22154953846153846
-0.25138153846153843
-0.24992123076923078
-0.21007569230769232
-0.138312
-0.04172307692307692
0.047981538461538464
0.12370892307692308
0.19004861538461537
0.235944
0.2574313846153846
0.23364923076923078
0.16856123076923077
0.07948246153846153
-0.014811692307692307
-0.103056
-0.17398523076923075
-0.21883753846153844
-0.23156307692307693
-0.19609846153846153
-0.11035753846153845
-0.003129230769230769
0.10201292307692307
0.19150892307692308
0.24595753846153845
0.2764153846153846
0.26911384615384615
0.22029784615384615
0.138312
0.02273907692307692
-0.09450276923076922
-0.19964492307692308
-0.2780843076923077
-0.31041969230769234
-0.306456
-0.27558092307692306
-0.2090326153846154
-0.11745046153846153
-0.017523692307692306
0.08344615384615384
0.157296
0.19672430769230767
0.20673784615384616
0.19067446153846154
0.15959076923076923
0.10910584615384614
0.03880246153846154
-0.037342153846153844
-0.09241661538461539
-0.11306953846153844
-0.11035753846153845
-0.09408553846153846
-0.07572738461538461
-0.050067692307692306
-0.005841230769230769
0.04401784615384615
0.08448923076923077
0.103056
0.09950953846153845
0.08699261538461538
0.07092923076923077
0.05611753846153846
0.03921969230769231
0.015646153846153844
-0.01397723076923077
-0.042348923076923076
-0.07593599999999999
-0.111192
-0.14603076923076924
-0.1800350769230769
-0.20193969230769232
-0.20235692307692305
-0.1696043076923077
-0.1045163076923077
-0.021278769230769233
0.06300184615384616
0.14665661538461539
0.21612553846153845
0.26452430769230767
0.28204799999999997
0.2482523076923077
0.17148184615384612
0.07343261538461537
-0.02044430769230769
-0.09533723076923077
-0.14853415384615384
-0.17628
-0.17815753846153848
-0.1462393846153846
-0.07969107692307692
-0.001043076923076923
0.0826116923076923
0.14060676923076923
0.16856123076923077
0.1869193846153846
0.18316430769230768
0.16438892307692307
0.11473846153846154
0.04214030769230769
-0.03108369230769231
-0.1028473846153846
-0.14916
-0.1792006153846154
-0.19964492307692308
-0.19755876923076923
-0.16981292307692308
-0.11140061538461538
-0.040054153846153843
0.029623384615384614
0.09095630769230768
0.12704676923076924
0.14436184615384615
0.143736
0.12266584615384615
0.0853236923076923
0.027328615384615382
-0.01814953846153846
-0.045895384615384616
-0.05382276923076923
-0.02899753846153846
0.005841230769230769
0.043600615384615383
0.07280676923076923
0.09596307692307693
0.11265230769230769
0.10764553846153846
0.08094276923076923
0.03921969230769231
-0.002712
-0.037342153846153844
-0.05945538461538461
-0.07697907692307693
-0.09053907692307692
-0.08782707692307692
-0.07134646153846153
-0.040262769230769234
0.0006258461538461538
0.029414769230769227
0.03483876923076923
0.030875076923076922
0.03421292307692308
0.03671630769230769
0.02858030769230769
0.006675692307692307
-0.016480615384615385
-0.030040615384615384
-0.028163076923076923
0.0
0.042557538461538466
0.086784
0.1316363076923077
0.173568
0.21195323076923075
0.23886461538461537
0.2436627692307692
0.22280123076923075
0.17732307692307692
0.124752
0.07948246153846153
0.03880246153846154
0.0035464615384615383
-0.019609846153846155
-0.025033846153846153
-0.003129230769230769
0.03692492307692308
0.08636676923076922
0.12391753846153845
0.13998092307692306
0.14477907692307693
0.13768615384615385
0.12308307692307692
0.09533723076923077
0.05069353846153846
0.0033378461538461535
-0.03421292307692308
-0.05799507692307692
-0.05382276923076923
-0.02899753846153846
-0.003755076923076923
0.02545107692307692
0.06154153846153846
0.09909230769230769
0.11828492307692307
0.1028473846153846
0.07885661538461539
0.04318338461538461
-0.003755076923076923
-0.03692492307692308
-0.05799507692307692
-0.06028984615384615
-0.05820369230769231
-0.0448523076923077
-0.011473846153846154
0.02211323076923077
0.04672984615384615
0.049233230769230765
0.033169846153846154
0.011056615384615385
-0.01940123076923077
-0.04756430769230769
-0.06258461538461538
-0.07343261538461537
-0.07259815384615384
-0.059038153846153844
-0.03504738461538461
-0.004172307692307692
0.02795446153846154
0.05298830769230769
0.06821723076923077
0.07656184615384615
0.06633969230769231
0.03609046153846154
-0.015020307692307692
-0.07405846153846153
-0.12558646153846154
-0.16418030769230768
-0.16292861538461537
-0.12788123076923075
-0.06404492307692307
0.023990769230769232
0.11765907692307691
0.21445661538461538
0.2943563076923077
0.33357600000000004
0.314592
0.254928
0.1639716923076923
0.04965046153846154
-0.07510153846153846
-0.1881710769230769
-0.2626467692307692
-0.3054129230769231
-0.29227015384615385
-0.23364923076923078
-0.14916
-0.05069353846153846
0.042974769230769226
0.13935507692307691
0.20944984615384615
0.233232
0.21612553846153845
0.1558356923076923
0.06905169230769231
-0.031709538461538456
-0.13789476923076924
-0.22530461538461538
-0.287472
-0.31083692307692307
-0.2860116923076923
-0.22676492307692306
-0.13184492307692308
-0.03400430769230769
0.06028984615384615
0.13747753846153846
0.1792006153846154
0.20715507692307691
0.20110523076923076
0.1696043076923077
0.12975876923076923
0.06675692307692307
0.016897846153846156
-0.024408000000000003
-0.08073415384615384
-0.11724184615384614
-0.13810338461538463
-0.14331876923076922
-0.11828492307692307
-0.08031692307692308
-0.021278769230769233
0.05444861538461539
0.15228923076923076
0.2342750769230769
0.2709913846153846
0.3212676923076923
0.2914356923076923
0.20256553846153844
0.09304246153846155
0.0002086153846153846
-0.06926030769230769
-0.1858763076923077
-0.2517987692307692
-0.3419206153846154
-0.36778892307692307
-0.2985286153846154
-0.22280123076923075
-0.10597661538461538
-0.026285538461538457
0.092208
0.2209236923076923
0.3243969230769231
0.40679999999999994
0.3727956923076923
0.29873723076923075
0.19651569230769228
0.08907876923076924
0.0008344615384615384
-0.12662953846153846
-0.22321846153846153
-0.28017046153846153
-0.30061476923076924
-0.2572227692307692
-0.1913003076923077
-0.0855323076923077
0.03066646153846154
0.10827138461538462
0.214248
0.2912270769230769
0.33524492307692305
0.37237846153846155
0.34776184615384614
0.2970683076923077
0.18525046153846153
0.054240000000000003
-0.03942830769230769
-0.14957723076923077
-0.2480436923076923
-0.314592
-0.3415033846153846
-0.2926873846153846
-0.20944984615384615
-0.10910584615384614
-0.01043076923076923
0.06738276923076922
0.1733593846153846
0.2703655384615385
0.3319070769230769
0.3675803076923077
0.3442153846153846
0.2837169230769231
0.19150892307692308
0.06738276923076922
-0.06383630769230769
-0.22447015384615385
-0.3575667692307692
-0.4401784615384615
-0.47918953846153844
-0.44581107692307687
-0.3698750769230769
-0.2369870769230769
-0.07030338461538461
0.0936683076923077
0.25012984615384615
0.3698750769230769
0.44309907692307693
0.4383009230769231
0.3684147692307692
0.26765353846153844
0.1178676923076923
-0.048816000000000005
-0.19359507692307693
-0.3246055384615385
-0.4124326153846154
-0.43350276923076925
-0.3798886153846154
-0.26097784615384617
-0.12579507692307693
0.037967999999999995
0.21320492307692307
0.3698750769230769
0.4758516923076923
0.4929581538461539
0.45561599999999997
0.36778892307692307
0.23469230769230767
0.07197230769230768
-0.10117846153846152
-0.24679199999999998
-0.344424
-0.38698153846153843
-0.3744646153846154
-0.32231076923076923
-0.23782153846153845
-0.12558646153846154
-0.011473846153846154
0.09533723076923077
0.1783661538461538
0.23615261538461538
0.26118646153846153
0.23469230769230767
0.18754523076923074
0.12120553846153845
0.03421292307692308
-0.06571384615384615
-0.1787833846153846
-0.2780843076923077
-0.35339446153846155
-0.3809316923076923
-0.35568923076923076
-0.30332676923076923
-0.21988061538461537
-0.11807630769230769
-0.013560000000000001
0.100344
0.20193969230769232
0.28893230769230765
0.3387913846153846
0.32231076923076923
0.28121353846153846
0.2209236923076923
0.1356
0.03483876923076923
-0.08636676923076922
-0.20277415384615383
-0.2868461538461538
-0.32210215384615387
-0.30332676923076923
-0.25513661538461535
-0.17544553846153846
-0.06571384615384615
0.06279323076923077
0.19964492307692308
0.29644246153846154
0.3573581538461538
0.37029230769230764
0.3316984615384615
0.26494153846153845
0.15520984615384617
0.03379569230769231
-0.08323753846153846
-0.1940123076923077
-0.26640184615384616
-0.2979027692307692
-0.2764153846153846
-0.19818461538461538
-0.0961716923076923
0.027745846153846152
0.15500123076923078
0.26118646153846153
0.34651015384615386
0.3750904615384615
0.3369138461538461
0.25138153846153843
0.130176
0.01940123076923077
-0.08574092307692306
-0.1785747692307692
-0.2357353846153846
-0.260352
-0.23052
-0.16334584615384617
-0.07697907692307693
0.015228923076923076
0.09909230769230769
0.1785747692307692
0.23823876923076923
0.2737033846153846
0.27871015384615383
0.24303692307692307
0.18107815384615383
0.09930092307692308
0.009179076923076922
-0.07551876923076924
-0.15228923076923076
-0.20256553846153844
-0.21111876923076925
-0.18170399999999998
-0.11265230769230769
-0.018983999999999997
0.08636676923076922
0.18191261538461537
0.2503384615384615
0.30249230769230767
0.314592
0.29101846153846156
0.2369870769230769
0.1543753846153846
0.07843938461538462
0.003755076923076923
-0.06321046153846153
-0.10848000000000001
-0.1424843076923077
-0.14978584615384616
-0.12350030769230769
-0.08740984615384616
-0.03942830769230769
0.0077187692307692304
0.04819015384615385
0.09283384615384616
0.12391753846153845
0.1531236923076923
0.16501476923076921
0.15124615384615384
0.12329169230769231
0.07739630769230768
0.03755076923076923
-0.003129230769230769
-0.05090215384615384
-0.0961716923076923
-0.12433476923076923
-0.12016246153846154
-0.09846646153846153
-0.06759138461538462
-0.01981846153846154
0.03692492307692308
0.09867507692307692
0.16313723076923078
0.21028430769230766
0.2261390769230769
0.200688
0.15103753846153847
0.09137353846153846
0.018358153846153843
-0.059038153846153844
-0.13768615384615385
-0.19985353846153847
-0.23615261538461538
-0.24282830769230768
-0.21341353846153846
-0.16876984615384616
-0.11473846153846154
-0.05298830769230769
0.010013538461538461
0.07030338461538461
0.11745046153846153
0.15416676923076922
0.16647507692307692
0.14916
0.11849353846153846
0.07885661538461539
0.03629907692307692
-0.015228923076923076
-0.06675692307692307
-0.10576799999999999
-0.1218313846153846
-0.10681107692307691
-0.07802215384615384
-0.04088861538461538
-0.010013538461538461
0.017732307692307693
0.053614153846153846
0.08323753846153846
0.10660246153846153
0.11494707692307692
0.11056615384615384
0.10618523076923077
0.10910584615384614
0.10368184615384615
0.08031692307692308
0.04839876923076923
0.018775384615384614
-0.0014603076923076922
-0.023990769230769232
-0.045060923076923075
-0.07489292307692308
-0.10263876923076923
-0.10681107692307691
-0.09033046153846153
-0.05653476923076922
-0.021904615384615383
0.01397723076923077
0.045060923076923075
0.07843938461538462
0.11160923076923077
0.1356
0.1462393846153846
0.12996738461538462
0.09971815384615385
0.06487938461538462
0.03400430769230769
0.011891076923076923
-0.0016689230769230767
-0.01272553846153846
-0.011473846153846154
0.003129230769230769
0.029623384615384614
0.05945538461538461
0.06154153846153846
0.055491692307692304
0.05277969230769231
0.05736923076923077
0.06759138461538462
0.06884307692307692
0.06321046153846153
0.04380923076923077
0.02753723076923077
0.019609846153846155
0.013560000000000001
0.004798153846153846
-0.02211323076923077
-0.04652123076923077
-0.06487938461538462
-0.08657538461538461
-0.10868861538461538
-0.14290153846153844
-0.16856123076923077
-0.1829556923076923
-0.18379015384615385
-0.15687876923076924
-0.11953661538461538
-0.06404492307692307
0.003755076923076923
0.08386338461538462
0.16501476923076921
0.22447015384615385
0.24887815384615386
0.22447015384615385
0.15145476923076923
0.05090215384615384
-0.058829538461538454
-0.184416
-0.2926873846153846
-0.3671630769230769
-0.3909452307692307
-0.3502652307692307
-0.25847446153846154
-0.11891076923076922
0.03400430769230769
0.17315076923076922
0.292896
0.3844781538461538
0.43245969230769227
0.4174393846153846
0.3235624615384615
0.18858830769230767
0.037342153846153844
-0.11348676923076922
-0.22718215384615387
-0.3156350769230769
-0.3544375384615384
-0.32606584615384615
-0.24303692307692307
-0.10806276923076923
0.03963692307692308
0.1704387692307692
0.27474646153846155
0.33899999999999997
0.3648683076923077
0.34776184615384614
0.287472
0.19150892307692308
0.07572738461538461
-0.03400430769230769
-0.12621230769230768
-0.1869193846153846
-0.21779446153846155
-0.22321846153846153
-0.20444307692307692
-0.16230276923076925
-0.09554584615384615
-0.026702769230769228
0.02795446153846154
0.06195876923076923
0.06967753846153846
0.05611753846153846
0.03150092307692308
-0.0070929230769230765
-0.054657230769230764
-0.09846646153846153
-0.12704676923076924
-0.13372246153846154
-0.11557292307692307
-0.0897046153846154
-0.07635323076923077
-0.06800861538461538
-0.05820369230769231
-0.03963692307692308
-0.014185846153846153
0.008344615384615384
0.026285538461538457
0.04214030769230769
0.065088
0.09429415384615383
0.12266584615384615
0.1435273846153846
0.143736
0.1356
0.12412615384615384
0.10764553846153846
0.07843938461538462
0.03108369230769231
-0.02211323076923077
-0.07051199999999999
-0.10138707692307691
-0.11035753846153845
-0.09700615384615385
-0.07510153846153846
-0.04422646153846154
0.0014603076923076922
0.05653476923076922
0.11014892307692307
0.13434830769230768
0.11557292307692307
0.0609156923076923
-0.008970461538461538
-0.07197230769230768
-0.119328
-0.14540492307692307
-0.15270646153846154
-0.13935507692307691
-0.0892873846153846
-0.00855323076923077
0.08699261538461538
0.16626646153846153
0.21737723076923077
0.24053353846153847
0.23156307692307693
0.19651569230769228
0.13059323076923077
0.040679999999999994
-0.05611753846153846
-0.14018953846153845
-0.19317784615384614
-0.2021483076923077
-0.1710646153846154
-0.1028473846153846
-0.004798153846153846
0.11244369230769231
0.22634769230769228
0.309168
0.3460929230769231
0.33065538461538463
0.2699483076923077
0.16793538461538463
0.03942830769230769
-0.09012184615384615
-0.20173107692307693
-0.29080984615384614
-0.3375396923076923
-0.3513083076923077
-0.33002953846153843
-0.2837169230769231
-0.22551323076923077
-0.1597993846153846
-0.09825784615384614
-0.032544
0.032544
0.13706030769230768
0.2855944615384615
0.5019286153846154
0.6479593846153846
0.7656184615384615
0.8955858461538462
0.9245833846153846
0.9323021538461538
0.7635323076923076
0.4739741538461538
0.08323753846153846
-0.3717526153846154
-0.7489292307692308
-1.126523076923077
-1.3685169230769232
-1.504116923076923
-1.4463304615384616
-1.1188043076923078
-0.6506713846153847
-0.006884307692307692
0.6248030769230769
1.1734615384615383
1.605504
1.7759427692307692
1.727544
1.3973058461538461
0.8275772307692307
0.1710646153846154
-0.5676424615384615
-1.205796923076923
-1.638048
-1.867524923076923
-1.782827076923077
-1.4880535384615383
-1.0034399999999999
-0.3746732307692308
0.27975323076923075
0.9502430769230769
1.4761624615384614
1.7907544615384616
1.874617846153846
1.718364923076923
1.3975144615384616
0.9072683076923076
0.3035353846153846
-0.3195987692307692
-0.9154043076923076
-1.3605895384615383
-1.6077987692307691
-1.6741384615384616
-1.5356178461538461
-1.2439735384615385
-0.8263255384615384
-0.3156350769230769
0.18170399999999998
0.6379458461538461
0.9998935384615384
1.2206086153846154
1.3274196923076924
1.2775606153846153
1.0941876923076923
0.790860923076923
0.3873987692307692
-0.051528
-0.5023458461538461
-0.8934996923076922
-1.1863956923076922
-1.3457778461538463
-1.353288
-1.224155076923077
-0.9250006153846153
-0.48064984615384615
0.05277969230769231
0.6258461538461538
1.1371624615384615
1.5331144615384615
1.7721876923076922
1.8107815384615382
1.638048
1.2398012307692308
0.6827981538461538
0.06717415384615384
-0.5411483076923076
-1.0681107692307692
-1.470529846153846
-1.6985464615384613
-1.7110633846153847
-1.510584
-1.1069132307692306
-0.565764923076923
0.05319692307692307
0.690516923076923
1.2239464615384614
1.5961163076923075
1.7650947692307692
1.6833175384615384
1.3866664615384614
0.8964203076923077
0.2951907692307692
-0.309168
-0.8678400000000001
-1.289243076923077
-1.5418763076923077
-1.6094676923076923
-1.4550923076923077
-1.1117113846153845
-0.6204221538461538
-0.05716061538461538
0.48461353846153843
0.9368916923076923
1.250857846153846
1.4185846153846153
1.4229655384615385
1.2548215384615384
0.931884923076923
0.4942098461538461
0.03045784615384615
-0.3924055384615385
-0.7460086153846153
-0.9888369230769231
-1.1236024615384614
-1.1417519999999999
-1.0190861538461538
-0.7816818461538462
-0.4685501538461538
-0.13998092307692306
0.1635544615384615
0.4326683076923077
0.6512972307692307
0.7904436923076923
0.8309150769230769
0.7654098461538462
0.6141636923076923
0.4024190769230769
0.1666836923076923
-0.054240000000000003
-0.2680707692307692
-0.4547815384615384
-0.6168756923076922
-0.7253556923076923
-0.7439224615384615
-0.693228923076923
-0.5582547692307692
-0.3790541538461539
-0.17628
0.06154153846153846
0.3170953846153846
0.5862092307692308
0.8102621538461537
0.9331366153846153
0.9523292307692308
0.8766018461538462
0.7247298461538462
0.5113163076923077
0.23448369230769228
-0.07572738461538461
-0.3727956923076923
-0.6058190769230769
-0.7355778461538461
-0.7710424615384616
-0.7074147692307692
-0.5670166153846153
-0.36340799999999995
-0.0988836923076923
0.18942276923076923
0.4606227692307692
0.6665261538461538
0.7810560000000001
0.8010830769230769
0.7330744615384615
0.5916332307692307
0.4072172307692307
0.1802436923076923
-0.06362769230769232
-0.2751636923076923
-0.4282873846153846
-0.5000510769230769
-0.5090215384615385
-0.4716793846153846
-0.3913624615384615
-0.27558092307692306
-0.1353913846153846
0.0016689230769230767
0.11390399999999999
0.18775384615384613
0.2221753846153846
0.2330233846153846
0.22467876923076924
0.19755876923076923
0.13893784615384613
0.052153846153846155
-0.02086153846153846
-0.07656184615384615
-0.11452984615384615
-0.14603076923076924
-0.1846246153846154
-0.2125790769230769
-0.22780799999999998
-0.2209236923076923
-0.19755876923076923
-0.16501476923076921
-0.12725538461538463
-0.07739630769230768
0.002712
0.10555938461538462
0.21111876923076925
0.2966510769230769
0.35235138461538457
0.3671630769230769
0.3316984615384615
0.24512307692307692
0.10764553846153846
-0.06633969230769231
-0.2509643076923077
-0.40346215384615386
-0.5042233846153846
-0.5344726153846153
-0.4896203076923077
-0.39261415384615383
-0.24595753846153845
-0.07510153846153846
0.10368184615384615
0.2670276923076923
0.3650769230769231
0.39699507692307695
0.3707095384615384
0.29039261538461536
0.1704387692307692
0.016063384615384615
-0.14477907692307693
-0.2858030769230769
-0.3882332307692308
-0.4280787692307692
-0.40846892307692306
-0.35047384615384614
-0.26723630769230766
-0.16105107692307694
-0.03129230769230769
0.0974233846153846
0.20652923076923077
0.2818393846153846
0.30249230769230767
0.2906012307692308
0.2574313846153846
0.21091015384615383
0.16626646153846153
0.12016246153846154
0.08073415384615384
0.054657230769230764
0.04401784615384615
0.035255999999999996
0.02858030769230769
0.014811692307692307
-0.013768615384615384
-0.02795446153846154
-0.03296123076923077
-0.031918153846153846
-0.026285538461538457
-0.02795446153846154
-0.021278769230769233
0.002086153846153846
0.040262769230769234
0.08302892307692307
0.11807630769230769
0.13226215384615383
0.12913292307692306
0.11056615384615384
0.07113784615384615
0.013142769230769229
-0.06070707692307692
-0.1287156923076923
-0.17565415384615385
-0.19693292307692306
-0.1785747692307692
-0.12683815384615382
-0.05820369230769231
0.009804923076923077
0.07927384615384615
0.1558356923076923
0.20986707692307693
0.22676492307692306
0.21132738461538458
0.1777403076923077
0.13643446153846153
0.09575446153846154
0.06300184615384616
0.03650769230769231
0.009804923076923077
-0.010013538461538461
-0.010013538461538461
0.010013538461538461
0.03838523076923077
0.061750153846153844
0.09074769230769231
0.119328
0.14686523076923075
0.16063384615384615
0.14311015384615386
0.10639384615384614
0.05319692307692307
0.001043076923076923
-0.045060923076923075
-0.08761846153846153
-0.1136953846153846
-0.1314276923076923
-0.12600369230769232
-0.09512861538461538
-0.05319692307692307
-0.010639384615384617
0.017732307692307693
0.040054153846153843
0.054240000000000003
0.035464615384615386
-0.016897846153846156
-0.086784
-0.17231630769230769
-0.25701415384615384
-0.31667815384615383
-0.32961230769230765
-0.2926873846153846
-0.2273907692307692
-0.13998092307692306
-0.030040615384615384
0.09387692307692307
0.2056947692307692
0.27558092307692306
0.29331323076923077
0.2517987692307692
0.154584
0.027328615384615382
-0.11411261538461538
-0.2517987692307692
-0.36632861538461536
-0.4401784615384615
-0.44643692307692306
-0.3819747692307692
-0.2638984615384615
-0.1136953846153846
0.05298830769230769
0.22300984615384614
0.3748818461538461
0.48982892307692305
0.5509532307692308
0.5471981538461539
0.47063630769230763
0.34275507692307694
0.18629353846153843
0.017940923076923077
-0.1462393846153846
-0.2864289230769231
-0.3746732307692308
-0.40283630769230766
-0.3671630769230769
-0.2860116923076923
-0.17169046153846151
-0.034630153846153845
0.10263876923076923
0.23928184615384615
0.35339446153846155
0.41973415384615387
0.43433723076923075
0.38426953846153844
0.29748553846153847
0.19609846153846153
0.09053907692307692
-0.003755076923076923
-0.10138707692307691
-0.1777403076923077
-0.21862892307692305
-0.21862892307692305
-0.1783661538461538
-0.1218313846153846
-0.051528
0.021487384615384613
0.10055261538461538
0.18253846153846154
0.249504
0.295608
0.3079163076923077
0.29644246153846154
0.2701569230769231
0.23114584615384615
0.17711446153846155
0.10347323076923076
0.025659692307692307
-0.04860738461538461
-0.10159569230769232
-0.11745046153846153
-0.11536430769230768
-0.09554584615384615
-0.05236246153846154
0.0012516923076923076
0.06279323076923077
0.11411261538461538
0.13998092307692306
0.14164984615384615
0.124752
0.10138707692307691
0.07593599999999999
0.04631261538461538
0.0070929230769230765
-0.041514461538461535
-0.0826116923076923
-0.10618523076923077
-0.11452984615384615
-0.1097316923076923
-0.09012184615384615
-0.059872615384615385
-0.022947692307692308
0.023990769230769232
0.07426707692307692
0.10535076923076922
0.10764553846153846
0.08720123076923077
0.052153846153846155
0.030040615384615384
0.017315076923076923
0.01272553846153846
0.013142769230769229
0.013560000000000001
0.03692492307692308
0.07468430769230769
0.10785415384615385
0.12141415384615384
0.11202646153846153
0.09199938461538461
0.05799507692307692
0.014394461538461538
-0.029414769230769227
-0.08073415384615384
-0.12934153846153845
-0.16710092307692306
-0.17982646153846152
-0.1597993846153846
-0.12266584615384615
-0.07051199999999999
-0.016480615384615385
0.04526953846153846
0.11557292307692307
0.17252492307692308
0.19442953846153843
0.17440246153846153
0.130176
0.06717415384615384
-0.0025033846153846152
-0.07155507692307693
-0.14290153846153844
-0.1910916923076923
-0.21237046153846154
-0.21237046153846154
-0.1666836923076923
-0.12600369230769232
-0.09012184615384615
-0.030875076923076922
0.027328615384615382
0.09784061538461537
0.14144123076923076
0.14978584615384616
0.14582215384615385
0.13226215384615383
0.12808984615384614
0.20027076923076922
0.20486030769230767
0.049233230769230765
-0.04568676923076923
-0.16209415384615386
-0.1910916923076923
-0.12621230769230768
-0.26494153846153845
-0.3536030769230769
-0.41013784615384613
-0.3481790769230769
-0.12224861538461537
0.005841230769230769
0.13184492307692308
0.1449876923076923
0.2453316923076923
0.41994276923076923
0.48711692307692306
0.5069353846153847
0.28809784615384615
0.09387692307692307
-0.04401784615384615
-0.19714153846153845
-0.21070153846153844
-0.32982092307692307
-0.38030584615384616
-0.328152
-0.32543999999999995
-0.11536430769230768
0.07092923076923077
0.20778092307692309
0.3913624615384615
0.3903193846153846
0.4105550769230769
0.4314166153846154
0.39511753846153846
0.4090947692307692
0.2931046153846154
0.1314276923076923
-0.021904615384615383
-0.13622584615384614
-0.1422756923076923
-0.21362215384615382
-0.30666461538461537
-0.37884553846153846
-0.387816
-0.22718215384615387
-0.08240307692307691
0.03650769230769231
0.16105107692307694
0.22718215384615387
0.3819747692307692
0.5165316923076922
0.5497015384615385
0.5444861538461538
0.4128498461538462
0.2837169230769231
0.18963138461538462
0.023782153846153845
-0.13914646153846155
-0.31918153846153846
-0.47689476923076923
-0.5305089230769231
-0.52884
-0.452904
-0.3198073846153846
-0.13476553846153844
0.051319384615384614
0.23010276923076922
0.43475446153846153
0.5459464615384615
0.6016467692307692
0.5547083076923077
0.3600701538461538
0.17169046153846151
-0.04401784615384615
-0.26619323076923074
-0.4456024615384615
-0.6166670769230769
-0.676956923076923
-0.6431612307692307
-0.5390621538461537
-0.347136
-0.17002153846153847
0.027745846153846152
0.24512307692307692
0.40346215384615386
0.4825273846153846
0.4516523076923077
0.3805144615384615
0.27787569230769227
0.13059323076923077
-0.014394461538461538
-0.19526400000000002
-0.32669169230769235
-0.3748818461538461
-0.409512
-0.3513083076923077
-0.2670276923076923
-0.18525046153846153
-0.051319384615384614
0.032544
0.1151556923076923
0.20193969230769232
0.23281476923076924
0.23886461538461537
0.18963138461538462
0.11911938461538461
0.045895384615384616
-0.02482523076923077
-0.07259815384615384
-0.13267938461538462
-0.17982646153846152
-0.23677846153846152
-0.2749550769230769
-0.24074215384615386
-0.2140393846153846
-0.1656406153846154
-0.10472492307692308
-0.061124307692307686
0.042974769230769226
0.1489513846153846
0.22864246153846152
0.28204799999999997
0.26306399999999996
0.25701415384615384
0.26786215384615386
0.24741784615384615
0.19046584615384615
0.07405846153846153
-0.04714707692307692
-0.12391753846153845
-0.16501476923076921
-0.184416
-0.19609846153846153
-0.19046584615384615
-0.1504116923076923
-0.08219446153846154
0.028371692307692306
0.13789476923076924
0.22530461538461538
0.2858030769230769
0.2751636923076923
0.23656984615384613
0.16501476923076921
0.06759138461538462
-0.02044430769230769
-0.13706030769230768
-0.2582658461538461
-0.31813846153846154
-0.31834707692307695
-0.2638984615384615
-0.1869193846153846
-0.12767261538461538
-0.05757784615384615
0.023364923076923075
0.111192
0.17231630769230769
0.19046584615384615
0.1800350769230769
0.13351384615384615
0.092208
0.04652123076923077
-0.008970461538461538
-0.053614153846153846
-0.10347323076923076
-0.12308307692307692
-0.11035753846153845
-0.09137353846153846
-0.04526953846153846
0.0043809230769230765
0.053614153846153846
0.09658892307692307
0.1205796923076923
0.14102399999999998
0.14749107692307692
0.12433476923076923
0.06800861538461538
0.0035464615384615383
-0.0446436923076923
-0.06425353846153846
-0.042974769230769226
-0.009596307692307692
0.015854769230769228
0.04672984615384615
0.07280676923076923
0.11181784615384616
0.1397723076923077
0.11849353846153846
0.09179076923076923
0.04714707692307692
0.0014603076923076922
-0.021070153846153846
-0.04902461538461538
-0.047981538461538464
-0.011056615384615385
0.059038153846153844
0.1506203076923077
0.22822523076923076
0.28809784615384615
0.3087507692307692
0.2855944615384615
0.23239753846153846
0.14123261538461537
0.045060923076923075
-0.058412307692307694
-0.16418030769230768
-0.22676492307692306
-0.26932246153846157
-0.25993476923076925
-0.1873366153846154
-0.09053907692307692
0.03921969230769231
0.15291507692307693
0.23385784615384617
0.30332676923076923
0.32606584615384615
0.31125415384615385
0.24720923076923076
0.12433476923076923
0.0077187692307692304
-0.0988836923076923
-0.17502830769230768
-0.2157083076923077
-0.23385784615384617
-0.20319138461538463
-0.14311015384615386
-0.040262769230769234
0.08156861538461539
0.1783661538461538
0.24741784615384615
0.26306399999999996
0.24345415384615382
0.21132738461538458
0.15354092307692307
0.07343261538461537
-0.014394461538461538
-0.11494707692307692
-0.1883796923076923
-0.2275993846153846
-0.23510953846153848
-0.1940123076923077
-0.15270646153846154
-0.1028473846153846
-0.048816000000000005
-0.0008344615384615384
0.04547815384615384
0.06300184615384616
0.054240000000000003
0.03045784615384615
0.012934153846153845
0.004589538461538461
-0.002086153846153846
-0.015228923076923076
-0.03504738461538461
-0.04944184615384615
-0.04631261538461538
-0.038176615384615385
-0.031709538461538456
-0.027745846153846152
-0.03942830769230769
-0.03650769230769231
-0.018775384615384614
0.011265230769230769
0.04693846153846153
0.07468430769230769
0.11035753846153845
0.14540492307692307
0.1794092307692308
0.20339999999999997
0.19985353846153847
0.168144
0.11828492307692307
0.05924676923076923
0.00855323076923077
-0.03066646153846154
-0.06988615384615385
-0.10222153846153846
-0.12350030769230769
-0.10576799999999999
-0.05069353846153846
0.022530461538461537
0.09846646153846153
0.154584
0.19213476923076922
0.20861538461538462
0.20465169230769228
0.17419384615384614
0.11432123076923076
0.02858030769230769
-0.06633969230769231
-0.13768615384615385
-0.17982646153846152
-0.18754523076923074
-0.16730953846153845
-0.12642092307692307
-0.04318338461538461
0.06800861538461538
0.18358153846153846
0.28246523076923075
0.33065538461538463
0.3373310769230769
0.31041969230769234
0.24574892307692306
0.16209415384615386
0.059038153846153844
-0.058829538461538454
-0.15646153846153846
-0.21466523076923077
-0.22029784615384615
-0.1873366153846154
-0.13121907692307694
-0.05924676923076923
0.015228923076923076
0.09784061538461537
0.16501476923076921
0.1923433846153846
0.1860849230769231
0.1449876923076923
0.0855323076923077
0.02586830769230769
-0.040679999999999994
-0.09596307692307693
-0.14477907692307693
-0.1760713846153846
-0.16230276923076925
-0.12099692307692309
-0.06049846153846154
0.0006258461538461538
0.052153846153846155
0.08782707692307692
0.10076123076923077
0.09137353846153846
0.06529661538461538
0.03421292307692308
0.0006258461538461538
-0.0077187692307692304
0.00855323076923077
0.03650769230769231
0.07468430769230769
0.10389046153846154
0.12162276923076921
0.13059323076923077
0.12558646153846154
0.09930092307692308
0.04819015384615385
-0.026076923076923077
-0.10764553846153846
-0.16710092307692306
-0.20339999999999997
-0.21904615384615383
-0.20360861538461536
-0.1656406153846154
-0.10201292307692307
-0.018775384615384614
0.06738276923076922
0.14999446153846155
0.19568123076923075
0.200688
0.18253846153846154
0.1368516923076923
0.06759138461538462
-0.01981846153846154
-0.11223507692307692
-0.1802436923076923
-0.2140393846153846
-0.21633415384615384
-0.18107815384615383
-0.11953661538461538
-0.04985907692307692
0.021070153846153846
0.086784
0.14039815384615384
0.16876984615384616
0.16292861538461537
0.11974523076923077
0.05048492307692308
-0.02899753846153846
-0.1070196923076923
-0.17502830769230768
-0.22822523076923076
-0.25451076923076926
-0.24720923076923076
-0.21883753846153844
-0.17502830769230768
-0.10764553846153846
-0.05277969230769231
-0.010848
0.02545107692307692
0.041514461538461535
0.04172307692307692
0.010848
-0.031709538461538456
-0.06592246153846154
-0.08240307692307691
-0.07072061538461538
-0.04526953846153846
-0.006258461538461538
0.042557538461538466
0.09074769230769231
0.12934153846153845
0.15228923076923076
0.15500123076923078
0.1316363076923077
0.08365476923076923
0.03024923076923077
-0.01814953846153846
-0.04985907692307692
-0.05111076923076923
-0.046104
-0.01814953846153846
0.02586830769230769
0.07113784615384615
0.12662953846153846
0.16584923076923075
0.18149538461538461
0.1597993846153846
0.12099692307692309
0.078648
0.015228923076923076
-0.06821723076923077
-0.16105107692307694
-0.2330233846153846
-0.27412061538461535
-0.28100492307692304
-0.25054707692307693
-0.18629353846153843
-0.09241661538461539
0.018983999999999997
0.12808984615384614
0.21883753846153844
0.27850153846153847
0.30436984615384616
0.29748553846153847
0.2582658461538461
0.1908830769230769
0.09763200000000001
0.0016689230769230767
-0.07927384615384615
-0.1316363076923077
-0.14999446153846155
-0.14290153846153844
-0.10660246153846153
-0.05945538461538461
-0.008344615384615384
0.05090215384615384
0.09033046153846153
0.09450276923076922
0.06028984615384615
-0.0077187692307692304
-0.09408553846153846
-0.15625292307692307
-0.15541846153846153
-0.11348676923076922
-0.02858030769230769
0.06884307692307692
0.16772676923076923
0.2851772307692308
0.3692492307692308
0.40554830769230765
0.34171199999999996
0.1994363076923077
0.029206153846153847
-0.11056615384615384
-0.2288510769230769
-0.37237846153846155
-0.4424732307692308
-0.4758516923076923
-0.3915710769230769
-0.2090326153846154
-0.02899753846153846
0.16480615384615382
0.28768061538461537
0.4078430769230769
0.4714707692307692
0.43329415384615383
0.330864
0.13080184615384613
-0.06633969230769231
-0.268488
-0.4353803076923077
-0.5144455384615384
-0.5561686153846154
-0.4942098461538461
-0.3671630769230769
-0.20277415384615383
-0.0008344615384615384
0.15833907692307692
0.30937661538461536
0.40325353846153844
0.3913624615384615
0.35235138461538457
0.25764
0.16042523076923076
0.07635323076923077
-0.03880246153846154
-0.12996738461538462
-0.20152246153846154
-0.22405292307692307
-0.19588984615384614
-0.16313723076923078
-0.1287156923076923
-0.08386338461538462
-0.006258461538461538
0.0880356923076923
0.14832553846153845
0.17690584615384616
0.1693956923076923
0.15500123076923078
0.1635544615384615
0.1502030769230769
0.1424843076923077
0.13372246153846154
0.12579507692307693
0.14540492307692307
0.12934153846153845
0.07009476923076922
-0.013142769230769229
-0.1287156923076923
-0.23156307692307693
-0.3137575384615385
-0.3686233846153846
-0.35860984615384617
-0.3079163076923077
-0.1977673846153846
-0.04819015384615385
0.10430769230769231
0.25555384615384613
0.3686233846153846
0.444768
0.44226461538461537
0.37655076923076924
0.29727692307692305
0.18399876923076922
0.07364123076923076
-0.03650769230769231
-0.13768615384615385
-0.18900553846153845
-0.21174461538461536
-0.1994363076923077
-0.15792184615384616
-0.08907876923076924
0.03504738461538461
0.19338646153846153
0.3425464615384616
0.45373846153846153
0.5090215384615385
0.5175747692307692
0.4781464615384615
0.3917796923076923
0.25471938461538457
0.08219446153846154
-0.07092923076923077
-0.19442953846153843
-0.26118646153846153
-0.2647329230769231
-0.24032492307692307
-0.16772676923076923
-0.06654830769230768
0.03066646153846154
0.1287156923076923
0.18921415384615384
0.20778092307692309
0.19568123076923075
0.14811692307692306
0.10159569230769232
0.04902461538461538
-0.014811692307692307
-0.06321046153846153
-0.10013538461538461
-0.1205796923076923
-0.12808984615384614
-0.11745046153846153
-0.09095630769230768
-0.07531015384615385
-0.06028984615384615
-0.05674338461538461
-0.05194523076923077
-0.03233538461538461
-0.02586830769230769
-0.008970461538461538
0.004798153846153846
0.023364923076923075
0.07009476923076922
0.11849353846153846
0.15771323076923077
0.1760713846153846
0.18128676923076922
0.19150892307692308
0.192552
0.157296
0.09095630769230768
0.0014603076923076922
-0.07843938461538462
-0.1422756923076923
-0.19505538461538463
-0.22113230769230768
-0.2273907692307692
-0.1858763076923077
-0.11181784615384616
-0.013142769230769229
0.10180430769230768
0.18775384615384613
0.25367630769230765
0.292896
0.2912270769230769
0.25117292307692307
0.1721076923076923
0.07030338461538461
-0.02899753846153846
-0.12329169230769231
-0.18921415384615384
-0.2157083076923077
-0.21654276923076923
-0.1860849230769231
-0.14665661538461539
-0.09450276923076922
-0.03859384615384615
0.0035464615384615383
0.031918153846153846
0.02086153846153846
-0.0016689230769230767
-0.021278769230769233
-0.042557538461538466
-0.047772923076923074
-0.05319692307692307
-0.054657230769230764
-0.03629907692307692
0.006467076923076923
0.07197230769230768
0.13309661538461537
0.1637630769230769
0.17002153846153847
0.16897846153846155
0.14999446153846155
0.09909230769230769
0.02232184615384615
-0.04860738461538461
-0.10472492307692308
-0.1462393846153846
-0.1462393846153846
-0.12204
-0.07697907692307693
-0.013351384615384614
0.07197230769230768
0.16981292307692308
0.233232
0.26681907692307694
0.2572227692307692
0.2140393846153846
0.14206707692307693
0.042557538461538466
-0.052153846153846155
-0.14457046153846154
-0.22718215384615387
-0.2849686153846154
-0.3072904615384615
-0.28768061538461537
-0.22843384615384613
-0.15875630769230767
-0.08657538461538461
-0.01272553846153846
0.038176615384615385
0.08115138461538463
0.09283384615384616
0.06341907692307691
0.01668923076923077
-0.04318338461538461
-0.08219446153846154
-0.10076123076923077
-0.10535076923076922
-0.10117846153846152
-0.09512861538461538
-0.06967753846153846
-0.029414769230769227
0.016480615384615385
0.05799507692307692
0.08115138461538463
0.0892873846153846
0.08094276923076923
0.06654830769230768
0.05674338461538461
0.05298830769230769
0.05236246153846154
0.054657230769230764
0.07426707692307692
0.09992676923076924
0.11870215384615385
0.11140061538461538
0.08031692307692308
0.042974769230769226
-0.015854769230769228
-0.07843938461538462
-0.1341396923076923
-0.18963138461538462
-0.22572184615384616
-0.23385784615384617
-0.20444307692307692
-0.1422756923076923
-0.06529661538461538
0.014394461538461538
0.0853236923076923
0.14749107692307692
0.19067446153846154
0.2059033846153846
0.1883796923076923
0.13059323076923077
0.04735569230769231
-0.04631261538461538
-0.13476553846153844
-0.20319138461538463
-0.2557624615384615
-0.2860116923076923
-0.2860116923076923
-0.2453316923076923
-0.16584923076923075
-0.06300184615384616
0.04756430769230769
0.1476996923076923
0.23052
0.2789187692307692
0.2953993846153846
0.27432923076923077
0.20819815384615384
0.11703323076923078
0.02044430769230769
-0.06675692307692307
-0.1368516923076923
-0.18483323076923078
-0.20423446153846153
-0.18775384615384613
-0.14457046153846154
-0.07697907692307693
0.0029206153846153843
0.078648
0.14311015384615386
0.18504184615384617
0.21237046153846154
0.22488738461538463
0.21487384615384614
0.18170399999999998
0.12767261538461538
0.06654830769230768
0.005841230769230769
-0.059038153846153844
-0.10472492307692308
-0.124752
-0.12662953846153846
-0.100344
-0.05674338461538461
-0.0035464615384615383
0.03671630769230769
0.06341907692307691
0.08887015384615385
0.09992676923076924
0.10389046153846154
0.09053907692307692
0.05528307692307692
0.018358153846153843
-0.014394461538461538
-0.035464615384615386
-0.046104
-0.047772923076923074
-0.03755076923076923
-0.027328615384615382
-0.0050067692307692304
0.02232184615384615
0.03963692307692308
0.052153846153846155
0.04526953846153846
0.03859384615384615
0.044435076923076924
0.04401784615384615
0.041514461538461535
0.03755076923076923
0.03859384615384615
0.05799507692307692
0.0853236923076923
0.11348676923076922
0.13184492307692308
0.13351384615384615
0.12579507692307693
0.10806276923076923
0.07885661538461539
0.04109723076923077
-0.011056615384615385
-0.06738276923076922
-0.10931446153846153
-0.14123261538461537
-0.15813046153846153
-0.15771323076923077
-0.14206707692307693
-0.11286092307692308
-0.0717636923076923
-0.020652923076923076
0.02545107692307692
0.06008123076923077
0.0744756923076923
0.06613107692307692
0.04214030769230769
0.016897846153846156
-0.0014603076923076922
-0.017732307692307693
-0.03150092307692308
-0.03609046153846154
-0.022530461538461537
0.01043076923076923
0.05069353846153846
0.07343261538461537
0.07927384615384615
0.07885661538461539
0.07051199999999999
0.06279323076923077
0.056326153846153845
0.05090215384615384
0.04965046153846154
0.059038153846153844
0.086784
0.12412615384615384
0.15479261538461536
0.1785747692307692
0.19317784615384614
0.20006215384615383
0.2021483076923077
0.1829556923076923
0.13935507692307691
0.06946892307692307
-0.015020307692307692
-0.09763200000000001
-0.1666836923076923
-0.20861538461538462
-0.23531815384615382
-0.2273907692307692
-0.17502830769230768
-0.09158215384615384
0.016272
0.11870215384615385
0.19296923076923078
0.22801661538461537
0.21842030769230766
0.18149538461538461
0.11473846153846154
0.014185846153846153
-0.10243015384615384
-0.21716861538461538
-0.2828824615384615
-0.2951907692307692
-0.2517987692307692
-0.1637630769230769
-0.061750153846153844
0.059038153846153844
0.16605784615384614
0.25138153846153843
0.3045784615384615
0.2985286153846154
0.25951753846153847
0.19004861538461537
0.10138707692307691
0.02211323076923077
-0.06341907692307691
-0.12496061538461539
-0.16251138461538459
-0.18149538461538461
-0.15959076923076923
-0.12016246153846154
-0.06258461538461538
-0.004798153846153846
0.04652123076923077
0.09596307692307693
0.13101046153846155
0.15395815384615386
0.14728246153846153
0.119328
0.07927384615384615
0.03379569230769231
0.004589538461538461
-0.021696
-0.04130584615384615
-0.04756430769230769
-0.04088861538461538
-0.015646153846153844
0.012934153846153845
0.030040615384615384
0.031918153846153846
0.01710646153846154
0.004798153846153846
0.002086153846153846
-0.0022947692307692304
-0.005424
-0.013142769230769229
-0.015854769230769228
-0.010848
0.006049846153846154
0.03233538461538461
0.04819015384615385
0.042974769230769226
0.02795446153846154
0.016480615384615385
-0.0014603076923076922
-0.015020307692307692
-0.025033846153846153
-0.03024923076923077
-0.010222153846153844
0.02586830769230769
0.07238953846153846
0.11098338461538461
0.10994030769230768
0.10222153846153846
0.08657538461538461
0.08031692307692308
0.058412307692307694
0.009804923076923077
-0.029623384615384614
-0.06216738461538462
-0.045895384615384616
0.005841230769230769
0.1585476923076923
0.2021483076923077
0.1800350769230769
0.22447015384615385
0.19755876923076923
0.24637476923076923
0.15875630769230767
-0.027120000000000002
-0.21612553846153845
-0.42265476923076917
-0.4401784615384615
-0.44956615384615384
-0.4245323076923077
-0.3861470769230769
-0.3216849230769231
-0.084072
0.1435273846153846
0.37550769230769226
0.4750172307692308
0.3924055384615385
0.32648307692307693
0.18525046153846153
0.061124307692307686
-0.05674338461538461
-0.26076923076923075
-0.3588184615384616
-0.4539470769230769
-0.4679243076923077
-0.29352184615384613
-0.1506203076923077
0.045895384615384616
0.20006215384615383
0.2937304615384615
0.42891323076923077
0.47126215384615383
0.5073526153846153
0.4789809230769231
0.3291950769230769
0.16730953846153845
-0.007301538461538462
-0.09471138461538461
-0.15291507692307693
-0.2572227692307692
-0.30416123076923074
-0.32085046153846153
-0.24512307692307692
-0.1045163076923077
-0.016063384615384615
0.06759138461538462
0.11286092307692308
0.146448
0.21633415384615384
0.21174461538461536
0.1775316923076923
0.13372246153846154
0.041514461538461535
0.015228923076923076
-0.0004172307692307692
-0.033169846153846154
-0.06154153846153846
-0.11286092307692308
-0.1395636923076923
-0.157296
-0.16271999999999998
-0.16188553846153847
-0.14206707692307693
-0.08740984615384616
-0.04819015384615385
0.024199384615384616
0.12037107692307693
0.18316430769230768
0.2492953846153846
0.26452430769230767
0.24345415384615382
0.20986707692307693
0.116616
0.030875076923076922
-0.07948246153846153
-0.18858830769230767
-0.22697353846153845
-0.235944
-0.200688
-0.1489513846153846
-0.078648
0.040679999999999994
0.15667015384615385
0.23782153846153845
0.25159015384615385
0.2205064615384615
0.20381723076923075
0.15208061538461537
0.07948246153846153
-0.009804923076923077
-0.13476553846153844
-0.20715507692307691
-0.2426196923076923
-0.23949046153846154
-0.1829556923076923
-0.146448
-0.08240307692307691
0.004798153846153846
0.06633969230769231
0.14978584615384616
0.20256553846153844
0.20819815384615384
0.18086953846153844
0.10785415384615385
0.02023569230769231
-0.0880356923076923
-0.17982646153846152
-0.2438713846153846
-0.2818393846153846
-0.2730775384615384
-0.2424110769230769
-0.16981292307692308
-0.08344615384615384
-0.0035464615384615383
0.0892873846153846
0.13852061538461538
0.1635544615384615
0.19067446153846154
0.18545907692307692
0.15333230769230768
0.09971815384615385
0.0446436923076923
0.02545107692307692
0.012308307692307691
-0.0077187692307692304
-0.018775384615384614
-0.033169846153846154
-0.021696
0.003963692307692307
0.04547815384615384
0.09387692307692307
0.12788123076923075
0.17002153846153847
0.1777403076923077
0.17461107692307692
0.16647507692307692
0.12788123076923075
0.10368184615384615
0.06592246153846154
0.003963692307692307
-0.04819015384615385
-0.11098338461538461
-0.1435273846153846
-0.15374953846153847
-0.18128676923076922
-0.18170399999999998
-0.1794092307692308
-0.16021661538461537
-0.11327815384615383
-0.06821723076923077
-0.019192615384615384
0.012308307692307691
0.037967999999999995
0.06967753846153846
0.0855323076923077
0.08302892307692307
0.052571076923076915
0.0014603076923076922
-0.05069353846153846
-0.0974233846153846
-0.11432123076923076
-0.10764553846153846
-0.09408553846153846
-0.06675692307692307
-0.03713353846153846
0.00855323076923077
0.07969107692307692
0.14519630769230768
0.19338646153846153
0.21529107692307692
0.23010276923076922
0.24512307692307692
0.24908676923076922
0.23928184615384615
0.19150892307692308
0.11432123076923076
0.02795446153846154
-0.040054153846153843
-0.08344615384615384
-0.13330523076923076
-0.1794092307692308
-0.21049292307692305
-0.21049292307692305
-0.16292861538461537
-0.10660246153846153
-0.04839876923076923
0.017315076923076923
0.06759138461538462
0.11724184615384614
0.1635544615384615
0.19046584615384615
0.19672430769230767
0.16793538461538463
0.10827138461538462
0.03921969230769231
-0.03379569230769231
-0.10222153846153846
-0.16105107692307694
-0.2073636923076923
-0.22718215384615387
-0.20632061538461538
-0.14728246153846153
-0.07906523076923076
-0.0070929230769230765
0.06028984615384615
0.11494707692307692
0.17252492307692308
0.21967199999999998
0.24282830769230768
0.2273907692307692
0.168144
0.09429415384615383
0.017940923076923077
-0.056326153846153845
-0.12099692307692309
-0.18274707692307693
-0.225096
-0.22947692307692308
-0.20173107692307693
-0.13768615384615385
-0.05444861538461539
0.022530461538461537
0.08720123076923077
0.13998092307692306
0.19067446153846154
0.21341353846153846
0.20778092307692309
0.17586276923076924
0.11995384615384615
0.06633969230769231
0.011682461538461537
-0.030040615384615384
-0.059038153846153844
-0.0771876923076923
-0.07927384615384615
-0.0678
-0.0446436923076923
-0.013142769230769229
0.024408000000000003
0.06049846153846154
0.09012184615384615
0.11265230769230769
0.12496061538461539
0.116616
0.08740984615384616
0.042557538461538466
0.006675692307692307
-0.011473846153846154
-0.026076923076923077
-0.023990769230769232
-0.021696
-0.02044430769230769
-0.0002086153846153846
0.01940123076923077
0.03775938461538462
0.03692492307692308
0.01856676923076923
0.011891076923076923
0.007301538461538462
0.01940123076923077
0.04276615384615385
0.05924676923076923
0.08344615384615384
0.12266584615384615
0.16418030769230768
0.19442953846153843
0.20298276923076922
0.18796246153846152
0.16084246153846155
0.12099692307692309
0.07259815384615384
0.02524246153846154
-0.02753723076923077
-0.078648
-0.116616
-0.13893784615384613
-0.13101046153846155
-0.09825784615384614
-0.05674338461538461
-0.005215384615384615
0.04193169230769231
0.07238953846153846
0.07885661538461539
0.05757784615384615
0.021904615384615383
-0.028788923076923077
-0.08574092307692306
-0.13038461538461538
-0.14916
-0.1397723076923077
-0.10952307692307692
-0.05611753846153846
0.012516923076923077
0.09429415384615383
0.16981292307692308
0.22154953846153846
0.23844738461538462
0.21362215384615382
0.1704387692307692
0.11348676923076922
0.054657230769230764
-0.004589538461538461
-0.05736923076923077
-0.08949599999999999
-0.09408553846153846
-0.06675692307692307
-0.030040615384615384
0.01856676923076923
0.06049846153846154
0.09596307692307693
0.1316363076923077
0.14185846153846154
0.13226215384615383
0.09825784615384614
0.05298830769230769
-0.0016689230769230767
-0.055491692307692304
-0.0961716923076923
-0.1314276923076923
-0.1506203076923077
-0.1558356923076923
-0.14123261538461537
-0.11348676923076922
-0.08115138461538463
-0.050067692307692306
-0.02023569230769231
0.0012516923076923076
0.015646153846153844
0.02524246153846154
0.022530461538461537
0.020027076923076922
0.013560000000000001
0.017315076923076923
0.03379569230769231
0.05611753846153846
0.07927384615384615
0.08991323076923076
0.09658892307692307
0.1028473846153846
0.10597661538461538
0.10326461538461539
0.08574092307692306
0.05319692307692307
0.025033846153846153
0.006884307692307692
-0.004798153846153846
-0.015854769230769228
-0.03233538461538461
-0.03942830769230769
-0.03400430769230769
-0.01272553846153846
0.015854769230769228
0.03150092307692308
0.03859384615384615
0.030875076923076922
0.02211323076923077
0.01397723076923077
-0.006467076923076923
-0.03024923076923077
-0.06633969230769231
-0.09679753846153846
-0.10180430769230768
-0.08761846153846153
-0.06425353846153846
-0.037342153846153844
0.0006258461538461538
0.03421292307692308
0.06028984615384615
0.084072
0.08511507692307693
0.06946892307692307
0.04819015384615385
0.025659692307692307
0.006467076923076923
-0.015437538461538461
-0.04088861538461538
-0.05716061538461538
-0.04819015384615385
-0.015228923076923076
0.043600615384615383
0.10952307692307692
0.1635544615384615
0.20465169230769228
0.22154953846153846
0.21654276923076923
0.1883796923076923
0.13247076923076923
0.04985907692307692
-0.044435076923076924
-0.11724184615384614
-0.15813046153846153
-0.17085599999999998
-0.15750461538461538
-0.12350030769230769
-0.07343261538461537
-0.010013538461538461
0.05528307692307692
0.11202646153846153
0.14749107692307692
0.14686523076923075
0.11640738461538462
0.06404492307692307
0.0035464615384615383
-0.06070707692307692
-0.12704676923076924
-0.17690584615384616
-0.21466523076923077
-0.22822523076923076
-0.21633415384615384
-0.1869193846153846
-0.1314276923076923
-0.06675692307692307
0.008761846153846153
0.0828203076923077
0.1397723076923077
0.1693956923076923
0.15646153846153846
0.11140061538461538
0.044435076923076924
-0.03337846153846154
-0.1205796923076923
-0.20527753846153846
-0.2647329230769231
-0.2872633846153846
-0.2651501538461538
-0.20319138461538463
-0.10743692307692307
0.005424
0.11140061538461538
0.20965846153846154
0.28017046153846153
0.31250584615384613
0.3035353846153846
0.2507556923076923
0.17565415384615385
0.08073415384615384
-0.020652923076923076
-0.10743692307692307
-0.16584923076923075
-0.19651569230769228
-0.19839323076923077
-0.17586276923076924
-0.12287446153846153
-0.06049846153846154
0.0018775384615384615
0.059038153846153844
0.08156861538461539
0.11703323076923078
0.12016246153846154
0.1353913846153846
0.14081538461538462
0.19860184615384616
0.3312812307692308
0.26619323076923074
0.23093723076923076
0.168144
0.07405846153846153
0.06070707692307692
-0.12120553846153845
-0.25346769230769234
-0.4082603076923077
-0.4681329230769231
-0.34692738461538464
-0.2966510769230769
-0.16251138461538459
-0.08323753846153846
0.061124307692307686
0.30562153846153844
0.4478972307692307
0.6097827692307692
0.5751526153846154
0.4456024615384615
0.3502652307692307
0.15103753846153847
0.028371692307692306
-0.15145476923076923
-0.33357600000000004
-0.38593846153846156
-0.5004683076923077
-0.46291753846153844
-0.330864
-0.19651569230769228
0.038176615384615385
0.1710646153846154
0.2947735384615384
0.3949089230769231
0.4090947692307692
0.45373846153846153
0.38719015384615385
0.23490092307692306
0.06800861538461538
-0.09658892307692307
-0.15750461538461538
-0.24616615384615384
-0.35923569230769226
-0.42244615384615386
-0.4743913846153846
-0.39219692307692305
-0.26786215384615386
-0.16647507692307692
-0.03775938461538462
0.029832
0.13101046153846155
0.23907323076923076
0.27140861538461536
0.30895938461538464
0.2722430769230769
0.2194633846153846
0.20360861538461536
0.14728246153846153
0.10430769230769231
0.016272
-0.09033046153846153
-0.1693956923076923
-0.25200738461538463
-0.2651501538461538
-0.24449723076923074
-0.17502830769230768
-0.07510153846153846
-0.009804923076923077
0.12537784615384615
0.2624381538461539
0.35631507692307696
0.4222375384615385
0.3780110769230769
0.30666461538461537
0.20319138461538463
0.08448923076923077
0.006675692307692307
-0.1218313846153846
-0.22342707692307692
-0.265776
-0.2855944615384615
-0.2628553846153846
-0.249504
-0.20632061538461538
-0.1205796923076923
-0.031709538461538456
0.07030338461538461
0.13393107692307693
0.19359507692307693
0.25138153846153843
0.2374043076923077
0.20006215384615383
0.10952307692307692
-0.008344615384615384
-0.09971815384615385
-0.22342707692307692
-0.3004061538461538
-0.31104553846153843
-0.29644246153846154
-0.2205064615384615
-0.14832553846153845
-0.07593599999999999
0.015020307692307692
0.09387692307692307
0.1696043076923077
0.2021483076923077
0.20193969230769232
0.16751815384615384
0.11286092307692308
0.08657538461538461
0.05757784615384615
0.032544
-0.00855323076923077
-0.06383630769230769
-0.0771876923076923
-0.07802215384615384
-0.059664
-0.033169846153846154
-0.03713353846153846
-0.021278769230769233
0.021070153846153846
0.06279323076923077
0.08866153846153846
0.06967753846153846
0.04526953846153846
0.051319384615384614
0.07697907692307693
0.10764553846153846
0.10597661538461538
0.09283384615384616
0.08824430769230769
0.08720123076923077
0.10347323076923076
0.10514215384615383
0.09408553846153846
0.07218092307692307
0.019192615384615384
-0.013768615384615384
-0.02753723076923077
-0.04130584615384615
-0.04214030769230769
-0.06154153846153846
-0.08115138461538463
-0.07426707692307692
-0.03775938461538462
0.04318338461538461
0.11494707692307692
0.15750461538461538
0.1942209230769231
0.22676492307692306
0.2695310769230769
0.28893230769230765
0.2632726153846154
0.20423446153846153
0.12412615384615384
0.06195876923076923
0.0043809230769230765
-0.05590892307692308
-0.103056
-0.1489513846153846
-0.14603076923076924
-0.10222153846153846
-0.04318338461538461
0.03692492307692308
0.092208
0.14582215384615385
0.19547261538461536
0.21487384615384614
0.22029784615384615
0.1913003076923077
0.1287156923076923
0.03963692307692308
-0.05382276923076923
-0.11849353846153846
-0.16292861538461537
-0.19755876923076923
-0.2238443076923077
-0.2221753846153846
-0.18253846153846154
-0.11557292307692307
-0.026494153846153844
0.05528307692307692
0.11327815384615383
0.1652233846153846
0.21842030769230766
0.2557624615384615
0.2586830769230769
0.21654276923076923
0.14874276923076923
0.08740984615384616
0.028371692307692306
-0.01668923076923077
-0.05090215384615384
-0.0826116923076923
-0.08115138461538463
-0.056326153846153845
-0.014811692307692307
0.026911384615384615
0.05611753846153846
0.08386338461538462
0.10222153846153846
0.124752
0.14728246153846153
0.1558356923076923
0.13852061538461538
0.10076123076923077
0.05757784615384615
0.007927384615384614
-0.04985907692307692
-0.11745046153846153
-0.1883796923076923
-0.25513661538461535
-0.2997803076923077
-0.3187643076923077
-0.2937304615384615
-0.23490092307692306
-0.16418030769230768
-0.08177723076923075
-0.007927384615384614
0.06696553846153847
0.12642092307692307
0.15792184615384616
0.16334584615384617
0.14749107692307692
0.12141415384615384
0.07238953846153846
0.0029206153846153843
-0.07051199999999999
-0.13205353846153844
-0.16438892307692307
-0.16438892307692307
-0.13747753846153846
-0.09241661538461539
-0.047772923076923074
0.0029206153846153843
0.05820369230769231
0.10994030769230768
0.15667015384615385
0.16730953846153845
0.15374953846153847
0.1341396923076923
0.10660246153846153
0.06884307692307692
0.011056615384615385
-0.04693846153846153
-0.0988836923076923
-0.13393107692307693
-0.1489513846153846
-0.15228923076923076
-0.1356
-0.11745046153846153
-0.09304246153846155
-0.052153846153846155
-0.002086153846153846
0.04130584615384615
0.07197230769230768
0.08365476923076923
0.0855323076923077
0.08866153846153846
0.07885661538461539
0.06362769230769232
0.03337846153846154
0.0004172307692307692
-0.026494153846153844
-0.047772923076923074
-0.053614153846153846
-0.05611753846153846
-0.051528
-0.02357353846153846
0.02586830769230769
0.092208
0.1558356923076923
0.20110523076923076
0.233232
0.23615261538461538
0.2236356923076923
0.20277415384615383
0.16105107692307694
0.10827138461538462
0.046104
-0.008970461538461538
-0.04130584615384615
-0.05528307692307692
-0.05674338461538461
-0.04672984615384615
-0.030875076923076922
0.0018775384615384615
0.046104
0.08991323076923076
0.12245723076923076
0.12579507692307693
0.11953661538461538
0.11140061538461538
0.09012184615384615
0.04714707692307692
-0.009596307692307692
-0.06946892307692307
-0.12642092307692307
-0.16063384615384615
-0.1733593846153846
-0.16793538461538463
-0.1543753846153846
-0.13789476923076924
-0.10889723076923077
-0.06759138461538462
-0.03045784615384615
-0.01814953846153846
-0.02795446153846154
-0.043392
-0.05570030769230769
-0.06654830769230768
-0.08386338461538462
-0.1097316923076923
-0.13059323076923077
-0.14311015384615386
-0.14477907692307693
-0.12204
-0.09408553846153846
-0.07426707692307692
-0.06008123076923077
-0.05069353846153846
-0.01981846153846154
0.018983999999999997
0.04109723076923077
0.053614153846153846
0.04631261538461538
0.03483876923076923
0.02273907692307692
-0.0022947692307692304
-0.02795446153846154
-0.058829538461538454
-0.07906523076923076
-0.0717636923076923
-0.041514461538461535
-0.002086153846153846
0.026702769230769228
0.053405538461538456
0.084072
0.11056615384615384
0.12099692307692309
0.1045163076923077
0.06633969230769231
0.012099692307692308
-0.04631261538461538
-0.09116492307692307
-0.12204
-0.14206707692307693
-0.1462393846153846
-0.14331876923076922
-0.12788123076923075
-0.08636676923076922
-0.03483876923076923
0.015854769230769228
0.05924676923076923
0.09909230769230769
0.14582215384615385
0.1804523076923077
0.19150892307692308
0.1858763076923077
0.15604430769230768
0.10910584615384614
0.06258461538461538
0.021904615384615383
-0.015646153846153844
-0.06008123076923077
-0.0988836923076923
-0.10743692307692307
-0.08135999999999999
-0.03713353846153846
0.013351384615384614
0.056951999999999996
0.1028473846153846
0.15667015384615385
0.19651569230769228
0.21800307692307694
0.2127876923076923
0.18232984615384615
0.13810338461538463
0.09137353846153846
0.03921969230769231
-0.018983999999999997
-0.078648
-0.12662953846153846
-0.14206707692307693
-0.13330523076923076
-0.11432123076923076
-0.09533723076923077
-0.06675692307692307
-0.022530461538461537
0.030040615384615384
0.08615815384615384
0.13330523076923076
0.16438892307692307
0.1787833846153846
0.17899199999999998
0.1787833846153846
0.1712732307692308
0.1422756923076923
0.0892873846153846
0.020652923076923076
-0.03066646153846154
-0.05382276923076923
-0.05674338461538461
-0.047772923076923074
-0.037342153846153844
-0.010013538461538461
0.04526953846153846
0.1207883076923077
0.1923433846153846
0.2225926153846154
0.22175815384615383
0.2157083076923077
0.20339999999999997
0.184416
0.1506203076923077
0.10055261538461538
0.04088861538461538
-0.021070153846153846
-0.06487938461538462
-0.09325107692307691
-0.12162276923076921
-0.14728246153846153
-0.16188553846153847
-0.14665661538461539
-0.10764553846153846
-0.06300184615384616
-0.003963692307692307
0.04380923076923077
0.08386338461538462
0.12496061538461539
0.15374953846153847
0.18212123076923076
0.17023015384615386
0.12725538461538463
0.0717636923076923
0.0077187692307692304
-0.03275261538461539
-0.07906523076923076
-0.12433476923076923
-0.16230276923076925
-0.1867107692307692
-0.18274707692307693
-0.16730953846153845
-0.15959076923076923
-0.16751815384615384
-0.1992276923076923
-0.22843384615384613
-0.2578486153846154
-0.30290953846153845
-0.2568055384615385
-0.16584923076923075
-0.003963692307692307
0.23239753846153846
0.4516523076923077
0.6878049230769231
0.8532369230769231
0.937308923076923
0.9327193846153846
0.7785526153846153
0.5052664615384616
0.18629353846153843
-0.14081538461538462
-0.3972036923076923
-0.6014381538461538
-0.7466344615384616
-0.775632
-0.7157593846153846
-0.4960873846153846
-0.23052
0.054657230769230764
0.31688676923076925
0.47418276923076924
0.6008123076923076
0.5703544615384616
0.45749353846153845
0.26535876923076923
-0.06070707692307692
-0.3229366153846154
-0.5398966153846154
-0.6266806153846154
-0.5513704615384615
-0.4355889230769231
-0.22530461538461538
-0.032544
0.09471138461538461
0.2374043076923077
0.2705741538461538
0.24011630769230768
0.154584
0.016897846153846156
-0.03129230769230769
-0.03650769230769231
0.05298830769230769
0.1733593846153846
0.22843384615384613
0.2601433846153846
0.225096
0.1706473846153846
0.09825784615384614
-0.04318338461538461
-0.17982646153846152
-0.31542646153846154
-0.41910830769230767
-0.42787015384615384
-0.42348923076923073
-0.3746732307692308
-0.2899753846153846
-0.1804523076923077
0.010222153846153844
0.222384
0.43642338461538455
0.5978916923076923
0.6360683076923077
0.5584633846153846
0.3727956923076923
0.12204
-0.1775316923076923
-0.4948356923076923
-0.7407932307692308
-0.8834861538461539
-0.8647107692307693
-0.6855101538461539
-0.3994984615384615
-0.04756430769230769
0.28204799999999997
0.585792
0.819024
0.9026787692307692
0.8607470769230768
0.6917686153846153
0.44330769230769224
0.1867107692307692
-0.06821723076923077
-0.26452430769230767
-0.4011673846153846
-0.4729310769230769
-0.4541556923076923
-0.37926276923076924
-0.21716861538461538
-0.008970461538461538
0.19985353846153847
0.3984553846153846
0.5240418461538462
0.5903815384615384
0.5786990769230769
0.48294461538461536
0.35568923076923076
0.18232984615384615
0.010222153846153844
-0.11578153846153846
-0.21007569230769232
-0.22822523076923076
-0.19588984615384614
-0.1397723076923077
-0.05736923076923077
0.005215384615384615
0.059038153846153844
0.07468430769230769
0.03337846153846154
-0.011682461538461537
-0.054657230769230764
-0.07510153846153846
-0.07551876923076924
-0.06967753846153846
-0.04214030769230769
-0.005841230769230769
0.056326153846153845
0.13247076923076923
0.16605784615384614
0.16230276923076925
0.10785415384615385
0.003963692307692307
-0.09825784615384614
-0.2157083076923077
-0.32335384615384616
-0.3942830769230769
-0.4280787692307692
-0.3746732307692308
-0.2624381538461539
-0.11140061538461538
0.05799507692307692
0.20131384615384615
0.3229366153846154
0.39115384615384613
0.40095876923076923
0.3419206153846154
0.20965846153846154
0.040262769230769234
-0.14874276923076923
-0.31626092307692305
-0.43350276923076925
-0.497964923076923
-0.5013027692307692
-0.4558246153846154
-0.3542289230769231
-0.1804523076923077
0.021696
0.21612553846153845
0.36445107692307693
0.4320424615384615
0.44289046153846157
0.4049224615384615
0.32836061538461536
0.21633415384615384
0.07635323076923077
-0.049233230769230765
-0.13872923076923074
-0.17148184615384612
-0.15145476923076923
-0.11056615384615384
-0.059872615384615385
-0.008136
0.03921969230769231
0.07802215384615384
0.07656184615384615
0.03713353846153846
-0.02795446153846154
-0.11599015384615384
-0.17252492307692308
-0.1942209230769231
-0.18754523076923074
-0.15354092307692307
-0.111192
-0.03629907692307692
0.05945538461538461
0.15687876923076924
0.24846092307692308
0.3004061538461538
0.3160523076923077
0.29185292307692307
0.21737723076923077
0.12496061538461539
0.009804923076923077
-0.10597661538461538
-0.19735015384615384
-0.2478350769230769
-0.22676492307692306
-0.16313723076923078
-0.06487938461538462
0.0446436923076923
0.13914646153846155
0.21633415384615384
0.2507556923076923
0.24637476923076923
0.20110523076923076
0.11745046153846153
0.03233538461538461
-0.04714707692307692
-0.10222153846153846
-0.1218313846153846
-0.12934153846153845
-0.11265230769230769
-0.07405846153846153
-0.026285538461538457
0.027328615384615382
0.06571384615384615
0.08219446153846154
0.07489292307692308
0.04631261538461538
-0.0070929230769230765
-0.08052553846153847
-0.14686523076923075
-0.20798953846153845
-0.2532590769230769
-0.25138153846153843
-0.2008966153846154
-0.1097316923076923
0.0006258461538461538
0.10806276923076923
0.20423446153846153
0.26932246153846157
0.29873723076923075
0.28121353846153846
0.22175815384615383
0.1435273846153846
0.055491692307692304
-0.021487384615384613
-0.08010830769230769
-0.10910584615384614
-0.09491999999999999
-0.0448523076923077
0.03212676923076923
0.13351384615384615
0.22300984615384614
0.2926873846153846
0.3385827692307692
0.3442153846153846
0.3187643076923077
0.24053353846153847
0.13184492307692308
0.015646153846153844
-0.09992676923076924
-0.19296923076923078
-0.2632726153846154
-0.28768061538461537
-0.26139507692307695
-0.20465169230769228
-0.11494707692307692
-0.010639384615384617
0.08448923076923077
0.15792184615384616
0.19442953846153843
0.19860184615384616
0.16876984615384616
0.1178676923076923
0.05924676923076923
-0.006049846153846154
-0.06425353846153846
-0.10722830769230769
-0.13434830769230768
-0.14394461538461537
-0.14457046153846154
-0.13852061538461538
-0.12370892307692308
-0.1028473846153846
-0.07426707692307692
-0.05048492307692308
-0.03379569230769231
-0.020652923076923076
-0.009804923076923077
0.004589538461538461
0.022947692307692308
0.049233230769230765
0.06946892307692307
0.07635323076923077
0.07572738461538461
0.07280676923076923
0.07280676923076923
0.05757784615384615
0.028163076923076923
-0.006675692307692307
-0.04276615384615385
-0.07259815384615384
-0.09283384615384616
-0.0961716923076923
-0.08135999999999999
-0.04839876923076923
0.0035464615384615383
0.06759138461538462
0.12725538461538463
0.16793538461538463
0.18858830769230767
0.1873366153846154
0.1696043076923077
0.14519630769230768
0.10096984615384616
0.044435076923076924
-0.014185846153846153
-0.06008123076923077
-0.08490646153846154
-0.09179076923076923
-0.08344615384615384
-0.0771876923076923
-0.06279323076923077
-0.03963692307692308
-0.019609846153846155
-0.0070929230769230765
-0.021487384615384613
-0.05277969230769231
-0.08386338461538462
-0.10368184615384615
-0.103056
-0.09450276923076922
-0.07218092307692307
-0.03588184615384615
0.009596307692307692
0.06487938461538462
0.11014892307692307
0.13789476923076924
0.13810338461538463
0.11265230769230769
0.07885661538461539
0.038176615384615385
0.00855323076923077
-0.017940923076923077
-0.04985907692307692
-0.058412307692307694
-0.04819015384615385
-0.015228923076923076
0.04276615384615385
0.092208
0.1424843076923077
0.19192615384615386
0.233232
0.2641070769230769
0.2574313846153846
0.21028430769230766
0.1218313846153846
0.02273907692307692
-0.06425353846153846
-0.13893784615384613
-0.19505538461538463
-0.23385784615384617
-0.2355267692307692
-0.18316430769230768
-0.086784
0.03233538461538461
0.1368516923076923
0.20965846153846154
0.25388492307692306
0.2651501538461538
0.2559710769230769
0.2154996923076923
0.13706030769230768
0.03442153846153846
-0.07405846153846153
-0.16042523076923076
-0.21904615384615383
-0.24449723076923074
-0.235944
-0.19839323076923077
-0.130176
-0.034630153846153845
0.07280676923076923
0.16167692307692308
0.21237046153846154
0.23239753846153846
0.23093723076923076
0.21195323076923075
0.18253846153846154
0.13914646153846155
0.08448923076923077
0.03421292307692308
-0.003755076923076923
-0.02795446153846154
-0.042974769230769226
-0.06571384615384615
-0.09262523076923077
-0.11765907692307691
-0.12913292307692306
-0.12412615384615384
-0.11703323076923078
-0.10806276923076923
-0.10180430769230768
-0.086784
-0.05799507692307692
-0.01856676923076923
0.012099692307692308
0.022947692307692308
0.020652923076923076
0.00855323076923077
-0.0022947692307692304
-0.009179076923076922
-0.029414769230769227
-0.061124307692307686
-0.08782707692307692
-0.11703323076923078
-0.13038461538461538
-0.12788123076923075
-0.12204
-0.10743692307692307
-0.07948246153846153
-0.03358707692307692
0.020652923076923076
0.07134646153846153
0.10368184615384615
0.111192
0.0961716923076923
0.0678
0.02524246153846154
-0.03650769230769231
-0.10618523076923077
-0.1718990769230769
-0.21362215384615382
-0.222384
-0.19714153846153845
-0.14728246153846153
-0.08031692307692308
0.00855323076923077
0.09846646153846153
0.16730953846153845
0.20778092307692309
0.21111876923076925
0.1802436923076923
0.1316363076923077
0.07656184615384615
0.023990769230769232
-0.019192615384615384
-0.05674338461538461
-0.08198584615384615
-0.08302892307692307
-0.058829538461538454
-0.015854769230769228
0.03129230769230769
0.06675692307692307
0.09950953846153845
0.12266584615384615
0.13393107692307693
0.13747753846153846
0.11452984615384615
0.07677046153846154
0.028788923076923077
-0.024199384615384616
-0.06884307692307692
-0.10159569230769232
-0.13393107692307693
-0.14582215384615385
-0.12245723076923076
-0.07969107692307692
-0.014185846153846153
0.03775938461538462
0.07531015384615385
0.08824430769230769
0.07426707692307692
0.04652123076923077
-0.0012516923076923076
-0.0717636923076923
-0.1489513846153846
-0.168144
-0.12412615384615384
-0.012099692307692308
0.1341396923076923
0.26535876923076923
0.3978295384615384
0.5134024615384616
0.5747353846153846
0.5751526153846154
0.49003753846153847
0.33357600000000004
0.14519630769230768
-0.012934153846153845
-0.15374953846153847
-0.2853858461538461
-0.3508910769230769
-0.39344861538461534
-0.34504984615384615
-0.23844738461538462
-0.11160923076923077
0.04652123076923077
0.1635544615384615
0.27328615384615385
0.30979384615384614
0.2828824615384615
0.22801661538461537
0.10868861538461538
-0.020027076923076922
-0.1800350769230769
-0.3049956923076923
-0.36570276923076916
-0.3815575384615385
-0.30562153846153844
-0.21007569230769232
-0.08469784615384615
0.059038153846153844
0.17648861538461538
0.2912270769230769
0.3269003076923077
0.2849686153846154
0.22467876923076924
0.12370892307692308
0.049233230769230765
-0.0050067692307692304
-0.06988615384615385
-0.09575446153846154
-0.11286092307692308
-0.09283384615384616
-0.04526953846153846
-0.0022947692307692304
0.05048492307692308
0.09554584615384615
0.13935507692307691
0.16584923076923075
0.16584923076923075
0.14686523076923075
0.084072
0.013560000000000001
-0.04714707692307692
-0.10117846153846152
-0.1205796923076923
-0.11578153846153846
-0.07259815384615384
-0.005215384615384615
0.05319692307692307
0.10222153846153846
0.13852061538461538
0.13267938461538462
0.09763200000000001
0.044435076923076924
-0.021070153846153846
-0.06654830769230768
-0.09700615384615385
-0.09575446153846154
-0.07364123076923076
-0.030875076923076922
0.03629907692307692
0.10389046153846154
0.15813046153846153
0.1721076923076923
0.16063384615384615
0.14018953846153845
0.10827138461538462
0.07927384615384615
0.04819015384615385
0.008136
-0.017315076923076923
-0.029623384615384614
-0.02545107692307692
0.0006258461538461538
0.024199384615384616
0.05757784615384615
0.08991323076923076
0.11265230769230769
0.130176
0.12808984615384614
0.09930092307692308
0.04693846153846153
-0.008136
-0.05444861538461539
-0.08094276923076923
-0.08574092307692306
-0.08115138461538463
-0.047772923076923074
0.011682461538461537
0.07593599999999999
0.15875630769230767
0.21237046153846154
0.2225926153846154
0.19839323076923077
0.12391753846153845
0.03650769230769231
-0.06967753846153846
-0.18149538461538461
-0.26535876923076923
-0.31751261538461534
-0.32085046153846153
-0.2724516923076923
-0.18232984615384615
-0.084072
0.006049846153846154
0.09012184615384615
0.15500123076923078
0.19380369230769232
0.1842073846153846
0.1151556923076923
0.021278769230769233
-0.07802215384615384
-0.16501476923076921
-0.21320492307692307
-0.241368
-0.23949046153846154
-0.18921415384615384
-0.10848000000000001
0.0018775384615384615
0.1205796923076923
0.22280123076923075
0.30332676923076923
0.347136
0.3460929230769231
0.3004061538461538
0.21466523076923077
0.10764553846153846
0.0008344615384615384
-0.08135999999999999
-0.13080184615384613
-0.1489513846153846
-0.12579507692307693
-0.08052553846153847
-0.01856676923076923
0.05570030769230769
0.1178676923076923
0.17440246153846153
0.19693292307692306
0.1775316923076923
0.1341396923076923
0.05653476923076922
-0.029623384615384614
-0.11891076923076922
-0.20861538461538462
-0.2737033846153846
-0.30374399999999996
-0.29456492307692306
-0.2582658461538461
-0.21070153846153844
-0.1531236923076923
-0.09596307692307693
-0.04380923076923077
0.007927384615384614
0.03609046153846154
0.05194523076923077
0.05027630769230769
0.037967999999999995
0.03775938461538462
0.02795446153846154
0.031918153846153846
0.03942830769230769
0.05319692307692307
0.09199938461538461
0.12725538461538463
0.15479261538461536
0.154584
0.12788123076923075
0.09158215384615384
0.040679999999999994
-0.008344615384615384
-0.047772923076923074
-0.0828203076923077
-0.09763200000000001
-0.08302892307692307
-0.03671630769230769
0.032544
0.10660246153846153
0.17148184615384612
0.2073636923076923
0.21111876923076925
0.18900553846153845
0.14603076923076924
0.0826116923076923
-0.0002086153846153846
-0.07906523076923076
-0.12788123076923075
-0.14457046153846154
-0.12996738461538462
-0.092208
-0.04631261538461538
0.0077187692307692304
0.06404492307692307
0.11223507692307692
0.13455692307692307
0.12037107692307693
0.07656184615384615
0.00855323076923077
-0.05528307692307692
-0.10868861538461538
-0.15416676923076922
-0.1860849230769231
-0.20173107692307693
-0.1785747692307692
-0.12934153846153845
-0.07405846153846153
-0.012934153846153845
0.03755076923076923
0.07426707692307692
0.10618523076923077
0.12120553846153845
0.1136953846153846
0.08302892307692307
0.03150092307692308
-0.018983999999999997
-0.06195876923076923
-0.08615815384615384
-0.08761846153846153
-0.07343261538461537
-0.0448523076923077
-0.011891076923076923
0.03024923076923077
0.07885661538461539
0.11286092307692308
0.12955015384615384
0.11995384615384615
0.09825784615384614
0.07343261538461537
0.02899753846153846
-0.016063384615384615
-0.06884307692307692
-0.10952307692307692
-0.116616
-0.10764553846153846
-0.08010830769230769
-0.06529661538461538
-0.06341907692307691
-0.059664
-0.06154153846153846
-0.06341907692307691
-0.0826116923076923
-0.11411261538461538
-0.14457046153846154
-0.16876984615384616
-0.17648861538461538
-0.1777403076923077
-0.17419384615384614
-0.16209415384615386
-0.14665661538461539
-0.1151556923076923
-0.06842584615384616
-0.03379569230769231
-0.009596307692307692
0.005632615384615384
0.01668923076923077
0.03400430769230769
0.04944184615384615
0.06738276923076922
0.08907876923076924
0.10597661538461538
0.1218313846153846
0.1489513846153846
0.17565415384615385
0.1867107692307692
0.17961784615384613
0.16042523076923076
0.14164984615384615
0.12913292307692306
0.11849353846153846
0.09658892307692307
0.07635323076923077
0.06654830769230768
0.06487938461538462
0.08052553846153847
0.09658892307692307
0.1097316923076923
0.11494707692307692
0.11494707692307692
0.12996738461538462
0.13872923076923074
0.14144123076923076
0.13101046153846155
0.11202646153846153
0.09262523076923077
0.06988615384615385
0.04819015384615385
0.013351384615384614
-0.02232184615384615
-0.05507446153846154
-0.07802215384615384
-0.08386338461538462
-0.0826116923076923
-0.08574092307692306
-0.07739630769230768
-0.055491692307692304
-0.026702769230769228
0.02211323076923077
0.06571384615384615
0.09512861538461538
0.11703323076923078
0.12037107692307693
0.12516923076923075
0.12433476923076923
0.0963803076923077
0.05382276923076923
-0.005841230769230769
-0.06487938461538462
-0.11348676923076922
-0.15875630769230767
-0.18775384615384613
-0.20360861538461536
-0.19714153846153845
-0.15187199999999998
-0.07384984615384615
0.021696
0.10848000000000001
0.1787833846153846
0.23072861538461537
0.2626467692307692
0.27182584615384614
0.2355267692307692
0.1570873846153846
0.06258461538461538
-0.03337846153846154
-0.1151556923076923
-0.17002153846153847
-0.20360861538461536
-0.20506892307692307
-0.17085599999999998
-0.10096984615384616
-0.005215384615384615
0.08699261538461538
0.16647507692307692
0.222384
0.26097784615384617
0.2772498461538462
0.26494153846153845
0.2236356923076923
0.14665661538461539
0.04672984615384615
-0.0609156923076923
-0.15771323076923077
-0.23010276923076922
-0.2807963076923077
-0.3047870769230769
-0.28851507692307693
-0.22801661538461537
-0.12579507692307693
0.0018775384615384615
0.1316363076923077
0.24345415384615382
0.33065538461538463
0.38426953846153844
0.3984553846153846
0.3686233846153846
0.2891409230769231
0.1785747692307692
0.06905169230769231
-0.019609846153846155
-0.08907876923076924
-0.13998092307692306
-0.1704387692307692
-0.1693956923076923
-0.13309661538461537
-0.06863446153846153
0.012308307692307691
0.08991323076923076
0.15604430769230768
0.20652923076923077
0.23886461538461537
0.24720923076923076
0.2209236923076923
0.16271999999999998
0.08761846153846153
0.004589538461538461
-0.08198584615384615
-0.1597993846153846
-0.22697353846153845
-0.2720344615384615
-0.28204799999999997
-0.2568055384615385
-0.19359507692307693
-0.10576799999999999
-0.009387692307692307
0.07301538461538462
0.13643446153846153
0.18149538461538461
0.19317784615384614
0.1792006153846154
0.13038461538461538
0.059872615384615385
-0.011891076923076923
-0.07906523076923076
-0.11891076923076922
-0.14185846153846154
-0.15354092307692307
-0.14477907692307693
-0.11452984615384615
-0.06571384615384615
-0.0033378461538461535
0.05757784615384615
0.1028473846153846
0.1462393846153846
0.1881710769230769
0.2238443076923077
0.24428861538461538
0.23177169230769232
0.18358153846153846
0.11599015384615384
0.044435076923076924
-0.023782153846153845
-0.08240307692307691
-0.13309661538461537
-0.17169046153846151
-0.1794092307692308
-0.14874276923076923
-0.09658892307692307
-0.03942830769230769
0.003963692307692307
0.044435076923076924
0.08052553846153847
0.10409907692307692
0.12370892307692308
0.11536430769230768
0.08010830769230769
0.042348923076923076
0.0077187692307692304
-0.016480615384615385
-0.035464615384615386
-0.05736923076923077
-0.07113784615384615
-0.08010830769230769
-0.06341907692307691
-0.02586830769230769
0.009596307692307692
0.04547815384615384
0.07635323076923077
0.1136953846153846
0.14144123076923076
0.14164984615384615
0.09784061538461537
0.02211323076923077
-0.078648
-0.1779489230769231
-0.2807963076923077
-0.36445107692307693
-0.40325353846153844
-0.39636923076923075
-0.29080984615384614
-0.09679753846153846
0.19964492307692308
0.41305846153846154
0.5964313846153846
0.7687476923076924
0.8315409230769231
0.8849464615384616
0.7234781538461538
0.44956615384615384
0.08824430769230769
-0.3198073846153846
-0.6164584615384615
-0.9375175384615384
-1.1225593846153845
-1.2045452307692308
-1.1319470769230768
-0.8125569230769231
-0.4036707692307692
0.14436184615384615
0.6323132307692307
1.0067778461538461
1.2879913846153845
1.3359729230769228
1.2477286153846154
0.9466966153846154
0.48106707692307693
0.0022947692307692304
-0.5509532307692308
-0.9744424615384616
-1.199747076923077
-1.3019686153846153
-1.1880646153846153
-0.9859163076923078
-0.6696553846153845
-0.24512307692307692
0.165432
0.6045673846153846
0.9181163076923077
1.0716572307692307
1.1077476923076923
0.9944695384615384
0.8146430769230769
0.5257107692307692
0.1502030769230769
-0.22405292307692307
-0.5807852307692307
-0.8029606153846153
-0.90852
-0.9258350769230769
-0.825073846153846
-0.6667347692307692
-0.4374664615384615
-0.15646153846153846
0.100344
0.3456756923076923
0.5405224615384615
0.6665261538461538
0.7777181538461537
0.8090104615384615
0.7568566153846153
0.6162498461538461
0.3721698461538462
0.08887015384615385
-0.2275993846153846
-0.5309261538461538
-0.7866886153846154
-0.9725649230769231
-1.0606006153846153
-1.0474578461538462
-0.8736812307692307
-0.5730664615384615
-0.19985353846153847
0.22530461538461538
0.6168756923076922
0.9571273846153846
1.1984953846153845
1.2875741538461538
1.218313846153846
0.9510775384615384
0.5584633846153846
0.11891076923076922
-0.33587076923076925
-0.7355778461538461
-1.0462061538461538
-1.2185224615384616
-1.204128
-1.0049003076923078
-0.653592
-0.20924123076923076
0.2818393846153846
0.753936
1.1242283076923076
1.3557913846153844
1.4039815384615384
1.2506492307692307
0.9435673846153845
0.5154886153846154
0.04214030769230769
-0.40930338461538457
-0.7985796923076923
-1.054342153846154
-1.1711667692307692
-1.135284923076923
-0.9381433846153846
-0.6258461538461538
-0.241368
0.14185846153846154
0.4685501538461538
0.6923944615384616
0.798996923076923
0.807132923076923
0.7042855384615384
0.5171575384615384
0.27599815384615384
0.013142769230769229
-0.20277415384615383
-0.3744646153846154
-0.4923323076923077
-0.5419827692307692
-0.5534566153846153
-0.4925409230769231
-0.36382523076923073
-0.21320492307692307
-0.06404492307692307
0.065088
0.18858830769230767
0.3114627692307692
0.41076369230769233
0.46771569230769233
0.477312
0.4387181538461538
0.37008369230769234
0.2757895384615385
0.1639716923076923
0.03400430769230769
-0.111192
-0.24595753846153845
-0.37321292307692305
-0.466464
-0.5229987692307692
-0.527171076923077
-0.4585366153846154
-0.35339446153846155
-0.19818461538461538
-0.003129230769230769
0.20173107692307693
0.4090947692307692
0.561384
0.629184
0.6214652307692308
0.527171076923077
0.3698750769230769
0.1666836923076923
-0.06154153846153846
-0.27975323076923075
-0.458328
-0.5519963076923077
-0.5649304615384615
-0.5017199999999999
-0.3665372307692307
-0.19046584615384615
0.016480615384615385
0.21696000000000001
0.37300430769230764
0.47668615384615387
0.5092301538461538
0.48565661538461535
0.4120153846153846
0.2814221538461538
0.1353913846153846
-0.011682461538461537
-0.13935507692307691
-0.22029784615384615
-0.26348123076923075
-0.24679199999999998
-0.1794092307692308
-0.084072
0.02858030769230769
0.12162276923076921
0.1923433846153846
0.23615261538461538
0.24303692307692307
0.2154996923076923
0.14415323076923076
0.06070707692307692
-0.011473846153846154
-0.07092923076923077
-0.10055261538461538
-0.10743692307692307
-0.07927384615384615
-0.020027076923076922
0.03859384615384615
0.09137353846153846
0.1151556923076923
0.10827138461538462
0.08782707692307692
0.03755076923076923
-0.037967999999999995
-0.12704676923076924
-0.21591692307692306
-0.26786215384615386
-0.2726603076923077
-0.2261390769230769
-0.1424843076923077
-0.04193169230769231
0.07343261538461537
0.17148184615384612
0.23156307692307693
0.238656
0.1783661538461538
0.07635323076923077
-0.049233230769230765
-0.173568
-0.28163076923076924
-0.3671630769230769
-0.39741230769230773
-0.3665372307692307
-0.2753723076923077
-0.13267938461538462
0.021278769230769233
0.1693956923076923
0.2953993846153846
0.3757163076923077
0.4178566153846154
0.4072172307692307
0.33524492307692305
0.21654276923076923
0.06467076923076923
-0.07969107692307692
-0.1923433846153846
-0.25659692307692306
-0.2632726153846154
-0.2330233846153846
-0.16021661538461537
-0.05194523076923077
0.06738276923076922
0.1867107692307692
0.26723630769230766
0.2931046153846154
0.26097784615384617
0.1858763076923077
0.1097316923076923
0.02023569230769231
-0.07593599999999999
-0.15813046153846153
-0.21862892307692305
-0.2236356923076923
-0.1858763076923077
-0.11870215384615385
-0.037342153846153844
0.03692492307692308
0.10389046153846154
0.1449876923076923
0.16835261538461538
0.16000799999999998
0.11160923076923077
0.05674338461538461
-0.001043076923076923
-0.04526953846153846
-0.06529661538461538
-0.06946892307692307
-0.05069353846153846
-0.019609846153846155
0.018358153846153843
0.06571384615384615
0.10159569230769232
0.11870215384615385
0.1136953846153846
0.08657538461538461
0.06675692307692307
0.05236246153846154
0.04109723076923077
0.03629907692307692
0.03066646153846154
0.04401784615384615
0.078648
0.11703323076923078
0.1489513846153846
0.15395815384615386
0.132888
0.10722830769230769
0.07197230769230768
0.03650769230769231
0.0014603076923076922
-0.03567323076923076
-0.05444861538461539
-0.05069353846153846
-0.021904615384615383
0.02044430769230769
0.058829538461538454
0.09721476923076922
0.13768615384615385
0.1787833846153846
0.20965846153846154
0.21216184615384615
0.1869193846153846
0.1314276923076923
0.056326153846153845
-0.025033846153846153
-0.1028473846153846
-0.16772676923076923
-0.21925476923076925
-0.2426196923076923
-0.21904615384615383
-0.14957723076923077
-0.05194523076923077
0.046104
0.12287446153846153
0.1800350769230769
0.20965846153846154
0.20798953846153845
0.1558356923076923
0.04380923076923077
-0.09450276923076922
-0.23448369230769228
-0.33962584615384617
-0.4017932307692308
-0.4220289230769231
-0.3896935384615384
-0.31834707692307695
-0.20193969230769232
-0.06216738461538462
0.07155507692307693
0.17961784615384613
0.2399076923076923
0.268488
0.2601433846153846
0.21487384615384614
0.13872923076923074
0.03379569230769231
-0.07468430769230769
-0.1696043076923077
-0.23156307692307693
-0.254928
-0.25471938461538457
-0.22780799999999998
-0.17565415384615385
-0.09825784615384614
0.003755076923076923
0.10681107692307691
0.20047938461538461
0.2680707692307692
0.29915446153846154
0.30290953846153845
0.26932246153846157
0.2021483076923077
0.10722830769230769
-0.006884307692307692
-0.103056
-0.17169046153846151
-0.20339999999999997
-0.19296923076923078
-0.16981292307692308
-0.1397723076923077
-0.09596307692307693
-0.03567323076923076
0.033169846153846154
0.08761846153846153
0.12433476923076923
0.14185846153846154
0.15562707692307692
0.1846246153846154
0.21049292307692305
0.22175815384615383
0.21216184615384615
0.1842073846153846
0.14436184615384615
0.08866153846153846
0.027120000000000002
-0.026285538461538457
-0.07739630769230768
-0.11599015384615384
-0.11452984615384615
-0.08073415384615384
-0.03713353846153846
0.007301538461538462
0.05298830769230769
0.09387692307692307
0.13247076923076923
0.1612596923076923
0.17377661538461536
0.17085599999999998
0.1476996923076923
0.12037107692307693
0.08866153846153846
0.049233230769230765
0.0016689230769230767
-0.054240000000000003
-0.09992676923076924
-0.13372246153846154
-0.14081538461538462
-0.1316363076923077
-0.11536430769230768
-0.07572738461538461
-0.01940123076923077
0.049233230769230765
0.10722830769230769
0.14978584615384616
0.16981292307692308
0.15625292307692307
0.12329169230769231
0.08574092307692306
0.04276615384615385
-0.017732307692307693
-0.08323753846153846
-0.14164984615384615
-0.17544553846153846
-0.1913003076923077
-0.19359507692307693
-0.17023015384615386
-0.138312
-0.1045163076923077
-0.05674338461538461
-0.008761846153846153
0.02273907692307692
0.04047138461538462
0.04130584615384615
0.054240000000000003
0.07113784615384615
0.084072
0.09304246153846155
0.08720123076923077
0.092208
0.09950953846153845
0.10994030769230768
0.10994030769230768
0.08594953846153845
0.04944184615384615
-0.0022947692307692304
-0.042974769230769226
-0.06759138461538462
-0.07906523076923076
-0.08073415384615384
-0.06759138461538462
-0.033169846153846154
0.016480615384615385
0.07405846153846153
0.11619876923076923
0.14603076923076924
0.1504116923076923
0.1316363076923077
0.09658892307692307
0.030875076923076922
-0.04318338461538461
-0.124752
-0.19755876923076923
-0.24345415384615382
-0.26765353846153844
-0.2647329230769231
-0.23281476923076924
-0.1800350769230769
-0.11995384615384615
-0.04819015384615385
0.0006258461538461538
0.0448523076923077
0.08156861538461539
0.09325107692307691
0.08240307692307691
0.04172307692307692
-0.0004172307692307692
-0.040262769230769234
-0.059664
-0.06258461538461538
0.06195876923076923
0.08720123076923077
0.020652923076923076
0.056951999999999996
0.0008344615384615384
0.08052553846153847
0.1028473846153846
-0.028371692307692306
-0.12600369230769232
-0.2680707692307692
-0.208824
-0.13205353846153844
-0.09137353846153846
-0.05799507692307692
-0.08907876923076924
0.06133292307692308
0.20819815384615384
0.34880492307692307
0.3915710769230769
0.21800307692307694
0.12579507692307693
-0.0016689230769230767
-0.08574092307692306
-0.10347323076923076
-0.25242461538461536
-0.28267384615384616
-0.3235624615384615
-0.347136
-0.1704387692307692
-0.07384984615384615
0.07238953846153846
0.20778092307692309
0.21925476923076925
0.29769415384615383
0.31104553846153843
0.33899999999999997
0.3782196923076923
0.29414769230769233
0.20694646153846152
0.09825784615384614
0.05194523076923077
0.06800861538461538
0.01981846153846154
-0.015437538461538461
-0.07364123076923076
-0.06425353846153846
0.04631261538461538
0.09199938461538461
0.13184492307692308
0.13184492307692308
0.11140061538461538
0.184416
0.21716861538461538
0.23218892307692307
0.24658338461538462
0.17565415384615385
0.17273353846153844
0.18274707692307693
0.14394461538461537
0.111192
0.027328615384615382
-0.03379569230769231
-0.0798996923076923
-0.1178676923076923
-0.130176
-0.12370892307692308
-0.07155507692307693
-0.05757784615384615
-0.01940123076923077
0.06592246153846154
0.11849353846153846
0.20548615384615385
0.23803015384615384
0.20360861538461536
0.18775384615384613
0.12433476923076923
0.09053907692307692
0.040262769230769234
-0.059872615384615385
-0.10263876923076923
-0.1476996923076923
-0.15646153846153846
-0.15145476923076923
-0.17085599999999998
-0.13080184615384613
-0.06571384615384615
-0.0008344615384615384
0.033169846153846154
0.03713353846153846
0.07280676923076923
0.0961716923076923
0.10472492307692308
0.09700615384615385
0.025033846153846153
-0.012516923076923077
-0.03859384615384615
-0.08594953846153845
-0.086784
-0.11765907692307691
-0.13267938461538462
-0.11974523076923077
-0.13476553846153844
-0.11348676923076922
-0.0936683076923077
-0.07843938461538462
-0.055491692307692304
-0.04985907692307692
-0.03942830769230769
-0.03233538461538461
-0.006258461538461538
0.021278769230769233
0.03066646153846154
0.046104
0.028371692307692306
0.01043076923076923
-0.001043076923076923
-0.045060923076923075
-0.07280676923076923
-0.12308307692307692
-0.1800350769230769
-0.16167692307692308
-0.124752
-0.08094276923076923
-0.03692492307692308
-0.016897846153846156
0.045060923076923075
0.12767261538461538
0.18525046153846153
0.20319138461538463
0.16188553846153847
0.10743692307692307
0.056326153846153845
0.018775384615384614
-0.0008344615384615384
-0.03650769230769231
-0.06884307692307692
-0.0963803076923077
-0.10013538461538461
-0.052571076923076915
-0.010848
0.044435076923076924
0.0961716923076923
0.10618523076923077
0.13309661538461537
0.1476996923076923
0.16188553846153847
0.17315076923076922
0.11724184615384614
0.04672984615384615
-0.005632615384615384
-0.03755076923076923
-0.03775938461538462
-0.04672984615384615
-0.06362769230769232
-0.07092923076923077
-0.05194523076923077
0.005424
0.06154153846153846
0.10117846153846152
0.10555938461538462
0.09283384615384616
0.09241661538461539
0.07364123076923076
0.056951999999999996
0.02795446153846154
-0.02023569230769231
-0.028163076923076923
-0.017315076923076923
0.012308307692307691
0.051319384615384614
0.073224
0.09554584615384615
0.10743692307692307
0.12099692307692309
0.13518276923076925
0.12579507692307693
0.09158215384615384
0.03504738461538461
-0.014185846153846153
-0.03045784615384615
-0.021070153846153846
0.014185846153846153
0.043600615384615383
0.06821723076923077
0.11599015384615384
0.157296
0.1927606153846154
0.1923433846153846
0.1531236923076923
0.10827138461538462
0.04547815384615384
-0.012099692307692308
-0.07218092307692307
-0.15145476923076923
-0.21174461538461536
-0.23239753846153846
-0.21237046153846154
-0.1696043076923077
-0.12642092307692307
-0.07614461538461538
-0.016063384615384615
0.04839876923076923
0.10243015384615384
0.13643446153846153
0.14081538461538462
0.10076123076923077
0.041514461538461535
-0.01668923076923077
-0.06967753846153846
-0.11390399999999999
-0.13998092307692306
-0.14081538461538462
-0.11035753846153845
-0.06550523076923077
-0.020027076923076922
0.04172307692307692
0.0963803076923077
0.1435273846153846
0.17669723076923077
0.1777403076923077
0.16418030769230768
0.12829846153846153
0.07572738461538461
0.03379569230769231
0.0035464615384615383
-0.015228923076923076
-0.02524246153846154
-0.02086153846153846
-0.0006258461538461538
0.022947692307692308
0.04631261538461538
0.04631261538461538
0.016063384615384615
-0.028163076923076923
-0.08094276923076923
-0.11619876923076923
-0.13664307692307692
-0.15270646153846154
-0.14749107692307692
-0.13121907692307694
-0.08907876923076924
-0.02232184615384615
0.03859384615384615
0.07969107692307692
0.08448923076923077
0.05820369230769231
0.017940923076923077
-0.028371692307692306
-0.08323753846153846
-0.14436184615384615
-0.208824
-0.252216
-0.2563883076923077
-0.22426153846153846
-0.18232984615384615
-0.1397723076923077
-0.08323753846153846
-0.020027076923076922
0.0609156923076923
0.13184492307692308
0.17002153846153847
0.17481969230769231
0.13872923076923074
0.08824430769230769
0.033169846153846154
-0.03358707692307692
-0.10201292307692307
-0.16105107692307694
-0.1846246153846154
-0.165432
-0.11265230769230769
-0.03337846153846154
0.049233230769230765
0.12725538461538463
0.19568123076923075
0.24199384615384617
0.2659846153846154
0.2618123076923077
0.21737723076923077
0.15520984615384617
0.09199938461538461
0.03629907692307692
-0.0035464615384615383
-0.03045784615384615
-0.041514461538461535
-0.03775938461538462
-0.02232184615384615
0.014185846153846153
0.05716061538461538
0.07092923076923077
0.07364123076923076
0.0771876923076923
0.08574092307692306
0.09909230769230769
0.09700615384615385
0.08824430769230769
0.073224
0.06049846153846154
0.058412307692307694
0.05590892307692308
0.03421292307692308
-0.00855323076923077
-0.04214030769230769
-0.05486584615384615
-0.042974769230769226
-0.019192615384615384
-0.0022947692307692304
0.014603076923076923
0.03129230769230769
0.05403138461538461
0.07426707692307692
0.07572738461538461
0.04735569230769231
0.008136
-0.02211323076923077
-0.04693846153846153
-0.050067692307692306
-0.046104
-0.024408000000000003
0.01668923076923077
0.05736923076923077
0.100344
0.12829846153846153
0.12537784615384615
0.08761846153846153
0.03755076923076923
-0.028163076923076923
-0.09304246153846155
-0.13789476923076924
-0.1779489230769231
-0.19630707692307692
-0.19380369230769232
-0.15291507692307693
-0.07301538461538462
0.009179076923076922
0.0853236923076923
0.15646153846153846
0.21320492307692307
0.24762646153846155
0.2532590769230769
0.200688
0.10597661538461538
0.001043076923076923
-0.09763200000000001
-0.1656406153846154
-0.21132738461538458
-0.23510953846153848
-0.21862892307692305
-0.15520984615384617
-0.05945538461538461
0.05611753846153846
0.1712732307692308
0.25930892307692305
0.31688676923076925
0.3323243076923077
0.3156350769230769
0.268488
0.18775384615384613
0.09158215384615384
-0.008970461538461538
-0.09512861538461538
-0.15374953846153847
-0.18379015384615385
-0.1842073846153846
-0.1597993846153846
-0.11599015384615384
-0.05444861538461539
0.01397723076923077
0.08010830769230769
0.12642092307692307
0.14311015384615386
0.14144123076923076
0.1341396923076923
0.12725538461538463
0.11348676923076922
0.08887015384615385
0.06070707692307692
0.042557538461538466
0.03838523076923077
0.04276615384615385
0.04672984615384615
0.042557538461538466
0.03692492307692308
0.021070153846153846
-0.012099692307692308
-0.04819015384615385
-0.08448923076923077
-0.1136953846153846
-0.1151556923076923
-0.08845292307692308
-0.04088861538461538
0.008970461538461538
0.04693846153846153
0.08156861538461539
0.09700615384615385
0.09471138461538461
0.06592246153846154
0.0043809230769230765
-0.06967753846153846
-0.15228923076923076
-0.21091015384615383
-0.24011630769230768
-0.2509643076923077
-0.23093723076923076
-0.1942209230769231
-0.13622584615384614
-0.04860738461538461
0.05382276923076923
0.157296
0.22989415384615383
0.2563883076923077
0.25138153846153843
0.22551323076923077
0.18525046153846153
0.13247076923076923
0.07197230769230768
0.010639384615384617
-0.023990769230769232
-0.020652923076923076
0.011891076923076923
0.05778646153846154
0.09763200000000001
0.15166338461538462
0.20339999999999997
0.23969907692307693
0.25555384615384613
0.2330233846153846
0.18253846153846154
0.10910584615384614
0.04380923076923077
-0.008970461538461538
-0.045895384615384616
-0.05528307692307692
-0.04130584615384615
0.0018775384615384615
0.05674338461538461
0.12120553846153845
0.1785747692307692
0.20193969230769232
0.1846246153846154
0.13768615384615385
0.07280676923076923
-0.008344615384615384
-0.10076123076923077
-0.1913003076923077
-0.26306399999999996
-0.3198073846153846
-0.3485963076923077
-0.3275261538461538
-0.2207150769230769
-0.062376
0.13789476923076924
0.37196123076923077
0.5793249230769231
0.7741716923076923
0.8766018461538462
0.8847378461538461
0.7760492307692308
0.5307175384615385
0.25367630769230765
-0.053614153846153846
-0.34588430769230766
-0.6120775384615385
-0.7994141538461539
-0.8663796923076922
-0.8223618461538462
-0.6437870769230769
-0.40033292307692303
-0.124752
0.16480615384615382
0.4170221538461538
0.5824541538461538
0.6197963076923076
0.513611076923077
0.33482769230769227
0.10514215384615383
-0.17419384615384614
-0.41326707692307696
-0.6241772307692307
-0.7435052307692308
-0.7286935384615385
-0.6252203076923077
-0.428496
-0.21800307692307694
-0.02586830769230769
0.15500123076923078
0.28121353846153846
0.34880492307692307
0.36299076923076923
0.3291950769230769
0.29101846153846156
0.24053353846153847
0.18545907692307692
0.12955015384615384
0.06049846153846154
0.0004172307692307692
-0.07927384615384615
-0.16751815384615384
-0.2559710769230769
-0.328152
-0.35318584615384613
-0.3575667692307692
-0.32836061538461536
-0.2624381538461539
-0.18399876923076922
-0.0717636923076923
0.05820369230769231
0.17690584615384616
0.2851772307692308
0.36632861538461536
0.4255753846153846
0.44685415384615385
0.38656430769230765
0.2415766153846154
0.04276615384615385
-0.17231630769230769
-0.3809316923076923
-0.5513704615384615
-0.6508799999999999
-0.6650658461538461
-0.552204923076923
-0.3383741538461538
-0.07280676923076923
0.21591692307692306
0.46354338461538463
0.6504627692307692
0.7460086153846153
0.7159679999999999
0.5822455384615384
0.3707095384615384
0.12120553846153845
-0.1218313846153846
-0.34275507692307694
-0.504432
-0.5734836923076922
-0.5605495384615384
-0.484404923076923
-0.3611132307692308
-0.20006215384615383
-0.024199384615384616
0.15124615384615384
0.29748553846153847
0.376968
0.40325353846153844
0.36778892307692307
0.27787569230769227
0.1612596923076923
0.016063384615384615
-0.10013538461538461
-0.16772676923076923
-0.19046584615384615
-0.15792184615384616
-0.09387692307692307
-0.009804923076923077
0.08490646153846154
0.1656406153846154
0.20548615384615385
0.19213476923076922
0.13101046153846155
0.054240000000000003
-0.018358153846153843
-0.07113784615384615
-0.10514215384615383
-0.11181784615384616
-0.09387692307692307
-0.05924676923076923
0.010222153846153844
0.06675692307692307
0.09512861538461538
0.09533723076923077
0.047772923076923074
-0.01272553846153846
-0.0880356923076923
-0.17481969230769231
-0.23761292307692305
-0.2764153846153846
-0.273912
-0.22300984615384614
-0.13747753846153846
-0.02753723076923077
0.09408553846153846
0.21654276923076923
0.3170953846153846
0.3836436923076923
0.40888615384615384
0.37967999999999996
0.3039526153846154
0.17899199999999998
0.019609846153846155
-0.11807630769230769
-0.23344061538461539
-0.32001599999999997
-0.3600701538461538
-0.36778892307692307
-0.31041969230769234
-0.18942276923076923
-0.04214030769230769
0.11682461538461539
0.2399076923076923
0.3143833846153846
0.3588184615384616
0.34943076923076927
0.287472
0.1785747692307692
0.03212676923076923
-0.09846646153846153
-0.19296923076923078
-0.24554030769230767
-0.2568055384615385
-0.23907323076923076
-0.19505538461538463
-0.13038461538461538
-0.04985907692307692
0.02753723076923077
0.07885661538461539
0.10430769230769231
0.09471138461538461
0.06717415384615384
0.04214030769230769
0.01940123076923077
0.015020307692307692
0.020027076923076922
0.03921969230769231
0.08240307692307691
0.14331876923076922
0.21487384615384614
0.27558092307692306
0.2979027692307692
0.28768061538461537
0.2572227692307692
0.20381723076923075
0.12537784615384615
0.015854769230769228
-0.10013538461538461
-0.18921415384615384
-0.22321846153846153
-0.20673784615384616
-0.15792184615384616
-0.08240307692307691
0.0033378461538461535
0.10597661538461538
0.21070153846153844
0.27558092307692306
0.2912270769230769
0.24992123076923078
0.1666836923076923
0.07092923076923077
-0.03296123076923077
-0.12725538461538463
-0.19693292307692306
-0.235944
-0.23281476923076924
-0.17982646153846152
-0.08866153846153846
0.02086153846153846
0.12329169230769231
0.1977673846153846
0.23844738461538462
0.2399076923076923
0.20298276923076922
0.13393107692307693
0.045895384615384616
-0.05674338461538461
-0.14457046153846154
-0.20360861538461536
-0.22843384615384613
-0.20840676923076923
-0.16042523076923076
-0.08991323076923076
-0.004172307692307692
0.08156861538461539
0.13372246153846154
0.13747753846153846
0.09784061538461537
0.03588184615384615
-0.027120000000000002
-0.08344615384615384
-0.1218313846153846
-0.14957723076923077
-0.14603076923076924
-0.10076123076923077
-0.015646153846153844
0.09679753846153846
0.19609846153846153
0.2709913846153846
0.30583015384615386
0.3079163076923077
0.28204799999999997
0.21654276923076923
0.12934153846153845
0.027745846153846152
-0.07384984615384615
-0.14603076923076924
-0.16897846153846155
-0.14749107692307692
-0.0963803076923077
-0.023364923076923075
0.065088
0.16188553846153847
0.24512307692307692
0.29602523076923076
0.30270092307692303
0.2574313846153846
0.17544553846153846
0.07802215384615384
-0.026702769230769228
-0.1218313846153846
-0.200688
-0.2628553846153846
-0.2751636923076923
-0.24282830769230768
-0.1779489230769231
-0.09408553846153846
-0.014185846153846153
0.06550523076923077
0.13038461538461538
0.18149538461538461
0.20465169230769228
0.19067446153846154
0.1504116923076923
0.0974233846153846
0.06154153846153846
0.04401784615384615
0.04214030769230769
0.052571076923076915
0.0717636923076923
0.1045163076923077
0.12975876923076923
0.13247076923076923
0.11870215384615385
0.09053907692307692
0.049233230769230765
0.0016689230769230767
-0.02899753846153846
-0.043600615384615383
-0.049233230769230765
-0.034630153846153845
0.0004172307692307692
0.04985907692307692
0.09658892307692307
0.12788123076923075
0.14102399999999998
0.1353913846153846
0.10535076923076922
0.05799507692307692
0.001043076923076923
-0.06070707692307692
-0.11265230769230769
-0.16459753846153846
-0.1927606153846154
-0.1883796923076923
-0.1696043076923077
-0.11974523076923077
-0.06028984615384615
0.016480615384615385
0.10827138461538462
0.17628
0.22280123076923075
0.22530461538461538
0.1942209230769231
0.14290153846153844
0.07301538461538462
0.005215384615384615
-0.07092923076923077
-0.1356
-0.1704387692307692
-0.17628
-0.14436184615384615
-0.09408553846153846
-0.03629907692307692
0.03024923076923077
0.08469784615384615
0.13038461538461538
0.15208061538461537
0.14269292307692305
0.11974523076923077
0.07551876923076924
0.028788923076923077
-0.011891076923076923
-0.04568676923076923
-0.07468430769230769
-0.10055261538461538
-0.10639384615384614
-0.09408553846153846
-0.06321046153846153
-0.03233538461538461
-0.008970461538461538
0.009179076923076922
0.021070153846153846
0.03504738461538461
0.04860738461538461
0.058412307692307694
0.058829538461538454
0.05486584615384615
0.05611753846153846
0.06195876923076923
0.06905169230769231
0.06759138461538462
0.04902461538461538
0.028371692307692306
0.006884307692307692
-0.014185846153846153
-0.03275261538461539
-0.06216738461538462
-0.09304246153846155
-0.11974523076923077
-0.13706030769230768
-0.13872923076923074
-0.12913292307692306
-0.11599015384615384
-0.0961716923076923
-0.06279323076923077
-0.013768615384615384
0.04109723076923077
0.08699261538461538
0.12287446153846153
0.13309661538461537
0.12120553846153845
0.09450276923076922
0.056951999999999996
0.005841230769230769
-0.05653476923076922
-0.10159569230769232
-0.124752
-0.12141415384615384
-0.10013538461538461
-0.06717415384615384
-0.022530461538461537
0.03421292307692308
0.09450276923076922
0.14978584615384616
0.18963138461538462
0.1992276923076923
0.18086953846153844
0.138312
0.08636676923076922
0.018983999999999997
-0.05528307692307692
-0.12642092307692307
-0.18545907692307692
-0.22008923076923076
-0.2292683076923077
-0.206112
-0.16584923076923075
-0.12329169230769231
-0.07510153846153846
-0.018983999999999997
0.034630153846153845
0.07155507692307693
0.08991323076923076
0.08365476923076923
0.06049846153846154
0.03567323076923076
-0.0004172307692307692
-0.044435076923076924
-0.09304246153846155
-0.13768615384615385
-0.15687876923076924
-0.1504116923076923
-0.11849353846153846
-0.07426707692307692
-0.034630153846153845
0.005841230769230769
0.04965046153846154
0.09095630769230768
0.12558646153846154
0.138312
0.13393107692307693
0.1218313846153846
0.09575446153846154
0.06070707692307692
0.015646153846153844
-0.03671630769230769
-0.08344615384615384
-0.1207883076923077
-0.13789476923076924
-0.130176
-0.10994030769230768
-0.07197230769230768
-0.01981846153846154
0.03921969230769231
0.10743692307692307
0.17315076923076922
0.22196676923076922
0.23844738461538462
0.22864246153846152
0.20444307692307692
0.16459753846153846
0.10868861538461538
0.03609046153846154
-0.04380923076923077
-0.11578153846153846
-0.15687876923076924
-0.16084246153846155
-0.13184492307692308
-0.08031692307692308
-0.01668923076923077
0.059872615384615385
0.14686523076923075
0.2261390769230769
0.2795446153846154
0.29080984615384614
0.2586830769230769
0.2021483076923077
0.10889723076923077
0.0077187692307692304
-0.12704676923076924
-0.2591003076923077
-0.3350363076923077
-0.3646596923076923
-0.32272799999999996
-0.2632726153846154
-0.1706473846153846
-0.04318338461538461
0.09950953846153845
0.2559710769230769
0.4921236923076923
0.5526221538461538
0.4080516923076923
0.33566215384615383
0.124752
0.056951999999999996
-0.02482523076923077
-0.3310726153846154
-0.5054750769230769
-0.7080406153846154
-0.6323132307692307
-0.43350276923076925
-0.30666461538461537
-0.12600369230769232
-0.07197230769230768
0.19526400000000002
0.4535298461538461
0.6218824615384615
0.6961495384615385
0.43579753846153846
0.25993476923076925
0.040679999999999994
-0.16480615384615382
-0.235944
-0.49692184615384616
-0.5759870769230769
-0.593928
-0.615624
-0.33607938461538456
-0.16876984615384616
0.04547815384615384
0.27432923076923077
0.27620676923076926
0.38531261538461536
0.40554830769230765
0.4011673846153846
0.43350276923076925
0.2726603076923077
0.12537784615384615
-0.037967999999999995
-0.124752
-0.08866153846153846
-0.1506203076923077
-0.18399876923076922
-0.22530461538461538
-0.18942276923076923
0.0018775384615384615
0.08887015384615385
0.16793538461538463
0.20861538461538462
0.19213476923076922
0.3087507692307692
0.3565236923076923
0.35318584615384613
0.36445107692307693
0.2680707692307692
0.24866953846153847
0.24053353846153847
0.15270646153846154
0.07593599999999999
-0.07009476923076922
-0.19004861538461537
-0.2624381538461539
-0.31646953846153847
-0.31000246153846156
-0.26348123076923075
-0.12955015384615384
-0.013768615384615384
0.11828492307692307
0.3039526153846154
0.4007501538461538
0.4956701538461538
0.4956701538461538
0.3798886153846154
0.29456492307692306
0.13455692307692307
-0.011056615384615385
-0.13852061538461538
-0.30374399999999996
-0.36382523076923073
-0.37967999999999996
-0.3425464615384616
-0.24679199999999998
-0.16793538461538463
-0.027120000000000002
0.13372246153846154
0.2574313846153846
0.3170953846153846
0.29414769230769233
0.2805876923076923
0.2225926153846154
0.11452984615384615
-0.018983999999999997
-0.2221753846153846
-0.34046030769230773
-0.3832264615384615
-0.39866399999999996
-0.2995716923076923
-0.20444307692307692
-0.084072
0.08845292307692308
0.19964492307692308
0.31772123076923076
0.38426953846153844
0.34963938461538463
0.2789187692307692
0.15228923076923076
0.02023569230769231
-0.09158215384615384
-0.16480615384615382
-0.18316430769230768
-0.17628
-0.11327815384615383
-0.047772923076923074
0.037967999999999995
0.15103753846153847
0.20486030769230767
0.2561796923076923
0.2540935384615385
0.19609846153846153
0.1794092307692308
0.1397723076923077
0.08094276923076923
0.017940923076923077
-0.07238953846153846
-0.0961716923076923
-0.073224
-0.06154153846153846
-0.04422646153846154
-0.06049846153846154
-0.06341907692307691
-0.03713353846153846
-0.014185846153846153
0.024199384615384616
0.031709538461538456
0.03692492307692308
0.03650769230769231
0.027120000000000002
0.05757784615384615
0.065088
0.0892873846153846
0.12516923076923075
0.11140061538461538
0.11828492307692307
0.10493353846153847
0.08344615384615384
0.0771876923076923
-0.0022947692307692304
-0.09533723076923077
-0.16751815384615384
-0.2207150769230769
-0.21466523076923077
-0.19839323076923077
-0.1706473846153846
-0.11140061538461538
-0.03045784615384615
0.08699261538461538
0.18921415384615384
0.25305046153846156
0.26494153846153845
0.21612553846153845
0.1476996923076923
0.040054153846153843
-0.07802215384615384
-0.18212123076923076
-0.2709913846153846
-0.30979384615384614
-0.32314523076923074
-0.2868461538461538
-0.1913003076923077
-0.07656184615384615
0.04422646153846154
0.14185846153846154
0.22342707692307692
0.2891409230769231
0.32898646153846156
0.32272799999999996
0.2526332307692308
0.1504116923076923
0.032544
-0.061750153846153844
-0.11703323076923078
-0.16292861538461537
-0.1927606153846154
-0.19714153846153845
-0.16626646153846153
-0.08574092307692306
0.0035464615384615383
0.07384984615384615
0.13893784615384613
0.18066092307692305
0.20423446153846153
0.2127876923076923
0.18128676923076922
0.12683815384615382
0.055491692307692304
-0.028371692307692306
-0.08907876923076924
-0.12621230769230768
-0.14790830769230767
-0.15374953846153847
-0.15228923076923076
-0.14269292307692305
-0.12767261538461538
-0.0961716923076923
-0.06008123076923077
-0.03567323076923076
-0.017940923076923077
-0.014185846153846153
0.005215384615384615
0.04985907692307692
0.09909230769230769
0.1531236923076923
0.16751815384615384
0.157296
0.15187199999999998
0.12350030769230769
0.09262523076923077
0.03629907692307692
-0.047981538461538464
-0.11599015384615384
-0.15917353846153848
-0.16334584615384617
-0.1424843076923077
-0.1151556923076923
-0.08052553846153847
-0.03609046153846154
0.026494153846153844
0.0988836923076923
0.15667015384615385
0.18858830769230767
0.17648861538461538
0.13080184615384613
0.07969107692307692
0.01272553846153846
-0.04693846153846153
-0.10514215384615383
-0.16689230769230767
-0.19025723076923076
-0.17815753846153848
-0.13643446153846153
-0.06279323076923077
0.01668923076923077
0.0892873846153846
0.154584
0.208824
0.24700061538461537
0.25534523076923077
0.22467876923076924
0.1706473846153846
0.11327815384615383
0.05298830769230769
0.0008344615384615384
-0.055491692307692304
-0.10785415384615385
-0.13080184615384613
-0.12662953846153846
-0.09533723076923077
-0.04902461538461538
-0.0022947692307692304
0.044435076923076924
0.08824430769230769
0.12120553846153845
0.13476553846153844
0.12496061538461539
0.08636676923076922
0.03212676923076923
-0.016063384615384615
-0.053614153846153846
-0.07197230769230768
-0.07489292307692308
-0.06946892307692307
-0.06279323076923077
-0.03692492307692308
0.0033378461538461535
0.04380923076923077
0.07656184615384615
0.092208
0.10576799999999999
0.11327815384615383
0.11745046153846153
0.10889723076923077
0.08845292307692308
0.054657230769230764
0.014185846153846153
-0.009804923076923077
-0.03692492307692308
-0.05757784615384615
-0.07051199999999999
-0.09304246153846155
-0.09950953846153845
-0.08469784615384615
-0.06279323076923077
-0.028163076923076923
-0.0022947692307692304
0.008344615384615384
0.018983999999999997
0.02586830769230769
0.029623384615384614
0.021487384615384613
-0.006467076923076923
-0.050067692307692306
-0.09158215384615384
-0.13330523076923076
-0.17148184615384612
-0.19985353846153847
-0.22718215384615387
-0.22843384615384613
-0.1908830769230769
-0.1316363076923077
-0.059664
0.011265230769230769
0.07280676923076923
0.13455692307692307
0.18858830769230767
0.22113230769230768
0.22968553846153844
0.20193969230769232
0.14540492307692307
0.0963803076923077
0.03775938461538462
-0.015020307692307692
-0.045895384615384616
-0.073224
-0.07489292307692308
-0.06216738461538462
-0.03650769230769231
0.0077187692307692304
0.04819015384615385
0.07739630769230768
0.09950953846153845
0.10848000000000001
0.11411261538461538
0.11536430769230768
0.09846646153846153
0.06654830769230768
0.04214030769230769
0.028788923076923077
0.004589538461538461
-0.014394461538461538
-0.04172307692307692
-0.07551876923076924
-0.09095630769230768
-0.09512861538461538
-0.08469784615384615
-0.06633969230769231
-0.04568676923076923
-0.008344615384615384
0.046104
0.09784061538461537
0.14144123076923076
0.16251138461538459
0.16647507692307692
0.1696043076923077
0.16292861538461537
0.13893784615384613
0.09304246153846155
0.023364923076923075
-0.05027630769230769
-0.10326461538461539
-0.1368516923076923
-0.14749107692307692
-0.13768615384615385
-0.10806276923076923
-0.049233230769230765
0.023990769230769232
0.10138707692307691
0.16856123076923077
0.2125790769230769
0.22134092307692307
0.19359507692307693
0.14749107692307692
0.07155507692307693
-0.015228923076923076
-0.09491999999999999
-0.1691870769230769
-0.21028430769230766
-0.21028430769230766
-0.16876984615384616
-0.09533723076923077
-0.015854769230769228
0.06884307692307692
0.16105107692307694
0.23198030769230768
0.27328615384615385
0.27787569230769227
0.23364923076923078
0.16334584615384617
0.08031692307692308
-0.011682461538461537
-0.0963803076923077
-0.1652233846153846
-0.2075723076923077
-0.20444307692307692
-0.16105107692307694
-0.09450276923076922
-0.023990769230769232
0.03421292307692308
0.07259815384615384
0.0961716923076923
0.10263876923076923
0.08615815384615384
0.05319692307692307
-0.0029206153846153843
-0.065088
-0.119328
-0.15646153846153846
-0.1597993846153846
-0.13038461538461538
-0.0897046153846154
-0.044435076923076924
0.016480615384615385
0.07343261538461537
0.1287156923076923
0.1666836923076923
0.17586276923076924
0.16793538461538463
0.1424843076923077
0.10827138461538462
0.06154153846153846
0.0002086153846153846
-0.05778646153846154
-0.09325107692307691
-0.09930092307692308
-0.07781353846153846
-0.03921969230769231
0.012099692307692308
0.06905169230769231
0.12162276923076921
0.16271999999999998
0.18066092307692305
0.17690584615384616
0.15520984615384617
0.12350030769230769
0.08949599999999999
0.04380923076923077
-0.004589538461538461
-0.05277969230769231
-0.09471138461538461
-0.119328
-0.12642092307692307
-0.11995384615384615
-0.10117846153846152
-0.07009476923076922
-0.03275261538461539
0.020652923076923076
0.07551876923076924
0.13872923076923074
0.16772676923076923
0.16418030769230768
0.14102399999999998
0.09033046153846153
0.026702769230769228
-0.06341907692307691
-0.12808984615384614
-0.17565415384615385
-0.15896492307692306
-0.06863446153846153
0.13038461538461538
0.2807963076923077
0.3502652307692307
0.49692184615384616
0.5482412307692307
0.6241772307692307
0.5795335384615384
0.37029230769230764
0.13455692307692307
-0.1908830769230769
-0.38301784615384615
-0.5851661538461538
-0.7449655384615385
-0.80004
-0.8127655384615385
-0.5981003076923076
-0.32314523076923074
0.030040615384615384
0.3684147692307692
0.5570030769230769
0.7384984615384615
0.7760492307692308
0.7168024615384616
0.5720233846153846
0.2624381538461539
-0.021070153846153846
-0.3588184615384616
-0.659016
-0.7541446153846154
-0.8106793846153846
-0.7193058461538461
-0.553248
-0.37550769230769226
-0.09784061538461537
0.1341396923076923
0.39636923076923075
0.6166670769230769
0.6936461538461538
0.7216006153846153
0.6529661538461539
0.5505359999999999
0.3861470769230769
0.11432123076923076
-0.14978584615384616
-0.4184824615384615
-0.5922590769230769
-0.648168
-0.6719501538461539
-0.5972658461538461
-0.46896738461538456
-0.29581661538461534
-0.058412307692307694
0.14394461538461537
0.3421292307692308
0.5213298461538461
0.6200049230769231
0.7147163076923077
0.7447569230769231
0.6857187692307692
0.5582547692307692
0.33649661538461534
0.08991323076923076
-0.1869193846153846
-0.4524867692307692
-0.6600590769230769
-0.7919039999999999
-0.8006658461538461
-0.7324486153846154
-0.5359329230769231
-0.22321846153846153
0.10368184615384615
0.4612486153846154
0.7606116923076923
0.9527464615384614
1.0449544615384614
0.9719390769230769
0.7937815384615384
0.508187076923077
0.14123261538461537
-0.21028430769230766
-0.5615926153846154
-0.8440578461538462
-1.0268049230769232
-1.0914756923076923
-0.9848732307692307
-0.762072
-0.45707630769230767
-0.11870215384615385
0.21737723076923077
0.554916923076923
0.8019175384615385
0.929172923076923
0.9241661538461537
0.7597772307692308
0.533220923076923
0.2482523076923077
-0.07405846153846153
-0.3617390769230769
-0.6383630769230769
-0.8284116923076923
-0.8914135384615385
-0.8594953846153846
-0.7055372307692307
-0.4704276923076923
-0.19442953846153843
0.10368184615384615
0.37592492307692305
0.6081138461538461
0.7543532307692307
0.8042123076923077
0.7612375384615384
0.612912
0.4211944615384615
0.18086953846153844
-0.07531015384615385
-0.3047870769230769
-0.5215384615384615
-0.6585987692307692
-0.7232695384615385
-0.7086664615384615
-0.5951796923076923
-0.44289046153846157
-0.25305046153846156
-0.03024923076923077
0.20047938461538461
0.4326683076923077
0.6137464615384616
0.7036596923076923
0.7122129230769231
0.6400319999999999
0.5173661538461538
0.3485963076923077
0.1424843076923077
-0.07635323076923077
-0.28768061538461537
-0.43976123076923074
-0.5476153846153846
-0.5943452307692307
-0.5680596923076923
-0.4950443076923077
-0.3412947692307692
-0.14039815384615384
0.07301538461538462
0.28955815384615385
0.4535298461538461
0.5764043076923077
0.6550523076923076
0.6577643076923076
0.5981003076923076
0.4714707692307692
0.28893230769230765
0.0826116923076923
-0.12579507692307693
-0.3047870769230769
-0.4416387692307692
-0.5286313846153846
-0.5403138461538461
-0.4919150769230769
-0.3698750769230769
-0.19964492307692308
-0.018775384615384614
0.1792006153846154
0.3402516923076923
0.45978830769230766
0.5346812307692307
0.5536652307692308
0.5167403076923076
0.4049224615384615
0.25284184615384614
0.09930092307692308
-0.04714707692307692
-0.1666836923076923
-0.25138153846153843
-0.2995716923076923
-0.2926873846153846
-0.23510953846153848
-0.138312
-0.0448523076923077
0.02795446153846154
0.0936683076923077
0.14603076923076924
0.18921415384615384
0.19735015384615384
0.1710646153846154
0.12767261538461538
0.06216738461538462
0.007510153846153846
-0.034630153846153845
-0.06946892307692307
-0.08177723076923075
-0.10159569230769232
-0.11056615384615384
-0.09679753846153846
-0.09241661538461539
-0.07218092307692307
-0.04944184615384615
-0.03421292307692308
-0.020652923076923076
-0.017940923076923077
-0.003963692307692307
0.0008344615384615384
-0.008761846153846153
-0.010639384615384617
0.003129230769230769
0.04214030769230769
0.08031692307692308
0.0974233846153846
0.09116492307692307
0.053614153846153846
0.011473846153846154
-0.03212676923076923
-0.07802215384615384
-0.12266584615384615
-0.18942276923076923
-0.24887815384615386
-0.2641070769230769
-0.23677846153846152
-0.18545907692307692
-0.124752
-0.054240000000000003
0.02858030769230769
0.10472492307692308
0.15270646153846154
0.1777403076923077
0.16730953846153845
0.11578153846153846
0.051319384615384614
-0.011473846153846154
-0.06550523076923077
-0.11056615384615384
-0.1558356923076923
-0.20110523076923076
-0.22467876923076924
-0.20527753846153846
-0.16710092307692306
-0.11828492307692307
-0.06863446153846153
-0.028163076923076923
0.017940923076923077
0.059664
0.10076123076923077
0.1316363076923077
0.13455692307692307
0.13101046153846155
0.1287156923076923
0.12016246153846154
0.100344
0.059872615384615385
0.006258461538461538
-0.03984553846153846
-0.07885661538461539
-0.10159569230769232
-0.11348676923076922
-0.12662953846153846
-0.1316363076923077
-0.12016246153846154
-0.07823076923076923
-0.02044430769230769
0.0448523076923077
0.11035753846153845
0.168144
0.23072861538461537
0.2757895384615385
0.2993630769230769
0.3062473846153846
0.2751636923076923
0.22029784615384615
0.1570873846153846
0.086784
0.022530461538461537
-0.03921969230769231
-0.08699261538461538
-0.09909230769230769
-0.07468430769230769
-0.00855323076923077
0.08135999999999999
0.16459753846153846
0.24408
0.30562153846153844
0.3448412307692308
0.3646596923076923
0.34338092307692303
0.2849686153846154
0.20235692307692305
0.10889723076923077
0.00855323076923077
-0.08636676923076922
-0.16647507692307692
-0.21988061538461537
-0.23677846153846152
-0.21654276923076923
-0.15562707692307692
-0.0744756923076923
0.012516923076923077
0.08428061538461538
0.14060676923076923
0.18086953846153844
0.20110523076923076
0.19609846153846153
0.15562707692307692
0.09992676923076924
0.027328615384615382
-0.040679999999999994
-0.0892873846153846
-0.12850707692307692
-0.1504116923076923
-0.1531236923076923
-0.12579507692307693
-0.07885661538461539
-0.030040615384615384
0.003755076923076923
0.017940923076923077
0.02273907692307692
0.018775384615384614
0.014603076923076923
0.002086153846153846
-0.014394461538461538
-0.025659692307692307
-0.014603076923076923
0.03024923076923077
0.07802215384615384
0.12496061538461539
0.15750461538461538
0.16021661538461537
0.1449876923076923
0.1028473846153846
0.042557538461538466
-0.03337846153846154
-0.130176
-0.2075723076923077
-0.2582658461538461
-0.27453784615384613
-0.24449723076923074
-0.18483323076923078
-0.0853236923076923
0.037967999999999995
0.17315076923076922
0.30436984615384616
0.39282276923076925
0.4216116923076923
0.38698153846153843
0.29101846153846156
0.16230276923076925
0.016897846153846156
-0.14206707692307693
-0.2832996923076923
-0.39344861538461534
-0.4374664615384615
-0.4047138461538461
-0.31897292307692304
-0.19025723076923076
-0.04965046153846154
0.0934596923076923
0.22634769230769228
0.3212676923076923
0.36549415384615386
0.3448412307692308
0.26681907692307694
0.15291507692307693
0.029623384615384614
-0.07885661538461539
-0.17481969230769231
-0.2482523076923077
-0.2814221538461538
-0.2697396923076923
-0.206112
-0.1136953846153846
-0.008136
0.09387692307692307
0.17398523076923075
0.24074215384615386
0.2799618461538461
0.28788923076923073
0.26494153846153845
0.21111876923076925
0.14916
0.08761846153846153
0.026702769230769228
-0.01814953846153846
-0.06028984615384615
-0.09700615384615385
-0.10764553846153846
-0.10785415384615385
-0.09825784615384614
-0.09137353846153846
-0.084072
-0.06675692307692307
-0.044435076923076924
-0.0050067692307692304
0.03233538461538461
0.06279323076923077
0.09095630769230768
0.10263876923076923
0.11494707692307692
0.12329169230769231
0.10013538461538461
0.06362769230769232
0.0029206153846153843
-0.06613107692307692
-0.11223507692307692
-0.154584
-0.17628
-0.18483323076923078
-0.17690584615384616
-0.13518276923076925
-0.073224
0.013142769230769229
0.10576799999999999
0.17419384615384614
0.22029784615384615
0.23677846153846152
0.22572184615384616
0.18525046153846153
0.10994030769230768
0.025659692307692307
-0.05528307692307692
-0.11098338461538461
-0.1341396923076923
-0.12996738461538462
-0.10138707692307691
-0.06696553846153847
-0.01710646153846154
0.04965046153846154
0.10409907692307692
0.14060676923076923
0.13914646153846155
0.10597661538461538
0.06654830769230768
0.014394461538461538
-0.03901107692307692
-0.09053907692307692
-0.13184492307692308
-0.15270646153846154
-0.15249784615384615
-0.12037107692307693
-0.08135999999999999
-0.03984553846153846
0.012099692307692308
0.03609046153846154
0.04756430769230769
0.045895384615384616
0.021487384615384613
-0.013560000000000001
-0.06592246153846154
-0.10535076923076922
-0.12099692307692309
-0.1476996923076923
-0.18858830769230767
-0.19505538461538463
-0.157296
-0.08344615384615384
0.009179076923076922
0.09575446153846154
0.17169046153846151
0.2695310769230769
0.36611999999999995
0.4128498461538462
0.3838523076923077
0.2563883076923077
0.078648
-0.09763200000000001
-0.20173107692307693
-0.3312812307692308
-0.43704923076923075
-0.4551987692307692
-0.4351716923076923
-0.26494153846153845
-0.0963803076923077
0.07969107692307692
0.235944
0.3133403076923077
0.4216116923076923
0.4111809230769231
0.34963938461538463
0.21299630769230768
-0.020027076923076922
-0.1948467692307692
-0.37613353846153846
-0.4606227692307692
-0.46312615384615385
-0.43162523076923076
-0.28121353846153846
-0.12433476923076923
0.06967753846153846
0.2791273846153846
0.4170221538461538
0.5434430769230769
0.5334295384615384
0.43412861538461534
0.3375396923076923
0.18358153846153846
0.08073415384615384
-0.04193169230769231
-0.17502830769230768
-0.23406646153846156
-0.2791273846153846
-0.2330233846153846
-0.14185846153846154
-0.07948246153846153
0.0022947692307692304
0.07489292307692308
0.16292861538461537
0.241368
0.23823876923076923
0.20632061538461538
0.13121907692307694
0.06905169230769231
0.040679999999999994
0.006467076923076923
0.02044430769230769
0.03609046153846154
0.07656184615384615
0.14519630769230768
0.16251138461538459
0.16459753846153846
0.12162276923076921
0.024199384615384616
-0.05319692307692307
-0.14102399999999998
-0.18379015384615385
-0.1712732307692308
-0.14018953846153845
-0.04693846153846153
0.05507446153846154
0.17565415384615385
0.2822566153846154
0.3339932307692307
0.34004307692307695
0.26139507692307695
0.1785747692307692
0.09784061538461537
-0.021487384615384613
-0.13622584615384614
-0.2526332307692308
-0.3137575384615385
-0.3077076923076923
-0.2701569230769231
-0.1785747692307692
-0.08699261538461538
0.021278769230769233
0.16230276923076925
0.2828824615384615
0.3675803076923077
0.36966646153846155
0.29498215384615384
0.1881710769230769
0.04985907692307692
-0.09095630769230768
-0.2290596923076923
-0.34922215384615385
-0.40888615384615384
-0.41076369230769233
-0.3246055384615385
-0.17252492307692308
-0.010013538461538461
0.16084246153846155
0.2832996923076923
0.3544375384615384
0.38343507692307693
0.3402516923076923
0.26452430769230767
0.14686523076923075
-0.005841230769230769
-0.13226215384615383
-0.2125790769230769
-0.22634769230769228
-0.19630707692307692
-0.15374953846153847
-0.07802215384615384
0.02482523076923077
0.14540492307692307
0.26640184615384616
0.3319070769230769
0.327108923076923
0.26932246153846157
0.20944984615384615
0.16313723076923078
0.10180430769230768
0.042557538461538466
-0.02023569230769231
-0.05111076923076923
-0.030040615384615384
0.013142769230769229
0.073224
0.10138707692307691
0.10263876923076923
0.103056
0.09158215384615384
0.06675692307692307
0.014185846153846153
-0.0609156923076923
-0.13309661538461537
-0.19046584615384615
-0.20944984615384615
-0.1881710769230769
-0.14853415384615384
-0.09867507692307692
-0.054657230769230764
-0.0008344615384615384
0.06446215384615385
0.11223507692307692
0.14457046153846154
0.13226215384615383
0.07301538461538462
0.003755076923076923
-0.06696553846153847
-0.11035753846153845
-0.13601723076923075
-0.14853415384615384
-0.11891076923076922
-0.06008123076923077
0.021070153846153846
0.10117846153846152
0.14790830769230767
0.1733593846153846
0.173568
0.15667015384615385
0.1316363076923077
0.07468430769230769
0.008970461538461538
-0.05403138461538461
-0.09304246153846155
-0.09471138461538461
-0.07969107692307692
-0.034630153846153845
0.018775384615384614
0.06467076923076923
0.10514215384615383
0.11807630769230769
0.10681107692307691
0.06675692307692307
0.003129230769230769
-0.06675692307692307
-0.14060676923076923
-0.18921415384615384
-0.20193969230769232
-0.18775384615384613
-0.14290153846153844
-0.065088
0.02232184615384615
0.09325107692307691
0.13810338461538463
0.16021661538461537
0.1397723076923077
0.086784
0.03150092307692308
-0.026911384615384615
-0.0717636923076923
-0.11640738461538462
-0.13789476923076924
-0.10660246153846153
-0.04214030769230769
0.053405538461538456
0.15646153846153846
0.2503384615384615
0.3344104615384615
0.3886504615384615
0.39407446153846154
0.344424
0.24053353846153847
0.09763200000000001
-0.052571076923076915
-0.18942276923076923
-0.3004061538461538
-0.37926276923076924
-0.41389292307692305
-0.38760738461538463
-0.30207507692307695
-0.16730953846153845
-0.0033378461538461535
0.16167692307692308
0.3039526153846154
0.40554830769230765
0.44643692307692306
0.4113895384615384
0.2997803076923077
0.13497415384615385
-0.050067692307692306
-0.21904615384615383
-0.3513083076923077
-0.4351716923076923
-0.45102646153846154
-0.4022104615384615
-0.2899753846153846
-0.12391753846153845
0.05298830769230769
0.2138307692307692
0.3321156923076923
0.3947003076923077
0.3988726153846154
0.3490135384615385
0.2680707692307692
0.1543753846153846
0.023364923076923075
-0.10389046153846154
-0.21028430769230766
-0.2772498461538462
-0.31396615384615384
-0.3160523076923077
-0.2906012307692308
-0.2438713846153846
-0.16856123076923077
-0.08782707692307692
-0.014185846153846153
0.043600615384615383
0.07656184615384615
0.09971815384615385
0.11870215384615385
0.12642092307692307
0.11849353846153846
0.0936683076923077
0.058412307692307694
0.02482523076923077
-0.006884307692307692
-0.041514461538461535
-0.0880356923076923
-0.13998092307692306
-0.17252492307692308
-0.17628
-0.16188553846153847
-0.13643446153846153
-0.08824430769230769
-0.019609846153846155
0.06467076923076923
0.16480615384615382
0.2618123076923077
0.3373310769230769
0.36549415384615386
0.33899999999999997
0.27850153846153847
0.18963138461538462
0.08010830769230769
-0.043392
-0.16626646153846153
-0.2626467692307692
-0.32314523076923074
-0.33357600000000004
-0.2970683076923077
-0.2275993846153846
-0.13309661538461537
-0.030875076923076922
0.07364123076923076
0.17461107692307692
0.24574892307692306
0.27704123076923076
0.2638984615384615
0.21153599999999997
0.14978584615384616
0.08073415384615384
0.004589538461538461
-0.07259815384615384
-0.14519630769230768
-0.18858830769230767
-0.1923433846153846
-0.16710092307692306
-0.12391753846153845
-0.07927384615384615
-0.03275261538461539
0.021696
0.06821723076923077
0.11056615384615384
0.13038461538461538
0.12037107692307693
0.10159569230769232
0.08010830769230769
0.061124307692307686
0.030040615384615384
-0.012934153846153845
-0.054240000000000003
-0.09137353846153846
-0.10889723076923077
-0.10868861538461538
-0.10222153846153846
-0.08240307692307691
-0.06008123076923077
-0.02524246153846154
0.021904615384615383
0.06571384615384615
0.1028473846153846
0.12537784615384615
0.1462393846153846
0.15896492307692306
0.16292861538461537
0.15813046153846153
0.13914646153846155
0.11682461538461539
0.09074769230769231
0.07051199999999999
0.05298830769230769
0.03567323076923076
0.018775384615384614
-0.0008344615384615384
-0.005632615384615384
0.007301538461538462
0.027745846153846152
0.04902461538461538
0.06863446153846153
0.09116492307692307
0.12329169230769231
0.1652233846153846
0.19338646153846153
0.1940123076923077
0.1570873846153846
0.09658892307692307
0.029206153846153847
-0.05570030769230769
-0.15249784615384615
-0.24700061538461537
-0.31751261538461534
-0.3475532307692307
-0.3269003076923077
-0.252216
-0.13706030769230768
-0.0016689230769230767
0.13789476923076924
0.26348123076923075
0.3646596923076923
0.4170221538461538
0.4024190769230769
0.3291950769230769
0.20402584615384614
0.06279323076923077
-0.07259815384615384
-0.18858830769230767
-0.27412061538461535
-0.32961230769230765
-0.33253292307692306
-0.2701569230769231
-0.1558356923076923
-0.016480615384615385
0.116616
0.22342707692307692
0.29727692307692305
0.33712246153846154
0.34066892307692304
0.2899753846153846
0.18921415384615384
0.058829538461538454
-0.07238953846153846
-0.1800350769230769
-0.2559710769230769
-0.2947735384615384
-0.29727692307692305
-0.26097784615384617
-0.18128676923076922
-0.07238953846153846
0.04130584615384615
0.13914646153846155
0.1910916923076923
0.21070153846153844
0.20256553846153844
0.17461107692307692
0.132888
0.07051199999999999
0.004798153846153846
-0.05570030769230769
-0.08448923076923077
-0.08594953846153845
-0.07384984615384615
-0.046104
-0.019192615384615384
-0.0002086153846153846
0.017940923076923077
0.02545107692307692
0.01668923076923077
-0.0077187692307692304
-0.03442153846153846
-0.04422646153846154
-0.03045784615384615
0.003755076923076923
0.04568676923076923
0.08574092307692306
0.11891076923076922
0.1397723076923077
0.14164984615384615
0.12162276923076921
0.06738276923076922
0.0002086153846153846
-0.08115138461538463
-0.15291507692307693
-0.19067446153846154
-0.2125790769230769
-0.18942276923076923
-0.12955015384615384
-0.03859384615384615
0.07948246153846153
0.19818461538461538
0.30562153846153844
0.37363015384615383
0.40283630769230766
0.3917796923076923
0.33065538461538463
0.2342750769230769
0.10389046153846154
-0.03275261538461539
-0.14477907692307693
-0.23072861538461537
-0.2695310769230769
-0.25805723076923076
-0.2290596923076923
-0.17377661538461536
-0.11223507692307692
-0.059038153846153844
-0.016063384615384615
0.0035464615384615383
0.06404492307692307
0.12412615384615384
0.21049292307692305
0.30019753846153846
0.330864
0.3813489230769231
0.3805144615384615
0.3811403076923077
0.3467187692307692
0.23531815384615382
0.11891076923076922
-0.012308307692307691
-0.10368184615384615
-0.2125790769230769
-0.28663753846153844
-0.33357600000000004
-0.347136
-0.24741784615384615
-0.11849353846153846
0.047981538461538464
0.20944984615384615
0.3410861538461538
0.4374664615384615
0.45457292307692304
0.3949089230769231
0.27412061538461535
0.11348676923076922
-0.092208
-0.2912270769230769
-0.46291753846153844
-0.5745267692307692
-0.5745267692307692
-0.49984246153846157
-0.35464615384615383
-0.18650215384615382
-0.03609046153846154
0.12704676923076924
0.2503384615384615
0.30249230769230767
0.30249230769230767
0.2342750769230769
0.14874276923076923
0.07092923076923077
-0.020652923076923076
-0.11411261538461538
-0.21925476923076925
-0.3062473846153846
-0.3573581538461538
-0.3717526153846154
-0.3615304615384615
-0.327108923076923
-0.24178523076923078
-0.13789476923076924
-0.005841230769230769
0.130176
0.222384
0.29644246153846154
0.3291950769230769
0.31897292307692304
0.2805876923076923
0.20339999999999997
0.11745046153846153
0.04088861538461538
-0.04756430769230769
-0.14665661538461539
-0.22175815384615383
-0.28017046153846153
-0.31772123076923076
-0.31751261538461534
-0.28663753846153844
-0.21111876923076925
-0.0855323076923077
0.059872615384615385
0.20652923076923077
0.33378461538461535
0.40992923076923077
0.45332123076923075
0.44581107692307687
0.36027876923076924
0.22572184615384616
0.06988615384615385
-0.08177723076923075
-0.19630707692307692
-0.26932246153846157
-0.30249230769230767
-0.2818393846153846
-0.22029784615384615
-0.12099692307692309
-0.0004172307692307692
0.10994030769230768
0.214248
0.30666461538461537
0.36027876923076924
0.3609046153846154
0.330864
0.24908676923076922
0.11557292307692307
-0.014185846153846153
-0.15374953846153847
-0.26160369230769226
-0.3214763076923077
-0.34963938461538463
-0.31229723076923077
-0.2438713846153846
-0.14999446153846155
-0.019192615384615384
0.10535076923076922
0.19067446153846154
0.22551323076923077
0.21883753846153844
0.19505538461538463
0.16856123076923077
0.12433476923076923
0.06467076923076923
0.007510153846153846
-0.040679999999999994
-0.07072061538461538
-0.07030338461538461
-0.06028984615384615
-0.06675692307692307
-0.07051199999999999
-0.06321046153846153
-0.03045784615384615
0.02545107692307692
0.06425353846153846
0.09533723076923077
0.11870215384615385
0.1316363076923077
0.15625292307692307
0.16418030769230768
0.14144123076923076
0.0988836923076923
0.03483876923076923
-0.02273907692307692
-0.06467076923076923
-0.09512861538461538
-0.11348676923076922
-0.12099692307692309
-0.11703323076923078
-0.09658892307692307
-0.053614153846153846
-0.01981846153846154
0.006258461538461538
0.028788923076923077
0.03421292307692308
0.043600615384615383
0.06675692307692307
0.08594953846153845
0.08887015384615385
0.06675692307692307
0.03629907692307692
0.033169846153846154
0.041514461538461535
0.055491692307692304
0.07051199999999999
0.08031692307692308
0.1028473846153846
0.1435273846153846
0.1846246153846154
0.20798953846153845
0.20861538461538462
0.1779489230769231
0.13768615384615385
0.09679753846153846
0.03755076923076923
-0.029414769230769227
-0.09158215384615384
-0.14018953846153845
-0.16084246153846155
-0.154584
-0.12496061538461539
-0.07510153846153846
-0.01668923076923077
0.040262769230769234
0.0988836923076923
0.15354092307692307
0.18545907692307692
0.19588984615384614
0.16856123076923077
0.11891076923076922
0.06279323076923077
-0.004589538461538461
-0.07155507692307693
-0.14269292307692305
-0.20319138461538463
-0.24053353846153847
-0.23823876923076923
-0.19755876923076923
-0.14102399999999998
-0.07489292307692308
-0.006467076923076923
0.07280676923076923
0.15959076923076923
0.21862892307692305
0.23823876923076923
0.21862892307692305
0.15896492307692306
0.08949599999999999
0.0043809230769230765
-0.084072
-0.15750461538461538
-0.23156307692307693
-0.2701569230769231
-0.2726603076923077
-0.23677846153846152
-0.16856123076923077
-0.0855323076923077
0.017732307692307693
0.11390399999999999
0.20298276923076922
0.26306399999999996
0.29414769230769233
0.29185292307692307
0.23844738461538462
0.16584923076923075
0.07343261538461537
-0.022530461538461537
-0.10597661538461538
-0.1802436923076923
-0.22718215384615387
-0.2436627692307692
-0.23156307692307693
-0.18650215384615382
-0.116616
-0.024616615384615383
0.07697907692307693
0.1718990769230769
0.2526332307692308
0.3087507692307692
0.33670523076923076
0.3243969230769231
0.2724516923076923
0.1992276923076923
0.10555938461538462
-0.0014603076923076922
-0.1136953846153846
-0.22551323076923077
-0.3079163076923077
-0.3485963076923077
-0.34630153846153844
-0.30186646153846153
-0.22280123076923075
-0.1205796923076923
-0.008136
0.1028473846153846
0.19839323076923077
0.2709913846153846
0.3148006153846154
0.3148006153846154
0.2768326153846154
0.2075723076923077
0.10827138461538462
0.004798153846153846
-0.09429415384615383
-0.17544553846153846
-0.2273907692307692
-0.2503384615384615
-0.23156307692307693
-0.18170399999999998
-0.103056
-0.0033378461538461535
0.09241661538461539
0.17398523076923075
0.23782153846153845
0.27286892307692306
0.273912
0.24449723076923074
0.18086953846153844
0.09950953846153845
0.006884307692307692
-0.07593599999999999
-0.13330523076923076
-0.1696043076923077
-0.17732307692307692
-0.16584923076923075
-0.12725538461538463
-0.06467076923076923
0.008136
0.0826116923076923
0.14394461538461537
0.19150892307692308
0.22175815384615383
0.2290596923076923
0.21737723076923077
0.1792006153846154
0.12496061538461539
0.07009476923076922
0.018983999999999997
-0.009596307692307692
-0.029206153846153847
-0.03483876923076923
-0.037967999999999995
-0.04172307692307692
-0.023364923076923075
-0.0077187692307692304
0.006675692307692307
0.009179076923076922
-0.003129230769230769
-0.003755076923076923
0.0
0.013560000000000001
0.028788923076923077
0.03504738461538461
0.03775938461538462
0.04214030769230769
0.05298830769230769
0.053614153846153846
0.03609046153846154
-0.006258461538461538
-0.06133292307692308
-0.10409907692307692
-0.13372246153846154
-0.15416676923076922
-0.16772676923076923
-0.17315076923076922
-0.16271999999999998
-0.12913292307692306
-0.07238953846153846
-0.0035464615384615383
0.06321046153846153
0.11181784615384616
0.14728246153846153
0.1696043076923077
0.17231630769230769
0.15938215384615384
0.12329169230769231
0.07072061538461538
0.006884307692307692
-0.05799507692307692
-0.10430769230769231
-0.14394461538461537
-0.1785747692307692
-0.19192615384615386
-0.18504184615384617
-0.14290153846153844
-0.0771876923076923
-0.011682461538461537
0.05298830769230769
0.09784061538461537
0.14144123076923076
0.17565415384615385
0.18629353846153843
0.17481969230769231
0.13038461538461538
0.08428061538461538
0.0448523076923077
0.013768615384615384
-0.009596307692307692
-0.02795446153846154
-0.02899753846153846
-0.011473846153846154
0.02357353846153846
0.06070707692307692
0.08073415384615384
0.0853236923076923
0.0798996923076923
0.06571384615384615
0.05444861538461539
0.037967999999999995
0.009804923076923077
-0.020652923076923076
-0.04631261538461538
-0.05048492307692308
-0.03400430769230769
0.002086153846153846
0.03713353846153846
0.05486584615384615
0.06216738461538462
0.06258461538461538
0.05653476923076922
0.032544
-0.011265230769230769
-0.06988615384615385
-0.12516923076923075
-0.154584
-0.1637630769230769
-0.17169046153846151
-0.16730953846153845
-0.14123261538461537
-0.09471138461538461
-0.027328615384615382
0.04756430769230769
0.10409907692307692
0.1314276923076923
0.14164984615384615
0.13351384615384615
0.10618523076923077
0.04944184615384615
-0.03609046153846154
-0.12099692307692309
-0.18900553846153845
-0.21842030769230766
-0.20465169230769228
-0.15875630769230767
-0.0826116923076923
0.007510153846153846
0.11286092307692308
0.2138307692307692
0.28017046153846153
0.3035353846153846
0.2707827692307692
0.20319138461538463
0.11160923076923077
0.009804923076923077
-0.08323753846153846
-0.16835261538461538
-0.23072861538461537
-0.2641070769230769
-0.2626467692307692
-0.22113230769230768
-0.15604430769230768
-0.08782707692307692
-0.026702769230769228
0.035464615384615386
0.10618523076923077
0.16418030769230768
0.19609846153846153
0.19568123076923075
0.16772676923076923
0.1316363076923077
0.09053907692307692
0.05090215384615384
0.010222153846153844
-0.03483876923076923
-0.058412307692307694
-0.05382276923076923
-0.028788923076923077
0.0077187692307692304
0.03650769230769231
0.06633969230769231
0.10055261538461538
0.12204
0.14081538461538462
0.1462393846153846
0.13080184615384613
0.11286092307692308
0.08615815384615384
0.07072061538461538
0.05862092307692307
0.045895384615384616
0.04172307692307692
0.028163076923076923
0.017940923076923077
-0.0022947692307692304
-0.026702769230769228
-0.05194523076923077
-0.08010830769230769
-0.08740984615384616
-0.07259815384615384
-0.021278769230769233
0.051528
0.10514215384615383
0.13852061538461538
0.15270646153846154
0.13852061538461538
0.11640738461538462
0.06049846153846154
-0.029623384615384614
-0.10013538461538461
-0.15604430769230768
-0.14311015384615386
-0.10576799999999999
0.0014603076923076922
0.1858763076923077
0.2205064615384615
0.2807963076923077
0.32377107692307694
0.30061476923076924
0.2939390769230769
0.12162276923076921
-0.045895384615384616
-0.24491446153846153
-0.39699507692307695
-0.39532615384615377
-0.42494953846153843
-0.36549415384615386
-0.32043323076923075
-0.21174461538461536
0.024199384615384616
0.1869193846153846
0.3727956923076923
0.41660492307692304
0.36340799999999995
0.3440067692307692
0.22113230769230768
0.14582215384615385
0.02273907692307692
-0.13622584615384614
-0.19296923076923078
-0.2897667692307692
-0.2751636923076923
-0.1794092307692308
-0.1136953846153846
0.031709538461538456
0.12496061538461539
0.20486030769230767
0.29227015384615385
0.30666461538461537
0.3609046153846154
0.3440067692307692
0.24470584615384613
0.14060676923076923
0.003963692307692307
-0.06070707692307692
-0.12683815384615382
-0.200688
-0.22634769230769228
-0.2628553846153846
-0.21862892307692305
-0.15541846153846153
-0.10931446153846153
-0.01668923076923077
0.03692492307692308
0.10493353846153847
0.17586276923076924
0.18107815384615383
0.20423446153846153
0.1927606153846154
0.16793538461538463
0.1829556923076923
0.16334584615384617
0.13810338461538463
0.08448923076923077
0.018358153846153843
-0.01981846153846154
-0.07906523076923076
-0.11452984615384615
-0.12808984615384614
-0.092208
-0.005841230769230769
0.05382276923076923
0.15166338461538462
0.24887815384615386
0.31688676923076925
0.3880246153846154
0.38990215384615384
0.35256
0.2734947692307692
0.14749107692307692
0.04214030769230769
-0.09179076923076923
-0.20131384615384615
-0.25346769230769234
-0.2883064615384615
-0.26681907692307694
-0.23239753846153846
-0.16271999999999998
-0.05507446153846154
0.03400430769230769
0.1097316923076923
0.1353913846153846
0.14665661538461539
0.157296
0.11411261538461538
0.04944184615384615
-0.05674338461538461
-0.1779489230769231
-0.24053353846153847
-0.2807963076923077
-0.2682793846153846
-0.21591692307692306
-0.16751815384615384
-0.0717636923076923
0.021904615384615383
0.10535076923076922
0.18754523076923074
0.21862892307692305
0.21883753846153844
0.16689230769230767
0.086784
-0.005215384615384615
-0.1178676923076923
-0.19004861538461537
-0.23218892307692307
-0.22947692307692308
-0.19380369230769232
-0.15813046153846153
-0.086784
-0.02545107692307692
0.03275261538461539
0.09387692307692307
0.10681107692307691
0.10764553846153846
0.10159569230769232
0.07364123076923076
0.03775938461538462
-0.01814953846153846
-0.06467076923076923
-0.07802215384615384
-0.08177723076923075
-0.06216738461538462
-0.03775938461538462
-0.015854769230769228
0.012934153846153845
0.02357353846153846
0.03921969230769231
0.04172307692307692
0.03379569230769231
0.03504738461538461
0.020652923076923076
0.016272
0.011265230769230769
0.009804923076923077
0.03921969230769231
0.052571076923076915
0.04985907692307692
0.04756430769230769
0.03358707692307692
0.04130584615384615
0.03567323076923076
0.004798153846153846
-0.02315630769230769
-0.05236246153846154
-0.04088861538461538
-0.0033378461538461535
0.02899753846153846
0.051319384615384614
0.06133292307692308
0.09199938461538461
0.11995384615384615
0.1356
0.138312
0.10618523076923077
0.06738276923076922
0.02023569230769231
-0.018983999999999997
-0.03713353846153846
-0.04985907692307692
-0.03421292307692308
0.0022947692307692304
0.04526953846153846
0.10910584615384614
0.1777403076923077
0.22530461538461538
0.2292683076923077
0.19046584615384615
0.14311015384615386
0.08991323076923076
0.03296123076923077
-0.028788923076923077
-0.1045163076923077
-0.1718990769230769
-0.20924123076923076
-0.1873366153846154
-0.12725538461538463
-0.08574092307692306
-0.051319384615384614
-0.02586830769230769
0.0002086153846153846
0.026285538461538457
0.011473846153846154
-0.025659692307692307
-0.07238953846153846
-0.12099692307692309
-0.14331876923076922
-0.14790830769230767
-0.13872923076923074
-0.11619876923076923
-0.08991323076923076
-0.041514461538461535
0.01856676923076923
0.065088
0.0936683076923077
0.092208
0.07781353846153846
0.05444861538461539
0.032544
0.017315076923076923
-0.012934153846153845
-0.029623384615384614
-0.03963692307692308
-0.04088861538461538
-0.015646153846153844
0.009596307692307692
0.03921969230769231
0.05590892307692308
0.054657230769230764
0.06216738461538462
0.06967753846153846
0.06738276923076922
0.04860738461538461
0.011265230769230769
-0.018358153846153843
-0.030875076923076922
-0.031709538461538456
-0.014394461538461538
-0.0002086153846153846
0.011891076923076923
0.016480615384615385
0.023990769230769232
0.03775938461538462
0.02545107692307692
0.01668923076923077
0.005424
-0.011265230769230769
-0.01043076923076923
-0.008970461538461538
0.0022947692307692304
0.022530461538461537
0.05486584615384615
0.10138707692307691
0.13893784615384613
0.1570873846153846
0.15270646153846154
0.12955015384615384
0.09596307692307693
0.049233230769230765
-0.005632615384615384
-0.058829538461538454
-0.11202646153846153
-0.15145476923076923
-0.16438892307692307
-0.1462393846153846
-0.10347323076923076
-0.04819015384615385
0.015646153846153844
0.08323753846153846
0.15354092307692307
0.21988061538461537
0.25117292307692307
0.22864246153846152
0.17023015384615386
0.08866153846153846
0.006258461538461538
-0.07134646153846153
-0.13726892307692307
-0.17586276923076924
-0.18316430769230768
-0.14164984615384615
-0.059872615384615385
0.04109723076923077
0.14457046153846154
0.23281476923076924
0.29769415384615383
0.32836061538461536
0.31897292307692304
0.273912
0.20298276923076922
0.11098338461538461
0.015020307692307692
-0.06487938461538462
-0.12329169230769231
-0.15416676923076922
-0.16689230769230767
-0.14916
-0.0988836923076923
-0.03233538461538461
0.04318338461538461
0.09408553846153846
0.11223507692307692
0.1028473846153846
0.06654830769230768
0.025033846153846153
-0.023990769230769232
-0.07635323076923077
-0.11432123076923076
-0.13434830769230768
-0.11181784615384616
-0.06133292307692308
-0.001043076923076923
0.05444861538461539
0.0828203076923077
0.09992676923076924
0.09721476923076922
0.07948246153846153
0.05048492307692308
-0.0025033846153846152
-0.05736923076923077
-0.1028473846153846
-0.12996738461538462
-0.12683815384615382
-0.10472492307692308
-0.07009476923076922
-0.024408000000000003
0.027120000000000002
0.07572738461538461
0.10514215384615383
0.10827138461538462
0.08094276923076923
0.03379569230769231
-0.023782153846153845
-0.08949599999999999
-0.15124615384615384
-0.20861538461538462
-0.24408
-0.24512307692307692
-0.21716861538461538
-0.16230276923076925
-0.09450276923076922
-0.021696
0.050067692307692306
0.12370892307692308
0.18483323076923078
0.21091015384615383
0.1992276923076923
0.15187199999999998
0.08448923076923077
0.014603076923076923
-0.047772923076923074
-0.09763200000000001
-0.13351384615384615
-0.1422756923076923
-0.11306953846153844
-0.054657230769230764
0.02044430769230769
0.09429415384615383
0.15416676923076922
0.20152246153846154
0.2290596923076923
0.23469230769230767
0.2225926153846154
0.18232984615384615
0.12975876923076923
0.08052553846153847
0.03337846153846154
-0.005424
-0.03775938461538462
-0.06675692307692307
-0.0853236923076923
-0.08386338461538462
-0.06425353846153846
-0.024616615384615383
0.018983999999999997
0.053614153846153846
0.07969107692307692
0.10764553846153846
0.13059323076923077
0.1356
0.12224861538461537
0.08866153846153846
0.06195876923076923
0.04380923076923077
0.03984553846153846
0.043600615384615383
0.03296123076923077
0.02044430769230769
0.008970461538461538
0.002086153846153846
-0.0022947692307692304
-0.011473846153846154
-0.025033846153846153
-0.029414769230769227
-0.019192615384615384
0.01668923076923077
0.06696553846153847
0.10180430769230768
0.12266584615384615
0.12329169230769231
0.12516923076923075
0.12579507692307693
0.10389046153846154
0.059872615384615385
-0.013768615384615384
-0.08031692307692308
-0.12224861538461537
-0.13852061538461538
-0.11828492307692307
-0.08949599999999999
-0.04380923076923077
0.015228923076923076
0.07635323076923077
0.14832553846153845
0.19797599999999999
0.21779446153846155
0.19881046153846152
0.1585476923076923
0.11473846153846154
0.04819015384615385
-0.02524246153846154
-0.09199938461538461
-0.13664307692307692
-0.14603076923076924
-0.12266584615384615
-0.08177723076923075
-0.03024923076923077
0.02357353846153846
0.08574092307692306
0.16209415384615386
0.2209236923076923
0.2591003076923077
0.2588916923076923
0.21842030769230766
0.15500123076923078
0.06592246153846154
-0.016063384615384615
-0.09533723076923077
-0.17148184615384612
-0.2157083076923077
-0.22488738461538463
-0.18232984615384615
-0.10430769230769231
-0.01814953846153846
0.07551876923076924
0.14999446153846155
0.2125790769230769
0.2651501538461538
0.2722430769230769
0.23385784615384617
0.15374953846153847
0.065088
-0.007301538461538462
-0.0678
-0.11745046153846153
-0.16209415384615386
-0.1842073846153846
-0.17711446153846155
-0.14603076923076924
-0.09179076923076923
-0.03567323076923076
0.02545107692307692
0.08615815384615384
0.127464
0.143736
0.11286092307692308
0.05674338461538461
-0.006049846153846154
-0.07739630769230768
-0.14144123076923076
-0.17628
-0.21800307692307694
-0.22175815384615383
-0.20047938461538461
-0.1097316923076923
0.05277969230769231
0.03713353846153846
0.05820369230769231
0.07635323076923077
0.05653476923076922
0.10868861538461538
0.0033378461538461535
-0.07364123076923076
-0.20632061538461538
-0.2858030769230769
-0.20798953846153845
-0.2125790769230769
-0.15625292307692307
-0.16647507692307692
-0.11244369230769231
0.03942830769230769
0.11599015384615384
0.24428861538461538
0.20819815384615384
0.11974523076923077
0.07697907692307693
-0.022530461538461537
-0.005215384615384615
-0.02858030769230769
-0.03984553846153846
0.04172307692307692
0.009596307692307692
0.065088
0.1422756923076923
0.14582215384615385
0.18754523076923074
0.11056615384615384
0.04380923076923077
-0.014603076923076923
-0.08219446153846154
-0.028788923076923077
-0.006675692307692307
-0.0002086153846153846
0.020027076923076922
0.061124307692307686
0.17440246153846153
0.21111876923076925
0.18316430769230768
0.12955015384615384
0.03045784615384615
0.007927384615384614
-0.00855323076923077
-0.046104
-0.056951999999999996
-0.10013538461538461
-0.0826116923076923
-0.027328615384615382
0.00855323076923077
0.0892873846153846
0.1314276923076923
0.17315076923076922
0.25430215384615384
0.2947735384615384
0.32231076923076923
0.2753723076923077
0.17377661538461536
0.06571384615384615
-0.06446215384615385
-0.14164984615384615
-0.1913003076923077
-0.19338646153846153
-0.15813046153846153
-0.12516923076923075
0.0002086153846153846
0.12704676923076924
0.21821169230769227
0.2995716923076923
0.287472
0.25534523076923077
0.19714153846153845
0.11014892307692307
0.03671630769230769
-0.09179076923076923
-0.1923433846153846
-0.2355267692307692
-0.25805723076923076
-0.23052
-0.208824
-0.16626646153846153
-0.08115138461538463
0.0
0.06800861538461538
0.08448923076923077
0.0892873846153846
0.08031692307692308
0.01856676923076923
-0.04214030769230769
-0.12162276923076921
-0.19693292307692306
-0.2225926153846154
-0.23886461538461537
-0.20819815384615384
-0.13810338461538463
-0.06905169230769231
0.018358153846153843
0.06154153846153846
0.07259815384615384
0.08824430769230769
0.073224
0.05674338461538461
0.011682461538461537
-0.04944184615384615
-0.09596307692307693
-0.12767261538461538
-0.09784061538461537
-0.051319384615384614
-0.0012516923076923076
0.047981538461538464
0.0771876923076923
0.1207883076923077
0.14081538461538462
0.13789476923076924
0.11223507692307692
0.03713353846153846
-0.026285538461538457
-0.06529661538461538
-0.10347323076923076
-0.13643446153846153
-0.17732307692307692
-0.18775384615384613
-0.1353913846153846
-0.061124307692307686
0.021487384615384613
0.07551876923076924
0.0974233846153846
0.11953661538461538
0.11160923076923077
0.09930092307692308
0.06529661538461538
-0.005215384615384615
-0.07760492307692309
-0.1585476923076923
-0.19213476923076922
-0.18921415384615384
-0.16480615384615382
-0.10117846153846152
-0.03984553846153846
0.03483876923076923
0.11202646153846153
0.1800350769230769
0.2507556923076923
0.2689052307692308
0.23135446153846154
0.1785747692307692
0.11473846153846154
0.06967753846153846
0.02586830769230769
-0.024408000000000003
-0.051319384615384614
-0.05674338461538461
-0.006049846153846154
0.06592246153846154
0.12245723076923076
0.1637630769230769
0.16897846153846155
0.1710646153846154
0.16313723076923078
0.13768615384615385
0.10910584615384614
0.05382276923076923
0.012934153846153845
-0.010848
-0.03129230769230769
-0.016063384615384615
-0.0043809230769230765
0.012934153846153845
0.03713353846153846
0.04985907692307692
0.0880356923076923
0.11640738461538462
0.11640738461538462
0.09429415384615383
0.04631261538461538
-0.0029206153846153843
-0.05111076923076923
-0.07927384615384615
-0.09304246153846155
-0.11181784615384616
-0.10076123076923077
-0.06738276923076922
-0.016897846153846156
0.0446436923076923
0.07885661538461539
0.10722830769230769
0.124752
0.11745046153846153
0.10910584615384614
0.07405846153846153
0.022947692307692308
-0.017940923076923077
-0.051319384615384614
-0.06321046153846153
-0.07134646153846153
-0.073224
-0.061124307692307686
-0.046104
-0.010848
0.026702769230769228
0.061124307692307686
0.09074769230769231
0.09950953846153845
0.10409907692307692
0.08240307692307691
0.04547815384615384
0.0050067692307692304
-0.041514461538461535
-0.06738276923076922
-0.08636676923076922
-0.08907876923076924
-0.07030338461538461
-0.042974769230769226
-0.004589538461538461
0.02858030769230769
0.046104
0.052571076923076915
0.03775938461538462
0.010013538461538461
-0.017940923076923077
-0.050067692307692306
-0.07426707692307692
-0.08699261538461538
-0.06988615384615385
-0.032544
0.011473846153846154
0.06258461538461538
0.09471138461538461
0.10535076923076922
0.09012184615384615
0.05507446153846154
0.010222153846153844
-0.041514461538461535
-0.08949599999999999
-0.13726892307692307
-0.16981292307692308
-0.17377661538461536
-0.14018953846153845
-0.07802215384615384
-0.011056615384615385
0.052571076923076915
0.11098338461538461
0.16251138461538459
0.19693292307692306
0.20193969230769232
0.16897846153846155
0.11745046153846153
0.056951999999999996
-0.008136
-0.06884307692307692
-0.12934153846153845
-0.17648861538461538
-0.19296923076923078
-0.1635544615384615
-0.10514215384615383
-0.03504738461538461
0.04839876923076923
0.130176
0.1990190769230769
0.2355267692307692
0.24637476923076923
0.22634769230769228
0.16021661538461537
0.07405846153846153
-0.015854769230769228
-0.078648
-0.11849353846153846
-0.14164984615384615
-0.13226215384615383
-0.1045163076923077
-0.05090215384615384
0.021487384615384613
0.08782707692307692
0.14018953846153845
0.15291507692307693
0.13935507692307691
0.11599015384615384
0.08720123076923077
0.07468430769230769
0.04965046153846154
0.012934153846153845
-0.013560000000000001
-0.02858030769230769
-0.024408000000000003
-0.01668923076923077
-0.010013538461538461
0.0025033846153846152
0.022947692307692308
0.07531015384615385
0.14018953846153845
0.19004861538461537
0.20798953846153845
0.18629353846153843
0.1718990769230769
0.15792184615384616
0.132888
0.10347323076923076
0.05173661538461538
0.007510153846153846
-0.016897846153846156
-0.019192615384615384
0.0012516923076923076
0.014185846153846153
0.027328615384615382
0.042348923076923076
0.06258461538461538
0.09179076923076923
0.09846646153846153
0.06592246153846154
0.017940923076923077
-0.027120000000000002
-0.05862092307692307
-0.06633969230769231
-0.06404492307692307
-0.061750153846153844
-0.065088
-0.0448523076923077
0.0008344615384615384
0.053405538461538456
0.09971815384615385
0.10618523076923077
0.0892873846153846
0.05716061538461538
0.020652923076923076
-0.011682461538461537
-0.04693846153846153
-0.08740984615384616
-0.12767261538461538
-0.13872923076923074
-0.12350030769230769
-0.1028473846153846
-0.08448923076923077
-0.06028984615384615
-0.01668923076923077
0.03775938461538462
0.09033046153846153
0.12329169230769231
0.12329169230769231
0.09658892307692307
0.05090215384615384
0.0008344615384615384
-0.047981538461538464
-0.10222153846153846
-0.1543753846153846
-0.19046584615384615
-0.18775384615384613
-0.14519630769230768
-0.07948246153846153
-0.011473846153846154
0.04088861538461538
0.09325107692307691
0.13247076923076923
0.15646153846153846
0.16000799999999998
0.12558646153846154
0.08448923076923077
0.04547815384615384
0.02858030769230769
0.026911384615384615
0.015228923076923076
0.003963692307692307
-0.003755076923076923
0.008344615384615384
0.03024923076923077
0.05236246153846154
0.06926030769230769
0.059872615384615385
0.04902461538461538
0.041514461538461535
0.03400430769230769
0.04047138461538462
0.03671630769230769
0.03400430769230769
0.04401784615384615
0.05590892307692308
0.07468430769230769
0.07197230769230768
0.047772923076923074
0.014394461538461538
-0.03358707692307692
-0.06675692307692307
-0.09450276923076922
-0.12642092307692307
-0.14561353846153846
-0.15103753846153847
-0.11703323076923078
-0.05444861538461539
0.013351384615384614
0.07405846153846153
0.1178676923076923
0.157296
0.18545907692307692
0.19672430769230767
0.17628
0.11348676923076922
0.026494153846153844
-0.06216738461538462
-0.14394461538461537
-0.2075723076923077
-0.2478350769230769
-0.27558092307692306
-0.27412061538461535
-0.23448369230769228
-0.14957723076923077
-0.03859384615384615
0.05924676923076923
0.13309661538461537
0.17002153846153847
0.1777403076923077
0.15875630769230767
0.10055261538461538
0.003755076923076923
-0.11452984615384615
-0.22426153846153846
-0.2951907692307692
-0.3152178461538461
-0.29185292307692307
-0.23469230769230767
-0.157296
-0.05653476923076922
0.05236246153846154
0.14582215384615385
0.214248
0.24011630769230768
0.23364923076923078
0.2073636923076923
0.17544553846153846
0.13747753846153846
0.08615815384615384
0.03337846153846154
-0.010639384615384617
-0.02795446153846154
-0.018775384615384614
0.0029206153846153843
0.02858030769230769
0.056326153846153845
0.08052553846153847
0.10827138461538462
0.12204
0.10889723076923077
0.07906523076923076
0.02524246153846154
-0.04819015384615385
-0.1489513846153846
-0.24908676923076922
-0.3584012307692308
-0.39657784615384617
-0.32043323076923075
-0.1910916923076923
0.026076923076923077
0.24282830769230768
0.46896738461538456
0.6796689230769231
0.8246566153846154
0.8982978461538461
0.8058812307692308
0.6124947692307692
0.3385827692307692
0.02586830769230769
-0.2795446153846154
-0.5605495384615384
-0.7458
-0.8304978461538461
-0.7871058461538462
-0.6170843076923077
-0.36611999999999995
-0.06467076923076923
0.23218892307692307
0.4558246153846154
0.6001864615384616
0.629184
0.5476153846153846
0.39595199999999997
0.12579507692307693
-0.17398523076923075
-0.4424732307692308
-0.649211076923077
-0.7117956923076924
-0.672576
-0.5492843076923076
-0.37717661538461533
-0.2154996923076923
-0.03838523076923077
0.11682461538461539
0.19359507692307693
0.21842030769230766
0.19609846153846153
0.17982646153846152
0.18775384615384613
0.19150892307692308
0.19192615384615386
0.1422756923076923
0.08636676923076922
0.03504738461538461
-0.037967999999999995
-0.09992676923076924
-0.17377661538461536
-0.23177169230769232
-0.25534523076923077
-0.27474646153846155
-0.26076923076923075
-0.2374043076923077
-0.20819815384615384
-0.1356
-0.040679999999999994
0.0892873846153846
0.23969907692307693
0.39282276923076925
0.5282141538461538
0.5951796923076923
0.5720233846153846
0.4453938461538462
0.2426196923076923
-0.014185846153846153
-0.29748553846153847
-0.5388535384615384
-0.6923944615384616
-0.7220178461538461
-0.6164584615384615
-0.40679999999999994
-0.12350030769230769
0.19150892307692308
0.5008855384615384
0.7672873846153846
0.923748923076923
0.9596307692307692
0.8822344615384615
0.7124215384615384
0.4823187692307692
0.21466523076923077
-0.053614153846153846
-0.29456492307692306
-0.46896738461538456
-0.5551255384615384
-0.5507446153846154
-0.4650036923076923
-0.30666461538461537
-0.10096984615384616
0.12391753846153845
0.3206418461538461
0.46041415384615386
0.5424
0.5309261538461538
0.4387181538461538
0.2887236923076923
0.10952307692307692
-0.04839876923076923
-0.18650215384615382
-0.287472
-0.32502276923076917
-0.30833353846153844
-0.2330233846153846
-0.1368516923076923
-0.04568676923076923
0.030040615384615384
0.07238953846153846
0.10159569230769232
0.11974523076923077
0.12433476923076923
0.11494707692307692
0.10055261538461538
0.09679753846153846
0.1136953846153846
0.15792184615384616
0.20861538461538462
0.2330233846153846
0.22321846153846153
0.19693292307692306
0.15103753846153847
0.0826116923076923
-0.010013538461538461
-0.12433476923076923
-0.22175815384615383
-0.2837169230769231
-0.2997803076923077
-0.2624381538461539
-0.18879692307692306
-0.08094276923076923
0.050067692307692306
0.18337292307692307
0.30144923076923075
0.3809316923076923
0.40846892307692306
0.36549415384615386
0.26869661538461537
0.12579507692307693
-0.05236246153846154
-0.21654276923076923
-0.3669544615384615
-0.4729310769230769
-0.51528
-0.49045476923076925
-0.3707095384615384
-0.19338646153846153
0.005424
0.2056947692307692
0.3790541538461539
0.5100646153846153
0.571188923076923
0.5463636923076923
0.4478972307692307
0.2962338461538461
0.12934153846153845
-0.021070153846153846
-0.14477907692307693
-0.2275993846153846
-0.2626467692307692
-0.24908676923076922
-0.184416
-0.09596307692307693
-0.008970461538461538
0.05862092307692307
0.09512861538461538
0.10660246153846153
0.08907876923076924
0.04902461538461538
0.005632615384615384
-0.04547815384615384
-0.0936683076923077
-0.11452984615384615
-0.10994030769230768
-0.07426707692307692
-0.019192615384615384
0.05653476923076922
0.14206707692307693
0.19839323076923077
0.21967199999999998
0.19213476923076922
0.11140061538461538
0.0012516923076923076
-0.1218313846153846
-0.23010276923076922
-0.3039526153846154
-0.34275507692307694
-0.32085046153846153
-0.24053353846153847
-0.12391753846153845
0.012934153846153845
0.1397723076923077
0.23156307692307693
0.2620209230769231
0.23135446153846154
0.15333230769230768
0.042348923076923076
-0.08845292307692308
-0.22405292307692307
-0.3369138461538461
-0.40554830769230765
-0.40575692307692307
-0.3419206153846154
-0.24345415384615382
-0.12329169230769231
0.0016689230769230767
0.12308307692307692
0.22488738461538463
0.2828824615384615
0.279336
0.2205064615384615
0.132888
0.029206153846153847
-0.07697907692307693
-0.1706473846153846
-0.24637476923076923
-0.28246523076923075
-0.25951753846153847
-0.19192615384615386
-0.0897046153846154
0.023364923076923075
0.12287446153846153
0.2021483076923077
0.2426196923076923
0.25117292307692307
0.2207150769230769
0.14936861538461538
0.05444861538461539
-0.04672984615384615
-0.12558646153846154
-0.16772676923076923
-0.1710646153846154
-0.14832553846153845
-0.111192
-0.06633969230769231
-0.015020307692307692
0.037967999999999995
0.07969107692307692
0.08636676923076922
0.05027630769230769
-0.005424
-0.061124307692307686
-0.10660246153846153
-0.14102399999999998
-0.1656406153846154
-0.1693956923076923
-0.13706030769230768
-0.07405846153846153
0.013768615384615384
0.1028473846153846
0.16856123076923077
0.21466523076923077
0.23531815384615382
0.2288510769230769
0.19213476923076922
0.12454338461538461
0.04672984615384615
-0.021070153846153846
-0.065088
-0.07802215384615384
-0.06842584615384616
-0.03984553846153846
-0.0016689230769230767
0.045895384615384616
0.10347323076923076
0.14665661538461539
0.16856123076923077
0.15354092307692307
0.10681107692307691
0.05111076923076923
-0.010639384615384617
-0.06154153846153846
-0.0974233846153846
-0.11849353846153846
-0.11348676923076922
-0.08240307692307691
-0.02524246153846154
0.041514461538461535
0.08177723076923075
0.09784061538461537
0.09471138461538461
0.08657538461538461
0.08177723076923075
0.05444861538461539
0.021696
-0.021487384615384613
-0.06028984615384615
-0.07134646153846153
-0.07468430769230769
-0.06717415384615384
-0.06258461538461538
-0.05236246153846154
-0.017315076923076923
0.023364923076923075
0.06154153846153846
0.09304246153846155
0.09971815384615385
0.09575446153846154
0.07468430769230769
0.03671630769230769
-0.006049846153846154
-0.06926030769230769
-0.12120553846153845
-0.1558356923076923
-0.16042523076923076
-0.13372246153846154
-0.103056
-0.05528307692307692
-0.0025033846153846152
0.05194523076923077
0.103056
0.13914646153846155
0.15520984615384617
0.14665661538461539
0.12412615384615384
0.10326461538461539
0.08866153846153846
0.07489292307692308
0.05945538461538461
0.03358707692307692
0.009179076923076922
-0.008136
-0.019609846153846155
-0.025659692307692307
-0.04380923076923077
-0.06300184615384616
-0.06884307692307692
-0.050067692307692306
-0.0002086153846153846
0.05090215384615384
0.09930092307692308
0.14331876923076922
0.18232984615384615
0.21070153846153844
0.19881046153846152
0.15208061538461537
0.07656184615384615
-0.017940923076923077
-0.11140061538461538
-0.2008966153846154
-0.2712
-0.3077076923076923
-0.3116713846153846
-0.2655673846153846
-0.17419384615384614
-0.04985907692307692
0.09241661538461539
0.2221753846153846
0.33378461538461535
0.4174393846153846
0.4660467692307692
0.4641692307692307
0.409512
0.3062473846153846
0.16271999999999998
0.008970461538461538
-0.13267938461538462
-0.24282830769230768
-0.3179298461538461
-0.3565236923076923
-0.33649661538461534
-0.2517987692307692
-0.1178676923076923
0.04172307692307692
0.20632061538461538
0.35256
0.44998338461538456
0.49274953846153846
0.4812756923076923
0.39928984615384616
0.24345415384615382
0.05048492307692308
-0.13998092307692306
-0.30019753846153846
-0.4159790769230769
-0.4750172307692308
-0.469176
-0.4078430769230769
-0.292896
-0.13622584615384614
0.03859384615384615
0.20402584615384614
0.3350363076923077
0.4216116923076923
0.4647950769230769
0.452904
0.3815575384615385
0.26619323076923074
0.12120553846153845
-0.015854769230769228
-0.13789476923076924
-0.24428861538461538
-0.3060387692307692
-0.33002953846153843
-0.30583015384615386
-0.22488738461538463
-0.10493353846153847
0.041514461538461535
0.17732307692307692
0.29331323076923077
0.38072307692307694
0.4205686153846153
0.4193169230769231
0.3682061538461538
0.27975323076923075
0.16647507692307692
0.03588184615384615
-0.08344615384615384
-0.18963138461538462
-0.2734947692307692
-0.3285692307692308
-0.36632861538461536
-0.36299076923076923
-0.31000246153846156
-0.22864246153846152
-0.12433476923076923
-0.016897846153846156
0.08991323076923076
0.20047938461538461
0.287472
0.3369138461538461
0.3379569230769231
0.28392553846153845
0.18629353846153843
0.07009476923076922
-0.03483876923076923
-0.12996738461538462
-0.208824
-0.24992123076923078
-0.24449723076923074
-0.18796246153846152
-0.10201292307692307
-0.006049846153846154
0.09658892307692307
0.1867107692307692
0.26306399999999996
0.32001599999999997
0.34651015384615386
0.32836061538461536
0.254928
0.1502030769230769
0.03275261538461539
-0.08574092307692306
-0.19046584615384615
-0.2716172307692308
-0.3156350769230769
-0.3049956923076923
-0.23886461538461537
-0.1314276923076923
-0.01397723076923077
0.09825784615384614
0.18232984615384615
0.23177169230769232
0.2582658461538461
0.23656984615384613
0.18399876923076922
0.09074769230769231
-0.024408000000000003
-0.1356
-0.254928
-0.3252313846153846
-0.34943076923076927
-0.32898646153846156
-0.25513661538461535
-0.14978584615384616
-0.012516923076923077
0.1476996923076923
0.3198073846153846
0.4391353846153846
0.48816
0.43642338461538455
0.3049956923076923
0.12850707692307692
-0.06759138461538462
-0.22780799999999998
-0.46354338461538463
-0.6333563076923077
-0.7076233846153847
-0.7136732307692307
-0.5572116923076923
-0.3832264615384615
-0.15687876923076924
0.056326153846153845
0.2643156923076923
0.49358399999999997
0.6072793846153846
0.6483766153846154
0.5340553846153846
0.32982092307692307
0.12975876923076923
-0.09763200000000001
-0.24658338461538462
-0.3896935384615384
-0.5008855384615384
-0.5077698461538461
-0.49087200000000003
-0.37029230769230764
-0.20381723076923075
-0.03483876923076923
0.17002153846153847
0.28246523076923075
0.37258707692307685
0.4508178461538461
0.45624184615384616
0.4485230769230769
0.35986153846153845
0.23406646153846156
0.09992676923076924
-0.05090215384615384
-0.143736
-0.23239753846153846
-0.31041969230769234
-0.34984799999999994
-0.35694092307692304
-0.28163076923076924
-0.17586276923076924
-0.06654830769230768
0.04839876923076923
0.13455692307692307
0.238656
0.3377483076923077
0.4030449230769231
0.4558246153846154
0.45791076923076923
0.42182030769230766
0.35798399999999997
0.2426196923076923
0.1097316923076923
-0.053405538461538456
-0.2236356923076923
-0.3567323076923076
-0.4606227692307692
-0.4825273846153846
-0.4309993846153846
-0.31626092307692305
-0.14665661538461539
0.032544
0.22300984615384614
0.3861470769230769
0.5063095384615385
0.5555427692307692
0.4946270769230769
0.37780246153846153
0.20632061538461538
-0.0008344615384615384
-0.18545907692307692
-0.3508910769230769
-0.4783550769230769
-0.5480326153846153
-0.551579076923077
-0.47689476923076923
-0.3513083076923077
-0.18525046153846153
0.005424
0.1792006153846154
0.3202246153846154
0.4080516923076923
0.441012923076923
0.40679999999999994
0.30186646153846153
0.14853415384615384
-0.03275261538461539
-0.19505538461538463
-0.3016578461538461
-0.35318584615384613
-0.3456756923076923
-0.2912270769230769
-0.20423446153846153
-0.07259815384615384
0.04860738461538461
0.13601723076923075
0.19609846153846153
0.20277415384615383
0.18525046153846153
0.13998092307692306
0.07656184615384615
0.02315630769230769
-0.02858030769230769
-0.05236246153846154
-0.06383630769230769
-0.06717415384615384
-0.06133292307692308
-0.06195876923076923
-0.0446436923076923
-0.030040615384615384
-0.016480615384615385
-0.008136
-0.02023569230769231
-0.021278769230769233
-0.02357353846153846
-0.021278769230769233
-0.0025033846153846152
0.009804923076923077
0.035464615384615386
0.07155507692307693
0.10263876923076923
0.13372246153846154
0.13643446153846153
0.1151556923076923
0.08344615384615384
0.042348923076923076
-0.0077187692307692304
-0.06863446153846153
-0.12996738461538462
-0.18483323076923078
-0.22175815384615383
-0.22300984615384614
-0.18921415384615384
-0.11953661538461538
-0.02795446153846154
0.051319384615384614
0.1205796923076923
0.17523692307692307
0.2127876923076923
0.22676492307692306
0.1873366153846154
0.11035753846153845
0.015646153846153844
-0.07948246153846153
-0.13706030769230768
-0.17315076923076922
-0.18983999999999998
-0.1718990769230769
-0.12454338461538461
-0.03713353846153846
0.05820369230769231
0.13455692307692307
0.1860849230769231
0.19755876923076923
0.19171753846153847
0.165432
0.11536430769230768
0.061124307692307686
-0.0035464615384615383
-0.04985907692307692
-0.073224
-0.06905169230769231
-0.03421292307692308
0.0029206153846153843
0.0446436923076923
0.07614461538461538
0.09450276923076922
0.10806276923076923
0.10055261538461538
0.07572738461538461
0.016480615384615385
-0.05611753846153846
-0.10597661538461538
-0.13726892307692307
-0.13351384615384615
-0.11849353846153846
-0.0880356923076923
-0.02795446153846154
0.05111076923076923
0.1462393846153846
0.21925476923076925
0.2497126153846154
0.24512307692307692
0.21508246153846153
0.17169046153846151
0.11494707692307692
0.031709538461538456
-0.053614153846153846
-0.10952307692307692
-0.13205353846153844
-0.10764553846153846
-0.06300184615384616
-0.005841230769230769
0.06321046153846153
0.12245723076923076
0.17711446153846155
0.20339999999999997
0.20402584615384614
0.17023015384615386
0.1028473846153846
0.03024923076923077
-0.03692492307692308
-0.07927384615384615
-0.10222153846153846
-0.10180430769230768
-0.07656184615384615
-0.035255999999999996
0.015854769230769228
0.07238953846153846
0.11327815384615383
0.12621230769230768
0.11578153846153846
0.08907876923076924
0.06216738461538462
0.023782153846153845
-0.020027076923076922
-0.04985907692307692
-0.054657230769230764
-0.03421292307692308
0.005215384615384615
0.051528
0.08761846153846153
0.12412615384615384
0.14749107692307692
0.1476996923076923
0.130176
0.078648
0.010013538461538461
-0.054657230769230764
-0.10952307692307692
-0.15270646153846154
-0.18107815384615383
-0.18858830769230767
-0.165432
-0.09867507692307692
-0.005424
0.09554584615384615
0.19046584615384615
0.2563883076923077
0.29498215384615384
0.2997803076923077
0.2651501538461538
0.20027076923076922
0.09825784615384614
-0.021696
-0.12850707692307692
-0.20506892307692307
-0.23886461538461537
-0.22405292307692307
-0.17481969230769231
-0.10159569230769232
0.004589538461538461
0.12996738461538462
0.2509643076923077
0.3379569230769231
0.3675803076923077
0.3490135384615385
0.2970683076923077
0.2194633846153846
0.12829846153846153
0.026076923076923077
-0.07635323076923077
-0.15500123076923078
-0.20444307692307692
-0.2125790769230769
-0.19171753846153847
-0.15625292307692307
-0.10764553846153846
-0.050067692307692306
0.012934153846153845
0.05507446153846154
0.07697907692307693
0.07280676923076923
0.054240000000000003
0.031918153846153846
0.0014603076923076922
-0.02315630769230769
-0.054657230769230764
-0.08866153846153846
-0.1207883076923077
-0.12704676923076924
-0.10493353846153847
-0.07572738461538461
-0.03880246153846154
-0.011056615384615385
0.015646153846153844
0.03629907692307692
0.052571076923076915
0.06675692307692307
0.05653476923076922
0.03984553846153846
0.03275261538461539
0.04047138461538462
0.06425353846153846
0.08156861538461539
0.09074769230769231
0.09700615384615385
0.09596307692307693
0.09700615384615385
0.07739630769230768
0.037342153846153844
-0.011265230769230769
-0.06195876923076923
-0.08782707692307692
-0.09784061538461537
-0.09512861538461538
-0.07969107692307692
-0.06216738461538462
-0.028163076923076923
0.02211323076923077
0.065088
0.10013538461538461
0.1097316923076923
0.10263876923076923
0.10096984615384616
0.09137353846153846
0.07405846153846153
0.03921969230769231
-0.0014603076923076922
-0.037342153846153844
-0.07739630769230768
-0.09804923076923076
-0.0961716923076923
-0.08594953846153845
-0.06717415384615384
-0.041514461538461535
0.006675692307692307
0.06654830769230768
0.11557292307692307
0.15124615384615384
0.16063384615384615
0.14936861538461538
0.12558646153846154
0.084072
0.019609846153846155
-0.06279323076923077
-0.14436184615384615
-0.21007569230769232
-0.24449723076923074
-0.2503384615384615
-0.23844738461538462
-0.21091015384615383
-0.16647507692307692
-0.09930092307692308
-0.017940923076923077
0.05757784615384615
0.11745046153846153
0.15562707692307692
0.1775316923076923
0.18525046153846153
0.17648861538461538
0.14749107692307692
0.09971815384615385
0.050067692307692306
0.006675692307692307
-0.02086153846153846
-0.03942830769230769
-0.054240000000000003
-0.06633969230769231
-0.07593599999999999
-0.06341907692307691
-0.03129230769230769
0.0050067692307692304
0.031709538461538456
0.04714707692307692
0.053614153846153846
0.05757784615384615
0.06800861538461538
0.078648
0.07656184615384615
0.06195876923076923
0.04839876923076923
0.03775938461538462
0.026702769230769228
0.008761846153846153
-0.018775384615384614
-0.059872615384615385
-0.09930092307692308
-0.12245723076923076
-0.1422756923076923
-0.14665661538461539
-0.1368516923076923
-0.10514215384615383
-0.04568676923076923
0.03129230769230769
0.11223507692307692
0.17085599999999998
0.2138307692307692
0.22968553846153844
0.22467876923076924
0.19964492307692308
0.1422756923076923
0.06425353846153846
-0.030040615384615384
-0.11682461538461539
-0.18900553846153845
-0.23886461538461537
-0.25764
-0.2436627692307692
-0.19317784615384614
-0.11140061538461538
-0.011056615384615385
0.08782707692307692
0.1612596923076923
0.20298276923076922
0.21028430769230766
0.1867107692307692
0.1368516923076923
0.06487938461538462
-0.02273907692307692
-0.11494707692307692
-0.1883796923076923
-0.23281476923076924
-0.2436627692307692
-0.2330233846153846
-0.20861538461538462
-0.1706473846153846
-0.116616
-0.04547815384615384
0.02753723076923077
0.08490646153846154
0.12037107692307693
0.13852061538461538
0.14290153846153844
0.14728246153846153
0.14331876923076922
0.12245723076923076
0.10180430769230768
0.07343261538461537
0.05403138461538461
0.04631261538461538
0.030040615384615384
0.014185846153846153
-0.014394461538461538
-0.03963692307692308
-0.042974769230769226
-0.03337846153846154
-0.020652923076923076
-0.010848
-0.017523692307692306
-0.03275261538461539
-0.04714707692307692
-0.07343261538461537
-0.10326461538461539
-0.15917353846153848
-0.21028430769230766
-0.23844738461538462
-0.2138307692307692
-0.09846646153846153
0.11452984615384615
0.32543999999999995
0.5042233846153846
0.7234781538461538
0.8899532307692308
1.0268049230769232
1.0217981538461538
0.836964923076923
0.5146541538461539
0.05570030769230769
-0.38301784615384615
-0.8496904615384615
-1.2487716923076924
-1.5347833846153844
-1.6660024615384617
-1.485758769230769
-1.1033667692307692
-0.509856
0.16271999999999998
0.7879403076923077
1.361424
1.7137753846153845
1.8412393846153845
1.6872812307692306
1.2293704615384615
0.6095741538461538
-0.13309661538461537
-0.8540713846153847
-1.4110744615384614
-1.7968043076923077
-1.9107083076923077
-1.7792806153846155
-1.430892923076923
-0.8728467692307691
-0.23656984615384613
0.45603323076923075
1.0795846153846154
1.5237267692307692
1.7830356923076924
1.8059833846153848
1.6322067692307691
1.269841846153846
0.7380812307692307
0.15667015384615385
-0.4337113846153846
-0.9308418461538461
-1.2700504615384614
-1.467192
-1.4669833846153846
-1.3015513846153846
-0.9794492307692308
-0.5346812307692307
-0.06717415384615384
0.39219692307692305
0.7962849230769231
1.1137975384615384
1.337641846153846
1.4215052307692309
1.3501587692307693
1.1348676923076924
0.7979538461538461
0.38531261538461536
-0.08386338461538462
-0.5628443076923076
-1.001353846153846
-1.3534966153846153
-1.5473003076923078
-1.5777581538461538
-1.4187932307692308
-1.0687366153846154
-0.5837058461538461
0.03108369230769231
0.6823809230769231
1.280689846153846
1.7602966153846151
2.0154332307692306
2.025238153846154
1.7650947692307692
1.2731796923076923
0.6458732307692308
-0.06425353846153846
-0.7672873846153846
-1.3945938461538463
-1.8495840000000001
-2.0531926153846154
-2.003750769230769
-1.693956923076923
-1.1788855384615384
-0.5148627692307692
0.2497126153846154
0.9998935384615384
1.6338756923076923
2.045891076923077
2.157083076923077
1.977048
1.536660923076923
0.9089372307692307
0.1873366153846154
-0.5505359999999999
-1.2003729230769231
-1.6814399999999998
-1.9428350769230769
-1.9457556923076924
-1.7060566153846153
-1.2625403076923076
-0.6867618461538461
-0.05236246153846154
0.5661821538461538
1.0804190769230768
1.4409064615384615
1.605504
1.5664929230769231
1.3453606153846154
0.9738166153846153
0.5119421538461538
0.021278769230769233
-0.44748
-0.8348787692307692
-1.1033667692307692
-1.238340923076923
-1.2210258461538461
-1.0718658461538462
-0.823404923076923
-0.5035975384615384
-0.1368516923076923
0.249504
0.6099913846153846
0.8926652307692308
1.0681107692307692
1.123811076923077
1.0649815384615384
0.905808
0.6529661538461539
0.3448412307692308
0.011265230769230769
-0.3127144615384615
-0.5991433846153846
-0.8336270769230769
-0.9823698461538461
-1.0409907692307692
-0.986124923076923
-0.8133913846153846
-0.5649304615384615
-0.24866953846153847
0.10806276923076923
0.47877230769230766
0.8267427692307692
1.0829224615384616
1.2162276923076922
1.2066313846153844
1.0505870769230767
0.7823076923076923
0.43704923076923075
0.04214030769230769
-0.35276861538461535
-0.6930203076923077
-0.9287556923076923
-1.0330633846153845
-0.9967643076923076
-0.824448
-0.5572116923076923
-0.22801661538461537
0.11703323076923078
0.44810584615384613
0.7291107692307691
0.9089372307692307
0.9744424615384616
0.9154043076923076
0.7541446153846154
0.5363501538461538
0.2862203076923077
0.026076923076923077
-0.21445661538461538
-0.39344861538461534
-0.47606030769230767
-0.4729310769230769
-0.4026276923076923
-0.30061476923076924
-0.18754523076923074
-0.06675692307692307
0.04401784615384615
0.15208061538461537
0.22718215384615387
0.24866953846153847
0.2411593846153846
0.22697353846153845
0.21737723076923077
0.21174461538461536
0.20027076923076922
0.17273353846153844
0.1316363076923077
0.08073415384615384
0.029206153846153847
-0.037342153846153844
-0.12350030769230769
-0.2157083076923077
-0.3049956923076923
-0.36382523076923073
-0.3786369230769231
-0.3452584615384615
-0.28017046153846153
-0.18858830769230767
-0.06279323076923077
0.08907876923076924
0.2632726153846154
0.42244615384615386
0.5236246153846154
0.5572116923076923
0.5092301538461538
0.39115384615384613
0.22634769230769228
0.016897846153846156
-0.20402584615384614
-0.4170221538461538
-0.5789076923076923
-0.6396147692307692
-0.6147895384615384
-0.5092301538461538
-0.34963938461538463
-0.15354092307692307
0.073224
0.2868461538461538
0.44748
0.5238332307692307
0.5054750769230769
0.4072172307692307
0.2503384615384615
0.06884307692307692
-0.1178676923076923
-0.2970683076923077
-0.4303735384615384
-0.5144455384615384
-0.5403138461538461
-0.5061009230769231
-0.4416387692307692
-0.35047384615384614
-0.2399076923076923
-0.12391753846153845
-0.010639384615384617
0.08574092307692306
0.14999446153846155
0.18900553846153845
0.19964492307692308
0.1942209230769231
0.1860849230769231
0.16292861538461537
0.12704676923076924
0.06613107692307692
0.002086153846153846
-0.05611753846153846
-0.10994030769230768
-0.14164984615384615
-0.1733593846153846
-0.18650215384615382
-0.17169046153846151
-0.12120553846153845
-0.030875076923076922
0.06884307692307692
0.17231630769230769
0.2659846153846154
0.3473446153846154
0.4076344615384615
0.43058215384615384
0.40679999999999994
0.32898646153846156
0.19881046153846152
0.042974769230769226
-0.111192
-0.24908676923076922
-0.36382523076923073
-0.44268184615384615
-0.45206953846153847
-0.3917796923076923
-0.2695310769230769
-0.10117846153846152
0.07843938461538462
0.2480436923076923
0.3611132307692308
0.4120153846153846
0.40450523076923073
0.317304
0.18483323076923078
0.01940123076923077
-0.13706030769230768
-0.24992123076923078
-0.3275261538461538
-0.344424
-0.31229723076923077
-0.2330233846153846
-0.10952307692307692
0.026494153846153844
0.1656406153846154
0.2730775384615384
0.33566215384615383
0.3642424615384615
0.3425464615384616
0.2807963076923077
0.18253846153846154
0.05799507692307692
-0.06300184615384616
-0.1656406153846154
-0.2209236923076923
-0.23510953846153848
-0.2194633846153846
-0.15792184615384616
-0.07259815384615384
0.026285538461538457
0.14018953846153845
0.23823876923076923
0.3039526153846154
0.3137575384615385
0.2632726153846154
0.1775316923076923
0.05778646153846154
-0.07551876923076924
-0.20632061538461538
-0.3068732307692308
-0.35318584615384613
-0.3538116923076923
-0.29456492307692306
-0.19296923076923078
-0.06926030769230769
0.065088
0.1775316923076923
0.2626467692307692
0.30332676923076923
0.28163076923076924
0.21091015384615383
0.10681107692307691
-0.006675692307692307
-0.11286092307692308
-0.20819815384615384
-0.2730775384615384
-0.3035353846153846
-0.2962338461538461
-0.23907323076923076
-0.1489513846153846
-0.038176615384615385
0.06967753846153846
0.17148184615384612
0.2724516923076923
0.3419206153846154
0.36945784615384614
0.3510996923076923
0.29101846153846156
0.20798953846153845
0.11599015384615384
0.02795446153846154
-0.05277969230769231
-0.12913292307692306
-0.19067446153846154
-0.23072861538461537
-0.24512307692307692
-0.2369870769230769
-0.21487384615384614
-0.17377661538461536
-0.11974523076923077
-0.050067692307692306
0.02545107692307692
0.09074769230769231
0.14039815384615384
0.16459753846153846
0.17169046153846151
0.16188553846153847
0.12788123076923075
0.07092923076923077
-0.012099692307692308
-0.11035753846153845
-0.20423446153846153
-0.2791273846153846
-0.3252313846153846
-0.3456756923076923
-0.33524492307692305
-0.2899753846153846
-0.21153599999999997
-0.09992676923076924
0.02858030769230769
0.15562707692307692
0.2632726153846154
0.33983446153846153
0.38030584615384616
0.37655076923076924
0.32272799999999996
0.21925476923076925
0.08198584615384615
-0.053405538461538456
-0.1652233846153846
-0.24449723076923074
-0.2730775384615384
-0.2540935384615385
-0.1881710769230769
-0.0853236923076923
0.040679999999999994
0.16772676923076923
0.2647329230769231
0.32627446153846157
0.347136
0.3312812307692308
0.2872633846153846
0.21779446153846155
0.1316363076923077
0.0448523076923077
-0.028371692307692306
-0.07238953846153846
-0.09074769230769231
-0.08866153846153846
-0.07134646153846153
-0.05653476923076922
-0.03901107692307692
-0.018358153846153843
-0.003963692307692307
0.005841230769230769
-0.0006258461538461538
-0.007927384615384614
0.006675692307692307
0.029206153846153847
0.065088
0.11056615384615384
0.16188553846153847
0.21487384615384614
0.24908676923076922
0.2655673846153846
0.2497126153846154
0.1990190769230769
0.12412615384615384
0.030040615384615384
-0.053614153846153846
-0.11870215384615385
-0.16084246153846155
-0.1802436923076923
-0.17440246153846153
-0.1287156923076923
-0.05069353846153846
0.055491692307692304
0.16313723076923078
0.25388492307692306
0.31751261538461534
0.3483876923076923
0.33899999999999997
0.2737033846153846
0.16856123076923077
0.02899753846153846
-0.10681107692307691
-0.22154953846153846
-0.3008233846153846
-0.3304467692307692
-0.306456
-0.23114584615384615
-0.12496061538461539
0.0008344615384615384
0.0936683076923077
0.1718990769230769
0.21216184615384615
0.20819815384615384
0.18379015384615385
0.11745046153846153
0.03984553846153846
-0.03692492307692308
-0.09137353846153846
-0.0826116923076923
-0.0014603076923076922
-0.0008344615384615384
-0.052153846153846155
-0.04318338461538461
-0.06008123076923077
0.03421292307692308
0.07280676923076923
-0.06467076923076923
-0.1397723076923077
-0.23072861538461537
-0.18379015384615385
-0.09137353846153846
-0.0771876923076923
-0.04819015384615385
-0.06383630769230769
0.06863446153846153
0.21341353846153846
0.30854215384615385
0.3314898461538462
0.1829556923076923
0.10138707692307691
0.0014603076923076922
-0.08010830769230769
-0.10326461538461539
-0.22989415384615383
-0.24762646153846155
-0.2426196923076923
-0.2125790769230769
-0.021278769230769233
0.09512861538461538
0.23803015384615384
0.35151692307692306
0.3079163076923077
0.30749907692307693
0.24992123076923078
0.18316430769230768
0.12662953846153846
-0.04130584615384615
-0.17377661538461536
-0.268488
-0.2701569230769231
-0.1846246153846154
-0.1435273846153846
-0.09784061538461537
-0.05298830769230769
0.04526953846153846
0.19588984615384614
0.25555384615384613
0.2730775384615384
0.23239753846153846
0.15124615384615384
0.14665661538461539
0.10639384615384614
0.05924676923076923
0.019609846153846155
-0.05444861538461539
-0.042348923076923076
-0.008344615384615384
0.010013538461538461
0.04756430769230769
0.042974769230769226
0.051319384615384614
0.07906523076923076
0.08448923076923077
0.09325107692307691
0.09241661538461539
0.08448923076923077
0.0446436923076923
0.028788923076923077
0.05111076923076923
0.054657230769230764
0.08115138461538463
0.06550523076923077
0.023364923076923075
0.014185846153846153
-0.029414769230769227
-0.06341907692307691
-0.10952307692307692
-0.19568123076923075
-0.23260615384615385
-0.2517987692307692
-0.23052
-0.17252492307692308
-0.13205353846153844
-0.03713353846153846
0.06070707692307692
0.11411261538461538
0.12496061538461539
0.086784
0.065088
0.016063384615384615
-0.05716061538461538
-0.1289243076923077
-0.20694646153846152
-0.21028430769230766
-0.18128676923076922
-0.14582215384615385
-0.052153846153846155
0.027745846153846152
0.11724184615384614
0.21070153846153844
0.23969907692307693
0.2689052307692308
0.2509643076923077
0.18316430769230768
0.11494707692307692
0.008761846153846153
-0.10597661538461538
-0.20527753846153846
-0.2572227692307692
-0.2626467692307692
-0.2532590769230769
-0.20548615384615385
-0.1476996923076923
-0.061750153846153844
0.05382276923076923
0.13789476923076924
0.2073636923076923
0.21299630769230768
0.16772676923076923
0.13121907692307694
0.061750153846153844
-0.016063384615384615
-0.0974233846153846
-0.20256553846153844
-0.24720923076923076
-0.2292683076923077
-0.18858830769230767
-0.11828492307692307
-0.05382276923076923
0.026076923076923077
0.11473846153846154
0.1829556923076923
0.23510953846153848
0.23782153846153845
0.19797599999999999
0.13810338461538463
0.07739630769230768
0.04693846153846153
0.021904615384615383
0.006049846153846154
-0.0004172307692307692
-0.026076923076923077
-0.029832
-0.02273907692307692
-0.006258461538461538
0.019192615384615384
-0.01043076923076923
-0.03379569230769231
-0.024199384615384616
-0.002712
0.04214030769230769
0.04735569230769231
0.02023569230769231
-0.010222153846153844
-0.03337846153846154
-0.031709538461538456
-0.03567323076923076
-0.05048492307692308
-0.0771876923076923
-0.10368184615384615
-0.09095630769230768
-0.06633969230769231
-0.043392
-0.01981846153846154
-0.014185846153846153
0.004589538461538461
0.018775384615384614
0.02044430769230769
0.02795446153846154
0.008344615384615384
-0.012934153846153845
-0.026076923076923077
-0.03629907692307692
-0.021278769230769233
-0.01981846153846154
-0.03024923076923077
-0.03880246153846154
-0.042974769230769226
-0.024199384615384616
-0.0035464615384615383
0.017315076923076923
0.021696
0.018775384615384614
0.02482523076923077
0.038176615384615385
0.06321046153846153
0.06279323076923077
0.051319384615384614
0.04902461538461538
0.040262769230769234
0.03692492307692308
0.019609846153846155
-0.01940123076923077
-0.037342153846153844
-0.035464615384615386
-0.008970461538461538
0.03838523076923077
0.08073415384615384
0.12391753846153845
0.1504116923076923
0.1804523076923077
0.20423446153846153
0.19547261538461536
0.1718990769230769
0.1136953846153846
0.05403138461538461
0.006049846153846154
-0.03567323076923076
-0.04819015384615385
-0.04839876923076923
-0.021696
0.03379569230769231
0.07927384615384615
0.12955015384615384
0.17169046153846151
0.18983999999999998
0.20694646153846152
0.18629353846153843
0.14603076923076924
0.09825784615384614
0.019609846153846155
-0.04735569230769231
-0.10722830769230769
-0.14853415384615384
-0.16209415384615386
-0.1800350769230769
-0.17628
-0.15833907692307692
-0.12224861538461537
-0.05590892307692308
-0.0033378461538461535
0.03984553846153846
0.07635323076923077
0.09700615384615385
0.12204
0.12496061538461539
0.09512861538461538
0.04631261538461538
-0.021070153846153846
-0.05528307692307692
-0.06195876923076923
-0.04902461538461538
-0.019609846153846155
-0.008344615384615384
0.01043076923076923
0.033169846153846154
0.06195876923076923
0.084072
0.08323753846153846
0.07405846153846153
0.05611753846153846
0.038176615384615385
0.017315076923076923
-0.015020307692307692
-0.049233230769230765
-0.07426707692307692
-0.08887015384615385
-0.07781353846153846
-0.06279323076923077
-0.050067692307692306
-0.022530461538461537
-0.0029206153846153843
0.025033846153846153
0.05444861538461539
0.08031692307692308
0.10868861538461538
0.10576799999999999
0.08907876923076924
0.06759138461538462
0.042348923076923076
0.02211323076923077
-0.006467076923076923
-0.03024923076923077
-0.03129230769230769
-0.010222153846153844
0.02899753846153846
0.07426707692307692
0.10848000000000001
0.13184492307692308
0.14311015384615386
0.14102399999999998
0.12537784615384615
0.078648
0.005215384615384615
-0.06696553846153847
-0.12141415384615384
-0.14185846153846154
-0.13601723076923075
-0.12621230769230768
-0.10096984615384616
-0.065088
-0.027745846153846152
0.019609846153846155
0.06133292307692308
0.08949599999999999
0.10722830769230769
0.10576799999999999
0.09825784615384614
0.07551876923076924
0.03421292307692308
-0.0006258461538461538
-0.031709538461538456
-0.037967999999999995
-0.022947692307692308
-0.0008344615384615384
0.029206153846153847
0.05298830769230769
0.08198584615384615
0.11327815384615383
0.13497415384615385
0.1422756923076923
0.12120553846153845
0.07802215384615384
0.02795446153846154
-0.02232184615384615
-0.06133292307692308
-0.09825784615384614
-0.12850707692307692
-0.12767261538461538
-0.10347323076923076
-0.05716061538461538
-0.0016689230769230767
0.040262769230769234
0.07113784615384615
0.08177723076923075
0.07301538461538462
0.05444861538461539
0.018358153846153843
-0.026285538461538457
-0.06675692307692307
-0.09199938461538461
-0.09283384615384616
-0.06633969230769231
-0.021696
0.025033846153846153
0.07906523076923076
0.13434830769230768
0.1800350769230769
0.21028430769230766
0.20715507692307691
0.1792006153846154
0.14311015384615386
0.09992676923076924
0.059872615384615385
0.023990769230769232
-0.008136
-0.03400430769230769
-0.047772923076923074
-0.03066646153846154
0.009596307692307692
0.040054153846153843
0.045895384615384616
0.044435076923076924
0.03337846153846154
0.01397723076923077
-0.006884307692307692
-0.040262769230769234
-0.07113784615384615
-0.09471138461538461
-0.10535076923076922
-0.09095630769230768
-0.06988615384615385
-0.052153846153846155
-0.03901107692307692
-0.03108369230769231
-0.017940923076923077
-0.01043076923076923
-0.022947692307692308
-0.047772923076923074
-0.07802215384615384
-0.111192
-0.12537784615384615
-0.1151556923076923
-0.09387692307692307
-0.056951999999999996
-0.011891076923076923
0.03921969230769231
0.09575446153846154
0.1476996923076923
0.1802436923076923
0.17711446153846155
0.14102399999999998
0.08866153846153846
0.03400430769230769
-0.028163076923076923
-0.09325107692307691
-0.14561353846153846
-0.1794092307692308
-0.1846246153846154
-0.15646153846153846
-0.11286092307692308
-0.05924676923076923
-0.0012516923076923076
0.051319384615384614
0.10222153846153846
0.13476553846153844
0.13205353846153844
0.111192
0.07468430769230769
0.03421292307692308
0.015228923076923076
-0.0008344615384615384
-0.020027076923076922
-0.03442153846153846
-0.03400430769230769
-0.017940923076923077
0.010848
0.04672984615384615
0.06863446153846153
0.07030338461538461
0.06028984615384615
0.05820369230769231
0.062376
0.06487938461538462
0.06341907692307691
0.058412307692307694
0.06133292307692308
0.07009476923076922
0.07760492307692309
0.07280676923076923
0.05027630769230769
0.01710646153846154
-0.019192615384615384
-0.04860738461538461
-0.07405846153846153
-0.10597661538461538
-0.13914646153846155
-0.1597993846153846
-0.15562707692307692
-0.12558646153846154
-0.08636676923076922
-0.04109723076923077
0.003129230769230769
0.03838523076923077
0.07781353846153846
0.10785415384615385
0.11348676923076922
0.0936683076923077
0.054240000000000003
0.008761846153846153
-0.03129230769230769
-0.06696553846153847
-0.10055261538461538
-0.116616
-0.116616
-0.10076123076923077
-0.07405846153846153
-0.04902461538461538
-0.04193169230769231
-0.05090215384615384
-0.026076923076923077
0.03233538461538461
0.11160923076923077
0.20423446153846153
0.2659846153846154
0.32231076923076923
0.35923569230769226
0.36382523076923073
0.32543999999999995
0.19463815384615382
0.037967999999999995
-0.13622584615384614
-0.24595753846153845
-0.34338092307692303
-0.4460196923076923
-0.44622830769230765
-0.43287692307692305
-0.30144923076923075
-0.12099692307692309
0.05507446153846154
0.2371956923076923
0.3304467692307692
0.4282873846153846
0.44309907692307693
0.3815575384615385
0.2837169230769231
0.10263876923076923
-0.05757784615384615
-0.2225926153846154
-0.3319070769230769
-0.3521427692307692
-0.3452584615384615
-0.2478350769230769
-0.13309661538461537
-0.015646153846153844
0.12141415384615384
0.20652923076923077
0.29227015384615385
0.30749907692307693
0.2369870769230769
0.1800350769230769
0.09679753846153846
0.055491692307692304
0.028788923076923077
-0.029832
-0.06425353846153846
-0.11432123076923076
-0.12454338461538461
-0.10430769230769231
-0.10639384615384614
-0.10326461538461539
-0.10868861538461538
-0.0771876923076923
-0.027328615384615382
-0.0016689230769230767
0.016480615384615385
0.003755076923076923
0.010013538461538461
0.04401784615384615
0.078648
0.13726892307692307
0.1777403076923077
0.1992276923076923
0.2238443076923077
0.2056947692307692
0.16793538461538463
0.10660246153846153
-0.002086153846153846
-0.09930092307692308
-0.18650215384615382
-0.23198030769230768
-0.21341353846153846
-0.15604430769230768
-0.05653476923076922
0.040679999999999994
0.14603076923076924
0.24178523076923078
0.2914356923076923
0.2979027692307692
0.22822523076923076
0.1287156923076923
0.03859384615384615
-0.0448523076923077
-0.08866153846153846
-0.1205796923076923
-0.14415323076923076
-0.13247076923076923
-0.10994030769230768
-0.053614153846153846
0.011891076923076923
0.050067692307692306
0.09596307692307693
0.127464
0.15124615384615384
0.17085599999999998
0.16835261538461538
0.16188553846153847
0.13643446153846153
0.10827138461538462
0.08699261538461538
0.061124307692307686
0.05653476923076922
0.0446436923076923
0.044435076923076924
0.07134646153846153
0.08052553846153847
0.1045163076923077
0.09721476923076922
0.04735569230769231
-0.0035464615384615383
-0.08177723076923075
-0.13247076923076923
-0.16459753846153846
-0.19588984615384614
-0.1881710769230769
-0.16105107692307694
-0.09721476923076922
-0.007301538461538462
0.0771876923076923
0.15354092307692307
0.1910916923076923
0.1992276923076923
0.1869193846153846
0.14269292307692305
0.07739630769230768
-0.01981846153846154
-0.11703323076923078
-0.18191261538461537
-0.21132738461538458
-0.1923433846153846
-0.1570873846153846
-0.09867507692307692
-0.003129230769230769
0.09512861538461538
0.19067446153846154
0.2618123076923077
0.295608
0.30749907692307693
0.2837169230769231
0.23531815384615382
0.1704387692307692
0.08615815384615384
0.008344615384615384
-0.07134646153846153
-0.1341396923076923
-0.16793538461538463
-0.1923433846153846
-0.184416
-0.16271999999999998
-0.12016246153846154
-0.05507446153846154
0.015854769230769228
0.10994030769230768
0.1846246153846154
0.23448369230769228
0.2620209230769231
0.26118646153846153
0.2540935384615385
0.22822523076923076
0.168144
0.09784061538461537
0.03671630769230769
-0.015020307692307692
-0.055491692307692304
-0.09387692307692307
-0.12725538461538463
-0.15604430769230768
-0.1656406153846154
-0.14206707692307693
-0.10430769230769231
-0.05945538461538461
-0.011891076923076923
0.04214030769230769
0.09304246153846155
0.13121907692307694
0.15333230769230768
0.15813046153846153
0.14561353846153846
0.10618523076923077
0.04109723076923077
-0.03567323076923076
-0.11828492307692307
-0.20798953846153845
-0.2737033846153846
-0.31125415384615385
-0.3216849230769231
-0.2995716923076923
-0.25430215384615384
-0.1792006153846154
-0.09241661538461539
-0.0022947692307692304
0.08907876923076924
0.16501476923076921
0.21988061538461537
0.23010276923076922
0.19609846153846153
0.14832553846153845
0.07551876923076924
-0.009179076923076922
-0.09199938461538461
-0.17273353846153844
-0.21007569230769232
-0.21967199999999998
-0.20486030769230767
-0.15187199999999998
-0.08699261538461538
0.0016689230769230767
0.09325107692307691
0.17273353846153844
0.23364923076923078
0.24679199999999998
0.23469230769230767
0.19192615384615386
0.12350030769230769
0.037967999999999995
-0.06258461538461538
-0.1424843076923077
-0.19338646153846153
-0.208824
-0.192552
-0.15500123076923078
-0.10138707692307691
-0.03775938461538462
0.02086153846153846
0.07092923076923077
0.10409907692307692
0.10514215384615383
0.07843938461538462
0.023990769230769232
-0.02524246153846154
-0.053405538461538456
-0.07238953846153846
-0.0744756923076923
-0.06487938461538462
-0.03963692307692308
-0.006675692307692307
0.03108369230769231
0.06738276923076922
0.07635323076923077
0.07092923076923077
0.05090215384615384
0.02211323076923077
-0.009179076923076922
-0.059664
-0.1097316923076923
-0.14665661538461539
-0.1612596923076923
-0.1358086153846154
-0.08949599999999999
-0.02858030769230769
0.031709538461538456
0.07238953846153846
0.10597661538461538
0.12391753846153845
0.12767261538461538
0.1070196923076923
0.06216738461538462
0.023990769230769232
0.0
-0.003963692307692307
-0.006884307692307692
-0.026285538461538457
-0.04130584615384615
-0.04693846153846153
-0.04214030769230769
-0.02273907692307692
-0.008136
0.0006258461538461538
0.008136
0.021278769230769233
0.047772923076923074
0.06863446153846153
0.08156861538461539
0.09074769230769231
0.09116492307692307
0.09533723076923077
0.09971815384615385
0.09763200000000001
0.08469784615384615
0.043600615384615383
-0.004172307692307692
-0.045895384615384616
-0.07677046153846154
-0.09095630769230768
-0.10722830769230769
-0.10430769230769231
-0.0717636923076923
-0.017940923076923077
0.05507446153846154
0.12391753846153845
0.1710646153846154
0.1913003076923077
0.19609846153846153
0.19067446153846154
0.16459753846153846
0.11411261538461538
0.03963692307692308
-0.03045784615384615
-0.08490646153846154
-0.11578153846153846
-0.11578153846153846
-0.09846646153846153
-0.059664
-0.006049846153846154
0.06279323076923077
0.12955015384615384
0.1779489230769231
0.19609846153846153
0.1693956923076923
0.12955015384615384
0.08031692307692308
0.029623384615384614
-0.018775384615384614
-0.078648
-0.116616
-0.13643446153846153
-0.1356
-0.11223507692307692
-0.08636676923076922
-0.05090215384615384
-0.016063384615384615
0.020652923076923076
0.06049846153846154
0.09074769230769231
0.10660246153846153
0.10994030769230768
0.10076123076923077
0.09429415384615383
0.08782707692307692
0.06592246153846154
0.04088861538461538
0.010639384615384617
-0.007510153846153846
-0.01981846153846154
-0.032544
-0.035255999999999996
-0.050067692307692306
-0.059664
-0.054657230769230764
-0.03963692307692308
-0.008970461538461538
0.020027076923076922
0.04547815384615384
0.07510153846153846
0.10994030769230768
0.14394461538461537
0.16063384615384615
0.1489513846153846
0.11578153846153846
0.07531015384615385
0.03567323076923076
-0.003755076923076923
-0.04839876923076923
-0.09012184615384615
-0.116616
-0.12600369230769232
-0.116616
-0.08845292307692308
-0.053614153846153846
-0.02023569230769231
0.015646153846153844
0.056951999999999996
0.10076123076923077
0.13726892307692307
0.15082892307692305
0.143736
0.12266584615384615
0.0897046153846154
0.04985907692307692
-0.009387692307692307
-0.07948246153846153
-0.1449876923076923
-0.18316430769230768
-0.1856676923076923
-0.168144
-0.12496061538461539
-0.07197230769230768
-0.016480615384615385
0.040054153846153843
0.092208
0.13372246153846154
0.14311015384615386
0.11599015384615384
0.06404492307692307
0.0016689230769230767
-0.05236246153846154
-0.103056
-0.1424843076923077
-0.16626646153846153
-0.1777403076923077
-0.15833907692307692
-0.11807630769230769
-0.06133292307692308
0.003963692307692307
0.05924676923076923
0.11223507692307692
0.15520984615384617
0.17419384615384614
0.16876984615384616
0.13309661538461537
0.08490646153846154
0.043600615384615383
0.006258461538461538
-0.015437538461538461
-0.021278769230769233
-0.014811692307692307
0.009596307692307692
0.04735569230769231
0.10076123076923077
0.1424843076923077
0.1612596923076923
0.16334584615384617
0.15374953846153847
0.13852061538461538
0.10493353846153847
0.06821723076923077
0.029414769230769227
-0.007510153846153846
-0.03024923076923077
-0.02357353846153846
0.002086153846153846
0.026702769230769228
0.052153846153846155
0.06863446153846153
0.08574092307692306
0.09784061538461537
0.09074769230769231
0.06926030769230769
0.040262769230769234
0.010848
-0.003129230769230769
-0.008136
-0.004798153846153846
0.008136
0.030875076923076922
0.0678
0.10096984615384616
0.1218313846153846
0.11578153846153846
0.08991323076923076
0.05382276923076923
0.012308307692307691
-0.031709538461538456
-0.07384984615384615
-0.10994030769230768
-0.14311015384615386
-0.14707384615384617
-0.12308307692307692
-0.07614461538461538
-0.01940123076923077
0.03129230769230769
0.08240307692307691
0.12788123076923075
0.15520984615384617
0.1368516923076923
0.08490646153846154
0.0006258461538461538
-0.08115138461538463
-0.14561353846153846
-0.20402584615384614
-0.22029784615384615
-0.22593046153846155
-0.17252492307692308
-0.08344615384615384
0.11160923076923077
0.30416123076923074
0.3402516923076923
0.41681353846153846
0.4011673846153846
0.37738523076923075
0.32001599999999997
0.09700615384615385
-0.11327815384615383
-0.37425600000000003
-0.5048492307692307
-0.5263366153846154
-0.5328036923076923
-0.4414301538461538
-0.3554806153846154
-0.12767261538461538
0.16271999999999998
0.40930338461538457
0.6235513846153846
0.6356510769230769
0.5757784615384615
0.44414215384615385
0.21883753846153844
0.026285538461538457
-0.2374043076923077
-0.44330769230769224
-0.5676424615384615
-0.6823809230769231
-0.5905901538461539
-0.4337113846153846
-0.2355267692307692
0.022947692307692308
0.1873366153846154
0.36299076923076923
0.485448
0.5526221538461538
0.6070707692307692
0.5154886153846154
0.34776184615384614
0.15667015384615385
-0.016063384615384615
-0.11599015384615384
-0.233232
-0.32314523076923074
-0.360696
-0.34630153846153844
-0.21508246153846153
-0.08156861538461539
0.03108369230769231
0.13935507692307691
0.1927606153846154
0.2641070769230769
0.2993630769230769
0.25972615384615383
0.2090326153846154
0.09700615384615385
0.006467076923076923
-0.03859384615384615
-0.09471138461538461
-0.12433476923076923
-0.17732307692307692
-0.22405292307692307
-0.2497126153846154
-0.27453784615384613
-0.2605606153846154
-0.24011630769230768
-0.20277415384615383
-0.16334584615384617
-0.1205796923076923
-0.013351384615384614
0.09408553846153846
0.19547261538461536
0.2862203076923077
0.31396615384615384
0.3379569230769231
0.32377107692307694
0.26222953846153846
0.17169046153846151
0.010639384615384617
-0.12350030769230769
-0.21445661538461538
-0.27620676923076926
-0.28204799999999997
-0.26535876923076923
-0.18149538461538461
-0.03504738461538461
0.119328
0.26368984615384616
0.3575667692307692
0.4178566153846154
0.4326683076923077
0.3713353846153846
0.27850153846153847
0.12621230769230768
-0.04276615384615385
-0.17815753846153848
-0.3054129230769231
-0.35610646153846154
-0.3513083076923077
-0.31188
-0.21737723076923077
-0.12808984615384614
-0.011265230769230769
0.12934153846153845
0.2342750769230769
0.2993630769230769
0.28851507692307693
0.22008923076923076
0.11348676923076922
-0.016063384615384615
-0.12350030769230769
-0.2275993846153846
-0.3081249230769231
-0.3508910769230769
-0.3373310769230769
-0.2424110769230769
-0.13455692307692307
-0.02524246153846154
0.073224
0.12224861538461537
0.165432
0.1883796923076923
0.15082892307692305
0.06842584615384616
-0.0446436923076923
-0.12662953846153846
-0.1531236923076923
-0.15896492307692306
-0.13643446153846153
-0.11035753846153845
-0.07051199999999999
0.002712
0.09053907692307692
0.18483323076923078
0.2355267692307692
0.2480436923076923
0.22467876923076924
0.17252492307692308
0.132888
0.08740984615384616
0.05382276923076923
0.03421292307692308
0.008136
0.014811692307692307
0.05382276923076923
0.10910584615384614
0.17440246153846153
0.19839323076923077
0.19004861538461537
0.17565415384615385
0.13998092307692306
0.09721476923076922
0.03650769230769231
-0.03713353846153846
-0.0936683076923077
-0.12579507692307693
-0.11536430769230768
-0.09429415384615383
-0.07259815384615384
-0.03296123076923077
0.0006258461538461538
0.04109723076923077
0.06675692307692307
0.07364123076923076
0.06696553846153847
0.03921969230769231
0.019609846153846155
0.003963692307692307
-0.004798153846153846
-0.005215384615384615
0.007301538461538462
0.024199384615384616
0.04652123076923077
0.07468430769230769
0.10618523076923077
0.13810338461538463
0.14164984615384615
0.12913292307692306
0.09179076923076923
0.03692492307692308
-0.012934153846153845
-0.05444861538461539
-0.08156861538461539
-0.09784061538461537
-0.08386338461538462
-0.0446436923076923
0.0029206153846153843
0.05298830769230769
0.08240307692307691
0.09804923076923076
0.10117846153846152
0.07656184615384615
0.03567323076923076
-0.015854769230769228
-0.06362769230769232
-0.09450276923076922
-0.11745046153846153
-0.12808984615384614
-0.12600369230769232
-0.10806276923076923
-0.06946892307692307
-0.025659692307692307
0.012934153846153845
0.037342153846153844
0.05194523076923077
0.05820369230769231
0.04714707692307692
0.018983999999999997
-0.031918153846153846
-0.09053907692307692
-0.12642092307692307
-0.138312
-0.11995384615384615
-0.08845292307692308
-0.04985907692307692
0.014185846153846153
0.08448923076923077
0.15187199999999998
0.19588984615384614
0.2056947692307692
0.18253846153846154
0.12704676923076924
0.06300184615384616
0.003129230769230769
-0.045895384615384616
-0.08615815384615384
-0.11265230769230769
-0.11056615384615384
-0.08156861538461539
-0.030040615384615384
0.029414769230769227
0.08177723076923075
0.11348676923076922
0.12704676923076924
0.130176
0.12433476923076923
0.10660246153846153
0.07030338461538461
0.01981846153846154
-0.03650769230769231
-0.07739630769230768
-0.092208
-0.08761846153846153
-0.06905169230769231
-0.03713353846153846
0.0035464615384615383
0.05236246153846154
0.1045163076923077
0.1316363076923077
0.138312
0.12913292307692306
0.10222153846153846
0.07134646153846153
0.03024923076923077
-0.019609846153846155
-0.07009476923076922
-0.11077476923076923
-0.12642092307692307
-0.12662953846153846
-0.11724184615384614
-0.1028473846153846
-0.0853236923076923
-0.06425353846153846
-0.03713353846153846
0.0035464615384615383
0.04568676923076923
0.08177723076923075
0.10660246153846153
0.12204
0.12767261538461538
0.12808984615384614
0.11432123076923076
0.0828203076923077
0.040054153846153843
-0.011265230769230769
-0.05382276923076923
-0.09471138461538461
-0.12308307692307692
-0.13247076923076923
-0.12558646153846154
-0.08740984615384616
-0.02795446153846154
0.04130584615384615
0.10430769230769231
0.14790830769230767
0.1710646153846154
0.1733593846153846
0.15208061538461537
0.10514215384615383
0.03588184615384615
-0.04547815384615384
-0.11724184615384614
-0.16501476923076921
-0.17961784615384613
-0.16835261538461538
-0.13852061538461538
-0.09095630769230768
-0.030875076923076922
0.03567323076923076
0.09095630769230768
0.12412615384615384
0.12496061538461539
0.10263876923076923
0.07656184615384615
0.04380923076923077
0.008136
-0.023990769230769232
-0.04088861538461538
-0.03942830769230769
-0.01981846153846154
0.020027076923076922
0.06028984615384615
0.08845292307692308
0.10055261538461538
0.10222153846153846
0.1028473846153846
0.08782707692307692
0.0609156923076923
0.034630153846153845
0.010013538461538461
-0.0002086153846153846
0.0043809230769230765
0.016480615384615385
0.03713353846153846
0.05444861538461539
0.06717415384615384
0.08115138461538463
0.07906523076923076
0.06425353846153846
0.026702769230769228
-0.023990769230769232
-0.07238953846153846
-0.11682461538461539
-0.13747753846153846
-0.15103753846153847
-0.14582215384615385
-0.11265230769230769
-0.06613107692307692
-0.003129230769230769
0.06383630769230769
0.11223507692307692
0.13205353846153844
0.1314276923076923
0.12537784615384615
0.11223507692307692
0.08469784615384615
0.0446436923076923
-0.0018775384615384615
-0.034630153846153845
-0.04172307692307692
-0.031709538461538456
-0.005215384615384615
0.021070153846153846
0.0448523076923077
0.07677046153846154
0.11098338461538461
0.15187199999999998
0.1693956923076923
0.16710092307692306
0.15541846153846153
0.13476553846153844
0.119328
0.084072
0.042348923076923076
-0.00855323076923077
-0.055491692307692304
-0.07948246153846153
-0.09408553846153846
-0.09700615384615385
-0.10201292307692307
-0.10430769230769231
-0.10076123076923077
-0.07948246153846153
-0.053614153846153846
-0.03379569230769231
-0.021487384615384613
-0.021904615384615383
-0.021278769230769233
-0.01856676923076923
-0.007510153846153846
-0.003129230769230769
-0.003755076923076923
0.0035464615384615383
0.01940123076923077
0.04088861538461538
0.05590892307692308
0.054240000000000003
0.04047138461538462
0.025659692307692307
0.016063384615384615
0.009596307692307692
0.001043076923076923
-0.012099692307692308
-0.02795446153846154
-0.023990769230769232
-0.004589538461538461
0.03045784615384615
0.0717636923076923
0.1045163076923077
0.12850707692307692
0.14060676923076923
0.1476996923076923
0.13643446153846153
0.09199938461538461
0.02524246153846154
-0.04130584615384615
-0.09867507692307692
-0.11891076923076922
-0.11056615384615384
-0.08574092307692306
-0.03775938461538462
0.02315630769230769
0.10138707692307691
0.17565415384615385
0.2238443076923077
0.23281476923076924
0.20277415384615383
0.15103753846153847
0.08073415384615384
0.007301538461538462
-0.06905169230769231
-0.14269292307692305
-0.1869193846153846
-0.19964492307692308
-0.17711446153846155
-0.12579507692307693
-0.05611753846153846
0.02357353846153846
0.1028473846153846
0.1777403076923077
0.23093723076923076
0.2503384615384615
0.22697353846153845
0.1710646153846154
0.09304246153846155
0.006675692307692307
-0.07364123076923076
-0.13914646153846155
-0.19004861538461537
-0.21362215384615382
-0.20193969230769232
-0.14978584615384616
-0.06216738461538462
0.01981846153846154
0.08428061538461538
0.12934153846153845
0.16313723076923078
0.1775316923076923
0.16835261538461538
0.10389046153846154
0.010848
-0.07551876923076924
-0.13601723076923075
-0.14728246153846153
-0.1353913846153846
0.008136
0.05486584615384615
0.032544
0.09679753846153846
0.07197230769230768
0.12975876923076923
0.0853236923076923
-0.04318338461538461
-0.14331876923076922
-0.29080984615384614
-0.2453316923076923
-0.22321846153846153
-0.21487384615384614
-0.1883796923076923
-0.20819815384615384
-0.05236246153846154
0.07134646153846153
0.1856676923076923
0.23761292307692305
0.1207883076923077
0.0892873846153846
0.016897846153846156
-0.03483876923076923
-0.05945538461538461
-0.19651569230769228
-0.214248
-0.2480436923076923
-0.26076923076923075
-0.11807630769230769
-0.046104
0.08740984615384616
0.20798953846153845
0.2618123076923077
0.3538116923076923
0.33524492307692305
0.3323243076923077
0.314592
0.20652923076923077
0.11807630769230769
-0.0014603076923076922
-0.05027630769230769
-0.06383630769230769
-0.12266584615384615
-0.12808984615384614
-0.1368516923076923
-0.08198584615384615
0.03588184615384615
0.10660246153846153
0.18483323076923078
0.22196676923076922
0.23072861538461537
0.2632726153846154
0.22467876923076924
0.16897846153846155
0.1045163076923077
0.010013538461538461
-0.008136
-0.028163076923076923
-0.04714707692307692
-0.05799507692307692
-0.09491999999999999
-0.08469784615384615
-0.09512861538461538
-0.10493353846153847
-0.11077476923076923
-0.10389046153846154
-0.031709538461538456
0.011682461538461537
0.07927384615384615
0.17461107692307692
0.23218892307692307
0.30249230769230767
0.3229366153846154
0.2993630769230769
0.25993476923076925
0.15896492307692306
0.07927384615384615
-0.010639384615384617
-0.11432123076923076
-0.1543753846153846
-0.18921415384615384
-0.19004861538461537
-0.17628
-0.1504116923076923
-0.05090215384615384
0.05277969230769231
0.14164984615384615
0.19839323076923077
0.23510953846153848
0.2947735384615384
0.30290953846153845
0.2559710769230769
0.16730953846153845
0.016480615384615385
-0.10827138461538462
-0.21654276923076923
-0.3129230769230769
-0.34504984615384615
-0.3617390769230769
-0.31626092307692305
-0.21883753846153844
-0.10806276923076923
0.030875076923076922
0.14123261538461537
0.21675138461538462
0.24199384615384617
0.22008923076923076
0.1693956923076923
0.06946892307692307
-0.04172307692307692
-0.14519630769230768
-0.2371956923076923
-0.2851772307692308
-0.3087507692307692
-0.29498215384615384
-0.24074215384615386
-0.168144
-0.05757784615384615
0.03984553846153846
0.10806276923076923
0.17377661538461536
0.21633415384615384
0.21967199999999998
0.17628
0.09763200000000001
0.028163076923076923
-0.03129230769230769
-0.0936683076923077
-0.13434830769230768
-0.16418030769230768
-0.16230276923076925
-0.14561353846153846
-0.1097316923076923
-0.04380923076923077
0.001043076923076923
0.04714707692307692
0.07489292307692308
0.0853236923076923
0.10159569230769232
0.09408553846153846
0.09867507692307692
0.09387692307692307
0.06154153846153846
0.03713353846153846
0.004798153846153846
0.007301538461538462
0.02899753846153846
0.014185846153846153
0.0
-0.016272
-0.016480615384615385
0.018358153846153843
0.05048492307692308
0.08594953846153845
0.09992676923076924
0.10952307692307692
0.14603076923076924
0.16793538461538463
0.18170399999999998
0.15562707692307692
0.10493353846153847
0.0678
0.01981846153846154
-0.007927384615384614
-0.03421292307692308
-0.06884307692307692
-0.07134646153846153
-0.0609156923076923
-0.020652923076923076
0.055491692307692304
0.12391753846153845
0.1696043076923077
0.18358153846153846
0.18796246153846152
0.19881046153846152
0.18107815384615383
0.1287156923076923
0.03921969230769231
-0.06759138461538462
-0.15187199999999998
-0.20861538461538462
-0.21341353846153846
-0.19526400000000002
-0.17419384615384614
-0.11411261538461538
-0.02586830769230769
0.07885661538461539
0.15833907692307692
0.18316430769230768
0.18128676923076922
0.14978584615384616
0.10576799999999999
0.061124307692307686
-0.002712
-0.06592246153846154
-0.11745046153846153
-0.14477907692307693
-0.13476553846153844
-0.10576799999999999
-0.06133292307692308
-0.013560000000000001
0.03588184615384615
0.09012184615384615
0.13893784615384613
0.1800350769230769
0.19296923076923078
0.1785747692307692
0.14665661538461539
0.09241661538461539
0.03150092307692308
-0.032544
-0.10117846153846152
-0.1614683076923077
-0.20986707692307693
-0.22196676923076922
-0.1802436923076923
-0.11265230769230769
-0.04130584615384615
0.020652923076923076
0.07593599999999999
0.13121907692307694
0.15938215384615384
0.15187199999999998
0.1136953846153846
0.04631261538461538
-0.03713353846153846
-0.11599015384615384
-0.17377661538461536
-0.21195323076923075
-0.23218892307692307
-0.22300984615384614
-0.17982646153846152
-0.11765907692307691
-0.04985907692307692
0.011473846153846154
0.06300184615384616
0.11056615384615384
0.14144123076923076
0.15270646153846154
0.14561353846153846
0.11536430769230768
0.07384984615384615
0.027745846153846152
-0.013142769230769229
-0.03337846153846154
-0.042348923076923076
-0.04088861538461538
-0.026494153846153844
-0.006258461538461538
0.03421292307692308
0.073224
0.09512861538461538
0.11494707692307692
0.12037107692307693
0.11619876923076923
0.10222153846153846
0.07426707692307692
0.03629907692307692
-0.010639384615384617
-0.04944184615384615
-0.06821723076923077
-0.06842584615384616
-0.06070707692307692
-0.05444861538461539
-0.04214030769230769
-0.024616615384615383
-0.01668923076923077
-0.008761846153846153
-0.0070929230769230765
-0.01272553846153846
-0.017940923076923077
-0.03212676923076923
-0.04130584615384615
-0.03859384615384615
-0.02795446153846154
-0.018358153846153843
-0.012934153846153845
-0.006258461538461538
0.0006258461538461538
0.013142769230769229
0.023364923076923075
0.030040615384615384
0.03921969230769231
0.04693846153846153
0.061124307692307686
0.07384984615384615
0.07739630769230768
0.08615815384615384
0.0897046153846154
0.0853236923076923
0.08490646153846154
0.08177723076923075
0.08469784615384615
0.0892873846153846
0.09429415384615383
0.10326461538461539
0.09679753846153846
0.08094276923076923
0.06550523076923077
0.054240000000000003
0.05298830769230769
0.05090215384615384
0.054240000000000003
0.06154153846153846
0.06633969230769231
0.0771876923076923
0.07781353846153846
0.06800861538461538
0.05653476923076922
0.033169846153846154
0.0012516923076923076
-0.04214030769230769
-0.07948246153846153
-0.10597661538461538
-0.12329169230769231
-0.11828492307692307
-0.09825784615384614
-0.06467076923076923
-0.030875076923076922
0.004589538461538461
0.03567323076923076
0.05570030769230769
0.06821723076923077
0.07092923076923077
0.06675692307692307
0.04735569230769231
0.012308307692307691
-0.026702769230769228
-0.05716061538461538
-0.07635323076923077
-0.08761846153846153
-0.0934596923076923
-0.0828203076923077
-0.053405538461538456
-0.012934153846153845
0.035255999999999996
0.0828203076923077
0.12537784615384615
0.15500123076923078
0.17252492307692308
0.17690584615384616
0.15646153846153846
0.10785415384615385
0.04839876923076923
-0.010639384615384617
-0.06717415384615384
-0.10889723076923077
-0.13852061538461538
-0.1635544615384615
-0.16584923076923075
-0.14477907692307693
-0.116616
-0.08302892307692307
-0.04819015384615385
-0.011473846153846154
0.012934153846153845
0.023782153846153845
0.03671630769230769
0.04172307692307692
0.040054153846153843
0.021487384615384613
-0.006258461538461538
-0.027745846153846152
-0.04944184615384615
-0.06300184615384616
-0.08302892307692307
-0.09095630769230768
-0.08073415384615384
-0.058412307692307694
-0.009387692307692307
0.040054153846153843
0.08490646153846154
0.12204
0.15520984615384617
0.19693292307692306
0.23052
0.2374043076923077
0.20110523076923076
0.14206707692307693
0.08615815384615384
0.032544
-0.012308307692307691
-0.051319384615384614
-0.0897046153846154
-0.11306953846153844
-0.111192
-0.07551876923076924
-0.02023569230769231
0.02315630769230769
0.06425353846153846
0.10618523076923077
0.1504116923076923
0.1883796923076923
0.20339999999999997
0.19881046153846152
0.1639716923076923
0.11390399999999999
0.07030338461538461
0.021487384615384613
-0.029414769230769227
-0.07885661538461539
-0.12642092307692307
-0.14665661538461539
-0.1207883076923077
-0.06717415384615384
0.0029206153846153843
0.07614461538461538
0.14853415384615384
0.21883753846153844
0.2659846153846154
0.2851772307692308
0.26535876923076923
0.20819815384615384
0.1356
0.07197230769230768
0.019192615384615384
-0.03671630769230769
-0.09304246153846155
-0.12955015384615384
-0.13309661538461537
-0.10889723076923077
-0.05611753846153846
-0.0008344615384615384
0.04088861538461538
0.06613107692307692
0.07739630769230768
0.08761846153846153
0.08887015384615385
0.07510153846153846
0.04422646153846154
0.012308307692307691
-0.007927384615384614
-0.014394461538461538
-0.013351384615384614
-0.023364923076923075
-0.03859384615384615
-0.05236246153846154
-0.05590892307692308
-0.042974769230769226
-0.03567323076923076
-0.03838523076923077
-0.045895384615384616
-0.051319384615384614
-0.04693846153846153
-0.04672984615384615
-0.08761846153846153
-0.15813046153846153
-0.2436627692307692
-0.3506824615384615
-0.35235138461538457
-0.2601433846153846
-0.1028473846153846
0.13893784615384613
0.3811403076923077
0.6425353846153846
0.8726381538461538
1.009907076923077
1.0606006153846153
0.9154043076923076
0.625428923076923
0.3148006153846154
-0.012934153846153845
-0.2563883076923077
-0.500676923076923
-0.7042855384615384
-0.8135999999999999
-0.836964923076923
-0.6602676923076923
-0.450192
-0.20110523076923076
0.03296123076923077
0.19526400000000002
0.38239199999999995
0.4391353846153846
0.4309993846153846
0.32898646153846156
0.07343261538461537
-0.12433476923076923
-0.29727692307692305
-0.38719015384615385
-0.36340799999999995
-0.3235624615384615
-0.18107815384615383
-0.04172307692307692
0.055491692307692304
0.1691870769230769
0.1706473846153846
0.12975876923076923
0.04819015384615385
-0.05757784615384615
-0.07280676923076923
-0.06362769230769232
0.034630153846153845
0.15103753846153847
0.20632061538461538
0.23928184615384615
0.19630707692307692
0.13121907692307694
0.042974769230769226
-0.10597661538461538
-0.23469230769230767
-0.3508910769230769
-0.4383009230769231
-0.4518609230769231
-0.46688123076923077
-0.4418473846153846
-0.3642424615384615
-0.24762646153846155
-0.050067692307692306
0.1502030769230769
0.3437981538461538
0.5056836923076923
0.571188923076923
0.5449033846153846
0.3907366153846154
0.15520984615384617
-0.12683815384615382
-0.41994276923076923
-0.6225083076923077
-0.7311969230769231
-0.7130473846153846
-0.5630529230769231
-0.3202246153846154
-0.008761846153846153
0.2730775384615384
0.5031803076923077
0.6573470769230768
0.6717415384615385
0.6070707692307692
0.4599969230769231
0.2480436923076923
0.03212676923076923
-0.19192615384615386
-0.3554806153846154
-0.45457292307692304
-0.484404923076923
-0.43392000000000003
-0.34296369230769225
-0.1846246153846154
0.004589538461538461
0.19588984615384614
0.3811403076923077
0.5010941538461539
0.5526221538461538
0.5225815384615384
0.4211944615384615
0.30332676923076923
0.1597993846153846
0.012308307692307691
-0.10764553846153846
-0.19630707692307692
-0.20173107692307693
-0.14018953846153845
-0.05027630769230769
0.06070707692307692
0.13872923076923074
0.18358153846153846
0.20006215384615383
0.1783661538461538
0.14728246153846153
0.09053907692307692
0.031709538461538456
-0.0006258461538461538
-0.018775384615384614
-0.009179076923076922
-0.005841230769230769
-0.0029206153846153843
0.0070929230769230765
-0.010013538461538461
-0.03588184615384615
-0.07948246153846153
-0.14102399999999998
-0.1927606153846154
-0.25117292307692307
-0.2939390769230769
-0.2985286153846154
-0.2807963076923077
-0.22530461538461538
-0.13518276923076925
-0.030040615384615384
0.07760492307692309
0.17169046153846151
0.24616615384615384
0.2853858461538461
0.27453784615384613
0.21466523076923077
0.1097316923076923
-0.016063384615384615
-0.14749107692307692
-0.26786215384615386
-0.3448412307692308
-0.3821833846153846
-0.36549415384615386
-0.2989458461538462
-0.20423446153846153
-0.06216738461538462
0.0934596923076923
0.23823876923076923
0.35256
0.39115384615384613
0.37550769230769226
0.31250584615384613
0.22029784615384615
0.1178676923076923
-0.005424
-0.11265230769230769
-0.17961784615384613
-0.1777403076923077
-0.10785415384615385
-0.017315076923076923
0.0826116923076923
0.157296
0.19839323076923077
0.21675138461538462
0.18358153846153846
0.12558646153846154
0.03567323076923076
-0.07781353846153846
-0.157296
-0.20131384615384615
-0.1923433846153846
-0.14436184615384615
-0.07551876923076924
0.02232184615384615
0.11953661538461538
0.22175815384615383
0.32189353846153845
0.3836436923076923
0.3844781538461538
0.30144923076923075
0.1800350769230769
0.040262769230769234
-0.11953661538461538
-0.2651501538461538
-0.39365723076923076
-0.4647950769230769
-0.45561599999999997
-0.37008369230769234
-0.21132738461538458
-0.03671630769230769
0.11724184615384614
0.2355267692307692
0.30708184615384615
0.3375396923076923
0.31125415384615385
0.2221753846153846
0.10389046153846154
-0.017523692307692306
-0.11473846153846154
-0.17440246153846153
-0.2073636923076923
-0.2157083076923077
-0.19755876923076923
-0.15333230769230768
-0.0892873846153846
-0.014603076923076923
0.073224
0.14916
0.19547261538461536
0.22447015384615385
0.22676492307692306
0.22113230769230768
0.19046584615384615
0.12829846153846153
0.05716061538461538
-0.021278769230769233
-0.0771876923076923
-0.119328
-0.15374953846153847
-0.17711446153846155
-0.19797599999999999
-0.19296923076923078
-0.15938215384615384
-0.10848000000000001
-0.041514461538461535
0.022530461538461537
0.08824430769230769
0.16647507692307692
0.24574892307692306
0.32210215384615387
0.3673716923076923
0.37967999999999996
0.36215630769230767
0.2953993846153846
0.20444307692307692
0.09491999999999999
-0.021904615384615383
-0.11682461538461539
-0.18775384615384613
-0.21195323076923075
-0.1913003076923077
-0.1316363076923077
-0.026702769230769228
0.09679753846153846
0.22864246153846152
0.34630153846153844
0.425784
0.46312615384615385
0.44226461538461537
0.3752990769230769
0.2591003076923077
0.10243015384615384
-0.05507446153846154
-0.19693292307692306
-0.301032
-0.3536030769230769
-0.35151692307692306
-0.2951907692307692
-0.19985353846153847
-0.084072
0.03984553846153846
0.1531236923076923
0.24866953846153847
0.3131316923076923
0.32961230769230765
0.30416123076923074
0.2438713846153846
0.16751815384615384
0.07781353846153846
-0.021070153846153846
-0.10555938461538462
-0.16584923076923075
-0.19442953846153843
-0.19380369230769232
-0.1693956923076923
-0.1289243076923077
-0.07802215384615384
-0.024616615384615383
0.02211323076923077
0.05236246153846154
0.059038153846153844
0.04985907692307692
0.035464615384615386
0.02545107692307692
0.017940923076923077
0.013351384615384614
0.006675692307692307
-0.012308307692307691
-0.03880246153846154
-0.06717415384615384
-0.09199938461538461
-0.11286092307692308
-0.12955015384615384
-0.14144123076923076
-0.14144123076923076
-0.11077476923076923
-0.06383630769230769
-0.01272553846153846
0.03775938461538462
0.0771876923076923
0.11953661538461538
0.15520984615384617
0.1787833846153846
0.18379015384615385
0.15833907692307692
0.11828492307692307
0.06800861538461538
0.016063384615384615
-0.03567323076923076
-0.08428061538461538
-0.11056615384615384
-0.11640738461538462
-0.09074769230769231
-0.03775938461538462
0.025659692307692307
0.09325107692307691
0.14728246153846153
0.1785747692307692
0.19046584615384615
0.17523692307692307
0.12558646153846154
0.05507446153846154
-0.032544
-0.11327815384615383
-0.17732307692307692
-0.22113230769230768
-0.22530461538461538
-0.20548615384615385
-0.16042523076923076
-0.09053907692307692
-0.011265230769230769
0.06717415384615384
0.1218313846153846
0.13914646153846155
0.12704676923076924
0.09721476923076922
0.06216738461538462
0.016480615384615385
-0.031918153846153846
-0.07426707692307692
-0.09867507692307692
-0.09179076923076923
-0.07238953846153846
-0.028371692307692306
0.026702769230769228
0.08115138461538463
0.14206707692307693
0.1858763076923077
0.20110523076923076
0.18983999999999998
0.15646153846153846
0.10597661538461538
0.04672984615384615
-0.019609846153846155
-0.08365476923076923
-0.14707384615384617
-0.2075723076923077
-0.24345415384615382
-0.2411593846153846
-0.20694646153846152
-0.15562707692307692
-0.08365476923076923
-0.004798153846153846
0.07405846153846153
0.15249784615384615
0.20444307692307692
0.222384
0.20360861538461536
0.16438892307692307
0.12162276923076921
0.07572738461538461
0.03775938461538462
0.005841230769230769
-0.023990769230769232
-0.04214030769230769
-0.04756430769230769
-0.05090215384615384
-0.05736923076923077
-0.07739630769230768
-0.10660246153846153
-0.12391753846153845
-0.1218313846153846
-0.09074769230769231
-0.04714707692307692
-0.0029206153846153843
0.03984553846153846
0.07927384615384615
0.11286092307692308
0.1136953846153846
0.08323753846153846
0.02211323076923077
-0.05590892307692308
-0.12099692307692309
-0.1691870769230769
-0.19380369230769232
-0.20652923076923077
-0.20423446153846153
-0.17377661538461536
-0.10952307692307692
-0.018775384615384614
0.06946892307692307
0.1504116923076923
0.21341353846153846
0.2559710769230769
0.2822566153846154
0.2757895384615385
0.23239753846153846
0.1506203076923077
0.04756430769230769
-0.05173661538461538
-0.12788123076923075
-0.18107815384615383
-0.22280123076923075
-0.24303692307692307
-0.23052
-0.17648861538461538
-0.0961716923076923
-0.004589538461538461
0.07489292307692308
0.12642092307692307
0.15938215384615384
0.16897846153846155
0.16438892307692307
0.13059323076923077
0.06863446153846153
0.003963692307692307
-0.04735569230769231
-0.0744756923076923
-0.09199938461538461
-0.09450276923076922
-0.08720123076923077
-0.07280676923076923
-0.053614153846153846
-0.029623384615384614
-0.002086153846153846
0.006675692307692307
-0.0008344615384615384
-0.011265230769230769
-0.0002086153846153846
0.029623384615384614
0.06279323076923077
0.08469784615384615
0.09012184615384615
0.09158215384615384
0.09387692307692307
0.09158215384615384
0.07572738461538461
0.03963692307692308
-0.012099692307692308
-0.056951999999999996
-0.09825784615384614
-0.13184492307692308
-0.16021661538461537
-0.1881710769230769
-0.2021483076923077
-0.19735015384615384
-0.19735015384615384
-0.17377661538461536
-0.09575446153846154
0.0012516923076923076
0.12642092307692307
0.25930892307692305
0.36904061538461536
0.45728492307692303
0.48816
0.45603323076923075
0.3682061538461538
0.21591692307692306
0.03859384615384615
-0.1424843076923077
-0.30249230769230767
-0.4539470769230769
-0.5426086153846154
-0.5524135384615385
-0.5094387692307691
-0.3669544615384615
-0.2125790769230769
-0.015228923076923076
0.20360861538461536
0.3947003076923077
0.5624270769230769
0.5914246153846153
0.5442775384615385
0.4239064615384615
0.23469230769230767
0.04401784615384615
-0.18629353846153843
-0.37655076923076924
-0.5090215384615385
-0.5574203076923077
-0.4746
-0.3510996923076923
-0.18858830769230767
-0.0070929230769230765
0.1666836923076923
0.3479704615384615
0.46041415384615386
0.5138196923076923
0.5263366153846154
0.47668615384615387
0.4178566153846154
0.31813846153846154
0.18963138461538462
0.06133292307692308
-0.08699261538461538
-0.21028430769230766
-0.30290953846153845
-0.3410861538461538
-0.3054129230769231
-0.2140393846153846
-0.0826116923076923
0.065088
0.21842030769230766
0.3510996923076923
0.4460196923076923
0.5025544615384615
0.48857723076923076
0.42035999999999996
0.34296369230769225
0.24679199999999998
0.14164984615384615
0.022530461538461537
-0.12308307692307692
-0.2503384615384615
-0.3419206153846154
-0.3984553846153846
-0.40325353846153844
-0.37550769230769226
-0.3077076923076923
-0.18545907692307692
-0.03442153846153846
0.13351384615384615
0.2891409230769231
0.40700861538461536
0.4743913846153846
0.4733483076923077
0.4105550769230769
0.29644246153846154
0.15208061538461537
0.0
-0.15145476923076923
-0.2707827692307692
-0.33941723076923075
-0.34651015384615386
-0.29498215384615384
-0.21737723076923077
-0.11223507692307692
0.009179076923076922
0.1353913846153846
0.26306399999999996
0.34275507692307694
0.36611999999999995
0.34588430769230766
0.2868461538461538
0.19588984615384614
0.08615815384615384
-0.03150092307692308
-0.14206707692307693
-0.2238443076923077
-0.2701569230769231
-0.2670276923076923
-0.22029784615384615
-0.1368516923076923
-0.026494153846153844
0.09971815384615385
0.20381723076923075
0.2655673846153846
0.2951907692307692
0.27474646153846155
0.22697353846153845
0.16418030769230768
0.07426707692307692
-0.015646153846153844
-0.10535076923076922
-0.18086953846153844
-0.21612553846153845
-0.23469230769230767
-0.22947692307692308
-0.20131384615384615
-0.15291507692307693
-0.08156861538461539
-0.005424
0.06487938461538462
0.11557292307692307
0.14999446153846155
0.15667015384615385
0.1356
0.10368184615384615
0.051319384615384614
-0.0070929230769230765
-0.06988615384615385
-0.14123261538461537
-0.184416
-0.19839323076923077
-0.19505538461538463
-0.1666836923076923
-0.13518276923076925
-0.09804923076923076
-0.04568676923076923
0.006258461538461538
0.06592246153846154
0.11327815384615383
0.14060676923076923
0.16042523076923076
0.1666836923076923
0.16251138461538459
0.12829846153846153
0.07301538461538462
0.0077187692307692304
-0.052571076923076915
-0.08866153846153846
-0.11202646153846153
-0.11536430769230768
-0.10639384615384614
-0.09408553846153846
-0.05528307692307692
0.0
0.05590892307692308
0.1136953846153846
0.14707384615384617
0.14957723076923077
0.13101046153846155
0.09262523076923077
0.04318338461538461
-0.020027076923076922
-0.09471138461538461
-0.15604430769230768
-0.18525046153846153
-0.1802436923076923
-0.157296
-0.12955015384615384
-0.10138707692307691
-0.06467076923076923
-0.002712
0.06613107692307692
0.14123261538461537
0.20527753846153846
0.2342750769230769
0.24846092307692308
0.24095076923076922
0.20861538461538462
0.15228923076923076
0.07238953846153846
-0.011265230769230769
-0.09074769230769231
-0.154584
-0.19735015384615384
-0.21362215384615382
-0.20402584615384614
-0.16313723076923078
-0.08302892307692307
0.015854769230769228
0.11724184615384614
0.20465169230769228
0.2753723076923077
0.3198073846153846
0.3346190769230769
0.31626092307692305
0.26160369230769226
0.173568
0.049233230769230765
-0.07301538461538462
-0.17982646153846152
-0.2574313846153846
-0.2981113846153846
-0.3062473846153846
-0.2757895384615385
-0.21362215384615382
-0.12537784615384615
-0.02858030769230769
0.06759138461538462
0.14916
0.21007569230769232
0.24616615384615384
0.24992123076923078
0.21737723076923077
0.14331876923076922
0.04088861538461538
-0.06592246153846154
-0.15562707692307692
-0.214248
-0.23448369230769228
-0.22634769230769228
-0.19359507692307693
-0.12850707692307692
-0.04902461538461538
0.034630153846153845
0.111192
0.15291507692307693
0.18212123076923076
0.1990190769230769
0.19651569230769228
0.17586276923076924
0.13518276923076925
0.08949599999999999
0.04318338461538461
0.014811692307692307
0.0016689230769230767
-0.0025033846153846152
-0.0006258461538461538
-0.0035464615384615383
0.0
0.015020307692307692
0.026285538461538457
0.029414769230769227
0.026702769230769228
0.026494153846153844
0.03483876923076923
0.04422646153846154
0.062376
0.07510153846153846
0.08448923076923077
0.09512861538461538
0.09387692307692307
0.09533723076923077
0.06946892307692307
0.010848
-0.06258461538461538
-0.1435273846153846
-0.20840676923076923
-0.2655673846153846
-0.30290953846153845
-0.30895938461538464
-0.29331323076923077
-0.24720923076923076
-0.17169046153846151
-0.08344615384615384
-0.0002086153846153846
0.06425353846153846
0.10931446153846153
0.13706030769230768
0.13789476923076924
0.111192
0.05444861538461539
-0.02795446153846154
-0.10639384615384614
-0.1712732307692308
-0.21904615384615383
-0.23656984615384613
-0.2275993846153846
-0.19192615384615386
-0.13372246153846154
-0.04860738461538461
0.045895384615384616
0.12850707692307692
0.19609846153846153
0.23198030769230768
0.2503384615384615
0.24595753846153845
0.206112
0.14540492307692307
0.06487938461538462
-0.02357353846153846
-0.09158215384615384
-0.14081538461538462
-0.16710092307692306
-0.1696043076923077
-0.15500123076923078
-0.11140061538461538
-0.05277969230769231
0.01710646153846154
0.08720123076923077
0.1316363076923077
0.15354092307692307
0.14957723076923077
0.12204
0.08031692307692308
0.02899753846153846
-0.023782153846153845
-0.06821723076923077
-0.08991323076923076
-0.09179076923076923
-0.0828203076923077
-0.06300184615384616
-0.021070153846153846
0.03275261538461539
0.0897046153846154
0.15187199999999998
0.19818461538461538
0.22530461538461538
0.22175815384615383
0.20235692307692305
0.17982646153846152
0.14436184615384615
0.10222153846153846
0.06008123076923077
0.034630153846153845
0.03400430769230769
0.04944184615384615
0.07510153846153846
0.09867507692307692
0.11181784615384616
0.12496061538461539
0.12454338461538461
0.1070196923076923
0.0717636923076923
0.023782153846153845
-0.010222153846153844
-0.02524246153846154
-0.016063384615384615
0.012308307692307691
0.052571076923076915
0.09596307692307693
0.13226215384615383
0.15228923076923076
0.15124615384615384
0.12308307692307692
0.06341907692307691
-0.013768615384615384
-0.08782707692307692
-0.1395636923076923
-0.1696043076923077
-0.17648861538461538
-0.1558356923076923
-0.11974523076923077
-0.06070707692307692
0.017732307692307693
0.08699261538461538
0.132888
0.14144123076923076
0.12266584615384615
0.09325107692307691
0.05716061538461538
0.017523692307692306
-0.030875076923076922
-0.07531015384615385
-0.09429415384615383
-0.08448923076923077
-0.05570030769230769
-0.016897846153846156
0.01981846153846154
0.05444861538461539
0.08156861538461539
0.0961716923076923
0.09846646153846153
0.07113784615384615
0.02357353846153846
-0.017940923076923077
-0.042557538461538466
-0.05048492307692308
-0.04547815384615384
-0.02858030769230769
-0.005841230769230769
0.03275261538461539
0.08615815384615384
0.13455692307692307
0.1704387692307692
0.17440246153846153
0.14457046153846154
0.09763200000000001
0.040054153846153843
-0.022947692307692308
-0.09971815384615385
-0.17002153846153847
-0.20652923076923077
-0.20632061538461538
-0.16480615384615382
-0.09763200000000001
-0.02023569230769231
0.058412307692307694
0.12662953846153846
0.18379015384615385
0.21758584615384616
0.21466523076923077
0.165432
0.07468430769230769
-0.024616615384615383
-0.11348676923076922
-0.18525046153846153
-0.22864246153846152
-0.24637476923076923
-0.2330233846153846
-0.18149538461538461
-0.09846646153846153
0.014394461538461538
0.12996738461538462
0.2221753846153846
0.2931046153846154
0.33587076923076925
0.3550633846153846
0.34651015384615386
0.29331323076923077
0.19985353846153847
0.09575446153846154
0.004589538461538461
-0.061750153846153844
-0.10409907692307692
-0.13205353846153844
-0.13768615384615385
-0.11682461538461539
-0.06800861538461538
-0.003129230769230769
0.05298830769230769
0.09533723076923077
0.11891076923076922
0.127464
0.12099692307692309
0.10535076923076922
0.07134646153846153
0.020652923076923076
-0.020027076923076922
-0.04965046153846154
-0.062376
-0.07760492307692309
-0.09095630769230768
-0.09554584615384615
-0.09867507692307692
-0.08574092307692306
-0.07405846153846153
-0.05757784615384615
-0.05069353846153846
-0.04735569230769231
-0.04985907692307692
-0.06070707692307692
-0.06425353846153846
-0.07113784615384615
-0.07218092307692307
-0.09262523076923077
-0.09074769230769231
-0.06717415384615384
0.0016689230769230767
0.10743692307692307
0.2695310769230769
0.42307199999999995
0.46959323076923076
0.5718147692307692
0.5955969230769231
0.6083224615384615
0.5724406153846154
0.371544
0.1710646153846154
-0.12621230769230768
-0.3456756923076923
-0.5567944615384616
-0.7885661538461538
-0.8914135384615385
-0.9569187692307691
-0.8165206153846154
-0.5611753846153846
-0.2221753846153846
0.19735015384615384
0.5046406153846154
0.7962849230769231
0.9686012307692308
0.9798664615384615
0.8816086153846154
0.5732750769230769
0.22008923076923076
-0.18316430769230768
-0.6323132307692307
-0.9101889230769231
-1.105452923076923
-1.1463415384615385
-1.025136
-0.8442664615384615
-0.5052664615384616
-0.13497415384615385
0.27140861538461536
0.6782086153846154
0.9429415384615384
1.1135889230769231
1.137371076923077
1.0318116923076923
0.8221532307692307
0.4645864615384615
0.05924676923076923
-0.3554806153846154
-0.7222264615384616
-0.9335538461538462
-1.042033846153846
-1.0071950769230769
-0.8292461538461539
-0.5768215384615385
-0.22008923076923076
0.13476553846153844
0.4551987692307692
0.7564393846153846
0.9446104615384615
1.0512129230769232
1.0518387692307691
0.9172818461538461
0.7053286153846154
0.40095876923076923
0.05277969230769231
-0.2966510769230769
-0.6300184615384615
-0.8880756923076923
-1.0447458461538461
-1.0741606153846155
-0.9965556923076923
-0.8075501538461538
-0.4892030769230769
-0.12767261538461538
0.26640184615384616
0.6391975384615384
0.9160301538461537
1.0962738461538462
1.1142147692307691
1.0026055384615384
0.7689563076923076
0.409512
0.019609846153846155
-0.3903193846153846
-0.7687476923076924
-1.0524646153846153
-1.2199827692307692
-1.2197741538461537
-1.0624781538461538
-0.7787612307692308
-0.3982467692307692
0.043392
0.5182006153846154
0.9335538461538462
1.2229033846153847
1.3664307692307693
1.322830153846154
1.1225593846153845
0.7987883076923077
0.37237846153846155
-0.06946892307692307
-0.4877427692307692
-0.8355046153846153
-1.0514215384615384
-1.1415433846153844
-1.0756209230769231
-0.8588695384615385
-0.5380190769230769
-0.14457046153846154
0.25305046153846156
0.608531076923077
0.872220923076923
1.005108923076923
1.0032313846153846
0.8605384615384616
0.6022726153846154
0.2582658461538461
-0.12350030769230769
-0.48711692307692306
-0.7944073846153846
-0.9982246153846153
-1.0848
-1.0564283076923076
-0.9053907692307691
-0.6508799999999999
-0.3392086153846154
-0.008136
0.2997803076923077
0.5513704615384615
0.7270246153846154
0.8035864615384616
0.7883575384615383
0.6811292307692307
0.49400123076923075
0.2716172307692308
0.04109723076923077
-0.16710092307692306
-0.32731753846153844
-0.4378836923076923
-0.4919150769230769
-0.49337538461538455
-0.43579753846153846
-0.3243969230769231
-0.16626646153846153
0.014811692307692307
0.1666836923076923
0.30708184615384615
0.41973415384615387
0.5090215384615385
0.570563076923077
0.5542910769230769
0.48190153846153844
0.36257353846153845
0.21633415384615384
0.07030338461538461
-0.0744756923076923
-0.214248
-0.330864
-0.4072172307692307
-0.41681353846153846
-0.3588184615384616
-0.2568055384615385
-0.12162276923076921
0.004798153846153846
0.12850707692307692
0.24074215384615386
0.3241883076923077
0.3682061538461538
0.3412947692307692
0.2764153846153846
0.1785747692307692
0.07739630769230768
0.0022947692307692304
-0.06362769230769232
-0.10681107692307691
-0.12850707692307692
-0.11724184615384614
-0.065088
0.005841230769230769
0.06717415384615384
0.10889723076923077
0.12683815384615382
0.12287446153846153
0.10722830769230769
0.08302892307692307
0.05069353846153846
0.008761846153846153
-0.02315630769230769
-0.03650769230769231
-0.016272
0.02545107692307692
0.06133292307692308
0.09721476923076922
0.12037107692307693
0.132888
0.143736
0.12913292307692306
0.08511507692307693
0.028788923076923077
-0.03421292307692308
-0.0853236923076923
-0.11891076923076922
-0.14811692307692306
-0.16042523076923076
-0.1504116923076923
-0.10889723076923077
-0.03838523076923077
0.04214030769230769
0.11056615384615384
0.14790830769230767
0.1637630769230769
0.15270646153846154
0.119328
0.059038153846153844
-0.03045784615384615
-0.13455692307692307
-0.24282830769230768
-0.327108923076923
-0.36632861538461536
-0.3615304615384615
-0.32648307692307693
-0.2670276923076923
-0.18983999999999998
-0.08866153846153846
0.029623384615384614
0.13643446153846153
0.21904615384615383
0.26097784615384617
0.26911384615384615
0.25451076923076926
0.214248
0.16209415384615386
0.09429415384615383
0.021904615384615383
-0.037967999999999995
-0.0828203076923077
-0.1045163076923077
-0.11953661538461538
-0.12329169230769231
-0.10514215384615383
-0.07134646153846153
-0.019192615384615384
0.030040615384615384
0.08073415384615384
0.1397723076923077
0.1867107692307692
0.2330233846153846
0.26535876923076923
0.26932246153846157
0.24846092307692308
0.19463815384615382
0.12537784615384615
0.04547815384615384
-0.04547815384615384
-0.12934153846153845
-0.19985353846153847
-0.24658338461538462
-0.2601433846153846
-0.24595753846153845
-0.19714153846153845
-0.13455692307692307
-0.06550523076923077
0.010013538461538461
0.07927384615384615
0.14540492307692307
0.1777403076923077
0.17732307692307692
0.15667015384615385
0.10931446153846153
0.06133292307692308
0.009596307692307692
-0.05277969230769231
-0.10055261538461538
-0.12788123076923075
-0.12287446153846153
-0.09053907692307692
-0.04401784615384615
0.016480615384615385
0.06926030769230769
0.11849353846153846
0.1652233846153846
0.184416
0.1712732307692308
0.124752
0.06425353846153846
0.015437538461538461
-0.019192615384615384
-0.034630153846153845
-0.03942830769230769
-0.03483876923076923
-0.013560000000000001
0.020027076923076922
0.056951999999999996
0.08469784615384615
0.10222153846153846
0.11181784615384616
0.11390399999999999
0.11807630769230769
0.11911938461538461
0.10889723076923077
0.08365476923076923
0.04318338461538461
0.008761846153846153
-0.019609846153846155
-0.03129230769230769
-0.03880246153846154
-0.04839876923076923
-0.037967999999999995
-0.01043076923076923
0.04652123076923077
0.11953661538461538
0.18775384615384613
0.24658338461538462
0.2868461538461538
0.3062473846153846
0.3031181538461538
0.2574313846153846
0.16584923076923075
0.05069353846153846
-0.05757784615384615
-0.13789476923076924
-0.19150892307692308
-0.21174461538461536
-0.2056947692307692
-0.16438892307692307
-0.07927384615384615
0.038176615384615385
0.17461107692307692
0.28788923076923073
0.35568923076923076
0.38301784615384615
0.36215630769230767
0.2981113846153846
0.2021483076923077
0.06821723076923077
-0.078648
-0.21654276923076923
-0.3316984615384615
-0.39011076923076926
-0.40638276923076927
-0.3727956923076923
-0.28934953846153844
-0.16793538461538463
-0.006884307692307692
0.14707384615384617
0.27599815384615384
0.3611132307692308
0.3811403076923077
0.3448412307692308
0.25513661538461535
0.12600369230769232
-0.03066646153846154
-0.19213476923076922
-0.32564861538461537
-0.4174393846153846
-0.45916246153846146
-0.45624184615384616
-0.4128498461538462
-0.32335384615384616
-0.19463815384615382
-0.06049846153846154
0.059664
0.15792184615384616
0.22467876923076924
0.2626467692307692
0.2591003076923077
0.23156307692307693
0.1802436923076923
0.09304246153846155
-0.011473846153846154
-0.116616
-0.19463815384615382
-0.24908676923076922
-0.2799618461538461
-0.27975323076923075
-0.25513661538461535
-0.20319138461538463
-0.13601723076923075
-0.05507446153846154
0.02899753846153846
0.08949599999999999
0.13476553846153844
0.16626646153846153
0.18379015384615385
0.18650215384615382
0.15792184615384616
0.10347323076923076
0.04088861538461538
-0.012308307692307691
-0.05194523076923077
-0.09158215384615384
-0.1218313846153846
-0.14164984615384615
-0.14686523076923075
-0.12120553846153845
-0.07927384615384615
-0.021904615384615383
0.028371692307692306
0.07927384615384615
0.1502030769230769
0.22113230769230768
0.2753723076923077
0.2926873846153846
0.2853858461538461
0.25659692307692306
0.20715507692307691
0.14874276923076923
0.08511507692307693
0.005841230769230769
-0.07593599999999999
-0.13330523076923076
-0.15354092307692307
-0.13476553846153844
-0.10389046153846154
-0.06404492307692307
-0.013768615384615384
0.04965046153846154
0.12329169230769231
0.1785747692307692
0.20465169230769228
0.1948467692307692
0.15833907692307692
0.11870215384615385
0.07531015384615385
0.03671630769230769
0.003129230769230769
-0.03650769230769231
-0.056951999999999996
-0.06258461538461538
-0.05611753846153846
-0.037967999999999995
-0.03859384615384615
-0.04860738461538461
-0.05757784615384615
-0.06154153846153846
-0.05298830769230769
-0.04547815384615384
-0.040679999999999994
-0.03921969230769231
-0.031918153846153846
-0.0029206153846153843
0.03275261538461539
0.06070707692307692
0.07739630769230768
0.07906523076923076
0.08782707692307692
0.08782707692307692
0.07426707692307692
0.05194523076923077
-0.006467076923076923
-0.06362769230769232
-0.116616
-0.15228923076923076
-0.1794092307692308
-0.2154996923076923
-0.24512307692307692
-0.2701569230769231
-0.2422024615384615
-0.1783661538461538
-0.09554584615384615
-0.02357353846153846
0.04380923076923077
0.11035753846153845
0.1858763076923077
0.23531815384615382
0.31396615384615384
0.3826006153846154
0.222384
0.11974523076923077
-0.0035464615384615383
-0.11223507692307692
-0.11035753846153845
-0.3143833846153846
-0.44309907692307693
-0.5759870769230769
-0.5799507692307692
-0.3757163076923077
-0.2795446153846154
-0.11578153846153846
-0.05862092307692307
0.08615815384615384
0.34296369230769225
0.48106707692307693
0.6164584615384615
0.4756430769230769
0.2822566153846154
0.14290153846153844
-0.06279323076923077
-0.12975876923076923
-0.2993630769230769
-0.4478972307692307
-0.45707630769230767
-0.5401052307692308
-0.41305846153846154
-0.23406646153846156
-0.09971815384615385
0.13706030769230768
0.2374043076923077
0.3648683076923077
0.47877230769230766
0.5063095384615385
0.5920504615384615
0.5384363076923077
0.4015846153846154
0.2453316923076923
0.07280676923076923
-0.006258461538461538
-0.12975876923076923
-0.2638984615384615
-0.35005661538461535
-0.4134756923076923
-0.31646953846153847
-0.19317784615384614
-0.092208
0.04839876923076923
0.138312
0.28955815384615385
0.4414301538461538
0.49671323076923074
0.547824
0.49337538461538455
0.40387938461538464
0.34338092307692303
0.19797599999999999
0.034630153846153845
-0.16042523076923076
-0.34338092307692303
-0.4524867692307692
-0.5244590769230769
-0.5221643076923077
-0.4487316923076923
-0.2789187692307692
-0.06988615384615385
0.12496061538461539
0.3558978461538462
0.5282141538461538
0.63732
0.6921858461538462
0.6072793846153846
0.4622916923076923
0.2509643076923077
0.01043076923076923
-0.1787833846153846
-0.3740473846153846
-0.48941169230769227
-0.5175747692307692
-0.4889944615384615
-0.36904061538461536
-0.22676492307692306
-0.03567323076923076
0.20047938461538461
0.3988726153846154
0.5290486153846153
0.5544996923076924
0.5263366153846154
0.45686769230769225
0.30854215384615385
0.1397723076923077
-0.08031692307692308
-0.290184
-0.3947003076923077
-0.46145723076923073
-0.431208
-0.3373310769230769
-0.23677846153846152
-0.06759138461538462
0.06967753846153846
0.1775316923076923
0.2768326153846154
0.3039526153846154
0.29581661538461534
0.2275993846153846
0.12412615384615384
0.013351384615384614
-0.10660246153846153
-0.18253846153846154
-0.2288510769230769
-0.22405292307692307
-0.1858763076923077
-0.13914646153846155
-0.05090215384615384
0.024408000000000003
0.10013538461538461
0.16793538461538463
0.1733593846153846
0.1775316923076923
0.1733593846153846
0.13455692307692307
0.07948246153846153
-0.0014603076923076922
-0.05674338461538461
-0.05611753846153846
-0.04839876923076923
-0.03755076923076923
-0.035464615384615386
-0.04088861538461538
-0.02524246153846154
0.0004172307692307692
0.04631261538461538
0.07843938461538462
0.09325107692307691
0.10597661538461538
0.08866153846153846
0.0892873846153846
0.08302892307692307
0.07238953846153846
0.09784061538461537
0.08198584615384615
0.05799507692307692
0.041514461538461535
0.015020307692307692
0.03629907692307692
0.03713353846153846
0.0018775384615384615
-0.011473846153846154
-0.011891076923076923
0.02858030769230769
0.08699261538461538
0.124752
0.13935507692307691
0.11870215384615385
0.10889723076923077
0.09512861538461538
0.05382276923076923
0.00855323076923077
-0.07489292307692308
-0.15833907692307692
-0.22196676923076922
-0.26118646153846153
-0.2568055384615385
-0.24074215384615386
-0.1923433846153846
-0.12099692307692309
-0.052571076923076915
0.03483876923076923
0.11891076923076922
0.17899199999999998
0.20986707692307693
0.1913003076923077
0.16167692307692308
0.1316363076923077
0.07134646153846153
-0.009596307692307692
-0.103056
-0.17815753846153848
-0.20360861538461536
-0.17565415384615385
-0.11619876923076923
-0.05674338461538461
0.008136
0.08052553846153847
0.1666836923076923
0.2517987692307692
0.29185292307692307
0.29915446153846154
0.27140861538461536
0.21821169230769227
0.1710646153846154
0.10096984615384616
0.021904615384615383
-0.04214030769230769
-0.09491999999999999
-0.12433476923076923
-0.13309661538461537
-0.12099692307692309
-0.09179076923076923
-0.0678
-0.04214030769230769
-0.004589538461538461
0.03775938461538462
0.07656184615384615
0.086784
0.06863446153846153
0.03379569230769231
0.003129230769230769
-0.0008344615384615384
-0.003129230769230769
-0.002712
-0.013768615384615384
-0.04088861538461538
-0.03921969230769231
-0.022947692307692308
-0.006675692307692307
0.0
-0.011891076923076923
-0.011056615384615385
0.004589538461538461
0.018775384615384614
0.027120000000000002
0.025659692307692307
0.026494153846153844
0.03379569230769231
0.05570030769230769
0.09158215384615384
0.10597661538461538
0.1097316923076923
0.10076123076923077
0.07614461538461538
0.047981538461538464
-0.001043076923076923
-0.058829538461538454
-0.1151556923076923
-0.173568
-0.20486030769230767
-0.20673784615384616
-0.18545907692307692
-0.12537784615384615
-0.05611753846153846
0.02273907692307692
0.10389046153846154
0.1656406153846154
0.20360861538461536
0.19505538461538463
0.15875630769230767
0.09763200000000001
0.02232184615384615
-0.046104
-0.12037107692307693
-0.1856676923076923
-0.23949046153846154
-0.27474646153846155
-0.268488
-0.24491446153846153
-0.21237046153846154
-0.15667015384615385
-0.092208
-0.005424
0.07384984615384615
0.12162276923076921
0.14436184615384615
0.12642092307692307
0.09846646153846153
0.05382276923076923
-0.01668923076923077
-0.09304246153846155
-0.17252492307692308
-0.22405292307692307
-0.23928184615384615
-0.2225926153846154
-0.16772676923076923
-0.09846646153846153
-0.021696
0.05570030769230769
0.11599015384615384
0.16897846153846155
0.19463815384615382
0.18650215384615382
0.16751815384615384
0.13309661538461537
0.09387692307692307
0.055491692307692304
0.02044430769230769
0.006049846153846154
0.003755076923076923
0.010848
0.024199384615384616
0.04047138461538462
0.05236246153846154
0.04839876923076923
0.047772923076923074
0.044435076923076924
0.03859384615384615
0.04193169230769231
0.03629907692307692
0.03379569230769231
0.035464615384615386
0.031709538461538456
0.035464615384615386
0.030875076923076922
0.01272553846153846
-0.0029206153846153843
-0.02273907692307692
-0.04693846153846153
-0.07593599999999999
-0.10889723076923077
-0.13059323076923077
-0.13768615384615385
-0.12808984615384614
-0.09533723076923077
-0.054657230769230764
-0.012099692307692308
0.042557538461538466
0.10389046153846154
0.16292861538461537
0.21341353846153846
0.2532590769230769
0.2730775384615384
0.2624381538461539
0.22488738461538463
0.1639716923076923
0.08469784615384615
-0.007510153846153846
-0.10764553846153846
-0.18545907692307692
-0.22676492307692306
-0.23406646153846156
-0.19860184615384616
-0.13455692307692307
-0.0448523076923077
0.06487938461538462
0.16626646153846153
0.24908676923076922
0.2995716923076923
0.30520430769230766
0.27871015384615383
0.22196676923076922
0.1353913846153846
0.026494153846153844
-0.09116492307692307
-0.19818461538461538
-0.28413415384615387
-0.3312812307692308
-0.32314523076923074
-0.2730775384615384
-0.19150892307692308
-0.07510153846153846
0.06946892307692307
0.20861538461538462
0.3143833846153846
0.37884553846153846
0.39324
0.36799753846153843
0.30186646153846153
0.20819815384615384
0.10222153846153846
-0.014185846153846153
-0.11765907692307691
-0.19463815384615382
-0.2371956923076923
-0.2426196923076923
-0.21758584615384616
-0.17461107692307692
-0.11286092307692308
-0.03421292307692308
0.03921969230769231
0.10201292307692307
0.14123261538461537
0.15896492307692306
0.1710646153846154
0.17398523076923075
0.17502830769230768
0.15938215384615384
0.10910584615384614
0.03859384615384615
-0.04109723076923077
-0.11035753846153845
-0.15959076923076923
-0.20131384615384615
-0.235944
-0.24992123076923078
-0.21132738461538458
-0.13038461538461538
-0.03859384615384615
0.06321046153846153
0.1504116923076923
0.22593046153846155
0.2966510769230769
0.3485963076923077
0.3707095384615384
0.33899999999999997
0.25701415384615384
0.14394461538461537
0.01668923076923077
-0.10994030769230768
-0.22697353846153845
-0.31855569230769226
-0.36966646153846155
-0.37008369230769234
-0.3156350769230769
-0.21633415384615384
-0.09387692307692307
0.025033846153846153
0.12934153846153845
0.21508246153846153
0.27286892307692306
0.2868461538461538
0.2453316923076923
0.16021661538461537
0.053405538461538456
-0.03859384615384615
-0.10243015384615384
-0.14018953846153845
-0.16042523076923076
-0.16981292307692308
-0.13706030769230768
-0.06550523076923077
0.029206153846153847
0.1207883076923077
0.1794092307692308
0.214248
0.2207150769230769
0.21862892307692305
0.19839323076923077
0.1543753846153846
0.10243015384615384
0.04902461538461538
0.023990769230769232
0.018983999999999997
0.03755076923076923
0.05799507692307692
0.06341907692307691
0.07739630769230768
0.0853236923076923
0.08594953846153845
0.07280676923076923
0.030040615384615384
-0.033169846153846154
-0.10889723076923077
-0.1614683076923077
-0.1860849230769231
-0.20277415384615383
-0.20819815384615384
-0.21737723076923077
-0.21362215384615382
-0.15291507692307693
-0.03108369230769231
0.1045163076923077
0.2626467692307692
0.3980381538461538
0.49817353846153845
0.5976830769230769
0.6212566153846153
0.5866264615384615
0.4405956923076923
0.23052
0.035464615384615386
-0.16793538461538463
-0.3277347692307692
-0.4683415384615384
-0.5353070769230769
-0.5167403076923076
-0.39866399999999996
-0.18754523076923074
0.03150092307692308
0.260352
0.45686769230769225
0.5772387692307692
0.6083224615384615
0.5175747692307692
0.3229366153846154
0.08094276923076923
-0.19651569230769228
-0.45102646153846154
-0.6341907692307692
-0.7505981538461538
-0.7412104615384615
-0.6293926153846153
-0.4320424615384615
-0.16710092307692306
0.08135999999999999
0.3087507692307692
0.46625538461538457
0.5286313846153846
0.5077698461538461
0.417648
0.3054129230769231
0.1785747692307692
0.05069353846153846
-0.06258461538461538
-0.1435273846153846
-0.16438892307692307
-0.15374953846153847
-0.14018953846153845
-0.12204
-0.1207883076923077
-0.09575446153846154
-0.053614153846153846
-0.03233538461538461
-0.02086153846153846
-0.045060923076923075
-0.07635323076923077
-0.06988615384615385
-0.04318338461538461
-0.003129230769230769
0.0448523076923077
0.100344
0.1775316923076923
0.23823876923076923
0.24762646153846155
0.1846246153846154
0.06279323076923077
-0.08490646153846154
-0.24345415384615382
-0.3713353846153846
-0.4577021538461538
-0.47689476923076923
-0.4124326153846154
-0.2851772307692308
-0.08991323076923076
0.13455692307692307
0.3481790769230769
0.5303003076923076
0.6233427692307691
0.6241772307692307
0.5565858461538462
0.4320424615384615
0.2651501538461538
0.06279323076923077
-0.14853415384615384
-0.3133403076923077
-0.4030449230769231
-0.42494953846153843
-0.39699507692307695
-0.330864
-0.2209236923076923
-0.06592246153846154
0.11953661538461538
0.26786215384615386
0.3508910769230769
0.3642424615384615
0.3087507692307692
0.2303113846153846
0.12642092307692307
-0.003963692307692307
-0.12725538461538463
-0.23636123076923077
-0.3095852307692307
-0.3049956923076923
-0.24282830769230768
-0.14519630769230768
-0.029623384615384614
0.06383630769230769
0.130176
0.1710646153846154
0.17002153846153847
0.12037107692307693
0.04318338461538461
-0.055491692307692304
-0.14060676923076923
-0.1775316923076923
-0.18149538461538461
-0.14540492307692307
-0.08240307692307691
-0.011056615384615385
0.07510153846153846
0.15374953846153847
0.20527753846153846
0.21091015384615383
0.154584
0.058829538461538454
-0.04735569230769231
-0.15541846153846153
-0.24616615384615384
-0.3160523076923077
-0.3573581538461538
-0.34588430769230766
-0.2753723076923077
-0.15562707692307692
-0.019609846153846155
0.11557292307692307
0.2355267692307692
0.3246055384615385
0.3767593846153846
0.37258707692307685
0.3114627692307692
0.2140393846153846
0.09033046153846153
-0.022947692307692308
-0.11703323076923078
-0.19609846153846153
-0.22175815384615383
-0.2075723076923077
-0.15166338461538462
-0.04839876923076923
0.06800861538461538
0.1860849230769231
0.2768326153846154
0.32585723076923073
0.33962584615384617
0.31626092307692305
0.2647329230769231
0.1942209230769231
0.10848000000000001
0.02023569230769231
-0.05590892307692308
-0.10368184615384615
-0.13393107692307693
-0.15333230769230768
-0.15687876923076924
-0.1614683076923077
-0.15959076923076923
-0.14916
-0.1435273846153846
-0.13664307692307692
-0.127464
-0.10514215384615383
-0.05611753846153846
0.0012516923076923076
0.056951999999999996
0.11181784615384616
0.1635544615384615
0.21883753846153844
0.2712
0.2966510769230769
0.2899753846153846
0.24887815384615386
0.17169046153846151
0.07677046153846154
-0.028163076923076923
-0.13226215384615383
-0.21988061538461537
-0.2799618461538461
-0.2993630769230769
-0.26723630769230766
-0.19505538461538463
-0.10222153846153846
0.006049846153846154
0.11452984615384615
0.20047938461538461
0.2624381538461539
0.2887236923076923
0.2632726153846154
0.1940123076923077
0.08866153846153846
-0.027328615384615382
-0.13706030769230768
-0.23656984615384613
-0.31041969230769234
-0.34588430769230766
-0.3269003076923077
-0.2568055384615385
-0.14185846153846154
-0.006884307692307692
0.10868861538461538
0.19985353846153847
0.25659692307692306
0.28246523076923075
0.2720344615384615
0.20339999999999997
0.10347323076923076
-0.008970461538461538
-0.11098338461538461
-0.16856123076923077
-0.1883796923076923
-0.1691870769230769
-0.12037107692307693
-0.05799507692307692
0.023364923076923075
0.0988836923076923
0.15520984615384617
0.17502830769230768
0.15208061538461537
0.10910584615384614
0.04985907692307692
-0.0035464615384615383
-0.04672984615384615
-0.07092923076923077
-0.06195876923076923
-0.03379569230769231
0.023990769230769232
0.10430769230769231
0.1783661538461538
0.23093723076923076
0.24720923076923076
0.22801661538461537
0.1802436923076923
0.09971815384615385
0.003129230769230769
-0.09471138461538461
-0.18149538461538461
-0.23364923076923078
-0.23969907692307693
-0.20465169230769228
-0.13393107692307693
-0.03337846153846154
0.09325107692307691
0.23490092307692306
0.3571495384615384
0.4383009230769231
0.4564504615384615
0.41368430769230763
0.3279433846153846
0.20694646153846152
0.06738276923076922
-0.08615815384615384
-0.23177169230769232
-0.3456756923076923
-0.4049224615384615
-0.4024190769230769
-0.3479704615384615
-0.24762646153846155
-0.11557292307692307
0.02795446153846154
0.1639716923076923
0.2689052307692308
0.31104553846153843
0.3095852307692307
0.2716172307692308
0.19150892307692308
0.0988836923076923
0.0006258461538461538
-0.09241661538461539
-0.16438892307692307
-0.20402584615384614
-0.20173107692307693
-0.17628
-0.14144123076923076
-0.09554584615384615
-0.04944184615384615
0.0006258461538461538
0.04672984615384615
0.08761846153846153
0.12934153846153845
0.15333230769230768
0.16209415384615386
0.15875630769230767
0.14415323076923076
0.13372246153846154
0.10263876923076923
0.05090215384615384
0.003963692307692307
-0.03901107692307692
-0.06654830769230768
-0.09450276923076922
-0.12788123076923075
-0.14957723076923077
-0.16063384615384615
-0.14540492307692307
-0.10076123076923077
-0.041514461538461535
0.017940923076923077
0.07635323076923077
0.13893784615384613
0.1990190769230769
0.24574892307692306
0.26139507692307695
0.2411593846153846
0.1940123076923077
0.12808984615384614
0.053614153846153846
-0.02357353846153846
-0.09325107692307691
-0.14999446153846155
-0.1846246153846154
-0.1829556923076923
-0.13872923076923074
-0.06529661538461538
0.009804923076923077
0.07635323076923077
0.13998092307692306
0.19463815384615382
0.2238443076923077
0.2221753846153846
0.1913003076923077
0.13726892307692307
0.07092923076923077
0.006258461538461538
-0.04693846153846153
-0.09763200000000001
-0.14457046153846154
-0.18066092307692305
-0.19881046153846152
-0.1860849230769231
-0.15416676923076922
-0.11286092307692308
-0.07030338461538461
-0.028163076923076923
0.017523692307692306
0.061124307692307686
0.1028473846153846
0.12621230769230768
0.12350030769230769
0.11014892307692307
0.08761846153846153
0.06258461538461538
0.03775938461538462
0.0077187692307692304
-0.013768615384615384
-0.02023569230769231
-0.021904615384615383
-0.015854769230769228
-0.011473846153846154
-0.02357353846153846
-0.04380923076923077
-0.06800861538461538
-0.09763200000000001
-0.12788123076923075
-0.15520984615384617
-0.17440246153846153
-0.16313723076923078
-0.1289243076923077
-0.0798996923076923
-0.017940923076923077
0.03337846153846154
0.07384984615384615
0.09199938461538461
0.08156861538461539
0.050067692307692306
-0.003963692307692307
-0.06550523076923077
-0.12204
-0.16793538461538463
-0.1913003076923077
-0.19442953846153843
-0.18232984615384615
-0.14477907692307693
-0.08824430769230769
-0.01814953846153846
0.058829538461538454
0.13247076923076923
0.1829556923076923
0.19672430769230767
0.18379015384615385
0.14540492307692307
0.08720123076923077
0.017732307692307693
-0.05236246153846154
-0.10493353846153847
-0.12725538461538463
-0.11286092307692308
-0.06592246153846154
-0.009179076923076922
0.05319692307692307
0.12037107692307693
0.17294215384615383
0.20673784615384616
0.21696000000000001
0.19067446153846154
0.13497415384615385
0.0678
-0.0016689230769230767
-0.06321046153846153
-0.1097316923076923
-0.1356
-0.1316363076923077
-0.08845292307692308
-0.02023569230769231
0.05111076923076923
0.11765907692307691
0.16793538461538463
0.18754523076923074
0.18107815384615383
0.14790830769230767
0.09283384615384616
0.023364923076923075
-0.05590892307692308
-0.10493353846153847
-0.13226215384615383
-0.13226215384615383
-0.09241661538461539
-0.04130584615384615
0.026285538461538457
0.09095630769230768
0.14331876923076922
0.1783661538461538
0.17461107692307692
0.14185846153846154
0.08448923076923077
0.010639384615384617
-0.06654830769230768
-0.13184492307692308
-0.16418030769230768
-0.17544553846153846
-0.16251138461538459
-0.11807630769230769
-0.05611753846153846
0.013142769230769229
0.065088
0.09846646153846153
0.11682461538461539
0.11411261538461538
0.09825784615384614
0.07510153846153846
0.03942830769230769
0.010848
-0.0006258461538461538
0.0006258461538461538
0.014603076923076923
0.03629907692307692
0.06404492307692307
0.07051199999999999
0.07906523076923076
0.04631261538461538
-0.008761846153846153
-0.04944184615384615
-0.09930092307692308
-0.11536430769230768
-0.14540492307692307
-0.15541846153846153
-0.12350030769230769
-0.05862092307692307
0.04193169230769231
0.2638984615384615
0.3913624615384615
0.32836061538461536
0.35235138461538457
0.2647329230769231
0.22008923076923076
0.21049292307692305
-0.05319692307692307
-0.2924787692307692
-0.5040147692307693
-0.5457378461538461
-0.40638276923076927
-0.32210215384615387
-0.20444307692307692
-0.14123261538461537
0.06195876923076923
0.35610646153846154
0.5747353846153846
0.7270246153846154
0.584748923076923
0.4303735384615384
0.2906012307692308
0.08949599999999999
0.0004172307692307692
-0.23844738461538462
-0.4022104615384615
-0.442056
-0.519660923076923
-0.3216849230769231
-0.1397723076923077
0.015020307692307692
0.25513661538461535
0.30290953846153845
0.37300430769230764
0.4253667692307692
0.39866399999999996
0.4128498461538462
0.2647329230769231
0.06300184615384616
-0.10910584615384614
-0.23782153846153845
-0.23198030769230768
-0.2695310769230769
-0.3049956923076923
-0.31772123076923076
-0.2822566153846154
-0.08302892307692307
0.06341907692307691
0.14540492307692307
0.20632061538461538
0.17002153846153847
0.21716861538461538
0.24658338461538462
0.18650215384615382
0.15249784615384615
0.034630153846153845
-0.013768615384615384
0.024408000000000003
0.01043076923076923
0.023990769230769232
-0.0025033846153846152
-0.06738276923076922
-0.10222153846153846
-0.13726892307692307
-0.15959076923076923
-0.15687876923076924
-0.12433476923076923
-0.10535076923076922
-0.07113784615384615
0.033169846153846154
0.10764553846153846
0.200688
0.2730775384615384
0.2330233846153846
0.208824
0.15354092307692307
0.07969107692307692
0.012934153846153845
-0.12350030769230769
-0.2140393846153846
-0.2559710769230769
-0.27182584615384614
-0.22989415384615383
-0.19797599999999999
-0.12245723076923076
0.01940123076923077
0.1502030769230769
0.2517987692307692
0.30666461538461537
0.3538116923076923
0.3665372307692307
0.30562153846153844
0.21111876923076925
0.028163076923076923
-0.13643446153846153
-0.23156307692307693
-0.347136
-0.3682061538461538
-0.3475532307692307
-0.30270092307692303
-0.15124615384615384
-0.02315630769230769
0.11953661538461538
0.2701569230769231
0.347136
0.39324
0.3615304615384615
0.2561796923076923
0.11682461538461539
-0.03129230769230769
-0.14978584615384616
-0.2624381538461539
-0.3323243076923077
-0.37008369230769234
-0.3673716923076923
-0.26348123076923075
-0.14060676923076923
0.010639384615384617
0.1489513846153846
0.21529107692307692
0.3077076923076923
0.36319938461538465
0.35256
0.3049956923076923
0.17732307692307692
0.05507446153846154
-0.021696
-0.08490646153846154
-0.12120553846153845
-0.16897846153846155
-0.20632061538461538
-0.1883796923076923
-0.13497415384615385
-0.04652123076923077
0.03421292307692308
0.09137353846153846
0.12350030769230769
0.12621230769230768
0.14853415384615384
0.15228923076923076
0.14665661538461539
0.13393107692307693
0.06341907692307691
0.023364923076923075
0.010639384615384617
0.01668923076923077
0.059872615384615385
0.04109723076923077
-0.011473846153846154
-0.045895384615384616
-0.0717636923076923
-0.05027630769230769
-0.03024923076923077
-0.05799507692307692
-0.08448923076923077
-0.08699261538461538
-0.03609046153846154
0.04088861538461538
0.09241661538461539
0.12516923076923075
0.1207883076923077
0.11181784615384616
0.09930092307692308
0.053614153846153846
-0.0050067692307692304
-0.10117846153846152
-0.18337292307692307
-0.23531815384615382
-0.2701569230769231
-0.2482523076923077
-0.22113230769230768
-0.1869193846153846
-0.12788123076923075
-0.06049846153846154
0.03775938461538462
0.13226215384615383
0.1829556923076923
0.18483323076923078
0.14665661538461539
0.10013538461538461
0.06717415384615384
0.03212676923076923
-0.021904615384615383
-0.08907876923076924
-0.13789476923076924
-0.15124615384615384
-0.13101046153846155
-0.0961716923076923
-0.07343261538461537
-0.029414769230769227
0.03755076923076923
0.11619876923076923
0.20027076923076922
0.2292683076923077
0.21967199999999998
0.1992276923076923
0.1612596923076923
0.11953661538461538
0.06300184615384616
-0.010639384615384617
-0.0853236923076923
-0.14311015384615386
-0.1804523076923077
-0.1927606153846154
-0.18754523076923074
-0.17002153846153847
-0.13852061538461538
-0.10263876923076923
-0.058829538461538454
-0.014811692307692307
0.01856676923076923
0.03838523076923077
0.05277969230769231
0.05486584615384615
0.04631261538461538
0.04109723076923077
0.031918153846153846
0.03045784615384615
0.023990769230769232
0.010013538461538461
0.013351384615384614
0.022947692307692308
0.04088861538461538
0.06300184615384616
0.08094276923076923
0.0963803076923077
0.10827138461538462
0.1151556923076923
0.11640738461538462
0.11974523076923077
0.12788123076923075
0.11745046153846153
0.08156861538461539
0.05048492307692308
0.016480615384615385
-0.003755076923076923
-0.004589538461538461
-0.0077187692307692304
-0.0035464615384615383
-0.008970461538461538
-0.010222153846153844
0.006049846153846154
0.02211323076923077
0.021696
0.0029206153846153843
-0.012308307692307691
-0.011891076923076923
0.0012516923076923076
0.013768615384615384
0.021278769230769233
0.021070153846153846
0.02232184615384615
0.026494153846153844
0.014185846153846153
-0.013560000000000001
-0.05319692307692307
-0.09596307692307693
-0.13101046153846155
-0.14457046153846154
-0.1353913846153846
-0.11327815384615383
-0.06404492307692307
-0.0012516923076923076
0.054240000000000003
0.10639384615384614
0.14394461538461537
0.1570873846153846
0.14081538461538462
0.103056
0.06487938461538462
0.016063384615384615
-0.03755076923076923
-0.08991323076923076
-0.143736
-0.17502830769230768
-0.17419384615384614
-0.13726892307692307
-0.07259815384615384
-0.006258461538461538
0.06404492307692307
0.13914646153846155
0.20402584615384614
0.2605606153846154
0.2791273846153846
0.2509643076923077
0.192552
0.1097316923076923
0.03483876923076923
-0.031709538461538456
-0.0961716923076923
-0.14060676923076923
-0.15270646153846154
-0.11891076923076922
-0.05111076923076923
0.02232184615384615
0.0855323076923077
0.12537784615384615
0.15145476923076923
0.16021661538461537
0.15082892307692305
0.11703323076923078
0.053405538461538456
-0.010013538461538461
-0.06487938461538462
-0.09825784615384614
-0.0988836923076923
-0.09053907692307692
-0.08010830769230769
-0.054657230769230764
-0.02357353846153846
0.013351384615384614
0.04401784615384615
0.040679999999999994
0.01940123076923077
-0.006258461538461538
-0.029623384615384614
-0.03483876923076923
-0.03984553846153846
-0.04631261538461538
-0.037967999999999995
-0.017523692307692306
0.031709538461538456
0.09784061538461537
0.15291507692307693
0.1881710769230769
0.19797599999999999
0.1942209230769231
0.1792006153846154
0.15520984615384617
0.11181784615384616
0.04902461538461538
-0.003129230769230769
-0.03650769230769231
-0.03504738461538461
-0.0077187692307692304
0.012934153846153845
0.04130584615384615
0.08344615384615384
0.132888
0.1794092307692308
0.18983999999999998
0.1570873846153846
0.08636676923076922
0.005215384615384615
-0.065088
-0.1289243076923077
-0.19338646153846153
-0.25847446153846154
-0.287472
-0.28392553846153845
-0.23928184615384615
-0.15875630769230767
-0.09387692307692307
-0.022947692307692308
0.03838523076923077
0.08177723076923075
0.1218313846153846
0.12224861538461537
0.09074769230769231
0.03108369230769231
-0.0448523076923077
-0.10347323076923076
-0.13768615384615385
-0.1504116923076923
-0.15270646153846154
-0.1395636923076923
-0.1028473846153846
-0.04652123076923077
0.028163076923076923
0.08761846153846153
0.10764553846153846
0.1028473846153846
0.07948246153846153
0.04985907692307692
0.022947692307692308
-0.015854769230769228
-0.05736923076923077
-0.08302892307692307
-0.09095630769230768
-0.06300184615384616
-0.021904615384615383
0.01710646153846154
0.058412307692307694
0.08615815384615384
0.12558646153846154
0.16188553846153847
0.1760713846153846
0.1656406153846154
0.12558646153846154
0.07948246153846153
0.03150092307692308
-0.0033378461538461535
-0.02357353846153846
-0.02899753846153846
-0.012934153846153845
0.021070153846153846
0.07051199999999999
0.11974523076923077
0.15082892307692305
0.1585476923076923
0.1558356923076923
0.13601723076923075
0.10681107692307691
0.06362769230769232
0.004589538461538461
-0.05590892307692308
-0.11348676923076922
-0.13267938461538462
-0.11953661538461538
-0.09763200000000001
-0.07092923076923077
-0.040054153846153843
-0.0012516923076923076
0.04693846153846153
0.10117846153846152
0.1424843076923077
0.15416676923076922
0.143736
0.12162276923076921
0.092208
0.06571384615384615
0.03400430769230769
0.002712
-0.019192615384615384
-0.02524246153846154
-0.003963692307692307
0.014603076923076923
0.022530461538461537
0.021278769230769233
0.0077187692307692304
0.006467076923076923
0.00855323076923077
0.013560000000000001
0.018983999999999997
0.020027076923076922
0.02795446153846154
0.03692492307692308
0.055491692307692304
0.07030338461538461
0.06884307692307692
0.05507446153846154
0.02044430769230769
-0.01272553846153846
-0.05236246153846154
-0.09971815384615385
-0.13998092307692306
-0.1787833846153846
-0.19526400000000002
-0.21487384615384614
-0.2154996923076923
-0.21174461538461536
-0.20110523076923076
-0.1881710769230769
-0.17252492307692308
-0.12287446153846153
-0.05236246153846154
0.058829538461538454
0.20632061538461538
0.4151446153846154
0.5042233846153846
0.5751526153846154
0.6567212307692307
0.6202135384615385
0.6139550769230769
0.4416387692307692
0.20402584615384614
-0.06717415384615384
-0.3609046153846154
-0.520704
-0.7090836923076923
-0.7856455384615385
-0.7941987692307692
-0.6974012307692307
-0.4141015384615384
-0.10660246153846153
0.2979027692307692
0.6060276923076923
0.7987883076923077
0.9425243076923077
0.8964203076923077
0.7785526153846153
0.523416
0.1489513846153846
-0.19296923076923078
-0.5968486153846153
-0.8751415384615384
-0.9825784615384614
-1.0157483076923077
-0.8574092307692308
-0.6540092307692308
-0.39365723076923076
-0.07364123076923076
0.21007569230769232
0.5286313846153846
0.7489292307692308
0.8498990769230769
0.8672141538461537
0.7687476923076924
0.6308529230769231
0.39282276923076925
0.06759138461538462
-0.25805723076923076
-0.5807852307692307
-0.7733372307692308
-0.8521938461538461
-0.8540713846153847
-0.7332830769230769
-0.5743181538461538
-0.34630153846153844
-0.06863446153846153
0.17419384615384614
0.41994276923076923
0.5933021538461538
0.6919772307692308
0.763115076923077
0.7351606153846154
0.6460818461538461
0.48106707692307693
0.22989415384615383
-0.041514461538461535
-0.33712246153846154
-0.5958055384615384
-0.7944073846153846
-0.8972547692307693
-0.8901618461538461
-0.8106793846153846
-0.5759870769230769
-0.24282830769230768
0.1207883076923077
0.5108990769230769
0.8140172307692307
1.0288910769230768
1.1348676923076924
1.0962738461538462
0.9650547692307692
0.6878049230769231
0.32669169230769235
-0.04109723076923077
-0.4115981538461538
-0.6978184615384615
-0.898715076923077
-0.9844559999999999
-0.9239575384615385
-0.747468923076923
-0.46041415384615386
-0.11223507692307692
0.2601433846153846
0.6149981538461539
0.8699261538461538
1.0217981538461538
1.0487095384615384
0.9260436923076922
0.71868
0.40700861538461536
0.0609156923076923
-0.24282830769230768
-0.5242504615384616
-0.7030338461538461
-0.8042123076923077
-0.8246566153846154
-0.7142990769230768
-0.5357243076923077
-0.2899753846153846
-0.017315076923076923
0.2236356923076923
0.42265476923076917
0.5463636923076923
0.612912
0.6110344615384615
0.5296744615384615
0.3882332307692308
0.1800350769230769
-0.028788923076923077
-0.22029784615384615
-0.39407446153846154
-0.5106904615384615
-0.6070707692307692
-0.6498369230769231
-0.6099913846153846
-0.5186178461538461
-0.3752990769230769
-0.21466523076923077
-0.04652123076923077
0.1397723076923077
0.314592
0.458328
0.5463636923076923
0.5503273846153846
0.48982892307692305
0.3746732307692308
0.2422024615384615
0.10055261538461538
-0.07364123076923076
-0.23656984615384613
-0.39657784615384617
-0.4975476923076923
-0.5167403076923076
-0.48586523076923077
-0.36403384615384615
-0.21508246153846153
-0.03755076923076923
0.17732307692307692
0.37717661538461533
0.5653476923076923
0.676956923076923
0.6930203076923077
0.6494196923076923
0.5457378461538461
0.4026276923076923
0.22447015384615385
0.017523692307692306
-0.17690584615384616
-0.34692738461538464
-0.4487316923076923
-0.4746
-0.46583815384615385
-0.40450523076923073
-0.3225193846153846
-0.20298276923076922
-0.048816000000000005
0.09053907692307692
0.22113230769230768
0.29352184615384613
0.327108923076923
0.3350363076923077
0.28768061538461537
0.22029784615384615
0.13101046153846155
0.02795446153846154
-0.06154153846153846
-0.1341396923076923
-0.16230276923076925
-0.15792184615384616
-0.14164984615384615
-0.11327815384615383
-0.08177723076923075
-0.03275261538461539
0.008761846153846153
0.042974769230769226
0.08010830769230769
0.09304246153846155
0.10827138461538462
0.12850707692307692
0.146448
0.1783661538461538
0.18712800000000002
0.184416
0.1779489230769231
0.1397723076923077
0.08782707692307692
0.0022947692307692304
-0.09471138461538461
-0.16689230769230767
-0.21237046153846154
-0.22113230769230768
-0.2154996923076923
-0.1856676923076923
-0.1356
-0.065088
0.028788923076923077
0.12120553846153845
0.20360861538461536
0.24595753846153845
0.25138153846153843
0.23531815384615382
0.18525046153846153
0.08636676923076922
-0.028788923076923077
-0.13205353846153844
-0.21341353846153846
-0.2674449230769231
-0.30144923076923075
-0.2807963076923077
-0.22342707692307692
-0.13914646153846155
-0.02357353846153846
0.09575446153846154
0.21070153846153844
0.2897667692307692
0.32001599999999997
0.3127144615384615
0.26869661538461537
0.20110523076923076
0.11327815384615383
0.008136
-0.08344615384615384
-0.1476996923076923
-0.16897846153846155
-0.15479261538461536
-0.12433476923076923
-0.07656184615384615
-0.031709538461538456
0.018358153846153843
0.07092923076923077
0.09950953846153845
0.10576799999999999
0.07635323076923077
0.037342153846153844
0.011891076923076923
-0.002086153846153846
-0.0008344615384615384
-0.0002086153846153846
-0.0014603076923076922
-0.0035464615384615383
-0.0070929230769230765
-0.024616615384615383
-0.061750153846153844
-0.11599015384615384
-0.17252492307692308
-0.22447015384615385
-0.25993476923076925
-0.2716172307692308
-0.2737033846153846
-0.25242461538461536
-0.21111876923076925
-0.14457046153846154
-0.05590892307692308
0.03483876923076923
0.10931446153846153
0.14582215384615385
0.14582215384615385
0.12099692307692309
0.08615815384615384
0.03358707692307692
-0.03296123076923077
-0.10806276923076923
-0.16856123076923077
-0.18775384615384613
-0.1696043076923077
-0.11828492307692307
-0.05507446153846154
0.026285538461538457
0.11891076923076922
0.21237046153846154
0.2914356923076923
0.3269003076923077
0.3206418461538461
0.27558092307692306
0.21696000000000001
0.15771323076923077
0.09658892307692307
0.03567323076923076
-0.018775384615384614
-0.0448523076923077
-0.047981538461538464
-0.02044430769230769
0.028788923076923077
0.07259815384615384
0.11181784615384616
0.138312
0.15082892307692305
0.14540492307692307
0.1205796923076923
0.07969107692307692
0.02899753846153846
-0.013560000000000001
-0.033169846153846154
-0.03150092307692308
-0.016480615384615385
0.006049846153846154
0.03629907692307692
0.07656184615384615
0.11557292307692307
0.14874276923076923
0.15208061538461537
0.12204
0.07760492307692309
0.02524246153846154
-0.01981846153846154
-0.05736923076923077
-0.08448923076923077
-0.09137353846153846
-0.07823076923076923
-0.03692492307692308
0.03296123076923077
0.10931446153846153
0.17648861538461538
0.222384
0.24637476923076923
0.2509643076923077
0.22551323076923077
0.17377661538461536
0.09909230769230769
0.013560000000000001
-0.06613107692307692
-0.13205353846153844
-0.1733593846153846
-0.19192615384615386
-0.19025723076923076
-0.16292861538461537
-0.1205796923076923
-0.06654830769230768
-0.003963692307692307
0.04276615384615385
0.078648
0.1070196923076923
0.12496061538461539
0.132888
0.1207883076923077
0.0892873846153846
0.04631261538461538
0.0029206153846153843
-0.04088861538461538
-0.0826116923076923
-0.11891076923076922
-0.14811692307692306
-0.16292861538461537
-0.15270646153846154
-0.12266584615384615
-0.08386338461538462
-0.05319692307692307
-0.02795446153846154
0.0043809230769230765
0.03609046153846154
0.07238953846153846
0.0963803076923077
0.10368184615384615
0.10389046153846154
0.0974233846153846
0.08469784615384615
0.05507446153846154
0.010639384615384617
-0.042557538461538466
-0.10138707692307691
-0.14916
-0.17732307692307692
-0.18712800000000002
-0.17544553846153846
-0.14728246153846153
-0.0988836923076923
-0.02524246153846154
0.052153846153846155
0.11494707692307692
0.1558356923076923
0.16626646153846153
0.1637630769230769
0.14311015384615386
0.10076123076923077
0.050067692307692306
-0.016480615384615385
-0.07906523076923076
-0.12141415384615384
-0.13998092307692306
-0.13121907692307694
-0.10555938461538462
-0.07343261538461537
-0.02899753846153846
0.02795446153846154
0.08615815384615384
0.1314276923076923
0.1639716923076923
0.17648861538461538
0.16772676923076923
0.14436184615384615
0.10576799999999999
0.06675692307692307
0.024199384615384616
-0.01981846153846154
-0.052153846153846155
-0.06383630769230769
-0.05507446153846154
-0.042348923076923076
-0.03650769230769231
-0.029832
-0.01668923076923077
-0.0022947692307692304
0.01272553846153846
0.027745846153846152
0.04380923076923077
0.06487938461538462
0.0892873846153846
0.1207883076923077
0.14916
0.16480615384615382
0.16772676923076923
0.15646153846153846
0.14018953846153845
0.09429415384615383
0.03504738461538461
-0.02795446153846154
-0.09554584615384615
-0.13706030769230768
-0.16689230769230767
-0.17169046153846151
-0.14832553846153845
-0.11745046153846153
-0.059872615384615385
0.008344615384615384
0.07009476923076922
0.13372246153846154
0.16897846153846155
0.17461107692307692
0.15959076923076923
0.12329169230769231
0.0744756923076923
0.0014603076923076922
-0.08010830769230769
-0.146448
-0.20152246153846154
-0.22801661538461537
-0.22154953846153846
-0.1908830769230769
-0.14206707692307693
-0.09033046153846153
-0.05653476923076922
-0.031918153846153846
0.004172307692307692
0.03692492307692308
0.07238953846153846
0.10222153846153846
0.12308307692307692
0.1652233846153846
0.22822523076923076
0.26932246153846157
0.2845513846153846
0.249504
0.15833907692307692
0.03275261538461539
-0.07677046153846154
-0.15813046153846153
-0.29498215384615384
-0.36027876923076924
-0.39595199999999997
-0.36611999999999995
-0.23886461538461537
-0.13601723076923075
0.03296123076923077
0.13706030769230768
0.24428861538461538
0.34776184615384614
0.33607938461538456
0.30270092307692303
0.15145476923076923
-0.015646153846153844
-0.17294215384615383
-0.33378461538461535
-0.3813489230769231
-0.40638276923076927
-0.3584012307692308
-0.2275993846153846
-0.08657538461538461
0.09784061538461537
0.24908676923076922
0.3821833846153846
0.49045476923076925
0.4756430769230769
0.4360061538461539
0.3521427692307692
0.22321846153846153
0.1314276923076923
0.0035464615384615383
-0.08949599999999999
-0.1712732307692308
-0.25513661538461535
-0.2540935384615385
-0.24178523076923078
-0.20277415384615383
-0.1314276923076923
-0.06049846153846154
0.030875076923076922
0.09304246153846155
0.12808984615384614
0.14081538461538462
0.09930092307692308
0.05486584615384615
-0.0014603076923076922
-0.059664
-0.0974233846153846
-0.1287156923076923
-0.11348676923076922
-0.10722830769230769
-0.11348676923076922
-0.0963803076923077
-0.10514215384615383
-0.11557292307692307
-0.12433476923076923
-0.14311015384615386
-0.11849353846153846
-0.0609156923076923
0.02795446153846154
0.13351384615384615
0.20527753846153846
0.26076923076923075
0.27850153846153847
0.26932246153846157
0.22676492307692306
0.13998092307692306
0.053405538461538456
-0.04652123076923077
-0.12767261538461538
-0.16209415384615386
-0.14874276923076923
-0.092208
-0.03880246153846154
0.028163076923076923
0.11348676923076922
0.19171753846153847
0.2730775384615384
0.3187643076923077
0.30708184615384615
0.26160369230769226
0.1846246153846154
0.103056
0.032544
-0.04547815384615384
-0.11891076923076922
-0.17148184615384612
-0.18399876923076922
-0.14728246153846153
-0.07677046153846154
0.021487384615384613
0.11411261538461538
0.20402584615384614
0.2926873846153846
0.35047384615384614
0.37321292307692305
0.33983446153846153
0.2697396923076923
0.19505538461538463
0.10722830769230769
0.021278769230769233
-0.05298830769230769
-0.12391753846153845
-0.16730953846153845
-0.17002153846153847
-0.1353913846153846
-0.07906523076923076
-0.01043076923076923
0.06550523076923077
0.13226215384615383
0.1867107692307692
0.21299630769230768
0.21842030769230766
0.19714153846153845
0.14290153846153844
0.08511507692307693
0.020027076923076922
-0.05069353846153846
-0.11494707692307692
-0.16730953846153845
-0.19463815384615382
-0.19672430769230767
-0.17690584615384616
-0.13267938461538462
-0.07948246153846153
-0.03650769230769231
0.015228923076923076
0.07343261538461537
0.12558646153846154
0.16876984615384616
0.17002153846153847
0.15124615384615384
0.11619876923076923
0.05674338461538461
-0.012099692307692308
-0.10096984615384616
-0.1842073846153846
-0.25555384615384613
-0.29331323076923077
-0.2782929230769231
-0.25012984615384615
-0.2056947692307692
-0.14415323076923076
-0.06487938461538462
0.035255999999999996
0.11724184615384614
0.17023015384615386
0.18483323076923078
0.16167692307692308
0.12433476923076923
0.07635323076923077
0.02211323076923077
-0.041514461538461535
-0.10055261538461538
-0.14290153846153844
-0.16856123076923077
-0.1614683076923077
-0.1316363076923077
-0.09804923076923076
-0.06300184615384616
-0.016480615384615385
0.04693846153846153
0.11223507692307692
0.16313723076923078
0.19463815384615382
0.20193969230769232
0.1923433846153846
0.18274707692307693
0.16480615384615382
0.1289243076923077
0.065088
-0.010848
-0.0771876923076923
-0.13080184615384613
-0.16251138461538459
-0.18712800000000002
-0.208824
-0.21696000000000001
-0.19985353846153847
-0.15875630769230767
-0.111192
-0.06738276923076922
-0.03504738461538461
0.0
0.042974769230769226
0.07384984615384615
0.08782707692307692
0.08344615384615384
0.058412307692307694
0.018983999999999997
-0.021696
-0.053614153846153846
-0.09033046153846153
-0.1287156923076923
-0.15187199999999998
-0.15145476923076923
-0.12287446153846153
-0.07781353846153846
-0.026285538461538457
0.024199384615384616
0.07113784615384615
0.11828492307692307
0.16000799999999998
0.18170399999999998
0.16647507692307692
0.11828492307692307
0.06258461538461538
0.010222153846153844
-0.03713353846153846
-0.06759138461538462
-0.09471138461538461
-0.11599015384615384
-0.11473846153846154
-0.08991323076923076
-0.04965046153846154
-0.009596307692307692
0.026285538461538457
0.051528
0.07885661538461539
0.111192
0.14123261538461537
0.15771323076923077
0.157296
0.15667015384615385
0.15270646153846154
0.14603076923076924
0.12308307692307692
0.09095630769230768
0.059664
0.041514461538461535
0.05528307692307692
0.07280676923076923
0.09116492307692307
0.09596307692307693
0.0880356923076923
0.07948246153846153
0.0717636923076923
0.06905169230769231
0.05173661538461538
0.03838523076923077
0.03984553846153846
0.06049846153846154
0.08866153846153846
0.10889723076923077
0.11473846153846154
0.0936683076923077
0.06967753846153846
0.042348923076923076
0.0012516923076923076
-0.05319692307692307
-0.11682461538461539
-0.17690584615384616
-0.22780799999999998
-0.2574313846153846
-0.25555384615384613
-0.2355267692307692
-0.21132738461538458
-0.17148184615384612
-0.1028473846153846
-0.015228923076923076
0.06738276923076922
0.12642092307692307
0.15625292307692307
0.15750461538461538
0.14123261538461537
0.10889723076923077
0.05111076923076923
-0.020027076923076922
-0.09471138461538461
-0.16230276923076925
-0.20548615384615385
-0.2225926153846154
-0.2207150769230769
-0.1990190769230769
-0.16209415384615386
-0.11181784615384616
-0.04526953846153846
0.01814953846153846
0.062376
0.09074769230769231
0.10764553846153846
0.10868861538461538
0.09658892307692307
0.06800861538461538
0.02357353846153846
-0.028163076923076923
-0.0828203076923077
-0.11724184615384614
-0.13434830769230768
-0.13476553846153844
-0.12350030769230769
-0.10576799999999999
-0.05945538461538461
0.0035464615384615383
0.07280676923076923
0.13226215384615383
0.1710646153846154
0.19651569230769228
0.2056947692307692
0.19630707692307692
0.17398523076923075
0.14457046153846154
0.1070196923076923
0.07551876923076924
0.04985907692307692
0.040054153846153843
0.02545107692307692
-0.004589538461538461
-0.024408000000000003
-0.03942830769230769
-0.03880246153846154
-0.03275261538461539
-0.009804923076923077
0.027120000000000002
0.061124307692307686
0.10222153846153846
0.13643446153846153
0.16167692307692308
0.16292861538461537
0.13998092307692306
0.0974233846153846
0.03963692307692308
-0.026911384615384615
-0.09846646153846153
-0.16063384615384615
-0.20506892307692307
-0.2059033846153846
-0.15959076923076923
-0.07426707692307692
0.03150092307692308
0.13476553846153844
0.23385784615384617
0.31000246153846156
0.3588184615384616
0.37008369230769234
0.32585723076923073
0.24554030769230767
0.14790830769230767
0.05236246153846154
-0.028788923076923077
-0.09116492307692307
-0.1314276923076923
-0.14436184615384615
-0.12496061538461539
-0.07635323076923077
-0.004172307692307692
0.06049846153846154
0.10117846153846152
0.12329169230769231
0.13080184615384613
0.11891076923076922
0.09158215384615384
0.045060923076923075
-0.017523692307692306
-0.078648
-0.12454338461538461
-0.13121907692307694
-0.10827138461538462
-0.07092923076923077
-0.01940123076923077
0.03859384615384615
0.0974233846153846
0.14185846153846154
0.17315076923076922
0.18232984615384615
0.16188553846153847
0.12850707692307692
0.08699261538461538
0.043600615384615383
-0.0070929230769230765
-0.058829538461538454
-0.09512861538461538
-0.10389046153846154
-0.07656184615384615
-0.023782153846153845
0.03400430769230769
0.08323753846153846
0.12245723076923076
0.14853415384615384
0.15750461538461538
0.15082892307692305
0.12391753846153845
0.073224
0.01981846153846154
-0.026076923076923077
-0.06633969230769231
-0.10138707692307691
-0.12829846153846153
-0.14311015384615386
-0.13768615384615385
-0.10764553846153846
-0.06946892307692307
-0.026494153846153844
0.015228923076923076
0.04547815384615384
0.0826116923076923
0.12120553846153845
0.14081538461538462
0.13643446153846153
0.10618523076923077
0.06321046153846153
0.021696
-0.008761846153846153
-0.04109723076923077
-0.07113784615384615
-0.09158215384615384
-0.09074769230769231
-0.06592246153846154
-0.035255999999999996
0.0004172307692307692
0.017940923076923077
0.029414769230769227
0.04547815384615384
0.05674338461538461
0.06154153846153846
0.03713353846153846
-0.002712
-0.042557538461538466
-0.07531015384615385
-0.08615815384615384
-0.09179076923076923
-0.10076123076923077
-0.10514215384615383
-0.10222153846153846
-0.08240307692307691
-0.05236246153846154
-0.017315076923076923
0.019192615384615384
0.043600615384615383
0.07030338461538461
0.09909230769230769
0.1207883076923077
0.13476553846153844
0.12287446153846153
0.08761846153846153
0.05382276923076923
0.02545107692307692
-0.006049846153846154
-0.05090215384615384
-0.116616
-0.19004861538461537
-0.2503384615384615
-0.23344061538461539
-0.14665661538461539
-0.016897846153846156
0.14832553846153845
0.2814221538461538
0.4297476923076923
0.5453206153846154
0.5916332307692307
0.5764043076923077
0.4220289230769231
0.21758584615384616
-0.021904615384615383
-0.21132738461538458
-0.3752990769230769
-0.5259193846153846
-0.5697286153846154
-0.5845403076923077
-0.4395526153846154
-0.22029784615384615
-0.001043076923076923
0.2194633846153846
0.3490135384615385
0.4577021538461538
0.469176
0.3957433846153846
0.2559710769230769
0.03567323076923076
-0.1869193846153846
-0.4022104615384615
-0.5486584615384615
-0.608531076923077
-0.5862092307692308
-0.4483144615384615
-0.24554030769230767
-0.006675692307692307
0.22572184615384616
0.3886504615384615
0.5023458461538461
0.5177833846153846
0.4349630769230769
0.32210215384615387
0.17273353846153844
0.042348923076923076
-0.07468430769230769
-0.18191261538461537
-0.23156307692307693
-0.2503384615384615
-0.22947692307692308
-0.17982646153846152
-0.14603076923076924
-0.119328
-0.08156861538461539
-0.03129230769230769
0.012308307692307691
0.03713353846153846
0.03880246153846154
0.022530461538461537
0.030040615384615384
0.04109723076923077
0.041514461538461535
0.05757784615384615
0.06759138461538462
0.08907876923076924
0.11703323076923078
0.09012184615384615
0.020652923076923076
-0.07843938461538462
-0.19755876923076923
-0.28204799999999997
-0.3402516923076923
-0.3594443076923077
-0.3210590769230769
-0.24053353846153847
-0.10868861538461538
0.054240000000000003
0.21696000000000001
0.34630153846153844
0.4239064615384615
0.43663199999999996
0.3767593846153846
0.2768326153846154
0.16042523076923076
0.028163076923076923
-0.10117846153846152
-0.21445661538461538
-0.27328615384615385
-0.25972615384615383
-0.22634769230769228
-0.17523692307692307
-0.10493353846153847
-0.016480615384615385
0.10514215384615383
0.22697353846153845
0.3241883076923077
0.3692492307692308
0.35005661538461535
0.29414769230769233
0.22676492307692306
0.1353913846153846
0.004798153846153846
-0.11745046153846153
-0.20360861538461536
-0.23656984615384613
-0.20965846153846154
-0.15813046153846153
-0.08386338461538462
-0.0006258461538461538
0.050067692307692306
0.07343261538461537
0.07760492307692309
0.049233230769230765
-0.003963692307692307
-0.06842584615384616
-0.130176
-0.14874276923076923
-0.13622584615384614
-0.10743692307692307
-0.05799507692307692
-0.0077187692307692304
0.0446436923076923
0.08866153846153846
0.11911938461538461
0.11870215384615385
0.08344615384615384
0.017523692307692306
-0.06258461538461538
-0.12016246153846154
-0.1639716923076923
-0.18253846153846154
-0.16438892307692307
-0.12579507692307693
-0.05027630769230769
0.04860738461538461
0.14185846153846154
0.2290596923076923
0.2883064615384615
0.31918153846153846
0.3229366153846154
0.28934953846153844
0.22113230769230768
0.116616
-0.010848
-0.12600369230769232
-0.20715507692307691
-0.265776
-0.2999889230769231
-0.2858030769230769
-0.2209236923076923
-0.12099692307692309
-0.0008344615384615384
0.11181784615384616
0.19025723076923076
0.23385784615384617
0.24011630769230768
0.2127876923076923
0.1666836923076923
0.09158215384615384
0.003963692307692307
-0.06487938461538462
-0.116616
-0.14018953846153845
-0.14081538461538462
-0.1316363076923077
-0.10389046153846154
-0.06863446153846153
-0.02524246153846154
0.02357353846153846
0.06675692307692307
0.100344
0.1205796923076923
0.138312
0.15667015384615385
0.18066092307692305
0.19442953846153843
0.18921415384615384
0.17711446153846155
0.16042523076923076
0.154584
0.15270646153846154
0.12788123076923075
0.078648
0.020027076923076922
-0.027328615384615382
-0.06425353846153846
-0.08365476923076923
-0.08240307692307691
-0.06967753846153846
-0.02482523076923077
0.03942830769230769
0.11181784615384616
0.18212123076923076
0.23156307692307693
0.268488
0.27328615384615385
0.2436627692307692
0.18358153846153846
0.08302892307692307
-0.04109723076923077
-0.1652233846153846
-0.26911384615384615
-0.3344104615384615
-0.34943076923076927
-0.32210215384615387
-0.2591003076923077
-0.1635544615384615
-0.04902461538461538
0.07802215384615384
0.18942276923076923
0.2574313846153846
0.28434276923076923
0.2632726153846154
0.2073636923076923
0.12579507692307693
0.018983999999999997
-0.09387692307692307
-0.19797599999999999
-0.26619323076923074
-0.2914356923076923
-0.2680707692307692
-0.19755876923076923
-0.10806276923076923
0.003755076923076923
0.11953661538461538
0.22008923076923076
0.29498215384615384
0.31751261538461534
0.2962338461538461
0.24637476923076923
0.1760713846153846
0.10493353846153847
0.03880246153846154
-0.009387692307692307
-0.018775384615384614
0.0008344615384615384
0.0448523076923077
0.0961716923076923
0.1358086153846154
0.157296
0.14811692307692306
0.12454338461538461
0.07656184615384615
0.007301538461538462
-0.06362769230769232
-0.1341396923076923
-0.18107815384615383
-0.1994363076923077
-0.18545907692307692
-0.14457046153846154
-0.08907876923076924
-0.01856676923076923
0.04985907692307692
0.10263876923076923
0.138312
0.15124615384615384
0.12579507692307693
0.07030338461538461
-0.0025033846153846152
-0.06696553846153847
-0.10576799999999999
-0.13309661538461537
-0.14060676923076923
-0.13497415384615385
-0.10555938461538462
-0.04839876923076923
0.012934153846153845
0.073224
0.11077476923076923
0.1358086153846154
0.1504116923076923
0.13893784615384613
0.11494707692307692
0.07134646153846153
0.021904615384615383
-0.00855323076923077
-0.03108369230769231
-0.03942830769230769
-0.03379569230769231
-0.02795446153846154
-0.015020307692307692
-0.007510153846153846
-0.0018775384615384615
-0.003755076923076923
-0.026285538461538457
-0.056951999999999996
-0.10222153846153846
-0.13101046153846155
-0.13810338461538463
-0.13267938461538462
-0.100344
-0.05799507692307692
-0.0018775384615384615
0.05716061538461538
0.09930092307692308
0.12496061538461539
0.12287446153846153
0.086784
0.029414769230769227
-0.04172307692307692
-0.1178676923076923
-0.1869193846153846
-0.23803015384615384
-0.2436627692307692
-0.20047938461538461
-0.11035753846153845
0.019609846153846155
0.15604430769230768
0.2799618461538461
0.37613353846153846
0.4401784615384615
0.4627089230769231
0.42995630769230764
0.35339446153846155
0.24199384615384617
0.11181784615384616
-0.01043076923076923
-0.11578153846153846
-0.18629353846153843
-0.21362215384615382
-0.20047938461538461
-0.14957723076923077
-0.07197230769230768
0.01814953846153846
0.10597661538461538
0.17377661538461536
0.21195323076923075
0.22718215384615387
0.21612553846153845
0.1846246153846154
0.12975876923076923
0.07405846153846153
0.02795446153846154
-0.017732307692307693
-0.04693846153846153
-0.06842584615384616
-0.07405846153846153
-0.07134646153846153
-0.06800861538461538
-0.05674338461538461
-0.05319692307692307
-0.05736923076923077
-0.06946892307692307
-0.08198584615384615
-0.07510153846153846
-0.059664
-0.038176615384615385
-0.013560000000000001
-0.0016689230769230767
0.011891076923076923
0.027745846153846152
0.035255999999999996
0.03483876923076923
0.010013538461538461
-0.03296123076923077
-0.07927384615384615
-0.12266584615384615
-0.15333230769230768
-0.1802436923076923
-0.1927606153846154
-0.1913003076923077
-0.17544553846153846
-0.13852061538461538
-0.08594953846153845
-0.016272
0.04985907692307692
0.11077476923076923
0.16730953846153845
0.2090326153846154
0.22300984615384614
0.19630707692307692
0.12955015384615384
0.044435076923076924
-0.04172307692307692
-0.12662953846153846
-0.19693292307692306
-0.24992123076923078
-0.2753723076923077
-0.2588916923076923
-0.2073636923076923
-0.13893784615384613
-0.07092923076923077
-0.011265230769230769
0.04819015384615385
0.10222153846153846
0.14686523076923075
0.17398523076923075
0.16897846153846155
0.1435273846153846
0.0936683076923077
0.040054153846153843
-0.019609846153846155
-0.0961716923076923
-0.16605784615384614
-0.22008923076923076
-0.2399076923076923
-0.2236356923076923
-0.17377661538461536
-0.09471138461538461
-0.0002086153846153846
0.10535076923076922
0.20673784615384616
0.287472
0.34275507692307694
0.35193415384615384
0.31751261538461534
0.25555384615384613
0.17273353846153844
0.09325107692307691
0.010222153846153844
-0.07343261538461537
-0.13768615384615385
-0.18399876923076922
-0.19693292307692306
-0.1779489230769231
-0.14686523076923075
-0.1070196923076923
-0.07134646153846153
-0.03212676923076923
0.01814953846153846
0.061124307692307686
0.08824430769230769
0.08907876923076924
0.07092923076923077
0.05069353846153846
0.016897846153846156
-0.03108369230769231
-0.0826116923076923
-0.1489513846153846
-0.19359507692307693
-0.20694646153846152
-0.20110523076923076
-0.16835261538461538
-0.12725538461538463
-0.06550523076923077
0.010222153846153844
0.09199938461538461
0.16584923076923075
0.2127876923076923
0.241368
0.24741784615384615
0.24554030769230767
0.23385784615384617
0.20360861538461536
0.1612596923076923
0.0961716923076923
0.02211323076923077
-0.03275261538461539
-0.08031692307692308
-0.11974523076923077
-0.14269292307692305
-0.1476996923076923
-0.11494707692307692
-0.045895384615384616
0.04109723076923077
0.11849353846153846
0.16021661538461537
0.1777403076923077
0.18942276923076923
0.1666836923076923
0.13664307692307692
0.06633969230769231
-0.016897846153846156
-0.06988615384615385
-0.09033046153846153
0.04819015384615385
0.07405846153846153
0.06905169230769231
0.1356
0.12245723076923076
0.22655630769230767
0.20047938461538461
0.12266584615384615
0.01856676923076923
-0.14519630769230768
-0.12558646153846154
-0.16167692307692308
-0.165432
-0.18775384615384613
-0.2275993846153846
-0.0974233846153846
-0.022947692307692308
0.10243015384615384
0.17461107692307692
0.10806276923076923
0.10201292307692307
0.026911384615384615
0.0022947692307692304
-0.001043076923076923
-0.09179076923076923
-0.07969107692307692
-0.13226215384615383
-0.1639716923076923
-0.06154153846153846
-0.014394461538461538
0.08615815384615384
0.1218313846153846
0.08866153846153846
0.11286092307692308
0.10055261538461538
0.15604430769230768
0.20047938461538461
0.15145476923076923
0.111192
0.05820369230769231
0.08219446153846154
0.12016246153846154
0.07343261538461537
0.03755076923076923
-0.03421292307692308
-0.04631261538461538
-0.0014603076923076922
-0.009804923076923077
0.009804923076923077
-0.0014603076923076922
-0.004798153846153846
0.051528
0.058412307692307694
0.0678
0.05799507692307692
0.00855323076923077
0.021278769230769233
0.021278769230769233
0.016272
0.004589538461538461
-0.05653476923076922
-0.09825784615384614
-0.15354092307692307
-0.18107815384615383
-0.165432
-0.13247076923076923
-0.052571076923076915
-0.0035464615384615383
0.0826116923076923
0.21049292307692305
0.2818393846153846
0.3565236923076923
0.36027876923076924
0.32502276923076917
0.2887236923076923
0.19818461538461538
0.12579507692307693
0.017315076923076923
-0.10409907692307692
-0.15875630769230767
-0.18399876923076922
-0.1652233846153846
-0.12767261538461538
-0.08323753846153846
0.0029206153846153843
0.09116492307692307
0.17002153846153847
0.21320492307692307
0.21654276923076923
0.23093723076923076
0.19609846153846153
0.12704676923076924
0.050067692307692306
-0.0717636923076923
-0.1585476923076923
-0.23615261538461538
-0.29644246153846154
-0.2914356923076923
-0.2926873846153846
-0.24992123076923078
-0.19505538461538463
-0.15291507692307693
-0.06967753846153846
0.007927384615384614
0.08031692307692308
0.13330523076923076
0.1506203076923077
0.14978584615384616
0.12370892307692308
0.10263876923076923
0.08615815384615384
0.05486584615384615
0.03275261538461539
0.003129230769230769
-0.012934153846153845
-0.009596307692307692
-0.019192615384615384
-0.008761846153846153
-0.007510153846153846
-0.005841230769230769
0.037967999999999995
0.07677046153846154
0.10201292307692307
0.10597661538461538
0.09909230769230769
0.11411261538461538
0.1207883076923077
0.10868861538461538
0.08490646153846154
0.033169846153846154
-0.025659692307692307
-0.08511507692307693
-0.14394461538461537
-0.1802436923076923
-0.21174461538461536
-0.20798953846153845
-0.1858763076923077
-0.14707384615384617
-0.07113784615384615
-0.006049846153846154
0.08219446153846154
0.16063384615384615
0.20319138461538463
0.238656
0.22780799999999998
0.20360861538461536
0.15520984615384617
0.06154153846153846
-0.015646153846153844
-0.0880356923076923
-0.1353913846153846
-0.14957723076923077
-0.15124615384615384
-0.11181784615384616
-0.06592246153846154
-0.011056615384615385
0.05611753846153846
0.09387692307692307
0.12725538461538463
0.1353913846153846
0.11828492307692307
0.09721476923076922
0.03755076923076923
-0.019609846153846155
-0.07259815384615384
-0.11286092307692308
-0.10785415384615385
-0.09408553846153846
-0.05090215384615384
0.028163076923076923
0.10848000000000001
0.18170399999999998
0.22801661538461537
0.2559710769230769
0.2682793846153846
0.24032492307692307
0.1881710769230769
0.1028473846153846
-0.0012516923076923076
-0.09429415384615383
-0.16251138461538459
-0.18107815384615383
-0.17481969230769231
-0.1397723076923077
-0.06905169230769231
0.014811692307692307
0.1045163076923077
0.1691870769230769
0.20819815384615384
0.2238443076923077
0.18483323076923078
0.11327815384615383
0.021070153846153846
-0.09533723076923077
-0.19338646153846153
-0.2666104615384615
-0.31188
-0.32231076923076923
-0.2979027692307692
-0.2292683076923077
-0.14749107692307692
-0.056951999999999996
0.024408000000000003
0.08824430769230769
0.1397723076923077
0.157296
0.16105107692307694
0.14749107692307692
0.1045163076923077
0.05653476923076922
0.006258461538461538
-0.040262769230769234
-0.07468430769230769
-0.1136953846153846
-0.13038461538461538
-0.12704676923076924
-0.10994030769230768
-0.06529661538461538
-0.028788923076923077
0.015228923076923076
0.054240000000000003
0.08052553846153847
0.11619876923076923
0.13247076923076923
0.13768615384615385
0.12579507692307693
0.09116492307692307
0.05862092307692307
0.01940123076923077
-0.013768615384615384
-0.043600615384615383
-0.08991323076923076
-0.13497415384615385
-0.17315076923076922
-0.19630707692307692
-0.184416
-0.14916
-0.09471138461538461
-0.02795446153846154
0.04047138461538462
0.124752
0.20298276923076922
0.2618123076923077
0.2899753846153846
0.2822566153846154
0.25701415384615384
0.21070153846153844
0.14582215384615385
0.06550523076923077
-0.01981846153846154
-0.09658892307692307
-0.154584
-0.17523692307692307
-0.15959076923076923
-0.1205796923076923
-0.04944184615384615
0.04109723076923077
0.138312
0.22822523076923076
0.28476
0.30436984615384616
0.2716172307692308
0.18963138461538462
0.07781353846153846
-0.06216738461538462
-0.20319138461538463
-0.3248141538461538
-0.4159790769230769
-0.45603323076923075
-0.4291218461538462
-0.34880492307692307
-0.23677846153846152
-0.10660246153846153
0.029623384615384614
0.16105107692307694
0.25284184615384614
0.2943563076923077
0.2837169230769231
0.20840676923076923
0.09784061538461537
-0.024199384615384616
-0.13852061538461538
-0.21862892307692305
-0.27328615384615385
-0.2868461538461538
-0.24574892307692306
-0.17023015384615386
-0.06279323076923077
0.051319384615384614
0.14957723076923077
0.2221753846153846
0.25930892307692305
0.2628553846153846
0.238656
0.18629353846153843
0.11286092307692308
0.03400430769230769
-0.041514461538461535
-0.09596307692307693
-0.12934153846153845
-0.14811692307692306
-0.14999446153846155
-0.12808984615384614
-0.08761846153846153
-0.037967999999999995
0.015646153846153844
0.06028984615384615
0.09909230769230769
0.13038461538461538
0.15875630769230767
0.17961784615384613
0.17523692307692307
0.15500123076923078
0.11473846153846154
0.06321046153846153
0.011056615384615385
-0.03421292307692308
-0.06863446153846153
-0.0988836923076923
-0.10722830769230769
-0.09179076923076923
-0.05298830769230769
0.005841230769230769
0.06404492307692307
0.11390399999999999
0.1489513846153846
0.1704387692307692
0.18274707692307693
0.17023015384615386
0.1341396923076923
0.08615815384615384
0.040054153846153843
0.003129230769230769
-0.02524246153846154
-0.042557538461538466
-0.05924676923076923
-0.06028984615384615
-0.04526953846153846
-0.021070153846153846
0.016063384615384615
0.03775938461538462
0.05528307692307692
0.07489292307692308
0.08115138461538463
0.07823076923076923
0.050067692307692306
0.00855323076923077
-0.03713353846153846
-0.08302892307692307
-0.11390399999999999
-0.13184492307692308
-0.14311015384615386
-0.15374953846153847
-0.15792184615384616
-0.15082892307692305
-0.127464
-0.10430769230769231
-0.09137353846153846
-0.08782707692307692
-0.08469784615384615
-0.06800861538461538
-0.03838523076923077
-0.005424
0.013560000000000001
0.025659692307692307
0.030040615384615384
0.02795446153846154
0.024616615384615383
0.008136
-0.022530461538461537
-0.04839876923076923
-0.06362769230769232
-0.065088
-0.05111076923076923
-0.04526953846153846
-0.03942830769230769
-0.018983999999999997
0.018983999999999997
0.07092923076923077
0.11953661538461538
0.15124615384615384
0.16438892307692307
0.17461107692307692
0.18796246153846152
0.19693292307692306
0.20173107692307693
0.19192615384615386
0.1696043076923077
0.1435273846153846
0.11181784615384616
0.09074769230769231
0.06675692307692307
0.03942830769230769
0.02315630769230769
0.016063384615384615
0.030040615384615384
0.044435076923076924
0.05173661538461538
0.059872615384615385
0.06321046153846153
0.0771876923076923
0.09721476923076922
0.1045163076923077
0.09992676923076924
0.07697907692307693
0.0446436923076923
0.029414769230769227
0.019192615384615384
0.006884307692307692
-0.016897846153846156
-0.05069353846153846
-0.07572738461538461
-0.0934596923076923
-0.0936683076923077
-0.086784
-0.07092923076923077
-0.03671630769230769
0.017732307692307693
0.09137353846153846
0.168144
0.23114584615384615
0.28121353846153846
0.31083692307692307
0.3193901538461538
0.31188
0.25513661538461535
0.16334584615384617
0.05027630769230769
-0.06383630769230769
-0.15416676923076922
-0.21508246153846153
-0.2436627692307692
-0.24491446153846153
-0.20652923076923077
-0.14436184615384615
-0.059664
0.04088861538461538
0.12120553846153845
0.17586276923076924
0.20506892307692307
0.21028430769230766
0.18963138461538462
0.14144123076923076
0.06404492307692307
-0.026076923076923077
-0.10889723076923077
-0.165432
-0.19213476923076922
-0.21654276923076923
-0.2225926153846154
-0.22300984615384614
-0.19547261538461536
-0.14311015384615386
-0.07843938461538462
-0.007301538461538462
0.047772923076923074
0.10660246153846153
0.1656406153846154
0.2411593846153846
0.287472
0.39636923076923075
0.3682061538461538
0.23615261538461538
0.1942209230769231
0.05862092307692307
0.04193169230769231
-0.065088
-0.23928184615384615
-0.34296369230769225
-0.4733483076923077
-0.34963938461538463
-0.2624381538461539
-0.17815753846153848
-0.07343261538461537
-0.021904615384615383
0.22175815384615383
0.3767593846153846
0.5171575384615384
0.5363501538461538
0.3369138461538461
0.2209236923076923
0.018358153846153843
-0.13726892307692307
-0.2682793846153846
-0.4929581538461539
-0.5186178461538461
-0.5438603076923076
-0.5035975384615384
-0.29080984615384614
-0.1710646153846154
0.03108369230769231
0.1787833846153846
0.22572184615384616
0.30144923076923075
0.24992123076923078
0.24741784615384615
0.2209236923076923
0.0853236923076923
-0.02545107692307692
-0.15646153846153846
-0.19067446153846154
-0.19609846153846153
-0.25138153846153843
-0.2480436923076923
-0.25972615384615383
-0.19609846153846153
-0.06613107692307692
0.0043809230769230765
0.092208
0.13372246153846154
0.1666836923076923
0.24345415384615382
0.2330233846153846
0.2075723076923077
0.1706473846153846
0.09554584615384615
0.09158215384615384
0.07614461538461538
0.053614153846153846
0.03963692307692308
-0.0035464615384615383
-0.0043809230769230765
-0.01981846153846154
-0.028163076923076923
-0.01856676923076923
-0.002712
0.059872615384615385
0.07092923076923077
0.09074769230769231
0.1341396923076923
0.13330523076923076
0.1656406153846154
0.15354092307692307
0.11536430769230768
0.09554584615384615
0.03212676923076923
0.015646153846153844
-0.012099692307692308
-0.05444861538461539
-0.03775938461538462
-0.04380923076923077
-0.03379569230769231
-0.03859384615384615
-0.05590892307692308
-0.016480615384615385
0.021278769230769233
0.04965046153846154
0.04902461538461538
0.042348923076923076
0.07948246153846153
0.10076123076923077
0.10076123076923077
0.08699261538461538
0.03984553846153846
0.04318338461538461
0.06633969230769231
0.07843938461538462
0.11828492307692307
0.11411261538461538
0.10994030769230768
0.11035753846153845
0.06988615384615385
0.03504738461538461
-0.014811692307692307
-0.06008123076923077
-0.08469784615384615
-0.1028473846153846
-0.10055261538461538
-0.10660246153846153
-0.09596307692307693
-0.06633969230769231
-0.04380923076923077
-0.02044430769230769
-0.027328615384615382
-0.03775938461538462
-0.045895384615384616
-0.06717415384615384
-0.06571384615384615
-0.07635323076923077
-0.09262523076923077
-0.08177723076923075
-0.07030338461538461
-0.05590892307692308
-0.06028984615384615
-0.0771876923076923
-0.065088
-0.05173661538461538
-0.05048492307692308
-0.05048492307692308
-0.05778646153846154
-0.051528
-0.03650769230769231
-0.012099692307692308
0.02858030769230769
0.06049846153846154
0.09262523076923077
0.10243015384615384
0.0963803076923077
0.0855323076923077
0.05277969230769231
0.03921969230769231
0.005424
-0.059664
-0.12120553846153845
-0.18232984615384615
-0.19588984615384614
-0.1783661538461538
-0.17315076923076922
-0.16063384615384615
-0.12955015384615384
-0.06884307692307692
0.007510153846153846
0.06154153846153846
0.09471138461538461
0.09158215384615384
0.07134646153846153
0.056326153846153845
0.016480615384615385
-0.026702769230769228
-0.09137353846153846
-0.16584923076923075
-0.21862892307692305
-0.2578486153846154
-0.24449723076923074
-0.21696000000000001
-0.16876984615384616
-0.08991323076923076
-0.021070153846153846
0.07280676923076923
0.17252492307692308
0.24428861538461538
0.2776670769230769
0.260352
0.23218892307692307
0.20840676923076923
0.1656406153846154
0.10743692307692307
0.028163076923076923
-0.04902461538461538
-0.09950953846153845
-0.11870215384615385
-0.09867507692307692
-0.09241661538461539
-0.0880356923076923
-0.05048492307692308
0.008761846153846153
0.10117846153846152
0.18337292307692307
0.24178523076923078
0.3012406153846154
0.3339932307692307
0.35193415384615384
0.34943076923076927
0.3004061538461538
0.22134092307692307
0.11953661538461538
0.02023569230769231
-0.06258461538461538
-0.13726892307692307
-0.19192615384615386
-0.23135446153846154
-0.23803015384615384
-0.1977673846153846
-0.11494707692307692
0.010848
0.13309661538461537
0.24345415384615382
0.3327415384615385
0.38280923076923074
0.40992923076923077
0.3767593846153846
0.2920615384615385
0.16772676923076923
0.010639384615384617
-0.11473846153846154
-0.20381723076923075
-0.26222953846153846
-0.2722430769230769
-0.24887815384615386
-0.1829556923076923
-0.06592246153846154
0.06696553846153847
0.19526400000000002
0.2828824615384615
0.3195987692307692
0.32543999999999995
0.29873723076923075
0.24720923076923076
0.16584923076923075
0.07635323076923077
-0.002086153846153846
-0.07489292307692308
-0.1136953846153846
-0.12621230769230768
-0.12767261538461538
-0.10660246153846153
-0.07948246153846153
-0.03859384615384615
0.004798153846153846
0.026911384615384615
0.037967999999999995
0.031709538461538456
0.017732307692307693
-0.0002086153846153846
-0.03212676923076923
-0.065088
-0.09825784615384614
-0.12662953846153846
-0.13706030769230768
-0.1353913846153846
-0.12496061538461539
-0.11327815384615383
-0.10409907692307692
-0.09825784615384614
-0.09763200000000001
-0.0853236923076923
-0.07885661538461539
-0.08949599999999999
-0.09909230769230769
-0.10138707692307691
-0.07781353846153846
-0.04172307692307692
-0.0018775384615384615
0.03504738461538461
0.058829538461538454
0.08115138461538463
0.10096984615384616
0.11807630769230769
0.11181784615384616
0.08365476923076923
0.03901107692307692
-0.009387692307692307
-0.03504738461538461
-0.053614153846153846
-0.05736923076923077
-0.04756430769230769
-0.03483876923076923
-0.016897846153846156
-0.00855323076923077
-0.012308307692307691
-0.03066646153846154
-0.05090215384615384
-0.06487938461538462
-0.07092923076923077
-0.05674338461538461
-0.041514461538461535
-0.03775938461538462
-0.02545107692307692
0.001043076923076923
0.03650769230769231
0.06404492307692307
0.07781353846153846
0.08699261538461538
0.08135999999999999
0.07009476923076922
0.0446436923076923
0.01940123076923077
-0.0033378461538461535
-0.032544
-0.03379569230769231
-0.015854769230769228
0.021070153846153846
0.08010830769230769
0.13914646153846155
0.20798953846153845
0.276624
0.33065538461538463
0.37655076923076924
0.3848953846153846
0.3571495384615384
0.2883064615384615
0.1908830769230769
0.0936683076923077
-0.009804923076923077
-0.10117846153846152
-0.17648861538461538
-0.2157083076923077
-0.21800307692307694
-0.1858763076923077
-0.11140061538461538
-0.012934153846153845
0.10222153846153846
0.21445661538461538
0.30854215384615385
0.3675803076923077
0.36403384615384615
0.2970683076923077
0.19693292307692306
0.084072
-0.03504738461538461
-0.14603076923076924
-0.23928184615384615
-0.3012406153846154
-0.3235624615384615
-0.30895938461538464
-0.2492953846153846
-0.16271999999999998
-0.06154153846153846
0.0446436923076923
0.14206707692307693
0.23803015384615384
0.3068732307692308
0.330864
0.30854215384615385
0.2424110769230769
0.15270646153846154
0.042348923076923076
-0.07489292307692308
-0.184416
-0.28350830769230767
-0.3410861538461538
-0.34651015384615386
-0.3045784615384615
-0.21862892307692305
-0.12934153846153845
-0.040262769230769234
0.04902461538461538
0.1205796923076923
0.17628
0.19985353846153847
0.19067446153846154
0.15667015384615385
0.10597661538461538
0.05716061538461538
0.0008344615384615384
-0.05590892307692308
-0.10493353846153847
-0.15124615384615384
-0.1656406153846154
-0.1635544615384615
-0.15145476923076923
-0.13226215384615383
-0.1151556923076923
-0.07489292307692308
-0.023364923076923075
0.037967999999999995
0.10201292307692307
0.1397723076923077
0.16772676923076923
0.19150892307692308
0.19985353846153847
0.1913003076923077
0.14206707692307693
0.058829538461538454
-0.03692492307692308
-0.12329169230769231
-0.1873366153846154
-0.22488738461538463
-0.23406646153846156
-0.21487384615384614
-0.15792184615384616
-0.07218092307692307
0.03379569230769231
0.14144123076923076
0.22843384615384613
0.2814221538461538
0.29727692307692305
0.2897667692307692
0.25388492307692306
0.19588984615384614
0.11390399999999999
0.01814953846153846
-0.06279323076923077
-0.13372246153846154
-0.18274707692307693
-0.214248
-0.23510953846153848
-0.22822523076923076
-0.18796246153846152
-0.1178676923076923
-0.035464615384615386
0.03942830769230769
0.09387692307692307
0.12391753846153845
0.12955015384615384
0.10910584615384614
0.06195876923076923
-0.013768615384615384
-0.100344
-0.17315076923076922
-0.22655630769230767
-0.24658338461538462
-0.24345415384615382
-0.23010276923076922
-0.19839323076923077
-0.15959076923076923
-0.11306953846153844
-0.07238953846153846
-0.059038153846153844
-0.062376
-0.07030338461538461
-0.059038153846153844
-0.021696
0.018775384615384614
0.05674338461538461
0.08428061538461538
0.10889723076923077
0.13706030769230768
0.15625292307692307
0.15938215384615384
0.14018953846153845
0.10868861538461538
0.06946892307692307
0.031918153846153846
-0.014811692307692307
-0.07760492307692309
-0.16313723076923078
-0.25659692307692306
-0.3314898461538462
-0.3671630769230769
-0.28350830769230767
-0.14728246153846153
0.047981538461538464
0.30186646153846153
0.5250849230769231
0.754979076923077
0.8916221538461537
0.931884923076923
0.8365476923076922
0.5916332307692307
0.317304
0.006258461538461538
-0.29769415384615383
-0.5707716923076922
-0.7547704615384615
-0.8148516923076923
-0.7491378461538462
-0.5482412307692307
-0.2724516923076923
0.033169846153846154
0.35151692307692306
0.6187532307692307
0.7670787692307692
0.8023347692307692
0.676956923076923
0.4581193846153846
0.1948467692307692
-0.12141415384615384
-0.37592492307692305
-0.5926763076923077
-0.7028252307692308
-0.6454559999999999
-0.5025544615384615
-0.25200738461538463
-0.0012516923076923076
0.1990190769230769
0.3767593846153846
0.44414215384615385
0.4416387692307692
0.3836436923076923
0.26097784615384617
0.15750461538461538
0.05277969230769231
-0.030040615384615384
-0.06738276923076922
-0.10681107692307691
-0.12016246153846154
-0.14457046153846154
-0.17648861538461538
-0.18337292307692307
-0.19192615384615386
-0.1612596923076923
-0.14144123076923076
-0.14081538461538462
-0.12496061538461539
-0.1205796923076923
-0.07384984615384615
-0.019192615384615384
0.009387692307692307
0.058412307692307694
0.12141415384615384
0.2073636923076923
0.2979027692307692
0.32627446153846157
0.2764153846153846
0.1543753846153846
-0.009596307692307692
-0.1783661538461538
-0.34651015384615386
-0.4775206153846153
-0.5459464615384615
-0.5052664615384616
-0.35193415384615384
-0.12120553846153845
0.14582215384615385
0.38009723076923074
0.5736923076923076
0.688848
0.7103353846153846
0.6625624615384615
0.5252935384615384
0.32210215384615387
0.10472492307692308
-0.10222153846153846
-0.260352
-0.34943076923076927
-0.37237846153846155
-0.33899999999999997
-0.2716172307692308
-0.14540492307692307
0.026285538461538457
0.2090326153846154
0.36340799999999995
0.4320424615384615
0.44414215384615385
0.3994984615384615
0.3039526153846154
0.18107815384615383
0.019609846153846155
-0.1289243076923077
-0.24178523076923078
-0.3095852307692307
-0.301032
-0.24011630769230768
-0.15896492307692306
-0.07030338461538461
0.011473846153846154
0.06675692307692307
0.09095630769230768
0.07009476923076922
0.0025033846153846152
-0.07802215384615384
-0.14665661538461539
-0.17648861538461538
-0.17565415384615385
-0.15208061538461537
-0.09825784615384614
-0.014394461538461538
0.07948246153846153
0.1635544615384615
0.2342750769230769
0.2632726153846154
0.24866953846153847
0.1908830769230769
0.0988836923076923
0.011473846153846154
-0.07134646153846153
-0.14206707692307693
-0.16167692307692308
-0.14144123076923076
-0.06383630769230769
0.05277969230769231
0.17982646153846152
0.3079163076923077
0.40095876923076923
0.47877230769230766
0.508187076923077
0.48586523076923077
0.40283630769230766
0.2369870769230769
0.048816000000000005
-0.13372246153846154
-0.290184
-0.39741230769230773
-0.4547815384615384
-0.4408043076923077
-0.3419206153846154
-0.20152246153846154
-0.02273907692307692
0.16438892307692307
0.31396615384615384
0.4309993846153846
0.47960676923076917
0.46437784615384614
0.3907366153846154
0.2574313846153846
0.10722830769230769
-0.04380923076923077
-0.1656406153846154
-0.23531815384615382
-0.2655673846153846
-0.25367630769230765
-0.20444307692307692
-0.14164984615384615
-0.06467076923076923
0.015437538461538461
0.07802215384615384
0.11494707692307692
0.12579507692307693
0.1316363076923077
0.13101046153846155
0.12433476923076923
0.10722830769230769
0.06425353846153846
0.021070153846153846
-0.006884307692307692
-0.015854769230769228
-0.004172307692307692
-0.0033378461538461535
-0.018775384615384614
-0.03880246153846154
-0.065088
-0.09325107692307691
-0.127464
-0.165432
-0.20006215384615383
-0.2207150769230769
-0.20965846153846154
-0.16501476923076921
-0.10180430769230768
-0.035255999999999996
0.02482523076923077
0.07656184615384615
0.10952307692307692
0.11014892307692307
0.08302892307692307
0.026911384615384615
-0.04714707692307692
-0.12099692307692309
-0.18107815384615383
-0.2157083076923077
-0.23364923076923078
-0.23761292307692305
-0.21904615384615383
-0.1696043076923077
-0.09262523076923077
-0.010013538461538461
0.06133292307692308
0.10994030769230768
0.12808984615384614
0.11911938461538461
0.09012184615384615
0.04047138461538462
-0.025659692307692307
-0.0853236923076923
-0.12537784615384615
-0.1356
-0.11265230769230769
-0.06425353846153846
-0.009804923076923077
0.040054153846153843
0.09179076923076923
0.13372246153846154
0.157296
0.16418030769230768
0.146448
0.11473846153846154
0.08344615384615384
0.044435076923076924
0.01940123076923077
0.009596307692307692
0.010013538461538461
0.03483876923076923
0.06842584615384616
0.10806276923076923
0.13706030769230768
0.14665661538461539
0.1424843076923077
0.11724184615384614
0.07906523076923076
0.029623384615384614
-0.033169846153846154
-0.10076123076923077
-0.15625292307692307
-0.1860849230769231
-0.1860849230769231
-0.16271999999999998
-0.13643446153846153
-0.10681107692307691
-0.06592246153846154
-0.027328615384615382
0.010013538461538461
0.040054153846153843
0.044435076923076924
0.03483876923076923
0.017732307692307693
-0.003755076923076923
-0.028371692307692306
-0.06028984615384615
-0.08010830769230769
-0.08845292307692308
-0.086784
-0.0717636923076923
-0.05236246153846154
-0.022530461538461537
0.0012516923076923076
0.01940123076923077
0.042348923076923076
0.06028984615384615
0.07885661538461539
0.09074769230769231
0.0988836923076923
0.11494707692307692
0.12955015384615384
0.14561353846153846
0.14832553846153845
0.1314276923076923
0.10263876923076923
0.06550523076923077
0.028788923076923077
-0.021696
-0.07969107692307692
-0.13601723076923075
-0.17961784615384613
-0.192552
-0.1777403076923077
-0.1435273846153846
-0.09053907692307692
-0.02524246153846154
0.04714707692307692
0.11536430769230768
0.15938215384615384
0.18107815384615383
0.16251138461538459
0.11599015384615384
0.06133292307692308
0.003755076923076923
-0.04985907692307692
-0.10952307692307692
-0.15228923076923076
-0.17544553846153846
-0.1783661538461538
-0.15833907692307692
-0.12308307692307692
-0.07656184615384615
-0.02899753846153846
0.019609846153846155
0.07197230769230768
0.11849353846153846
0.14206707692307693
0.14665661538461539
0.13706030769230768
0.11557292307692307
0.08845292307692308
0.06279323076923077
0.03233538461538461
0.005841230769230769
-0.005632615384615384
0.002086153846153846
0.034630153846153845
0.07551876923076924
0.10785415384615385
0.12642092307692307
0.13184492307692308
0.1314276923076923
0.12329169230769231
0.09179076923076923
0.04735569230769231
0.004798153846153846
-0.02273907692307692
-0.026702769230769228
-0.009179076923076922
0.02524246153846154
0.06550523076923077
0.10514215384615383
0.1356
0.1506203076923077
0.13872923076923074
0.0936683076923077
0.027328615384615382
-0.042557538461538466
-0.09784061538461537
-0.12329169230769231
-0.12662953846153846
-0.11098338461538461
-0.06633969230769231
-0.007510153846153846
0.059038153846153844
0.12370892307692308
0.1652233846153846
0.18754523076923074
0.17502830769230768
0.13893784615384613
0.09241661538461539
0.02315630769230769
-0.04422646153846154
-0.11265230769230769
-0.16459753846153846
-0.1856676923076923
-0.18066092307692305
-0.14269292307692305
-0.0963803076923077
-0.04756430769230769
0.0077187692307692304
0.07823076923076923
0.1506203076923077
0.19609846153846153
0.2154996923076923
0.20110523076923076
0.16167692307692308
0.11432123076923076
0.06571384615384615
0.01981846153846154
-0.03838523076923077
-0.08323753846153846
-0.09763200000000001
-0.0892873846153846
-0.06529661538461538
-0.056326153846153845
-0.047772923076923074
-0.03421292307692308
-0.027120000000000002
-0.015646153846153844
-0.013560000000000001
-0.02211323076923077
-0.025033846153846153
-0.02524246153846154
-0.010848
0.013768615384615384
0.02858030769230769
0.035464615384615386
0.023990769230769232
0.006884307692307692
-0.0025033846153846152
-0.013351384615384614
-0.025659692307692307
-0.03400430769230769
-0.026494153846153844
0.0029206153846153843
0.05653476923076922
0.12204
0.1829556923076923
0.2330233846153846
0.26765353846153844
0.29581661538461534
0.31083692307692307
0.2920615384615385
0.23135446153846154
0.1476996923076923
0.05403138461538461
-0.03233538461538461
-0.09471138461538461
-0.1289243076923077
-0.124752
-0.10138707692307691
-0.04652123076923077
0.034630153846153845
0.12996738461538462
0.21237046153846154
0.24303692307692307
0.24762646153846155
0.21612553846153845
0.14957723076923077
0.059664
-0.056951999999999996
-0.1712732307692308
-0.2712
-0.3321156923076923
-0.3239796923076923
-0.26765353846153844
-0.1760713846153846
-0.06049846153846154
0.05507446153846154
0.17586276923076924
0.2722430769230769
0.31500923076923076
0.30937661538461536
0.2482523076923077
0.157296
0.04714707692307692
-0.07280676923076923
-0.18775384615384613
-0.2862203076923077
-0.33962584615384617
-0.34504984615384615
-0.2951907692307692
-0.20632061538461538
-0.09596307692307693
0.026076923076923077
0.13664307692307692
0.22864246153846152
0.2891409230769231
0.30207507692307695
0.2624381538461539
0.18170399999999998
0.07489292307692308
-0.01814953846153846
-0.09721476923076922
-0.15667015384615385
-0.19505538461538463
-0.24053353846153847
-0.22676492307692306
-0.17315076923076922
-0.09575446153846154
0.006675692307692307
0.09471138461538461
0.19693292307692306
0.2993630769230769
0.42369784615384615
0.49629599999999996
0.5000510769230769
0.44122153846153844
0.2906012307692308
0.13205353846153844
-0.029414769230769227
-0.157296
-0.33378461538461535
-0.4808584615384615
-0.545112
-0.5659735384615384
-0.452904
-0.3114627692307692
-0.12808984615384614
0.04985907692307692
0.23469230769230767
0.45749353846153845
0.5945538461538461
0.6611021538461538
0.5907987692307692
0.42953907692307686
0.24616615384615384
0.030040615384615384
-0.14957723076923077
-0.32585723076923073
-0.48690830769230764
-0.5726492307692308
-0.5826627692307692
-0.48753415384615384
-0.3248141538461538
-0.14999446153846155
0.04172307692307692
0.17690584615384616
0.2872633846153846
0.39928984615384616
0.441012923076923
0.43976123076923074
0.36632861538461536
0.24992123076923078
0.11473846153846154
-0.04631261538461538
-0.17544553846153846
-0.30207507692307695
-0.425784
-0.5052664615384616
-0.5280055384615384
-0.4754344615384615
-0.3819747692307692
-0.2757895384615385
-0.15479261538461536
-0.042974769230769226
0.07468430769230769
0.1846246153846154
0.2517987692307692
0.2807963076923077
0.2701569230769231
0.22718215384615387
0.16209415384615386
0.06759138461538462
-0.03755076923076923
-0.15625292307692307
-0.2780843076923077
-0.3473446153846154
-0.3790541538461539
-0.3584012307692308
-0.2883064615384615
-0.19213476923076922
-0.04547815384615384
0.13184492307692308
0.31772123076923076
0.4733483076923077
0.5755698461538461
0.6206307692307692
0.584748923076923
0.4977563076923077
0.36570276923076916
0.1777403076923077
-0.007510153846153846
-0.168144
-0.29039261538461536
-0.35568923076923076
-0.368832
-0.31688676923076925
-0.2292683076923077
-0.10243015384615384
0.054240000000000003
0.19067446153846154
0.31125415384615385
0.3790541538461539
0.3873987692307692
0.36027876923076924
0.2828824615384615
0.16292861538461537
0.014394461538461538
-0.1356
-0.24554030769230767
-0.31772123076923076
-0.3410861538461538
-0.3114627692307692
-0.2563883076923077
-0.15959076923076923
-0.048816000000000005
0.054657230769230764
0.14874276923076923
0.19651569230769228
0.21633415384615384
0.206112
0.16626646153846153
0.12642092307692307
0.06946892307692307
0.009596307692307692
-0.054657230769230764
-0.116616
-0.15792184615384616
-0.1787833846153846
-0.16730953846153845
-0.13434830769230768
-0.0853236923076923
-0.02899753846153846
0.026494153846153844
0.08344615384615384
0.13121907692307694
0.165432
0.19296923076923078
0.19651569230769228
0.17711446153846155
0.15354092307692307
0.11557292307692307
0.06967753846153846
0.01940123076923077
-0.02858030769230769
-0.05653476923076922
-0.07113784615384615
-0.07802215384615384
-0.07238953846153846
-0.058412307692307694
-0.03108369230769231
0.0035464615384615383
0.04172307692307692
0.08365476923076923
0.1151556923076923
0.12996738461538462
0.12204
0.09512861538461538
0.04735569230769231
-0.011265230769230769
-0.06049846153846154
-0.10618523076923077
-0.15124615384615384
-0.1881710769230769
-0.20506892307692307
-0.1860849230769231
-0.14206707692307693
-0.08636676923076922
-0.024408000000000003
0.03859384615384615
0.0988836923076923
0.154584
0.1948467692307692
0.20298276923076922
0.1783661538461538
0.12996738461538462
0.06550523076923077
0.0050067692307692304
-0.051528
-0.10889723076923077
-0.13601723076923075
-0.13768615384615385
-0.1070196923076923
-0.04172307692307692
0.03963692307692308
0.12913292307692306
0.19630707692307692
0.23969907692307693
0.2532590769230769
0.25242461538461536
0.225096
0.1435273846153846
0.035255999999999996
-0.08761846153846153
-0.19735015384615384
-0.2776670769230769
-0.3225193846153846
-0.3425464615384616
-0.3344104615384615
-0.2868461538461538
-0.19985353846153847
-0.07843938461538462
0.03963692307692308
0.13476553846153844
0.1940123076923077
0.2221753846153846
0.21612553846153845
0.17252492307692308
0.10159569230769232
0.0018775384615384615
-0.0988836923076923
-0.1760713846153846
-0.2207150769230769
-0.22947692307692308
-0.20381723076923075
-0.15082892307692305
-0.07572738461538461
0.027745846153846152
0.13914646153846155
0.23406646153846156
0.3031181538461538
0.33295015384615384
0.3277347692307692
0.3031181538461538
0.26911384615384615
0.22300984615384614
0.16021661538461537
0.09074769230769231
0.027328615384615382
-0.01043076923076923
-0.02044430769230769
-0.011891076923076923
-0.002086153846153846
0.0035464615384615383
0.01397723076923077
0.03775938461538462
0.07051199999999999
0.09262523076923077
0.10159569230769232
0.09700615384615385
0.09596307692307693
0.10576799999999999
0.10576799999999999
0.09053907692307692
0.05862092307692307
0.014603076923076923
-0.02023569230769231
-0.042348923076923076
-0.06696553846153847
-0.0880356923076923
-0.10764553846153846
-0.12934153846153845
-0.13101046153846155
-0.11765907692307691
-0.09784061538461537
-0.07593599999999999
-0.05444861538461539
-0.016272
0.028788923076923077
0.0717636923076923
0.10743692307692307
0.12120553846153845
0.10952307692307692
0.08094276923076923
0.04172307692307692
-0.007927384615384614
-0.07280676923076923
-0.14978584615384616
-0.21070153846153844
-0.2355267692307692
-0.21800307692307694
-0.15917353846153848
-0.07823076923076923
0.008344615384615384
0.1028473846153846
0.20006215384615383
0.2855944615384615
0.3383741538461538
0.33670523076923076
0.2870547692307692
0.21299630769230768
0.12704676923076924
0.03713353846153846
-0.05111076923076923
-0.1341396923076923
-0.19505538461538463
-0.21445661538461538
-0.19150892307692308
-0.13852061538461538
-0.07197230769230768
-0.002086153846153846
0.06133292307692308
0.11765907692307691
0.15938215384615384
0.16897846153846155
0.14916
0.09804923076923076
0.02858030769230769
-0.05319692307692307
-0.13664307692307692
-0.19797599999999999
-0.24679199999999998
-0.27412061538461535
-0.2588916923076923
-0.19213476923076922
-0.0936683076923077
0.003129230769230769
0.08782707692307692
0.15416676923076922
0.19588984615384614
0.2138307692307692
0.21195323076923075
0.1785747692307692
0.12600369230769232
0.07468430769230769
0.040262769230769234
0.03713353846153846
0.04819015384615385
0.065088
0.0853236923076923
0.1045163076923077
0.12621230769230768
0.13101046153846155
0.10472492307692308
0.05319692307692307
-0.01397723076923077
-0.06654830769230768
-0.09325107692307691
-0.09533723076923077
-0.07072061538461538
-0.026494153846153844
0.03504738461538461
0.09763200000000001
0.16021661538461537
0.20965846153846154
0.2207150769230769
0.19609846153846153
0.12788123076923075
0.037342153846153844
-0.06258461538461538
-0.1733593846153846
-0.2643156923076923
-0.32836061538461536
-0.3490135384615385
-0.31000246153846156
-0.2225926153846154
-0.09784061538461537
0.03421292307692308
0.15354092307692307
0.26640184615384616
0.3506824615384615
0.39303138461538456
0.3748818461538461
0.28434276923076923
0.15750461538461538
0.011891076923076923
-0.1218313846153846
-0.2330233846153846
-0.31646953846153847
-0.34358953846153845
-0.3170953846153846
-0.22989415384615383
-0.10576799999999999
0.031918153846153846
0.16251138461538459
0.2601433846153846
0.33023815384615385
0.35860984615384617
0.3316984615384615
0.25159015384615385
0.13393107692307693
-0.0050067692307692304
-0.13768615384615385
-0.24011630769230768
-0.3062473846153846
-0.3321156923076923
-0.31500923076923076
-0.25993476923076925
-0.18379015384615385
-0.09241661538461539
-0.009179076923076922
0.05382276923076923
0.09262523076923077
0.10868861538461538
0.10994030769230768
0.08845292307692308
0.05298830769230769
0.01272553846153846
-0.01814953846153846
-0.037342153846153844
-0.03921969230769231
-0.029832
-0.023364923076923075
-0.015646153846153844
-0.006258461538461538
0.014394461538461538
0.022530461538461537
0.02044430769230769
0.008136
-0.012516923076923077
-0.021070153846153846
-0.02357353846153846
-0.011891076923076923
0.0014603076923076922
0.029414769230769227
0.0744756923076923
0.12391753846153845
0.17023015384615386
0.1923433846153846
0.19025723076923076
0.168144
0.1356
0.0963803076923077
0.054240000000000003
0.009596307692307692
-0.023990769230769232
-0.04088861538461538
-0.031918153846153846
0.0012516923076923076
0.044435076923076924
0.09491999999999999
0.13121907692307694
0.15625292307692307
0.16605784615384614
0.15562707692307692
0.12642092307692307
0.07238953846153846
0.0008344615384615384
-0.06133292307692308
-0.09658892307692307
-0.10055261538461538
-0.07593599999999999
-0.041514461538461535
0.0035464615384615383
0.05611753846153846
0.10535076923076922
0.13247076923076923
0.12266584615384615
0.0717636923076923
-0.0033378461538461535
-0.08302892307692307
-0.16334584615384617
-0.21800307692307694
-0.2480436923076923
-0.25284184615384614
-0.21654276923076923
-0.13810338461538463
-0.030040615384615384
0.09137353846153846
0.19359507692307693
0.2626467692307692
0.3079163076923077
0.3049956923076923
0.27704123076923076
0.20444307692307692
0.08845292307692308
-0.03024923076923077
-0.14081538461538462
-0.21216184615384615
-0.24887815384615386
-0.2572227692307692
-0.25972615384615383
-0.22947692307692308
-0.18399876923076922
-0.12120553846153845
-0.06926030769230769
-0.04756430769230769
-0.03337846153846154
-0.01668923076923077
0.059038153846153844
0.18879692307692306
0.3809316923076923
0.45707630769230767
0.533220923076923
0.6206307692307692
0.6327304615384615
0.6679864615384614
0.5159058461538462
0.2849686153846154
-0.042348923076923076
-0.3880246153846154
-0.6417009230769231
-0.9325107692307691
-1.1071218461538461
-1.219356923076923
-1.1346590769230769
-0.820067076923077
-0.401376
0.1721076923076923
0.6723673846153846
1.102115076923077
1.4277636923076922
1.5260215384615385
1.485132923076923
1.1811803076923078
0.6819636923076923
0.124752
-0.5257107692307692
-1.0447458461538461
-1.390212923076923
-1.5798443076923074
-1.5145476923076924
-1.3111476923076923
-0.9252092307692307
-0.4036707692307692
0.15917353846153848
0.7424621538461539
1.1757563076923077
1.4392375384615383
1.5191372307692308
1.402729846153846
1.1503052307692307
0.713256
0.15771323076923077
-0.41910830769230767
-0.953580923076923
-1.302385846153846
-1.4968153846153847
-1.53228
-1.3756098461538462
-1.091892923076923
-0.6615193846153845
-0.16856123076923077
0.2924787692307692
0.7080406153846154
1.0147052307692306
1.222068923076923
1.332217846153846
1.284027692307692
1.0966910769230769
0.7643667692307692
0.3448412307692308
-0.09283384615384616
-0.5223729230769231
-0.8699261538461538
-1.1313212307692306
-1.2646264615384615
-1.2544043076923077
-1.1131716923076924
-0.7931556923076923
-0.3594443076923077
0.12704676923076924
0.6354424615384615
1.0622695384615384
1.3897956923076922
1.567118769230769
1.5460486153846154
1.351201846153846
0.9671409230769231
0.49045476923076925
-0.02023569230769231
-0.533220923076923
-0.9729821538461537
-1.322412923076923
-1.5043255384615384
-1.4880535384615383
-1.2792295384615384
-0.891204923076923
-0.4090947692307692
0.14728246153846153
0.7151335384615384
1.1930713846153846
1.5458399999999999
1.6904104615384616
1.6032092307692307
1.3249163076923076
0.8663796923076922
0.3277347692307692
-0.21800307692307694
-0.7364123076923076
-1.1377883076923077
-1.4041901538461536
-1.4874276923076921
-1.3537052307692308
-1.053924923076923
-0.6287667692307692
-0.15604430769230768
0.31000246153846156
0.7234781538461538
1.0278479999999999
1.2103864615384614
1.2289532307692308
1.0774984615384615
0.7906523076923075
0.4047138461538461
0.010013538461538461
-0.36904061538461536
-0.6996959999999999
-0.9260436923076922
-1.060392
-1.0610178461538462
-0.9264609230769231
-0.7036596923076923
-0.41994276923076923
-0.12808984615384614
0.16230276923076925
0.43704923076923075
0.6442043076923077
0.7618633846153846
0.7729199999999999
0.6903083076923077
0.5434430769230769
0.3513083076923077
0.1462393846153846
-0.06863446153846153
-0.2722430769230769
-0.4389267692307692
-0.5713975384615384
-0.6454559999999999
-0.6565126153846153
-0.609156923076923
-0.500676923076923
-0.3554806153846154
-0.17711446153846155
0.028163076923076923
0.23615261538461538
0.4424732307692308
0.6083224615384615
0.7074147692307692
0.7380812307692307
0.6971926153846154
0.5920504615384615
0.4251581538461538
0.2154996923076923
-0.013142769230769229
-0.2273907692307692
-0.4015846153846154
-0.5192436923076923
-0.568476923076923
-0.5386449230769231
-0.43329415384615383
-0.26869661538461537
-0.06863446153846153
0.13768615384615385
0.3310726153846154
0.48294461538461536
0.591216
0.6323132307692307
0.5935107692307693
0.4950443076923077
0.3440067692307692
0.16730953846153845
-0.012099692307692308
-0.16251138461538459
-0.26348123076923075
-0.3143833846153846
-0.3141747692307692
-0.2707827692307692
-0.20360861538461536
-0.13247076923076923
-0.06654830769230768
-0.002086153846153846
0.054657230769230764
0.084072
0.09867507692307692
0.0988836923076923
0.09429415384615383
0.0892873846153846
0.08302892307692307
0.09179076923076923
0.10201292307692307
0.10493353846153847
0.09304246153846155
0.059872615384615385
0.015228923076923076
-0.029623384615384614
-0.06967753846153846
-0.10618523076923077
-0.13455692307692307
-0.14018953846153845
-0.12329169230769231
-0.09012184615384615
-0.04047138461538462
0.015646153846153844
0.08386338461538462
0.16167692307692308
0.23177169230769232
0.27558092307692306
0.2699483076923077
0.2221753846153846
0.1476996923076923
0.04860738461538461
-0.05716061538461538
-0.168144
-0.27328615384615385
-0.33941723076923075
-0.3565236923076923
-0.31000246153846156
-0.20944984615384615
-0.08031692307692308
0.055491692307692304
0.184416
0.2943563076923077
0.36215630769230767
0.3784283076923077
0.3412947692307692
0.2422024615384615
0.12016246153846154
0.008970461538461538
-0.09095630769230768
-0.1506203076923077
-0.1846246153846154
-0.1990190769230769
-0.17273353846153844
-0.12996738461538462
-0.06905169230769231
-0.008136
0.031918153846153846
0.06279323076923077
0.07238953846153846
0.07510153846153846
0.06258461538461538
0.034630153846153845
0.008970461538461538
-0.02357353846153846
-0.03629907692307692
-0.03650769230769231
-0.040262769230769234
-0.046104
-0.06049846153846154
-0.073224
-0.08135999999999999
-0.08761846153846153
-0.09137353846153846
-0.1045163076923077
-0.11995384615384615
-0.12120553846153845
-0.11432123076923076
-0.09575446153846154
-0.0717636923076923
-0.04672984615384615
-0.013351384615384614
0.03421292307692308
0.09283384615384616
0.13247076923076923
0.14811692307692306
0.14164984615384615
0.11557292307692307
0.07343261538461537
0.01710646153846154
-0.03692492307692308
-0.09450276923076922
-0.14874276923076923
-0.1706473846153846
-0.15082892307692305
-0.0988836923076923
-0.026494153846153844
0.04860738461538461
0.1207883076923077
0.1860849230769231
0.222384
0.23490092307692306
0.21716861538461538
0.1704387692307692
0.12099692307692309
0.0744756923076923
0.03609046153846154
-0.0029206153846153843
-0.04109723076923077
-0.07113784615384615
-0.0880356923076923
-0.06571384615384615
-0.018775384615384614
0.03400430769230769
0.07405846153846153
0.09158215384615384
0.10597661538461538
0.10868861538461538
0.10931446153846153
0.10597661538461538
0.09262523076923077
0.06759138461538462
0.04088861538461538
0.03650769230769231
0.03233538461538461
0.021696
0.02545107692307692
0.04214030769230769
0.07343261538461537
0.10055261538461538
0.10952307692307692
0.10389046153846154
0.0678
0.021278769230769233
-0.021070153846153846
-0.05653476923076922
-0.0826116923076923
-0.1070196923076923
-0.11077476923076923
-0.07364123076923076
-0.007301538461538462
0.08302892307692307
0.1792006153846154
0.2517987692307692
0.3054129230769231
0.3229366153846154
0.301032
0.241368
0.12934153846153845
-0.009179076923076922
-0.14853415384615384
-0.2540935384615385
-0.306456
-0.31897292307692304
-0.28663753846153844
-0.2225926153846154
-0.12224861538461537
0.006049846153846154
0.13747753846153846
0.2591003076923077
0.3333673846153846
0.3517255384615385
0.3214763076923077
0.24574892307692306
0.13706030769230768
0.002712
-0.1449876923076923
-0.27453784615384613
-0.3590270769230769
-0.3942830769230769
-0.37967999999999996
-0.32231076923076923
-0.24074215384615386
-0.1358086153846154
-0.018775384615384614
0.09116492307692307
0.18253846153846154
0.23052
0.23761292307692305
0.21028430769230766
0.15416676923076922
0.09095630769230768
0.018775384615384614
-0.05570030769230769
-0.11223507692307692
-0.143736
-0.14686523076923075
-0.11974523076923077
-0.07364123076923076
-0.027120000000000002
0.013351384615384614
0.05194523076923077
0.08156861538461539
0.08740984615384616
0.06321046153846153
0.01856676923076923
-0.027328615384615382
-0.06988615384615385
-0.0934596923076923
-0.09992676923076924
-0.0936683076923077
-0.07948246153846153
-0.06383630769230769
-0.03942830769230769
-0.026911384615384615
-0.023990769230769232
-0.03379569230769231
-0.053405538461538456
-0.065088
-0.07572738461538461
-0.07259815384615384
-0.06341907692307691
-0.05236246153846154
-0.025659692307692307
0.011891076923076923
0.05319692307692307
0.08949599999999999
0.10910584615384614
0.11327815384615383
0.10722830769230769
0.092208
0.08761846153846153
0.08177723076923075
0.07384984615384615
0.07697907692307693
0.08887015384615385
0.11745046153846153
0.13914646153846155
0.15145476923076923
0.15541846153846153
0.14164984615384615
0.1178676923076923
0.07969107692307692
0.04109723076923077
0.008344615384615384
-0.022530461538461537
-0.03775938461538462
-0.030040615384615384
0.0002086153846153846
0.045060923076923075
0.09074769230769231
0.13330523076923076
0.17502830769230768
0.19526400000000002
0.19442953846153843
0.16584923076923075
0.10493353846153847
0.032544
-0.050067692307692306
-0.12496061538461539
-0.18149538461538461
-0.2225926153846154
-0.23615261538461538
-0.2090326153846154
-0.14060676923076923
-0.040054153846153843
0.06967753846153846
0.17148184615384612
0.2557624615384615
0.3047870769230769
0.31855569230769226
0.2868461538461538
0.2140393846153846
0.10472492307692308
-0.025033846153846153
-0.14102399999999998
-0.22718215384615387
-0.26765353846153844
-0.2768326153846154
-0.23928184615384615
-0.1829556923076923
-0.11911938461538461
-0.02044430769230769
0.07969107692307692
0.1704387692307692
0.2342750769230769
0.26160369230769226
0.2674449230769231
0.27474646153846155
0.25972615384615383
0.2989458461538462
0.28434276923076923
0.12245723076923076
-0.003963692307692307
-0.12350030769230769
-0.21529107692307692
-0.20339999999999997
-0.273912
-0.39344861538461534
-0.38885907692307686
-0.3387913846153846
-0.15562707692307692
0.005841230769230769
0.08010830769230769
0.1597993846153846
0.18983999999999998
0.3133403076923077
0.37300430769230764
0.33649661538461534
0.19714153846153845
-0.03671630769230769
-0.14978584615384616
-0.2753723076923077
-0.3239796923076923
-0.33816553846153846
-0.39636923076923075
-0.30270092307692303
-0.25284184615384614
-0.11703323076923078
0.1045163076923077
0.18858830769230767
0.33649661538461534
0.3813489230769231
0.3206418461538461
0.3373310769230769
0.2628553846153846
0.21967199999999998
0.15750461538461538
-0.0016689230769230767
-0.07927384615384615
-0.15875630769230767
-0.16897846153846155
-0.14582215384615385
-0.17544553846153846
-0.1691870769230769
-0.16480615384615382
-0.07405846153846153
0.035464615384615386
0.05862092307692307
0.10409907692307692
0.09304246153846155
0.09846646153846153
0.1585476923076923
0.14018953846153845
0.14957723076923077
0.11578153846153846
0.03671630769230769
0.025033846153846153
-0.042557538461538466
-0.12808984615384614
-0.1858763076923077
-0.27558092307692306
-0.31500923076923076
-0.3156350769230769
-0.2883064615384615
-0.18545907692307692
-0.06154153846153846
0.06404492307692307
0.1710646153846154
0.27412061538461535
0.32982092307692307
0.3375396923076923
0.34651015384615386
0.2540935384615385
0.14018953846153845
0.054240000000000003
-0.05298830769230769
-0.11286092307692308
-0.18337292307692307
-0.22718215384615387
-0.1994363076923077
-0.17252492307692308
-0.09804923076923076
-0.015228923076923076
0.06675692307692307
0.19192615384615386
0.27328615384615385
0.29352184615384613
0.26348123076923075
0.21800307692307694
0.17315076923076922
0.08949599999999999
0.008136
-0.09304246153846155
-0.1794092307692308
-0.18274707692307693
-0.18274707692307693
-0.15500123076923078
-0.09992676923076924
-0.08323753846153846
-0.017315076923076923
0.03775938461538462
0.03901107692307692
0.06842584615384616
0.06842584615384616
0.06446215384615385
0.07238953846153846
0.049233230769230765
0.043600615384615383
0.049233230769230765
0.06425353846153846
0.08302892307692307
0.08824430769230769
0.08615815384615384
0.055491692307692304
0.03629907692307692
0.017315076923076923
-0.009596307692307692
-0.014185846153846153
-0.042974769230769226
-0.03838523076923077
0.009179076923076922
0.031709538461538456
0.07760492307692309
0.10117846153846152
0.10263876923076923
0.13393107692307693
0.13706030769230768
0.13038461538461538
0.10201292307692307
0.034630153846153845
-0.021278769230769233
-0.07051199999999999
-0.11098338461538461
-0.13747753846153846
-0.17252492307692308
-0.19985353846153847
-0.2209236923076923
-0.21508246153846153
-0.16647507692307692
-0.09784061538461537
-0.0050067692307692304
0.04839876923076923
0.06717415384615384
0.08845292307692308
0.07843938461538462
0.07572738461538461
0.04839876923076923
-0.03421292307692308
-0.09596307692307693
-0.14394461538461537
-0.15291507692307693
-0.11035753846153845
-0.08574092307692306
-0.061124307692307686
-0.031918153846153846
0.008761846153846153
0.06654830769230768
0.09283384615384616
0.08574092307692306
0.040679999999999994
-0.00855323076923077
-0.03024923076923077
-0.04172307692307692
-0.02482523076923077
-0.005424
0.007510153846153846
0.03358707692307692
0.06341907692307691
0.11640738461538462
0.1504116923076923
0.12996738461538462
0.0853236923076923
0.02482523076923077
-0.021696
-0.04401784615384615
-0.07218092307692307
-0.10576799999999999
-0.13372246153846154
-0.12996738461538462
-0.07280676923076923
0.006258461538461538
0.06717415384615384
0.09199938461538461
0.0974233846153846
0.10743692307692307
0.116616
0.11181784615384616
0.07113784615384615
0.004798153846153846
-0.055491692307692304
-0.09241661538461539
-0.09179076923076923
-0.08240307692307691
-0.07760492307692309
-0.05111076923076923
0.005215384615384615
0.08344615384615384
0.1656406153846154
0.22300984615384614
0.24303692307692307
0.22342707692307692
0.18754523076923074
0.1489513846153846
0.09241661538461539
0.01710646153846154
-0.07030338461538461
-0.13330523076923076
-0.1504116923076923
-0.1097316923076923
-0.012934153846153845
0.092208
0.19442953846153843
0.28163076923076924
0.35047384615384614
0.40387938461538464
0.4134756923076923
0.36215630769230767
0.2620209230769231
0.1289243076923077
-0.0025033846153846152
-0.09053907692307692
-0.15103753846153847
-0.18253846153846154
-0.1856676923076923
-0.15917353846153848
-0.08490646153846154
0.0025033846153846152
0.07697907692307693
0.12537784615384615
0.14331876923076922
0.13747753846153846
0.10827138461538462
0.06926030769230769
0.010013538461538461
-0.06404492307692307
-0.11745046153846153
-0.15646153846153846
-0.16584923076923075
-0.1531236923076923
-0.1422756923076923
-0.10493353846153847
-0.04756430769230769
0.022530461538461537
0.0892873846153846
0.12391753846153845
0.13893784615384613
0.13789476923076924
0.1205796923076923
0.10472492307692308
0.078648
0.03838523076923077
-0.001043076923076923
-0.03275261538461539
-0.04902461538461538
-0.05298830769230769
-0.04318338461538461
-0.032544
-0.03275261538461539
-0.03275261538461539
-0.03129230769230769
-0.025033846153846153
-0.013560000000000001
-0.002086153846153846
0.021696
0.06028984615384615
0.10326461538461539
0.13914646153846155
0.14749107692307692
0.1424843076923077
0.11265230769230769
0.059038153846153844
0.0025033846153846152
-0.07510153846153846
-0.15479261538461536
-0.2261390769230769
-0.2722430769230769
-0.26911384615384615
-0.22467876923076924
-0.1449876923076923
-0.040262769230769234
0.073224
0.18963138461538462
0.28893230769230765
0.33378461538461535
0.32836061538461536
0.26786215384615386
0.17148184615384612
0.06571384615384615
-0.054240000000000003
-0.16480615384615382
-0.25701415384615384
-0.3095852307692307
-0.2989458461538462
-0.23636123076923077
-0.146448
-0.04109723076923077
0.06341907692307691
0.15228923076923076
0.22572184615384616
0.2624381538461539
0.25847446153846154
0.21049292307692305
0.12642092307692307
0.026285538461538457
-0.07197230769230768
-0.14686523076923075
-0.20006215384615383
-0.2157083076923077
-0.19547261538461536
-0.13205353846153844
-0.026285538461538457
0.08073415384615384
0.1710646153846154
0.23010276923076922
0.24303692307692307
0.22113230769230768
0.17711446153846155
0.11473846153846154
0.04172307692307692
-0.04109723076923077
-0.1028473846153846
-0.11473846153846154
-0.08761846153846153
-0.03483876923076923
0.02899753846153846
0.0826116923076923
0.11473846153846154
0.12829846153846153
0.11223507692307692
0.05820369230769231
-0.026911384615384615
-0.12704676923076924
-0.20673784615384616
-0.24428861538461538
-0.24282830769230768
-0.19839323076923077
-0.12120553846153845
-0.026076923076923077
0.078648
0.1785747692307692
0.25284184615384614
0.28121353846153846
0.25305046153846156
0.1760713846153846
0.08490646153846154
-0.015646153846153844
-0.11911938461538461
-0.19672430769230767
-0.24616615384615384
-0.2532590769230769
-0.20152246153846154
-0.11244369230769231
0.006884307692307692
0.13059323076923077
0.23052
0.3072904615384615
0.3485963076923077
0.34984799999999994
0.29873723076923075
0.19171753846153847
0.06028984615384615
-0.06446215384615385
-0.17002153846153847
-0.24428861538461538
-0.2858030769230769
-0.2937304615384615
-0.2557624615384615
-0.17690584615384616
-0.08115138461538463
0.006884307692307692
0.06738276923076922
0.08594953846153845
0.07238953846153846
0.040054153846153843
-0.008761846153846153
-0.07551876923076924
-0.13998092307692306
-0.18399876923076922
-0.1908830769230769
-0.1612596923076923
-0.1070196923076923
-0.032544
0.040054153846153843
0.10868861538461538
0.1721076923076923
0.21779446153846155
0.2292683076923077
0.20944984615384615
0.1558356923076923
0.08845292307692308
0.03567323076923076
-0.005424
-0.03024923076923077
-0.047981538461538464
-0.04652123076923077
-0.016063384615384615
0.029623384615384614
0.06946892307692307
0.09325107692307691
0.09846646153846153
0.07426707692307692
0.03838523076923077
-0.003129230769230769
-0.056951999999999996
-0.12120553846153845
-0.1794092307692308
-0.20527753846153846
-0.1942209230769231
-0.14707384615384617
-0.086784
-0.02211323076923077
0.0446436923076923
0.09471138461538461
0.14185846153846154
0.16772676923076923
0.15667015384615385
0.12162276923076921
0.05444861538461539
-0.026702769230769228
-0.09304246153846155
-0.14477907692307693
-0.17628
-0.18858830769230767
-0.1800350769230769
-0.13080184615384613
-0.05674338461538461
0.02586830769230769
0.10180430769230768
0.14728246153846153
0.1721076923076923
0.18128676923076922
0.17148184615384612
0.13893784615384613
0.07572738461538461
0.0
-0.07280676923076923
-0.12642092307692307
-0.15228923076923076
-0.15833907692307692
-0.14164984615384615
-0.10952307692307692
-0.06279323076923077
-0.006467076923076923
0.043600615384615383
0.07238953846153846
0.07343261538461537
0.04172307692307692
-0.008344615384615384
-0.06717415384615384
-0.13706030769230768
-0.16334584615384617
-0.13935507692307691
-0.06696553846153847
0.05736923076923077
0.1846246153846154
0.3198073846153846
0.4401784615384615
0.5232073846153845
0.5590892307692308
0.4892030769230769
0.3619476923076923
0.1829556923076923
0.021904615384615383
-0.13226215384615383
-0.3248141538461538
-0.42369784615384615
-0.5023458461538461
-0.46020553846153844
-0.3195987692307692
-0.16459753846153846
0.06049846153846154
0.2225926153846154
0.39595199999999997
0.5008855384615384
0.4852393846153846
0.425784
0.25242461538461536
0.07343261538461537
-0.12725538461538463
-0.31834707692307695
-0.4105550769230769
-0.46291753846153844
-0.39261415384615383
-0.25138153846153843
-0.09575446153846154
0.09721476923076922
0.24491446153846153
0.3836436923076923
0.4622916923076923
0.4314166153846154
0.38009723076923074
0.27432923076923077
0.1867107692307692
0.13455692307692307
0.051528
-0.008970461538461538
-0.08511507692307693
-0.1358086153846154
-0.13998092307692306
-0.15187199999999998
-0.14290153846153844
-0.12808984615384614
-0.09971815384615385
-0.04693846153846153
-0.020652923076923076
-0.0050067692307692304
-0.008136
-0.02586830769230769
-0.019192615384615384
-0.020652923076923076
0.0077187692307692304
0.058412307692307694
0.10743692307692307
0.17648861538461538
0.20402584615384614
0.1942209230769231
0.16209415384615386
0.07697907692307693
-0.019609846153846155
-0.13601723076923075
-0.23949046153846154
-0.27182584615384614
-0.2559710769230769
-0.16876984615384616
-0.04860738461538461
0.08636676923076922
0.23260615384615385
0.34588430769230766
0.4387181538461538
0.4606227692307692
0.4118067692307692
0.33315876923076926
0.2157083076923077
0.09283384615384616
-0.032544
-0.15520984615384617
-0.2426196923076923
-0.30708184615384615
-0.3210590769230769
-0.2772498461538462
-0.20298276923076922
-0.07739630769230768
0.053405538461538456
0.1704387692307692
0.2712
0.3216849230769231
0.347136
0.3206418461538461
0.23782153846153845
0.12162276923076921
-0.011473846153846154
-0.1178676923076923
-0.1992276923076923
-0.24554030769230767
-0.2330233846153846
-0.18796246153846152
-0.10096984615384616
0.014185846153846153
0.09846646153846153
0.16897846153846155
0.19755876923076923
0.19672430769230767
0.17982646153846152
0.11306953846153844
0.03838523076923077
-0.05173661538461538
-0.12767261538461538
-0.1704387692307692
-0.18754523076923074
-0.16209415384615386
-0.130176
-0.08740984615384616
-0.03296123076923077
0.01940123076923077
0.0609156923076923
0.061750153846153844
0.027745846153846152
-0.021070153846153846
-0.07510153846153846
-0.11098338461538461
-0.12808984615384614
-0.1353913846153846
-0.11807630769230769
-0.08302892307692307
-0.021696
0.05507446153846154
0.11745046153846153
0.16584923076923075
0.17732307692307692
0.15604430769230768
0.10994030769230768
0.04401784615384615
-0.021278769230769233
-0.08240307692307691
-0.12913292307692306
-0.15228923076923076
-0.13872923076923074
-0.08344615384615384
-0.012934153846153845
0.05048492307692308
0.11181784615384616
0.16271999999999998
0.20486030769230767
0.23177169230769232
0.20402584615384614
0.1341396923076923
0.0446436923076923
-0.05236246153846154
-0.12600369230769232
-0.18858830769230767
-0.2290596923076923
-0.23364923076923078
-0.20298276923076922
-0.1178676923076923
-0.004172307692307692
0.10660246153846153
0.19672430769230767
0.254928
0.2851772307692308
0.2791273846153846
0.24866953846153847
0.19526400000000002
0.1151556923076923
0.02753723076923077
-0.04965046153846154
-0.07843938461538462
-0.055491692307692304
-0.01814953846153846
0.03859384615384615
0.09804923076923076
0.13998092307692306
0.1785747692307692
0.18775384615384613
0.1710646153846154
0.11390399999999999
0.021070153846153846
-0.059872615384615385
-0.13497415384615385
-0.18149538461538461
-0.21237046153846154
-0.22530461538461538
-0.1992276923076923
-0.15124615384615384
-0.07927384615384615
-0.021696
0.003963692307692307
0.016480615384615385
0.0012516923076923076
-0.02899753846153846
-0.06696553846153847
-0.12600369230769232
-0.18149538461538461
-0.22697353846153845
-0.24574892307692306
-0.22426153846153846
-0.18128676923076922
-0.11724184615384614
-0.04401784615384615
0.046104
0.14144123076923076
0.2154996923076923
0.26306399999999996
0.2655673846153846
0.22029784615384615
0.13852061538461538
0.042557538461538466
-0.052153846153846155
-0.13706030769230768
-0.20527753846153846
-0.23823876923076923
-0.22843384615384613
-0.17398523076923075
-0.08323753846153846
0.01940123076923077
0.12683815384615382
0.20944984615384615
0.2586830769230769
0.2720344615384615
0.2355267692307692
0.16730953846153845
0.06362769230769232
-0.028788923076923077
-0.08386338461538462
-0.1207883076923077
-0.12662953846153846
-0.12245723076923076
-0.09825784615384614
-0.06070707692307692
-0.026285538461538457
0.014603076923076923
0.029414769230769227
0.018775384615384614
0.001043076923076923
-0.023990769230769232
-0.03358707692307692
-0.03880246153846154
-0.0448523076923077
-0.028163076923076923
0.0035464615384615383
0.06258461538461538
0.13080184615384613
0.17544553846153846
0.18775384615384613
0.16042523076923076
0.11682461538461539
0.055491692307692304
-0.02044430769230769
-0.09930092307692308
-0.18316430769230768
-0.2497126153846154
-0.27850153846153847
-0.2655673846153846
-0.21153599999999997
-0.12767261538461538
-0.023782153846153845
0.0934596923076923
0.19192615384615386
0.268488
0.3158436923076923
0.30749907692307693
0.25471938461538457
0.16334584615384617
0.049233230769230765
-0.06467076923076923
-0.17544553846153846
-0.2712
-0.32001599999999997
-0.3062473846153846
-0.23364923076923078
-0.1178676923076923
0.008970461538461538
0.12579507692307693
0.22196676923076922
0.28809784615384615
0.3216849230769231
0.30895938461538464
0.24720923076923076
0.15520984615384617
0.05173661538461538
-0.050067692307692306
-0.1422756923076923
-0.21612553846153845
-0.265776
-0.27599815384615384
-0.2438713846153846
-0.18086953846153844
-0.09262523076923077
0.0022947692307692304
0.08386338461538462
0.1489513846153846
0.19150892307692308
0.21341353846153846
0.21904615384615383
0.19714153846153845
0.15291507692307693
0.09950953846153845
0.05444861538461539
0.020652923076923076
0.0006258461538461538
-0.0077187692307692304
-0.008136
0.00855323076923077
0.03296123076923077
0.06717415384615384
0.10430769230769231
0.13247076923076923
0.1462393846153846
0.15604430769230768
0.17148184615384612
0.1792006153846154
0.17565415384615385
0.14603076923076924
0.11056615384615384
0.08115138461538463
0.05277969230769231
0.03275261538461539
0.006049846153846154
-0.029414769230769227
-0.059872615384615385
-0.08240307692307691
-0.10013538461538461
-0.10785415384615385
-0.12120553846153845
-0.13643446153846153
-0.14164984615384615
-0.13393107692307693
-0.116616
-0.0974233846153846
-0.06884307692307692
-0.03713353846153846
0.0002086153846153846
0.038176615384615385
0.06404492307692307
0.07280676923076923
0.065088
0.043392
0.01814953846153846
-0.010639384615384617
-0.037342153846153844
-0.05611753846153846
-0.06863446153846153
-0.06362769230769232
-0.042348923076923076
-0.008761846153846153
0.022530461538461537
0.044435076923076924
0.059872615384615385
0.06717415384615384
0.06028984615384615
0.043600615384615383
0.014603076923076923
-0.029414769230769227
-0.05757784615384615
-0.06842584615384616
-0.047772923076923074
-0.003963692307692307
0.04109723076923077
0.09596307692307693
0.1395636923076923
0.17544553846153846
0.19171753846153847
0.1869193846153846
0.16501476923076921
0.10827138461538462
0.041514461538461535
-0.030040615384615384
-0.10055261538461538
-0.14999446153846155
-0.17669723076923077
-0.15896492307692306
-0.10096984615384616
-0.028163076923076923
0.061124307692307686
0.13747753846153846
0.19296923076923078
0.2330233846153846
0.23803015384615384
0.21633415384615384
0.15270646153846154
0.06467076923076923
-0.035464615384615386
-0.13935507692307691
-0.20423446153846153
-0.23531815384615382
-0.21925476923076925
-0.16292861538461537
-0.07572738461538461
0.044435076923076924
0.16480615384615382
0.26869661538461537
0.32836061538461536
0.32669169230769235
0.28809784615384615
0.2205064615384615
0.13247076923076923
0.028788923076923077
-0.06988615384615385
-0.14144123076923076
-0.1760713846153846
-0.16730953846153845
-0.12662953846153846
-0.05590892307692308
0.016897846153846156
0.07468430769230769
0.12120553846153845
0.15813046153846153
0.17544553846153846
0.16647507692307692
0.13789476923076924
0.09763200000000001
0.06571384615384615
0.03379569230769231
0.005215384615384615
-0.016480615384615385
-0.04318338461538461
-0.056951999999999996
-0.05570030769230769
-0.059038153846153844
-0.06300184615384616
-0.08031692307692308
-0.10201292307692307
-0.11202646153846153
-0.11452984615384615
-0.10326461538461539
-0.08594953846153845
-0.06133292307692308
-0.026494153846153844
0.012099692307692308
0.059664
0.103056
0.12829846153846153
0.13768615384615385
0.12350030769230769
0.10096984615384616
0.06613107692307692
0.017523692307692306
-0.030875076923076922
-0.07927384615384615
-0.10764553846153846
-0.103056
-0.06675692307692307
-0.00855323076923077
0.050067692307692306
0.09763200000000001
0.12496061538461539
0.13601723076923075
0.12266584615384615
0.09721476923076922
0.05048492307692308
-0.019609846153846155
-0.06717415384615384
-0.10493353846153847
-0.07677046153846154
-0.034630153846153845
0.0826116923076923
0.200688
0.19568123076923075
0.265776
0.2670276923076923
0.2695310769230769
0.2399076923076923
0.06362769230769232
-0.07468430769230769
-0.2582658461538461
-0.3310726153846154
-0.33295015384615384
-0.3577753846153846
-0.3047870769230769
-0.2674449230769231
-0.09804923076923076
0.12496061538461539
0.30144923076923075
0.4675070769230769
0.46583815384615385
0.42724430769230765
0.3467187692307692
0.1779489230769231
0.04819015384615385
-0.1639716923076923
-0.3412947692307692
-0.4416387692307692
-0.5507446153846154
-0.49087200000000003
-0.401376
-0.28392553846153845
-0.10347323076923076
-0.011891076923076923
0.11870215384615385
0.21508246153846153
0.27182584615384614
0.34963938461538463
0.31855569230769226
0.2480436923076923
0.14436184615384615
0.03755076923076923
-0.014394461538461538
-0.1151556923076923
-0.20673784615384616
-0.27286892307692306
-0.32210215384615387
-0.27432923076923077
-0.22321846153846153
-0.15875630769230767
-0.054657230769230764
0.029623384615384614
0.15562707692307692
0.24303692307692307
0.2730775384615384
0.30290953846153845
0.25555384615384613
0.20694646153846152
0.15374953846153847
0.05236246153846154
-0.03567323076923076
-0.154584
-0.2582658461538461
-0.33295015384615384
-0.39324
-0.3844781538461538
-0.33983446153846153
-0.22718215384615387
-0.09992676923076924
0.0035464615384615383
0.14999446153846155
0.25951753846153847
0.34504984615384615
0.39970707692307694
0.36257353846153845
0.30186646153846153
0.18963138461538462
0.06759138461538462
-0.03129230769230769
-0.16334584615384617
-0.2422024615384615
-0.2795446153846154
-0.2849686153846154
-0.2303113846153846
-0.1597993846153846
-0.040054153846153843
0.10117846153846152
0.21466523076923077
0.3047870769230769
0.3456756923076923
0.36904061538461536
0.35464615384615383
0.2588916923076923
0.14102399999999998
-0.005632615384615384
-0.1289243076923077
-0.1927606153846154
-0.2480436923076923
-0.24866953846153847
-0.22467876923076924
-0.17461107692307692
-0.06800861538461538
0.015646153846153844
0.09095630769230768
0.15291507692307693
0.1783661538461538
0.19568123076923075
0.1775316923076923
0.14102399999999998
0.06926030769230769
-0.029623384615384614
-0.1028473846153846
-0.168144
-0.19964492307692308
-0.21696000000000001
-0.21883753846153844
-0.17023015384615386
-0.10535076923076922
-0.005841230769230769
0.09596307692307693
0.16251138461538459
0.22321846153846153
0.25972615384615383
0.26640184615384616
0.238656
0.16480615384615382
0.07927384615384615
-0.009179076923076922
-0.10722830769230769
-0.18399876923076922
-0.23677846153846152
-0.2647329230769231
-0.25513661538461535
-0.20819815384615384
-0.1207883076923077
-0.01668923076923077
0.08615815384615384
0.17315076923076922
0.21758584615384616
0.24011630769230768
0.23385784615384617
0.20798953846153845
0.17648861538461538
0.08824430769230769
-0.010222153846153844
-0.09304246153846155
-0.14519630769230768
-0.13789476923076924
-0.13914646153846155
-0.13184492307692308
-0.10389046153846154
-0.053405538461538456
0.040054153846153843
0.12642092307692307
0.19714153846153845
0.23448369230769228
0.23469230769230767
0.23135446153846154
0.2154996923076923
0.1794092307692308
0.12204
0.042974769230769226
-0.027120000000000002
-0.07051199999999999
-0.092208
-0.09033046153846153
-0.08302892307692307
-0.06133292307692308
-0.033169846153846154
-0.0002086153846153846
0.059664
0.103056
0.119328
0.11390399999999999
0.10722830769230769
0.12662953846153846
0.1476996923076923
0.16271999999999998
0.14728246153846153
0.10618523076923077
0.06633969230769231
0.03024923076923077
0.006049846153846154
-0.03483876923076923
-0.09679753846153846
-0.13768615384615385
-0.14311015384615386
-0.1097316923076923
-0.059038153846153844
-0.020652923076923076
0.02315630769230769
0.06967753846153846
0.10952307692307692
0.14916
0.16418030769230768
0.14540492307692307
0.1097316923076923
0.073224
0.03775938461538462
-0.011265230769230769
-0.0744756923076923
-0.138312
-0.19359507692307693
-0.22029784615384615
-0.21591692307692306
-0.1913003076923077
-0.15792184615384616
-0.12621230769230768
-0.07364123076923076
-0.013351384615384614
0.050067692307692306
0.11828492307692307
0.15520984615384617
0.17023015384615386
0.16835261538461538
0.14978584615384616
0.1397723076923077
0.11953661538461538
0.09304246153846155
0.07301538461538462
0.05444861538461539
0.05382276923076923
0.05319692307692307
0.05319692307692307
0.05048492307692308
0.03567323076923076
0.03442153846153846
0.03275261538461539
0.03984553846153846
0.04735569230769231
0.04380923076923077
0.059038153846153844
0.06905169230769231
0.07635323076923077
0.08135999999999999
0.06592246153846154
0.053405538461538456
0.03755076923076923
0.015646153846153844
-0.0022947692307692304
-0.03692492307692308
-0.07280676923076923
-0.0961716923076923
-0.11348676923076922
-0.11348676923076922
-0.1097316923076923
-0.092208
-0.06008123076923077
-0.023782153846153845
0.024616615384615383
0.07510153846153846
0.12955015384615384
0.16647507692307692
0.17982646153846152
0.18399876923076922
0.16292861538461537
0.12934153846153845
0.08323753846153846
0.02044430769230769
-0.0446436923076923
-0.10514215384615383
-0.14269292307692305
-0.1656406153846154
-0.17315076923076922
-0.1531236923076923
-0.10827138461538462
-0.043600615384615383
0.026285538461538457
0.08615815384615384
0.12350030769230769
0.13706030769230768
0.12955015384615384
0.1045163076923077
0.058412307692307694
-0.005215384615384615
-0.07426707692307692
-0.13768615384615385
-0.18379015384615385
-0.20798953846153845
-0.20798953846153845
-0.19004861538461537
-0.15166338461538462
-0.08887015384615385
-0.013560000000000001
0.06133292307692308
0.119328
0.15667015384615385
0.16647507692307692
0.15228923076923076
0.12955015384615384
0.08594953846153845
0.03066646153846154
-0.015646153846153844
-0.05194523076923077
-0.06404492307692307
-0.04756430769230769
-0.013560000000000001
0.029623384615384614
0.06362769230769232
0.08949599999999999
0.111192
0.10994030769230768
0.09179076923076923
0.054657230769230764
0.003755076923076923
-0.031709538461538456
-0.05820369230769231
-0.06028984615384615
-0.04109723076923077
-0.020652923076923076
0.01814953846153846
0.065088
0.119328
0.15792184615384616
0.168144
0.15541846153846153
0.11286092307692308
0.06592246153846154
0.02023569230769231
-0.01710646153846154
-0.047772923076923074
-0.06467076923076923
-0.06300184615384616
-0.04088861538461538
-0.001043076923076923
0.0446436923076923
0.09033046153846153
0.11682461538461539
0.1353913846153846
0.14206707692307693
0.12913292307692306
0.09325107692307691
0.032544
-0.037967999999999995
-0.1097316923076923
-0.16459753846153846
-0.1990190769230769
-0.21362215384615382
-0.20423446153846153
-0.1802436923076923
-0.1397723076923077
-0.08615815384615384
-0.031918153846153846
0.012516923076923077
0.03838523076923077
0.042974769230769226
0.03400430769230769
0.011473846153846154
-0.015646153846153844
-0.03859384615384615
-0.06487938461538462
-0.06988615384615385
-0.05507446153846154
-0.03755076923076923
-0.016480615384615385
0.008761846153846153
0.03609046153846154
0.06070707692307692
0.09095630769230768
0.1218313846153846
0.14436184615384615
0.15333230769230768
0.1489513846153846
0.130176
0.10681107692307691
0.08219446153846154
0.058412307692307694
0.04214030769230769
0.03129230769230769
0.03755076923076923
0.04214030769230769
0.046104
0.05236246153846154
0.04672984615384615
0.04088861538461538
0.02858030769230769
0.012099692307692308
-0.009179076923076922
-0.04568676923076923
-0.07614461538461538
-0.09053907692307692
-0.09012184615384615
-0.07614461538461538
-0.05382276923076923
-0.02482523076923077
0.01043076923076923
0.05319692307692307
0.09471138461538461
0.1136953846153846
0.11077476923076923
0.09053907692307692
0.0609156923076923
0.030040615384615384
-0.006884307692307692
-0.04318338461538461
-0.07739630769230768
-0.10013538461538461
-0.09679753846153846
-0.07030338461538461
-0.021696
0.03609046153846154
0.09199938461538461
0.1435273846153846
0.1869193846153846
0.21049292307692305
0.19630707692307692
0.138312
0.04902461538461538
-0.052571076923076915
-0.14081538461538462
-0.2059033846153846
-0.2582658461538461
-0.27704123076923076
-0.2540935384615385
-0.18775384615384613
-0.08031692307692308
0.031918153846153846
0.12245723076923076
0.1760713846153846
0.20339999999999997
0.20944984615384615
0.18399876923076922
0.12558646153846154
0.03629907692307692
-0.059038153846153844
-0.14665661538461539
-0.206112
-0.22551323076923077
-0.2221753846153846
-0.19317784615384614
-0.14415323076923076
-0.0717636923076923
0.023364923076923075
0.10868861538461538
0.17377661538461536
0.20319138461538463
0.19463815384615382
0.16188553846153847
0.12162276923076921
0.07969107692307692
0.023990769230769232
-0.041514461538461535
-0.10263876923076923
-0.14206707692307693
-0.154584
-0.14436184615384615
-0.12537784615384615
-0.0988836923076923
-0.06717415384615384
-0.01043076923076923
0.03567323076923076
0.06759138461538462
0.08365476923076923
0.08824430769230769
0.13455692307692307
0.18253846153846154
0.3475532307692307
0.3813489230769231
0.2722430769230769
0.22989415384615383
0.09679753846153846
0.07384984615384615
-0.026494153846153844
-0.21925476923076925
-0.36027876923076924
-0.5267538461538461
-0.44810584615384613
-0.3304467692307692
-0.21007569230769232
-0.053614153846153846
0.031918153846153846
0.268488
0.45916246153846146
0.5928849230769231
0.6250116923076923
0.409512
0.2292683076923077
0.002712
-0.20652923076923077
-0.3419206153846154
-0.5607581538461538
-0.6333563076923077
-0.6802947692307691
-0.6784172307692308
-0.4587452307692308
-0.265776
-0.0077187692307692304
0.21612553846153845
0.3344104615384615
0.48649107692307686
0.5192436923076923
0.5388535384615384
0.5090215384615385
0.3235624615384615
0.13247076923076923
-0.06654830769230768
-0.184416
-0.24428861538461538
-0.35339446153846155
-0.4015846153846154
-0.41618769230769226
-0.328152
-0.11995384615384615
0.04526953846153846
0.2059033846153846
0.31751261538461534
0.39636923076923075
0.5083956923076923
0.527796923076923
0.4914978461538461
0.40700861538461536
0.24741784615384615
0.14144123076923076
0.042974769230769226
-0.05444861538461539
-0.1316363076923077
-0.21842030769230766
-0.24512307692307692
-0.24866953846153847
-0.2225926153846154
-0.1652233846153846
-0.10555938461538462
0.0025033846153846152
0.0798996923076923
0.16480615384615382
0.29039261538461536
0.35798399999999997
0.4134756923076923
0.40742584615384614
0.3479704615384615
0.29185292307692307
0.1794092307692308
0.078648
-0.03337846153846154
-0.16856123076923077
-0.22467876923076924
-0.23969907692307693
-0.22196676923076922
-0.1942209230769231
-0.16438892307692307
-0.06362769230769232
0.05194523076923077
0.14686523076923075
0.2125790769230769
0.24574892307692306
0.2970683076923077
0.32001599999999997
0.30895938461538464
0.2716172307692308
0.16710092307692306
0.07948246153846153
-0.0014603076923076922
-0.08344615384615384
-0.10889723076923077
-0.14164984615384615
-0.14811692307692306
-0.11724184615384614
-0.08448923076923077
-0.009596307692307692
0.06008123076923077
0.10576799999999999
0.14311015384615386
0.14978584615384616
0.14853415384615384
0.1368516923076923
0.119328
0.10430769230769231
0.06654830769230768
0.03337846153846154
0.0035464615384615383
-0.016063384615384615
-0.009179076923076922
-0.013768615384615384
-0.007510153846153846
-0.017523692307692306
-0.04756430769230769
-0.02482523076923077
-0.011473846153846154
-0.027328615384615382
-0.06487938461538462
-0.12308307692307692
-0.13121907692307694
-0.11724184615384614
-0.10430769230769231
-0.07656184615384615
-0.06049846153846154
-0.020652923076923076
0.03880246153846154
0.08615815384615384
0.12683815384615382
0.1205796923076923
0.08991323076923076
0.04819015384615385
-0.009804923076923077
-0.05757784615384615
-0.12141415384615384
-0.1721076923076923
-0.2021483076923077
-0.22467876923076924
-0.20027076923076922
-0.1585476923076923
-0.08365476923076923
0.015020307692307692
0.08490646153846154
0.15813046153846153
0.20965846153846154
0.23239753846153846
0.24324553846153843
0.20360861538461536
0.13309661538461537
0.03755076923076923
-0.07113784615384615
-0.1543753846153846
-0.23531815384615382
-0.2891409230769231
-0.31229723076923077
-0.3035353846153846
-0.23928184615384615
-0.16292861538461537
-0.06967753846153846
0.03045784615384615
0.11411261538461538
0.1977673846153846
0.24199384615384617
0.254928
0.2526332307692308
0.21049292307692305
0.14686523076923075
0.056951999999999996
-0.02858030769230769
-0.08386338461538462
-0.12662953846153846
-0.13789476923076924
-0.130176
-0.11327815384615383
-0.08323753846153846
-0.03400430769230769
0.03713353846153846
0.10743692307692307
0.16730953846153845
0.2194633846153846
0.2674449230769231
0.29727692307692305
0.2937304615384615
0.2605606153846154
0.20798953846153845
0.13455692307692307
0.04819015384615385
-0.029206153846153847
-0.103056
-0.16647507692307692
-0.2056947692307692
-0.22175815384615383
-0.20193969230769232
-0.15249784615384615
-0.08740984615384616
-0.014185846153846153
0.04902461538461538
0.10493353846153847
0.14999446153846155
0.17899199999999998
0.19818461538461538
0.19651569230769228
0.1783661538461538
0.13476553846153844
0.07364123076923076
0.012308307692307691
-0.0448523076923077
-0.09325107692307691
-0.14477907692307693
-0.17002153846153847
-0.15416676923076922
-0.10639384615384614
-0.03942830769230769
0.03066646153846154
0.09930092307692308
0.15917353846153848
0.20652923076923077
0.23677846153846152
0.2357353846153846
0.19526400000000002
0.12162276923076921
0.031709538461538456
-0.053405538461538456
-0.130176
-0.18858830769230767
-0.2238443076923077
-0.23406646153846156
-0.21654276923076923
-0.1804523076923077
-0.12621230769230768
-0.06821723076923077
-0.016063384615384615
0.028371692307692306
0.059038153846153844
0.08073415384615384
0.08615815384615384
0.07572738461538461
0.04380923076923077
-0.008344615384615384
-0.06404492307692307
-0.11181784615384616
-0.14290153846153844
-0.16626646153846153
-0.1794092307692308
-0.17711446153846155
-0.15145476923076923
-0.1070196923076923
-0.04526953846153846
0.014603076923076923
0.054240000000000003
0.09095630769230768
0.11286092307692308
0.11140061538461538
0.0828203076923077
0.03400430769230769
-0.012934153846153845
-0.056326153846153845
-0.08574092307692306
-0.10222153846153846
-0.11599015384615384
-0.11452984615384615
-0.09596307692307693
-0.05611753846153846
-0.005632615384615384
0.04214030769230769
0.07697907692307693
0.08386338461538462
0.07677046153846154
0.05444861538461539
0.03212676923076923
0.005841230769230769
-0.03108369230769231
-0.05486584615384615
-0.07572738461538461
-0.07739630769230768
-0.06592246153846154
-0.054240000000000003
-0.02482523076923077
-0.0002086153846153846
0.03066646153846154
0.06675692307692307
0.08073415384615384
0.08845292307692308
0.07009476923076922
0.02899753846153846
-0.012516923076923077
-0.051528
-0.07948246153846153
-0.10347323076923076
-0.11578153846153846
-0.11473846153846154
-0.09158215384615384
-0.052153846153846155
-0.009804923076923077
0.0446436923076923
0.09179076923076923
0.12350030769230769
0.15166338461538462
0.16981292307692308
0.1760713846153846
0.1696043076923077
0.15187199999999998
0.1397723076923077
0.12850707692307692
0.10806276923076923
0.07948246153846153
0.03775938461538462
0.004172307692307692
-0.019609846153846155
-0.027120000000000002
-0.009596307692307692
0.017315076923076923
0.05486584615384615
0.09095630769230768
0.13852061538461538
0.18942276923076923
0.22029784615384615
0.233232
0.21862892307692305
0.1842073846153846
0.12808984615384614
0.055491692307692304
-0.02211323076923077
-0.10201292307692307
-0.16271999999999998
-0.19442953846153843
-0.20152246153846154
-0.18128676923076922
-0.14102399999999998
-0.08699261538461538
-0.01856676923076923
0.06070707692307692
0.1341396923076923
0.1829556923076923
0.19526400000000002
0.1710646153846154
0.13622584615384614
0.08469784615384615
0.013768615384615384
-0.05590892307692308
-0.11557292307692307
-0.15813046153846153
-0.1869193846153846
-0.18629353846153843
-0.15374953846153847
-0.10722830769230769
-0.054657230769230764
-0.003129230769230769
0.05173661538461538
0.103056
0.13601723076923075
0.14999446153846155
0.138312
0.10409907692307692
0.06279323076923077
0.015228923076923076
-0.02273907692307692
-0.05799507692307692
-0.10013538461538461
-0.12579507692307693
-0.13101046153846155
-0.10576799999999999
-0.06446215384615385
-0.030040615384615384
-0.0008344615384615384
0.02211323076923077
0.04568676923076923
0.06216738461538462
0.06821723076923077
0.06800861538461538
0.05194523076923077
0.03045784615384615
0.016272
0.007301538461538462
-0.0022947692307692304
-0.022530461538461537
-0.028163076923076923
-0.018358153846153843
-0.012308307692307691
0.006675692307692307
0.03713353846153846
0.06821723076923077
0.0988836923076923
0.12016246153846154
0.14436184615384615
0.15959076923076923
0.15813046153846153
0.15604430769230768
0.14060676923076923
0.12850707692307692
0.12266584615384615
0.11411261538461538
0.10243015384615384
0.07677046153846154
0.05319692307692307
0.027745846153846152
0.002712
-0.012308307692307691
-0.03421292307692308
-0.05027630769230769
-0.045895384615384616
-0.02273907692307692
0.008970461538461538
0.03483876923076923
0.059872615384615385
0.08636676923076922
0.10159569230769232
0.11244369230769231
0.11181784615384616
0.09784061538461537
0.07885661538461539
0.04547815384615384
0.014394461538461538
-0.023990769230769232
-0.06383630769230769
-0.08302892307692307
-0.09095630769230768
-0.07781353846153846
-0.062376
-0.041514461538461535
-0.010848
0.013768615384615384
0.03775938461538462
0.03963692307692308
0.03713353846153846
0.038176615384615385
0.032544
0.02545107692307692
0.009804923076923077
-0.003755076923076923
-0.018358153846153843
-0.04130584615384615
-0.06216738461538462
-0.07301538461538462
-0.08720123076923077
-0.09909230769230769
-0.11286092307692308
-0.12350030769230769
-0.13267938461538462
-0.1489513846153846
-0.16021661538461537
-0.18754523076923074
-0.238656
-0.30937661538461536
-0.2724516923076923
-0.14415323076923076
0.05507446153846154
0.3225193846153846
0.5609667692307693
0.8096363076923077
1.0086553846153845
1.1438381538461537
1.142377846153846
0.9690184615384615
0.6611021538461538
0.276624
-0.06070707692307692
-0.33545353846153847
-0.5182006153846154
-0.6323132307692307
-0.6577643076923076
-0.5597150769230769
-0.3542289230769231
-0.08073415384615384
0.19046584615384615
0.3938658461538461
0.4852393846153846
0.5040147692307693
0.43475446153846153
0.3087507692307692
0.143736
-0.10514215384615383
-0.3116713846153846
-0.441012923076923
-0.4606227692307692
-0.34296369230769225
-0.19213476923076922
-0.02357353846153846
0.1207883076923077
0.20819815384615384
0.2791273846153846
0.2851772307692308
0.20027076923076922
0.061124307692307686
-0.09074769230769231
-0.16271999999999998
-0.14957723076923077
-0.06529661538461538
0.04756430769230769
0.11745046153846153
0.15959076923076923
0.16334584615384617
0.12725538461538463
0.06404492307692307
-0.062376
-0.21028430769230766
-0.3615304615384615
-0.5029716923076922
-0.5611753846153846
-0.5918418461538462
-0.5872523076923076
-0.527796923076923
-0.41910830769230767
-0.22029784615384615
0.023364923076923075
0.27328615384615385
0.48607384615384613
0.6012295384615385
0.5933021538461538
0.48461353846153843
0.29227015384615385
0.01710646153846154
-0.2912270769230769
-0.5492843076923076
-0.6921858461538462
-0.6848843076923077
-0.5419827692307692
-0.31041969230769234
-0.019609846153846155
0.2705741538461538
0.5213298461538461
0.7069975384615383
0.7574824615384614
0.6926030769230769
0.5509532307692308
0.3617390769230769
0.16772676923076923
-0.028788923076923077
-0.1992276923076923
-0.3195987692307692
-0.3848953846153846
-0.39365723076923076
-0.36445107692307693
-0.29873723076923075
-0.2075723076923077
-0.1045163076923077
0.0070929230769230765
0.09575446153846154
0.15646153846153846
0.17231630769230769
0.12955015384615384
0.07197230769230768
0.012099692307692308
-0.0448523076923077
-0.06926030769230769
-0.073224
-0.04756430769230769
0.016897846153846156
0.0853236923076923
0.14728246153846153
0.17669723076923077
0.1558356923076923
0.09512861538461538
0.016063384615384615
-0.05319692307692307
-0.09909230769230769
-0.11578153846153846
-0.11452984615384615
-0.078648
0.0006258461538461538
0.09116492307692307
0.18900553846153845
0.2626467692307692
0.27787569230769227
0.24199384615384617
0.15959076923076923
0.04693846153846153
-0.08907876923076924
-0.24720923076923076
-0.39657784615384617
-0.49733907692307694
-0.5309261538461538
-0.4921236923076923
-0.3942830769230769
-0.25367630769230765
-0.0880356923076923
0.08177723076923075
0.23949046153846154
0.35318584615384613
0.40617415384615385
0.38927630769230764
0.31188
0.19839323076923077
0.06070707692307692
-0.0771876923076923
-0.19672430769230767
-0.2853858461538461
-0.3179298461538461
-0.292896
-0.22405292307692307
-0.10201292307692307
0.03150092307692308
0.15374953846153847
0.2701569230769231
0.3440067692307692
0.38572984615384615
0.38719015384615385
0.34692738461538464
0.28809784615384615
0.19860184615384616
0.11640738461538462
0.051319384615384614
0.0004172307692307692
-0.027745846153846152
-0.044435076923076924
-0.03588184615384615
-0.025033846153846153
-0.014394461538461538
-0.002086153846153846
-0.01043076923076923
-0.022530461538461537
-0.043392
-0.06988615384615385
-0.07635323076923077
-0.06967753846153846
-0.04380923076923077
0.009179076923076922
0.07468430769230769
0.15562707692307692
0.22676492307692306
0.273912
0.31104553846153843
0.3129230769230769
0.2680707692307692
0.17982646153846152
0.05611753846153846
-0.07155507692307693
-0.1869193846153846
-0.27787569230769227
-0.3304467692307692
-0.3375396923076923
-0.2899753846153846
-0.19672430769230767
-0.07364123076923076
0.05736923076923077
0.15541846153846153
0.19609846153846153
0.17419384615384614
0.0963803076923077
-0.019192615384615384
-0.15291507692307693
-0.2860116923076923
-0.39324
-0.4489403076923077
-0.43976123076923074
-0.3684147692307692
-0.2426196923076923
-0.08657538461538461
0.0678
0.20423446153846153
0.31041969230769234
0.376968
0.37947138461538454
0.3127144615384615
0.19609846153846153
0.05507446153846154
-0.07051199999999999
-0.17085599999999998
-0.23281476923076924
-0.2426196923076923
-0.19964492307692308
-0.09554584615384615
0.04756430769230769
0.2021483076923077
0.3269003076923077
0.3924055384615385
0.39261415384615383
0.33712246153846154
0.2517987692307692
0.13601723076923075
-0.0077187692307692304
-0.1543753846153846
-0.2641070769230769
-0.3156350769230769
-0.2943563076923077
-0.21132738461538458
-0.09971815384615385
0.018775384615384614
0.12767261538461538
0.23490092307692306
0.3206418461538461
0.35694092307692304
0.33002953846153843
0.24303692307692307
0.1314276923076923
0.018358153846153843
-0.07489292307692308
-0.14457046153846154
-0.18983999999999998
-0.19004861538461537
-0.14665661538461539
-0.06216738461538462
0.040262769230769234
0.13434830769230768
0.20298276923076922
0.2355267692307692
0.23010276923076922
0.20047938461538461
0.14665661538461539
0.07551876923076924
0.014394461538461538
-0.04422646153846154
-0.06946892307692307
-0.06487938461538462
-0.05590892307692308
-0.03692492307692308
-0.030040615384615384
-0.024199384615384616
-0.013351384615384614
-0.01397723076923077
-0.02482523076923077
-0.047981538461538464
-0.07551876923076924
-0.08177723076923075
-0.061124307692307686
-0.018775384615384614
0.03421292307692308
0.08615815384615384
0.138312
0.1910916923076923
0.2453316923076923
0.2837169230769231
0.28955815384615385
0.2624381538461539
0.20131384615384615
0.1207883076923077
0.040262769230769234
-0.03483876923076923
-0.10013538461538461
-0.14415323076923076
-0.15750461538461538
-0.13184492307692308
-0.07113784615384615
-0.005632615384615384
0.047981538461538464
0.08386338461538462
0.10117846153846152
0.11035753846153845
0.0934596923076923
0.04672984615384615
-0.020652923076923076
-0.09137353846153846
-0.1424843076923077
-0.1693956923076923
-0.1712732307692308
-0.15959076923076923
-0.13372246153846154
-0.0892873846153846
-0.018358153846153843
0.0609156923076923
0.12266584615384615
0.16188553846153847
0.1652233846153846
0.15103753846153847
0.12350030769230769
0.09554584615384615
0.07051199999999999
0.0446436923076923
0.03567323076923076
0.04109723076923077
0.07030338461538461
0.10743692307692307
0.14144123076923076
0.16167692307692308
0.15792184615384616
0.14102399999999998
0.11035753846153845
0.06529661538461538
-0.0014603076923076922
-0.07823076923076923
-0.14728246153846153
-0.1927606153846154
-0.2056947692307692
-0.18170399999999998
-0.13267938461538462
-0.06654830769230768
0.010848
0.09179076923076923
0.16167692307692308
0.18921415384615384
0.17002153846153847
0.10409907692307692
0.013768615384615384
-0.08386338461538462
-0.17899199999999998
-0.26222953846153846
-0.3137575384615385
-0.3114627692307692
-0.2586830769230769
-0.14603076923076924
-0.0016689230769230767
0.13998092307692306
0.2624381538461539
0.34275507692307694
0.3913624615384615
0.40033292307692303
0.3571495384615384
0.26452430769230767
0.1314276923076923
-0.01043076923076923
-0.14603076923076924
-0.2568055384615385
-0.3316984615384615
-0.37300430769230764
-0.3686233846153846
-0.3143833846153846
-0.21028430769230766
-0.0744756923076923
0.06195876923076923
0.17315076923076922
0.24762646153846155
0.28267384615384616
0.268488
0.2059033846153846
0.10535076923076922
-0.014603076923076923
-0.12454338461538461
-0.2021483076923077
-0.24095076923076922
-0.24554030769230767
-0.21675138461538462
-0.16230276923076925
-0.08991323076923076
-0.0035464615384615383
0.07218092307692307
0.11807630769230769
0.13455692307692307
0.12537784615384615
0.10910584615384614
0.09325107692307691
0.08115138461538463
0.06696553846153847
0.03921969230769231
0.016272
0.0
-0.015854769230769228
-0.034630153846153845
-0.06738276923076922
-0.09471138461538461
-0.11286092307692308
-0.12412615384615384
-0.11807630769230769
-0.10764553846153846
-0.09575446153846154
-0.07948246153846153
-0.05298830769230769
-0.004798153846153846
0.04944184615384615
0.0961716923076923
0.12975876923076923
0.14540492307692307
0.15166338461538462
0.14749107692307692
0.12704676923076924
0.08657538461538461
0.02858030769230769
-0.030875076923076922
-0.07697907692307693
-0.09700615384615385
-0.09325107692307691
-0.07364123076923076
-0.04130584615384615
0.013351384615384614
0.08177723076923075
0.14206707692307693
0.17461107692307692
0.18107815384615383
0.16438892307692307
0.12537784615384615
0.08010830769230769
0.029623384615384614
-0.024616615384615383
-0.08010830769230769
-0.1205796923076923
-0.13622584615384614
-0.12016246153846154
-0.08156861538461539
-0.03609046153846154
0.006049846153846154
0.03504738461538461
0.06049846153846154
0.06842584615384616
0.05048492307692308
0.009596307692307692
-0.04401784615384615
-0.09491999999999999
-0.13393107692307693
-0.1504116923076923
-0.14916
-0.12934153846153845
-0.08469784615384615
-0.014603076923076923
0.06863446153846153
0.1435273846153846
0.19192615384615386
0.20778092307692309
0.19150892307692308
0.14164984615384615
0.08010830769230769
0.0025033846153846152
-0.0988836923076923
-0.20632061538461538
-0.3062473846153846
-0.33712246153846154
-0.2862203076923077
-0.1860849230769231
-0.022947692307692308
0.16167692307692308
0.3277347692307692
0.497964923076923
0.6229255384615384
0.6834239999999999
0.6417009230769231
0.49045476923076925
0.30562153846153844
0.09784061538461537
-0.10117846153846152
-0.3072904615384615
-0.4549901538461538
-0.5355156923076922
-0.5434430769230769
-0.4220289230769231
-0.2591003076923077
-0.03421292307692308
0.19463815384615382
0.38719015384615385
0.5386449230769231
0.5661821538461538
0.512568
0.37050092307692306
0.17023015384615386
-0.03859384615384615
-0.241368
-0.387816
-0.47418276923076924
-0.45665907692307695
-0.347136
-0.20152246153846154
-0.03212676923076923
0.11974523076923077
0.22676492307692306
0.28246523076923075
0.26619323076923074
0.19881046153846152
0.10180430769230768
-0.006884307692307692
-0.09074769230769231
-0.1597993846153846
-0.19547261538461536
-0.1927606153846154
-0.17315076923076922
-0.13121907692307694
-0.0798996923076923
-0.02858030769230769
0.03045784615384615
0.10409907692307692
0.15896492307692306
0.17669723076923077
0.15959076923076923
0.10806276923076923
0.05716061538461538
0.004589538461538461
-0.056951999999999996
-0.08907876923076924
-0.08156861538461539
-0.033169846153846154
0.05048492307692308
0.12621230769230768
0.1718990769230769
0.20047938461538461
0.18963138461538462
0.14394461538461537
0.07760492307692309
-0.020652923076923076
-0.119328
-0.18191261538461537
-0.18775384615384613
-0.13914646153846155
-0.054240000000000003
0.042974769230769226
0.13455692307692307
0.2075723076923077
0.23448369230769228
0.22008923076923076
0.17711446153846155
0.09450276923076922
0.0
-0.0826116923076923
-0.14436184615384615
-0.15792184615384616
-0.13455692307692307
-0.08240307692307691
0.009179076923076922
0.11160923076923077
0.22280123076923075
0.3344104615384615
0.39657784615384617
0.4017932307692308
0.3502652307692307
0.24616615384615384
0.11828492307692307
-0.014185846153846153
-0.1476996923076923
-0.25993476923076925
-0.3198073846153846
-0.31855569230769226
-0.249504
-0.11953661538461538
0.038176615384615385
0.20486030769230767
0.360696
0.4652123076923077
0.5040147692307693
0.4599969230769231
0.3342018461538461
0.16897846153846155
-0.013560000000000001
-0.18650215384615382
-0.3202246153846154
-0.41076369230769233
-0.43433723076923075
-0.38280923076923074
-0.268488
-0.11745046153846153
0.04172307692307692
0.1927606153846154
0.3012406153846154
0.35276861538461535
0.33941723076923075
0.2789187692307692
0.17544553846153846
0.033169846153846154
-0.10743692307692307
-0.2275993846153846
-0.3102110769230769
-0.3442153846153846
-0.33023815384615385
-0.27558092307692306
-0.19213476923076922
-0.08490646153846154
0.03150092307692308
0.13101046153846155
0.18232984615384615
0.1733593846153846
0.12829846153846153
0.06133292307692308
-0.015020307692307692
-0.08720123076923077
-0.15228923076923076
-0.19067446153846154
-0.18963138461538462
-0.15833907692307692
-0.103056
-0.03942830769230769
0.011265230769230769
0.05778646153846154
0.09283384615384616
0.10117846153846152
0.09450276923076922
0.07051199999999999
0.03129230769230769
-0.008970461538461538
-0.03984553846153846
-0.0446436923076923
-0.03108369230769231
-0.01043076923076923
0.009387692307692307
0.015646153846153844
0.020027076923076922
0.010848
-0.013142769230769229
-0.046104
-0.08907876923076924
-0.12016246153846154
-0.14018953846153845
-0.1368516923076923
-0.11223507692307692
-0.084072
-0.03859384615384615
0.016897846153846156
0.08469784615384615
0.15374953846153847
0.19296923076923078
0.19359507692307693
0.15833907692307692
0.09763200000000001
0.025033846153846153
-0.05382276923076923
-0.13247076923076923
-0.19317784615384614
-0.22426153846153846
-0.21633415384615384
-0.16772676923076923
-0.084072
0.01668923076923077
0.12204
0.2125790769230769
0.26619323076923074
0.2805876923076923
0.24741784615384615
0.17669723076923077
0.08135999999999999
-0.02023569230769231
-0.0936683076923077
-0.13706030769230768
-0.14749107692307692
-0.13184492307692308
-0.092208
-0.026285538461538457
0.05611753846153846
0.14436184615384615
0.21049292307692305
0.24053353846153847
0.22530461538461538
0.1787833846153846
0.11974523076923077
0.05570030769230769
-0.01272553846153846
-0.07572738461538461
-0.11056615384615384
-0.12329169230769231
-0.10201292307692307
-0.06592246153846154
-0.023782153846153845
0.026076923076923077
0.06675692307692307
0.11411261538461538
0.14686523076923075
0.15562707692307692
0.14331876923076922
0.1151556923076923
0.08782707692307692
0.05173661538461538
0.01940123076923077
-0.005215384615384615
-0.022530461538461537
-0.031709538461538456
-0.04088861538461538
-0.043392
-0.04965046153846154
-0.06070707692307692
-0.06446215384615385
-0.06967753846153846
-0.07009476923076922
-0.061124307692307686
-0.053614153846153846
-0.042348923076923076
-0.028788923076923077
-0.012516923076923077
0.01272553846153846
0.040679999999999994
0.06529661538461538
0.07593599999999999
0.07593599999999999
0.06550523076923077
0.044435076923076924
0.020027076923076922
-0.012099692307692308
-0.04839876923076923
-0.07092923076923077
-0.07280676923076923
-0.06028984615384615
-0.03379569230769231
-0.010848
0.011265230769230769
0.040054153846153843
0.07092923076923077
0.10076123076923077
0.11077476923076923
0.10430769230769231
0.08094276923076923
0.04568676923076923
0.009804923076923077
-0.03921969230769231
-0.08720123076923077
-0.11599015384615384
-0.13247076923076923
-0.12204
-0.09241661538461539
-0.04819015384615385
0.013142769230769229
0.06279323076923077
0.11181784615384616
0.1462393846153846
0.1570873846153846
0.1504116923076923
0.11473846153846154
0.07134646153846153
0.03212676923076923
0.0002086153846153846
-0.017315076923076923
-0.02586830769230769
-0.030875076923076922
-0.024199384615384616
-0.003129230769230769
0.026702769230769228
0.04965046153846154
0.06383630769230769
0.07551876923076924
0.08156861538461539
0.0880356923076923
0.086784
0.07405846153846153
0.05528307692307692
0.03045784615384615
0.016897846153846156
0.016272
0.017315076923076923
0.015020307692307692
-0.0035464615384615383
-0.02524246153846154
-0.04526953846153846
-0.06800861538461538
-0.08198584615384615
-0.09700615384615385
-0.11140061538461538
-0.12454338461538461
-0.12433476923076923
-0.09554584615384615
-0.059664
-0.017732307692307693
0.03108369230769231
0.07843938461538462
0.12099692307692309
0.1476996923076923
0.1424843076923077
0.11181784615384616
0.06487938461538462
0.013351384615384614
-0.024616615384615383
-0.06279323076923077
-0.08657538461538461
-0.09992676923076924
-0.0892873846153846
-0.033169846153846154
0.04672984615384615
0.13601723076923075
0.21299630769230768
0.2638984615384615
0.28350830769230767
0.26911384615384615
0.20798953846153845
0.11473846153846154
-0.0029206153846153843
-0.12245723076923076
-0.21508246153846153
-0.2689052307692308
-0.26640184615384616
-0.22572184615384616
-0.14999446153846155
-0.04860738461538461
0.05736923076923077
0.16021661538461537
0.23239753846153846
0.2601433846153846
0.2411593846153846
0.1804523076923077
0.10347323076923076
0.016897846153846156
-0.06988615384615385
-0.15145476923076923
-0.21529107692307692
-0.23531815384615382
-0.21696000000000001
-0.165432
-0.10013538461538461
-0.028371692307692306
0.04985907692307692
0.12767261538461538
0.20548615384615385
0.25430215384615384
0.26723630769230766
0.24449723076923074
0.19046584615384615
0.13309661538461537
0.07197230769230768
0.0002086153846153846
-0.07802215384615384
-0.1506203076923077
-0.20465169230769228
-0.22989415384615383
-0.21779446153846155
-0.1779489230769231
-0.12579507692307693
-0.06467076923076923
0.006884307692307692
0.09012184615384615
0.16856123076923077
0.214248
0.22008923076923076
0.20319138461538463
0.17648861538461538
0.1353913846153846
0.08198584615384615
0.014394461538461538
-0.05674338461538461
-0.11807630769230769
-0.15082892307692305
-0.14665661538461539
-0.11974523076923077
-0.078648
-0.029623384615384614
0.03859384615384615
0.11828492307692307
0.19651569230769228
0.26160369230769226
0.29414769230769233
0.30270092307692303
0.28809784615384615
0.24616615384615384
0.18170399999999998
0.09450276923076922
-0.005215384615384615
-0.10722830769230769
-0.18921415384615384
-0.23510953846153848
-0.24324553846153843
-0.21696000000000001
-0.17023015384615386
-0.10222153846153846
-0.016063384615384615
0.08365476923076923
0.1718990769230769
0.23531815384615382
0.2764153846153846
0.2855944615384615
0.27412061538461535
0.23886461538461537
0.18629353846153843
0.12162276923076921
0.045895384615384616
-0.02211323076923077
-0.06863446153846153
-0.09846646153846153
-0.12350030769230769
-0.1353913846153846
-0.12934153846153845
-0.08761846153846153
-0.02899753846153846
0.028788923076923077
0.07927384615384615
0.11223507692307692
0.14123261538461537
0.14957723076923077
0.1356
0.09721476923076922
0.030040615384615384
-0.04714707692307692
-0.1205796923076923
-0.184416
-0.2275993846153846
-0.25054707692307693
-0.25513661538461535
-0.23385784615384617
-0.18942276923076923
-0.12975876923076923
-0.07405846153846153
-0.02858030769230769
-0.020027076923076922
-0.028371692307692306
-0.045895384615384616
-0.07343261538461537
-0.10785415384615385
-0.16438892307692307
-0.1846246153846154
-0.16751815384615384
-0.08094276923076923
0.06821723076923077
0.2989458461538462
0.484404923076923
0.5866264615384615
0.7324486153846154
0.7770923076923076
0.809844923076923
0.6992787692307693
0.4282873846153846
0.14436184615384615
-0.2225926153846154
-0.46625538461538457
-0.7107526153846154
-0.9070596923076922
-0.9696443076923076
-0.9531636923076923
-0.6915600000000001
-0.3481790769230769
0.07885661538461539
0.49274953846153846
0.760403076923077
0.9842473846153846
1.025761846153846
0.9268781538461538
0.6917686153846153
0.28246523076923075
-0.11327815384615383
-0.5290486153846153
-0.8855723076923077
-1.0366098461538462
-1.0933532307692309
-0.9867507692307691
-0.7683304615384615
-0.49629599999999996
-0.12037107692307693
0.21654276923076923
0.5442775384615385
0.8025433846153845
0.9087286153846155
0.9320935384615384
0.8411372307692306
0.6869704615384615
0.469176
0.15813046153846153
-0.14999446153846155
-0.4443507692307692
-0.6598504615384616
-0.7535187692307692
-0.7919039999999999
-0.7211833846153846
-0.5718147692307692
-0.3750904615384615
-0.11745046153846153
0.1070196923076923
0.31208861538461535
0.4975476923076923
0.6097827692307692
0.698027076923077
0.723060923076923
0.654217846153846
0.5303003076923076
0.3252313846153846
0.08699261538461538
-0.16647507692307692
-0.43058215384615384
-0.6467076923076923
-0.7967021538461538
-0.8446836923076922
-0.8104707692307692
-0.6652744615384616
-0.39699507692307695
-0.08448923076923077
0.2789187692307692
0.6233427692307691
0.8980892307692306
1.0860516923076924
1.1181784615384616
1.018668923076923
0.7762578461538461
0.4188996923076923
0.03150092307692308
-0.37592492307692305
-0.7435052307692308
-1.0113673846153846
-1.1588584615384614
-1.132572923076923
-0.9527464615384614
-0.6625624615384615
-0.28851507692307693
0.12704676923076924
0.5615926153846154
0.9106061538461538
1.1198473846153845
1.182432
1.0608092307692307
0.8290375384615384
0.5146541538461539
0.14018953846153845
-0.2125790769230769
-0.5353070769230769
-0.7699993846153846
-0.8732639999999999
-0.8688830769230769
-0.7293193846153846
-0.4946270769230769
-0.2205064615384615
0.07697907692307693
0.330864
0.5319692307692307
0.654217846153846
0.6809206153846155
0.6366941538461539
0.5052664615384616
0.3350363076923077
0.13935507692307691
-0.06738276923076922
-0.2526332307692308
-0.42307199999999995
-0.5409396923076923
-0.6095741538461538
-0.6304356923076923
-0.5778646153846153
-0.4987993846153846
-0.3980381538461538
-0.260352
-0.11599015384615384
0.051528
0.20506892307692307
0.32001599999999997
0.40596553846153843
0.4376750769230769
0.4345458461538461
0.3896935384615384
0.2897667692307692
0.16188553846153847
0.015854769230769228
-0.13226215384615383
-0.2730775384615384
-0.39866399999999996
-0.46729846153846155
-0.4825273846153846
-0.4262012307692308
-0.30562153846153844
-0.15750461538461538
0.03379569230769231
0.2330233846153846
0.4320424615384615
0.6070707692307692
0.6982356923076922
0.7140904615384616
0.6429526153846153
0.49629599999999996
0.3079163076923077
0.08198584615384615
-0.14102399999999998
-0.33962584615384617
-0.4942098461538461
-0.56952
-0.5674338461538462
-0.47877230769230766
-0.32502276923076917
-0.14916
0.04965046153846154
0.2330233846153846
0.387816
0.4956701538461538
0.5182006153846154
0.47939815384615386
0.3727956923076923
0.23823876923076923
0.11223507692307692
-0.008344615384615384
-0.1045163076923077
-0.18066092307692305
-0.20673784615384616
-0.16793538461538463
-0.09199938461538461
0.0043809230769230765
0.08991323076923076
0.14415323076923076
0.16710092307692306
0.1543753846153846
0.124752
0.07051199999999999
-0.0025033846153846152
-0.05298830769230769
-0.08365476923076923
-0.08010830769230769
-0.0446436923076923
0.0
0.052153846153846155
0.08448923076923077
0.10117846153846152
0.10576799999999999
0.07906523076923076
0.02795446153846154
-0.047772923076923074
-0.13726892307692307
-0.20381723076923075
-0.24053353846153847
-0.23782153846153845
-0.1927606153846154
-0.12808984615384614
-0.03296123076923077
0.08031692307692308
0.19630707692307692
0.2937304615384615
0.33899999999999997
0.3419206153846154
0.2887236923076923
0.19505538461538463
0.0826116923076923
-0.04568676923076923
-0.16167692307692308
-0.25305046153846156
-0.2966510769230769
-0.28017046153846153
-0.21508246153846153
-0.11432123076923076
-0.006675692307692307
0.09387692307692307
0.18650215384615382
0.2438713846153846
0.25847446153846154
0.2209236923076923
0.13518276923076925
0.024199384615384616
-0.08949599999999999
-0.1783661538461538
-0.24053353846153847
-0.2632726153846154
-0.24679199999999998
-0.19505538461538463
-0.11140061538461538
-0.017940923076923077
0.05945538461538461
0.10201292307692307
0.10785415384615385
0.084072
0.04276615384615385
-0.015646153846153844
-0.07885661538461539
-0.13330523076923076
-0.16271999999999998
-0.15562707692307692
-0.12350030769230769
-0.06759138461538462
-0.013768615384615384
0.03650769230769231
0.08240307692307691
0.11891076923076922
0.14540492307692307
0.13622584615384614
0.10576799999999999
0.05507446153846154
-0.003129230769230769
-0.050067692307692306
-0.08866153846153846
-0.11870215384615385
-0.13706030769230768
-0.13998092307692306
-0.1218313846153846
-0.07885661538461539
-0.031918153846153846
0.014394461538461538
0.042974769230769226
0.058829538461538454
0.07134646153846153
0.06738276923076922
0.05862092307692307
0.04214030769230769
0.021904615384615383
0.010848
0.016897846153846156
0.04088861538461538
0.07030338461538461
0.0897046153846154
0.09971815384615385
0.10535076923076922
0.09763200000000001
0.07092923076923077
0.025659692307692307
-0.03024923076923077
-0.08240307692307691
-0.10535076923076922
-0.0963803076923077
-0.06487938461538462
-0.013768615384615384
0.0448523076923077
0.11181784615384616
0.17481969230769231
0.22321846153846153
0.25305046153846156
0.24303692307692307
0.20047938461538461
0.13497415384615385
0.052153846153846155
-0.03024923076923077
-0.11265230769230769
-0.17377661538461536
-0.20715507692307691
-0.2056947692307692
-0.15667015384615385
-0.08448923076923077
0.01272553846153846
0.10889723076923077
0.2008966153846154
0.2920615384615385
0.36257353846153845
0.4090947692307692
0.404088
0.35694092307692304
0.2701569230769231
0.154584
0.03108369230769231
-0.09512861538461538
-0.20360861538461536
-0.2803790769230769
-0.3077076923076923
-0.2768326153846154
-0.19985353846153847
-0.09825784615384614
0.017940923076923077
0.14206707692307693
0.25659692307692306
0.34984799999999994
0.39866399999999996
0.38948492307692306
0.3291950769230769
0.23072861538461537
0.11870215384615385
0.005424
-0.10576799999999999
-0.20486030769230767
-0.28476
-0.3316984615384615
-0.32231076923076923
-0.2753723076923077
-0.19505538461538463
-0.08845292307692308
0.02899753846153846
0.15959076923076923
0.2791273846153846
0.3746732307692308
0.42015138461538465
0.41618769230769226
0.3763421538461538
0.3079163076923077
0.21800307692307694
0.1045163076923077
-0.024199384615384616
-0.14477907692307693
-0.23615261538461538
-0.2858030769230769
-0.292896
-0.2751636923076923
-0.22718215384615387
-0.1718990769230769
-0.10555938461538462
-0.013560000000000001
0.07280676923076923
0.1504116923076923
0.19442953846153843
0.21132738461538458
0.22321846153846153
0.19797599999999999
0.1476996923076923
0.07802215384615384
-0.015020307692307692
-0.10555938461538462
-0.19547261538461536
-0.26097784615384617
-0.2966510769230769
-0.32043323076923075
-0.31188
-0.27453784615384613
-0.19797599999999999
-0.09095630769230768
0.0077187692307692304
0.10159569230769232
0.17544553846153846
0.22488738461538463
0.25764
0.25555384615384613
0.20798953846153845
0.11745046153846153
0.004798153846153846
-0.09241661538461539
-0.16730953846153845
-0.22175815384615383
-0.2526332307692308
-0.25972615384615383
-0.21883753846153844
-0.14519630769230768
-0.055491692307692304
0.03650769230769231
0.11035753846153845
0.15896492307692306
0.17419384615384614
0.17899199999999998
0.17398523076923075
0.1462393846153846
0.09930092307692308
0.03921969230769231
-0.014603076923076923
-0.05799507692307692
-0.0897046153846154
-0.10514215384615383
-0.11703323076923078
-0.11870215384615385
-0.10138707692307691
-0.07197230769230768
-0.03150092307692308
0.01043076923076923
0.042974769230769226
0.06675692307692307
0.08594953846153845
0.10827138461538462
0.11640738461538462
0.10681107692307691
0.09554584615384615
0.08302892307692307
0.08824430769230769
0.10117846153846152
0.11098338461538461
0.11223507692307692
0.09784061538461537
0.08448923076923077
0.06154153846153846
0.021904615384615383
-0.03212676923076923
-0.08824430769230769
-0.12308307692307692
-0.12913292307692306
-0.10618523076923077
-0.05945538461538461
-0.0002086153846153846
0.06926030769230769
0.1314276923076923
0.17982646153846152
0.20798953846153845
0.1923433846153846
0.1462393846153846
0.07468430769230769
-0.0043809230769230765
-0.07238953846153846
-0.12725538461538463
-0.15938215384615384
-0.1710646153846154
-0.15395815384615386
-0.10514215384615383
-0.044435076923076924
0.027328615384615382
0.07134646153846153
0.08219446153846154
0.10806276923076923
0.12308307692307692
0.14123261538461537
0.12558646153846154
0.08156861538461539
0.041514461538461535
0.014185846153846153
-0.0004172307692307692
0.06028984615384615
0.13476553846153844
0.028371692307692306
0.0006258461538461538
-0.029206153846153847
-0.053405538461538456
0.03713353846153846
-0.06592246153846154
-0.1733593846153846
-0.29581661538461534
-0.3344104615384615
-0.20444307692307692
-0.16063384615384615
-0.09909230769230769
-0.1136953846153846
-0.05236246153846154
0.13747753846153846
0.2707827692307692
0.38719015384615385
0.26869661538461537
0.09909230769230769
0.011473846153846154
-0.11411261538461538
-0.12829846153846153
-0.2290596923076923
-0.3508910769230769
-0.34358953846153845
-0.3873987692307692
-0.2532590769230769
-0.07948246153846153
-0.008761846153846153
0.1397723076923077
0.15687876923076924
0.168144
0.2157083076923077
0.1881710769230769
0.21842030769230766
0.15208061538461537
0.03129230769230769
-0.04965046153846154
-0.13601723076923075
-0.1218313846153846
-0.13059323076923077
-0.16042523076923076
-0.15896492307692306
-0.16856123076923077
-0.05090215384615384
0.054657230769230764
0.086784
0.12683815384615382
0.09199938461538461
0.11411261538461538
0.16188553846153847
0.12621230769230768
0.1218313846153846
0.06675692307692307
0.028788923076923077
0.08156861538461539
0.08302892307692307
0.08198584615384615
0.055491692307692304
0.003963692307692307
-0.010013538461538461
-0.037967999999999995
-0.06446215384615385
-0.086784
-0.08344615384615384
-0.06654830769230768
-0.054240000000000003
0.017315076923076923
0.065088
0.10952307692307692
0.1804523076923077
0.1846246153846154
0.1994363076923077
0.18983999999999998
0.14603076923076924
0.11745046153846153
0.029414769230769227
-0.03150092307692308
-0.06070707692307692
-0.10222153846153846
-0.10827138461538462
-0.12537784615384615
-0.10827138461538462
-0.02586830769230769
0.0609156923076923
0.13267938461538462
0.16084246153846155
0.20298276923076922
0.26535876923076923
0.2883064615384615
0.29602523076923076
0.22154953846153846
0.11974523076923077
0.08094276923076923
0.03233538461538461
0.02211323076923077
0.019609846153846155
-0.024408000000000003
-0.02795446153846154
-0.03650769230769231
-0.03275261538461539
0.012934153846153845
0.027120000000000002
0.03609046153846154
0.03921969230769231
0.03713353846153846
0.04672984615384615
0.05653476923076922
0.08115138461538463
0.08991323076923076
0.09053907692307692
0.08386338461538462
0.05277969230769231
0.03483876923076923
-0.0029206153846153843
-0.05298830769230769
-0.09304246153846155
-0.15875630769230767
-0.18149538461538461
-0.17085599999999998
-0.17481969230769231
-0.157296
-0.13768615384615385
-0.09158215384615384
0.010013538461538461
0.10597661538461538
0.17252492307692308
0.1883796923076923
0.15792184615384616
0.12725538461538463
0.08615815384615384
0.03650769230769231
-0.041514461538461535
-0.12934153846153845
-0.1992276923076923
-0.2526332307692308
-0.2526332307692308
-0.22593046153846155
-0.16981292307692308
-0.06487938461538462
0.027120000000000002
0.11995384615384615
0.20924123076923076
0.2559710769230769
0.2943563076923077
0.2822566153846154
0.21696000000000001
0.138312
0.055491692307692304
-0.01043076923076923
-0.06988615384615385
-0.1218313846153846
-0.15687876923076924
-0.17252492307692308
-0.14477907692307693
-0.0853236923076923
-0.02524246153846154
0.018775384615384614
0.026702769230769228
0.043600615384615383
0.06967753846153846
0.07280676923076923
0.07739630769230768
0.07405846153846153
0.07697907692307693
0.08052553846153847
0.06633969230769231
0.07218092307692307
0.07301538461538462
0.04735569230769231
0.0002086153846153846
-0.06154153846153846
-0.10660246153846153
-0.14394461538461537
-0.17481969230769231
-0.19380369230769232
-0.20360861538461536
-0.18337292307692307
-0.12642092307692307
-0.02086153846153846
0.09387692307692307
0.18086953846153844
0.2480436923076923
0.2872633846153846
0.3095852307692307
0.2970683076923077
0.22530461538461538
0.12350030769230769
0.01272553846153846
-0.09533723076923077
-0.17711446153846155
-0.2292683076923077
-0.2374043076923077
-0.20423446153846153
-0.13372246153846154
-0.02753723076923077
0.08302892307692307
0.19192615384615386
0.273912
0.3214763076923077
0.3314898461538462
0.2937304615384615
0.22718215384615387
0.13372246153846154
0.021904615384615383
-0.0855323076923077
-0.1783661538461538
-0.23615261538461538
-0.24428861538461538
-0.21341353846153846
-0.14832553846153845
-0.08240307692307691
-0.02273907692307692
0.04109723076923077
0.08887015384615385
0.12037107692307693
0.12308307692307692
0.08949599999999999
0.03609046153846154
-0.009179076923076922
-0.026911384615384615
-0.03984553846153846
-0.04672984615384615
-0.046104
-0.04130584615384615
-0.015854769230769228
0.009179076923076922
0.028163076923076923
0.03692492307692308
0.01668923076923077
-0.015228923076923076
-0.044435076923076924
-0.06800861538461538
-0.08720123076923077
-0.10347323076923076
-0.1045163076923077
-0.08511507692307693
-0.05090215384615384
-0.0012516923076923076
0.061124307692307686
0.1341396923076923
0.1856676923076923
0.19693292307692306
0.17648861538461538
0.1178676923076923
0.033169846153846154
-0.06759138461538462
-0.17231630769230769
-0.2436627692307692
-0.27412061538461535
-0.26348123076923075
-0.20778092307692309
-0.13643446153846153
-0.04276615384615385
0.07280676923076923
0.17023015384615386
0.24679199999999998
0.2764153846153846
0.2674449230769231
0.23907323076923076
0.18232984615384615
0.11911938461538461
0.029832
-0.0609156923076923
-0.13372246153846154
-0.18879692307692306
-0.20277415384615383
-0.200688
-0.1775316923076923
-0.13601723076923075
-0.08386338461538462
-0.0077187692307692304
0.07614461538461538
0.13935507692307691
0.1829556923076923
0.19797599999999999
0.19442953846153843
0.1858763076923077
0.1558356923076923
0.12537784615384615
0.07489292307692308
0.01668923076923077
-0.031709538461538456
-0.07030338461538461
-0.08094276923076923
-0.08469784615384615
-0.06487938461538462
-0.02586830769230769
0.021278769230769233
0.08323753846153846
0.14665661538461539
0.1942209230769231
0.22029784615384615
0.22572184615384616
0.22029784615384615
0.21216184615384615
0.17628
0.12683815384615382
0.06487938461538462
0.0025033846153846152
-0.03421292307692308
-0.06571384615384615
-0.0826116923076923
-0.09471138461538461
-0.10576799999999999
-0.09596307692307693
-0.07343261538461537
-0.04631261538461538
-0.03400430769230769
-0.037967999999999995
-0.05319692307692307
-0.073224
-0.09074769230769231
-0.10639384615384614
-0.1205796923076923
-0.130176
-0.1151556923076923
-0.07426707692307692
-0.01272553846153846
0.03984553846153846
0.07572738461538461
0.0961716923076923
0.08740984615384616
0.07364123076923076
0.043600615384615383
-0.0029206153846153843
-0.05173661538461538
-0.09971815384615385
-0.12016246153846154
-0.11056615384615384
-0.07551876923076924
-0.01043076923076923
0.06800861538461538
0.14603076923076924
0.22655630769230767
0.28663753846153844
0.31062830769230765
0.2837169230769231
0.21174461538461536
0.127464
0.03400430769230769
-0.05611753846153846
-0.1476996923076923
-0.2303113846153846
-0.28204799999999997
-0.29915446153846154
-0.2628553846153846
-0.19547261538461536
-0.11828492307692307
-0.03045784615384615
0.05507446153846154
0.14081538461538462
0.21091015384615383
0.2369870769230769
0.22989415384615383
0.18149538461538461
0.10326461538461539
0.038176615384615385
-0.023782153846153845
-0.07364123076923076
-0.09971815384615385
-0.10514215384615383
-0.06842584615384616
0.0004172307692307692
0.07760492307692309
0.15270646153846154
0.19067446153846154
0.19568123076923075
0.18525046153846153
0.16167692307692308
0.13226215384615383
0.07927384615384615
0.016063384615384615
-0.02858030769230769
-0.03775938461538462
-0.017732307692307693
0.00855323076923077
0.03108369230769231
0.045895384615384616
0.059872615384615385
0.06550523076923077
0.059664
0.021696
-0.03984553846153846
-0.0988836923076923
-0.14728246153846153
-0.1612596923076923
-0.14811692307692306
-0.11098338461538461
-0.05236246153846154
0.025033846153846153
0.1097316923076923
0.18754523076923074
0.23615261538461538
0.24574892307692306
0.21341353846153846
0.1424843076923077
0.06446215384615385
-0.01814953846153846
-0.09325107692307691
-0.157296
-0.19818461538461538
-0.20360861538461536
-0.1656406153846154
-0.09304246153846155
-0.015228923076923076
0.06216738461538462
0.11870215384615385
0.15604430769230768
0.1706473846153846
0.15395815384615386
0.11077476923076923
0.0448523076923077
-0.01856676923076923
-0.06821723076923077
-0.0974233846153846
-0.10743692307692307
-0.10180430769230768
-0.07364123076923076
-0.027328615384615382
0.02753723076923077
0.07656184615384615
0.10952307692307692
0.11870215384615385
0.10722830769230769
0.08031692307692308
0.03296123076923077
-0.02273907692307692
-0.0717636923076923
-0.09700615384615385
-0.09304246153846155
-0.06592246153846154
-0.003755076923076923
0.06717415384615384
0.12224861538461537
0.17273353846153844
0.20423446153846153
0.20423446153846153
0.15604430769230768
0.0609156923076923
-0.05069353846153846
-0.15667015384615385
-0.25138153846153843
-0.3252313846153846
-0.3873987692307692
-0.42661846153846156
-0.44581107692307687
-0.4193169230769231
-0.2716172307692308
-0.08177723076923075
0.15959076923076923
0.38990215384615384
0.5636787692307692
0.7435052307692308
0.8240307692307692
0.8428061538461538
0.7184713846153845
0.4812756923076923
0.22676492307692306
-0.08219446153846154
-0.3294036923076923
-0.5465723076923077
-0.6832153846153847
-0.7147163076923077
-0.6702812307692307
-0.47918953846153844
-0.2292683076923077
0.06404492307692307
0.3659113846153846
0.5786990769230769
0.723060923076923
0.7464258461538461
0.6394061538461538
0.4683415384615384
0.1942209230769231
-0.1136953846153846
-0.3880246153846154
-0.6233427692307691
-0.7176369230769232
-0.7088750769230768
-0.6135378461538461
-0.45040061538461534
-0.2807963076923077
-0.07843938461538462
0.09909230769230769
0.2225926153846154
0.2862203076923077
0.2855944615384615
0.27620676923076926
0.2655673846153846
0.25200738461538463
0.23844738461538462
0.18963138461538462
0.13455692307692307
0.06967753846153846
-0.01397723076923077
-0.0961716923076923
-0.19881046153846152
-0.2674449230769231
-0.2912270769230769
-0.29080984615384614
-0.252216
-0.20527753846153846
-0.14206707692307693
-0.04109723076923077
0.06717415384615384
0.18086953846153844
0.2807963076923077
0.3590270769230769
0.42077723076923074
0.42494953846153843
0.3684147692307692
0.22196676923076922
0.02273907692307692
-0.19046584615384615
-0.41994276923076923
-0.5916332307692307
-0.7038683076923077
-0.722435076923077
-0.6216738461538461
-0.45665907692307695
-0.22300984615384614
0.03713353846153846
0.28893230769230765
0.5071439999999999
0.62376
0.6364855384615384
0.5674338461538462
0.4282873846153846
0.2559710769230769
0.05653476923076922
-0.1462393846153846
-0.30520430769230766
-0.40638276923076927
-0.4220289230769231
-0.3819747692307692
-0.3004061538461538
-0.16897846153846155
-0.010639384615384617
0.1704387692307692
0.32001599999999997
0.4145187692307692
0.4593710769230769
0.4251581538461538
0.3421292307692308
0.23239753846153846
0.09116492307692307
-0.028371692307692306
-0.13455692307692307
-0.21967199999999998
-0.24324553846153843
-0.22718215384615387
-0.17252492307692308
-0.10243015384615384
-0.04214030769230769
0.014394461538461538
0.05611753846153846
0.08761846153846153
0.10263876923076923
0.09992676923076924
0.08907876923076924
0.06738276923076922
0.061750153846153844
0.06571384615384615
0.07489292307692308
0.08907876923076924
0.07843938461538462
0.05799507692307692
0.026702769230769228
-0.02273907692307692
-0.07405846153846153
-0.13601723076923075
-0.19818461538461538
-0.24324553846153843
-0.26160369230769226
-0.2422024615384615
-0.20277415384615383
-0.14331876923076922
-0.061124307692307686
0.03108369230769231
0.12391753846153845
0.1908830769230769
0.22634769230769228
0.22864246153846152
0.18712800000000002
0.11724184615384614
0.02211323076923077
-0.092208
-0.1942209230769231
-0.2799618461538461
-0.3285692307692308
-0.32606584615384615
-0.2868461538461538
-0.1992276923076923
-0.08115138461538463
0.053405538461538456
0.19442953846153843
0.3062473846153846
0.38072307692307694
0.4080516923076923
0.3790541538461539
0.31688676923076925
0.23615261538461538
0.14916
0.07092923076923077
0.004798153846153846
-0.03024923076923077
-0.03504738461538461
-0.0035464615384615383
0.05319692307692307
0.10660246153846153
0.15604430769230768
0.18191261538461537
0.184416
0.16584923076923075
0.11619876923076923
0.046104
-0.024199384615384616
-0.0826116923076923
-0.10639384615384614
-0.10514215384615383
-0.09116492307692307
-0.049233230769230765
0.006049846153846154
0.07593599999999999
0.14999446153846155
0.2056947692307692
0.2330233846153846
0.21716861538461538
0.16584923076923075
0.09179076923076923
0.014603076923076923
-0.06049846153846154
-0.12537784615384615
-0.16230276923076925
-0.17377661538461536
-0.14102399999999998
-0.06717415384615384
0.023364923076923075
0.11181784615384616
0.173568
0.20652923076923077
0.21842030769230766
0.20360861538461536
0.16313723076923078
0.09992676923076924
0.016897846153846156
-0.058829538461538454
-0.11745046153846153
-0.14874276923076923
-0.15145476923076923
-0.14123261538461537
-0.11473846153846154
-0.06633969230769231
0.0006258461538461538
0.059872615384615385
0.10347323076923076
0.12683815384615382
0.12391753846153845
0.10910584615384614
0.07843938461538462
0.03421292307692308
-0.021070153846153846
-0.08636676923076922
-0.12433476923076923
-0.12433476923076923
-0.09471138461538461
-0.04568676923076923
0.0029206153846153843
0.05069353846153846
0.08594953846153845
0.1097316923076923
0.12162276923076921
0.10055261538461538
0.06321046153846153
0.01668923076923077
-0.02524246153846154
-0.04944184615384615
-0.05528307692307692
-0.043392
-0.026494153846153844
-0.0012516923076923076
0.040054153846153843
0.08031692307692308
0.0963803076923077
0.09596307692307693
0.06821723076923077
0.02482523076923077
-0.02211323076923077
-0.06759138461538462
-0.08866153846153846
-0.10597661538461538
-0.11181784615384616
-0.09471138461538461
-0.054240000000000003
0.019192615384615384
0.08761846153846153
0.13601723076923075
0.17294215384615383
0.1794092307692308
0.17961784615384613
0.1570873846153846
0.09784061538461537
0.03942830769230769
-0.027120000000000002
-0.06216738461538462
-0.07051199999999999
-0.0826116923076923
-0.07969107692307692
-0.078648
-0.05716061538461538
-0.006884307692307692
0.03775938461538462
0.07405846153846153
0.09450276923076922
0.09304246153846155
0.08574092307692306
0.0717636923076923
0.059664
0.03921969230769231
-0.0050067692307692304
-0.03901107692307692
-0.05945538461538461
-0.07030338461538461
-0.0717636923076923
-0.06821723076923077
-0.05236246153846154
-0.03504738461538461
-0.013351384615384614
0.018358153846153843
0.04714707692307692
0.06258461538461538
0.05674338461538461
0.042974769230769226
0.04839876923076923
0.06571384615384615
0.08636676923076922
0.09971815384615385
0.10597661538461538
0.11557292307692307
0.12308307692307692
0.132888
0.124752
0.09679753846153846
0.06028984615384615
0.02545107692307692
0.003129230769230769
-0.014185846153846153
-0.03150092307692308
-0.0448523076923077
-0.04672984615384615
-0.03150092307692308
-0.01272553846153846
0.004589538461538461
0.017523692307692306
0.015228923076923076
0.010848
0.007510153846153846
-0.0002086153846153846
-0.013142769230769229
-0.03233538461538461
-0.05799507692307692
-0.08386338461538462
-0.09262523076923077
-0.08344615384615384
-0.07238953846153846
-0.05736923076923077
-0.028788923076923077
0.0018775384615384615
0.03108369230769231
0.06279323076923077
0.08490646153846154
0.0897046153846154
0.07739630769230768
0.056951999999999996
0.03567323076923076
-0.0014603076923076922
-0.05799507692307692
-0.10806276923076923
-0.14081538461538462
-0.15082892307692305
-0.13914646153846155
-0.12516923076923075
-0.1097316923076923
-0.09658892307692307
-0.08344615384615384
-0.065088
-0.04860738461538461
-0.042348923076923076
-0.04401784615384615
-0.03713353846153846
-0.012099692307692308
0.03066646153846154
0.07697907692307693
0.10806276923076923
0.124752
0.12537784615384615
0.10535076923076922
0.0826116923076923
0.04318338461538461
-0.015228923076923076
-0.07238953846153846
-0.119328
-0.1341396923076923
-0.12558646153846154
-0.10889723076923077
-0.08490646153846154
-0.05027630769230769
-0.005841230769230769
0.04214030769230769
0.0855323076923077
0.11494707692307692
0.13518276923076925
0.13935507692307691
0.1314276923076923
0.1151556923076923
0.08302892307692307
0.02795446153846154
-0.0448523076923077
-0.11640738461538462
-0.16981292307692308
-0.19714153846153845
-0.21070153846153844
-0.20673784615384616
-0.17961784615384613
-0.13706030769230768
-0.06884307692307692
0.009387692307692307
0.07051199999999999
0.11870215384615385
0.14457046153846154
0.16271999999999998
0.17148184615384612
0.15354092307692307
0.11432123076923076
0.04985907692307692
-0.015437538461538461
-0.07656184615384615
-0.12621230769230768
-0.15938215384615384
-0.1783661538461538
-0.17690584615384616
-0.1543753846153846
-0.09325107692307691
-0.004589538461538461
0.08782707692307692
0.165432
0.21988061538461537
0.2517987692307692
0.25513661538461535
0.22655630769230767
0.1639716923076923
0.06362769230769232
-0.047772923076923074
-0.15875630769230767
-0.25659692307692306
-0.3216849230769231
-0.36299076923076923
-0.35923569230769226
-0.3131316923076923
-0.2275993846153846
-0.1070196923076923
0.02273907692307692
0.14728246153846153
0.2497126153846154
0.3319070769230769
0.37425600000000003
0.37321292307692305
0.32502276923076917
0.22780799999999998
0.11140061538461538
-0.012516923076923077
-0.12120553846153845
-0.1940123076923077
-0.22801661538461537
-0.2138307692307692
-0.15667015384615385
-0.07343261538461537
0.033169846153846154
0.13747753846153846
0.222384
0.2853858461538461
0.3187643076923077
0.3243969230769231
0.29602523076923076
0.2374043076923077
0.15520984615384617
0.06008123076923077
-0.03233538461538461
-0.11223507692307692
-0.1710646153846154
-0.20965846153846154
-0.222384
-0.20861538461538462
-0.16480615384615382
-0.09825784615384614
-0.020652923076923076
0.05048492307692308
0.10409907692307692
0.15270646153846154
0.1794092307692308
0.19672430769230767
0.1775316923076923
0.13330523076923076
0.06571384615384615
-0.03567323076923076
-0.09679753846153846
-0.14102399999999998
-0.14832553846153845
-0.14144123076923076
-0.12579507692307693
-0.07635323076923077
0.006258461538461538
0.10389046153846154
0.2868461538461538
0.4476886153846154
0.3483876923076923
0.29915446153846154
0.19526400000000002
0.08657538461538461
0.11056615384615384
-0.14331876923076922
-0.36445107692307693
-0.557628923076923
-0.6312701538461538
-0.44393353846153844
-0.35694092307692304
-0.20006215384615383
-0.14018953846153845
0.013351384615384614
0.3291950769230769
0.5054750769230769
0.6855101538461539
0.5676424615384615
0.39657784615384617
0.30749907692307693
0.09596307692307693
0.04047138461538462
-0.15082892307692305
-0.3481790769230769
-0.36299076923076923
-0.48419630769230765
-0.3554806153846154
-0.1829556923076923
-0.08198584615384615
0.1829556923076923
0.2526332307692308
0.33607938461538456
0.4374664615384615
0.4245323076923077
0.5015113846153846
0.4105550769230769
0.24053353846153847
0.0853236923076923
-0.08135999999999999
-0.08949599999999999
-0.15792184615384616
-0.2578486153846154
-0.31918153846153846
-0.3813489230769231
-0.252216
-0.13309661538461537
-0.06216738461538462
0.05236246153846154
0.08699261538461538
0.20944984615384615
0.3323243076923077
0.3346190769230769
0.36445107692307693
0.30332676923076923
0.22697353846153845
0.21049292307692305
0.10430769230769231
0.012099692307692308
-0.0974233846153846
-0.2221753846153846
-0.2799618461538461
-0.3319070769230769
-0.3285692307692308
-0.28434276923076923
-0.17273353846153844
-0.03942830769230769
0.06133292307692308
0.2209236923076923
0.3327415384615385
0.41326707692307696
0.471888
0.3817661538461538
0.26681907692307694
0.12162276923076921
-0.061750153846153844
-0.18963138461538462
-0.3442153846153846
-0.4307907692307692
-0.43350276923076925
-0.4047138461538461
-0.29185292307692307
-0.18212123076923076
-0.026285538461538457
0.17648861538461538
0.33065538461538463
0.42640984615384614
0.41681353846153846
0.39261415384615383
0.36215630769230767
0.25951753846153847
0.1504116923076923
-0.027120000000000002
-0.1881710769230769
-0.2330233846153846
-0.26619323076923074
-0.2238443076923077
-0.14832553846153845
-0.08511507692307693
0.06008123076923077
0.1802436923076923
0.2730775384615384
0.3581926153846154
0.35923569230769226
0.33315876923076926
0.26348123076923075
0.16334584615384617
0.054240000000000003
-0.06383630769230769
-0.13184492307692308
-0.1860849230769231
-0.19672430769230767
-0.19547261538461536
-0.20277415384615383
-0.1506203076923077
-0.1097316923076923
-0.05486584615384615
0.009596307692307692
0.019609846153846155
0.058412307692307694
0.09700615384615385
0.09304246153846155
0.0897046153846154
0.03880246153846154
-0.0014603076923076922
0.006884307692307692
-0.0002086153846153846
-0.0033378461538461535
-0.03379569230769231
-0.07510153846153846
-0.08907876923076924
-0.11098338461538461
-0.11035753846153845
-0.10994030769230768
-0.10389046153846154
-0.07531015384615385
-0.07572738461538461
-0.04568676923076923
-0.006884307692307692
0.03650769230769231
0.11160923076923077
0.11494707692307692
0.09199938461538461
0.05862092307692307
0.008136
0.003755076923076923
-0.03859384615384615
-0.1178676923076923
-0.17481969230769231
-0.21800307692307694
-0.1910916923076923
-0.1218313846153846
-0.06654830769230768
-0.011473846153846154
0.03629907692307692
0.11077476923076923
0.1923433846153846
0.24199384615384617
0.2641070769230769
0.21842030769230766
0.154584
0.08720123076923077
0.014394461538461538
-0.029414769230769227
-0.09408553846153846
-0.13768615384615385
-0.14832553846153845
-0.14477907692307693
-0.08094276923076923
-0.003129230769230769
0.06195876923076923
0.11599015384615384
0.1435273846153846
0.17690584615384616
0.20798953846153845
0.19985353846153847
0.12829846153846153
-0.005841230769230769
-0.13455692307692307
-0.22342707692307692
-0.25513661538461535
-0.24595753846153845
-0.24303692307692307
-0.21111876923076925
-0.1435273846153846
-0.03567323076923076
0.09429415384615383
0.17544553846153846
0.21612553846153845
0.22572184615384616
0.21842030769230766
0.22697353846153845
0.20819815384615384
0.154584
0.10326461538461539
0.04547815384615384
0.008970461538461538
-0.0006258461538461538
-0.016897846153846156
-0.03650769230769231
-0.06362769230769232
-0.08490646153846154
-0.08365476923076923
-0.06905169230769231
-0.05090215384615384
-0.04526953846153846
-0.04631261538461538
-0.040679999999999994
-0.02044430769230769
0.015854769230769228
0.042974769230769226
0.055491692307692304
0.04631261538461538
0.013351384615384614
-0.002086153846153846
-0.013142769230769229
-0.03650769230769231
-0.07092923076923077
-0.13747753846153846
-0.1794092307692308
-0.17899199999999998
-0.1635544615384615
-0.13476553846153844
-0.11140061538461538
-0.0678
-0.0022947692307692304
0.07364123076923076
0.15416676923076922
0.20861538461538462
0.23969907692307693
0.23949046153846154
0.208824
0.1666836923076923
0.08699261538461538
-0.010639384615384617
-0.0974233846153846
-0.16188553846153847
-0.17252492307692308
-0.16167692307692308
-0.12913292307692306
-0.06529661538461538
0.015646153846153844
0.10535076923076922
0.1691870769230769
0.20632061538461538
0.21445661538461538
0.18754523076923074
0.13643446153846153
0.07218092307692307
0.0077187692307692304
-0.059664
-0.12621230769230768
-0.18274707692307693
-0.21883753846153844
-0.22843384615384613
-0.21341353846153846
-0.18545907692307692
-0.14978584615384616
-0.100344
-0.03650769230769231
0.04860738461538461
0.12725538461538463
0.17961784615384613
0.21111876923076925
0.2125790769230769
0.19505538461538463
0.16501476923076921
0.12037107692307693
0.059872615384615385
-0.012308307692307691
-0.0678
-0.10368184615384615
-0.130176
-0.13393107692307693
-0.12788123076923075
-0.10994030769230768
-0.06926030769230769
-0.01856676923076923
0.03358707692307692
0.06571384615384615
0.08219446153846154
0.10117846153846152
0.11411261538461538
0.10931446153846153
0.09053907692307692
0.044435076923076924
-0.016272
-0.06738276923076922
-0.11056615384615384
-0.13205353846153844
-0.13935507692307691
-0.12704676923076924
-0.08699261538461538
-0.023990769230769232
0.056951999999999996
0.14749107692307692
0.23093723076923076
0.2849686153846154
0.30895938461538464
0.30416123076923074
0.2638984615384615
0.19735015384615384
0.10994030769230768
0.014603076923076923
-0.05716061538461538
-0.10430769230769231
-0.12204
-0.10430769230769231
-0.06654830769230768
-0.016063384615384615
0.046104
0.1097316923076923
0.1612596923076923
0.18504184615384617
0.1718990769230769
0.1435273846153846
0.11202646153846153
0.07781353846153846
0.049233230769230765
0.013560000000000001
-0.030875076923076922
-0.06216738461538462
-0.07635323076923077
-0.07280676923076923
-0.05298830769230769
-0.03713353846153846
-0.02482523076923077
0.0002086153846153846
0.03400430769230769
0.07259815384615384
0.10994030769230768
0.12725538461538463
0.13872923076923074
0.14728246153846153
0.14123261538461537
0.13038461538461538
0.11035753846153845
0.08135999999999999
0.03921969230769231
-0.010639384615384617
-0.056326153846153845
-0.09450276923076922
-0.12329169230769231
-0.146448
-0.14957723076923077
-0.1356
-0.10827138461538462
-0.06467076923076923
-0.021278769230769233
0.021696
0.06341907692307691
0.092208
0.11056615384615384
0.11348676923076922
0.086784
0.03838523076923077
-0.028163076923076923
-0.10076123076923077
-0.16480615384615382
-0.21800307692307694
-0.24887815384615386
-0.2478350769230769
-0.2090326153846154
-0.13247076923076923
-0.03942830769230769
0.058412307692307694
0.15374953846153847
0.23531815384615382
0.29039261538461536
0.29727692307692305
0.26139507692307695
0.18274707692307693
0.07051199999999999
-0.03650769230769231
-0.13726892307692307
-0.2140393846153846
-0.2497126153846154
-0.2561796923076923
-0.21132738461538458
-0.12704676923076924
-0.028788923076923077
0.073224
0.1585476923076923
0.2209236923076923
0.2582658461538461
0.2632726153846154
0.23823876923076923
0.18316430769230768
0.10201292307692307
0.011891076923076923
-0.06592246153846154
-0.1151556923076923
-0.14999446153846155
-0.16251138461538459
-0.14811692307692306
-0.11724184615384614
-0.06300184615384616
0.0025033846153846152
0.07364123076923076
0.14123261538461537
0.1869193846153846
0.21487384615384614
0.22321846153846153
0.19755876923076923
0.14728246153846153
0.08866153846153846
0.03692492307692308
0.005215384615384615
-0.018775384615384614
-0.044435076923076924
-0.05611753846153846
-0.05799507692307692
-0.04401784615384615
-0.013142769230769229
0.02086153846153846
0.04965046153846154
0.06571384615384615
0.06946892307692307
0.056951999999999996
0.04631261538461538
0.027120000000000002
-0.001043076923076923
-0.020652923076923076
-0.037967999999999995
-0.044435076923076924
-0.03755076923076923
-0.029206153846153847
-0.021487384615384613
-0.01710646153846154
-0.016897846153846156
0.001043076923076923
0.029414769230769227
0.054657230769230764
0.07364123076923076
0.07823076923076923
0.08177723076923075
0.08574092307692306
0.08594953846153845
0.07656184615384615
0.05236246153846154
0.024408000000000003
0.0035464615384615383
-0.002086153846153846
0.0012516923076923076
0.017523692307692306
0.03567323076923076
0.05528307692307692
0.06592246153846154
0.06195876923076923
0.03984553846153846
-0.008761846153846153
-0.059664
-0.14102399999999998
-0.1942209230769231
-0.2154996923076923
-0.19755876923076923
-0.12433476923076923
0.02023569230769231
0.1881710769230769
0.24637476923076923
0.36445107692307693
0.43579753846153846
0.4508178461538461
0.44393353846153844
0.25159015384615385
0.051319384615384614
-0.20778092307692309
-0.4145187692307692
-0.547824
-0.7057458461538462
-0.7243126153846153
-0.6898910769230769
-0.497964923076923
-0.19693292307692306
0.11098338461538461
0.45436430769230773
0.6475421538461539
0.7718769230769231
0.8002486153846153
0.6692381538461538
0.49087200000000003
0.18191261538461537
-0.1356
-0.40596553846153843
-0.6938547692307693
-0.7923212307692308
-0.7839766153846154
-0.7015735384615385
-0.4814843076923077
-0.2828824615384615
-0.04672984615384615
0.1666836923076923
0.3387913846153846
0.5255021538461538
0.6022726153846154
0.6099913846153846
0.5590892307692308
0.450192
0.3275261538461538
0.138312
-0.06738276923076922
-0.2737033846153846
-0.45686769230769225
-0.5411483076923076
-0.5772387692307692
-0.5365587692307692
-0.42599261538461536
-0.29873723076923075
-0.11557292307692307
0.06446215384615385
0.2221753846153846
0.3880246153846154
0.48857723076923076
0.5507446153846154
0.5830799999999999
0.5401052307692308
0.4577021538461538
0.3087507692307692
0.11035753846153845
-0.11619876923076923
-0.35923569230769226
-0.5611753846153846
-0.6940633846153845
-0.7211833846153846
-0.6729932307692307
-0.5367673846153845
-0.2864289230769231
-0.0002086153846153846
0.3143833846153846
0.6095741538461538
0.8119310769230769
0.9126923076923076
0.8747243076923077
0.7395415384615384
0.5290486153846153
0.23156307692307693
-0.07656184615384615
-0.37717661538461533
-0.6387803076923076
-0.7954504615384616
-0.8400941538461538
-0.7472603076923077
-0.552204923076923
-0.301032
-0.0008344615384615384
0.31897292307692304
0.6419095384615385
0.8905790769230769
1.0094898461538462
0.9913403076923076
0.8263255384615384
0.5761956923076923
0.2782929230769231
-0.05528307692307692
-0.3609046153846154
-0.6122861538461538
-0.7825163076923077
-0.8221532307692307
-0.7639495384615383
-0.6095741538461538
-0.37926276923076924
-0.12391753846153845
0.15270646153846154
0.39511753846153846
0.5826627692307692
0.6867618461538461
0.6875963076923076
0.6114516923076924
0.4641692307692307
0.28163076923076924
0.06863446153846153
-0.15520984615384617
-0.347136
-0.49921661538461537
-0.571188923076923
-0.5640959999999999
-0.513611076923077
-0.40679999999999994
-0.2703655384615385
-0.12120553846153845
0.040679999999999994
0.1785747692307692
0.3012406153846154
0.3826006153846154
0.3980381538461538
0.37363015384615383
0.30186646153846153
0.19714153846153845
0.07072061538461538
-0.07489292307692308
-0.20632061538461538
-0.3225193846153846
-0.40700861538461536
-0.4599969230769231
-0.4923323076923077
-0.46896738461538456
-0.4030449230769231
-0.2862203076923077
-0.124752
0.030875076923076922
0.18379015384615385
0.31855569230769226
0.4280787692307692
0.509856
0.5144455384615384
0.4518609230769231
0.34504984615384615
0.19651569230769228
0.037967999999999995
-0.12204
-0.26306399999999996
-0.3752990769230769
-0.43996984615384616
-0.42265476923076917
-0.3419206153846154
-0.21612553846153845
-0.07927384615384615
0.04714707692307692
0.184416
0.31500923076923076
0.4222375384615385
0.4848221538461538
0.47939815384615386
0.41952553846153845
0.29832
0.14603076923076924
-0.008970461538461538
-0.165432
-0.3087507692307692
-0.42891323076923077
-0.4758516923076923
-0.4309993846153846
-0.3346190769230769
-0.19839323076923077
-0.04860738461538461
0.09199938461538461
0.22864246153846152
0.3342018461538461
0.40992923076923077
0.41910830769230767
0.35193415384615384
0.2557624615384615
0.14311015384615386
0.05069353846153846
-0.032544
-0.10868861538461538
-0.14811692307692306
-0.15333230769230768
-0.12308307692307692
-0.055491692307692304
0.021070153846153846
0.0974233846153846
0.16710092307692306
0.2261390769230769
0.2858030769230769
0.3225193846153846
0.33378461538461535
0.3039526153846154
0.24554030769230767
0.19651569230769228
0.1476996923076923
0.0961716923076923
0.035464615384615386
-0.023364923076923075
-0.07426707692307692
-0.11452984615384615
-0.12308307692307692
-0.10660246153846153
-0.08302892307692307
-0.06049846153846154
-0.051528
-0.042974769230769226
-0.023782153846153845
-0.008344615384615384
0.008761846153846153
0.02211323076923077
0.037342153846153844
0.05048492307692308
0.05444861538461539
0.05653476923076922
0.03609046153846154
0.0050067692307692304
-0.035255999999999996
-0.07760492307692309
-0.10159569230769232
-0.12704676923076924
-0.14123261538461537
-0.12808984615384614
-0.0988836923076923
-0.05486584615384615
-0.0029206153846153843
0.04944184615384615
0.09700615384615385
0.12725538461538463
0.1424843076923077
0.13747753846153846
0.10409907692307692
0.05277969230769231
0.001043076923076923
-0.024199384615384616
-0.03713353846153846
-0.04109723076923077
-0.03609046153846154
-0.029623384615384614
-0.0070929230769230765
0.015854769230769228
0.03421292307692308
0.045895384615384616
0.03775938461538462
0.013142769230769229
-0.020652923076923076
-0.05820369230769231
-0.09179076923076923
-0.11411261538461538
-0.12516923076923075
-0.11953661538461538
-0.0974233846153846
-0.06279323076923077
-0.017315076923076923
0.021904615384615383
0.05590892307692308
0.08010830769230769
0.08887015384615385
0.07969107692307692
0.04380923076923077
-0.014394461538461538
-0.0961716923076923
-0.1785747692307692
-0.23886461538461537
-0.27182584615384614
-0.2799618461538461
-0.2559710769230769
-0.19526400000000002
-0.1070196923076923
0.003755076923076923
0.11348676923076922
0.20360861538461536
0.26765353846153844
0.2989458461538462
0.2995716923076923
0.2655673846153846
0.18983999999999998
0.08490646153846154
-0.023990769230769232
-0.11035753846153845
-0.15208061538461537
-0.1612596923076923
-0.13372246153846154
-0.07510153846153846
0.006049846153846154
0.10055261538461538
0.18650215384615382
0.2620209230769231
0.29456492307692306
0.29227015384615385
0.2578486153846154
0.19359507692307693
0.124752
0.04547815384615384
-0.028163076923076923
-0.0855323076923077
-0.12370892307692308
-0.13267938461538462
-0.11849353846153846
-0.092208
-0.05674338461538461
-0.024199384615384616
0.0070929230769230765
0.027328615384615382
0.03233538461538461
0.024408000000000003
-0.007510153846153846
-0.030875076923076922
-0.028163076923076923
-0.0016689230769230767
0.04401784615384615
0.08636676923076922
0.13372246153846154
0.1775316923076923
0.20715507692307691
0.22154953846153846
0.20173107692307693
0.14603076923076924
0.06195876923076923
-0.03567323076923076
-0.12391753846153845
-0.19213476923076922
-0.23448369230769228
-0.238656
-0.20444307692307692
-0.11974523076923077
-0.003755076923076923
0.12099692307692309
0.2478350769230769
0.3412947692307692
0.39344861538461534
0.3955347692307692
0.34233784615384616
0.24408
0.10994030769230768
-0.046104
-0.20131384615384615
-0.33378461538461535
-0.42307199999999995
-0.4622916923076923
-0.44226461538461537
-0.36257353846153845
-0.23907323076923076
-0.08094276923076923
0.07489292307692308
0.2090326153846154
0.30374399999999996
0.3410861538461538
0.3314898461538462
0.2670276923076923
0.1656406153846154
0.04318338461538461
-0.08824430769230769
-0.19296923076923078
-0.26348123076923075
-0.2951907692307692
-0.2868461538461538
-0.2503384615384615
-0.19609846153846153
-0.12767261538461538
-0.05090215384615384
0.02357353846153846
0.08344615384615384
0.12329169230769231
0.15228923076923076
0.16334584615384617
0.15646153846153846
0.138312
0.10389046153846154
0.062376
0.014811692307692307
-0.028371692307692306
-0.06279323076923077
-0.0934596923076923
-0.11035753846153845
-0.12725538461538463
-0.12600369230769232
-0.11098338461538461
-0.0961716923076923
-0.06633969230769231
-0.037342153846153844
0.003963692307692307
0.058412307692307694
0.10597661538461538
0.14978584615384616
0.17523692307692307
0.16501476923076921
0.13789476923076924
0.08866153846153846
0.02482523076923077
-0.045895384615384616
-0.1356
-0.20715507692307691
-0.2480436923076923
-0.24741784615384615
-0.1992276923076923
-0.12850707692307692
-0.04214030769230769
0.049233230769230765
0.13184492307692308
0.20423446153846153
0.24887815384615386
0.2561796923076923
0.22321846153846153
0.15646153846153846
0.08365476923076923
0.011473846153846154
-0.05674338461538461
-0.119328
-0.16647507692307692
-0.17481969230769231
-0.15520984615384617
-0.10618523076923077
-0.03838523076923077
0.026702769230769228
0.09325107692307691
0.13789476923076924
0.17002153846153847
0.19192615384615386
0.18274707692307693
0.1476996923076923
0.09199938461538461
0.03838523076923077
0.0029206153846153843
-0.021904615384615383
-0.03692492307692308
-0.032544
-0.015020307692307692
0.009596307692307692
0.04109723076923077
0.062376
0.06759138461538462
0.044435076923076924
0.001043076923076923
-0.04172307692307692
-0.084072
-0.12266584615384615
-0.16501476923076921
-0.1942209230769231
-0.22843384615384613
-0.24053353846153847
-0.18107815384615383
-0.08699261538461538
0.03337846153846154
0.16021661538461537
0.26118646153846153
0.40325353846153844
0.5474067692307693
0.6179187692307693
0.6060276923076923
0.45728492307692303
0.26306399999999996
0.05236246153846154
-0.11807630769230769
-0.2891409230769231
-0.4683415384615384
-0.5219556923076923
-0.5330123076923077
-0.39219692307692305
-0.1881710769230769
-0.0002086153846153846
0.20047938461538461
0.3095852307692307
0.43642338461538455
0.47939815384615386
0.39407446153846154
0.23969907692307693
-0.011473846153846154
-0.23656984615384613
-0.43058215384615384
-0.5517876923076923
-0.5551255384615384
-0.49316676923076924
-0.33566215384615383
-0.1316363076923077
0.09825784615384614
0.31772123076923076
0.4466455384615384
0.520704
0.4783550769230769
0.3339932307692307
0.18212123076923076
0.010639384615384617
-0.10493353846153847
-0.18149538461538461
-0.23364923076923078
-0.19797599999999999
-0.12037107692307693
-0.015228923076923076
0.09491999999999999
0.15354092307692307
0.18191261538461537
0.19714153846153845
0.1881710769230769
0.14540492307692307
0.059664
-0.05194523076923077
-0.15646153846153846
-0.2059033846153846
-0.206112
-0.1794092307692308
-0.130176
-0.06383630769230769
0.0446436923076923
0.17398523076923075
0.24449723076923074
0.25138153846153843
0.19797599999999999
0.06154153846153846
-0.09491999999999999
-0.24992123076923078
-0.37300430769230764
-0.41264123076923076
-0.38760738461538463
-0.28163076923076924
-0.09241661538461539
0.13768615384615385
0.36027876923076924
0.5240418461538462
0.5985175384615384
0.5747353846153846
0.48586523076923077
0.34776184615384614
0.16084246153846155
-0.04693846153846153
-0.24074215384615386
-0.36319938461538465
-0.38301784615384615
-0.33315876923076926
-0.2290596923076923
-0.08887015384615385
0.07489292307692308
0.2651501538461538
0.4245323076923077
0.5033889230769231
0.4929581538461539
0.40200184615384615
0.2601433846153846
0.10785415384615385
-0.05090215384615384
-0.1990190769230769
-0.30207507692307695
-0.3481790769230769
-0.31396615384615384
-0.20715507692307691
-0.05277969230769231
0.1151556923076923
0.2643156923076923
0.36382523076923073
0.40033292307692303
0.38426953846153844
0.32231076923076923
0.22676492307692306
0.11578153846153846
0.006675692307692307
-0.07572738461538461
-0.11536430769230768
-0.11599015384615384
-0.07739630769230768
-0.012934153846153845
0.06008123076923077
0.14269292307692305
0.21675138461538462
0.25305046153846156
0.2453316923076923
0.1829556923076923
0.09074769230769231
0.006675692307692307
-0.07405846153846153
-0.13747753846153846
-0.1867107692307692
-0.21362215384615382
-0.19881046153846152
-0.146448
-0.07384984615384615
-0.008970461538461538
0.03942830769230769
0.05528307692307692
0.05069353846153846
0.013351384615384614
-0.06216738461538462
-0.13789476923076924
-0.20965846153846154
-0.24011630769230768
-0.2275993846153846
-0.19296923076923078
-0.12037107692307693
-0.029414769230769227
0.07572738461538461
0.1760713846153846
0.24992123076923078
0.29227015384615385
0.2851772307692308
0.2480436923076923
0.17419384615384614
0.07468430769230769
-0.014394461538461538
-0.09471138461538461
-0.13789476923076924
-0.1341396923076923
-0.09950953846153845
-0.03045784615384615
0.04631261538461538
0.1045163076923077
0.13226215384615383
0.12704676923076924
0.10263876923076923
0.06070707692307692
0.0004172307692307692
-0.07343261538461537
-0.14540492307692307
-0.18399876923076922
-0.1869193846153846
-0.1612596923076923
-0.119328
-0.06696553846153847
0.0016689230769230767
0.07614461538461538
0.14916
0.20152246153846154
0.21362215384615382
0.1783661538461538
0.111192
0.03650769230769231
-0.04422646153846154
-0.12433476923076923
-0.19630707692307692
-0.22551323076923077
-0.19818461538461538
-0.1289243076923077
-0.016897846153846156
0.0936683076923077
0.18274707692307693
0.2422024615384615
0.249504
0.21487384615384614
0.12996738461538462
0.014603076923076923
-0.11160923076923077
-0.235944
-0.3202246153846154
-0.3594443076923077
-0.3467187692307692
-0.28017046153846153
-0.17085599999999998
-0.021487384615384613
0.13914646153846155
0.2772498461538462
0.3707095384615384
0.38927630769230764
0.3285692307692308
0.2207150769230769
0.08073415384615384
-0.06613107692307692
-0.21111876923076925
-0.347136
-0.4276615384615384
-0.45561599999999997
-0.4151446153846154
-0.3133403076923077
-0.19505538461538463
-0.059038153846153844
0.08135999999999999
0.20861538461538462
0.3072904615384615
0.3454670769230769
0.31751261538461534
0.22822523076923076
0.09700615384615385
-0.03400430769230769
-0.16251138461538459
-0.2795446153846154
-0.37592492307692305
-0.4262012307692308
-0.4120153846153846
-0.3490135384615385
-0.23907323076923076
-0.11619876923076923
0.0035464615384615383
0.11223507692307692
0.19735015384615384
0.25346769230769234
0.27182584615384614
0.2588916923076923
0.21696000000000001
0.1652233846153846
0.12099692307692309
0.0826116923076923
0.047981538461538464
0.012099692307692308
-0.013560000000000001
-0.023364923076923075
-0.015228923076923076
0.007510153846153846
0.028163076923076923
0.05111076923076923
0.08135999999999999
0.12308307692307692
0.17377661538461536
0.2292683076923077
0.273912
0.2807963076923077
0.2605606153846154
0.22634769230769228
0.17461107692307692
0.09554584615384615
-0.009804923076923077
-0.12224861538461537
-0.2207150769230769
-0.2897667692307692
-0.3225193846153846
-0.3248141538461538
-0.29644246153846154
-0.23761292307692305
-0.15374953846153847
-0.05173661538461538
0.04672984615384615
0.12558646153846154
0.1696043076923077
0.17982646153846152
0.16626646153846153
0.11849353846153846
0.05486584615384615
-0.022947692307692308
-0.1028473846153846
-0.14957723076923077
-0.1666836923076923
-0.15208061538461537
-0.11056615384615384
-0.04965046153846154
0.021487384615384613
0.09241661538461539
0.15416676923076922
0.19442953846153843
0.20506892307692307
0.17315076923076922
0.11244369230769231
0.04526953846153846
-0.021278769230769233
-0.08699261538461538
-0.1506203076923077
-0.1927606153846154
-0.21174461538461536
-0.20027076923076922
-0.16063384615384615
-0.11286092307692308
-0.05674338461538461
-0.008136
0.03233538461538461
0.07113784615384615
0.09992676923076924
0.11327815384615383
0.09471138461538461
0.05507446153846154
0.015228923076923076
-0.017523692307692306
-0.041514461538461535
-0.05862092307692307
-0.06800861538461538
-0.05716061538461538
-0.021278769230769233
0.03233538461538461
0.10576799999999999
0.1721076923076923
0.2140393846153846
0.24053353846153847
0.2507556923076923
0.23886461538461537
0.19985353846153847
0.13518276923076925
0.05757784615384615
-0.020027076923076922
-0.07593599999999999
-0.10660246153846153
-0.12516923076923075
-0.12141415384615384
-0.10952307692307692
-0.08198584615384615
-0.03609046153846154
0.013560000000000001
0.05799507692307692
0.07489292307692308
0.07927384615384615
0.07489292307692308
0.06216738461538462
0.059872615384615385
0.04714707692307692
0.03024923076923077
0.01710646153846154
0.014603076923076923
0.03400430769230769
0.05090215384615384
0.0609156923076923
0.06300184615384616
0.06133292307692308
0.05194523076923077
0.03233538461538461
0.0008344615384615384
-0.03650769230769231
-0.08010830769230769
-0.11140061538461538
-0.11619876923076923
-0.10681107692307691
-0.06383630769230769
0.006049846153846154
0.09158215384615384
0.17294215384615383
0.23260615384615385
0.2620209230769231
0.25388492307692306
0.20798953846153845
0.13601723076923075
0.04172307692307692
-0.061124307692307686
-0.1476996923076923
-0.21967199999999998
-0.25972615384615383
-0.2588916923076923
-0.21174461538461536
-0.1353913846153846
-0.04109723076923077
0.06300184615384616
0.15959076923076923
0.24303692307692307
0.2926873846153846
0.30270092307692303
0.27474646153846155
0.21862892307692305
0.15145476923076923
0.08344615384615384
0.022530461538461537
-0.021278769230769233
-0.050067692307692306
-0.05236246153846154
-0.02023569230769231
0.030875076923076922
0.0961716923076923
0.14603076923076924
0.1779489230769231
0.19442953846153843
0.17982646153846152
0.15604430769230768
0.11849353846153846
0.07384984615384615
0.033169846153846154
0.0002086153846153846
-0.0050067692307692304
-0.006884307692307692
-0.006884307692307692
0.0018775384615384615
0.011891076923076923
0.022530461538461537
0.022530461538461537
0.0077187692307692304
-0.026494153846153844
-0.0717636923076923
-0.10994030769230768
-0.12099692307692309
-0.10076123076923077
-0.059038153846153844
-0.0029206153846153843
0.06800861538461538
0.14811692307692306
0.22321846153846153
0.2789187692307692
0.2943563076923077
0.26640184615384616
0.20652923076923077
0.12496061538461539
0.028788923076923077
-0.06946892307692307
-0.16334584615384617
-0.23448369230769228
-0.26139507692307695
-0.23761292307692305
-0.17273353846153844
-0.07969107692307692
0.029623384615384614
0.13330523076923076
0.2236356923076923
0.28434276923076923
0.30708184615384615
0.2780843076923077
0.1908830769230769
0.07572738461538461
-0.05528307692307692
-0.18232984615384615
-0.2822566153846154
-0.344424
-0.3615304615384615
-0.32543999999999995
-0.24574892307692306
-0.1449876923076923
-0.05090215384615384
0.013351384615384614
0.037342153846153844
0.03921969230769231
0.08845292307692308
0.1435273846153846
0.21111876923076925
0.28851507692307693
0.3156350769230769
0.3886504615384615
0.43621476923076924
0.46771569230769233
0.4518609230769231
0.3158436923076923
0.14728246153846153
-0.0448523076923077
-0.18525046153846153
-0.35235138461538457
-0.49379261538461533
-0.572232
-0.6068621538461538
-0.482736
-0.30290953846153845
-0.08094276923076923
0.1424843076923077
0.31918153846153846
0.4704276923076923
0.5311347692307692
0.5054750769230769
0.37884553846153846
0.1712732307692308
-0.08740984615384616
-0.35193415384615384
-0.5567944615384616
-0.7065803076923076
-0.7428793846153845
-0.6717415384615385
-0.523416
-0.2993630769230769
-0.0609156923076923
0.19463815384615382
0.4220289230769231
0.5392707692307692
0.5878781538461538
0.5607581538461538
0.4762689230769231
0.36403384615384615
0.19150892307692308
-0.0006258461538461538
-0.19463815384615382
-0.3550633846153846
-0.44810584615384613
-0.48586523076923077
-0.4877427692307692
-0.46688123076923077
-0.3721698461538462
-0.20986707692307693
-0.030040615384615384
0.13747753846153846
0.2357353846153846
0.29185292307692307
0.32627446153846157
0.3060387692307692
0.26452430769230767
0.19797599999999999
0.10722830769230769
0.031709538461538456
-0.04214030769230769
-0.12350030769230769
-0.18337292307692307
-0.23844738461538462
-0.28934953846153844
-0.2997803076923077
-0.27286892307692306
-0.19317784615384614
-0.06425353846153846
0.08699261538461538
0.2424110769230769
0.384060923076923
0.49984246153846157
0.5709803076923077
0.577656
0.4848221538461538
0.3198073846153846
0.1476996923076923
-0.017315076923076923
-0.154584
-0.25993476923076925
-0.3321156923076923
-0.3415033846153846
-0.3031181538461538
-0.21925476923076925
-0.10326461538461539
-0.006675692307692307
0.07343261538461537
0.16105107692307694
0.24992123076923078
0.30249230769230767
0.31396615384615384
0.2845513846153846
0.21529107692307692
0.132888
0.024199384615384616
-0.0798996923076923
-0.157296
-0.2238443076923077
-0.2517987692307692
-0.22008923076923076
-0.14457046153846154
-0.020027076923076922
0.11599015384615384
0.21091015384615383
0.2855944615384615
0.31396615384615384
0.3047870769230769
0.2659846153846154
0.17273353846153844
0.054240000000000003
-0.06425353846153846
-0.16042523076923076
-0.22634769230769228
-0.26118646153846153
-0.27140861538461536
-0.2643156923076923
-0.22196676923076922
-0.14790830769230767
-0.06154153846153846
0.023990769230769232
0.07197230769230768
0.09930092307692308
0.10931446153846153
0.08907876923076924
0.06404492307692307
0.008136
-0.06800861538461538
-0.14144123076923076
-0.2021483076923077
-0.2221753846153846
-0.2157083076923077
-0.19359507692307693
-0.15187199999999998
-0.08177723076923075
0.0002086153846153846
0.06592246153846154
0.12412615384615384
0.15792184615384616
0.15270646153846154
0.12558646153846154
0.08177723076923075
0.032544
-0.009804923076923077
-0.059664
-0.09930092307692308
-0.11703323076923078
-0.12621230769230768
-0.10138707692307691
-0.056326153846153845
-0.011056615384615385
0.038176615384615385
0.073224
0.09825784615384614
0.12099692307692309
0.1207883076923077
0.10117846153846152
0.08010830769230769
0.05403138461538461
0.03275261538461539
0.014603076923076923
-0.010639384615384617
-0.038176615384615385
-0.065088
-0.08198584615384615
-0.09241661538461539
-0.09033046153846153
-0.07843938461538462
-0.06070707692307692
-0.02044430769230769
0.01814953846153846
0.06216738461538462
0.11223507692307692
0.15625292307692307
0.20944984615384615
0.24908676923076922
0.2591003076923077
0.23239753846153846
0.1785747692307692
0.11473846153846154
0.04401784615384615
-0.03442153846153846
-0.10535076923076922
-0.15750461538461538
-0.18900553846153845
-0.19150892307692308
-0.16188553846153847
-0.0961716923076923
-0.015228923076923076
0.07468430769230769
0.16251138461538459
0.2290596923076923
0.28204799999999997
0.30270092307692303
0.2953993846153846
0.2578486153846154
0.1800350769230769
0.10243015384615384
0.02545107692307692
-0.04756430769230769
-0.10660246153846153
-0.15270646153846154
-0.15291507692307693
-0.11056615384615384
-0.038176615384615385
0.054657230769230764
0.1341396923076923
0.1994363076923077
0.2482523076923077
0.2753723076923077
0.2722430769230769
0.2225926153846154
0.13643446153846153
0.029206153846153847
-0.062376
-0.12788123076923075
-0.18858830769230767
-0.2290596923076923
-0.24345415384615382
-0.22676492307692306
-0.15500123076923078
-0.06738276923076922
0.01940123076923077
0.09825784615384614
0.14436184615384615
0.1794092307692308
0.1846246153846154
0.16730953846153845
0.1314276923076923
0.065088
0.0004172307692307692
-0.06258461538461538
-0.10180430769230768
-0.1218313846153846
-0.13101046153846155
-0.11828492307692307
-0.09700615384615385
-0.05590892307692308
-0.005424
0.03755076923076923
0.07593599999999999
0.10368184615384615
0.11807630769230769
0.1287156923076923
0.13309661538461537
0.13267938461538462
0.1218313846153846
0.09053907692307692
0.06070707692307692
0.03629907692307692
0.011891076923076923
-0.013768615384615384
-0.052153846153846155
-0.09116492307692307
-0.11870215384615385
-0.1207883076923077
-0.10639384615384614
-0.09408553846153846
-0.07030338461538461
-0.03567323076923076
0.01710646153846154
0.08824430769230769
0.14999446153846155
0.1927606153846154
0.20444307692307692
0.18712800000000002
0.16480615384615382
0.12621230769230768
0.07927384615384615
0.026285538461538457
-0.03775938461538462
-0.08574092307692306
-0.11870215384615385
-0.11995384615384615
-0.10138707692307691
-0.08156861538461539
-0.04422646153846154
-0.0025033846153846152
0.04714707692307692
0.0853236923076923
0.09784061538461537
0.09596307692307693
0.06675692307692307
0.027745846153846152
-0.006049846153846154
-0.03963692307692308
-0.07218092307692307
-0.11327815384615383
-0.15103753846153847
-0.16271999999999998
-0.1570873846153846
-0.13706030769230768
-0.119328
-0.10889723076923077
-0.09450276923076922
-0.07885661538461539
-0.054240000000000003
-0.029623384615384614
-0.006467076923076923
0.01710646153846154
0.04172307692307692
0.07489292307692308
0.10409907692307692
0.11306953846153844
0.10764553846153846
0.08761846153846153
0.056326153846153845
0.023782153846153845
-0.008970461538461538
-0.044435076923076924
-0.08302892307692307
-0.11682461538461539
-0.13226215384615383
-0.11870215384615385
-0.08636676923076922
-0.03775938461538462
0.025033846153846153
0.10117846153846152
0.17711446153846155
0.24199384615384617
0.2830910769230769
0.2855944615384615
0.25930892307692305
0.19609846153846153
0.10806276923076923
0.015854769230769228
-0.08699261538461538
-0.18337292307692307
-0.2507556923076923
-0.2772498461538462
-0.2497126153846154
-0.18379015384615385
-0.09283384615384616
0.01668923076923077
0.12975876923076923
0.23949046153846154
0.3275261538461538
0.3744646153846154
0.3738387692307692
0.3246055384615385
0.241368
0.15208061538461537
0.05924676923076923
-0.028788923076923077
-0.0974233846153846
-0.13393107692307693
-0.13768615384615385
-0.119328
-0.08073415384615384
-0.028371692307692306
0.026285538461538457
0.06946892307692307
0.10931446153846153
0.132888
0.13476553846153844
0.11599015384615384
0.07238953846153846
0.021487384615384613
-0.02545107692307692
-0.058412307692307694
-0.07280676923076923
-0.06988615384615385
-0.051528
-0.021278769230769233
0.012934153846153845
0.04756430769230769
0.06362769230769232
0.05298830769230769
0.02899753846153846
-0.002712
-0.025659692307692307
-0.03901107692307692
-0.044435076923076924
-0.03942830769230769
-0.01814953846153846
0.018358153846153843
0.058829538461538454
0.09158215384615384
0.10013538461538461
0.08866153846153846
0.05820369230769231
0.009179076923076922
-0.052153846153846155
-0.12558646153846154
-0.19547261538461536
-0.24303692307692307
-0.26368984615384616
-0.2497126153846154
-0.21049292307692305
-0.15082892307692305
-0.07134646153846153
0.008970461538461538
0.0936683076923077
0.17169046153846151
0.22947692307692308
0.25284184615384614
0.2355267692307692
0.19317784615384614
0.127464
0.05528307692307692
-0.014185846153846153
-0.0771876923076923
-0.12266584615384615
-0.13935507692307691
-0.11807630769230769
-0.06070707692307692
0.015854769230769228
0.08699261538461538
0.14749107692307692
0.19463815384615382
0.22676492307692306
0.2290596923076923
0.1881710769230769
0.1287156923076923
0.05924676923076923
-0.005841230769230769
-0.05590892307692308
-0.09950953846153845
-0.13497415384615385
-0.16000799999999998
-0.15917353846153848
-0.1341396923076923
-0.10076123076923077
-0.07197230769230768
-0.06195876923076923
-0.04860738461538461
-0.03233538461538461
-0.020652923076923076
-0.0025033846153846152
0.012099692307692308
0.029206153846153847
0.04547815384615384
0.06154153846153846
0.08448923076923077
0.09283384615384616
0.0892873846153846
0.07885661538461539
0.05611753846153846
0.032544
0.00855323076923077
-0.019192615384615384
-0.044435076923076924
-0.06675692307692307
-0.07593599999999999
-0.05507446153846154
-0.005841230769230769
0.05716061538461538
0.12037107692307693
0.16209415384615386
0.18629353846153843
0.18775384615384613
0.15813046153846153
0.1136953846153846
0.03963692307692308
-0.04109723076923077
-0.11181784615384616
-0.17732307692307692
-0.19651569230769228
-0.21049292307692305
-0.1368516923076923
0.009387692307692307
0.04902461538461538
0.13643446153846153
0.200688
0.233232
0.2916443076923077
0.21320492307692307
0.12808984615384614
-0.021696
-0.14331876923076922
-0.18066092307692305
-0.273912
-0.29581661538461534
-0.34588430769230766
-0.31250584615384613
-0.16438892307692307
-0.04860738461538461
0.1353913846153846
0.20131384615384615
0.21737723076923077
0.2574313846153846
0.19881046153846152
0.18525046153846153
0.10868861538461538
0.0077187692307692304
-0.02211323076923077
-0.1287156923076923
-0.14561353846153846
-0.11056615384615384
-0.09596307692307693
-0.013768615384615384
-0.0008344615384615384
0.027120000000000002
0.06195876923076923
0.07802215384615384
0.16334584615384617
0.2021483076923077
0.20527753846153846
0.19317784615384614
0.17002153846153847
0.19818461538461538
0.18504184615384617
0.13476553846153844
0.08302892307692307
-0.019609846153846155
-0.05528307692307692
-0.06988615384615385
-0.10201292307692307
-0.08949599999999999
-0.09575446153846154
-0.044435076923076924
0.03296123076923077
0.07092923076923077
0.13247076923076923
0.15354092307692307
0.1635544615384615
0.1867107692307692
0.16772676923076923
0.13914646153846155
0.05570030769230769
-0.05027630769230769
-0.15875630769230767
-0.2695310769230769
-0.32272799999999996
-0.3481790769230769
-0.31354892307692306
-0.2568055384615385
-0.21696000000000001
-0.10535076923076922
0.01940123076923077
0.12996738461538462
0.23636123076923077
0.2632726153846154
0.2722430769230769
0.25117292307692307
0.1908830769230769
0.13184492307692308
0.014811692307692307
-0.08720123076923077
-0.13872923076923074
-0.16021661538461537
-0.12850707692307692
-0.09408553846153846
-0.029206153846153847
0.06529661538461538
0.15333230769230768
0.241368
0.27412061538461535
0.2883064615384615
0.2791273846153846
0.2021483076923077
0.12308307692307692
0.025659692307692307
-0.08386338461538462
-0.14749107692307692
-0.20819815384615384
-0.22530461538461538
-0.2021483076923077
-0.1779489230769231
-0.10681107692307691
-0.061750153846153844
-0.03442153846153846
0.009596307692307692
0.04547815384615384
0.08386338461538462
0.0855323076923077
0.06049846153846154
0.02023569230769231
-0.028371692307692306
-0.033169846153846154
-0.018775384615384614
-0.0029206153846153843
0.006049846153846154
-0.009804923076923077
0.004589538461538461
0.022530461538461537
0.03129230769230769
0.051319384615384614
0.035464615384615386
0.031918153846153846
0.05528307692307692
0.07489292307692308
0.09387692307692307
0.07426707692307692
0.05653476923076922
0.07405846153846153
0.09763200000000001
0.13455692307692307
0.1506203076923077
0.13372246153846154
0.10347323076923076
0.05611753846153846
0.029206153846153847
0.0022947692307692304
-0.03859384615384615
-0.07405846153846153
-0.12537784615384615
-0.13747753846153846
-0.111192
-0.06654830769230768
0.003129230769230769
0.03713353846153846
0.055491692307692304
0.07489292307692308
0.08073415384615384
0.09241661538461539
0.06592246153846154
0.002712
-0.04819015384615385
-0.0826116923076923
-0.07238953846153846
-0.03921969230769231
-0.015437538461538461
0.003755076923076923
0.015228923076923076
0.05528307692307692
0.08469784615384615
0.08052553846153847
0.06154153846153846
0.008761846153846153
-0.02858030769230769
-0.05945538461538461
-0.0828203076923077
-0.07948246153846153
-0.08156861538461539
-0.05611753846153846
-0.009387692307692307
0.03629907692307692
0.08386338461538462
0.11098338461538461
0.1151556923076923
0.09575446153846154
0.056951999999999996
0.030040615384615384
0.015228923076923076
0.005841230769230769
-0.012099692307692308
-0.03066646153846154
-0.026494153846153844
-0.011682461538461537
0.03150092307692308
0.08135999999999999
0.10618523076923077
0.12829846153846153
0.14185846153846154
0.14728246153846153
0.13101046153846155
0.07781353846153846
0.02753723076923077
-0.004589538461538461
-0.027328615384615382
-0.03275261538461539
-0.027745846153846152
-0.013351384615384614
0.021904615384615383
0.06654830769230768
0.1097316923076923
0.13622584615384614
0.1358086153846154
0.11160923076923077
0.07113784615384615
0.026285538461538457
-0.033169846153846154
-0.0826116923076923
-0.12016246153846154
-0.13998092307692306
-0.12537784615384615
-0.10138707692307691
-0.06154153846153846
-0.014394461538461538
0.028788923076923077
0.07426707692307692
0.10493353846153847
0.11348676923076922
0.10493353846153847
0.07155507692307693
0.02586830769230769
-0.019192615384615384
-0.059872615384615385
-0.08198584615384615
-0.0826116923076923
-0.06383630769230769
-0.03483876923076923
0.003129230769230769
0.04088861538461538
0.05653476923076922
0.059038153846153844
0.047981538461538464
0.026911384615384615
0.009179076923076922
-0.02023569230769231
-0.05382276923076923
-0.08344615384615384
-0.10555938461538462
-0.10806276923076923
-0.08949599999999999
-0.06300184615384616
-0.03233538461538461
-0.008970461538461538
0.002712
0.011056615384615385
0.011265230769230769
-0.006675692307692307
-0.045060923076923075
-0.0855323076923077
-0.11494707692307692
-0.1218313846153846
-0.10681107692307691
-0.06863446153846153
-0.013351384615384614
0.04965046153846154
0.11432123076923076
0.17148184615384612
0.2056947692307692
0.19881046153846152
0.1637630769230769
0.10618523076923077
0.03838523076923077
-0.02086153846153846
-0.073224
-0.1070196923076923
-0.12204
-0.12370892307692308
-0.09658892307692307
-0.04047138461538462
0.03609046153846154
0.111192
0.16876984615384616
0.21716861538461538
0.2371956923076923
0.2205064615384615
0.1710646153846154
0.08490646153846154
-0.009179076923076922
-0.10180430769230768
-0.173568
-0.21237046153846154
-0.22843384615384613
-0.20652923076923077
-0.16334584615384617
-0.08824430769230769
0.006467076923076923
0.08302892307692307
0.1422756923076923
0.16793538461538463
0.16647507692307692
0.14603076923076924
0.10117846153846152
0.040262769230769234
-0.03233538461538461
-0.09658892307692307
-0.12975876923076923
-0.12975876923076923
-0.09658892307692307
-0.04944184615384615
0.012099692307692308
0.07739630769230768
0.1314276923076923
0.18149538461538461
0.20632061538461538
0.19588984615384614
0.16021661538461537
0.103056
0.040679999999999994
-0.01043076923076923
-0.05319692307692307
-0.08782707692307692
-0.10472492307692308
-0.09095630769230768
-0.051528
0.002086153846153846
0.053614153846153846
0.0936683076923077
0.12391753846153845
0.1353913846153846
0.13643446153846153
0.11557292307692307
0.07405846153846153
0.024616615384615383
-0.029414769230769227
-0.06905169230769231
-0.08240307692307691
-0.07051199999999999
-0.04401784615384615
-0.0077187692307692304
0.03775938461538462
0.08177723076923075
0.12037107692307693
0.14519630769230768
0.14519630769230768
0.12808984615384614
0.0988836923076923
0.06759138461538462
0.04172307692307692
0.012308307692307691
-0.008344615384615384
-0.014185846153846153
-0.0033378461538461535
0.029206153846153847
0.06842584615384616
0.10618523076923077
0.13455692307692307
0.1462393846153846
0.14853415384615384
0.14436184615384615
0.12516923076923075
0.09137353846153846
0.05319692307692307
0.012516923076923077
-0.021696
-0.03942830769230769
-0.042974769230769226
-0.04172307692307692
-0.03609046153846154
-0.02795446153846154
-0.016897846153846156
-0.011473846153846154
-0.019192615384615384
-0.03275261538461539
-0.05382276923076923
-0.06675692307692307
-0.06383630769230769
-0.05048492307692308
-0.03629907692307692
-0.028163076923076923
-0.02315630769230769
-0.017315076923076923
-0.006675692307692307
-0.0016689230769230767
-0.006884307692307692
-0.027328615384615382
-0.06592246153846154
-0.11244369230769231
-0.16105107692307694
-0.21132738461538458
-0.25054707692307693
-0.2705741538461538
-0.2666104615384615
-0.22551323076923077
-0.15959076923076923
-0.07781353846153846
0.014185846153846153
0.10138707692307691
0.17252492307692308
0.2238443076923077
0.24449723076923074
0.22551323076923077
0.17419384615384614
0.09596307692307693
0.014394461538461538
-0.06258461538461538
-0.1368516923076923
-0.18232984615384615
-0.1942209230769231
-0.17461107692307692
-0.12245723076923076
-0.044435076923076924
0.0446436923076923
0.12767261538461538
0.1977673846153846
0.24679199999999998
0.2670276923076923
0.2482523076923077
0.18358153846153846
0.084072
-0.016897846153846156
-0.11056615384615384
-0.17669723076923077
-0.2125790769230769
-0.23177169230769232
-0.22196676923076922
-0.18942276923076923
-0.12391753846153845
-0.0448523076923077
0.021904615384615383
0.08615815384615384
0.12496061538461539
0.14394461538461537
0.15291507692307693
0.13706030769230768
0.1097316923076923
0.07113784615384615
0.03275261538461539
0.006675692307692307
-0.006049846153846154
-0.007927384615384614
-0.013560000000000001
-0.018775384615384614
-0.018983999999999997
-0.01043076923076923
0.016272
0.05048492307692308
0.07677046153846154
0.0961716923076923
0.12016246153846154
0.1558356923076923
0.19004861538461537
0.21132738461538458
0.21320492307692307
0.18858830769230767
0.16584923076923075
0.15208061538461537
0.12725538461538463
0.08448923076923077
0.035255999999999996
-0.0029206153846153843
-0.022947692307692308
-0.02524246153846154
-0.021487384615384613
-0.026702769230769228
-0.04735569230769231
-0.06738276923076922
-0.04672984615384615
-0.010848
0.02211323076923077
0.053614153846153846
0.0798996923076923
0.13101046153846155
0.1760713846153846
0.3214763076923077
0.36778892307692307
0.2651501538461538
0.21967199999999998
0.09512861538461538
0.07510153846153846
0.01043076923076923
-0.14311015384615386
-0.24449723076923074
-0.38990215384615384
-0.31772123076923076
-0.2238443076923077
-0.14081538461538462
-0.03838523076923077
-0.03212676923076923
0.13267938461538462
0.25430215384615384
0.3692492307692308
0.4554073846153846
0.3225193846153846
0.24574892307692306
0.11891076923076922
0.01710646153846154
-0.0025033846153846152
-0.14457046153846154
-0.16480615384615382
-0.17628
-0.20778092307692309
-0.08469784615384615
-0.03129230769230769
0.05736923076923077
0.11452984615384615
0.06467076923076923
0.07927384615384615
0.02753723076923077
0.02273907692307692
0.049233230769230765
-0.00855323076923077
-0.028163076923076923
-0.06216738461538462
-0.03421292307692308
0.02232184615384615
-0.021904615384615383
-0.06362769230769232
-0.1597993846153846
-0.22175815384615383
-0.2021483076923077
-0.235944
-0.24595753846153845
-0.26681907692307694
-0.26494153846153845
-0.1614683076923077
-0.08428061538461538
0.003129230769230769
0.09804923076923076
0.13601723076923075
0.22134092307692307
0.28350830769230767
0.29101846153846156
0.24595753846153845
0.10535076923076922
-0.02315630769230769
-0.15917353846153848
-0.26681907692307694
-0.32043323076923075
-0.3383741538461538
-0.2572227692307692
-0.17481969230769231
-0.04526953846153846
0.14603076923076924
0.2791273846153846
0.40325353846153844
0.4551987692307692
0.43475446153846153
0.39532615384615377
0.2830910769230769
0.1710646153846154
0.03984553846153846
-0.11557292307692307
-0.19192615384615386
-0.23803015384615384
-0.24637476923076923
-0.22551323076923077
-0.19735015384615384
-0.10347323076923076
0.009596307692307692
0.12037107692307693
0.19735015384615384
0.22467876923076924
0.25346769230769234
0.24199384615384617
0.192552
0.13601723076923075
0.030040615384615384
-0.04693846153846153
-0.08469784615384615
-0.1097316923076923
-0.06133292307692308
-0.012308307692307691
0.042557538461538466
0.10368184615384615
0.12204
0.14832553846153845
0.15667015384615385
0.13330523076923076
0.09158215384615384
0.030875076923076922
-0.012934153846153845
-0.051319384615384614
-0.06008123076923077
-0.024616615384615383
0.008344615384615384
0.047772923076923074
0.06905169230769231
0.07906523076923076
0.08386338461538462
0.04839876923076923
0.0070929230769230765
-0.05736923076923077
-0.13247076923076923
-0.16418030769230768
-0.17231630769230769
-0.1718990769230769
-0.16626646153846153
-0.1422756923076923
-0.07885661538461539
0.006258461538461538
0.0771876923076923
0.116616
0.119328
0.09450276923076922
0.05653476923076922
0.011265230769230769
-0.04714707692307692
-0.119328
-0.17523692307692307
-0.21237046153846154
-0.21696000000000001
-0.18232984615384615
-0.13601723076923075
-0.05319692307692307
0.03755076923076923
0.10117846153846152
0.15520984615384617
0.168144
0.16188553846153847
0.13893784615384613
0.06717415384615384
-0.007510153846153846
-0.07572738461538461
-0.11640738461538462
-0.11974523076923077
-0.11348676923076922
-0.08052553846153847
-0.0448523076923077
0.009179076923076922
0.07510153846153846
0.11327815384615383
0.13747753846153846
0.11807630769230769
0.0717636923076923
0.013142769230769229
-0.06654830769230768
-0.13247076923076923
-0.17628
-0.19171753846153847
-0.1718990769230769
-0.14081538461538462
-0.08991323076923076
-0.010848
0.07823076923076923
0.15625292307692307
0.19380369230769232
0.20861538461538462
0.19025723076923076
0.13935507692307691
0.07405846153846153
-0.023364923076923075
-0.11181784615384616
-0.184416
-0.22405292307692307
-0.20256553846153844
-0.1612596923076923
-0.10389046153846154
-0.030875076923076922
0.049233230769230765
0.13601723076923075
0.20861538461538462
0.2557624615384615
0.2858030769230769
0.2791273846153846
0.24282830769230768
0.19735015384615384
0.13351384615384615
0.06529661538461538
-0.0002086153846153846
-0.04839876923076923
-0.08031692307692308
-0.09408553846153846
-0.078648
-0.05799507692307692
-0.023990769230769232
0.008136
0.03588184615384615
0.08094276923076923
0.11265230769230769
0.13309661538461537
0.1356
0.11557292307692307
0.10263876923076923
0.09074769230769231
0.07280676923076923
0.059038153846153844
0.020652923076923076
-0.03629907692307692
-0.08094276923076923
-0.11891076923076922
-0.13726892307692307
-0.15145476923076923
-0.1597993846153846
-0.14457046153846154
-0.10493353846153847
-0.04172307692307692
0.019192615384615384
0.07280676923076923
0.1151556923076923
0.1395636923076923
0.1656406153846154
0.1802436923076923
0.17481969230769231
0.15145476923076923
0.09137353846153846
0.019192615384615384
-0.04276615384615385
-0.0936683076923077
-0.12850707692307692
-0.1543753846153846
-0.15833907692307692
-0.1205796923076923
-0.05778646153846154
0.03358707692307692
0.143736
0.23239753846153846
0.2937304615384615
0.32502276923076917
0.32189353846153845
0.28809784615384615
0.21821169230769227
0.10514215384615383
-0.026285538461538457
-0.13518276923076925
-0.21675138461538462
-0.2709913846153846
-0.30061476923076924
-0.3035353846153846
-0.26494153846153845
-0.19651569230769228
-0.11098338461538461
-0.015854769230769228
0.07572738461538461
0.1435273846153846
0.18086953846153844
0.19213476923076922
0.1785747692307692
0.13476553846153844
0.06800861538461538
-0.006258461538461538
-0.06383630769230769
-0.0974233846153846
-0.11557292307692307
-0.11724184615384614
-0.1097316923076923
-0.09095630769230768
-0.04944184615384615
0.011473846153846154
0.086784
0.1666836923076923
0.22113230769230768
0.25430215384615384
0.27412061538461535
0.27599815384615384
0.26160369230769226
0.22008923076923076
0.16605784615384614
0.10743692307692307
0.040262769230769234
-0.02545107692307692
-0.07113784615384615
-0.10493353846153847
-0.13393107692307693
-0.13351384615384615
-0.10472492307692308
-0.04965046153846154
0.009179076923076922
0.05653476923076922
0.09679753846153846
0.12287446153846153
0.14185846153846154
0.14123261538461537
0.12537784615384615
0.08636676923076922
0.024199384615384616
-0.03629907692307692
-0.08887015384615385
-0.12099692307692309
-0.13747753846153846
-0.13226215384615383
-0.09804923076923076
-0.051528
-0.0035464615384615383
0.038176615384615385
0.06070707692307692
0.06717415384615384
0.06362769230769232
0.05048492307692308
0.02858030769230769
-0.002712
-0.03358707692307692
-0.05528307692307692
-0.054240000000000003
-0.02586830769230769
0.01272553846153846
0.06550523076923077
0.10806276923076923
0.12934153846153845
0.13372246153846154
0.10681107692307691
0.06133292307692308
-0.011891076923076923
-0.10138707692307691
-0.17690584615384616
-0.23364923076923078
-0.254928
-0.23969907692307693
-0.19860184615384616
-0.12621230769230768
-0.026702769230769228
0.08448923076923077
0.18274707692307693
0.2497126153846154
0.27620676923076926
0.25930892307692305
0.20819815384615384
0.13434830769230768
0.05298830769230769
-0.03400430769230769
-0.1287156923076923
-0.20047938461538461
-0.2288510769230769
-0.2261390769230769
-0.184416
-0.11223507692307692
-0.030875076923076922
0.06341907692307691
0.15959076923076923
0.23469230769230767
0.27474646153846155
0.27412061538461535
0.23823876923076923
0.18858830769230767
0.12850707692307692
0.05674338461538461
-0.011473846153846154
-0.07823076923076923
-0.12913292307692306
-0.15166338461538462
-0.1506203076923077
-0.1314276923076923
-0.10806276923076923
-0.08115138461538463
-0.04714707692307692
-0.004798153846153846
0.040679999999999994
0.07760492307692309
0.10952307692307692
0.13622584615384614
0.16292861538461537
0.18858830769230767
0.20027076923076922
0.20965846153846154
0.19651569230769228
0.16292861538461537
0.12642092307692307
0.06195876923076923
-0.012516923076923077
-0.08949599999999999
-0.16334584615384617
-0.21153599999999997
-0.23406646153846156
-0.21696000000000001
-0.15938215384615384
-0.07113784615384615
0.03755076923076923
0.14957723076923077
0.235944
0.2807963076923077
0.27432923076923077
0.21216184615384615
0.119328
0.008344615384615384
-0.10243015384615384
-0.19693292307692306
-0.26076923076923075
-0.2906012307692308
-0.2774584615384615
-0.22029784615384615
-0.1397723076923077
-0.04631261538461538
0.04130584615384615
0.11849353846153846
0.17148184615384612
0.20235692307692305
0.20298276923076922
0.17628
0.132888
0.07134646153846153
0.008970461538461538
-0.05382276923076923
-0.10514215384615383
-0.1397723076923077
-0.1489513846153846
-0.12558646153846154
-0.07551876923076924
-0.015228923076923076
0.03275261538461539
0.06049846153846154
0.06863446153846153
0.06717415384615384
0.04756430769230769
0.004589538461538461
-0.054657230769230764
-0.1151556923076923
-0.15354092307692307
-0.16000799999999998
-0.13330523076923076
-0.09095630769230768
-0.052153846153846155
-0.012934153846153845
0.024199384615384616
0.05799507692307692
0.07677046153846154
0.06154153846153846
0.028788923076923077
-0.011265230769230769
-0.055491692307692304
-0.08949599999999999
-0.12704676923076924
-0.16730953846153845
-0.22134092307692307
-0.23782153846153845
-0.17085599999999998
-0.06800861538461538
0.09429415384615383
0.2480436923076923
0.3886504615384615
0.5432344615384616
0.6460818461538461
0.7088750769230768
0.6300184615384615
0.4487316923076923
0.2225926153846154
-0.019192615384615384
-0.23844738461538462
-0.4754344615384615
-0.6287667692307692
-0.7234781538461538
-0.6892652307692307
-0.5202867692307692
-0.30332676923076923
-0.025659692307692307
0.20339999999999997
0.4128498461538462
0.5651390769230769
0.6003950769230769
0.5530393846153846
0.38593846153846156
0.1597993846153846
-0.0974233846153846
-0.3421292307692308
-0.4914978461538461
-0.5505359999999999
-0.48649107692307686
-0.34066892307692304
-0.15333230769230768
0.06863446153846153
0.25930892307692305
0.4322510769230769
0.5167403076923076
0.48565661538461535
0.4182738461538461
0.30979384615384614
0.23010276923076922
0.168144
0.08302892307692307
0.010013538461538461
-0.06341907692307691
-0.10055261538461538
-0.09491999999999999
-0.10055261538461538
-0.1287156923076923
-0.16438892307692307
-0.16501476923076921
-0.14477907692307693
-0.13706030769230768
-0.13872923076923074
-0.1785747692307692
-0.19797599999999999
-0.17628
-0.12391753846153845
-0.02273907692307692
0.07051199999999999
0.16501476923076921
0.26076923076923075
0.3143833846153846
0.31918153846153846
0.25972615384615383
0.1314276923076923
-0.026076923076923077
-0.18504184615384617
-0.3102110769230769
-0.35923569230769226
-0.34296369230769225
-0.26494153846153845
-0.12537784615384615
0.04693846153846153
0.22029784615384615
0.3738387692307692
0.48294461538461536
0.5086043076923077
0.4554073846153846
0.3460929230769231
0.1990190769230769
0.04109723076923077
-0.13372246153846154
-0.28851507692307693
-0.38572984615384615
-0.42244615384615386
-0.3919883076923077
-0.3129230769230769
-0.19693292307692306
-0.044435076923076924
0.11870215384615385
0.26932246153846157
0.371544
0.40012430769230767
0.36778892307692307
0.2782929230769231
0.16021661538461537
0.03421292307692308
-0.08010830769230769
-0.15354092307692307
-0.18629353846153843
-0.16105107692307694
-0.07218092307692307
0.049233230769230765
0.1785747692307692
0.28100492307692304
0.34588430769230766
0.3642424615384615
0.3225193846153846
0.24992123076923078
0.14582215384615385
0.01940123076923077
-0.0988836923076923
-0.19192615384615386
-0.23656984615384613
-0.23406646153846156
-0.20152246153846154
-0.1506203076923077
-0.09012184615384615
-0.010848
0.07364123076923076
0.12955015384615384
0.143736
0.10263876923076923
0.030875076923076922
-0.0446436923076923
-0.11640738461538462
-0.16876984615384616
-0.2075723076923077
-0.2154996923076923
-0.17586276923076924
-0.09429415384615383
0.014603076923076923
0.12099692307692309
0.20319138461538463
0.2655673846153846
0.29873723076923075
0.2864289230769231
0.23156307692307693
0.13872923076923074
0.041514461538461535
-0.05570030769230769
-0.12767261538461538
-0.1543753846153846
-0.1504116923076923
-0.10639384615384614
-0.05048492307692308
0.02023569230769231
0.0988836923076923
0.15374953846153847
0.18650215384615382
0.1710646153846154
0.11286092307692308
0.03692492307692308
-0.051319384615384614
-0.11724184615384614
-0.15750461538461538
-0.18191261538461537
-0.17169046153846151
-0.12788123076923075
-0.052571076923076915
0.031709538461538456
0.09179076923076923
0.12913292307692306
0.12141415384615384
0.084072
0.040054153846153843
-0.029832
-0.09846646153846153
-0.15750461538461538
-0.18525046153846153
-0.16251138461538459
-0.10848000000000001
-0.021278769230769233
0.08073415384615384
0.1927606153846154
0.2995716923076923
0.3746732307692308
0.4017932307692308
0.3584012307692308
0.2582658461538461
0.12308307692307692
-0.02899753846153846
-0.17002153846153847
-0.2791273846153846
-0.3448412307692308
-0.34943076923076927
-0.2966510769230769
-0.20110523076923076
-0.07238953846153846
0.06279323076923077
0.17899199999999998
0.25012984615384615
0.26494153846153845
0.23510953846153848
0.17148184615384612
0.08094276923076923
-0.03212676923076923
-0.14436184615384615
-0.22342707692307692
-0.25367630769230765
-0.2330233846153846
-0.1733593846153846
-0.0855323076923077
0.02273907692307692
0.14206707692307693
0.25012984615384615
0.31772123076923076
0.32606584615384615
0.2716172307692308
0.17461107692307692
0.054657230769230764
-0.08115138461538463
-0.21508246153846153
-0.32210215384615387
-0.3746732307692308
-0.35798399999999997
-0.2951907692307692
-0.19672430769230767
-0.07843938461538462
0.03671630769230769
0.1397723076923077
0.20944984615384615
0.23490092307692306
0.208824
0.1314276923076923
0.029206153846153847
-0.07635323076923077
-0.1760713846153846
-0.24908676923076922
-0.290184
-0.28809784615384615
-0.23886461538461537
-0.15687876923076924
-0.04547815384615384
0.07572738461538461
0.18379015384615385
0.26097784615384617
0.2920615384615385
0.2814221538461538
0.24470584615384613
0.18483323076923078
0.10660246153846153
0.02315630769230769
-0.052571076923076915
-0.09408553846153846
-0.10263876923076923
-0.09241661538461539
-0.0717636923076923
-0.046104
-0.008970461538461538
0.03212676923076923
0.059038153846153844
0.06675692307692307
0.05507446153846154
0.032544
0.009179076923076922
-0.013768615384615384
-0.026285538461538457
-0.03901107692307692
-0.050067692307692306
-0.047772923076923074
-0.040679999999999994
-0.020027076923076922
0.0008344615384615384
0.012308307692307691
0.01043076923076923
-0.006884307692307692
-0.022947692307692308
-0.042348923076923076
-0.06049846153846154
-0.06633969230769231
-0.05757784615384615
-0.025659692307692307
0.031709538461538456
0.10326461538461539
0.1712732307692308
0.21696000000000001
0.2374043076923077
0.23761292307692305
0.21696000000000001
0.17815753846153848
0.11807630769230769
0.04401784615384615
-0.03379569230769231
-0.0961716923076923
-0.13038461538461538
-0.14519630769230768
-0.14707384615384617
-0.13935507692307691
-0.11432123076923076
-0.07572738461538461
-0.024199384615384616
0.03379569230769231
0.07656184615384615
0.10660246153846153
0.12725538461538463
0.138312
0.14457046153846154
0.12955015384615384
0.10180430769230768
0.07426707692307692
0.04819015384615385
0.02899753846153846
0.004589538461538461
-0.019192615384615384
-0.04547815384615384
-0.0678
-0.078648
-0.0771876923076923
-0.06216738461538462
-0.040262769230769234
-0.005841230769230769
0.042348923076923076
0.10263876923076923
0.16084246153846155
0.20652923076923077
0.22655630769230767
0.22864246153846152
0.21195323076923075
0.16647507692307692
0.10806276923076923
0.026494153846153844
-0.07489292307692308
-0.17231630769230769
-0.25117292307692307
-0.29414769230769233
-0.30583015384615386
-0.2951907692307692
-0.24616615384615384
-0.15354092307692307
-0.025033846153846153
0.119328
0.24679199999999998
0.344424
0.40325353846153844
0.40930338461538457
0.3604873846153846
0.26118646153846153
0.12683815384615382
-0.024408000000000003
-0.16042523076923076
-0.25367630769230765
-0.28809784615384615
-0.2588916923076923
-0.18629353846153843
-0.07218092307692307
0.07301538461538462
0.22593046153846155
0.3650769230769231
0.45686769230769225
0.4781464615384615
0.43287692307692305
0.33357600000000004
0.200688
0.05048492307692308
-0.11411261538461538
-0.26535876923076923
-0.37050092307692306
-0.42035999999999996
-0.41326707692307696
-0.3481790769230769
-0.24637476923076923
-0.12016246153846154
0.017523692307692306
0.15374953846153847
0.28204799999999997
0.3619476923076923
0.3784283076923077
0.34171199999999996
0.2605606153846154
0.16021661538461537
0.04422646153846154
-0.07489292307692308
-0.17273353846153844
-0.2453316923076923
-0.268488
-0.23907323076923076
-0.165432
-0.06383630769230769
0.028788923076923077
0.11974523076923077
0.19568123076923075
0.2436627692307692
0.2586830769230769
0.2125790769230769
0.12433476923076923
0.02023569230769231
-0.07259815384615384
-0.14081538461538462
-0.18983999999999998
-0.2209236923076923
-0.23385784615384617
-0.21111876923076925
-0.15500123076923078
-0.078648
-0.0043809230769230765
0.04819015384615385
0.08448923076923077
0.11870215384615385
0.13852061538461538
0.14582215384615385
0.13852061538461538
0.11140061538461538
0.0855323076923077
0.04276615384615385
0.0008344615384615384
-0.03671630769230769
-0.0880356923076923
-0.1356
-0.17565415384615385
-0.1792006153846154
-0.14582215384615385
-0.0936683076923077
-0.021696
0.06070707692307692
0.14853415384615384
0.23490092307692306
0.2995716923076923
0.3346190769230769
0.3156350769230769
0.23782153846153845
0.13664307692307692
0.018983999999999997
-0.09283384615384616
-0.19588984615384614
-0.27787569230769227
-0.31229723076923077
-0.3087507692307692
-0.24616615384615384
-0.14936861538461538
-0.040679999999999994
0.08073415384615384
0.19693292307692306
0.3081249230769231
0.385104
0.41723076923076924
0.3949089230769231
0.3143833846153846
0.19067446153846154
0.041514461538461535
-0.10472492307692308
-0.2369870769230769
-0.3342018461538461
-0.3809316923076923
-0.3675803076923077
-0.2897667692307692
-0.15541846153846153
0.007510153846153846
0.15833907692307692
0.2851772307692308
0.36778892307692307
0.40346215384615386
0.3844781538461538
0.2989458461538462
0.17628
0.028163076923076923
-0.09992676923076924
-0.21508246153846153
-0.32335384615384616
-0.3763421538461538
-0.38760738461538463
-0.3387913846153846
-0.2411593846153846
-0.13080184615384613
-0.011265230769230769
0.10493353846153847
0.24720923076923076
0.428496
0.5023458461538461
0.4372578461538461
0.3402516923076923
0.18399876923076922
0.08949599999999999
-0.003963692307692307
-0.22697353846153845
-0.40325353846153844
-0.5476153846153846
-0.540731076923077
-0.4026276923076923
-0.2789187692307692
-0.12391753846153845
-0.02273907692307692
0.16751815384615384
0.3659113846153846
0.48336184615384614
0.5392707692307692
0.3949089230769231
0.25930892307692305
0.1136953846153846
-0.03901107692307692
-0.0988836923076923
-0.23844738461538462
-0.2993630769230769
-0.32961230769230765
-0.3746732307692308
-0.26118646153846153
-0.16271999999999998
-0.028788923076923077
0.11828492307692307
0.138312
0.19693292307692306
0.23198030769230768
0.25847446153846154
0.31208861538461535
0.24199384615384617
0.15667015384615385
0.052153846153846155
-0.025033846153846153
-0.021696
-0.08907876923076924
-0.16418030769230768
-0.24741784615384615
-0.29080984615384614
-0.22551323076923077
-0.19839323076923077
-0.17273353846153844
-0.14519630769230768
-0.13184492307692308
-0.033169846153846154
0.043392
0.09199938461538461
0.14436184615384615
0.1316363076923077
0.13351384615384615
0.12245723076923076
0.058829538461538454
-0.0050067692307692304
-0.11286092307692308
-0.214248
-0.2860116923076923
-0.3454670769230769
-0.34066892307692304
-0.29832
-0.20527753846153846
-0.10493353846153847
0.0016689230769230767
0.14936861538461538
0.25513661538461535
0.34630153846153844
0.3757163076923077
0.3114627692307692
0.24908676923076922
0.14123261538461537
0.016063384615384615
-0.09554584615384615
-0.21779446153846155
-0.2628553846153846
-0.26160369230769226
-0.2154996923076923
-0.11348676923076922
-0.01668923076923077
0.12496061538461539
0.2774584615384615
0.3798886153846154
0.41952553846153845
0.3727956923076923
0.31354892307692306
0.2290596923076923
0.10263876923076923
-0.02524246153846154
-0.1777403076923077
-0.27140861538461536
-0.2993630769230769
-0.2943563076923077
-0.20465169230769228
-0.10076123076923077
0.009179076923076922
0.1356
0.2056947692307692
0.25993476923076925
0.28163076923076924
0.24095076923076922
0.18149538461538461
0.08198584615384615
-0.01856676923076923
-0.09408553846153846
-0.13872923076923074
-0.138312
-0.12537784615384615
-0.08866153846153846
-0.05277969230769231
-0.008136
0.065088
0.10597661538461538
0.12370892307692308
0.10681107692307691
0.0448523076923077
0.011891076923076923
-0.016063384615384615
-0.051319384615384614
-0.07697907692307693
-0.12120553846153845
-0.1151556923076923
-0.05924676923076923
-0.0012516923076923076
0.06321046153846153
0.0963803076923077
0.11974523076923077
0.14206707692307693
0.14123261538461537
0.12266584615384615
0.0717636923076923
0.010848
-0.05486584615384615
-0.10743692307692307
-0.11035753846153845
-0.09095630769230768
-0.03650769230769231
0.026494153846153844
0.06633969230769231
0.12162276923076921
0.15270646153846154
0.16856123076923077
0.17231630769230769
0.10597661538461538
0.022530461538461537
-0.04172307692307692
-0.07635323076923077
-0.07343261538461537
-0.08010830769230769
-0.0853236923076923
-0.0771876923076923
-0.04819015384615385
0.005215384615384615
0.0446436923076923
0.06446215384615385
0.05507446153846154
0.03150092307692308
0.01940123076923077
0.0033378461538461535
-0.01272553846153846
-0.025033846153846153
-0.03233538461538461
-0.0043809230769230765
0.04819015384615385
0.11703323076923078
0.20277415384615383
0.2705741538461538
0.3187643076923077
0.3373310769230769
0.3239796923076923
0.2999889230769231
0.25305046153846156
0.173568
0.07405846153846153
-0.014811692307692307
-0.07614461538461538
-0.09304246153846155
-0.06696553846153847
-0.02858030769230769
0.02357353846153846
0.0798996923076923
0.13914646153846155
0.19338646153846153
0.21341353846153846
0.1908830769230769
0.14457046153846154
0.08574092307692306
0.005841230769230769
-0.08115138461538463
-0.168144
-0.23218892307692307
-0.2540935384615385
-0.24595753846153845
-0.206112
-0.1502030769230769
-0.0934596923076923
-0.037342153846153844
0.015646153846153844
0.06425353846153846
0.08636676923076922
0.0828203076923077
0.05736923076923077
0.017523692307692306
-0.02044430769230769
-0.06154153846153846
-0.08448923076923077
-0.08490646153846154
-0.07072061538461538
-0.033169846153846154
0.005424
0.040679999999999994
0.07739630769230768
0.09575446153846154
0.10639384615384614
0.10013538461538461
0.06696553846153847
0.029623384615384614
-0.018983999999999997
-0.05611753846153846
-0.06425353846153846
-0.04944184615384615
-0.012308307692307691
0.03713353846153846
0.09241661538461539
0.13601723076923075
0.17002153846153847
0.18921415384615384
0.1597993846153846
0.09679753846153846
0.014394461538461538
-0.08448923076923077
-0.1570873846153846
-0.21153599999999997
-0.24428861538461538
-0.241368
-0.22530461538461538
-0.17419384615384614
-0.09679753846153846
-0.006258461538461538
0.07843938461538462
0.1424843076923077
0.19568123076923075
0.22321846153846153
0.22822523076923076
0.20444307692307692
0.15270646153846154
0.08448923076923077
0.004798153846153846
-0.07092923076923077
-0.12975876923076923
-0.17815753846153848
-0.20131384615384615
-0.19067446153846154
-0.15124615384615384
-0.065088
0.03108369230769231
0.11473846153846154
0.18650215384615382
0.22864246153846152
0.25805723076923076
0.2632726153846154
0.2355267692307692
0.18754523076923074
0.11473846153846154
0.04819015384615385
-0.006467076923076923
-0.04672984615384615
-0.07697907692307693
-0.10868861538461538
-0.11411261538461538
-0.0974233846153846
-0.05820369230769231
-0.010639384615384617
0.02273907692307692
0.051528
0.06905169230769231
0.08177723076923075
0.09992676923076924
0.10535076923076922
0.09158215384615384
0.061750153846153844
0.021904615384615383
-0.014603076923076923
-0.047981538461538464
-0.07739630769230768
-0.11557292307692307
-0.15562707692307692
-0.17690584615384616
-0.17231630769230769
-0.13747753846153846
-0.09909230769230769
-0.06633969230769231
-0.03567323076923076
0.004172307692307692
0.054240000000000003
0.09304246153846155
0.10681107692307691
0.08845292307692308
0.06592246153846154
0.04819015384615385
0.04276615384615385
0.052153846153846155
0.04839876923076923
0.048816000000000005
0.051319384615384614
0.05382276923076923
0.05820369230769231
0.042557538461538466
0.009804923076923077
-0.024199384615384616
-0.035464615384615386
-0.03045784615384615
-0.01814953846153846
0.003963692307692307
0.02545107692307692
0.05590892307692308
0.09429415384615383
0.13330523076923076
0.16647507692307692
0.16292861538461537
0.12496061538461539
0.062376
-0.018983999999999997
-0.09846646153846153
-0.18086953846153844
-0.26097784615384617
-0.3243969230769231
-0.35256
-0.3319070769230769
-0.26640184615384616
-0.1858763076923077
-0.11390399999999999
-0.03942830769230769
0.04422646153846154
0.1289243076923077
0.19067446153846154
0.20778092307692309
0.1856676923076923
0.14519630769230768
0.09784061538461537
0.050067692307692306
-0.006258461538461538
-0.07781353846153846
-0.13914646153846155
-0.1639716923076923
-0.14519630769230768
-0.08991323076923076
-0.0077187692307692304
0.07551876923076924
0.15625292307692307
0.23260615384615385
0.2872633846153846
0.3141747692307692
0.2853858461538461
0.2157083076923077
0.13226215384615383
0.04985907692307692
-0.008970461538461538
-0.05319692307692307
-0.08469784615384615
-0.11202646153846153
-0.12308307692307692
-0.10660246153846153
-0.07885661538461539
-0.05194523076923077
-0.051319384615384614
-0.0678
-0.07426707692307692
-0.07238953846153846
-0.05736923076923077
-0.03713353846153846
-0.030040615384615384
-0.018358153846153843
0.0035464615384615383
0.032544
0.059664
0.05757784615384615
0.03400430769230769
0.005215384615384615
-0.02211323076923077
-0.04214030769230769
-0.06905169230769231
-0.10514215384615383
-0.13455692307692307
-0.14457046153846154
-0.11452984615384615
-0.059038153846153844
0.0012516923076923076
0.06216738461538462
0.11870215384615385
0.1787833846153846
0.22697353846153845
0.2526332307692308
0.23823876923076923
0.17461107692307692
0.08636676923076922
-0.007510153846153846
-0.08740984615384616
-0.14978584615384616
-0.1992276923076923
-0.2371956923076923
-0.23761292307692305
-0.18650215384615382
-0.09325107692307691
0.029414769230769227
0.1435273846153846
0.23072861538461537
0.28017046153846153
0.29915446153846154
0.2970683076923077
0.25242461538461536
0.1693956923076923
0.06717415384615384
-0.023364923076923075
-0.07843938461538462
-0.10243015384615384
-0.09679753846153846
-0.07301538461538462
-0.03629907692307692
0.014394461538461538
0.06446215384615385
0.09721476923076922
0.10222153846153846
0.07489292307692308
0.042974769230769226
0.008136
-0.023990769230769232
-0.03275261538461539
-0.03775938461538462
-0.026076923076923077
0.007301538461538462
0.04944184615384615
0.09408553846153846
0.11765907692307691
0.11473846153846154
0.09241661538461539
0.05069353846153846
0.011056615384615385
-0.027745846153846152
-0.059872615384615385
-0.08302892307692307
-0.09533723076923077
-0.07948246153846153
-0.06738276923076922
-0.031709538461538456
-0.011265230769230769
-0.0016689230769230767
0.0016689230769230767
-0.016480615384615385
-0.026911384615384615
-0.02899753846153846
0.004798153846153846
0.08344615384615384
0.24679199999999998
0.3152178461538461
0.40742584615384614
0.5236246153846154
0.5444861538461538
0.6083224615384615
0.49984246153846157
0.3229366153846154
0.0609156923076923
-0.2572227692307692
-0.4923323076923077
-0.7894006153846154
-0.9825784615384614
-1.1267316923076922
-1.114632
-0.8784793846153847
-0.5638873846153847
-0.08490646153846154
0.35047384615384614
0.7364123076923076
1.0772898461538463
1.2195655384615385
1.2439735384615385
1.0574713846153845
0.6909341538461538
0.28204799999999997
-0.23218892307692307
-0.6592246153846153
-0.9479483076923076
-1.141126153846154
-1.1060787692307692
-0.9731907692307692
-0.6921858461538462
-0.30416123076923074
0.10180430769230768
0.5638873846153847
0.9235403076923077
1.1697064615384616
1.273596923076923
1.226449846153846
1.0833396923076923
0.7798043076923077
0.36632861538461536
-0.08615815384615384
-0.547824
-0.8914135384615385
-1.1206818461538461
-1.2402184615384615
-1.1928627692307692
-1.042033846153846
-0.778344
-0.4309993846153846
-0.09700615384615385
0.24679199999999998
0.5538738461538462
0.7904436923076923
0.9815353846153846
1.039321846153846
0.9771544615384615
0.7935729230769231
0.4866996923076923
0.12829846153846153
-0.2737033846153846
-0.6490024615384615
-0.9663064615384616
-1.1793027692307692
-1.2527353846153846
-1.2035021538461537
-0.9585876923076923
-0.566808
-0.09325107692307691
0.4378836923076923
0.9168646153846153
1.307809846153846
1.5562707692307691
1.6067556923076922
1.471572923076923
1.1371624615384615
0.6765396923076923
0.16897846153846155
-0.34630153846153844
-0.8021261538461537
-1.1649083076923077
-1.3687255384615384
-1.3806166153846153
-1.2126812307692307
-0.8757673846153846
-0.43621476923076924
0.08031692307692308
0.6181273846153846
1.061435076923077
1.3900043076923077
1.5358264615384616
1.4536319999999998
1.2080916923076923
0.7996227692307692
0.3170953846153846
-0.15813046153846153
-0.6137464615384616
-0.9571273846153846
-1.1726270769230769
-1.2387581538461538
-1.1158836923076922
-0.8513593846153846
-0.47918953846153844
-0.06195876923076923
0.3408775384615384
0.6926030769230769
0.9544153846153846
1.1183870769230768
1.1452984615384616
1.0303513846153844
0.7981624615384615
0.47668615384615387
0.13706030769230768
-0.1992276923076923
-0.49921661538461537
-0.71868
-0.866796923076923
-0.9149870769230769
-0.835296
-0.6709070769230769
-0.4514436923076923
-0.19755876923076923
0.06383630769230769
0.33670523076923076
0.5789076923076923
0.7464258461538461
0.8219446153846154
0.7873144615384615
0.663396923076923
0.47418276923076924
0.2509643076923077
0.0029206153846153843
-0.2624381538461539
-0.5040147692307693
-0.7074147692307692
-0.82716
-0.8534455384615384
-0.810888
-0.6771655384615384
-0.4814843076923077
-0.2507556923076923
0.020652923076923076
0.29101846153846156
0.52884
0.6965667692307692
0.7495550769230769
0.7157593846153846
0.6022726153846154
0.41431015384615383
0.18754523076923074
-0.07197230769230768
-0.3316984615384615
-0.5463636923076923
-0.6815464615384615
-0.7159679999999999
-0.6642313846153846
-0.5361415384615384
-0.36215630769230767
-0.15228923076923076
0.0853236923076923
0.3035353846153846
0.4942098461538461
0.6222996923076923
0.6771655384615384
0.6784172307692308
0.6095741538461538
0.49379261538461533
0.3481790769230769
0.1733593846153846
0.0002086153846153846
-0.13810338461538463
-0.2261390769230769
-0.2641070769230769
-0.26348123076923075
-0.23406646153846156
-0.1783661538461538
-0.10660246153846153
-0.026911384615384615
0.05674338461538461
0.11807630769230769
0.1504116923076923
0.16480615384615382
0.16042523076923076
0.14936861538461538
0.12829846153846153
0.09325107692307691
0.054240000000000003
0.01668923076923077
-0.023364923076923075
-0.07384984615384615
-0.1316363076923077
-0.1992276923076923
-0.25972615384615383
-0.2979027692307692
-0.31396615384615384
-0.2924787692307692
-0.24095076923076922
-0.1721076923076923
-0.07238953846153846
0.04714707692307692
0.16793538461538463
0.27474646153846155
0.34171199999999996
0.3659113846153846
0.33566215384615383
0.2526332307692308
0.132888
-0.013142769230769229
-0.16251138461538459
-0.3016578461538461
-0.40846892307692306
-0.47084492307692305
-0.48398769230769234
-0.43996984615384616
-0.35047384615384614
-0.21612553846153845
-0.053614153846153846
0.11244369230769231
0.2666104615384615
0.376968
0.43350276923076925
0.42995630769230764
0.3763421538461538
0.26452430769230767
0.10994030769230768
-0.049233230769230765
-0.19735015384615384
-0.2981113846153846
-0.34588430769230766
-0.3550633846153846
-0.33002953846153843
-0.273912
-0.1942209230769231
-0.08824430769230769
0.017523692307692306
0.10514215384615383
0.17461107692307692
0.22008923076923076
0.2674449230769231
0.30562153846153844
0.32627446153846157
0.3275261538461538
0.301032
0.25555384615384613
0.19693292307692306
0.12224861538461537
0.026702769230769228
-0.07238953846153846
-0.1712732307692308
-0.24303692307692307
-0.26681907692307694
-0.25117292307692307
-0.20632061538461538
-0.14269292307692305
-0.04839876923076923
0.07051199999999999
0.1942209230769231
0.28663753846153844
0.3339932307692307
0.34066892307692304
0.29644246153846154
0.2138307692307692
0.10848000000000001
-0.016272
-0.15291507692307693
-0.28163076923076924
-0.37363015384615383
-0.41013784615384613
-0.3942830769230769
-0.33962584615384617
-0.252216
-0.1314276923076923
-0.0006258461538461538
0.13080184615384613
0.23803015384615384
0.2981113846153846
0.3035353846153846
0.23677846153846152
0.13267938461538462
0.015854769230769228
-0.09763200000000001
-0.20047938461538461
-0.28246523076923075
-0.3235624615384615
-0.31646953846153847
-0.2643156923076923
-0.18775384615384613
-0.09512861538461538
0.0022947692307692304
0.100344
0.19442953846153843
0.26494153846153845
0.29414769230769233
0.2670276923076923
0.20360861538461536
0.14206707692307693
0.08302892307692307
0.023990769230769232
-0.03379569230769231
-0.07885661538461539
-0.0974233846153846
-0.08845292307692308
-0.04819015384615385
0.0050067692307692304
0.05173661538461538
0.09387692307692307
0.12308307692307692
0.14436184615384615
0.15813046153846153
0.14978584615384616
0.12266584615384615
0.08824430769230769
0.06154153846153846
0.0448523076923077
0.037967999999999995
0.03275261538461539
0.02586830769230769
0.02315630769230769
0.02858030769230769
0.04902461538461538
0.07572738461538461
0.09325107692307691
0.0961716923076923
0.08636676923076922
0.06362769230769232
0.03692492307692308
0.009387692307692307
-0.025033846153846153
-0.051319384615384614
-0.05736923076923077
-0.044435076923076924
-0.010639384615384617
0.02211323076923077
0.04714707692307692
0.08052553846153847
0.12204
0.16876984615384616
0.20819815384615384
0.22426153846153846
0.21591692307692306
0.19505538461538463
0.16730953846153845
0.13914646153846155
0.10722830769230769
0.06654830769230768
0.027120000000000002
-0.014603076923076923
-0.051528
-0.08115138461538463
-0.10952307692307692
-0.13872923076923074
-0.15833907692307692
-0.15813046153846153
-0.13184492307692308
-0.0828203076923077
-0.03504738461538461
0.014603076923076923
0.06884307692307692
0.11411261538461538
0.15813046153846153
0.18983999999999998
0.17732307692307692
0.12496061538461539
0.04547815384615384
-0.042348923076923076
-0.119328
-0.1856676923076923
-0.23823876923076923
-0.26452430769230767
-0.249504
-0.19380369230769232
-0.10076123076923077
0.007301538461538462
0.10368184615384615
0.17461107692307692
0.22447015384615385
0.25451076923076926
0.2574313846153846
0.2207150769230769
0.14457046153846154
0.05298830769230769
-0.04380923076923077
-0.1205796923076923
-0.17377661538461536
-0.21153599999999997
-0.2207150769230769
-0.19881046153846152
-0.14582215384615385
-0.06821723076923077
0.018983999999999997
0.10055261538461538
0.15938215384615384
0.1940123076923077
0.20423446153846153
0.18754523076923074
0.13664307692307692
0.058829538461538454
-0.029414769230769227
-0.10117846153846152
-0.14749107692307692
-0.17002153846153847
-0.1612596923076923
-0.14749107692307692
-0.12621230769230768
-0.09241661538461539
-0.04693846153846153
0.005424
0.033169846153846154
0.03838523076923077
0.03963692307692308
0.04652123076923077
0.06717415384615384
0.09262523076923077
0.11849353846153846
0.14519630769230768
0.16584923076923075
0.1867107692307692
0.1992276923076923
0.1883796923076923
0.14832553846153845
0.08156861538461539
0.006258461538461538
-0.053405538461538456
-0.08949599999999999
-0.10764553846153846
-0.10994030769230768
-0.0936683076923077
-0.04672984615384615
0.029623384615384614
0.11599015384615384
0.1923433846153846
0.2422024615384615
0.2601433846153846
0.25805723076923076
0.23823876923076923
0.19192615384615386
0.11181784615384616
0.011473846153846154
-0.08344615384615384
-0.157296
-0.19672430769230767
-0.20840676923076923
-0.18900553846153845
-0.13309661538461537
-0.043392
0.06216738461538462
0.16105107692307694
0.21153599999999997
0.20798953846153845
0.184416
0.13893784615384613
0.0855323076923077
0.011473846153846154
-0.07343261538461537
-0.13330523076923076
-0.1504116923076923
-0.11494707692307692
0.03296123076923077
0.1356
0.07259815384615384
0.06821723076923077
0.022530461538461537
0.05736923076923077
0.11056615384615384
-0.07468430769230769
-0.1908830769230769
-0.33482769230769227
-0.32085046153846153
-0.1637630769230769
-0.1045163076923077
0.006049846153846154
-0.002712
0.12579507692307693
0.31041969230769234
0.3944916923076923
0.4483144615384615
0.2342750769230769
0.06321046153846153
-0.07489292307692308
-0.22947692307692308
-0.2436627692307692
-0.3790541538461539
-0.4047138461538461
-0.34046030769230773
-0.3291950769230769
-0.10597661538461538
0.05528307692307692
0.1881710769230769
0.33712246153846154
0.27599815384615384
0.2805876923076923
0.24053353846153847
0.15374953846153847
0.14144123076923076
-0.014185846153846153
-0.14832553846153845
-0.25471938461538457
-0.29873723076923075
-0.20173107692307693
-0.1783661538461538
-0.15103753846153847
-0.11306953846153844
-0.04714707692307692
0.13184492307692308
0.21111876923076925
0.2238443076923077
0.20173107692307693
0.11891076923076922
0.1462393846153846
0.15187199999999998
0.12308307692307692
0.13038461538461538
0.07364123076923076
0.08636676923076922
0.124752
0.09491999999999999
0.07092923076923077
-0.03024923076923077
-0.1356
-0.19588984615384614
-0.260352
-0.27286892307692306
-0.26118646153846153
-0.18900553846153845
-0.0934596923076923
0.0006258461538461538
0.13747753846153846
0.21904615384615383
0.2926873846153846
0.3212676923076923
0.25054707692307693
0.19881046153846152
0.09450276923076922
-0.03108369230769231
-0.14790830769230767
-0.3060387692307692
-0.37425600000000003
-0.39282276923076925
-0.36945784615384614
-0.273912
-0.18212123076923076
-0.010222153846153844
0.2059033846153846
0.38009723076923074
0.4983821538461538
0.5106904615384615
0.4917064615384615
0.4220289230769231
0.2768326153846154
0.11140061538461538
-0.12350030769230769
-0.31229723076923077
-0.40575692307692307
-0.46437784615384614
-0.4163963076923077
-0.34066892307692304
-0.23072861538461537
-0.05069353846153846
0.08699261538461538
0.23823876923076923
0.35965292307692304
0.39344861538461534
0.3844781538461538
0.3008233846153846
0.18921415384615384
0.05820369230769231
-0.07510153846153846
-0.17648861538461538
-0.26619323076923074
-0.3054129230769231
-0.31500923076923076
-0.2851772307692308
-0.18921415384615384
-0.10222153846153846
-0.0006258461538461538
0.09241661538461539
0.14457046153846154
0.23803015384615384
0.29873723076923075
0.3087507692307692
0.2924787692307692
0.21904615384615383
0.16897846153846155
0.13622584615384614
0.08031692307692308
0.015020307692307692
-0.073224
-0.1358086153846154
-0.14477907692307693
-0.13852061538461538
-0.11807630769230769
-0.10576799999999999
-0.0961716923076923
-0.07593599999999999
-0.06884307692307692
-0.040679999999999994
-0.019192615384615384
0.0016689230769230767
0.03379569230769231
0.029623384615384614
0.031709538461538456
0.01814953846153846
-0.006258461538461538
-0.01940123076923077
-0.07927384615384615
-0.13726892307692307
-0.1783661538461538
-0.21529107692307692
-0.20694646153846152
-0.19192615384615386
-0.1712732307692308
-0.12537784615384615
-0.06028984615384615
0.044435076923076924
0.13247076923076923
0.18525046153846153
0.21132738461538458
0.18921415384615384
0.15667015384615385
0.09012184615384615
-0.0033378461538461535
-0.0880356923076923
-0.18232984615384615
-0.23782153846153845
-0.2626467692307692
-0.26118646153846153
-0.20152246153846154
-0.11327815384615383
0.005424
0.12433476923076923
0.21967199999999998
0.30249230769230767
0.34296369230769225
0.33962584615384617
0.28121353846153846
0.17586276923076924
0.06842584615384616
-0.03024923076923077
-0.08740984615384616
-0.12016246153846154
-0.1368516923076923
-0.11578153846153846
-0.07134646153846153
0.02273907692307692
0.12829846153846153
0.20673784615384616
0.2805876923076923
0.32272799999999996
0.3323243076923077
0.3137575384615385
0.2507556923076923
0.1800350769230769
0.10076123076923077
0.0077187692307692304
-0.06028984615384615
-0.11265230769230769
-0.13267938461538462
-0.11703323076923078
-0.08302892307692307
-0.027120000000000002
0.01981846153846154
0.06821723076923077
0.10430769230769231
0.09804923076923076
0.06341907692307691
0.0008344615384615384
-0.06341907692307691
-0.10535076923076922
-0.13038461538461538
-0.13455692307692307
-0.12850707692307692
-0.11265230769230769
-0.06675692307692307
-0.007927384615384614
0.046104
0.08574092307692306
0.08907876923076924
0.08031692307692308
0.07343261538461537
0.058829538461538454
0.053614153846153846
0.042974769230769226
0.03880246153846154
0.04631261538461538
0.06279323076923077
0.10055261538461538
0.12496061538461539
0.13872923076923074
0.12850707692307692
0.10514215384615383
0.09450276923076922
0.06884307692307692
0.03901107692307692
-0.007510153846153846
-0.06967753846153846
-0.11348676923076922
-0.13893784615384613
-0.1353913846153846
-0.1070196923076923
-0.07092923076923077
-0.02545107692307692
0.024408000000000003
0.0771876923076923
0.13664307692307692
0.18316430769230768
0.1990190769230769
0.1977673846153846
0.1804523076923077
0.1558356923076923
0.11348676923076922
0.048816000000000005
-0.012934153846153845
-0.05090215384615384
-0.041514461538461535
-0.008344615384615384
0.040262769230769234
0.09533723076923077
0.15228923076923076
0.22154953846153846
0.27140861538461536
0.3012406153846154
0.2989458461538462
0.2509643076923077
0.18921415384615384
0.12224861538461537
0.055491692307692304
-0.001043076923076923
-0.05382276923076923
-0.09325107692307691
-0.1045163076923077
-0.09471138461538461
-0.06008123076923077
-0.01856676923076923
0.008344615384615384
0.029832
0.05236246153846154
0.06842584615384616
0.07030338461538461
0.05570030769230769
0.01710646153846154
-0.03400430769230769
-0.08052553846153847
-0.10493353846153847
-0.12350030769230769
-0.14519630769230768
-0.15416676923076922
-0.15354092307692307
-0.13205353846153844
-0.09012184615384615
-0.03692492307692308
0.01814953846153846
0.06049846153846154
0.08907876923076924
0.10806276923076923
0.10681107692307691
0.07927384615384615
0.026494153846153844
-0.04172307692307692
-0.10138707692307691
-0.14290153846153844
-0.15896492307692306
-0.1612596923076923
-0.15687876923076924
-0.14978584615384616
-0.13789476923076924
-0.10159569230769232
-0.059664
-0.021904615384615383
0.004798153846153846
0.015020307692307692
0.03942830769230769
0.06362769230769232
0.07677046153846154
0.07572738461538461
0.052571076923076915
0.028163076923076923
0.009804923076923077
-0.0035464615384615383
-0.01981846153846154
-0.03713353846153846
-0.051528
-0.04526953846153846
-0.014811692307692307
0.02315630769230769
0.06425353846153846
0.10263876923076923
0.14686523076923075
0.18650215384615382
0.22008923076923076
0.23364923076923078
0.21487384615384614
0.16793538461538463
0.10368184615384615
0.04693846153846153
-0.006884307692307692
-0.07092923076923077
-0.13247076923076923
-0.17690584615384616
-0.20402584615384614
-0.20256553846153844
-0.17628
-0.1353913846153846
-0.09700615384615385
-0.06070707692307692
-0.0070929230769230765
0.04985907692307692
0.09909230769230769
0.12099692307692309
0.10368184615384615
0.061750153846153844
0.011265230769230769
-0.03504738461538461
-0.0855323076923077
-0.13101046153846155
-0.1635544615384615
-0.1760713846153846
-0.14853415384615384
-0.09763200000000001
-0.03650769230769231
0.02482523076923077
0.07697907692307693
0.12934153846153845
0.17461107692307692
0.20256553846153844
0.20298276923076922
0.16876984615384616
0.12141415384615384
0.06905169230769231
0.006258461538461538
-0.05736923076923077
-0.1205796923076923
-0.16730953846153845
-0.18921415384615384
-0.18858830769230767
-0.15687876923076924
-0.11140061538461538
-0.06216738461538462
-0.020652923076923076
0.01043076923076923
0.05298830769230769
0.08615815384615384
0.10430769230769231
0.10764553846153846
0.09658892307692307
0.08594953846153845
0.07238953846153846
0.049233230769230765
0.015646153846153844
-0.019192615384615384
-0.04902461538461538
-0.06216738461538462
-0.051528
-0.02586830769230769
0.0077187692307692304
0.04214030769230769
0.07781353846153846
0.11432123076923076
0.1435273846153846
0.1597993846153846
0.16584923076923075
0.15771323076923077
0.12788123076923075
0.08240307692307691
0.03379569230769231
-0.008344615384615384
-0.04819015384615385
-0.08365476923076923
-0.11640738461538462
-0.13664307692307692
-0.13914646153846155
-0.1368516923076923
-0.1218313846153846
-0.09971815384615385
-0.06425353846153846
-0.026285538461538457
0.006049846153846154
0.03838523076923077
0.05111076923076923
0.05194523076923077
0.05382276923076923
0.046104
0.02795446153846154
0.015020307692307692
-0.004172307692307692
-0.015228923076923076
-0.019609846153846155
-0.023782153846153845
-0.016063384615384615
-0.012099692307692308
0.006049846153846154
0.031709538461538456
0.051528
0.061124307692307686
0.04965046153846154
0.03400430769230769
0.019609846153846155
0.002086153846153846
-0.009387692307692307
-0.03108369230769231
-0.056326153846153845
-0.07885661538461539
-0.10076123076923077
-0.10159569230769232
-0.10764553846153846
-0.1205796923076923
-0.1368516923076923
-0.15938215384615384
-0.17628
-0.16167692307692308
-0.09554584615384615
0.009596307692307692
0.14415323076923076
0.26681907692307694
0.368832
0.4493575384615385
0.4762689230769231
0.4478972307692307
0.3294036923076923
0.15520984615384617
-0.02586830769230769
-0.15687876923076924
-0.24866953846153847
-0.3600701538461538
-0.3805144615384615
-0.3613218461538461
-0.249504
-0.05736923076923077
0.10639384615384614
0.30144923076923075
0.4147273846153846
0.5100646153846153
0.5618012307692307
0.4892030769230769
0.3727956923076923
0.1652233846153846
-0.03963692307692308
-0.2275993846153846
-0.4036707692307692
-0.48628246153846155
-0.5244590769230769
-0.4620830769230769
-0.32314523076923074
-0.16605784615384614
0.03233538461538461
0.18358153846153846
0.31083692307692307
0.4015846153846154
0.38593846153846156
0.3558978461538462
0.27871015384615383
0.19505538461538463
0.14749107692307692
0.05319692307692307
-0.017523692307692306
-0.09533723076923077
-0.1656406153846154
-0.1804523076923077
-0.20402584615384614
-0.200688
-0.16772676923076923
-0.111192
-0.01710646153846154
0.05090215384615384
0.11306953846153844
0.16292861538461537
0.1869193846153846
0.22551323076923077
0.21696000000000001
0.19588984615384614
0.173568
0.1314276923076923
0.10681107692307691
0.04380923076923077
-0.040262769230769234
-0.11327815384615383
-0.19025723076923076
-0.233232
-0.2517987692307692
-0.2492953846153846
-0.18545907692307692
-0.08219446153846154
0.06362769230769232
0.21842030769230766
0.3425464615384616
0.44351630769230765
0.4896203076923077
0.49984246153846157
0.4405956923076923
0.3212676923076923
0.19985353846153847
0.05611753846153846
-0.05590892307692308
-0.1424843076923077
-0.2056947692307692
-0.20465169230769228
-0.1846246153846154
-0.13080184615384613
-0.04672984615384615
0.03567323076923076
0.13810338461538463
0.22551323076923077
0.2701569230769231
0.2753723076923077
0.23135446153846154
0.17502830769230768
0.10472492307692308
0.012099692307692308
-0.08761846153846153
-0.1927606153846154
-0.2509643076923077
-0.2680707692307692
-0.25284184615384614
-0.19505538461538463
-0.13664307692307692
-0.05298830769230769
0.03692492307692308
0.10347323076923076
0.15792184615384616
0.17252492307692308
0.16251138461538459
0.1449876923076923
0.10681107692307691
0.06529661538461538
0.016897846153846156
-0.04401784615384615
-0.09074769230769231
-0.12266584615384615
-0.12391753846153845
-0.10868861538461538
-0.08448923076923077
-0.040054153846153843
-0.0014603076923076922
0.04088861538461538
0.06550523076923077
0.07781353846153846
0.07551876923076924
0.03859384615384615
0.003755076923076923
-0.02586830769230769
-0.044435076923076924
-0.0448523076923077
-0.038176615384615385
-0.02482523076923077
-0.0029206153846153843
0.02232184615384615
0.05799507692307692
0.08469784615384615
0.06675692307692307
0.02211323076923077
-0.03358707692307692
-0.07343261538461537
-0.09033046153846153
-0.10681107692307691
-0.11953661538461538
-0.12037107692307693
-0.08991323076923076
-0.042348923076923076
0.0016689230769230767
0.043392
0.06592246153846154
0.08386338461538462
0.1045163076923077
0.11181784615384616
0.10827138461538462
0.08115138461538463
0.040679999999999994
0.0033378461538461535
-0.035255999999999996
-0.06425353846153846
-0.0855323076923077
-0.10430769230769231
-0.11411261538461538
-0.11056615384615384
-0.09137353846153846
-0.05528307692307692
-0.013560000000000001
0.021070153846153846
0.03588184615384615
0.05382276923076923
0.08073415384615384
0.08949599999999999
0.08991323076923076
0.07426707692307692
0.06300184615384616
0.06675692307692307
0.09158215384615384
0.14081538461538462
0.16459753846153846
0.15771323076923077
0.14060676923076923
0.12391753846153845
0.10555938461538462
0.07030338461538461
0.014394461538461538
-0.03567323076923076
-0.065088
-0.07218092307692307
-0.048816000000000005
-0.011473846153846154
0.03609046153846154
0.08469784615384615
0.13059323076923077
0.1760713846153846
0.18921415384615384
0.16251138461538459
0.0963803076923077
0.0043809230769230765
-0.07885661538461539
-0.14853415384615384
-0.19547261538461536
-0.22843384615384613
-0.241368
-0.22113230769230768
-0.1721076923076923
-0.0897046153846154
0.0012516923076923076
0.0771876923076923
0.12913292307692306
0.16063384615384615
0.1787833846153846
0.1712732307692308
0.13121907692307694
0.06362769230769232
-0.015646153846153844
-0.078648
-0.12099692307692309
-0.13726892307692307
-0.14081538461538462
-0.13789476923076924
-0.116616
-0.08302892307692307
-0.013142769230769229
0.0609156923076923
0.10201292307692307
0.116616
0.10326461538461539
0.08240307692307691
0.05194523076923077
0.015646153846153844
-0.02023569230769231
-0.061124307692307686
-0.08615815384615384
-0.08720123076923077
-0.07259815384615384
-0.05173661538461538
-0.045895384615384616
-0.04547815384615384
-0.04088861538461538
-0.04130584615384615
-0.041514461538461535
-0.05382276923076923
-0.08302892307692307
-0.10848000000000001
-0.11619876923076923
-0.0934596923076923
-0.04860738461538461
-0.0006258461538461538
0.05298830769230769
0.09825784615384614
0.13643446153846153
0.17586276923076924
0.1923433846153846
0.18149538461538461
0.14415323076923076
0.09450276923076922
0.050067692307692306
0.007510153846153846
-0.031918153846153846
-0.07155507692307693
-0.10764553846153846
-0.13434830769230768
-0.14123261538461537
-0.11953661538461538
-0.08991323076923076
-0.06049846153846154
-0.019609846153846155
0.035464615384615386
0.100344
0.15813046153846153
0.19755876923076923
0.21779446153846155
0.20402584615384614
0.16105107692307694
0.10493353846153847
0.030875076923076922
-0.05507446153846154
-0.14164984615384615
-0.21341353846153846
-0.25367630769230765
-0.25805723076923076
-0.22593046153846155
-0.16063384615384615
-0.07259815384615384
0.02899753846153846
0.13309661538461537
0.23010276923076922
0.2970683076923077
0.3141747692307692
0.28955815384615385
0.22196676923076922
0.12308307692307692
0.011265230769230769
-0.10660246153846153
-0.214248
-0.29498215384615384
-0.3342018461538461
-0.33002953846153843
-0.29227015384615385
-0.21779446153846155
-0.11703323076923078
-0.005424
0.10368184615384615
0.19317784615384614
0.25054707692307693
0.25951753846153847
0.2290596923076923
0.16271999999999998
0.07906523076923076
-0.009804923076923077
-0.09992676923076924
-0.16689230769230767
-0.20527753846153846
-0.20506892307692307
-0.1718990769230769
-0.11223507692307692
-0.035255999999999996
0.03921969230769231
0.11035753846153845
0.16981292307692308
0.21132738461538458
0.22488738461538463
0.21028430769230766
0.1883796923076923
0.16480615384615382
0.1476996923076923
0.1314276923076923
0.10910584615384614
0.09471138461538461
0.08720123076923077
0.08720123076923077
0.08198584615384615
0.06446215384615385
0.040262769230769234
0.009804923076923077
-0.015646153846153844
-0.028163076923076923
-0.03045784615384615
-0.02232184615384615
0.0006258461538461538
0.03379569230769231
0.07468430769230769
0.11911938461538461
0.15959076923076923
0.1881710769230769
0.19609846153846153
0.19213476923076922
0.1829556923076923
0.1597993846153846
0.12370892307692308
0.07218092307692307
0.005841230769230769
-0.056951999999999996
-0.10681107692307691
-0.13747753846153846
-0.13935507692307691
-0.12621230769230768
-0.0961716923076923
-0.041514461538461535
0.010222153846153844
0.05590892307692308
0.09053907692307692
0.10347323076923076
0.10430769230769231
0.09074769230769231
0.07614461538461538
0.04693846153846153
0.0016689230769230767
-0.03692492307692308
-0.06592246153846154
-0.07092923076923077
-0.07134646153846153
-0.07238953846153846
-0.06550523076923077
-0.06300184615384616
-0.051319384615384614
-0.03609046153846154
-0.02586830769230769
-0.014394461538461538
-0.015437538461538461
-0.019609846153846155
-0.015020307692307692
-0.0029206153846153843
0.02524246153846154
0.046104
0.06279323076923077
0.08740984615384616
0.10660246153846153
0.12224861538461537
0.119328
0.0934596923076923
0.053614153846153846
0.0002086153846153846
-0.035464615384615386
-0.06529661538461538
-0.08594953846153845
-0.08302892307692307
-0.07030338461538461
-0.02795446153846154
0.02357353846153846
0.08094276923076923
0.14123261538461537
0.18212123076923076
0.2021483076923077
0.1994363076923077
0.1775316923076923
0.13622584615384614
0.07364123076923076
-0.0033378461538461535
-0.06946892307692307
-0.11974523076923077
-0.14811692307692306
-0.14978584615384616
-0.12642092307692307
-0.07906523076923076
-0.010639384615384617
0.07489292307692308
0.16710092307692306
0.24428861538461538
0.2845513846153846
0.2855944615384615
0.2568055384615385
0.2073636923076923
0.13101046153846155
0.042974769230769226
-0.05069353846153846
-0.13726892307692307
-0.192552
-0.2207150769230769
-0.2075723076923077
-0.1710646153846154
-0.124752
-0.06300184615384616
-0.0012516923076923076
0.05674338461538461
0.0936683076923077
0.10180430769230768
0.0798996923076923
0.02899753846153846
-0.033169846153846154
-0.0936683076923077
-0.14290153846153844
-0.17690584615384616
-0.19296923076923078
-0.19067446153846154
-0.15687876923076924
-0.10013538461538461
-0.03379569230769231
0.030875076923076922
0.08636676923076922
0.1422756923076923
0.17481969230769231
0.18066092307692305
0.15166338461538462
0.09491999999999999
0.026494153846153844
-0.03421292307692308
-0.09533723076923077
-0.1449876923076923
-0.168144
-0.1710646153846154
-0.103056
-0.004172307692307692
0.18525046153846153
0.3095852307692307
0.3310726153846154
0.3949089230769231
0.36027876923076924
0.34880492307692307
0.24908676923076922
0.03296123076923077
-0.15833907692307692
-0.36904061538461536
-0.4178566153846154
-0.41368430769230763
-0.39052800000000004
-0.3079163076923077
-0.22342707692307692
-0.0018775384615384615
0.23364923076923078
0.44268184615384615
0.5928849230769231
0.5665993846153846
0.5215384615384615
0.4128498461538462
0.2561796923076923
0.1136953846153846
-0.12725538461538463
-0.29352184615384613
-0.4182738461538461
-0.5048492307692307
-0.4042966153846154
-0.29581661538461534
-0.1316363076923077
0.043600615384615383
0.14394461538461537
0.2751636923076923
0.330864
0.35047384615384614
0.3419206153846154
0.22530461538461538
0.0974233846153846
-0.03024923076923077
-0.11953661538461538
-0.15187199999999998
-0.214248
-0.25430215384615384
-0.2737033846153846
-0.24887815384615386
-0.1543753846153846
-0.09846646153846153
-0.04526953846153846
0.0008344615384615384
0.028788923076923077
0.09387692307692307
0.11202646153846153
0.10013538461538461
0.09158215384615384
0.04735569230769231
0.04944184615384615
0.07113784615384615
0.07238953846153846
0.07092923076923077
0.031709538461538456
-0.0012516923076923076
-0.028163076923076923
-0.06487938461538462
-0.09283384615384616
-0.11599015384615384
-0.10806276923076923
-0.09012184615384615
-0.05507446153846154
0.01981846153846154
0.07489292307692308
0.127464
0.15917353846153848
0.15520984615384617
0.15249784615384615
0.10347323076923076
0.04985907692307692
-0.012934153846153845
-0.09512861538461538
-0.12162276923076921
-0.1353913846153846
-0.1356
-0.11286092307692308
-0.08866153846153846
-0.01856676923076923
0.07635323076923077
0.15833907692307692
0.21111876923076925
0.21716861538461538
0.222384
0.20506892307692307
0.14206707692307693
0.06154153846153846
-0.06467076923076923
-0.17085599999999998
-0.23636123076923077
-0.2807963076923077
-0.2540935384615385
-0.1994363076923077
-0.11244369230769231
-0.005215384615384615
0.07885661538461539
0.168144
0.21862892307692305
0.21341353846153846
0.16209415384615386
0.05820369230769231
-0.054657230769230764
-0.16438892307692307
-0.2563883076923077
-0.30666461538461537
-0.3294036923076923
-0.3072904615384615
-0.24616615384615384
-0.15562707692307692
-0.03609046153846154
0.06362769230769232
0.15500123076923078
0.225096
0.2503384615384615
0.2632726153846154
0.23969907692307693
0.17461107692307692
0.09053907692307692
-0.0008344615384615384
-0.06049846153846154
-0.09283384615384616
-0.10848000000000001
-0.08887015384615385
-0.05194523076923077
0.011473846153846154
0.10076123076923077
0.18629353846153843
0.2582658461538461
0.28350830769230767
0.28246523076923075
0.25659692307692306
0.19442953846153843
0.12725538461538463
0.03942830769230769
-0.03713353846153846
-0.09137353846153846
-0.13852061538461538
-0.157296
-0.15750461538461538
-0.13518276923076925
-0.08574092307692306
-0.051528
-0.03024923076923077
-0.010222153846153844
-0.016272
-0.017523692307692306
-0.020652923076923076
-0.027745846153846152
-0.025659692307692307
-0.027745846153846152
-0.014394461538461538
-0.003963692307692307
0.016063384615384615
0.03942830769230769
0.04422646153846154
0.04714707692307692
0.026494153846153844
0.015228923076923076
0.016063384615384615
0.017523692307692306
0.02899753846153846
0.033169846153846154
0.04860738461538461
0.07405846153846153
0.10159569230769232
0.11035753846153845
0.0892873846153846
0.05611753846153846
0.02315630769230769
-0.003129230769230769
-0.018358153846153843
-0.026285538461538457
-0.040262769230769234
-0.04693846153846153
-0.03045784615384615
0.008761846153846153
0.05090215384615384
0.07948246153846153
0.09784061538461537
0.10597661538461538
0.11265230769230769
0.11181784615384616
0.10138707692307691
0.08073415384615384
0.02795446153846154
-0.03379569230769231
-0.08866153846153846
-0.13998092307692306
-0.16689230769230767
-0.18358153846153846
-0.18107815384615383
-0.1462393846153846
-0.0897046153846154
-0.0025033846153846152
0.08302892307692307
0.15333230769230768
0.20360861538461536
0.21696000000000001
0.20423446153846153
0.16167692307692308
0.0826116923076923
-0.011056615384615385
-0.10994030769230768
-0.19150892307692308
-0.23239753846153846
-0.2374043076923077
-0.200688
-0.14811692307692306
-0.07635323076923077
0.02044430769230769
0.11849353846153846
0.2138307692307692
0.2655673846153846
0.2722430769230769
0.25117292307692307
0.20924123076923076
0.16480615384615382
0.10201292307692307
0.02899753846153846
-0.033169846153846154
-0.08240307692307691
-0.09846646153846153
-0.08574092307692306
-0.06049846153846154
-0.015437538461538461
0.028371692307692306
0.07823076923076923
0.13768615384615385
0.17732307692307692
0.1992276923076923
0.19651569230769228
0.17586276923076924
0.13935507692307691
0.0880356923076923
0.042348923076923076
-0.009387692307692307
-0.06404492307692307
-0.11432123076923076
-0.157296
-0.18149538461538461
-0.19839323076923077
-0.20632061538461538
-0.2056947692307692
-0.18525046153846153
-0.13622584615384614
-0.07635323076923077
-0.013142769230769229
0.04130584615384615
0.084072
0.12350030769230769
0.15604430769230768
0.17002153846153847
0.16084246153846155
0.12037107692307693
0.06216738461538462
0.01043076923076923
-0.03233538461538461
-0.065088
-0.09429415384615383
-0.10681107692307691
-0.08761846153846153
-0.03775938461538462
0.03650769230769231
0.10848000000000001
0.16042523076923076
0.19568123076923075
0.2138307692307692
0.2157083076923077
0.1992276923076923
0.15604430769230768
0.092208
0.021696
-0.032544
-0.06341907692307691
-0.08386338461538462
-0.09053907692307692
-0.084072
-0.06654830769230768
-0.04214030769230769
-0.021696
-0.007510153846153846
-0.011265230769230769
-0.02858030769230769
-0.047981538461538464
-0.07092923076923077
-0.07677046153846154
-0.07802215384615384
-0.06717415384615384
-0.040054153846153843
-0.003755076923076923
0.055491692307692304
0.1070196923076923
0.14519630769230768
0.15082892307692305
0.12287446153846153
0.08699261538461538
0.03275261538461539
-0.024199384615384616
-0.07510153846153846
-0.11828492307692307
-0.1397723076923077
-0.12287446153846153
-0.07364123076923076
-0.006675692307692307
0.065088
0.12433476923076923
0.17252492307692308
0.20715507692307691
0.21800307692307694
0.19735015384615384
0.15562707692307692
0.100344
0.04422646153846154
0.0050067692307692304
-0.02795446153846154
-0.047772923076923074
-0.04839876923076923
-0.035255999999999996
-0.0004172307692307692
0.03963692307692308
0.073224
0.1028473846153846
0.1178676923076923
0.11828492307692307
0.10472492307692308
0.08386338461538462
0.06362769230769232
0.04172307692307692
0.021070153846153846
0.006675692307692307
0.005215384615384615
0.01981846153846154
0.042348923076923076
0.06946892307692307
0.09679753846153846
0.12224861538461537
0.1435273846153846
0.13872923076923074
0.10994030769230768
0.05674338461538461
-0.016480615384615385
-0.08636676923076922
-0.143736
-0.17523692307692307
-0.18232984615384615
-0.16772676923076923
-0.13476553846153844
-0.08094276923076923
-0.013142769230769229
0.04526953846153846
0.092208
0.1151556923076923
0.12558646153846154
0.12850707692307692
0.1151556923076923
0.08887015384615385
0.04839876923076923
0.002086153846153846
-0.043392
-0.07969107692307692
-0.10889723076923077
-0.12642092307692307
-0.12850707692307692
-0.11599015384615384
-0.08386338461538462
-0.04214030769230769
-0.003755076923076923
0.026285538461538457
0.03963692307692308
0.03609046153846154
0.023782153846153845
0.0012516923076923076
-0.019609846153846155
-0.04547815384615384
-0.07426707692307692
-0.08386338461538462
-0.08094276923076923
-0.06800861538461538
-0.059872615384615385
-0.059038153846153844
-0.06216738461538462
-0.07697907692307693
-0.08949599999999999
-0.09784061538461537
-0.10493353846153847
-0.10493353846153847
-0.08845292307692308
-0.04631261538461538
0.01043076923076923
0.06842584615384616
0.12621230769230768
0.1693956923076923
0.19630707692307692
0.2021483076923077
0.18983999999999998
0.16021661538461537
0.0988836923076923
0.024199384615384616
-0.051319384615384614
-0.11473846153846154
-0.15124615384615384
-0.16334584615384617
-0.14436184615384615
-0.09387692307692307
-0.009804923076923077
0.100344
0.21299630769230768
0.31188
0.3819747692307692
0.4042966153846154
0.3750904615384615
0.2966510769230769
0.17315076923076922
0.021278769230769233
-0.13476553846153844
-0.2670276923076923
-0.3590270769230769
-0.3994984615384615
-0.3907366153846154
-0.327108923076923
-0.2207150769230769
-0.08720123076923077
0.06028984615384615
0.19505538461538463
0.3012406153846154
0.3615304615384615
0.3713353846153846
0.3312812307692308
0.24470584615384613
0.11745046153846153
-0.019192615384615384
-0.14394461538461537
-0.2422024615384615
-0.295608
-0.30562153846153844
-0.2720344615384615
-0.20277415384615383
-0.11223507692307692
-0.015854769230769228
0.08240307692307691
0.15667015384615385
0.200688
0.21487384615384614
0.17023015384615386
0.11745046153846153
0.046104
-0.010639384615384617
-0.04965046153846154
-0.06675692307692307
0.045895384615384616
0.045060923076923075
0.03108369230769231
0.07134646153846153
0.043600615384615383
0.12683815384615382
0.08720123076923077
0.006258461538461538
-0.08782707692307692
-0.21299630769230768
-0.14582215384615385
-0.13643446153846153
-0.09387692307692307
-0.06425353846153846
-0.05194523076923077
0.12245723076923076
0.22029784615384615
0.3490135384615385
0.35923569230769226
0.2236356923076923
0.16251138461538459
0.013768615384615384
-0.06195876923076923
-0.13434830769230768
-0.27182584615384614
-0.26723630769230766
-0.3148006153846154
-0.3012406153846154
-0.16418030769230768
-0.09241661538461539
0.05799507692307692
0.1462393846153846
0.1775316923076923
0.2342750769230769
0.19442953846153843
0.20673784615384616
0.1794092307692308
0.07843938461538462
-0.002086153846153846
-0.1028473846153846
-0.10743692307692307
-0.10618523076923077
-0.15082892307692305
-0.17690584615384616
-0.23448369230769228
-0.19985353846153847
-0.1178676923076923
-0.0853236923076923
-0.03963692307692308
-0.05236246153846154
-0.056951999999999996
-0.010013538461538461
-0.007301538461538462
0.022530461538461537
0.03045784615384615
0.011473846153846154
0.052153846153846155
0.07155507692307693
0.08866153846153846
0.06717415384615384
-0.003755076923076923
-0.05277969230769231
-0.1314276923076923
-0.18483323076923078
-0.21716861538461538
-0.22718215384615387
-0.1800350769230769
-0.16584923076923075
-0.09596307692307693
0.02315630769230769
0.11891076923076922
0.2415766153846154
0.29331323076923077
0.30749907692307693
0.3133403076923077
0.26786215384615386
0.22947692307692308
0.12621230769230768
0.0008344615384615384
-0.07405846153846153
-0.13914646153846155
-0.16105107692307694
-0.16334584615384617
-0.13080184615384613
-0.041514461538461535
0.06300184615384616
0.18525046153846153
0.273912
0.32543999999999995
0.3698750769230769
0.34776184615384614
0.3047870769230769
0.22947692307692308
0.09784061538461537
0.006884307692307692
-0.09700615384615385
-0.17461107692307692
-0.18170399999999998
-0.17899199999999998
-0.11327815384615383
-0.03984553846153846
0.01940123076923077
0.10722830769230769
0.17023015384615386
0.22864246153846152
0.24866953846153847
0.214248
0.16271999999999998
0.07238953846153846
0.0012516923076923076
-0.05027630769230769
-0.08302892307692307
-0.08031692307692308
-0.09950953846153845
-0.0744756923076923
-0.012934153846153845
0.05027630769230769
0.13643446153846153
0.1637630769230769
0.18337292307692307
0.22551323076923077
0.23448369230769228
0.23448369230769228
0.1802436923076923
0.09033046153846153
0.03442153846153846
-0.011056615384615385
-0.030040615384615384
-0.03880246153846154
-0.06133292307692308
-0.06362769230769232
-0.05090215384615384
-0.006675692307692307
0.04985907692307692
0.08636676923076922
0.11327815384615383
0.10347323076923076
0.09512861538461538
0.09784061538461537
0.08344615384615384
0.07927384615384615
0.03379569230769231
-0.03859384615384615
-0.09304246153846155
-0.14311015384615386
-0.15333230769230768
-0.16876984615384616
-0.2125790769230769
-0.23218892307692307
-0.2273907692307692
-0.17252492307692308
-0.08344615384615384
-0.006467076923076923
0.06049846153846154
0.10493353846153847
0.15187199999999998
0.200688
0.20527753846153846
0.16710092307692306
0.078648
-0.018775384615384614
-0.10117846153846152
-0.1794092307692308
-0.22113230769230768
-0.252216
-0.24720923076923076
-0.1923433846153846
-0.11494707692307692
-0.003963692307692307
0.10514215384615383
0.18858830769230767
0.23928184615384615
0.26640184615384616
0.27558092307692306
0.2559710769230769
0.20173107692307693
0.11724184615384614
0.013768615384615384
-0.08490646153846154
-0.15604430769230768
-0.19860184615384616
-0.21028430769230766
-0.21195323076923075
-0.17732307692307692
-0.0936683076923077
0.009596307692307692
0.11703323076923078
0.18399876923076922
0.2238443076923077
0.2507556923076923
0.25117292307692307
0.22593046153846155
0.15208061538461537
0.041514461538461535
-0.07364123076923076
-0.1696043076923077
-0.22989415384615383
-0.25534523076923077
-0.25471938461538457
-0.22676492307692306
-0.16438892307692307
-0.08323753846153846
0.003755076923076923
0.08490646153846154
0.14039815384615384
0.17252492307692308
0.1948467692307692
0.19547261538461536
0.18212123076923076
0.14916
0.09053907692307692
0.023990769230769232
-0.04756430769230769
-0.103056
-0.13622584615384614
-0.1476996923076923
-0.14018953846153845
-0.11035753846153845
-0.05528307692307692
0.013768615384615384
0.09325107692307691
0.16188553846153847
0.2090326153846154
0.2399076923076923
0.25200738461538463
0.23886461538461537
0.20339999999999997
0.14123261538461537
0.06613107692307692
0.009179076923076922
-0.033169846153846154
-0.06842584615384616
-0.09679753846153846
-0.11828492307692307
-0.12704676923076924
-0.11265230769230769
-0.08094276923076923
-0.03838523076923077
0.001043076923076923
0.023364923076923075
0.04547815384615384
0.06759138461538462
0.0853236923076923
0.09387692307692307
0.08302892307692307
0.0717636923076923
0.06300184615384616
0.04965046153846154
0.03108369230769231
-0.0014603076923076922
-0.04318338461538461
-0.08720123076923077
-0.10952307692307692
-0.1136953846153846
-0.10639384615384614
-0.08824430769230769
-0.07009476923076922
-0.040679999999999994
0.0016689230769230767
0.05298830769230769
0.09116492307692307
0.11265230769230769
0.11327815384615383
0.0974233846153846
0.07948246153846153
0.042348923076923076
-0.0006258461538461538
-0.054240000000000003
-0.10138707692307691
-0.119328
-0.1289243076923077
-0.12266584615384615
-0.11557292307692307
-0.10681107692307691
-0.07405846153846153
-0.03358707692307692
0.012934153846153845
0.058829538461538454
0.08073415384615384
0.08490646153846154
0.07927384615384615
0.07468430769230769
0.06446215384615385
0.028788923076923077
-0.015646153846153844
-0.06467076923076923
-0.1045163076923077
-0.1289243076923077
-0.143736
-0.14457046153846154
-0.14749107692307692
-0.12329169230769231
-0.07572738461538461
-0.028371692307692306
0.01981846153846154
0.03483876923076923
0.03024923076923077
0.027745846153846152
0.031918153846153846
0.04088861538461538
0.027328615384615382
-0.005215384615384615
-0.04422646153846154
-0.07948246153846153
-0.09679753846153846
-0.10868861538461538
-0.11911938461538461
-0.12141415384615384
-0.12496061538461539
-0.10722830769230769
-0.07197230769230768
-0.03609046153846154
0.003129230769230769
0.029414769230769227
0.059038153846153844
0.09241661538461539
0.12245723076923076
0.14436184615384615
0.13789476923076924
0.11494707692307692
0.08344615384615384
0.05736923076923077
0.04860738461538461
0.03775938461538462
0.01940123076923077
0.0012516923076923076
0.0008344615384615384
0.031709538461538456
0.07405846153846153
0.10910584615384614
0.13330523076923076
0.14206707692307693
0.15374953846153847
0.16876984615384616
0.16501476923076921
0.13768615384615385
0.09825784615384614
0.065088
0.03275261538461539
0.011473846153846154
-0.0002086153846153846
-0.016480615384615385
-0.03233538461538461
-0.03358707692307692
-0.012308307692307691
0.014811692307692307
0.030875076923076922
0.03755076923076923
0.04318338461538461
0.04985907692307692
0.05590892307692308
0.052571076923076915
0.04902461538461538
0.04172307692307692
0.031918153846153846
0.03045784615384615
0.04631261538461538
0.07614461538461538
0.10159569230769232
0.1218313846153846
0.1287156923076923
0.12913292307692306
0.11995384615384615
0.09450276923076922
0.06133292307692308
0.018775384615384614
-0.01940123076923077
-0.04526953846153846
-0.05298830769230769
-0.048816000000000005
-0.04318338461538461
-0.03212676923076923
-0.007510153846153846
0.03588184615384615
0.07280676923076923
0.09179076923076923
0.0963803076923077
0.09053907692307692
0.07551876923076924
0.044435076923076924
-0.008970461538461538
-0.058412307692307694
-0.10159569230769232
-0.14018953846153845
-0.1449876923076923
-0.13330523076923076
-0.10013538461538461
-0.05194523076923077
0.0029206153846153843
0.06863446153846153
0.12433476923076923
0.16647507692307692
0.18212123076923076
0.16981292307692308
0.13518276923076925
0.08594953846153845
0.04652123076923077
0.007301538461538462
-0.040054153846153843
-0.0798996923076923
-0.11286092307692308
-0.11599015384615384
-0.09721476923076922
-0.08115138461538463
-0.045895384615384616
-0.014603076923076923
0.016480615384615385
0.05820369230769231
0.08073415384615384
0.0826116923076923
0.04944184615384615
0.005841230769230769
-0.02211323076923077
-0.04276615384615385
-0.05277969230769231
-0.06279323076923077
-0.06154153846153846
-0.051319384615384614
-0.04172307692307692
-0.02545107692307692
-0.012934153846153845
-0.005841230769230769
0.0018775384615384615
0.0035464615384615383
0.008761846153846153
0.019609846153846155
0.023364923076923075
0.028788923076923077
0.02753723076923077
0.03233538461538461
0.051319384615384614
0.06633969230769231
0.0771876923076923
0.07781353846153846
0.06821723076923077
0.050067692307692306
0.023990769230769232
-0.008761846153846153
-0.056951999999999996
-0.11745046153846153
-0.17648861538461538
-0.21591692307692306
-0.23177169230769232
-0.24887815384615386
-0.26723630769230766
-0.29748553846153847
-0.3314898461538462
-0.3813489230769231
-0.3786369230769231
-0.2845513846153846
-0.14853415384615384
0.07072061538461538
0.3004061538461538
0.5544996923076924
0.8006658461538461
0.9740252307692308
1.0591403076923076
0.9836215384615384
0.7597772307692308
0.43433723076923075
0.09930092307692308
-0.2073636923076923
-0.45686769230769225
-0.649211076923077
-0.7435052307692308
-0.7044941538461539
-0.5269624615384615
-0.23406646153846156
0.0855323076923077
0.3919883076923077
0.5933021538461538
0.7159679999999999
0.7314055384615383
0.6081138461538461
0.42953907692307686
0.12308307692307692
-0.1908830769230769
-0.4337113846153846
-0.5964313846153846
-0.5793249230769231
-0.4650036923076923
-0.26348123076923075
-0.011473846153846154
0.17690584615384616
0.33295015384615384
0.427452923076923
0.41389292307692305
0.3437981538461538
0.19881046153846152
0.06988615384615385
0.006049846153846154
-0.013142769230769229
0.04109723076923077
0.06863446153846153
0.07197230769230768
0.05111076923076923
-0.002086153846153846
-0.031709538461538456
-0.08740984615384616
-0.15374953846153847
-0.20256553846153844
-0.2586830769230769
-0.26723630769230766
-0.25701415384615384
-0.25951753846153847
-0.23677846153846152
-0.21612553846153845
-0.1543753846153846
-0.04088861538461538
0.09387692307692307
0.24470584615384613
0.3521427692307692
0.37008369230769234
0.29498215384615384
0.14311015384615386
-0.06341907692307691
-0.29227015384615385
-0.4985907692307692
-0.6364855384615384
-0.663396923076923
-0.5461550769230769
-0.31396615384615384
-0.015020307692307692
0.28350830769230767
0.5219556923076923
0.6951064615384615
0.7551876923076922
0.7003218461538462
0.5709803076923077
0.3671630769230769
0.13351384615384615
-0.08240307692307691
-0.25659692307692306
-0.34963938461538463
-0.37258707692307685
-0.34066892307692304
-0.2588916923076923
-0.14185846153846154
0.010639384615384617
0.15604430769230768
0.27453784615384613
0.3454670769230769
0.3510996923076923
0.30749907692307693
0.20506892307692307
0.07280676923076923
-0.065088
-0.20778092307692309
-0.306456
-0.34651015384615386
-0.32898646153846156
-0.23949046153846154
-0.12204
0.006258461538461538
0.12099692307692309
0.1923433846153846
0.21883753846153844
0.17961784615384613
0.09763200000000001
-0.0012516923076923076
-0.0961716923076923
-0.16105107692307694
-0.19046584615384615
-0.18107815384615383
-0.1531236923076923
-0.09199938461538461
0.007927384615384614
0.10096984615384616
0.17148184615384612
0.20027076923076922
0.17669723076923077
0.12141415384615384
0.03045784615384615
-0.08386338461538462
-0.19067446153846154
-0.29915446153846154
-0.3590270769230769
-0.3481790769230769
-0.28663753846153844
-0.16730953846153845
-0.03212676923076923
0.100344
0.21716861538461538
0.30019753846153846
0.3316984615384615
0.2916443076923077
0.18504184615384617
0.030040615384615384
-0.14081538461538462
-0.2799618461538461
-0.36904061538461536
-0.4049224615384615
-0.3896935384615384
-0.33482769230769227
-0.21341353846153846
-0.0448523076923077
0.12642092307692307
0.2830910769230769
0.37926276923076924
0.41013784615384613
0.3903193846153846
0.33545353846153847
0.26118646153846153
0.15145476923076923
0.042974769230769226
-0.04109723076923077
-0.08177723076923075
-0.05820369230769231
-0.0012516923076923076
0.06821723076923077
0.12329169230769231
0.15416676923076922
0.17169046153846151
0.1718990769230769
0.14060676923076923
0.06446215384615385
-0.04193169230769231
-0.13476553846153844
-0.184416
-0.19693292307692306
-0.168144
-0.1151556923076923
-0.046104
0.0609156923076923
0.18879692307692306
0.32836061538461536
0.44810584615384613
0.5002596923076923
0.4883686153846154
0.4220289230769231
0.31500923076923076
0.1794092307692308
0.02044430769230769
-0.14394461538461537
-0.2707827692307692
-0.3402516923076923
-0.34630153846153844
-0.2851772307692308
-0.1908830769230769
-0.0826116923076923
0.026494153846153844
0.12016246153846154
0.19568123076923075
0.23761292307692305
0.21612553846153845
0.1489513846153846
0.07113784615384615
-0.001043076923076923
-0.07072061538461538
-0.13455692307692307
-0.1873366153846154
-0.2275993846153846
-0.24345415384615382
-0.23886461538461537
-0.21800307692307694
-0.1908830769230769
-0.15333230769230768
-0.10660246153846153
-0.05716061538461538
-0.003963692307692307
0.05507446153846154
0.1028473846153846
0.130176
0.14811692307692306
0.1656406153846154
0.18086953846153844
0.16730953846153845
0.13080184615384613
0.07218092307692307
-0.0016689230769230767
-0.07468430769230769
-0.1356
-0.17273353846153844
-0.19359507692307693
-0.18900553846153845
-0.1489513846153846
-0.07489292307692308
0.021696
0.12433476923076923
0.22947692307692308
0.31646953846153847
0.3671630769230769
0.36904061538461536
0.31626092307692305
0.2140393846153846
0.07531015384615385
-0.06842584615384616
-0.2021483076923077
-0.31104553846153843
-0.3832264615384615
-0.4113895384615384
-0.37884553846153846
-0.28392553846153845
-0.13935507692307691
0.03233538461538461
0.200688
0.3383741538461538
0.4395526153846154
0.4889944615384615
0.47001046153846154
0.39115384615384613
0.25847446153846154
0.09471138461538461
-0.05444861538461539
-0.17231630769230769
-0.25284184615384614
-0.2855944615384615
-0.28017046153846153
-0.23218892307692307
-0.14728246153846153
-0.037967999999999995
0.07927384615384615
0.16876984615384616
0.22530461538461538
0.23803015384615384
0.2221753846153846
0.18754523076923074
0.12621230769230768
0.05757784615384615
-0.018358153846153843
-0.08177723076923075
-0.12016246153846154
-0.13309661538461537
-0.11432123076923076
-0.07510153846153846
-0.02795446153846154
0.029623384615384614
0.09241661538461539
0.1316363076923077
0.15792184615384616
0.1637630769230769
0.15646153846153846
0.154584
0.14415323076923076
0.14144123076923076
0.13330523076923076
0.11223507692307692
0.08657538461538461
0.055491692307692304
0.028788923076923077
0.0016689230769230767
-0.019192615384615384
-0.037967999999999995
-0.043392
-0.02795446153846154
-0.009596307692307692
0.010013538461538461
0.021278769230769233
0.02482523076923077
0.031918153846153846
0.03692492307692308
0.028163076923076923
0.011056615384615385
-0.026076923076923077
-0.06738276923076922
-0.10576799999999999
-0.1506203076923077
-0.18629353846153843
-0.22426153846153846
-0.23469230769230767
-0.21111876923076925
-0.16772676923076923
-0.0934596923076923
-0.006675692307692307
0.08156861538461539
0.15896492307692306
0.22280123076923075
0.2699483076923077
0.2776670769230769
0.2497126153846154
0.1883796923076923
0.10076123076923077
0.014185846153846153
-0.07030338461538461
-0.1504116923076923
-0.21716861538461538
-0.25847446153846154
-0.2574313846153846
-0.21487384615384614
-0.1422756923076923
-0.05048492307692308
0.03880246153846154
0.111192
0.16188553846153847
0.18712800000000002
0.1800350769230769
0.13226215384615383
0.061124307692307686
-0.02899753846153846
-0.11411261538461538
-0.1785747692307692
-0.22634769230769228
-0.24074215384615386
-0.22551323076923077
-0.1792006153846154
-0.09909230769230769
0.0008344615384615384
0.09679753846153846
0.1792006153846154
0.238656
0.2707827692307692
0.279336
0.26348123076923075
0.22947692307692308
0.1721076923076923
0.100344
0.025659692307692307
-0.040054153846153843
-0.0897046153846154
-0.1341396923076923
-0.1666836923076923
-0.1712732307692308
-0.14540492307692307
-0.0934596923076923
-0.03233538461538461
0.02023569230769231
0.05924676923076923
0.09116492307692307
0.127464
0.15875630769230767
0.16897846153846155
0.14936861538461538
0.10827138461538462
0.061124307692307686
0.011265230769230769
-0.04088861538461538
-0.10263876923076923
-0.168144
-0.23281476923076924
-0.2845513846153846
-0.30332676923076923
-0.29331323076923077
-0.2572227692307692
-0.19672430769230767
-0.11432123076923076
-0.01668923076923077
0.08156861538461539
0.1656406153846154
0.2154996923076923
0.2207150769230769
0.18170399999999998
0.119328
0.04631261538461538
-0.03692492307692308
-0.11286092307692308
-0.184416
-0.233232
-0.2497126153846154
-0.2357353846153846
-0.18754523076923074
-0.1207883076923077
-0.041514461538461535
0.037967999999999995
0.1205796923076923
0.18983999999999998
0.2194633846153846
0.21487384615384614
0.1777403076923077
0.12767261538461538
0.06988615384615385
0.003755076923076923
-0.06905169230769231
-0.12975876923076923
-0.16063384615384615
-0.17169046153846151
-0.14978584615384616
-0.11035753846153845
-0.059038153846153844
-0.0035464615384615383
0.05403138461538461
0.11578153846153846
0.16856123076923077
0.21174461538461536
0.2292683076923077
0.23364923076923078
0.22405292307692307
0.21237046153846154
0.19150892307692308
0.15270646153846154
0.11640738461538462
0.07927384615384615
0.05090215384615384
0.03379569230769231
0.031709538461538456
0.027745846153846152
0.026702769230769228
0.032544
0.051319384615384614
0.06926030769230769
0.07051199999999999
0.06529661538461538
0.04276615384615385
0.027328615384615382
0.009596307692307692
-0.0014603076923076922
0.0
-0.010848
-0.016272
-0.006049846153846154
0.008136
0.007510153846153846
-0.014811692307692307
-0.04839876923076923
-0.08094276923076923
-0.11494707692307692
-0.13747753846153846
-0.16751815384615384
-0.1783661538461538
-0.15750461538461538
-0.10389046153846154
0.005215384615384615
0.12621230769230768
0.2422024615384615
0.3314898461538462
0.40033292307692303
0.4326683076923077
0.3978295384615384
0.30833353846153844
0.17711446153846155
0.03233538461538461
-0.10493353846153847
-0.26306399999999996
-0.3784283076923077
-0.43809230769230767
-0.47376553846153846
-0.431208
-0.3548547692307692
-0.20673784615384616
-0.005632615384615384
0.200688
0.4015846153846154
0.5031803076923077
0.5482412307692307
0.5300916923076923
0.43475446153846153
0.29331323076923077
0.08156861538461539
-0.11432123076923076
-0.26681907692307694
-0.35318584615384613
-0.3517255384615385
-0.3131316923076923
-0.22426153846153846
-0.09554584615384615
0.06863446153846153
0.24011630769230768
0.347136
0.4049224615384615
0.4239064615384615
0.3961606153846154
0.3540203076923077
0.2724516923076923
0.1597993846153846
0.01981846153846154
-0.14164984615384615
-0.26681907692307694
-0.35860984615384617
-0.40638276923076927
-0.3988726153846154
-0.34066892307692304
-0.23198030769230768
-0.10764553846153846
0.015646153846153844
0.1218313846153846
0.1842073846153846
0.22447015384615385
0.21883753846153844
0.18379015384615385
0.14540492307692307
0.06654830769230768
-0.014811692307692307
-0.10159569230769232
-0.17148184615384612
-0.1977673846153846
-0.21862892307692305
-0.22175815384615383
-0.20652923076923077
-0.17169046153846151
-0.10096984615384616
-0.013768615384615384
0.07969107692307692
0.1635544615384615
0.21967199999999998
0.27140861538461536
0.3039526153846154
0.30583015384615386
0.2670276923076923
0.1785747692307692
0.08574092307692306
-0.003963692307692307
-0.0880356923076923
-0.14331876923076922
-0.1860849230769231
-0.2021483076923077
-0.18650215384615382
-0.15687876923076924
-0.09095630769230768
-0.011891076923076923
0.06571384615384615
0.1502030769230769
0.20944984615384615
0.252216
0.2753723076923077
0.26097784615384617
0.2138307692307692
0.11473846153846154
-0.004172307692307692
-0.10639384615384614
-0.18900553846153845
-0.2426196923076923
-0.27328615384615385
-0.2563883076923077
-0.1829556923076923
-0.0678
0.08031692307692308
0.20798953846153845
0.29602523076923076
0.3510996923076923
0.36570276923076916
0.35256
0.29602523076923076
0.19860184615384616
0.08323753846153846
-0.03880246153846154
-0.138312
-0.2021483076923077
-0.24053353846153847
-0.2478350769230769
-0.21925476923076925
-0.15124615384615384
-0.045060923076923075
0.06738276923076922
0.1704387692307692
0.24595753846153845
0.27599815384615384
0.2705741538461538
0.23761292307692305
0.1829556923076923
0.10389046153846154
0.003963692307692307
-0.09012184615384615
-0.165432
-0.21508246153846153
-0.2275993846153846
-0.20632061538461538
-0.15354092307692307
-0.0961716923076923
-0.040054153846153843
0.014394461538461538
0.04860738461538461
0.06216738461538462
0.054240000000000003
0.0448523076923077
0.03504738461538461
0.026076923076923077
0.014185846153846153
-0.014185846153846153
-0.043392
-0.06592246153846154
-0.07656184615384615
-0.08782707692307692
-0.10639384615384614
-0.12204
-0.1397723076923077
-0.15208061538461537
-0.15416676923076922
-0.14916
-0.12537784615384615
-0.07969107692307692
-0.018358153846153843
0.05048492307692308
0.1097316923076923
0.16021661538461537
0.19568123076923075
0.21967199999999998
0.23260615384615385
0.22467876923076924
0.19672430769230767
0.1462393846153846
0.08052553846153847
0.010222153846153844
-0.05194523076923077
-0.09408553846153846
-0.10952307692307692
-0.09450276923076922
-0.040054153846153843
0.03942830769230769
0.12579507692307693
0.21028430769230766
0.26452430769230767
0.2860116923076923
0.2680707692307692
0.20840676923076923
0.124752
0.02232184615384615
-0.08907876923076924
-0.19672430769230767
-0.27432923076923077
-0.3102110769230769
-0.3031181538461538
-0.25659692307692306
-0.19046584615384615
-0.11828492307692307
-0.03755076923076923
0.04109723076923077
0.09554584615384615
0.12120553846153845
0.1136953846153846
0.07802215384615384
0.02273907692307692
-0.04714707692307692
-0.11056615384615384
-0.16981292307692308
-0.21821169230769227
-0.23052
-0.20798953846153845
-0.15667015384615385
-0.09033046153846153
-0.020027076923076922
0.04109723076923077
0.09095630769230768
0.12329169230769231
0.13038461538461538
0.116616
0.06905169230769231
0.007510153846153846
-0.053614153846153846
-0.10660246153846153
-0.14331876923076922
-0.1639716923076923
-0.15082892307692305
-0.11411261538461538
-0.058829538461538454
0.0014603076923076922
0.050067692307692306
0.08386338461538462
0.08636676923076922
0.07259815384615384
0.054657230769230764
0.021070153846153846
-0.013142769230769229
-0.05444861538461539
-0.09158215384615384
-0.09679753846153846
-0.09304246153846155
-0.06613107692307692
-0.022530461538461537
0.023364923076923075
0.08010830769230769
0.12996738461538462
0.17273353846153844
0.19004861538461537
0.1792006153846154
0.14582215384615385
0.09095630769230768
0.03379569230769231
-0.016897846153846156
-0.05403138461538461
-0.07614461538461538
-0.08156861538461539
-0.06279323076923077
-0.023990769230769232
0.02545107692307692
0.07781353846153846
0.1218313846153846
0.14686523076923075
0.1531236923076923
0.13643446153846153
0.09053907692307692
0.03483876923076923
-0.025033846153846153
-0.07823076923076923
-0.10409907692307692
-0.11327815384615383
-0.09116492307692307
-0.04819015384615385
0.0022947692307692304
0.06717415384615384
0.13518276923076925
0.200688
0.24178523076923078
0.24887815384615386
0.23010276923076922
0.18921415384615384
0.14144123076923076
0.08824430769230769
0.026494153846153844
-0.037342153846153844
-0.10472492307692308
-0.15082892307692305
-0.17252492307692308
-0.17023015384615386
-0.14206707692307693
-0.10222153846153846
-0.04193169230769231
0.03442153846153846
0.11452984615384615
0.17711446153846155
0.2059033846153846
0.1923433846153846
0.146448
0.08636676923076922
0.015228923076923076
-0.054657230769230764
-0.11870215384615385
-0.1666836923076923
-0.1860849230769231
-0.16876984615384616
-0.12412615384615384
-0.06300184615384616
0.013768615384615384
0.08219446153846154
0.13601723076923075
0.17169046153846151
0.18086953846153844
0.1704387692307692
0.13998092307692306
0.10076123076923077
0.06446215384615385
0.03150092307692308
0.0050067692307692304
-0.013768615384615384
-0.03108369230769231
-0.03984553846153846
-0.03838523076923077
-0.029832
-0.02586830769230769
-0.03400430769230769
-0.046104
-0.06070707692307692
-0.06028984615384615
-0.048816000000000005
-0.03713353846153846
-0.013351384615384614
0.017523692307692306
0.05528307692307692
0.0974233846153846
0.12850707692307692
0.14164984615384615
0.12934153846153845
0.10159569230769232
0.06133292307692308
0.013351384615384614
-0.03692492307692308
-0.08845292307692308
-0.1218313846153846
-0.13038461538461538
-0.1028473846153846
-0.053614153846153846
0.011265230769230769
0.08824430769230769
0.1585476923076923
0.22113230769230768
0.2680707692307692
0.2858030769230769
0.2626467692307692
0.20298276923076922
0.1178676923076923
0.027120000000000002
-0.05799507692307692
-0.1316363076923077
-0.18712800000000002
-0.2209236923076923
-0.2225926153846154
-0.18545907692307692
-0.11953661538461538
-0.03859384615384615
0.03755076923076923
0.08907876923076924
0.12162276923076921
0.14102399999999998
0.1397723076923077
0.11619876923076923
0.06821723076923077
0.009179076923076922
-0.03400430769230769
-0.058829538461538454
-0.05820369230769231
-0.03609046153846154
-0.002712
0.04109723076923077
0.08824430769230769
0.12934153846153845
0.14436184615384615
0.124752
0.07092923076923077
0.0014603076923076922
-0.06133292307692308
-0.111192
-0.13455692307692307
-0.13247076923076923
-0.10472492307692308
-0.05277969230769231
0.024199384615384616
0.11432123076923076
0.18712800000000002
0.22822523076923076
0.22801661538461537
0.19672430769230767
0.13226215384615383
0.043600615384615383
-0.04965046153846154
-0.14206707692307693
-0.21132738461538458
-0.24595753846153845
-0.24574892307692306
-0.2154996923076923
-0.16042523076923076
-0.084072
0.006049846153846154
0.09700615384615385
0.17481969230769231
0.22342707692307692
0.235944
0.2207150769230769
0.18212123076923076
0.12245723076923076
0.04401784615384615
-0.038176615384615385
-0.11181784615384616
-0.15792184615384616
-0.17294215384615383
-0.16021661538461537
-0.1207883076923077
-0.06946892307692307
-0.015646153846153844
0.035464615384615386
0.08490646153846154
0.11619876923076923
0.11181784615384616
0.08511507692307693
0.05277969230769231
0.020027076923076922
0.005632615384615384
0.005632615384615384
0.019609846153846155
0.04401784615384615
0.06884307692307692
0.1028473846153846
0.12496061538461539
0.12704676923076924
0.10263876923076923
0.047981538461538464
-0.008970461538461538
-0.050067692307692306
-0.07614461538461538
-0.08010830769230769
-0.06967753846153846
-0.03942830769230769
0.02357353846153846
0.09721476923076922
0.16730953846153845
0.2090326153846154
0.21320492307692307
0.1873366153846154
0.146448
0.100344
0.03838523076923077
-0.04526953846153846
-0.12329169230769231
-0.19317784615384614
-0.2422024615384615
-0.2697396923076923
-0.30436984615384616
-0.3170953846153846
-0.32898646153846156
-0.31000246153846156
-0.2774584615384615
-0.23260615384615385
-0.16021661538461537
-0.07197230769230768
0.05382276923076923
0.22718215384615387
0.4320424615384615
0.5100646153846153
0.5880867692307692
0.6258461538461538
0.6026898461538461
0.5860006153846153
0.38677292307692307
0.16000799999999998
-0.14603076923076924
-0.4326683076923077
-0.6225083076923077
-0.835296
-0.9010098461538462
-0.9149870769230769
-0.7679132307692308
-0.4518609230769231
-0.07259815384615384
0.41013784615384613
0.7777181538461537
1.0681107692307692
1.2368806153846152
1.2005815384615384
1.0608092307692307
0.7172196923076923
0.28017046153846153
-0.18337292307692307
-0.7124215384615384
-1.061435076923077
-1.253569846153846
-1.3067667692307694
-1.1546861538461537
-0.9341796923076923
-0.574944
-0.14519630769230768
0.29080984615384614
0.7324486153846154
1.0142879999999999
1.1484276923076921
1.1313212307692306
0.9827870769230769
0.7558135384615385
0.3988726153846154
-0.01940123076923077
-0.43996984615384616
-0.8040036923076923
-1.004065846153846
-1.0752036923076922
-1.0261790769230767
-0.8586609230769231
-0.6218824615384615
-0.29602523076923076
0.056951999999999996
0.36382523076923073
0.6356510769230769
0.8017089230769231
0.8772276923076923
0.9045563076923075
0.8198584615384615
0.6565126153846153
0.41326707692307696
0.10910584615384614
-0.19818461538461538
-0.48816
-0.7155507692307692
-0.8701347692307693
-0.9197852307692308
-0.880356923076923
-0.7485120000000001
-0.48002399999999995
-0.14603076923076924
0.21821169230769227
0.5713975384615384
0.842388923076923
1.0311858461538461
1.1010719999999998
1.048500923076923
0.8782707692307692
0.5670166153846153
0.20152246153846154
-0.16876984615384616
-0.5186178461538461
-0.7952418461538461
-0.9963470769230769
-1.0789587692307692
-1.011576
-0.8010830769230769
-0.4814843076923077
-0.09763200000000001
0.31626092307692305
0.7044941538461539
0.9963470769230769
1.163448
1.1751304615384615
1.015331076923077
0.7337003076923077
0.3510996923076923
-0.05736923076923077
-0.43308553846153847
-0.7522670769230769
-0.9500344615384616
-1.0366098461538462
-0.9827870769230769
-0.7677046153846154
-0.45624184615384616
-0.08636676923076922
0.29039261538461536
0.6175015384615384
0.8561575384615384
0.9877938461538461
1.0107415384615386
0.9160301538461537
0.7115870769230769
0.42411507692307693
0.0988836923076923
-0.20006215384615383
-0.4472713846153846
-0.628140923076923
-0.7255643076923077
-0.7514326153846154
-0.6750793846153846
-0.5083956923076923
-0.29352184615384613
-0.06300184615384616
0.13914646153846155
0.31041969230769234
0.4508178461538461
0.5357243076923077
0.5421913846153846
0.471888
0.3321156923076923
0.15687876923076924
-0.019609846153846155
-0.18107815384615383
-0.3212676923076923
-0.4349630769230769
-0.5090215384615385
-0.5394793846153846
-0.5061009230769231
-0.42328061538461537
-0.3049956923076923
-0.15541846153846153
-0.009387692307692307
0.14018953846153845
0.28934953846153844
0.4188996923076923
0.513611076923077
0.5373932307692307
0.48982892307692305
0.39344861538461534
0.26640184615384616
0.12496061538461539
-0.02044430769230769
-0.16021661538461537
-0.27620676923076926
-0.3392086153846154
-0.3323243076923077
-0.2709913846153846
-0.1842073846153846
-0.08031692307692308
0.029414769230769227
0.1435273846153846
0.24345415384615382
0.3039526153846154
0.3212676923076923
0.2845513846153846
0.23052
0.16751815384615384
0.09158215384615384
0.029414769230769227
-0.02357353846153846
-0.06049846153846154
-0.08177723076923075
-0.07489292307692308
-0.031709538461538456
0.02211323076923077
0.07802215384615384
0.119328
0.13768615384615385
0.13768615384615385
0.124752
0.1070196923076923
0.07280676923076923
0.027120000000000002
-0.015437538461538461
-0.03984553846153846
-0.03984553846153846
-0.029623384615384614
-0.010222153846153844
0.021487384615384613
0.061124307692307686
0.09554584615384615
0.11160923076923077
0.09825784615384614
0.05716061538461538
0.007301538461538462
-0.051319384615384614
-0.1151556923076923
-0.17252492307692308
-0.21967199999999998
-0.2480436923076923
-0.24741784615384615
-0.21633415384615384
-0.1666836923076923
-0.10681107692307691
-0.04172307692307692
0.01981846153846154
0.07259815384615384
0.0936683076923077
0.08302892307692307
0.05194523076923077
-0.004589538461538461
-0.06279323076923077
-0.12350030769230769
-0.18128676923076922
-0.214248
-0.22175815384615383
-0.19171753846153847
-0.13643446153846153
-0.06070707692307692
0.02232184615384615
0.09992676923076924
0.1704387692307692
0.21842030769230766
0.2509643076923077
0.25367630769230765
0.22113230769230768
0.16710092307692306
0.09471138461538461
0.030875076923076922
-0.017732307692307693
-0.056326153846153845
-0.078648
-0.09387692307692307
-0.09033046153846153
-0.05674338461538461
-0.006675692307692307
0.04631261538461538
0.08490646153846154
0.10681107692307691
0.12683815384615382
0.14957723076923077
0.17398523076923075
0.1883796923076923
0.1718990769230769
0.14331876923076922
0.1097316923076923
0.07113784615384615
0.03504738461538461
-0.009804923076923077
-0.05298830769230769
-0.08866153846153846
-0.10889723076923077
-0.1045163076923077
-0.08720123076923077
-0.05069353846153846
-0.006884307692307692
0.03504738461538461
0.07969107692307692
0.11348676923076922
0.13372246153846154
0.13664307692307692
0.12037107692307693
0.08365476923076923
0.03775938461538462
-0.005424
-0.052153846153846155
-0.09408553846153846
-0.11745046153846153
-0.12308307692307692
-0.10389046153846154
-0.07051199999999999
-0.03379569230769231
0.007510153846153846
0.046104
0.09283384615384616
0.13747753846153846
0.16626646153846153
0.17544553846153846
0.15833907692307692
0.12037107692307693
0.07781353846153846
0.03629907692307692
-0.010639384615384617
-0.06195876923076923
-0.10743692307692307
-0.13601723076923075
-0.1476996923076923
-0.14832553846153845
-0.14811692307692306
-0.14519630769230768
-0.12621230769230768
-0.09679753846153846
-0.05444861538461539
-0.0077187692307692304
0.026494153846153844
0.04839876923076923
0.052153846153846155
0.04944184615384615
0.035464615384615386
-0.0012516923076923076
-0.050067692307692306
-0.11244369230769231
-0.17273353846153844
-0.21049292307692305
-0.23135446153846154
-0.2330233846153846
-0.20673784615384616
-0.1476996923076923
-0.0609156923076923
0.03400430769230769
0.12308307692307692
0.18316430769230768
0.2127876923076923
0.21111876923076925
0.184416
0.14331876923076922
0.09012184615384615
0.035464615384615386
-0.019609846153846155
-0.05173661538461538
-0.04985907692307692
-0.011682461538461537
0.046104
0.1028473846153846
0.16292861538461537
0.2138307692307692
0.25200738461538463
0.26619323076923074
0.241368
0.18545907692307692
0.10994030769230768
0.028163076923076923
-0.03942830769230769
-0.10180430769230768
-0.154584
-0.1760713846153846
-0.1635544615384615
-0.10389046153846154
-0.01710646153846154
0.08156861538461539
0.1635544615384615
0.21487384615384614
0.24512307692307692
0.23886461538461537
0.20715507692307691
0.14123261538461537
0.04714707692307692
-0.051528
-0.13393107692307693
-0.17085599999999998
-0.18232984615384615
-0.18337292307692307
-0.15604430769230768
-0.10618523076923077
-0.03567323076923076
0.04944184615384615
0.11870215384615385
0.17711446153846155
0.21195323076923075
0.21967199999999998
0.2273907692307692
0.21716861538461538
0.1942209230769231
0.143736
0.06967753846153846
0.014394461538461538
-0.03692492307692308
-0.07468430769230769
-0.09554584615384615
-0.11703323076923078
-0.11640738461538462
-0.09930092307692308
-0.07343261538461537
-0.03775938461538462
-0.021070153846153846
-0.017523692307692306
-0.018983999999999997
-0.018358153846153843
0.002712
0.011682461538461537
0.015854769230769228
0.012308307692307691
-0.006049846153846154
-0.024199384615384616
-0.06487938461538462
-0.11014892307692307
-0.15959076923076923
-0.2125790769230769
-0.2561796923076923
-0.2730775384615384
-0.2503384615384615
-0.21508246153846153
-0.16438892307692307
-0.08720123076923077
0.0022947692307692304
0.08448923076923077
0.14394461538461537
0.17169046153846151
0.17169046153846151
0.1422756923076923
0.10096984615384616
0.054240000000000003
-0.005632615384615384
-0.06842584615384616
-0.1356
-0.18483323076923078
-0.1942209230769231
-0.17377661538461536
-0.13226215384615383
-0.07843938461538462
-0.006675692307692307
0.07739630769230768
0.15208061538461537
0.21758584615384616
0.2482523076923077
0.24032492307692307
0.21091015384615383
0.1614683076923077
0.1151556923076923
0.056326153846153845
-0.012099692307692308
-0.05716061538461538
-0.07197230769230768
-0.046104
-0.006467076923076923
0.03921969230769231
0.0892873846153846
0.12600369230769232
0.15416676923076922
0.15959076923076923
0.14018953846153845
0.08991323076923076
0.018358153846153843
-0.04944184615384615
-0.0988836923076923
-0.124752
-0.13226215384615383
-0.11306953846153844
-0.07343261538461537
-0.017940923076923077
0.03963692307692308
0.09283384615384616
0.130176
0.12934153846153845
0.11390399999999999
0.08740984615384616
0.06675692307692307
0.054240000000000003
0.03588184615384615
0.010639384615384617
-0.025033846153846153
-0.04839876923076923
-0.086784
-0.09554584615384615
-0.0826116923076923
-0.0609156923076923
-0.024199384615384616
0.018983999999999997
0.08073415384615384
0.15124615384615384
0.21529107692307692
0.28893230769230765
0.4251581538461538
0.3448412307692308
0.23052
0.15813046153846153
-0.011056615384615385
0.023782153846153845
-0.10117846153846152
-0.2868461538461538
-0.3815575384615385
-0.48711692307692306
-0.33065538461538463
-0.235944
-0.13747753846153846
-0.06529661538461538
-0.031918153846153846
0.20632061538461538
0.3344104615384615
0.4675070769230769
0.4483144615384615
0.2643156923076923
0.22175815384615383
0.08156861538461539
0.02586830769230769
-0.040262769230769234
-0.23969907692307693
-0.24866953846153847
-0.3408775384615384
-0.355272
-0.19359507692307693
-0.1558356923076923
0.028371692307692306
0.13998092307692306
0.15541846153846153
0.28163076923076924
0.29602523076923076
0.37550769230769226
0.41368430769230763
0.3016578461538461
0.21195323076923075
0.073224
0.01981846153846154
-0.014811692307692307
-0.14707384615384617
-0.2482523076923077
-0.37237846153846155
-0.37550769230769226
-0.27453784615384613
-0.23469230769230767
-0.1368516923076923
-0.07426707692307692
0.017940923076923077
0.20861538461538462
0.29915446153846154
0.384060923076923
0.4118067692307692
0.3473446153846154
0.33941723076923075
0.25138153846153843
0.1151556923076923
-0.022530461538461537
-0.20819815384615384
-0.3333673846153846
-0.42348923076923073
-0.46542092307692307
-0.4314166153846154
-0.3246055384615385
-0.15270646153846154
-0.011891076923076923
0.16042523076923076
0.32314523076923074
0.41910830769230767
0.5100646153846153
0.46145723076923073
0.3327415384615385
0.19985353846153847
0.003129230769230769
-0.14185846153846154
-0.2943563076923077
-0.43392000000000003
-0.46959323076923076
-0.4687587692307692
-0.37655076923076924
-0.2563883076923077
-0.13059323076923077
0.05173661538461538
0.20798953846153845
0.32898646153846156
0.36674584615384614
0.3419206153846154
0.3291950769230769
0.24992123076923078
0.13455692307692307
-0.01397723076923077
-0.18900553846153845
-0.252216
-0.2916443076923077
-0.29602523076923076
-0.2157083076923077
-0.1656406153846154
-0.05048492307692308
0.07510153846153846
0.1462393846153846
0.24866953846153847
0.2937304615384615
0.3016578461538461
0.28434276923076923
0.2221753846153846
0.15145476923076923
0.06633969230769231
0.013768615384615384
-0.022530461538461537
-0.04380923076923077
-0.0448523076923077
-0.0717636923076923
-0.05382276923076923
-0.017523692307692306
-0.001043076923076923
0.0448523076923077
0.04631261538461538
0.053405538461538456
0.10117846153846152
0.11953661538461538
0.14832553846153845
0.14832553846153845
0.11828492307692307
0.132888
0.14811692307692306
0.14582215384615385
0.11306953846153844
0.03588184615384615
-0.028163076923076923
-0.07572738461538461
-0.09763200000000001
-0.10597661538461538
-0.11202646153846153
-0.0961716923076923
-0.09116492307692307
-0.05611753846153846
0.003755076923076923
0.0448523076923077
0.1045163076923077
0.12099692307692309
0.09575446153846154
0.07948246153846153
0.028788923076923077
-0.002086153846153846
-0.03901107692307692
-0.13372246153846154
-0.19213476923076922
-0.21529107692307692
-0.20047938461538461
-0.14540492307692307
-0.10806276923076923
-0.07218092307692307
-0.03984553846153846
0.010848
0.08907876923076924
0.13726892307692307
0.14978584615384616
0.11390399999999999
0.06842584615384616
0.04902461538461538
0.012099692307692308
-0.02044430769230769
-0.06049846153846154
-0.10430769230769231
-0.10493353846153847
-0.10326461538461539
-0.07197230769230768
-0.018358153846153843
0.004798153846153846
0.029414769230769227
0.043392
0.06842584615384616
0.10347323076923076
0.09700615384615385
0.058412307692307694
-0.003755076923076923
-0.06550523076923077
-0.10555938461538462
-0.12537784615384615
-0.12537784615384615
-0.13893784615384613
-0.14540492307692307
-0.11953661538461538
-0.07197230769230768
-0.004172307692307692
0.018983999999999997
0.02211323076923077
0.03921969230769231
0.031918153846153846
0.032544
0.01668923076923077
-0.02232184615384615
-0.03296123076923077
-0.03504738461538461
-0.011265230769230769
0.025659692307692307
0.04631261538461538
0.06738276923076922
0.07635323076923077
0.09053907692307692
0.10535076923076922
0.11098338461538461
0.09992676923076924
0.06258461538461538
0.019609846153846155
-0.02586830769230769
-0.06195876923076923
-0.06967753846153846
-0.07760492307692309
-0.07197230769230768
-0.045895384615384616
-0.02086153846153846
0.021070153846153846
0.04902461538461538
0.07739630769230768
0.0974233846153846
0.08448923076923077
0.06613107692307692
0.029623384615384614
-0.015228923076923076
-0.06738276923076922
-0.11432123076923076
-0.13267938461538462
-0.1395636923076923
-0.13330523076923076
-0.10994030769230768
-0.07092923076923077
-0.009387692307692307
0.05194523076923077
0.08323753846153846
0.10180430769230768
0.10368184615384615
0.09304246153846155
0.08302892307692307
0.05590892307692308
0.03233538461538461
-0.007301538461538462
-0.04652123076923077
-0.059872615384615385
-0.05027630769230769
-0.010013538461538461
0.026285538461538457
0.05653476923076922
0.08344615384615384
0.10243015384615384
0.11578153846153846
0.10138707692307691
0.06905169230769231
0.027328615384615382
-0.02899753846153846
-0.07072061538461538
-0.09679753846153846
-0.11056615384615384
-0.100344
-0.08240307692307691
-0.04401784615384615
0.014811692307692307
0.06759138461538462
0.11640738461538462
0.13852061538461538
0.14102399999999998
0.132888
0.10389046153846154
0.08240307692307691
0.04401784615384615
-0.004798153846153846
-0.03504738461538461
-0.04839876923076923
-0.028163076923076923
0.006258461538461538
0.042557538461538466
0.07802215384615384
0.10827138461538462
0.12788123076923075
0.13893784615384613
0.12683815384615382
0.07781353846153846
0.016897846153846156
-0.04214030769230769
-0.08094276923076923
-0.10868861538461538
-0.12704676923076924
-0.13267938461538462
-0.12642092307692307
-0.09283384615384616
-0.04318338461538461
0.016897846153846156
0.058412307692307694
0.07134646153846153
0.07885661538461539
0.07697907692307693
0.07760492307692309
0.07072061538461538
0.03629907692307692
0.0012516923076923076
-0.03045784615384615
-0.042348923076923076
-0.026285538461538457
-0.021696
-0.02023569230769231
-0.017940923076923077
-0.011265230769230769
0.018983999999999997
0.04109723076923077
0.04756430769230769
0.040679999999999994
0.02211323076923077
0.012099692307692308
0.007301538461538462
-0.0033378461538461535
-0.03024923076923077
-0.06425353846153846
-0.08949599999999999
-0.09784061538461537
-0.09325107692307691
-0.07927384615384615
-0.06633969230769231
-0.04819015384615385
-0.02545107692307692
0.005424
0.040679999999999994
0.050067692307692306
0.03713353846153846
0.002712
-0.03275261538461539
-0.051319384615384614
-0.06154153846153846
-0.073224
-0.07802215384615384
-0.07280676923076923
-0.03337846153846154
0.03984553846153846
0.10952307692307692
0.1718990769230769
0.2154996923076923
0.25242461538461536
0.2751636923076923
0.2724516923076923
0.23469230769230767
0.15792184615384616
0.07113784615384615
-0.009804923076923077
-0.06279323076923077
-0.0892873846153846
-0.09992676923076924
-0.092208
-0.06383630769230769
-0.008136
0.07259815384615384
0.143736
0.1802436923076923
0.19380369230769232
0.18504184615384617
0.16626646153846153
0.15291507692307693
0.12996738461538462
0.08949599999999999
0.03504738461538461
-0.03379569230769231
-0.09304246153846155
-0.12913292307692306
-0.15771323076923077
-0.17982646153846152
-0.18775384615384613
-0.17002153846153847
-0.11348676923076922
-0.03880246153846154
0.02795446153846154
0.086784
0.13434830769230768
0.1733593846153846
0.22426153846153846
0.2561796923076923
0.25555384615384613
0.2261390769230769
0.1693956923076923
0.12412615384615384
0.06926030769230769
0.006049846153846154
-0.05194523076923077
-0.10722830769230769
-0.130176
-0.12391753846153845
-0.09763200000000001
-0.0609156923076923
-0.02524246153846154
0.021278769230769233
0.08386338461538462
0.15520984615384617
0.22113230769230768
0.2601433846153846
0.2632726153846154
0.23156307692307693
0.17085599999999998
0.09387692307692307
0.0012516923076923076
-0.103056
-0.19672430769230767
-0.25346769230769234
-0.260352
-0.21967199999999998
-0.14477907692307693
-0.05945538461538461
0.03421292307692308
0.13247076923076923
0.2275993846153846
0.2985286153846154
0.3235624615384615
0.3012406153846154
0.24011630769230768
0.16856123076923077
0.10117846153846152
0.03379569230769231
-0.040679999999999994
-0.10138707692307691
-0.13267938461538462
-0.12955015384615384
-0.0961716923076923
-0.05528307692307692
-0.01668923076923077
0.01668923076923077
0.050067692307692306
0.078648
0.09512861538461538
0.09554584615384615
0.06571384615384615
0.01814953846153846
-0.014185846153846153
-0.027120000000000002
-0.030875076923076922
-0.03337846153846154
-0.032544
-0.01710646153846154
0.0022947692307692304
0.02899753846153846
0.05653476923076922
0.06717415384615384
0.051319384615384614
0.004798153846153846
-0.03692492307692308
-0.07635323076923077
-0.12621230769230768
-0.18232984615384615
-0.24449723076923074
-0.2822566153846154
-0.3054129230769231
-0.31626092307692305
-0.2705741538461538
-0.17481969230769231
-0.052153846153846155
0.12767261538461538
0.29456492307692306
0.43704923076923075
0.5436516923076923
0.5455292307692308
0.4879513846153846
0.3252313846153846
0.12162276923076921
-0.0934596923076923
-0.3012406153846154
-0.47084492307692305
-0.5995606153846154
-0.6181273846153846
-0.5828713846153846
-0.43579753846153846
-0.21758584615384616
0.013560000000000001
0.254928
0.4483144615384615
0.5987261538461538
0.6469163076923078
0.5851661538461538
0.4180652307692308
0.2073636923076923
-0.018983999999999997
-0.24324553846153843
-0.40095876923076923
-0.5161144615384615
-0.5117335384615385
-0.4030449230769231
-0.23636123076923077
-0.023990769230769232
0.14394461538461537
0.2782929230769231
0.3682061538461538
0.37363015384615383
0.32877784615384614
0.24178523076923078
0.12642092307692307
0.04214030769230769
-0.01272553846153846
-0.04047138461538462
-0.07009476923076922
-0.10868861538461538
-0.13309661538461537
-0.16480615384615382
-0.18066092307692305
-0.20319138461538463
-0.2125790769230769
-0.1908830769230769
-0.18232984615384615
-0.15354092307692307
-0.1316363076923077
-0.10931446153846153
-0.03984553846153846
0.018983999999999997
0.09033046153846153
0.18316430769230768
0.265776
0.3502652307692307
0.38927630769230764
0.3521427692307692
0.24574892307692306
0.09137353846153846
-0.08490646153846154
-0.25951753846153847
-0.3994984615384615
-0.48711692307692306
-0.49400123076923075
-0.39657784615384617
-0.23156307692307693
-0.02357353846153846
0.18504184615384617
0.34504984615384615
0.46625538461538457
0.5031803076923077
0.4466455384615384
0.33253292307692306
0.16209415384615386
-0.02232184615384615
-0.19380369230769232
-0.3475532307692307
-0.44414215384615385
-0.477312
-0.4489403076923077
-0.36549415384615386
-0.24449723076923074
-0.0880356923076923
0.06905169230769231
0.2207150769230769
0.3216849230769231
0.3508910769230769
0.33899999999999997
0.25242461538461536
0.13351384615384615
-0.002086153846153846
-0.15604430769230768
-0.2497126153846154
-0.2926873846153846
-0.28955815384615385
-0.2238443076923077
-0.1341396923076923
-0.021278769230769233
0.09179076923076923
0.17002153846153847
0.20193969230769232
0.17586276923076924
0.10493353846153847
0.0077187692307692304
-0.0897046153846154
-0.17523692307692307
-0.23156307692307693
-0.24345415384615382
-0.21591692307692306
-0.143736
-0.03400430769230769
0.07384984615384615
0.16292861538461537
0.22405292307692307
0.24074215384615386
0.222384
0.1614683076923077
0.061124307692307686
-0.04401784615384615
-0.15416676923076922
-0.2355267692307692
-0.2509643076923077
-0.22634769230769228
-0.1502030769230769
-0.03838523076923077
0.0826116923076923
0.21132738461538458
0.31918153846153846
0.39052800000000004
0.40575692307692307
0.3573581538461538
0.2561796923076923
0.10806276923076923
-0.04735569230769231
-0.19714153846153845
-0.33587076923076925
-0.42953907692307686
-0.48357046153846156
-0.46312615384615385
-0.37363015384615383
-0.25534523076923077
-0.09784061538461537
0.05528307692307692
0.18545907692307692
0.29873723076923075
0.3577753846153846
0.3652855384615385
0.3212676923076923
0.23177169230769232
0.1476996923076923
0.06467076923076923
-0.012516923076923077
-0.06446215384615385
-0.09471138461538461
-0.0826116923076923
-0.04839876923076923
0.0012516923076923076
0.058412307692307694
0.1028473846153846
0.1506203076923077
0.17961784615384613
0.19317784615384614
0.20861538461538462
0.20173107692307693
0.18942276923076923
0.17252492307692308
0.15291507692307693
0.16856123076923077
0.19839323076923077
0.22843384615384613
0.25555384615384613
0.25284184615384614
0.23010276923076922
0.18379015384615385
0.10430769230769231
-0.0012516923076923076
-0.12433476923076923
-0.23510953846153848
-0.30374399999999996
-0.31667815384615383
-0.2828824615384615
-0.20944984615384615
-0.10493353846153847
0.010848
0.13601723076923075
0.2415766153846154
0.30019753846153846
0.30937661538461536
0.26348123076923075
0.1792006153846154
0.07468430769230769
-0.051528
-0.1785747692307692
-0.2814221538461538
-0.3440067692307692
-0.3475532307692307
-0.29080984615384614
-0.19046584615384615
-0.06550523076923077
0.06759138461538462
0.19338646153846153
0.30019753846153846
0.3682061538461538
0.3750904615384615
0.3195987692307692
0.2154996923076923
0.0855323076923077
-0.04088861538461538
-0.15395815384615386
-0.24011630769230768
-0.27975323076923075
-0.2695310769230769
-0.2056947692307692
-0.10994030769230768
-0.010222153846153844
0.07510153846153846
0.12725538461538463
0.14790830769230767
0.14144123076923076
0.10722830769230769
0.04380923076923077
-0.027120000000000002
-0.07823076923076923
-0.10201292307692307
-0.07489292307692308
-0.010848
0.06717415384615384
0.15395815384615386
0.21904615384615383
0.25513661538461535
0.26076923076923075
0.22154953846153846
0.1353913846153846
0.013560000000000001
-0.11974523076923077
-0.24449723076923074
-0.33378461538461535
-0.37300430769230764
-0.36632861538461536
-0.30332676923076923
-0.18337292307692307
-0.02232184615384615
0.1612596923076923
0.3235624615384615
0.43433723076923075
0.49024615384615383
0.47418276923076924
0.40450523076923073
0.2845513846153846
0.12329169230769231
-0.047981538461538464
-0.2138307692307692
-0.33983446153846153
-0.40283630769230766
-0.39282276923076925
-0.3312812307692308
-0.22780799999999998
-0.08386338461538462
0.084072
0.2526332307692308
0.3813489230769231
0.46542092307692307
0.4917064615384615
0.4472713846153846
0.3623649230769231
0.24720923076923076
0.11098338461538461
-0.03275261538461539
-0.1704387692307692
-0.2701569230769231
-0.3160523076923077
-0.3202246153846154
-0.29915446153846154
-0.25471938461538457
-0.19359507692307693
-0.11557292307692307
-0.041514461538461535
0.020027076923076922
0.06696553846153847
0.084072
0.09658892307692307
0.09909230769230769
0.09325107692307691
0.07885661538461539
0.0448523076923077
0.005841230769230769
-0.03901107692307692
-0.07426707692307692
-0.10430769230769231
-0.14311015384615386
-0.1779489230769231
-0.20110523076923076
-0.20506892307692307
-0.17711446153846155
-0.1178676923076923
-0.037967999999999995
0.053405538461538456
0.1424843076923077
0.23531815384615382
0.3137575384615385
0.3550633846153846
0.3479704615384615
0.2899753846153846
0.2125790769230769
0.11202646153846153
0.0
-0.11181784615384616
-0.21174461538461536
-0.2776670769230769
-0.3079163076923077
-0.2872633846153846
-0.21737723076923077
-0.11953661538461538
-0.01397723076923077
0.09053907692307692
0.1942209230769231
0.26619323076923074
0.2951907692307692
0.27599815384615384
0.21007569230769232
0.1289243076923077
0.031709538461538456
-0.05924676923076923
-0.13747753846153846
-0.20423446153846153
-0.2415766153846154
-0.24199384615384617
-0.19150892307692308
-0.1151556923076923
-0.025659692307692307
0.062376
0.1341396923076923
0.19818461538461538
0.24074215384615386
0.2532590769230769
0.22801661538461537
0.1706473846153846
0.10347323076923076
0.04422646153846154
-0.004589538461538461
-0.029623384615384614
-0.03504738461538461
-0.028163076923076923
-0.0035464615384615383
0.026494153846153844
0.05528307692307692
0.06592246153846154
0.05611753846153846
0.03108369230769231
-0.006049846153846154
-0.03859384615384615
-0.07197230769230768
-0.10910584615384614
-0.14144123076923076
-0.16000799999999998
-0.1504116923076923
-0.10389046153846154
-0.03942830769230769
0.017523692307692306
0.061124307692307686
0.09241661538461539
0.10389046153846154
0.08866153846153846
0.05236246153846154
-0.014394461538461538
-0.09909230769230769
-0.17628
-0.24053353846153847
-0.28017046153846153
-0.3068732307692308
-0.3087507692307692
-0.26911384615384615
-0.20006215384615383
-0.103056
-0.0006258461538461538
0.09429415384615383
0.17273353846153844
0.22676492307692306
0.24637476923076923
0.22426153846153846
0.17231630769230769
0.08699261538461538
-0.02357353846153846
-0.1218313846153846
-0.18858830769230767
-0.2154996923076923
-0.19630707692307692
-0.14457046153846154
-0.06946892307692307
0.011056615384615385
0.09408553846153846
0.1666836923076923
0.2059033846153846
0.21800307692307694
0.2008966153846154
0.16876984615384616
0.13998092307692306
0.11202646153846153
0.07280676923076923
0.03421292307692308
0.006467076923076923
-0.0035464615384615383
0.003755076923076923
0.0029206153846153843
-0.006258461538461538
-0.02586830769230769
-0.04819015384615385
-0.05924676923076923
-0.07092923076923077
-0.08615815384615384
-0.09679753846153846
-0.09825784615384614
-0.07405846153846153
-0.03442153846153846
0.007301538461538462
0.04568676923076923
0.06592246153846154
0.08636676923076922
0.10535076923076922
0.11640738461538462
0.11202646153846153
0.08010830769230769
0.03108369230769231
-0.022530461538461537
-0.06842584615384616
-0.10910584615384614
-0.13497415384615385
-0.13810338461538463
-0.11536430769230768
-0.059872615384615385
0.02023569230769231
0.11494707692307692
0.19860184615384616
0.24658338461538462
0.2563883076923077
0.23656984615384613
0.17961784615384613
0.10368184615384615
0.015020307692307692
-0.08177723076923075
-0.14394461538461537
-0.1777403076923077
-0.17085599999999998
-0.1435273846153846
-0.11619876923076923
-0.07927384615384615
-0.032544
0.017523692307692306
0.04693846153846153
0.05298830769230769
0.011473846153846154
-0.03337846153846154
-0.06800861538461538
-0.08490646153846154
-0.09304246153846155
-0.116616
-0.13267938461538462
-0.10618523076923077
-0.04214030769230769
0.09053907692307692
0.31083692307692307
0.28663753846153844
0.22321846153846153
0.19839323076923077
0.07656184615384615
0.14728246153846153
-0.006049846153846154
-0.25012984615384615
-0.41910830769230767
-0.5697286153846154
-0.37967999999999996
-0.23406646153846156
-0.05820369230769231
0.06821723076923077
0.157296
0.4823187692307692
0.6592246153846153
0.8221532307692307
0.7364123076923076
0.42953907692307686
0.25972615384615383
-0.02044430769230769
-0.14477907692307693
-0.2851772307692308
-0.5269624615384615
-0.5211212307692308
-0.5812024615384616
-0.46396061538461536
-0.16251138461538459
0.006675692307692307
0.31688676923076925
0.4683415384615384
0.5108990769230769
0.6262633846153846
0.5728578461538462
0.565764923076923
0.4414301538461538
0.15917353846153848
-0.07072061538461538
-0.3095852307692307
-0.3615304615384615
-0.36632861538461536
-0.42348923076923073
-0.39741230769230773
-0.38301784615384615
-0.20319138461538463
0.030875076923076922
0.12433476923076923
0.21320492307692307
0.19338646153846153
0.1992276923076923
0.2830910769230769
0.23928184615384615
0.20319138461538463
0.12391753846153845
0.010639384615384617
0.02858030769230769
0.010848
-0.009596307692307692
-0.04401784615384615
-0.14290153846153844
-0.17690584615384616
-0.20861538461538462
-0.20152246153846154
-0.1721076923076923
-0.11536430769230768
-0.00855323076923077
0.047981538461538464
0.1696043076923077
0.2970683076923077
0.38030584615384616
0.4704276923076923
0.43016492307692306
0.35047384615384614
0.2647329230769231
0.11348676923076922
-0.017940923076923077
-0.20527753846153846
-0.3811403076923077
-0.4681329230769231
-0.5250849230769231
-0.4914978461538461
-0.4291218461538462
-0.32961230769230765
-0.13267938461538462
0.08323753846153846
0.27599815384615384
0.3949089230769231
0.45040061538461534
0.48753415384615384
0.4385095384615385
0.31667815384615383
0.1178676923076923
-0.14561353846153846
-0.3304467692307692
-0.484404923076923
-0.5588806153846154
-0.5042233846153846
-0.4320424615384615
-0.2526332307692308
-0.026494153846153844
0.18337292307692307
0.4297476923076923
0.5991433846153846
0.6853015384615384
0.6840498461538461
0.5697286153846154
0.40700861538461536
0.19735015384615384
0.0012516923076923076
-0.16251138461538459
-0.30207507692307695
-0.37592492307692305
-0.4109723076923077
-0.3454670769230769
-0.21696000000000001
-0.08115138461538463
0.09575446153846154
0.2157083076923077
0.31751261538461534
0.41660492307692304
0.4228633846153846
0.3707095384615384
0.241368
0.07259815384615384
-0.04568676923076923
-0.14436184615384615
-0.22447015384615385
-0.2868461538461538
-0.330864
-0.30186646153846153
-0.23010276923076922
-0.12662953846153846
-0.012099692307692308
0.06341907692307691
0.12308307692307692
0.13476553846153844
0.1287156923076923
0.12642092307692307
0.08636676923076922
0.07072061538461538
0.03066646153846154
-0.02899753846153846
-0.04902461538461538
-0.07593599999999999
-0.05507446153846154
-0.035464615384615386
-0.06821723076923077
-0.08428061538461538
-0.09325107692307691
-0.07280676923076923
-0.03150092307692308
-0.013768615384615384
-0.006049846153846154
-0.0006258461538461538
0.02899753846153846
0.07948246153846153
0.1151556923076923
0.1435273846153846
0.14164984615384615
0.12621230769230768
0.12016246153846154
0.08657538461538461
0.05528307692307692
0.008136
-0.05111076923076923
-0.09095630769230768
-0.1435273846153846
-0.16271999999999998
-0.1476996923076923
-0.11578153846153846
-0.07218092307692307
-0.035255999999999996
0.029414769230769227
0.10827138461538462
0.17148184615384612
0.19192615384615386
0.14978584615384616
0.07280676923076923
-0.01814953846153846
-0.0974233846153846
-0.15291507692307693
-0.21216184615384615
-0.2628553846153846
-0.27286892307692306
-0.23761292307692305
-0.1531236923076923
-0.07343261538461537
-0.011891076923076923
0.05507446153846154
0.09325107692307691
0.12975876923076923
0.14060676923076923
0.1136953846153846
0.08240307692307691
0.02586830769230769
-0.020652923076923076
-0.05382276923076923
-0.07468430769230769
-0.07343261538461537
-0.07739630769230768
-0.07092923076923077
-0.04631261538461538
0.0006258461538461538
0.07051199999999999
0.130176
0.1718990769230769
0.19004861538461537
0.17481969230769231
0.15896492307692306
0.13893784615384613
0.10368184615384615
0.05757784615384615
-0.01710646153846154
-0.08010830769230769
-0.10409907692307692
-0.10201292307692307
-0.09387692307692307
-0.10660246153846153
-0.10889723076923077
-0.09721476923076922
-0.07593599999999999
-0.03880246153846154
-0.01668923076923077
-0.017940923076923077
-0.03880246153846154
-0.04819015384615385
-0.030040615384615384
0.0029206153846153843
0.035464615384615386
0.04819015384615385
0.047981538461538464
0.05528307692307692
0.06717415384615384
0.07405846153846153
0.07697907692307693
0.05716061538461538
0.028163076923076923
0.0016689230769230767
-0.011891076923076923
-0.006675692307692307
0.002712
0.019609846153846155
0.032544
0.06195876923076923
0.11703323076923078
0.15792184615384616
0.17565415384615385
0.16793538461538463
0.15166338461538462
0.14331876923076922
0.13247076923076923
0.11411261538461538
0.065088
0.004798153846153846
-0.03775938461538462
-0.0717636923076923
-0.09053907692307692
-0.10493353846153847
-0.12454338461538461
-0.12579507692307693
-0.10368184615384615
-0.06571384615384615
-0.021904615384615383
0.01272553846153846
0.03567323076923076
0.04526953846153846
0.04547815384615384
0.04130584615384615
0.021278769230769233
-0.015854769230769228
-0.06028984615384615
-0.09491999999999999
-0.09658892307692307
-0.07280676923076923
-0.04380923076923077
-0.012099692307692308
0.011473846153846154
0.026702769230769228
0.04985907692307692
0.05799507692307692
0.05173661538461538
0.029623384615384614
-0.012516923076923077
-0.03233538461538461
-0.0448523076923077
-0.05069353846153846
-0.03775938461538462
-0.023782153846153845
-0.006049846153846154
0.018775384615384614
0.05382276923076923
0.07927384615384615
0.0853236923076923
0.065088
0.029414769230769227
-0.0012516923076923076
-0.03337846153846154
-0.06383630769230769
-0.09408553846153846
-0.12412615384615384
-0.13372246153846154
-0.11536430769230768
-0.07697907692307693
-0.022947692307692308
0.027120000000000002
0.06633969230769231
0.11140061538461538
0.15500123076923078
0.19150892307692308
0.21320492307692307
0.20152246153846154
0.15687876923076924
0.09992676923076924
0.04422646153846154
-0.013142769230769229
-0.065088
-0.10368184615384615
-0.1178676923076923
-0.10535076923076922
-0.06633969230769231
-0.003129230769230769
0.06738276923076922
0.12808984615384614
0.17294215384615383
0.1948467692307692
0.1867107692307692
0.16292861538461537
0.124752
0.078648
0.032544
-0.009596307692307692
-0.03024923076923077
-0.030875076923076922
-0.01710646153846154
0.011265230769230769
0.05653476923076922
0.10848000000000001
0.15813046153846153
0.19046584615384615
0.19067446153846154
0.17085599999999998
0.13747753846153846
0.09429415384615383
0.04547815384615384
-0.006049846153846154
-0.05382276923076923
-0.08574092307692306
-0.10389046153846154
-0.11411261538461538
-0.11181784615384616
-0.10555938461538462
-0.08323753846153846
-0.04902461538461538
-0.023990769230769232
-0.0014603076923076922
0.0029206153846153843
-0.015020307692307692
-0.04380923076923077
-0.08490646153846154
-0.12412615384615384
-0.16209415384615386
-0.19046584615384615
-0.19505538461538463
-0.1802436923076923
-0.14164984615384615
-0.08365476923076923
-0.012934153846153845
0.058412307692307694
0.119328
0.16188553846153847
0.17085599999999998
0.14999446153846155
0.10660246153846153
0.05653476923076922
0.011056615384615385
-0.02044430769230769
-0.027120000000000002
-0.01710646153846154
0.0012516923076923076
0.026285538461538457
0.06675692307692307
0.11348676923076922
0.14978584615384616
0.16626646153846153
0.157296
0.12996738461538462
0.08949599999999999
0.04380923076923077
0.0006258461538461538
-0.03859384615384615
-0.06529661538461538
-0.06988615384615385
-0.04985907692307692
-0.021070153846153846
0.0012516923076923076
0.018358153846153843
0.03212676923076923
0.03838523076923077
0.03692492307692308
0.02858030769230769
0.0022947692307692304
-0.02858030769230769
-0.053405538461538456
-0.07072061538461538
-0.07218092307692307
-0.05924676923076923
-0.02545107692307692
0.027120000000000002
0.08490646153846154
0.13893784615384613
0.1858763076923077
0.21675138461538462
0.22676492307692306
0.21049292307692305
0.17085599999999998
0.11953661538461538
0.06404492307692307
0.0029206153846153843
-0.04985907692307692
-0.0855323076923077
-0.09846646153846153
-0.07614461538461538
-0.0446436923076923
-0.008970461538461538
0.028371692307692306
0.05757784615384615
0.08511507692307693
0.09387692307692307
0.07885661538461539
0.045895384615384616
0.006258461538461538
-0.02482523076923077
-0.047981538461538464
-0.06592246153846154
-0.0771876923076923
-0.08490646153846154
-0.07572738461538461
-0.05298830769230769
-0.03609046153846154
-0.021696
-0.02086153846153846
-0.026494153846153844
-0.037967999999999995
-0.0446436923076923
-0.04839876923076923
-0.05090215384615384
-0.05674338461538461
-0.06279323076923077
-0.05820369230769231
-0.05027630769230769
-0.041514461538461535
-0.050067692307692306
-0.038176615384615385
-0.021904615384615383
0.03129230769230769
0.11870215384615385
0.27558092307692306
0.3784283076923077
0.34651015384615386
0.3811403076923077
0.3467187692307692
0.3319070769230769
0.279336
0.07468430769230769
-0.10785415384615385
-0.33295015384615384
-0.4282873846153846
-0.46959323076923076
-0.5159058461538462
-0.46542092307692307
-0.40283630769230766
-0.18942276923076923
0.07134646153846153
0.34171199999999996
0.5832886153846154
0.6425353846153846
0.6738276923076922
0.6095741538461538
0.4466455384615384
0.25764
-0.054240000000000003
-0.32210215384615387
-0.5638873846153847
-0.7683304615384615
-0.7437138461538461
-0.6475421538461539
-0.46145723076923073
-0.214248
-0.025033846153846153
0.19296923076923078
0.3513083076923077
0.47355692307692304
0.5555427692307692
0.5029716923076922
0.3988726153846154
0.2626467692307692
0.13038461538461538
0.003755076923076923
-0.1777403076923077
-0.3485963076923077
-0.4923323076923077
-0.557628923076923
-0.5150713846153846
-0.45561599999999997
-0.3454670769230769
-0.19046584615384615
-0.02524246153846154
0.1785747692307692
0.33566215384615383
0.43350276923076925
0.499008
0.4789809230769231
0.4485230769230769
0.4007501538461538
0.30061476923076924
0.18212123076923076
0.027745846153846152
-0.12391753846153845
-0.2751636923076923
-0.40992923076923077
-0.4971304615384615
-0.5269624615384615
-0.47689476923076923
-0.39636923076923075
-0.2526332307692308
-0.023990769230769232
0.19463815384615382
0.4118067692307692
0.5709803076923077
0.625428923076923
0.6097827692307692
0.48461353846153843
0.3087507692307692
0.09325107692307691
-0.15291507692307693
-0.3440067692307692
-0.4925409230769231
-0.5822455384615384
-0.5926763076923077
-0.5334295384615384
-0.37947138461538454
-0.16710092307692306
0.051528
0.25346769230769234
0.41556184615384617
0.5553341538461538
0.6279323076923077
0.6045673846153846
0.5094387692307691
0.3246055384615385
0.12934153846153845
-0.04860738461538461
-0.2207150769230769
-0.32585723076923073
-0.3938658461538461
-0.40283630769230766
-0.32627446153846157
-0.22321846153846153
-0.08240307692307691
0.059872615384615385
0.16710092307692306
0.2540935384615385
0.2943563076923077
0.30416123076923074
0.2774584615384615
0.22175815384615383
0.16084246153846155
0.07969107692307692
0.008344615384615384
-0.06383630769230769
-0.13226215384615383
-0.18066092307692305
-0.23510953846153848
-0.2532590769230769
-0.25159015384615385
-0.24637476923076923
-0.20131384615384615
-0.15395815384615386
-0.10743692307692307
-0.04172307692307692
0.03358707692307692
0.132888
0.22697353846153845
0.28350830769230767
0.3072904615384615
0.2899753846153846
0.25701415384615384
0.21007569230769232
0.13601723076923075
0.04985907692307692
-0.054240000000000003
-0.13935507692307691
-0.20715507692307691
-0.2563883076923077
-0.26452430769230767
-0.2643156923076923
-0.21779446153846155
-0.14018953846153845
-0.06049846153846154
0.03650769230769231
0.11557292307692307
0.18170399999999998
0.23114584615384615
0.24032492307692307
0.2157083076923077
0.15959076923076923
0.08156861538461539
-0.0043809230769230765
-0.09408553846153846
-0.16897846153846155
-0.22426153846153846
-0.24887815384615386
-0.23135446153846154
-0.20110523076923076
-0.14832553846153845
-0.08761846153846153
-0.03212676923076923
0.026285538461538457
0.04693846153846153
0.059664
0.07238953846153846
0.07572738461538461
0.08177723076923075
0.06425353846153846
0.04860738461538461
0.04672984615384615
0.04547815384615384
0.0446436923076923
0.03609046153846154
0.018775384615384614
-0.0035464615384615383
-0.02899753846153846
-0.04839876923076923
-0.06195876923076923
-0.086784
-0.10263876923076923
-0.0961716923076923
-0.06571384615384615
-0.025659692307692307
0.0016689230769230767
0.03567323076923076
0.06258461538461538
0.0897046153846154
0.11452984615384615
0.11828492307692307
0.11953661538461538
0.08845292307692308
0.03358707692307692
-0.022947692307692308
-0.08574092307692306
-0.13372246153846154
-0.1760713846153846
-0.20339999999999997
-0.19526400000000002
-0.1635544615384615
-0.10535076923076922
-0.030040615384615384
0.05590892307692308
0.1395636923076923
0.2056947692307692
0.26348123076923075
0.28955815384615385
0.2703655384615385
0.1992276923076923
0.09137353846153846
-0.007301538461538462
-0.08344615384615384
-0.12913292307692306
-0.14874276923076923
-0.15354092307692307
-0.1368516923076923
-0.08594953846153845
-0.01272553846153846
0.073224
0.14394461538461537
0.1881710769230769
0.21654276923076923
0.22989415384615383
0.23531815384615382
0.2207150769230769
0.19213476923076922
0.1489513846153846
0.10263876923076923
0.07614461538461538
0.05924676923076923
0.04965046153846154
0.03233538461538461
-0.002086153846153846
-0.033169846153846154
-0.04631261538461538
-0.04526953846153846
-0.045895384615384616
-0.05528307692307692
-0.06425353846153846
-0.06905169230769231
-0.05757784615384615
-0.023782153846153845
0.018358153846153843
0.059872615384615385
0.09804923076923076
0.13205353846153844
0.15917353846153848
0.16501476923076921
0.14144123076923076
0.09429415384615383
0.03838523076923077
-0.014185846153846153
-0.06446215384615385
-0.10514215384615383
-0.13622584615384614
-0.143736
-0.116616
-0.055491692307692304
0.03150092307692308
0.12433476923076923
0.20819815384615384
0.26535876923076923
0.29414769230769233
0.2951907692307692
0.26932246153846157
0.20819815384615384
0.12141415384615384
0.032544
-0.04401784615384615
-0.09679753846153846
-0.12412615384615384
-0.13080184615384613
-0.11870215384615385
-0.09074769230769231
-0.04839876923076923
0.0043809230769230765
0.034630153846153845
0.040679999999999994
0.027328615384615382
0.007927384615384614
-0.005632615384615384
-0.02586830769230769
-0.04693846153846153
-0.061124307692307686
-0.07030338461538461
-0.07238953846153846
-0.06425353846153846
-0.061750153846153844
-0.06821723076923077
-0.08469784615384615
-0.10117846153846152
-0.11599015384615384
-0.12704676923076924
-0.12704676923076924
-0.12913292307692306
-0.11619876923076923
-0.08782707692307692
-0.045895384615384616
0.010639384615384617
0.05653476923076922
0.09804923076923076
0.132888
0.15374953846153847
0.1721076923076923
0.16835261538461538
0.14018953846153845
0.09158215384615384
0.01814953846153846
-0.03629907692307692
-0.07551876923076924
-0.10618523076923077
-0.11432123076923076
-0.119328
-0.09053907692307692
-0.030875076923076922
0.032544
0.10117846153846152
0.15082892307692305
0.17544553846153846
0.1869193846153846
0.184416
0.1721076923076923
0.13768615384615385
0.08490646153846154
0.03775938461538462
-0.0012516923076923076
-0.01668923076923077
-0.029623384615384614
-0.050067692307692306
-0.05194523076923077
-0.04902461538461538
-0.027328615384615382
0.006884307692307692
0.03609046153846154
0.0717636923076923
0.0936683076923077
0.11953661538461538
0.15291507692307693
0.18379015384615385
0.2059033846153846
0.2008966153846154
0.1858763076923077
0.17085599999999998
0.14853415384615384
0.12141415384615384
0.08010830769230769
0.020652923076923076
-0.03984553846153846
-0.092208
-0.1178676923076923
-0.12496061538461539
-0.11327815384615383
-0.0826116923076923
-0.04735569230769231
0.017732307692307693
0.08824430769230769
0.1504116923076923
0.1942209230769231
0.19359507692307693
0.17273353846153844
0.13476553846153844
0.07656184615384615
0.006258461538461538
-0.07781353846153846
-0.15082892307692305
-0.19964492307692308
-0.22342707692307692
-0.214248
-0.18942276923076923
-0.15604430769230768
-0.11452984615384615
-0.06383630769230769
-0.008344615384615384
0.03755076923076923
0.05653476923076922
0.051319384615384614
0.03129230769230769
0.004798153846153846
-0.031918153846153846
-0.08761846153846153
-0.1397723076923077
-0.19296923076923078
-0.22551323076923077
-0.2209236923076923
-0.19505538461538463
-0.1476996923076923
-0.10055261538461538
-0.06341907692307691
-0.012099692307692308
0.03400430769230769
0.05757784615384615
0.06070707692307692
0.03379569230769231
0.004589538461538461
-0.010639384615384617
-0.018358153846153843
-0.011891076923076923
-0.0022947692307692304
0.004798153846153846
0.017315076923076923
0.034630153846153845
0.05924676923076923
0.06926030769230769
0.06133292307692308
0.03358707692307692
0.0012516923076923076
-0.028163076923076923
-0.06654830769230768
-0.0974233846153846
-0.13038461538461538
-0.14665661538461539
-0.13497415384615385
-0.10722830769230769
-0.055491692307692304
0.002086153846153846
0.0448523076923077
0.07969107692307692
0.10368184615384615
0.11202646153846153
0.11035753846153845
0.07531015384615385
0.007927384615384614
-0.056326153846153845
-0.10243015384615384
-0.12788123076923075
-0.1422756923076923
-0.143736
-0.12600369230769232
-0.09283384615384616
-0.046104
0.009179076923076922
0.06613107692307692
0.100344
0.11411261538461538
0.12496061538461539
0.11974523076923077
0.0961716923076923
0.05027630769230769
-0.011891076923076923
-0.06258461538461538
-0.10618523076923077
-0.1289243076923077
-0.12579507692307693
-0.11098338461538461
-0.08344615384615384
-0.06759138461538462
-0.04380923076923077
-0.025033846153846153
-0.06049846153846154
-0.09784061538461537
-0.1178676923076923
-0.11953661538461538
-0.07155507692307693
-0.021696
0.05298830769230769
0.1846246153846154
0.31542646153846154
0.43308553846153847
0.4929581538461539
0.477312
0.38677292307692307
0.2290596923076923
0.09930092307692308
-0.08073415384615384
-0.23656984615384613
-0.32961230769230765
-0.4178566153846154
-0.3615304615384615
-0.2695310769230769
-0.09909230769230769
0.10263876923076923
0.26097784615384617
0.46083138461538464
0.5436516923076923
0.5774473846153846
0.5394793846153846
0.3909452307692307
0.23281476923076924
0.012934153846153845
-0.14790830769230767
-0.23677846153846152
-0.29727692307692305
-0.254928
-0.17002153846153847
-0.04401784615384615
0.0934596923076923
0.20110523076923076
0.32314523076923074
0.34296369230769225
0.2774584615384615
0.21070153846153844
0.10618523076923077
0.03984553846153846
-0.026285538461538457
-0.09325107692307691
-0.12099692307692309
-0.15792184615384616
-0.15395815384615386
-0.11494707692307692
-0.08824430769230769
-0.05653476923076922
-0.042557538461538466
-0.03233538461538461
-0.012934153846153845
-0.022530461538461537
-0.03650769230769231
-0.06675692307692307
-0.09053907692307692
-0.10389046153846154
-0.11682461538461539
-0.10430769230769231
-0.07656184615384615
-0.020652923076923076
0.03379569230769231
0.046104
0.04568676923076923
0.03045784615384615
-0.032544
-0.09846646153846153
-0.17711446153846155
-0.235944
-0.24303692307692307
-0.22780799999999998
-0.14853415384615384
-0.04047138461538462
0.06613107692307692
0.16647507692307692
0.23844738461538462
0.27850153846153847
0.2620209230769231
0.22154953846153846
0.16793538461538463
0.08448923076923077
-0.01814953846153846
-0.12391753846153845
-0.19067446153846154
-0.21842030769230766
-0.21883753846153844
-0.1800350769230769
-0.11244369230769231
-0.02545107692307692
0.08720123076923077
0.19630707692307692
0.2832996923076923
0.3291950769230769
0.31000246153846156
0.2526332307692308
0.16876984615384616
0.054240000000000003
-0.07593599999999999
-0.19004861538461537
-0.2651501538461538
-0.2899753846153846
-0.25805723076923076
-0.18107815384615383
-0.07468430769230769
0.04568676923076923
0.1558356923076923
0.2507556923076923
0.3179298461538461
0.34588430769230766
0.35318584615384613
0.31834707692307695
0.23510953846153848
0.14707384615384617
0.05611753846153846
-0.023990769230769232
-0.08615815384615384
-0.13914646153846155
-0.1635544615384615
-0.15562707692307692
-0.10681107692307691
-0.03650769230769231
0.03337846153846154
0.08490646153846154
0.12600369230769232
0.1787833846153846
0.21111876923076925
0.2157083076923077
0.19213476923076922
0.1207883076923077
0.03233538461538461
-0.04172307692307692
-0.10660246153846153
-0.14916
-0.1860849230769231
-0.21925476923076925
-0.22113230769230768
-0.21028430769230766
-0.18149538461538461
-0.13601723076923075
-0.09909230769230769
-0.06446215384615385
-0.03692492307692308
-0.013142769230769229
0.01710646153846154
0.047772923076923074
0.06800861538461538
0.07072061538461538
0.06842584615384616
0.06028984615384615
0.04944184615384615
0.03921969230769231
0.013351384615384614
-0.021278769230769233
-0.04756430769230769
-0.05486584615384615
-0.030875076923076922
0.009387692307692307
0.04672984615384615
0.09950953846153845
0.16418030769230768
0.23052
0.2803790769230769
0.29456492307692306
0.2868461538461538
0.25513661538461535
0.21362215384615382
0.16689230769230767
0.10514215384615383
0.03859384615384615
-0.02899753846153846
-0.08615815384615384
-0.12204
-0.1316363076923077
-0.116616
-0.092208
-0.04860738461538461
0.023990769230769232
0.0988836923076923
0.1691870769230769
0.23177169230769232
0.2540935384615385
0.23969907692307693
0.1846246153846154
0.10138707692307691
0.014394461538461538
-0.08782707692307692
-0.17565415384615385
-0.22530461538461538
-0.23823876923076923
-0.21988061538461537
-0.1829556923076923
-0.138312
-0.07823076923076923
-0.0006258461538461538
0.07134646153846153
0.13643446153846153
0.16584923076923075
0.15520984615384617
0.12600369230769232
0.07614461538461538
0.023990769230769232
-0.02545107692307692
-0.07364123076923076
-0.10722830769230769
-0.11703323076923078
-0.10618523076923077
-0.08052553846153847
-0.061124307692307686
-0.051528
-0.04672984615384615
-0.04756430769230769
-0.037967999999999995
-0.03609046153846154
-0.03337846153846154
-0.02899753846153846
-0.01981846153846154
0.003963692307692307
0.023990769230769232
0.04819015384615385
0.05757784615384615
0.055491692307692304
0.05298830769230769
0.05236246153846154
0.05674338461538461
0.04735569230769231
0.029623384615384614
-0.0002086153846153846
-0.03108369230769231
-0.05528307692307692
-0.07948246153846153
-0.09512861538461538
-0.10952307692307692
-0.10514215384615383
-0.07343261538461537
-0.028163076923076923
0.02023569230769231
0.05507446153846154
0.06446215384615385
0.05090215384615384
0.02586830769230769
-0.0070929230769230765
-0.04819015384615385
-0.09429415384615383
-0.13789476923076924
-0.16418030769230768
-0.16000799999999998
-0.13789476923076924
-0.10055261538461538
-0.04756430769230769
0.005215384615384615
0.054240000000000003
0.09429415384615383
0.1316363076923077
0.14936861538461538
0.14060676923076923
0.12537784615384615
0.1097316923076923
0.0897046153846154
0.061750153846153844
0.03442153846153846
0.008970461538461538
-0.004798153846153846
-0.009179076923076922
-0.006675692307692307
0.0012516923076923076
-0.0006258461538461538
-0.003129230769230769
0.010013538461538461
0.031709538461538456
0.05674338461538461
0.06967753846153846
0.06487938461538462
0.05820369230769231
0.04547815384615384
0.04318338461538461
0.03504738461538461
0.0022947692307692304
-0.037342153846153844
-0.07969107692307692
-0.11244369230769231
-0.13518276923076925
-0.14540492307692307
-0.1424843076923077
-0.1356
-0.10931446153846153
-0.06341907692307691
-0.01043076923076923
0.04172307692307692
0.07134646153846153
0.09053907692307692
0.10952307692307692
0.11056615384615384
0.09700615384615385
0.06717415384615384
0.032544
0.012308307692307691
-0.0014603076923076922
0.003129230769230769
0.026494153846153844
0.047772923076923074
0.06049846153846154
0.07426707692307692
0.09679753846153846
0.11807630769230769
0.12579507692307693
0.11473846153846154
0.08761846153846153
0.05674338461538461
0.031709538461538456
0.009387692307692307
-0.011891076923076923
-0.03650769230769231
-0.06070707692307692
-0.06800861538461538
-0.05486584615384615
-0.03337846153846154
-0.024199384615384616
-0.02858030769230769
-0.03984553846153846
-0.037967999999999995
-0.02795446153846154
-0.02524246153846154
-0.017523692307692306
-0.006049846153846154
0.020652923076923076
0.05653476923076922
0.08761846153846153
0.10764553846153846
0.10827138461538462
0.08907876923076924
0.056951999999999996
0.021070153846153846
-0.02753723076923077
-0.084072
-0.1368516923076923
-0.1704387692307692
-0.17732307692307692
-0.15374953846153847
-0.10263876923076923
-0.03421292307692308
0.03671630769230769
0.09846646153846153
0.16105107692307694
0.1990190769230769
0.20006215384615383
0.16730953846153845
0.10639384615384614
0.03921969230769231
-0.03233538461538461
-0.08386338461538462
-0.12099692307692309
-0.14728246153846153
-0.14728246153846153
-0.11682461538461539
-0.05382276923076923
0.009179076923076922
0.065088
0.10827138461538462
0.13226215384615383
0.15270646153846154
0.15771323076923077
0.14060676923076923
0.11014892307692307
0.06467076923076923
0.020652923076923076
-0.007510153846153846
-0.023364923076923075
-0.030875076923076922
-0.034630153846153845
-0.03337846153846154
-0.01814953846153846
0.010222153846153844
0.03838523076923077
0.05924676923076923
0.059038153846153844
0.045895384615384616
0.03296123076923077
0.020027076923076922
0.004798153846153846
-0.028163076923076923
-0.06738276923076922
-0.11140061538461538
-0.14081538461538462
-0.14290153846153844
-0.1316363076923077
-0.09784061538461537
-0.06383630769230769
-0.025033846153846153
0.026702769230769228
0.06926030769230769
0.10347323076923076
0.12683815384615382
0.13267938461538462
0.13622584615384614
0.13998092307692306
0.13747753846153846
0.13247076923076923
0.11286092307692308
0.08511507692307693
0.06884307692307692
0.06425353846153846
0.07843938461538462
0.09450276923076922
0.10076123076923077
0.10764553846153846
0.11828492307692307
0.13747753846153846
0.14540492307692307
0.13872923076923074
0.11056615384615384
0.06279323076923077
0.01981846153846154
-0.026702769230769228
-0.06800861538461538
-0.10430769230769231
-0.13706030769230768
-0.14457046153846154
-0.13476553846153844
-0.1028473846153846
-0.059872615384615385
-0.022947692307692308
0.02753723076923077
0.07364123076923076
0.10639384615384614
0.13518276923076925
0.14415323076923076
0.13267938461538462
0.10138707692307691
0.06216738461538462
0.025033846153846153
-0.018775384615384614
-0.059664
-0.09199938461538461
-0.11140061538461538
-0.1028473846153846
-0.08198584615384615
-0.04756430769230769
0.007510153846153846
0.06863446153846153
0.13852061538461538
0.200688
0.23782153846153845
0.24199384615384617
0.21299630769230768
0.1614683076923077
0.09304246153846155
0.01668923076923077
-0.05570030769230769
-0.1353913846153846
-0.22154953846153846
-0.3081249230769231
-0.3844781538461538
-0.4451852307692308
-0.47272246153846154
-0.3917796923076923
-0.2620209230769231
-0.05048492307692308
0.21341353846153846
0.43934399999999996
0.6775827692307692
0.8215273846153847
0.8978806153846154
0.8471870769230769
0.6385716923076923
0.3646596923076923
0.03421292307692308
-0.27182584615384614
-0.5661821538461538
-0.7697907692307692
-0.8782707692307692
-0.872220923076923
-0.696984
-0.4456024615384615
-0.1218313846153846
0.20778092307692309
0.47918953846153844
0.6761224615384615
0.7351606153846154
0.6567212307692307
0.48357046153846156
0.2194633846153846
-0.100344
-0.39636923076923075
-0.6544264615384615
-0.8085932307692308
-0.8156861538461538
-0.7107526153846154
-0.514236923076923
-0.2860116923076923
-0.05173661538461538
0.17523692307692307
0.3508910769230769
0.4518609230769231
0.4812756923076923
0.444768
0.3757163076923077
0.2997803076923077
0.22196676923076922
0.13247076923076923
0.02795446153846154
-0.07489292307692308
-0.17481969230769231
-0.24345415384615382
-0.30249230769230767
-0.33566215384615383
-0.3116713846153846
-0.2620209230769231
-0.17711446153846155
-0.08887015384615385
-0.016063384615384615
0.056326153846153845
0.10180430769230768
0.12808984615384614
0.14728246153846153
0.16021661538461537
0.16584923076923075
0.16042523076923076
0.12537784615384615
0.03629907692307692
-0.06654830769230768
-0.1787833846153846
-0.3047870769230769
-0.39866399999999996
-0.46667261538461535
-0.47877230769230766
-0.39970707692307694
-0.25659692307692306
-0.05757784615384615
0.16105107692307694
0.35318584615384613
0.5192436923076923
0.608531076923077
0.5843316923076923
0.49316676923076924
0.34651015384615386
0.16584923076923075
-0.003129230769230769
-0.1424843076923077
-0.23093723076923076
-0.25659692307692306
-0.2154996923076923
-0.12996738461538462
-0.026494153846153844
0.0771876923076923
0.16856123076923077
0.26076923076923075
0.3187643076923077
0.32231076923076923
0.2912270769230769
0.21862892307692305
0.12350030769230769
0.01668923076923077
-0.10076123076923077
-0.18900553846153845
-0.23531815384615382
-0.25346769230769234
-0.23177169230769232
-0.17419384615384614
-0.08782707692307692
0.01856676923076923
0.11974523076923077
0.18212123076923076
0.200688
0.18629353846153843
0.1462393846153846
0.11640738461538462
0.08845292307692308
0.05799507692307692
0.04047138461538462
0.03150092307692308
0.04380923076923077
0.07802215384615384
0.10848000000000001
0.12350030769230769
0.11891076923076922
0.09700615384615385
0.07614461538461538
0.0446436923076923
-0.0016689230769230767
-0.04902461538461538
-0.0961716923076923
-0.11828492307692307
-0.10138707692307691
-0.05820369230769231
-0.004589538461538461
0.04672984615384615
0.10389046153846154
0.14999446153846155
0.1696043076923077
0.17377661538461536
0.14519630769230768
0.08636676923076922
0.0025033846153846152
-0.09408553846153846
-0.16209415384615386
-0.21529107692307692
-0.24866953846153847
-0.249504
-0.22989415384615383
-0.1718990769230769
-0.08949599999999999
-0.007301538461538462
0.06258461538461538
0.09992676923076924
0.11244369230769231
0.12204
0.13121907692307694
0.13080184615384613
0.11077476923076923
0.0828203076923077
0.05799507692307692
0.052571076923076915
0.05757784615384615
0.055491692307692304
0.05528307692307692
0.044435076923076924
0.03755076923076923
0.03775938461538462
0.029832
0.017523692307692306
-0.006258461538461538
-0.023364923076923075
-0.022947692307692308
-0.006258461538461538
0.021696
0.051319384615384614
0.08615815384615384
0.11703323076923078
0.15625292307692307
0.20673784615384616
0.24032492307692307
0.252216
0.22780799999999998
0.15896492307692306
0.07927384615384615
-0.006675692307692307
-0.09074769230769231
-0.16480615384615382
-0.22822523076923076
-0.238656
-0.20527753846153846
-0.14185846153846154
-0.053405538461538456
0.04318338461538461
0.1314276923076923
0.19964492307692308
0.2453316923076923
0.23656984615384613
0.1639716923076923
0.0446436923076923
-0.09784061538461537
-0.23093723076923076
-0.33378461538461535
-0.40200184615384615
-0.41535323076923075
-0.37967999999999996
-0.2979027692307692
-0.16251138461538459
-0.006675692307692307
0.14728246153846153
0.2707827692307692
0.35256
0.39219692307692305
0.3861470769230769
0.3377483076923077
0.24595753846153845
0.12141415384615384
-0.014394461538461538
-0.12996738461538462
-0.21091015384615383
-0.25367630769230765
-0.2503384615384615
-0.20632061538461538
-0.12704676923076924
-0.021904615384615383
0.08720123076923077
0.18399876923076922
0.24887815384615386
0.26786215384615386
0.2563883076923077
0.22321846153846153
0.16730953846153845
0.08761846153846153
-0.0012516923076923076
-0.07092923076923077
-0.11494707692307692
-0.1314276923076923
-0.13372246153846154
-0.13518276923076925
-0.13601723076923075
-0.13852061538461538
-0.13893784615384613
-0.13768615384615385
-0.13601723076923075
-0.13226215384615383
-0.12537784615384615
-0.11202646153846153
-0.07572738461538461
-0.02586830769230769
0.02211323076923077
0.073224
0.11640738461538462
0.15416676923076922
0.18379015384615385
0.18545907692307692
0.16105107692307694
0.11745046153846153
0.06675692307692307
0.013560000000000001
-0.03129230769230769
-0.05069353846153846
-0.05298830769230769
-0.03901107692307692
-0.011891076923076923
0.026494153846153844
0.07677046153846154
0.11536430769230768
0.14206707692307693
0.15959076923076923
0.15208061538461537
0.13601723076923075
0.09930092307692308
0.04672984615384615
0.0
-0.04735569230769231
-0.06195876923076923
-0.05528307692307692
-0.03921969230769231
-0.009179076923076922
0.026076923076923077
0.0717636923076923
0.10347323076923076
0.1218313846153846
0.11619876923076923
0.07927384615384615
0.027745846153846152
-0.03650769230769231
-0.09262523076923077
-0.12934153846153845
-0.14582215384615385
-0.138312
-0.10514215384615383
-0.05403138461538461
0.003755076923076923
0.052153846153846155
0.07593599999999999
0.07823076923076923
0.054240000000000003
0.012099692307692308
-0.041514461538461535
-0.11140061538461538
-0.1846246153846154
-0.24408
-0.26723630769230766
-0.24574892307692306
-0.18316430769230768
-0.09533723076923077
0.0014603076923076922
0.09784061538461537
0.18483323076923078
0.2559710769230769
0.28893230769230765
0.26640184615384616
0.19296923076923078
0.0974233846153846
-0.0035464615384615383
-0.09241661538461539
-0.15896492307692306
-0.20694646153846152
-0.22572184615384616
-0.20298276923076922
-0.14311015384615386
-0.05590892307692308
0.034630153846153845
0.11327815384615383
0.17461107692307692
0.20444307692307692
0.2127876923076923
0.19150892307692308
0.14561353846153846
0.08094276923076923
0.005841230769230769
-0.06195876923076923
-0.12120553846153845
-0.16584923076923075
-0.2059033846153846
-0.2355267692307692
-0.2453316923076923
-0.23281476923076924
-0.20110523076923076
-0.16063384615384615
-0.12642092307692307
-0.09053907692307692
-0.03775938461538462
0.025659692307692307
0.09158215384615384
0.14290153846153844
0.17565415384615385
0.19651569230769228
0.21174461538461536
0.21612553846153845
0.2073636923076923
0.17648861538461538
0.12558646153846154
0.08031692307692308
0.03421292307692308
-0.0043809230769230765
-0.031918153846153846
-0.06592246153846154
-0.08720123076923077
-0.09179076923076923
-0.07384984615384615
-0.03504738461538461
0.010848
0.05736923076923077
0.09116492307692307
0.11432123076923076
0.13059323076923077
0.13768615384615385
0.12704676923076924
0.09700615384615385
0.05111076923076923
0.0004172307692307692
-0.04193169230769231
-0.07739630769230768
-0.11035753846153845
-0.14206707692307693
-0.16626646153846153
-0.17377661538461536
-0.16063384615384615
-0.13601723076923075
-0.10827138461538462
-0.08490646153846154
-0.054240000000000003
-0.010848
0.03713353846153846
0.08302892307692307
0.10326461538461539
0.10243015384615384
0.08720123076923077
0.05820369230769231
0.027745846153846152
-0.015228923076923076
-0.06487938461538462
-0.10660246153846153
-0.13226215384615383
-0.13101046153846155
-0.11473846153846154
-0.08094276923076923
-0.032544
0.025033846153846153
0.08657538461538461
0.14519630769230768
0.19714153846153845
0.2261390769230769
0.22530461538461538
0.20110523076923076
0.1637630769230769
0.11432123076923076
0.05611753846153846
-0.005424
-0.058829538461538454
-0.0855323076923077
-0.08344615384615384
-0.056951999999999996
-0.020027076923076922
0.011473846153846154
0.04109723076923077
0.07259815384615384
0.11286092307692308
0.14665661538461539
0.15792184615384616
0.15833907692307692
0.14331876923076922
0.12767261538461538
0.11494707692307692
0.100344
0.08574092307692306
0.06467076923076923
0.045895384615384616
0.02899753846153846
0.018983999999999997
0.012934153846153845
-0.0035464615384615383
-0.027120000000000002
-0.05611753846153846
-0.08031692307692308
-0.09471138461538461
-0.10138707692307691
-0.09053907692307692
-0.07051199999999999
-0.03233538461538461
0.027328615384615382
0.0892873846153846
0.14728246153846153
0.17690584615384616
0.1777403076923077
0.15228923076923076
0.09721476923076922
0.03233538461538461
-0.043600615384615383
-0.1097316923076923
-0.14394461538461537
-0.15145476923076923
-0.13080184615384613
-0.10076123076923077
-0.06529661538461538
-0.025659692307692307
0.011891076923076923
0.05298830769230769
0.07197230769230768
0.06863446153846153
0.058829538461538454
0.040054153846153843
0.05048492307692308
0.037967999999999995
0.10535076923076922
0.16856123076923077
0.08240307692307691
0.06759138461538462
-0.0033378461538461535
-0.03775938461538462
-0.04401784615384615
-0.17273353846153844
-0.2422024615384615
-0.3544375384615384
-0.35276861538461535
-0.25701415384615384
-0.19463815384615382
-0.07927384615384615
-0.040679999999999994
0.08574092307692306
0.254928
0.36778892307692307
0.48044123076923073
0.3955347692307692
0.2851772307692308
0.1775316923076923
0.012934153846153845
-0.06926030769230769
-0.2275993846153846
-0.32877784615384614
-0.33712246153846154
-0.36674584615384614
-0.21508246153846153
-0.03421292307692308
0.13747753846153846
0.3481790769230769
0.4451852307692308
0.5444861538461538
0.5665993846153846
0.5100646153846153
0.47272246153846154
0.31542646153846154
0.13121907692307694
-0.05924676923076923
-0.23239753846153846
-0.3035353846153846
-0.3838523076923077
-0.4151446153846154
-0.3949089230769231
-0.3481790769230769
-0.18379015384615385
-0.02357353846153846
0.12245723076923076
0.2764153846153846
0.35860984615384617
0.45040061538461534
0.47668615384615387
0.4026276923076923
0.314592
0.15896492307692306
0.02273907692307692
-0.06926030769230769
-0.1696043076923077
-0.23886461538461537
-0.2993630769230769
-0.3114627692307692
-0.2722430769230769
-0.21675138461538462
-0.12850707692307692
-0.03421292307692308
0.09199938461538461
0.1990190769230769
0.24720923076923076
0.2953993846153846
0.28017046153846153
0.23385784615384617
0.17899199999999998
0.06467076923076923
-0.03838523076923077
-0.15604430769230768
-0.2540935384615385
-0.2951907692307692
-0.34046030769230773
-0.3148006153846154
-0.25054707692307693
-0.17481969230769231
-0.07489292307692308
-0.0014603076923076922
0.09512861538461538
0.19547261538461536
0.26097784615384617
0.2872633846153846
0.25117292307692307
0.21341353846153846
0.16105107692307694
0.06279323076923077
-0.023364923076923075
-0.1449876923076923
-0.2424110769230769
-0.25659692307692306
-0.2480436923076923
-0.16438892307692307
-0.06487938461538462
0.028163076923076923
0.15562707692307692
0.2438713846153846
0.3225193846153846
0.3738387692307692
0.34943076923076927
0.2883064615384615
0.1881710769230769
0.084072
-0.026076923076923077
-0.13789476923076924
-0.20152246153846154
-0.23761292307692305
-0.21737723076923077
-0.15792184615384616
-0.10201292307692307
-0.024199384615384616
0.028788923076923077
0.0855323076923077
0.15249784615384615
0.16876984615384616
0.18942276923076923
0.19004861538461537
0.1570873846153846
0.11578153846153846
0.04819015384615385
0.0008344615384615384
-0.02795446153846154
-0.06362769230769232
-0.08302892307692307
-0.10159569230769232
-0.10597661538461538
-0.08699261538461538
-0.07238953846153846
-0.04318338461538461
-0.025033846153846153
-0.02357353846153846
-0.02044430769230769
-0.03963692307692308
-0.05382276923076923
-0.07697907692307693
-0.0880356923076923
-0.048816000000000005
-0.02586830769230769
-0.007510153846153846
0.0002086153846153846
-0.005841230769230769
0.011265230769230769
-0.006675692307692307
-0.05027630769230769
-0.10117846153846152
-0.1639716923076923
-0.1783661538461538
-0.15291507692307693
-0.10055261538461538
-0.03233538461538461
0.03108369230769231
0.11724184615384614
0.20027076923076922
0.2722430769230769
0.31772123076923076
0.2997803076923077
0.24282830769230768
0.15333230769230768
0.055491692307692304
-0.029832
-0.10827138461538462
-0.1504116923076923
-0.165432
-0.15333230769230768
-0.08845292307692308
0.003129230769230769
0.09137353846153846
0.14978584615384616
0.1794092307692308
0.19735015384615384
0.19067446153846154
0.1558356923076923
0.086784
-0.02524246153846154
-0.1435273846153846
-0.23531815384615382
-0.26932246153846157
-0.25930892307692305
-0.23782153846153845
-0.19881046153846152
-0.1395636923076923
-0.05090215384615384
0.04214030769230769
0.11098338461538461
0.1462393846153846
0.14123261538461537
0.11181784615384616
0.07510153846153846
0.027745846153846152
-0.024408000000000003
-0.07843938461538462
-0.11348676923076922
-0.10827138461538462
-0.06946892307692307
-0.0043809230769230765
0.055491692307692304
0.1028473846153846
0.1353913846153846
0.15145476923076923
0.16105107692307694
0.14290153846153844
0.09429415384615383
0.026076923076923077
-0.04756430769230769
-0.09909230769230769
-0.1207883076923077
-0.12266584615384615
-0.10868861538461538
-0.0853236923076923
-0.05945538461538461
-0.021487384615384613
0.020652923076923076
0.0446436923076923
0.03838523076923077
0.010639384615384617
-0.006675692307692307
-0.014394461538461538
-0.011056615384615385
-0.005215384615384615
-0.014811692307692307
-0.022530461538461537
-0.02357353846153846
-0.0077187692307692304
0.010222153846153844
0.020652923076923076
0.026285538461538457
0.027120000000000002
0.02795446153846154
0.03024923076923077
0.03024923076923077
0.016480615384615385
0.006049846153846154
-0.003963692307692307
0.003755076923076923
0.030040615384615384
0.06216738461538462
0.10576799999999999
0.14603076923076924
0.18316430769230768
0.20652923076923077
0.20277415384615383
0.16292861538461537
0.08219446153846154
-0.022947692307692308
-0.12037107692307693
-0.1923433846153846
-0.22822523076923076
-0.2342750769230769
-0.2073636923076923
-0.14936861538461538
-0.06654830769230768
0.0448523076923077
0.14874276923076923
0.23072861538461537
0.2791273846153846
0.2916443076923077
0.2828824615384615
0.23615261538461538
0.15187199999999998
0.03713353846153846
-0.08907876923076924
-0.19004861538461537
-0.26368984615384616
-0.2970683076923077
-0.28017046153846153
-0.233232
-0.14060676923076923
-0.01940123076923077
0.10764553846153846
0.2209236923076923
0.27412061538461535
0.2782929230769231
0.2369870769230769
0.16251138461538459
0.0744756923076923
-0.035464615384615386
-0.14686523076923075
-0.23844738461538462
-0.2931046153846154
-0.29832
-0.26348123076923075
-0.20632061538461538
-0.13914646153846155
-0.06675692307692307
0.008136
0.07280676923076923
0.1136953846153846
0.13914646153846155
0.1356
0.11745046153846153
0.10055261538461538
0.08219446153846154
0.06738276923076922
0.04088861538461538
0.021278769230769233
0.011265230769230769
0.006049846153846154
0.016897846153846156
0.028788923076923077
0.03880246153846154
0.054240000000000003
0.06821723076923077
0.08574092307692306
0.10389046153846154
0.10555938461538462
0.09241661538461539
0.06926030769230769
0.03880246153846154
0.010013538461538461
-0.014603076923076923
-0.035464615384615386
-0.04965046153846154
-0.053614153846153846
-0.03483876923076923
-0.010013538461538461
0.012308307692307691
0.02795446153846154
0.029832
0.03504738461538461
0.04088861538461538
0.04526953846153846
0.0446436923076923
0.028371692307692306
0.013768615384615384
0.011056615384615385
0.01814953846153846
0.034630153846153845
0.045895384615384616
0.06300184615384616
0.0853236923076923
0.1028473846153846
0.12266584615384615
0.13893784615384613
0.14039815384615384
0.12934153846153845
0.10681107692307691
0.08156861538461539
0.05444861538461539
0.021278769230769233
-0.0070929230769230765
-0.02899753846153846
-0.03901107692307692
-0.03692492307692308
-0.021070153846153846
-0.009804923076923077
-0.0025033846153846152
0.008970461538461538
0.024199384615384616
0.04756430769230769
0.061750153846153844
0.07113784615384615
0.06863446153846153
0.05611753846153846
0.04547815384615384
0.03150092307692308
0.00855323076923077
-0.017315076923076923
-0.03379569230769231
-0.035255999999999996
-0.02211323076923077
-0.005841230769230769
0.011473846153846154
0.02482523076923077
0.0448523076923077
0.07906523076923076
0.103056
0.12099692307692309
0.12120553846153845
0.10180430769230768
0.08615815384615384
0.06571384615384615
0.040679999999999994
0.006675692307692307
-0.03775938461538462
-0.08240307692307691
-0.11494707692307692
-0.1353913846153846
-0.14018953846153845
-0.13872923076923074
-0.14311015384615386
-0.1287156923076923
-0.0988836923076923
-0.05486584615384615
-0.002712
0.03984553846153846
0.06550523076923077
0.07551876923076924
0.07364123076923076
0.06884307692307692
0.047981538461538464
0.001043076923076923
-0.052153846153846155
-0.10660246153846153
-0.1356
-0.14415323076923076
-0.13852061538461538
-0.11306953846153844
-0.08010830769230769
-0.021070153846153846
0.04902461538461538
0.11286092307692308
0.16021661538461537
0.17711446153846155
0.18879692307692306
0.18253846153846154
0.15103753846153847
0.10681107692307691
0.038176615384615385
-0.02753723076923077
-0.073224
-0.10555938461538462
-0.1218313846153846
-0.12558646153846154
-0.116616
-0.08991323076923076
-0.05757784615384615
-0.01814953846153846
0.016897846153846156
0.045895384615384616
0.06905169230769231
0.06759138461538462
0.059038153846153844
0.046104
0.01940123076923077
-0.019609846153846155
-0.065088
-0.0963803076923077
-0.10493353846153847
-0.08991323076923076
-0.056951999999999996
-0.03129230769230769
-0.005632615384615384
0.02899753846153846
0.06550523076923077
0.09471138461538461
0.10952307692307692
0.11098338461538461
0.10055261538461538
0.08574092307692306
0.07405846153846153
0.06967753846153846
0.06529661538461538
0.059872615384615385
0.06863446153846153
0.09012184615384615
0.08991323076923076
0.06550523076923077
0.021696
-0.012516923076923077
-0.03483876923076923
-0.05674338461538461
-0.047981538461538464
-0.03880246153846154
0.016063384615384615
0.07572738461538461
0.24074215384615386
0.40930338461538457
0.37091815384615384
0.3886504615384615
0.31542646153846154
0.2641070769230769
0.214248
-0.010848
-0.15604430769230768
-0.36403384615384615
-0.3994984615384615
-0.33816553846153846
-0.3310726153846154
-0.22697353846153845
-0.20632061538461538
-0.04902461538461538
0.127464
0.25305046153846156
0.4109723076923077
0.3402516923076923
0.26118646153846153
0.16209415384615386
0.0008344615384615384
-0.056951999999999996
-0.20131384615384615
-0.252216
-0.2290596923076923
-0.2981113846153846
-0.19755876923076923
-0.09116492307692307
0.02586830769230769
0.17711446153846155
0.1802436923076923
0.21904615384615383
0.19881046153846152
0.16876984615384616
0.20319138461538463
0.13747753846153846
0.06759138461538462
-0.010013538461538461
-0.043600615384615383
0.003963692307692307
-0.010848
-0.029623384615384614
-0.06571384615384615
-0.0961716923076923
-0.024199384615384616
0.013768615384615384
0.03755076923076923
0.051528
0.015228923076923076
0.03588184615384615
0.03921969230769231
0.018983999999999997
0.030040615384615384
-0.015020307692307692
-0.026494153846153844
0.001043076923076923
0.005215384615384615
0.014185846153846153
-0.045895384615384616
-0.12016246153846154
-0.20027076923076922
-0.28350830769230767
-0.3170953846153846
-0.33524492307692305
-0.2849686153846154
-0.24449723076923074
-0.2021483076923077
-0.06967753846153846
0.04130584615384615
0.14185846153846154
0.19672430769230767
0.1704387692307692
0.14853415384615384
0.08991323076923076
0.029206153846153847
-0.024199384615384616
-0.12433476923076923
-0.1733593846153846
-0.1883796923076923
-0.19067446153846154
-0.16000799999999998
-0.1462393846153846
-0.09950953846153845
-0.03150092307692308
0.037967999999999995
0.11181784615384616
0.15938215384615384
0.225096
0.26911384615384615
0.25764
0.23510953846153848
0.16063384615384615
0.08302892307692307
0.01814953846153846
-0.08428061538461538
-0.13935507692307691
-0.16188553846153847
-0.15687876923076924
-0.11286092307692308
-0.09554584615384615
-0.059038153846153844
0.002086153846153846
0.06863446153846153
0.14290153846153844
0.1829556923076923
0.1990190769230769
0.18483323076923078
0.16856123076923077
0.17461107692307692
0.16334584615384617
0.14039815384615384
0.08490646153846154
0.023990769230769232
-0.008136
-0.03859384615384615
-0.042557538461538466
-0.04130584615384615
-0.05319692307692307
-0.016480615384615385
0.05048492307692308
0.11578153846153846
0.17315076923076922
0.19192615384615386
0.20632061538461538
0.22175815384615383
0.2194633846153846
0.20652923076923077
0.1489513846153846
0.06946892307692307
0.0025033846153846152
-0.04672984615384615
-0.06571384615384615
-0.0853236923076923
-0.09784061538461537
-0.10493353846153847
-0.11578153846153846
-0.08991323076923076
-0.05048492307692308
0.011682461538461537
0.07927384615384615
0.10117846153846152
0.12204
0.1287156923076923
0.13226215384615383
0.12934153846153845
0.06571384615384615
-0.015020307692307692
-0.084072
-0.12496061538461539
-0.12662953846153846
-0.12621230769230768
-0.12496061538461539
-0.11745046153846153
-0.08991323076923076
-0.025659692307692307
0.03504738461538461
0.07697907692307693
0.0853236923076923
0.06279323076923077
0.04735569230769231
0.02586830769230769
0.003129230769230769
-0.024199384615384616
-0.06633969230769231
-0.0892873846153846
-0.10159569230769232
-0.09679753846153846
-0.06425353846153846
-0.029414769230769227
0.006258461538461538
0.03504738461538461
0.06654830769230768
0.10681107692307691
0.12120553846153845
0.10055261538461538
0.05862092307692307
0.005424
-0.03379569230769231
-0.06550523076923077
-0.08448923076923077
-0.10827138461538462
-0.13998092307692306
-0.13768615384615385
-0.11578153846153846
-0.07259815384615384
-0.03588184615384615
-0.015020307692307692
0.017732307692307693
0.05382276923076923
0.09262523076923077
0.1205796923076923
0.1151556923076923
0.07572738461538461
0.01940123076923077
-0.04172307692307692
-0.10347323076923076
-0.16584923076923075
-0.21529107692307692
-0.235944
-0.22697353846153845
-0.17523692307692307
-0.08845292307692308
0.02023569230769231
0.13101046153846155
0.2073636923076923
0.25534523076923077
0.2724516923076923
0.2526332307692308
0.18900553846153845
0.09179076923076923
-0.003755076923076923
-0.09825784615384614
-0.1800350769230769
-0.22196676923076922
-0.22676492307692306
-0.19505538461538463
-0.132888
-0.04756430769230769
0.06675692307692307
0.1775316923076923
0.26306399999999996
0.3210590769230769
0.3350363076923077
0.3133403076923077
0.25054707692307693
0.15520984615384617
0.04985907692307692
-0.06049846153846154
-0.14144123076923076
-0.19693292307692306
-0.23052
-0.22447015384615385
-0.19359507692307693
-0.13601723076923075
-0.05611753846153846
0.031709538461538456
0.11807630769230769
0.18212123076923076
0.22447015384615385
0.24449723076923074
0.24512307692307692
0.2225926153846154
0.165432
0.10159569230769232
0.037342153846153844
-0.02545107692307692
-0.08094276923076923
-0.11432123076923076
-0.111192
-0.0892873846153846
-0.04985907692307692
0.008136
0.06216738461538462
0.11327815384615383
0.15187199999999998
0.1777403076923077
0.21174461538461536
0.22447015384615385
0.22634769230769228
0.21237046153846154
0.1733593846153846
0.132888
0.07113784615384615
0.007510153846153846
-0.04693846153846153
-0.10076123076923077
-0.1356
-0.1504116923076923
-0.14707384615384617
-0.13184492307692308
-0.11306953846153844
-0.09450276923076922
-0.06300184615384616
-0.018983999999999997
0.019609846153846155
0.04193169230769231
0.04985907692307692
0.05298830769230769
0.04756430769230769
0.032544
0.01814953846153846
-0.005215384615384615
-0.04088861538461538
-0.07301538461538462
-0.1028473846153846
-0.1136953846153846
-0.09992676923076924
-0.07593599999999999
-0.037967999999999995
0.01272553846153846
0.07468430769230769
0.14144123076923076
0.19651569230769228
0.22551323076923077
0.22634769230769228
0.20548615384615385
0.173568
0.12704676923076924
0.05945538461538461
-0.02858030769230769
-0.11160923076923077
-0.16480615384615382
-0.1829556923076923
-0.16772676923076923
-0.13351384615384615
-0.08386338461538462
-0.022530461538461537
0.044435076923076924
0.11703323076923078
0.16167692307692308
0.16292861538461537
0.12850707692307692
0.06800861538461538
0.0022947692307692304
-0.0678
-0.13372246153846154
-0.19693292307692306
-0.24470584615384613
-0.2582658461538461
-0.22989415384615383
-0.14957723076923077
-0.05090215384615384
0.04693846153846153
0.13497415384615385
0.20256553846153844
0.24345415384615382
0.24074215384615386
0.1881710769230769
0.09283384615384616
-0.026285538461538457
-0.13852061538461538
-0.22551323076923077
-0.28413415384615387
-0.2989458461538462
-0.2695310769230769
-0.19505538461538463
-0.08699261538461538
0.03671630769230769
0.1558356923076923
0.235944
0.28246523076923075
0.29227015384615385
0.2680707692307692
0.21132738461538458
0.1151556923076923
0.005424
-0.111192
-0.20506892307692307
-0.25138153846153843
-0.26535876923076923
-0.24741784615384615
-0.20548615384615385
-0.13038461538461538
-0.03212676923076923
0.07280676923076923
0.16501476923076921
0.22551323076923077
0.254928
0.2532590769230769
0.233232
0.19672430769230767
0.14540492307692307
0.07885661538461539
0.0077187692307692304
-0.06070707692307692
-0.11035753846153845
-0.13914646153846155
-0.1558356923076923
-0.15646153846153846
-0.14519630769230768
-0.11870215384615385
-0.07948246153846153
-0.029206153846153847
0.02315630769230769
0.065088
0.10180430769230768
0.14394461538461537
0.18149538461538461
0.20298276923076922
0.20402584615384614
0.17648861538461538
0.1314276923076923
0.07802215384615384
0.013768615384615384
-0.06341907692307691
-0.15604430769230768
-0.22843384615384613
-0.2624381538461539
-0.25284184615384614
-0.19442953846153843
-0.1136953846153846
-0.008136
0.10222153846153846
0.21111876923076925
0.30708184615384615
0.34963938461538463
0.3304467692307692
0.25659692307692306
0.1476996923076923
0.029832
-0.08782707692307692
-0.19881046153846152
-0.28663753846153844
-0.34358953846153845
-0.347136
-0.29352184615384613
-0.20152246153846154
-0.0892873846153846
0.014394461538461538
0.10952307692307692
0.19025723076923076
0.2415766153846154
0.25847446153846154
0.22405292307692307
0.15479261538461536
0.065088
-0.03108369230769231
-0.10889723076923077
-0.1656406153846154
-0.19609846153846153
-0.19672430769230767
-0.16209415384615386
-0.08657538461538461
0.015228923076923076
0.10952307692307692
0.18232984615384615
0.21070153846153844
0.19609846153846153
0.16209415384615386
0.10368184615384615
0.02899753846153846
-0.05298830769230769
-0.11265230769230769
-0.13330523076923076
-0.12350030769230769
-0.07510153846153846
-0.017523692307692306
0.04088861538461538
0.09721476923076922
0.12955015384615384
0.14144123076923076
0.12412615384615384
0.06863446153846153
-0.02273907692307692
-0.13455692307692307
-0.2480436923076923
-0.3452584615384615
-0.4193169230769231
-0.39991569230769225
-0.2845513846153846
-0.10743692307692307
0.13330523076923076
0.3671630769230769
0.6060276923076923
0.7885661538461538
0.8903704615384616
0.8947513846153846
0.7462172307692307
0.5054750769230769
0.20506892307692307
-0.086784
-0.40450523076923073
-0.668820923076923
-0.8192326153846154
-0.874307076923077
-0.7508067692307693
-0.540731076923077
-0.2509643076923077
0.06633969230769231
0.3483876923076923
0.6079052307692308
0.7311969230769231
0.7199316923076924
0.5732750769230769
0.3160523076923077
0.009179076923076922
-0.33670523076923076
-0.6289753846153846
-0.8304978461538461
-0.900384
-0.8161033846153846
-0.6354424615384615
-0.371544
-0.09095630769230768
0.17690584615384616
0.4282873846153846
0.5645132307692308
0.6076966153846154
0.5755698461538461
0.4743913846153846
0.3784283076923077
0.2591003076923077
0.1356
0.016480615384615385
-0.0934596923076923
-0.14832553846153845
-0.1802436923076923
-0.19463815384615382
-0.192552
-0.16418030769230768
-0.10576799999999999
-0.042557538461538466
0.02586830769230769
0.07781353846153846
0.111192
0.1585476923076923
0.19797599999999999
0.2290596923076923
0.26723630769230766
0.2891409230769231
0.30436984615384616
0.29352184615384613
0.222384
0.11974523076923077
-0.011265230769230769
-0.16209415384615386
-0.2981113846153846
-0.4030449230769231
-0.4374664615384615
-0.3848953846153846
-0.2563883076923077
-0.06592246153846154
0.14457046153846154
0.33983446153846153
0.5106904615384615
0.6414923076923077
0.6857187692307692
0.6241772307692307
0.48857723076923076
0.30562153846153844
0.10263876923076923
-0.09304246153846155
-0.27412061538461535
-0.40992923076923077
-0.477312
-0.4720966153846154
-0.38760738461538463
-0.2517987692307692
-0.07280676923076923
0.12016246153846154
0.2912270769230769
0.417648
0.4685501538461538
0.4489403076923077
0.35256
0.20256553846153844
0.021070153846153846
-0.15270646153846154
-0.27474646153846155
-0.35005661538461535
-0.3686233846153846
-0.32231076923076923
-0.22300984615384614
-0.0961716923076923
0.04693846153846153
0.1710646153846154
0.241368
0.2532590769230769
0.21633415384615384
0.16584923076923075
0.10493353846153847
0.03129230769230769
-0.028163076923076923
-0.07489292307692308
-0.08720123076923077
-0.04401784615384615
0.021278769230769233
0.08866153846153846
0.13852061538461538
0.1704387692307692
0.1883796923076923
0.17565415384615385
0.1205796923076923
0.011473846153846154
-0.11599015384615384
-0.238656
-0.33023815384615385
-0.36570276923076916
-0.37029230769230764
-0.328152
-0.23364923076923078
-0.0961716923076923
0.06341907692307691
0.21925476923076925
0.3452584615384615
0.4047138461538461
0.3919883076923077
0.3131316923076923
0.19693292307692306
0.050067692307692306
-0.11140061538461538
-0.2638984615384615
-0.38301784615384615
-0.43287692307692305
-0.3994984615384615
-0.2943563076923077
-0.15291507692307693
0.006258461538461538
0.15875630769230767
0.2966510769230769
0.4072172307692307
0.4593710769230769
0.4385095384615385
0.3467187692307692
0.2207150769230769
0.08302892307692307
-0.052153846153846155
-0.17565415384615385
-0.27850153846153847
-0.33357600000000004
-0.3408775384615384
-0.2979027692307692
-0.21842030769230766
-0.13518276923076925
-0.05653476923076922
0.015228923076923076
0.0717636923076923
0.10994030769230768
0.12850707692307692
0.11807630769230769
0.086784
0.040262769230769234
-0.002086153846153846
-0.023990769230769232
-0.03337846153846154
-0.02273907692307692
0.005424
0.041514461538461535
0.0771876923076923
0.0988836923076923
0.09429415384615383
0.06529661538461538
0.021904615384615383
-0.020027076923076922
-0.045060923076923075
-0.05653476923076922
-0.05090215384615384
-0.03275261538461539
-0.0022947692307692304
0.03755076923076923
0.07572738461538461
0.10222153846153846
0.09408553846153846
0.06028984615384615
0.014603076923076923
-0.03337846153846154
-0.07510153846153846
-0.12558646153846154
-0.17023015384615386
-0.19797599999999999
-0.2075723076923077
-0.18128676923076922
-0.13184492307692308
-0.07197230769230768
-0.0050067692307692304
0.06425353846153846
0.12934153846153845
0.17252492307692308
0.18212123076923076
0.15166338461538462
0.09533723076923077
0.030875076923076922
-0.03713353846153846
-0.09491999999999999
-0.13706030769230768
-0.15291507692307693
-0.13622584615384614
-0.09450276923076922
-0.03421292307692308
0.02545107692307692
0.06967753846153846
0.09387692307692307
0.09241661538461539
0.06905169230769231
0.025033846153846153
-0.03629907692307692
-0.10243015384615384
-0.1597993846153846
-0.20506892307692307
-0.225096
-0.21654276923076923
-0.18650215384615382
-0.14060676923076923
-0.08761846153846153
-0.026285538461538457
0.030040615384615384
0.08135999999999999
0.10785415384615385
0.09992676923076924
0.07364123076923076
0.03984553846153846
0.015020307692307692
-0.014603076923076923
-0.047981538461538464
-0.07280676923076923
-0.08887015384615385
-0.08386338461538462
-0.050067692307692306
-0.002086153846153846
0.047981538461538464
0.0936683076923077
0.13351384615384615
0.16710092307692306
0.1860849230769231
0.18358153846153846
0.16251138461538459
0.13622584615384614
0.10514215384615383
0.06967753846153846
0.03609046153846154
-0.004798153846153846
-0.037967999999999995
-0.05945538461538461
-0.07155507692307693
-0.06905169230769231
-0.06446215384615385
-0.05298830769230769
-0.033169846153846154
-0.006884307692307692
0.029414769230769227
0.07405846153846153
0.10868861538461538
0.12850707692307692
0.13184492307692308
0.11411261538461538
0.0936683076923077
0.06467076923076923
0.03212676923076923
-0.013768615384615384
-0.06383630769230769
-0.09450276923076922
-0.11265230769230769
-0.11014892307692307
-0.100344
-0.07656184615384615
-0.038176615384615385
0.01043076923076923
0.07343261538461537
0.13059323076923077
0.1635544615384615
0.17398523076923075
0.16188553846153847
0.12600369230769232
0.07364123076923076
-0.005215384615384615
-0.0988836923076923
-0.18942276923076923
-0.2641070769230769
-0.3062473846153846
-0.32231076923076923
-0.2995716923076923
-0.23803015384615384
-0.15500123076923078
-0.04276615384615385
0.08219446153846154
0.192552
0.2670276923076923
0.2985286153846154
0.2916443076923077
0.2517987692307692
0.18754523076923074
0.10868861538461538
0.03045784615384615
-0.03921969230769231
-0.0855323076923077
-0.09784061538461537
-0.06884307692307692
-0.015646153846153844
0.03963692307692308
0.09658892307692307
0.14916
0.19755876923076923
0.22488738461538463
0.2238443076923077
0.19735015384615384
0.15124615384615384
0.103056
0.0609156923076923
0.026285538461538457
-0.0035464615384615383
-0.026494153846153844
-0.03775938461538462
-0.027120000000000002
-0.006467076923076923
0.007927384615384614
0.013351384615384614
0.0012516923076923076
-0.010639384615384617
-0.02211323076923077
-0.02795446153846154
-0.02482523076923077
-0.02273907692307692
0.0
0.037967999999999995
0.09658892307692307
0.16438892307692307
0.2154996923076923
0.24720923076923076
0.25430215384615384
0.25701415384615384
0.2399076923076923
0.18274707692307693
0.10952307692307692
0.02545107692307692
-0.054240000000000003
-0.12120553846153845
-0.157296
-0.157296
-0.14728246153846153
-0.11849353846153846
-0.06738276923076922
-0.0006258461538461538
0.06550523076923077
0.119328
0.15479261538461536
0.17481969230769231
0.1710646153846154
0.14603076923076924
0.10743692307692307
0.05236246153846154
-0.02357353846153846
-0.11035753846153845
-0.18232984615384615
-0.23761292307692305
-0.26869661538461537
-0.2830910769230769
-0.2722430769230769
-0.22843384615384613
-0.16021661538461537
-0.06154153846153846
0.042557538461538466
0.1316363076923077
0.2056947692307692
0.25972615384615383
0.292896
0.2981113846153846
0.2574313846153846
0.1829556923076923
0.09512861538461538
-0.0012516923076923076
-0.09033046153846153
-0.17502830769230768
-0.24449723076923074
-0.2709913846153846
-0.2557624615384615
-0.1858763076923077
-0.08782707692307692
0.012934153846153845
0.1151556923076923
0.20131384615384615
0.27787569230769227
0.33357600000000004
0.35965292307692304
0.35256
0.3039526153846154
0.2303113846153846
0.14415323076923076
0.04172307692307692
-0.06487938461538462
-0.16251138461538459
-0.23969907692307693
-0.2707827692307692
-0.2582658461538461
-0.1927606153846154
-0.09408553846153846
0.013351384615384614
0.13184492307692308
0.2399076923076923
0.33295015384615384
0.3848953846153846
0.37738523076923075
0.3114627692307692
0.19881046153846152
0.07614461538461538
-0.047772923076923074
-0.15395815384615386
-0.23636123076923077
-0.2914356923076923
-0.2981113846153846
-0.26619323076923074
-0.20277415384615383
-0.12224861538461537
-0.042557538461538466
0.030040615384615384
0.09596307692307693
0.14728246153846153
0.17273353846153844
0.1666836923076923
0.12412615384615384
0.06195876923076923
-0.010639384615384617
-0.07405846153846153
-0.13184492307692308
-0.1858763076923077
-0.22488738461538463
-0.24011630769230768
-0.19672430769230767
-0.12558646153846154
-0.031918153846153846
0.06529661538461538
0.1395636923076923
0.20256553846153844
0.22864246153846152
0.22989415384615383
0.20506892307692307
0.14331876923076922
0.05716061538461538
-0.021278769230769233
-0.10159569230769232
-0.16438892307692307
-0.19213476923076922
-0.20152246153846154
-0.1656406153846154
-0.1097316923076923
-0.028163076923076923
0.07677046153846154
0.184416
0.3131316923076923
0.4105550769230769
0.40930338461538457
0.3170953846153846
0.18399876923076922
0.015437538461538461
-0.11578153846153846
-0.27432923076923077
-0.49379261538461533
-0.6258461538461538
-0.6946892307692308
-0.615624
-0.4549901538461538
-0.2737033846153846
-0.06717415384615384
0.11953661538461538
0.3819747692307692
0.5709803076923077
0.6700726153846154
0.6523403076923077
0.4775206153846153
0.30436984615384616
0.07468430769230769
-0.13455692307692307
-0.29685969230769227
-0.4775206153846153
-0.5455292307692308
-0.574944
-0.5202867692307692
-0.3419206153846154
-0.1710646153846154
0.06321046153846153
0.25805723076923076
0.36027876923076924
0.45749353846153845
0.48044123076923073
0.4971304615384615
0.47230523076923075
0.3467187692307692
0.20673784615384616
0.033169846153846154
-0.084072
-0.15833907692307692
-0.26118646153846153
-0.33587076923076925
-0.39928984615384616
-0.38301784615384615
-0.2897667692307692
-0.2073636923076923
-0.09679753846153846
-0.0002086153846153846
0.09721476923076922
0.23385784615384617
0.33023815384615385
0.41535323076923075
0.45206953846153847
0.4186910769230769
0.3573581538461538
0.23636123076923077
0.08949599999999999
-0.07885661538461539
-0.2699483076923077
-0.42953907692307686
-0.5588806153846154
-0.6308529230769231
-0.6137464615384616
-0.51528
-0.34463261538461537
-0.16021661538461537
0.05298830769230769
0.2680707692307692
0.4326683076923077
0.5697286153846154
0.5924676923076923
0.519660923076923
0.4007501538461538
0.1992276923076923
-0.010639384615384617
-0.23385784615384617
-0.44122153846153844
-0.580368
-0.6596418461538461
-0.6212566153846153
-0.508812923076923
-0.3387913846153846
-0.09596307692307693
0.14394461538461537
0.3513083076923077
0.49963384615384615
0.5736923076923076
0.5989347692307692
0.5313433846153847
0.3821833846153846
0.184416
-0.052571076923076915
-0.2422024615384615
-0.39324
-0.5027630769230769
-0.5309261538461538
-0.5104818461538462
-0.4151446153846154
-0.26723630769230766
-0.11682461538461539
0.04714707692307692
0.18629353846153843
0.28955815384615385
0.36257353846153845
0.37592492307692305
0.3385827692307692
0.26118646153846153
0.15896492307692306
0.05277969230769231
-0.05653476923076922
-0.14603076923076924
-0.2209236923076923
-0.265776
-0.2563883076923077
-0.22321846153846153
-0.15833907692307692
-0.08115138461538463
-0.0033378461538461535
0.10514215384615383
0.2073636923076923
0.28893230769230765
0.3412947692307692
0.34651015384615386
0.3410861538461538
0.31897292307692304
0.26222953846153846
0.18379015384615385
0.08240307692307691
-0.01668923076923077
-0.10055261538461538
-0.16438892307692307
-0.20193969230769232
-0.21821169230769227
-0.20632061538461538
-0.1792006153846154
-0.13038461538461538
-0.05069353846153846
0.04568676923076923
0.16271999999999998
0.2568055384615385
0.2951907692307692
0.30061476923076924
0.26869661538461537
0.21883753846153844
0.13935507692307691
0.009804923076923077
-0.1287156923076923
-0.24554030769230767
-0.3079163076923077
-0.31083692307692307
-0.27558092307692306
-0.20778092307692309
-0.10994030769230768
0.012308307692307691
0.14686523076923075
0.25430215384615384
0.31229723076923077
0.30854215384615385
0.24574892307692306
0.16188553846153847
0.04172307692307692
-0.0892873846153846
-0.20798953846153845
-0.3156350769230769
-0.36299076923076923
-0.3646596923076923
-0.30749907692307693
-0.19067446153846154
-0.06049846153846154
0.08010830769230769
0.19860184615384616
0.2906012307692308
0.3577753846153846
0.3665372307692307
0.3079163076923077
0.1927606153846154
0.051528
-0.07426707692307692
-0.1652233846153846
-0.22134092307692307
-0.249504
-0.24011630769230768
-0.17273353846153844
-0.05194523076923077
0.09930092307692308
0.23677846153846152
0.33649661538461534
0.40700861538461536
0.4297476923076923
0.4105550769230769
0.3510996923076923
0.2426196923076923
0.1151556923076923
-0.01814953846153846
-0.12913292307692306
-0.19860184615384616
-0.23969907692307693
-0.2422024615384615
-0.20694646153846152
-0.13935507692307691
-0.04944184615384615
0.04693846153846153
0.14394461538461537
0.2056947692307692
0.2290596923076923
0.22551323076923077
0.18712800000000002
0.13852061538461538
0.07781353846153846
-0.002712
-0.07468430769230769
-0.13643446153846153
-0.16480615384615382
-0.15208061538461537
-0.12162276923076921
-0.07489292307692308
-0.028163076923076923
0.027120000000000002
0.08344615384615384
0.12558646153846154
0.15354092307692307
0.16292861538461537
0.16063384615384615
0.1422756923076923
0.11578153846153846
0.08657538461538461
0.05528307692307692
0.025659692307692307
0.0
-0.033169846153846154
-0.06905169230769231
-0.09199938461538461
-0.11432123076923076
-0.11724184615384614
-0.11286092307692308
-0.10764553846153846
-0.08636676923076922
-0.06216738461538462
-0.01272553846153846
0.03942830769230769
0.08469784615384615
0.1218313846153846
0.13247076923076923
0.13706030769230768
0.12433476923076923
0.09846646153846153
0.06154153846153846
0.014394461538461538
-0.027328615384615382
-0.07364123076923076
-0.11035753846153845
-0.12808984615384614
-0.13038461538461538
-0.10952307692307692
-0.07426707692307692
-0.01668923076923077
0.06049846153846154
0.13789476923076924
0.20652923076923077
0.24491446153846153
0.24887815384615386
0.22321846153846153
0.17648861538461538
0.1070196923076923
0.017315076923076923
-0.07739630769230768
-0.1637630769230769
-0.21362215384615382
-0.22947692307692308
-0.21904615384615383
-0.1792006153846154
-0.1207883076923077
-0.04422646153846154
0.03483876923076923
0.10222153846153846
0.14018953846153845
0.138312
0.10952307692307692
0.05945538461538461
-0.0008344615384615384
-0.06008123076923077
-0.12037107692307693
-0.16730953846153845
-0.18337292307692307
-0.16710092307692306
-0.11411261538461538
-0.042348923076923076
0.024616615384615383
0.07635323076923077
0.11077476923076923
0.12099692307692309
0.10827138461538462
0.08198584615384615
0.03275261538461539
-0.019192615384615384
-0.06383630769230769
-0.0880356923076923
-0.08156861538461539
-0.06884307692307692
-0.04568676923076923
-0.018775384615384614
0.019609846153846155
0.06675692307692307
0.1045163076923077
0.12370892307692308
0.10576799999999999
0.06028984615384615
-0.004172307692307692
-0.06759138461538462
-0.12162276923076921
-0.16876984615384616
-0.18942276923076923
-0.1597993846153846
-0.08344615384615384
0.024199384615384616
0.14916
0.260352
0.3473446153846154
0.39324
0.39511753846153846
0.3590270769230769
0.27182584615384614
0.1489513846153846
0.010639384615384617
-0.11557292307692307
-0.20652923076923077
-0.25305046153846156
-0.2517987692307692
-0.20381723076923075
-0.11578153846153846
0.006467076923076923
0.14811692307692306
0.2689052307692308
0.3548547692307692
0.3886504615384615
0.3684147692307692
0.3016578461538461
0.19317784615384614
0.059038153846153844
-0.10263876923076923
-0.25284184615384614
-0.3575667692307692
-0.40700861538461536
-0.39407446153846154
-0.3379569230769231
-0.24616615384615384
-0.13038461538461538
0.0025033846153846152
0.14436184615384615
0.26452430769230767
0.3538116923076923
0.39741230769230773
0.38280923076923074
0.3342018461538461
0.2492953846153846
0.12975876923076923
-0.008970461538461538
-0.15896492307692306
-0.2772498461538462
-0.35047384615384614
-0.36945784615384614
-0.3342018461538461
-0.27453784615384613
-0.18754523076923074
-0.08135999999999999
0.035255999999999996
0.1435273846153846
0.21007569230769232
0.22405292307692307
0.1910916923076923
0.12829846153846153
0.059664
-0.007301538461538462
-0.07885661538461539
-0.14561353846153846
-0.2056947692307692
-0.23907323076923076
-0.2438713846153846
-0.22405292307692307
-0.1858763076923077
-0.15270646153846154
-0.10159569230769232
-0.03942830769230769
0.03337846153846154
0.11807630769230769
0.1760713846153846
0.2056947692307692
0.21779446153846155
0.21654276923076923
0.20924123076923076
0.17502830769230768
0.11745046153846153
0.050067692307692306
-0.01710646153846154
-0.06216738461538462
-0.0988836923076923
-0.11995384615384615
-0.12308307692307692
-0.10785415384615385
-0.0609156923076923
0.001043076923076923
0.06696553846153847
0.11724184615384614
0.13643446153846153
0.13664307692307692
0.12454338461538461
0.10076123076923077
0.061124307692307686
-0.004589538461538461
-0.07238953846153846
-0.12725538461538463
-0.16042523076923076
-0.1585476923076923
-0.14707384615384617
-0.1205796923076923
-0.084072
-0.027120000000000002
0.05298830769230769
0.12287446153846153
0.17565415384615385
0.19046584615384615
0.17982646153846152
0.1462393846153846
0.09179076923076923
0.03129230769230769
-0.04526953846153846
-0.11724184615384614
-0.16584923076923075
-0.17648861538461538
-0.146448
-0.08198584615384615
-0.002086153846153846
0.08031692307692308
0.15938215384615384
0.21758584615384616
0.25159015384615385
0.241368
0.1869193846153846
0.09950953846153845
0.0012516923076923076
-0.09053907692307692
-0.1693956923076923
-0.22697353846153845
-0.26640184615384616
-0.28434276923076923
-0.27975323076923075
-0.24178523076923078
-0.1992276923076923
-0.1531236923076923
-0.12725538461538463
-0.11140061538461538
-0.08073415384615384
-0.016272
0.1045163076923077
0.301032
0.514236923076923
0.6266806153846154
0.7725027692307692
0.851568
0.8695089230769231
0.8206929230769231
0.5743181538461538
0.26535876923076923
-0.15896492307692306
-0.5497015384615385
-0.8891187692307693
-1.2053796923076923
-1.3779046153846155
-1.444870153846154
-1.2544043076923077
-0.872220923076923
-0.3475532307692307
0.2858030769230769
0.8294547692307692
1.3111476923076923
1.6107193846153847
1.6680886153846153
1.5022393846153845
1.0470406153846155
0.4476886153846154
-0.2357353846153846
-0.937308923076923
-1.4536319999999998
-1.7884596923076923
-1.8708627692307693
-1.6682972307692308
-1.2940412307692306
-0.7266073846153845
-0.0853236923076923
0.5741095384615384
1.19328
1.6132227692307692
1.8341464615384615
1.8289310769230769
1.6105107692307692
1.2327083076923075
0.6875963076923076
0.07113784615384615
-0.5426086153846154
-1.0766639999999998
-1.4156639999999998
-1.5798443076923074
-1.5462572307692306
-1.3203267692307692
-0.9704787692307691
-0.5056836923076923
-0.014185846153846153
0.43934399999999996
0.8509421538461539
1.1432123076923075
1.3155286153846153
1.3520363076923074
1.209552
0.9531636923076923
0.5914246153846153
0.17273353846153844
-0.2674449230769231
-0.703451076923077
-1.0601833846153845
-1.3128166153846155
-1.4112830769230769
-1.3653876923076922
-1.1772166153846153
-0.8196498461538462
-0.35464615384615383
0.19797599999999999
0.7785526153846153
1.2777692307692308
1.6536941538461538
1.832268923076923
1.797430153846154
1.550638153846154
1.0985686153846153
0.5348898461538462
-0.09554584615384615
-0.7199316923076924
-1.2566990769230768
-1.6392996923076923
-1.7972215384615384
-1.7185735384615384
-1.4142036923076922
-0.9352227692307692
-0.32731753846153844
0.35860984615384617
1.0151224615384615
1.5374953846153847
1.862726769230769
1.9246855384615382
1.729212923076923
1.323456
0.742044923076923
0.08949599999999999
-0.566808
-1.1440467692307692
-1.5425021538461536
-1.7423556923076924
-1.7175304615384615
-1.4730332307692307
-1.0524646153846153
-0.5094387692307691
0.07781353846153846
0.6381544615384616
1.091892923076923
1.3860406153846154
1.5101667692307692
1.4398633846153848
1.1934886153846154
0.8115138461538461
0.3442153846153846
-0.12767261538461538
-0.5665993846153846
-0.9018443076923077
-1.1008633846153846
-1.1847267692307692
-1.129235076923077
-0.9527464615384614
-0.6909341538461538
-0.3707095384615384
-0.02795446153846154
0.3102110769230769
0.6160412307692308
0.8476043076923075
0.980700923076923
1.0128276923076922
0.9433587692307692
0.790860923076923
0.5678510769230769
0.31000246153846156
0.0446436923076923
-0.20965846153846154
-0.4268270769230769
-0.6175015384615384
-0.7424621538461539
-0.7816818461538462
-0.7362036923076923
-0.593928
-0.40742584615384614
-0.17419384615384614
0.09825784615384614
0.37926276923076924
0.656304
0.8619987692307692
0.9746510769230768
0.9857076923076923
0.8761846153846153
0.6734104615384615
0.38948492307692306
0.04965046153846154
-0.30332676923076923
-0.6277236923076922
-0.864084923076923
-0.9919661538461538
-1.0032313846153846
-0.8982978461538461
-0.7080406153846154
-0.44351630769230765
-0.12996738461538462
0.1948467692307692
0.49337538461538455
0.7103353846153846
0.8215273846153847
0.819024
0.7124215384615384
0.5376018461538461
0.3116713846153846
0.0446436923076923
-0.2207150769230769
-0.4424732307692308
-0.5826627692307692
-0.628140923076923
-0.6037329230769231
-0.5211212307692308
-0.39657784615384617
-0.235944
-0.04526953846153846
0.14582215384615385
0.2937304615384615
0.38009723076923074
0.4170221538461538
0.41264123076923076
0.37655076923076924
0.3077076923076923
0.20861538461538462
0.09763200000000001
-0.0077187692307692304
-0.11265230769230769
-0.1990190769230769
-0.2709913846153846
-0.34171199999999996
-0.3805144615384615
-0.39219692307692305
-0.35860984615384617
-0.2872633846153846
-0.19526400000000002
-0.07781353846153846
0.05173661538461538
0.19213476923076922
0.33002953846153843
0.4522781538461538
0.5232073846153845
0.5194523076923077
0.44643692307692306
0.3198073846153846
0.16063384615384615
-0.011473846153846154
-0.1842073846153846
-0.34296369230769225
-0.4587452307692308
-0.509856
-0.47960676923076917
-0.38531261538461536
-0.24658338461538462
-0.0826116923076923
0.0892873846153846
0.2701569230769231
0.4245323076923077
0.5219556923076923
0.552204923076923
0.5015113846153846
0.38885907692307686
0.23406646153846156
0.05862092307692307
-0.11724184615384614
-0.27787569230769227
-0.37967999999999996
-0.4113895384615384
-0.38301784615384615
-0.29185292307692307
-0.17481969230769231
-0.047772923076923074
0.0853236923076923
0.1927606153846154
0.2764153846153846
0.30708184615384615
0.2853858461538461
0.23385784615384617
0.1639716923076923
0.11181784615384616
0.06717415384615384
0.03400430769230769
0.005841230769230769
-0.026494153846153844
-0.03629907692307692
-0.03108369230769231
-0.021904615384615383
-0.02211323076923077
-0.042348923076923076
-0.06154153846153846
-0.08302892307692307
-0.0963803076923077
-0.08448923076923077
-0.0717636923076923
-0.05319692307692307
-0.02315630769230769
0.030040615384615384
0.100344
0.14832553846153845
0.1710646153846154
0.16438892307692307
0.12955015384615384
0.08302892307692307
0.016063384615384615
-0.06049846153846154
-0.1341396923076923
-0.20256553846153844
-0.23928184615384615
-0.24032492307692307
-0.2075723076923077
-0.14665661538461539
-0.07426707692307692
0.013560000000000001
0.10514215384615383
0.1800350769230769
0.2238443076923077
0.208824
0.15270646153846154
0.07656184615384615
-0.010848
-0.08782707692307692
-0.15813046153846153
-0.2194633846153846
-0.2582658461538461
-0.25471938461538457
-0.2021483076923077
-0.127464
-0.05757784615384615
-0.0004172307692307692
0.042348923076923076
0.0678
0.058829538461538454
0.01940123076923077
-0.04088861538461538
-0.12120553846153845
-0.18983999999999998
-0.23656984615384613
-0.24992123076923078
-0.23490092307692306
-0.20193969230769232
-0.13226215384615383
-0.030875076923076922
0.08344615384615384
0.18942276923076923
0.2588916923076923
0.2837169230769231
0.26535876923076923
0.1992276923076923
0.10138707692307691
-0.014185846153846153
-0.130176
-0.22154953846153846
-0.27453784615384613
-0.268488
-0.20715507692307691
-0.11202646153846153
0.008970461538461538
0.14415323076923076
0.2858030769230769
0.409512
0.4896203076923077
0.5100646153846153
0.4466455384615384
0.32085046153846153
0.15875630769230767
-0.024408000000000003
-0.19818461538461538
-0.3517255384615385
-0.4539470769230769
-0.47689476923076923
-0.42077723076923074
-0.2899753846153846
-0.1151556923076923
0.08615815384615384
0.29331323076923077
0.47668615384615387
0.6187532307692307
0.6834239999999999
0.6567212307692307
0.5401052307692308
0.36257353846153845
0.168144
-0.02273907692307692
-0.1860849230769231
-0.3129230769230769
-0.3880246153846154
-0.3907366153846154
-0.3321156923076923
-0.21883753846153844
-0.07384984615384615
0.07280676923076923
0.20486030769230767
0.3054129230769231
0.37592492307692305
0.40095876923076923
0.3671630769230769
0.28663753846153844
0.1802436923076923
0.07468430769230769
-0.017523692307692306
-0.09784061538461537
-0.17002153846153847
-0.23239753846153846
-0.26869661538461537
-0.2670276923076923
-0.2355267692307692
-0.18379015384615385
-0.12850707692307692
-0.07489292307692308
-0.012308307692307691
0.05757784615384615
0.12934153846153845
0.17628
0.19380369230769232
0.19651569230769228
0.1800350769230769
0.15416676923076922
0.11014892307692307
0.042974769230769226
-0.03379569230769231
-0.1097316923076923
-0.16710092307692306
-0.1940123076923077
-0.19964492307692308
-0.18983999999999998
-0.16209415384615386
-0.111192
-0.030040615384615384
0.059664
0.14665661538461539
0.20965846153846154
0.23886461538461537
0.24658338461538462
0.21758584615384616
0.16438892307692307
0.0880356923076923
-0.014811692307692307
-0.10368184615384615
-0.16021661538461537
-0.16730953846153845
-0.130176
-0.0855323076923077
-0.03379569230769231
0.02545107692307692
0.086784
0.13789476923076924
0.1476996923076923
0.11494707692307692
0.05590892307692308
-0.010848
-0.05945538461538461
-0.08740984615384616
-0.09909230769230769
-0.092208
-0.062376
-0.014811692307692307
0.05048492307692308
0.11828492307692307
0.15374953846153847
0.154584
0.13101046153846155
0.08699261538461538
0.02482523076923077
-0.04944184615384615
-0.13476553846153844
-0.21925476923076925
-0.27558092307692306
-0.28955815384615385
-0.2574313846153846
-0.18483323076923078
-0.09429415384615383
0.008136
0.12037107692307693
0.22342707692307692
0.3008233846153846
0.3304467692307692
0.2970683076923077
0.21299630769230768
0.10493353846153847
-0.010639384615384617
-0.116616
-0.20861538461538462
-0.2643156923076923
-0.27286892307692306
-0.2225926153846154
-0.1218313846153846
-0.029832
0.06821723076923077
0.15291507692307693
0.214248
0.2628553846153846
0.26452430769230767
0.22989415384615383
0.16897846153846155
0.10764553846153846
0.11077476923076923
0.15541846153846153
0.07280676923076923
-0.021904615384615383
-0.06675692307692307
-0.0974233846153846
0.018358153846153843
-0.021696
-0.14123261538461537
-0.2154996923076923
-0.2951907692307692
-0.1829556923076923
-0.12099692307692309
-0.06383630769230769
-0.03713353846153846
-0.003129230769230769
0.21007569230769232
0.3611132307692308
0.5154886153846154
0.514236923076923
0.38719015384615385
0.3316984615384615
0.17377661538461536
0.08198584615384615
-0.04902461538461538
-0.24011630769230768
-0.28204799999999997
-0.3813489230769231
-0.3506824615384615
-0.19735015384615384
-0.100344
0.11223507692307692
0.2209236923076923
0.28163076923076924
0.4086775384615385
0.4451852307692308
0.5317606153846154
0.5188264615384615
0.3652855384615385
0.1923433846153846
-0.02357353846153846
-0.13518276923076925
-0.241368
-0.3949089230769231
-0.4956701538461538
-0.5540824615384615
-0.45060923076923076
-0.26786215384615386
-0.12829846153846153
0.03650769230769231
0.13205353846153844
0.23844738461538462
0.3752990769230769
0.3873987692307692
0.37550769230769226
0.2951907692307692
0.14665661538461539
0.05048492307692308
-0.0828203076923077
-0.20632061538461538
-0.3206418461538461
-0.4618744615384615
-0.5154886153846154
-0.5240418461538462
-0.4812756923076923
-0.3752990769230769
-0.23281476923076924
-0.0678
0.05924676923076923
0.19818461538461538
0.3152178461538461
0.3790541538461539
0.4036707692307692
0.31041969230769234
0.1829556923076923
0.07051199999999999
-0.07218092307692307
-0.18086953846153844
-0.30895938461538464
-0.4134756923076923
-0.4443507692307692
-0.45603323076923075
-0.3907366153846154
-0.3116713846153846
-0.21091015384615383
-0.04109723076923077
0.12496061538461539
0.27787569230769227
0.3763421538461538
0.42015138461538465
0.4424732307692308
0.3984553846153846
0.3062473846153846
0.15374953846153847
-0.02753723076923077
-0.1504116923076923
-0.27787569230769227
-0.360696
-0.3636166153846153
-0.3448412307692308
-0.23886461538461537
-0.11327815384615383
0.005215384615384615
0.16271999999999998
0.28204799999999997
0.3855212307692308
0.4408043076923077
0.4180652307692308
0.3584012307692308
0.24345415384615382
0.12350030769230769
0.0029206153846153843
-0.11974523076923077
-0.222384
-0.3079163076923077
-0.3054129230769231
-0.24199384615384617
-0.16209415384615386
-0.05173661538461538
0.026911384615384615
0.11265230769230769
0.21633415384615384
0.2776670769230769
0.31250584615384613
0.2753723076923077
0.20444307692307692
0.1656406153846154
0.1218313846153846
0.06988615384615385
-0.005215384615384615
-0.08344615384615384
-0.11077476923076923
-0.10681107692307691
-0.07426707692307692
-0.016897846153846156
0.026494153846153844
0.0717636923076923
0.0963803076923077
0.11098338461538461
0.1287156923076923
0.11494707692307692
0.09533723076923077
0.03296123076923077
-0.05444861538461539
-0.11724184615384614
-0.16480615384615382
-0.1666836923076923
-0.15646153846153846
-0.16042523076923076
-0.13852061538461538
-0.0936683076923077
-0.028788923076923077
0.042348923076923076
0.06738276923076922
0.05382276923076923
0.025033846153846153
-0.0016689230769230767
-0.016063384615384615
-0.04819015384615385
-0.08761846153846153
-0.13434830769230768
-0.16418030769230768
-0.14707384615384617
-0.11953661538461538
-0.06926030769230769
-0.02211323076923077
0.016272
0.07009476923076922
0.10055261538461538
0.12975876923076923
0.14144123076923076
0.11724184615384614
0.07927384615384615
0.014185846153846153
-0.03504738461538461
-0.06279323076923077
-0.09053907692307692
-0.11494707692307692
-0.14081538461538462
-0.1314276923076923
-0.08845292307692308
-0.02482523076923077
0.054657230769230764
0.10722830769230769
0.13935507692307691
0.16626646153846153
0.1867107692307692
0.20486030769230767
0.17982646153846152
0.12934153846153845
0.08949599999999999
0.047772923076923074
0.03755076923076923
0.03567323076923076
0.029623384615384614
0.05298830769230769
0.0798996923076923
0.10743692307692307
0.13309661538461537
0.13789476923076924
0.1395636923076923
0.1368516923076923
0.11619876923076923
0.09512861538461538
0.05924676923076923
0.013351384615384614
-0.02545107692307692
-0.06633969230769231
-0.09554584615384615
-0.11390399999999999
-0.10910584615384614
-0.0744756923076923
-0.024199384615384616
0.033169846153846154
0.0717636923076923
0.09825784615384614
0.12662953846153846
0.14603076923076924
0.14290153846153844
0.10117846153846152
0.034630153846153845
-0.031918153846153846
-0.09763200000000001
-0.14206707692307693
-0.15750461538461538
-0.14811692307692306
-0.10681107692307691
-0.047772923076923074
0.02795446153846154
0.1045163076923077
0.17023015384615386
0.21174461538461536
0.21633415384615384
0.2021483076923077
0.1704387692307692
0.12412615384615384
0.07572738461538461
0.01856676923076923
-0.04693846153846153
-0.09930092307692308
-0.13768615384615385
-0.1422756923076923
-0.11682461538461539
-0.08699261538461538
-0.06028984615384615
-0.046104
-0.013142769230769229
0.03942830769230769
0.08949599999999999
0.13101046153846155
0.14081538461538462
0.132888
0.11244369230769231
0.07113784615384615
0.016063384615384615
-0.06154153846153846
-0.13476553846153844
-0.19213476923076922
-0.23969907692307693
-0.2559710769230769
-0.24887815384615386
-0.21153599999999997
-0.13455692307692307
-0.03379569230769231
0.09408553846153846
0.2209236923076923
0.31688676923076925
0.37738523076923075
0.38948492307692306
0.3671630769230769
0.3152178461538461
0.24074215384615386
0.14540492307692307
0.026494153846153844
-0.08323753846153846
-0.17398523076923075
-0.22134092307692307
-0.2138307692307692
-0.184416
-0.124752
-0.03129230769230769
0.078648
0.19693292307692306
0.2830910769230769
0.3137575384615385
0.29644246153846154
0.23218892307692307
0.1476996923076923
0.049233230769230765
-0.07343261538461537
-0.19588984615384614
-0.2920615384615385
-0.3319070769230769
-0.309168
-0.23406646153846156
-0.12496061538461539
-0.010848
0.11181784615384616
0.22196676923076922
0.2981113846153846
0.3248141538461538
0.2853858461538461
0.20715507692307691
0.1136953846153846
0.018358153846153843
-0.054240000000000003
-0.10514215384615383
-0.13476553846153844
-0.12245723076923076
-0.07635323076923077
-0.006467076923076923
0.06028984615384615
0.09283384615384616
0.09179076923076923
0.058412307692307694
0.011891076923076923
-0.03442153846153846
-0.07697907692307693
-0.11849353846153846
-0.1506203076923077
-0.14832553846153845
-0.11265230769230769
-0.04860738461538461
0.020652923076923076
0.07489292307692308
0.11807630769230769
0.14749107692307692
0.16271999999999998
0.1504116923076923
0.10180430769230768
0.015020307692307692
-0.07781353846153846
-0.14832553846153845
-0.19609846153846153
-0.2125790769230769
-0.21111876923076925
-0.17815753846153848
-0.10806276923076923
-0.015646153846153844
0.09533723076923077
0.19213476923076922
0.2438713846153846
0.25847446153846154
0.2355267692307692
0.1787833846153846
0.09512861538461538
-0.02858030769230769
-0.15646153846153846
-0.26097784615384617
-0.3216849230769231
-0.32231076923076923
-0.28163076923076924
-0.21049292307692305
-0.12621230769230768
-0.03963692307692308
0.040054153846153843
0.11244369230769231
0.1543753846153846
0.13872923076923074
0.08615815384615384
0.01668923076923077
-0.045895384615384616
-0.08699261538461538
-0.11870215384615385
-0.13747753846153846
-0.12350030769230769
-0.0853236923076923
-0.02524246153846154
0.050067692307692306
0.10597661538461538
0.1341396923076923
0.14039815384615384
0.12391753846153845
0.10117846153846152
0.06675692307692307
0.018775384615384614
-0.03400430769230769
-0.07843938461538462
-0.092208
-0.07468430769230769
-0.040262769230769234
-0.0077187692307692304
0.02753723076923077
0.06049846153846154
0.08761846153846153
0.11140061538461538
0.11348676923076922
0.08198584615384615
0.028163076923076923
-0.032544
-0.08323753846153846
-0.11140061538461538
-0.1353913846153846
-0.13455692307692307
-0.09158215384615384
-0.02086153846153846
0.07948246153846153
0.17502830769230768
0.24741784615384615
0.29080984615384614
0.30186646153846153
0.29039261538461536
0.25555384615384613
0.1923433846153846
0.09784061538461537
-0.003129230769230769
-0.08198584615384615
-0.12975876923076923
-0.143736
-0.13080184615384613
-0.1070196923076923
-0.06654830769230768
-0.004589538461538461
0.06467076923076923
0.124752
0.1639716923076923
0.17440246153846153
0.16063384615384615
0.13184492307692308
0.08594953846153845
0.01940123076923077
-0.06383630769230769
-0.14519630769230768
-0.21091015384615383
-0.25346769230769234
-0.2641070769230769
-0.249504
-0.23093723076923076
-0.20131384615384615
-0.15541846153846153
-0.09387692307692307
-0.02232184615384615
0.03629907692307692
0.08511507692307693
0.12037107692307693
0.1449876923076923
0.15813046153846153
0.14999446153846155
0.12120553846153845
0.07510153846153846
0.03024923076923077
-0.011056615384615385
-0.0446436923076923
-0.06633969230769231
-0.08991323076923076
-0.10263876923076923
-0.09596307692307693
-0.08115138461538463
-0.07030338461538461
-0.07948246153846153
-0.11473846153846154
-0.15124615384615384
-0.13455692307692307
-0.065088
0.03984553846153846
0.16021661538461537
0.24720923076923076
0.3412947692307692
0.42077723076923074
0.4516523076923077
0.4188996923076923
0.273912
0.08490646153846154
-0.10889723076923077
-0.24637476923076923
-0.3855212307692308
-0.49629599999999996
-0.5159058461538462
-0.48586523076923077
-0.3079163076923077
-0.08469784615384615
0.15333230769230768
0.3650769230769231
0.49733907692307694
0.6108258461538462
0.6106172307692308
0.5259193846153846
0.3584012307692308
0.12287446153846153
-0.11202646153846153
-0.35568923076923076
-0.509856
-0.5876695384615385
-0.5870436923076923
-0.4746
-0.3216849230769231
-0.11140061538461538
0.09971815384615385
0.2751636923076923
0.4291218461538462
0.45457292307692304
0.3988726153846154
0.3170953846153846
0.19547261538461536
0.11557292307692307
0.01940123076923077
-0.0826116923076923
-0.14853415384615384
-0.19797599999999999
-0.17502830769230768
-0.12955015384615384
-0.09533723076923077
-0.06926030769230769
-0.04422646153846154
0.019192615384615384
0.06967753846153846
0.08824430769230769
0.07823076923076923
0.031918153846153846
0.017315076923076923
0.02023569230769231
0.03650769230769231
0.08824430769230769
0.13184492307692308
0.18629353846153843
0.24199384615384617
0.2497126153846154
0.22447015384615385
0.14164984615384615
0.005424
-0.13497415384615385
-0.27620676923076926
-0.3611132307692308
-0.385104
-0.34317230769230767
-0.23677846153846152
-0.09930092307692308
0.07781353846153846
0.2436627692307692
0.3817661538461538
0.4577021538461538
0.44038707692307694
0.3750904615384615
0.27328615384615385
0.14665661538461539
0.006884307692307692
-0.14540492307692307
-0.2659846153846154
-0.3304467692307692
-0.3385827692307692
-0.2730775384615384
-0.1639716923076923
-0.02023569230769231
0.1502030769230769
0.31897292307692304
0.47084492307692305
0.557628923076923
0.5782818461538461
0.5319692307692307
0.4307907692307692
0.28893230769230765
0.10910584615384614
-0.05319692307692307
-0.1867107692307692
-0.2805876923076923
-0.31104553846153843
-0.28017046153846153
-0.20110523076923076
-0.09283384615384616
0.015020307692307692
0.10180430769230768
0.16459753846153846
0.18754523076923074
0.19338646153846153
0.1691870769230769
0.111192
0.04902461538461538
-0.015020307692307692
-0.05945538461538461
-0.08699261538461538
-0.09721476923076922
-0.10368184615384615
-0.10347323076923076
-0.08177723076923075
-0.052153846153846155
-0.018775384615384614
-0.007510153846153846
-0.017940923076923077
-0.027745846153846152
-0.03713353846153846
-0.04819015384615385
-0.04944184615384615
-0.06028984615384615
-0.06905169230769231
-0.051319384615384614
-0.017523692307692306
0.033169846153846154
0.07489292307692308
0.10639384615384614
0.13622584615384614
0.14415323076923076
0.11891076923076922
0.06154153846153846
-0.008344615384615384
-0.07843938461538462
-0.14206707692307693
-0.18796246153846152
-0.206112
-0.18525046153846153
-0.13038461538461538
-0.06195876923076923
0.015228923076923076
0.09179076923076923
0.15333230769230768
0.20423446153846153
0.2207150769230769
0.20173107692307693
0.15604430769230768
0.08469784615384615
0.013560000000000001
-0.05862092307692307
-0.12537784615384615
-0.1652233846153846
-0.16856123076923077
-0.13872923076923074
-0.09909230769230769
-0.06258461538461538
-0.024408000000000003
0.010639384615384617
0.03296123076923077
0.03671630769230769
0.020652923076923076
-0.008970461538461538
-0.05111076923076923
-0.08907876923076924
-0.11140061538461538
-0.12850707692307692
-0.12788123076923075
-0.10117846153846152
-0.050067692307692306
0.014185846153846153
0.06321046153846153
0.09158215384615384
0.1045163076923077
0.09283384615384616
0.054240000000000003
0.0035464615384615383
-0.056951999999999996
-0.10222153846153846
-0.12683815384615382
-0.1368516923076923
-0.103056
-0.04172307692307692
0.040262769230769234
0.1422756923076923
0.23072861538461537
0.28893230769230765
0.31396615384615384
0.29915446153846154
0.24303692307692307
0.1558356923076923
0.04714707692307692
-0.058412307692307694
-0.1422756923076923
-0.20298276923076922
-0.23656984615384613
-0.23969907692307693
-0.19588984615384614
-0.10910584615384614
-0.0012516923076923076
0.10138707692307691
0.17023015384615386
0.20527753846153846
0.21091015384615383
0.18712800000000002
0.13518276923076925
0.06487938461538462
-0.0002086153846153846
-0.05653476923076922
-0.08824430769230769
-0.08761846153846153
-0.07823076923076923
-0.06717415384615384
-0.052571076923076915
-0.02524246153846154
0.017523692307692306
0.05611753846153846
0.07906523076923076
0.07885661538461539
0.05236246153846154
0.015228923076923076
-0.011891076923076923
-0.02482523076923077
-0.018775384615384614
-0.003963692307692307
0.02044430769230769
0.073224
0.13247076923076923
0.1783661538461538
0.19171753846153847
0.16647507692307692
0.11557292307692307
0.038176615384615385
-0.050067692307692306
-0.14582215384615385
-0.2438713846153846
-0.3127144615384615
-0.3437981538461538
-0.3187643076923077
-0.2330233846153846
-0.12350030769230769
0.0002086153846153846
0.11891076923076922
0.214248
0.2853858461538461
0.3131316923076923
0.2749550769230769
0.165432
0.015437538461538461
-0.13852061538461538
-0.2651501538461538
-0.3517255384615385
-0.3944916923076923
-0.3836436923076923
-0.31188
-0.184416
-0.026076923076923077
0.13121907692307694
0.2526332307692308
0.330864
0.35923569230769226
0.34275507692307694
0.2939390769230769
0.20402584615384614
0.08010830769230769
-0.06216738461538462
-0.18858830769230767
-0.2695310769230769
-0.30749907692307693
-0.3016578461538461
-0.26306399999999996
-0.19171753846153847
-0.08469784615384615
0.03921969230769231
0.16418030769230768
0.2563883076923077
0.3031181538461538
0.31396615384615384
0.2947735384615384
0.25471938461538457
0.1881710769230769
0.09158215384615384
-0.016063384615384615
-0.11306953846153844
-0.17565415384615385
-0.20027076923076922
-0.19380369230769232
-0.16209415384615386
-0.11494707692307692
-0.054240000000000003
0.016897846153846156
0.09700615384615385
0.1570873846153846
0.1856676923076923
0.19296923076923078
0.1802436923076923
0.15646153846153846
0.11870215384615385
0.055491692307692304
-0.019192615384615384
-0.08615815384615384
-0.14582215384615385
-0.1775316923076923
-0.19171753846153847
-0.19609846153846153
-0.1794092307692308
-0.14832553846153845
-0.08344615384615384
0.003963692307692307
0.08219446153846154
0.15082892307692305
0.20360861538461536
0.22718215384615387
0.23385784615384617
0.21654276923076923
0.1612596923076923
0.08782707692307692
0.012099692307692308
-0.05048492307692308
-0.09679753846153846
-0.12329169230769231
-0.12537784615384615
-0.10201292307692307
-0.05590892307692308
0.003963692307692307
0.0717636923076923
0.12725538461538463
0.16292861538461537
0.1777403076923077
0.1733593846153846
0.1635544615384615
0.14749107692307692
0.11202646153846153
0.06446215384615385
0.012308307692307691
-0.03379569230769231
-0.0678
-0.09429415384615383
-0.10952307692307692
-0.11327815384615383
-0.08302892307692307
-0.028788923076923077
0.04693846153846153
0.12642092307692307
0.17982646153846152
0.21696000000000001
0.21862892307692305
0.20152246153846154
0.16647507692307692
0.10076123076923077
0.018358153846153843
-0.07635323076923077
-0.14916
-0.17648861538461538
-0.15938215384615384
-0.11494707692307692
-0.059664
0.013560000000000001
0.09283384615384616
0.1570873846153846
0.20423446153846153
0.21153599999999997
0.1869193846153846
0.14018953846153845
0.06341907692307691
-0.016063384615384615
-0.10493353846153847
-0.18712800000000002
-0.2411593846153846
-0.26139507692307695
-0.2261390769230769
-0.15333230769230768
-0.07051199999999999
0.009596307692307692
0.08219446153846154
0.14519630769230768
0.17899199999999998
0.17169046153846151
0.13309661538461537
0.0609156923076923
-0.015646153846153844
-0.08177723076923075
-0.12934153846153845
-0.1506203076923077
-0.15771323076923077
-0.12975876923076923
-0.07280676923076923
-0.0014603076923076922
0.07656184615384615
0.14123261538461537
0.17398523076923075
0.17377661538461536
0.14853415384615384
0.10785415384615385
0.049233230769230765
-0.016897846153846156
-0.07572738461538461
-0.10868861538461538
-0.10910584615384614
-0.0853236923076923
-0.03275261538461539
0.02858030769230769
0.0855323076923077
0.12996738461538462
0.15541846153846153
0.15667015384615385
0.130176
0.07572738461538461
0.008344615384615384
-0.0448523076923077
-0.078648
-0.08574092307692306
-0.07510153846153846
-0.05528307692307692
-0.01981846153846154
0.029623384615384614
0.08344615384615384
0.12204
0.14081538461538462
0.13393107692307693
0.11202646153846153
0.07969107692307692
0.03442153846153846
-0.020652923076923076
-0.08115138461538463
-0.11807630769230769
-0.12662953846153846
-0.10555938461538462
-0.06383630769230769
-0.020027076923076922
0.016897846153846156
0.04109723076923077
0.055491692307692304
0.05382276923076923
0.03108369230769231
-0.010013538461538461
-0.06759138461538462
-0.11995384615384615
-0.14603076923076924
-0.15875630769230767
-0.1504116923076923
-0.12621230769230768
-0.09074769230769231
-0.03400430769230769
0.02899753846153846
0.07760492307692309
0.09658892307692307
0.08720123076923077
0.06258461538461538
0.048816000000000005
0.017315076923076923
-0.006049846153846154
-0.03212676923076923
-0.05194523076923077
-0.038176615384615385
0.015228923076923076
0.1639716923076923
0.1942209230769231
0.19881046153846152
0.21654276923076923
0.16772676923076923
0.19192615384615386
0.08010830769230769
-0.06592246153846154
-0.21320492307692307
-0.35339446153846155
-0.328152
-0.32085046153846153
-0.26348123076923075
-0.19651569230769228
-0.11599015384615384
0.07113784615384615
0.2127876923076923
0.3577753846153846
0.4047138461538461
0.3277347692307692
0.2695310769230769
0.14519630769230768
0.04088861538461538
-0.065088
-0.21696000000000001
-0.2712
-0.34588430769230766
-0.3452584615384615
-0.2140393846153846
-0.09679753846153846
0.08490646153846154
0.21049292307692305
0.287472
0.38572984615384615
0.41556184615384617
0.4493575384615385
0.4193169230769231
0.2899753846153846
0.1543753846153846
0.016480615384615385
-0.04819015384615385
-0.09304246153846155
-0.17440246153846153
-0.21800307692307694
-0.25659692307692306
-0.21737723076923077
-0.12955015384615384
-0.07697907692307693
-0.0012516923076923076
0.05277969230769231
0.11807630769230769
0.20277415384615383
0.22697353846153845
0.24428861538461538
0.22300984615384614
0.15896492307692306
0.1341396923076923
0.08490646153846154
0.023990769230769232
-0.05090215384615384
-0.15354092307692307
-0.23177169230769232
-0.3012406153846154
-0.33315876923076926
-0.3239796923076923
-0.27140861538461536
-0.18107815384615383
-0.09304246153846155
0.03567323076923076
0.18232984615384615
0.2891409230769231
0.3721698461538462
0.37884553846153846
0.33295015384615384
0.26097784615384617
0.12141415384615384
-0.018358153846153843
-0.18629353846153843
-0.3483876923076923
-0.4297476923076923
-0.47772923076923074
-0.46083138461538464
-0.40283630769230766
-0.3081249230769231
-0.13309661538461537
0.056951999999999996
0.23177169230769232
0.3571495384615384
0.4282873846153846
0.4785636923076923
0.45561599999999997
0.37321292307692305
0.2342750769230769
0.04172307692307692
-0.1218313846153846
-0.27328615384615385
-0.37321292307692305
-0.385104
-0.36570276923076916
-0.26681907692307694
-0.12329169230769231
0.026702769230769228
0.21091015384615383
0.36257353846153845
0.4683415384615384
0.5048492307692307
0.45603323076923075
0.35318584615384613
0.20486030769230767
0.04672984615384615
-0.10430769230769231
-0.24866953846153847
-0.360696
-0.4216116923076923
-0.4118067692307692
-0.35235138461538457
-0.27182584615384614
-0.1570873846153846
-0.0448523076923077
0.07218092307692307
0.21049292307692305
0.3102110769230769
0.3577753846153846
0.34317230769230767
0.2814221538461538
0.21737723076923077
0.12913292307692306
0.025659692307692307
-0.07092923076923077
-0.15646153846153846
-0.19317784615384614
-0.18525046153846153
-0.12621230769230768
-0.029623384615384614
0.06529661538461538
0.1543753846153846
0.222384
0.27286892307692306
0.30270092307692303
0.29915446153846154
0.2768326153846154
0.2275993846153846
0.157296
0.0961716923076923
0.03901107692307692
0.0025033846153846152
-0.03275261538461539
-0.086784
-0.1205796923076923
-0.14081538461538462
-0.14519630769230768
-0.14018953846153845
-0.13372246153846154
-0.11181784615384616
-0.08323753846153846
-0.03483876923076923
0.022530461538461537
0.06133292307692308
0.08845292307692308
0.0988836923076923
0.09992676923076924
0.08636676923076922
0.04631261538461538
-0.013142769230769229
-0.09074769230769231
-0.15145476923076923
-0.18983999999999998
-0.21362215384615382
-0.20444307692307692
-0.16167692307692308
-0.09658892307692307
-0.027120000000000002
0.03942830769230769
0.1045163076923077
0.16063384615384615
0.1994363076923077
0.21320492307692307
0.19505538461538463
0.14436184615384615
0.07614461538461538
0.008136
-0.059038153846153844
-0.12913292307692306
-0.1910916923076923
-0.22280123076923075
-0.22801661538461537
-0.2021483076923077
-0.14811692307692306
-0.07739630769230768
0.012099692307692308
0.09679753846153846
0.16856123076923077
0.21612553846153845
0.23448369230769228
0.23656984615384613
0.19755876923076923
0.1287156923076923
0.043600615384615383
-0.05069353846153846
-0.11181784615384616
-0.15270646153846154
-0.16438892307692307
-0.14477907692307693
-0.11223507692307692
-0.059664
-0.0008344615384615384
0.06404492307692307
0.11578153846153846
0.14123261538461537
0.14916
0.14561353846153846
0.14394461538461537
0.13226215384615383
0.09784061538461537
0.0609156923076923
0.02753723076923077
0.0006258461538461538
-0.0077187692307692304
-0.024199384615384616
-0.041514461538461535
-0.06154153846153846
-0.08615815384615384
-0.07635323076923077
-0.056951999999999996
-0.03066646153846154
0.0035464615384615383
0.02858030769230769
0.06738276923076922
0.11578153846153846
0.16897846153846155
0.21341353846153846
0.214248
0.1992276923076923
0.17252492307692308
0.13768615384615385
0.10618523076923077
0.05382276923076923
0.001043076923076923
-0.05236246153846154
-0.09450276923076922
-0.10368184615384615
-0.0961716923076923
-0.07551876923076924
-0.05069353846153846
-0.02753723076923077
0.013768615384615384
0.06070707692307692
0.0974233846153846
0.1205796923076923
0.11494707692307692
0.09095630769230768
0.04714707692307692
-0.008761846153846153
-0.07364123076923076
-0.1502030769230769
-0.2157083076923077
-0.25930892307692305
-0.2695310769230769
-0.25054707692307693
-0.21654276923076923
-0.17169046153846151
-0.1207883076923077
-0.06884307692307692
-0.005215384615384615
0.05236246153846154
0.08720123076923077
0.10117846153846152
0.08949599999999999
0.07697907692307693
0.06362769230769232
0.040054153846153843
0.006258461538461538
-0.028371692307692306
-0.053405538461538456
-0.06300184615384616
-0.05716061538461538
-0.05736923076923077
-0.052153846153846155
-0.03504738461538461
-0.009804923076923077
0.040262769230769234
0.09554584615384615
0.13935507692307691
0.165432
0.16981292307692308
0.16584923076923075
0.14018953846153845
0.09512861538461538
0.03024923076923077
-0.04985907692307692
-0.1151556923076923
-0.15813046153846153
-0.16626646153846153
-0.14394461538461537
-0.10576799999999999
-0.05194523076923077
0.010013538461538461
0.0771876923076923
0.12975876923076923
0.14728246153846153
0.1368516923076923
0.1045163076923077
0.06446215384615385
0.027745846153846152
-0.005841230769230769
-0.03108369230769231
-0.04985907692307692
-0.047981538461538464
-0.01043076923076923
0.045895384615384616
0.10660246153846153
0.14749107692307692
0.16188553846153847
0.1639716923076923
0.14540492307692307
0.10576799999999999
0.04652123076923077
-0.02795446153846154
-0.10055261538461538
-0.15416676923076922
-0.17273353846153844
-0.16251138461538459
-0.12996738461538462
-0.07426707692307692
0.002086153846153846
0.0897046153846154
0.17252492307692308
0.23531815384615382
0.2588916923076923
0.23510953846153848
0.1785747692307692
0.11160923076923077
0.040262769230769234
-0.028163076923076923
-0.09450276923076922
-0.14811692307692306
-0.16313723076923078
-0.14436184615384615
-0.09554584615384615
-0.028371692307692306
0.0446436923076923
0.11703323076923078
0.18253846153846154
0.241368
0.2726603076923077
0.26139507692307695
0.2138307692307692
0.14916
0.08469784615384615
0.022947692307692308
-0.03421292307692308
-0.08428061538461538
-0.12391753846153845
-0.13747753846153846
-0.13247076923076923
-0.11098338461538461
-0.0744756923076923
-0.043600615384615383
-0.009596307692307692
0.02482523076923077
0.059038153846153844
0.0826116923076923
0.08761846153846153
0.07656184615384615
0.047772923076923074
0.02273907692307692
0.0016689230769230767
-0.01814953846153846
-0.03755076923076923
-0.06133292307692308
-0.08115138461538463
-0.08907876923076924
-0.08177723076923075
-0.065088
-0.047772923076923074
-0.03775938461538462
-0.02795446153846154
-0.009179076923076922
0.011891076923076923
0.021487384615384613
0.022947692307692308
0.027328615384615382
0.03984553846153846
0.062376
0.08156861538461539
0.09053907692307692
0.07781353846153846
0.04965046153846154
0.01668923076923077
-0.025033846153846153
-0.07489292307692308
-0.14018953846153845
-0.1977673846153846
-0.23114584615384615
-0.23928184615384615
-0.21091015384615383
-0.1597993846153846
-0.09074769230769231
-0.007510153846153846
0.07405846153846153
0.15959076923076923
0.22342707692307692
0.2517987692307692
0.23928184615384615
0.1842073846153846
0.1045163076923077
0.010013538461538461
-0.08511507692307693
-0.17315076923076922
-0.24512307692307692
-0.28163076923076924
-0.26640184615384616
-0.19651569230769228
-0.09012184615384615
0.023364923076923075
0.12454338461538461
0.20944984615384615
0.27182584615384614
0.29039261538461536
0.2655673846153846
0.2056947692307692
0.12120553846153845
0.03442153846153846
-0.04130584615384615
-0.10013538461538461
-0.13872923076923074
-0.15479261538461536
-0.15124615384615384
-0.1205796923076923
-0.06529661538461538
0.0012516923076923076
0.065088
0.11640738461538462
0.15333230769230768
0.17440246153846153
0.18253846153846154
0.1792006153846154
0.16334584615384617
0.12725538461538463
0.08115138461538463
0.040679999999999994
0.014185846153846153
-0.0029206153846153843
-0.023364923076923075
-0.03880246153846154
-0.05069353846153846
-0.04839876923076923
-0.03609046153846154
-0.03150092307692308
-0.03838523076923077
-0.03275261538461539
-0.002712
0.051528
0.10722830769230769
0.16897846153846155
0.2926873846153846
0.2914356923076923
0.24282830769230768
0.20548615384615385
0.08761846153846153
0.0446436923076923
-0.08010830769230769
-0.23010276923076922
-0.35339446153846155
-0.45269538461538456
-0.36215630769230767
-0.26640184615384616
-0.14603076923076924
-0.025659692307692307
0.08845292307692308
0.3127144615384615
0.4812756923076923
0.611868923076923
0.5920504615384615
0.40930338461538457
0.26911384615384615
0.0744756923076923
-0.07426707692307692
-0.20381723076923075
-0.3838523076923077
-0.40554830769230765
-0.41556184615384617
-0.344424
-0.14457046153846154
-0.005632615384615384
0.20173107692307693
0.35276861538461535
0.42474092307692307
0.48044123076923073
0.4193169230769231
0.3684147692307692
0.2887236923076923
0.13434830769230768
-0.019192615384615384
-0.18358153846153846
-0.26452430769230767
-0.29456492307692306
-0.3229366153846154
-0.2868461538461538
-0.24992123076923078
-0.14060676923076923
0.02086153846153846
0.12850707692307692
0.23677846153846152
0.2737033846153846
0.28246523076923075
0.30666461538461537
0.24428861538461538
0.17377661538461536
0.08219446153846154
-0.03859384615384615
-0.09825784615384614
-0.15959076923076923
-0.20861538461538462
-0.235944
-0.25471938461538457
-0.22634769230769228
-0.19818461538461538
-0.1639716923076923
-0.13080184615384613
-0.08198584615384615
0.0025033846153846152
0.027745846153846152
0.04839876923076923
0.06592246153846154
0.04631261538461538
0.05590892307692308
0.003963692307692307
-0.07113784615384615
-0.132888
-0.21445661538461538
-0.2374043076923077
-0.26932246153846157
-0.29185292307692307
-0.2632726153846154
-0.2422024615384615
-0.17982646153846152
-0.11807630769230769
-0.04985907692307692
0.051528
0.12496061538461539
0.18796246153846152
0.19150892307692308
0.16897846153846155
0.17711446153846155
0.13747753846153846
0.0936683076923077
0.02795446153846154
-0.06905169230769231
-0.08866153846153846
-0.09471138461538461
-0.0744756923076923
-0.014394461538461538
0.02273907692307692
0.1045163076923077
0.1794092307692308
0.22342707692307692
0.2670276923076923
0.26452430769230767
0.2509643076923077
0.20965846153846154
0.15500123076923078
0.09596307692307693
-0.004798153846153846
-0.07885661538461539
-0.13080184615384613
-0.1502030769230769
-0.1356
-0.13476553846153844
-0.08302892307692307
-0.008344615384615384
0.061124307692307686
0.1558356923076923
0.21070153846153844
0.24595753846153845
0.27412061538461535
0.26494153846153845
0.24491446153846153
0.1718990769230769
0.07489292307692308
-0.0018775384615384615
-0.06425353846153846
-0.08156861538461539
-0.07843938461538462
-0.05590892307692308
-0.0012516923076923076
0.06905169230769231
0.16021661538461537
0.23385784615384617
0.2807963076923077
0.30436984615384616
0.2674449230769231
0.208824
0.1356
0.05048492307692308
-0.006049846153846154
-0.06800861538461538
-0.1218313846153846
-0.1397723076923077
-0.13434830769230768
-0.07927384615384615
-0.0033378461538461535
0.03755076923076923
0.06404492307692307
0.08031692307692308
0.10743692307692307
0.14206707692307693
0.13852061538461538
0.09283384615384616
0.00855323076923077
-0.058829538461538454
-0.10159569230769232
-0.14081538461538462
-0.1787833846153846
-0.22697353846153845
-0.24866953846153847
-0.23615261538461538
-0.19672430769230767
-0.13601723076923075
-0.09137353846153846
-0.05736923076923077
-0.01981846153846154
0.007927384615384614
0.04526953846153846
0.07677046153846154
0.07572738461538461
0.042557538461538466
-0.012934153846153845
-0.05236246153846154
-0.078648
-0.09491999999999999
-0.11390399999999999
-0.1476996923076923
-0.1710646153846154
-0.17461107692307692
-0.13747753846153846
-0.08344615384615384
-0.04526953846153846
-0.003755076923076923
0.045895384615384616
0.10827138461538462
0.17544553846153846
0.20840676923076923
0.20715507692307691
0.18775384615384613
0.1558356923076923
0.1289243076923077
0.08615815384615384
0.010639384615384617
-0.07614461538461538
-0.14832553846153845
-0.18399876923076922
-0.1829556923076923
-0.15562707692307692
-0.10889723076923077
-0.051528
0.018358153846153843
0.09554584615384615
0.17002153846153847
0.222384
0.23010276923076922
0.20256553846153844
0.14561353846153846
0.07134646153846153
-0.002086153846153846
-0.09074769230769231
-0.18086953846153844
-0.25054707692307693
-0.29915446153846154
-0.29185292307692307
-0.24199384615384617
-0.1733593846153846
-0.08866153846153846
-0.006049846153846154
0.09325107692307691
0.1940123076923077
0.2724516923076923
0.3137575384615385
0.3031181538461538
0.2601433846153846
0.1910916923076923
0.09950953846153845
-0.003963692307692307
-0.10889723076923077
-0.18107815384615383
-0.20819815384615384
-0.20402584615384614
-0.16167692307692308
-0.09950953846153845
-0.01981846153846154
0.07510153846153846
0.1652233846153846
0.2638984615384615
0.3304467692307692
0.3456756923076923
0.33002953846153843
0.27182584615384614
0.1948467692307692
0.10514215384615383
-0.0004172307692307692
-0.09909230769230769
-0.1867107692307692
-0.2559710769230769
-0.2891409230769231
-0.2818393846153846
-0.23886461538461537
-0.18337292307692307
-0.11286092307692308
-0.024616615384615383
0.05799507692307692
0.13706030769230768
0.18316430769230768
0.18921415384615384
0.1706473846153846
0.13247076923076923
0.08949599999999999
0.034630153846153845
-0.035464615384615386
-0.10764553846153846
-0.16167692307692308
-0.1829556923076923
-0.173568
-0.14561353846153846
-0.09950953846153845
-0.043392
0.014603076923076923
0.07343261538461537
0.12391753846153845
0.15479261538461536
0.15813046153846153
0.14477907692307693
0.12037107692307693
0.086784
0.04693846153846153
-0.0002086153846153846
-0.04839876923076923
-0.08365476923076923
-0.10326461538461539
-0.09909230769230769
-0.07927384615384615
-0.05736923076923077
-0.025033846153846153
0.007510153846153846
0.047772923076923074
0.09158215384615384
0.11724184615384614
0.13476553846153844
0.13476553846153844
0.12642092307692307
0.10889723076923077
0.06425353846153846
0.013351384615384614
-0.03942830769230769
-0.07405846153846153
-0.08887015384615385
-0.09179076923076923
-0.07238953846153846
-0.04693846153846153
-0.017523692307692306
0.023364923076923075
0.06675692307692307
0.09763200000000001
0.11056615384615384
0.10055261538461538
0.08240307692307691
0.05862092307692307
0.02211323076923077
-0.013142769230769229
-0.044435076923076924
-0.06195876923076923
-0.07280676923076923
-0.06759138461538462
-0.04985907692307692
-0.02795446153846154
0.0
0.02086153846153846
0.037967999999999995
0.05194523076923077
0.05590892307692308
0.04985907692307692
0.031709538461538456
0.003963692307692307
-0.015646153846153844
-0.029414769230769227
-0.04526953846153846
-0.05778646153846154
-0.06383630769230769
-0.05590892307692308
-0.037967999999999995
-0.011682461538461537
0.02086153846153846
0.038176615384615385
0.04944184615384615
0.06529661538461538
0.092208
0.10576799999999999
0.08824430769230769
0.05799507692307692
0.018983999999999997
-0.012099692307692308
-0.04422646153846154
-0.07238953846153846
-0.092208
-0.11056615384615384
-0.10868861538461538
-0.08824430769230769
-0.0448523076923077
-0.0014603076923076922
0.026702769230769228
0.04652123076923077
0.06446215384615385
0.08991323076923076
0.09784061538461537
0.09450276923076922
0.07426707692307692
0.04088861538461538
0.023990769230769232
0.02586830769230769
0.034630153846153845
0.03755076923076923
0.03358707692307692
0.027745846153846152
0.04568676923076923
0.08156861538461539
0.11014892307692307
0.12287446153846153
0.12016246153846154
0.1218313846153846
0.13393107692307693
0.14039815384615384
0.14018953846153845
0.124752
0.08574092307692306
0.051319384615384614
0.02899753846153846
0.009804923076923077
-0.0012516923076923076
-0.017940923076923077
-0.029206153846153847
-0.014185846153846153
0.014811692307692307
0.050067692307692306
0.07656184615384615
0.092208
0.10243015384615384
0.10576799999999999
0.1136953846153846
0.11223507692307692
0.09137353846153846
0.05820369230769231
0.02545107692307692
0.01814953846153846
0.021904615384615383
0.023364923076923075
0.025659692307692307
0.015228923076923076
0.014394461538461538
0.018775384615384614
0.029623384615384614
0.04714707692307692
0.03942830769230769
0.025659692307692307
0.017940923076923077
0.017315076923076923
0.012099692307692308
-0.010848
-0.04547815384615384
-0.07885661538461539
-0.09596307692307693
-0.09471138461538461
-0.086784
-0.09179076923076923
-0.1045163076923077
-0.11640738461538462
-0.10326461538461539
-0.07134646153846153
-0.040679999999999994
-0.018983999999999997
-0.018775384615384614
-0.013768615384615384
0.0
0.013768615384615384
0.02044430769230769
0.01710646153846154
0.015020307692307692
0.012099692307692308
0.02357353846153846
0.042348923076923076
0.06300184615384616
0.07802215384615384
0.08135999999999999
0.0988836923076923
0.12016246153846154
0.12725538461538463
0.11703323076923078
0.08177723076923075
0.03609046153846154
-0.0043809230769230765
-0.04985907692307692
-0.1097316923076923
-0.19505538461538463
-0.2837169230769231
-0.38885907692307686
-0.4115981538461538
-0.3216849230769231
-0.18232984615384615
0.05027630769230769
0.27975323076923075
0.5303003076923076
0.770208
0.9408553846153846
1.0255532307692308
0.9377261538461539
0.7218092307692308
0.41431015384615383
0.0974233846153846
-0.1881710769230769
-0.4485230769230769
-0.6615193846153845
-0.7987883076923077
-0.817980923076923
-0.6917686153846153
-0.4652123076923077
-0.208824
0.034630153846153845
0.21466523076923077
0.360696
0.4326683076923077
0.4076344615384615
0.3246055384615385
0.1178676923076923
-0.10827138461538462
-0.2712
-0.3698750769230769
-0.35047384615384614
-0.2814221538461538
-0.17398523076923075
-0.03379569230769231
0.05590892307692308
0.11056615384615384
0.11202646153846153
0.028788923076923077
-0.07948246153846153
-0.19067446153846154
-0.23469230769230767
-0.19067446153846154
-0.08198584615384615
0.07677046153846154
0.21341353846153846
0.30207507692307695
0.3170953846153846
0.2601433846153846
0.16167692307692308
0.014603076923076923
-0.14978584615384616
-0.29352184615384613
-0.412224
-0.46396061538461536
-0.4618744615384615
-0.4276615384615384
-0.3425464615384616
-0.22175815384615383
-0.05507446153846154
0.14749107692307692
0.34776184615384614
0.52884
0.6550523076923076
0.6779999999999999
0.5832886153846154
0.3863556923076923
0.10889723076923077
-0.20381723076923075
-0.484404923076923
-0.6796689230769231
-0.7516412307692308
-0.6853015384615384
-0.5008855384615384
-0.2238443076923077
0.08866153846153846
0.3673716923076923
0.5786990769230769
0.6809206153846155
0.6732018461538462
0.5933021538461538
0.4408043076923077
0.24554030769230767
0.03337846153846154
-0.168144
-0.3047870769230769
-0.3740473846153846
-0.384060923076923
-0.34463261538461537
-0.2632726153846154
-0.143736
0.005424
0.16981292307692308
0.3022836923076923
0.3805144615384615
0.40033292307692303
0.35318584615384613
0.27850153846153847
0.19046584615384615
0.084072
-0.007301538461538462
-0.08177723076923075
-0.11703323076923078
-0.1045163076923077
-0.07259815384615384
-0.03379569230769231
-0.01940123076923077
-0.033169846153846154
-0.05653476923076922
-0.07739630769230768
-0.09262523076923077
-0.10576799999999999
-0.10994030769230768
-0.09721476923076922
-0.059664
0.0
0.05757784615384615
0.10368184615384615
0.132888
0.12704676923076924
0.10013538461538461
0.04965046153846154
-0.03421292307692308
-0.12913292307692306
-0.23615261538461538
-0.3285692307692308
-0.36778892307692307
-0.3692492307692308
-0.3202246153846154
-0.23636123076923077
-0.13080184615384613
0.003755076923076923
0.13393107692307693
0.2557624615384615
0.3440067692307692
0.3826006153846154
0.37029230769230764
0.295608
0.1908830769230769
0.04860738461538461
-0.11599015384615384
-0.25513661538461535
-0.36319938461538465
-0.4026276923076923
-0.38677292307692307
-0.330864
-0.21049292307692305
-0.05486584615384615
0.12204
0.28246523076923075
0.38301784615384615
0.41681353846153846
0.38280923076923074
0.32377107692307694
0.2574313846153846
0.17961784615384613
0.10576799999999999
0.03504738461538461
-0.008761846153846153
-0.01272553846153846
0.008344615384615384
0.033169846153846154
0.025033846153846153
-0.006467076923076923
-0.03671630769230769
-0.06884307692307692
-0.10326461538461539
-0.13706030769230768
-0.16751815384615384
-0.18337292307692307
-0.17002153846153847
-0.11390399999999999
-0.02357353846153846
0.06613107692307692
0.1397723076923077
0.19755876923076923
0.2482523076923077
0.29602523076923076
0.3148006153846154
0.279336
0.1802436923076923
0.04401784615384615
-0.09700615384615385
-0.21925476923076925
-0.29873723076923075
-0.34692738461538464
-0.34588430769230766
-0.2730775384615384
-0.13330523076923076
0.06154153846153846
0.2620209230769231
0.42411507692307693
0.5190350769230769
0.540731076923077
0.5004683076923077
0.39511753846153846
0.23093723076923076
0.035464615384615386
-0.14582215384615385
-0.26786215384615386
-0.3206418461538461
-0.2937304615384615
-0.20819815384615384
-0.09283384615384616
0.04631261538461538
0.18191261538461537
0.30520430769230766
0.387816
0.40325353846153844
0.35318584615384613
0.24491446153846153
0.10660246153846153
-0.04088861538461538
-0.1860849230769231
-0.3054129230769231
-0.37967999999999996
-0.39532615384615377
-0.3479704615384615
-0.25200738461538463
-0.12725538461538463
-0.01272553846153846
0.08490646153846154
0.1666836923076923
0.20965846153846154
0.22551323076923077
0.20110523076923076
0.14749107692307692
0.09053907692307692
0.02858030769230769
-0.006884307692307692
-0.015854769230769228
-0.002086153846153846
0.026702769230769228
0.058829538461538454
0.09575446153846154
0.11891076923076922
0.12162276923076921
0.09930092307692308
0.05090215384615384
-0.013768615384615384
-0.07134646153846153
-0.11682461538461539
-0.14311015384615386
-0.14582215384615385
-0.11619876923076923
-0.05194523076923077
0.03024923076923077
0.12683815384615382
0.20444307692307692
0.24762646153846155
0.2540935384615385
0.22175815384615383
0.15333230769230768
0.059038153846153844
-0.04130584615384615
-0.1353913846153846
-0.20152246153846154
-0.23239753846153846
-0.22551323076923077
-0.18754523076923074
-0.13101046153846155
-0.059664
0.018775384615384614
0.08657538461538461
0.13038461538461538
0.14853415384615384
0.13434830769230768
0.09700615384615385
0.05236246153846154
0.008344615384615384
-0.027120000000000002
-0.05382276923076923
-0.06592246153846154
-0.05590892307692308
-0.03024923076923077
0.0029206153846153843
0.03066646153846154
0.04735569230769231
0.05507446153846154
0.05486584615384615
0.034630153846153845
-0.0018775384615384615
-0.03984553846153846
-0.07843938461538462
-0.09950953846153845
-0.10013538461538461
-0.07551876923076924
-0.026494153846153844
0.026911384615384615
0.08428061538461538
0.13372246153846154
0.16418030769230768
0.1800350769230769
0.17544553846153846
0.13914646153846155
0.08094276923076923
0.02023569230769231
-0.03692492307692308
-0.07843938461538462
-0.11306953846153844
-0.13247076923076923
-0.12308307692307692
-0.0897046153846154
-0.03045784615384615
0.026702769230769228
0.08219446153846154
0.12579507692307693
0.1356
0.12099692307692309
0.07468430769230769
0.009804923076923077
-0.06195876923076923
-0.13267938461538462
-0.16876984615384616
-0.1721076923076923
-0.1449876923076923
-0.092208
-0.033169846153846154
0.03483876923076923
0.08866153846153846
0.12120553846153845
0.1341396923076923
0.11411261538461538
0.07405846153846153
0.018358153846153843
-0.04276615384615385
-0.0961716923076923
-0.13768615384615385
-0.15291507692307693
-0.13601723076923075
-0.08448923076923077
-0.0006258461538461538
0.08949599999999999
0.17377661538461536
0.22864246153846152
0.24074215384615386
0.22029784615384615
0.16292861538461537
0.07614461538461538
-0.03108369230769231
-0.13810338461538463
-0.2127876923076923
-0.24908676923076922
-0.24554030769230767
-0.19547261538461536
-0.10827138461538462
0.006258461538461538
0.12934153846153845
0.2438713846153846
0.33295015384615384
0.37425600000000003
0.3713353846153846
0.3210590769230769
0.22426153846153846
0.09784061538461537
-0.05194523076923077
-0.20652923076923077
-0.34317230769230767
-0.4466455384615384
-0.4925409230769231
-0.47272246153846154
-0.39324
-0.26348123076923075
-0.11202646153846153
0.04944184615384615
0.1992276923076923
0.31834707692307695
0.39261415384615383
0.404088
0.3659113846153846
0.28955815384615385
0.18379015384615385
0.06279323076923077
-0.06383630769230769
-0.18253846153846154
-0.27412061538461535
-0.32377107692307694
-0.32606584615384615
-0.29873723076923075
-0.2540935384615385
-0.19338646153846153
-0.119328
-0.037342153846153844
0.040679999999999994
0.10743692307692307
0.16000799999999998
0.1913003076923077
0.20256553846153844
0.20506892307692307
0.1842073846153846
0.14311015384615386
0.08135999999999999
0.0016689230769230767
-0.06988615384615385
-0.13101046153846155
-0.17398523076923075
-0.1992276923076923
-0.21028430769230766
-0.1942209230769231
-0.14853415384615384
-0.07468430769230769
0.015646153846153844
0.10159569230769232
0.173568
0.22655630769230767
0.2647329230769231
0.2807963076923077
0.25805723076923076
0.18963138461538462
0.09387692307692307
-0.017732307692307693
-0.13080184615384613
-0.23093723076923076
-0.30937661538461536
-0.3540203076923077
-0.36319938461538465
-0.3216849230769231
-0.2399076923076923
-0.12850707692307692
-0.013142769230769229
0.086784
0.17148184615384612
0.23198030769230768
0.27182584615384614
0.2734947692307692
0.2415766153846154
0.18379015384615385
0.10743692307692307
0.034630153846153845
-0.02795446153846154
-0.07364123076923076
-0.09930092307692308
-0.11077476923076923
-0.10180430769230768
-0.06341907692307691
-0.01940123076923077
0.03045784615384615
0.07656184615384615
0.10660246153846153
0.1395636923076923
0.16251138461538459
0.18379015384615385
0.1977673846153846
0.18128676923076922
0.15124615384615384
0.11828492307692307
0.09450276923076922
0.06049846153846154
0.015854769230769228
-0.02023569230769231
-0.056326153846153845
-0.08156861538461539
-0.09971815384615385
-0.10994030769230768
-0.11974523076923077
-0.14561353846153846
-0.157296
-0.15124615384615384
-0.15875630769230767
-0.14164984615384615
-0.08302892307692307
0.011473846153846154
0.15833907692307692
0.309168
0.44414215384615385
0.5528307692307692
0.5930935384615384
0.5807852307692307
0.47606030769230767
0.31250584615384613
0.14060676923076923
-0.08636676923076922
-0.2618123076923077
-0.4145187692307692
-0.49921661538461537
-0.48711692307692306
-0.4551987692307692
-0.30833353846153844
-0.14957723076923077
0.05444861538461539
0.29227015384615385
0.4539470769230769
0.5726492307692308
0.539688
0.4180652307692308
0.26076923076923075
0.040679999999999994
-0.17273353846153844
-0.40700861538461536
-0.5870436923076923
-0.6523403076923077
-0.609156923076923
-0.43433723076923075
-0.20965846153846154
0.03483876923076923
0.2803790769230769
0.45791076923076923
0.5759870769230769
0.5855833846153846
0.47772923076923074
0.30416123076923074
0.08490646153846154
-0.08907876923076924
-0.21800307692307694
-0.29498215384615384
-0.30207507692307695
-0.28017046153846153
-0.21237046153846154
-0.11870215384615385
-0.006884307692307692
0.12621230769230768
0.22655630769230767
0.2726603076923077
0.2666104615384615
0.21925476923076925
0.157296
0.08031692307692308
-0.00855323076923077
-0.1028473846153846
-0.1696043076923077
-0.17315076923076922
-0.13080184615384613
-0.06070707692307692
0.010222153846153844
0.05590892307692308
0.09825784615384614
0.13059323076923077
0.12037107692307693
0.07092923076923077
-0.016272
-0.0961716923076923
-0.1424843076923077
-0.14978584615384616
-0.10514215384615383
-0.04172307692307692
0.03692492307692308
0.11724184615384614
0.1829556923076923
0.22989415384615383
0.22989415384615383
0.1942209230769231
0.12808984615384614
0.03629907692307692
-0.037967999999999995
-0.0988836923076923
-0.13330523076923076
-0.13643446153846153
-0.12955015384615384
-0.078648
-0.00855323076923077
0.06195876923076923
0.13643446153846153
0.17544553846153846
0.1710646153846154
0.1422756923076923
0.09325107692307691
0.018358153846153843
-0.06341907692307691
-0.13476553846153844
-0.17961784615384613
-0.18066092307692305
-0.13706030769230768
-0.05820369230769231
0.045895384615384616
0.15792184615384616
0.26452430769230767
0.3577753846153846
0.3972036923076923
0.3571495384615384
0.2526332307692308
0.10222153846153846
-0.04714707692307692
-0.17628
-0.28204799999999997
-0.3327415384615385
-0.3350363076923077
-0.2703655384615385
-0.14144123076923076
-0.002086153846153846
0.1397723076923077
0.25388492307692306
0.31751261538461534
0.3387913846153846
0.30416123076923074
0.2275993846153846
0.11140061538461538
-0.035464615384615386
-0.17148184615384612
-0.27432923076923077
-0.3239796923076923
-0.32231076923076923
-0.28851507692307693
-0.2221753846153846
-0.12767261538461538
-0.003963692307692307
0.13935507692307691
0.2659846153846154
0.35631507692307696
0.3890676923076923
0.36278215384615387
0.3062473846153846
0.21862892307692305
0.09971815384615385
-0.02858030769230769
-0.14790830769230767
-0.22300984615384614
-0.24741784615384615
-0.235944
-0.19818461538461538
-0.14957723076923077
-0.07781353846153846
0.004172307692307692
0.08073415384615384
0.13935507692307691
0.1570873846153846
0.15103753846153847
0.124752
0.09241661538461539
0.07468430769230769
0.05570030769230769
0.03880246153846154
0.012308307692307691
-0.027745846153846152
-0.06592246153846154
-0.11891076923076922
-0.18337292307692307
-0.252216
-0.3156350769230769
-0.34338092307692303
-0.32877784615384614
-0.2757895384615385
-0.1927606153846154
-0.09575446153846154
0.014394461538461538
0.12850707692307692
0.2290596923076923
0.29727692307692305
0.32189353846153845
0.3079163076923077
0.25054707692307693
0.1712732307692308
0.07823076923076923
-0.03045784615384615
-0.1341396923076923
-0.23177169230769232
-0.2937304615384615
-0.3035353846153846
-0.2851772307692308
-0.23156307692307693
-0.14582215384615385
-0.03942830769230769
0.08448923076923077
0.19380369230769232
0.268488
0.2989458461538462
0.2764153846153846
0.21967199999999998
0.14665661538461539
0.06884307692307692
-0.003755076923076923
-0.07593599999999999
-0.12141415384615384
-0.13726892307692307
-0.12767261538461538
-0.08636676923076922
-0.047772923076923074
-0.003963692307692307
0.037342153846153844
0.06863446153846153
0.10076123076923077
0.10806276923076923
0.10347323076923076
0.08594953846153845
0.06279323076923077
0.053614153846153846
0.040679999999999994
0.028788923076923077
0.009179076923076922
-0.023990769230769232
-0.054240000000000003
-0.08115138461538463
-0.09825784615384614
-0.11202646153846153
-0.13726892307692307
-0.154584
-0.1585476923076923
-0.1422756923076923
-0.11035753846153845
-0.0892873846153846
-0.061750153846153844
-0.028788923076923077
0.012099692307692308
0.06404492307692307
0.09658892307692307
0.10952307692307692
0.09512861538461538
0.059664
0.021904615384615383
-0.025659692307692307
-0.08010830769230769
-0.1314276923076923
-0.1704387692307692
-0.18775384615384613
-0.17732307692307692
-0.146448
-0.10055261538461538
-0.0446436923076923
0.021487384615384613
0.09012184615384615
0.15124615384615384
0.1948467692307692
0.1990190769230769
0.17273353846153844
0.12996738461538462
0.07614461538461538
0.02545107692307692
-0.022947692307692308
-0.07259815384615384
-0.11286092307692308
-0.143736
-0.154584
-0.14790830769230767
-0.12496061538461539
-0.0897046153846154
-0.059038153846153844
-0.015646153846153844
0.03504738461538461
0.08490646153846154
0.11828492307692307
0.13351384615384615
0.13497415384615385
0.12308307692307692
0.103056
0.07009476923076922
0.03421292307692308
0.0002086153846153846
-0.02086153846153846
-0.023990769230769232
-0.006675692307692307
0.010848
0.024408000000000003
0.044435076923076924
0.05820369230769231
0.07572738461538461
0.09575446153846154
0.10931446153846153
0.1218313846153846
0.1356
0.14436184615384615
0.14603076923076924
0.12683815384615382
0.09095630769230768
0.040262769230769234
-0.02023569230769231
-0.06717415384615384
-0.10848000000000001
-0.13476553846153844
-0.14185846153846154
-0.13226215384615383
-0.09992676923076924
-0.04047138461538462
0.040679999999999994
0.12016246153846154
0.1867107692307692
0.23156307692307693
0.2507556923076923
0.23364923076923078
0.1846246153846154
0.11390399999999999
0.03129230769230769
-0.04965046153846154
-0.11745046153846153
-0.15395815384615386
-0.16772676923076923
-0.14477907692307693
-0.08907876923076924
-0.013768615384615384
0.08240307692307691
0.17148184615384612
0.23928184615384615
0.26681907692307694
0.24574892307692306
0.1908830769230769
0.10722830769230769
0.009804923076923077
-0.0892873846153846
-0.17294215384615383
-0.21696000000000001
-0.21821169230769227
-0.1706473846153846
-0.08323753846153846
0.02357353846153846
0.13455692307692307
0.23510953846153848
0.3087507692307692
0.3379569230769231
0.31834707692307695
0.2532590769230769
0.1543753846153846
0.04401784615384615
-0.053405538461538456
-0.124752
-0.1639716923076923
-0.16271999999999998
-0.12120553846153845
-0.044435076923076924
0.05862092307692307
0.1635544615384615
0.2568055384615385
0.3235624615384615
0.35047384615384614
0.3419206153846154
0.28768061538461537
0.1908830769230769
0.06946892307692307
-0.06133292307692308
-0.17252492307692308
-0.2438713846153846
-0.2764153846153846
-0.27412061538461535
-0.24700061538461537
-0.19526400000000002
-0.11452984615384615
-0.02232184615384615
0.059872615384615385
0.11724184615384614
0.1449876923076923
0.1489513846153846
0.13080184615384613
0.09325107692307691
0.04088861538461538
-0.014811692307692307
-0.06195876923076923
-0.09575446153846154
-0.11807630769230769
-0.13789476923076924
-0.15208061538461537
-0.15145476923076923
-0.13872923076923074
-0.11202646153846153
-0.06759138461538462
-0.02023569230769231
0.031709538461538456
0.08302892307692307
0.12287446153846153
0.16167692307692308
0.20027076923076922
0.22113230769230768
0.21195323076923075
0.17315076923076922
0.11140061538461538
0.04401784615384615
-0.02023569230769231
-0.08302892307692307
-0.13726892307692307
-0.17648861538461538
-0.1867107692307692
-0.15646153846153846
-0.09512861538461538
-0.02315630769230769
0.03880246153846154
0.10138707692307691
0.1718990769230769
0.2369870769230769
0.2799618461538461
0.2789187692307692
0.24074215384615386
0.1775316923076923
0.0936683076923077
0.003963692307692307
-0.08824430769230769
-0.17273353846153844
-0.23823876923076923
-0.276624
-0.26348123076923075
-0.21007569230769232
-0.13309661538461537
-0.03233538461538461
0.07843938461538462
0.17648861538461538
0.2559710769230769
0.2970683076923077
0.28768061538461537
0.23239753846153846
0.13101046153846155
0.011056615384615385
-0.10722830769230769
-0.20006215384615383
-0.2647329230769231
-0.3072904615384615
-0.31188
-0.2720344615384615
-0.1908830769230769
-0.09408553846153846
-0.0043809230769230765
0.06633969230769231
0.11849353846153846
0.15750461538461538
0.184416
0.18712800000000002
0.16418030769230768
0.12162276923076921
0.07259815384615384
0.03045784615384615
-0.01272553846153846
-0.05298830769230769
-0.08115138461538463
-0.08740984615384616
-0.06946892307692307
-0.02524246153846154
0.03024923076923077
0.08386338461538462
0.11452984615384615
0.12642092307692307
0.09950953846153845
0.03421292307692308
-0.045895384615384616
-0.14603076923076924
-0.2369870769230769
-0.31813846153846154
-0.3342018461538461
-0.2920615384615385
-0.1792006153846154
0.016272
0.29080984615384614
0.5219556923076923
0.6786258461538462
0.8436406153846153
0.8778535384615384
0.8699261538461538
0.7019907692307692
0.38593846153846156
0.029623384615384614
-0.3972036923076923
-0.7015735384615385
-0.9946781538461539
-1.1815975384615385
-1.228536
-1.1649083076923077
-0.8453095384615383
-0.43663199999999996
0.0961716923076923
0.6312701538461538
1.0334806153846152
1.362049846153846
1.456969846153846
1.3741495384615383
1.099403076923077
0.6208393846153847
0.11411261538461538
-0.45373846153846153
-0.9600479999999999
-1.2523181538461539
-1.402729846153846
-1.3192836923076923
-1.0706141538461538
-0.7222264615384616
-0.25012984615384615
0.20632061538461538
0.6727846153846154
1.042033846153846
1.2281187692307691
1.2713021538461537
1.1244369230769231
0.8732639999999999
0.5409396923076923
0.11911938461538461
-0.301032
-0.7082492307692307
-1.0128276923076922
-1.1621963076923076
-1.2045452307692308
-1.0910584615384615
-0.8684658461538461
-0.5830799999999999
-0.2292683076923077
0.1045163076923077
0.42077723076923074
0.7042855384615384
0.8870326153846153
1.0055261538461537
1.0119932307692308
0.9122750769230769
0.7234781538461538
0.428496
0.09116492307692307
-0.28267384615384616
-0.6364855384615384
-0.9224972307692308
-1.1175526153846154
-1.1736701538461538
-1.1144233846153846
-0.9035132307692307
-0.5417741538461538
-0.10889723076923077
0.38719015384615385
0.851568
1.216644923076923
1.4442443076923077
1.4630196923076921
1.3098960000000002
0.9683926153846153
0.48044123076923073
-0.044435076923076924
-0.580368
-1.039321846153846
-1.3580861538461537
-1.5110012307692307
-1.4507113846153845
-1.202459076923077
-0.8096363076923077
-0.2999889230769231
0.2647329230769231
0.8215273846153847
1.2673384615384615
1.5352006153846154
1.609884923076923
1.4507113846153845
1.1171353846153844
0.6462904615384615
0.09053907692307692
-0.4466455384615384
-0.919368
-1.250232
-1.4127433846153845
-1.405859076923077
-1.2076744615384614
-0.856992
-0.4105550769230769
0.07155507692307693
0.5061009230769231
0.8463526153846154
1.0526732307692308
1.1171353846153844
1.0541335384615385
0.8546972307692308
0.5599236923076922
0.21737723076923077
-0.12725538461538463
-0.4276615384615384
-0.6638141538461538
-0.8104707692307692
-0.8670055384615385
-0.8461439999999999
-0.7268159999999999
-0.5215384615384615
-0.2803790769230769
-0.019192615384615384
0.23177169230769232
0.45707630769230767
0.6452473846153846
0.7641581538461538
0.8192326153846154
0.7891919999999999
0.6738276923076922
0.5075612307692308
0.30436984615384616
0.09846646153846153
-0.10347323076923076
-0.2962338461538461
-0.45978830769230766
-0.5751526153846154
-0.6227169230769231
-0.6058190769230769
-0.5227901538461539
-0.38572984615384615
-0.21487384615384614
-0.0070929230769230765
0.2273907692307692
0.46959323076923076
0.6761224615384615
0.7894006153846154
0.8035864615384616
0.7201403076923076
0.5517876923076923
0.3210590769230769
0.043600615384615383
-0.2411593846153846
-0.500676923076923
-0.6859273846153845
-0.7645753846153847
-0.743088
-0.6252203076923077
-0.4395526153846154
-0.2207150769230769
0.02545107692307692
0.25764
0.43579753846153846
0.5411483076923076
0.5490756923076923
0.49358399999999997
0.38343507692307693
0.2411593846153846
0.09700615384615385
-0.04756430769230769
-0.1710646153846154
-0.2655673846153846
-0.2926873846153846
-0.25930892307692305
-0.20006215384615383
-0.13184492307692308
-0.07489292307692308
-0.028788923076923077
0.003129230769230769
0.01814953846153846
0.010639384615384617
-0.01272553846153846
-0.046104
-0.06487938461538462
-0.04714707692307692
-0.0035464615384615383
0.054657230769230764
0.10514215384615383
0.15625292307692307
0.20298276923076922
0.22655630769230767
0.21716861538461538
0.154584
0.04819015384615385
-0.0744756923076923
-0.17982646153846152
-0.2561796923076923
-0.295608
-0.2868461538461538
-0.22697353846153845
-0.11557292307692307
0.03588184615384615
0.208824
0.3686233846153846
0.47313969230769226
0.5094387692307691
0.4779378461538461
0.376968
0.21612553846153845
0.011891076923076923
-0.1990190769230769
-0.39511753846153846
-0.5365587692307692
-0.59664
-0.5688941538461538
-0.44685415384615385
-0.2689052307692308
-0.05820369230769231
0.16480615384615382
0.37050092307692306
0.5263366153846154
0.5985175384615384
0.5795335384615384
0.48398769230769234
0.3239796923076923
0.12642092307692307
-0.06216738461538462
-0.23135446153846154
-0.34922215384615385
-0.3909452307692307
-0.3686233846153846
-0.2853858461538461
-0.16981292307692308
-0.03650769230769231
0.10076123076923077
0.21925476923076925
0.3045784615384615
0.33378461538461535
0.314592
0.26306399999999996
0.19839323076923077
0.14603076923076924
0.10096984615384616
0.06362769230769232
0.03901107692307692
0.024199384615384616
0.024199384615384616
0.028788923076923077
0.027328615384615382
0.018358153846153843
-0.005215384615384615
-0.032544
-0.04860738461538461
-0.059872615384615385
-0.05924676923076923
-0.042557538461538466
-0.021904615384615383
0.011682461538461537
0.06738276923076922
0.12788123076923075
0.1710646153846154
0.19150892307692308
0.18253846153846154
0.14811692307692306
0.0961716923076923
0.032544
-0.032544
-0.0963803076923077
-0.13935507692307691
-0.14519630769230768
-0.10931446153846153
-0.04380923076923077
0.03567323076923076
0.1207883076923077
0.20006215384615383
0.27182584615384614
0.306456
0.2872633846153846
0.21842030769230766
0.10827138461538462
-0.015646153846153844
-0.12704676923076924
-0.208824
-0.25451076923076926
-0.2574313846153846
-0.2238443076923077
-0.14519630769230768
-0.028788923076923077
0.0934596923076923
0.20423446153846153
0.27850153846153847
0.31041969230769234
0.30416123076923074
0.2526332307692308
0.1597993846153846
0.03629907692307692
-0.10639384615384614
-0.23093723076923076
-0.3160523076923077
-0.3565236923076923
-0.3479704615384615
-0.31104553846153843
-0.2399076923076923
-0.13893784615384613
-0.010013538461538461
0.12141415384615384
0.21758584615384616
0.2837169230769231
0.28392553846153845
0.235944
0.14999446153846155
0.025659692307692307
-0.11140061538461538
-0.2618123076923077
-0.3748818461538461
-0.43704923076923075
-0.441012923076923
-0.38927630769230764
-0.3047870769230769
-0.18858830769230767
-0.053614153846153846
0.09179076923076923
0.22634769230769228
0.3312812307692308
0.3886504615384615
0.39052800000000004
0.3460929230769231
0.26723630769230766
0.16438892307692307
0.05111076923076923
-0.06133292307692308
-0.15646153846153846
-0.22134092307692307
-0.2517987692307692
-0.233232
-0.17502830769230768
-0.07739630769230768
0.040262769230769234
0.16334584615384617
0.29101846153846156
0.39052800000000004
0.4508178461538461
0.44998338461538456
0.40033292307692303
0.330864
0.21967199999999998
0.07593599999999999
-0.07051199999999999
-0.2073636923076923
-0.30708184615384615
-0.368832
-0.3944916923076923
-0.3707095384615384
-0.327108923076923
-0.252216
-0.14665661538461539
-0.029414769230769227
0.09033046153846153
0.18107815384615383
0.25513661538461535
0.3133403076923077
0.34358953846153845
0.34046030769230773
0.28955815384615385
0.20277415384615383
0.09596307692307693
-0.023990769230769232
-0.13184492307692308
-0.21883753846153844
-0.28413415384615387
-0.30290953846153845
-0.29352184615384613
-0.2369870769230769
-0.14331876923076922
-0.04693846153846153
0.049233230769230765
0.12266584615384615
0.20047938461538461
0.26348123076923075
0.2989458461538462
0.3102110769230769
0.28017046153846153
0.21696000000000001
0.13518276923076925
0.054240000000000003
-0.025659692307692307
-0.11724184615384614
-0.2056947692307692
-0.260352
-0.2776670769230769
-0.2588916923076923
-0.21633415384615384
-0.1531236923076923
-0.078648
-0.009596307692307692
0.06425353846153846
0.12204
0.1504116923076923
0.1462393846153846
0.11265230769230769
0.0744756923076923
0.032544
-0.012934153846153845
-0.073224
-0.14436184615384615
-0.20465169230769228
-0.2438713846153846
-0.2557624615384615
-0.24992123076923078
-0.23907323076923076
-0.22342707692307692
-0.1940123076923077
-0.14519630769230768
-0.07197230769230768
0.0014603076923076922
0.059872615384615385
0.10868861538461538
0.15354092307692307
0.20298276923076922
0.23928184615384615
0.24595753846153845
0.2194633846153846
0.16271999999999998
0.09909230769230769
0.03838523076923077
-0.025659692307692307
-0.09429415384615383
-0.1696043076923077
-0.21988061538461537
-0.2303113846153846
-0.20527753846153846
-0.15354092307692307
-0.09387692307692307
-0.02023569230769231
0.06404492307692307
0.15416676923076922
0.241368
0.2995716923076923
0.31396615384615384
0.2858030769230769
0.22196676923076922
0.13497415384615385
0.03108369230769231
-0.09408553846153846
-0.22154953846153846
-0.3210590769230769
-0.3744646153846154
-0.3738387692307692
-0.3195987692307692
-0.24032492307692307
-0.143736
-0.05507446153846154
0.02023569230769231
0.12016246153846154
0.19672430769230767
0.23782153846153845
0.22488738461538463
0.1858763076923077
0.14957723076923077
0.13330523076923076
0.11140061538461538
0.15103753846153847
0.19964492307692308
0.06341907692307691
0.01856676923076923
-0.034630153846153845
-0.06759138461538462
0.007510153846153846
-0.10576799999999999
-0.1869193846153846
-0.2707827692307692
-0.2497126153846154
-0.06279323076923077
0.040054153846153843
0.15082892307692305
0.1543753846153846
0.2236356923076923
0.3844781538461538
0.46354338461538463
0.5242504615384616
0.35151692307692306
0.1449876923076923
0.019609846153846155
-0.13789476923076924
-0.16730953846153845
-0.27704123076923076
-0.3805144615384615
-0.34338092307692303
-0.36674584615384614
-0.21529107692307692
-0.03150092307692308
0.06467076923076923
0.241368
0.287472
0.3304467692307692
0.3805144615384615
0.3402516923076923
0.3467187692307692
0.2572227692307692
0.111192
-0.016063384615384615
-0.1395636923076923
-0.15228923076923076
-0.17315076923076922
-0.2059033846153846
-0.21862892307692305
-0.23385784615384617
-0.119328
-0.010013538461538461
0.03942830769230769
0.09700615384615385
0.08052553846153847
0.11578153846153846
0.17711446153846155
0.17544553846153846
0.20193969230769232
0.16772676923076923
0.13643446153846153
0.1710646153846154
0.14853415384615384
0.10555938461538462
0.02357353846153846
-0.0855323076923077
-0.16689230769230767
-0.24554030769230767
-0.2981113846153846
-0.32543999999999995
-0.2872633846153846
-0.21883753846153844
-0.1614683076923077
-0.035464615384615386
0.0717636923076923
0.17648861538461538
0.2951907692307692
0.3170953846153846
0.3235624615384615
0.2799618461538461
0.19964492307692308
0.13914646153846155
0.01668923076923077
-0.08073415384615384
-0.1489513846153846
-0.2140393846153846
-0.225096
-0.2422024615384615
-0.22175815384615383
-0.13622584615384614
-0.04965046153846154
0.031709538461538456
0.08031692307692308
0.14811692307692306
0.22989415384615383
0.25930892307692305
0.2782929230769231
0.22843384615384613
0.16167692307692308
0.14269292307692305
0.08177723076923075
0.043600615384615383
-0.0006258461538461538
-0.07426707692307692
-0.09137353846153846
-0.119328
-0.12662953846153846
-0.10514215384615383
-0.10430769230769231
-0.08782707692307692
-0.06425353846153846
-0.02524246153846154
0.010013538461538461
0.054240000000000003
0.12537784615384615
0.17648861538461538
0.225096
0.24032492307692307
0.21320492307692307
0.19296923076923078
0.12600369230769232
0.054240000000000003
-0.0070929230769230765
-0.10827138461538462
-0.1656406153846154
-0.1783661538461538
-0.16793538461538463
-0.12788123076923075
-0.09137353846153846
-0.018983999999999997
0.10389046153846154
0.22551323076923077
0.3243969230769231
0.36966646153846155
0.3604873846153846
0.32836061538461536
0.2680707692307692
0.19609846153846153
0.10639384615384614
0.003963692307692307
-0.08824430769230769
-0.1785747692307692
-0.21967199999999998
-0.2225926153846154
-0.19714153846153845
-0.11870215384615385
-0.06717415384615384
-0.022530461538461537
0.034630153846153845
0.07843938461538462
0.14123261538461537
0.1612596923076923
0.13101046153846155
0.09158215384615384
0.038176615384615385
0.017523692307692306
0.011891076923076923
-0.024408000000000003
-0.07885661538461539
-0.14185846153846154
-0.17023015384615386
-0.17565415384615385
-0.1927606153846154
-0.21049292307692305
-0.2399076923076923
-0.24992123076923078
-0.22134092307692307
-0.16876984615384616
-0.08574092307692306
-0.0022947692307692304
0.08094276923076923
0.16689230769230767
0.23218892307692307
0.3004061538461538
0.33816553846153846
0.31772123076923076
0.2497126153846154
0.14749107692307692
0.06258461538461538
-0.008344615384615384
-0.0771876923076923
-0.14144123076923076
-0.19755876923076923
-0.2221753846153846
-0.18128676923076922
-0.07739630769230768
0.02044430769230769
0.08386338461538462
0.13643446153846153
0.18253846153846154
0.2275993846153846
0.25138153846153843
0.21737723076923077
0.14811692307692306
0.06070707692307692
-0.025659692307692307
-0.08469784615384615
-0.1397723076923077
-0.1873366153846154
-0.20444307692307692
-0.19004861538461537
-0.14060676923076923
-0.07092923076923077
-0.006884307692307692
0.043392
0.07656184615384615
0.09596307692307693
0.10827138461538462
0.11974523076923077
0.116616
0.09033046153846153
0.058829538461538454
0.02899753846153846
0.028163076923076923
0.04693846153846153
0.06008123076923077
0.07259815384615384
0.06133292307692308
0.04088861538461538
0.029623384615384614
0.02482523076923077
0.015228923076923076
-0.017732307692307693
-0.056951999999999996
-0.07843938461538462
-0.07468430769230769
-0.06070707692307692
-0.04902461538461538
-0.031709538461538456
-0.013142769230769229
0.006258461538461538
0.03275261538461539
0.0448523076923077
0.03755076923076923
0.016897846153846156
-0.027745846153846152
-0.07969107692307692
-0.1316363076923077
-0.1867107692307692
-0.2261390769230769
-0.25367630769230765
-0.24887815384615386
-0.21612553846153845
-0.1691870769230769
-0.10076123076923077
-0.031709538461538456
0.04756430769230769
0.10994030769230768
0.14060676923076923
0.1558356923076923
0.14582215384615385
0.11181784615384616
0.05736923076923077
-0.003963692307692307
-0.058412307692307694
-0.11035753846153845
-0.15291507692307693
-0.17523692307692307
-0.18170399999999998
-0.1585476923076923
-0.10618523076923077
-0.050067692307692306
0.017523692307692306
0.07969107692307692
0.13330523076923076
0.18754523076923074
0.21174461538461536
0.21487384615384614
0.19463815384615382
0.15750461538461538
0.11473846153846154
0.05382276923076923
-0.011891076923076923
-0.07280676923076923
-0.12245723076923076
-0.14394461538461537
-0.1287156923076923
-0.09012184615384615
-0.03567323076923076
0.024408000000000003
0.09784061538461537
0.16626646153846153
0.21633415384615384
0.2559710769230769
0.2540935384615385
0.22864246153846152
0.18170399999999998
0.11724184615384614
0.05507446153846154
-0.018983999999999997
-0.07697907692307693
-0.11286092307692308
-0.12120553846153845
-0.10722830769230769
-0.07885661538461539
-0.02899753846153846
0.022530461538461537
0.06946892307692307
0.10639384615384614
0.12496061538461539
0.11870215384615385
0.09137353846153846
0.042557538461538466
-0.011682461538461537
-0.06404492307692307
-0.11244369230769231
-0.14728246153846153
-0.16730953846153845
-0.16710092307692306
-0.14916
-0.11098338461538461
-0.07072061538461538
-0.03588184615384615
-0.0035464615384615383
0.01856676923076923
0.03567323076923076
0.037967999999999995
0.029623384615384614
0.02357353846153846
0.016272
0.018775384615384614
0.03150092307692308
0.05090215384615384
0.07489292307692308
0.09137353846153846
0.09095630769230768
0.07739630769230768
0.054240000000000003
0.016897846153846156
-0.025033846153846153
-0.08219446153846154
-0.13935507692307691
-0.17961784615384613
-0.20423446153846153
-0.21070153846153844
-0.2021483076923077
-0.1652233846153846
-0.09596307692307693
-0.0025033846153846152
0.09992676923076924
0.20110523076923076
0.2791273846153846
0.31646953846153847
0.30979384615384614
0.2568055384615385
0.16418030769230768
0.03838523076923077
-0.09283384615384616
-0.20444307692307692
-0.2768326153846154
-0.2989458461538462
-0.27453784615384613
-0.1923433846153846
-0.06404492307692307
0.08720123076923077
0.24282830769230768
0.35965292307692304
0.41556184615384617
0.4118067692307692
0.34880492307692307
0.25471938461538457
0.14123261538461537
0.015020307692307692
-0.10994030769230768
-0.222384
-0.2849686153846154
-0.29414769230769233
-0.2582658461538461
-0.20131384615384615
-0.14060676923076923
-0.06362769230769232
0.011056615384615385
0.08761846153846153
0.14728246153846153
0.1706473846153846
0.16730953846153845
0.1314276923076923
0.09387692307692307
0.06988615384615385
0.04965046153846154
0.03609046153846154
0.019609846153846155
0.008344615384615384
0.01981846153846154
0.040054153846153843
0.06049846153846154
0.07384984615384615
0.06070707692307692
0.04318338461538461
0.03880246153846154
0.0448523076923077
0.062376
0.07948246153846153
0.10514215384615383
0.14123261538461537
0.1927606153846154
0.24720923076923076
0.27182584615384614
0.26932246153846157
0.22947692307692308
0.16459753846153846
0.08720123076923077
-0.013560000000000001
-0.12037107692307693
-0.22947692307692308
-0.314592
-0.34046030769230773
-0.3131316923076923
-0.23344061538461539
-0.12600369230769232
-0.0018775384615384615
0.13330523076923076
0.26118646153846153
0.37008369230769234
0.4147273846153846
0.39303138461538456
0.3143833846153846
0.19797599999999999
0.09575446153846154
0.005215384615384615
-0.06800861538461538
-0.12204
-0.14477907692307693
-0.12037107692307693
-0.05570030769230769
0.042974769230769226
0.12913292307692306
0.18149538461538461
0.20423446153846153
0.2059033846153846
0.1927606153846154
0.1476996923076923
0.08010830769230769
0.006049846153846154
-0.06195876923076923
-0.10514215384615383
-0.1136953846153846
-0.0974233846153846
-0.07051199999999999
-0.050067692307692306
-0.029623384615384614
0.002086153846153846
0.026285538461538457
0.031709538461538456
0.0
-0.05611753846153846
-0.12120553846153845
-0.17481969230769231
-0.21862892307692305
-0.2643156923076923
-0.30895938461538464
-0.35798399999999997
-0.37926276923076924
-0.3577753846153846
-0.2422024615384615
-0.07885661538461539
0.11473846153846154
0.327108923076923
0.5015113846153846
0.6892652307692307
0.7858541538461539
0.7820990769230769
0.659016
0.4228633846153846
0.1856676923076923
-0.08761846153846153
-0.3415033846153846
-0.5734836923076922
-0.737664
-0.787523076923077
-0.7341175384615384
-0.5528307692307692
-0.31772123076923076
-0.05277969230769231
0.24679199999999998
0.511524923076923
0.7065803076923076
0.7839766153846154
0.6923944615384616
0.5263366153846154
0.28663753846153844
-0.007301538461538462
-0.2707827692307692
-0.5290486153846153
-0.6819636923076923
-0.7142990769230768
-0.6362769230769231
-0.42933046153846155
-0.20152246153846154
0.042348923076923076
0.26306399999999996
0.4124326153846154
0.5100646153846153
0.5309261538461538
0.4987993846153846
0.43329415384615383
0.32335384615384616
0.20819815384615384
0.07969107692307692
-0.04714707692307692
-0.15500123076923078
-0.2751636923076923
-0.3675803076923077
-0.4424732307692308
-0.4660467692307692
-0.4105550769230769
-0.34651015384615386
-0.2643156923076923
-0.17732307692307692
-0.09012184615384615
0.03108369230769231
0.13455692307692307
0.21716861538461538
0.2753723076923077
0.306456
0.355272
0.37550769230769226
0.3310726153846154
0.2021483076923077
0.012516923076923077
-0.17419384615384614
-0.35568923076923076
-0.49045476923076925
-0.5649304615384615
-0.570563076923077
-0.46583815384615385
-0.28246523076923075
-0.029832
0.2517987692307692
0.4823187692307692
0.6615193846153845
0.7516412307692308
0.7255643076923077
0.6283495384615384
0.45457292307692304
0.233232
-0.010639384615384617
-0.2626467692307692
-0.45206953846153847
-0.5676424615384615
-0.6014381538461538
-0.574944
-0.5048492307692307
-0.35631507692307696
-0.15687876923076924
0.08198584615384615
0.3045784615384615
0.44414215384615385
0.52884
0.5267538461538461
0.4547815384615384
0.33566215384615383
0.15374953846153847
-0.02482523076923077
-0.18066092307692305
-0.28955815384615385
-0.3214763076923077
-0.2999889230769231
-0.2355267692307692
-0.14415323076923076
-0.042557538461538466
0.06300184615384616
0.1449876923076923
0.1927606153846154
0.19505538461538463
0.15833907692307692
0.11599015384615384
0.06821723076923077
0.032544
-0.001043076923076923
-0.03650769230769231
-0.045895384615384616
-0.055491692307692304
-0.06195876923076923
-0.06028984615384615
-0.07343261538461537
-0.09241661538461539
-0.12934153846153845
-0.1712732307692308
-0.1908830769230769
-0.20027076923076922
-0.19442953846153843
-0.16772676923076923
-0.12391753846153845
-0.044435076923076924
0.05611753846153846
0.15270646153846154
0.2355267692307692
0.27850153846153847
0.2937304615384615
0.2757895384615385
0.2221753846153846
0.138312
0.010222153846153844
-0.10722830769230769
-0.19839323076923077
-0.25388492307692306
-0.2563883076923077
-0.235944
-0.16981292307692308
-0.07155507692307693
0.033169846153846154
0.15166338461538462
0.2436627692307692
0.2858030769230769
0.2883064615384615
0.2497126153846154
0.18900553846153845
0.1097316923076923
0.01710646153846154
-0.05924676923076923
-0.12704676923076924
-0.16751815384615384
-0.17711446153846155
-0.1639716923076923
-0.12141415384615384
-0.07760492307692309
-0.03400430769230769
-0.0004172307692307692
0.025033846153846153
0.04735569230769231
0.04276615384615385
0.02273907692307692
0.003755076923076923
-0.004589538461538461
0.015228923076923076
0.04756430769230769
0.07238953846153846
0.10159569230769232
0.13935507692307691
0.18921415384615384
0.23656984615384613
0.25159015384615385
0.23406646153846156
0.1860849230769231
0.11682461538461539
0.029623384615384614
-0.07593599999999999
-0.1785747692307692
-0.26160369230769226
-0.30207507692307695
-0.28893230769230765
-0.23239753846153846
-0.14436184615384615
-0.04401784615384615
0.06216738461538462
0.15959076923076923
0.22822523076923076
0.26723630769230766
0.26452430769230767
0.22843384615384613
0.17023015384615386
0.08302892307692307
-0.0006258461538461538
-0.061124307692307686
-0.10055261538461538
-0.11619876923076923
-0.11348676923076922
-0.08219446153846154
-0.02524246153846154
0.04318338461538461
0.1151556923076923
0.1704387692307692
0.20444307692307692
0.222384
0.22467876923076924
0.21445661538461538
0.17648861538461538
0.11411261538461538
0.047981538461538464
0.004589538461538461
-0.005215384615384615
-0.011056615384615385
-0.015020307692307692
-0.015020307692307692
-0.011473846153846154
0.0016689230769230767
0.005841230769230769
0.006467076923076923
0.0002086153846153846
-0.010222153846153844
-0.010848
-0.012308307692307691
-0.0035464615384615383
0.0018775384615384615
0.012099692307692308
0.04631261538461538
0.08636676923076922
0.13372246153846154
0.16501476923076921
0.17461107692307692
0.17002153846153847
0.13810338461538463
0.08469784615384615
0.017315076923076923
-0.051528
-0.11286092307692308
-0.16251138461538459
-0.19046584615384615
-0.184416
-0.14415323076923076
-0.0771876923076923
0.0
0.06967753846153846
0.12308307692307692
0.15813046153846153
0.17565415384615385
0.15354092307692307
0.09491999999999999
0.013351384615384614
-0.06821723076923077
-0.12496061538461539
-0.17982646153846152
-0.22843384615384613
-0.252216
-0.2540935384615385
-0.22843384615384613
-0.18379015384615385
-0.12808984615384614
-0.06300184615384616
-0.005841230769230769
0.05277969230769231
0.1097316923076923
0.14290153846153844
0.16042523076923076
0.15291507692307693
0.13914646153846155
0.12433476923076923
0.08991323076923076
0.055491692307692304
0.011891076923076923
-0.02545107692307692
-0.045895384615384616
-0.0678
-0.06884307692307692
-0.05611753846153846
-0.04214030769230769
-0.01981846153846154
-0.0029206153846153843
0.023782153846153845
0.05778646153846154
0.08490646153846154
0.1097316923076923
0.12433476923076923
0.13101046153846155
0.12725538461538463
0.1097316923076923
0.07614461538461538
0.024199384615384616
-0.03233538461538461
-0.07531015384615385
-0.100344
-0.1205796923076923
-0.14039815384615384
-0.14916
-0.13080184615384613
-0.07635323076923077
0.0
0.07134646153846153
0.13080184615384613
0.1785747692307692
0.19881046153846152
0.19067446153846154
0.15082892307692305
0.0853236923076923
-0.0035464615384615383
-0.0936683076923077
-0.1585476923076923
-0.20047938461538461
-0.21049292307692305
-0.20360861538461536
-0.1691870769230769
-0.10827138461538462
-0.03942830769230769
0.03609046153846154
0.09533723076923077
0.12662953846153846
0.1316363076923077
0.11682461538461539
0.08386338461538462
0.047772923076923074
0.0014603076923076922
-0.05590892307692308
-0.10576799999999999
-0.1435273846153846
-0.15917353846153848
-0.16480615384615382
-0.1614683076923077
-0.15103753846153847
-0.13121907692307694
-0.10117846153846152
-0.07092923076923077
-0.03984553846153846
-0.010013538461538461
0.02545107692307692
0.06654830769230768
0.11223507692307692
0.14936861538461538
0.17502830769230768
0.18545907692307692
0.1779489230769231
0.16626646153846153
0.14540492307692307
0.12537784615384615
0.10138707692307691
0.07051199999999999
0.03984553846153846
0.003129230769230769
-0.02315630769230769
-0.042348923076923076
-0.065088
-0.0717636923076923
-0.0609156923076923
-0.03379569230769231
0.010013538461538461
0.04860738461538461
0.08594953846153845
0.12391753846153845
0.14665661538461539
0.16647507692307692
0.16876984615384616
0.15145476923076923
0.11995384615384615
0.08010830769230769
0.05027630769230769
0.014603076923076923
-0.016480615384615385
-0.04318338461538461
-0.059038153846153844
-0.05319692307692307
-0.03963692307692308
-0.02273907692307692
-0.00855323076923077
-0.0016689230769230767
0.016063384615384615
0.0448523076923077
0.06946892307692307
0.09804923076923076
0.10597661538461538
0.10722830769230769
0.10764553846153846
0.0892873846153846
0.056326153846153845
-0.002086153846153846
-0.07197230769230768
-0.14707384615384617
-0.20715507692307691
-0.23490092307692306
-0.2369870769230769
-0.21028430769230766
-0.15145476923076923
-0.07280676923076923
0.02044430769230769
0.12516923076923075
0.20819815384615384
0.2526332307692308
0.24679199999999998
0.20423446153846153
0.14269292307692305
0.058412307692307694
-0.03442153846153846
-0.13747753846153846
-0.2225926153846154
-0.27286892307692306
-0.28893230769230765
-0.25054707692307693
-0.18107815384615383
-0.09512861538461538
-0.0012516923076923076
0.09325107692307691
0.19171753846153847
0.26786215384615386
0.29915446153846154
0.2920615384615385
0.241368
0.15938215384615384
0.06279323076923077
-0.04819015384615385
-0.157296
-0.2559710769230769
-0.3016578461538461
-0.29873723076923075
-0.2540935384615385
-0.16647507692307692
-0.06821723076923077
0.03984553846153846
0.13080184615384613
0.20360861538461536
0.24908676923076922
0.24762646153846155
0.21091015384615383
0.15103753846153847
0.08135999999999999
0.015437538461538461
-0.04380923076923077
-0.09867507692307692
-0.13518276923076925
-0.16084246153846155
-0.16230276923076925
-0.1397723076923077
-0.10722830769230769
-0.06863446153846153
-0.03421292307692308
0.02211323076923077
0.07426707692307692
0.11619876923076923
0.14540492307692307
0.1558356923076923
0.14081538461538462
0.09053907692307692
0.03504738461538461
-0.06195876923076923
-0.15270646153846154
-0.22113230769230768
-0.2482523076923077
-0.23385784615384617
-0.21737723076923077
-0.1777403076923077
-0.10931446153846153
-0.021696
0.10848000000000001
0.3291950769230769
0.336288
0.27599815384615384
0.2707827692307692
0.14665661538461539
0.2140393846153846
0.12433476923076923
-0.12558646153846154
-0.2887236923076923
-0.4746
-0.3744646153846154
-0.27328615384615385
-0.19046584615384615
-0.09721476923076922
-0.05945538461538461
0.21737723076923077
0.43663199999999996
0.6364855384615384
0.6767483076923076
0.47647753846153845
0.3994984615384615
0.23072861538461537
0.13893784615384613
0.06988615384615385
-0.1637630769230769
-0.20527753846153846
-0.31396615384615384
-0.3517255384615385
-0.1704387692307692
-0.12579507692307693
0.04714707692307692
0.16856123076923077
0.16230276923076925
0.2989458461538462
0.3456756923076923
0.4387181538461538
0.4887858461538461
0.33315876923076926
0.19964492307692308
0.02357353846153846
-0.04839876923076923
-0.06467076923076923
-0.18629353846153843
-0.2557624615384615
-0.3421292307692308
-0.28934953846153844
-0.11599015384615384
-0.04902461538461538
0.04902461538461538
0.07760492307692309
0.1045163076923077
0.2438713846153846
0.25847446153846154
0.26097784615384617
0.2261390769230769
0.09095630769230768
0.059872615384615385
0.005841230769230769
-0.078648
-0.14811692307692306
-0.2720344615384615
-0.33649661538461534
-0.3508910769230769
-0.317304
-0.24074215384615386
-0.1368516923076923
0.005424
0.08845292307692308
0.20339999999999997
0.3160523076923077
0.3573581538461538
0.40617415384615385
0.3198073846153846
0.17690584615384616
0.07051199999999999
-0.07343261538461537
-0.16292861538461537
-0.2689052307692308
-0.3648683076923077
-0.3506824615384615
-0.3095852307692307
-0.19818461538461538
-0.07572738461538461
0.010222153846153844
0.138312
0.254928
0.3216849230769231
0.314592
0.25972615384615383
0.20965846153846154
0.1178676923076923
0.01940123076923077
-0.09429415384615383
-0.2480436923076923
-0.3062473846153846
-0.3216849230769231
-0.3137575384615385
-0.21842030769230766
-0.14790830769230767
-0.037342153846153844
0.09846646153846153
0.17544553846153846
0.2805876923076923
0.33378461538461535
0.3323243076923077
0.30562153846153844
0.20486030769230767
0.09450276923076922
-0.016063384615384615
-0.09012184615384615
-0.13184492307692308
-0.15833907692307692
-0.14436184615384615
-0.14206707692307693
-0.086784
0.012308307692307691
0.08761846153846153
0.18232984615384615
0.21633415384615384
0.22822523076923076
0.28413415384615387
0.2853858461538461
0.26306399999999996
0.1910916923076923
0.06654830769230768
0.0029206153846153843
-0.042557538461538466
-0.092208
-0.14832553846153845
-0.233232
-0.27328615384615385
-0.26640184615384616
-0.22467876923076924
-0.15228923076923076
-0.09763200000000001
-0.04088861538461538
-0.007510153846153846
0.030040615384615384
0.08824430769230769
0.103056
0.13476553846153844
0.13101046153846155
0.07280676923076923
0.03212676923076923
-0.028371692307692306
-0.054657230769230764
-0.07572738461538461
-0.15374953846153847
-0.2056947692307692
-0.2236356923076923
-0.18754523076923074
-0.09450276923076922
-0.021278769230769233
0.042557538461538466
0.09930092307692308
0.17565415384615385
0.2624381538461539
0.2999889230769231
0.2989458461538462
0.2238443076923077
0.12683815384615382
0.04756430769230769
-0.054657230769230764
-0.1356
-0.21153599999999997
-0.265776
-0.252216
-0.22008923076923076
-0.15187199999999998
-0.05173661538461538
0.03024923076923077
0.1045163076923077
0.15208061538461537
0.18712800000000002
0.21883753846153844
0.21216184615384615
0.16438892307692307
0.07614461538461538
-0.021696
-0.10660246153846153
-0.16292861538461537
-0.1846246153846154
-0.21153599999999997
-0.2275993846153846
-0.20548615384615385
-0.14957723076923077
-0.05778646153846154
0.010848
0.04214030769230769
0.08156861538461539
0.10326461538461539
0.12496061538461539
0.12767261538461538
0.07948246153846153
0.03984553846153846
0.0029206153846153843
-0.01940123076923077
-0.019609846153846155
-0.029414769230769227
-0.03859384615384615
-0.04860738461538461
-0.055491692307692304
-0.05736923076923077
-0.058412307692307694
-0.050067692307692306
-0.03483876923076923
-0.002086153846153846
0.042557538461538466
0.086784
0.13852061538461538
0.18650215384615382
0.23156307692307693
0.25659692307692306
0.23656984615384613
0.2073636923076923
0.16584923076923075
0.10263876923076923
0.04172307692307692
-0.031709538461538456
-0.09283384615384616
-0.12662953846153846
-0.13476553846153844
-0.11244369230769231
-0.07593599999999999
-0.02753723076923077
0.02273907692307692
0.07238953846153846
0.11724184615384614
0.13935507692307691
0.14436184615384615
0.12579507692307693
0.06633969230769231
0.0018775384615384615
-0.07677046153846154
-0.15604430769230768
-0.19338646153846153
-0.2209236923076923
-0.21800307692307694
-0.19818461538461538
-0.17315076923076922
-0.10868861538461538
-0.02482523076923077
0.06467076923076923
0.13476553846153844
0.1783661538461538
0.20548615384615385
0.21508246153846153
0.21028430769230766
0.17169046153846151
0.11452984615384615
0.06321046153846153
0.017940923076923077
-0.009596307692307692
-0.03045784615384615
-0.052153846153846155
-0.05277969230769231
-0.047772923076923074
-0.03066646153846154
-0.0002086153846153846
0.013768615384615384
0.030875076923076922
0.042348923076923076
0.051319384615384614
0.06133292307692308
0.06404492307692307
0.0717636923076923
0.06216738461538462
0.03609046153846154
0.003755076923076923
-0.03921969230769231
-0.08386338461538462
-0.13351384615384615
-0.19463815384615382
-0.2436627692307692
-0.2563883076923077
-0.2369870769230769
-0.18128676923076922
-0.103056
-0.015228923076923076
0.08073415384615384
0.17690584615384616
0.25805723076923076
0.29101846153846156
0.2722430769230769
0.20715507692307691
0.11599015384615384
0.022947692307692308
-0.06133292307692308
-0.1341396923076923
-0.18775384615384613
-0.19359507692307693
-0.14728246153846153
-0.05924676923076923
0.056326153846153845
0.16584923076923075
0.24491446153846153
0.3087507692307692
0.3467187692307692
0.3506824615384615
0.3212676923076923
0.24574892307692306
0.14999446153846155
0.053405538461538456
-0.03483876923076923
-0.10076123076923077
-0.15187199999999998
-0.18754523076923074
-0.18775384615384613
-0.14603076923076924
-0.06717415384615384
0.026702769230769228
0.10764553846153846
0.157296
0.18358153846153846
0.1908830769230769
0.17169046153846151
0.12913292307692306
0.05194523076923077
-0.04214030769230769
-0.1151556923076923
-0.15896492307692306
-0.1585476923076923
-0.12558646153846154
-0.08949599999999999
-0.037967999999999995
0.015646153846153844
0.06675692307692307
0.10493353846153847
0.10618523076923077
0.07635323076923077
0.023990769230769232
-0.013560000000000001
-0.03775938461538462
-0.046104
-0.045895384615384616
-0.05090215384615384
-0.032544
0.0018775384615384615
0.05319692307692307
0.10514215384615383
0.11411261538461538
0.09074769230769231
0.06258461538461538
0.03755076923076923
0.022947692307692308
-0.0002086153846153846
-0.040679999999999994
-0.06884307692307692
-0.07843938461538462
-0.061750153846153844
-0.016897846153846156
0.02232184615384615
0.04714707692307692
0.07051199999999999
0.09450276923076922
0.11765907692307691
0.11703323076923078
0.08469784615384615
0.02899753846153846
-0.03421292307692308
-0.0853236923076923
-0.11870215384615385
-0.13706030769230768
-0.15208061538461537
-0.15896492307692306
-0.14269292307692305
-0.09283384615384616
-0.022947692307692308
0.040262769230769234
0.08490646153846154
0.09825784615384614
0.09095630769230768
0.06905169230769231
0.040679999999999994
0.0029206153846153843
-0.05090215384615384
-0.09533723076923077
-0.1178676923076923
-0.10389046153846154
-0.05674338461538461
0.002712
0.06696553846153847
0.12579507692307693
0.17544553846153846
0.21675138461538462
0.23114584615384615
0.19818461538461538
0.12621230769230768
0.041514461538461535
-0.026285538461538457
-0.07405846153846153
-0.10347323076923076
-0.10722830769230769
-0.0936683076923077
-0.05590892307692308
0.013768615384615384
0.09554584615384615
0.16021661538461537
0.18858830769230767
0.1860849230769231
0.16480615384615382
0.12642092307692307
0.06425353846153846
-0.026285538461538457
-0.1356
-0.23803015384615384
-0.3004061538461538
-0.31918153846153846
-0.30207507692307695
-0.26368984615384616
-0.20652923076923077
-0.12558646153846154
-0.02357353846153846
0.09533723076923077
0.20256553846153844
0.26619323076923074
0.2789187692307692
0.2601433846153846
0.21529107692307692
0.146448
0.05757784615384615
-0.04318338461538461
-0.12725538461538463
-0.18086953846153844
-0.18232984615384615
-0.13998092307692306
-0.07969107692307692
-0.012308307692307691
0.05069353846153846
0.12266584615384615
0.1860849230769231
0.22196676923076922
0.23385784615384617
0.21737723076923077
0.1829556923076923
0.14311015384615386
0.10514215384615383
0.06654830769230768
0.02044430769230769
-0.03296123076923077
-0.07656184615384615
-0.10764553846153846
-0.12433476923076923
-0.13622584615384614
-0.1356
-0.12287446153846153
-0.09283384615384616
-0.06279323076923077
-0.047981538461538464
-0.033169846153846154
-0.04839876923076923
-0.06487938461538462
-0.10660246153846153
-0.12767261538461538
-0.11578153846153846
-0.06487938461538462
0.03504738461538461
0.18942276923076923
0.39115384615384613
0.4493575384615385
0.5415655384615384
0.5868350769230769
0.5373932307692307
0.49400123076923075
0.2559710769230769
0.0029206153846153843
-0.3012406153846154
-0.5561686153846154
-0.6875963076923076
-0.8046295384615384
-0.7624892307692307
-0.6723673846153846
-0.4303735384615384
-0.06863446153846153
0.29498215384615384
0.6967753846153846
0.9275039999999999
1.0537163076923077
1.0679021538461537
0.8968375384615385
0.6675692307692307
0.29331323076923077
-0.11286092307692308
-0.46667261538461535
-0.8365476923076922
-0.9940523076923076
-0.995929846153846
-0.8934996923076922
-0.6306443076923076
-0.3686233846153846
-0.044435076923076924
0.2828824615384615
0.5524135384615385
0.8010830769230769
0.9016356923076922
0.8845292307692307
0.7750061538461538
0.5872523076923076
0.3915710769230769
0.119328
-0.18712800000000002
-0.4733483076923077
-0.7330744615384615
-0.8513593846153846
-0.8839033846153846
-0.8409286153846154
-0.6880135384615385
-0.5077698461538461
-0.25367630769230765
0.03150092307692308
0.2805876923076923
0.5159058461538462
0.6679864615384614
0.742044923076923
0.7762578461538461
0.7140904615384616
0.574944
0.3565236923076923
0.07197230769230768
-0.2221753846153846
-0.514236923076923
-0.7516412307692308
-0.9199938461538462
-0.97632
-0.9262523076923077
-0.7739630769230769
-0.46104
-0.08574092307692306
0.314592
0.7147163076923077
1.0044830769230768
1.1801372307692308
1.203084923076923
1.055593846153846
0.7862713846153846
0.38927630769230764
-0.05653476923076922
-0.48044123076923073
-0.8567833846153845
-1.1158836923076922
-1.2485630769230769
-1.2272843076923077
-1.0426596923076923
-0.7414190769230768
-0.33983446153846153
0.09700615384615385
0.5298830769230769
0.8974633846153846
1.120056
1.2124726153846153
1.120056
0.8693003076923077
0.539688
0.12433476923076923
-0.2716172307692308
-0.6028984615384615
-0.8601212307692307
-0.957336
-0.9391864615384615
-0.8021261538461537
-0.5348898461538462
-0.21466523076923077
0.1356
0.4416387692307692
0.6777913846153846
0.8282030769230768
0.8814
0.862416
0.7399587692307692
0.5471981538461539
0.3031181538461538
0.04172307692307692
-0.16689230769230767
-0.34588430769230766
-0.47418276923076924
-0.5313433846153847
-0.5494929230769231
-0.482736
-0.3490135384615385
-0.19651569230769228
-0.024408000000000003
0.13309661538461537
0.27787569230769227
0.4174393846153846
0.5156972307692308
0.5595064615384615
0.539688
0.46020553846153844
0.3440067692307692
0.20527753846153846
0.059038153846153844
-0.09846646153846153
-0.24846092307692308
-0.37592492307692305
-0.4698018461538461
-0.499008
-0.47063630769230763
-0.38719015384615385
-0.254928
-0.10952307692307692
0.061124307692307686
0.24491446153846153
0.4124326153846154
0.5555427692307692
0.6152067692307692
0.5983089230769231
0.5202867692307692
0.37884553846153846
0.20548615384615385
-0.0008344615384615384
-0.2205064615384615
-0.4180652307692308
-0.5592978461538461
-0.6031070769230769
-0.5736923076923076
-0.4952529230769231
-0.3575667692307692
-0.19672430769230767
-0.009596307692307692
0.16438892307692307
0.29456492307692306
0.3994984615384615
0.42494953846153843
0.39282276923076925
0.31229723076923077
0.1777403076923077
0.03150092307692308
-0.11640738461538462
-0.25138153846153843
-0.3408775384615384
-0.3813489230769231
-0.3746732307692308
-0.3206418461538461
-0.2436627692307692
-0.1424843076923077
-0.0448523076923077
0.04380923076923077
0.11974523076923077
0.16835261538461538
0.1881710769230769
0.16271999999999998
0.12975876923076923
0.08866153846153846
0.03859384615384615
-0.006258461538461538
-0.05319692307692307
-0.07051199999999999
-0.06800861538461538
-0.06717415384615384
-0.05736923076923077
-0.05090215384615384
-0.050067692307692306
-0.040054153846153843
-0.02795446153846154
-0.02524246153846154
-0.03921969230769231
-0.056951999999999996
-0.05611753846153846
-0.030040615384615384
0.011473846153846154
0.05382276923076923
0.09241661538461539
0.12642092307692307
0.14540492307692307
0.14206707692307693
0.11098338461538461
0.0448523076923077
-0.03129230769230769
-0.0963803076923077
-0.14415323076923076
-0.1710646153846154
-0.1800350769230769
-0.16438892307692307
-0.12099692307692309
-0.04756430769230769
0.04526953846153846
0.13601723076923075
0.20778092307692309
0.241368
0.2374043076923077
0.2056947692307692
0.15604430769230768
0.09241661538461539
0.017315076923076923
-0.05945538461538461
-0.1178676923076923
-0.13998092307692306
-0.12850707692307692
-0.09679753846153846
-0.05862092307692307
-0.009596307692307692
0.042974769230769226
0.103056
0.15833907692307692
0.17252492307692308
0.15646153846153846
0.10994030769230768
0.06717415384615384
0.04631261538461538
0.03233538461538461
0.01981846153846154
-0.0008344615384615384
0.0043809230769230765
0.037342153846153844
0.08845292307692308
0.13372246153846154
0.15124615384615384
0.1449876923076923
0.10743692307692307
0.059872615384615385
0.004589538461538461
-0.06571384615384615
-0.14206707692307693
-0.20131384615384615
-0.2238443076923077
-0.20256553846153844
-0.14081538461538462
-0.05757784615384615
0.03755076923076923
0.12266584615384615
0.19526400000000002
0.25430215384615384
0.27787569230769227
0.25430215384615384
0.17690584615384616
0.06800861538461538
-0.03692492307692308
-0.11682461538461539
-0.16710092307692306
-0.18983999999999998
-0.1785747692307692
-0.11724184615384614
-0.015646153846153844
0.10660246153846153
0.21883753846153844
0.28246523076923075
0.3079163076923077
0.30019753846153846
0.2707827692307692
0.21633415384615384
0.12829846153846153
0.02858030769230769
-0.07134646153846153
-0.14394461538461537
-0.17169046153846151
-0.16313723076923078
-0.13622584615384614
-0.09408553846153846
-0.032544
0.04401784615384615
0.11160923076923077
0.15750461538461538
0.17273353846153844
0.1356
0.07030338461538461
-0.0035464615384615383
-0.07072061538461538
-0.12662953846153846
-0.18379015384615385
-0.20632061538461538
-0.19672430769230767
-0.15813046153846153
-0.08574092307692306
-0.028371692307692306
0.018775384615384614
0.04756430769230769
0.03629907692307692
0.01668923076923077
-0.027328615384615382
-0.09554584615384615
-0.1614683076923077
-0.21007569230769232
-0.2075723076923077
-0.16418030769230768
-0.08782707692307692
0.005215384615384615
0.08782707692307692
0.17231630769230769
0.23928184615384615
0.2712
0.2626467692307692
0.19588984615384614
0.09325107692307691
-0.01981846153846154
-0.12725538461538463
-0.20819815384615384
-0.2705741538461538
-0.2997803076923077
-0.28476
-0.22634769230769228
-0.11891076923076922
-0.0006258461538461538
0.116616
0.21800307692307694
0.2868461538461538
0.3269003076923077
0.3198073846153846
0.27182584615384614
0.1829556923076923
0.07259815384615384
-0.03400430769230769
-0.12266584615384615
-0.17961784615384613
-0.2157083076923077
-0.22467876923076924
-0.18921415384615384
-0.11411261538461538
-0.01272553846153846
0.09053907692307692
0.16772676923076923
0.22134092307692307
0.24887815384615386
0.25284184615384614
0.23844738461538462
0.1913003076923077
0.12266584615384615
0.05277969230769231
-0.005215384615384615
-0.03838523076923077
-0.03609046153846154
-0.01814953846153846
0.0022947692307692304
0.02023569230769231
0.03963692307692308
0.06446215384615385
0.07572738461538461
0.07510153846153846
0.05736923076923077
0.03880246153846154
0.03880246153846154
0.05194523076923077
0.07677046153846154
0.10159569230769232
0.11056615384615384
0.10618523076923077
0.09450276923076922
0.07259815384615384
0.040262769230769234
-0.01814953846153846
-0.0853236923076923
-0.13476553846153844
-0.1691870769230769
-0.18316430769230768
-0.17711446153846155
-0.15291507692307693
-0.10722830769230769
-0.051528
0.009387692307692307
0.061750153846153844
0.09554584615384615
0.10597661538461538
0.08761846153846153
0.06258461538461538
0.021278769230769233
-0.038176615384615385
-0.10493353846153847
-0.1733593846153846
-0.21842030769230766
-0.23281476923076924
-0.20715507692307691
-0.1531236923076923
-0.08907876923076924
-0.015020307692307692
0.05277969230769231
0.11286092307692308
0.15687876923076924
0.17085599999999998
0.15959076923076923
0.13101046153846155
0.09304246153846155
0.052153846153846155
0.015646153846153844
-0.017523692307692306
-0.047772923076923074
-0.05862092307692307
-0.04735569230769231
-0.03567323076923076
-0.020652923076923076
-0.010848
-0.005632615384615384
0.0006258461538461538
0.0
0.0
-0.012099692307692308
-0.048816000000000005
-0.08135999999999999
-0.0974233846153846
-0.09408553846153846
-0.06821723076923077
-0.03942830769230769
0.007927384615384614
0.05444861538461539
0.09241661538461539
0.1218313846153846
0.13080184615384613
0.127464
0.09241661538461539
0.040054153846153843
-0.011265230769230769
-0.05528307692307692
-0.08699261538461538
-0.11494707692307692
-0.12579507692307693
-0.11160923076923077
-0.11098338461538461
-0.08490646153846154
-0.01981846153846154
0.04860738461538461
0.14978584615384616
0.22488738461538463
0.2951907692307692
0.37738523076923075
0.4111809230769231
0.40346215384615386
0.3216849230769231
0.2292683076923077
0.0880356923076923
-0.10117846153846152
-0.2127876923076923
-0.32543999999999995
-0.3713353846153846
-0.34275507692307694
-0.30061476923076924
-0.1597993846153846
-0.02357353846153846
0.14853415384615384
0.32210215384615387
0.4047138461538461
0.4746
0.41326707692307696
0.28955815384615385
0.14436184615384615
-0.06425353846153846
-0.22718215384615387
-0.39011076923076926
-0.46437784615384614
-0.42953907692307686
-0.3502652307692307
-0.165432
0.033169846153846154
0.24846092307692308
0.4314166153846154
0.5159058461538462
0.5809938461538461
0.5350984615384615
0.3988726153846154
0.2574313846153846
0.078648
-0.06321046153846153
-0.16897846153846155
-0.23656984615384613
-0.22634769230769228
-0.2236356923076923
-0.18712800000000002
-0.10681107692307691
-0.026911384615384615
0.059664
0.09554584615384615
0.10159569230769232
0.08615815384615384
0.043600615384615383
0.0006258461538461538
-0.061124307692307686
-0.12037107692307693
-0.14978584615384616
-0.1612596923076923
-0.12704676923076924
-0.06717415384615384
-0.003129230769230769
0.06279323076923077
0.07280676923076923
0.07072061538461538
0.0609156923076923
-0.005424
-0.07238953846153846
-0.14102399999999998
-0.17961784615384613
-0.15959076923076923
-0.10743692307692307
-0.001043076923076923
0.10743692307692307
0.20486030769230767
0.26619323076923074
0.28163076923076924
0.265776
0.1794092307692308
0.07426707692307692
-0.03358707692307692
-0.14686523076923075
-0.2154996923076923
-0.2436627692307692
-0.21174461538461536
-0.1353913846153846
-0.05507446153846154
0.0678
0.1942209230769231
0.2914356923076923
0.35694092307692304
0.35276861538461535
0.301032
0.20798953846153845
0.08094276923076923
-0.05194523076923077
-0.1858763076923077
-0.2868461538461538
-0.3392086153846154
-0.32982092307692307
-0.24679199999999998
-0.124752
0.03692492307692308
0.20444307692307692
0.3304467692307692
0.42640984615384614
0.4547815384615384
0.39636923076923075
0.28017046153846153
0.10681107692307691
-0.05924676923076923
-0.19463815384615382
-0.2997803076923077
-0.33816553846153846
-0.3387913846153846
-0.28663753846153844
-0.1787833846153846
-0.044435076923076924
0.10576799999999999
0.22447015384615385
0.30061476923076924
0.32627446153846157
0.29352184615384613
0.22697353846153845
0.12537784615384615
0.014394461538461538
-0.08010830769230769
-0.15646153846153846
-0.18107815384615383
-0.1721076923076923
-0.15187199999999998
-0.10493353846153847
-0.05444861538461539
0.011265230769230769
0.07781353846153846
0.11202646153846153
0.127464
0.09992676923076924
0.0448523076923077
-0.004798153846153846
-0.053405538461538456
-0.08866153846153846
-0.11765907692307691
-0.14060676923076923
-0.14206707692307693
-0.13351384615384615
-0.1136953846153846
-0.10201292307692307
-0.10555938461538462
-0.116616
-0.1489513846153846
-0.17023015384615386
-0.1829556923076923
-0.20047938461538461
-0.19442953846153843
-0.16313723076923078
-0.09784061538461537
0.0033378461538461535
0.10722830769230769
0.20778092307692309
0.27620676923076926
0.29227015384615385
0.2730775384615384
0.20277415384615383
0.10430769230769231
-0.006884307692307692
-0.12412615384615384
-0.20673784615384616
-0.2453316923076923
-0.22843384615384613
-0.16438892307692307
-0.06946892307692307
0.065088
0.20652923076923077
0.33816553846153846
0.43809230769230767
0.4714707692307692
0.4470627692307692
0.3594443076923077
0.22947692307692308
0.08386338461538462
-0.06592246153846154
-0.20652923076923077
-0.32314523076923074
-0.38593846153846156
-0.3740473846153846
-0.295608
-0.1802436923076923
-0.045895384615384616
0.0988836923076923
0.22467876923076924
0.31104553846153843
0.347136
0.31918153846153846
0.2436627692307692
0.13267938461538462
0.010848
-0.09158215384615384
-0.18337292307692307
-0.2497126153846154
-0.26535876923076923
-0.23448369230769228
-0.14916
-0.032544
0.086784
0.20027076923076922
0.2772498461538462
0.32231076923076923
0.32231076923076923
0.27140861538461536
0.1775316923076923
0.053614153846153846
-0.06592246153846154
-0.17252492307692308
-0.23761292307692305
-0.2641070769230769
-0.25659692307692306
-0.21508246153846153
-0.1397723076923077
-0.03859384615384615
0.06070707692307692
0.1422756923076923
0.17461107692307692
0.16710092307692306
0.1289243076923077
0.07405846153846153
0.014394461538461538
-0.059872615384615385
-0.12037107692307693
-0.157296
-0.16772676923076923
-0.14394461538461537
-0.10263876923076923
-0.06633969230769231
-0.03901107692307692
-0.011473846153846154
0.01981846153846154
0.06028984615384615
0.09450276923076922
0.10618523076923077
0.10785415384615385
0.10618523076923077
0.10222153846153846
0.09533723076923077
0.0744756923076923
0.031709538461538456
-0.03066646153846154
-0.09053907692307692
-0.1316363076923077
-0.1637630769230769
-0.19860184615384616
-0.22718215384615387
-0.22780799999999998
-0.20632061538461538
-0.16480615384615382
-0.10263876923076923
-0.03984553846153846
0.02273907692307692
0.07593599999999999
0.12579507692307693
0.1733593846153846
0.1867107692307692
0.16251138461538459
0.10180430769230768
0.018358153846153843
-0.06759138461538462
-0.14749107692307692
-0.21320492307692307
-0.2588916923076923
-0.2674449230769231
-0.2330233846153846
-0.15124615384615384
-0.03692492307692308
0.08615815384615384
0.19860184615384616
0.28476
0.3373310769230769
0.34963938461538463
0.32043323076923075
0.23093723076923076
0.10827138461538462
-0.01856676923076923
-0.12412615384615384
-0.1881710769230769
-0.22655630769230767
-0.23114584615384615
-0.20152246153846154
-0.13852061538461538
-0.04693846153846153
0.05382276923076923
0.13935507692307691
0.20173107692307693
0.238656
0.24658338461538462
0.23093723076923076
0.1867107692307692
0.1218313846153846
0.03859384615384615
-0.03609046153846154
-0.08240307692307691
-0.10493353846153847
-0.09971815384615385
-0.07843938461538462
-0.03024923076923077
0.03671630769230769
0.11432123076923076
0.19213476923076922
0.24408
0.26452430769230767
0.24700061538461537
0.21967199999999998
0.18379015384615385
0.13226215384615383
0.07343261538461537
0.006049846153846154
-0.03609046153846154
-0.04318338461538461
-0.021904615384615383
0.010013538461538461
0.035255999999999996
0.05716061538461538
0.06863446153846153
0.07092923076923077
0.05820369230769231
0.028163076923076923
-0.02044430769230769
-0.07635323076923077
-0.11390399999999999
-0.12662953846153846
-0.119328
-0.09533723076923077
-0.05236246153846154
-0.0014603076923076922
0.056951999999999996
0.11202646153846153
0.14790830769230767
0.1558356923076923
0.12558646153846154
0.09241661538461539
0.05799507692307692
0.01710646153846154
-0.02211323076923077
-0.06696553846153847
-0.10222153846153846
-0.11703323076923078
-0.09679753846153846
-0.04526953846153846
0.01043076923076923
0.06300184615384616
0.11077476923076923
0.14916
0.1783661538461538
0.1883796923076923
0.16710092307692306
0.11348676923076922
0.040679999999999994
-0.032544
-0.10159569230769232
-0.15500123076923078
-0.19296923076923078
-0.214248
-0.19067446153846154
-0.12767261538461538
-0.033169846153846154
0.07134646153846153
0.15875630769230767
0.23406646153846156
0.2795446153846154
0.2943563076923077
0.28768061538461537
0.24554030769230767
0.18525046153846153
0.11473846153846154
0.051528
0.0029206153846153843
-0.03483876923076923
-0.04944184615384615
-0.05653476923076922
-0.037967999999999995
0.006049846153846154
0.051528
0.09283384615384616
0.10660246153846153
0.09658892307692307
0.08761846153846153
0.07238953846153846
0.06049846153846154
0.04985907692307692
0.021696
-0.010848
-0.033169846153846154
-0.04318338461538461
-0.052153846153846155
-0.06487938461538462
-0.08031692307692308
-0.09241661538461539
-0.10764553846153846
-0.11953661538461538
-0.12204
-0.11473846153846154
-0.09179076923076923
-0.05382276923076923
0.003755076923076923
0.06383630769230769
0.11411261538461538
0.15103753846153847
0.16251138461538459
0.15625292307692307
0.13372246153846154
0.092208
0.03650769230769231
-0.042974769230769226
-0.1218313846153846
-0.18107815384615383
-0.20944984615384615
-0.19609846153846153
-0.16251138461538459
-0.10117846153846152
-0.020652923076923076
0.06571384615384615
0.16188553846153847
0.2342750769230769
0.2680707692307692
0.25471938461538457
0.19213476923076922
0.11286092307692308
0.016480615384615385
-0.0936683076923077
-0.20339999999999997
-0.29727692307692305
-0.33983446153846153
-0.33023815384615385
-0.26869661538461537
-0.15750461538461538
-0.02795446153846154
0.111192
0.2497126153846154
0.36799753846153843
0.4514436923076923
0.4750172307692308
0.43433723076923075
0.34004307692307695
0.20381723076923075
0.051319384615384614
-0.092208
-0.21612553846153845
-0.3060387692307692
-0.35235138461538457
-0.33545353846153847
-0.27474646153846155
-0.1923433846153846
-0.10889723076923077
-0.05924676923076923
-0.04193169230769231
-0.03129230769230769
0.025033846153846153
0.08574092307692306
0.1597993846153846
0.23844738461538462
0.290184
0.3752990769230769
0.43016492307692306
0.4564504615384615
0.40033292307692303
0.24866953846153847
0.07614461538461538
-0.11286092307692308
-0.26765353846153844
-0.4345458461538461
-0.5438603076923076
-0.5876695384615385
-0.5526221538461538
-0.3746732307692308
-0.15646153846153846
0.10389046153846154
0.34984799999999994
0.5367673846153845
0.6581815384615385
0.6621452307692308
0.5572116923076923
0.360696
0.09304246153846155
-0.21883753846153844
-0.5131938461538461
-0.7537273846153846
-0.8903704615384616
-0.8811913846153846
-0.7589427692307691
-0.5359329230769231
-0.2651501538461538
0.011265230769230769
0.28350830769230767
0.48398769230769234
0.5910073846153846
0.6076966153846154
0.5259193846153846
0.3972036923076923
0.24074215384615386
0.06404492307692307
-0.11202646153846153
-0.27558092307692306
-0.39699507692307695
-0.47313969230769226
-0.5023458461538461
-0.49108061538461534
-0.4268270769230769
-0.2997803076923077
-0.14311015384615386
0.023364923076923075
0.16710092307692306
0.27140861538461536
0.3536030769230769
0.3882332307692308
0.3650769230769231
0.3054129230769231
0.21904615384615383
0.13226215384615383
0.04380923076923077
-0.05444861538461539
-0.16501476923076921
-0.2651501538461538
-0.3402516923076923
-0.3949089230769231
-0.4090947692307692
-0.39282276923076925
-0.3402516923076923
-0.22530461538461538
-0.07531015384615385
0.09012184615384615
0.2563883076923077
0.39011076923076926
0.47689476923076923
0.49733907692307694
0.4456024615384615
0.33670523076923076
0.1858763076923077
0.013768615384615384
-0.14436184615384615
-0.27474646153846155
-0.3707095384615384
-0.3949089230769231
-0.3584012307692308
-0.2791273846153846
-0.1718990769230769
-0.06362769230769232
0.06946892307692307
0.21675138461538462
0.3350363076923077
0.4007501538461538
0.4145187692307692
0.3848953846153846
0.31626092307692305
0.21612553846153845
0.08636676923076922
-0.05236246153846154
-0.18066092307692305
-0.2853858461538461
-0.3442153846153846
-0.3456756923076923
-0.30249230769230767
-0.21007569230769232
-0.08615815384615384
0.03838523076923077
0.14665661538461539
0.21967199999999998
0.26160369230769226
0.2720344615384615
0.25012984615384615
0.20027076923076922
0.14707384615384617
0.08845292307692308
0.02357353846153846
-0.02232184615384615
-0.06258461538461538
-0.08594953846153845
-0.08490646153846154
-0.07510153846153846
-0.05090215384615384
-0.011473846153846154
0.03400430769230769
0.07969107692307692
0.11703323076923078
0.13643446153846153
0.15103753846153847
0.14728246153846153
0.1341396923076923
0.13330523076923076
0.12496061538461539
0.11640738461538462
0.10159569230769232
0.086784
0.07843938461538462
0.06028984615384615
0.023782153846153845
-0.03755076923076923
-0.0988836923076923
-0.14018953846153845
-0.16105107692307694
-0.15813046153846153
-0.14436184615384615
-0.12642092307692307
-0.08490646153846154
-0.027328615384615382
0.03755076923076923
0.0892873846153846
0.0961716923076923
0.09304246153846155
0.09179076923076923
0.08720123076923077
0.09095630769230768
0.07843938461538462
0.05236246153846154
0.027328615384615382
0.0043809230769230765
-0.0043809230769230765
-0.0014603076923076922
-0.006049846153846154
-0.011891076923076923
-0.016897846153846156
-0.02482523076923077
-0.025659692307692307
-0.026285538461538457
-0.022947692307692308
-0.025033846153846153
-0.025033846153846153
-0.015020307692307692
-0.0043809230769230765
0.01981846153846154
0.026702769230769228
0.024408000000000003
0.04109723076923077
0.06884307692307692
0.12558646153846154
0.17023015384615386
0.1858763076923077
0.19025723076923076
0.1691870769230769
0.14081538461538462
0.10201292307692307
0.03880246153846154
-0.037342153846153844
-0.10013538461538461
-0.13080184615384613
-0.13038461538461538
-0.10055261538461538
-0.054240000000000003
0.009387692307692307
0.09700615384615385
0.1804523076923077
0.24866953846153847
0.2897667692307692
0.2832996923076923
0.24637476923076923
0.1783661538461538
0.09095630769230768
0.007927384615384614
-0.07802215384615384
-0.15270646153846154
-0.21320492307692307
-0.2503384615384615
-0.2424110769230769
-0.20110523076923076
-0.12662953846153846
-0.03671630769230769
0.059872615384615385
0.16209415384615386
0.24074215384615386
0.2985286153846154
0.3131316923076923
0.2805876923076923
0.21237046153846154
0.11035753846153845
0.013768615384615384
-0.08469784615384615
-0.17982646153846152
-0.2517987692307692
-0.2916443076923077
-0.2772498461538462
-0.222384
-0.13935507692307691
-0.042557538461538466
0.053405538461538456
0.14081538461538462
0.2138307692307692
0.25659692307692306
0.25847446153846154
0.22780799999999998
0.17461107692307692
0.11828492307692307
0.058412307692307694
-0.006258461538461538
-0.07635323076923077
-0.15646153846153846
-0.22029784615384615
-0.2605606153846154
-0.2845513846153846
-0.2891409230769231
-0.28809784615384615
-0.25764
-0.19735015384615384
-0.11745046153846153
-0.011891076923076923
0.09095630769230768
0.1881710769230769
0.2632726153846154
0.29685969230769227
0.30207507692307695
0.265776
0.1881710769230769
0.0771876923076923
-0.049233230769230765
-0.14707384615384617
-0.22488738461538463
-0.2695310769230769
-0.28246523076923075
-0.2709913846153846
-0.20360861538461536
-0.10222153846153846
0.028788923076923077
0.15813046153846153
0.2480436923076923
0.3212676923076923
0.36382523076923073
0.3675803076923077
0.3350363076923077
0.2618123076923077
0.1706473846153846
0.06738276923076922
-0.03358707692307692
-0.11348676923076922
-0.17732307692307692
-0.21842030769230766
-0.222384
-0.18754523076923074
-0.1136953846153846
-0.02858030769230769
0.051528
0.12788123076923075
0.1802436923076923
0.21320492307692307
0.22697353846153845
0.21633415384615384
0.19046584615384615
0.14832553846153845
0.100344
0.059038153846153844
0.025659692307692307
0.010013538461538461
0.0018775384615384615
-0.011265230769230769
-0.021278769230769233
-0.03108369230769231
-0.043600615384615383
-0.056326153846153845
-0.06571384615384615
-0.07134646153846153
-0.061124307692307686
-0.02858030769230769
0.01940123076923077
0.07843938461538462
0.13247076923076923
0.1777403076923077
0.21320492307692307
0.22029784615384615
0.19818461538461538
0.15354092307692307
0.0798996923076923
-0.006258461538461538
-0.08386338461538462
-0.15959076923076923
-0.21842030769230766
-0.24908676923076922
-0.24408
-0.18900553846153845
-0.10159569230769232
0.0
0.09533723076923077
0.1706473846153846
0.2238443076923077
0.2424110769230769
0.22551323076923077
0.1733593846153846
0.09199938461538461
-0.002086153846153846
-0.10243015384615384
-0.1785747692307692
-0.2275993846153846
-0.2561796923076923
-0.2526332307692308
-0.235944
-0.20256553846153844
-0.15833907692307692
-0.12099692307692309
-0.09095630769230768
-0.07572738461538461
-0.07280676923076923
-0.06717415384615384
-0.054657230769230764
-0.03755076923076923
-0.024408000000000003
-0.022530461538461537
-0.013560000000000001
0.006049846153846154
0.02357353846153846
0.02858030769230769
0.021696
0.006258461538461538
-0.010639384615384617
-0.029623384615384614
-0.06362769230769232
-0.10389046153846154
-0.14603076923076924
-0.1792006153846154
-0.1846246153846154
-0.16271999999999998
-0.11557292307692307
-0.04172307692307692
0.04860738461538461
0.14665661538461539
0.24762646153846155
0.32585723076923073
0.35860984615384617
0.33941723076923075
0.2632726153846154
0.14582215384615385
0.012308307692307691
-0.11891076923076922
-0.23406646153846156
-0.3198073846153846
-0.35986153846153845
-0.3460929230769231
-0.2837169230769231
-0.1842073846153846
-0.06988615384615385
0.04172307692307692
0.14060676923076923
0.22342707692307692
0.27474646153846155
0.2774584615384615
0.23844738461538462
0.15395815384615386
0.05048492307692308
-0.045895384615384616
-0.1316363076923077
-0.19526400000000002
-0.22780799999999998
-0.22300984615384614
-0.18066092307692305
-0.09596307692307693
0.008970461538461538
0.10910584615384614
0.19150892307692308
0.24992123076923078
0.2860116923076923
0.2899753846153846
0.26348123076923075
0.20444307692307692
0.12537784615384615
0.04109723076923077
-0.03713353846153846
-0.09137353846153846
-0.12579507692307693
-0.13393107692307693
-0.11223507692307692
-0.07134646153846153
-0.005841230769230769
0.05653476923076922
0.09971815384615385
0.1289243076923077
0.12600369230769232
0.11265230769230769
0.09325107692307691
0.06571384615384615
0.034630153846153845
-0.011682461538461537
-0.045895384615384616
-0.06216738461538462
-0.06195876923076923
-0.052153846153846155
-0.0446436923076923
-0.03358707692307692
-0.023990769230769232
-0.002712
0.02482523076923077
0.047772923076923074
0.06300184615384616
0.06487938461538462
0.06633969230769231
0.07155507692307693
0.07468430769230769
0.07218092307692307
0.06195876923076923
0.050067692307692306
0.04714707692307692
0.05194523076923077
0.056951999999999996
0.04985907692307692
0.026494153846153844
-0.002712
-0.03483876923076923
-0.05924676923076923
-0.07593599999999999
-0.09533723076923077
-0.10076123076923077
-0.08761846153846153
-0.042557538461538466
0.02315630769230769
0.08386338461538462
0.12162276923076921
0.11953661538461538
0.12016246153846154
0.10159569230769232
0.0678
0.03755076923076923
-0.01668923076923077
-0.03045784615384615
-0.041514461538461535
0.058412307692307694
0.19296923076923078
0.16710092307692306
0.19359507692307693
0.1733593846153846
0.1775316923076923
0.20339999999999997
0.09658892307692307
0.023782153846153845
-0.12579507692307693
-0.1794092307692308
-0.16042523076923076
-0.19985353846153847
-0.1910916923076923
-0.2837169230769231
-0.29080984615384614
-0.24574892307692306
-0.21132738461538458
-0.08991323076923076
-0.08991323076923076
-0.062376
-0.006049846153846154
0.01940123076923077
0.14164984615384615
0.17419384615384614
0.20840676923076923
0.2574313846153846
0.18358153846153846
0.20632061538461538
0.21320492307692307
0.1693956923076923
0.14144123076923076
0.0
-0.09095630769230768
-0.15687876923076924
-0.18775384615384613
-0.10660246153846153
-0.059872615384615385
0.003755076923076923
0.07927384615384615
0.1783661538461538
0.34171199999999996
0.4124326153846154
0.4147273846153846
0.3456756923076923
0.214248
0.124752
-0.0014603076923076922
-0.1289243076923077
-0.23448369230769228
-0.330864
-0.33566215384615383
-0.30416123076923074
-0.2601433846153846
-0.16647507692307692
-0.09179076923076923
0.0002086153846153846
0.11640738461538462
0.1990190769230769
0.2478350769230769
0.21028430769230766
0.13372246153846154
0.027328615384615382
-0.08115138461538463
-0.14018953846153845
-0.1858763076923077
-0.16897846153846155
-0.15187199999999998
-0.12955015384615384
-0.03024923076923077
0.04965046153846154
0.12955015384615384
0.18337292307692307
0.17252492307692308
0.16647507692307692
0.12934153846153845
0.09700615384615385
0.07343261538461537
0.01043076923076923
-0.009179076923076922
0.004798153846153846
0.028371692307692306
0.05277969230769231
0.03337846153846154
0.02524246153846154
0.02086153846153846
0.014394461538461538
0.0077187692307692304
-0.03150092307692308
-0.03713353846153846
-0.03421292307692308
-0.04693846153846153
-0.02586830769230769
-0.027745846153846152
-0.022947692307692308
0.011891076923076923
0.02482523076923077
0.06842584615384616
0.1028473846153846
0.10618523076923077
0.103056
0.04047138461538462
-0.021487384615384613
-0.07051199999999999
-0.12016246153846154
-0.14164984615384615
-0.1635544615384615
-0.15082892307692305
-0.11745046153846153
-0.05507446153846154
0.05570030769230769
0.15249784615384615
0.2415766153846154
0.2814221538461538
0.2737033846153846
0.24074215384615386
0.154584
0.062376
-0.033169846153846154
-0.12850707692307692
-0.17231630769230769
-0.16105107692307694
-0.11140061538461538
-0.02858030769230769
0.06592246153846154
0.1792006153846154
0.30416123076923074
0.38426953846153844
0.4141015384615384
0.3790541538461539
0.28893230769230765
0.17648861538461538
0.04693846153846153
-0.06592246153846154
-0.16292861538461537
-0.21737723076923077
-0.2225926153846154
-0.19505538461538463
-0.11703323076923078
-0.03629907692307692
0.04756430769230769
0.12808984615384614
0.16042523076923076
0.17085599999999998
0.14874276923076923
0.10180430769230768
0.05444861538461539
-0.017732307692307693
-0.09700615384615385
-0.1558356923076923
-0.19672430769230767
-0.20319138461538463
-0.19067446153846154
-0.17252492307692308
-0.13789476923076924
-0.10764553846153846
-0.07468430769230769
-0.04902461538461538
-0.03775938461538462
-0.03233538461538461
-0.03880246153846154
-0.03901107692307692
-0.043392
-0.04944184615384615
-0.037342153846153844
-0.0018775384615384615
0.06300184615384616
0.13309661538461537
0.18399876923076922
0.2225926153846154
0.23531815384615382
0.2140393846153846
0.17231630769230769
0.10722830769230769
0.03442153846153846
-0.02753723076923077
-0.07426707692307692
-0.0988836923076923
-0.10910584615384614
-0.10347323076923076
-0.07030338461538461
-0.0070929230769230765
0.07343261538461537
0.13747753846153846
0.17481969230769231
0.1760713846153846
0.13518276923076925
0.05799507692307692
-0.040262769230769234
-0.1287156923076923
-0.20715507692307691
-0.2695310769230769
-0.29414769230769233
-0.2828824615384615
-0.23260615384615385
-0.14206707692307693
-0.04130584615384615
0.047772923076923074
0.10806276923076923
0.13872923076923074
0.14394461538461537
0.12433476923076923
0.08720123076923077
0.03421292307692308
-0.014185846153846153
-0.04693846153846153
-0.05799507692307692
-0.04839876923076923
-0.03504738461538461
-0.021487384615384613
-0.003755076923076923
0.03233538461538461
0.0771876923076923
0.10243015384615384
0.1028473846153846
0.09033046153846153
0.06633969230769231
0.04172307692307692
0.025033846153846153
0.004589538461538461
-0.006675692307692307
0.0
0.03275261538461539
0.08887015384615385
0.14561353846153846
0.17732307692307692
0.16751815384615384
0.1218313846153846
0.05048492307692308
-0.033169846153846154
-0.11974523076923077
-0.20319138461538463
-0.26932246153846157
-0.29331323076923077
-0.2722430769230769
-0.2021483076923077
-0.09763200000000001
0.013351384615384614
0.11974523076923077
0.19568123076923075
0.24074215384615386
0.2557624615384615
0.2205064615384615
0.14457046153846154
0.04839876923076923
-0.051319384615384614
-0.13309661538461537
-0.19526400000000002
-0.23010276923076922
-0.23844738461538462
-0.21487384615384614
-0.1506203076923077
-0.06258461538461538
0.03775938461538462
0.11390399999999999
0.16292861538461537
0.19839323076923077
0.20339999999999997
0.18629353846153843
0.14978584615384616
0.10159569230769232
0.056326153846153845
0.02023569230769231
0.006258461538461538
0.005632615384615384
0.009804923076923077
0.016480615384615385
0.022947692307692308
0.035464615384615386
0.05382276923076923
0.0717636923076923
0.07969107692307692
0.07468430769230769
0.05736923076923077
0.03775938461538462
0.022947692307692308
0.01272553846153846
0.0077187692307692304
0.0016689230769230767
0.0002086153846153846
0.0077187692307692304
0.021696
0.03671630769230769
0.03755076923076923
0.03233538461538461
0.021070153846153846
-0.0018775384615384615
-0.03045784615384615
-0.07572738461538461
-0.12558646153846154
-0.17294215384615383
-0.21091015384615383
-0.21111876923076925
-0.18754523076923074
-0.1504116923076923
-0.09408553846153846
-0.027120000000000002
0.056951999999999996
0.1395636923076923
0.20506892307692307
0.2330233846153846
0.21007569230769232
0.15833907692307692
0.08344615384615384
0.0008344615384615384
-0.07906523076923076
-0.14874276923076923
-0.18983999999999998
-0.1856676923076923
-0.13393107692307693
-0.0446436923076923
0.050067692307692306
0.13643446153846153
0.20652923076923077
0.24658338461538462
0.26139507692307695
0.23636123076923077
0.17481969230769231
0.084072
-0.019609846153846155
-0.10681107692307691
-0.1718990769230769
-0.21237046153846154
-0.233232
-0.23052
-0.19380369230769232
-0.13309661538461537
-0.05716061538461538
0.014394461538461538
0.06571384615384615
0.08761846153846153
0.09137353846153846
0.08615815384615384
0.05757784615384615
0.011265230769230769
-0.04652123076923077
-0.09700615384615385
-0.11327815384615383
-0.0988836923076923
-0.06592246153846154
-0.021278769230769233
0.01940123076923077
0.05674338461538461
0.09074769230769231
0.116616
0.1314276923076923
0.12287446153846153
0.10514215384615383
0.08699261538461538
0.06738276923076922
0.05444861538461539
0.041514461538461535
0.021696
0.005215384615384615
0.006258461538461538
0.02524246153846154
0.04047138461538462
0.04526953846153846
0.037342153846153844
0.025659692307692307
0.02899753846153846
0.04547815384615384
0.06467076923076923
0.08490646153846154
0.10848000000000001
0.12808984615384614
0.16021661538461537
0.19380369230769232
0.21028430769230766
0.20506892307692307
0.16042523076923076
0.10368184615384615
0.04380923076923077
-0.023364923076923075
-0.08782707692307692
-0.14853415384615384
-0.1856676923076923
-0.1869193846153846
-0.13998092307692306
-0.05778646153846154
0.03880246153846154
0.1353913846153846
0.21988061538461537
0.29414769230769233
0.3521427692307692
0.37425600000000003
0.34275507692307694
0.26118646153846153
0.1424843076923077
0.016897846153846156
-0.10117846153846152
-0.20527753846153846
-0.28017046153846153
-0.3133403076923077
-0.2953993846153846
-0.22008923076923076
-0.10493353846153847
0.01856676923076923
0.13852061538461538
0.2330233846153846
0.314592
0.36966646153846155
0.3682061538461538
0.314592
0.20632061538461538
0.07343261538461537
-0.05298830769230769
-0.15562707692307692
-0.2290596923076923
-0.279336
-0.2997803076923077
-0.2845513846153846
-0.23135446153846154
-0.15520984615384617
-0.07551876923076924
0.005632615384615384
0.07072061538461538
0.1207883076923077
0.15792184615384616
0.1710646153846154
0.15959076923076923
0.1151556923076923
0.05945538461538461
0.009596307692307692
-0.037967999999999995
-0.07551876923076924
-0.10722830769230769
-0.14102399999999998
-0.17398523076923075
-0.19693292307692306
-0.20360861538461536
-0.20027076923076922
-0.18232984615384615
-0.14707384615384617
-0.10159569230769232
-0.03442153846153846
0.05027630769230769
0.12975876923076923
0.1873366153846154
0.21716861538461538
0.23135446153846154
0.22154953846153846
0.1712732307692308
0.09596307692307693
0.005424
-0.08699261538461538
-0.16626646153846153
-0.21716861538461538
-0.24032492307692307
-0.2480436923076923
-0.23406646153846156
-0.20277415384615383
-0.13852061538461538
-0.03379569230769231
0.06258461538461538
0.1639716923076923
0.25242461538461536
0.3137575384615385
0.3740473846153846
0.3890676923076923
0.477312
0.444768
0.27286892307692306
0.17148184615384612
-0.0014603076923076922
-0.07030338461538461
-0.18170399999999998
-0.3425464615384616
-0.412224
-0.4896203076923077
-0.35631507692307696
-0.2154996923076923
-0.08699261538461538
0.06154153846153846
0.12016246153846154
0.2953993846153846
0.40972061538461535
0.4783550769230769
0.48336184615384614
0.2858030769230769
0.14957723076923077
0.0002086153846153846
-0.12829846153846153
-0.17982646153846152
-0.29727692307692305
-0.27140861538461536
-0.21883753846153844
-0.19442953846153843
-0.04380923076923077
0.031709538461538456
0.12350030769230769
0.18525046153846153
0.1506203076923077
0.1666836923076923
0.10827138461538462
0.09429415384615383
0.11953661538461538
0.086784
0.08615815384615384
0.059872615384615385
0.07656184615384615
0.10493353846153847
0.040679999999999994
-0.01668923076923077
-0.1070196923076923
-0.1794092307692308
-0.18900553846153845
-0.23656984615384613
-0.2411593846153846
-0.22467876923076924
-0.19359507692307693
-0.0936683076923077
-0.02357353846153846
0.04547815384615384
0.12934153846153845
0.17648861538461538
0.25346769230769234
0.29748553846153847
0.27787569230769227
0.2225926153846154
0.10722830769230769
-0.004589538461538461
-0.13914646153846155
-0.2699483076923077
-0.35193415384615384
-0.38343507692307693
-0.31500923076923076
-0.23198030769230768
-0.11807630769230769
0.051528
0.17565415384615385
0.2906012307692308
0.35276861538461535
0.3392086153846154
0.292896
0.1704387692307692
0.05528307692307692
-0.054240000000000003
-0.17231630769230769
-0.21967199999999998
-0.2436627692307692
-0.23364923076923078
-0.19025723076923076
-0.14477907692307693
-0.06070707692307692
0.01272553846153846
0.045060923076923075
0.041514461538461535
0.01043076923076923
0.013768615384615384
0.003963692307692307
-0.03483876923076923
-0.06571384615384615
-0.12204
-0.12350030769230769
-0.09241661538461539
-0.07280676923076923
-0.012934153846153845
0.018358153846153843
0.043600615384615383
0.06738276923076922
0.046104
0.02524246153846154
-0.014185846153846153
-0.061124307692307686
-0.086784
-0.10597661538461538
-0.092208
-0.06654830769230768
-0.017315076923076923
0.07781353846153846
0.17544553846153846
0.2726603076923077
0.32231076923076923
0.3239796923076923
0.2979027692307692
0.21153599999999997
0.11432123076923076
0.006467076923076923
-0.12224861538461537
-0.20673784615384616
-0.2532590769230769
-0.26139507692307695
-0.2073636923076923
-0.119328
0.014185846153846153
0.16000799999999998
0.27871015384615383
0.3692492307692308
0.39115384615384613
0.37425600000000003
0.30436984615384616
0.18796246153846152
0.06675692307692307
-0.07030338461538461
-0.1666836923076923
-0.2453316923076923
-0.2981113846153846
-0.2914356923076923
-0.25555384615384613
-0.15604430769230768
-0.03692492307692308
0.05194523076923077
0.12516923076923075
0.165432
0.19067446153846154
0.20193969230769232
0.1504116923076923
0.07426707692307692
-0.0008344615384615384
-0.06592246153846154
-0.08699261538461538
-0.0892873846153846
-0.07343261538461537
-0.05528307692307692
-0.02795446153846154
0.03108369230769231
0.07969107692307692
0.10910584615384614
0.10222153846153846
0.05653476923076922
0.0014603076923076922
-0.061124307692307686
-0.10430769230769231
-0.12767261538461538
-0.14164984615384615
-0.13476553846153844
-0.11286092307692308
-0.0609156923076923
0.02586830769230769
0.11223507692307692
0.1785747692307692
0.20819815384615384
0.21320492307692307
0.20486030769230767
0.16334584615384617
0.09074769230769231
-0.016480615384615385
-0.13309661538461537
-0.22676492307692306
-0.2749550769230769
-0.2655673846153846
-0.22530461538461538
-0.157296
-0.06341907692307691
0.04380923076923077
0.15520984615384617
0.23761292307692305
0.2695310769230769
0.25993476923076925
0.2194633846153846
0.1691870769230769
0.12642092307692307
0.07134646153846153
0.018358153846153843
-0.017940923076923077
-0.03984553846153846
-0.031918153846153846
-0.014394461538461538
0.004589538461538461
0.015646153846153844
0.012099692307692308
0.013351384615384614
0.03442153846153846
0.06738276923076922
0.08949599999999999
0.09909230769230769
0.09846646153846153
0.10263876923076923
0.11098338461538461
0.11327815384615383
0.1097316923076923
0.0934596923076923
0.06738276923076922
0.03921969230769231
0.017315076923076923
-0.006675692307692307
-0.03838523076923077
-0.07259815384615384
-0.10555938461538462
-0.10785415384615385
-0.08782707692307692
-0.05716061538461538
-0.015020307692307692
0.03024923076923077
0.08177723076923075
0.12516923076923075
0.1612596923076923
0.18232984615384615
0.17565415384615385
0.14540492307692307
0.092208
0.02211323076923077
-0.05799507692307692
-0.14749107692307692
-0.2273907692307692
-0.28476
-0.3004061538461538
-0.2680707692307692
-0.21633415384615384
-0.13789476923076924
-0.04172307692307692
0.05945538461538461
0.15208061538461537
0.20715507692307691
0.23093723076923076
0.2021483076923077
0.12308307692307692
0.029414769230769227
-0.06425353846153846
-0.12934153846153845
-0.17440246153846153
-0.1992276923076923
-0.18232984615384615
-0.14123261538461537
-0.07843938461538462
-0.002086153846153846
0.06571384615384615
0.1316363076923077
0.18149538461538461
0.21716861538461538
0.2422024615384615
0.24324553846153843
0.2221753846153846
0.1783661538461538
0.13372246153846154
0.0974233846153846
0.06654830769230768
0.042557538461538466
0.021696
0.010848
0.01272553846153846
0.018358153846153843
0.03379569230769231
0.058412307692307694
0.07656184615384615
0.08448923076923077
0.09179076923076923
0.10055261538461538
0.09387692307692307
0.07155507692307693
0.05757784615384615
0.051528
0.053405538461538456
0.05924676923076923
0.05736923076923077
0.05048492307692308
0.03588184615384615
0.030875076923076922
0.03066646153846154
0.03108369230769231
0.03442153846153846
0.028163076923076923
0.012308307692307691
-0.005215384615384615
-0.02044430769230769
-0.03275261538461539
-0.03379569230769231
-0.03233538461538461
-0.023364923076923075
-0.00855323076923077
0.011891076923076923
0.043600615384615383
0.0717636923076923
0.09325107692307691
0.10952307692307692
0.11891076923076922
0.11682461538461539
0.09825784615384614
0.05757784615384615
-0.0029206153846153843
-0.07697907692307693
-0.15792184615384616
-0.22843384615384613
-0.28768061538461537
-0.3310726153846154
-0.3379569230769231
-0.29832
-0.22342707692307692
-0.12537784615384615
-0.021070153846153846
0.07656184615384615
0.17169046153846151
0.24428861538461538
0.273912
0.254928
0.18754523076923074
0.092208
-0.012308307692307691
-0.11682461538461539
-0.20715507692307691
-0.2782929230769231
-0.3170953846153846
-0.3202246153846154
-0.28246523076923075
-0.20047938461538461
-0.092208
0.03421292307692308
0.15228923076923076
0.2526332307692308
0.3235624615384615
0.3437981538461538
0.3216849230769231
0.25117292307692307
0.14331876923076922
0.021070153846153846
-0.10347323076923076
-0.20861538461538462
-0.29101846153846156
-0.34588430769230766
-0.3550633846153846
-0.31396615384615384
-0.23010276923076922
-0.12287446153846153
-0.006049846153846154
0.10910584615384614
0.20965846153846154
0.29498215384615384
0.35276861538461535
0.3713353846153846
0.34880492307692307
0.2897667692307692
0.21237046153846154
0.12934153846153845
0.03921969230769231
-0.04672984615384615
-0.12370892307692308
-0.18316430769230768
-0.20965846153846154
-0.20632061538461538
-0.1693956923076923
-0.11557292307692307
-0.05444861538461539
0.016480615384615385
0.09116492307692307
0.16897846153846155
0.23198030769230768
0.25764
0.24637476923076923
0.19651569230769228
0.12788123076923075
0.05277969230769231
-0.03942830769230769
-0.1356
-0.23177169230769232
-0.3008233846153846
-0.33002953846153843
-0.32961230769230765
-0.2920615384615385
-0.23469230769230767
-0.15374953846153847
-0.04735569230769231
0.06946892307692307
0.1802436923076923
0.24992123076923078
0.2805876923076923
0.27787569230769227
0.23969907692307693
0.1792006153846154
0.09429415384615383
-0.007301538461538462
-0.11014892307692307
-0.19317784615384614
-0.24032492307692307
-0.2482523076923077
-0.22572184615384616
-0.1802436923076923
-0.11140061538461538
-0.02795446153846154
0.05757784615384615
0.13330523076923076
0.19004861538461537
0.2127876923076923
0.20360861538461536
0.16626646153846153
0.11807630769230769
0.06675692307692307
0.015228923076923076
-0.03066646153846154
-0.07155507692307693
-0.09387692307692307
-0.0988836923076923
-0.09074769230769231
-0.08907876923076924
-0.0826116923076923
-0.05924676923076923
-0.02273907692307692
0.028163076923076923
0.06258461538461538
0.08198584615384615
0.08845292307692308
0.08699261538461538
0.08782707692307692
0.08094276923076923
0.073224
0.042557538461538466
0.01272553846153846
-0.0008344615384615384
-0.009596307692307692
-0.009387692307692307
-0.024616615384615383
-0.04422646153846154
-0.06487938461538462
-0.084072
-0.11286092307692308
-0.15625292307692307
-0.20840676923076923
-0.268488
-0.3239796923076923
-0.34504984615384615
-0.265776
-0.1356
0.04652123076923077
0.2453316923076923
0.42891323076923077
0.6239686153846153
0.7422535384615384
0.7914867692307692
0.6974012307692307
0.49108061538461534
0.23656984615384613
-0.03880246153846154
-0.2799618461538461
-0.5424
-0.7030338461538461
-0.7666615384615384
-0.6990701538461538
-0.48294461538461536
-0.24053353846153847
0.0448523076923077
0.3072904615384615
0.5465723076923077
0.7207661538461537
0.7556049230769231
0.6556781538461539
0.4385095384615385
0.16897846153846155
-0.12955015384615384
-0.4053396923076923
-0.6204221538461538
-0.7458
-0.7353692307692308
-0.6028984615384615
-0.3882332307692308
-0.14290153846153844
0.07906523076923076
0.27975323076923075
0.4188996923076923
0.4645864615384615
0.45373846153846153
0.37717661538461533
0.2830910769230769
0.17982646153846152
0.06863446153846153
-0.025659692307692307
-0.11390399999999999
-0.16501476923076921
-0.19150892307692308
-0.20027076923076922
-0.18212123076923076
-0.14039815384615384
-0.06946892307692307
0.0008344615384615384
0.035464615384615386
0.04819015384615385
0.04172307692307692
0.05048492307692308
0.09387692307692307
0.12996738461538462
0.1829556923076923
0.2492953846153846
0.3239796923076923
0.40012430769230767
0.40930338461538457
0.33670523076923076
0.1977673846153846
0.012099692307692308
-0.17690584615384616
-0.3408775384615384
-0.45916246153846146
-0.508187076923077
-0.47272246153846154
-0.3379569230769231
-0.12975876923076923
0.1028473846153846
0.3193901538461538
0.4883686153846154
0.6076966153846154
0.6458732307692308
0.5991433846153846
0.4950443076923077
0.32314523076923074
0.12162276923076921
-0.08386338461538462
-0.26160369230769226
-0.36382523076923073
-0.4086775384615385
-0.40679999999999994
-0.3604873846153846
-0.2540935384615385
-0.084072
0.11557292307692307
0.3008233846153846
0.4145187692307692
0.46145723076923073
0.44748
0.3669544615384615
0.25117292307692307
0.09158215384615384
-0.08720123076923077
-0.23177169230769232
-0.32210215384615387
-0.33545353846153847
-0.2860116923076923
-0.20319138461538463
-0.09408553846153846
0.02586830769230769
0.12767261538461538
0.19818461538461538
0.21988061538461537
0.19213476923076922
0.13768615384615385
0.0744756923076923
0.017315076923076923
-0.019192615384615384
-0.033169846153846154
-0.03358707692307692
-0.013351384615384614
0.028788923076923077
0.07635323076923077
0.12433476923076923
0.154584
0.1504116923076923
0.1289243076923077
0.07823076923076923
0.01856676923076923
-0.03421292307692308
-0.092208
-0.13601723076923075
-0.16021661538461537
-0.143736
-0.08010830769230769
0.0043809230769230765
0.08302892307692307
0.14665661538461539
0.19881046153846152
0.233232
0.23364923076923078
0.18525046153846153
0.07948246153846153
-0.051528
-0.16772676923076923
-0.2695310769230769
-0.33587076923076925
-0.36257353846153845
-0.3448412307692308
-0.2574313846153846
-0.12975876923076923
0.01940123076923077
0.15667015384615385
0.24637476923076923
0.3068732307692308
0.3285692307692308
0.30436984615384616
0.24658338461538462
0.14999446153846155
0.04547815384615384
-0.042348923076923076
-0.09930092307692308
-0.1218313846153846
-0.11745046153846153
-0.08574092307692306
-0.05048492307692308
-0.013142769230769229
0.020027076923076922
0.03692492307692308
0.043600615384615383
0.022530461538461537
-0.02524246153846154
-0.06195876923076923
-0.08469784615384615
-0.09784061538461537
-0.09325107692307691
-0.08782707692307692
-0.06529661538461538
-0.009179076923076922
0.06300184615384616
0.14603076923076924
0.20152246153846154
0.2056947692307692
0.17273353846153844
0.11703323076923078
0.04756430769230769
-0.04422646153846154
-0.14707384615384617
-0.23928184615384615
-0.29414769230769233
-0.2899753846153846
-0.23406646153846156
-0.1353913846153846
-0.018983999999999997
0.09971815384615385
0.21862892307692305
0.3060387692307692
0.344424
0.3229366153846154
0.23636123076923077
0.11411261538461538
-0.024199384615384616
-0.15792184615384616
-0.2618123076923077
-0.33065538461538463
-0.35610646153846154
-0.3239796923076923
-0.24011630769230768
-0.11327815384615383
0.03567323076923076
0.17565415384615385
0.2805876923076923
0.33253292307692306
0.3437981538461538
0.30583015384615386
0.22154953846153846
0.10076123076923077
-0.04652123076923077
-0.1775316923076923
-0.2751636923076923
-0.3216849230769231
-0.31542646153846154
-0.268488
-0.17461107692307692
-0.0448523076923077
0.09950953846153845
0.22968553846153844
0.3054129230769231
0.327108923076923
0.3079163076923077
0.2561796923076923
0.18212123076923076
0.084072
-0.011891076923076923
-0.09554584615384615
-0.1558356923076923
-0.17648861538461538
-0.17252492307692308
-0.14916
-0.11640738461538462
-0.08782707692307692
-0.059872615384615385
-0.04547815384615384
-0.04693846153846153
-0.054240000000000003
-0.07343261538461537
-0.08761846153846153
-0.0961716923076923
-0.09700615384615385
-0.07843938461538462
-0.059038153846153844
-0.03379569230769231
-0.008344615384615384
0.017940923076923077
0.040054153846153843
0.040262769230769234
0.02858030769230769
-0.0014603076923076922
-0.026702769230769228
-0.033169846153846154
-0.03838523076923077
-0.03671630769230769
-0.032544
-0.02232184615384615
0.0022947692307692304
0.03150092307692308
0.06133292307692308
0.0855323076923077
0.08344615384615384
0.06633969230769231
0.03984553846153846
0.0025033846153846152
-0.04088861538461538
-0.092208
-0.12704676923076924
-0.14749107692307692
-0.14477907692307693
-0.11619876923076923
-0.08302892307692307
-0.041514461538461535
0.007510153846153846
0.05653476923076922
0.09596307692307693
0.119328
0.12308307692307692
0.1151556923076923
0.09429415384615383
0.07238953846153846
0.059038153846153844
0.03880246153846154
0.014185846153846153
-0.014811692307692307
-0.038176615384615385
-0.05194523076923077
-0.06216738461538462
-0.06133292307692308
-0.0446436923076923
-0.021278769230769233
0.01272553846153846
0.05820369230769231
0.10117846153846152
0.138312
0.16167692307692308
0.1635544615384615
0.15625292307692307
0.1341396923076923
0.09909230769230769
0.053614153846153846
-0.0014603076923076922
-0.047772923076923074
-0.08323753846153846
-0.10722830769230769
-0.12621230769230768
-0.1353913846153846
-0.13643446153846153
-0.12955015384615384
-0.0974233846153846
-0.04526953846153846
0.015646153846153844
0.07969107692307692
0.14060676923076923
0.19985353846153847
0.24512307692307692
0.265776
0.25451076923076926
0.20131384615384615
0.11640738461538462
0.013768615384615384
-0.09074769230769231
-0.18712800000000002
-0.25659692307692306
-0.29039261538461536
-0.2782929230769231
-0.21195323076923075
-0.10263876923076923
0.03024923076923077
0.165432
0.287472
0.3782196923076923
0.42307199999999995
0.412224
0.3454670769230769
0.22593046153846155
0.06800861538461538
-0.08782707692307692
-0.2261390769230769
-0.3294036923076923
-0.376968
-0.37425600000000003
-0.3031181538461538
-0.1787833846153846
-0.02586830769230769
0.14832553846153845
0.31751261538461534
0.44998338461538456
0.5177833846153846
0.5267538461538461
0.47084492307692305
0.34504984615384615
0.17690584615384616
0.0008344615384615384
-0.14728246153846153
-0.2632726153846154
-0.3412947692307692
-0.3536030769230769
-0.3095852307692307
-0.21320492307692307
-0.07551876923076924
0.07802215384615384
0.23281476923076924
0.35464615384615383
0.4239064615384615
0.442056
0.41076369230769233
0.33607938461538456
0.22029784615384615
0.086784
-0.041514461538461535
-0.15270646153846154
-0.22530461538461538
-0.268488
-0.2737033846153846
-0.24512307692307692
-0.1908830769230769
-0.1136953846153846
-0.02899753846153846
0.04631261538461538
0.09199938461538461
0.10868861538461538
0.10618523076923077
0.10681107692307691
0.09304246153846155
0.07426707692307692
0.042348923076923076
-0.002086153846153846
-0.03775938461538462
-0.07405846153846153
-0.08782707692307692
-0.09784061538461537
-0.10514215384615383
-0.10493353846153847
-0.09304246153846155
-0.056951999999999996
-0.021904615384615383
0.009596307692307692
0.035255999999999996
0.058829538461538454
0.08845292307692308
0.10806276923076923
0.11870215384615385
0.1151556923076923
0.0828203076923077
0.03588184615384615
-0.02273907692307692
-0.0855323076923077
-0.14060676923076923
-0.1927606153846154
-0.2205064615384615
-0.21195323076923075
-0.16209415384615386
-0.07051199999999999
0.03609046153846154
0.1449876923076923
0.23010276923076922
0.28434276923076923
0.2997803076923077
0.2588916923076923
0.17419384615384614
0.05236246153846154
-0.06863446153846153
-0.15687876923076924
-0.20423446153846153
-0.20277415384615383
-0.16876984615384616
-0.10326461538461539
-0.0070929230769230765
0.10994030769230768
0.2273907692307692
0.3079163076923077
0.3323243076923077
0.3102110769230769
0.24616615384615384
0.14436184615384615
0.025659692307692307
-0.11348676923076922
-0.2478350769230769
-0.344424
-0.39011076923076926
-0.37237846153846155
-0.31188
-0.21362215384615382
-0.09241661538461539
0.03609046153846154
0.16209415384615386
0.2605606153846154
0.3131316923076923
0.3160523076923077
0.2655673846153846
0.17565415384615385
0.07572738461538461
-0.04526953846153846
-0.1506203076923077
-0.23907323076923076
-0.3170953846153846
-0.32836061538461536
-0.2868461538461538
-0.19380369230769232
-0.08219446153846154
0.022530461538461537
0.1368516923076923
0.25242461538461536
0.3880246153846154
0.47606030769230767
0.4798153846153846
0.3994984615384615
0.25346769230769234
0.11974523076923077
-0.01856676923076923
-0.1151556923076923
-0.26097784615384617
-0.4184824615384615
-0.47084492307692305
-0.4906633846153846
-0.38343507692307693
-0.25451076923076926
-0.1316363076923077
0.011265230769230769
0.14874276923076923
0.3479704615384615
0.47355692307692304
0.5204953846153846
0.4593710769230769
0.30416123076923074
0.1721076923076923
0.016480615384615385
-0.10076123076923077
-0.22530461538461538
-0.376968
-0.44455938461538463
-0.4650036923076923
-0.39324
-0.2557624615384615
-0.13455692307692307
0.018775384615384614
0.12808984615384614
0.21174461538461536
0.32189353846153845
0.3646596923076923
0.37237846153846155
0.32377107692307694
0.22697353846153845
0.14394461538461537
0.0448523076923077
-0.030040615384615384
-0.10952307692307692
-0.21696000000000001
-0.2914356923076923
-0.3229366153846154
-0.2912270769230769
-0.23385784615384617
-0.18983999999999998
-0.11244369230769231
-0.02023569230769231
0.09596307692307693
0.23385784615384617
0.3327415384615385
0.40679999999999994
0.4378836923076923
0.42265476923076917
0.39115384615384613
0.3016578461538461
0.16876984615384616
0.012934153846153845
-0.16084246153846155
-0.2899753846153846
-0.3752990769230769
-0.40846892307692306
-0.37655076923076924
-0.2993630769230769
-0.16251138461538459
0.00855323076923077
0.18232984615384615
0.31751261538461534
0.39324
0.4220289230769231
0.37550769230769226
0.28768061538461537
0.16793538461538463
-0.0002086153846153846
-0.15500123076923078
-0.28350830769230767
-0.376968
-0.4134756923076923
-0.4086775384615385
-0.344424
-0.23636123076923077
-0.0963803076923077
0.07927384615384615
0.22801661538461537
0.330864
0.3767593846153846
0.3508910769230769
0.2845513846153846
0.173568
0.02586830769230769
-0.12975876923076923
-0.26222953846153846
-0.3269003076923077
-0.32961230769230765
-0.27620676923076926
-0.17711446153846155
-0.07092923076923077
0.05507446153846154
0.17961784615384613
0.2724516923076923
0.33899999999999997
0.336288
0.28163076923076924
0.20506892307692307
0.10138707692307691
0.011265230769230769
-0.06592246153846154
-0.1356
-0.18253846153846154
-0.20381723076923075
-0.1883796923076923
-0.14686523076923075
-0.09012184615384615
-0.03129230769230769
0.017523692307692306
0.06028984615384615
0.09179076923076923
0.1151556923076923
0.12621230769230768
0.11974523076923077
0.10868861538461538
0.08761846153846153
0.07113784615384615
0.06028984615384615
0.03838523076923077
0.004589538461538461
-0.03942830769230769
-0.07656184615384615
-0.09763200000000001
-0.0974233846153846
-0.07510153846153846
-0.04172307692307692
-0.0016689230769230767
0.040054153846153843
0.08052553846153847
0.12204
0.15750461538461538
0.1829556923076923
0.19067446153846154
0.16751815384615384
0.11348676923076922
0.04318338461538461
-0.03942830769230769
-0.11974523076923077
-0.18629353846153843
-0.24345415384615382
-0.2647329230769231
-0.2540935384615385
-0.20486030769230767
-0.10639384615384614
-0.0014603076923076922
0.10722830769230769
0.19818461538461538
0.2601433846153846
0.29873723076923075
0.2862203076923077
0.23177169230769232
0.13184492307692308
0.013351384615384614
-0.0936683076923077
-0.1883796923076923
-0.2453316923076923
-0.26619323076923074
-0.2453316923076923
-0.184416
-0.09533723076923077
0.01981846153846154
0.12996738461538462
0.214248
0.26452430769230767
0.26139507692307695
0.22175815384615383
0.15750461538461538
0.06717415384615384
-0.03504738461538461
-0.14039815384615384
-0.2238443076923077
-0.25659692307692306
-0.2426196923076923
-0.18921415384615384
-0.11578153846153846
-0.03942830769230769
0.0448523076923077
0.12996738461538462
0.20277415384615383
0.23844738461538462
0.233232
0.19609846153846153
0.13664307692307692
0.08845292307692308
0.04714707692307692
0.008344615384615384
-0.015646153846153844
-0.027328615384615382
-0.016063384615384615
0.009179076923076922
0.03963692307692308
0.07072061538461538
0.08949599999999999
0.10576799999999999
0.11807630769230769
0.12350030769230769
0.11807630769230769
0.08699261538461538
0.04318338461538461
0.002712
-0.02482523076923077
-0.027745846153846152
-0.01981846153846154
-0.0022947692307692304
0.015437538461538461
0.03024923076923077
0.049233230769230765
0.06487938461538462
0.07489292307692308
0.05590892307692308
0.017315076923076923
-0.01814953846153846
-0.040054153846153843
-0.04276615384615385
-0.04380923076923077
-0.051528
-0.05319692307692307
-0.040262769230769234
-0.011891076923076923
0.03588184615384615
0.07635323076923077
0.09033046153846153
0.0826116923076923
0.06738276923076922
0.055491692307692304
0.030875076923076922
0.0014603076923076922
-0.033169846153846154
-0.0717636923076923
-0.09471138461538461
-0.10076123076923077
-0.08824430769230769
-0.062376
-0.030875076923076922
0.0016689230769230767
0.027120000000000002
0.04088861538461538
0.04172307692307692
0.02795446153846154
0.0022947692307692304
-0.028371692307692306
-0.054657230769230764
-0.07489292307692308
-0.08761846153846153
-0.09471138461538461
-0.09387692307692307
-0.07489292307692308
-0.04109723076923077
0.0002086153846153846
0.04401784615384615
0.07969107692307692
0.10576799999999999
0.13059323076923077
0.14874276923076923
0.1462393846153846
0.12788123076923075
0.10013538461538461
0.06884307692307692
0.04902461538461538
0.03421292307692308
0.02211323076923077
0.0006258461538461538
-0.02524246153846154
-0.03129230769230769
-0.02357353846153846
-0.006675692307692307
0.01043076923076923
0.029414769230769227
0.04735569230769231
0.06133292307692308
0.07739630769230768
0.08448923076923077
0.07948246153846153
0.05799507692307692
0.02545107692307692
-0.010013538461538461
-0.04839876923076923
-0.078648
-0.100344
-0.10889723076923077
-0.10263876923076923
-0.07238953846153846
-0.01981846153846154
0.031709538461538456
0.07802215384615384
0.11682461538461539
0.13789476923076924
0.15270646153846154
0.16438892307692307
0.15875630769230767
0.13664307692307692
0.09033046153846153
0.04902461538461538
0.015437538461538461
-0.025033846153846153
-0.058829538461538454
-0.08907876923076924
-0.09784061538461537
-0.08094276923076923
-0.05173661538461538
-0.017523692307692306
0.010013538461538461
0.017315076923076923
0.013351384615384614
0.0022947692307692304
-0.012308307692307691
-0.027745846153846152
-0.05277969230769231
-0.07259815384615384
-0.07551876923076924
-0.06133292307692308
-0.03421292307692308
-0.002086153846153846
0.02023569230769231
0.034630153846153845
0.03567323076923076
0.021487384615384613
-0.0029206153846153843
-0.04631261538461538
-0.09053907692307692
-0.13518276923076925
-0.1639716923076923
-0.15813046153846153
-0.13267938461538462
-0.08386338461538462
-0.03045784615384615
0.032544
0.11056615384615384
0.18066092307692305
0.233232
0.24574892307692306
0.2125790769230769
0.14477907692307693
0.06008123076923077
-0.027328615384615382
-0.11578153846153846
-0.1942209230769231
-0.2453316923076923
-0.2588916923076923
-0.23072861538461537
-0.17085599999999998
-0.09095630769230768
0.0
0.09325107692307691
0.18337292307692307
0.25930892307692305
0.31083692307692307
0.32836061538461536
0.3031181538461538
0.23615261538461538
0.15187199999999998
0.0609156923076923
-0.03150092307692308
-0.11160923076923077
-0.17565415384615385
-0.20632061538461538
-0.20110523076923076
-0.1666836923076923
-0.10263876923076923
-0.031709538461538456
0.03275261538461539
0.08073415384615384
0.10618523076923077
0.11327815384615383
0.10243015384615384
0.08323753846153846
0.059664
0.040679999999999994
0.03379569230769231
0.035464615384615386
0.041514461538461535
0.03650769230769231
0.02586830769230769
0.006675692307692307
-0.03442153846153846
-0.08574092307692306
-0.1489513846153846
-0.20298276923076922
-0.23093723076923076
-0.233232
-0.2021483076923077
-0.1476996923076923
-0.059664
0.052153846153846155
0.1704387692307692
0.28246523076923075
0.35694092307692304
0.39052800000000004
0.3790541538461539
0.3243969230769231
0.241368
0.12955015384615384
0.004172307692307692
-0.10618523076923077
-0.19296923076923078
-0.22968553846153844
-0.21737723076923077
-0.16251138461538459
-0.06988615384615385
0.03129230769230769
0.14603076923076924
0.2503384615384615
0.32669169230769235
0.36611999999999995
0.3575667692307692
0.3160523076923077
0.24720923076923076
0.1639716923076923
0.06842584615384616
-0.03400430769230769
-0.12808984615384614
-0.20256553846153844
-0.24887815384615386
-0.2638984615384615
-0.25972615384615383
-0.24491446153846153
-0.20861538461538462
-0.16063384615384615
-0.10222153846153846
-0.04130584615384615
0.0008344615384615384
0.03108369230769231
0.05173661538461538
0.07697907692307693
0.11286092307692308
0.14081538461538462
0.16042523076923076
0.1558356923076923
0.12329169230769231
0.07113784615384615
-0.004589538461538461
-0.08720123076923077
-0.18191261538461537
-0.26869661538461537
-0.32836061538461536
-0.34296369230769225
-0.31354892307692306
-0.24908676923076922
-0.16292861538461537
-0.08699261538461538
0.0014603076923076922
0.07635323076923077
0.13643446153846153
0.14060676923076923
0.10722830769230769
0.056326153846153845
0.021904615384615383
0.04944184615384615
0.15959076923076923
0.29644246153846154
0.3383741538461538
0.4564504615384615
0.5505359999999999
0.6414923076923077
0.6967753846153846
0.5588806153846154
0.36403384615384615
0.03963692307692308
-0.24512307692307692
-0.5102732307692307
-0.785436923076923
-0.9583790769230769
-1.0797932307692308
-0.9656806153846154
-0.6892652307692307
-0.276624
0.22947692307692308
0.6341907692307692
1.0090726153846152
1.2485630769230769
1.3219956923076923
1.242721846153846
0.9051821538461539
0.45206953846153847
-0.0798996923076923
-0.6611021538461538
-1.072908923076923
-1.3593378461538461
-1.463436923076923
-1.353288
-1.1210990769230769
-0.6886393846153845
-0.18629353846153843
0.35297723076923077
0.866796923076923
1.2174793846153846
1.4392375384615383
1.4842984615384613
1.382076923076923
1.142377846153846
0.7107526153846154
0.20047938461538461
-0.32982092307692307
-0.8019175384615385
-1.102115076923077
-1.2915378461538463
-1.3307575384615384
-1.2089261538461538
-0.9706873846153845
-0.593928
-0.18086953846153844
0.2125790769230769
0.5853747692307693
0.8684658461538461
1.088555076923077
1.2128898461538462
1.1820147692307692
1.0124104615384615
0.6882221538461537
0.2855944615384615
-0.16334584615384617
-0.6166670769230769
-1.0107415384615386
-1.3297144615384615
-1.4870104615384616
-1.4920172307692305
-1.322830153846154
-0.9523292307692308
-0.4783550769230769
0.07197230769230768
0.6279323076923077
1.1104596923076924
1.486176
1.6718436923076923
1.6499390769230768
1.4150381538461538
0.9900886153846153
0.47606030769230767
-0.07802215384615384
-0.6243858461538462
-1.1083735384615383
-1.4646886153846153
-1.6134313846153845
-1.5406246153846155
-1.2575335384615385
-0.815268923076923
-0.2751636923076923
0.3314898461538462
0.9158215384615385
1.3937593846153846
1.7137753846153845
1.7947181538461536
1.6430547692307693
1.2977963076923076
0.7935729230769231
0.2275993846153846
-0.3558978461538462
-0.8947513846153846
-1.3050978461538463
-1.5583569230769232
-1.6019575384615383
-1.441740923076923
-1.1181784615384616
-0.6690295384615385
-0.17315076923076922
0.3246055384615385
0.7614461538461539
1.097316923076923
1.303428923076923
1.332217846153846
1.2016246153846153
0.9195766153846153
0.5342640000000001
0.11849353846153846
-0.3054129230769231
-0.6765396923076923
-0.9542067692307693
-1.1286092307692306
-1.1546861538461537
-1.0411993846153846
-0.8254910769230769
-0.5319692307692307
-0.19818461538461538
0.16751815384615384
0.5242504615384616
0.8021261538461537
0.9825784615384614
1.0326461538461538
0.9700615384615384
0.8223618461538462
0.5870436923076923
0.3137575384615385
0.013142769230769229
-0.2753723076923077
-0.5211212307692308
-0.7170110769230769
-0.8196498461538462
-0.8480215384615384
-0.7766750769230769
-0.6035243076923077
-0.3838523076923077
-0.11494707692307692
0.1635544615384615
0.428496
0.668820923076923
0.8269513846153846
0.8951686153846153
0.8684658461538461
0.7476775384615384
0.5580461538461539
0.31083692307692307
0.04714707692307692
-0.20715507692307691
-0.4351716923076923
-0.5951796923076923
-0.6875963076923076
-0.6957323076923076
-0.6152067692307692
-0.47647753846153845
-0.27599815384615384
-0.054657230769230764
0.1635544615384615
0.37196123076923077
0.5336381538461539
0.6508799999999999
0.6857187692307692
0.6306443076923076
0.5227901538461539
0.36904061538461536
0.19588984615384614
0.017315076923076923
-0.14018953846153845
-0.254928
-0.31751261538461534
-0.3291950769230769
-0.314592
-0.28663753846153844
-0.252216
-0.2056947692307692
-0.14018953846153845
-0.06362769230769232
0.002712
0.061124307692307686
0.11411261538461538
0.16188553846153847
0.20444307692307692
0.22447015384615385
0.23135446153846154
0.21111876923076925
0.146448
0.06279323076923077
-0.04172307692307692
-0.15500123076923078
-0.2588916923076923
-0.35631507692307696
-0.42933046153846155
-0.46708984615384613
-0.45436430769230773
-0.38885907692307686
-0.29080984615384614
-0.1612596923076923
-0.006675692307692307
0.1652233846153846
0.33023815384615385
0.4558246153846154
0.5182006153846154
0.49400123076923075
0.40033292307692303
0.26786215384615386
0.10910584615384614
-0.06154153846153846
-0.22655630769230767
-0.36549415384615386
-0.4489403076923077
-0.4683415384615384
-0.41973415384615387
-0.31250584615384613
-0.17231630769230769
0.0008344615384615384
0.18232984615384615
0.3540203076923077
0.49108061538461534
0.565764923076923
0.5786990769230769
0.5148627692307692
0.40283630769230766
0.26076923076923075
0.09575446153846154
-0.06133292307692308
-0.21466523076923077
-0.34275507692307694
-0.4214030769230769
-0.45373846153846153
-0.4303735384615384
-0.3646596923076923
-0.2697396923076923
-0.1489513846153846
-0.02899753846153846
0.092208
0.20110523076923076
0.2726603076923077
0.3152178461538461
0.31834707692307695
0.28392553846153845
0.21842030769230766
0.12704676923076924
0.016897846153846156
-0.10263876923076923
-0.206112
-0.27182584615384614
-0.30416123076923074
-0.2995716923076923
-0.26765353846153844
-0.19839323076923077
-0.08469784615384615
0.033169846153846154
0.1489513846153846
0.2492953846153846
0.3241883076923077
0.37237846153846155
0.3813489230769231
0.3517255384615385
0.28100492307692304
0.1652233846153846
0.03838523076923077
-0.08177723076923075
-0.1779489230769231
-0.23135446153846154
-0.25659692307692306
-0.23761292307692305
-0.18545907692307692
-0.09930092307692308
0.016063384615384615
0.12600369230769232
0.22530461538461538
0.2920615384615385
0.3137575384615385
0.2979027692307692
0.24574892307692306
0.15896492307692306
0.04735569230769231
-0.07030338461538461
-0.1543753846153846
-0.21007569230769232
-0.24428861538461538
-0.2478350769230769
-0.2221753846153846
-0.16647507692307692
-0.09658892307692307
0.002712
0.11327815384615383
0.19004861538461537
0.22947692307692308
0.23177169230769232
0.21466523076923077
0.1794092307692308
0.11619876923076923
0.0446436923076923
-0.027745846153846152
-0.09387692307692307
-0.14164984615384615
-0.16793538461538463
-0.1693956923076923
-0.15520984615384617
-0.12642092307692307
-0.07092923076923077
0.003755076923076923
0.07677046153846154
0.11140061538461538
0.10910584615384614
0.09158215384615384
0.050067692307692306
0.011265230769230769
-0.027745846153846152
-0.07197230769230768
-0.11035753846153845
-0.1504116923076923
-0.16710092307692306
-0.15896492307692306
-0.14540492307692307
-0.12704676923076924
-0.1097316923076923
-0.08386338461538462
-0.04902461538461538
-0.02858030769230769
-0.026494153846153844
-0.04714707692307692
-0.08302892307692307
-0.10994030769230768
-0.13393107692307693
-0.15228923076923076
-0.16981292307692308
-0.19004861538461537
-0.18983999999999998
-0.16084246153846155
-0.09325107692307691
-0.008970461538461538
0.06863446153846153
0.13372246153846154
0.1787833846153846
0.21299630769230768
0.22551323076923077
0.2207150769230769
0.19735015384615384
0.1570873846153846
0.12245723076923076
0.09763200000000001
0.07635323076923077
0.05528307692307692
0.030040615384615384
0.005841230769230769
0.0043809230769230765
0.01814953846153846
0.04819015384615385
0.08428061538461538
0.11640738461538462
0.15667015384615385
0.19380369230769232
0.235944
0.265776
0.2737033846153846
0.2695310769230769
0.24762646153846155
0.21967199999999998
0.1712732307692308
0.103056
0.03108369230769231
-0.043600615384615383
-0.09825784615384614
-0.13226215384615383
-0.14436184615384615
-0.13789476923076924
-0.11870215384615385
-0.07760492307692309
-0.021487384615384613
0.03921969230769231
0.09533723076923077
0.13476553846153844
0.1531236923076923
0.15562707692307692
0.14123261538461537
0.11265230769230769
0.06404492307692307
0.008136
-0.04401784615384615
-0.0892873846153846
-0.11056615384615384
-0.11599015384615384
-0.11202646153846153
-0.10076123076923077
-0.07969107692307692
-0.03921969230769231
0.017315076923076923
0.07572738461538461
0.12683815384615382
0.16292861538461537
0.18483323076923078
0.20423446153846153
0.20652923076923077
0.1908830769230769
0.16042523076923076
0.10910584615384614
0.05486584615384615
-0.004589538461538461
-0.06550523076923077
-0.12683815384615382
-0.1794092307692308
-0.20798953846153845
-0.2209236923076923
-0.20235692307692305
-0.16313723076923078
-0.11724184615384614
-0.054240000000000003
0.026702769230769228
0.12245723076923076
0.2125790769230769
0.2757895384615385
0.29769415384615383
0.273912
0.21341353846153846
0.12683815384615382
0.015437538461538461
-0.10952307692307692
-0.22968553846153844
-0.3216849230769231
-0.3594443076923077
-0.3490135384615385
-0.29748553846153847
-0.206112
-0.08469784615384615
0.048816000000000005
0.18545907692307692
0.30186646153846153
0.3740473846153846
0.39303138461538456
0.3517255384615385
0.2701569230769231
0.16000799999999998
0.035255999999999996
-0.09283384615384616
-0.2073636923076923
-0.2937304615384615
-0.3442153846153846
-0.3383741538461538
-0.28413415384615387
-0.2075723076923077
-0.116616
-0.02482523076923077
0.04547815384615384
0.10806276923076923
0.15833907692307692
0.19985353846153847
0.22488738461538463
0.2140393846153846
0.18149538461538461
0.1585476923076923
0.12788123076923075
0.15750461538461538
0.18525046153846153
0.021696
-0.1136953846153846
-0.23052
-0.2853858461538461
-0.19630707692307692
-0.2906012307692308
-0.35694092307692304
-0.38343507692307693
-0.3214763076923077
-0.05799507692307692
0.09325107692307691
0.24512307692307692
0.27704123076923076
0.3344104615384615
0.5052664615384616
0.5244590769230769
0.5257107692307692
0.2995716923076923
0.027120000000000002
-0.127464
-0.34171199999999996
-0.3882332307692308
-0.46938461538461534
-0.5177833846153846
-0.3727956923076923
-0.2914356923076923
-0.03921969230769231
0.241368
0.412224
0.6467076923076923
0.6636055384615385
0.6137464615384616
0.5584633846153846
0.38572984615384615
0.3016578461538461
0.12913292307692306
-0.0892873846153846
-0.24658338461538462
-0.371544
-0.314592
-0.2568055384615385
-0.2369870769230769
-0.17899199999999998
-0.13935507692307691
0.024616615384615383
0.17231630769230769
0.21153599999999997
0.25284184615384614
0.20506892307692307
0.2140393846153846
0.23907323076923076
0.16772676923076923
0.14290153846153844
0.052153846153846155
-0.03650769230769231
-0.042348923076923076
-0.09763200000000001
-0.1368516923076923
-0.19213476923076922
-0.2626467692307692
-0.26139507692307695
-0.2618123076923077
-0.23928184615384615
-0.1712732307692308
-0.065088
0.04985907692307692
0.12496061538461539
0.22989415384615383
0.31062830769230765
0.3554806153846154
0.3648683076923077
0.2526332307692308
0.13393107692307693
0.0035464615384615383
-0.15771323076923077
-0.2791273846153846
-0.42724430769230765
-0.5140283076923077
-0.5209126153846153
-0.4952529230769231
-0.3790541538461539
-0.25555384615384613
-0.09512861538461538
0.12204
0.2979027692307692
0.4128498461538462
0.4184824615384615
0.37363015384615383
0.31250584615384613
0.1718990769230769
-0.003963692307692307
-0.21967199999999998
-0.40846892307692306
-0.4783550769230769
-0.5063095384615385
-0.4322510769230769
-0.28955815384615385
-0.14916
0.06383630769230769
0.241368
0.3832264615384615
0.509856
0.5417741538461538
0.527171076923077
0.4472713846153846
0.3081249230769231
0.15208061538461537
-0.015228923076923076
-0.13810338461538463
-0.23198030769230768
-0.2906012307692308
-0.309168
-0.30416123076923074
-0.21842030769230766
-0.116616
-0.010639384615384617
0.10535076923076922
0.14561353846153846
0.17419384615384614
0.1846246153846154
0.14832553846153845
0.10159569230769232
-0.003963692307692307
-0.09575446153846154
-0.12662953846153846
-0.15270646153846154
-0.16063384615384615
-0.17023015384615386
-0.1760713846153846
-0.1476996923076923
-0.12099692307692309
-0.08490646153846154
-0.05090215384615384
-0.03567323076923076
-0.025659692307692307
-0.040262769230769234
-0.032544
-0.006467076923076923
0.030875076923076922
0.08636676923076922
0.10222153846153846
0.10597661538461538
0.10743692307692307
0.09721476923076922
0.11306953846153844
0.08636676923076922
-0.0004172307692307692
-0.07384984615384615
-0.13247076923076923
-0.1395636923076923
-0.11056615384615384
-0.09763200000000001
-0.06675692307692307
-0.021278769230769233
0.059038153846153844
0.16689230769230767
0.2369870769230769
0.2655673846153846
0.22280123076923075
0.15166338461538462
0.08302892307692307
0.002712
-0.05736923076923077
-0.13372246153846154
-0.18775384615384613
-0.19359507692307693
-0.1783661538461538
-0.09512861538461538
0.02211323076923077
0.13622584615384614
0.238656
0.30583015384615386
0.3748818461538461
0.4182738461538461
0.39595199999999997
0.3160523076923077
0.18983999999999998
0.06008123076923077
-0.044435076923076924
-0.10430769230769231
-0.13643446153846153
-0.16188553846153847
-0.14853415384615384
-0.07426707692307692
0.04902461538461538
0.184416
0.27453784615384613
0.3179298461538461
0.33545353846153847
0.31188
0.27850153846153847
0.21696000000000001
0.10535076923076922
-0.0006258461538461538
-0.100344
-0.15833907692307692
-0.1635544615384615
-0.15875630769230767
-0.13226215384615383
-0.09304246153846155
-0.03755076923076923
0.03901107692307692
0.1097316923076923
0.15938215384615384
0.16042523076923076
0.124752
0.084072
0.04130584615384615
0.010013538461538461
-0.024408000000000003
-0.06279323076923077
-0.09679753846153846
-0.12412615384615384
-0.11452984615384615
-0.08887015384615385
-0.06613107692307692
-0.054657230769230764
-0.06905169230769231
-0.08010830769230769
-0.0855323076923077
-0.09179076923076923
-0.0936683076923077
-0.09700615384615385
-0.09199938461538461
-0.07197230769230768
-0.03942830769230769
0.0016689230769230767
0.031918153846153846
0.04526953846153846
0.04839876923076923
0.03921969230769231
0.028163076923076923
-0.0018775384615384615
-0.052571076923076915
-0.10013538461538461
-0.14018953846153845
-0.14123261538461537
-0.11599015384615384
-0.07426707692307692
-0.0025033846153846152
0.07238953846153846
0.14916
0.20861538461538462
0.23886461538461537
0.2453316923076923
0.22029784615384615
0.16856123076923077
0.0897046153846154
0.003755076923076923
-0.08198584615384615
-0.1718990769230769
-0.24345415384615382
-0.2883064615384615
-0.28809784615384615
-0.241368
-0.17544553846153846
-0.09241661538461539
-0.008761846153846153
0.06529661538461538
0.13726892307692307
0.18107815384615383
0.1940123076923077
0.17502830769230768
0.11286092307692308
0.04672984615384615
-0.015228923076923076
-0.07364123076923076
-0.11473846153846154
-0.14916
-0.15646153846153846
-0.13601723076923075
-0.09575446153846154
-0.03400430769230769
0.030040615384615384
0.09554584615384615
0.15792184615384616
0.19839323076923077
0.2205064615384615
0.21654276923076923
0.18754523076923074
0.16167692307692308
0.12350030769230769
0.08949599999999999
0.061124307692307686
0.02086153846153846
0.005215384615384615
-0.005632615384615384
-0.01710646153846154
-0.027745846153846152
-0.05570030769230769
-0.07092923076923077
-0.06926030769230769
-0.0446436923076923
0.003755076923076923
0.0448523076923077
0.09596307692307693
0.14394461538461537
0.18358153846153846
0.22342707692307692
0.23010276923076922
0.21111876923076925
0.1597993846153846
0.0828203076923077
0.004589538461538461
-0.08198584615384615
-0.1489513846153846
-0.1858763076923077
-0.19150892307692308
-0.14978584615384616
-0.06633969230769231
0.04109723076923077
0.14957723076923077
0.2422024615384615
0.3077076923076923
0.34171199999999996
0.344424
0.3039526153846154
0.2273907692307692
0.12204
0.0029206153846153843
-0.0961716923076923
-0.17002153846153847
-0.21800307692307694
-0.2482523076923077
-0.26076923076923075
-0.233232
-0.1710646153846154
-0.09137353846153846
-0.007510153846153846
0.06362769230769232
0.11181784615384616
0.13601723076923075
0.1476996923076923
0.13393107692307693
0.08302892307692307
0.010013538461538461
-0.0717636923076923
-0.13372246153846154
-0.17085599999999998
-0.1867107692307692
-0.18066092307692305
-0.15687876923076924
-0.10806276923076923
-0.04526953846153846
0.01272553846153846
0.06195876923076923
0.09679753846153846
0.0974233846153846
0.07155507692307693
0.041514461538461535
-0.0033378461538461535
-0.05048492307692308
-0.09700615384615385
-0.138312
-0.14436184615384615
-0.12767261538461538
-0.10201292307692307
-0.07739630769230768
-0.05799507692307692
-0.03379569230769231
-0.0043809230769230765
0.023364923076923075
0.041514461538461535
0.04318338461538461
0.02586830769230769
0.013142769230769229
0.015228923076923076
0.027745846153846152
0.029623384615384614
0.02044430769230769
0.006049846153846154
-0.005841230769230769
0.0070929230769230765
0.02232184615384615
0.038176615384615385
0.05069353846153846
0.05528307692307692
0.06633969230769231
0.07572738461538461
0.0880356923076923
0.09804923076923076
0.09116492307692307
0.08115138461538463
0.08615815384615384
0.09679753846153846
0.09846646153846153
0.08010830769230769
0.03504738461538461
-0.023990769230769232
-0.07781353846153846
-0.11619876923076923
-0.13664307692307692
-0.14728246153846153
-0.16271999999999998
-0.15103753846153847
-0.09930092307692308
-0.030040615384615384
0.03671630769230769
0.07760492307692309
0.10597661538461538
0.12808984615384614
0.13330523076923076
0.11411261538461538
0.06028984615384615
-0.016480615384615385
-0.08031692307692308
-0.11911938461538461
-0.12850707692307692
-0.111192
-0.08323753846153846
-0.03942830769230769
0.028163076923076923
0.119328
0.2125790769230769
0.28100492307692304
0.3131316923076923
0.3060387692307692
0.26097784615384617
0.1908830769230769
0.10347323076923076
-0.0008344615384615384
-0.10722830769230769
-0.2008966153846154
-0.25659692307692306
-0.26765353846153844
-0.24011630769230768
-0.19735015384615384
-0.14853415384615384
-0.08302892307692307
-0.008344615384615384
0.07551876923076924
0.14331876923076922
0.1779489230769231
0.18525046153846153
0.1696043076923077
0.14540492307692307
0.11703323076923078
0.07551876923076924
0.014394461538461538
-0.052153846153846155
-0.09930092307692308
-0.12308307692307692
-0.130176
-0.11724184615384614
-0.09554584615384615
-0.07051199999999999
-0.03650769230769231
0.004589538461538461
0.029206153846153847
0.04318338461538461
0.07802215384615384
0.13309661538461537
0.22426153846153846
0.3095852307692307
0.36382523076923073
0.40200184615384615
0.39365723076923076
0.37196123076923077
0.295608
0.1612596923076923
0.007927384615384614
-0.14707384615384617
-0.2140393846153846
-0.32335384615384616
-0.3907366153846154
-0.39052800000000004
-0.3896935384615384
-0.2557624615384615
-0.13872923076923074
0.016897846153846156
0.1635544615384615
0.25430215384615384
0.37050092307692306
0.3636166153846153
0.3277347692307692
0.23114584615384615
0.08156861538461539
-0.03650769230769231
-0.2075723076923077
-0.30144923076923075
-0.3508910769230769
-0.3646596923076923
-0.26118646153846153
-0.1696043076923077
-0.042974769230769226
0.08177723076923075
0.16626646153846153
0.2845513846153846
0.30562153846153844
0.2814221538461538
0.24199384615384617
0.15145476923076923
0.11098338461538461
0.04422646153846154
-0.049233230769230765
-0.14123261538461537
-0.2492953846153846
-0.2979027692307692
-0.31041969230769234
-0.30270092307692303
-0.25346769230769234
-0.18399876923076922
-0.06696553846153847
0.05653476923076922
0.14957723076923077
0.23218892307692307
0.26118646153846153
0.2805876923076923
0.27286892307692306
0.23177169230769232
0.21070153846153844
0.1637630769230769
0.12308307692307692
0.0853236923076923
0.02545107692307692
-0.015228923076923076
-0.04839876923076923
-0.0826116923076923
-0.10222153846153846
-0.12704676923076924
-0.11974523076923077
-0.06467076923076923
0.011891076923076923
0.1097316923076923
0.1829556923076923
0.23239753846153846
0.25117292307692307
0.24199384615384617
0.21174461538461536
0.11870215384615385
0.018775384615384614
-0.06738276923076922
-0.14811692307692306
-0.1942209230769231
-0.22780799999999998
-0.23469230769230767
-0.21633415384615384
-0.18754523076923074
-0.12370892307692308
-0.053614153846153846
0.011891076923076923
0.084072
0.13893784615384613
0.173568
0.17481969230769231
0.1570873846153846
0.12996738461538462
0.07218092307692307
-0.004589538461538461
-0.08761846153846153
-0.13664307692307692
-0.14164984615384615
-0.12600369230769232
-0.06070707692307692
0.027328615384615382
0.12016246153846154
0.23469230769230767
0.3131316923076923
0.3544375384615384
0.35297723076923077
0.30249230769230767
0.2438713846153846
0.16188553846153847
0.06467076923076923
-0.029414769230769227
-0.12370892307692308
-0.18900553846153845
-0.2194633846153846
-0.21362215384615382
-0.17899199999999998
-0.14269292307692305
-0.07635323076923077
0.0014603076923076922
0.07468430769230769
0.1422756923076923
0.16730953846153845
0.16647507692307692
0.13706030769230768
0.09825784615384614
0.06362769230769232
0.004798153846153846
-0.054240000000000003
-0.100344
-0.13184492307692308
-0.13872923076923074
-0.12913292307692306
-0.10201292307692307
-0.05924676923076923
-0.025033846153846153
0.0008344615384615384
0.02232184615384615
0.037967999999999995
0.042348923076923076
0.02023569230769231
-0.008344615384615384
-0.03671630769230769
-0.05048492307692308
-0.042974769230769226
-0.04109723076923077
-0.03942830769230769
-0.03421292307692308
-0.017940923076923077
0.02357353846153846
0.056326153846153845
0.06467076923076923
0.05507446153846154
0.03296123076923077
0.024199384615384616
0.014185846153846153
-0.006049846153846154
-0.013768615384615384
-0.013768615384615384
-0.01397723076923077
-0.0004172307692307692
0.013560000000000001
0.01940123076923077
0.016897846153846156
0.016480615384615385
0.03233538461538461
0.03504738461538461
0.030040615384615384
0.012934153846153845
-0.011682461538461537
-0.03129230769230769
-0.05799507692307692
-0.06362769230769232
-0.050067692307692306
-0.03379569230769231
-0.016480615384615385
-0.013560000000000001
-0.010848
-0.0025033846153846152
-0.006884307692307692
-0.021904615384615383
-0.04380923076923077
-0.06800861538461538
-0.08052553846153847
-0.0855323076923077
-0.08949599999999999
-0.08323753846153846
-0.06863446153846153
-0.04401784615384615
0.0004172307692307692
0.040679999999999994
0.05027630769230769
0.03650769230769231
0.017732307692307693
0.005841230769230769
0.002086153846153846
-0.0077187692307692304
-0.013560000000000001
-0.006884307692307692
0.003963692307692307
0.03129230769230769
0.06717415384615384
0.10263876923076923
0.13267938461538462
0.157296
0.17273353846153844
0.17711446153846155
0.15667015384615385
0.10159569230769232
0.029832
-0.03942830769230769
-0.10347323076923076
-0.16689230769230767
-0.20506892307692307
-0.21612553846153845
-0.20027076923076922
-0.16772676923076923
-0.12579507692307693
-0.06154153846153846
-0.0070929230769230765
0.032544
0.06717415384615384
0.0826116923076923
0.09095630769230768
0.07343261538461537
0.024199384615384616
-0.027745846153846152
-0.08720123076923077
-0.12913292307692306
-0.14665661538461539
-0.16000799999999998
-0.1570873846153846
-0.14060676923076923
-0.10180430769230768
-0.04193169230769231
0.029414769230769227
0.0961716923076923
0.13872923076923074
0.16897846153846155
0.18379015384615385
0.1785747692307692
0.154584
0.10368184615384615
0.03942830769230769
-0.02044430769230769
-0.07072061538461538
-0.09679753846153846
-0.10409907692307692
-0.1028473846153846
-0.07781353846153846
-0.021487384615384613
0.05820369230769231
0.1397723076923077
0.19547261538461536
0.22655630769230767
0.23010276923076922
0.206112
0.16751815384615384
0.11035753846153845
0.04276615384615385
-0.03108369230769231
-0.09533723076923077
-0.13706030769230768
-0.1504116923076923
-0.1353913846153846
-0.11286092307692308
-0.07092923076923077
-0.011473846153846154
0.06154153846153846
0.14290153846153844
0.20193969230769232
0.22488738461538463
0.20965846153846154
0.1718990769230769
0.12955015384615384
0.07593599999999999
0.006675692307692307
-0.07092923076923077
-0.13476553846153844
-0.15938215384615384
-0.14686523076923075
-0.10076123076923077
-0.03942830769230769
0.024199384615384616
0.09283384615384616
0.15354092307692307
0.20152246153846154
0.21967199999999998
0.1992276923076923
0.1543753846153846
0.10013538461538461
0.05862092307692307
0.024408000000000003
-0.010848
-0.04172307692307692
-0.05799507692307692
-0.04276615384615385
0.004589538461538461
0.06300184615384616
0.10806276923076923
0.130176
0.132888
0.13184492307692308
0.116616
0.09012184615384615
0.04965046153846154
0.0002086153846153846
-0.03984553846153846
-0.06800861538461538
-0.07656184615384615
-0.07697907692307693
-0.0798996923076923
-0.08845292307692308
-0.086784
-0.07635323076923077
-0.06404492307692307
-0.05507446153846154
-0.05674338461538461
-0.06008123076923077
-0.052571076923076915
-0.03650769230769231
-0.01814953846153846
0.0022947692307692304
0.010013538461538461
0.023364923076923075
0.049233230769230765
0.08469784615384615
0.12433476923076923
0.1422756923076923
0.13768615384615385
0.111192
0.06988615384615385
0.022530461538461537
-0.03984553846153846
-0.10576799999999999
-0.14832553846153845
-0.15687876923076924
-0.116616
-0.03358707692307692
0.07218092307692307
0.1777403076923077
0.26139507692307695
0.3239796923076923
0.34880492307692307
0.3344104615384615
0.27599815384615384
0.16730953846153845
0.04193169230769231
-0.08615815384615384
-0.18253846153846154
-0.23803015384615384
-0.26494153846153845
-0.24574892307692306
-0.19359507692307693
-0.10722830769230769
-0.009804923076923077
0.06967753846153846
0.13351384615384615
0.16480615384615382
0.1783661538461538
0.1733593846153846
0.13601723076923075
0.084072
0.014185846153846153
-0.05277969230769231
-0.09304246153846155
-0.11494707692307692
-0.10889723076923077
-0.08845292307692308
-0.05444861538461539
0.003755076923076923
0.06988615384615385
0.13518276923076925
0.1829556923076923
0.20506892307692307
0.20047938461538461
0.1693956923076923
0.13330523076923076
0.09304246153846155
0.04631261538461538
0.0022947692307692304
-0.028163076923076923
-0.033169846153846154
-0.018775384615384614
0.008970461538461538
0.029206153846153847
0.03233538461538461
0.021278769230769233
0.005424
-0.015437538461538461
-0.046104
-0.08594953846153845
-0.11640738461538462
-0.11348676923076922
-0.08907876923076924
-0.04547815384615384
0.009179076923076922
0.061124307692307686
0.11536430769230768
0.15646153846153846
0.18107815384615383
0.1829556923076923
0.14728246153846153
0.08490646153846154
0.008344615384615384
-0.0609156923076923
-0.11286092307692308
-0.15333230769230768
-0.1800350769230769
-0.18963138461538462
-0.1787833846153846
-0.14102399999999998
-0.08448923076923077
-0.017523692307692306
0.041514461538461535
0.08824430769230769
0.13372246153846154
0.16793538461538463
0.17461107692307692
0.14164984615384615
0.07531015384615385
-0.003129230769230769
-0.07197230769230768
-0.12099692307692309
-0.14978584615384616
-0.16418030769230768
-0.16209415384615386
-0.13226215384615383
-0.07697907692307693
-0.0029206153846153843
0.07551876923076924
0.14018953846153845
0.19192615384615386
0.22551323076923077
0.24303692307692307
0.24074215384615386
0.20173107692307693
0.1356
0.06070707692307692
-0.016897846153846156
-0.09450276923076922
-0.15166338461538462
-0.18879692307692306
-0.20319138461538463
-0.18149538461538461
-0.13330523076923076
-0.05820369230769231
0.02357353846153846
0.09784061538461537
0.14603076923076924
0.1506203076923077
0.1358086153846154
0.08469784615384615
0.03609046153846154
-0.026702769230769228
-0.10994030769230768
-0.15500123076923078
-0.1927606153846154
-0.16251138461538459
-0.10994030769230768
0.02586830769230769
0.16501476923076921
0.17502830769230768
0.24637476923076923
0.25200738461538463
0.25430215384615384
0.22488738461538463
0.049233230769230765
-0.09512861538461538
-0.27412061538461535
-0.3481790769230769
-0.33607938461538456
-0.3452584615384615
-0.2772498461538462
-0.21862892307692305
-0.05820369230769231
0.15187199999999998
0.3049956923076923
0.43642338461538455
0.3978295384615384
0.31229723076923077
0.20715507692307691
0.02482523076923077
-0.12037107692307693
-0.3310726153846154
-0.49358399999999997
-0.5626356923076923
-0.6341907692307692
-0.5384363076923077
-0.39282276923076925
-0.23406646153846156
-0.020027076923076922
0.10722830769230769
0.2355267692307692
0.309168
0.31083692307692307
0.32001599999999997
0.23281476923076924
0.11098338461538461
-0.013142769230769229
-0.11578153846153846
-0.13434830769230768
-0.16334584615384617
-0.17231630769230769
-0.15333230769230768
-0.12120553846153845
-0.018983999999999997
0.06070707692307692
0.11765907692307691
0.17711446153846155
0.2008966153846154
0.25346769230769234
0.28893230769230765
0.28100492307692304
0.28809784615384615
0.2578486153846154
0.23615261538461538
0.23198030769230768
0.19004861538461537
0.14707384615384617
0.0717636923076923
-0.013142769230769229
-0.0936683076923077
-0.18232984615384615
-0.23969907692307693
-0.26160369230769226
-0.22300984615384614
-0.16730953846153845
-0.10889723076923077
0.004798153846153846
0.12037107692307693
0.23636123076923077
0.3350363076923077
0.3588184615384616
0.34171199999999996
0.25701415384615384
0.13789476923076924
0.01856676923076923
-0.13914646153846155
-0.26535876923076923
-0.3513083076923077
-0.3994984615384615
-0.3775938461538461
-0.31667815384615383
-0.1990190769230769
-0.041514461538461535
0.0961716923076923
0.20110523076923076
0.2568055384615385
0.28934953846153844
0.2883064615384615
0.21341353846153846
0.10994030769230768
-0.024616615384615383
-0.15228923076923076
-0.22530461538461538
-0.2789187692307692
-0.27328615384615385
-0.22634769230769228
-0.15959076923076923
-0.03233538461538461
0.09241661538461539
0.21049292307692305
0.3137575384615385
0.3473446153846154
0.3410861538461538
0.2883064615384615
0.1858763076923077
0.06300184615384616
-0.07072061538461538
-0.17628
-0.23969907692307693
-0.25117292307692307
-0.20924123076923076
-0.13434830769230768
-0.019609846153846155
0.09304246153846155
0.1927606153846154
0.2730775384615384
0.287472
0.26118646153846153
0.19839323076923077
0.100344
-0.009179076923076922
-0.12996738461538462
-0.2273907692307692
-0.27286892307692306
-0.28955815384615385
-0.2807963076923077
-0.23782153846153845
-0.1704387692307692
-0.07697907692307693
0.018983999999999997
0.1136953846153846
0.19630707692307692
0.2453316923076923
0.2638984615384615
0.24345415384615382
0.206112
0.14853415384615384
0.0855323076923077
0.034630153846153845
-0.04088861538461538
-0.10368184615384615
-0.14144123076923076
-0.14978584615384616
-0.10722830769230769
-0.06654830769230768
-0.03129230769230769
0.017732307692307693
0.06988615384615385
0.1341396923076923
0.1990190769230769
0.23385784615384617
0.23907323076923076
0.22467876923076924
0.20027076923076922
0.16042523076923076
0.0963803076923077
0.014603076923076923
-0.0828203076923077
-0.16897846153846155
-0.2411593846153846
-0.2849686153846154
-0.2966510769230769
-0.29498215384615384
-0.25555384615384613
-0.18399876923076922
-0.08240307692307691
0.0448523076923077
0.16480615384615382
0.252216
0.29331323076923077
0.2887236923076923
0.2578486153846154
0.19985353846153847
0.09533723076923077
-0.03296123076923077
-0.16418030769230768
-0.26619323076923074
-0.30583015384615386
-0.2853858461538461
-0.22154953846153846
-0.13372246153846154
-0.015646153846153844
0.13330523076923076
0.2872633846153846
0.41013784615384613
0.45916246153846146
0.4478972307692307
0.39344861538461534
0.30374399999999996
0.20527753846153846
0.08574092307692306
-0.03504738461538461
-0.13643446153846153
-0.20506892307692307
-0.22113230769230768
-0.2073636923076923
-0.1656406153846154
-0.11452984615384615
-0.06070707692307692
0.010639384615384617
0.07948246153846153
0.14018953846153845
0.17273353846153844
0.1696043076923077
0.14603076923076924
0.10159569230769232
0.05048492307692308
0.0035464615384615383
-0.04547815384615384
-0.07677046153846154
-0.09179076923076923
-0.09450276923076922
-0.059038153846153844
-0.012934153846153845
0.029414769230769227
0.06028984615384615
0.06467076923076923
0.07134646153846153
0.07092923076923077
0.04819015384615385
0.019192615384615384
-0.018358153846153843
-0.04860738461538461
-0.059872615384615385
-0.05820369230769231
-0.04380923076923077
-0.03212676923076923
-0.017315076923076923
0.010013538461538461
0.02899753846153846
0.03233538461538461
0.022947692307692308
0.0077187692307692304
0.005424
0.011682461538461537
0.029206153846153847
0.050067692307692306
0.06654830769230768
0.0961716923076923
0.119328
0.1397723076923077
0.14123261538461537
0.10681107692307691
0.06279323076923077
0.008970461538461538
-0.03650769230769231
-0.058412307692307694
-0.061124307692307686
-0.043600615384615383
-0.015646153846153844
0.020652923076923076
0.06529661538461538
0.1070196923076923
0.13330523076923076
0.1314276923076923
0.10138707692307691
0.05590892307692308
-0.0014603076923076922
-0.06300184615384616
-0.12162276923076921
-0.17544553846153846
-0.19693292307692306
-0.18775384615384613
-0.15124615384615384
-0.08824430769230769
-0.019609846153846155
0.054240000000000003
0.12412615384615384
0.1858763076923077
0.22697353846153845
0.23469230769230767
0.20652923076923077
0.14999446153846155
0.07927384615384615
0.008970461538461538
-0.045895384615384616
-0.0897046153846154
-0.11599015384615384
-0.11724184615384614
-0.07969107692307692
-0.013351384615384614
0.06696553846153847
0.14477907692307693
0.19609846153846153
0.2275993846153846
0.23135446153846154
0.2075723076923077
0.15354092307692307
0.0678
-0.022530461538461537
-0.09930092307692308
-0.14957723076923077
-0.1706473846153846
-0.16856123076923077
-0.15541846153846153
-0.13601723076923075
-0.11244369230769231
-0.08866153846153846
-0.06759138461538462
-0.061124307692307686
-0.06884307692307692
-0.08240307692307691
-0.08302892307692307
-0.06863446153846153
-0.042974769230769226
-0.012099692307692308
0.008970461538461538
0.03358707692307692
0.061750153846153844
0.08302892307692307
0.09721476923076922
0.08469784615384615
0.05507446153846154
0.031918153846153846
0.01043076923076923
0.008970461538461538
0.01043076923076923
0.007301538461538462
0.010848
0.019609846153846155
0.05236246153846154
0.09387692307692307
0.12496061538461539
0.14477907692307693
0.14811692307692306
0.13643446153846153
0.11703323076923078
0.08386338461538462
0.025659692307692307
-0.04380923076923077
-0.09930092307692308
-0.14123261538461537
-0.16459753846153846
-0.17169046153846151
-0.17398523076923075
-0.16188553846153847
-0.12808984615384614
-0.06884307692307692
-0.0029206153846153843
0.05069353846153846
0.08302892307692307
0.0936683076923077
0.08448923076923077
0.05403138461538461
0.013142769230769229
-0.040679999999999994
-0.09471138461538461
-0.12725538461538463
-0.12996738461538462
-0.09909230769230769
-0.04839876923076923
0.009804923076923077
0.06571384615384615
0.11640738461538462
0.1612596923076923
0.18900553846153845
0.19192615384615386
0.1635544615384615
0.11849353846153846
0.07030338461538461
0.021278769230769233
-0.020027076923076922
-0.053614153846153846
-0.07551876923076924
-0.08031692307692308
-0.06905169230769231
-0.044435076923076924
-0.021904615384615383
-0.016897846153846156
-0.02023569230769231
-0.021070153846153846
-0.019609846153846155
-0.018358153846153843
-0.023990769230769232
-0.034630153846153845
-0.0446436923076923
-0.04547815384615384
-0.026494153846153844
0.0006258461538461538
0.02315630769230769
0.03400430769230769
0.035255999999999996
0.031709538461538456
0.024408000000000003
0.008970461538461538
-0.014394461538461538
-0.04172307692307692
-0.06321046153846153
-0.06717415384615384
-0.06425353846153846
-0.04672984615384615
-0.01668923076923077
0.030040615384615384
0.0936683076923077
0.15750461538461538
0.21487384615384614
0.24408
0.24011630769230768
0.20298276923076922
0.1462393846153846
0.06759138461538462
-0.02482523076923077
-0.12120553846153845
-0.21174461538461536
-0.2682793846153846
-0.2920615384615385
-0.26348123076923075
-0.20027076923076922
-0.12350030769230769
-0.027745846153846152
0.07697907692307693
0.18191261538461537
0.26306399999999996
0.3035353846153846
0.29039261538461536
0.22154953846153846
0.11974523076923077
-0.003963692307692307
-0.1368516923076923
-0.26535876923076923
-0.3750904615384615
-0.44309907692307693
-0.45332123076923075
-0.39928984615384616
-0.2912270769230769
-0.15875630769230767
-0.018775384615384614
0.12141415384615384
0.24345415384615382
0.33315876923076926
0.36674584615384614
0.32982092307692307
0.23803015384615384
0.11473846153846154
-0.016897846153846156
-0.13643446153846153
-0.23969907692307693
-0.31855569230769226
-0.3448412307692308
-0.31688676923076925
-0.2399076923076923
-0.13184492307692308
-0.020652923076923076
0.08344615384615384
0.17023015384615386
0.25054707692307693
0.2872633846153846
0.29331323076923077
0.2655673846153846
0.22655630769230767
0.2021483076923077
0.18650215384615382
0.301032
0.2705741538461538
0.16418030769230768
0.12600369230769232
0.016897846153846156
0.042348923076923076
-0.03713353846153846
-0.15082892307692305
-0.22989415384615383
-0.3229366153846154
-0.18212123076923076
-0.08469784615384615
0.015646153846153844
0.09304246153846155
0.10827138461538462
0.27558092307692306
0.35923569230769226
0.43704923076923075
0.3994984615384615
0.17899199999999998
0.043600615384615383
-0.15124615384615384
-0.2659846153846154
-0.33482769230769227
-0.4683415384615384
-0.43704923076923075
-0.43663199999999996
-0.3611132307692308
-0.1218313846153846
0.04819015384615385
0.279336
0.4128498461538462
0.4453938461538462
0.48649107692307686
0.40930338461538457
0.3744646153846154
0.3012406153846154
0.13768615384615385
0.010848
-0.10618523076923077
-0.11181784615384616
-0.08907876923076924
-0.12204
-0.12350030769230769
-0.13768615384615385
-0.06821723076923077
0.06008123076923077
0.1178676923076923
0.17169046153846151
0.17377661538461536
0.16856123076923077
0.2221753846153846
0.2073636923076923
0.18921415384615384
0.14999446153846155
0.06821723076923077
0.07635323076923077
0.07677046153846154
0.07301538461538462
0.05069353846153846
-0.02482523076923077
-0.06884307692307692
-0.12955015384615384
-0.1704387692307692
-0.19672430769230767
-0.2073636923076923
-0.15792184615384616
-0.13205353846153844
-0.058829538461538454
0.06195876923076923
0.14582215384615385
0.23406646153846156
0.25367630769230765
0.2411593846153846
0.2369870769230769
0.16897846153846155
0.11473846153846154
0.029206153846153847
-0.07802215384615384
-0.11599015384615384
-0.16042523076923076
-0.1802436923076923
-0.19067446153846154
-0.20778092307692309
-0.14936861538461538
-0.06258461538461538
0.03400430769230769
0.11452984615384615
0.16271999999999998
0.23928184615384615
0.2722430769230769
0.2626467692307692
0.22634769230769228
0.10159569230769232
-0.0012516923076923076
-0.10681107692307691
-0.21091015384615383
-0.23469230769230767
-0.26932246153846157
-0.24741784615384615
-0.20798953846153845
-0.18963138461538462
-0.10827138461538462
-0.0448523076923077
0.008761846153846153
0.03880246153846154
0.03504738461538461
0.04568676923076923
0.02524246153846154
0.018358153846153843
0.020027076923076922
0.0
-0.009179076923076922
-0.046104
-0.054240000000000003
-0.04693846153846153
-0.07781353846153846
-0.08636676923076922
-0.11306953846153844
-0.12099692307692309
-0.07697907692307693
-0.040262769230769234
0.004172307692307692
0.021904615384615383
0.027120000000000002
0.07927384615384615
0.12850707692307692
0.1733593846153846
0.18858830769230767
0.16000799999999998
0.15082892307692305
0.13852061538461538
0.13518276923076925
0.11974523076923077
0.07697907692307693
0.043600615384615383
-0.006049846153846154
-0.03129230769230769
-0.03567323076923076
-0.044435076923076924
-0.021278769230769233
-0.005424
0.015646153846153844
0.06195876923076923
0.0892873846153846
0.13330523076923076
0.15959076923076923
0.14206707692307693
0.12621230769230768
0.09679753846153846
0.07697907692307693
0.051319384615384614
0.018775384615384614
0.0035464615384615383
-0.012099692307692308
0.0033378461538461535
0.029206153846153847
0.03233538461538461
0.026702769230769228
0.0004172307692307692
-0.013768615384615384
-0.005424
-0.005841230769230769
0.011473846153846154
0.029832
0.05486584615384615
0.10201292307692307
0.13768615384615385
0.1842073846153846
0.2209236923076923
0.23928184615384615
0.2422024615384615
0.206112
0.16647507692307692
0.12350030769230769
0.07030338461538461
0.017940923076923077
-0.04714707692307692
-0.10952307692307692
-0.157296
-0.18754523076923074
-0.18525046153846153
-0.1639716923076923
-0.11828492307692307
-0.055491692307692304
0.0018775384615384615
0.05820369230769231
0.08615815384615384
0.09325107692307691
0.09408553846153846
0.06633969230769231
0.02858030769230769
-0.026702769230769228
-0.09262523076923077
-0.14519630769230768
-0.19964492307692308
-0.23761292307692305
-0.26160369230769226
-0.2655673846153846
-0.22572184615384616
-0.16835261538461538
-0.09491999999999999
-0.017940923076923077
0.04965046153846154
0.11682461538461539
0.16271999999999998
0.18921415384615384
0.1913003076923077
0.15750461538461538
0.10681107692307691
0.04109723076923077
-0.024199384615384616
-0.07760492307692309
-0.14102399999999998
-0.1913003076923077
-0.20444307692307692
-0.18942276923076923
-0.14457046153846154
-0.09867507692307692
-0.06446215384615385
-0.03045784615384615
0.003755076923076923
0.042348923076923076
0.06675692307692307
0.06863446153846153
0.051528
0.014603076923076923
-0.019192615384615384
-0.04735569230769231
-0.07280676923076923
-0.09429415384615383
-0.12850707692307692
-0.16271999999999998
-0.18170399999999998
-0.18942276923076923
-0.1800350769230769
-0.1612596923076923
-0.13121907692307694
-0.09429415384615383
-0.04985907692307692
0.003963692307692307
0.05528307692307692
0.09325107692307691
0.10597661538461538
0.1097316923076923
0.11327815384615383
0.11098338461538461
0.09575446153846154
0.06279323076923077
0.030040615384615384
0.0025033846153846152
-0.016063384615384615
-0.019609846153846155
-0.02211323076923077
-0.021904615384615383
-0.009804923076923077
0.01668923076923077
0.05653476923076922
0.09721476923076922
0.13747753846153846
0.17315076923076922
0.20423446153846153
0.22718215384615387
0.23385784615384617
0.21883753846153844
0.1792006153846154
0.1136953846153846
0.047772923076923074
0.0029206153846153843
-0.029832
-0.04819015384615385
-0.05799507692307692
-0.050067692307692306
-0.021696
0.015228923076923076
0.05653476923076922
0.0880356923076923
0.10535076923076922
0.11014892307692307
0.111192
0.111192
0.10952307692307692
0.10743692307692307
0.09199938461538461
0.06800861538461538
0.04401784615384615
0.015646153846153844
-0.014603076923076923
-0.05194523076923077
-0.08720123076923077
-0.10243015384615384
-0.10055261538461538
-0.07739630769230768
-0.03400430769230769
0.001043076923076923
0.02753723076923077
0.05319692307692307
0.08198584615384615
0.1097316923076923
0.11557292307692307
0.10743692307692307
0.10159569230769232
0.09512861538461538
0.0853236923076923
0.06738276923076922
0.04318338461538461
0.010222153846153844
-0.027745846153846152
-0.05716061538461538
-0.08240307692307691
-0.10243015384615384
-0.12516923076923075
-0.13998092307692306
-0.12788123076923075
-0.103056
-0.07134646153846153
-0.040054153846153843
-0.01814953846153846
0.0
0.008761846153846153
0.003129230769230769
-0.008136
-0.026702769230769228
-0.053405538461538456
-0.08073415384615384
-0.11452984615384615
-0.14477907692307693
-0.15792184615384616
-0.1612596923076923
-0.15395815384615386
-0.13309661538461537
-0.0961716923076923
-0.04735569230769231
-0.007510153846153846
0.022530461538461537
0.05590892307692308
0.08302892307692307
0.10514215384615383
0.12433476923076923
0.13038461538461538
0.12975876923076923
0.11703323076923078
0.10618523076923077
0.111192
0.10722830769230769
0.08594953846153845
0.045895384615384616
0.011473846153846154
-0.0077187692307692304
-0.03337846153846154
-0.053405538461538456
-0.07405846153846153
-0.08699261538461538
-0.07280676923076923
-0.042348923076923076
0.006675692307692307
0.05319692307692307
0.09033046153846153
0.11953661538461538
0.13768615384615385
0.15667015384615385
0.1558356923076923
0.12204
0.07134646153846153
0.00855323076923077
-0.053614153846153846
-0.1028473846153846
-0.1353913846153846
-0.1476996923076923
-0.15354092307692307
-0.13455692307692307
-0.08511507692307693
-0.017523692307692306
0.0678
0.14436184615384615
0.21800307692307694
0.27558092307692306
0.30436984615384616
0.31000246153846156
0.27474646153846155
0.20861538461538462
0.130176
0.051319384615384614
-0.021070153846153846
-0.07301538461538462
-0.11348676923076922
-0.13455692307692307
-0.11536430769230768
-0.06800861538461538
0.0008344615384615384
0.07155507692307693
0.13768615384615385
0.18983999999999998
0.21466523076923077
0.21737723076923077
0.19755876923076923
0.16334584615384617
0.10806276923076923
0.04693846153846153
-0.0022947692307692304
-0.03921969230769231
-0.06195876923076923
-0.07635323076923077
-0.08094276923076923
-0.08574092307692306
-0.084072
-0.06675692307692307
-0.03650769230769231
-0.0043809230769230765
0.01981846153846154
0.04631261538461538
0.07593599999999999
0.10889723076923077
0.13768615384615385
0.15562707692307692
0.16042523076923076
0.14853415384615384
0.12099692307692309
0.08052553846153847
0.03692492307692308
-0.009387692307692307
-0.05048492307692308
-0.08198584615384615
-0.10806276923076923
-0.1207883076923077
-0.1218313846153846
-0.10764553846153846
-0.07697907692307693
-0.03400430769230769
0.017940923076923077
0.06133292307692308
0.10263876923076923
0.13622584615384614
0.14936861538461538
0.1504116923076923
0.1218313846153846
0.07405846153846153
0.015228923076923076
-0.04318338461538461
-0.0880356923076923
-0.11870215384615385
-0.13664307692307692
-0.15145476923076923
-0.1656406153846154
-0.1779489230769231
-0.19505538461538463
-0.22342707692307692
-0.2578486153846154
-0.3170953846153846
-0.2701569230769231
-0.13476553846153844
0.07092923076923077
0.3558978461538462
0.5887126153846154
0.8332098461538461
1.018668923076923
1.1223507692307693
1.091892923076923
0.8738898461538461
0.5411483076923076
0.12391753846153845
-0.26681907692307694
-0.5968486153846153
-0.8398855384615385
-0.9838301538461538
-0.9961384615384615
-0.8382166153846153
-0.5296744615384615
-0.13038461538461538
0.2764153846153846
0.6248030769230769
0.8377993846153846
0.9241661538461537
0.8519852307692307
0.6558867692307692
0.3707095384615384
-0.04380923076923077
-0.44393353846153844
-0.7747975384615384
-0.9621341538461539
-0.9471138461538461
-0.8094276923076922
-0.5640959999999999
-0.2851772307692308
-0.020652923076923076
0.24512307692307692
0.43934399999999996
0.5083956923076923
0.45603323076923075
0.30895938461538464
0.16480615384615382
0.04401784615384615
-0.04819015384615385
-0.12245723076923076
-0.21508246153846153
-0.2999889230769231
-0.3671630769230769
-0.40596553846153843
-0.4145187692307692
-0.42328061538461537
-0.4053396923076923
-0.3665372307692307
-0.3148006153846154
-0.22718215384615387
-0.15166338461538462
-0.08094276923076923
-0.015228923076923076
0.050067692307692306
0.14331876923076922
0.24741784615384615
0.3387913846153846
0.3947003076923077
0.3873987692307692
0.2951907692307692
0.15228923076923076
-0.011682461538461537
-0.19338646153846153
-0.37967999999999996
-0.5040147692307693
-0.5211212307692308
-0.4147273846153846
-0.19338646153846153
0.07843938461538462
0.35986153846153845
0.5924676923076923
0.7520584615384615
0.8225704615384615
0.7576910769230769
0.5870436923076923
0.34880492307692307
0.07510153846153846
-0.18545907692307692
-0.40325353846153844
-0.5499101538461538
-0.6093655384615385
-0.5764043076923077
-0.458328
-0.2822566153846154
-0.06070707692307692
0.17023015384615386
0.3798886153846154
0.5401052307692308
0.6068621538461538
0.5872523076923076
0.4704276923076923
0.2720344615384615
0.04714707692307692
-0.1873366153846154
-0.3784283076923077
-0.48106707692307693
-0.5021372307692308
-0.427452923076923
-0.2641070769230769
-0.05236246153846154
0.1794092307692308
0.368832
0.4746
0.49733907692307694
0.4376750769230769
0.32606584615384615
0.18963138461538462
0.052153846153846155
-0.06446215384615385
-0.15604430769230768
-0.19526400000000002
-0.18525046153846153
-0.1341396923076923
-0.05382276923076923
0.0050067692307692304
0.04819015384615385
0.06988615384615385
0.06049846153846154
0.03024923076923077
-0.047772923076923074
-0.13706030769230768
-0.21487384615384614
-0.279336
-0.2864289230769231
-0.2588916923076923
-0.19380369230769232
-0.09992676923076924
-0.0008344615384615384
0.11244369230769231
0.19755876923076923
0.24658338461538462
0.23761292307692305
0.16897846153846155
0.06696553846153847
-0.06028984615384615
-0.1691870769230769
-0.2699483076923077
-0.3521427692307692
-0.38072307692307694
-0.3669544615384615
-0.28350830769230767
-0.13872923076923074
0.02023569230769231
0.1779489230769231
0.30249230769230767
0.3863556923076923
0.4184824615384615
0.38531261538461536
0.295608
0.16334584615384617
0.023364923076923075
-0.09387692307692307
-0.1733593846153846
-0.19672430769230767
-0.154584
-0.07030338461538461
0.03838523076923077
0.14540492307692307
0.24074215384615386
0.29769415384615383
0.29080984615384614
0.2453316923076923
0.17023015384615386
0.07823076923076923
-0.017523692307692306
-0.10201292307692307
-0.16334584615384617
-0.18942276923076923
-0.1867107692307692
-0.1506203076923077
-0.084072
0.0077187692307692304
0.11745046153846153
0.20861538461538462
0.2751636923076923
0.2860116923076923
0.24053353846153847
0.1558356923076923
0.034630153846153845
-0.08782707692307692
-0.20277415384615383
-0.30019753846153846
-0.3713353846153846
-0.3949089230769231
-0.3442153846153846
-0.24449723076923074
-0.116616
0.014185846153846153
0.12934153846153845
0.21821169230769227
0.2624381538461539
0.273912
0.249504
0.19651569230769228
0.130176
0.06884307692307692
0.03942830769230769
0.031918153846153846
0.03859384615384615
0.05924676923076923
0.09053907692307692
0.14144123076923076
0.19693292307692306
0.24178523076923078
0.26222953846153846
0.24574892307692306
0.2157083076923077
0.18274707692307693
0.14874276923076923
0.1207883076923077
0.08428061538461538
0.040054153846153843
0.011891076923076923
0.0043809230769230765
0.008136
0.0
-0.023990769230769232
-0.056951999999999996
-0.09471138461538461
-0.11578153846153846
-0.12350030769230769
-0.1287156923076923
-0.13121907692307694
-0.12558646153846154
-0.09262523076923077
-0.02273907692307692
0.06675692307692307
0.14728246153846153
0.19860184615384616
0.21800307692307694
0.22008923076923076
0.20006215384615383
0.15124615384615384
0.07885661538461539
-0.017732307692307693
-0.11640738461538462
-0.19046584615384615
-0.22843384615384613
-0.23052
-0.20965846153846154
-0.16501476923076921
-0.08344615384615384
0.024616615384615383
0.13309661538461537
0.21988061538461537
0.2559710769230769
0.2342750769230769
0.17252492307692308
0.09304246153846155
0.0022947692307692304
-0.09867507692307692
-0.19526400000000002
-0.2699483076923077
-0.29873723076923075
-0.2805876923076923
-0.22447015384615385
-0.1449876923076923
-0.061124307692307686
0.022530461538461537
0.10263876923076923
0.1706473846153846
0.20339999999999997
0.18900553846153845
0.1341396923076923
0.06863446153846153
0.00855323076923077
-0.04318338461538461
-0.07969107692307692
-0.11411261538461538
-0.12412615384615384
-0.10555938461538462
-0.05778646153846154
0.012934153846153845
0.07030338461538461
0.10743692307692307
0.12141415384615384
0.12767261538461538
0.12412615384615384
0.10910584615384614
0.09241661538461539
0.06759138461538462
0.03880246153846154
0.01856676923076923
0.006258461538461538
-0.012516923076923077
-0.03275261538461539
-0.06404492307692307
-0.08094276923076923
-0.06738276923076922
-0.046104
-0.015854769230769228
0.0002086153846153846
0.0077187692307692304
0.026076923076923077
0.043600615384615383
0.06446215384615385
0.08240307692307691
0.08490646153846154
0.09033046153846153
0.10096984615384616
0.1178676923076923
0.12934153846153845
0.12016246153846154
0.10347323076923076
0.07885661538461539
0.054657230769230764
0.030875076923076922
0.005841230769230769
-0.019609846153846155
-0.044435076923076924
-0.04944184615384615
-0.03880246153846154
-0.023364923076923075
-0.009179076923076922
-0.0070929230769230765
-0.014811692307692307
-0.017523692307692306
-0.019609846153846155
-0.032544
-0.0609156923076923
-0.10785415384615385
-0.15604430769230768
-0.19296923076923078
-0.208824
-0.2008966153846154
-0.18337292307692307
-0.15124615384615384
-0.09846646153846153
-0.027745846153846152
0.035464615384615386
0.07426707692307692
0.09137353846153846
0.08365476923076923
0.07155507692307693
0.06070707692307692
0.047981538461538464
0.03838523076923077
0.023364923076923075
0.014185846153846153
0.03045784615384615
0.06759138461538462
0.12037107692307693
0.16584923076923075
0.19609846153846153
0.21821169230769227
0.2225926153846154
0.22029784615384615
0.19964492307692308
0.16480615384615382
0.119328
0.06341907692307691
0.016480615384615385
-0.032544
-0.07677046153846154
-0.11056615384615384
-0.13872923076923074
-0.14081538461538462
-0.11411261538461538
-0.07280676923076923
-0.022947692307692308
0.024408000000000003
0.05799507692307692
0.0826116923076923
0.09763200000000001
0.0961716923076923
0.07238953846153846
0.027745846153846152
-0.01668923076923077
-0.05590892307692308
-0.0855323076923077
-0.10806276923076923
-0.13080184615384613
-0.14582215384615385
-0.15750461538461538
-0.15333230769230768
-0.13601723076923075
-0.12245723076923076
-0.10868861538461538
-0.09325107692307691
-0.07051199999999999
-0.04172307692307692
-0.013768615384615384
0.007301538461538462
0.016063384615384615
0.012099692307692308
0.0002086153846153846
-0.013142769230769229
-0.03129230769230769
-0.051528
-0.078648
-0.10263876923076923
-0.10889723076923077
-0.11348676923076922
-0.1136953846153846
-0.10555938461538462
-0.09304246153846155
-0.06258461538461538
-0.01272553846153846
0.04172307692307692
0.09867507692307692
0.14561353846153846
0.1704387692307692
0.18879692307692306
0.19630707692307692
0.18253846153846154
0.14811692307692306
0.08365476923076923
0.01668923076923077
-0.03921969230769231
-0.0826116923076923
-0.10743692307692307
-0.12120553846153845
-0.11619876923076923
-0.09325107692307691
-0.05507446153846154
-0.012308307692307691
0.02795446153846154
0.05674338461538461
0.07092923076923077
0.07572738461538461
0.07697907692307693
0.07551876923076924
0.0609156923076923
0.045895384615384616
0.02211323076923077
-0.0016689230769230767
-0.014603076923076923
-0.02232184615384615
-0.02023569230769231
-0.02044430769230769
-0.01397723076923077
0.0008344615384615384
0.017315076923076923
0.03337846153846154
0.03400430769230769
0.026702769230769228
0.030875076923076922
0.03024923076923077
0.03045784615384615
0.03066646153846154
0.027328615384615382
0.03045784615384615
0.042348923076923076
0.08386338461538462
0.12725538461538463
0.14874276923076923
0.14978584615384616
0.12913292307692306
0.103056
0.06446215384615385
-0.004172307692307692
-0.07301538461538462
-0.1531236923076923
-0.2572227692307692
-0.2995716923076923
-0.29331323076923077
-0.2292683076923077
-0.10785415384615385
0.03024923076923077
0.20339999999999997
0.3646596923076923
0.4877427692307692
0.547824
0.5094387692307691
0.4109723076923077
0.2689052307692308
0.07051199999999999
-0.12725538461538463
-0.33315876923076926
-0.485448
-0.5693113846153846
-0.6054018461538461
-0.523416
-0.3978295384615384
-0.1858763076923077
0.07927384615384615
0.33315876923076926
0.5816196923076923
0.7007390769230769
0.7543532307692307
0.71868
0.568476923076923
0.37091815384615384
0.084072
-0.18170399999999998
-0.40992923076923077
-0.5807852307692307
-0.6350252307692307
-0.6285581538461538
-0.5188264615384615
-0.34588430769230766
-0.15354092307692307
0.07259815384615384
0.2478350769230769
0.3811403076923077
0.47272246153846154
0.4879513846153846
0.46896738461538456
0.3805144615384615
0.24887815384615386
0.1028473846153846
-0.07134646153846153
-0.21633415384615384
-0.328152
-0.39115384615384613
-0.3809316923076923
-0.3277347692307692
-0.23448369230769228
-0.11849353846153846
0.002086153846153846
0.13101046153846155
0.2273907692307692
0.2997803076923077
0.32836061538461536
0.31354892307692306
0.2872633846153846
0.2371956923076923
0.1881710769230769
0.1178676923076923
0.024616615384615383
-0.04944184615384615
-0.11703323076923078
-0.16710092307692306
-0.18316430769230768
-0.18399876923076922
-0.15667015384615385
-0.11014892307692307
-0.03963692307692308
0.0609156923076923
0.15687876923076924
0.2509643076923077
0.309168
0.32189353846153845
0.31208861538461535
0.265776
0.20131384615384615
0.11306953846153844
0.010013538461538461
-0.07656184615384615
-0.14853415384615384
-0.1873366153846154
-0.19672430769230767
-0.1927606153846154
-0.157296
-0.08761846153846153
0.013351384615384614
0.13121907692307694
0.22843384615384613
0.3062473846153846
0.35235138461538457
0.3490135384615385
0.30270092307692303
0.20652923076923077
0.08323753846153846
-0.059664
-0.20277415384615383
-0.30249230769230767
-0.34943076923076927
-0.3294036923076923
-0.2526332307692308
-0.14123261538461537
0.003129230769230769
0.1476996923076923
0.2709913846153846
0.35798399999999997
0.3821833846153846
0.3558978461538462
0.2860116923076923
0.18232984615384615
0.078648
-0.035464615384615386
-0.14164984615384615
-0.22342707692307692
-0.273912
-0.2707827692307692
-0.2303113846153846
-0.15917353846153848
-0.08052553846153847
-0.008344615384615384
0.05736923076923077
0.1097316923076923
0.13393107692307693
0.12579507692307693
0.09158215384615384
0.03692492307692308
-0.01940123076923077
-0.07343261538461537
-0.12120553846153845
-0.18191261538461537
-0.2275993846153846
-0.233232
-0.2127876923076923
-0.16689230769230767
-0.13184492307692308
-0.11265230769230769
-0.09992676923076924
-0.09408553846153846
-0.0855323076923077
-0.07948246153846153
-0.08115138461538463
-0.07259815384615384
-0.058412307692307694
-0.03108369230769231
0.016897846153846156
0.07009476923076922
0.12996738461538462
0.16480615384615382
0.18170399999999998
0.17711446153846155
0.15333230769230768
0.12370892307692308
0.06154153846153846
-0.003755076923076923
-0.045895384615384616
-0.05653476923076922
-0.024199384615384616
0.031709538461538456
0.09304246153846155
0.15479261538461536
0.21007569230769232
0.2582658461538461
0.28413415384615387
0.26765353846153844
0.20673784615384616
0.10910584615384614
0.014603076923076923
-0.0744756923076923
-0.15187199999999998
-0.20235692307692305
-0.2399076923076923
-0.23448369230769228
-0.18921415384615384
-0.11035753846153845
-0.01043076923076923
0.06905169230769231
0.132888
0.17669723076923077
0.19317784615384614
0.18525046153846153
0.14436184615384615
0.06967753846153846
-0.024408000000000003
-0.12537784615384615
-0.20506892307692307
-0.2480436923076923
-0.2651501538461538
-0.24574892307692306
-0.1992276923076923
-0.11411261538461538
-0.003129230769230769
0.10159569230769232
0.1923433846153846
0.23907323076923076
0.2563883076923077
0.24512307692307692
0.20465169230769228
0.14206707692307693
0.0448523076923077
-0.04839876923076923
-0.1205796923076923
-0.1597993846153846
-0.15082892307692305
-0.11891076923076922
-0.065088
-0.005841230769230769
0.04672984615384615
0.10326461538461539
0.14811692307692306
0.16772676923076923
0.1570873846153846
0.12934153846153845
0.10493353846153847
0.07572738461538461
0.03713353846153846
-0.001043076923076923
-0.041514461538461535
-0.06821723076923077
-0.08344615384615384
-0.08720123076923077
-0.07739630769230768
-0.07280676923076923
-0.06383630769230769
-0.056326153846153845
-0.04860738461538461
-0.042974769230769226
-0.047772923076923074
-0.05799507692307692
-0.07343261538461537
-0.07969107692307692
-0.07802215384615384
-0.07635323076923077
-0.07364123076923076
-0.0717636923076923
-0.06738276923076922
-0.05757784615384615
-0.03859384615384615
-0.021487384615384613
-0.01668923076923077
-0.02795446153846154
-0.04172307692307692
-0.046104
-0.046104
-0.040679999999999994
-0.03150092307692308
-0.00855323076923077
0.022947692307692308
0.06070707692307692
0.10910584615384614
0.14728246153846153
0.17273353846153844
0.17565415384615385
0.15896492307692306
0.13372246153846154
0.08240307692307691
0.01940123076923077
-0.04318338461538461
-0.09325107692307691
-0.12037107692307693
-0.12683815384615382
-0.11619876923076923
-0.09429415384615383
-0.05736923076923077
-0.012308307692307691
0.03901107692307692
0.08323753846153846
0.10660246153846153
0.11244369230769231
0.0974233846153846
0.06154153846153846
0.021696
-0.024616615384615383
-0.07343261538461537
-0.11473846153846154
-0.1422756923076923
-0.14457046153846154
-0.13205353846153844
-0.09825784615384614
-0.05653476923076922
-0.005841230769230769
0.06028984615384615
0.12099692307692309
0.17294215384615383
0.19964492307692308
0.20277415384615383
0.19046584615384615
0.16167692307692308
0.12808984615384614
0.09241661538461539
0.05528307692307692
0.02586830769230769
0.009596307692307692
0.02023569230769231
0.04839876923076923
0.07197230769230768
0.09533723076923077
0.11327815384615383
0.132888
0.14582215384615385
0.14686523076923075
0.13393107692307693
0.09846646153846153
0.058829538461538454
0.01940123076923077
-0.0077187692307692304
-0.016480615384615385
-0.023782153846153845
-0.026494153846153844
-0.017523692307692306
-0.003963692307692307
0.012516923076923077
0.01814953846153846
0.004589538461538461
-0.018775384615384614
-0.04568676923076923
-0.06800861538461538
-0.08657538461538461
-0.10013538461538461
-0.10743692307692307
-0.10117846153846152
-0.07614461538461538
-0.03629907692307692
0.010848
0.04214030769230769
0.05716061538461538
0.06049846153846154
0.04714707692307692
0.024616615384615383
-0.010848
-0.05486584615384615
-0.100344
-0.14102399999999998
-0.15833907692307692
-0.16084246153846155
-0.1462393846153846
-0.1097316923076923
-0.05528307692307692
0.018983999999999997
0.1097316923076923
0.19714153846153845
0.25930892307692305
0.28955815384615385
0.28851507692307693
0.26452430769230767
0.21988061538461537
0.15938215384615384
0.08010830769230769
-0.007510153846153846
-0.08594953846153845
-0.13330523076923076
-0.13601723076923075
-0.11870215384615385
-0.08323753846153846
-0.02795446153846154
0.04109723076923077
0.11765907692307691
0.18086953846153844
0.21529107692307692
0.21633415384615384
0.18650215384615382
0.14436184615384615
0.09512861538461538
0.027120000000000002
-0.04547815384615384
-0.10889723076923077
-0.14686523076923075
-0.1558356923076923
-0.14123261538461537
-0.10409907692307692
-0.06884307692307692
-0.04526953846153846
-0.02899753846153846
-0.015437538461538461
-0.0022947692307692304
0.0008344615384615384
-0.0070929230769230765
-0.016272
-0.023990769230769232
-0.02044430769230769
0.003963692307692307
0.037967999999999995
0.06738276923076922
0.08594953846153845
0.09992676923076924
0.11828492307692307
0.12662953846153846
0.1070196923076923
0.06800861538461538
0.011682461538461537
-0.028371692307692306
-0.04380923076923077
-0.047981538461538464
-0.03045784615384615
-0.01272553846153846
0.028371692307692306
0.08949599999999999
0.14749107692307692
0.19505538461538463
0.214248
0.2073636923076923
0.17273353846153844
0.12683815384615382
0.06321046153846153
-0.016480615384615385
-0.09992676923076924
-0.16626646153846153
-0.20819815384615384
-0.2290596923076923
-0.21466523076923077
-0.184416
-0.13914646153846155
-0.08323753846153846
-0.023990769230769232
0.04214030769230769
0.100344
0.1424843076923077
0.1635544615384615
0.16084246153846155
0.14978584615384616
0.13622584615384614
0.10660246153846153
0.07051199999999999
0.032544
0.001043076923076923
-0.008970461538461538
-0.010848
-0.010013538461538461
-0.011056615384615385
-0.018775384615384614
-0.024616615384615383
-0.027328615384615382
-0.03233538461538461
-0.03838523076923077
-0.03838523076923077
-0.020652923076923076
0.015646153846153844
0.06279323076923077
0.10681107692307691
0.13518276923076925
0.13893784615384613
0.11682461538461539
0.07238953846153846
0.01043076923076923
-0.06571384615384615
-0.14686523076923075
-0.20819815384615384
-0.2436627692307692
-0.233232
-0.19213476923076922
-0.1353913846153846
-0.08031692307692308
-0.046104
-0.023990769230769232
-0.020652923076923076
-0.026494153846153844
-0.07155507692307693
-0.12016246153846154
-0.16209415384615386
-0.14665661538461539
-0.054657230769230764
0.12245723076923076
0.33983446153846153
0.46729846153846155
0.6462904615384615
0.7635323076923076
0.838008
0.8246566153846154
0.5864178461538462
0.29456492307692306
-0.11703323076923078
-0.4716793846153846
-0.7829335384615385
-1.0760381538461539
-1.2039193846153846
-1.2443907692307692
-1.0303513846153844
-0.6339821538461539
-0.13184492307692308
0.4558246153846154
0.9151956923076924
1.3013427692307693
1.5183027692307691
1.5039083076923077
1.3171975384615384
0.8701347692307693
0.3193901538461538
-0.2712
-0.8690916923076922
-1.255030153846154
-1.4805433846153844
-1.5049513846153844
-1.3000910769230767
-0.9802836923076922
-0.4825273846153846
0.07405846153846153
0.62376
1.1221421538461538
1.4085710769230768
1.5197630769230768
1.4452873846153844
1.1947403076923075
0.8300806153846153
0.32669169230769235
-0.21195323076923075
-0.710544
-1.105452923076923
-1.3067667692307694
-1.3639273846153845
-1.2627489230769229
-1.0092812307692307
-0.6611021538461538
-0.23615261538461538
0.1792006153846154
0.5350984615384615
0.8367563076923077
1.0238843076923076
1.1275661538461539
1.1346590769230769
1.0032313846153846
0.7964935384615384
0.4958787692307692
0.15082892307692305
-0.21216184615384615
-0.5759870769230769
-0.8782707692307692
-1.0998203076923077
-1.1847267692307692
-1.1561464615384616
-0.9996849230769231
-0.6815464615384615
-0.28350830769230767
0.1779489230769231
0.6496283076923076
1.039321846153846
1.330966153846154
1.4396547692307693
1.363092923076923
1.1100424615384614
0.676956923076923
0.184416
-0.3412947692307692
-0.8507335384615384
-1.2604541538461538
-1.540416
-1.6094676923076923
-1.4690695384615384
-1.147176
-0.680712
-0.13309661538461537
0.47689476923076923
1.0530904615384615
1.4845070769230768
1.7244147692307692
1.7164873846153847
1.4941033846153846
1.0981513846153845
0.5676424615384615
0.006467076923076923
-0.5507446153846154
-1.0147052307692306
-1.3119821538461538
-1.4248430769230769
-1.3184492307692306
-1.0326461538461538
-0.6095741538461538
-0.11411261538461538
0.38009723076923074
0.815268923076923
1.1171353846153844
1.250857846153846
1.2168535384615384
1.022424
0.7147163076923077
0.3323243076923077
-0.07906523076923076
-0.4478972307692307
-0.7589427692307691
-0.9727735384615385
-1.0660246153846153
-1.0545507692307692
-0.9308418461538461
-0.7243126153846153
-0.4714707692307692
-0.19505538461538463
0.07969107692307692
0.3344104615384615
0.5444861538461538
0.6752879999999999
0.7209747692307692
0.6840498461538461
0.5772387692307692
0.4170221538461538
0.21091015384615383
-0.0016689230769230767
-0.19547261538461536
-0.3536030769230769
-0.4645864615384615
-0.5311347692307692
-0.5338467692307692
-0.477312
-0.35798399999999997
-0.19463815384615382
-0.023782153846153845
0.14916
0.3062473846153846
0.4485230769230769
0.5630529230769231
0.6172929230769231
0.6056104615384615
0.5236246153846154
0.38698153846153843
0.21487384615384614
0.026494153846153844
-0.15124615384615384
-0.3102110769230769
-0.43475446153846153
-0.4965046153846154
-0.4914978461538461
-0.4163963076923077
-0.2860116923076923
-0.130176
0.04109723076923077
0.19839323076923077
0.33295015384615384
0.42599261538461536
0.45728492307692303
0.4243236923076923
0.3214763076923077
0.1908830769230769
0.06216738461538462
-0.04714707692307692
-0.1314276923076923
-0.20423446153846153
-0.23510953846153848
-0.21612553846153845
-0.15082892307692305
-0.04714707692307692
0.04109723076923077
0.10117846153846152
0.12850707692307692
0.12704676923076924
0.1178676923076923
0.07614461538461538
0.009596307692307692
-0.06759138461538462
-0.13664307692307692
-0.16793538461538463
-0.16584923076923075
-0.12955015384615384
-0.07823076923076923
-0.014185846153846153
0.059038153846153844
0.11745046153846153
0.1597993846153846
0.16730953846153845
0.12955015384615384
0.05778646153846154
-0.037967999999999995
-0.12850707692307692
-0.20193969230769232
-0.2526332307692308
-0.26723630769230766
-0.238656
-0.1612596923076923
-0.05090215384615384
0.0771876923076923
0.192552
0.273912
0.3133403076923077
0.3054129230769231
0.254928
0.15208061538461537
0.011473846153846154
-0.14164984615384615
-0.27474646153846155
-0.36257353846153845
-0.38885907692307686
-0.36549415384615386
-0.30019753846153846
-0.19547261538461536
-0.07134646153846153
0.06633969230769231
0.1804523076923077
0.25430215384615384
0.2780843076923077
0.24866953846153847
0.19213476923076922
0.116616
0.03400430769230769
-0.04276615384615385
-0.10263876923076923
-0.13518276923076925
-0.1353913846153846
-0.10347323076923076
-0.05048492307692308
0.004172307692307692
0.058412307692307694
0.10660246153846153
0.13768615384615385
0.14916
0.13622584615384614
0.111192
0.0798996923076923
0.05111076923076923
0.03692492307692308
0.035464615384615386
0.03901107692307692
0.03880246153846154
0.032544
0.021904615384615383
0.014185846153846153
0.006884307692307692
-0.007510153846153846
-0.03358707692307692
-0.056326153846153845
-0.06967753846153846
-0.07259815384615384
-0.06967753846153846
-0.06467076923076923
-0.04631261538461538
-0.026076923076923077
0.013560000000000001
0.06133292307692308
0.09596307692307693
0.12329169230769231
0.132888
0.14206707692307693
0.14665661538461539
0.13789476923076924
0.11828492307692307
0.08344615384615384
0.04819015384615385
0.02545107692307692
0.014603076923076923
0.021696
0.03963692307692308
0.056326153846153845
0.0853236923076923
0.11140061538461538
0.132888
0.13518276923076925
0.11640738461538462
0.09512861538461538
0.05236246153846154
0.014185846153846153
-0.013142769230769229
-0.03775938461538462
-0.05048492307692308
-0.056951999999999996
-0.05069353846153846
-0.03567323076923076
-0.009804923076923077
0.025033846153846153
0.051319384615384614
0.06404492307692307
0.06675692307692307
0.053614153846153846
0.01981846153846154
-0.02586830769230769
-0.08490646153846154
-0.1316363076923077
-0.15875630769230767
-0.1639716923076923
-0.13643446153846153
-0.0961716923076923
-0.028788923076923077
0.05778646153846154
0.15145476923076923
0.24512307692307692
0.30249230769230767
0.32210215384615387
0.29498215384615384
0.2209236923076923
0.11286092307692308
-0.013142769230769229
-0.13726892307692307
-0.25200738461538463
-0.328152
-0.3490135384615385
-0.3248141538461538
-0.2563883076923077
-0.14999446153846155
-0.02211323076923077
0.11745046153846153
0.23823876923076923
0.3214763076923077
0.35923569230769226
0.3310726153846154
0.25117292307692307
0.13372246153846154
-0.007510153846153846
-0.15520984615384617
-0.2962338461538461
-0.409512
-0.47418276923076924
-0.47772923076923074
-0.4109723076923077
-0.28267384615384616
-0.12621230769230768
0.053405538461538456
0.24178523076923078
0.41013784615384613
0.5296744615384615
0.5755698461538461
0.5488670769230769
0.4539470769230769
0.3131316923076923
0.154584
-0.0022947692307692304
-0.14477907692307693
-0.2638984615384615
-0.3339932307692307
-0.3421292307692308
-0.29456492307692306
-0.20277415384615383
-0.09179076923076923
0.03421292307692308
0.16000799999999998
0.27140861538461536
0.360696
0.4118067692307692
0.4297476923076923
0.4053396923076923
0.3473446153846154
0.26494153846153845
0.1597993846153846
0.04547815384615384
-0.073224
-0.18253846153846154
-0.2624381538461539
-0.30520430769230766
-0.31229723076923077
-0.28392553846153845
-0.23177169230769232
-0.15813046153846153
-0.06654830769230768
0.03755076923076923
0.14206707692307693
0.21883753846153844
0.25930892307692305
0.2749550769230769
0.2837169230769231
0.265776
0.1992276923076923
0.10806276923076923
0.0016689230769230767
-0.10555938461538462
-0.20006215384615383
-0.2807963076923077
-0.3312812307692308
-0.3540203076923077
-0.33899999999999997
-0.2643156923076923
-0.14060676923076923
0.006049846153846154
0.1506203076923077
0.2730775384615384
0.3757163076923077
0.4368406153846153
0.44685415384615385
0.4090947692307692
0.317304
0.19547261538461536
0.05111076923076923
-0.08949599999999999
-0.2056947692307692
-0.29227015384615385
-0.33002953846153843
-0.3216849230769231
-0.265776
-0.16418030769230768
-0.05027630769230769
0.06195876923076923
0.15625292307692307
0.21132738461538458
0.23531815384615382
0.21883753846153844
0.165432
0.07969107692307692
-0.031918153846153846
-0.13184492307692308
-0.2059033846153846
-0.25284184615384614
-0.27620676923076926
-0.2837169230769231
-0.2638984615384615
-0.20673784615384616
-0.12516923076923075
-0.03838523076923077
0.03379569230769231
0.08636676923076922
0.1287156923076923
0.1531236923076923
0.1652233846153846
0.15082892307692305
0.10806276923076923
0.061750153846153844
0.015228923076923076
-0.006049846153846154
-0.021278769230769233
-0.03504738461538461
-0.03692492307692308
-0.04318338461538461
-0.035255999999999996
-0.018983999999999997
-0.0008344615384615384
0.013351384615384614
0.01397723076923077
0.01272553846153846
0.028788923076923077
0.03859384615384615
0.04568676923076923
0.033169846153846154
-0.01814953846153846
-0.03942830769230769
-0.058412307692307694
-0.05924676923076923
-0.08344615384615384
-0.13351384615384615
-0.16167692307692308
-0.1712732307692308
-0.1397723076923077
-0.06863446153846153
0.07134646153846153
0.043600615384615383
-0.003755076923076923
0.034630153846153845
-0.01272553846153846
0.06571384615384615
0.03024923076923077
-0.15562707692307692
-0.2887236923076923
-0.40596553846153843
-0.32231076923076923
-0.21654276923076923
-0.17169046153846151
-0.13205353846153844
-0.10827138461538462
0.09053907692307692
0.3045784615384615
0.4714707692307692
0.5010941538461539
0.35464615384615383
0.30144923076923075
0.22989415384615383
0.18504184615384617
0.14811692307692306
-0.038176615384615385
-0.12037107692307693
-0.23406646153846156
-0.29748553846153847
-0.17377661538461536
-0.16105107692307694
-0.07572738461538461
0.02858030769230769
0.06028984615384615
0.21445661538461538
0.3310726153846154
0.44956615384615384
0.5601323076923077
0.5100646153846153
0.4554073846153846
0.36382523076923073
0.2682793846153846
0.17669723076923077
-0.025659692307692307
-0.21633415384615384
-0.38719015384615385
-0.4318338461538461
-0.3517255384615385
-0.3081249230769231
-0.21091015384615383
-0.09804923076923076
0.042557538461538466
0.273912
0.417648
0.5063095384615385
0.5378104615384616
0.45916246153846146
0.41952553846153845
0.32836061538461536
0.15145476923076923
-0.034630153846153845
-0.25451076923076926
-0.4170221538461538
-0.4977563076923077
-0.533220923076923
-0.5025544615384615
-0.39303138461538456
-0.22154953846153846
-0.03775938461538462
0.18212123076923076
0.3786369230769231
0.4958787692307692
0.5962227692307692
0.5837058461538461
0.47272246153846154
0.33524492307692305
0.119328
-0.0855323076923077
-0.2789187692307692
-0.4493575384615385
-0.5021372307692308
-0.5083956923076923
-0.4493575384615385
-0.33649661538461534
-0.214248
-0.014394461538461538
0.18629353846153843
0.3212676923076923
0.3734215384615384
0.35610646153846154
0.3377483076923077
0.27704123076923076
0.19004861538461537
0.06195876923076923
-0.11870215384615385
-0.22864246153846152
-0.3022836923076923
-0.3410861538461538
-0.3148006153846154
-0.3137575384615385
-0.27412061538461535
-0.1883796923076923
-0.11181784615384616
0.009387692307692307
0.10389046153846154
0.15604430769230768
0.19985353846153847
0.19839323076923077
0.1881710769230769
0.16584923076923075
0.13706030769230768
0.09262523076923077
0.03045784615384615
-0.005841230769230769
-0.05111076923076923
-0.08073415384615384
-0.10180430769230768
-0.13497415384615385
-0.12788123076923075
-0.12662953846153846
-0.10785415384615385
-0.032544
0.023990769230769232
0.06842584615384616
0.10785415384615385
0.11953661538461538
0.1718990769230769
0.22697353846153845
0.22467876923076924
0.18107815384615383
0.0771876923076923
-0.009596307692307692
-0.0678
-0.11953661538461538
-0.15208061538461537
-0.19839323076923077
-0.21925476923076925
-0.22008923076923076
-0.19296923076923078
-0.12433476923076923
-0.06404492307692307
0.014811692307692307
0.08386338461538462
0.12162276923076921
0.17377661538461536
0.18232984615384615
0.1787833846153846
0.18650215384615382
0.13622584615384614
0.08240307692307691
0.03129230769230769
-0.009387692307692307
-0.0043809230769230765
-0.014603076923076923
-0.03483876923076923
-0.03984553846153846
-0.02357353846153846
0.024408000000000003
0.06487938461538462
0.09325107692307691
0.10159569230769232
0.09262523076923077
0.10138707692307691
0.10117846153846152
0.10263876923076923
0.10409907692307692
0.08949599999999999
0.09116492307692307
0.07843938461538462
0.05778646153846154
0.04902461538461538
0.013351384615384614
-0.028788923076923077
-0.07092923076923077
-0.12788123076923075
-0.1585476923076923
-0.16981292307692308
-0.17628
-0.17461107692307692
-0.16584923076923075
-0.1178676923076923
-0.03713353846153846
0.04819015384615385
0.11286092307692308
0.15124615384615384
0.1792006153846154
0.19588984615384614
0.21216184615384615
0.19881046153846152
0.14749107692307692
0.09033046153846153
0.024199384615384616
-0.02795446153846154
-0.059038153846153844
-0.09304246153846155
-0.10180430769230768
-0.078648
-0.04318338461538461
0.01940123076923077
0.08490646153846154
0.14457046153846154
0.19171753846153847
0.20632061538461538
0.20527753846153846
0.18274707692307693
0.13309661538461537
0.058412307692307694
-0.025659692307692307
-0.09471138461538461
-0.14999446153846155
-0.17690584615384616
-0.17398523076923075
-0.15082892307692305
-0.11870215384615385
-0.09971815384615385
-0.07739630769230768
-0.04714707692307692
-0.02482523076923077
-0.009804923076923077
-0.012099692307692308
-0.03421292307692308
-0.0448523076923077
-0.04526953846153846
-0.044435076923076924
-0.03400430769230769
-0.037342153846153844
-0.04631261538461538
-0.040679999999999994
-0.024408000000000003
-0.0022947692307692304
0.013768615384615384
0.011891076923076923
-0.0022947692307692304
-0.021070153846153846
-0.04109723076923077
-0.07030338461538461
-0.092208
-0.0961716923076923
-0.10222153846153846
-0.08094276923076923
-0.04902461538461538
-0.006884307692307692
0.05862092307692307
0.103056
0.14206707692307693
0.1531236923076923
0.13601723076923075
0.11223507692307692
0.058412307692307694
-0.006884307692307692
-0.07405846153846153
-0.1341396923076923
-0.1718990769230769
-0.1883796923076923
-0.18107815384615383
-0.14415323076923076
-0.07572738461538461
0.014394461538461538
0.09658892307692307
0.1666836923076923
0.2154996923076923
0.23510953846153848
0.233232
0.19588984615384614
0.1368516923076923
0.06070707692307692
-0.021696
-0.07572738461538461
-0.11390399999999999
-0.13247076923076923
-0.12496061538461539
-0.10493353846153847
-0.059872615384615385
0.0033378461538461535
0.06967753846153846
0.13852061538461538
0.18358153846153846
0.20944984615384615
0.22572184615384616
0.21758584615384616
0.19881046153846152
0.16230276923076925
0.11765907692307691
0.07531015384615385
0.023990769230769232
-0.005215384615384615
-0.030875076923076922
-0.05319692307692307
-0.047981538461538464
-0.035464615384615386
-0.0025033846153846152
0.04819015384615385
0.0988836923076923
0.14957723076923077
0.1923433846153846
0.21842030769230766
0.23177169230769232
0.22426153846153846
0.1883796923076923
0.13393107692307693
0.05924676923076923
-0.015854769230769228
-0.07906523076923076
-0.13205353846153844
-0.16438892307692307
-0.1777403076923077
-0.16626646153846153
-0.14206707692307693
-0.10055261538461538
-0.047772923076923074
-0.008970461538461538
0.023782153846153845
0.04088861538461538
0.04714707692307692
0.04860738461538461
0.02858030769230769
-0.002086153846153846
-0.021487384615384613
-0.03921969230769231
-0.035255999999999996
-0.010222153846153844
0.0035464615384615383
0.021278769230769233
0.03400430769230769
0.045895384615384616
0.056951999999999996
0.04965046153846154
0.037967999999999995
0.019609846153846155
-0.002086153846153846
-0.015228923076923076
-0.02044430769230769
-0.02357353846153846
-0.016480615384615385
0.0008344615384615384
0.02753723076923077
0.06905169230769231
0.1178676923076923
0.15896492307692306
0.17273353846153844
0.17023015384615386
0.15270646153846154
0.11140061538461538
0.05173661538461538
-0.037342153846153844
-0.1422756923076923
-0.23615261538461538
-0.30019753846153846
-0.30332676923076923
-0.2620209230769231
-0.19505538461538463
-0.09471138461538461
0.015646153846153844
0.13434830769230768
0.25012984615384615
0.3229366153846154
0.3419206153846154
0.3131316923076923
0.24637476923076923
0.15813046153846153
0.05194523076923077
-0.058829538461538454
-0.15520984615384617
-0.24095076923076922
-0.290184
-0.29039261538461536
-0.254928
-0.18963138461538462
-0.10743692307692307
-0.015228923076923076
0.07030338461538461
0.14540492307692307
0.20798953846153845
0.23677846153846152
0.2374043076923077
0.2157083076923077
0.17315076923076922
0.12162276923076921
0.04839876923076923
-0.03233538461538461
-0.10931446153846153
-0.1794092307692308
-0.21132738461538458
-0.21862892307692305
-0.20152246153846154
-0.16021661538461537
-0.10952307692307692
-0.03650769230769231
0.0446436923076923
0.116616
0.1794092307692308
0.22655630769230767
0.2557624615384615
0.27620676923076926
0.28788923076923073
0.2726603076923077
0.2290596923076923
0.1570873846153846
0.06321046153846153
-0.026911384615384615
-0.11265230769230769
-0.17982646153846152
-0.22113230769230768
-0.2422024615384615
-0.22989415384615383
-0.18066092307692305
-0.10076123076923077
-0.006258461538461538
0.08574092307692306
0.15562707692307692
0.19568123076923075
0.20694646153846152
0.17982646153846152
0.12808984615384614
0.059664
-0.016480615384615385
-0.07426707692307692
-0.11327815384615383
-0.12579507692307693
-0.11828492307692307
-0.08740984615384616
-0.02044430769230769
0.05611753846153846
0.12433476923076923
0.1802436923076923
0.2125790769230769
0.21716861538461538
0.20527753846153846
0.18066092307692305
0.1462393846153846
0.10576799999999999
0.06821723076923077
0.04526953846153846
0.04401784615384615
0.061124307692307686
0.07885661538461539
0.086784
0.084072
0.08302892307692307
0.07134646153846153
0.03379569230769231
-0.020027076923076922
-0.09262523076923077
-0.16334584615384617
-0.21654276923076923
-0.25930892307692305
-0.28163076923076924
-0.3095852307692307
-0.3419206153846154
-0.36549415384615386
-0.3004061538461538
-0.14978584615384616
0.01272553846153846
0.2209236923076923
0.39324
0.5567944615384616
0.6838412307692308
0.7197230769230769
0.6775827692307692
0.4816929230769231
0.24554030769230767
-0.011473846153846154
-0.2532590769230769
-0.4159790769230769
-0.5311347692307692
-0.5519963076923077
-0.5104818461538462
-0.3684147692307692
-0.14144123076923076
0.08386338461538462
0.3127144615384615
0.47126215384615383
0.5340553846153846
0.5238332307692307
0.3924055384615385
0.21195323076923075
0.00855323076923077
-0.2574313846153846
-0.47355692307692304
-0.6371113846153845
-0.7059544615384615
-0.6406578461538461
-0.5140283076923077
-0.3012406153846154
-0.08490646153846154
0.09429415384615383
0.23072861538461537
0.2855944615384615
0.2695310769230769
0.17419384615384614
0.06279323076923077
-0.026702769230769228
-0.09116492307692307
-0.10597661538461538
-0.09763200000000001
-0.06633969230769231
-0.0035464615384615383
0.037967999999999995
0.05653476923076922
0.038176615384615385
-0.010639384615384617
-0.042974769230769226
-0.08657538461538461
-0.12162276923076921
-0.15103753846153847
-0.20047938461538461
-0.21153599999999997
-0.1881710769230769
-0.1356
-0.04944184615384615
0.047772923076923074
0.1656406153846154
0.2655673846153846
0.32272799999999996
0.31000246153846156
0.20840676923076923
0.05757784615384615
-0.14039815384615384
-0.34338092307692303
-0.49024615384615383
-0.5789076923076923
-0.5649304615384615
-0.45624184615384616
-0.28163076923076924
-0.03692492307692308
0.21028430769230766
0.4387181538461538
0.5983089230769231
0.6302270769230769
0.5764043076923077
0.4470627692307692
0.27871015384615383
0.09909230769230769
-0.09304246153846155
-0.23844738461538462
-0.31855569230769226
-0.32231076923076923
-0.25534523076923077
-0.16897846153846155
-0.052571076923076915
0.07092923076923077
0.19505538461538463
0.31646953846153847
0.371544
0.37592492307692305
0.327108923076923
0.21508246153846153
0.0936683076923077
-0.03629907692307692
-0.15082892307692305
-0.21925476923076925
-0.25659692307692306
-0.22718215384615387
-0.13914646153846155
-0.015437538461538461
0.12788123076923075
0.24199384615384617
0.3114627692307692
0.32231076923076923
0.28392553846153845
0.21341353846153846
0.10389046153846154
-0.008970461538461538
-0.10409907692307692
-0.16292861538461537
-0.15124615384615384
-0.10430769230769231
-0.01981846153846154
0.08323753846153846
0.16856123076923077
0.2532590769230769
0.2997803076923077
0.2943563076923077
0.2399076923076923
0.12224861538461537
-0.018358153846153843
-0.15500123076923078
-0.2789187692307692
-0.36257353846153845
-0.409512
-0.40888615384615384
-0.35276861538461535
-0.25284184615384614
-0.11745046153846153
0.01940123076923077
0.14707384615384617
0.24574892307692306
0.30061476923076924
0.31667815384615383
0.26932246153846157
0.18212123076923076
0.06800861538461538
-0.06738276923076922
-0.17815753846153848
-0.26348123076923075
-0.3054129230769231
-0.29101846153846156
-0.23469230769230767
-0.127464
0.003755076923076923
0.127464
0.23615261538461538
0.30144923076923075
0.317304
0.29873723076923075
0.25430215384615384
0.20047938461538461
0.14123261538461537
0.084072
0.045895384615384616
0.03024923076923077
0.042557538461538466
0.065088
0.07551876923076924
0.06967753846153846
0.03984553846153846
0.003129230769230769
-0.04401784615384615
-0.10368184615384615
-0.15646153846153846
-0.19442953846153843
-0.1948467692307692
-0.14916
-0.07927384615384615
0.0012516923076923076
0.10117846153846152
0.21028430769230766
0.32210215384615387
0.41556184615384617
0.4599969230769231
0.4408043076923077
0.3517255384615385
0.2090326153846154
0.03609046153846154
-0.1341396923076923
-0.2860116923076923
-0.3949089230769231
-0.43642338461538455
-0.41326707692307696
-0.31000246153846156
-0.15333230769230768
0.023364923076923075
0.20965846153846154
0.3536030769230769
0.44351630769230765
0.4698018461538461
0.4090947692307692
0.2899753846153846
0.119328
-0.06759138461538462
-0.22801661538461537
-0.3577753846153846
-0.4291218461538462
-0.43350276923076925
-0.37884553846153846
-0.2695310769230769
-0.12955015384615384
0.02315630769230769
0.16063384615384615
0.25430215384615384
0.2985286153846154
0.2920615384615385
0.2480436923076923
0.17461107692307692
0.06926030769230769
-0.03942830769230769
-0.12266584615384615
-0.16793538461538463
-0.1585476923076923
-0.10514215384615383
-0.028788923076923077
0.05236246153846154
0.11870215384615385
0.1733593846153846
0.2090326153846154
0.20110523076923076
0.14999446153846155
0.05507446153846154
-0.05236246153846154
-0.14206707692307693
-0.20819815384615384
-0.2288510769230769
-0.21049292307692305
-0.13622584615384614
-0.017523692307692306
0.11265230769230769
0.238656
0.3195987692307692
0.3510996923076923
0.32231076923076923
0.23218892307692307
0.10806276923076923
-0.0446436923076923
-0.19192615384615386
-0.3054129230769231
-0.3767593846153846
-0.37655076923076924
-0.30708184615384615
-0.17648861538461538
-0.007301538461538462
0.1612596923076923
0.3143833846153846
0.4408043076923077
0.5169489230769231
0.5138196923076923
0.4387181538461538
0.3156350769230769
0.1666836923076923
0.014185846153846153
-0.12329169230769231
-0.2261390769230769
-0.30290953846153845
-0.33482769230769227
-0.30186646153846153
-0.22342707692307692
-0.11557292307692307
-0.00855323076923077
0.084072
0.15667015384615385
0.19672430769230767
0.20319138461538463
0.17148184615384612
0.10910584615384614
0.03504738461538461
-0.04276615384615385
-0.11640738461538462
-0.16167692307692308
-0.1846246153846154
-0.1858763076923077
-0.16418030769230768
-0.12808984615384614
-0.0717636923076923
-0.017315076923076923
0.022947692307692308
0.051319384615384614
0.06905169230769231
0.08177723076923075
0.08907876923076924
0.0961716923076923
0.10389046153846154
0.09325107692307691
0.06696553846153847
0.04839876923076923
0.03150092307692308
0.006675692307692307
-0.027745846153846152
-0.06863446153846153
-0.10576799999999999
-0.12934153846153845
-0.1422756923076923
-0.14686523076923075
-0.13247076923076923
-0.10326461538461539
-0.05653476923076922
0.003129230769230769
0.06633969230769231
0.11640738461538462
0.13935507692307691
0.14582215384615385
0.13706030769230768
0.11390399999999999
0.06905169230769231
0.007301538461538462
-0.05674338461538461
-0.1205796923076923
-0.17169046153846151
-0.19526400000000002
-0.19568123076923075
-0.1612596923076923
-0.10681107692307691
-0.034630153846153845
0.061124307692307686
0.14144123076923076
0.20047938461538461
0.2209236923076923
0.20527753846153846
0.16897846153846155
0.10994030769230768
0.035464615384615386
-0.051528
-0.138312
-0.20632061538461538
-0.2330233846153846
-0.21842030769230766
-0.1783661538461538
-0.13434830769230768
-0.08010830769230769
-0.014185846153846153
0.05486584615384615
0.12016246153846154
0.16251138461538459
0.18191261538461537
0.17315076923076922
0.14707384615384617
0.11223507692307692
0.07051199999999999
0.021278769230769233
-0.033169846153846154
-0.07197230769230768
-0.08907876923076924
-0.0744756923076923
-0.03984553846153846
0.0012516923076923076
0.04526953846153846
0.08156861538461539
0.11619876923076923
0.12829846153846153
0.1178676923076923
0.08699261538461538
0.031918153846153846
-0.021696
-0.05924676923076923
-0.07468430769230769
-0.07781353846153846
-0.07134646153846153
-0.053405538461538456
-0.029623384615384614
-0.0008344615384615384
0.019609846153846155
0.01710646153846154
-0.011473846153846154
-0.06049846153846154
-0.10722830769230769
-0.13247076923076923
-0.15354092307692307
-0.16021661538461537
-0.14603076923076924
-0.11599015384615384
-0.04819015384615385
0.029414769230769227
0.09283384615384616
0.1353913846153846
0.15562707692307692
0.16689230769230767
0.16501476923076921
0.14582215384615385
0.1178676923076923
0.07489292307692308
0.026285538461538457
-0.003129230769230769
-0.027120000000000002
-0.030040615384615384
-0.02273907692307692
-0.015854769230769228
0.012516923076923077
0.049233230769230765
0.09846646153846153
0.13768615384615385
0.15187199999999998
0.1489513846153846
0.11745046153846153
0.07510153846153846
0.030040615384615384
-0.015854769230769228
-0.06028984615384615
-0.10222153846153846
-0.11828492307692307
-0.10660246153846153
-0.08386338461538462
-0.05757784615384615
-0.03358707692307692
-0.012516923076923077
0.009179076923076922
0.018775384615384614
0.009804923076923077
-0.021696
-0.06592246153846154
-0.09679753846153846
-0.11181784615384616
-0.0988836923076923
-0.06467076923076923
-0.020652923076923076
0.03692492307692308
0.0974233846153846
0.15333230769230768
0.19818461538461538
0.21320492307692307
0.19317784615384614
0.14540492307692307
0.08115138461538463
0.012516923076923077
-0.061124307692307686
-0.11953661538461538
-0.15750461538461538
-0.1760713846153846
-0.15646153846153846
-0.10055261538461538
-0.021904615384615383
0.06008123076923077
0.132888
0.19797599999999999
0.24887815384615386
0.2705741538461538
0.2582658461538461
0.21299630769230768
0.1353913846153846
0.04380923076923077
-0.03504738461538461
-0.09408553846153846
-0.12808984615384614
-0.14519630769230768
-0.12996738461538462
-0.07635323076923077
-0.0008344615384615384
0.07927384615384615
0.1289243076923077
0.16334584615384617
0.13226215384615383
0.08177723076923075
0.03755076923076923
-0.015854769230769228
-0.056951999999999996
-0.11348676923076922
-0.13706030769230768
-0.11473846153846154
-0.05507446153846154
0.05528307692307692
0.25471938461538457
0.25513661538461535
0.1693956923076923
0.15938215384615384
0.03504738461538461
0.07009476923076922
-0.03379569230769231
-0.2751636923076923
-0.4253667692307692
-0.576612923076923
-0.43663199999999996
-0.29644246153846154
-0.15833907692307692
-0.02753723076923077
0.045060923076923075
0.3425464615384616
0.5430258461538462
0.7113784615384615
0.6923944615384616
0.4268270769230769
0.2822566153846154
0.04422646153846154
-0.11640738461538462
-0.2436627692307692
-0.4848221538461538
-0.49546153846153845
-0.5144455384615384
-0.44038707692307694
-0.15208061538461537
0.009596307692307692
0.2705741538461538
0.4460196923076923
0.4612486153846154
0.547824
0.4925409230769231
0.4647950769230769
0.3917796923076923
0.1635544615384615
-0.02211323076923077
-0.22947692307692308
-0.29039261538461536
-0.2764153846153846
-0.32543999999999995
-0.3116713846153846
-0.3235624615384615
-0.21049292307692305
-0.011473846153846154
0.07510153846153846
0.1787833846153846
0.20778092307692309
0.214248
0.30061476923076924
0.2883064615384615
0.2774584615384615
0.2574313846153846
0.17815753846153848
0.19505538461538463
0.1867107692307692
0.14018953846153845
0.09471138461538461
-0.01043076923076923
-0.09158215384615384
-0.1666836923076923
-0.23239753846153846
-0.2716172307692308
-0.25555384615384613
-0.16856123076923077
-0.10827138461538462
0.015854769230769228
0.17565415384615385
0.2981113846153846
0.4541556923076923
0.5069353846153847
0.4781464615384615
0.42724430769230765
0.2832996923076923
0.14853415384615384
-0.027120000000000002
-0.22676492307692306
-0.3502652307692307
-0.4470627692307692
-0.4564504615384615
-0.40659138461538463
-0.32210215384615387
-0.15208061538461537
0.04902461538461538
0.22989415384615383
0.3517255384615385
0.4228633846153846
0.47960676923076917
0.44998338461538456
0.34358953846153845
0.1792006153846154
-0.053614153846153846
-0.20506892307692307
-0.3269003076923077
-0.428496
-0.431208
-0.43579753846153846
-0.3571495384615384
-0.2056947692307692
-0.06654830769230768
0.10013538461538461
0.2125790769230769
0.27453784615384613
0.2993630769230769
0.2557624615384615
0.173568
0.05236246153846154
-0.05778646153846154
-0.14665661538461539
-0.20527753846153846
-0.21362215384615382
-0.22488738461538463
-0.1858763076923077
-0.1045163076923077
-0.03588184615384615
0.06592246153846154
0.12120553846153845
0.13393107692307693
0.1639716923076923
0.14540492307692307
0.11578153846153846
0.061124307692307686
-0.02858030769230769
-0.06154153846153846
-0.06988615384615385
-0.07134646153846153
-0.06529661538461538
-0.07092923076923077
-0.054240000000000003
-0.031709538461538456
-0.002086153846153846
0.030875076923076922
0.03483876923076923
0.027745846153846152
-0.01856676923076923
-0.06717415384615384
-0.09512861538461538
-0.1316363076923077
-0.11724184615384614
-0.11035753846153845
-0.12412615384615384
-0.10201292307692307
-0.07969107692307692
-0.013560000000000001
0.05757784615384615
0.06321046153846153
0.052153846153846155
0.031918153846153846
0.03504738461538461
0.06863446153846153
0.08177723076923075
0.06613107692307692
0.029206153846153847
0.016063384615384615
0.03942830769230769
0.07301538461538462
0.10931446153846153
0.10493353846153847
0.08198584615384615
0.07218092307692307
0.05382276923076923
0.04965046153846154
0.02795446153846154
-0.013351384615384614
-0.03942830769230769
-0.06884307692307692
-0.06154153846153846
-0.019192615384615384
0.014394461538461538
0.03838523076923077
0.042348923076923076
0.05778646153846154
0.08887015384615385
0.103056
0.09074769230769231
0.028788923076923077
-0.05319692307692307
-0.11703323076923078
-0.14540492307692307
-0.13852061538461538
-0.15228923076923076
-0.17294215384615383
-0.16292861538461537
-0.12099692307692309
-0.034630153846153845
0.042348923076923076
0.09241661538461539
0.13852061538461538
0.16418030769230768
0.1881710769230769
0.1942209230769231
0.15228923076923076
0.08991323076923076
0.02211323076923077
-0.029623384615384614
-0.04756430769230769
-0.051528
-0.05590892307692308
-0.06654830769230768
-0.0744756923076923
-0.0717636923076923
-0.04902461538461538
-0.024408000000000003
-0.02211323076923077
-0.018983999999999997
-0.01940123076923077
-0.01981846153846154
0.002086153846153846
0.02586830769230769
0.042557538461538466
0.05048492307692308
0.03942830769230769
0.042348923076923076
0.05736923076923077
0.06133292307692308
0.06341907692307691
0.041514461538461535
0.009804923076923077
-0.008344615384615384
-0.027745846153846152
-0.03421292307692308
-0.040054153846153843
-0.046104
-0.03483876923076923
-0.010639384615384617
0.029623384615384614
0.05924676923076923
0.08344615384615384
0.10472492307692308
0.10117846153846152
0.10117846153846152
0.08448923076923077
0.0448523076923077
0.012934153846153845
-0.021904615384615383
-0.04380923076923077
-0.06467076923076923
-0.09471138461538461
-0.11348676923076922
-0.12308307692307692
-0.10368184615384615
-0.07384984615384615
-0.04693846153846153
-0.005841230769230769
0.03755076923076923
0.084072
0.12224861538461537
0.15249784615384615
0.17377661538461536
0.16042523076923076
0.13706030769230768
0.10076123076923077
0.05048492307692308
0.01397723076923077
-0.02273907692307692
-0.04693846153846153
-0.055491692307692304
-0.054657230769230764
-0.023990769230769232
0.016063384615384615
0.047981538461538464
0.07426707692307692
0.08574092307692306
0.08887015384615385
0.0961716923076923
0.09450276923076922
0.08219446153846154
0.06529661538461538
0.04422646153846154
0.028163076923076923
0.014811692307692307
-0.008344615384615384
-0.03942830769230769
-0.07030338461538461
-0.09116492307692307
-0.0963803076923077
-0.09471138461538461
-0.09116492307692307
-0.09012184615384615
-0.08135999999999999
-0.05924676923076923
-0.03609046153846154
-0.016897846153846156
-0.010639384615384617
-0.0004172307692307692
0.02086153846153846
0.049233230769230765
0.09033046153846153
0.12496061538461539
0.16021661538461537
0.1942209230769231
0.21111876923076925
0.2221753846153846
0.20861538461538462
0.17273353846153844
0.11578153846153846
0.041514461538461535
-0.01981846153846154
-0.07030338461538461
-0.09867507692307692
-0.10514215384615383
-0.10368184615384615
-0.0717636923076923
-0.018983999999999997
0.04130584615384615
0.10889723076923077
0.1504116923076923
0.16772676923076923
0.16042523076923076
0.13247076923076923
0.10368184615384615
0.05382276923076923
-0.007510153846153846
-0.07593599999999999
-0.13664307692307692
-0.1721076923076923
-0.19025723076923076
-0.1829556923076923
-0.16897846153846155
-0.12454338461538461
-0.0448523076923077
0.04819015384615385
0.14916
0.22530461538461538
0.26640184615384616
0.27871015384615383
0.26348123076923075
0.21779446153846155
0.15562707692307692
0.07259815384615384
-0.01043076923076923
-0.07009476923076922
-0.10952307692307692
-0.11223507692307692
-0.08636676923076922
-0.04380923076923077
0.0022947692307692304
0.04714707692307692
0.07635323076923077
0.08240307692307691
0.07238953846153846
0.03379569230769231
-0.0077187692307692304
-0.03942830769230769
-0.065088
-0.07280676923076923
-0.06800861538461538
-0.054657230769230764
-0.029623384615384614
0.005215384615384615
0.04756430769230769
0.08448923076923077
0.09158215384615384
0.07781353846153846
0.05799507692307692
0.025033846153846153
-0.010013538461538461
-0.04985907692307692
-0.09241661538461539
-0.11286092307692308
-0.10555938461538462
-0.07969107692307692
-0.040262769230769234
0.011473846153846154
0.059038153846153844
0.12141415384615384
0.1881710769230769
0.2205064615384615
0.22697353846153845
0.1787833846153846
0.09846646153846153
0.013351384615384614
-0.08010830769230769
-0.15500123076923078
-0.20965846153846154
-0.2438713846153846
-0.23510953846153848
-0.18358153846153846
-0.10597661538461538
0.0035464615384615383
0.1097316923076923
0.19359507692307693
0.2620209230769231
0.29832
0.2970683076923077
0.25930892307692305
0.18858830769230767
0.084072
-0.015228923076923076
-0.09033046153846153
-0.14436184615384615
-0.15395815384615386
-0.14290153846153844
-0.10764553846153846
-0.042557538461538466
0.026494153846153844
0.09137353846153846
0.12537784615384615
0.13476553846153844
0.13184492307692308
0.11640738461538462
0.08052553846153847
0.025659692307692307
-0.03629907692307692
-0.09596307692307693
-0.12850707692307692
-0.13706030769230768
-0.13393107692307693
-0.12496061538461539
-0.1136953846153846
-0.0974233846153846
-0.06926030769230769
-0.031709538461538456
-0.0035464615384615383
0.013768615384615384
0.011891076923076923
-0.003755076923076923
-0.016272
-0.03024923076923077
-0.04088861538461538
-0.04902461538461538
-0.05653476923076922
-0.04318338461538461
-0.0077187692307692304
0.026494153846153844
0.06321046153846153
0.0897046153846154
0.10347323076923076
0.12120553846153845
0.13330523076923076
0.1504116923076923
0.15875630769230767
0.1449876923076923
0.12162276923076921
0.10889723076923077
0.1136953846153846
0.11557292307692307
0.10576799999999999
0.0853236923076923
0.05674338461538461
0.035464615384615386
0.013351384615384614
-0.012308307692307691
-0.03150092307692308
-0.053614153846153846
-0.04839876923076923
-0.04756430769230769
-0.040054153846153843
-0.03713353846153846
-0.06279323076923077
-0.10681107692307691
-0.15833907692307692
-0.18066092307692305
-0.18796246153846152
-0.14936861538461538
-0.05820369230769231
0.1207883076923077
0.22572184615384616
0.3170953846153846
0.46375199999999994
0.5140283076923077
0.5824541538461538
0.49400123076923075
0.31062830769230765
0.08511507692307693
-0.2021483076923077
-0.3763421538461538
-0.5949710769230769
-0.7245212307692307
-0.7597772307692308
-0.706163076923077
-0.4612486153846154
-0.1977673846153846
0.14936861538461538
0.43996984615384616
0.6143723076923077
0.7649926153846154
0.7405846153846153
0.6341907692307692
0.4276615384615384
0.1178676923076923
-0.13601723076923075
-0.4453938461538462
-0.6652744615384616
-0.7205575384615385
-0.7366209230769231
-0.599352
-0.4216116923076923
-0.22300984615384614
0.017940923076923077
0.20840676923076923
0.43350276923076925
0.5891298461538461
0.6364855384615384
0.6339821538461539
0.5438603076923076
0.43350276923076925
0.26869661538461537
0.047772923076923074
-0.16480615384615382
-0.38426953846153844
-0.5184092307692307
-0.5672252307692307
-0.5732750769230769
-0.4919150769230769
-0.3784283076923077
-0.23198030769230768
-0.04902461538461538
0.10117846153846152
0.2709913846153846
0.41264123076923076
0.4848221538461538
0.540731076923077
0.5182006153846154
0.442056
0.31834707692307695
0.13309661538461537
-0.07364123076923076
-0.3116713846153846
-0.5229987692307692
-0.6642313846153846
-0.7184713846153845
-0.6786258461538462
-0.5809938461538461
-0.38426953846153844
-0.10263876923076923
0.18775384615384613
0.4914978461538461
0.7276504615384615
0.8555316923076923
0.8784793846153847
0.7656184615384615
0.584748923076923
0.32564861538461537
0.018775384615384614
-0.2641070769230769
-0.5378104615384616
-0.729528
-0.8135999999999999
-0.7904436923076923
-0.6425353846153846
-0.43245969230769227
-0.18274707692307693
0.0892873846153846
0.35798399999999997
0.6016467692307692
0.7366209230769231
0.7533101538461537
0.6565126153846153
0.4453938461538462
0.20632061538461538
-0.06738276923076922
-0.3467187692307692
-0.5697286153846154
-0.7428793846153845
-0.7964935384615384
-0.7435052307692308
-0.6202135384615385
-0.4141015384615384
-0.1869193846153846
0.04839876923076923
0.2695310769230769
0.4351716923076923
0.5346812307692307
0.5449033846153846
0.49274953846153846
0.39344861538461534
0.254928
0.09846646153846153
-0.07238953846153846
-0.22029784615384615
-0.3327415384615385
-0.39219692307692305
-0.3819747692307692
-0.3448412307692308
-0.27432923076923077
-0.1612596923076923
-0.032544
0.10117846153846152
0.22300984615384614
0.32231076923076923
0.40012430769230767
0.431208
0.41681353846153846
0.3713353846153846
0.28768061538461537
0.1856676923076923
0.07280676923076923
-0.032544
-0.12162276923076921
-0.18775384615384613
-0.22593046153846155
-0.25346769230769234
-0.249504
-0.21362215384615382
-0.14477907692307693
-0.03504738461538461
0.0717636923076923
0.1666836923076923
0.2618123076923077
0.3344104615384615
0.40095876923076923
0.4368406153846153
0.4145187692307692
0.3604873846153846
0.26786215384615386
0.17231630769230769
0.08240307692307691
-0.022530461538461537
-0.12016246153846154
-0.19797599999999999
-0.22175815384615383
-0.19526400000000002
-0.14290153846153844
-0.06404492307692307
0.008344615384615384
0.07134646153846153
0.13852061538461538
0.20423446153846153
0.2682793846153846
0.29873723076923075
0.2883064615384615
0.25346769230769234
0.20047938461538461
0.14603076923076924
0.09158215384615384
0.032544
-0.03066646153846154
-0.0798996923076923
-0.1045163076923077
-0.10138707692307691
-0.08448923076923077
-0.07343261538461537
-0.06070707692307692
-0.0448523076923077
-0.006258461538461538
0.05403138461538461
0.10493353846153847
0.13768615384615385
0.15124615384615384
0.16042523076923076
0.16730953846153845
0.16710092307692306
0.15249784615384615
0.1045163076923077
0.027745846153846152
-0.06216738461538462
-0.13893784615384613
-0.19735015384615384
-0.25951753846153847
-0.3035353846153846
-0.306456
-0.2799618461538461
-0.22008923076923076
-0.143736
-0.06300184615384616
0.021278769230769233
0.09429415384615383
0.168144
0.23281476923076924
0.260352
0.24512307692307692
0.18525046153846153
0.09867507692307692
0.006049846153846154
-0.08198584615384615
-0.15771323076923077
-0.22029784615384615
-0.2582658461538461
-0.2709913846153846
-0.2563883076923077
-0.20173107692307693
-0.12955015384615384
-0.05507446153846154
0.01981846153846154
0.08135999999999999
0.12913292307692306
0.14811692307692306
0.13184492307692308
0.09930092307692308
0.05111076923076923
-0.003963692307692307
-0.05236246153846154
-0.09533723076923077
-0.13998092307692306
-0.17294215384615383
-0.19067446153846154
-0.18963138461538462
-0.17461107692307692
-0.1504116923076923
-0.11870215384615385
-0.09429415384615383
-0.05298830769230769
-0.0022947692307692304
0.051528
0.103056
0.1476996923076923
0.19818461538461538
0.23156307692307693
0.24512307692307692
0.22655630769230767
0.1779489230769231
0.11578153846153846
0.0448523076923077
-0.016897846153846156
-0.06613107692307692
-0.09784061538461537
-0.11745046153846153
-0.11181784615384616
-0.07280676923076923
-0.011891076923076923
0.06571384615384615
0.1462393846153846
0.2207150769230769
0.2799618461538461
0.3210590769230769
0.33649661538461534
0.31834707692307695
0.2670276923076923
0.19046584615384615
0.10430769230769231
0.012308307692307691
-0.07531015384615385
-0.15124615384615384
-0.20193969230769232
-0.22321846153846153
-0.21487384615384614
-0.16334584615384617
-0.09325107692307691
-0.012516923076923077
0.06842584615384616
0.13643446153846153
0.20173107692307693
0.235944
0.23615261538461538
0.21174461538461536
0.15833907692307692
0.10368184615384615
0.06070707692307692
0.021070153846153846
-0.00855323076923077
-0.03609046153846154
-0.05173661538461538
-0.050067692307692306
-0.04526953846153846
-0.03421292307692308
-0.03483876923076923
-0.03713353846153846
-0.02858030769230769
-0.009596307692307692
0.025659692307692307
0.05528307692307692
0.0771876923076923
0.09700615384615385
0.10430769230769231
0.10159569230769232
0.08469784615384615
0.04860738461538461
0.005424
-0.04944184615384615
-0.09596307692307693
-0.116616
-0.13080184615384613
-0.13330523076923076
-0.12808984615384614
-0.11265230769230769
-0.07510153846153846
-0.03755076923076923
-0.005841230769230769
0.01272553846153846
0.016480615384615385
0.02545107692307692
0.03775938461538462
0.05069353846153846
0.06467076923076923
0.07009476923076922
0.05757784615384615
0.03838523076923077
0.017523692307692306
-0.006675692307692307
-0.03567323076923076
-0.073224
-0.11327815384615383
-0.14394461538461537
-0.14999446153846155
-0.13810338461538463
-0.12099692307692309
-0.09679753846153846
-0.06592246153846154
-0.02273907692307692
0.034630153846153845
0.08782707692307692
0.13080184615384613
0.1597993846153846
0.1733593846153846
0.18232984615384615
0.1802436923076923
0.14978584615384616
0.09533723076923077
0.02586830769230769
-0.05319692307692307
-0.12162276923076921
-0.17982646153846152
-0.21862892307692305
-0.23072861538461537
-0.21696000000000001
-0.15145476923076923
-0.06487938461538462
0.01940123076923077
0.11640738461538462
0.19568123076923075
0.2526332307692308
0.27620676923076926
0.24846092307692308
0.1869193846153846
0.0826116923076923
-0.03379569230769231
-0.1462393846153846
-0.2424110769230769
-0.3031181538461538
-0.33524492307692305
-0.3252313846153846
-0.2774584615384615
-0.20110523076923076
-0.10743692307692307
-0.010222153846153844
0.07885661538461539
0.14853415384615384
0.19714153846153845
0.22300984615384614
0.22467876923076924
0.1990190769230769
0.14144123076923076
0.07426707692307692
0.016480615384615385
-0.033169846153846154
-0.06821723076923077
-0.09095630769230768
-0.09825784615384614
-0.07948246153846153
-0.040054153846153843
0.018358153846153843
0.08156861538461539
0.12788123076923075
0.1612596923076923
0.1710646153846154
0.1696043076923077
0.15646153846153846
0.124752
0.09012184615384615
0.05570030769230769
0.02545107692307692
0.003755076923076923
-0.017315076923076923
-0.03942830769230769
-0.05570030769230769
-0.07510153846153846
-0.08010830769230769
-0.06800861538461538
-0.055491692307692304
-0.0448523076923077
-0.04088861538461538
-0.03045784615384615
-0.01043076923076923
0.015020307692307692
0.03755076923076923
0.041514461538461535
0.03671630769230769
0.03609046153846154
0.03629907692307692
0.030875076923076922
0.016063384615384615
-0.009179076923076922
-0.04088861538461538
-0.07948246153846153
-0.10368184615384615
-0.10368184615384615
-0.10076123076923077
-0.0853236923076923
-0.05236246153846154
0.003755076923076923
0.06988615384615385
0.1136953846153846
0.14018953846153845
0.14916
0.14519630769230768
0.13476553846153844
0.10660246153846153
0.07134646153846153
0.027120000000000002
-0.03233538461538461
-0.07697907692307693
-0.10868861538461538
-0.12579507692307693
-0.1289243076923077
-0.12850707692307692
-0.1151556923076923
-0.0892873846153846
-0.04547815384615384
-0.0070929230769230765
0.005424
0.002086153846153846
-0.03671630769230769
-0.1136953846153846
-0.15103753846153847
-0.1543753846153846
-0.13706030769230768
-0.06988615384615385
0.014811692307692307
0.17169046153846151
0.35464615384615383
0.5038061538461538
0.6074879999999999
0.6154153846153846
0.5595064615384615
0.39261415384615383
0.18796246153846152
-0.008344615384615384
-0.26097784615384617
-0.43058215384615384
-0.5605495384615384
-0.5997692307692307
-0.499008
-0.3686233846153846
-0.12808984615384614
0.09930092307692308
0.31125415384615385
0.5061009230769231
0.5680596923076923
0.5645132307692308
0.43329415384615383
0.21883753846153844
-0.01710646153846154
-0.28100492307692304
-0.45457292307692304
-0.5672252307692307
-0.5907987692307692
-0.4866996923076923
-0.3235624615384615
-0.09533723076923077
0.10827138461538462
0.2830910769230769
0.4255753846153846
0.44914892307692306
0.43663199999999996
0.3790541538461539
0.2532590769230769
0.13059323076923077
-0.010639384615384617
-0.11306953846153844
-0.1733593846153846
-0.23782153846153845
-0.24908676923076922
-0.23907323076923076
-0.2075723076923077
-0.12308307692307692
-0.03337846153846154
0.06133292307692308
0.12266584615384615
0.127464
0.11828492307692307
0.08386338461538462
0.05027630769230769
0.008344615384615384
-0.041514461538461535
-0.05862092307692307
-0.058829538461538454
-0.010013538461538461
0.040262769230769234
0.04714707692307692
0.05194523076923077
0.008136
-0.06404492307692307
-0.11098338461538461
-0.15813046153846153
-0.15771323076923077
-0.12350030769230769
-0.05924676923076923
0.073224
0.21487384615384614
0.3594443076923077
0.4616658461538461
0.5069353846153847
0.5015113846153846
0.43350276923076925
0.35568923076923076
0.23656984615384613
0.07426707692307692
-0.07843938461538462
-0.20047938461538461
-0.25555384615384613
-0.2557624615384615
-0.21445661538461538
-0.11536430769230768
0.011891076923076923
0.17419384615384614
0.35631507692307696
0.49024615384615383
0.574944
0.5734836923076922
0.4850307692307692
0.3485963076923077
0.16730953846153845
-0.021070153846153846
-0.20673784615384616
-0.35610646153846154
-0.43329415384615383
-0.43287692307692305
-0.33357600000000004
-0.1777403076923077
-0.0004172307692307692
0.1858763076923077
0.3243969230769231
0.4282873846153846
0.4808584615384615
0.4522781538461538
0.3757163076923077
0.233232
0.06550523076923077
-0.09471138461538461
-0.25200738461538463
-0.36799753846153843
-0.4355889230769231
-0.43976123076923074
-0.3798886153846154
-0.28121353846153846
-0.15520984615384617
-0.03421292307692308
0.06300184615384616
0.13852061538461538
0.19192615384615386
0.2127876923076923
0.1804523076923077
0.11056615384615384
0.032544
-0.05236246153846154
-0.12621230769230768
-0.1706473846153846
-0.19296923076923078
-0.18545907692307692
-0.15604430769230768
-0.11432123076923076
-0.05799507692307692
-0.013768615384615384
0.01043076923076923
0.023990769230769232
0.030875076923076922
0.04568676923076923
0.05382276923076923
0.06592246153846154
0.084072
0.10514215384615383
0.13643446153846153
0.1612596923076923
0.1779489230769231
0.17023015384615386
0.13518276923076925
0.086784
0.01856676923076923
-0.05444861538461539
-0.12433476923076923
-0.19672430769230767
-0.2355267692307692
-0.2415766153846154
-0.21466523076923077
-0.1435273846153846
-0.06821723076923077
0.010639384615384617
0.08052553846153847
0.13622584615384614
0.18650215384615382
0.1869193846153846
0.14457046153846154
0.07343261538461537
-0.013351384615384614
-0.08115138461538463
-0.13309661538461537
-0.15562707692307692
-0.1504116923076923
-0.12767261538461538
-0.078648
-0.015646153846153844
0.06195876923076923
0.14164984615384615
0.19463815384615382
0.2342750769230769
0.25242461538461536
0.24199384615384617
0.20339999999999997
0.12370892307692308
0.03421292307692308
-0.059664
-0.14415323076923076
-0.1873366153846154
-0.2075723076923077
-0.21049292307692305
-0.2056947692307692
-0.18858830769230767
-0.1462393846153846
-0.10430769230769231
-0.06300184615384616
-0.040054153846153843
-0.03567323076923076
-0.02795446153846154
-0.029623384615384614
-0.03150092307692308
-0.03650769230769231
-0.05236246153846154
-0.05048492307692308
-0.03609046153846154
-0.01272553846153846
0.02357353846153846
0.05048492307692308
0.07489292307692308
0.08699261538461538
0.08344615384615384
0.07802215384615384
0.04735569230769231
0.011891076923076923
-0.023364923076923075
-0.04902461538461538
-0.046104
-0.029414769230769227
0.015228923076923076
0.06300184615384616
0.10722830769230769
0.1570873846153846
0.19380369230769232
0.21049292307692305
0.19609846153846153
0.14686523076923075
0.07197230769230768
-0.012099692307692308
-0.08511507692307693
-0.14185846153846154
-0.184416
-0.20465169230769228
-0.19359507692307693
-0.143736
-0.06717415384615384
0.006467076923076923
0.06341907692307691
0.10055261538461538
0.11452984615384615
0.11599015384615384
0.1045163076923077
0.07614461538461538
0.031709538461538456
-0.013142769230769229
-0.030875076923076922
-0.029623384615384614
-0.025033846153846153
-0.020027076923076922
-0.016272
-0.006258461538461538
0.008970461538461538
0.022947692307692308
0.03275261538461539
0.03150092307692308
0.014811692307692307
-0.0050067692307692304
-0.023990769230769232
-0.03838523076923077
-0.05069353846153846
-0.06654830769230768
-0.07343261538461537
-0.062376
-0.043392
-0.03337846153846154
-0.032544
-0.04672984615384615
-0.06905169230769231
-0.084072
-0.103056
-0.12224861538461537
-0.1395636923076923
-0.15374953846153847
-0.14582215384615385
-0.09408553846153846
-0.00855323076923077
0.07009476923076922
0.1356
0.18128676923076922
0.20444307692307692
0.20506892307692307
0.17419384615384614
0.12016246153846154
0.04318338461538461
-0.029623384615384614
-0.07781353846153846
-0.09825784615384614
-0.08761846153846153
-0.062376
-0.028371692307692306
0.011473846153846154
0.05528307692307692
0.09909230769230769
0.12162276923076921
0.11056615384615384
0.08094276923076923
0.05653476923076922
0.04109723076923077
0.02211323076923077
-0.004172307692307692
-0.03567323076923076
-0.06550523076923077
-0.08845292307692308
-0.0974233846153846
-0.09784061538461537
-0.10576799999999999
-0.10764553846153846
-0.09137353846153846
-0.042974769230769226
0.025659692307692307
0.09450276923076922
0.16188553846153847
0.21174461538461536
0.24512307692307692
0.25993476923076925
0.24616615384615384
0.19505538461538463
0.11348676923076922
0.02273907692307692
-0.05611753846153846
-0.11014892307692307
-0.13184492307692308
-0.119328
-0.0855323076923077
-0.022530461538461537
0.06404492307692307
0.15750461538461538
0.23782153846153845
0.273912
0.2626467692307692
0.21633415384615384
0.15562707692307692
0.0771876923076923
-0.013560000000000001
-0.1097316923076923
-0.20381723076923075
-0.2764153846153846
-0.31834707692307695
-0.30979384615384614
-0.2578486153846154
-0.17294215384615383
-0.061124307692307686
0.06946892307692307
0.20527753846153846
0.31772123076923076
0.39324
0.417648
0.3924055384615385
0.3291950769230769
0.23844738461538462
0.13247076923076923
0.01981846153846154
-0.07885661538461539
-0.14457046153846154
-0.17085599999999998
-0.15938215384615384
-0.12329169230769231
-0.07113784615384615
-0.016480615384615385
0.03379569230769231
0.08615815384615384
0.12141415384615384
0.1422756923076923
0.15249784615384615
0.15270646153846154
0.14185846153846154
0.12162276923076921
0.09325107692307691
0.04902461538461538
0.0029206153846153843
-0.05090215384615384
-0.09179076923076923
-0.12350030769230769
-0.14978584615384616
-0.15938215384615384
-0.16021661538461537
-0.1358086153846154
-0.0880356923076923
-0.01814953846153846
0.06154153846153846
0.13309661538461537
0.192552
0.23448369230769228
0.2578486153846154
0.2559710769230769
0.21800307692307694
0.1597993846153846
0.10326461538461539
0.04714707692307692
-0.007510153846153846
-0.06404492307692307
-0.11035753846153845
-0.13476553846153844
-0.1368516923076923
-0.10827138461538462
-0.06717415384615384
-0.026076923076923077
0.01043076923076923
0.0448523076923077
0.07238953846153846
0.07468430769230769
0.06550523076923077
0.03942830769230769
0.009596307692307692
-0.022530461538461537
-0.05277969230769231
-0.06675692307692307
-0.08177723076923075
-0.07885661538461539
-0.06383630769230769
-0.04860738461538461
-0.017315076923076923
0.007927384615384614
0.02899753846153846
0.04714707692307692
0.04944184615384615
0.04985907692307692
0.0446436923076923
0.03442153846153846
0.016480615384615385
-0.010013538461538461
-0.022947692307692308
-0.016272
0.003963692307692307
0.03588184615384615
0.06362769230769232
0.09158215384615384
0.11953661538461538
0.12558646153846154
0.1136953846153846
0.07510153846153846
0.021070153846153846
-0.03150092307692308
-0.07906523076923076
-0.11140061538461538
-0.12496061538461539
-0.12579507692307693
-0.10597661538461538
-0.06467076923076923
-0.006467076923076923
0.06800861538461538
0.13622584615384614
0.18754523076923074
0.20652923076923077
0.19442953846153843
0.15875630769230767
0.09700615384615385
0.01940123076923077
-0.06946892307692307
-0.14832553846153845
-0.18921415384615384
-0.2056947692307692
-0.19693292307692306
-0.18107815384615383
-0.1656406153846154
-0.14144123076923076
-0.09283384615384616
0.02357353846153846
0.15208061538461537
0.3039526153846154
0.4228633846153846
0.5015113846153846
0.5870436923076923
0.5978916923076923
0.5688941538461538
0.42474092307692307
0.2021483076923077
-0.031709538461538456
-0.2415766153846154
-0.38927630769230764
-0.5426086153846154
-0.6072793846153846
-0.6273064615384616
-0.5430258461538462
-0.32898646153846156
-0.10952307692307692
0.13393107692307693
0.31229723076923077
0.42661846153846156
0.48023261538461537
0.4351716923076923
0.3170953846153846
0.13038461538461538
-0.0934596923076923
-0.3216849230769231
-0.49024615384615383
-0.5801593846153845
-0.574944
-0.4645864615384615
-0.3004061538461538
-0.09304246153846155
0.11578153846153846
0.2807963076923077
0.41013784615384613
0.4547815384615384
0.3980381538461538
0.2891409230769231
0.14415323076923076
0.02586830769230769
-0.06383630769230769
-0.14749107692307692
-0.21007569230769232
-0.25534523076923077
-0.25284184615384614
-0.22447015384615385
-0.19651569230769228
-0.1779489230769231
-0.154584
-0.08887015384615385
-0.017315076923076923
0.04819015384615385
0.08845292307692308
0.07969107692307692
0.08177723076923075
0.07948246153846153
0.07113784615384615
0.07489292307692308
0.06571384615384615
0.06654830769230768
0.07635323076923077
0.07384984615384615
0.04088861538461538
-0.0006258461538461538
-0.054240000000000003
-0.12516923076923075
-0.17669723076923077
-0.19568123076923075
-0.16793538461538463
-0.10493353846153847
-0.02023569230769231
0.08720123076923077
0.20652923076923077
0.29873723076923075
0.35694092307692304
0.3671630769230769
0.2891409230769231
0.1691870769230769
0.04839876923076923
-0.055491692307692304
-0.124752
-0.17502830769230768
-0.1842073846153846
-0.1356
-0.04526953846153846
0.056951999999999996
0.14123261538461537
0.19630707692307692
0.22676492307692306
0.2526332307692308
0.24449723076923074
0.19588984615384614
0.1341396923076923
0.04631261538461538
-0.02858030769230769
-0.07697907692307693
-0.11432123076923076
-0.10868861538461538
-0.0853236923076923
-0.04714707692307692
0.015646153846153844
0.08386338461538462
0.1531236923076923
0.19964492307692308
0.20673784615384616
0.15771323076923077
0.06717415384615384
-0.03984553846153846
-0.14728246153846153
-0.2303113846153846
-0.3004061538461538
-0.33587076923076925
-0.3148006153846154
-0.2497126153846154
-0.1506203076923077
-0.04547815384615384
0.041514461538461535
0.10430769230769231
0.1462393846153846
0.1558356923076923
0.13622584615384614
0.08949599999999999
-0.0006258461538461538
-0.092208
-0.15354092307692307
-0.18775384615384613
-0.1867107692307692
-0.1693956923076923
-0.14123261538461537
-0.086784
-0.021487384615384613
0.05236246153846154
0.12767261538461538
0.1794092307692308
0.21487384615384614
0.22718215384615387
0.2127876923076923
0.17502830769230768
0.11640738461538462
0.047981538461538464
-0.027120000000000002
-0.08302892307692307
-0.11891076923076922
-0.13267938461538462
-0.11745046153846153
-0.09658892307692307
-0.06279323076923077
-0.022947692307692308
0.003129230769230769
0.032544
0.0609156923076923
0.08323753846153846
0.11828492307692307
0.14457046153846154
0.16501476923076921
0.1908830769230769
0.20256553846153844
0.20548615384615385
0.19672430769230767
0.16188553846153847
0.10326461538461539
0.03150092307692308
-0.047981538461538464
-0.12621230769230768
-0.1794092307692308
-0.19693292307692306
-0.18858830769230767
-0.14916
-0.08073415384615384
0.01940123076923077
0.14018953846153845
0.24324553846153843
0.32314523076923074
0.36966646153846155
0.3813489230769231
0.36027876923076924
0.28934953846153844
0.17315076923076922
0.022530461538461537
-0.13706030769230768
-0.26869661538461537
-0.3577753846153846
-0.40200184615384615
-0.3978295384615384
-0.3387913846153846
-0.22843384615384613
-0.07843938461538462
0.09012184615384615
0.24053353846153847
0.3594443076923077
0.43350276923076925
0.44268184615384615
0.39344861538461534
0.2828824615384615
0.12204
-0.05653476923076922
-0.22593046153846155
-0.3442153846153846
-0.39282276923076925
-0.3734215384615384
-0.2966510769230769
-0.17982646153846152
-0.03024923076923077
0.12537784615384615
0.2709913846153846
0.376968
0.4145187692307692
0.38990215384615384
0.3035353846153846
0.19067446153846154
0.06738276923076922
-0.06362769230769232
-0.1760713846153846
-0.2638984615384615
-0.3049956923076923
-0.2920615384615385
-0.24303692307692307
-0.16897846153846155
-0.09241661538461539
-0.015854769230769228
0.06550523076923077
0.14144123076923076
0.2059033846153846
0.23844738461538462
0.22989415384615383
0.18879692307692306
0.13497415384615385
0.08594953846153845
0.040054153846153843
-0.015437538461538461
-0.0717636923076923
-0.11181784615384616
-0.12433476923076923
-0.10785415384615385
-0.08949599999999999
-0.07051199999999999
-0.05194523076923077
-0.03045784615384615
0.0016689230769230767
0.02357353846153846
0.03275261538461539
0.03421292307692308
0.027745846153846152
0.027328615384615382
0.040262769230769234
0.06049846153846154
0.06550523076923077
0.04819015384615385
0.023990769230769232
-0.017940923076923077
-0.05277969230769231
-0.08094276923076923
-0.12204
-0.1531236923076923
-0.1693956923076923
-0.1449876923076923
-0.08574092307692306
-0.01981846153846154
0.040679999999999994
0.09304246153846155
0.13998092307692306
0.17648861538461538
0.2008966153846154
0.1869193846153846
0.13935507692307691
0.07134646153846153
0.0029206153846153843
-0.03692492307692308
-0.05674338461538461
-0.06946892307692307
-0.07134646153846153
-0.05277969230769231
-0.014811692307692307
0.040679999999999994
0.09387692307692307
0.1207883076923077
0.12308307692307692
0.10514215384615383
0.07510153846153846
0.04109723076923077
0.005215384615384615
-0.029206153846153847
-0.05611753846153846
-0.065088
-0.04902461538461538
-0.014185846153846153
0.019609846153846155
0.045895384615384616
0.06592246153846154
0.08240307692307691
0.0961716923076923
0.09784061538461537
0.07781353846153846
0.04088861538461538
-0.0012516923076923076
-0.03942830769230769
-0.06404492307692307
-0.08594953846153845
-0.10096984615384616
-0.09804923076923076
-0.06946892307692307
-0.015228923076923076
0.04819015384615385
0.10117846153846152
0.12224861538461537
0.12245723076923076
0.10430769230769231
0.08323753846153846
0.06341907692307691
0.028163076923076923
-0.021070153846153846
-0.06926030769230769
-0.09763200000000001
-0.103056
-0.09158215384615384
-0.07781353846153846
-0.05674338461538461
-0.03379569230769231
-0.005215384615384615
0.02795446153846154
0.05048492307692308
0.06446215384615385
0.06654830769230768
0.065088
0.05924676923076923
0.051319384615384614
0.04380923076923077
0.02795446153846154
0.012308307692307691
-0.0025033846153846152
-0.006675692307692307
0.004589538461538461
0.006049846153846154
-0.007510153846153846
-0.018775384615384614
-0.022530461538461537
-0.013142769230769229
0.003129230769230769
0.016272
0.03629907692307692
0.056326153846153845
0.08574092307692306
0.12016246153846154
0.138312
0.13393107692307693
0.10910584615384614
0.07948246153846153
0.050067692307692306
0.022947692307692308
-0.012099692307692308
-0.04944184615384615
-0.07906523076923076
-0.09909230769230769
-0.10159569230769232
-0.0961716923076923
-0.08866153846153846
-0.078648
-0.06070707692307692
-0.029414769230769227
0.010013538461538461
0.05194523076923077
0.08761846153846153
0.11494707692307692
0.13601723076923075
0.14060676923076923
0.12683815384615382
0.09053907692307692
0.03567323076923076
-0.02232184615384615
-0.08010830769230769
-0.11640738461538462
-0.13476553846153844
-0.14519630769230768
-0.13393107692307693
-0.11014892307692307
-0.0717636923076923
-0.02023569230769231
0.02357353846153846
0.06070707692307692
0.0828203076923077
0.092208
0.0892873846153846
0.07218092307692307
0.04568676923076923
-0.0029206153846153843
-0.06300184615384616
-0.11807630769230769
-0.1504116923076923
-0.17085599999999998
-0.18128676923076922
-0.168144
-0.1397723076923077
-0.08240307692307691
-0.016063384615384615
0.04756430769230769
0.10764553846153846
0.15479261538461536
0.19985353846153847
0.2275993846153846
0.22718215384615387
0.20402584615384614
0.1502030769230769
0.09158215384615384
0.03483876923076923
-0.01668923076923077
-0.04714707692307692
-0.06863446153846153
-0.07238953846153846
-0.06842584615384616
-0.04902461538461538
-0.014394461538461538
0.008136
0.02357353846153846
0.018358153846153843
0.010639384615384617
0.010848
0.006258461538461538
0.0025033846153846152
-0.011891076923076923
-0.02211323076923077
-0.026285538461538457
-0.022530461538461537
-0.008761846153846153
-0.0025033846153846152
-0.0035464615384615383
-0.009596307692307692
-0.006467076923076923
0.0004172307692307692
0.0077187692307692304
0.007510153846153846
0.005632615384615384
0.015854769230769228
0.03045784615384615
0.05611753846153846
0.07885661538461539
0.10117846153846152
0.11536430769230768
0.11578153846153846
0.11703323076923078
0.1045163076923077
0.08135999999999999
0.03942830769230769
-0.008136
-0.041514461538461535
-0.06863446153846153
-0.07969107692307692
-0.07969107692307692
-0.07134646153846153
-0.05403138461538461
-0.029414769230769227
0.0
0.011473846153846154
-0.0018775384615384615
-0.017940923076923077
-0.03942830769230769
-0.05757784615384615
-0.049233230769230765
-0.04172307692307692
0.002086153846153846
0.05444861538461539
0.16188553846153847
0.34504984615384615
0.37926276923076924
0.4022104615384615
0.3972036923076923
0.31542646153846154
0.2699483076923077
0.10055261538461538
-0.051528
-0.2221753846153846
-0.3540203076923077
-0.3369138461538461
-0.34651015384615386
-0.2776670769230769
-0.22467876923076924
-0.13059323076923077
0.06279323076923077
0.19004861538461537
0.3575667692307692
0.40679999999999994
0.3513083076923077
0.309168
0.15687876923076924
0.054240000000000003
-0.06675692307692307
-0.21049292307692305
-0.24408
-0.3285692307692308
-0.3160523076923077
-0.19213476923076922
-0.08594953846153845
0.07614461538461538
0.1570873846153846
0.20298276923076922
0.25471938461538457
0.24178523076923078
0.2722430769230769
0.2670276923076923
0.19588984615384614
0.13893784615384613
0.07885661538461539
0.09283384615384616
0.09950953846153845
0.052571076923076915
0.025659692307692307
-0.04547815384615384
-0.05528307692307692
-0.04318338461538461
-0.07969107692307692
-0.08490646153846154
-0.11974523076923077
-0.11974523076923077
-0.08991323076923076
-0.09596307692307693
-0.06028984615384615
-0.02524246153846154
0.0077187692307692304
0.08177723076923075
0.12370892307692308
0.13768615384615385
0.10076123076923077
0.012934153846153845
-0.07405846153846153
-0.1800350769230769
-0.2601433846153846
-0.31626092307692305
-0.3369138461538461
-0.3072904615384615
-0.28392553846153845
-0.1846246153846154
-0.031918153846153846
0.11181784615384616
0.2624381538461539
0.34358953846153845
0.3838523076923077
0.3913624615384615
0.3513083076923077
0.29873723076923075
0.18525046153846153
0.061124307692307686
-0.028163076923076923
-0.09992676923076924
-0.13059323076923077
-0.15687876923076924
-0.154584
-0.09971815384615385
-0.026285538461538457
0.06571384615384615
0.13455692307692307
0.1990190769230769
0.25930892307692305
0.25847446153846154
0.23823876923076923
0.1787833846153846
0.07280676923076923
-0.024616615384615383
-0.13184492307692308
-0.2056947692307692
-0.2374043076923077
-0.26076923076923075
-0.24595753846153845
-0.22029784615384615
-0.18879692307692306
-0.11911938461538461
-0.0448523076923077
0.012934153846153845
0.04380923076923077
0.04714707692307692
0.042557538461538466
0.040054153846153843
0.06425353846153846
0.08949599999999999
0.10806276923076923
0.11140061538461538
0.08428061538461538
0.06550523076923077
0.03212676923076923
-0.016063384615384615
-0.05862092307692307
-0.13080184615384613
-0.1787833846153846
-0.17419384615384614
-0.15896492307692306
-0.11202646153846153
-0.061124307692307686
-0.0018775384615384615
0.10180430769230768
0.19735015384615384
0.26911384615384615
0.292896
0.2561796923076923
0.19818461538461538
0.10952307692307692
0.021070153846153846
-0.059872615384615385
-0.1435273846153846
-0.19004861538461537
-0.21779446153846155
-0.1913003076923077
-0.11306953846153844
-0.029623384615384614
0.09387692307692307
0.1913003076923077
0.2568055384615385
0.31542646153846154
0.31918153846153846
0.3133403076923077
0.2563883076923077
0.14457046153846154
0.04672984615384615
-0.05090215384615384
-0.11265230769230769
-0.14457046153846154
-0.15687876923076924
-0.13309661538461537
-0.09179076923076923
-0.016897846153846156
0.07051199999999999
0.13518276923076925
0.17481969230769231
0.16271999999999998
0.12204
0.06800861538461538
-0.01710646153846154
-0.09012184615384615
-0.15228923076923076
-0.17732307692307692
-0.1506203076923077
-0.10952307692307692
-0.03045784615384615
0.055491692307692304
0.1289243076923077
0.19714153846153845
0.23406646153846156
0.241368
0.20527753846153846
0.13205353846153844
0.04631261538461538
-0.047981538461538464
-0.12996738461538462
-0.18316430769230768
-0.20027076923076922
-0.17169046153846151
-0.11724184615384614
-0.04860738461538461
0.028163076923076923
0.09053907692307692
0.14164984615384615
0.15166338461538462
0.12788123076923075
0.0963803076923077
0.031918153846153846
-0.037342153846153844
-0.11035753846153845
-0.18170399999999998
-0.22113230769230768
-0.23782153846153845
-0.22572184615384616
-0.20360861538461536
-0.1792006153846154
-0.13998092307692306
-0.10347323076923076
-0.059872615384615385
-0.015437538461538461
0.015646153846153844
0.040262769230769234
0.05298830769230769
0.06988615384615385
0.07697907692307693
0.06133292307692308
0.044435076923076924
0.03024923076923077
0.02858030769230769
0.031709538461538456
0.024616615384615383
0.01668923076923077
0.007927384615384614
-0.003129230769230769
-0.009596307692307692
-0.02482523076923077
-0.04109723076923077
-0.044435076923076924
-0.026285538461538457
0.02858030769230769
0.10994030769230768
0.20256553846153844
0.2764153846153846
0.32043323076923075
0.33357600000000004
0.29602523076923076
0.222384
0.1045163076923077
-0.05194523076923077
-0.20152246153846154
-0.3243969230769231
-0.39282276923076925
-0.39991569230769225
-0.3437981538461538
-0.23782153846153845
-0.10618523076923077
0.04422646153846154
0.19588984615384614
0.33566215384615383
0.4239064615384615
0.44268184615384615
0.3982467692307692
0.3022836923076923
0.17231630769230769
0.009804923076923077
-0.1558356923076923
-0.29080984615384614
-0.3784283076923077
-0.3984553846153846
-0.34588430769230766
-0.23761292307692305
-0.09158215384615384
0.06842584615384616
0.2290596923076923
0.36549415384615386
0.44414215384615385
0.45624184615384616
0.40450523076923073
0.30144923076923075
0.15896492307692306
-0.0025033846153846152
-0.1639716923076923
-0.3068732307692308
-0.40346215384615386
-0.4408043076923077
-0.4049224615384615
-0.30520430769230766
-0.16501476923076921
-0.008344615384615384
0.13914646153846155
0.26535876923076923
0.35798399999999997
0.4015846153846154
0.38948492307692306
0.31834707692307695
0.20506892307692307
0.07843938461538462
-0.048816000000000005
-0.14707384615384617
-0.21883753846153844
-0.25805723076923076
-0.2563883076923077
-0.22154953846153846
-0.14394461538461537
-0.051319384615384614
0.04380923076923077
0.12579507692307693
0.1804523076923077
0.2125790769230769
0.21091015384615383
0.1802436923076923
0.12266584615384615
0.04735569230769231
-0.018983999999999997
-0.07468430769230769
-0.11724184615384614
-0.14164984615384615
-0.157296
-0.15333230769230768
-0.13247076923076923
-0.10076123076923077
-0.05924676923076923
-0.024199384615384616
0.009804923076923077
0.037967999999999995
0.06467076923076923
0.09116492307692307
0.10117846153846152
0.09700615384615385
0.06425353846153846
0.016063384615384615
-0.02899753846153846
-0.06633969230769231
-0.09179076923076923
-0.11390399999999999
-0.130176
-0.13309661538461537
-0.11870215384615385
-0.0897046153846154
-0.04672984615384615
-0.006884307692307692
0.03233538461538461
0.07092923076923077
0.10681107692307691
0.13601723076923075
0.14540492307692307
0.1353913846153846
0.10222153846153846
0.05653476923076922
-0.0008344615384615384
-0.06133292307692308
-0.11870215384615385
-0.16501476923076921
-0.17982646153846152
-0.15771323076923077
-0.10368184615384615
-0.02753723076923077
0.05444861538461539
0.12329169230769231
0.17961784615384613
0.21070153846153844
0.21132738461538458
0.1927606153846154
0.14018953846153845
0.06613107692307692
-0.02044430769230769
-0.10681107692307691
-0.16605784615384614
-0.2056947692307692
-0.21111876923076925
-0.18149538461538461
-0.12579507692307693
-0.04214030769230769
0.047772923076923074
0.13768615384615385
0.2090326153846154
0.2480436923076923
0.26619323076923074
0.2497126153846154
0.20673784615384616
0.13706030769230768
0.043600615384615383
-0.037967999999999995
-0.10597661538461538
-0.14665661538461539
-0.15500123076923078
-0.143736
-0.10159569230769232
-0.04380923076923077
0.013560000000000001
0.07343261538461537
0.12433476923076923
0.16105107692307694
0.1779489230769231
0.1733593846153846
0.14957723076923077
0.1070196923076923
0.05570030769230769
0.011056615384615385
-0.02545107692307692
-0.042557538461538466
-0.03400430769230769
-0.007510153846153846
0.03942830769230769
0.08219446153846154
0.12266584615384615
0.15354092307692307
0.16501476923076921
0.16876984615384616
0.1422756923076923
0.10180430769230768
0.05173661538461538
-0.004589538461538461
-0.04693846153846153
-0.08574092307692306
-0.10535076923076922
-0.10430769230769231
-0.07656184615384615
-0.021070153846153846
0.032544
0.0828203076923077
0.11223507692307692
0.12433476923076923
0.12996738461538462
0.11494707692307692
0.08094276923076923
0.021904615384615383
-0.04422646153846154
-0.0988836923076923
-0.13747753846153846
-0.14457046153846154
-0.1218313846153846
-0.08344615384615384
-0.02211323076923077
0.04860738461538461
0.11807630769230769
0.1802436923076923
0.21862892307692305
0.24095076923076922
0.23844738461538462
0.21737723076923077
0.17669723076923077
0.119328
0.058829538461538454
-0.00855323076923077
-0.06884307692307692
-0.10764553846153846
-0.12245723076923076
-0.11724184615384614
-0.10681107692307691
-0.09012184615384615
-0.04401784615384615
0.00855323076923077
0.0609156923076923
0.10347323076923076
0.12245723076923076
0.13059323076923077
0.11536430769230768
0.10138707692307691
0.07405846153846153
0.02273907692307692
-0.027328615384615382
-0.07572738461538461
-0.09971815384615385
-0.11056615384615384
-0.12433476923076923
-0.1506203076923077
-0.18712800000000002
-0.19964492307692308
-0.17502830769230768
-0.12725538461538463
-0.07510153846153846
-0.010013538461538461
0.05820369230769231
0.15959076923076923
0.24032492307692307
0.36445107692307693
0.4729310769230769
0.36403384615384615
0.28121353846153846
0.1435273846153846
0.005841230769230769
-0.08135999999999999
-0.30833353846153844
-0.4401784615384615
-0.5755698461538461
-0.5624270769230769
-0.38593846153846156
-0.2632726153846154
-0.07364123076923076
0.023364923076923075
0.20444307692307692
0.4303735384615384
0.5394793846153846
0.6337735384615385
0.4877427692307692
0.2981113846153846
0.1316363076923077
-0.08991323076923076
-0.18900553846153845
-0.3467187692307692
-0.4351716923076923
-0.4049224615384615
-0.41556184615384617
-0.25159015384615385
-0.06487938461538462
0.09325107692307691
0.28392553846153845
0.33587076923076925
0.3942830769230769
0.40200184615384615
0.34984799999999994
0.34588430769230766
0.23344061538461539
0.0974233846153846
-0.024199384615384616
-0.11390399999999999
-0.10326461538461539
-0.1316363076923077
-0.15604430769230768
-0.15667015384615385
-0.15562707692307692
-0.06300184615384616
0.001043076923076923
0.028163076923076923
0.04965046153846154
0.02357353846153846
0.056951999999999996
0.08824430769230769
0.07677046153846154
0.09283384615384616
0.07197230769230768
0.08115138461538463
0.13309661538461537
0.1424843076923077
0.14039815384615384
0.07969107692307692
0.013142769230769229
-0.0446436923076923
-0.12683815384615382
-0.17586276923076924
-0.22530461538461538
-0.21174461538461536
-0.17252492307692308
-0.1341396923076923
-0.008136
0.10389046153846154
0.21216184615384615
0.3072904615384615
0.3321156923076923
0.35318584615384613
0.3039526153846154
0.2194633846153846
0.13038461538461538
-0.022530461538461537
-0.13852061538461538
-0.22321846153846153
-0.2818393846153846
-0.29414769230769233
-0.30520430769230766
-0.24679199999999998
-0.13935507692307691
-0.033169846153846154
0.06362769230769232
0.10910584615384614
0.1691870769230769
0.214248
0.18963138461538462
0.14686523076923075
0.03483876923076923
-0.0826116923076923
-0.15228923076923076
-0.2288510769230769
-0.2503384615384615
-0.2563883076923077
-0.2509643076923077
-0.1869193846153846
-0.13455692307692307
-0.05570030769230769
0.03296123076923077
0.08010830769230769
0.11640738461538462
0.111192
0.09074769230769231
0.04318338461538461
-0.029206153846153847
-0.0771876923076923
-0.13852061538461538
-0.1777403076923077
-0.1910916923076923
-0.1940123076923077
-0.14686523076923075
-0.10722830769230769
-0.058412307692307694
0.0022947692307692304
0.015020307692307692
0.03337846153846154
0.0446436923076923
0.03880246153846154
0.03212676923076923
0.0033378461538461535
-0.0002086153846153846
0.023990769230769232
0.03921969230769231
0.04985907692307692
0.04693846153846153
0.042348923076923076
0.04547815384615384
0.03358707692307692
0.02586830769230769
0.010639384615384617
0.0012516923076923076
0.005424
-0.008136
0.0022947692307692304
0.015646153846153844
0.03755076923076923
0.08991323076923076
0.11181784615384616
0.11953661538461538
0.11745046153846153
0.10910584615384614
0.12642092307692307
0.12120553846153845
0.0853236923076923
0.04902461538461538
0.012308307692307691
-0.0035464615384615383
-0.0008344615384615384
-0.0008344615384615384
0.01043076923076923
0.02273907692307692
0.05173661538461538
0.09074769230769231
0.12537784615384615
0.15520984615384617
0.14707384615384617
0.12934153846153845
0.10013538461538461
0.059664
0.031709538461538456
-0.003963692307692307
-0.03024923076923077
-0.04631261538461538
-0.053405538461538456
-0.011265230769230769
0.05528307692307692
0.12245723076923076
0.17544553846153846
0.21320492307692307
0.2618123076923077
0.2851772307692308
0.273912
0.2194633846153846
0.10660246153846153
-0.026076923076923077
-0.1489513846153846
-0.23114584615384615
-0.26869661538461537
-0.287472
-0.2641070769230769
-0.1913003076923077
-0.0853236923076923
0.04985907692307692
0.16334584615384617
0.2374043076923077
0.27286892307692306
0.25138153846153843
0.20486030769230767
0.11953661538461538
0.0077187692307692304
-0.10055261538461538
-0.21216184615384615
-0.2906012307692308
-0.3319070769230769
-0.328152
-0.29080984615384614
-0.23782153846153845
-0.1502030769230769
-0.030040615384615384
0.10639384615384614
0.23177169230769232
0.31000246153846156
0.3279433846153846
0.29644246153846154
0.21925476923076925
0.12308307692307692
0.015646153846153844
-0.10681107692307691
-0.2194633846153846
-0.30332676923076923
-0.3202246153846154
-0.27599815384615384
-0.20235692307692305
-0.10931446153846153
-0.011891076923076923
0.09304246153846155
0.1923433846153846
0.27140861538461536
0.3116713846153846
0.2906012307692308
0.22426153846153846
0.14311015384615386
0.06279323076923077
-0.004589538461538461
-0.0609156923076923
-0.11327815384615383
-0.14707384615384617
-0.15270646153846154
-0.12037107692307693
-0.07343261538461537
-0.033169846153846154
0.006675692307692307
0.03650769230769231
0.05778646153846154
0.07343261538461537
0.09241661538461539
0.116616
0.12433476923076923
0.12391753846153845
0.12454338461538461
0.1207883076923077
0.09992676923076924
0.050067692307692306
-0.006675692307692307
-0.06258461538461538
-0.1028473846153846
-0.12558646153846154
-0.13706030769230768
-0.12850707692307692
-0.12099692307692309
-0.10201292307692307
-0.058829538461538454
-0.006258461538461538
0.047981538461538464
0.08991323076923076
0.12099692307692309
0.14144123076923076
0.14978584615384616
0.14269292307692305
0.10681107692307691
0.05444861538461539
-0.0016689230769230767
-0.05048492307692308
-0.07572738461538461
-0.07697907692307693
-0.06654830769230768
-0.05090215384615384
-0.01856676923076923
0.03755076923076923
0.10243015384615384
0.16459753846153846
0.2073636923076923
0.22968553846153844
0.23052
0.20527753846153846
0.17002153846153847
0.11911938461538461
0.059664
0.0006258461538461538
-0.05236246153846154
-0.0892873846153846
-0.11995384615384615
-0.13914646153846155
-0.13497415384615385
-0.11703323076923078
-0.07823076923076923
-0.02586830769230769
0.032544
0.09700615384615385
0.1435273846153846
0.17377661538461536
0.18525046153846153
0.1802436923076923
0.15833907692307692
0.11452984615384615
0.059872615384615385
-0.004798153846153846
-0.06738276923076922
-0.119328
-0.1656406153846154
-0.18754523076923074
-0.1842073846153846
-0.15938215384615384
-0.09784061538461537
-0.02211323076923077
0.045060923076923075
0.1045163076923077
0.14540492307692307
0.16459753846153846
0.15813046153846153
0.11724184615384614
0.06133292307692308
-0.006258461538461538
-0.06821723076923077
-0.11557292307692307
-0.14540492307692307
-0.14290153846153844
-0.12266584615384615
-0.08490646153846154
-0.042557538461538466
0.0025033846153846152
0.04422646153846154
0.06404492307692307
0.07489292307692308
0.073224
0.06070707692307692
0.03942830769230769
0.006049846153846154
-0.03212676923076923
-0.06154153846153846
-0.07885661538461539
-0.078648
-0.05090215384615384
-0.017732307692307693
0.016063384615384615
0.05236246153846154
0.08428061538461538
0.10952307692307692
0.1136953846153846
0.10117846153846152
0.073224
0.034630153846153845
0.005215384615384615
-0.01940123076923077
-0.03379569230769231
-0.048816000000000005
-0.06446215384615385
-0.06341907692307691
-0.054240000000000003
-0.03212676923076923
-0.009596307692307692
0.010848
0.03713353846153846
0.05444861538461539
0.07051199999999999
0.08824430769230769
0.10096984615384616
0.11098338461538461
0.11557292307692307
0.11703323076923078
0.11619876923076923
0.10952307692307692
0.1045163076923077
0.09575446153846154
0.07510153846153846
0.0448523076923077
0.015228923076923076
-0.003963692307692307
-0.01397723076923077
-0.015437538461538461
-0.0006258461538461538
0.040262769230769234
0.09429415384615383
0.15416676923076922
0.20924123076923076
0.24178523076923078
0.24449723076923074
0.21591692307692306
0.15833907692307692
0.06675692307692307
-0.04047138461538462
-0.15541846153846153
-0.25346769230769234
-0.3229366153846154
-0.3571495384615384
-0.34338092307692303
-0.29685969230769227
-0.20924123076923076
-0.10514215384615383
0.01043076923076923
0.11849353846153846
0.18963138461538462
0.22947692307692308
0.21800307692307694
0.16501476923076921
0.07343261538461537
-0.03880246153846154
-0.1424843076923077
-0.235944
-0.3016578461538461
-0.33023815384615385
-0.317304
-0.2601433846153846
-0.16501476923076921
-0.04631261538461538
0.08386338461538462
0.19714153846153845
0.2768326153846154
0.3160523076923077
0.3095852307692307
0.26765353846153844
0.19150892307692308
0.10117846153846152
0.007927384615384614
-0.07885661538461539
-0.13643446153846153
-0.16021661538461537
-0.15646153846153846
-0.13184492307692308
-0.09992676923076924
-0.06529661538461538
-0.02899753846153846
-0.0006258461538461538
0.01710646153846154
0.015646153846153844
-0.0025033846153846152
-0.017315076923076923
-0.015228923076923076
0.008136
0.03483876923076923
0.05298830769230769
0.06258461538461538
0.06842584615384616
0.08511507692307693
0.09992676923076924
0.09846646153846153
0.0826116923076923
0.052153846153846155
0.02044430769230769
-0.015228923076923076
-0.0609156923076923
-0.11160923076923077
-0.1783661538461538
-0.23949046153846154
-0.27620676923076926
-0.22426153846153846
-0.09325107692307691
0.06467076923076923
0.24616615384615384
0.3961606153846154
0.5513704615384615
0.6583901538461538
0.6990701538461538
0.6379458461538461
0.4389267692307692
0.19213476923076922
-0.08845292307692308
-0.29832
-0.5113163076923077
-0.6757052307692307
-0.7278590769230769
-0.7086664615384615
-0.5056836923076923
-0.2559710769230769
0.016480615384615385
0.2699483076923077
0.4472713846153846
0.6006036923076923
0.6327304615384615
0.55596
0.37780246153846153
0.11870215384615385
-0.14060676923076923
-0.3861470769230769
-0.5530393846153846
-0.6285581538461538
-0.6239686153846153
-0.5019286153846154
-0.32272799999999996
-0.09241661538461539
0.13872923076923074
0.3077076923076923
0.44038707692307694
0.4451852307692308
0.3721698461538462
0.2830910769230769
0.16313723076923078
0.07656184615384615
-0.010222153846153844
-0.08887015384615385
-0.13643446153846153
-0.16438892307692307
-0.14164984615384615
-0.11891076923076922
-0.12162276923076921
-0.12245723076923076
-0.12266584615384615
-0.08887015384615385
-0.06321046153846153
-0.06279323076923077
-0.06362769230769232
-0.07927384615384615
-0.05173661538461538
0.005215384615384615
0.06842584615384616
0.157296
0.23218892307692307
0.3062473846153846
0.37091815384615384
0.3617390769230769
0.2837169230769231
0.13393107692307693
-0.051528
-0.21675138461538462
-0.3611132307692308
-0.4337113846153846
-0.42724430769230765
-0.34776184615384614
-0.18545907692307692
0.009179076923076922
0.21299630769230768
0.3913624615384615
0.5073526153846153
0.5490756923076923
0.4985907692307692
0.40012430769230767
0.2697396923076923
0.10368184615384615
-0.05173661538461538
-0.18942276923076923
-0.2720344615384615
-0.287472
-0.2666104615384615
-0.2056947692307692
-0.12120553846153845
-0.005215384615384615
0.13643446153846153
0.2674449230769231
0.3623649230769231
0.3884418461538462
0.35276861538461535
0.290184
0.20778092307692309
0.11473846153846154
0.013351384615384614
-0.07280676923076923
-0.1097316923076923
-0.10347323076923076
-0.04193169230769231
0.050067692307692306
0.13226215384615383
0.21007569230769232
0.2436627692307692
0.2225926153846154
0.1597993846153846
0.05444861538461539
-0.06967753846153846
-0.19839323076923077
-0.2962338461538461
-0.3327415384615385
-0.31125415384615385
-0.23656984615384613
-0.124752
0.008136
0.13664307692307692
0.23364923076923078
0.2981113846153846
0.30332676923076923
0.23656984615384613
0.12120553846153845
-0.017315076923076923
-0.13101046153846155
-0.21696000000000001
-0.28476
-0.30332676923076923
-0.26619323076923074
-0.1777403076923077
-0.0448523076923077
0.09095630769230768
0.20673784615384616
0.29644246153846154
0.35256
0.3819747692307692
0.35610646153846154
0.26911384615384615
0.13455692307692307
-0.02357353846153846
-0.16793538461538463
-0.29080984615384614
-0.3684147692307692
-0.39970707692307694
-0.3798886153846154
-0.2920615384615385
-0.16188553846153847
-0.013560000000000001
0.12996738461538462
0.22947692307692308
0.2858030769230769
0.29581661538461534
0.235944
0.13622584615384614
0.005424
-0.13205353846153844
-0.23636123076923077
-0.30290953846153845
-0.3156350769230769
-0.27599815384615384
-0.19860184615384616
-0.10117846153846152
-0.003963692307692307
0.08866153846153846
0.16209415384615386
0.20423446153846153
0.20694646153846152
0.17002153846153847
0.12204
0.07343261538461537
0.027745846153846152
-0.007927384615384614
-0.03984553846153846
-0.05236246153846154
-0.034630153846153845
0.007927384615384614
0.06905169230769231
0.111192
0.12934153846153845
0.13706030769230768
0.12934153846153845
0.10618523076923077
0.06028984615384615
-0.003963692307692307
-0.06654830769230768
-0.1070196923076923
-0.12350030769230769
-0.119328
-0.09700615384615385
-0.073224
-0.0446436923076923
-0.010013538461538461
0.017315076923076923
0.035464615384615386
0.030875076923076922
0.01397723076923077
-0.0022947692307692304
-0.028163076923076923
-0.04631261538461538
-0.05945538461538461
-0.06863446153846153
-0.06946892307692307
-0.055491692307692304
-0.02232184615384615
0.012934153846153845
0.04047138461538462
0.043600615384615383
0.019192615384615384
-0.018358153846153843
-0.06926030769230769
-0.1136953846153846
-0.15416676923076922
-0.20298276923076922
-0.23510953846153848
-0.23615261538461538
-0.19651569230769228
-0.12245723076923076
-0.03775938461538462
0.04401784615384615
0.10848000000000001
0.15875630769230767
0.19025723076923076
0.18504184615384617
0.146448
0.0771876923076923
-0.0002086153846153846
-0.06529661538461538
-0.11703323076923078
-0.14185846153846154
-0.14123261538461537
-0.10889723076923077
-0.040679999999999994
0.04902461538461538
0.14832553846153845
0.23448369230769228
0.2899753846153846
0.31667815384615383
0.3081249230769231
0.27474646153846155
0.22947692307692308
0.15959076923076923
0.07426707692307692
-0.010848
-0.08115138461538463
-0.13038461538461538
-0.15959076923076923
-0.1635544615384615
-0.14811692307692306
-0.11306953846153844
-0.06300184615384616
-0.001043076923076923
0.06070707692307692
0.10472492307692308
0.124752
0.1289243076923077
0.12391753846153845
0.10117846153846152
0.06467076923076923
0.020652923076923076
-0.030875076923076922
-0.07155507692307693
-0.08991323076923076
-0.0936683076923077
-0.08845292307692308
-0.08323753846153846
-0.0678
-0.04401784615384615
-0.010013538461538461
0.029414769230769227
0.06049846153846154
0.09387692307692307
0.11849353846153846
0.1435273846153846
0.16251138461538459
0.168144
0.16105107692307694
0.12996738461538462
0.08824430769230769
0.03692492307692308
-0.026494153846153844
-0.09408553846153846
-0.15667015384615385
-0.19881046153846152
-0.20047938461538461
-0.1777403076923077
-0.12767261538461538
-0.054240000000000003
0.02482523076923077
0.11098338461538461
0.1775316923076923
0.2221753846153846
0.2374043076923077
0.21237046153846154
0.16209415384615386
0.09679753846153846
0.028788923076923077
-0.03942830769230769
-0.09971815384615385
-0.14457046153846154
-0.17419384615384614
-0.17419384615384614
-0.14707384615384617
-0.09658892307692307
-0.03442153846153846
0.018983999999999997
0.06633969230769231
0.10639384615384614
0.1368516923076923
0.14728246153846153
0.127464
0.09241661538461539
0.05862092307692307
0.023364923076923075
-0.012516923076923077
-0.041514461538461535
-0.06425353846153846
-0.06487938461538462
-0.056951999999999996
-0.03129230769230769
0.005841230769230769
0.029206153846153847
0.052571076923076915
0.061124307692307686
0.07572738461538461
0.09179076923076923
0.0963803076923077
0.09700615384615385
0.086784
0.08115138461538463
0.08177723076923075
0.08156861538461539
0.08887015384615385
0.09325107692307691
0.08761846153846153
0.08386338461538462
0.07426707692307692
0.061124307692307686
0.03984553846153846
0.014185846153846153
-0.004589538461538461
-0.005424
0.005632615384615384
0.023782153846153845
0.051319384615384614
0.06654830769230768
0.06425353846153846
0.06967753846153846
0.084072
0.092208
0.0855323076923077
0.06049846153846154
0.04214030769230769
0.017315076923076923
-0.014185846153846153
-0.03692492307692308
-0.06654830769230768
-0.0892873846153846
-0.0988836923076923
-0.09846646153846153
-0.0826116923076923
-0.06383630769230769
-0.04672984615384615
-0.015646153846153844
0.03421292307692308
0.103056
0.16626646153846153
0.2127876923076923
0.24658338461538462
0.25701415384615384
0.25305046153846156
0.2275993846153846
0.18149538461538461
0.12308307692307692
0.04631261538461538
-0.021696
-0.0771876923076923
-0.11348676923076922
-0.11452984615384615
-0.10263876923076923
-0.07030338461538461
-0.03442153846153846
0.007927384615384614
0.05611753846153846
0.09533723076923077
0.12579507692307693
0.13247076923076923
0.12996738461538462
0.11703323076923078
0.08490646153846154
0.03671630769230769
-0.03024923076923077
-0.10055261538461538
-0.14978584615384616
-0.1800350769230769
-0.18212123076923076
-0.16710092307692306
-0.13372246153846154
-0.078648
-0.03129230769230769
0.028163076923076923
0.07510153846153846
0.103056
0.12016246153846154
0.11265230769230769
0.1045163076923077
0.0678
0.010848
-0.04088861538461538
-0.10430769230769231
-0.15562707692307692
-0.19213476923076922
-0.2125790769230769
-0.20444307692307692
-0.18483323076923078
-0.14394461538461537
-0.08323753846153846
-0.01397723076923077
0.0678
0.13101046153846155
0.1656406153846154
0.1760713846153846
0.15833907692307692
0.12162276923076921
0.05674338461538461
-0.019609846153846155
-0.09575446153846154
-0.165432
-0.19150892307692308
-0.18545907692307692
-0.15792184615384616
-0.0988836923076923
-0.03150092307692308
0.05486584615384615
0.14081538461538462
0.1994363076923077
0.23636123076923077
0.233232
0.20798953846153845
0.16271999999999998
0.08866153846153846
0.004172307692307692
-0.08574092307692306
-0.168144
-0.22175815384615383
-0.2436627692307692
-0.2225926153846154
-0.17315076923076922
-0.10868861538461538
-0.015854769230769228
0.07948246153846153
0.16626646153846153
0.22405292307692307
0.2399076923076923
0.2140393846153846
0.14457046153846154
0.054657230769230764
-0.04985907692307692
-0.15103753846153847
-0.2624381538461539
-0.3542289230769231
-0.387816
-0.36674584615384614
-0.28476
-0.16251138461538459
-0.03400430769230769
0.11911938461538461
0.27328615384615385
0.46312615384615385
0.6581815384615385
0.5920504615384615
0.44977476923076926
0.2709913846153846
0.04318338461538461
-0.011891076923076923
-0.22676492307692306
-0.48190153846153844
-0.6567212307692307
-0.7670787692307692
-0.5866264615384615
-0.42348923076923073
-0.22655630769230767
-0.07051199999999999
0.05611753846153846
0.3573581538461538
0.5215384615384615
0.6754966153846154
0.6273064615384616
0.38719015384615385
0.2578486153846154
0.016063384615384615
-0.10597661538461538
-0.23052
-0.43809230769230767
-0.444768
-0.5221643076923077
-0.46104
-0.25471938461538457
-0.14832553846153845
0.08845292307692308
0.200688
0.2399076923076923
0.36027876923076924
0.3698750769230769
0.4587452307692308
0.46437784615384614
0.33315876923076926
0.22843384615384613
0.07531015384615385
0.03838523076923077
-0.007927384615384614
-0.13601723076923075
-0.21716861538461538
-0.3198073846153846
-0.2799618461538461
-0.1846246153846154
-0.17169046153846151
-0.10994030769230768
-0.0892873846153846
-0.006884307692307692
0.15938215384615384
0.23531815384615382
0.32877784615384614
0.37050092307692306
0.3565236923076923
0.39282276923076925
0.3385827692307692
0.235944
0.09053907692307692
-0.1178676923076923
-0.26765353846153844
-0.39699507692307695
-0.45603323076923075
-0.4345458461538461
-0.34233784615384616
-0.1710646153846154
-0.01981846153846154
0.19505538461538463
0.39532615384615377
0.5156972307692308
0.6175015384615384
0.5665993846153846
0.46354338461538463
0.34171199999999996
0.13768615384615385
-0.03775938461538462
-0.2563883076923077
-0.4418473846153846
-0.5146541538461539
-0.5607581538461538
-0.5261279999999999
-0.45916246153846146
-0.3425464615384616
-0.127464
0.0855323076923077
0.27328615384615385
0.37050092307692306
0.4007501538461538
0.41264123076923076
0.3319070769230769
0.22134092307692307
0.04631261538461538
-0.16480615384615382
-0.28809784615384615
-0.3848953846153846
-0.40033292307692303
-0.33545353846153847
-0.2734947692307692
-0.14206707692307693
-0.008970461538461538
0.09304246153846155
0.21800307692307694
0.28267384615384616
0.3004061538461538
0.2707827692307692
0.19338646153846153
0.12266584615384615
0.04047138461538462
-0.015854769230769228
-0.06341907692307691
-0.10597661538461538
-0.12391753846153845
-0.15145476923076923
-0.124752
-0.08615815384615384
-0.06800861538461538
-0.02795446153846154
-0.03129230769230769
-0.016272
0.035255999999999996
0.05486584615384615
0.08010830769230769
0.07301538461538462
0.061124307692307686
0.10868861538461538
0.13998092307692306
0.15354092307692307
0.13101046153846155
0.07781353846153846
0.06154153846153846
0.03504738461538461
0.011056615384615385
-0.018775384615384614
-0.06633969230769231
-0.08344615384615384
-0.10389046153846154
-0.08386338461538462
-0.03629907692307692
0.008344615384615384
0.09700615384615385
0.15541846153846153
0.19547261538461536
0.2357353846153846
0.22467876923076924
0.22029784615384615
0.17461107692307692
0.06341907692307691
-0.03379569230769231
-0.12767261538461538
-0.17982646153846152
-0.19004861538461537
-0.19359507692307693
-0.16042523076923076
-0.10409907692307692
-0.012516923076923077
0.09596307692307693
0.17023015384615386
0.2221753846153846
0.21737723076923077
0.1785747692307692
0.12913292307692306
0.040679999999999994
-0.031918153846153846
-0.09679753846153846
-0.13601723076923075
-0.12662953846153846
-0.10576799999999999
-0.037967999999999995
0.055491692307692304
0.15354092307692307
0.23761292307692305
0.2695310769230769
0.2807963076923077
0.2670276923076923
0.2238443076923077
0.1504116923076923
0.045895384615384616
-0.05778646153846154
-0.14123261538461537
-0.1792006153846154
-0.1787833846153846
-0.1639716923076923
-0.12704676923076924
-0.07092923076923077
0.0077187692307692304
0.10430769230769231
0.16793538461538463
0.1940123076923077
0.1856676923076923
0.14144123076923076
0.09325107692307691
0.023782153846153845
-0.05611753846153846
-0.11557292307692307
-0.16209415384615386
-0.1846246153846154
-0.1783661538461538
-0.14331876923076922
-0.0880356923076923
-0.024408000000000003
0.034630153846153845
0.0855323076923077
0.13080184615384613
0.16021661538461537
0.17169046153846151
0.14540492307692307
0.09304246153846155
0.026285538461538457
-0.03504738461538461
-0.06216738461538462
-0.06926030769230769
-0.058829538461538454
-0.051528
-0.03880246153846154
-0.006675692307692307
0.02482523076923077
0.05048492307692308
0.042348923076923076
0.016897846153846156
-0.007510153846153846
-0.035464615384615386
-0.045060923076923075
-0.04380923076923077
-0.034630153846153845
-0.013768615384615384
0.02524246153846154
0.07843938461538462
0.13121907692307694
0.17169046153846151
0.1908830769230769
0.1777403076923077
0.1506203076923077
0.11578153846153846
0.05653476923076922
-0.003963692307692307
-0.07364123076923076
-0.12642092307692307
-0.1435273846153846
-0.13852061538461538
-0.09053907692307692
-0.016897846153846156
0.058412307692307694
0.13998092307692306
0.20819815384615384
0.25367630769230765
0.27558092307692306
0.24887815384615386
0.1873366153846154
0.09554584615384615
-0.01043076923076923
-0.11286092307692308
-0.21862892307692305
-0.3047870769230769
-0.3652855384615385
-0.3671630769230769
-0.3133403076923077
-0.22780799999999998
-0.10764553846153846
0.009179076923076922
0.12433476923076923
0.2292683076923077
0.2897667692307692
0.31751261538461534
0.28768061538461537
0.20173107692307693
0.10555938461538462
0.0006258461538461538
-0.08198584615384615
-0.1368516923076923
-0.17148184615384612
-0.16626646153846153
-0.13664307692307692
-0.0826116923076923
-0.008136
0.06341907692307691
0.11891076923076922
0.14060676923076923
0.14039815384615384
0.13205353846153844
0.09825784615384614
0.06738276923076922
0.03233538461538461
-0.005841230769230769
-0.017315076923076923
-0.027120000000000002
-0.02086153846153846
-0.012099692307692308
-0.020652923076923076
-0.02482523076923077
-0.040262769230769234
-0.05528307692307692
-0.06613107692307692
-0.09304246153846155
-0.1151556923076923
-0.12683815384615382
-0.11348676923076922
-0.06383630769230769
-0.004798153846153846
0.059872615384615385
0.12204
0.17377661538461536
0.22154953846153846
0.2342750769230769
0.2140393846153846
0.16647507692307692
0.07969107692307692
-0.004798153846153846
-0.08156861538461539
-0.14603076923076924
-0.18858830769230767
-0.21716861538461538
-0.20861538461538462
-0.15416676923076922
-0.06362769230769232
0.03880246153846154
0.13664307692307692
0.21654276923076923
0.273912
0.30666461538461537
0.29727692307692305
0.24992123076923078
0.15813046153846153
0.029832
-0.11077476923076923
-0.24303692307692307
-0.34504984615384615
-0.409512
-0.42953907692307686
-0.3980381538461538
-0.30708184615384615
-0.18107815384615383
-0.04047138461538462
0.09158215384615384
0.19171753846153847
0.2699483076923077
0.3114627692307692
0.31083692307692307
0.26535876923076923
0.17294215384615383
0.049233230769230765
-0.07885661538461539
-0.1913003076923077
-0.2753723076923077
-0.32314523076923074
-0.33899999999999997
-0.3133403076923077
-0.2436627692307692
-0.14164984615384615
-0.030040615384615384
0.07405846153846153
0.15228923076923076
0.2021483076923077
0.23156307692307693
0.22488738461538463
0.19192615384615386
0.12767261538461538
0.04130584615384615
-0.040054153846153843
-0.11640738461538462
-0.16897846153846155
-0.20360861538461536
-0.22447015384615385
-0.2221753846153846
-0.184416
-0.11327815384615383
-0.03108369230769231
0.05862092307692307
0.13643446153846153
0.2008966153846154
0.2572227692307692
0.2870547692307692
0.2855944615384615
0.25847446153846154
0.21320492307692307
0.15646153846153846
0.10806276923076923
0.06550523076923077
0.01981846153846154
-0.01668923076923077
-0.04631261538461538
-0.059872615384615385
-0.05194523076923077
-0.035464615384615386
-0.008970461538461538
0.015228923076923076
0.029414769230769227
0.05090215384615384
0.07593599999999999
0.09283384615384616
0.10743692307692307
0.10159569230769232
0.08469784615384615
0.07614461538461538
0.05507446153846154
0.029206153846153847
-0.009596307692307692
-0.06446215384615385
-0.10681107692307691
-0.13747753846153846
-0.14561353846153846
-0.1316363076923077
-0.111192
-0.07697907692307693
-0.03629907692307692
0.006675692307692307
0.054657230769230764
0.08782707692307692
0.11223507692307692
0.12579507692307693
0.12329169230769231
0.12391753846153845
0.11035753846153845
0.09053907692307692
0.06321046153846153
0.03483876923076923
0.023990769230769232
0.011265230769230769
0.004589538461538461
-0.006467076923076923
-0.017523692307692306
-0.019609846153846155
-0.015020307692307692
-0.0050067692307692304
0.0008344615384615384
0.0012516923076923076
-0.01272553846153846
-0.03108369230769231
-0.054240000000000003
-0.07092923076923077
-0.08574092307692306
-0.09074769230769231
-0.06967753846153846
-0.03609046153846154
0.011891076923076923
0.04652123076923077
0.0771876923076923
0.09533723076923077
0.08991323076923076
0.0771876923076923
0.049233230769230765
0.008344615384615384
-0.04109723076923077
-0.08052553846153847
-0.10138707692307691
-0.09846646153846153
-0.09533723076923077
-0.07760492307692309
-0.06613107692307692
-0.059664
-0.05674338461538461
-0.08198584615384615
-0.09596307692307693
-0.0961716923076923
-0.03150092307692308
0.09533723076923077
0.31834707692307695
0.4716793846153846
0.590172923076923
0.7514326153846154
0.8010830769230769
0.8588695384615385
0.7503895384615384
0.513611076923077
0.18879692307692306
-0.222384
-0.5273796923076923
-0.8576178461538461
-1.0802104615384616
-1.2045452307692308
-1.184100923076923
-0.8985064615384615
-0.5138196923076923
0.03296123076923077
0.5588806153846154
0.9840387692307693
1.3334695384615385
1.4546750769230767
1.4388203076923076
1.2022504615384615
0.7531015384615385
0.24992123076923078
-0.3575667692307692
-0.8828603076923076
-1.2266584615384615
-1.4432012307692306
-1.408153846153846
-1.2362547692307693
-0.9185335384615384
-0.4514436923076923
0.028788923076923077
0.5601323076923077
0.9804923076923077
1.2387581538461538
1.3524535384615384
1.2788123076923077
1.0931446153846154
0.7480947692307692
0.26869661538461537
-0.23281476923076924
-0.7226436923076922
-1.0670676923076923
-1.2506492307692307
-1.3184492307692306
-1.2103864615384614
-0.9871679999999999
-0.6581815384615385
-0.2482523076923077
0.13309661538461537
0.49087200000000003
0.7777181538461537
0.9671409230769231
1.1050356923076923
1.126523076923077
1.0374443076923077
0.8346701538461537
0.520704
0.1696043076923077
-0.21049292307692305
-0.5609667692307693
-0.8632504615384615
-1.0804190769230768
-1.1657427692307691
-1.139665846153846
-0.9297987692307691
-0.5665993846153846
-0.13893784615384613
0.35339446153846155
0.8096363076923077
1.1818061538461537
1.4344393846153847
1.4853415384615385
1.353288
1.0261790769230767
0.5688941538461538
0.06863446153846153
-0.4508178461538461
-0.9179076923076923
-1.2996738461538462
-1.5266473846153845
-1.5379126153846152
-1.352244923076923
-0.988211076923077
-0.5138196923076923
0.021070153846153846
0.5780732307692308
1.0599747692307693
1.417332923076923
1.584433846153846
1.5070375384615384
1.2389667692307693
0.8006658461538461
0.2709913846153846
-0.25471938461538457
-0.7616547692307691
-1.1651169230769232
-1.4215052307692309
-1.4972326153846152
-1.3447347692307692
-1.0245101538461538
-0.5864178461538462
-0.10472492307692308
0.35297723076923077
0.7606116923076923
1.0505870769230767
1.2158104615384615
1.2201913846153847
1.0434941538461537
0.7531015384615385
0.37926276923076924
-0.0014603076923076922
-0.35339446153846155
-0.6696553846153845
-0.8776449230769231
-0.995929846153846
-0.9932178461538462
-0.8467698461538462
-0.6312701538461538
-0.3617390769230769
-0.0826116923076923
0.1923433846153846
0.4633347692307692
0.6809206153846155
0.8261169230769231
0.8732639999999999
0.8083846153846154
0.676956923076923
0.500676923076923
0.30186646153846153
0.09909230769230769
-0.12329169230769231
-0.328152
-0.5046406153846154
-0.6216738461538461
-0.6548436923076923
-0.6364855384615384
-0.5384363076923077
-0.38698153846153843
-0.19463815384615382
0.04860738461538461
0.2937304615384615
0.5346812307692307
0.7253556923076923
0.820067076923077
0.839676923076923
0.7727113846153846
0.6218824615384615
0.4080516923076923
0.1368516923076923
-0.14185846153846154
-0.3873987692307692
-0.5699372307692308
-0.6604763076923077
-0.673619076923077
-0.5918418461538462
-0.4376750769230769
-0.2275993846153846
0.032544
0.28163076923076924
0.5146541538461539
0.6882221538461537
0.7806387692307692
0.804420923076923
0.7218092307692308
0.5624270769230769
0.3502652307692307
0.0961716923076923
-0.1489513846153846
-0.3575667692307692
-0.4977563076923077
-0.557628923076923
-0.5538738461538462
-0.47647753846153845
-0.34880492307692307
-0.18796246153846152
-0.014185846153846153
0.13706030769230768
0.2618123076923077
0.3285692307692308
0.344424
0.328152
0.2707827692307692
0.20381723076923075
0.119328
0.026285538461538457
-0.04631261538461538
-0.12725538461538463
-0.20256553846153844
-0.26681907692307694
-0.33378461538461535
-0.36674584615384614
-0.3636166153846153
-0.3316984615384615
-0.27286892307692306
-0.200688
-0.10848000000000001
-0.012516923076923077
0.07969107692307692
0.16710092307692306
0.2290596923076923
0.2641070769230769
0.2674449230769231
0.23260615384615385
0.15500123076923078
0.02273907692307692
-0.13393107692307693
-0.2864289230769231
-0.42015138461538465
-0.5117335384615385
-0.566808
-0.5620098461538461
-0.4831532307692308
-0.3479704615384615
-0.16063384615384615
0.03421292307692308
0.21111876923076925
0.35610646153846154
0.443724923076923
0.4733483076923077
0.4351716923076923
0.3314898461538462
0.1785747692307692
0.0029206153846153843
-0.16584923076923075
-0.30207507692307695
-0.3786369230769231
-0.3944916923076923
-0.35986153846153845
-0.2701569230769231
-0.14018953846153845
0.009596307692307692
0.1612596923076923
0.2707827692307692
0.33357600000000004
0.344424
0.3039526153846154
0.2426196923076923
0.1531236923076923
0.05444861538461539
-0.030875076923076922
-0.11327815384615383
-0.16605784615384614
-0.18316430769230768
-0.17982646153846152
-0.16251138461538459
-0.14436184615384615
-0.10827138461538462
-0.05194523076923077
0.006467076923076923
0.059038153846153844
0.0936683076923077
0.11390399999999999
0.127464
0.12955015384615384
0.13768615384615385
0.143736
0.143736
0.14853415384615384
0.14331876923076922
0.13476553846153844
0.10597661538461538
0.05945538461538461
0.009387692307692307
-0.04088861538461538
-0.06633969230769231
-0.07113784615384615
-0.05716061538461538
-0.016480615384615385
0.03921969230769231
0.11286092307692308
0.20131384615384615
0.2872633846153846
0.35151692307692306
0.3648683076923077
0.3312812307692308
0.2628553846153846
0.16710092307692306
0.05319692307692307
-0.07072061538461538
-0.17669723076923077
-0.2497126153846154
-0.2937304615384615
-0.2845513846153846
-0.225096
-0.1397723076923077
-0.032544
0.08031692307692308
0.200688
0.3049956923076923
0.35694092307692304
0.35047384615384614
0.28204799999999997
0.17565415384615385
0.04839876923076923
-0.08198584615384615
-0.1913003076923077
-0.2828824615384615
-0.33295015384615384
-0.32898646153846156
-0.2670276923076923
-0.1476996923076923
-0.009179076923076922
0.1397723076923077
0.28246523076923075
0.38719015384615385
0.44393353846153844
0.42661846153846156
0.3383741538461538
0.2021483076923077
0.03984553846153846
-0.11098338461538461
-0.23010276923076922
-0.301032
-0.32982092307692307
-0.309168
-0.23218892307692307
-0.1136953846153846
0.03504738461538461
0.17669723076923077
0.2858030769230769
0.3485963076923077
0.3540203076923077
0.30749907692307693
0.21862892307692305
0.086784
-0.06988615384615385
-0.22029784615384615
-0.3387913846153846
-0.39699507692307695
-0.4047138461538461
-0.3675803076923077
-0.2837169230769231
-0.16188553846153847
-0.005424
0.14874276923076923
0.2707827692307692
0.34046030769230773
0.3392086153846154
0.2768326153846154
0.1666836923076923
0.031918153846153846
-0.11327815384615383
-0.25430215384615384
-0.35464615384615383
-0.40346215384615386
-0.39699507692307695
-0.3385827692307692
-0.25159015384615385
-0.15124615384615384
-0.047772923076923074
0.04860738461538461
0.14603076923076924
0.21675138461538462
0.24449723076923074
0.24491446153846153
0.2154996923076923
0.1856676923076923
0.1585476923076923
0.12287446153846153
0.08386338461538462
0.03504738461538461
-0.006884307692307692
-0.031709538461538456
-0.04860738461538461
-0.06195876923076923
-0.07593599999999999
-0.07635323076923077
-0.05194523076923077
0.002086153846153846
0.08115138461538463
0.1558356923076923
0.22467876923076924
0.28392553846153845
0.3277347692307692
0.3517255384615385
0.3243969230769231
0.24554030769230767
0.12996738461538462
-0.011265230769230769
-0.14540492307692307
-0.2588916923076923
-0.3385827692307692
-0.36570276923076916
-0.3473446153846154
-0.2753723076923077
-0.15500123076923078
-0.015020307692307692
0.12808984615384614
0.25117292307692307
0.3508910769230769
0.41326707692307696
0.42328061538461537
0.37967999999999996
0.2697396923076923
0.11411261538461538
-0.05236246153846154
-0.19588984615384614
-0.28851507692307693
-0.3344104615384615
-0.33065538461538463
-0.2724516923076923
-0.16793538461538463
-0.017315076923076923
0.14686523076923075
0.2862203076923077
0.3809316923076923
0.4105550769230769
0.3884418461538462
0.32001599999999997
0.21091015384615383
0.08636676923076922
-0.04672984615384615
-0.14540492307692307
-0.19630707692307692
-0.20027076923076922
-0.15750461538461538
-0.10055261538461538
-0.024408000000000003
0.047772923076923074
0.10785415384615385
0.14978584615384616
0.14811692307692306
0.116616
0.06049846153846154
-0.008344615384615384
-0.06383630769230769
-0.09971815384615385
-0.1097316923076923
-0.09596307692307693
-0.0678
-0.023990769230769232
0.026494153846153844
0.06884307692307692
0.08615815384615384
0.06821723076923077
0.02357353846153846
-0.03921969230769231
-0.09846646153846153
-0.15500123076923078
-0.20986707692307693
-0.2292683076923077
-0.208824
-0.1422756923076923
-0.05528307692307692
0.03567323076923076
0.10430769230769231
0.119328
0.124752
0.11348676923076922
0.09012184615384615
0.040262769230769234
-0.04631261538461538
-0.11056615384615384
-0.13706030769230768
-0.11745046153846153
0.029623384615384614
0.1341396923076923
0.09095630769230768
0.12162276923076921
0.11578153846153846
0.19568123076923075
0.2853858461538461
0.12037107692307693
-0.006467076923076923
-0.19714153846153845
-0.24658338461538462
-0.1693956923076923
-0.21779446153846155
-0.21153599999999997
-0.2997803076923077
-0.18212123076923076
0.04088861538461538
0.1908830769230769
0.3669544615384615
0.2849686153846154
0.24846092307692308
0.22154953846153846
0.12245723076923076
0.1136953846153846
-0.08636676923076922
-0.21842030769230766
-0.2674449230769231
-0.3780110769230769
-0.25701415384615384
-0.1639716923076923
-0.05277969230769231
0.14123261538461537
0.16063384615384615
0.2643156923076923
0.32669169230769235
0.33002953846153843
0.3896935384615384
0.26786215384615386
0.132888
-0.010222153846153844
-0.12099692307692309
-0.10055261538461538
-0.16271999999999998
-0.21362215384615382
-0.23615261538461538
-0.21466523076923077
-0.05111076923076923
0.03942830769230769
0.10180430769230768
0.15604430769230768
0.14519630769230768
0.22801661538461537
0.2697396923076923
0.25138153846153843
0.2399076923076923
0.13872923076923074
0.08824430769230769
0.07009476923076922
-0.007927384615384614
-0.06571384615384615
-0.1543753846153846
-0.2127876923076923
-0.2154996923076923
-0.22029784615384615
-0.1923433846153846
-0.14164984615384615
-0.04860738461538461
0.026494153846153844
0.08866153846153846
0.1856676923076923
0.23344061538461539
0.2789187692307692
0.2924787692307692
0.2275993846153846
0.19025723076923076
0.11265230769230769
0.021278769230769233
-0.054657230769230764
-0.17669723076923077
-0.24324553846153843
-0.2891409230769231
-0.30666461538461537
-0.26348123076923075
-0.2261390769230769
-0.12162276923076921
0.030040615384615384
0.15959076923076923
0.2438713846153846
0.2574313846153846
0.28121353846153846
0.273912
0.18754523076923074
0.05778646153846154
-0.1435273846153846
-0.30207507692307695
-0.38656430769230765
-0.44998338461538456
-0.42077723076923074
-0.3682061538461538
-0.2837169230769231
-0.12454338461538461
0.010013538461538461
0.16292861538461537
0.2914356923076923
0.3542289230769231
0.39741230769230773
0.36340799999999995
0.290184
0.184416
0.06154153846153846
-0.040679999999999994
-0.15750461538461538
-0.23281476923076924
-0.2832996923076923
-0.29581661538461534
-0.22780799999999998
-0.15291507692307693
-0.038176615384615385
0.08094276923076923
0.1585476923076923
0.260352
0.3202246153846154
0.3179298461538461
0.2707827692307692
0.15959076923076923
0.06571384615384615
-0.012099692307692308
-0.11056615384615384
-0.19505538461538463
-0.2753723076923077
-0.30708184615384615
-0.273912
-0.21800307692307694
-0.12850707692307692
-0.03921969230769231
0.05236246153846154
0.13372246153846154
0.17169046153846151
0.20006215384615383
0.1860849230769231
0.15374953846153847
0.12496061538461539
0.052153846153846155
-0.01856676923076923
-0.08699261538461538
-0.12621230769230768
-0.09846646153846153
-0.07843938461538462
-0.050067692307692306
0.0035464615384615383
0.058412307692307694
0.13184492307692308
0.1869193846153846
0.20193969230769232
0.1856676923076923
0.14123261538461537
0.10430769230769231
0.06425353846153846
0.02044430769230769
-0.021904615384615383
-0.07593599999999999
-0.09867507692307692
-0.10409907692307692
-0.08594953846153845
-0.032544
0.011891076923076923
0.06070707692307692
0.08594953846153845
0.09137353846153846
0.1205796923076923
0.13643446153846153
0.124752
0.09533723076923077
0.0448523076923077
0.013142769230769229
0.008136
0.0012516923076923076
0.0029206153846153843
-0.0035464615384615383
0.004172307692307692
0.04839876923076923
0.10430769230769231
0.15771323076923077
0.17544553846153846
0.18107815384615383
0.17982646153846152
0.16418030769230768
0.14164984615384615
0.08177723076923075
0.01814953846153846
-0.032544
-0.07259815384615384
-0.07531015384615385
-0.06988615384615385
-0.04819015384615385
0.0050067692307692304
0.04568676923076923
0.09137353846153846
0.13038461538461538
0.14790830769230767
0.15625292307692307
0.12683815384615382
0.08010830769230769
0.02899753846153846
-0.017732307692307693
-0.06154153846153846
-0.11807630769230769
-0.16105107692307694
-0.19004861538461537
-0.17899199999999998
-0.12329169230769231
-0.04944184615384615
0.033169846153846154
0.09241661538461539
0.14790830769230767
0.21132738461538458
0.25430215384615384
0.27871015384615383
0.26723630769230766
0.2059033846153846
0.1395636923076923
0.06759138461538462
-0.003129230769230769
-0.055491692307692304
-0.1097316923076923
-0.13622584615384614
-0.14477907692307693
-0.12788123076923075
-0.0880356923076923
-0.05277969230769231
-0.010639384615384617
0.018983999999999997
0.05778646153846154
0.10952307692307692
0.14018953846153845
0.14457046153846154
0.12537784615384615
0.09283384615384616
0.05298830769230769
0.0012516923076923076
-0.05778646153846154
-0.10889723076923077
-0.14832553846153845
-0.16793538461538463
-0.16897846153846155
-0.14018953846153845
-0.08177723076923075
-0.013768615384615384
0.061124307692307686
0.13747753846153846
0.21925476923076925
0.2782929230769231
0.2883064615384615
0.2651501538461538
0.20486030769230767
0.12496061538461539
0.03483876923076923
-0.07510153846153846
-0.17711446153846155
-0.25951753846153847
-0.30833353846153844
-0.295608
-0.23406646153846156
-0.13998092307692306
-0.028788923076923077
0.07280676923076923
0.17419384615384614
0.2503384615384615
0.2774584615384615
0.2641070769230769
0.1923433846153846
0.09471138461538461
-0.015020307692307692
-0.13455692307692307
-0.22280123076923075
-0.2899753846153846
-0.31834707692307695
-0.28392553846153845
-0.20819815384615384
-0.08907876923076924
0.03442153846153846
0.12913292307692306
0.1992276923076923
0.22029784615384615
0.2075723076923077
0.16438892307692307
0.08240307692307691
0.0006258461538461538
-0.07885661538461539
-0.13935507692307691
-0.1635544615384615
-0.16772676923076923
-0.1397723076923077
-0.09658892307692307
-0.047772923076923074
0.012099692307692308
0.05862092307692307
0.08448923076923077
0.07739630769230768
0.04214030769230769
-0.008136
-0.07155507692307693
-0.11745046153846153
-0.15124615384615384
-0.16710092307692306
-0.14665661538461539
-0.09804923076923076
-0.009804923076923077
0.09825784615384614
0.19505538461538463
0.268488
0.29414769230769233
0.27558092307692306
0.2209236923076923
0.1316363076923077
0.02899753846153846
-0.07280676923076923
-0.14311015384615386
-0.16584923076923075
-0.14081538461538462
-0.08135999999999999
0.003129230769230769
0.11619876923076923
0.22968553846153844
0.32606584615384615
0.3949089230769231
0.4030449230769231
0.34776184615384614
0.24032492307692307
0.0961716923076923
-0.04547815384615384
-0.18483323076923078
-0.3079163076923077
-0.38030584615384616
-0.39657784615384617
-0.3538116923076923
-0.2651501538461538
-0.1476996923076923
-0.03024923076923077
0.06738276923076922
0.14018953846153845
0.1710646153846154
0.16480615384615382
0.12016246153846154
0.03045784615384615
-0.07259815384615384
-0.16626646153846153
-0.23385784615384617
-0.26494153846153845
-0.2730775384615384
-0.25659692307692306
-0.20402584615384614
-0.12412615384615384
-0.020652923076923076
0.08615815384615384
0.17315076923076922
0.23615261538461538
0.25951753846153847
0.26494153846153845
0.24053353846153847
0.1787833846153846
0.09846646153846153
-0.0012516923076923076
-0.07697907692307693
-0.12600369230769232
-0.14457046153846154
-0.14060676923076923
-0.12350030769230769
-0.073224
-0.014811692307692307
0.03942830769230769
0.07739630769230768
0.08302892307692307
0.06300184615384616
0.03504738461538461
0.006258461538461538
-0.006884307692307692
-0.0025033846153846152
0.006258461538461538
0.021696
0.03755076923076923
0.05799507692307692
0.0717636923076923
0.073224
0.05924676923076923
0.030040615384615384
-0.0006258461538461538
-0.02357353846153846
-0.02795446153846154
-0.03045784615384615
-0.032544
-0.021278769230769233
0.004589538461538461
0.045060923076923075
0.086784
0.11056615384615384
0.11828492307692307
0.11452984615384615
0.10347323076923076
0.08490646153846154
0.03984553846153846
-0.009804923076923077
-0.05924676923076923
-0.10994030769230768
-0.1449876923076923
-0.173568
-0.18754523076923074
-0.17961784615384613
-0.14832553846153845
-0.09304246153846155
-0.03421292307692308
0.018983999999999997
0.065088
0.09784061538461537
0.12412615384615384
0.12850707692307692
0.12016246153846154
0.09533723076923077
0.042557538461538466
-0.00855323076923077
-0.05924676923076923
-0.09179076923076923
-0.10681107692307691
-0.10952307692307692
-0.08761846153846153
-0.06049846153846154
-0.016897846153846156
0.037967999999999995
0.07843938461538462
0.1045163076923077
0.10368184615384615
0.09471138461538461
0.09053907692307692
0.07656184615384615
0.05048492307692308
0.004798153846153846
-0.042557538461538466
-0.07468430769230769
-0.0853236923076923
-0.07635323076923077
-0.061124307692307686
-0.04756430769230769
-0.03108369230769231
-0.013560000000000001
0.0043809230769230765
0.014394461538461538
-0.0002086153846153846
-0.03066646153846154
-0.07238953846153846
-0.11494707692307692
-0.15187199999999998
-0.15604430769230768
-0.09846646153846153
0.0014603076923076922
0.15208061538461537
0.309168
0.44685415384615385
0.5801593846153845
0.6485852307692307
0.6550523076923076
0.5691027692307692
0.39678646153846153
0.20047938461538461
0.028371692307692306
-0.138312
-0.3079163076923077
-0.3961606153846154
-0.4253667692307692
-0.3275261538461538
-0.14957723076923077
0.03755076923076923
0.241368
0.3798886153846154
0.4925409230769231
0.5146541538461539
0.42599261538461536
0.2624381538461539
0.026076923076923077
-0.18525046153846153
-0.3955347692307692
-0.5484498461538461
-0.6083224615384615
-0.6022726153846154
-0.4564504615384615
-0.2480436923076923
-0.009179076923076922
0.21341353846153846
0.35256
0.45978830769230766
0.47001046153846154
0.37655076923076924
0.24345415384615382
0.07218092307692307
-0.053614153846153846
-0.12433476923076923
-0.1639716923076923
-0.15875630769230767
-0.14457046153846154
-0.09304246153846155
-0.02232184615384615
0.03671630769230769
0.07197230769230768
0.07343261538461537
0.07656184615384615
0.05778646153846154
0.013560000000000001
-0.03337846153846154
-0.09241661538461539
-0.12412615384615384
-0.12767261538461538
-0.11953661538461538
-0.061124307692307686
0.02211323076923077
0.12350030769230769
0.24074215384615386
0.3102110769230769
0.3235624615384615
0.2860116923076923
0.19463815384615382
0.07092923076923077
-0.08198584615384615
-0.23072861538461537
-0.3195987692307692
-0.32836061538461536
-0.249504
-0.11578153846153846
0.04547815384615384
0.21299630769230768
0.37300430769230764
0.508812923076923
0.5611753846153846
0.5303003076923076
0.42995630769230764
0.27140861538461536
0.10138707692307691
-0.06571384615384615
-0.2127876923076923
-0.3127144615384615
-0.3646596923076923
-0.35464615384615383
-0.2899753846153846
-0.1927606153846154
-0.05799507692307692
0.07134646153846153
0.17023015384615386
0.23177169230769232
0.2507556923076923
0.2574313846153846
0.22029784615384615
0.146448
0.045895384615384616
-0.06717415384615384
-0.1341396923076923
-0.1733593846153846
-0.17398523076923075
-0.1397723076923077
-0.10368184615384615
-0.03567323076923076
0.04109723076923077
0.09137353846153846
0.12287446153846153
0.10389046153846154
0.06195876923076923
0.022947692307692308
-0.03150092307692308
-0.0744756923076923
-0.1151556923076923
-0.1353913846153846
-0.12162276923076921
-0.0826116923076923
-0.012934153846153845
0.04902461538461538
0.09554584615384615
0.11599015384615384
0.10889723076923077
0.09596307692307693
0.04172307692307692
-0.03713353846153846
-0.119328
-0.20402584615384614
-0.24303692307692307
-0.2492953846153846
-0.22113230769230768
-0.1422756923076923
-0.04693846153846153
0.06863446153846153
0.1785747692307692
0.26535876923076923
0.33899999999999997
0.36027876923076924
0.32606584615384615
0.24720923076923076
0.14206707692307693
0.04631261538461538
-0.04965046153846154
-0.12808984615384614
-0.1733593846153846
-0.19192615384615386
-0.14707384615384617
-0.06696553846153847
0.02023569230769231
0.11035753846153845
0.1783661538461538
0.24282830769230768
0.2906012307692308
0.29101846153846156
0.25200738461538463
0.17419384615384614
0.08031692307692308
-0.005215384615384615
-0.07906523076923076
-0.12808984615384614
-0.15500123076923078
-0.1637630769230769
-0.1489513846153846
-0.10785415384615385
-0.06258461538461538
-0.03296123076923077
-0.016897846153846156
-0.008136
-0.004589538461538461
-0.0029206153846153843
0.002086153846153846
0.011056615384615385
0.02232184615384615
0.028163076923076923
0.05674338461538461
0.10681107692307691
0.16647507692307692
0.2207150769230769
0.23510953846153848
0.21716861538461538
0.165432
0.09867507692307692
0.01397723076923077
-0.09575446153846154
-0.2021483076923077
-0.295608
-0.3419206153846154
-0.33816553846153846
-0.29498215384615384
-0.21758584615384616
-0.11849353846153846
0.0006258461538461538
0.12016246153846154
0.2140393846153846
0.25701415384615384
0.24574892307692306
0.1842073846153846
0.09304246153846155
-0.013142769230769229
-0.12808984615384614
-0.23281476923076924
-0.32543999999999995
-0.37884553846153846
-0.37926276923076924
-0.32314523076923074
-0.2207150769230769
-0.10681107692307691
0.0016689230769230767
0.09450276923076922
0.16835261538461538
0.20256553846153844
0.192552
0.15270646153846154
0.08323753846153846
0.005215384615384615
-0.04902461538461538
-0.07510153846153846
-0.07593599999999999
-0.062376
-0.047981538461538464
-0.02899753846153846
-0.006049846153846154
0.02044430769230769
0.03567323076923076
0.025659692307692307
-0.004172307692307692
-0.045060923076923075
-0.08094276923076923
-0.10222153846153846
-0.10535076923076922
-0.09575446153846154
-0.06195876923076923
0.002086153846153846
0.078648
0.1489513846153846
0.1927606153846154
0.19985353846153847
0.1712732307692308
0.11703323076923078
0.03483876923076923
-0.06049846153846154
-0.15875630769230767
-0.249504
-0.29644246153846154
-0.29685969230769227
-0.2436627692307692
-0.1504116923076923
-0.03650769230769231
0.0961716923076923
0.2221753846153846
0.3235624615384615
0.3798886153846154
0.3784283076923077
0.3312812307692308
0.23156307692307693
0.09471138461538461
-0.05090215384615384
-0.19588984615384614
-0.31229723076923077
-0.3942830769230769
-0.42494953846153843
-0.384060923076923
-0.2966510769230769
-0.16710092307692306
-0.02273907692307692
0.11014892307692307
0.22843384615384613
0.3131316923076923
0.36445107692307693
0.3692492307692308
0.33002953846153843
0.25701415384615384
0.15938215384615384
0.06279323076923077
-0.03504738461538461
-0.11619876923076923
-0.168144
-0.19442953846153843
-0.1829556923076923
-0.15187199999999998
-0.11265230769230769
-0.06258461538461538
-0.00855323076923077
0.044435076923076924
0.10514215384615383
0.15750461538461538
0.19881046153846152
0.22154953846153846
0.22321846153846153
0.2238443076923077
0.19380369230769232
0.1462393846153846
0.08740984615384616
0.018358153846153843
-0.042974769230769226
-0.09992676923076924
-0.1424843076923077
-0.16856123076923077
-0.17565415384615385
-0.16000799999999998
-0.12391753846153845
-0.06592246153846154
0.0033378461538461535
0.06049846153846154
0.11056615384615384
0.1502030769230769
0.18191261538461537
0.2056947692307692
0.20173107692307693
0.17711446153846155
0.12955015384615384
0.07948246153846153
0.04047138461538462
0.005215384615384615
-0.02044430769230769
-0.042348923076923076
-0.046104
-0.03129230769230769
0.0025033846153846152
0.05674338461538461
0.10722830769230769
0.15667015384615385
0.1977673846153846
0.22426153846153846
0.23803015384615384
0.22154953846153846
0.17231630769230769
0.100344
0.020652923076923076
-0.035464615384615386
-0.06696553846153847
-0.0771876923076923
-0.06550523076923077
-0.035464615384615386
0.015854769230769228
0.06341907692307691
0.10347323076923076
0.12120553846153845
0.11098338461538461
0.086784
0.042557538461538466
-0.0002086153846153846
-0.04172307692307692
-0.07280676923076923
-0.07697907692307693
-0.06905169230769231
-0.03400430769230769
0.019609846153846155
0.06592246153846154
0.09304246153846155
0.09575446153846154
0.08991323076923076
0.07009476923076922
0.028788923076923077
-0.02482523076923077
-0.09241661538461539
-0.168144
-0.23177169230769232
-0.27412061538461535
-0.2872633846153846
-0.27975323076923075
-0.2526332307692308
-0.1867107692307692
-0.08949599999999999
0.02795446153846154
0.1424843076923077
0.22801661538461537
0.2807963076923077
0.2858030769230769
0.24637476923076923
0.168144
0.05799507692307692
-0.05757784615384615
-0.1712732307692308
-0.25367630769230765
-0.2858030769230769
-0.26765353846153844
-0.200688
-0.0974233846153846
0.021904615384615383
0.13226215384615383
0.22718215384615387
0.2979027692307692
0.3195987692307692
0.2870547692307692
0.22467876923076924
0.1424843076923077
0.06133292307692308
-0.01710646153846154
-0.09241661538461539
-0.14060676923076923
-0.16292861538461537
-0.14749107692307692
-0.09784061538461537
-0.03880246153846154
0.019609846153846155
0.06926030769230769
0.11432123076923076
0.14790830769230767
0.1570873846153846
0.143736
0.10597661538461538
0.056326153846153845
0.010013538461538461
-0.030040615384615384
-0.05403138461538461
-0.06905169230769231
-0.06738276923076922
-0.04380923076923077
-0.0035464615384615383
0.05528307692307692
0.10535076923076922
0.13852061538461538
0.14853415384615384
0.12996738461538462
0.10326461538461539
0.07739630769230768
0.051319384615384614
0.02586830769230769
0.003755076923076923
-0.004798153846153846
-0.004589538461538461
0.007510153846153846
0.02899753846153846
0.04109723076923077
0.047772923076923074
0.047772923076923074
0.04902461538461538
0.04756430769230769
0.03609046153846154
0.022530461538461537
0.014394461538461538
0.017523692307692306
0.02858030769230769
0.04172307692307692
0.05277969230769231
0.06446215384615385
0.07259815384615384
0.07510153846153846
0.07656184615384615
0.06696553846153847
0.05507446153846154
0.04109723076923077
0.02795446153846154
0.024199384615384616
0.016063384615384615
0.011265230769230769
0.005841230769230769
0.002086153846153846
0.004589538461538461
0.006258461538461538
0.0077187692307692304
-0.0035464615384615383
-0.03129230769230769
-0.06279323076923077
-0.0988836923076923
-0.11473846153846154
-0.12975876923076923
-0.14978584615384616
-0.14206707692307693
-0.130176
-0.06383630769230769
0.009804923076923077
0.15562707692307692
0.25659692307692306
0.22154953846153846
0.2568055384615385
0.22426153846153846
0.21821169230769227
0.1652233846153846
-0.02482523076923077
-0.1693956923076923
-0.3425464615384616
-0.3727956923076923
-0.32898646153846156
-0.31000246153846156
-0.22801661538461537
-0.15687876923076924
0.04965046153846154
0.29414769230769233
0.4879513846153846
0.6408664615384615
0.604776
0.5346812307692307
0.41910830769230767
0.23385784615384617
0.0744756923076923
-0.17481969230769231
-0.3686233846153846
-0.4919150769230769
-0.6049846153846153
-0.5363501538461538
-0.43412861538461534
-0.30290953846153845
-0.12579507692307693
-0.014185846153846153
0.1422756923076923
0.2503384615384615
0.3068732307692308
0.3540203076923077
0.27474646153846155
0.14749107692307692
0.007927384615384614
-0.11056615384615384
-0.1733593846153846
-0.26535876923076923
-0.3248141538461538
-0.33524492307692305
-0.30436984615384616
-0.1881710769230769
-0.08010830769230769
0.015437538461538461
0.11557292307692307
0.1794092307692308
0.26494153846153845
0.3077076923076923
0.28893230769230765
0.28163076923076924
0.22780799999999998
0.1940123076923077
0.184416
0.14060676923076923
0.09575446153846154
0.021696
-0.047772923076923074
-0.09825784615384614
-0.1397723076923077
-0.15667015384615385
-0.15187199999999998
-0.10952307692307692
-0.06675692307692307
-0.016897846153846156
0.07113784615384615
0.13747753846153846
0.19651569230769228
0.23907323076923076
0.23510953846153848
0.22551323076923077
0.165432
0.07948246153846153
-0.011682461538461537
-0.14123261538461537
-0.2290596923076923
-0.2807963076923077
-0.3170953846153846
-0.3170953846153846
-0.2899753846153846
-0.19359507692307693
-0.05090215384615384
0.08031692307692308
0.18712800000000002
0.24720923076923076
0.29039261538461536
0.2943563076923077
0.2288510769230769
0.13455692307692307
-0.015646153846153844
-0.16188553846153847
-0.26306399999999996
-0.34943076923076927
-0.3623649230769231
-0.33712246153846154
-0.2695310769230769
-0.13706030769230768
-0.010848
0.13247076923076923
0.2624381538461539
0.33670523076923076
0.371544
0.3373310769230769
0.2588916923076923
0.1422756923076923
-0.003755076923076923
-0.12808984615384614
-0.235944
-0.29331323076923077
-0.29685969230769227
-0.2563883076923077
-0.16251138461538459
-0.05277969230769231
0.08198584615384615
0.2157083076923077
0.3045784615384615
0.3707095384615384
0.39908123076923074
0.35860984615384617
0.2707827692307692
0.14164984615384615
0.018775384615384614
-0.0826116923076923
-0.1829556923076923
-0.24449723076923074
-0.27871015384615383
-0.2749550769230769
-0.23072861538461537
-0.16772676923076923
-0.08469784615384615
-0.003755076923076923
0.06884307692307692
0.11974523076923077
0.13998092307692306
0.14603076923076924
0.12788123076923075
0.09930092307692308
0.08073415384615384
0.03692492307692308
-0.003755076923076923
-0.025033846153846153
-0.03275261538461539
0.002712
0.025659692307692307
0.02795446153846154
0.03421292307692308
0.03066646153846154
0.045895384615384616
0.06362769230769232
0.07510153846153846
0.08490646153846154
0.08386338461538462
0.09283384615384616
0.10743692307692307
0.12725538461538463
0.14269292307692305
0.14164984615384615
0.13601723076923075
0.10597661538461538
0.06800861538461538
0.03212676923076923
-0.02211323076923077
-0.07823076923076923
-0.13935507692307691
-0.19296923076923078
-0.21341353846153846
-0.20319138461538463
-0.1787833846153846
-0.15228923076923076
-0.10889723076923077
-0.040262769230769234
0.03609046153846154
0.09596307692307693
0.12037107692307693
0.10743692307692307
0.061124307692307686
0.005215384615384615
-0.03337846153846154
-0.07635323076923077
-0.12496061538461539
-0.1614683076923077
-0.17252492307692308
-0.14060676923076923
-0.08720123076923077
-0.03504738461538461
0.015646153846153844
0.054657230769230764
0.08448923076923077
0.11807630769230769
0.14060676923076923
0.1424843076923077
0.13455692307692307
0.11911938461538461
0.10389046153846154
0.09700615384615385
0.08720123076923077
0.06905169230769231
0.047981538461538464
0.03024923076923077
0.018775384615384614
0.015020307692307692
0.005215384615384615
-0.011891076923076923
-0.029414769230769227
-0.052571076923076915
-0.06008123076923077
-0.05194523076923077
-0.03942830769230769
-0.018775384615384614
-0.0016689230769230767
0.022530461538461537
0.06800861538461538
0.11745046153846153
0.16292861538461537
0.18316430769230768
0.17231630769230769
0.1506203076923077
0.11056615384615384
0.05674338461538461
-0.009596307692307692
-0.08699261538461538
-0.1435273846153846
-0.1710646153846154
-0.16105107692307694
-0.1178676923076923
-0.06467076923076923
0.004589538461538461
0.07948246153846153
0.16105107692307694
0.2355267692307692
0.27140861538461536
0.26786215384615386
0.22551323076923077
0.15938215384615384
0.0892873846153846
0.013142769230769229
-0.06592246153846154
-0.12266584615384615
-0.15896492307692306
-0.16626646153846153
-0.1424843076923077
-0.10681107692307691
-0.05507446153846154
-0.006258461538461538
0.05611753846153846
0.12037107692307693
0.17628
0.22196676923076922
0.233232
0.22488738461538463
0.1858763076923077
0.1435273846153846
0.09533723076923077
0.02357353846153846
-0.055491692307692304
-0.13372246153846154
-0.18274707692307693
-0.19547261538461536
-0.17315076923076922
-0.1368516923076923
-0.08323753846153846
-0.013768615384615384
0.06633969230769231
0.14415323076923076
0.18525046153846153
0.20465169230769228
0.1860849230769231
0.1424843076923077
0.0974233846153846
0.03859384615384615
-0.017315076923076923
-0.08031692307692308
-0.13267938461538462
-0.15604430769230768
-0.15771323076923077
-0.12996738461538462
-0.08594953846153845
-0.03713353846153846
0.021278769230769233
0.0892873846153846
0.15500123076923078
0.21007569230769232
0.23114584615384615
0.2154996923076923
0.17565415384615385
0.11056615384615384
0.04380923076923077
-0.01981846153846154
-0.07551876923076924
-0.1097316923076923
-0.11390399999999999
-0.08386338461538462
-0.037967999999999995
0.018775384615384614
0.07113784615384615
0.10681107692307691
0.12913292307692306
0.119328
0.08740984615384616
0.033169846153846154
-0.044435076923076924
-0.10535076923076922
-0.14603076923076924
-0.1531236923076923
-0.12496061538461539
-0.08574092307692306
-0.03045784615384615
0.024199384615384616
0.0717636923076923
0.11035753846153845
0.11557292307692307
0.09721476923076922
0.061124307692307686
0.02357353846153846
-0.002086153846153846
-0.023364923076923075
-0.033169846153846154
-0.03901107692307692
-0.029832
-0.004798153846153846
0.029206153846153847
0.08344615384615384
0.12308307692307692
0.14916
0.168144
0.16856123076923077
0.1597993846153846
0.13247076923076923
0.09387692307692307
0.049233230769230765
0.0029206153846153843
-0.035464615384615386
-0.05194523076923077
-0.05298830769230769
-0.05090215384615384
-0.043600615384615383
-0.024408000000000003
0.004798153846153846
0.022530461538461537
0.028163076923076923
0.015646153846153844
-0.008970461538461538
-0.043392
-0.08574092307692306
-0.11578153846153846
-0.15333230769230768
-0.1804523076923077
-0.18212123076923076
-0.1656406153846154
-0.11640738461538462
-0.05507446153846154
-0.003129230769230769
0.04944184615384615
0.09533723076923077
0.1341396923076923
0.16334584615384617
0.15917353846153848
0.12808984615384614
0.07781353846153846
0.015228923076923076
-0.04380923076923077
-0.08949599999999999
-0.11181784615384616
-0.11411261538461538
-0.103056
-0.06133292307692308
-0.0012516923076923076
0.05319692307692307
0.09971815384615385
0.12808984615384614
0.13601723076923075
0.12662953846153846
0.103056
0.065088
0.018358153846153843
-0.030040615384615384
-0.06800861538461538
-0.08094276923076923
-0.06759138461538462
-0.047772923076923074
-0.026702769230769228
0.0025033846153846152
0.045060923076923075
0.09387692307692307
0.12913292307692306
0.1504116923076923
0.1424843076923077
0.10493353846153847
0.058829538461538454
0.013768615384615384
-0.019609846153846155
-0.05298830769230769
-0.073224
-0.06759138461538462
-0.03963692307692308
0.008344615384615384
0.059038153846153844
0.11244369230769231
0.154584
0.17231630769230769
0.16605784615384614
0.13434830769230768
0.08824430769230769
0.031918153846153846
-0.02044430769230769
-0.05778646153846154
-0.08094276923076923
-0.08386338461538462
-0.06216738461538462
-0.012308307692307691
0.055491692307692304
0.1287156923076923
0.19797599999999999
0.23949046153846154
0.24700061538461537
0.22405292307692307
0.1721076923076923
0.10389046153846154
0.031709538461538456
-0.04965046153846154
-0.12245723076923076
-0.17648861538461538
-0.20277415384615383
-0.19192615384615386
-0.16501476923076921
-0.12099692307692309
-0.058412307692307694
0.011265230769230769
0.08031692307692308
0.13226215384615383
0.15124615384615384
0.14060676923076923
0.09930092307692308
0.040262769230769234
-0.026494153846153844
-0.11494707692307692
-0.2059033846153846
-0.27328615384615385
-0.3158436923076923
-0.32836061538461536
-0.3127144615384615
-0.27599815384615384
-0.22029784615384615
-0.16418030769230768
-0.09554584615384615
-0.05757784615384615
-0.02586830769230769
0.0006258461538461538
0.026494153846153844
0.07948246153846153
0.14123261538461537
0.31646953846153847
0.32836061538461536
0.2605606153846154
0.24032492307692307
0.11578153846153846
0.09909230769230769
-0.042974769230769226
-0.21696000000000001
-0.3550633846153846
-0.4917064615384615
-0.3882332307692308
-0.3072904615384615
-0.18712800000000002
-0.07197230769230768
0.019609846153846155
0.2641070769230769
0.42891323076923077
0.5816196923076923
0.5949710769230769
0.425784
0.3116713846153846
0.11599015384615384
-0.040262769230769234
-0.19693292307692306
-0.428496
-0.512568
-0.6193790769230769
-0.6231341538461538
-0.4395526153846154
-0.28204799999999997
-0.030040615384615384
0.1656406153846154
0.2947735384615384
0.43642338461538455
0.46708984615384613
0.5054750769230769
0.4647950769230769
0.3068732307692308
0.13998092307692306
-0.04631261538461538
-0.1397723076923077
-0.2056947692307692
-0.30290953846153845
-0.34463261538461537
-0.3711267692307692
-0.2849686153846154
-0.12329169230769231
0.0002086153846153846
0.1358086153846154
0.22175815384615383
0.30416123076923074
0.40638276923076927
0.42244615384615386
0.4015846153846154
0.32335384615384616
0.1990190769230769
0.13789476923076924
0.07781353846153846
0.026494153846153844
-0.03233538461538461
-0.11035753846153845
-0.13372246153846154
-0.1558356923076923
-0.14582215384615385
-0.11828492307692307
-0.07593599999999999
0.0016689230769230767
0.03379569230769231
0.11181784615384616
0.2154996923076923
0.2618123076923077
0.30207507692307695
0.27412061538461535
0.225096
0.1858763076923077
0.10076123076923077
0.04401784615384615
-0.04088861538461538
-0.13038461538461538
-0.15124615384615384
-0.1597993846153846
-0.13309661538461537
-0.119328
-0.10096984615384616
-0.03483876923076923
0.03108369230769231
0.10368184615384615
0.14081538461538462
0.1718990769230769
0.22947692307692308
0.2438713846153846
0.23949046153846154
0.19839323076923077
0.10597661538461538
0.03921969230769231
-0.05173661538461538
-0.13038461538461538
-0.13455692307692307
-0.13247076923076923
-0.09137353846153846
-0.048816000000000005
-0.02023569230769231
0.045060923076923075
0.08991323076923076
0.1341396923076923
0.15124615384615384
0.11724184615384614
0.06404492307692307
-0.013351384615384614
-0.06341907692307691
-0.09909230769230769
-0.12850707692307692
-0.14290153846153844
-0.15667015384615385
-0.12996738461538462
-0.08073415384615384
-0.042348923076923076
0.003129230769230769
0.011891076923076923
0.0035464615384615383
0.025033846153846153
0.03129230769230769
0.019192615384615384
-0.03692492307692308
-0.11390399999999999
-0.13914646153846155
-0.13852061538461538
-0.1151556923076923
-0.07927384615384615
-0.04631261538461538
0.006675692307692307
0.06425353846153846
0.1353913846153846
0.2059033846153846
0.23782153846153845
0.2355267692307692
0.1869193846153846
0.13080184615384613
0.07948246153846153
0.013351384615384614
-0.037967999999999995
-0.09241661538461539
-0.1356
-0.13267938461538462
-0.09533723076923077
-0.00855323076923077
0.0826116923076923
0.13309661538461537
0.1777403076923077
0.2140393846153846
0.24741784615384615
0.2641070769230769
0.23135446153846154
0.17648861538461538
0.103056
0.04276615384615385
-0.0018775384615384615
-0.05674338461538461
-0.09825784615384614
-0.14060676923076923
-0.15208061538461537
-0.12767261538461538
-0.10138707692307691
-0.05862092307692307
-0.024199384615384616
0.019192615384615384
0.08490646153846154
0.14290153846153844
0.19651569230769228
0.22154953846153846
0.20819815384615384
0.16605784615384614
0.10368184615384615
0.05653476923076922
0.017732307692307693
-0.02273907692307692
-0.05820369230769231
-0.09554584615384615
-0.11140061538461538
-0.10681107692307691
-0.08657538461538461
-0.042557538461538466
-0.0006258461538461538
0.04839876923076923
0.10806276923076923
0.16042523076923076
0.19380369230769232
0.18170399999999998
0.14999446153846155
0.12099692307692309
0.07697907692307693
0.02586830769230769
-0.04214030769230769
-0.12454338461538461
-0.18900553846153845
-0.23469230769230767
-0.25555384615384613
-0.2578486153846154
-0.24574892307692306
-0.20152246153846154
-0.14164984615384615
-0.06613107692307692
0.016272
0.09033046153846153
0.15416676923076922
0.18796246153846152
0.19568123076923075
0.1794092307692308
0.13038461538461538
0.05716061538461538
-0.03692492307692308
-0.12621230769230768
-0.18879692307692306
-0.23761292307692305
-0.2453316923076923
-0.21883753846153844
-0.17002153846153847
-0.0853236923076923
0.006884307692307692
0.10555938461538462
0.1927606153846154
0.2561796923076923
0.2997803076923077
0.3133403076923077
0.2999889230769231
0.2411593846153846
0.13914646153846155
0.02795446153846154
-0.06759138461538462
-0.14290153846153844
-0.19296923076923078
-0.22780799999999998
-0.24345415384615382
-0.2157083076923077
-0.16084246153846155
-0.07197230769230768
0.02273907692307692
0.09721476923076922
0.15562707692307692
0.18316430769230768
0.20006215384615383
0.19463815384615382
0.1489513846153846
0.07238953846153846
-0.023990769230769232
-0.10952307692307692
-0.17231630769230769
-0.22175815384615383
-0.25367630769230765
-0.2655673846153846
-0.2503384615384615
-0.20423446153846153
-0.13455692307692307
-0.055491692307692304
0.007510153846153846
0.05820369230769231
0.0936683076923077
0.11473846153846154
0.124752
0.11432123076923076
0.08615815384615384
0.04380923076923077
0.008136
-0.02044430769230769
-0.04735569230769231
-0.07551876923076924
-0.1028473846153846
-0.11223507692307692
-0.09596307692307693
-0.05298830769230769
0.0004172307692307692
0.05444861538461539
0.09575446153846154
0.12913292307692306
0.16647507692307692
0.1846246153846154
0.1800350769230769
0.14957723076923077
0.08887015384615385
0.03358707692307692
-0.008344615384615384
-0.03901107692307692
-0.051319384615384614
-0.06258461538461538
-0.05194523076923077
-0.023990769230769232
0.0012516923076923076
0.05090215384615384
0.08761846153846153
0.09700615384615385
0.10055261538461538
0.10117846153846152
0.12099692307692309
0.12412615384615384
0.09304246153846155
0.04714707692307692
-0.006675692307692307
-0.03921969230769231
-0.05403138461538461
-0.06258461538461538
-0.06863446153846153
-0.08094276923076923
-0.06362769230769232
-0.013142769230769229
0.04985907692307692
0.10806276923076923
0.13309661538461537
0.1424843076923077
0.14728246153846153
0.14290153846153844
0.12204
0.06738276923076922
0.0018775384615384615
-0.051319384615384614
-0.086784
-0.08949599999999999
-0.06967753846153846
-0.04047138461538462
-0.008970461538461538
0.03066646153846154
0.07238953846153846
0.11432123076923076
0.15354092307692307
0.15875630769230767
0.130176
0.08219446153846154
0.03275261538461539
-0.018775384615384614
-0.08010830769230769
-0.13914646153846155
-0.184416
-0.21654276923076923
-0.21716861538461538
-0.18086953846153844
-0.13247076923076923
-0.07677046153846154
-0.029206153846153847
0.017523692307692306
0.065088
0.08907876923076924
0.09053907692307692
0.05862092307692307
0.015646153846153844
-0.02899753846153846
-0.07280676923076923
-0.10535076923076922
-0.1353913846153846
-0.1422756923076923
-0.13267938461538462
-0.0961716923076923
-0.03108369230769231
0.03775938461538462
0.10180430769230768
0.15896492307692306
0.20256553846153844
0.22780799999999998
0.2290596923076923
0.20861538461538462
0.18149538461538461
0.1422756923076923
0.09575446153846154
0.04714707692307692
0.012934153846153845
-0.011473846153846154
-0.03588184615384615
-0.04631261538461538
-0.042557538461538466
-0.019609846153846155
0.005632615384615384
0.01940123076923077
0.03650769230769231
0.06028984615384615
0.08782707692307692
0.12412615384615384
0.14936861538461538
0.16188553846153847
0.15938215384615384
0.13914646153846155
0.11807630769230769
0.08699261538461538
0.04631261538461538
0.0002086153846153846
-0.033169846153846154
-0.05757784615384615
-0.08386338461538462
-0.09304246153846155
-0.0880356923076923
-0.06341907692307691
-0.016897846153846156
0.041514461538461535
0.10743692307692307
0.16292861538461537
0.19755876923076923
0.2140393846153846
0.20652923076923077
0.17690584615384616
0.11640738461538462
0.040262769230769234
-0.035464615384615386
-0.11578153846153846
-0.17419384615384614
-0.21132738461538458
-0.22718215384615387
-0.21779446153846155
-0.19714153846153845
-0.14957723076923077
-0.08219446153846154
-0.008344615384615384
0.06571384615384615
0.1136953846153846
0.15103753846153847
0.1783661538461538
0.18379015384615385
0.16626646153846153
0.11640738461538462
0.05277969230769231
-0.014394461538461538
-0.07155507692307693
-0.10472492307692308
-0.11703323076923078
-0.11452984615384615
-0.09804923076923076
-0.059664
-0.0035464615384615383
0.05945538461538461
0.10994030769230768
0.14811692307692306
0.1704387692307692
0.17523692307692307
0.18212123076923076
0.18399876923076922
0.1787833846153846
0.15813046153846153
0.11911938461538461
0.07238953846153846
0.011265230769230769
-0.03963692307692308
-0.0936683076923077
-0.15228923076923076
-0.20173107692307693
-0.2411593846153846
-0.2415766153846154
-0.20673784615384616
-0.16584923076923075
-0.1289243076923077
-0.1178676923076923
-0.11974523076923077
-0.146448
-0.208824
-0.1696043076923077
-0.092208
0.05298830769230769
0.26640184615384616
0.4472713846153846
0.6700726153846154
0.8413458461538461
0.9569187692307691
0.986124923076923
0.8532369230769231
0.6097827692307692
0.31000246153846156
0.012308307692307691
-0.23239753846153846
-0.4593710769230769
-0.6391975384615384
-0.7232695384615385
-0.7019907692307692
-0.5257107692307692
-0.29832
-0.05528307692307692
0.15082892307692305
0.26723630769230766
0.3698750769230769
0.36403384615384615
0.3060387692307692
0.18086953846153844
-0.056951999999999996
-0.23052
-0.38030584615384616
-0.42891323076923077
-0.3623649230769231
-0.27558092307692306
-0.12725538461538463
-0.009804923076923077
0.05757784615384615
0.12975876923076923
0.12850707692307692
0.08115138461538463
0.0077187692307692304
-0.08490646153846154
-0.08949599999999999
-0.03108369230769231
0.09596307692307693
0.2273907692307692
0.27558092307692306
0.28434276923076923
0.23177169230769232
0.14749107692307692
0.040679999999999994
-0.1314276923076923
-0.2920615384615385
-0.44581107692307687
-0.5542910769230769
-0.566808
-0.5659735384615384
-0.5129852307692307
-0.4228633846153846
-0.2979027692307692
-0.0961716923076923
0.1316363076923077
0.3619476923076923
0.5501187692307692
0.6279323076923077
0.5922590769230769
0.4554073846153846
0.22405292307692307
-0.06988615384615385
-0.38426953846153844
-0.6258461538461538
-0.7412104615384615
-0.703451076923077
-0.5165316923076922
-0.23761292307692305
0.09658892307692307
0.40742584615384614
0.6679864615384614
0.8536541538461538
0.9108147692307692
0.856992
0.7026166153846154
0.4823187692307692
0.24762646153846155
0.005632615384615384
-0.20715507692307691
-0.36340799999999995
-0.4698018461538461
-0.5094387692307691
-0.4877427692307692
-0.39115384615384613
-0.23969907692307693
-0.06821723076923077
0.11473846153846154
0.25388492307692306
0.3554806153846154
0.39261415384615383
0.3392086153846154
0.2453316923076923
0.10013538461538461
-0.04756430769230769
-0.15750461538461538
-0.2526332307692308
-0.28121353846153846
-0.26076923076923075
-0.2127876923076923
-0.12162276923076921
-0.03358707692307692
0.040679999999999994
0.08720123076923077
0.09971815384615385
0.10764553846153846
0.1097316923076923
0.11202646153846153
0.11181784615384616
0.10263876923076923
0.10243015384615384
0.11056615384615384
0.13706030769230768
0.15959076923076923
0.14311015384615386
0.10159569230769232
0.034630153846153845
-0.04860738461538461
-0.13330523076923076
-0.22405292307692307
-0.30270092307692303
-0.35256
-0.3652855384615385
-0.317304
-0.22697353846153845
-0.119328
-0.0025033846153846152
0.09304246153846155
0.1718990769230769
0.23344061538461539
0.25430215384615384
0.22697353846153845
0.1489513846153846
0.03483876923076923
-0.0934596923076923
-0.20173107692307693
-0.2776670769230769
-0.32564861538461537
-0.32564861538461537
-0.28851507692307693
-0.20402584615384614
-0.06592246153846154
0.07823076923076923
0.2154996923076923
0.3160523076923077
0.3713353846153846
0.3880246153846154
0.344424
0.26452430769230767
0.16292861538461537
0.040262769230769234
-0.06279323076923077
-0.116616
-0.11599015384615384
-0.07697907692307693
-0.026911384615384615
0.030040615384615384
0.06946892307692307
0.0897046153846154
0.07843938461538462
0.027328615384615382
-0.037967999999999995
-0.11494707692307692
-0.1733593846153846
-0.18754523076923074
-0.1597993846153846
-0.09095630769230768
-0.0002086153846153846
0.10743692307692307
0.23761292307692305
0.35318584615384613
0.44455938461538463
0.49316676923076924
0.482736
0.4276615384615384
0.32836061538461536
0.19338646153846153
0.038176615384615385
-0.11035753846153845
-0.23260615384615385
-0.31918153846153846
-0.34317230769230767
-0.30207507692307695
-0.21737723076923077
-0.09158215384615384
0.05111076923076923
0.18232984615384615
0.28663753846153844
0.3248141538461538
0.292896
0.20047938461538461
0.06446215384615385
-0.06738276923076922
-0.19588984615384614
-0.30270092307692303
-0.3750904615384615
-0.41326707692307696
-0.3813489230769231
-0.2993630769230769
-0.17273353846153844
-0.028788923076923077
0.10430769230769231
0.2209236923076923
0.3012406153846154
0.3513083076923077
0.3481790769230769
0.29352184615384613
0.21111876923076925
0.10848000000000001
0.01043076923076923
-0.06216738461538462
-0.11244369230769231
-0.13455692307692307
-0.12808984615384614
-0.0936683076923077
-0.040679999999999994
0.003129230769230769
0.03233538461538461
0.041514461538461535
0.0446436923076923
0.05528307692307692
0.06675692307692307
0.07092923076923077
0.06028984615384615
0.051319384615384614
0.06154153846153846
0.07656184615384615
0.09158215384615384
0.0974233846153846
0.07134646153846153
0.029623384615384614
-0.011891076923076923
-0.03859384615384615
-0.054240000000000003
-0.07531015384615385
-0.09304246153846155
-0.09846646153846153
-0.08448923076923077
-0.03629907692307692
0.03609046153846154
0.1045163076923077
0.16209415384615386
0.20715507692307691
0.24428861538461538
0.26535876923076923
0.24908676923076922
0.19714153846153845
0.10806276923076923
0.014185846153846153
-0.06341907692307691
-0.11724184615384614
-0.14519630769230768
-0.16897846153846155
-0.16230276923076925
-0.12287446153846153
-0.055491692307692304
0.02482523076923077
0.07677046153846154
0.103056
0.10347323076923076
0.07739630769230768
0.04214030769230769
-0.010639384615384617
-0.07843938461538462
-0.14540492307692307
-0.19505538461538463
-0.19714153846153845
-0.1597993846153846
-0.09554584615384615
-0.01668923076923077
0.06800861538461538
0.15646153846153846
0.2355267692307692
0.29101846153846156
0.30416123076923074
0.2591003076923077
0.1777403076923077
0.08720123076923077
0.0016689230769230767
-0.058412307692307694
-0.10535076923076922
-0.12934153846153845
-0.124752
-0.09700615384615385
-0.05069353846153846
-0.01397723076923077
0.0006258461538461538
-0.0012516923076923076
-0.010013538461538461
-0.019609846153846155
-0.024199384615384616
-0.029414769230769227
-0.03650769230769231
-0.043600615384615383
-0.033169846153846154
-0.016063384615384615
-0.0043809230769230765
-0.006884307692307692
-0.029623384615384614
-0.04652123076923077
-0.05924676923076923
-0.06592246153846154
-0.07426707692307692
-0.09658892307692307
-0.11828492307692307
-0.12329169230769231
-0.10013538461538461
-0.04214030769230769
0.034630153846153845
0.11390399999999999
0.19505538461538463
0.26723630769230766
0.330864
0.3748818461538461
0.37613353846153846
0.33002953846153843
0.24032492307692307
0.12579507692307693
0.011265230769230769
-0.09992676923076924
-0.2059033846153846
-0.2993630769230769
-0.34880492307692307
-0.3408775384615384
-0.2828824615384615
-0.1777403076923077
-0.06049846153846154
0.05298830769230769
0.15208061538461537
0.22718215384615387
0.2697396923076923
0.25200738461538463
0.16772676923076923
0.04088861538461538
-0.09325107692307691
-0.21237046153846154
-0.2997803076923077
-0.355272
-0.36257353846153845
-0.31354892307692306
-0.20819815384615384
-0.06216738461538462
0.09033046153846153
0.22154953846153846
0.31646953846153847
0.3821833846153846
0.40930338461538457
0.3972036923076923
0.3392086153846154
0.23218892307692307
0.0974233846153846
-0.044435076923076924
-0.16793538461538463
-0.2540935384615385
-0.30207507692307695
-0.32043323076923075
-0.3031181538461538
-0.23969907692307693
-0.1368516923076923
-0.012308307692307691
0.10013538461538461
0.18066092307692305
0.22300984615384614
0.23177169230769232
0.2221753846153846
0.19526400000000002
0.15646153846153846
0.09658892307692307
0.03609046153846154
-0.008136
-0.03880246153846154
-0.04839876923076923
-0.05945538461538461
-0.078648
-0.09596307692307693
-0.103056
-0.09596307692307693
-0.08198584615384615
-0.06279323076923077
-0.030040615384615384
0.01710646153846154
0.07489292307692308
0.13768615384615385
0.1873366153846154
0.21111876923076925
0.21132738461538458
0.18879692307692306
0.14144123076923076
0.07134646153846153
-0.010013538461538461
-0.09763200000000001
-0.18379015384615385
-0.2482523076923077
-0.28204799999999997
-0.26911384615384615
-0.23072861538461537
-0.17523692307692307
-0.09179076923076923
0.0077187692307692304
0.11286092307692308
0.18858830769230767
0.22572184615384616
0.21925476923076925
0.1804523076923077
0.12016246153846154
0.03901107692307692
-0.04693846153846153
-0.13184492307692308
-0.1927606153846154
-0.21007569230769232
-0.18525046153846153
-0.12412615384615384
-0.05027630769230769
0.015228923076923076
0.0826116923076923
0.14102399999999998
0.18358153846153846
0.208824
0.200688
0.17502830769230768
0.1368516923076923
0.09450276923076922
0.06216738461538462
0.02545107692307692
-0.014394461538461538
-0.045060923076923075
-0.05799507692307692
-0.05757784615384615
-0.06362769230769232
-0.06926030769230769
-0.07197230769230768
-0.07405846153846153
-0.07781353846153846
-0.07092923076923077
-0.04547815384615384
-0.024408000000000003
-0.0070929230769230765
0.013351384615384614
0.04714707692307692
0.08198584615384615
0.11202646153846153
0.13914646153846155
0.15124615384615384
0.14999446153846155
0.12642092307692307
0.08636676923076922
0.03212676923076923
-0.04380923076923077
-0.11911938461538461
-0.18107815384615383
-0.21779446153846155
-0.21091015384615383
-0.20652923076923077
-0.17252492307692308
-0.08574092307692306
0.02795446153846154
0.18170399999999998
0.32043323076923075
0.4297476923076923
0.48941169230769227
0.5004683076923077
0.4539470769230769
0.33962584615384617
0.18191261538461537
0.004798153846153846
-0.17440246153846153
-0.3275261538461538
-0.4228633846153846
-0.46938461538461534
-0.42995630769230764
-0.3588184615384616
-0.23907323076923076
-0.07677046153846154
0.08761846153846153
0.2789187692307692
0.4109723076923077
0.4925409230769231
0.48044123076923073
0.3846867692307692
0.2860116923076923
0.13768615384615385
-0.020027076923076922
-0.1867107692307692
-0.32585723076923073
-0.37655076923076924
-0.3784283076923077
-0.2937304615384615
-0.15416676923076922
-0.015854769230769228
0.15208061538461537
0.28163076923076924
0.3550633846153846
0.3757163076923077
0.30061476923076924
0.21612553846153845
0.11223507692307692
-0.0035464615384615383
-0.08782707692307692
-0.1718990769230769
-0.2073636923076923
-0.2127876923076923
-0.206112
-0.16835261538461538
-0.12329169230769231
-0.05236246153846154
0.029414769230769227
0.09012184615384615
0.1424843076923077
0.15687876923076924
0.1558356923076923
0.1462393846153846
0.12016246153846154
0.09784061538461537
0.06633969230769231
0.05590892307692308
0.06863446153846153
0.07677046153846154
0.08469784615384615
0.08574092307692306
0.06905169230769231
0.048816000000000005
0.0029206153846153843
-0.05236246153846154
-0.08615815384615384
-0.10076123076923077
-0.07197230769230768
-0.019192615384615384
0.05090215384615384
0.13309661538461537
0.20360861538461536
0.2557624615384615
0.26097784615384617
0.2209236923076923
0.14561353846153846
0.04526953846153846
-0.045060923076923075
-0.11995384615384615
-0.18712800000000002
-0.22655630769230767
-0.22593046153846155
-0.18128676923076922
-0.10639384615384614
-0.02044430769230769
0.07343261538461537
0.14185846153846154
0.19067446153846154
0.21862892307692305
0.21007569230769232
0.1779489230769231
0.11411261538461538
0.030040615384615384
-0.06300184615384616
-0.1397723076923077
-0.18629353846153843
-0.2140393846153846
-0.21132738461538458
-0.1779489230769231
-0.11286092307692308
-0.011473846153846154
0.10243015384615384
0.20527753846153846
0.26681907692307694
0.2701569230769231
0.23636123076923077
0.17148184615384612
0.08219446153846154
-0.017315076923076923
-0.11557292307692307
-0.1942209230769231
-0.23239753846153846
-0.233232
-0.19839323076923077
-0.1395636923076923
-0.07384984615384615
-0.0016689230769230767
0.06154153846153846
0.11411261538461538
0.13935507692307691
0.12725538461538463
0.08824430769230769
0.04109723076923077
0.009387692307692307
-0.01710646153846154
-0.03504738461538461
-0.041514461538461535
-0.04944184615384615
-0.05048492307692308
-0.05048492307692308
-0.05736923076923077
-0.06759138461538462
-0.08010830769230769
-0.08365476923076923
-0.09554584615384615
-0.11452984615384615
-0.12162276923076921
-0.11953661538461538
-0.09825784615384614
-0.06383630769230769
-0.021904615384615383
0.02482523076923077
0.056951999999999996
0.07009476923076922
0.06279323076923077
0.03859384615384615
0.015646153846153844
-0.016063384615384615
-0.05716061538461538
-0.08699261538461538
-0.11181784615384616
-0.11265230769230769
-0.09471138461538461
-0.06905169230769231
-0.026285538461538457
0.015646153846153844
0.06821723076923077
0.12350030769230769
0.16188553846153847
0.18170399999999998
0.17252492307692308
0.15270646153846154
0.11891076923076922
0.07092923076923077
0.025659692307692307
-0.023364923076923075
-0.06529661538461538
-0.084072
-0.07030338461538461
-0.027328615384615382
0.02273907692307692
0.07635323076923077
0.12808984615384614
0.16584923076923075
0.19380369230769232
0.19755876923076923
0.16501476923076921
0.10576799999999999
0.02357353846153846
-0.05048492307692308
-0.1028473846153846
-0.14123261538461537
-0.15896492307692306
-0.1693956923076923
-0.15333230769230768
-0.11202646153846153
-0.05590892307692308
0.006049846153846154
0.04526953846153846
0.06738276923076922
0.07343261538461537
0.0717636923076923
0.06467076923076923
0.047772923076923074
0.023364923076923075
0.0014603076923076922
-0.015646153846153844
-0.022530461538461537
-0.02357353846153846
-0.03504738461538461
-0.05277969230769231
-0.07134646153846153
-0.07280676923076923
-0.05444861538461539
-0.018775384615384614
0.013768615384615384
0.03567323076923076
0.06404492307692307
0.08386338461538462
0.10409907692307692
0.11432123076923076
0.10117846153846152
0.078648
0.04985907692307692
0.027745846153846152
0.006049846153846154
-0.008761846153846153
-0.024616615384615383
-0.040679999999999994
-0.040054153846153843
-0.025659692307692307
0.010013538461538461
0.042348923076923076
0.06613107692307692
0.08323753846153846
0.09596307692307693
0.11202646153846153
0.11682461538461539
0.11724184615384614
0.1028473846153846
0.06738276923076922
0.02899753846153846
-0.0033378461538461535
-0.033169846153846154
-0.06759138461538462
-0.09575446153846154
-0.10368184615384615
-0.09450276923076922
-0.065088
-0.02858030769230769
0.007301538461538462
0.04214030769230769
0.065088
0.08866153846153846
0.10222153846153846
0.09763200000000001
0.07301538461538462
0.044435076923076924
0.03337846153846154
0.03609046153846154
0.04631261538461538
0.05799507692307692
0.07364123076923076
0.08782707692307692
0.09533723076923077
0.092208
0.07510153846153846
0.046104
0.016897846153846156
0.005424
0.0012516923076923076
0.0025033846153846152
0.006258461538461538
0.006884307692307692
0.013351384615384614
0.018358153846153843
0.029623384615384614
0.03755076923076923
0.03358707692307692
0.018358153846153843
-0.003963692307692307
-0.02232184615384615
-0.03921969230769231
-0.06195876923076923
-0.09304246153846155
-0.12391753846153845
-0.15667015384615385
-0.17628
-0.18232984615384615
-0.17440246153846153
-0.14978584615384616
-0.1136953846153846
-0.052571076923076915
0.022530461538461537
0.1045163076923077
0.16647507692307692
0.18775384615384613
0.17961784615384613
0.1424843076923077
0.0880356923076923
0.01814953846153846
-0.06028984615384615
-0.12600369230769232
-0.16689230769230767
-0.16897846153846155
-0.12370892307692308
-0.04693846153846153
0.056326153846153845
0.17419384615384614
0.28163076923076924
0.37592492307692305
0.41973415384615387
0.4047138461538461
0.3369138461538461
0.2194633846153846
0.09387692307692307
-0.03337846153846154
-0.1449876923076923
-0.22405292307692307
-0.268488
-0.26640184615384616
-0.20652923076923077
-0.10368184615384615
0.017315076923076923
0.13768615384615385
0.23010276923076922
0.29185292307692307
0.314592
0.2914356923076923
0.23010276923076922
0.13393107692307693
0.018358153846153843
-0.09053907692307692
-0.1706473846153846
-0.21591692307692306
-0.23156307692307693
-0.20924123076923076
-0.14749107692307692
-0.053405538461538456
0.048816000000000005
0.13455692307692307
0.19797599999999999
0.2157083076923077
0.1942209230769231
0.15374953846153847
0.09992676923076924
0.03567323076923076
-0.03755076923076923
-0.09825784615384614
-0.13601723076923075
-0.143736
-0.11953661538461538
-0.08323753846153846
-0.04422646153846154
-0.006258461538461538
0.03400430769230769
0.06967753846153846
0.086784
0.07781353846153846
0.040054153846153843
-0.011056615384615385
-0.05069353846153846
-0.07510153846153846
-0.08594953846153845
-0.09408553846153846
-0.09700615384615385
-0.07739630769230768
-0.043600615384615383
0.003129230769230769
0.04693846153846153
0.07781353846153846
0.09053907692307692
0.08845292307692308
0.084072
0.07739630769230768
0.06759138461538462
0.05298830769230769
0.04318338461538461
0.0446436923076923
0.04652123076923077
0.03921969230769231
0.024199384615384616
-0.005424
-0.04276615384615385
-0.08010830769230769
-0.11494707692307692
-0.14081538461538462
-0.15124615384615384
-0.13622584615384614
-0.09387692307692307
-0.026076923076923077
0.061124307692307686
0.15249784615384615
0.22718215384615387
0.2832996923076923
0.3127144615384615
0.31083692307692307
0.27599815384615384
0.2073636923076923
0.11202646153846153
0.008136
-0.07823076923076923
-0.13998092307692306
-0.16584923076923075
-0.1666836923076923
-0.1341396923076923
-0.06383630769230769
0.031709538461538456
0.14436184615384615
0.24637476923076923
0.3243969230769231
0.36319938461538465
0.3659113846153846
0.32231076923076923
0.2273907692307692
0.09137353846153846
-0.07823076923076923
-0.23803015384615384
-0.368832
-0.46104
-0.5000510769230769
-0.48565661538461535
-0.4151446153846154
-0.2979027692307692
-0.1489513846153846
0.013351384615384614
0.15249784615384615
0.2436627692307692
0.28392553846153845
0.2709913846153846
0.21716861538461538
0.12808984615384614
0.015020307692307692
-0.10138707692307691
-0.2059033846153846
-0.2726603076923077
-0.29227015384615385
-0.2680707692307692
-0.208824
-0.13914646153846155
-0.054240000000000003
0.04652123076923077
0.1435273846153846
0.22467876923076924
0.2647329230769231
0.2707827692307692
0.2601433846153846
0.23844738461538462
0.2073636923076923
0.16167692307692308
0.10952307692307692
0.05069353846153846
0.0022947692307692304
-0.028788923076923077
-0.058829538461538454
-0.08428061538461538
-0.11640738461538462
-0.14060676923076923
-0.15333230769230768
-0.16730953846153845
-0.18212123076923076
-0.2221753846153846
-0.2574313846153846
-0.2799618461538461
-0.2807963076923077
-0.2582658461538461
-0.22280123076923075
-0.17085599999999998
-0.09074769230769231
0.050067692307692306
0.2730775384615384
0.5188264615384615
0.6825895384615384
0.8298719999999999
0.9051821538461539
0.9398123076923076
0.8997581538461538
0.6723673846153846
0.3588184615384616
-0.08344615384615384
-0.5038061538461538
-0.8786879999999999
-1.2137243076923077
-1.3904215384615384
-1.4615593846153845
-1.2846535384615385
-0.8887015384615384
-0.3375396923076923
0.3275261538461538
0.9060166153846154
1.3973058461538461
1.6945827692307691
1.7454849230769232
1.5886061538461538
1.1513483076923077
0.5634701538461538
-0.10994030769230768
-0.8165206153846154
-1.3428572307692306
-1.6937483076923074
-1.8168313846153845
-1.6860295384615382
-1.395636923076923
-0.8995495384615385
-0.31542646153846154
0.31188
0.9308418461538461
1.3670566153846153
1.6226104615384613
1.6612043076923075
1.4951464615384615
1.180345846153846
0.6857187692307692
0.10326461538461539
-0.4917064615384615
-1.0205464615384614
-1.365804923076923
-1.5591913846153844
-1.5667015384615386
-1.397931692307692
-1.0975255384615386
-0.6554695384615384
-0.16626646153846153
0.3133403076923077
0.7330744615384615
1.0309772307692309
1.2335427692307692
1.32888
1.2788123076923077
1.093561846153846
0.7689563076923076
0.36319938461538465
-0.07051199999999999
-0.5023458461538461
-0.8761846153846153
-1.1615704615384614
-1.3121907692307693
-1.3213698461538463
-1.168246153846154
-0.8359218461538461
-0.38531261538461536
0.15124615384615384
0.6963581538461538
1.1761735384615384
1.557313846153846
1.743398769230769
1.717739076923077
1.4657316923076924
0.9996849230769231
0.4314166153846154
-0.1783661538461538
-0.7526843076923077
-1.2327083076923075
-1.5815132307692306
-1.7333852307692308
-1.658700923076923
-1.3655963076923077
-0.9064338461538461
-0.3425464615384616
0.27182584615384614
0.8517766153846155
1.3240818461538462
1.6324153846153846
1.709603076923077
1.546465846153846
1.1736701538461538
0.6446215384615385
0.06571384615384615
-0.5008855384615384
-0.9944695384615384
-1.3439003076923077
-1.5266473846153845
-1.4859673846153845
-1.2218603076923076
-0.7881489230769231
-0.24992123076923078
0.292896
0.7891919999999999
1.174296
1.3914646153846153
1.4388203076923076
1.2992566153846152
1.0003107692307691
0.6016467692307692
0.16710092307692306
-0.22989415384615383
-0.5674338461538462
-0.8092190769230769
-0.9381433846153846
-0.9581704615384615
-0.8482301538461539
-0.6431612307692307
-0.3886504615384615
-0.12767261538461538
0.09763200000000001
0.29769415384615383
0.47001046153846154
0.5822455384615384
0.6285581538461538
0.5855833846153846
0.4831532307692308
0.3548547692307692
0.19609846153846153
0.029414769230769227
-0.1462393846153846
-0.3210590769230769
-0.4725138461538462
-0.5809938461538461
-0.6300184615384615
-0.6170843076923077
-0.5413569230769231
-0.4109723076923077
-0.2411593846153846
-0.03421292307692308
0.19588984615384614
0.4222375384615385
0.6216738461538461
0.751224
0.7964935384615384
0.7576910769230769
0.6329390769230769
0.44581107692307687
0.20715507692307691
-0.05570030769230769
-0.29644246153846154
-0.48044123076923073
-0.5809938461538461
-0.5991433846153846
-0.5434430769230769
-0.4049224615384615
-0.20840676923076923
0.017315076923076923
0.23636123076923077
0.4109723076923077
0.5305089230769231
0.5734836923076922
0.5578375384615384
0.4812756923076923
0.35235138461538457
0.20381723076923075
0.053614153846153846
-0.06946892307692307
-0.16480615384615382
-0.21111876923076925
-0.20715507692307691
-0.16063384615384615
-0.08010830769230769
0.0035464615384615383
0.07426707692307692
0.10931446153846153
0.11181784615384616
0.08991323076923076
0.052571076923076915
0.010639384615384617
-0.02586830769230769
-0.03629907692307692
-0.03150092307692308
-0.008136
0.03692492307692308
0.08740984615384616
0.12996738461538462
0.14018953846153845
0.11849353846153846
0.06425353846153846
-0.01043076923076923
-0.08761846153846153
-0.1718990769230769
-0.24700061538461537
-0.29748553846153847
-0.3047870769230769
-0.2578486153846154
-0.16271999999999998
-0.040262769230769234
0.08949599999999999
0.21216184615384615
0.3206418461538461
0.3980381538461538
0.412224
0.35860984615384617
0.23072861538461537
0.06008123076923077
-0.11640738461538462
-0.28204799999999997
-0.4178566153846154
-0.523416
-0.5636787692307692
-0.5106904615384615
-0.38280923076923074
-0.19881046153846152
0.003963692307692307
0.19714153846153845
0.36215630769230767
0.4585366153846154
0.4866996923076923
0.43621476923076924
0.29748553846153847
0.10910584615384614
-0.1028473846153846
-0.29352184615384613
-0.42995630769230764
-0.5069353846153847
-0.5079784615384615
-0.44581107692307687
-0.3346190769230769
-0.1792006153846154
-0.012099692307692308
0.14686523076923075
0.26640184615384616
0.328152
0.3473446153846154
0.3239796923076923
0.2753723076923077
0.20924123076923076
0.1314276923076923
0.05653476923076922
-0.0012516923076923076
-0.022530461538461537
-0.03233538461538461
-0.03984553846153846
-0.042974769230769226
-0.044435076923076924
-0.035255999999999996
-0.018983999999999997
0.0012516923076923076
0.024408000000000003
0.04735569230769231
0.07697907692307693
0.12224861538461537
0.16438892307692307
0.19651569230769228
0.20381723076923075
0.1802436923076923
0.13914646153846155
0.07468430769230769
-0.005424
-0.10117846153846152
-0.20131384615384615
-0.2814221538461538
-0.3314898461538462
-0.3342018461538461
-0.2899753846153846
-0.21174461538461536
-0.09658892307692307
0.034630153846153845
0.17252492307692308
0.2995716923076923
0.3882332307692308
0.43287692307692305
0.4080516923076923
0.3269003076923077
0.2059033846153846
0.05486584615384615
-0.09700615384615385
-0.23198030769230768
-0.3248141538461538
-0.3588184615384616
-0.33524492307692305
-0.25388492307692306
-0.13247076923076923
0.001043076923076923
0.13184492307692308
0.2426196923076923
0.3277347692307692
0.3675803076923077
0.3467187692307692
0.2805876923076923
0.1704387692307692
0.040262769230769234
-0.07948246153846153
-0.1860849230769231
-0.26619323076923074
-0.31041969230769234
-0.30749907692307693
-0.25471938461538457
-0.17002153846153847
-0.06300184615384616
0.04547815384615384
0.13852061538461538
0.22718215384615387
0.2989458461538462
0.3291950769230769
0.31250584615384613
0.23761292307692305
0.1397723076923077
0.043392
-0.04693846153846153
-0.10576799999999999
-0.15166338461538462
-0.16438892307692307
-0.13643446153846153
-0.08177723076923075
0.0050067692307692304
0.09679753846153846
0.1775316923076923
0.23093723076923076
0.2601433846153846
0.26535876923076923
0.23448369230769228
0.16647507692307692
0.07092923076923077
-0.03588184615384615
-0.13121907692307694
-0.20486030769230767
-0.25993476923076925
-0.2891409230769231
-0.28809784615384615
-0.24741784615384615
-0.17628
-0.08574092307692306
0.02044430769230769
0.11682461538461539
0.18212123076923076
0.214248
0.22447015384615385
0.21132738461538458
0.1506203076923077
0.05069353846153846
-0.06362769230769232
-0.17669723076923077
-0.26494153846153845
-0.3319070769230769
-0.371544
-0.3734215384615384
-0.3513083076923077
-0.2912270769230769
-0.1927606153846154
-0.08323753846153846
0.02524246153846154
0.11578153846153846
0.18858830769230767
0.24074215384615386
0.27140861538461536
0.27620676923076926
0.23823876923076923
0.1718990769230769
0.08219446153846154
-0.014185846153846153
-0.10409907692307692
-0.17815753846153848
-0.22718215384615387
-0.25764
-0.24992123076923078
-0.1873366153846154
-0.09471138461538461
0.006675692307692307
0.10681107692307691
0.18983999999999998
0.25471938461538457
0.28392553846153845
0.2764153846153846
0.2422024615384615
0.1800350769230769
0.1136953846153846
0.04819015384615385
-0.006258461538461538
-0.04130584615384615
-0.07510153846153846
-0.08991323076923076
-0.08636676923076922
-0.06613107692307692
-0.03275261538461539
-0.008344615384615384
0.023364923076923075
0.05403138461538461
0.08177723076923075
0.10806276923076923
0.11953661538461538
0.12350030769230769
0.1136953846153846
0.09846646153846153
0.08866153846153846
0.07405846153846153
0.059038153846153844
0.0446436923076923
0.03108369230769231
0.015646153846153844
-0.002712
-0.014185846153846153
-0.023990769230769232
-0.03400430769230769
-0.045060923076923075
-0.05298830769230769
-0.03901107692307692
-0.014394461538461538
0.013768615384615384
0.047981538461538464
0.07948246153846153
0.11870215384615385
0.16418030769230768
0.19693292307692306
0.20298276923076922
0.18712800000000002
0.15750461538461538
0.12683815384615382
0.09053907692307692
0.03775938461538462
-0.026285538461538457
-0.09241661538461539
-0.14519630769230768
-0.1867107692307692
-0.20798953846153845
-0.21049292307692305
-0.19213476923076922
-0.14749107692307692
-0.0826116923076923
-0.008970461538461538
0.06195876923076923
0.11703323076923078
0.14936861538461538
0.16167692307692308
0.14728246153846153
0.1097316923076923
0.04109723076923077
-0.03567323076923076
-0.11286092307692308
-0.1792006153846154
-0.20715507692307691
-0.21132738461538458
-0.19609846153846153
-0.1543753846153846
-0.1097316923076923
-0.04547815384615384
0.025033846153846153
0.06258461538461538
0.10722830769230769
0.12433476923076923
0.1476996923076923
0.16209415384615386
0.14874276923076923
0.12704676923076924
0.08699261538461538
0.04985907692307692
0.04276615384615385
0.13601723076923075
0.07823076923076923
-0.018775384615384614
-0.035464615384615386
-0.12454338461538461
-0.045895384615384616
-0.016063384615384615
-0.13914646153846155
-0.2090326153846154
-0.2828824615384615
-0.1867107692307692
-0.03588184615384615
0.03650769230769231
0.07802215384615384
0.06008123076923077
0.1779489230769231
0.3116713846153846
0.38948492307692306
0.3387913846153846
0.10368184615384615
-0.04652123076923077
-0.18921415384615384
-0.25513661538461535
-0.2438713846153846
-0.33002953846153843
-0.2828824615384615
-0.24908676923076922
-0.19150892307692308
0.04276615384615385
0.1462393846153846
0.26160369230769226
0.3442153846153846
0.26535876923076923
0.24595753846153845
0.192552
0.15833907692307692
0.1612596923076923
0.04214030769230769
-0.05194523076923077
-0.111192
-0.08761846153846153
0.00855323076923077
0.021487384615384613
0.014603076923076923
-0.026494153846153844
0.008970461538461538
0.1356
0.1760713846153846
0.1883796923076923
0.14957723076923077
0.09679753846153846
0.15667015384615385
0.1785747692307692
0.18212123076923076
0.17648861538461538
0.09471138461538461
0.10994030769230768
0.13998092307692306
0.12433476923076923
0.11452984615384615
0.04214030769230769
-0.026285538461538457
-0.05653476923076922
-0.08073415384615384
-0.07885661538461539
-0.04401784615384615
-0.005215384615384615
0.003129230769230769
0.055491692307692304
0.13706030769230768
0.18086953846153844
0.2517987692307692
0.25534523076923077
0.19192615384615386
0.14561353846153846
0.06028984615384615
-0.0077187692307692304
-0.09909230769230769
-0.2125790769230769
-0.24595753846153845
-0.25513661538461535
-0.214248
-0.13893784615384613
-0.08115138461538463
0.030040615384615384
0.15208061538461537
0.22989415384615383
0.24554030769230767
0.200688
0.15520984615384617
0.08135999999999999
0.00855323076923077
-0.06362769230769232
-0.1706473846153846
-0.19630707692307692
-0.18545907692307692
-0.15792184615384616
-0.06675692307692307
-0.025659692307692307
0.021278769230769233
0.07614461538461538
0.053614153846153846
0.04985907692307692
0.03421292307692308
-0.009179076923076922
-0.03775938461538462
-0.09429415384615383
-0.14540492307692307
-0.16480615384615382
-0.13935507692307691
-0.08824430769230769
-0.03901107692307692
0.013351384615384614
0.035464615384615386
0.06446215384615385
0.09658892307692307
0.09408553846153846
0.08907876923076924
0.03567323076923076
-0.03358707692307692
-0.04214030769230769
-0.05403138461538461
-0.065088
-0.06800861538461538
-0.07343261538461537
-0.0016689230769230767
0.10076123076923077
0.1760713846153846
0.22029784615384615
0.1942209230769231
0.15500123076923078
0.12245723076923076
0.08386338461538462
0.04902461538461538
-0.01272553846153846
-0.07948246153846153
-0.13518276923076925
-0.15291507692307693
-0.11828492307692307
-0.08824430769230769
-0.04631261538461538
-0.011265230769230769
-0.010848
-0.0004172307692307692
-0.002086153846153846
0.0
0.006675692307692307
-0.02795446153846154
-0.05736923076923077
-0.04902461538461538
-0.010639384615384617
0.04860738461538461
0.084072
0.08761846153846153
0.0897046153846154
0.09971815384615385
0.1097316923076923
0.09033046153846153
0.04985907692307692
-0.008136
-0.06279323076923077
-0.0717636923076923
-0.06258461538461538
-0.02753723076923077
0.016897846153846156
0.056951999999999996
0.12329169230769231
0.1760713846153846
0.2059033846153846
0.222384
0.20131384615384615
0.1489513846153846
0.07426707692307692
-0.01668923076923077
-0.08699261538461538
-0.14874276923076923
-0.2138307692307692
-0.25471938461538457
-0.26535876923076923
-0.22447015384615385
-0.13706030769230768
-0.030040615384615384
0.06926030769230769
0.1476996923076923
0.21049292307692305
0.24908676923076922
0.2574313846153846
0.21445661538461538
0.12266584615384615
0.02795446153846154
-0.06154153846153846
-0.12767261538461538
-0.1656406153846154
-0.18983999999999998
-0.15687876923076924
-0.0855323076923077
-0.009179076923076922
0.078648
0.15520984615384617
0.21716861538461538
0.25659692307692306
0.2574313846153846
0.233232
0.18107815384615383
0.09763200000000001
0.0012516923076923076
-0.09533723076923077
-0.17815753846153848
-0.2355267692307692
-0.25117292307692307
-0.21466523076923077
-0.14832553846153845
-0.06905169230769231
0.0025033846153846152
0.05298830769230769
0.09283384615384616
0.09784061538461537
0.0771876923076923
0.03755076923076923
-0.032544
-0.086784
-0.13121907692307694
-0.1543753846153846
-0.13768615384615385
-0.11494707692307692
-0.09137353846153846
-0.0678
-0.038176615384615385
0.0008344615384615384
0.03379569230769231
0.054240000000000003
0.05236246153846154
0.026911384615384615
0.005841230769230769
-0.017940923076923077
-0.03504738461538461
-0.04756430769230769
-0.07593599999999999
-0.09596307692307693
-0.10618523076923077
-0.09074769230769231
-0.04756430769230769
-0.01710646153846154
0.004589538461538461
0.011265230769230769
0.0006258461538461538
0.0043809230769230765
0.002712
-0.012934153846153845
-0.04109723076923077
-0.07197230769230768
-0.07802215384615384
-0.07656184615384615
-0.06884307692307692
-0.054240000000000003
-0.03129230769230769
0.011473846153846154
0.065088
0.12558646153846154
0.17502830769230768
0.19735015384615384
0.20652923076923077
0.20256553846153844
0.1785747692307692
0.14457046153846154
0.09199938461538461
0.027328615384615382
-0.03045784615384615
-0.07510153846153846
-0.0853236923076923
-0.07343261538461537
-0.04985907692307692
-0.012516923076923077
0.02232184615384615
0.07259815384615384
0.11494707692307692
0.13706030769230768
0.13789476923076924
0.09784061538461537
0.048816000000000005
0.0
-0.05236246153846154
-0.100344
-0.16042523076923076
-0.2059033846153846
-0.21821169230769227
-0.21299630769230768
-0.17002153846153847
-0.12433476923076923
-0.0880356923076923
-0.03692492307692308
0.014394461538461538
0.07969107692307692
0.14457046153846154
0.17294215384615383
0.18149538461538461
0.1829556923076923
0.18086953846153844
0.1794092307692308
0.16042523076923076
0.11619876923076923
0.059664
0.012308307692307691
-0.017523692307692306
-0.03358707692307692
-0.043392
-0.06133292307692308
-0.07092923076923077
-0.04652123076923077
-0.008344615384615384
0.03755076923076923
0.06946892307692307
0.07468430769230769
0.08344615384615384
0.0892873846153846
0.10117846153846152
0.11724184615384614
0.11056615384615384
0.09283384615384616
0.07551876923076924
0.05507446153846154
0.043600615384615383
0.027745846153846152
-0.003129230769230769
-0.03775938461538462
-0.06446215384615385
-0.06258461538461538
-0.042974769230769226
-0.02211323076923077
-0.0025033846153846152
0.02211323076923077
0.07572738461538461
0.15520984615384617
0.23823876923076923
0.29832
0.31855569230769226
0.3114627692307692
0.2855944615384615
0.2422024615384615
0.19067446153846154
0.09930092307692308
-0.02044430769230769
-0.11953661538461538
-0.19338646153846153
-0.22113230769230768
-0.22300984615384614
-0.20819815384615384
-0.16063384615384615
-0.08761846153846153
0.011891076923076923
0.12537784615384615
0.22530461538461538
0.2832996923076923
0.301032
0.2682793846153846
0.20632061538461538
0.13101046153846155
0.023990769230769232
-0.08344615384615384
-0.17690584615384616
-0.23344061538461539
-0.23949046153846154
-0.22154953846153846
-0.17398523076923075
-0.11703323076923078
-0.04985907692307692
0.03963692307692308
0.124752
0.1992276923076923
0.22530461538461538
0.20548615384615385
0.17398523076923075
0.12579507692307693
0.08073415384615384
0.03609046153846154
-0.018983999999999997
-0.06446215384615385
-0.09512861538461538
-0.10368184615384615
-0.0988836923076923
-0.10722830769230769
-0.12120553846153845
-0.13267938461538462
-0.1395636923076923
-0.12412615384615384
-0.0974233846153846
-0.06842584615384616
-0.02899753846153846
0.018775384615384614
0.08177723076923075
0.14540492307692307
0.19547261538461536
0.2275993846153846
0.22300984615384614
0.19755876923076923
0.15667015384615385
0.0974233846153846
0.02586830769230769
-0.059664
-0.13226215384615383
-0.18170399999999998
-0.19463815384615382
-0.16897846153846155
-0.12662953846153846
-0.05653476923076922
0.03379569230769231
0.1368516923076923
0.24303692307692307
0.3102110769230769
0.3229366153846154
0.28768061538461537
0.22467876923076924
0.13914646153846155
0.028163076923076923
-0.0855323076923077
-0.18858830769230767
-0.26765353846153844
-0.3095852307692307
-0.30249230769230767
-0.2517987692307692
-0.18712800000000002
-0.11807630769230769
-0.04214030769230769
0.03212676923076923
0.0974233846153846
0.12955015384615384
0.127464
0.10597661538461538
0.06049846153846154
0.026285538461538457
0.001043076923076923
-0.023364923076923075
-0.029414769230769227
-0.038176615384615385
-0.027745846153846152
0.0002086153846153846
0.02795446153846154
0.059664
0.06800861538461538
0.06759138461538462
0.07009476923076922
0.07134646153846153
0.06946892307692307
0.04693846153846153
0.013351384615384614
-0.026702769230769228
-0.07510153846153846
-0.14039815384615384
-0.20652923076923077
-0.21716861538461538
-0.17711446153846155
-0.09053907692307692
0.06759138461538462
0.22780799999999998
0.39344861538461534
0.5328036923076923
0.6006036923076923
0.6154153846153846
0.5209126153846153
0.385104
0.17961784615384613
-0.05027630769230769
-0.23364923076923078
-0.3913624615384615
-0.45707630769230767
-0.47063630769230763
-0.38677292307692307
-0.23406646153846156
-0.05507446153846154
0.1733593846153846
0.35568923076923076
0.47126215384615383
0.49024615384615383
0.4147273846153846
0.30937661538461536
0.15959076923076923
-0.022947692307692308
-0.20444307692307692
-0.3738387692307692
-0.482736
-0.5035975384615384
-0.44393353846153844
-0.3277347692307692
-0.21508246153846153
-0.10263876923076923
-0.005215384615384615
0.06884307692307692
0.11286092307692308
0.09533723076923077
0.05507446153846154
0.006049846153846154
-0.021696
-0.02086153846153846
-0.013351384615384614
0.0008344615384615384
0.0035464615384615383
-0.018358153846153843
-0.04047138461538462
-0.07051199999999999
-0.10722830769230769
-0.12996738461538462
-0.16647507692307692
-0.19004861538461537
-0.2021483076923077
-0.1948467692307692
-0.14707384615384617
-0.08574092307692306
-0.014185846153846153
0.07343261538461537
0.173568
0.27704123076923076
0.35193415384615384
0.37592492307692305
0.32669169230769235
0.2059033846153846
0.05653476923076922
-0.12934153846153845
-0.31813846153846154
-0.4831532307692308
-0.5941366153846154
-0.5893384615384615
-0.4923323076923077
-0.3216849230769231
-0.09992676923076924
0.13038461538461538
0.3575667692307692
0.5338467692307692
0.6187532307692307
0.6120775384615385
0.5188264615384615
0.36445107692307693
0.1873366153846154
0.005841230769230769
-0.16105107692307694
-0.28267384615384616
-0.35256
-0.36549415384615386
-0.327108923076923
-0.2415766153846154
-0.11974523076923077
0.023364923076923075
0.1693956923076923
0.28017046153846153
0.36319938461538465
0.3980381538461538
0.3707095384615384
0.31000246153846156
0.20277415384615383
0.0892873846153846
-0.006049846153846154
-0.09825784615384614
-0.157296
-0.1913003076923077
-0.19317784615384614
-0.15082892307692305
-0.10430769230769231
-0.06529661538461538
-0.04631261538461538
-0.04714707692307692
-0.05298830769230769
-0.061124307692307686
-0.05507446153846154
-0.049233230769230765
-0.046104
-0.020652923076923076
0.021487384615384613
0.08594953846153845
0.1449876923076923
0.17085599999999998
0.18066092307692305
0.15354092307692307
0.10096984615384616
0.027120000000000002
-0.07781353846153846
-0.17481969230769231
-0.26076923076923075
-0.3102110769230769
-0.2997803076923077
-0.2509643076923077
-0.1558356923076923
-0.031918153846153846
0.09909230769230769
0.2290596923076923
0.32543999999999995
0.3924055384615385
0.4017932307692308
0.3421292307692308
0.249504
0.11828492307692307
-0.010848
-0.124752
-0.22801661538461537
-0.28893230769230765
-0.317304
-0.292896
-0.20944984615384615
-0.10159569230769232
0.02211323076923077
0.13789476923076924
0.23907323076923076
0.3350363076923077
0.39532615384615377
0.41368430769230763
0.39511753846153846
0.336288
0.2699483076923077
0.20339999999999997
0.13706030769230768
0.07468430769230769
0.01814953846153846
-0.012308307692307691
-0.02524246153846154
-0.02273907692307692
-0.014394461538461538
-0.018358153846153843
-0.02545107692307692
-0.040262769230769234
-0.05090215384615384
-0.05173661538461538
-0.047981538461538464
-0.021696
0.01272553846153846
0.04714707692307692
0.08574092307692306
0.12350030769230769
0.15771323076923077
0.1721076923076923
0.16292861538461537
0.13852061538461538
0.0892873846153846
0.01397723076923077
-0.0771876923076923
-0.17461107692307692
-0.25284184615384614
-0.3016578461538461
-0.30895938461538464
-0.28121353846153846
-0.23093723076923076
-0.14999446153846155
-0.040262769230769234
0.084072
0.20152246153846154
0.2851772307692308
0.32585723076923073
0.330864
0.2997803076923077
0.235944
0.13789476923076924
0.018983999999999997
-0.09825784615384614
-0.20256553846153844
-0.2753723076923077
-0.3039526153846154
-0.2953993846153846
-0.25346769230769234
-0.17815753846153848
-0.08198584615384615
0.026702769230769228
0.12662953846153846
0.1940123076923077
0.23615261538461538
0.23907323076923076
0.20256553846153844
0.14290153846153844
0.06592246153846154
-0.015854769230769228
-0.0963803076923077
-0.15333230769230768
-0.1785747692307692
-0.16710092307692306
-0.13038461538461538
-0.09158215384615384
-0.04693846153846153
-0.0006258461538461538
0.05319692307692307
0.10994030769230768
0.1506203076923077
0.1597993846153846
0.14436184615384615
0.12016246153846154
0.103056
0.09262523076923077
0.08386338461538462
0.07489292307692308
0.058412307692307694
0.05298830769230769
0.050067692307692306
0.04380923076923077
0.021278769230769233
-0.023990769230769232
-0.0717636923076923
-0.12120553846153845
-0.15354092307692307
-0.16271999999999998
-0.165432
-0.14665661538461539
-0.08845292307692308
-0.0022947692307692304
0.100344
0.20173107692307693
0.2764153846153846
0.3195987692307692
0.31104553846153843
0.2638984615384615
0.20131384615384615
0.10389046153846154
-0.010639384615384617
-0.11703323076923078
-0.1992276923076923
-0.24720923076923076
-0.2620209230769231
-0.2438713846153846
-0.18650215384615382
-0.10201292307692307
-0.004589538461538461
0.10389046153846154
0.19672430769230767
0.2655673846153846
0.292896
0.28100492307692304
0.2568055384615385
0.20360861538461536
0.13038461538461538
0.04547815384615384
-0.04735569230769231
-0.12204
-0.16981292307692308
-0.1802436923076923
-0.16292861538461537
-0.13643446153846153
-0.09679753846153846
-0.04985907692307692
-0.0035464615384615383
0.046104
0.08469784615384615
0.11035753846153845
0.13247076923076923
0.15291507692307693
0.16710092307692306
0.16188553846153847
0.1462393846153846
0.12329169230769231
0.09930092307692308
0.07468430769230769
0.03859384615384615
0.003963692307692307
-0.03275261538461539
-0.07364123076923076
-0.10347323076923076
-0.11765907692307691
-0.11014892307692307
-0.10263876923076923
-0.07885661538461539
-0.03129230769230769
0.024408000000000003
0.0853236923076923
0.12433476923076923
0.15103753846153847
0.146448
0.11953661538461538
0.08448923076923077
0.03400430769230769
-0.02023569230769231
-0.08511507692307693
-0.14707384615384617
-0.18921415384615384
-0.20193969230769232
-0.18754523076923074
-0.15771323076923077
-0.12370892307692308
-0.07781353846153846
-0.02357353846153846
0.03629907692307692
0.09512861538461538
0.13101046153846155
0.15082892307692305
0.1476996923076923
0.13184492307692308
0.10910584615384614
0.06821723076923077
0.02023569230769231
-0.03233538461538461
-0.08135999999999999
-0.11536430769230768
-0.14144123076923076
-0.16876984615384616
-0.19380369230769232
-0.20819815384615384
-0.20047938461538461
-0.16084246153846155
-0.09867507692307692
-0.022947692307692308
0.04985907692307692
0.1136953846153846
0.1691870769230769
0.20047938461538461
0.20339999999999997
0.16897846153846155
0.11202646153846153
0.047772923076923074
-0.016063384615384615
-0.06675692307692307
-0.10535076923076922
-0.13768615384615385
-0.1693956923076923
-0.1800350769230769
-0.1710646153846154
-0.1476996923076923
-0.1097316923076923
-0.07739630769230768
-0.04944184615384615
-0.015437538461538461
0.03150092307692308
0.08636676923076922
0.1316363076923077
0.1504116923076923
0.1489513846153846
0.13330523076923076
0.10868861538461538
0.07134646153846153
0.0050067692307692304
-0.08240307692307691
-0.17023015384615386
-0.23782153846153845
-0.28934953846153844
-0.31208861538461535
-0.31188
-0.2883064615384615
-0.21862892307692305
-0.1205796923076923
0.0016689230769230767
0.11327815384615383
0.20047938461538461
0.26535876923076923
0.2966510769230769
0.3022836923076923
0.26786215384615386
0.19067446153846154
0.084072
-0.03859384615384615
-0.15562707692307692
-0.2497126153846154
-0.31354892307692306
-0.3304467692307692
-0.2979027692307692
-0.20527753846153846
-0.06258461538461538
0.10493353846153847
0.27474646153846155
0.40554830769230765
0.4889944615384615
0.5215384615384615
0.5029716923076922
0.4282873846153846
0.2993630769230769
0.1356
-0.03775938461538462
-0.1860849230769231
-0.29414769230769233
-0.3544375384615384
-0.36904061538461536
-0.3344104615384615
-0.24616615384615384
-0.12120553846153845
0.02273907692307692
0.15667015384615385
0.25555384615384613
0.31208861538461535
0.33295015384615384
0.3225193846153846
0.2822566153846154
0.21320492307692307
0.11745046153846153
0.024199384615384616
-0.047772923076923074
-0.10326461538461539
-0.13852061538461538
-0.1612596923076923
-0.18066092307692305
-0.18149538461538461
-0.15833907692307692
-0.12099692307692309
-0.0717636923076923
-0.021070153846153846
0.028163076923076923
0.0855323076923077
0.13601723076923075
0.18066092307692305
0.20256553846153844
0.1923433846153846
0.16105107692307694
0.11202646153846153
0.0744756923076923
0.03150092307692308
-0.021696
-0.07551876923076924
-0.12537784615384615
-0.14811692307692306
-0.1506203076923077
-0.13476553846153844
-0.10722830769230769
-0.07927384615384615
-0.024616615384615383
0.046104
0.11223507692307692
0.17523692307692307
0.1704387692307692
0.14686523076923075
0.12329169230769231
0.0974233846153846
0.08448923076923077
0.025659692307692307
-0.029206153846153847
-0.05924676923076923
-0.04172307692307692
0.035464615384615386
0.23072861538461537
0.2753723076923077
0.19463815384615382
0.21216184615384615
0.12224861538461537
0.18879692307692306
0.16105107692307694
-0.07426707692307692
-0.2357353846153846
-0.42787015384615384
-0.3473446153846154
-0.22551323076923077
-0.13706030769230768
-0.03984553846153846
-0.038176615384615385
0.20047938461538461
0.4141015384615384
0.604776
0.659016
0.4280787692307692
0.30019753846153846
0.10201292307692307
-0.042348923076923076
-0.12725538461538463
-0.37425600000000003
-0.4424732307692308
-0.5129852307692307
-0.5167403076923076
-0.26535876923076923
-0.12579507692307693
0.09554584615384615
0.27850153846153847
0.3127144615384615
0.4518609230769231
0.47606030769230767
0.5069353846153847
0.4914978461538461
0.279336
0.07656184615384615
-0.15354092307692307
-0.25993476923076925
-0.28893230769230765
-0.4026276923076923
-0.4660467692307692
-0.5250849230769231
-0.44622830769230765
-0.23052
-0.0936683076923077
0.059664
0.14582215384615385
0.19067446153846154
0.31688676923076925
0.33378461538461535
0.2953993846153846
0.2127876923076923
0.04130584615384615
-0.03921969230769231
-0.10347323076923076
-0.1867107692307692
-0.2438713846153846
-0.3206418461538461
-0.3304467692307692
-0.2891409230769231
-0.21696000000000001
-0.11640738461538462
-0.003755076923076923
0.14811692307692306
0.2399076923076923
0.3379569230769231
0.4374664615384615
0.4514436923076923
0.4725138461538462
0.3978295384615384
0.2647329230769231
0.16042523076923076
0.006049846153846154
-0.103056
-0.21529107692307692
-0.3275261538461538
-0.3321156923076923
-0.3170953846153846
-0.24595753846153845
-0.15395815384615386
-0.08010830769230769
0.06341907692307691
0.21320492307692307
0.3350363076923077
0.3798886153846154
0.3513083076923077
0.3440067692307692
0.28100492307692304
0.19463815384615382
0.09012184615384615
-0.08761846153846153
-0.18712800000000002
-0.24887815384615386
-0.2789187692307692
-0.21696000000000001
-0.184416
-0.11077476923076923
0.005632615384615384
0.08991323076923076
0.20778092307692309
0.28663753846153844
0.31688676923076925
0.31083692307692307
0.23886461538461537
0.14916
0.02211323076923077
-0.09053907692307692
-0.18149538461538461
-0.2655673846153846
-0.2943563076923077
-0.3187643076923077
-0.2837169230769231
-0.19192615384615386
-0.10889723076923077
0.016063384615384615
0.10597661538461538
0.17002153846153847
0.2572227692307692
0.2853858461538461
0.27412061538461535
0.21028430769230766
0.09867507692307692
0.023990769230769232
-0.03045784615384615
-0.08490646153846154
-0.13935507692307691
-0.19860184615384616
-0.22029784615384615
-0.19693292307692306
-0.14164984615384615
-0.06967753846153846
-0.016063384615384615
0.04735569230769231
0.09721476923076922
0.13330523076923076
0.1792006153846154
0.17961784615384613
0.1869193846153846
0.1704387692307692
0.09596307692307693
0.03921969230769231
-0.03880246153846154
-0.09658892307692307
-0.13080184615384613
-0.20506892307692307
-0.24199384615384617
-0.23886461538461537
-0.19755876923076923
-0.09825784615384614
-0.0077187692307692304
0.06258461538461538
0.11223507692307692
0.15228923076923076
0.19755876923076923
0.20798953846153845
0.1942209230769231
0.14081538461538462
0.061124307692307686
0.0022947692307692304
-0.07113784615384615
-0.11765907692307691
-0.14519630769230768
-0.16480615384615382
-0.13998092307692306
-0.12558646153846154
-0.07823076923076923
0.0002086153846153846
0.0609156923076923
0.11494707692307692
0.12496061538461539
0.11745046153846153
0.11140061538461538
0.08949599999999999
0.054240000000000003
-0.02211323076923077
-0.1218313846153846
-0.20152246153846154
-0.2355267692307692
-0.22342707692307692
-0.21508246153846153
-0.20819815384615384
-0.18483323076923078
-0.14665661538461539
-0.07489292307692308
-0.014603076923076923
0.021904615384615383
0.05862092307692307
0.07468430769230769
0.0936683076923077
0.11244369230769231
0.1097316923076923
0.10514215384615383
0.08907876923076924
0.07051199999999999
0.05778646153846154
0.051528
0.044435076923076924
0.02545107692307692
0.009804923076923077
-0.008761846153846153
-0.019192615384615384
-0.011265230769230769
0.0077187692307692304
0.03024923076923077
0.04193169230769231
0.05674338461538461
0.10681107692307691
0.17273353846153844
0.22822523076923076
0.26535876923076923
0.25430215384615384
0.21737723076923077
0.17648861538461538
0.12016246153846154
0.05382276923076923
-0.043600615384615383
-0.15291507692307693
-0.22843384615384613
-0.26765353846153844
-0.2561796923076923
-0.21779446153846155
-0.173568
-0.11286092307692308
-0.037342153846153844
0.055491692307692304
0.14936861538461538
0.21883753846153844
0.2478350769230769
0.23156307692307693
0.18983999999999998
0.14290153846153844
0.07802215384615384
0.011682461538461537
-0.059038153846153844
-0.12642092307692307
-0.16292861538461537
-0.1783661538461538
-0.16584923076923075
-0.1356
-0.0963803076923077
-0.053405538461538456
-0.008970461538461538
0.04193169230769231
0.0892873846153846
0.11974523076923077
0.127464
0.12558646153846154
0.11995384615384615
0.10472492307692308
0.07531015384615385
0.02357353846153846
-0.044435076923076924
-0.103056
-0.14874276923076923
-0.18629353846153843
-0.1990190769230769
-0.19651569230769228
-0.16772676923076923
-0.09971815384615385
-0.014185846153846153
0.07885661538461539
0.15604430769230768
0.20965846153846154
0.2342750769230769
0.23135446153846154
0.20527753846153846
0.15228923076923076
0.07489292307692308
-0.017732307692307693
-0.10785415384615385
-0.17732307692307692
-0.20840676923076923
-0.20819815384615384
-0.1783661538461538
-0.12767261538461538
-0.056951999999999996
0.03692492307692308
0.12350030769230769
0.19526400000000002
0.23177169230769232
0.2205064615384615
0.1858763076923077
0.12266584615384615
0.04088861538461538
-0.040679999999999994
-0.12120553846153845
-0.1860849230769231
-0.21320492307692307
-0.18879692307692306
-0.11765907692307691
-0.018983999999999997
0.07843938461538462
0.16042523076923076
0.238656
0.29101846153846156
0.3035353846153846
0.2799618461538461
0.20360861538461536
0.10430769230769231
0.0006258461538461538
-0.09325107692307691
-0.15291507692307693
-0.1869193846153846
-0.19714153846153845
-0.16793538461538463
-0.10159569230769232
-0.020652923076923076
0.06696553846153847
0.14039815384615384
0.18629353846153843
0.2154996923076923
0.225096
0.2059033846153846
0.15813046153846153
0.07802215384615384
-0.020652923076923076
-0.11035753846153845
-0.19547261538461536
-0.2647329230769231
-0.29456492307692306
-0.3016578461538461
-0.27787569230769227
-0.21633415384615384
-0.13914646153846155
-0.04401784615384615
0.051528
0.12996738461538462
0.19046584615384615
0.22321846153846153
0.23344061538461539
0.21654276923076923
0.17273353846153844
0.10827138461538462
0.04214030769230769
-0.010013538461538461
-0.058829538461538454
-0.08574092307692306
-0.10263876923076923
-0.10910584615384614
-0.08302892307692307
-0.04130584615384615
0.013768615384615384
0.06654830769230768
0.10764553846153846
0.14728246153846153
0.18253846153846154
0.20652923076923077
0.21341353846153846
0.1992276923076923
0.16647507692307692
0.12788123076923075
0.07843938461538462
0.015020307692307692
-0.056951999999999996
-0.13455692307692307
-0.20193969230769232
-0.23823876923076923
-0.24053353846153847
-0.2157083076923077
-0.16480615384615382
-0.10117846153846152
-0.023990769230769232
0.06300184615384616
0.1368516923076923
0.19588984615384614
0.23010276923076922
0.22864246153846152
0.21049292307692305
0.16584923076923075
0.09763200000000001
0.03024923076923077
-0.04401784615384615
-0.10117846153846152
-0.130176
-0.14144123076923076
-0.124752
-0.08302892307692307
-0.02545107692307692
0.04172307692307692
0.11828492307692307
0.18629353846153843
0.22843384615384613
0.25117292307692307
0.24449723076923074
0.2138307692307692
0.16313723076923078
0.08866153846153846
0.007510153846153846
-0.07635323076923077
-0.13601723076923075
-0.15103753846153847
-0.1356
-0.09825784615384614
-0.03838523076923077
0.030040615384615384
0.10576799999999999
0.1802436923076923
0.22300984615384614
0.22968553846153844
0.1992276923076923
0.1397723076923077
0.06487938461538462
-0.011682461538461537
-0.07009476923076922
-0.10827138461538462
-0.11494707692307692
-0.0988836923076923
-0.06800861538461538
-0.015020307692307692
0.03942830769230769
0.09325107692307691
0.138312
0.16042523076923076
0.16167692307692308
0.13393107692307693
0.07656184615384615
0.011056615384615385
-0.05820369230769231
-0.1287156923076923
-0.17586276923076924
-0.19693292307692306
-0.1883796923076923
-0.15374953846153847
-0.09721476923076922
-0.011473846153846154
0.0828203076923077
0.16438892307692307
0.22008923076923076
0.24470584615384613
0.24303692307692307
0.21091015384615383
0.15541846153846153
0.07510153846153846
-0.020027076923076922
-0.1028473846153846
-0.16480615384615382
-0.19046584615384615
-0.18253846153846154
-0.15667015384615385
-0.10535076923076922
-0.04693846153846153
0.03129230769230769
0.11870215384615385
0.16876984615384616
0.18900553846153845
0.15520984615384617
0.09512861538461538
0.020652923076923076
-0.06258461538461538
-0.1353913846153846
-0.20131384615384615
-0.2355267692307692
-0.2140393846153846
-0.1502030769230769
-0.020652923076923076
0.17002153846153847
0.20965846153846154
0.23886461538461537
0.2937304615384615
0.2814221538461538
0.31813846153846154
0.1948467692307692
0.009179076923076922
-0.18316430769230768
-0.3611132307692308
-0.3980381538461538
-0.47084492307692305
-0.482736
-0.466464
-0.37300430769230764
-0.11390399999999999
0.12913292307692306
0.4076344615384615
0.5645132307692308
0.5947624615384616
0.6164584615384615
0.5000510769230769
0.360696
0.15646153846153846
-0.11807630769230769
-0.2924787692307692
-0.48857723076923076
-0.5620098461538461
-0.47063630769230763
-0.38656430769230765
-0.20632061538461538
-0.05674338461538461
0.06800861538461538
0.208824
0.26786215384615386
0.3402516923076923
0.3485963076923077
0.27599815384615384
0.20632061538461538
0.12162276923076921
0.07092923076923077
-0.01043076923076923
-0.14060676923076923
-0.24345415384615382
-0.3508910769230769
-0.3682061538461538
-0.33670523076923076
-0.31918153846153846
-0.24324553846153843
-0.17273353846153844
-0.06383630769230769
0.07802215384615384
0.17315076923076922
0.27140861538461536
0.33545353846153847
0.36904061538461536
0.43329415384615383
0.4539470769230769
0.42244615384615386
0.33566215384615383
0.18545907692307692
0.019609846153846155
-0.18212123076923076
-0.37050092307692306
-0.5161144615384615
-0.5968486153846153
-0.580368
-0.5161144615384615
-0.33378461538461535
-0.07280676923076923
0.17690584615384616
0.4558246153846154
0.6623538461538461
0.7852283076923077
0.8248652307692308
0.7286935384615385
0.5630529230769231
0.30207507692307695
0.0002086153846153846
-0.26619323076923074
-0.5204953846153846
-0.6976098461538461
-0.782724923076923
-0.7616547692307691
-0.614580923076923
-0.39699507692307695
-0.13121907692307694
0.13518276923076925
0.3980381538461538
0.6396147692307692
0.7704166153846153
0.7964935384615384
0.7007390769230769
0.4948356923076923
0.27620676923076926
0.021696
-0.23177169230769232
-0.42411507692307693
-0.5780732307692308
-0.6350252307692307
-0.6108258461538462
-0.523416
-0.36257353846153845
-0.19046584615384615
-0.013560000000000001
0.14185846153846154
0.25471938461538457
0.3269003076923077
0.3456756923076923
0.3375396923076923
0.2899753846153846
0.2125790769230769
0.130176
0.027745846153846152
-0.07072061538461538
-0.17481969230769231
-0.28121353846153846
-0.34943076923076927
-0.40575692307692307
-0.43058215384615384
-0.40095876923076923
-0.36215630769230767
-0.29498215384615384
-0.1913003076923077
-0.06487938461538462
0.09241661538461539
0.233232
0.3379569230769231
0.4024190769230769
0.4182738461538461
0.3961606153846154
0.32564861538461537
0.21466523076923077
0.05528307692307692
-0.12496061538461539
-0.2799618461538461
-0.4253667692307692
-0.5213298461538461
-0.566808
-0.5544996923076924
-0.43996984615384616
-0.2776670769230769
-0.07510153846153846
0.14853415384615384
0.3452584615384615
0.5273796923076923
0.6556781538461539
0.6963581538461538
0.6575556923076923
0.5330123076923077
0.3421292307692308
0.119328
-0.11578153846153846
-0.31626092307692305
-0.46083138461538464
-0.5319692307692307
-0.5250849230769231
-0.4514436923076923
-0.2997803076923077
-0.12516923076923075
0.06425353846153846
0.24512307692307692
0.38760738461538463
0.5015113846153846
0.5524135384615385
0.553248
0.48816
0.36340799999999995
0.22154953846153846
0.078648
-0.054240000000000003
-0.17085599999999998
-0.2503384615384615
-0.29185292307692307
-0.28204799999999997
-0.22822523076923076
-0.1558356923076923
-0.07656184615384615
-0.0016689230769230767
0.06571384615384615
0.1151556923076923
0.14457046153846154
0.15500123076923078
0.1489513846153846
0.12975876923076923
0.10722830769230769
0.100344
0.09387692307692307
0.08094276923076923
0.07614461538461538
0.062376
0.047772923076923074
0.029832
0.0033378461538461535
-0.014603076923076923
-0.035255999999999996
-0.05611753846153846
-0.06404492307692307
-0.05277969230769231
-0.01940123076923077
0.022530461538461537
0.065088
0.116616
0.17586276923076924
0.22634769230769228
0.24679199999999998
0.23010276923076922
0.1792006153846154
0.09867507692307692
0.011265230769230769
-0.06633969230769231
-0.13914646153846155
-0.20110523076923076
-0.24866953846153847
-0.25284184615384614
-0.20360861538461536
-0.12850707692307692
-0.03212676923076923
0.05820369230769231
0.1316363076923077
0.1829556923076923
0.20131384615384615
0.1867107692307692
0.1356
0.05590892307692308
-0.03066646153846154
-0.09971815384615385
-0.14728246153846153
-0.16605784615384614
-0.15792184615384616
-0.12725538461538463
-0.08490646153846154
-0.03358707692307692
0.021904615384615383
0.05277969230769231
0.06154153846153846
0.03483876923076923
-0.016480615384615385
-0.0717636923076923
-0.12808984615384614
-0.15562707692307692
-0.16000799999999998
-0.13935507692307691
-0.0855323076923077
-0.009596307692307692
0.08115138461538463
0.16209415384615386
0.21445661538461538
0.23093723076923076
0.21132738461538458
0.15667015384615385
0.06988615384615385
-0.04109723076923077
-0.1558356923076923
-0.25513661538461535
-0.3127144615384615
-0.31834707692307695
-0.2872633846153846
-0.21111876923076925
-0.10514215384615383
0.02482523076923077
0.15813046153846153
0.2659846153846154
0.34588430769230766
0.3684147692307692
0.3327415384615385
0.2540935384615385
0.138312
0.005841230769230769
-0.12370892307692308
-0.23406646153846156
-0.2993630769230769
-0.314592
-0.27453784615384613
-0.18504184615384617
-0.07051199999999999
0.055491692307692304
0.1777403076923077
0.2851772307692308
0.34943076923076927
0.3646596923076923
0.3373310769230769
0.2620209230769231
0.17148184615384612
0.09012184615384615
0.016897846153846156
-0.03775938461538462
-0.061750153846153844
-0.04985907692307692
-0.009179076923076922
0.04672984615384615
0.10347323076923076
0.1476996923076923
0.16730953846153845
0.16981292307692308
0.16501476923076921
0.14811692307692306
0.127464
0.10159569230769232
0.07969107692307692
0.07781353846153846
0.08574092307692306
0.10201292307692307
0.11390399999999999
0.10868861538461538
0.09930092307692308
0.08428061538461538
0.06759138461538462
0.040054153846153843
-0.005424
-0.056951999999999996
-0.10910584615384614
-0.14582215384615385
-0.16501476923076921
-0.16021661538461537
-0.1356
-0.08365476923076923
0.0
0.09909230769230769
0.19985353846153847
0.268488
0.28851507692307693
0.2626467692307692
0.200688
0.10910584615384614
-0.0002086153846153846
-0.11911938461538461
-0.23344061538461539
-0.31855569230769226
-0.3502652307692307
-0.3160523076923077
-0.23969907692307693
-0.13518276923076925
-0.020652923076923076
0.09095630769230768
0.18775384615384613
0.2563883076923077
0.28246523076923075
0.24637476923076923
0.168144
0.07092923076923077
-0.029206153846153847
-0.12516923076923075
-0.20673784615384616
-0.2726603076923077
-0.3004061538461538
-0.28204799999999997
-0.22321846153846153
-0.13059323076923077
-0.045895384615384616
0.029414769230769227
0.08866153846153846
0.14018953846153845
0.17294215384615383
0.1656406153846154
0.12579507692307693
0.06300184615384616
-0.0008344615384615384
-0.06195876923076923
-0.10660246153846153
-0.13768615384615385
-0.16209415384615386
-0.16710092307692306
-0.14603076923076924
-0.10076123076923077
-0.046104
-0.0016689230769230767
0.026076923076923077
0.040054153846153843
0.042557538461538466
0.044435076923076924
0.03755076923076923
0.012934153846153845
-0.01814953846153846
-0.05382276923076923
-0.07468430769230769
-0.084072
-0.09179076923076923
-0.09012184615384615
-0.100344
-0.10243015384615384
-0.09095630769230768
-0.07364123076923076
-0.06404492307692307
-0.06800861538461538
-0.05382276923076923
-0.023782153846153845
0.02273907692307692
0.07823076923076923
0.12704676923076924
0.16438892307692307
0.18337292307692307
0.19025723076923076
0.19755876923076923
0.1860849230769231
0.1462393846153846
0.08907876923076924
0.03129230769230769
-0.00855323076923077
-0.03150092307692308
-0.03442153846153846
-0.02232184615384615
-0.002086153846153846
0.02545107692307692
0.06425353846153846
0.09700615384615385
0.10868861538461538
0.10660246153846153
0.08219446153846154
0.04652123076923077
0.006884307692307692
-0.031709538461538456
-0.06216738461538462
-0.09283384615384616
-0.09971815384615385
-0.07635323076923077
-0.032544
0.008970461538461538
0.03421292307692308
0.05611753846153846
0.07197230769230768
0.08094276923076923
0.08448923076923077
0.07510153846153846
0.03880246153846154
-0.012099692307692308
-0.059038153846153844
-0.08302892307692307
-0.08511507692307693
-0.08156861538461539
-0.06425353846153846
-0.02858030769230769
0.03650769230769231
0.11473846153846154
0.18525046153846153
0.2330233846153846
0.23969907692307693
0.21654276923076923
0.16626646153846153
0.09241661538461539
0.003755076923076923
-0.10618523076923077
-0.21153599999999997
-0.28476
-0.3214763076923077
-0.3279433846153846
-0.3170953846153846
-0.31834707692307695
-0.2751636923076923
-0.1704387692307692
-0.045060923076923075
0.12141415384615384
0.26765353846153844
0.4180652307692308
0.5555427692307692
0.6377372307692307
0.6698639999999999
0.5941366153846154
0.45916246153846146
0.21904615384615383
-0.03609046153846154
-0.22676492307692306
-0.4214030769230769
-0.4848221538461538
-0.5227901538461539
-0.49024615384615383
-0.3373310769230769
-0.16251138461538459
0.11494707692307692
0.3141747692307692
0.4453938461538462
0.5071439999999999
0.42182030769230766
0.31688676923076925
0.12600369230769232
-0.10576799999999999
-0.33983446153846153
-0.5563772307692307
-0.6164584615384615
-0.5757784615384615
-0.41326707692307696
-0.17565415384615385
0.042974769230769226
0.2680707692307692
0.39762092307692304
0.45665907692307695
0.44810584615384613
0.2951907692307692
0.12037107692307693
-0.06362769230769232
-0.21737723076923077
-0.25764
-0.2503384615384615
-0.15520984615384617
-0.03880246153846154
0.0448523076923077
0.13852061538461538
0.18712800000000002
0.2056947692307692
0.17815753846153848
0.09700615384615385
-0.0033378461538461535
-0.12016246153846154
-0.20527753846153846
-0.2641070769230769
-0.30937661538461536
-0.30520430769230766
-0.2814221538461538
-0.21445661538461538
-0.08907876923076924
0.027120000000000002
0.154584
0.23469230769230767
0.23135446153846154
0.1990190769230769
0.08574092307692306
-0.06821723076923077
-0.22342707692307692
-0.3594443076923077
-0.4042966153846154
-0.3767593846153846
-0.26723630769230766
-0.0892873846153846
0.10576799999999999
0.28809784615384615
0.40638276923076927
0.45916246153846146
0.43016492307692306
0.32669169230769235
0.214248
0.08156861538461539
-0.040262769230769234
-0.11432123076923076
-0.15187199999999998
-0.10347323076923076
-0.011891076923076923
0.0897046153846154
0.21988061538461537
0.3229366153846154
0.40617415384615385
0.4512350769230769
0.42953907692307686
0.37592492307692305
0.26932246153846157
0.12621230769230768
-0.021904615384615383
-0.1543753846153846
-0.24616615384615384
-0.2999889230769231
-0.290184
-0.21007569230769232
-0.078648
0.103056
0.276624
0.39741230769230773
0.45957969230769224
0.4205686153846153
0.32669169230769235
0.19735015384615384
0.04193169230769231
-0.08302892307692307
-0.19568123076923075
-0.25847446153846154
-0.24658338461538462
-0.1858763076923077
-0.07405846153846153
0.05194523076923077
0.1612596923076923
0.2411593846153846
0.2795446153846154
0.27412061538461535
0.21237046153846154
0.10368184615384615
-0.01814953846153846
-0.12642092307692307
-0.20110523076923076
-0.24491446153846153
-0.252216
-0.22008923076923076
-0.17315076923076922
-0.10243015384615384
-0.021070153846153846
0.043600615384615383
0.09241661538461539
0.09950953846153845
0.07259815384615384
0.035255999999999996
-0.017315076923076923
-0.065088
-0.09763200000000001
-0.11536430769230768
-0.11035753846153845
-0.08949599999999999
-0.04672984615384615
0.007301538461538462
0.059664
0.0936683076923077
0.09721476923076922
0.09825784615384614
0.07969107692307692
0.03963692307692308
-0.003963692307692307
-0.05778646153846154
-0.07948246153846153
-0.06550523076923077
-0.024199384615384616
0.05736923076923077
0.13914646153846155
0.2261390769230769
0.3031181538461538
0.33065538461538463
0.3077076923076923
0.2238443076923077
0.09199938461538461
-0.06404492307692307
-0.22530461538461538
-0.3577753846153846
-0.4539470769230769
-0.4971304615384615
-0.458328
-0.3506824615384615
-0.18525046153846153
0.003755076923076923
0.1846246153846154
0.3369138461538461
0.42328061538461537
0.44914892307692306
0.4024190769230769
0.2807963076923077
0.12579507692307693
-0.05674338461538461
-0.2342750769230769
-0.36945784615384614
-0.4472713846153846
-0.4424732307692308
-0.37884553846153846
-0.26869661538461537
-0.11265230769230769
0.06216738461538462
0.23072861538461537
0.355272
0.404088
0.385104
0.29915446153846154
0.17628
0.03713353846153846
-0.12204
-0.26076923076923075
-0.37237846153846155
-0.4182738461538461
-0.3917796923076923
-0.32231076923076923
-0.2073636923076923
-0.08365476923076923
0.043600615384615383
0.15291507692307693
0.22780799999999998
0.25847446153846154
0.23531815384615382
0.1733593846153846
0.0828203076923077
-0.006884307692307692
-0.0892873846153846
-0.15374953846153847
-0.1940123076923077
-0.20652923076923077
-0.1787833846153846
-0.12391753846153845
-0.037342153846153844
0.06049846153846154
0.13852061538461538
0.19338646153846153
0.2275993846153846
0.24595753846153845
0.2415766153846154
0.21320492307692307
0.16897846153846155
0.119328
0.07906523076923076
0.06049846153846154
0.04652123076923077
0.03692492307692308
0.020027076923076922
0.004589538461538461
0.008761846153846153
0.0077187692307692304
0.003129230769230769
-0.016063384615384615
-0.03588184615384615
-0.043392
-0.04047138461538462
-0.022947692307692308
0.0070929230769230765
0.04088861538461538
0.06967753846153846
0.100344
0.10952307692307692
0.0974233846153846
0.062376
0.0012516923076923076
-0.061124307692307686
-0.11891076923076922
-0.1558356923076923
-0.168144
-0.15354092307692307
-0.10868861538461538
-0.04422646153846154
0.031709538461538456
0.10576799999999999
0.15687876923076924
0.1718990769230769
0.15416676923076922
0.103056
0.040679999999999994
-0.03504738461538461
-0.12621230769230768
-0.21341353846153846
-0.27871015384615383
-0.301032
-0.29644246153846154
-0.2680707692307692
-0.21925476923076925
-0.14540492307692307
-0.04965046153846154
0.054240000000000003
0.15082892307692305
0.21487384615384614
0.24408
0.2221753846153846
0.16793538461538463
0.100344
0.018358153846153843
-0.06028984615384615
-0.1287156923076923
-0.15938215384615384
-0.14123261538461537
-0.07843938461538462
0.014185846153846153
0.11432123076923076
0.20423446153846153
0.27474646153846155
0.3198073846153846
0.32543999999999995
0.292896
0.21174461538461536
0.10618523076923077
0.0043809230769230765
-0.08115138461538463
-0.13080184615384613
-0.154584
-0.1424843076923077
-0.09471138461538461
-0.029623384615384614
0.04422646153846154
0.1045163076923077
0.13226215384615383
0.127464
0.09450276923076922
0.04902461538461538
-0.0022947692307692304
-0.053405538461538456
-0.09846646153846153
-0.13664307692307692
-0.14102399999999998
-0.10326461538461539
-0.040262769230769234
0.024616615384615383
0.0826116923076923
0.130176
0.16167692307692308
0.18107815384615383
0.1846246153846154
0.1570873846153846
0.10889723076923077
0.05319692307692307
-0.002086153846153846
-0.04380923076923077
-0.07343261538461537
-0.08448923076923077
-0.08323753846153846
-0.054240000000000003
0.0016689230769230767
0.06028984615384615
0.10743692307692307
0.1218313846153846
0.11452984615384615
0.0897046153846154
0.051528
0.005215384615384615
-0.05319692307692307
-0.11682461538461539
-0.16438892307692307
-0.17273353846153844
-0.13518276923076925
-0.07092923076923077
0.001043076923076923
0.07760492307692309
0.14832553846153845
0.2090326153846154
0.24616615384615384
0.24741784615384615
0.21028430769230766
0.1462393846153846
0.08636676923076922
0.03609046153846154
-0.006884307692307692
-0.03713353846153846
-0.06425353846153846
-0.07697907692307693
-0.05403138461538461
-0.007510153846153846
0.058412307692307694
0.12308307692307692
0.1693956923076923
0.20486030769230767
0.21842030769230766
0.21487384615384614
0.19442953846153843
0.15124615384615384
0.09596307692307693
0.034630153846153845
-0.01981846153846154
-0.05507446153846154
-0.078648
-0.10159569230769232
-0.11849353846153846
-0.1070196923076923
-0.06654830769230768
-0.01981846153846154
0.015437538461538461
0.033169846153846154
0.04109723076923077
0.04672984615384615
0.06195876923076923
0.07843938461538462
0.07593599999999999
0.05674338461538461
0.034630153846153845
0.03296123076923077
0.04214030769230769
0.04401784615384615
0.03859384615384615
0.02858030769230769
0.02044430769230769
0.00855323076923077
-0.003755076923076923
-0.024616615384615383
-0.04756430769230769
-0.06028984615384615
-0.06070707692307692
-0.04380923076923077
-0.01043076923076923
0.027745846153846152
0.059872615384615385
0.08511507692307693
0.09533723076923077
0.09241661538461539
0.06487938461538462
0.004172307692307692
-0.08323753846153846
-0.18337292307692307
-0.27182584615384614
-0.3369138461538461
-0.3707095384615384
-0.36445107692307693
-0.3141747692307692
-0.2221753846153846
-0.09304246153846155
0.05069353846153846
0.18545907692307692
0.28809784615384615
0.35276861538461535
0.38280923076923074
0.3623649230769231
0.2966510769230769
0.19171753846153847
0.06216738461538462
-0.06821723076923077
-0.17982646153846152
-0.25805723076923076
-0.2993630769230769
-0.30436984615384616
-0.26348123076923075
-0.17502830769230768
-0.059038153846153844
0.07092923076923077
0.1804523076923077
0.26535876923076923
0.3187643076923077
0.32877784615384614
0.3039526153846154
0.22467876923076924
0.10806276923076923
-0.022947692307692308
-0.14665661538461539
-0.23510953846153848
-0.3012406153846154
-0.32606584615384615
-0.3206418461538461
-0.3060387692307692
-0.2682793846153846
-0.23782153846153845
-0.21529107692307692
-0.20778092307692309
-0.16459753846153846
-0.06717415384615384
0.05590892307692308
0.23198030769230768
0.37237846153846155
0.5134024615384616
0.6262633846153846
0.6648572307692308
0.6640227692307692
0.5300916923076923
0.32961230769230765
0.07572738461538461
-0.16981292307692308
-0.39219692307692305
-0.5947624615384616
-0.6869704615384615
-0.7172196923076923
-0.5968486153846153
-0.3826006153846154
-0.12662953846153846
0.18191261538461537
0.4456024615384615
0.6684036923076923
0.7747975384615384
0.7424621538461539
0.5924676923076923
0.33962584615384617
0.03400430769230769
-0.3072904615384615
-0.6022726153846154
-0.8196498461538462
-0.9162387692307692
-0.8551144615384615
-0.6792516923076923
-0.4159790769230769
-0.12516923076923075
0.17481969230769231
0.46291753846153844
0.6594332307692308
0.7553963076923077
0.7547704615384615
0.6646486153846154
0.5380190769230769
0.3757163076923077
0.18337292307692307
-0.014394461538461538
-0.19985353846153847
-0.3510996923076923
-0.45373846153846153
-0.5069353846153847
-0.5117335384615385
-0.4372578461538461
-0.3039526153846154
-0.1422756923076923
0.03421292307692308
0.1794092307692308
0.287472
0.3642424615384615
0.37550769230769226
0.3410861538461538
0.27850153846153847
0.19192615384615386
0.11098338461538461
0.013351384615384614
-0.11181784615384616
-0.23156307692307693
-0.3275261538461538
-0.41013784615384613
-0.46708984615384613
-0.47877230769230766
-0.4456024615384615
-0.3440067692307692
-0.17419384615384614
0.033169846153846154
0.2509643076923077
0.427452923076923
0.5555427692307692
0.6308529230769231
0.6097827692307692
0.49108061538461534
0.30270092307692303
0.08866153846153846
-0.119328
-0.31041969230769234
-0.46145723076923073
-0.5469895384615384
-0.5453206153846154
-0.46708984615384613
-0.3327415384615385
-0.13998092307692306
0.07072061538461538
0.2795446153846154
0.4698018461538461
0.5793249230769231
0.6137464615384616
0.5713975384615384
0.442056
0.2628553846153846
0.04860738461538461
-0.16793538461538463
-0.3415033846153846
-0.452904
-0.4892030769230769
-0.4478972307692307
-0.3385827692307692
-0.16626646153846153
0.055491692307692304
0.26911384615384615
0.42995630769230764
0.5252935384615384
0.547824
0.5184092307692307
0.4405956923076923
0.3131316923076923
0.1656406153846154
0.018358153846153843
-0.11098338461538461
-0.200688
-0.24053353846153847
-0.24470584615384613
-0.23385784615384617
-0.19150892307692308
-0.12204
-0.040679999999999994
0.03108369230769231
0.07572738461538461
0.10660246153846153
0.10597661538461538
0.08907876923076924
0.06863446153846153
0.027745846153846152
-0.013560000000000001
-0.04401784615384615
-0.06592246153846154
-0.0717636923076923
-0.06821723076923077
-0.05528307692307692
-0.043392
-0.0446436923076923
-0.05507446153846154
-0.0717636923076923
-0.0828203076923077
-0.09408553846153846
-0.10055261538461538
-0.09095630769230768
-0.07113784615384615
-0.01710646153846154
0.05924676923076923
0.12037107692307693
0.16710092307692306
0.18858830769230767
0.19797599999999999
0.20277415384615383
0.17169046153846151
0.1151556923076923
0.04401784615384615
-0.03880246153846154
-0.10243015384615384
-0.13872923076923074
-0.15145476923076923
-0.1435273846153846
-0.10931446153846153
-0.05319692307692307
0.012516923076923077
0.078648
0.11911938461538461
0.13893784615384613
0.13247076923076923
0.10514215384615383
0.06550523076923077
0.012308307692307691
-0.03650769230769231
-0.086784
-0.13497415384615385
-0.16021661538461537
-0.14665661538461539
-0.10096984615384616
-0.026285538461538457
0.06404492307692307
0.14290153846153844
0.20673784615384616
0.2507556923076923
0.2626467692307692
0.23364923076923078
0.16856123076923077
0.08094276923076923
-0.0016689230769230767
-0.06675692307692307
-0.12579507692307693
-0.1612596923076923
-0.16251138461538459
-0.12579507692307693
-0.044435076923076924
0.054240000000000003
0.14164984615384615
0.20277415384615383
0.23052
0.23177169230769232
0.20193969230769232
0.13247076923076923
0.03838523076923077
-0.06070707692307692
-0.14144123076923076
-0.1858763076923077
-0.18963138461538462
-0.15562707692307692
-0.09095630769230768
-0.0014603076923076922
0.10096984615384616
0.19046584615384615
0.25284184615384614
0.26869661538461537
0.23636123076923077
0.16897846153846155
0.06863446153846153
-0.034630153846153845
-0.1287156923076923
-0.2008966153846154
-0.24199384615384617
-0.25367630769230765
-0.22029784615384615
-0.15625292307692307
-0.08302892307692307
-0.010848
0.04631261538461538
0.0936683076923077
0.12767261538461538
0.14311015384615386
0.1356
0.09784061538461537
0.05736923076923077
0.032544
0.013768615384615384
0.009387692307692307
0.01043076923076923
0.009179076923076922
0.008344615384615384
0.009804923076923077
0.027120000000000002
0.03650769230769231
0.03984553846153846
0.03629907692307692
0.022947692307692308
0.02357353846153846
0.028788923076923077
0.040054153846153843
0.05674338461538461
0.07802215384615384
0.11223507692307692
0.15395815384615386
0.1881710769230769
0.20360861538461536
0.19213476923076922
0.15187199999999998
0.08991323076923076
0.013560000000000001
-0.06967753846153846
-0.154584
-0.22447015384615385
-0.26494153846153845
-0.2780843076923077
-0.24554030769230767
-0.1696043076923077
-0.0826116923076923
0.008970461538461538
0.09074769230769231
0.14686523076923075
0.16501476923076921
0.12913292307692306
0.05799507692307692
-0.033169846153846154
-0.12162276923076921
-0.18712800000000002
-0.241368
-0.26535876923076923
-0.25805723076923076
-0.21320492307692307
-0.12725538461538463
-0.030875076923076922
0.06425353846153846
0.12537784615384615
0.1531236923076923
0.15917353846153848
0.143736
0.11578153846153846
0.07238953846153846
0.024199384615384616
-0.013351384615384614
-0.03129230769230769
-0.016063384615384615
0.012308307692307691
0.03129230769230769
0.051528
0.06300184615384616
0.07510153846153846
0.07426707692307692
0.044435076923076924
0.0014603076923076922
-0.06216738461538462
-0.12162276923076921
-0.157296
-0.1558356923076923
-0.1207883076923077
-0.07134646153846153
0.0002086153846153846
0.08699261538461538
0.1777403076923077
0.24887815384615386
0.2724516923076923
0.25200738461538463
0.19651569230769228
0.11327815384615383
0.02211323076923077
-0.07739630769230768
-0.1704387692307692
-0.2355267692307692
-0.25951753846153847
-0.21216184615384615
-0.12433476923076923
-0.011265230769230769
0.111192
0.214248
0.3008233846153846
0.3542289230769231
0.3642424615384615
0.3193901538461538
0.225096
0.08949599999999999
-0.05507446153846154
-0.1785747692307692
-0.2737033846153846
-0.327108923076923
-0.3415033846153846
-0.3081249230769231
-0.22634769230769228
-0.11327815384615383
0.006049846153846154
0.10514215384615383
0.1696043076923077
0.20110523076923076
0.20944984615384615
0.19588984615384614
0.1543753846153846
0.0961716923076923
0.03859384615384615
-0.009596307692307692
-0.029623384615384614
-0.03609046153846154
-0.03609046153846154
-0.033169846153846154
-0.03421292307692308
-0.017732307692307693
0.003963692307692307
0.022530461538461537
0.027745846153846152
0.013768615384615384
-0.0033378461538461535
-0.02232184615384615
-0.03629907692307692
-0.04819015384615385
-0.0717636923076923
-0.092208
-0.09971815384615385
-0.08699261538461538
-0.05236246153846154
-0.015646153846153844
0.021696
0.037967999999999995
0.04318338461538461
0.04652123076923077
0.03108369230769231
0.0033378461538461535
-0.03984553846153846
-0.07969107692307692
-0.0961716923076923
-0.0880356923076923
-0.05862092307692307
-0.008761846153846153
0.04130584615384615
0.08428061538461538
0.130176
0.16480615384615382
0.18545907692307692
0.17023015384615386
0.1287156923076923
0.08866153846153846
0.04130584615384615
-0.005841230769230769
-0.05611753846153846
-0.10722830769230769
-0.14790830769230767
-0.16876984615384616
-0.15541846153846153
-0.12621230769230768
-0.09095630769230768
-0.04526953846153846
0.0012516923076923076
0.06070707692307692
0.12162276923076921
0.1718990769230769
0.20298276923076922
0.19442953846153843
0.16188553846153847
0.11599015384615384
0.059038153846153844
-0.005841230769230769
-0.07531015384615385
-0.13664307692307692
-0.18358153846153846
-0.2021483076923077
-0.18232984615384615
-0.14018953846153845
-0.08699261538461538
-0.03045784615384615
0.03629907692307692
0.10326461538461539
0.15646153846153846
0.19004861538461537
0.2021483076923077
0.1942209230769231
0.17148184615384612
0.14331876923076922
0.09825784615384614
0.04652123076923077
-0.003129230769230769
-0.046104
-0.07760492307692309
-0.09471138461538461
-0.09679753846153846
-0.09304246153846155
-0.08073415384615384
-0.06446215384615385
-0.042348923076923076
-0.009387692307692307
0.02482523076923077
0.05236246153846154
0.08156861538461539
0.11056615384615384
0.13664307692307692
0.16480615384615382
0.16480615384615382
0.14290153846153844
0.09784061538461537
0.028788923076923077
-0.03337846153846154
-0.10618523076923077
-0.16647507692307692
-0.2090326153846154
-0.21737723076923077
-0.17481969230769231
-0.10493353846153847
-0.010848
0.07489292307692308
0.15500123076923078
0.2127876923076923
0.24449723076923074
0.2591003076923077
0.222384
0.1639716923076923
0.08094276923076923
-0.012516923076923077
-0.07823076923076923
-0.14164984615384615
-0.08448923076923077
-0.03859384615384615
-0.05069353846153846
0.029623384615384614
0.05277969230769231
0.12788123076923075
0.17544553846153846
0.14394461538461537
0.12329169230769231
0.020027076923076922
0.006675692307692307
-0.01043076923076923
-0.06446215384615385
-0.100344
-0.18337292307692307
-0.14853415384615384
-0.10013538461538461
-0.04109723076923077
0.04860738461538461
0.027745846153846152
0.06362769230769232
0.08052553846153847
0.07593599999999999
0.12391753846153845
0.07885661538461539
0.073224
0.058412307692307694
-0.015646153846153844
0.005632615384615384
-0.013351384615384614
-0.031709538461538456
-0.01397723076923077
-0.05945538461538461
-0.06321046153846153
-0.08073415384615384
-0.06633969230769231
0.012308307692307691
0.04214030769230769
0.07364123076923076
0.08991323076923076
0.12454338461538461
0.18483323076923078
0.18545907692307692
0.17523692307692307
0.12767261538461538
0.06613107692307692
0.04944184615384615
0.0016689230769230767
-0.021696
-0.030040615384615384
-0.054657230769230764
-0.03045784615384615
-0.02211323076923077
-0.00855323076923077
0.04965046153846154
0.08219446153846154
0.13706030769230768
0.18712800000000002
0.1881710769230769
0.17169046153846151
0.11557292307692307
0.05611753846153846
-0.025659692307692307
-0.11974523076923077
-0.1869193846153846
-0.22780799999999998
-0.21049292307692305
-0.19755876923076923
-0.1783661538461538
-0.11828492307692307
-0.07155507692307693
-0.0077187692307692304
0.04652123076923077
0.0609156923076923
0.0678
0.041514461538461535
0.027745846153846152
0.019609846153846155
-0.016897846153846156
-0.026702769230769228
-0.028371692307692306
-0.02023569230769231
-0.004798153846153846
0.0022947692307692304
0.03442153846153846
0.06195876923076923
0.078648
0.08323753846153846
0.08135999999999999
0.11452984615384615
0.13768615384615385
0.13247076923076923
0.11911938461538461
0.07405846153846153
0.043600615384615383
0.03880246153846154
0.01814953846153846
0.012934153846153845
0.0002086153846153846
-0.012099692307692308
0.004172307692307692
0.002086153846153846
0.010013538461538461
0.02315630769230769
0.011056615384615385
-0.003129230769230769
-0.022947692307692308
-0.035255999999999996
-0.05799507692307692
-0.07781353846153846
-0.07426707692307692
-0.07092923076923077
-0.054240000000000003
-0.05090215384615384
-0.05924676923076923
-0.07092923076923077
-0.09533723076923077
-0.09554584615384615
-0.08240307692307691
-0.07781353846153846
-0.052153846153846155
-0.015854769230769228
0.012934153846153845
0.04172307692307692
0.05069353846153846
0.06195876923076923
0.0744756923076923
0.06967753846153846
0.06279323076923077
0.04839876923076923
0.021070153846153846
-0.009804923076923077
-0.03692492307692308
-0.043392
-0.03400430769230769
-0.016897846153846156
0.006049846153846154
0.012308307692307691
0.02545107692307692
0.03233538461538461
0.0448523076923077
0.07113784615384615
0.05736923076923077
0.02899753846153846
-0.004172307692307692
-0.02858030769230769
-0.021278769230769233
-0.027120000000000002
-0.03671630769230769
-0.03066646153846154
-0.023364923076923075
0.01397723076923077
0.051319384615384614
0.07030338461538461
0.0771876923076923
0.06028984615384615
0.05799507692307692
0.05486584615384615
0.05403138461538461
0.04902461538461538
0.015228923076923076
-0.01397723076923077
-0.04631261538461538
-0.06028984615384615
-0.059038153846153844
-0.06258461538461538
-0.04756430769230769
-0.040679999999999994
-0.02795446153846154
0.015228923076923076
0.049233230769230765
0.065088
0.06049846153846154
0.04526953846153846
0.05319692307692307
0.06300184615384616
0.06195876923076923
0.040054153846153843
0.0
-0.023990769230769232
-0.027120000000000002
0.0022947692307692304
0.035464615384615386
0.053614153846153846
0.08115138461538463
0.10660246153846153
0.1422756923076923
0.1696043076923077
0.15750461538461538
0.13267938461538462
0.09283384615384616
0.047772923076923074
0.013560000000000001
-0.026911384615384615
-0.06028984615384615
-0.07614461538461538
-0.08469784615384615
-0.07280676923076923
-0.04985907692307692
-0.030875076923076922
-0.024408000000000003
-0.029414769230769227
-0.02357353846153846
-0.021904615384615383
-0.014603076923076923
-0.010013538461538461
-0.021070153846153846
-0.030040615384615384
-0.047981538461538464
-0.05736923076923077
-0.06863446153846153
-0.10076123076923077
-0.12996738461538462
-0.157296
-0.16209415384615386
-0.12099692307692309
-0.059872615384615385
0.01668923076923077
0.0963803076923077
0.17294215384615383
0.2503384615384615
0.292896
0.29456492307692306
0.25054707692307693
0.17398523076923075
0.09304246153846155
0.01272553846153846
-0.04693846153846153
-0.092208
-0.11682461538461539
-0.10952307692307692
-0.08156861538461539
-0.028163076923076923
0.03442153846153846
0.09179076923076923
0.1449876923076923
0.18983999999999998
0.22822523076923076
0.24637476923076923
0.22300984615384614
0.15520984615384617
0.06738276923076922
-0.019609846153846155
-0.10389046153846154
-0.17419384615384614
-0.2290596923076923
-0.2624381538461539
-0.26368984615384616
-0.22655630769230767
-0.14853415384615384
-0.05048492307692308
0.03775938461538462
0.11202646153846153
0.17377661538461536
0.21487384615384614
0.2369870769230769
0.22154953846153846
0.15750461538461538
0.07280676923076923
-0.009596307692307692
-0.07948246153846153
-0.12642092307692307
-0.1585476923076923
-0.1792006153846154
-0.17398523076923075
-0.14144123076923076
-0.07885661538461539
-0.005424
0.05799507692307692
0.10994030769230768
0.143736
0.17023015384615386
0.18337292307692307
0.17440246153846153
0.14540492307692307
0.08699261538461538
0.011473846153846154
-0.05799507692307692
-0.11599015384615384
-0.16438892307692307
-0.20131384615384615
-0.21654276923076923
-0.19296923076923078
-0.13998092307692306
-0.07656184615384615
-0.018358153846153843
0.021696
0.04214030769230769
0.052153846153846155
0.05736923076923077
0.04652123076923077
0.01981846153846154
-0.005841230769230769
-0.01397723076923077
0.002712
0.03692492307692308
0.078648
0.11056615384615384
0.13247076923076923
0.15750461538461538
0.16292861538461537
0.15354092307692307
0.12350030769230769
0.06362769230769232
0.006258461538461538
-0.04526953846153846
-0.07113784615384615
-0.07364123076923076
-0.05757784615384615
-0.01981846153846154
0.02586830769230769
0.09074769230769231
0.15291507692307693
0.1927606153846154
0.20652923076923077
0.19004861538461537
0.1570873846153846
0.10806276923076923
0.05319692307692307
0.0
-0.06759138461538462
-0.12391753846153845
-0.15187199999999998
-0.14999446153846155
-0.12224861538461537
-0.09512861538461538
-0.06383630769230769
-0.02858030769230769
0.013560000000000001
0.06279323076923077
0.10263876923076923
0.12391753846153845
0.1287156923076923
0.11578153846153846
0.08866153846153846
0.04860738461538461
-0.0022947692307692304
-0.04985907692307692
-0.09304246153846155
-0.12141415384615384
-0.13747753846153846
-0.15208061538461537
-0.15792184615384616
-0.15500123076923078
-0.13434830769230768
-0.09262523076923077
-0.04318338461538461
0.014185846153846153
0.06529661538461538
0.09784061538461537
0.13038461538461538
0.15792184615384616
0.17565415384615385
0.17398523076923075
0.14164984615384615
0.08845292307692308
0.01940123076923077
-0.04568676923076923
-0.10201292307692307
-0.15896492307692306
-0.20632061538461538
-0.22113230769230768
-0.19818461538461538
-0.1358086153846154
-0.05173661538461538
0.031918153846153846
0.11056615384615384
0.17544553846153846
0.23072861538461537
0.25972615384615383
0.24324553846153843
0.17982646153846152
0.07280676923076923
-0.04214030769230769
-0.14436184615384615
-0.23615261538461538
-0.2997803076923077
-0.336288
-0.3239796923076923
-0.254928
-0.16063384615384615
-0.04214030769230769
0.07051199999999999
0.1652233846153846
0.24053353846153847
0.2818393846153846
0.29101846153846156
0.252216
0.1846246153846154
0.10430769230769231
0.02044430769230769
-0.03921969230769231
-0.07802215384615384
-0.086784
-0.07405846153846153
-0.048816000000000005
0.006049846153846154
0.06800861538461538
0.14394461538461537
0.21925476923076925
0.25930892307692305
0.2822566153846154
0.27453784615384613
0.2438713846153846
0.20673784615384616
0.13998092307692306
0.06049846153846154
-0.009179076923076922
-0.06592246153846154
-0.09241661538461539
-0.11202646153846153
-0.12516923076923075
-0.12558646153846154
-0.11870215384615385
-0.08636676923076922
-0.051528
-0.011265230769230769
0.026911384615384615
0.04819015384615385
0.06821723076923077
0.07781353846153846
0.08198584615384615
0.07969107692307692
0.05736923076923077
0.027745846153846152
-0.005841230769230769
-0.029414769230769227
-0.04088861538461538
-0.06842584615384616
-0.086784
-0.08866153846153846
-0.08156861538461539
-0.04985907692307692
-0.006049846153846154
0.04985907692307692
0.09763200000000001
0.13059323076923077
0.17732307692307692
0.21320492307692307
0.22718215384615387
0.21341353846153846
0.15896492307692306
0.09679753846153846
0.025659692307692307
-0.047981538461538464
-0.10347323076923076
-0.14415323076923076
-0.14853415384615384
-0.12725538461538463
-0.09158215384615384
-0.04568676923076923
-0.024408000000000003
-0.0029206153846153843
0.02545107692307692
0.03567323076923076
0.06258461538461538
0.06154153846153846
0.05507446153846154
0.06321046153846153
0.06821723076923077
0.19213476923076922
0.1777403076923077
0.08594953846153845
0.06592246153846154
-0.043600615384615383
-0.03921969230769231
-0.11953661538461538
-0.22718215384615387
-0.30207507692307695
-0.41618769230769226
-0.3116713846153846
-0.2509643076923077
-0.18316430769230768
-0.11265230769230769
-0.09971815384615385
0.05778646153846154
0.13330523076923076
0.22655630769230767
0.2655673846153846
0.13768615384615385
0.08135999999999999
-0.047772923076923074
-0.12788123076923075
-0.14957723076923077
-0.23198030769230768
-0.16063384615384615
-0.1356
-0.10681107692307691
0.04756430769230769
0.10743692307692307
0.20840676923076923
0.23448369230769228
0.17377661538461536
0.1597993846153846
0.07259815384615384
0.07656184615384615
0.09512861538461538
0.05090215384615384
0.045895384615384616
0.022947692307692308
0.07238953846153846
0.11578153846153846
0.07051199999999999
0.02586830769230769
-0.07030338461538461
-0.11599015384615384
-0.0961716923076923
-0.11870215384615385
-0.10889723076923077
-0.12037107692307693
-0.1136953846153846
-0.03859384615384615
-0.0050067692307692304
0.041514461538461535
0.07697907692307693
0.07364123076923076
0.11619876923076923
0.14039815384615384
0.143736
0.10389046153846154
0.009596307692307692
-0.07051199999999999
-0.16084246153846155
-0.200688
-0.19547261538461536
-0.15145476923076923
-0.04902461538461538
0.016063384615384615
0.1218313846153846
0.260352
0.33670523076923076
0.4011673846153846
0.3784283076923077
0.3004061538461538
0.22113230769230768
0.09825784615384614
0.012934153846153845
-0.0897046153846154
-0.1846246153846154
-0.19296923076923078
-0.18107815384615383
-0.1218313846153846
-0.06028984615384615
-0.010639384615384617
0.07384984615384615
0.13372246153846154
0.17377661538461536
0.17586276923076924
0.13747753846153846
0.11703323076923078
0.05799507692307692
-0.0043809230769230765
-0.05048492307692308
-0.12412615384615384
-0.13852061538461538
-0.14540492307692307
-0.14123261538461537
-0.06905169230769231
-0.015437538461538461
0.05111076923076923
0.09554584615384615
0.084072
0.09199938461538461
0.08135999999999999
0.07426707692307692
0.06967753846153846
0.040679999999999994
0.03275261538461539
0.027120000000000002
0.05924676923076923
0.10493353846153847
0.11411261538461538
0.1045163076923077
0.058412307692307694
0.01668923076923077
-0.013351384615384614
-0.052153846153846155
-0.06905169230769231
-0.10117846153846152
-0.13726892307692307
-0.11682461538461539
-0.0826116923076923
-0.044435076923076924
-0.01856676923076923
-0.012099692307692308
0.03358707692307692
0.08448923076923077
0.11765907692307691
0.12350030769230769
0.08115138461538463
0.027120000000000002
-0.031709538461538456
-0.08386338461538462
-0.1178676923076923
-0.15228923076923076
-0.1721076923076923
-0.184416
-0.16897846153846155
-0.10555938461538462
-0.040679999999999994
0.042557538461538466
0.10347323076923076
0.11223507692307692
0.12370892307692308
0.11745046153846153
0.11306953846153844
0.09450276923076922
0.024616615384615383
-0.03609046153846154
-0.08031692307692308
-0.09241661538461539
-0.07510153846153846
-0.06529661538461538
-0.052153846153846155
-0.03713353846153846
0.0016689230769230767
0.051528
0.07343261538461537
0.06300184615384616
0.02586830769230769
-0.014185846153846153
-0.040679999999999994
-0.06279323076923077
-0.07593599999999999
-0.06884307692307692
-0.04547815384615384
0.005841230769230769
0.05757784615384615
0.10535076923076922
0.15354092307692307
0.16418030769230768
0.15520984615384617
0.12975876923076923
0.10764553846153846
0.09325107692307691
0.05945538461538461
0.024408000000000003
-0.007510153846153846
-0.026702769230769228
-0.029623384615384614
-0.010222153846153844
0.018358153846153843
0.03963692307692308
0.06070707692307692
0.09304246153846155
0.1353913846153846
0.16480615384615382
0.1718990769230769
0.15416676923076922
0.13768615384615385
0.1287156923076923
0.10848000000000001
0.0826116923076923
0.04735569230769231
0.018775384615384614
0.012308307692307691
0.01710646153846154
0.03024923076923077
0.0446436923076923
0.041514461538461535
0.032544
0.03713353846153846
0.03921969230769231
0.042348923076923076
0.0448523076923077
0.052153846153846155
0.07927384615384615
0.10827138461538462
0.12808984615384614
0.14123261538461537
0.14290153846153844
0.13226215384615383
0.10931446153846153
0.06446215384615385
0.010639384615384617
-0.04547815384615384
-0.10159569230769232
-0.14123261538461537
-0.15875630769230767
-0.15875630769230767
-0.13372246153846154
-0.09095630769230768
-0.04652123076923077
0.003129230769230769
0.04965046153846154
0.07301538461538462
0.07009476923076922
0.05590892307692308
0.02858030769230769
-0.00855323076923077
-0.050067692307692306
-0.09137353846153846
-0.13226215384615383
-0.16856123076923077
-0.18858830769230767
-0.1777403076923077
-0.14832553846153845
-0.12808984615384614
-0.103056
-0.07343261538461537
-0.02357353846153846
0.04047138461538462
0.08448923076923077
0.11599015384615384
0.12621230769230768
0.11911938461538461
0.09784061538461537
0.04819015384615385
-0.006258461538461538
-0.06800861538461538
-0.1287156923076923
-0.16418030769230768
-0.1802436923076923
-0.17481969230769231
-0.16188553846153847
-0.13518276923076925
-0.09074769230769231
-0.043392
0.004589538461538461
0.043600615384615383
0.07280676923076923
0.09053907692307692
0.09429415384615383
0.08907876923076924
0.07843938461538462
0.047772923076923074
-0.0029206153846153843
-0.05236246153846154
-0.0936683076923077
-0.11452984615384615
-0.12308307692307692
-0.12329169230769231
-0.10931446153846153
-0.07238953846153846
-0.0022947692307692304
0.0897046153846154
0.17481969230769231
0.2290596923076923
0.2509643076923077
0.24679199999999998
0.23364923076923078
0.21487384615384614
0.17565415384615385
0.1136953846153846
0.04756430769230769
-0.0070929230769230765
-0.049233230769230765
-0.06633969230769231
-0.06133292307692308
-0.04526953846153846
-0.021070153846153846
0.016897846153846156
0.07843938461538462
0.12558646153846154
0.14164984615384615
0.14081538461538462
0.11411261538461538
0.08240307692307691
0.051319384615384614
0.012308307692307691
-0.02044430769230769
-0.062376
-0.08845292307692308
-0.07969107692307692
-0.061750153846153844
-0.035464615384615386
-0.022530461538461537
-0.005841230769230769
0.02023569230769231
0.03692492307692308
0.05486584615384615
0.052571076923076915
0.035255999999999996
0.010222153846153844
-0.02023569230769231
-0.03129230769230769
-0.038176615384615385
-0.04401784615384615
-0.04672984615384615
-0.040679999999999994
-0.004798153846153846
0.04652123076923077
0.0936683076923077
0.12266584615384615
0.12662953846153846
0.11223507692307692
0.08010830769230769
0.037967999999999995
-0.011265230769230769
-0.06529661538461538
-0.11056615384615384
-0.14665661538461539
-0.15374953846153847
-0.132888
-0.10263876923076923
-0.05611753846153846
0.003129230769230769
0.06550523076923077
0.12850707692307692
0.17982646153846152
0.20047938461538461
0.19150892307692308
0.15291507692307693
0.100344
0.051319384615384614
-0.004589538461538461
-0.06446215384615385
-0.111192
-0.13247076923076923
-0.12287446153846153
-0.09179076923076923
-0.05236246153846154
-0.013142769230769229
0.024408000000000003
0.06216738461538462
0.10159569230769232
0.12788123076923075
0.12996738461538462
0.11473846153846154
0.09158215384615384
0.06926030769230769
0.03400430769230769
-0.013768615384615384
-0.06738276923076922
-0.1218313846153846
-0.15792184615384616
-0.17461107692307692
-0.17398523076923075
-0.15792184615384616
-0.13434830769230768
-0.09053907692307692
-0.03421292307692308
0.02357353846153846
0.08574092307692306
0.12913292307692306
0.15374953846153847
0.16689230769230767
0.16042523076923076
0.14853415384615384
0.12329169230769231
0.07739630769230768
0.026494153846153844
-0.03212676923076923
-0.084072
-0.12558646153846154
-0.15833907692307692
-0.17711446153846155
-0.1867107692307692
-0.17231630769230769
-0.12287446153846153
-0.06028984615384615
0.006049846153846154
0.06759138461538462
0.11473846153846154
0.15145476923076923
0.16209415384615386
0.1449876923076923
0.09095630769230768
0.008761846153846153
-0.07134646153846153
-0.14039815384615384
-0.18316430769230768
-0.20444307692307692
-0.2225926153846154
-0.2288510769230769
-0.21633415384615384
-0.1779489230769231
-0.11202646153846153
-0.03921969230769231
0.03379569230769231
0.10013538461538461
0.15520984615384617
0.20402584615384614
0.22634769230769228
0.21487384615384614
0.17711446153846155
0.10868861538461538
0.03379569230769231
-0.03379569230769231
-0.0826116923076923
-0.11327815384615383
-0.1341396923076923
-0.11891076923076922
-0.07426707692307692
-0.003963692307692307
0.07134646153846153
0.12370892307692308
0.15604430769230768
0.1612596923076923
0.14957723076923077
0.12537784615384615
0.08240307692307691
0.03150092307692308
-0.015020307692307692
-0.051319384615384614
-0.06592246153846154
-0.06404492307692307
-0.05403138461538461
-0.04214030769230769
-0.03567323076923076
-0.02044430769230769
-0.0012516923076923076
0.00855323076923077
0.010013538461538461
-0.009179076923076922
-0.041514461538461535
-0.07531015384615385
-0.11452984615384615
-0.15792184615384616
-0.17148184615384612
-0.1097316923076923
-0.009387692307692307
0.14519630769230768
0.31751261538461534
0.4725138461538462
0.6268892307692308
0.7059544615384615
0.730571076923077
0.644412923076923
0.46396061538461536
0.249504
0.0029206153846153843
-0.17628
-0.3886504615384615
-0.52884
-0.5636787692307692
-0.5363501538461538
-0.35256
-0.17002153846153847
0.06759138461538462
0.2872633846153846
0.4456024615384615
0.5999778461538462
0.5928849230769231
0.5169489230769231
0.3412947692307692
0.09199938461538461
-0.13101046153846155
-0.3780110769230769
-0.5244590769230769
-0.5941366153846154
-0.5736923076923076
-0.41952553846153845
-0.24282830769230768
-0.020027076923076922
0.17690584615384616
0.3225193846153846
0.45040061538461534
0.45332123076923075
0.4086775384615385
0.3350363076923077
0.22113230769230768
0.154584
0.06216738461538462
-0.027745846153846152
-0.09387692307692307
-0.16209415384615386
-0.16751815384615384
-0.1693956923076923
-0.17377661538461536
-0.16105107692307694
-0.14811692307692306
-0.09596307692307693
-0.05277969230769231
-0.02315630769230769
0.0018775384615384615
-0.007510153846153846
0.003963692307692307
0.027328615384615382
0.052153846153846155
0.1045163076923077
0.13372246153846154
0.17315076923076922
0.19735015384615384
0.14519630769230768
0.08073415384615384
-0.030875076923076922
-0.16188553846153847
-0.2638984615384615
-0.35986153846153845
-0.37050092307692306
-0.3179298461538461
-0.20819815384615384
-0.03671630769230769
0.12391753846153845
0.2970683076923077
0.43058215384615384
0.4958787692307692
0.49337538461538455
0.38593846153846156
0.23928184615384615
0.06675692307692307
-0.1136953846153846
-0.25805723076923076
-0.37884553846153846
-0.4424732307692308
-0.452904
-0.4049224615384615
-0.2772498461538462
-0.13393107692307693
0.024199384615384616
0.1846246153846154
0.3137575384615385
0.409512
0.4297476923076923
0.3957433846153846
0.3187643076923077
0.20193969230769232
0.0826116923076923
-0.026702769230769228
-0.09763200000000001
-0.12391753846153845
-0.12350030769230769
-0.07468430769230769
0.012308307692307691
0.10555938461538462
0.20819815384615384
0.2712
0.29727692307692305
0.30207507692307695
0.2647329230769231
0.22551323076923077
0.16000799999999998
0.08177723076923075
0.021278769230769233
-0.03629907692307692
-0.04672984615384615
-0.029414769230769227
-0.011891076923076923
0.005215384615384615
0.011056615384615385
0.031918153846153846
0.0446436923076923
0.02044430769230769
-0.03421292307692308
-0.1207883076923077
-0.19025723076923076
-0.23469230769230767
-0.2526332307692308
-0.22113230769230768
-0.18545907692307692
-0.12996738461538462
-0.051528
0.02545107692307692
0.11077476923076923
0.16063384615384615
0.1718990769230769
0.1635544615384615
0.1289243076923077
0.08699261538461538
0.03609046153846154
-0.014185846153846153
-0.05194523076923077
-0.0880356923076923
-0.09179076923076923
-0.06321046153846153
-0.02273907692307692
0.02795446153846154
0.055491692307692304
0.07677046153846154
0.09429415384615383
0.09033046153846153
0.08615815384615384
0.05444861538461539
-0.0025033846153846152
-0.05674338461538461
-0.103056
-0.12016246153846154
-0.12120553846153845
-0.12266584615384615
-0.10722830769230769
-0.08302892307692307
-0.044435076923076924
0.0035464615384615383
0.026494153846153844
0.025659692307692307
-0.0077187692307692304
-0.052153846153846155
-0.09325107692307691
-0.14311015384615386
-0.1785747692307692
-0.20444307692307692
-0.2008966153846154
-0.143736
-0.056951999999999996
0.055491692307692304
0.1710646153846154
0.26368984615384616
0.327108923076923
0.33524492307692305
0.28851507692307693
0.18983999999999998
0.0446436923076923
-0.11995384615384615
-0.2753723076923077
-0.38927630769230764
-0.44956615384615384
-0.45603323076923075
-0.4030449230769231
-0.2916443076923077
-0.14123261538461537
0.02899753846153846
0.18963138461538462
0.31000246153846156
0.3648683076923077
0.3600701538461538
0.31396615384615384
0.21716861538461538
0.08448923076923077
-0.07051199999999999
-0.21696000000000001
-0.32585723076923073
-0.3813489230769231
-0.3738387692307692
-0.3156350769230769
-0.2154996923076923
-0.0897046153846154
0.054240000000000003
0.19672430769230767
0.30937661538461536
0.36945784615384614
0.371544
0.3243969230769231
0.2415766153846154
0.13726892307692307
0.014811692307692307
-0.10347323076923076
-0.20277415384615383
-0.26306399999999996
-0.27558092307692306
-0.25701415384615384
-0.21675138461538462
-0.1639716923076923
-0.11202646153846153
-0.059664
-0.01397723076923077
0.015646153846153844
0.020027076923076922
0.006675692307692307
-0.003963692307692307
-0.017315076923076923
-0.015020307692307692
-0.0043809230769230765
0.0012516923076923076
0.01043076923076923
0.015228923076923076
0.023364923076923075
0.027120000000000002
0.021278769230769233
0.005215384615384615
-0.015228923076923076
-0.02524246153846154
-0.015228923076923076
0.01397723076923077
0.055491692307692304
0.10368184615384615
0.154584
0.21111876923076925
0.2563883076923077
0.28663753846153844
0.2845513846153846
0.2424110769230769
0.18796246153846152
0.12350030769230769
0.06070707692307692
-0.006884307692307692
-0.07510153846153846
-0.12704676923076924
-0.16501476923076921
-0.16772676923076923
-0.14540492307692307
-0.10722830769230769
-0.061124307692307686
-0.012934153846153845
0.04193169230769231
0.09158215384615384
0.127464
0.13789476923076924
0.12725538461538463
0.09325107692307691
0.044435076923076924
-0.004589538461538461
-0.059872615384615385
-0.11724184615384614
-0.15646153846153846
-0.16897846153846155
-0.15333230769230768
-0.11286092307692308
-0.06592246153846154
-0.012516923076923077
0.041514461538461535
0.09304246153846155
0.15124615384615384
0.19067446153846154
0.21028430769230766
0.20819815384615384
0.1792006153846154
0.14999446153846155
0.11473846153846154
0.07343261538461537
0.03379569230769231
-0.007301538461538462
-0.040262769230769234
-0.05090215384615384
-0.0446436923076923
-0.03296123076923077
-0.023364923076923075
-0.021696
-0.018358153846153843
-0.006675692307692307
0.011891076923076923
0.027120000000000002
0.038176615384615385
0.05444861538461539
0.0853236923076923
0.119328
0.1397723076923077
0.13935507692307691
0.11494707692307692
0.07405846153846153
0.031709538461538456
-0.01043076923076923
-0.052153846153846155
-0.08949599999999999
-0.11703323076923078
-0.12266584615384615
-0.09658892307692307
-0.04401784615384615
0.008970461538461538
0.05862092307692307
0.09784061538461537
0.12099692307692309
0.12579507692307693
0.09658892307692307
0.042557538461538466
-0.029832
-0.10514215384615383
-0.15938215384615384
-0.19192615384615386
-0.19526400000000002
-0.17002153846153847
-0.11494707692307692
-0.03504738461538461
0.05924676923076923
0.15604430769230768
0.23010276923076922
0.27474646153846155
0.2799618461538461
0.23615261538461538
0.168144
0.10159569230769232
0.02273907692307692
-0.05486584615384615
-0.10848000000000001
-0.12391753846153845
-0.09158215384615384
-0.03108369230769231
0.06300184615384616
0.16772676923076923
0.25284184615384614
0.3291950769230769
0.3790541538461539
0.38072307692307694
0.32564861538461537
0.21028430769230766
0.06633969230769231
-0.07280676923076923
-0.19881046153846152
-0.30019753846153846
-0.3611132307692308
-0.37091815384615384
-0.327108923076923
-0.2399076923076923
-0.11891076923076922
0.008344615384615384
0.11870215384615385
0.19755876923076923
0.22947692307692308
0.2225926153846154
0.1792006153846154
0.11348676923076922
0.031709538461538456
-0.056326153846153845
-0.12767261538461538
-0.18107815384615383
-0.20632061538461538
-0.20506892307692307
-0.1785747692307692
-0.12433476923076923
-0.04672984615384615
0.05277969230769231
0.14978584615384616
0.2290596923076923
0.2845513846153846
0.3141747692307692
0.3279433846153846
0.3152178461538461
0.2730775384615384
0.21800307692307694
0.15270646153846154
0.08594953846153845
0.01668923076923077
-0.05653476923076922
-0.11056615384615384
-0.15896492307692306
-0.18900553846153845
-0.18379015384615385
-0.14978584615384616
-0.08761846153846153
-0.01856676923076923
0.06300184615384616
0.1462393846153846
0.2138307692307692
0.26118646153846153
0.27787569230769227
0.26619323076923074
0.22447015384615385
0.15145476923076923
0.059664
-0.04088861538461538
-0.14331876923076922
-0.2292683076923077
-0.2939390769230769
-0.3160523076923077
-0.2887236923076923
-0.23010276923076922
-0.13497415384615385
-0.015854769230769228
0.11286092307692308
0.23072861538461537
0.3152178461538461
0.3510996923076923
0.3179298461538461
0.23531815384615382
0.12391753846153845
0.0022947692307692304
-0.10722830769230769
-0.20235692307692305
-0.2632726153846154
-0.2845513846153846
-0.2605606153846154
-0.19296923076923078
-0.10326461538461539
-0.0018775384615384615
0.08991323076923076
0.16501476923076921
0.21967199999999998
0.24095076923076922
0.222384
0.16021661538461537
0.06654830769230768
-0.03129230769230769
-0.11244369230769231
-0.1635544615384615
-0.18942276923076923
-0.18942276923076923
-0.157296
-0.10576799999999999
-0.032544
0.04756430769230769
0.10389046153846154
0.13893784615384613
0.14394461538461537
0.11891076923076922
0.07343261538461537
0.004589538461538461
-0.054240000000000003
-0.10889723076923077
-0.14749107692307692
-0.15667015384615385
-0.1706473846153846
-0.15687876923076924
-0.13226215384615383
-0.09846646153846153
-0.0446436923076923
0.01043076923076923
0.07426707692307692
0.13393107692307693
0.1792006153846154
0.27850153846153847
0.32836061538461536
0.24491446153846153
0.15082892307692305
0.02858030769230769
-0.07885661538461539
-0.12537784615384615
-0.21800307692307694
-0.37300430769230764
-0.4522781538461538
-0.4214030769230769
-0.2853858461538461
-0.09512861538461538
0.04902461538461538
0.15249784615384615
0.2509643076923077
0.38719015384615385
0.504432
0.5328036923076923
0.40679999999999994
0.18379015384615385
-0.006049846153846154
-0.18879692307692306
-0.3127144615384615
-0.4214030769230769
-0.5409396923076923
-0.5732750769230769
-0.5862092307692308
-0.47918953846153844
-0.26765353846153844
-0.08845292307692308
0.12642092307692307
0.2853858461538461
0.3517255384615385
0.42724430769230765
0.4620830769230769
0.4762689230769231
0.42787015384615384
0.25388492307692306
0.06738276923076922
-0.10389046153846154
-0.21487384615384614
-0.2897667692307692
-0.37300430769230764
-0.4337113846153846
-0.45332123076923075
-0.3536030769230769
-0.18983999999999998
-0.03838523076923077
0.111192
0.20673784615384616
0.30332676923076923
0.4216116923076923
0.46771569230769233
0.47606030769230767
0.417648
0.30061476923076924
0.2127876923076923
0.10117846153846152
-0.03984553846153846
-0.18086953846153844
-0.3419206153846154
-0.4704276923076923
-0.5300916923076923
-0.533220923076923
-0.45561599999999997
-0.3022836923076923
-0.13330523076923076
0.03421292307692308
0.23135446153846154
0.3909452307692307
0.4958787692307692
0.5405224615384615
0.4514436923076923
0.29498215384615384
0.1205796923076923
-0.06258461538461538
-0.21758584615384616
-0.3646596923076923
-0.46437784615384614
-0.4798153846153846
-0.43433723076923075
-0.3129230769230769
-0.1506203076923077
0.02232184615384615
0.2154996923076923
0.3873987692307692
0.5004683076923077
0.5426086153846154
0.5394793846153846
0.4814843076923077
0.35631507692307696
0.20694646153846152
0.014603076923076923
-0.16271999999999998
-0.26869661538461537
-0.34275507692307694
-0.35318584615384613
-0.2997803076923077
-0.22113230769230768
-0.10430769230769231
0.026494153846153844
0.13497415384615385
0.233232
0.29581661538461534
0.31751261538461534
0.31834707692307695
0.2707827692307692
0.19317784615384614
0.11452984615384615
0.04756430769230769
-0.0043809230769230765
-0.050067692307692306
-0.09825784615384614
-0.15374953846153847
-0.17565415384615385
-0.16876984615384616
-0.14477907692307693
-0.10660246153846153
-0.09721476923076922
-0.0717636923076923
-0.012308307692307691
0.032544
0.0826116923076923
0.1028473846153846
0.0974233846153846
0.11682461538461539
0.12850707692307692
0.13101046153846155
0.10389046153846154
0.04318338461538461
-0.015020307692307692
-0.059872615384615385
-0.0826116923076923
-0.09283384615384616
-0.092208
-0.08574092307692306
-0.07948246153846153
-0.052571076923076915
-0.004172307692307692
0.05069353846153846
0.10430769230769231
0.12037107692307693
0.10952307692307692
0.1028473846153846
0.09158215384615384
0.09283384615384616
0.07677046153846154
0.024408000000000003
-0.021070153846153846
-0.04860738461538461
-0.042974769230769226
-0.019192615384615384
-0.022947692307692308
-0.042557538461538466
-0.054240000000000003
-0.04401784615384615
-0.02044430769230769
-0.011891076923076923
-0.03275261538461539
-0.08094276923076923
-0.12329169230769231
-0.14582215384615385
-0.15333230769230768
-0.14665661538461539
-0.13664307692307692
-0.11745046153846153
-0.07405846153846153
-0.017523692307692306
0.050067692307692306
0.11348676923076922
0.14039815384615384
0.13914646153846155
0.11828492307692307
0.09450276923076922
0.07030338461538461
0.033169846153846154
-0.01710646153846154
-0.07197230769230768
-0.09033046153846153
-0.06216738461538462
0.0012516923076923076
0.08302892307692307
0.15103753846153847
0.20715507692307691
0.26535876923076923
0.32543999999999995
0.36215630769230767
0.3379569230769231
0.2768326153846154
0.20798953846153845
0.1314276923076923
0.0609156923076923
-0.004172307692307692
-0.07030338461538461
-0.11202646153846153
-0.12162276923076921
-0.10493353846153847
-0.06383630769230769
-0.028788923076923077
0.0002086153846153846
0.031709538461538456
0.06070707692307692
0.08991323076923076
0.1136953846153846
0.12287446153846153
0.10618523076923077
0.07405846153846153
0.03296123076923077
-0.010013538461538461
-0.03880246153846154
-0.05945538461538461
-0.06842584615384616
-0.073224
-0.08094276923076923
-0.06759138461538462
-0.04318338461538461
-0.021070153846153846
0.002086153846153846
0.011056615384615385
0.01710646153846154
0.02753723076923077
0.031709538461538456
0.05298830769230769
0.08031692307692308
0.10722830769230769
0.13914646153846155
0.15604430769230768
0.15500123076923078
0.13789476923076924
0.11181784615384616
0.07238953846153846
0.010848
-0.048816000000000005
-0.0963803076923077
-0.12704676923076924
-0.12204
-0.10889723076923077
-0.08302892307692307
-0.04547815384615384
-0.0070929230769230765
0.050067692307692306
0.09846646153846153
0.1368516923076923
0.15124615384615384
0.1368516923076923
0.11599015384615384
0.08010830769230769
0.03609046153846154
-0.014603076923076923
-0.06905169230769231
-0.11953661538461538
-0.165432
-0.19004861538461537
-0.1977673846153846
-0.19359507692307693
-0.16876984615384616
-0.14123261538461537
-0.10138707692307691
-0.04672984615384615
-0.0008344615384615384
0.04047138461538462
0.06738276923076922
0.07280676923076923
0.06550523076923077
0.04214030769230769
0.010013538461538461
-0.028371692307692306
-0.07781353846153846
-0.11473846153846154
-0.1316363076923077
-0.1314276923076923
-0.11390399999999999
-0.08636676923076922
-0.03233538461538461
0.040262769230769234
0.12496061538461539
0.20778092307692309
0.2557624615384615
0.27412061538461535
0.2666104615384615
0.24345415384615382
0.20944984615384615
0.15646153846153846
0.08720123076923077
0.011265230769230769
-0.05403138461538461
-0.09304246153846155
-0.10243015384615384
-0.08761846153846153
-0.06529661538461538
-0.03379569230769231
0.015646153846153844
0.06008123076923077
0.0892873846153846
0.09596307692307693
0.07468430769230769
0.04276615384615385
0.007301538461538462
-0.020652923076923076
-0.03713353846153846
-0.06216738461538462
-0.08323753846153846
-0.08761846153846153
-0.07781353846153846
-0.050067692307692306
-0.015437538461538461
0.0025033846153846152
0.01272553846153846
0.022530461538461537
0.019609846153846155
0.021696
0.014185846153846153
0.0014603076923076922
-0.004589538461538461
-0.011473846153846154
0.008970461538461538
0.03880246153846154
0.065088
0.10597661538461538
0.15124615384615384
0.19818461538461538
0.2415766153846154
0.2578486153846154
0.23677846153846152
0.18232984615384615
0.111192
0.03838523076923077
-0.02545107692307692
-0.07969107692307692
-0.12558646153846154
-0.14874276923076923
-0.14290153846153844
-0.10117846153846152
-0.03921969230769231
0.018983999999999997
0.06133292307692308
0.086784
0.10472492307692308
0.10639384615384614
0.08323753846153846
0.027328615384615382
-0.050067692307692306
-0.124752
-0.18066092307692305
-0.20944984615384615
-0.22300984615384614
-0.2236356923076923
-0.20339999999999997
-0.15959076923076923
-0.08615815384615384
0.0
0.06425353846153846
0.09658892307692307
0.09679753846153846
0.07405846153846153
0.04547815384615384
0.012308307692307691
-0.03942830769230769
-0.09179076923076923
-0.13059323076923077
-0.14811692307692306
-0.12621230769230768
-0.09199938461538461
-0.06070707692307692
-0.03588184615384615
-0.016063384615384615
0.00855323076923077
0.032544
0.04214030769230769
0.026076923076923077
-0.007510153846153846
-0.046104
-0.07259815384615384
-0.07551876923076924
-0.05820369230769231
-0.02232184615384615
0.03045784615384615
0.09408553846153846
0.16710092307692306
0.2303113846153846
0.25430215384615384
0.2453316923076923
0.18963138461538462
0.10347323076923076
0.028163076923076923
-0.040679999999999994
-0.09241661538461539
-0.12725538461538463
-0.13622584615384614
-0.09596307692307693
-0.025659692307692307
0.06154153846153846
0.14749107692307692
0.21195323076923075
0.25054707692307693
0.2655673846153846
0.25138153846153843
0.1977673846153846
0.11286092307692308
0.005841230769230769
-0.0936683076923077
-0.1639716923076923
-0.21049292307692305
-0.2275993846153846
-0.21967199999999998
-0.18253846153846154
-0.11098338461538461
-0.015854769230769228
0.07802215384615384
0.14436184615384615
0.1785747692307692
0.19067446153846154
0.19171753846153847
0.18128676923076922
0.16480615384615382
0.13434830769230768
0.09074769230769231
0.04547815384615384
0.006049846153846154
-0.02044430769230769
-0.04735569230769231
-0.07280676923076923
-0.09262523076923077
-0.10493353846153847
-0.09721476923076922
-0.0828203076923077
-0.073224
-0.07635323076923077
-0.0892873846153846
-0.08636676923076922
-0.065088
-0.03108369230769231
0.007510153846153846
0.02795446153846154
0.03609046153846154
0.03629907692307692
0.032544
0.018983999999999997
-0.025659692307692307
-0.08845292307692308
-0.15562707692307692
-0.2075723076923077
-0.23177169230769232
-0.23177169230769232
-0.21341353846153846
-0.16251138461538459
-0.10263876923076923
-0.024408000000000003
0.06842584615384616
0.12934153846153845
0.17586276923076924
0.15833907692307692
0.12579507692307693
0.0880356923076923
0.07218092307692307
0.09387692307692307
0.18212123076923076
0.2845513846153846
0.3152178461538461
0.45749353846153845
0.5592978461538461
0.6619366153846153
0.71868
0.6018553846153846
0.4322510769230769
0.13309661538461537
-0.14018953846153845
-0.4549901538461538
-0.7814732307692308
-1.009907076923077
-1.1717926153846152
-1.0852172307692307
-0.8521938461538461
-0.46354338461538463
0.025033846153846153
0.4408043076923077
0.8638763076923077
1.1484276923076921
1.271928
1.2439735384615385
0.9625513846153846
0.5753612307692307
0.08511507692307693
-0.4516523076923077
-0.8407199999999999
-1.136328
-1.2439735384615385
-1.163030769230769
-0.9765286153846153
-0.6289753846153846
-0.23010276923076922
0.23448369230769228
0.7021993846153846
1.0487095384615384
1.281732923076923
1.343065846153846
1.2765175384615384
1.0687366153846154
0.6838412307692308
0.23364923076923078
-0.2751636923076923
-0.729528
-1.035984
-1.2372978461538462
-1.2642092307692308
-1.1496793846153845
-0.9199938461538462
-0.5755698461538461
-0.20506892307692307
0.17002153846153847
0.5204953846153846
0.7718769230769231
0.9418984615384616
1.0034399999999999
0.9427329230769231
0.7866886153846154
0.5261279999999999
0.21737723076923077
-0.14394461538461537
-0.4965046153846154
-0.7958676923076923
-1.0318116923076923
-1.1317384615384616
-1.13904
-1.0076123076923076
-0.706163076923077
-0.31250584615384613
0.168144
0.6467076923076923
1.0505870769230767
1.3653876923076922
1.5157993846153845
1.505785846153846
1.3209526153846154
0.9606738461538462
0.5040147692307693
-0.009179076923076922
-0.49984246153846157
-0.923748923076923
-1.2327083076923075
-1.3603809230769228
-1.3217870769230768
-1.1121286153846153
-0.7652012307692307
-0.3129230769230769
0.21487384615384614
0.7124215384615384
1.1181784615384616
1.392299076923077
1.481377846153846
1.3931335384615384
1.1317384615384616
0.7136732307692307
0.22822523076923076
-0.27850153846153847
-0.7395415384615384
-1.0841741538461538
-1.307809846153846
-1.3653876923076922
-1.249814769230769
-0.9767372307692308
-0.5789076923076923
-0.13247076923076923
0.306456
0.6746621538461538
0.956292923076923
1.1215163076923076
1.131529846153846
0.9955126153846154
0.7128387692307692
0.3521427692307692
-0.02482523076923077
-0.3873987692307692
-0.6759138461538462
-0.8801483076923076
-0.988211076923077
-0.9731907692307692
-0.8432233846153846
-0.6216738461538461
-0.3415033846153846
-0.04214030769230769
0.2586830769230769
0.5365587692307692
0.747468923076923
0.8728467692307691
0.900384
0.8263255384615384
0.6713243076923077
0.4633347692307692
0.23469230769230767
0.002086153846153846
-0.21883753846153844
-0.427452923076923
-0.599352
-0.6848843076923077
-0.6965667692307692
-0.6333563076923077
-0.5083956923076923
-0.3577753846153846
-0.16418030769230768
0.06404492307692307
0.3039526153846154
0.5252935384615384
0.6784172307692308
0.7551876923076922
0.7570652307692307
0.6794603076923076
0.527171076923077
0.30144923076923075
0.02023569230769231
-0.2707827692307692
-0.5171575384615384
-0.6863446153846153
-0.7708338461538461
-0.7641581538461538
-0.6794603076923076
-0.5219556923076923
-0.2943563076923077
-0.037967999999999995
0.23364923076923078
0.471888
0.6429526153846153
0.7439224615384615
0.7480947692307692
0.6853015384615384
0.5628443076923076
0.3815575384615385
0.16334584615384617
-0.051528
-0.22175815384615383
-0.33670523076923076
-0.38677292307692307
-0.38593846153846156
-0.3425464615384616
-0.25555384615384613
-0.13372246153846154
0.0022947692307692304
0.12329169230769231
0.19380369230769232
0.21716861538461538
0.22300984615384614
0.20819815384615384
0.1869193846153846
0.14749107692307692
0.08636676923076922
0.03483876923076923
-0.010639384615384617
-0.05111076923076923
-0.08615815384615384
-0.13184492307692308
-0.17711446153846155
-0.20819815384615384
-0.22447015384615385
-0.21591692307692306
-0.19588984615384614
-0.17002153846153847
-0.1356
-0.08094276923076923
-0.0006258461538461538
0.08824430769230769
0.184416
0.25951753846153847
0.3077076923076923
0.3342018461538461
0.327108923076923
0.29080984615384614
0.2140393846153846
0.10368184615384615
-0.02211323076923077
-0.14603076923076924
-0.2453316923076923
-0.30854215384615385
-0.3402516923076923
-0.3314898461538462
-0.2716172307692308
-0.17294215384615383
-0.04214030769230769
0.09095630769230768
0.19296923076923078
0.2695310769230769
0.314592
0.3141747692307692
0.2753723076923077
0.18358153846153846
0.05236246153846154
-0.08761846153846153
-0.21633415384615384
-0.31500923076923076
-0.38677292307692307
-0.42348923076923073
-0.4268270769230769
-0.39699507692307695
-0.32502276923076917
-0.2221753846153846
-0.10639384615384614
-0.009804923076923077
0.059038153846153844
0.12245723076923076
0.1710646153846154
0.20193969230769232
0.20944984615384615
0.1927606153846154
0.1570873846153846
0.08824430769230769
0.015020307692307692
-0.05382276923076923
-0.12433476923076923
-0.18796246153846152
-0.23385784615384617
-0.2436627692307692
-0.22718215384615387
-0.20110523076923076
-0.15792184615384616
-0.10555938461538462
-0.03921969230769231
0.047772923076923074
0.13789476923076924
0.21862892307692305
0.2651501538461538
0.2749550769230769
0.25346769230769234
0.19797599999999999
0.1178676923076923
0.018358153846153843
-0.09012184615384615
-0.18879692307692306
-0.26160369230769226
-0.29352184615384613
-0.29185292307692307
-0.25159015384615385
-0.16689230769230767
-0.06279323076923077
0.05194523076923077
0.17002153846153847
0.27182584615384614
0.33253292307692306
0.3425464615384616
0.32272799999999996
0.2858030769230769
0.2261390769230769
0.13998092307692306
0.04047138461538462
-0.058829538461538454
-0.14311015384615386
-0.19547261538461536
-0.21237046153846154
-0.18858830769230767
-0.1289243076923077
-0.03942830769230769
0.06446215384615385
0.16230276923076925
0.2453316923076923
0.2993630769230769
0.32377107692307694
0.32272799999999996
0.29602523076923076
0.23907323076923076
0.15354092307692307
0.05736923076923077
-0.03421292307692308
-0.10660246153846153
-0.1424843076923077
-0.13747753846153846
-0.1045163076923077
-0.05674338461538461
0.0002086153846153846
0.05820369230769231
0.09992676923076924
0.11703323076923078
0.10931446153846153
0.08135999999999999
0.03963692307692308
-0.003755076923076923
-0.03650769230769231
-0.06279323076923077
-0.07843938461538462
-0.06967753846153846
-0.0446436923076923
-0.0025033846153846152
0.04985907692307692
0.08490646153846154
0.10535076923076922
0.1045163076923077
0.09012184615384615
0.07364123076923076
0.042974769230769226
0.0029206153846153843
-0.037967999999999995
-0.06675692307692307
-0.07635323076923077
-0.06821723076923077
-0.05090215384615384
-0.016272
0.046104
0.12120553846153845
0.2059033846153846
0.28267384615384616
0.32898646153846156
0.3402516923076923
0.314592
0.25701415384615384
0.18107815384615383
0.0936683076923077
-0.004589538461538461
-0.10076123076923077
-0.18170399999999998
-0.22843384615384613
-0.2411593846153846
-0.23385784615384617
-0.20006215384615383
-0.1585476923076923
-0.10013538461538461
-0.02858030769230769
0.03108369230769231
0.07614461538461538
0.08156861538461539
0.06571384615384615
0.043392
0.01981846153846154
-0.0022947692307692304
-0.04819015384615385
-0.10138707692307691
-0.14832553846153845
-0.18232984615384615
-0.18942276923076923
-0.184416
-0.16856123076923077
-0.14394461538461537
-0.11411261538461538
-0.0609156923076923
-0.0012516923076923076
0.05674338461538461
0.11473846153846154
0.16021661538461537
0.20652923076923077
0.24762646153846155
0.2680707692307692
0.2626467692307692
0.21779446153846155
0.15416676923076922
0.08991323076923076
0.027120000000000002
-0.02315630769230769
-0.06863446153846153
-0.10743692307692307
-0.13101046153846155
-0.13393107692307693
-0.11014892307692307
-0.06216738461538462
-0.007510153846153846
0.043392
0.092208
0.14728246153846153
0.1992276923076923
0.22655630769230767
0.2221753846153846
0.1858763076923077
0.13893784615384613
0.0855323076923077
0.020652923076923076
-0.056951999999999996
-0.13601723076923075
-0.1942209230769231
-0.2205064615384615
-0.20193969230769232
-0.15771323076923077
-0.10013538461538461
-0.03588184615384615
0.03212676923076923
0.11557292307692307
0.19651569230769228
0.26306399999999996
0.30374399999999996
0.3170953846153846
0.3131316923076923
0.2883064615384615
0.24449723076923074
0.18212123076923076
0.10430769230769231
0.023990769230769232
-0.042557538461538466
-0.08594953846153845
-0.10764553846153846
-0.11640738461538462
-0.12099692307692309
-0.10597661538461538
-0.06341907692307691
0.0012516923076923076
0.07802215384615384
0.14582215384615385
0.19568123076923075
0.23114584615384615
0.260352
0.2757895384615385
0.2532590769230769
0.19338646153846153
0.10138707692307691
-0.004172307692307692
-0.10514215384615383
-0.18983999999999998
-0.2540935384615385
-0.30416123076923074
-0.3148006153846154
-0.28809784615384615
-0.20986707692307693
-0.12621230769230768
-0.07051199999999999
-0.008344615384615384
0.05090215384615384
0.12558646153846154
0.1787833846153846
0.1842073846153846
0.17148184615384612
0.14415323076923076
0.13184492307692308
0.1927606153846154
0.16167692307692308
0.0008344615384615384
-0.11536430769230768
-0.252216
-0.23114584615384615
-0.1940123076923077
-0.3049956923076923
-0.3202246153846154
-0.3584012307692308
-0.20548615384615385
0.01981846153846154
0.14707384615384617
0.27704123076923076
0.2620209230769231
0.3671630769230769
0.44977476923076926
0.4612486153846154
0.4449766153846154
0.20861538461538462
0.061750153846153844
-0.08094276923076923
-0.20402584615384614
-0.20965846153846154
-0.33357600000000004
-0.3346190769230769
-0.31188
-0.31834707692307695
-0.13810338461538463
-0.02524246153846154
0.12266584615384615
0.2568055384615385
0.21779446153846155
0.25430215384615384
0.24074215384615386
0.23385784615384617
0.2574313846153846
0.10848000000000001
-0.05611753846153846
-0.22697353846153845
-0.31104553846153843
-0.2853858461538461
-0.33607938461538456
-0.36611999999999995
-0.3882332307692308
-0.3479704615384615
-0.18650215384615382
-0.08907876923076924
-0.005424
0.031918153846153846
0.03567323076923076
0.14978584615384616
0.22175815384615383
0.260352
0.27286892307692306
0.19463815384615382
0.15082892307692305
0.09053907692307692
-0.0077187692307692304
-0.09992676923076924
-0.24595753846153845
-0.3615304615384615
-0.4118067692307692
-0.40992923076923077
-0.330864
-0.20673784615384616
-0.041514461538461535
0.0974233846153846
0.23218892307692307
0.3752990769230769
0.4395526153846154
0.458328
0.38301784615384615
0.23218892307692307
0.10555938461538462
-0.049233230769230765
-0.17419384615384614
-0.2807963076923077
-0.40033292307692303
-0.42077723076923074
-0.37425600000000003
-0.2620209230769231
-0.11098338461538461
0.011891076923076923
0.17398523076923075
0.3387913846153846
0.4622916923076923
0.5280055384615384
0.5050578461538461
0.4647950769230769
0.3805144615384615
0.24762646153846155
0.11265230769230769
-0.05716061538461538
-0.16897846153846155
-0.22321846153846153
-0.24616615384615384
-0.17231630769230769
-0.09053907692307692
0.019609846153846155
0.16418030769230768
0.25159015384615385
0.33065538461538463
0.3682061538461538
0.34922215384615385
0.3004061538461538
0.18212123076923076
0.04714707692307692
-0.07843938461538462
-0.18337292307692307
-0.23907323076923076
-0.2780843076923077
-0.2851772307692308
-0.2818393846153846
-0.24595753846153845
-0.14603076923076924
-0.06467076923076923
0.009596307692307692
0.04547815384615384
0.03650769230769231
0.06300184615384616
0.0717636923076923
0.05820369230769231
0.029414769230769227
-0.03775938461538462
-0.06049846153846154
-0.047981538461538464
-0.04985907692307692
-0.05173661538461538
-0.08949599999999999
-0.12099692307692309
-0.1316363076923077
-0.1489513846153846
-0.1397723076923077
-0.14811692307692306
-0.15667015384615385
-0.14916
-0.13101046153846155
-0.06926030769230769
-0.006049846153846154
0.06926030769230769
0.13101046153846155
0.1368516923076923
0.13247076923076923
0.10639384615384614
0.07238953846153846
0.03775938461538462
-0.05069353846153846
-0.14916
-0.21612553846153845
-0.2503384615384615
-0.225096
-0.18754523076923074
-0.13935507692307691
-0.06633969230769231
0.022530461538461537
0.15166338461538462
0.2540935384615385
0.30583015384615386
0.3114627692307692
0.2655673846153846
0.2127876923076923
0.13309661538461537
0.03233538461538461
-0.06300184615384616
-0.16167692307692308
-0.21862892307692305
-0.22530461538461538
-0.18650215384615382
-0.0974233846153846
0.003755076923076923
0.09658892307692307
0.1710646153846154
0.22426153846153846
0.26911384615384615
0.2855944615384615
0.2532590769230769
0.16897846153846155
0.06049846153846154
-0.03650769230769231
-0.11035753846153845
-0.1341396923076923
-0.13601723076923075
-0.12621230769230768
-0.08198584615384615
-0.015020307692307692
0.078648
0.15604430769230768
0.18399876923076922
0.1923433846153846
0.1856676923076923
0.1693956923076923
0.1424843076923077
0.09512861538461538
0.059038153846153844
0.03504738461538461
0.02232184615384615
0.023990769230769232
0.01940123076923077
0.017523692307692306
0.005841230769230769
-0.012099692307692308
-0.03024923076923077
-0.06321046153846153
-0.08991323076923076
-0.11640738461538462
-0.13476553846153844
-0.13393107692307693
-0.1287156923076923
-0.09304246153846155
-0.03838523076923077
0.024199384615384616
0.09199938461538461
0.13121907692307694
0.16251138461538459
0.1800350769230769
0.16480615384615382
0.13121907692307694
0.056951999999999996
-0.03609046153846154
-0.111192
-0.16334584615384617
-0.17023015384615386
-0.13497415384615385
-0.06425353846153846
0.029623384615384614
0.12370892307692308
0.22572184615384616
0.32314523076923074
0.3890676923076923
0.4163963076923077
0.3896935384615384
0.31626092307692305
0.21445661538461538
0.0974233846153846
-0.004589538461538461
-0.09095630769230768
-0.15750461538461538
-0.1787833846153846
-0.16438892307692307
-0.10138707692307691
0.0012516923076923076
0.09825784615384614
0.17377661538461536
0.2125790769230769
0.23072861538461537
0.2261390769230769
0.18399876923076922
0.116616
0.026702769230769228
-0.06049846153846154
-0.12412615384615384
-0.15833907692307692
-0.16042523076923076
-0.14582215384615385
-0.10743692307692307
-0.04526953846153846
0.018775384615384614
0.07948246153846153
0.11724184615384614
0.12099692307692309
0.10910584615384614
0.07927384615384615
0.04047138461538462
0.001043076923076923
-0.042557538461538466
-0.07238953846153846
-0.08991323076923076
-0.092208
-0.06905169230769231
-0.035464615384615386
-0.0004172307692307692
0.021070153846153846
0.01981846153846154
0.014603076923076923
-0.0016689230769230767
-0.021070153846153846
-0.03212676923076923
-0.05194523076923077
-0.056951999999999996
-0.03921969230769231
-0.0012516923076923076
0.05173661538461538
0.100344
0.14436184615384615
0.17628
0.18983999999999998
0.17961784615384613
0.13226215384615383
0.05069353846153846
-0.04088861538461538
-0.12162276923076921
-0.1760713846153846
-0.19338646153846153
-0.1800350769230769
-0.13998092307692306
-0.06529661538461538
0.035464615384615386
0.14018953846153845
0.23218892307692307
0.2914356923076923
0.3031181538461538
0.2705741538461538
0.18629353846153843
0.06696553846153847
-0.07343261538461537
-0.22572184615384616
-0.3448412307692308
-0.4214030769230769
-0.4355889230769231
-0.38698153846153843
-0.30019753846153846
-0.18232984615384615
-0.04902461538461538
0.0855323076923077
0.19985353846153847
0.2789187692307692
0.31250584615384613
0.2851772307692308
0.20819815384615384
0.11265230769230769
0.014603076923076923
-0.06863446153846153
-0.13914646153846155
-0.1785747692307692
-0.17669723076923077
-0.15145476923076923
-0.08949599999999999
-0.013560000000000001
0.06216738461538462
0.13872923076923074
0.19380369230769232
0.2426196923076923
0.26494153846153845
0.24992123076923078
0.21362215384615382
0.1506203076923077
0.09095630769230768
0.040262769230769234
-0.019192615384615384
-0.07948246153846153
-0.1397723076923077
-0.19004861538461537
-0.21591692307692306
-0.2238443076923077
-0.21028430769230766
-0.19171753846153847
-0.17148184615384612
-0.14039815384615384
-0.11286092307692308
-0.06905169230769231
-0.03379569230769231
-0.021904615384615383
-0.0014603076923076922
0.013768615384615384
0.03650769230769231
0.05298830769230769
0.04401784615384615
0.027328615384615382
0.0043809230769230765
-0.009804923076923077
-0.019609846153846155
-0.03233538461538461
-0.03880246153846154
-0.032544
-0.005424
0.049233230769230765
0.11849353846153846
0.1927606153846154
0.2517987692307692
0.28476
0.3039526153846154
0.28851507692307693
0.2426196923076923
0.16772676923076923
0.0717636923076923
-0.015646153846153844
-0.0974233846153846
-0.15187199999999998
-0.17002153846153847
-0.17544553846153846
-0.1558356923076923
-0.11640738461538462
-0.05194523076923077
0.02899753846153846
0.08219446153846154
0.11014892307692307
0.11181784615384616
0.09199938461538461
0.05945538461538461
0.01668923076923077
-0.03901107692307692
-0.10263876923076923
-0.14164984615384615
-0.15291507692307693
-0.13455692307692307
-0.09596307692307693
-0.053614153846153846
-0.012934153846153845
0.02357353846153846
0.06759138461538462
0.10994030769230768
0.12266584615384615
0.09909230769230769
0.04902461538461538
-0.017315076923076923
-0.07426707692307692
-0.11640738461538462
-0.1422756923076923
-0.1612596923076923
-0.16730953846153845
-0.1353913846153846
-0.08469784615384615
-0.019609846153846155
0.03838523076923077
0.07823076923076923
0.10076123076923077
0.10096984615384616
0.08845292307692308
0.05945538461538461
0.0
-0.07802215384615384
-0.1424843076923077
-0.184416
-0.18921415384615384
-0.1693956923076923
-0.12683815384615382
-0.06070707692307692
0.014811692307692307
0.10618523076923077
0.19150892307692308
0.25951753846153847
0.2966510769230769
0.2995716923076923
0.28163076923076924
0.23615261538461538
0.16856123076923077
0.08615815384615384
-0.002086153846153846
-0.08177723076923075
-0.143736
-0.18066092307692305
-0.1908830769230769
-0.19442953846153843
-0.1800350769230769
-0.13372246153846154
-0.07551876923076924
-0.022530461538461537
0.003129230769230769
0.0018775384615384615
-0.04401784615384615
-0.08428061538461538
-0.07384984615384615
-0.03629907692307692
0.03629907692307692
0.09554584615384615
0.16063384615384615
0.24637476923076923
0.31083692307692307
0.3636166153846153
0.33962584615384617
0.25513661538461535
0.14957723076923077
0.06279323076923077
-0.01814953846153846
-0.14790830769230767
-0.2369870769230769
-0.31041969230769234
-0.29080984615384614
-0.16251138461538459
-0.0035464615384615383
0.20173107692307693
0.3600701538461538
0.5106904615384615
0.6166670769230769
0.612912
0.5430258461538462
0.35860984615384617
0.12975876923076923
-0.11619876923076923
-0.355272
-0.5104818461538462
-0.6122861538461538
-0.6024812307692308
-0.5056836923076923
-0.3485963076923077
-0.12412615384615384
0.0855323076923077
0.28434276923076923
0.42015138461538465
0.46354338461538463
0.4660467692307692
0.4024190769230769
0.3160523076923077
0.21654276923076923
0.05736923076923077
-0.10055261538461538
-0.2399076923076923
-0.32982092307692307
-0.35318584615384613
-0.36215630769230767
-0.33295015384615384
-0.25346769230769234
-0.13038461538461538
0.020652923076923076
0.14394461538461537
0.23448369230769228
0.27787569230769227
0.29414769230769233
0.30019753846153846
0.26097784615384617
0.20506892307692307
0.12496061538461539
0.03650769230769231
-0.013768615384615384
-0.055491692307692304
-0.09471138461538461
-0.12642092307692307
-0.17461107692307692
-0.20798953846153845
-0.21967199999999998
-0.21716861538461538
-0.16480615384615382
-0.0974233846153846
-0.014394461538461538
0.08699261538461538
0.1802436923076923
0.2722430769230769
0.32585723076923073
0.3415033846153846
0.30332676923076923
0.21779446153846155
0.1314276923076923
0.028163076923076923
-0.07092923076923077
-0.17002153846153847
-0.2563883076923077
-0.28121353846153846
-0.2647329230769231
-0.20339999999999997
-0.11202646153846153
-0.016063384615384615
0.10743692307692307
0.2290596923076923
0.3275261538461538
0.38719015384615385
0.3767593846153846
0.32272799999999996
0.23177169230769232
0.1151556923076923
-0.01668923076923077
-0.14999446153846155
-0.24470584615384613
-0.30270092307692303
-0.30290953846153845
-0.2424110769230769
-0.14957723076923077
-0.018775384615384614
0.10806276923076923
0.20381723076923075
0.2724516923076923
0.2883064615384615
0.2722430769230769
0.2238443076923077
0.12788123076923075
0.03045784615384615
-0.05590892307692308
-0.13059323076923077
-0.1777403076923077
-0.19526400000000002
-0.17815753846153848
-0.13372246153846154
-0.06633969230769231
0.015854769230769228
0.08907876923076924
0.13893784615384613
0.14311015384615386
0.11703323076923078
0.07155507692307693
-0.0008344615384615384
-0.07218092307692307
-0.1506203076923077
-0.21967199999999998
-0.2415766153846154
-0.23969907692307693
-0.208824
-0.14686523076923075
-0.07405846153846153
0.024408000000000003
0.11703323076923078
0.17732307692307692
0.20027076923076922
0.16730953846153845
0.10326461538461539
0.03045784615384615
-0.04902461538461538
-0.12287446153846153
-0.18545907692307692
-0.21028430769230766
-0.19818461538461538
-0.16063384615384615
-0.084072
0.007510153846153846
0.11265230769230769
0.2056947692307692
0.26535876923076923
0.3060387692307692
0.3039526153846154
0.2695310769230769
0.21967199999999998
0.1476996923076923
0.06926030769230769
-0.009179076923076922
-0.073224
-0.11828492307692307
-0.16313723076923078
-0.19547261538461536
-0.2059033846153846
-0.1779489230769231
-0.12600369230769232
-0.07843938461538462
-0.025659692307692307
0.01940123076923077
0.06738276923076922
0.10535076923076922
0.10743692307692307
0.10159569230769232
0.0892873846153846
0.06821723076923077
0.05194523076923077
0.027328615384615382
-0.002712
-0.02795446153846154
-0.04735569230769231
-0.05382276923076923
-0.058829538461538454
-0.061750153846153844
-0.05736923076923077
-0.0446436923076923
-0.017732307692307693
0.018358153846153843
0.06905169230769231
0.13747753846153846
0.20673784615384616
0.260352
0.28267384615384616
0.2716172307692308
0.23531815384615382
0.1704387692307692
0.08490646153846154
-0.010222153846153844
-0.10096984615384616
-0.16897846153846155
-0.21988061538461537
-0.2517987692307692
-0.24720923076923076
-0.21737723076923077
-0.16105107692307694
-0.07280676923076923
0.029623384615384614
0.13330523076923076
0.2125790769230769
0.2618123076923077
0.27620676923076926
0.2482523076923077
0.1760713846153846
0.07197230769230768
-0.03692492307692308
-0.13998092307692306
-0.21633415384615384
-0.25701415384615384
-0.2626467692307692
-0.2330233846153846
-0.17523692307692307
-0.09387692307692307
0.008761846153846153
0.1045163076923077
0.16876984615384616
0.20360861538461536
0.19693292307692306
0.16710092307692306
0.12558646153846154
0.06717415384615384
0.010013538461538461
-0.044435076923076924
-0.084072
-0.09679753846153846
-0.08073415384615384
-0.04693846153846153
-0.0043809230769230765
0.049233230769230765
0.09429415384615383
0.12996738461538462
0.143736
0.12850707692307692
0.1028473846153846
0.062376
0.023990769230769232
-0.005215384615384615
-0.03567323076923076
-0.05277969230769231
-0.05820369230769231
-0.05236246153846154
-0.02482523076923077
0.020652923076923076
0.06633969230769231
0.10055261538461538
0.11849353846153846
0.12350030769230769
0.1045163076923077
0.06571384615384615
0.013560000000000001
-0.04693846153846153
-0.0974233846153846
-0.13476553846153844
-0.14185846153846154
-0.14081538461538462
-0.14060676923076923
-0.13434830769230768
-0.12245723076923076
-0.09679753846153846
-0.07072061538461538
-0.04839876923076923
-0.03692492307692308
-0.029414769230769227
-0.01940123076923077
0.003129230769230769
0.024408000000000003
0.0446436923076923
0.06446215384615385
0.06633969230769231
0.06863446153846153
0.06696553846153847
0.06654830769230768
0.058412307692307694
0.050067692307692306
0.058829538461538454
0.07009476923076922
0.086784
0.0988836923076923
0.10535076923076922
0.11035753846153845
0.11077476923076923
0.10159569230769232
0.10076123076923077
0.100344
0.08386338461538462
0.07051199999999999
0.059038153846153844
0.05403138461538461
0.04652123076923077
0.029623384615384614
0.010013538461538461
-0.02482523076923077
-0.06613107692307692
-0.09930092307692308
-0.12767261538461538
-0.15750461538461538
-0.18066092307692305
-0.1923433846153846
-0.1846246153846154
-0.15124615384615384
-0.10347323076923076
-0.04860738461538461
0.003755076923076923
0.05444861538461539
0.10493353846153847
0.1476996923076923
0.16105107692307694
0.1356
0.08845292307692308
0.03379569230769231
-0.021070153846153846
-0.06842584615384616
-0.10514215384615383
-0.11411261538461538
-0.08636676923076922
-0.03129230769230769
0.052153846153846155
0.13247076923076923
0.1942209230769231
0.23615261538461538
0.25701415384615384
0.26619323076923074
0.24992123076923078
0.208824
0.13789476923076924
0.05674338461538461
-0.0016689230769230767
-0.042974769230769226
-0.054240000000000003
-0.05069353846153846
-0.041514461538461535
-0.011891076923076923
0.03108369230769231
0.09053907692307692
0.14164984615384615
0.1652233846153846
0.16730953846153845
0.13872923076923074
0.0988836923076923
0.05111076923076923
-0.01272553846153846
-0.08031692307692308
-0.14832553846153845
-0.18650215384615382
-0.18337292307692307
-0.143736
-0.08469784615384615
-0.03337846153846154
0.010639384615384617
0.044435076923076924
0.06070707692307692
0.059038153846153844
0.02524246153846154
-0.029832
-0.08094276923076923
-0.12120553846153845
-0.1289243076923077
-0.11891076923076922
-0.092208
-0.04401784615384615
0.013351384615384614
0.08302892307692307
0.14206707692307693
0.1777403076923077
0.18107815384615383
0.1506203076923077
0.10555938461538462
0.0609156923076923
0.024199384615384616
-0.009596307692307692
-0.04318338461538461
-0.055491692307692304
-0.042557538461538466
0.0002086153846153846
0.06341907692307691
0.11286092307692308
0.14749107692307692
0.16334584615384617
0.16271999999999998
0.14749107692307692
0.11202646153846153
0.058829538461538454
-0.0035464615384615383
-0.058412307692307694
-0.09533723076923077
-0.10994030769230768
-0.11891076923076922
-0.12016246153846154
-0.11035753846153845
-0.0892873846153846
-0.059872615384615385
-0.03233538461538461
-0.010222153846153844
-0.003963692307692307
-0.008136
-0.021278769230769233
-0.03629907692307692
-0.05820369230769231
-0.086784
-0.111192
-0.12516923076923075
-0.1136953846153846
-0.09658892307692307
-0.06946892307692307
-0.034630153846153845
-0.0029206153846153843
0.03567323076923076
0.07551876923076924
0.12016246153846154
0.14811692307692306
0.1504116923076923
0.1435273846153846
0.12579507692307693
0.10806276923076923
0.0826116923076923
0.04318338461538461
0.003963692307692307
-0.025033846153846153
-0.034630153846153845
-0.026285538461538457
-0.006258461538461538
0.014603076923076923
0.031918153846153846
0.06008123076923077
0.10493353846153847
0.14874276923076923
0.1704387692307692
0.16188553846153847
0.13393107692307693
0.09784061538461537
0.04819015384615385
-0.009387692307692307
-0.07760492307692309
-0.15354092307692307
-0.21299630769230768
-0.23969907692307693
-0.222384
-0.1710646153846154
-0.10576799999999999
-0.02753723076923077
0.05486584615384615
0.13101046153846155
0.1927606153846154
0.21070153846153844
0.17586276923076924
0.09095630769230768
0.01043076923076923
-0.065088
-0.13184492307692308
-0.16584923076923075
-0.20319138461538463
-0.17502830769230768
-0.12099692307692309
0.03421292307692308
0.1693956923076923
0.1704387692307692
0.23490092307692306
0.21779446153846155
0.23093723076923076
0.21508246153846153
0.065088
-0.05444861538461539
-0.22864246153846152
-0.26932246153846157
-0.2436627692307692
-0.23928184615384615
-0.17732307692307692
-0.15354092307692307
-0.0033378461538461535
0.18483323076923078
0.3410861538461538
0.48106707692307693
0.45269538461538456
0.3978295384615384
0.3039526153846154
0.16021661538461537
0.06571384615384615
-0.10138707692307691
-0.222384
-0.28434276923076923
-0.3573581538461538
-0.26765353846153844
-0.15082892307692305
-0.026076923076923077
0.12350030769230769
0.16730953846153845
0.23218892307692307
0.2680707692307692
0.2751636923076923
0.29456492307692306
0.2008966153846154
0.08198584615384615
-0.025033846153846153
-0.1028473846153846
-0.11140061538461538
-0.1696043076923077
-0.22697353846153845
-0.260352
-0.2712
-0.1908830769230769
-0.13247076923076923
-0.08991323076923076
-0.03233538461538461
0.006467076923076923
0.08761846153846153
0.14269292307692305
0.15395815384615386
0.18107815384615383
0.16209415384615386
0.15520984615384617
0.1597993846153846
0.11765907692307691
0.06967753846153846
-0.021904615384615383
-0.116616
-0.19568123076923075
-0.26723630769230766
-0.28851507692307693
-0.28100492307692304
-0.21633415384615384
-0.13601723076923075
-0.053614153846153846
0.08094276923076923
0.18170399999999998
0.25200738461538463
0.28121353846153846
0.2357353846153846
0.1779489230769231
0.07572738461538461
-0.037967999999999995
-0.14394461538461537
-0.26932246153846157
-0.32836061538461536
-0.3304467692307692
-0.2920615384615385
-0.20527753846153846
-0.10952307692307692
0.030875076923076922
0.1867107692307692
0.3016578461538461
0.3669544615384615
0.3544375384615384
0.3160523076923077
0.25200738461538463
0.14039815384615384
0.03150092307692308
-0.10326461538461539
-0.21675138461538462
-0.25972615384615383
-0.25555384615384613
-0.16897846153846155
-0.046104
0.08991323076923076
0.24074215384615386
0.3440067692307692
0.4193169230769231
0.46083138461538464
0.4374664615384615
0.36570276923076916
0.23448369230769228
0.07739630769230768
-0.07197230769230768
-0.20027076923076922
-0.27474646153846155
-0.31855569230769226
-0.3114627692307692
-0.2540935384615385
-0.16334584615384617
-0.027328615384615382
0.09450276923076922
0.19964492307692308
0.2712
0.2943563076923077
0.30937661538461536
0.28851507692307693
0.21862892307692305
0.1097316923076923
-0.02044430769230769
-0.1218313846153846
-0.18212123076923076
-0.21508246153846153
-0.22029784615384615
-0.20506892307692307
-0.15562707692307692
-0.078648
0.006049846153846154
0.09909230769230769
0.17377661538461536
0.22822523076923076
0.2492953846153846
0.22989415384615383
0.20423446153846153
0.14582215384615385
0.06425353846153846
-0.016897846153846156
-0.12162276923076921
-0.21466523076923077
-0.2753723076923077
-0.3012406153846154
-0.28017046153846153
-0.25138153846153843
-0.20047938461538461
-0.11286092307692308
-0.013768615384615384
0.10055261538461538
0.19380369230769232
0.2526332307692308
0.28204799999999997
0.2734947692307692
0.24074215384615386
0.1693956923076923
0.06800861538461538
-0.042557538461538466
-0.15416676923076922
-0.23448369230769228
-0.28350830769230767
-0.2920615384615385
-0.2540935384615385
-0.17273353846153844
-0.04839876923076923
0.08240307692307691
0.21341353846153846
0.33295015384615384
0.41952553846153845
0.44914892307692306
0.4090947692307692
0.32543999999999995
0.21007569230769232
0.08699261538461538
-0.041514461538461535
-0.16188553846153847
-0.2532590769230769
-0.31396615384615384
-0.32231076923076923
-0.2768326153846154
-0.1910916923076923
-0.08031692307692308
0.046104
0.17565415384615385
0.2858030769230769
0.35923569230769226
0.3890676923076923
0.37967999999999996
0.32001599999999997
0.21612553846153845
0.09679753846153846
-0.022947692307692308
-0.11849353846153846
-0.18399876923076922
-0.21967199999999998
-0.22154953846153846
-0.18983999999999998
-0.1218313846153846
-0.03483876923076923
0.047981538461538464
0.11682461538461539
0.16710092307692306
0.19380369230769232
0.19818461538461538
0.17899199999999998
0.12934153846153845
0.05736923076923077
-0.02211323076923077
-0.0897046153846154
-0.1353913846153846
-0.1712732307692308
-0.20423446153846153
-0.22175815384615383
-0.2157083076923077
-0.1802436923076923
-0.12204
-0.06070707692307692
-0.0033378461538461535
0.040262769230769234
0.07009476923076922
0.09450276923076922
0.11265230769230769
0.11557292307692307
0.10096984615384616
0.07280676923076923
0.03045784615384615
-0.006258461538461538
-0.029414769230769227
-0.04109723076923077
-0.04401784615384615
-0.04401784615384615
-0.028788923076923077
-0.0008344615384615384
0.03880246153846154
0.07426707692307692
0.09450276923076922
0.103056
0.09679753846153846
0.09158215384615384
0.07885661538461539
0.051319384615384614
0.01043076923076923
-0.042974769230769226
-0.08699261538461538
-0.11745046153846153
-0.13914646153846155
-0.15291507692307693
-0.15416676923076922
-0.13914646153846155
-0.10889723076923077
-0.06404492307692307
-0.016063384615384615
0.016063384615384615
0.03024923076923077
0.03650769230769231
0.03045784615384615
0.00855323076923077
-0.027328615384615382
-0.07343261538461537
-0.11035753846153845
-0.12642092307692307
-0.10868861538461538
-0.06759138461538462
-0.02273907692307692
0.030040615384615384
0.08323753846153846
0.1368516923076923
0.18274707692307693
0.2140393846153846
0.22154953846153846
0.19818461538461538
0.15792184615384616
0.10910584615384614
0.05924676923076923
0.006884307692307692
-0.04088861538461538
-0.07843938461538462
-0.10096984615384616
-0.10409907692307692
-0.0936683076923077
-0.06967753846153846
-0.054240000000000003
-0.03859384615384615
-0.014394461538461538
0.012934153846153845
0.043600615384615383
0.058829538461538454
0.06070707692307692
0.051528
0.04860738461538461
0.047772923076923074
0.03379569230769231
0.013768615384615384
-0.015646153846153844
-0.03045784615384615
-0.03233538461538461
-0.026702769230769228
-0.02357353846153846
-0.03275261538461539
-0.030875076923076922
-0.02211323076923077
0.0008344615384615384
0.03024923076923077
0.050067692307692306
0.06404492307692307
0.08907876923076924
0.13080184615384613
0.17690584615384616
0.22342707692307692
0.23218892307692307
0.20652923076923077
0.16209415384615386
0.0963803076923077
0.016480615384615385
-0.06759138461538462
-0.13914646153846155
-0.19442953846153843
-0.21195323076923075
-0.1856676923076923
-0.124752
-0.03755076923076923
0.056951999999999996
0.14519630769230768
0.22676492307692306
0.28663753846153844
0.30583015384615386
0.2705741538461538
0.18358153846153846
0.07885661538461539
-0.02795446153846154
-0.12037107692307693
-0.1883796923076923
-0.23969907692307693
-0.25513661538461535
-0.23135446153846154
-0.16772676923076923
-0.078648
0.005424
0.08094276923076923
0.1358086153846154
0.17899199999999998
0.20819815384615384
0.20256553846153844
0.16292861538461537
0.08949599999999999
-0.0029206153846153843
-0.07948246153846153
-0.14039815384615384
-0.18545907692307692
-0.21028430769230766
-0.233232
-0.22447015384615385
-0.1860849230769231
-0.13852061538461538
-0.07823076923076923
-0.031709538461538456
0.014185846153846153
0.06425353846153846
0.11056615384615384
0.15917353846153848
0.18086953846153844
0.18212123076923076
0.16334584615384617
0.13038461538461538
0.1028473846153846
0.059664
0.013768615384615384
-0.028163076923076923
-0.06842584615384616
-0.078648
-0.06717415384615384
-0.042557538461538466
-0.008761846153846153
0.01272553846153846
0.051528
0.10201292307692307
0.15833907692307692
0.22134092307692307
0.2497126153846154
0.2568055384615385
0.23803015384615384
0.19526400000000002
0.138312
0.055491692307692304
-0.040679999999999994
-0.12955015384615384
-0.184416
-0.20319138461538463
-0.19296923076923078
-0.15750461538461538
-0.10764553846153846
-0.04672984615384615
0.029414769230769227
0.10514215384615383
0.16251138461538459
0.19380369230769232
0.19442953846153843
0.18629353846153843
0.17002153846153847
0.14018953846153845
0.09679753846153846
0.02753723076923077
-0.05277969230769231
-0.13080184615384613
-0.1804523076923077
-0.19964492307692308
-0.20673784615384616
-0.18775384615384613
-0.14144123076923076
-0.06341907692307691
0.03942830769230769
0.14311015384615386
0.2330233846153846
0.2822566153846154
0.2926873846153846
0.2643156923076923
0.19171753846153847
0.09033046153846153
-0.034630153846153845
-0.1585476923076923
-0.24866953846153847
-0.30290953846153845
-0.31396615384615384
-0.27620676923076926
-0.21091015384615383
-0.11160923076923077
0.010848
0.13080184615384613
0.23823876923076923
0.30061476923076924
0.3229366153846154
0.309168
0.26348123076923075
0.19818461538461538
0.10764553846153846
0.01940123076923077
-0.06654830769230768
-0.13497415384615385
-0.16772676923076923
-0.17628
-0.16188553846153847
-0.13393107692307693
-0.08907876923076924
-0.03692492307692308
0.03108369230769231
0.09700615384615385
0.14206707692307693
0.13622584615384614
0.10472492307692308
0.07092923076923077
0.03984553846153846
0.02023569230769231
0.004589538461538461
0.10263876923076923
0.06425353846153846
-0.015228923076923076
-0.011473846153846154
-0.09867507692307692
-0.045060923076923075
-0.10722830769230769
-0.2292683076923077
-0.29644246153846154
-0.3886504615384615
-0.25054707692307693
-0.15667015384615385
-0.06028984615384615
0.027328615384615382
0.05590892307692308
0.24178523076923078
0.3412947692307692
0.43392000000000003
0.40325353846153844
0.2138307692307692
0.13935507692307691
0.002086153846153846
-0.07280676923076923
-0.13080184615384613
-0.2805876923076923
-0.2751636923076923
-0.3133403076923077
-0.2897667692307692
-0.12162276923076921
-0.04672984615384615
0.11557292307692307
0.2209236923076923
0.2480436923076923
0.3137575384615385
0.2697396923076923
0.2737033846153846
0.2517987692307692
0.130176
0.026285538461538457
-0.1028473846153846
-0.14081538461538462
-0.15333230769230768
-0.21341353846153846
-0.2369870769230769
-0.2953993846153846
-0.2638984615384615
-0.16000799999999998
-0.11014892307692307
-0.02482523076923077
0.012934153846153845
0.06404492307692307
0.18212123076923076
0.2261390769230769
0.2757895384615385
0.28267384615384616
0.2303113846153846
0.2303113846153846
0.18399876923076922
0.11140061538461538
0.027120000000000002
-0.08866153846153846
-0.1639716923076923
-0.24720923076923076
-0.3004061538461538
-0.2981113846153846
-0.2480436923076923
-0.13372246153846154
-0.04756430769230769
0.07426707692307692
0.21862892307692305
0.3210590769230769
0.43392000000000003
0.4652123076923077
0.431208
0.36674584615384614
0.24887815384615386
0.15187199999999998
0.021696
-0.12120553846153845
-0.20027076923076922
-0.2540935384615385
-0.24908676923076922
-0.21988061538461537
-0.17294215384615383
-0.06133292307692308
0.06529661538461538
0.1792006153846154
0.24449723076923074
0.2914356923076923
0.3490135384615385
0.34651015384615386
0.3062473846153846
0.22342707692307692
0.09283384615384616
0.004798153846153846
-0.08344615384615384
-0.15354092307692307
-0.17023015384615386
-0.20402584615384614
-0.1842073846153846
-0.12683815384615382
-0.08031692307692308
-0.0002086153846153846
0.06216738461538462
0.12329169230769231
0.18128676923076922
0.20319138461538463
0.21007569230769232
0.17377661538461536
0.138312
0.10243015384615384
0.053614153846153846
0.016063384615384615
-0.04714707692307692
-0.08720123076923077
-0.10222153846153846
-0.11223507692307692
-0.0771876923076923
-0.06049846153846154
-0.0448523076923077
0.018983999999999997
0.07739630769230768
0.1358086153846154
0.15959076923076923
0.14060676923076923
0.14457046153846154
0.13038461538461538
0.09721476923076922
0.051528
-0.03421292307692308
-0.11494707692307692
-0.19046584615384615
-0.24491446153846153
-0.2666104615384615
-0.2830910769230769
-0.27412061538461535
-0.2586830769230769
-0.2261390769230769
-0.1712732307692308
-0.12329169230769231
-0.05194523076923077
-0.014185846153846153
-0.023364923076923075
-0.03045784615384615
-0.04693846153846153
-0.023990769230769232
0.0043809230769230765
-0.02023569230769231
-0.05027630769230769
-0.07927384615384615
-0.07697907692307693
-0.03629907692307692
-0.007510153846153846
0.006467076923076923
0.0002086153846153846
0.0014603076923076922
0.03275261538461539
0.06008123076923077
0.07906523076923076
0.07009476923076922
0.04693846153846153
0.04672984615384615
0.040054153846153843
0.04714707692307692
0.04214030769230769
0.021904615384615383
0.028371692307692306
0.03296123076923077
0.06258461538461538
0.0961716923076923
0.10180430769230768
0.08302892307692307
0.03713353846153846
0.008136
0.004589538461538461
-0.003755076923076923
-0.029414769230769227
-0.07301538461538462
-0.11181784615384616
-0.11452984615384615
-0.07593599999999999
-0.00855323076923077
0.04130584615384615
0.07405846153846153
0.12099692307692309
0.17315076923076922
0.22175815384615383
0.22780799999999998
0.1948467692307692
0.1506203076923077
0.10243015384615384
0.07739630769230768
0.053405538461538456
0.011891076923076923
-0.013142769230769229
-0.017523692307692306
0.004589538461538461
0.05277969230769231
0.10243015384615384
0.15374953846153847
0.1800350769230769
0.19213476923076922
0.20965846153846154
0.21299630769230768
0.20110523076923076
0.1570873846153846
0.09825784615384614
0.03755076923076923
-0.026494153846153844
-0.078648
-0.12266584615384615
-0.16230276923076925
-0.18754523076923074
-0.1927606153846154
-0.16042523076923076
-0.08991323076923076
-0.017315076923076923
0.04318338461538461
0.07405846153846153
0.09012184615384615
0.11098338461538461
0.09700615384615385
0.0446436923076923
-0.029623384615384614
-0.10055261538461538
-0.1489513846153846
-0.1792006153846154
-0.1869193846153846
-0.184416
-0.16292861538461537
-0.11682461538461539
-0.06216738461538462
0.0006258461538461538
0.04631261538461538
0.06362769230769232
0.08031692307692308
0.086784
0.08574092307692306
0.0771876923076923
0.042348923076923076
0.006884307692307692
-0.028788923076923077
-0.054240000000000003
-0.06592246153846154
-0.06821723076923077
-0.058412307692307694
-0.05048492307692308
-0.03275261538461539
-0.013768615384615384
0.012308307692307691
0.03692492307692308
0.042974769230769226
0.040262769230769234
0.03942830769230769
0.03921969230769231
0.03483876923076923
0.01710646153846154
-0.021904615384615383
-0.05173661538461538
-0.06842584615384616
-0.06279323076923077
-0.041514461538461535
-0.02586830769230769
-0.016480615384615385
-0.010848
0.005841230769230769
0.026702769230769228
0.03713353846153846
0.025033846153846153
0.0025033846153846152
-0.017315076923076923
-0.03337846153846154
-0.04172307692307692
-0.05611753846153846
-0.06070707692307692
-0.05590892307692308
-0.04944184615384615
-0.031709538461538456
-0.018358153846153843
-0.0006258461538461538
0.01710646153846154
0.03755076923076923
0.07197230769230768
0.10868861538461538
0.14123261538461537
0.14957723076923077
0.1341396923076923
0.11473846153846154
0.09450276923076922
0.061750153846153844
0.021904615384615383
-0.01668923076923077
-0.04714707692307692
-0.055491692307692304
-0.03942830769230769
-0.005841230769230769
0.03692492307692308
0.07405846153846153
0.11265230769230769
0.15896492307692306
0.1858763076923077
0.18274707692307693
0.14916
0.09053907692307692
0.03671630769230769
-0.005215384615384615
-0.05069353846153846
-0.0897046153846154
-0.1205796923076923
-0.13768615384615385
-0.13309661538461537
-0.11390399999999999
-0.08323753846153846
-0.04714707692307692
-0.013351384615384614
0.01856676923076923
0.05924676923076923
0.09992676923076924
0.1289243076923077
0.14144123076923076
0.13601723076923075
0.12287446153846153
0.10472492307692308
0.07259815384615384
0.035464615384615386
0.009179076923076922
-0.017732307692307693
-0.017523692307692306
0.008344615384615384
0.03650769230769231
0.07009476923076922
0.084072
0.11014892307692307
0.14603076923076924
0.16772676923076923
0.18107815384615383
0.16710092307692306
0.138312
0.11807630769230769
0.10368184615384615
0.07697907692307693
0.04380923076923077
0.0025033846153846152
-0.038176615384615385
-0.06592246153846154
-0.0855323076923077
-0.10159569230769232
-0.11911938461538461
-0.14060676923076923
-0.146448
-0.12141415384615384
-0.09095630769230768
-0.06279323076923077
-0.03567323076923076
-0.011056615384615385
0.007510153846153846
0.02482523076923077
0.04109723076923077
0.042557538461538466
0.018983999999999997
-0.02044430769230769
-0.05319692307692307
-0.06967753846153846
-0.06759138461538462
-0.065088
-0.052571076923076915
-0.03692492307692308
-0.010013538461538461
0.043392
0.0897046153846154
0.1287156923076923
0.14874276923076923
0.15750461538461538
0.1800350769230769
0.20027076923076922
0.20277415384615383
0.17085599999999998
0.11911938461538461
0.05862092307692307
0.0043809230769230765
-0.03692492307692308
-0.07259815384615384
-0.09325107692307691
-0.11244369230769231
-0.10201292307692307
-0.06028984615384615
-0.007510153846153846
0.041514461538461535
0.07051199999999999
0.09158215384615384
0.11098338461538461
0.12162276923076921
0.11348676923076922
0.08761846153846153
0.035464615384615386
-0.019192615384615384
-0.05674338461538461
-0.08010830769230769
-0.09450276923076922
-0.11181784615384616
-0.12391753846153845
-0.12370892307692308
-0.10827138461538462
-0.08115138461538463
-0.059038153846153844
-0.04526953846153846
-0.03400430769230769
-0.014394461538461538
0.014185846153846153
0.038176615384615385
0.05277969230769231
0.055491692307692304
0.04860738461538461
0.04714707692307692
0.04985907692307692
0.040054153846153843
0.009596307692307692
-0.03984553846153846
-0.08657538461538461
-0.11807630769230769
-0.130176
-0.12725538461538463
-0.10806276923076923
-0.07426707692307692
-0.023990769230769232
0.042348923076923076
0.103056
0.14123261538461537
0.15562707692307692
0.15604430769230768
0.14394461538461537
0.13706030769230768
0.124752
0.10430769230769231
0.084072
0.05611753846153846
0.045895384615384616
0.05069353846153846
0.04985907692307692
0.03692492307692308
0.007510153846153846
-0.025659692307692307
-0.04672984615384615
-0.07656184615384615
-0.11599015384615384
-0.17398523076923075
-0.25764
-0.3319070769230769
-0.41994276923076923
-0.39532615384615377
-0.2674449230769231
-0.07551876923076924
0.22488738461538463
0.5096473846153846
0.8133913846153846
1.0612264615384615
1.1999556923076924
1.2099692307692307
1.0255532307692308
0.6974012307692307
0.2891409230769231
-0.12579507692307693
-0.4877427692307692
-0.7831421538461538
-0.9875852307692307
-1.0459975384615383
-0.9638030769230769
-0.6946892307692308
-0.3375396923076923
0.04088861538461538
0.3982467692307692
0.6273064615384616
0.7823076923076923
0.7754233846153845
0.6375286153846154
0.40700861538461536
0.020652923076923076
-0.33357600000000004
-0.6314787692307692
-0.8123483076923077
-0.807132923076923
-0.7184713846153845
-0.5058923076923076
-0.25117292307692307
-0.03775938461538462
0.1775316923076923
0.3081249230769231
0.3513083076923077
0.33566215384615383
0.25012984615384615
0.20673784615384616
0.18149538461538461
0.19046584615384615
0.22175815384615383
0.18066092307692305
0.12204
0.016897846153846156
-0.10138707692307691
-0.19797599999999999
-0.31855569230769226
-0.3955347692307692
-0.44998338461538456
-0.47313969230769226
-0.4115981538461538
-0.3379569230769231
-0.23072861538461537
-0.10493353846153847
0.008344615384615384
0.15416676923076922
0.30249230769230767
0.4414301538461538
0.5411483076923076
0.5432344615384616
0.4314166153846154
0.2154996923076923
-0.056951999999999996
-0.35151692307692306
-0.6348166153846153
-0.8302892307692308
-0.9020529230769231
-0.8246566153846154
-0.5941366153846154
-0.254928
0.14811692307692306
0.512568
0.7910695384615384
0.9721476923076923
0.9902972307692307
0.8753501538461538
0.6538006153846154
0.3502652307692307
0.0448523076923077
-0.2540935384615385
-0.482736
-0.5920504615384615
-0.6112430769230769
-0.5267538461538461
-0.3863556923076923
-0.19463815384615382
0.04756430769230769
0.26869661538461537
0.4618744615384615
0.5651390769230769
0.5672252307692307
0.49546153846153845
0.33649661538461534
0.15145476923076923
-0.05048492307692308
-0.25346769230769234
-0.3917796923076923
-0.46771569230769233
-0.4541556923076923
-0.3513083076923077
-0.21758584615384616
-0.06842584615384616
0.058412307692307694
0.15082892307692305
0.21111876923076925
0.20861538461538462
0.1706473846153846
0.1151556923076923
0.05486584615384615
0.02232184615384615
0.005424
0.012099692307692308
0.03504738461538461
0.065088
0.11348676923076922
0.14164984615384615
0.14394461538461537
0.12537784615384615
0.07426707692307692
0.017523692307692306
-0.05590892307692308
-0.13455692307692307
-0.18629353846153843
-0.22008923076923076
-0.19881046153846152
-0.12808984615384614
-0.02524246153846154
0.10201292307692307
0.21028430769230766
0.30332676923076923
0.3536030769230769
0.35965292307692304
0.317304
0.2127876923076923
0.07405846153846153
-0.09512861538461538
-0.24741784615384615
-0.36215630769230767
-0.41973415384615387
-0.4170221538461538
-0.37363015384615383
-0.2722430769230769
-0.12245723076923076
0.05444861538461539
0.23281476923076924
0.3863556923076923
0.47063630769230763
0.47960676923076917
0.43329415384615383
0.34588430769230766
0.22175815384615383
0.06133292307692308
-0.09596307692307693
-0.21529107692307692
-0.2641070769230769
-0.2369870769230769
-0.15875630769230767
-0.054240000000000003
0.044435076923076924
0.13247076923076923
0.19839323076923077
0.22300984615384614
0.2059033846153846
0.13455692307692307
0.012099692307692308
-0.1151556923076923
-0.21758584615384616
-0.27850153846153847
-0.29414769230769233
-0.2853858461538461
-0.2275993846153846
-0.12162276923076921
0.02586830769230769
0.19380369230769232
0.3319070769230769
0.42661846153846156
0.4376750769230769
0.38030584615384616
0.28955815384615385
0.1652233846153846
0.026702769230769228
-0.12934153846153845
-0.26452430769230767
-0.3312812307692308
-0.33315876923076926
-0.2586830769230769
-0.143736
-0.023990769230769232
0.10514215384615383
0.21466523076923077
0.30249230769230767
0.35005661538461535
0.34296369230769225
0.29685969230769227
0.21216184615384615
0.12433476923076923
0.04568676923076923
-0.02795446153846154
-0.09137353846153846
-0.14081538461538462
-0.1558356923076923
-0.1424843076923077
-0.10722830769230769
-0.05173661538461538
-0.002086153846153846
0.027120000000000002
0.04047138461538462
0.05736923076923077
0.06946892307692307
0.058412307692307694
0.02858030769230769
-0.0002086153846153846
-0.005215384615384615
0.018983999999999997
0.05820369230769231
0.08344615384615384
0.09137353846153846
0.08469784615384615
0.06738276923076922
0.03400430769230769
-0.013142769230769229
-0.06592246153846154
-0.12412615384615384
-0.16000799999999998
-0.15750461538461538
-0.1097316923076923
-0.03066646153846154
0.06049846153846154
0.154584
0.21967199999999998
0.25471938461538457
0.25430215384615384
0.20423446153846153
0.1178676923076923
0.011265230769230769
-0.10368184615384615
-0.21320492307692307
-0.3060387692307692
-0.36445107692307693
-0.36549415384615386
-0.31772123076923076
-0.2194633846153846
-0.084072
0.058412307692307694
0.19150892307692308
0.28934953846153844
0.3538116923076923
0.37050092307692306
0.3369138461538461
0.2699483076923077
0.1652233846153846
0.05277969230769231
-0.044435076923076924
-0.12245723076923076
-0.17169046153846151
-0.19505538461538463
-0.18629353846153843
-0.1356
-0.06279323076923077
0.024616615384615383
0.10493353846153847
0.1635544615384615
0.20506892307692307
0.21800307692307694
0.21111876923076925
0.1760713846153846
0.11140061538461538
0.03483876923076923
-0.0446436923076923
-0.09241661538461539
-0.1136953846153846
-0.11870215384615385
-0.10076123076923077
-0.07781353846153846
-0.040054153846153843
-0.002086153846153846
0.02482523076923077
0.03629907692307692
0.028788923076923077
0.01981846153846154
0.019609846153846155
0.03379569230769231
0.05799507692307692
0.08448923076923077
0.1136953846153846
0.13893784615384613
0.15667015384615385
0.16772676923076923
0.14978584615384616
0.10389046153846154
0.035464615384615386
-0.03901107692307692
-0.09554584615384615
-0.1424843076923077
-0.17315076923076922
-0.19025723076923076
-0.1927606153846154
-0.1712732307692308
-0.13393107692307693
-0.0897046153846154
-0.04985907692307692
-0.017315076923076923
0.006258461538461538
0.021070153846153846
0.02211323076923077
0.0029206153846153843
-0.03212676923076923
-0.07468430769230769
-0.11327815384615383
-0.14311015384615386
-0.15833907692307692
-0.15938215384615384
-0.14665661538461539
-0.12099692307692309
-0.08177723076923075
-0.030040615384615384
0.019192615384615384
0.06759138461538462
0.10764553846153846
0.127464
0.13205353846153844
0.12767261538461538
0.12037107692307693
0.10117846153846152
0.07405846153846153
0.04756430769230769
0.03379569230769231
0.03212676923076923
0.022947692307692308
0.011056615384615385
-0.0043809230769230765
-0.02044430769230769
-0.03129230769230769
-0.037342153846153844
-0.040679999999999994
-0.04526953846153846
-0.04547815384615384
-0.032544
-0.0002086153846153846
0.03692492307692308
0.08010830769230769
0.12975876923076923
0.1704387692307692
0.20006215384615383
0.20423446153846153
0.18086953846153844
0.12934153846153845
0.06321046153846153
0.003129230769230769
-0.047772923076923074
-0.08866153846153846
-0.11828492307692307
-0.13935507692307691
-0.15562707692307692
-0.1502030769230769
-0.12955015384615384
-0.1028473846153846
-0.07364123076923076
-0.03838523076923077
0.01043076923076923
0.05924676923076923
0.10222153846153846
0.12454338461538461
0.12099692307692309
0.086784
0.028788923076923077
-0.030875076923076922
-0.09679753846153846
-0.15875630769230767
-0.20652923076923077
-0.2342750769230769
-0.22321846153846153
-0.1785747692307692
-0.1178676923076923
-0.05945538461538461
-0.012099692307692308
0.02023569230769231
0.040679999999999994
0.05757784615384615
0.06070707692307692
0.04714707692307692
0.028371692307692306
0.021070153846153846
0.023364923076923075
0.029414769230769227
0.033169846153846154
0.03650769230769231
0.04735569230769231
0.05611753846153846
0.06863446153846153
0.08344615384615384
0.09095630769230768
0.08177723076923075
0.06028984615384615
0.045895384615384616
0.04109723076923077
0.04130584615384615
0.05090215384615384
0.06633969230769231
0.08386338461538462
0.11765907692307691
0.15187199999999998
0.1792006153846154
0.18483323076923078
0.16021661538461537
0.1205796923076923
0.054240000000000003
-0.01814953846153846
-0.09679753846153846
-0.18170399999999998
-0.241368
-0.273912
-0.25138153846153843
-0.1846246153846154
-0.10368184615384615
-0.0029206153846153843
0.092208
0.1785747692307692
0.249504
0.2818393846153846
0.2751636923076923
0.2207150769230769
0.14874276923076923
0.07969107692307692
0.0016689230769230767
-0.07238953846153846
-0.1353913846153846
-0.16584923076923075
-0.16626646153846153
-0.14957723076923077
-0.09491999999999999
-0.031709538461538456
0.02858030769230769
0.09074769230769231
0.15187199999999998
0.21111876923076925
0.233232
0.214248
0.165432
0.09012184615384615
0.0025033846153846152
-0.07593599999999999
-0.13247076923076923
-0.16188553846153847
-0.17023015384615386
-0.15479261538461536
-0.10889723076923077
-0.05027630769230769
0.015646153846153844
0.05590892307692308
0.08052553846153847
0.07885661538461539
0.059664
0.028163076923076923
-0.04193169230769231
-0.07510153846153846
-0.08845292307692308
-0.06279323076923077
0.009596307692307692
0.09241661538461539
0.20047938461538461
0.29498215384615384
0.3665372307692307
0.3882332307692308
0.35923569230769226
0.30416123076923074
0.19964492307692308
0.04902461538461538
-0.09992676923076924
-0.24679199999999998
-0.3448412307692308
-0.4024190769230769
-0.43412861538461534
-0.39324
-0.31751261538461534
-0.13622584615384614
0.09450276923076922
0.3008233846153846
0.4704276923076923
0.519660923076923
0.5557513846153845
0.5292572307692308
0.4163963076923077
0.2709913846153846
0.03442153846153846
-0.16105107692307694
-0.3081249230769231
-0.3880246153846154
-0.3565236923076923
-0.31667815384615383
-0.21508246153846153
-0.06550523076923077
0.07906523076923076
0.2492953846153846
0.3513083076923077
0.4047138461538461
0.42307199999999995
0.3669544615384615
0.309168
0.20944984615384615
0.09241661538461539
-0.021070153846153846
-0.17169046153846151
-0.2891409230769231
-0.3650769230769231
-0.39324
-0.3467187692307692
-0.2872633846153846
-0.20444307692307692
-0.10159569230769232
-0.009179076923076922
0.09700615384615385
0.16418030769230768
0.19568123076923075
0.20360861538461536
0.18858830769230767
0.19359507692307693
0.18086953846153844
0.14582215384615385
0.09909230769230769
0.029623384615384614
-0.021278769230769233
-0.07051199999999999
-0.13038461538461538
-0.1733593846153846
-0.2073636923076923
-0.20027076923076922
-0.14665661538461539
-0.05236246153846154
0.08240307692307691
0.21007569230769232
0.3279433846153846
0.41994276923076923
0.46396061538461536
0.4620830769230769
0.39324
0.27871015384615383
0.13643446153846153
-0.024199384615384616
-0.16000799999999998
-0.2712
-0.34296369230769225
-0.37237846153846155
-0.3650769230769231
-0.2791273846153846
-0.15291507692307693
-0.014603076923076923
0.12245723076923076
0.22947692307692308
0.31667815384615383
0.3642424615384615
0.3673716923076923
0.3081249230769231
0.18900553846153845
0.05173661538461538
-0.08866153846153846
-0.20840676923076923
-0.29498215384615384
-0.3475532307692307
-0.3379569230769231
-0.2559710769230769
-0.12558646153846154
0.03337846153846154
0.1693956923076923
0.26619323076923074
0.31918153846153846
0.32085046153846153
0.28204799999999997
0.192552
0.07802215384615384
-0.05319692307692307
-0.17711446153846155
-0.2574313846153846
-0.292896
-0.28434276923076923
-0.24095076923076922
-0.17315076923076922
-0.08135999999999999
0.01814953846153846
0.09575446153846154
0.14582215384615385
0.14707384615384617
0.11807630769230769
0.06717415384615384
0.0008344615384615384
-0.050067692307692306
-0.10013538461538461
-0.13914646153846155
-0.16501476923076921
-0.16856123076923077
-0.13309661538461537
-0.07760492307692309
-0.017940923076923077
0.03483876923076923
0.06571384615384615
0.08636676923076922
0.0974233846153846
0.07927384615384615
0.041514461538461535
-0.013142769230769229
-0.051528
-0.06759138461538462
-0.07948246153846153
-0.08073415384615384
-0.08824430769230769
-0.08240307692307691
-0.06425353846153846
-0.044435076923076924
-0.020652923076923076
-0.011473846153846154
-0.015854769230769228
-0.02753723076923077
-0.040262769230769234
-0.04568676923076923
-0.047772923076923074
-0.04672984615384615
-0.03400430769230769
-0.01814953846153846
0.0012516923076923076
0.01814953846153846
0.024199384615384616
0.02357353846153846
0.009179076923076922
-0.007301538461538462
-0.02858030769230769
-0.05319692307692307
-0.07301538461538462
-0.100344
-0.11223507692307692
-0.09700615384615385
-0.051319384615384614
0.022947692307692308
0.09825784615384614
0.1696043076923077
0.22175815384615383
0.24554030769230767
0.233232
0.17002153846153847
0.06717415384615384
-0.050067692307692306
-0.15374953846153847
-0.23490092307692306
-0.2828824615384615
-0.2943563076923077
-0.2716172307692308
-0.19463815384615382
-0.07218092307692307
0.06487938461538462
0.18754523076923074
0.27599815384615384
0.31897292307692304
0.31918153846153846
0.2966510769230769
0.24408
0.17273353846153844
0.09012184615384615
-0.0014603076923076922
-0.07197230769230768
-0.11265230769230769
-0.12955015384615384
-0.12412615384615384
-0.09763200000000001
-0.05069353846153846
0.021070153846153846
0.09784061538461537
0.16605784615384614
0.20632061538461538
0.21779446153846155
0.21675138461538462
0.19380369230769232
0.16084246153846155
0.11140061538461538
0.04401784615384615
-0.027745846153846152
-0.09158215384615384
-0.12642092307692307
-0.1424843076923077
-0.14707384615384617
-0.1356
-0.11557292307692307
-0.08302892307692307
-0.044435076923076924
-0.014394461538461538
-0.002086153846153846
-0.011265230769230769
-0.03129230769230769
-0.043392
-0.04047138461538462
-0.03713353846153846
-0.03629907692307692
-0.029832
-0.019192615384615384
-0.003755076923076923
0.02357353846153846
0.03984553846153846
0.03400430769230769
0.007927384615384614
-0.01668923076923077
-0.026285538461538457
-0.035464615384615386
-0.03963692307692308
-0.04944184615384615
-0.052571076923076915
-0.046104
-0.026702769230769228
-0.001043076923076923
0.010222153846153844
0.017315076923076923
0.017940923076923077
0.026494153846153844
0.05069353846153846
0.06696553846153847
0.07113784615384615
0.0609156923076923
0.03504738461538461
0.0070929230769230765
-0.02524246153846154
-0.05194523076923077
-0.07051199999999999
-0.0826116923076923
-0.06738276923076922
-0.03275261538461539
0.02211323076923077
0.0853236923076923
0.13226215384615383
0.1710646153846154
0.19359507692307693
0.20006215384615383
0.1858763076923077
0.14081538461538462
0.0828203076923077
0.023990769230769232
-0.01397723076923077
-0.02211323076923077
-0.010013538461538461
0.018358153846153843
0.04380923076923077
0.065088
0.09575446153846154
0.11473846153846154
0.11140061538461538
0.09116492307692307
0.054657230769230764
0.017940923076923077
-0.021696
-0.04965046153846154
-0.06341907692307691
-0.07551876923076924
-0.07197230769230768
-0.04526953846153846
-0.0043809230769230765
0.037967999999999995
0.06654830769230768
0.08219446153846154
0.0936683076923077
0.09012184615384615
0.08490646153846154
0.07218092307692307
0.04735569230769231
0.024199384615384616
-0.0029206153846153843
-0.020027076923076922
-0.028788923076923077
-0.042557538461538466
-0.049233230769230765
-0.046104
-0.033169846153846154
-0.007927384615384614
0.016480615384615385
0.031709538461538456
0.04109723076923077
0.04109723076923077
0.0446436923076923
0.051319384615384614
0.048816000000000005
0.03609046153846154
0.0006258461538461538
-0.03421292307692308
-0.06070707692307692
-0.07739630769230768
-0.086784
-0.09658892307692307
-0.08782707692307692
-0.07197230769230768
-0.04380923076923077
-0.0029206153846153843
0.030875076923076922
0.06717415384615384
0.10389046153846154
0.13226215384615383
0.1543753846153846
0.15667015384615385
0.14415323076923076
0.12600369230769232
0.10409907692307692
0.08866153846153846
0.07134646153846153
0.05716061538461538
0.05048492307692308
0.04672984615384615
0.05027630769230769
0.056326153846153845
0.06738276923076922
0.07551876923076924
0.07593599999999999
0.06717415384615384
0.050067692307692306
0.03483876923076923
0.017732307692307693
-0.0029206153846153843
-0.027745846153846152
-0.04714707692307692
-0.06195876923076923
-0.06800861538461538
-0.06613107692307692
-0.07030338461538461
-0.07906523076923076
-0.08219446153846154
-0.073224
-0.05736923076923077
-0.04318338461538461
-0.03609046153846154
-0.026285538461538457
-0.011891076923076923
0.006675692307692307
0.017940923076923077
0.022530461538461537
0.029623384615384614
0.03859384615384615
0.04985907692307692
0.05507446153846154
0.0446436923076923
0.015020307692307692
-0.017315076923076923
-0.042348923076923076
-0.05382276923076923
-0.05570030769230769
-0.04631261538461538
-0.027120000000000002
0.003129230769230769
0.042974769230769226
0.08448923076923077
0.124752
0.143736
0.14603076923076924
0.12600369230769232
0.08699261538461538
0.041514461538461535
-0.0022947692307692304
-0.04172307692307692
-0.0798996923076923
-0.09137353846153846
-0.07364123076923076
-0.03024923076923077
0.02357353846153846
0.07113784615384615
0.12329169230769231
0.16876984615384616
0.2059033846153846
0.2374043076923077
0.2422024615384615
0.22321846153846153
0.18775384615384613
0.14874276923076923
0.11411261538461538
0.06759138461538462
0.02023569230769231
-0.026494153846153844
-0.06675692307692307
-0.08177723076923075
-0.08386338461538462
-0.07238953846153846
-0.04756430769230769
-0.015437538461538461
0.026076923076923077
0.05945538461538461
0.08344615384615384
0.09408553846153846
0.07927384615384615
0.05277969230769231
0.016897846153846156
-0.021487384615384613
-0.05277969230769231
-0.086784
-0.11348676923076922
-0.13101046153846155
-0.14144123076923076
-0.13038461538461538
-0.10910584615384614
-0.07697907692307693
-0.03755076923076923
0.006049846153846154
0.05799507692307692
0.10555938461538462
0.15124615384615384
0.17023015384615386
0.16876984615384616
0.16188553846153847
0.13789476923076924
0.09909230769230769
0.03588184615384615
-0.03713353846153846
-0.103056
-0.15166338461538462
-0.16334584615384617
-0.1506203076923077
-0.1289243076923077
-0.08156861538461539
-0.031918153846153846
0.019609846153846155
0.05653476923076922
0.04902461538461538
0.022947692307692308
-0.043392
-0.12996738461538462
-0.23677846153846152
-0.3279433846153846
-0.3805144615384615
-0.3782196923076923
-0.2858030769230769
-0.08636676923076922
0.1710646153846154
0.3815575384615385
0.6360683076923077
0.8330012307692308
0.9829956923076922
1.034940923076923
0.8736812307692307
0.6204221538461538
0.19213476923076922
-0.23510953846153848
-0.6521316923076923
-1.05768
-1.2932067692307692
-1.4263033846153845
-1.2952929230769232
-0.9479483076923076
-0.43433723076923075
0.21654276923076923
0.7896092307692307
1.3017599999999998
1.6292861538461538
1.7125236923076923
1.5927784615384613
1.1928627692307692
0.6496283076923076
0.012934153846153845
-0.6704898461538461
-1.1765907692307693
-1.521432
-1.6466012307692306
-1.5368695384615385
-1.2927895384615384
-0.8490646153846154
-0.32606584615384615
0.23364923076923078
0.7781353846153846
1.1588584615384614
1.3787390769230767
1.4035643076923077
1.2635833846153846
0.9965556923076923
0.5743181538461538
0.07927384615384615
-0.4251581538461538
-0.8753501538461538
-1.1726270769230769
-1.3313833846153844
-1.3347212307692307
-1.1895249230769231
-0.9446104615384615
-0.5978916923076923
-0.2125790769230769
0.16271999999999998
0.5121507692307692
0.7689563076923076
0.9477396923076924
1.04412
1.0220067692307693
0.9064338461538461
0.663396923076923
0.32877784615384614
-0.051319384615384614
-0.4551987692307692
-0.8167292307692307
-1.1089993846153847
-1.2994652307692307
-1.3649704615384615
-1.2679643076923077
-0.9788233846153845
-0.5480326153846153
-0.020027076923076922
0.5457378461538461
1.0622695384615384
1.4765796923076921
1.7144012307692307
1.7442332307692305
1.5383298461538462
1.1000289230769231
0.5453206153846154
-0.06821723076923077
-0.6698639999999999
-1.1680375384615385
-1.5201803076923075
-1.6620387692307692
-1.577340923076923
-1.2786036923076922
-0.7935729230769231
-0.20548615384615385
0.4374664615384615
1.0395304615384615
1.495980923076923
1.7698929230769231
1.7897113846153845
1.5689963076923077
1.1430036923076923
0.5567944615384616
-0.06821723076923077
-0.6684036923076923
-1.163030769230769
-1.4832553846153846
-1.6297033846153846
-1.5635723076923078
-1.2834018461538461
-0.8451009230769231
-0.3045784615384615
0.24679199999999998
0.7384984615384615
1.1067046153846154
1.320744
1.371854769230769
1.2425132307692306
0.9587963076923077
0.5622184615384616
0.12913292307692306
-0.28204799999999997
-0.6296012307692308
-0.8738898461538461
-1.0144966153846153
-1.040364923076923
-0.9364744615384615
-0.7174283076923077
-0.4303735384615384
-0.12141415384615384
0.16897846153846155
0.41952553846153845
0.6229255384615384
0.754979076923077
0.8088018461538461
0.7752147692307693
0.6540092307692308
0.47960676923076917
0.2807963076923077
0.07364123076923076
-0.13059323076923077
-0.3239796923076923
-0.4950443076923077
-0.6216738461538461
-0.6846756923076923
-0.6796689230769231
-0.609156923076923
-0.48044123076923073
-0.3143833846153846
-0.10827138461538462
0.13476553846153844
0.38677292307692307
0.6202135384615385
0.7745889230769232
0.8377993846153846
0.8177723076923077
0.7088750769230768
0.5292572307692308
0.2828824615384615
0.0014603076923076922
-0.2699483076923077
-0.4960873846153846
-0.6417009230769231
-0.7005304615384614
-0.6746621538461538
-0.5578375384615384
-0.3686233846153846
-0.1218313846153846
0.14457046153846154
0.3752990769230769
0.5505359999999999
0.6483766153846154
0.671532923076923
0.6124947692307692
0.4775206153846153
0.3022836923076923
0.09137353846153846
-0.11265230769230769
-0.2730775384615384
-0.3707095384615384
-0.3836436923076923
-0.33378461538461535
-0.2422024615384615
-0.12537784615384615
-0.0035464615384615383
0.10743692307692307
0.1869193846153846
0.222384
0.20944984615384615
0.16209415384615386
0.11432123076923076
0.06800861538461538
0.03400430769230769
0.018983999999999997
0.017732307692307693
0.042974769230769226
0.08323753846153846
0.1218313846153846
0.14081538461538462
0.12016246153846154
0.06550523076923077
0.005424
-0.059872615384615385
-0.12829846153846153
-0.19651569230769228
-0.249504
-0.2638984615384615
-0.23531815384615382
-0.14936861538461538
-0.03504738461538461
0.08740984615384616
0.20527753846153846
0.3004061538461538
0.36549415384615386
0.37613353846153846
0.327108923076923
0.22196676923076922
0.07155507692307693
-0.09241661538461539
-0.25367630769230765
-0.3817661538461538
-0.4549901538461538
-0.4714707692307692
-0.4047138461538461
-0.26723630769230766
-0.08469784615384615
0.11703323076923078
0.2920615384615385
0.41681353846153846
0.4812756923076923
0.47606030769230767
0.4076344615384615
0.27599815384615384
0.10076123076923077
-0.07885661538461539
-0.22530461538461538
-0.3131316923076923
-0.35005661538461535
-0.3415033846153846
-0.29644246153846154
-0.2090326153846154
-0.09763200000000001
0.014394461538461538
0.10764553846153846
0.14707384615384617
0.14269292307692305
0.11160923076923077
0.07489292307692308
0.03775938461538462
-0.009804923076923077
-0.052153846153846155
-0.0744756923076923
-0.06988615384615385
-0.038176615384615385
0.007301538461538462
0.046104
0.07259815384615384
0.07885661538461539
0.07280676923076923
0.054240000000000003
0.01981846153846154
-0.02586830769230769
-0.07927384615384615
-0.10868861538461538
-0.10910584615384614
-0.0853236923076923
-0.03755076923076923
0.018358153846153843
0.07489292307692308
0.1397723076923077
0.19818461538461538
0.23928184615384615
0.24303692307692307
0.1994363076923077
0.12537784615384615
0.037967999999999995
-0.03337846153846154
-0.09450276923076922
-0.14081538461538462
-0.1656406153846154
-0.14707384615384617
-0.07489292307692308
0.022530461538461537
0.12579507692307693
0.19839323076923077
0.23239753846153846
0.23385784615384617
0.20360861538461536
0.1462393846153846
0.07301538461538462
-0.021070153846153846
-0.10576799999999999
-0.14811692307692306
-0.15562707692307692
-0.11891076923076922
-0.06988615384615385
-0.006884307692307692
0.06654830769230768
0.13351384615384615
0.19463815384615382
0.2207150769230769
0.20298276923076922
0.13706030769230768
0.042974769230769226
-0.051319384615384614
-0.132888
-0.18921415384615384
-0.2236356923076923
-0.23281476923076924
-0.1948467692307692
-0.10910584615384614
0.009804923076923077
0.13893784615384613
0.24512307692307692
0.3291950769230769
0.3767593846153846
0.37967999999999996
0.3402516923076923
0.24679199999999998
0.11473846153846154
-0.03129230769230769
-0.16063384615384615
-0.25367630769230765
-0.3049956923076923
-0.30854215384615385
-0.26348123076923075
-0.16292861538461537
-0.011265230769230769
0.1635544615384615
0.32961230769230765
0.4472713846153846
0.5063095384615385
0.5161144615384615
0.4685501538461538
0.36319938461538465
0.20861538461538462
0.03045784615384615
-0.1424843076923077
-0.3012406153846154
-0.4086775384615385
-0.45791076923076923
-0.452904
-0.39115384615384613
-0.2860116923076923
-0.12412615384615384
0.05736923076923077
0.21967199999999998
0.35276861538461535
0.43704923076923075
0.4618744615384615
0.431208
0.34233784615384616
0.214248
0.059664
-0.1028473846153846
-0.2288510769230769
-0.32585723076923073
-0.37425600000000003
-0.38990215384615384
-0.37655076923076924
-0.3170953846153846
-0.23406646153846156
-0.12934153846153845
-0.031709538461538456
0.04985907692307692
0.12329169230769231
0.18629353846153843
0.2342750769230769
0.2509643076923077
0.22780799999999998
0.16793538461538463
0.0744756923076923
-0.035255999999999996
-0.13872923076923074
-0.24428861538461538
-0.35276861538461535
-0.4424732307692308
-0.4925409230769231
-0.49087200000000003
-0.4451852307692308
-0.3604873846153846
-0.24679199999999998
-0.12829846153846153
-0.015437538461538461
0.10263876923076923
0.2125790769230769
0.28246523076923075
0.30207507692307695
0.27558092307692306
0.22134092307692307
0.14060676923076923
0.03755076923076923
-0.08302892307692307
-0.20339999999999997
-0.30290953846153845
-0.36299076923076923
-0.36904061538461536
-0.3252313846153846
-0.238656
-0.12579507692307693
0.01814953846153846
0.1733593846153846
0.3202246153846154
0.42953907692307686
0.47877230769230766
0.4785636923076923
0.41952553846153845
0.3285692307692308
0.2127876923076923
0.07614461538461538
-0.06446215384615385
-0.20006215384615383
-0.2937304615384615
-0.33816553846153846
-0.3402516923076923
-0.29873723076923075
-0.22718215384615387
-0.13372246153846154
-0.020652923076923076
0.09804923076923076
0.21216184615384615
0.3016578461538461
0.3581926153846154
0.3863556923076923
0.3821833846153846
0.3577753846153846
0.30436984615384616
0.22447015384615385
0.13226215384615383
0.040054153846153843
-0.02524246153846154
-0.06800861538461538
-0.09325107692307691
-0.10096984615384616
-0.09262523076923077
-0.06446215384615385
-0.021487384615384613
0.030875076923076922
0.0853236923076923
0.12934153846153845
0.16334584615384617
0.1990190769230769
0.22989415384615383
0.24512307692307692
0.24324553846153843
0.20193969230769232
0.12934153846153845
0.046104
-0.042348923076923076
-0.12204
-0.19964492307692308
-0.2559710769230769
-0.28893230769230765
-0.2828824615384615
-0.22697353846153845
-0.14853415384615384
-0.07009476923076922
-0.0029206153846153843
0.03629907692307692
0.05298830769230769
0.07739630769230768
0.07948246153846153
0.08115138461538463
0.04318338461538461
0.0077187692307692304
-0.021070153846153846
-0.03421292307692308
-0.03442153846153846
-0.0035464615384615383
0.0988836923076923
0.010639384615384617
-0.003129230769230769
0.0033378461538461535
-0.04088861538461538
-0.010639384615384617
-0.07009476923076922
-0.11870215384615385
-0.25242461538461536
-0.2563883076923077
-0.18337292307692307
-0.08845292307692308
0.03045784615384615
0.03024923076923077
0.12996738461538462
0.22300984615384614
0.36445107692307693
0.48690830769230764
0.4080516923076923
0.2828824615384615
0.10430769230769231
-0.04172307692307692
-0.12454338461538461
-0.222384
-0.3035353846153846
-0.3542289230769231
-0.3903193846153846
-0.3195987692307692
-0.15333230769230768
-0.006049846153846154
0.1353913846153846
0.24741784615384615
0.31542646153846154
0.32669169230769235
0.34358953846153845
0.3442153846153846
0.2953993846153846
0.1794092307692308
0.0033378461538461535
-0.12099692307692309
-0.222384
-0.31250584615384613
-0.385104
-0.46542092307692307
-0.5269624615384615
-0.48628246153846155
-0.36319938461538465
-0.21132738461538458
-0.04839876923076923
0.08991323076923076
0.22947692307692308
0.3746732307692308
0.4641692307692307
0.5017199999999999
0.46354338461538463
0.34776184615384614
0.23782153846153845
0.1151556923076923
-0.044435076923076924
-0.2127876923076923
-0.3440067692307692
-0.45040061538461534
-0.4750172307692308
-0.41556184615384617
-0.30520430769230766
-0.09930092307692308
0.09763200000000001
0.2822566153846154
0.485448
0.6287667692307692
0.7099181538461539
0.7322399999999999
0.6550523076923076
0.4887858461538461
0.2712
0.053405538461538456
-0.13622584615384614
-0.31188
-0.4360061538461539
-0.48711692307692306
-0.4645864615384615
-0.3750904615384615
-0.23385784615384617
-0.04860738461538461
0.14311015384615386
0.3294036923076923
0.46771569230769233
0.5165316923076922
0.5190350769230769
0.4633347692307692
0.34776184615384614
0.23052
0.07572738461538461
-0.08866153846153846
-0.1829556923076923
-0.23615261538461538
-0.23364923076923078
-0.18963138461538462
-0.138312
-0.05403138461538461
0.034630153846153845
0.1097316923076923
0.1775316923076923
0.22718215384615387
0.24095076923076922
0.22551323076923077
0.19755876923076923
0.1368516923076923
0.08511507692307693
0.06362769230769232
0.04526953846153846
0.034630153846153845
0.003755076923076923
-0.035464615384615386
-0.059664
-0.07885661538461539
-0.086784
-0.09283384615384616
-0.13059323076923077
-0.16334584615384617
-0.1489513846153846
-0.12662953846153846
-0.10222153846153846
-0.07614461538461538
-0.05570030769230769
-0.003129230769230769
0.07218092307692307
0.13205353846153844
0.16751815384615384
0.15166338461538462
0.0936683076923077
0.025033846153846153
-0.03775938461538462
-0.10576799999999999
-0.19860184615384616
-0.3012406153846154
-0.38719015384615385
-0.41076369230769233
-0.3707095384615384
-0.2830910769230769
-0.15270646153846154
-0.025659692307692307
0.08073415384615384
0.18483323076923078
0.2707827692307692
0.3241883076923077
0.31396615384615384
0.21612553846153845
0.08866153846153846
-0.02086153846153846
-0.10597661538461538
-0.15667015384615385
-0.1860849230769231
-0.21195323076923075
-0.2075723076923077
-0.14957723076923077
-0.06592246153846154
0.010848
0.06279323076923077
0.07426707692307692
0.078648
0.09679753846153846
0.11265230769230769
0.12350030769230769
0.11140061538461538
0.09283384615384616
0.07656184615384615
0.06070707692307692
0.06654830769230768
0.07802215384615384
0.065088
0.03212676923076923
0.012308307692307691
0.0077187692307692304
0.013142769230769229
0.012934153846153845
-0.0043809230769230765
-0.03129230769230769
-0.04756430769230769
-0.029832
0.023990769230769232
0.084072
0.11536430769230768
0.15604430769230768
0.20402584615384614
0.2422024615384615
0.25972615384615383
0.21696000000000001
0.1422756923076923
0.05528307692307692
-0.03024923076923077
-0.09804923076923076
-0.157296
-0.20360861538461536
-0.21216184615384615
-0.17273353846153844
-0.09429415384615383
0.004589538461538461
0.09241661538461539
0.15938215384615384
0.20110523076923076
0.2330233846153846
0.23761292307692305
0.19755876923076923
0.12642092307692307
0.01856676923076923
-0.08782707692307692
-0.17273353846153844
-0.2273907692307692
-0.2290596923076923
-0.20694646153846152
-0.15687876923076924
-0.08031692307692308
-0.012308307692307691
0.05924676923076923
0.09930092307692308
0.09825784615384614
0.08031692307692308
0.029414769230769227
-0.02795446153846154
-0.0897046153846154
-0.14999446153846155
-0.18629353846153843
-0.1990190769230769
-0.17523692307692307
-0.13247076923076923
-0.07760492307692309
-0.01814953846153846
0.026911384615384615
0.07489292307692308
0.10639384615384614
0.09721476923076922
0.06028984615384615
-0.0012516923076923076
-0.07405846153846153
-0.12829846153846153
-0.15833907692307692
-0.16438892307692307
-0.14832553846153845
-0.1136953846153846
-0.040054153846153843
0.05236246153846154
0.13789476923076924
0.20027076923076922
0.21487384615384614
0.19192615384615386
0.1368516923076923
0.06759138461538462
-0.005215384615384615
-0.0853236923076923
-0.15959076923076923
-0.21237046153846154
-0.2225926153846154
-0.1867107692307692
-0.13372246153846154
-0.06529661538461538
0.01397723076923077
0.08094276923076923
0.15103753846153847
0.20444307692307692
0.23281476923076924
0.23823876923076923
0.20819815384615384
0.17419384615384614
0.1368516923076923
0.09283384615384616
0.04819015384615385
0.0002086153846153846
-0.042348923076923076
-0.06154153846153846
-0.059664
-0.03233538461538461
0.008136
0.047772923076923074
0.10347323076923076
0.15208061538461537
0.19964492307692308
0.22655630769230767
0.21320492307692307
0.18107815384615383
0.11849353846153846
0.053614153846153846
-0.014185846153846153
-0.09241661538461539
-0.1558356923076923
-0.2157083076923077
-0.2517987692307692
-0.24741784615384615
-0.22405292307692307
-0.184416
-0.1316363076923077
-0.06070707692307692
0.017732307692307693
0.09199938461538461
0.15541846153846153
0.18337292307692307
0.17002153846153847
0.1289243076923077
0.07468430769230769
0.017940923076923077
-0.040054153846153843
-0.09241661538461539
-0.1218313846153846
-0.13372246153846154
-0.11619876923076923
-0.07343261538461537
-0.026911384615384615
0.027328615384615382
0.08448923076923077
0.1353913846153846
0.1775316923076923
0.1992276923076923
0.18921415384615384
0.15959076923076923
0.10785415384615385
0.052153846153846155
0.011056615384615385
-0.023364923076923075
-0.04693846153846153
-0.06133292307692308
-0.054657230769230764
-0.031918153846153846
-0.0077187692307692304
0.01940123076923077
0.03045784615384615
0.02482523076923077
0.0043809230769230765
-0.035464615384615386
-0.07885661538461539
-0.1287156923076923
-0.16188553846153847
-0.16897846153846155
-0.16188553846153847
-0.12308307692307692
-0.06613107692307692
0.0008344615384615384
0.08094276923076923
0.1612596923076923
0.23239753846153846
0.27412061538461535
0.27704123076923076
0.24282830769230768
0.184416
0.1207883076923077
0.04965046153846154
-0.017315076923076923
-0.07092923076923077
-0.09825784615384614
-0.09450276923076922
-0.06717415384615384
0.0018775384615384615
0.07927384615384615
0.13998092307692306
0.19192615384615386
0.21696000000000001
0.23364923076923078
0.2225926153846154
0.16605784615384614
0.09596307692307693
0.010013538461538461
-0.06571384615384615
-0.111192
-0.14311015384615386
-0.14728246153846153
-0.12808984615384614
-0.09053907692307692
-0.026702769230769228
0.042348923076923076
0.11035753846153845
0.15541846153846153
0.16459753846153846
0.16209415384615386
0.15228923076923076
0.1462393846153846
0.14060676923076923
0.12496061538461539
0.11640738461538462
0.10368184615384615
0.10514215384615383
0.11765907692307691
0.10743692307692307
0.08866153846153846
0.04714707692307692
0.003755076923076923
-0.029206153846153847
-0.06279323076923077
-0.08887015384615385
-0.11265230769230769
-0.10910584615384614
-0.07843938461538462
-0.018775384615384614
0.0609156923076923
0.11828492307692307
0.15917353846153848
0.17315076923076922
0.1614683076923077
0.13643446153846153
0.06905169230769231
-0.02545107692307692
-0.1316363076923077
-0.22697353846153845
-0.2757895384615385
-0.2845513846153846
-0.26222953846153846
-0.21320492307692307
-0.14311015384615386
-0.040679999999999994
0.08052553846153847
0.18316430769230768
0.25513661538461535
0.2805876923076923
0.260352
0.20778092307692309
0.1435273846153846
0.06696553846153847
-0.028163076923076923
-0.11223507692307692
-0.17544553846153846
-0.19630707692307692
-0.17461107692307692
-0.13935507692307691
-0.09158215384615384
-0.046104
-0.009804923076923077
0.020652923076923076
0.03504738461538461
0.03588184615384615
0.009179076923076922
-0.04047138461538462
-0.0771876923076923
-0.09804923076923076
-0.0963803076923077
-0.07072061538461538
-0.03880246153846154
-0.006675692307692307
0.03129230769230769
0.07092923076923077
0.08991323076923076
0.07405846153846153
0.027328615384615382
-0.040679999999999994
-0.11640738461538462
-0.17481969230769231
-0.22405292307692307
-0.2559710769230769
-0.2705741538461538
-0.26765353846153844
-0.233232
-0.18545907692307692
-0.065088
0.07969107692307692
0.24345415384615382
0.4262012307692308
0.536976
0.6400319999999999
0.6681950769230769
0.6350252307692307
0.5319692307692307
0.3229366153846154
0.11390399999999999
-0.11891076923076922
-0.30583015384615386
-0.4456024615384615
-0.52884
-0.513611076923077
-0.42474092307692307
-0.23281476923076924
0.001043076923076923
0.23615261538461538
0.45311261538461534
0.5930935384615384
0.6435784615384614
0.5922590769230769
0.4268270769230769
0.2209236923076923
-0.0029206153846153843
-0.2290596923076923
-0.3915710769230769
-0.5090215384615385
-0.520704
-0.41368430769230763
-0.23677846153846152
-0.009387692307692307
0.17377661538461536
0.30708184615384615
0.3907366153846154
0.40033292307692303
0.3490135384615385
0.2357353846153846
0.09596307692307693
-0.02524246153846154
-0.10681107692307691
-0.13643446153846153
-0.14728246153846153
-0.15875630769230767
-0.15959076923076923
-0.17398523076923075
-0.18629353846153843
-0.21049292307692305
-0.23761292307692305
-0.24637476923076923
-0.2716172307692308
-0.28350830769230767
-0.2782929230769231
-0.26139507692307695
-0.200688
-0.13309661538461537
-0.06738276923076922
0.018983999999999997
0.111192
0.21737723076923077
0.31104553846153843
0.3373310769230769
0.2828824615384615
0.17002153846153847
0.033169846153846154
-0.116616
-0.2651501538461538
-0.39532615384615377
-0.48044123076923073
-0.4606227692307692
-0.3479704615384615
-0.1718990769230769
0.03942830769230769
0.22572184615384616
0.3890676923076923
0.4929581538461539
0.5104818461538462
0.4554073846153846
0.3187643076923077
0.14457046153846154
-0.030875076923076922
-0.18086953846153844
-0.27328615384615385
-0.30207507692307695
-0.2701569230769231
-0.20632061538461538
-0.12245723076923076
-0.016272
0.0880356923076923
0.19213476923076922
0.26222953846153846
0.27558092307692306
0.2695310769230769
0.2292683076923077
0.17002153846153847
0.10618523076923077
0.030040615384615384
-0.015020307692307692
-0.030040615384615384
-0.016063384615384615
0.04380923076923077
0.11014892307692307
0.1637630769230769
0.20819815384615384
0.2330233846153846
0.22154953846153846
0.16188553846153847
0.06362769230769232
-0.058829538461538454
-0.168144
-0.24282830769230768
-0.27850153846153847
-0.26640184615384616
-0.22780799999999998
-0.15875630769230767
-0.04568676923076923
0.07343261538461537
0.17502830769230768
0.24428861538461538
0.2572227692307692
0.22718215384615387
0.14728246153846153
0.02899753846153846
-0.10618523076923077
-0.2497126153846154
-0.3665372307692307
-0.4280787692307692
-0.41535323076923075
-0.33607938461538456
-0.20673784615384616
-0.047981538461538464
0.11348676923076922
0.25951753846153847
0.3750904615384615
0.4322510769230769
0.4243236923076923
0.34651015384615386
0.20131384615384615
0.04631261538461538
-0.10994030769230768
-0.2426196923076923
-0.33607938461538456
-0.40972061538461535
-0.41305846153846154
-0.347136
-0.22989415384615383
-0.0853236923076923
0.03421292307692308
0.12683815384615382
0.2021483076923077
0.25138153846153843
0.2695310769230769
0.24574892307692306
0.1858763076923077
0.116616
0.05507446153846154
0.02211323076923077
0.004589538461538461
-0.0006258461538461538
0.006467076923076923
0.015854769230769228
0.042974769230769226
0.06279323076923077
0.07134646153846153
0.07510153846153846
0.05444861538461539
0.03629907692307692
0.03901107692307692
0.059664
0.10368184615384615
0.14519630769230768
0.1869193846153846
0.23761292307692305
0.2897667692307692
0.34504984615384615
0.3819747692307692
0.3711267692307692
0.30290953846153845
0.19735015384615384
0.08219446153846154
-0.030875076923076922
-0.14832553846153845
-0.2517987692307692
-0.31188
-0.30270092307692303
-0.2292683076923077
-0.119328
0.012934153846153845
0.1316363076923077
0.22989415384615383
0.31083692307692307
0.34275507692307694
0.3206418461538461
0.23823876923076923
0.11181784615384616
-0.01272553846153846
-0.12412615384615384
-0.2073636923076923
-0.2482523076923077
-0.2497126153846154
-0.20486030769230767
-0.12204
-0.018358153846153843
0.09387692307692307
0.1869193846153846
0.24199384615384617
0.24762646153846155
0.21153599999999997
0.14206707692307693
0.04276615384615385
-0.058829538461538454
-0.16772676923076923
-0.25930892307692305
-0.30332676923076923
-0.3031181538461538
-0.2453316923076923
-0.15333230769230768
-0.047981538461538464
0.06821723076923077
0.16584923076923075
0.23406646153846156
0.25805723076923076
0.2140393846153846
0.11974523076923077
0.0008344615384615384
-0.12204
-0.22989415384615383
-0.3077076923076923
-0.33315876923076926
-0.2981113846153846
-0.1994363076923077
-0.05069353846153846
0.10681107692307691
0.24199384615384617
0.3373310769230769
0.3844781538461538
0.3909452307692307
0.3421292307692308
0.23052
0.0853236923076923
-0.06967753846153846
-0.20632061538461538
-0.3214763076923077
-0.3917796923076923
-0.39344861538461534
-0.34880492307692307
-0.2563883076923077
-0.1287156923076923
0.015020307692307692
0.14603076923076924
0.23928184615384615
0.29352184615384613
0.30144923076923075
0.27140861538461536
0.20924123076923076
0.12204
0.026285538461538457
-0.07238953846153846
-0.1489513846153846
-0.18337292307692307
-0.17982646153846152
-0.14311015384615386
-0.0936683076923077
-0.03150092307692308
0.045895384615384616
0.11828492307692307
0.1760713846153846
0.21633415384615384
0.23156307692307693
0.2330233846153846
0.2261390769230769
0.20486030769230767
0.1718990769230769
0.11828492307692307
0.062376
0.015228923076923076
-0.02023569230769231
-0.040679999999999994
-0.06696553846153847
-0.09491999999999999
-0.10910584615384614
-0.11724184615384614
-0.103056
-0.07572738461538461
-0.047772923076923074
-0.013351384615384614
0.011682461538461537
0.04109723076923077
0.07218092307692307
0.08594953846153845
0.08574092307692306
0.06404492307692307
0.026285538461538457
-0.0077187692307692304
-0.05528307692307692
-0.11181784615384616
-0.15875630769230767
-0.19442953846153843
-0.20298276923076922
-0.17982646153846152
-0.11765907692307691
-0.03650769230769231
0.049233230769230765
0.13497415384615385
0.20506892307692307
0.25659692307692306
0.27286892307692306
0.25138153846153843
0.20256553846153844
0.12621230769230768
0.03567323076923076
-0.05507446153846154
-0.14102399999999998
-0.19735015384615384
-0.21591692307692306
-0.20506892307692307
-0.1558356923076923
-0.08344615384615384
0.0029206153846153843
0.09429415384615383
0.1614683076923077
0.20298276923076922
0.21862892307692305
0.19881046153846152
0.14686523076923075
0.06696553846153847
-0.024408000000000003
-0.10827138461538462
-0.17502830769230768
-0.2125790769230769
-0.225096
-0.2090326153846154
-0.16835261538461538
-0.10117846153846152
-0.01940123076923077
0.045895384615384616
0.0963803076923077
0.12621230769230768
0.13852061538461538
0.13852061538461538
0.11953661538461538
0.08907876923076924
0.06154153846153846
0.03880246153846154
0.017523692307692306
0.004172307692307692
0.0016689230769230767
-0.001043076923076923
0.0016689230769230767
0.009179076923076922
0.009804923076923077
0.005215384615384615
-0.011891076923076923
-0.029206153846153847
-0.04735569230769231
-0.06717415384615384
-0.06863446153846153
-0.05799507692307692
-0.04756430769230769
-0.02545107692307692
0.004798153846153846
0.040679999999999994
0.084072
0.11473846153846154
0.12496061538461539
0.10597661538461538
0.06717415384615384
0.01981846153846154
-0.03942830769230769
-0.0961716923076923
-0.13789476923076924
-0.16334584615384617
-0.15792184615384616
-0.12224861538461537
-0.06675692307692307
-0.005424
0.04172307692307692
0.08448923076923077
0.11640738461538462
0.130176
0.11578153846153846
0.06467076923076923
-0.0025033846153846152
-0.07405846153846153
-0.12829846153846153
-0.16105107692307694
-0.18066092307692305
-0.1802436923076923
-0.16710092307692306
-0.14060676923076923
-0.09095630769230768
-0.030875076923076922
0.030040615384615384
0.08448923076923077
0.11286092307692308
0.13267938461538462
0.14269292307692305
0.12621230769230768
0.10159569230769232
0.05757784615384615
0.02044430769230769
-0.0016689230769230767
-0.009179076923076922
0.003755076923076923
0.008344615384615384
0.013560000000000001
0.015646153846153844
0.028163076923076923
0.051528
0.06759138461538462
0.07197230769230768
0.06446215384615385
0.056951999999999996
0.06133292307692308
0.07134646153846153
0.06905169230769231
0.05236246153846154
0.03692492307692308
0.03045784615384615
0.021696
0.01814953846153846
0.006258461538461538
-0.011682461538461537
-0.01981846153846154
-0.021070153846153846
-0.006884307692307692
0.007927384615384614
0.018358153846153843
0.026911384615384615
0.041514461538461535
0.06842584615384616
0.10222153846153846
0.13351384615384615
0.15333230769230768
0.1597993846153846
0.1597993846153846
0.1612596923076923
0.13914646153846155
0.08574092307692306
0.009179076923076922
-0.07677046153846154
-0.14728246153846153
-0.18983999999999998
-0.1910916923076923
-0.15896492307692306
-0.10055261538461538
-0.02482523076923077
0.06738276923076922
0.15750461538461538
0.2221753846153846
0.24449723076923074
0.2275993846153846
0.1800350769230769
0.11348676923076922
0.03233538461538461
-0.09241661538461539
-0.19735015384615384
-0.273912
-0.30332676923076923
-0.2926873846153846
-0.260352
-0.19150892307692308
-0.08052553846153847
0.06028984615384615
0.27453784615384613
0.5319692307692307
0.5229987692307692
0.5002596923076923
0.441012923076923
0.30436984615384616
0.27850153846153847
0.0006258461538461538
-0.25534523076923077
-0.509856
-0.6629796923076924
-0.523416
-0.44309907692307693
-0.25138153846153843
-0.14749107692307692
0.028163076923076923
0.36319938461538465
0.5570030769230769
0.7779267692307692
0.7005304615384614
0.49358399999999997
0.33962584615384617
0.059664
-0.059872615384615385
-0.2563883076923077
-0.45603323076923075
-0.4650036923076923
-0.561384
-0.4309993846153846
-0.20715507692307691
-0.05674338461538461
0.214248
0.2953993846153846
0.3636166153846153
0.44414215384615385
0.4184824615384615
0.4825273846153846
0.39219692307692305
0.2127876923076923
0.045895384615384616
-0.12704676923076924
-0.13706030769230768
-0.1802436923076923
-0.25951753846153847
-0.3031181538461538
-0.36215630769230767
-0.24679199999999998
-0.11953661538461538
-0.07134646153846153
-0.0006258461538461538
-0.017523692307692306
0.03275261538461539
0.12850707692307692
0.12996738461538462
0.16584923076923075
0.12558646153846154
0.07009476923076922
0.10514215384615383
0.07635323076923077
0.05319692307692307
-0.02086153846153846
-0.13622584615384614
-0.20047938461538461
-0.2774584615384615
-0.2924787692307692
-0.28768061538461537
-0.23364923076923078
-0.12955015384615384
-0.06133292307692308
0.10201292307692307
0.254928
0.3650769230769231
0.4720966153846154
0.43663199999999996
0.3752990769230769
0.273912
0.1178676923076923
-0.0043809230769230765
-0.1908830769230769
-0.3285692307692308
-0.3805144615384615
-0.3949089230769231
-0.3095852307692307
-0.214248
-0.07426707692307692
0.12913292307692306
0.30583015384615386
0.4487316923076923
0.48649107692307686
0.46145723076923073
0.4113895384615384
0.273912
0.12245723076923076
-0.08073415384615384
-0.29748553846153847
-0.40054153846153845
-0.47001046153846154
-0.44309907692307693
-0.3277347692307692
-0.20861538461538462
-0.01668923076923077
0.14978584615384616
0.28934953846153844
0.4360061538461539
0.5015113846153846
0.5092301538461538
0.43329415384615383
0.28788923076923073
0.1207883076923077
-0.06070707692307692
-0.19442953846153843
-0.30249230769230767
-0.36674584615384614
-0.3782196923076923
-0.3588184615384616
-0.2453316923076923
-0.10868861538461538
0.026702769230769228
0.16897846153846155
0.23239753846153846
0.2805876923076923
0.3216849230769231
0.29748553846153847
0.22572184615384616
0.08344615384615384
-0.06529661538461538
-0.14832553846153845
-0.2090326153846154
-0.2426196923076923
-0.27453784615384613
-0.2981113846153846
-0.25972615384615383
-0.19380369230769232
-0.09158215384615384
0.0014603076923076922
0.06216738461538462
0.11870215384615385
0.12808984615384614
0.14206707692307693
0.15374953846153847
0.132888
0.13497415384615385
0.09429415384615383
0.03859384615384615
0.008761846153846153
-0.03713353846153846
-0.04318338461538461
-0.07364123076923076
-0.14457046153846154
-0.1779489230769231
-0.1923433846153846
-0.154584
-0.09199938461538461
-0.05319692307692307
-0.010639384615384617
0.026702769230769228
0.08615815384615384
0.1424843076923077
0.15917353846153848
0.16084246153846155
0.11348676923076922
0.06946892307692307
0.035464615384615386
-0.02044430769230769
-0.05674338461538461
-0.10952307692307692
-0.1356
-0.12537784615384615
-0.10681107692307691
-0.04088861538461538
0.03379569230769231
0.11181784615384616
0.18900553846153845
0.24032492307692307
0.29185292307692307
0.32877784615384614
0.32210215384615387
0.26932246153846157
0.16584923076923075
0.04839876923076923
-0.05382276923076923
-0.13372246153846154
-0.18232984615384615
-0.2273907692307692
-0.24074215384615386
-0.20110523076923076
-0.12662953846153846
-0.023990769230769232
0.052153846153846155
0.10660246153846153
0.1489513846153846
0.15270646153846154
0.14999446153846155
0.1097316923076923
0.03024923076923077
-0.03838523076923077
-0.11286092307692308
-0.15082892307692305
-0.1570873846153846
-0.15813046153846153
-0.13643446153846153
-0.10514215384615383
-0.05090215384615384
0.009179076923076922
0.06446215384615385
0.11265230769230769
0.14290153846153844
0.15792184615384616
0.14999446153846155
0.12704676923076924
0.10076123076923077
0.06967753846153846
0.04819015384615385
0.02858030769230769
-0.0002086153846153846
-0.008761846153846153
-0.003129230769230769
0.012934153846153845
0.03024923076923077
0.03045784615384615
0.025033846153846153
0.01814953846153846
0.011265230769230769
0.009387692307692307
0.005215384615384615
-0.010848
-0.03713353846153846
-0.05736923076923077
-0.06300184615384616
-0.059664
-0.05069353846153846
-0.03901107692307692
-0.03755076923076923
-0.03984553846153846
-0.03379569230769231
-0.033169846153846154
-0.02899753846153846
-0.03504738461538461
-0.04401784615384615
-0.046104
-0.040054153846153843
-0.008344615384615384
0.035464615384615386
0.08073415384615384
0.10326461538461539
0.11807630769230769
0.12725538461538463
0.12350030769230769
0.10138707692307691
0.054240000000000003
0.014185846153846153
-0.023990769230769232
-0.047772923076923074
-0.053614153846153846
-0.05799507692307692
-0.050067692307692306
-0.026494153846153844
0.009804923076923077
0.04672984615384615
0.07739630769230768
0.09095630769230768
0.0892873846153846
0.07885661538461539
0.05090215384615384
0.013351384615384614
-0.02795446153846154
-0.07259815384615384
-0.11160923076923077
-0.13664307692307692
-0.13330523076923076
-0.10368184615384615
-0.05611753846153846
0.0022947692307692304
0.055491692307692304
0.11056615384615384
0.16459753846153846
0.19505538461538463
0.20840676923076923
0.1927606153846154
0.15354092307692307
0.11265230769230769
0.065088
0.022530461538461537
-0.024616615384615383
-0.06821723076923077
-0.08991323076923076
-0.08907876923076924
-0.0771876923076923
-0.055491692307692304
-0.02482523076923077
-0.0012516923076923076
0.03650769230769231
0.07885661538461539
0.111192
0.1287156923076923
0.12141415384615384
0.09825784615384614
0.06988615384615385
0.03650769230769231
-0.0014603076923076922
-0.04380923076923077
-0.09241661538461539
-0.11640738461538462
-0.10514215384615383
-0.062376
0.007927384615384614
0.07677046153846154
0.14311015384615386
0.2090326153846154
0.2680707692307692
0.30979384615384614
0.3114627692307692
0.2655673846153846
0.1800350769230769
0.08949599999999999
0.00855323076923077
-0.06926030769230769
-0.13205353846153844
-0.17982646153846152
-0.20131384615384615
-0.17481969230769231
-0.11286092307692308
-0.03921969230769231
0.029414769230769227
0.08177723076923075
0.12329169230769231
0.14331876923076922
0.13309661538461537
0.086784
0.0077187692307692304
-0.08991323076923076
-0.19025723076923076
-0.2643156923076923
-0.30520430769230766
-0.31208861538461535
-0.2926873846153846
-0.24095076923076922
-0.14123261538461537
-0.016480615384615385
0.10243015384615384
0.19588984615384614
0.2411593846153846
0.23844738461538462
0.2056947692307692
0.14415323076923076
0.06341907692307691
-0.03671630769230769
-0.14081538461538462
-0.21445661538461538
-0.25200738461538463
-0.2399076923076923
-0.18483323076923078
-0.11223507692307692
-0.030040615384615384
0.06341907692307691
0.16042523076923076
0.24345415384615382
0.2862203076923077
0.2753723076923077
0.22530461538461538
0.1504116923076923
0.0744756923076923
-0.004589538461538461
-0.09053907692307692
-0.1721076923076923
-0.22780799999999998
-0.23907323076923076
-0.208824
-0.14290153846153844
-0.07364123076923076
-0.014394461538461538
0.0446436923076923
0.10180430769230768
0.14707384615384617
0.1718990769230769
0.1691870769230769
0.14290153846153844
0.10994030769230768
0.07948246153846153
0.055491692307692304
0.029414769230769227
-0.005424
-0.03400430769230769
-0.04088861538461538
-0.026494153846153844
0.0025033846153846152
0.03150092307692308
0.04526953846153846
0.050067692307692306
0.06028984615384615
0.07572738461538461
0.08344615384615384
0.07218092307692307
0.052153846153846155
0.03483876923076923
0.026911384615384615
0.03650769230769231
0.04088861538461538
0.03588184615384615
0.020652923076923076
0.0029206153846153843
0.003963692307692307
0.0033378461538461535
-0.0070929230769230765
-0.027745846153846152
-0.04965046153846154
-0.053405538461538456
-0.03588184615384615
0.005841230769230769
0.04422646153846154
0.06529661538461538
0.08866153846153846
0.11473846153846154
0.1424843076923077
0.17502830769230768
0.18399876923076922
0.168144
0.14457046153846154
0.11953661538461538
0.10806276923076923
0.09825784615384614
0.07927384615384615
0.05653476923076922
0.040262769230769234
0.03504738461538461
0.02858030769230769
0.010848
-0.02044430769230769
-0.06300184615384616
-0.09304246153846155
-0.10076123076923077
-0.08699261538461538
-0.05319692307692307
-0.02232184615384615
0.020652923076923076
0.07405846153846153
0.11557292307692307
0.14311015384615386
0.13393107692307693
0.09158215384615384
0.03483876923076923
-0.03650769230769231
-0.09429415384615383
-0.1395636923076923
-0.17815753846153848
-0.1794092307692308
-0.15938215384615384
-0.10576799999999999
-0.04944184615384615
-0.010013538461538461
0.02044430769230769
0.02858030769230769
0.04172307692307692
0.03838523076923077
0.04109723076923077
0.05319692307692307
0.07572738461538461
0.10743692307692307
0.2207150769230769
0.30186646153846153
0.23761292307692305
0.22467876923076924
0.14582215384615385
0.08323753846153846
0.028163076923076923
-0.14123261538461537
-0.26911384615384615
-0.4253667692307692
-0.4599969230769231
-0.4216116923076923
-0.38719015384615385
-0.2782929230769231
-0.19609846153846153
0.0012516923076923076
0.22029784615384615
0.4170221538461538
0.6033156923076922
0.5953883076923077
0.5394793846153846
0.4113895384615384
0.1910916923076923
-0.0012516923076923076
-0.2737033846153846
-0.48106707692307693
-0.6076966153846154
-0.7201403076923076
-0.6054018461538461
-0.4113895384615384
-0.17732307692307692
0.11306953846153844
0.2993630769230769
0.471888
0.5565858461538462
0.5680596923076923
0.5597150769230769
0.42599261538461536
0.2578486153846154
0.08615815384615384
-0.05444861538461539
-0.13935507692307691
-0.25471938461538457
-0.3490135384615385
-0.4211944615384615
-0.44622830769230765
-0.3617390769230769
-0.27704123076923076
-0.17169046153846151
-0.04839876923076923
0.051528
0.2021483076923077
0.3133403076923077
0.3767593846153846
0.4211944615384615
0.3752990769230769
0.33002953846153843
0.28413415384615387
0.2073636923076923
0.11140061538461538
-0.031709538461538456
-0.16334584615384617
-0.28476
-0.3750904615384615
-0.4134756923076923
-0.40992923076923077
-0.3327415384615385
-0.2330233846153846
-0.09241661538461539
0.12308307692307692
0.31229723076923077
0.4698018461538461
0.5793249230769231
0.5920504615384615
0.554916923076923
0.43287692307692305
0.2641070769230769
0.08177723076923075
-0.14415323076923076
-0.31626092307692305
-0.4276615384615384
-0.4923323076923077
-0.4892030769230769
-0.4372578461538461
-0.29748553846153847
-0.09325107692307691
0.12454338461538461
0.32543999999999995
0.46896738461538456
0.587460923076923
0.6452473846153846
0.6131206153846154
0.5202867692307692
0.3342018461538461
0.1207883076923077
-0.06592246153846154
-0.2422024615384615
-0.3415033846153846
-0.3838523076923077
-0.37947138461538454
-0.2937304615384615
-0.1794092307692308
-0.02357353846153846
0.1476996923076923
0.2862203076923077
0.3909452307692307
0.42369784615384615
0.40638276923076927
0.33983446153846153
0.23490092307692306
0.12850707692307692
-0.003963692307692307
-0.124752
-0.2275993846153846
-0.2993630769230769
-0.3077076923076923
-0.30749907692307693
-0.27558092307692306
-0.22134092307692307
-0.16710092307692306
-0.07280676923076923
0.021696
0.0892873846153846
0.132888
0.1462393846153846
0.16626646153846153
0.18274707692307693
0.16647507692307692
0.12287446153846153
0.04819015384615385
-0.02524246153846154
-0.08073415384615384
-0.12308307692307692
-0.15249784615384615
-0.18858830769230767
-0.21675138461538462
-0.22780799999999998
-0.22634769230769228
-0.1927606153846154
-0.15646153846153846
-0.11348676923076922
-0.04985907692307692
-0.01043076923076923
0.021070153846153846
0.033169846153846154
0.03358707692307692
0.038176615384615385
0.0006258461538461538
-0.04714707692307692
-0.08115138461538463
-0.11202646153846153
-0.14957723076923077
-0.18796246153846152
-0.21049292307692305
-0.21842030769230766
-0.19150892307692308
-0.1356
-0.07572738461538461
-0.011473846153846154
0.0448523076923077
0.09012184615384615
0.13914646153846155
0.16730953846153845
0.1800350769230769
0.17628
0.15479261538461536
0.14164984615384615
0.11703323076923078
0.08907876923076924
0.07009476923076922
0.06300184615384616
0.07092923076923077
0.08073415384615384
0.08594953846153845
0.09053907692307692
0.10076123076923077
0.10430769230769231
0.10827138461538462
0.11411261538461538
0.10848000000000001
0.09095630769230768
0.07823076923076923
0.07092923076923077
0.059872615384615385
0.05382276923076923
0.0448523076923077
0.04735569230769231
0.04985907692307692
0.040679999999999994
0.051319384615384614
0.05924676923076923
0.05382276923076923
0.042348923076923076
0.025033846153846153
0.021070153846153846
0.03108369230769231
0.03692492307692308
0.034630153846153845
0.02482523076923077
0.015228923076923076
0.021696
0.03212676923076923
0.04819015384615385
0.05945538461538461
0.06654830769230768
0.07280676923076923
0.078648
0.07802215384615384
0.054657230769230764
0.02524246153846154
-0.0029206153846153843
-0.011265230769230769
-0.011056615384615385
-0.01856676923076923
-0.023364923076923075
-0.021904615384615383
-0.01043076923076923
0.011473846153846154
0.03859384615384615
0.04631261538461538
0.03713353846153846
0.01814953846153846
0.0008344615384615384
-0.003755076923076923
-0.005841230769230769
-0.0070929230769230765
-0.018358153846153843
-0.022947692307692308
-0.014603076923076923
-0.0006258461538461538
0.02023569230769231
0.02795446153846154
0.021904615384615383
0.01043076923076923
-0.0050067692307692304
-0.018358153846153843
-0.03942830769230769
-0.07468430769230769
-0.11599015384615384
-0.13914646153846155
-0.13101046153846155
-0.09700615384615385
-0.05173661538461538
-0.011891076923076923
0.02482523076923077
0.06425353846153846
0.10952307692307692
0.14686523076923075
0.154584
0.132888
0.09554584615384615
0.052153846153846155
0.012099692307692308
-0.025033846153846153
-0.06425353846153846
-0.09137353846153846
-0.1045163076923077
-0.09095630769230768
-0.05528307692307692
-0.01814953846153846
0.015020307692307692
0.038176615384615385
0.06717415384615384
0.10493353846153847
0.14185846153846154
0.16501476923076921
0.15875630769230767
0.13622584615384614
0.10681107692307691
0.07343261538461537
0.04214030769230769
-0.0014603076923076922
-0.05590892307692308
-0.10889723076923077
-0.14707384615384617
-0.15208061538461537
-0.14123261538461537
-0.11452984615384615
-0.08469784615384615
-0.058829538461538454
-0.01043076923076923
0.029623384615384614
0.05403138461538461
0.06028984615384615
0.03379569230769231
0.003755076923076923
-0.031709538461538456
-0.06613107692307692
-0.084072
-0.111192
-0.13434830769230768
-0.12600369230769232
-0.08991323076923076
-0.02899753846153846
0.023990769230769232
0.06300184615384616
0.0963803076923077
0.1178676923076923
0.1422756923076923
0.15208061538461537
0.14749107692307692
0.1356
0.11640738461538462
0.11181784615384616
0.10409907692307692
0.08824430769230769
0.06884307692307692
0.04547815384615384
0.03963692307692308
0.054240000000000003
0.07697907692307693
0.08720123076923077
0.07739630769230768
0.06738276923076922
0.056951999999999996
0.043600615384615383
0.035464615384615386
0.02232184615384615
0.006675692307692307
-0.002086153846153846
-0.0006258461538461538
0.016063384615384615
0.031709538461538456
0.03483876923076923
0.03045784615384615
0.020027076923076922
0.0012516923076923076
-0.029623384615384614
-0.07030338461538461
-0.11452984615384615
-0.14916
-0.16167692307692308
-0.14331876923076922
-0.09825784615384614
-0.044435076923076924
0.010848
0.06404492307692307
0.12642092307692307
0.17502830769230768
0.19067446153846154
0.17502830769230768
0.12391753846153845
0.06467076923076923
0.0029206153846153843
-0.04985907692307692
-0.09930092307692308
-0.14728246153846153
-0.16897846153846155
-0.15604430769230768
-0.10952307692307692
-0.04652123076923077
0.01814953846153846
0.07197230769230768
0.11640738461538462
0.1489513846153846
0.17252492307692308
0.1693956923076923
0.13497415384615385
0.07656184615384615
-0.0008344615384615384
-0.05653476923076922
-0.0988836923076923
-0.12704676923076924
-0.13080184615384613
-0.12829846153846153
-0.0934596923076923
-0.03901107692307692
0.012099692307692308
0.06362769230769232
0.08907876923076924
0.09533723076923077
0.09053907692307692
0.08344615384615384
0.0826116923076923
0.054657230769230764
0.009804923076923077
-0.02795446153846154
-0.05090215384615384
-0.041514461538461535
-0.025659692307692307
-0.009179076923076922
0.01043076923076923
0.018983999999999997
0.03442153846153846
0.03984553846153846
0.03212676923076923
0.016480615384615385
-0.015020307692307692
-0.026285538461538457
-0.012099692307692308
0.010013538461538461
0.03775938461538462
0.06258461538461538
0.09283384615384616
0.12391753846153845
0.14290153846153844
0.14811692307692306
0.119328
0.06592246153846154
0.0077187692307692304
-0.05027630769230769
-0.09304246153846155
-0.11995384615384615
-0.13059323076923077
-0.1287156923076923
-0.11244369230769231
-0.065088
-0.0012516923076923076
0.06028984615384615
0.10368184615384615
0.1341396923076923
0.1666836923076923
0.17690584615384616
0.1656406153846154
0.13476553846153844
0.08344615384615384
0.024408000000000003
-0.042974769230769226
-0.09554584615384615
-0.1395636923076923
-0.1883796923076923
-0.21883753846153844
-0.21862892307692305
-0.1712732307692308
-0.09679753846153846
-0.020027076923076922
0.05173661538461538
0.10618523076923077
0.143736
0.16501476923076921
0.15875630769230767
0.11619876923076923
0.054657230769230764
-0.023990769230769232
-0.09158215384615384
-0.13601723076923075
-0.16167692307692308
-0.15562707692307692
-0.13101046153846155
-0.08010830769230769
-0.01043076923076923
0.055491692307692304
0.119328
0.16730953846153845
0.1802436923076923
0.16501476923076921
0.12454338461538461
0.04819015384615385
-0.050067692307692306
-0.1178676923076923
-0.14936861538461538
-0.12245723076923076
-0.04047138461538462
0.07468430769230769
0.23823876923076923
0.4017932307692308
0.5434430769230769
0.6364855384615384
0.6638141538461538
0.576612923076923
0.38760738461538463
0.20486030769230767
-0.016480615384615385
-0.20152246153846154
-0.3248141538461538
-0.444768
-0.4489403076923077
-0.38593846153846156
-0.22447015384615385
-0.008136
0.16209415384615386
0.3387913846153846
0.4222375384615385
0.43579753846153846
0.3861470769230769
0.2436627692307692
0.06633969230769231
-0.17565415384615385
-0.3604873846153846
-0.45102646153846154
-0.484404923076923
-0.4026276923076923
-0.28204799999999997
-0.11452984615384615
0.04839876923076923
0.15750461538461538
0.2724516923076923
0.27328615384615385
0.18358153846153846
0.07781353846153846
-0.05862092307692307
-0.12558646153846154
-0.15604430769230768
-0.15750461538461538
-0.11286092307692308
-0.09450276923076922
-0.04756430769230769
0.014603076923076923
0.05924676923076923
0.08824430769230769
0.0678
0.024199384615384616
-0.03859384615384615
-0.10389046153846154
-0.14936861538461538
-0.20798953846153845
-0.23844738461538462
-0.22300984615384614
-0.17398523076923075
-0.06028984615384615
0.06633969230769231
0.19651569230769228
0.3235624615384615
0.3738387692307692
0.37717661538461533
0.32231076923076923
0.17294215384615383
-0.008344615384615384
-0.20402584615384614
-0.3510996923076923
-0.41305846153846154
-0.4036707692307692
-0.29832
-0.1368516923076923
0.05653476923076922
0.24491446153846153
0.40325353846153844
0.5140283076923077
0.5173661538461538
0.45102646153846154
0.3373310769230769
0.17586276923076924
0.015228923076923076
-0.146448
-0.26911384615384615
-0.3214763076923077
-0.31834707692307695
-0.22801661538461537
-0.08636676923076922
0.06300184615384616
0.21716861538461538
0.3440067692307692
0.443724923076923
0.497964923076923
0.4685501538461538
0.36945784615384614
0.22175815384615383
0.05111076923076923
-0.11014892307692307
-0.2355267692307692
-0.30583015384615386
-0.32231076923076923
-0.26681907692307694
-0.14707384615384617
-0.007301538461538462
0.13747753846153846
0.24512307692307692
0.2924787692307692
0.29352184615384613
0.23636123076923077
0.15291507692307693
0.051319384615384614
-0.07405846153846153
-0.18170399999999998
-0.2670276923076923
-0.30207507692307695
-0.2768326153846154
-0.2138307692307692
-0.12642092307692307
-0.0448523076923077
0.026911384615384615
0.084072
0.11223507692307692
0.10201292307692307
0.05674338461538461
0.01043076923076923
-0.025659692307692307
-0.05048492307692308
-0.04568676923076923
-0.034630153846153845
-0.013560000000000001
0.030875076923076922
0.07885661538461539
0.13768615384615385
0.17461107692307692
0.17377661538461536
0.13935507692307691
0.06529661538461538
-0.02795446153846154
-0.12808984615384614
-0.21925476923076925
-0.28851507692307693
-0.330864
-0.3323243076923077
-0.28851507692307693
-0.1994363076923077
-0.07948246153846153
0.03838523076923077
0.1449876923076923
0.22676492307692306
0.2632726153846154
0.26160369230769226
0.2127876923076923
0.12808984615384614
0.03504738461538461
-0.062376
-0.13267938461538462
-0.17481969230769231
-0.19359507692307693
-0.17461107692307692
-0.13038461538461538
-0.050067692307692306
0.05674338461538461
0.15270646153846154
0.23010276923076922
0.2768326153846154
0.2906012307692308
0.2695310769230769
0.20527753846153846
0.1218313846153846
0.023990769230769232
-0.06467076923076923
-0.12099692307692309
-0.16730953846153845
-0.1802436923076923
-0.16793538461538463
-0.13518276923076925
-0.0678
-0.0004172307692307692
0.07426707692307692
0.13497415384615385
0.16042523076923076
0.17523692307692307
0.1585476923076923
0.12975876923076923
0.10618523076923077
0.065088
0.029832
0.0022947692307692304
-0.021070153846153846
-0.03671630769230769
-0.06425353846153846
-0.08636676923076922
-0.11160923076923077
-0.127464
-0.11682461538461539
-0.08991323076923076
-0.04088861538461538
-0.003755076923076923
0.03567323076923076
0.08740984615384616
0.13998092307692306
0.18963138461538462
0.2154996923076923
0.21862892307692305
0.19651569230769228
0.15291507692307693
0.09325107692307691
0.014603076923076923
-0.086784
-0.19442953846153843
-0.2795446153846154
-0.33649661538461534
-0.3517255384615385
-0.3212676923076923
-0.2559710769230769
-0.16167692307692308
-0.045895384615384616
0.07531015384615385
0.1787833846153846
0.24866953846153847
0.26765353846153844
0.2426196923076923
0.184416
0.10138707692307691
0.008970461538461538
-0.09763200000000001
-0.2059033846153846
-0.2897667692307692
-0.3314898461538462
-0.31772123076923076
-0.26139507692307695
-0.17961784615384613
-0.07802215384615384
0.032544
0.13476553846153844
0.21070153846153844
0.24992123076923078
0.2355267692307692
0.15959076923076923
0.059872615384615385
-0.035464615384615386
-0.11098338461538461
-0.16480615384615382
-0.20548615384615385
-0.21779446153846155
-0.20423446153846153
-0.1691870769230769
-0.11473846153846154
-0.06654830769230768
-0.030040615384615384
-0.0043809230769230765
0.009804923076923077
0.02858030769230769
0.052153846153846155
0.08010830769230769
0.11265230769230769
0.1424843076923077
0.1704387692307692
0.19442953846153843
0.20193969230769232
0.18212123076923076
0.143736
0.09700615384615385
0.05570030769230769
0.01814953846153846
-0.013768615384615384
-0.03129230769230769
-0.03421292307692308
-0.014394461538461538
0.023782153846153845
0.0771876923076923
0.12808984615384614
0.17252492307692308
0.2059033846153846
0.23052
0.2478350769230769
0.23823876923076923
0.20694646153846152
0.14603076923076924
0.06946892307692307
-0.009387692307692307
-0.08594953846153845
-0.14916
-0.19881046153846152
-0.21862892307692305
-0.20548615384615385
-0.1693956923076923
-0.1028473846153846
-0.024408000000000003
0.045895384615384616
0.10764553846153846
0.16084246153846155
0.2056947692307692
0.21862892307692305
0.20444307692307692
0.17252492307692308
0.12162276923076921
0.06571384615384615
0.012308307692307691
-0.031918153846153846
-0.06821723076923077
-0.08887015384615385
-0.0828203076923077
-0.053405538461538456
-0.0035464615384615383
0.05027630769230769
0.09095630769230768
0.124752
0.1502030769230769
0.16876984615384616
0.17523692307692307
0.15145476923076923
0.11494707692307692
0.065088
0.011265230769230769
-0.027120000000000002
-0.06946892307692307
-0.11452984615384615
-0.16042523076923076
-0.1779489230769231
-0.15687876923076924
-0.11202646153846153
-0.043600615384615383
0.026494153846153844
0.08699261538461538
0.12975876923076923
0.16188553846153847
0.18066092307692305
0.1637630769230769
0.1097316923076923
0.03755076923076923
-0.03984553846153846
-0.10868861538461538
-0.15374953846153847
-0.18316430769230768
-0.1869193846153846
-0.16063384615384615
-0.10201292307692307
-0.009596307692307692
0.08699261538461538
0.16480615384615382
0.20965846153846154
0.23218892307692307
0.24658338461538462
0.2369870769230769
0.20944984615384615
0.15792184615384616
0.08907876923076924
0.03296123076923077
-0.017940923076923077
-0.04652123076923077
-0.06529661538461538
-0.08740984615384616
-0.0897046153846154
-0.0744756923076923
-0.035464615384615386
0.014394461538461538
0.061124307692307686
0.10597661538461538
0.14060676923076923
0.1760713846153846
0.21299630769230768
0.23177169230769232
0.23364923076923078
0.20673784615384616
0.16689230769230767
0.13309661538461537
0.09950953846153845
0.07072061538461538
0.029832
-0.015020307692307692
-0.054240000000000003
-0.084072
-0.09074769230769231
-0.084072
-0.06926030769230769
-0.04401784615384615
0.0016689230769230767
0.06341907692307691
0.12308307692307692
0.157296
0.15124615384615384
0.1207883076923077
0.06759138461538462
0.008761846153846153
-0.06195876923076923
-0.15187199999999998
-0.23385784615384617
-0.2931046153846154
-0.2962338461538461
-0.2509643076923077
-0.1792006153846154
-0.08156861538461539
0.02273907692307692
0.13643446153846153
0.24762646153846155
0.32898646153846156
0.3623649230769231
0.330864
0.25200738461538463
0.15813046153846153
0.06300184615384616
-0.021070153846153846
-0.09471138461538461
-0.15395815384615386
-0.1785747692307692
-0.16292861538461537
-0.10263876923076923
-0.031709538461538456
0.02899753846153846
0.08094276923076923
0.11077476923076923
0.132888
0.14394461538461537
0.13455692307692307
0.09450276923076922
0.03275261538461539
-0.025659692307692307
-0.06425353846153846
-0.08344615384615384
-0.0974233846153846
-0.10910584615384614
-0.11703323076923078
-0.11390399999999999
-0.09909230769230769
-0.0828203076923077
-0.0828203076923077
-0.09554584615384615
-0.11056615384615384
-0.11703323076923078
-0.10848000000000001
-0.09554584615384615
-0.07614461538461538
-0.054240000000000003
-0.014394461538461538
0.04547815384615384
0.11578153846153846
0.18525046153846153
0.22008923076923076
0.2194633846153846
0.1792006153846154
0.10389046153846154
0.009596307692307692
-0.1045163076923077
-0.22780799999999998
-0.32877784615384614
-0.3819747692307692
-0.3815575384615385
-0.3279433846153846
-0.24741784615384615
-0.16605784615384614
-0.09471138461538461
-0.05236246153846154
-0.022947692307692308
0.04965046153846154
0.1136953846153846
0.1942209230769231
0.3012406153846154
0.37008369230769234
0.46959323076923076
0.5263366153846154
0.5534566153846153
0.5165316923076922
0.3652855384615385
0.20381723076923075
0.011473846153846154
-0.14060676923076923
-0.29039261538461536
-0.40387938461538464
-0.4508178461538461
-0.45624184615384616
-0.3304467692307692
-0.17002153846153847
0.021278769230769233
0.23510953846153848
0.3846867692307692
0.482736
0.48565661538461535
0.385104
0.22968553846153844
0.0077187692307692304
-0.24324553846153843
-0.46104
-0.6531747692307692
-0.7652012307692307
-0.760403076923077
-0.6462904615384615
-0.4470627692307692
-0.22822523076923076
-0.007510153846153846
0.19797599999999999
0.36799753846153843
0.46729846153846155
0.47960676923076917
0.43621476923076924
0.35610646153846154
0.26348123076923075
0.1597993846153846
0.03942830769230769
-0.07760492307692309
-0.18316430769230768
-0.2709913846153846
-0.3210590769230769
-0.34171199999999996
-0.32606584615384615
-0.2480436923076923
-0.14415323076923076
-0.02044430769230769
0.10347323076923076
0.19067446153846154
0.2699483076923077
0.3102110769230769
0.3004061538461538
0.25972615384615383
0.19964492307692308
0.13914646153846155
0.061124307692307686
-0.022530461538461537
-0.1289243076923077
-0.24282830769230768
-0.33002953846153843
-0.40930338461538457
-0.4318338461538461
-0.4182738461538461
-0.36799753846153843
-0.2292683076923077
-0.052153846153846155
0.15520984615384617
0.35464615384615383
0.4873255384615384
0.570563076923077
0.576612923076923
0.4919150769230769
0.3490135384615385
0.17481969230769231
0.012934153846153845
-0.12329169230769231
-0.21716861538461538
-0.24762646153846155
-0.22134092307692307
-0.14060676923076923
-0.03650769230769231
0.07760492307692309
0.19317784615384614
0.28809784615384615
0.3805144615384615
0.4320424615384615
0.4205686153846153
0.37550769230769226
0.2868461538461538
0.17502830769230768
0.054657230769230764
-0.08428061538461538
-0.19693292307692306
-0.25972615384615383
-0.2845513846153846
-0.2582658461538461
-0.20444307692307692
-0.12704676923076924
-0.023990769230769232
0.07468430769230769
0.1489513846153846
0.17628
0.1779489230769231
0.1462393846153846
0.09825784615384614
0.05820369230769231
0.01043076923076923
-0.027328615384615382
-0.07551876923076924
-0.11995384615384615
-0.12558646153846154
-0.12287446153846153
-0.12016246153846154
-0.10931446153846153
-0.10618523076923077
-0.09387692307692307
-0.06967753846153846
-0.04714707692307692
-0.021070153846153846
-0.0077187692307692304
0.003129230769230769
0.01940123076923077
0.033169846153846154
0.04401784615384615
0.040679999999999994
0.023364923076923075
-0.0035464615384615383
-0.03212676923076923
-0.04735569230769231
-0.04902461538461538
-0.04422646153846154
-0.04088861538461538
-0.052153846153846155
-0.05319692307692307
-0.03713353846153846
-0.015646153846153844
0.014185846153846153
0.017523692307692306
0.016897846153846156
0.028788923076923077
0.03275261538461539
0.04214030769230769
0.023364923076923075
-0.013351384615384614
-0.03859384615384615
-0.04568676923076923
-0.015020307692307692
0.024616615384615383
0.06425353846153846
0.10389046153846154
0.14394461538461537
0.19651569230769228
0.2288510769230769
0.22697353846153845
0.19317784615384614
0.12496061538461539
0.04172307692307692
-0.05507446153846154
-0.14790830769230767
-0.21132738461538458
-0.25951753846153847
-0.26869661538461537
-0.22718215384615387
-0.13601723076923075
-0.0043809230769230765
0.1356
0.2647329230769231
0.3594443076923077
0.4307907692307692
0.4743913846153846
0.4756430769230769
0.42244615384615386
0.30186646153846153
0.14686523076923075
-0.003129230769230769
-0.12204
-0.20193969230769232
-0.24762646153846155
-0.24908676923076922
-0.1923433846153846
-0.0892873846153846
0.04839876923076923
0.19442953846153843
0.31500923076923076
0.40387938461538464
0.4541556923076923
0.45603323076923075
0.3984553846153846
0.2776670769230769
0.11202646153846153
-0.05799507692307692
-0.20444307692307692
-0.30436984615384616
-0.3594443076923077
-0.37738523076923075
-0.3517255384615385
-0.28893230769230765
-0.1856676923076923
-0.06738276923076922
0.05298830769230769
0.1614683076923077
0.23656984615384613
0.2851772307692308
0.29685969230769227
0.27453784615384613
0.22154953846153846
0.1316363076923077
0.027745846153846152
-0.078648
-0.1710646153846154
-0.22947692307692308
-0.27182584615384614
-0.2887236923076923
-0.27474646153846155
-0.23385784615384617
-0.16710092307692306
-0.09512861538461538
-0.025659692307692307
0.03629907692307692
0.09262523076923077
0.13998092307692306
0.16730953846153845
0.1787833846153846
0.16105107692307694
0.12204
0.07802215384615384
0.020652923076923076
-0.03650769230769231
-0.10263876923076923
-0.1712732307692308
-0.21007569230769232
-0.21925476923076925
-0.19881046153846152
-0.15959076923076923
-0.10576799999999999
-0.04172307692307692
0.021904615384615383
0.086784
0.14436184615384615
0.1883796923076923
0.21320492307692307
0.21862892307692305
0.19881046153846152
0.15604430769230768
0.10076123076923077
0.04631261538461538
-0.008344615384615384
-0.06800861538461538
-0.10514215384615383
-0.1151556923076923
-0.10681107692307691
-0.08887015384615385
-0.06425353846153846
-0.023364923076923075
0.02753723076923077
0.07906523076923076
0.12621230769230768
0.1462393846153846
0.14206707692307693
0.12287446153846153
0.09158215384615384
0.058412307692307694
0.013768615384615384
-0.03296123076923077
-0.06988615384615385
-0.09199938461538461
-0.09012184615384615
-0.07238953846153846
-0.047772923076923074
-0.011265230769230769
0.024199384615384616
0.06133292307692308
0.09241661538461539
0.10806276923076923
0.11223507692307692
0.08887015384615385
0.06446215384615385
0.04631261538461538
0.031918153846153846
0.018775384615384614
0.004798153846153846
0.002712
-0.0077187692307692304
-0.023364923076923075
-0.03483876923076923
-0.048816000000000005
-0.06571384615384615
-0.09262523076923077
-0.11244369230769231
-0.12433476923076923
-0.146448
-0.16793538461538463
-0.18086953846153844
-0.1785747692307692
-0.15771323076923077
-0.12204
-0.08636676923076922
-0.053405538461538456
-0.016897846153846156
0.02545107692307692
0.06842584615384616
0.09471138461538461
0.09679753846153846
0.07155507692307693
0.031918153846153846
-0.003129230769230769
-0.034630153846153845
-0.06967753846153846
-0.10597661538461538
-0.130176
-0.12558646153846154
-0.0936683076923077
-0.04109723076923077
0.023364923076923075
0.08594953846153845
0.14707384615384617
0.20319138461538463
0.2436627692307692
0.2632726153846154
0.24303692307692307
0.18942276923076923
0.12204
0.04902461538461538
-0.015854769230769228
-0.07510153846153846
-0.1205796923076923
-0.14457046153846154
-0.1504116923076923
-0.1341396923076923
-0.0988836923076923
-0.056326153846153845
-0.02023569230769231
0.014603076923076923
0.054240000000000003
0.09679753846153846
0.13038461538461538
0.14561353846153846
0.14957723076923077
0.14144123076923076
0.12621230769230768
0.1097316923076923
0.08365476923076923
0.03921969230769231
-0.0016689230769230767
-0.030040615384615384
-0.042557538461538466
-0.03421292307692308
-0.02899753846153846
-0.02357353846153846
-0.021696
-0.01668923076923077
-0.0016689230769230767
0.01043076923076923
0.021070153846153846
0.013560000000000001
0.007927384615384614
0.02023569230769231
0.04214030769230769
0.07072061538461538
0.08428061538461538
0.08302892307692307
0.073224
0.05069353846153846
0.016063384615384615
-0.03296123076923077
-0.1028473846153846
-0.1712732307692308
-0.22447015384615385
-0.2415766153846154
-0.214248
-0.1712732307692308
-0.10576799999999999
-0.031709538461538456
0.04965046153846154
0.13393107692307693
0.19839323076923077
0.23782153846153845
0.23052
0.1881710769230769
0.132888
0.059664
-0.015228923076923076
-0.08949599999999999
-0.1614683076923077
-0.20444307692307692
-0.2140393846153846
-0.18525046153846153
-0.13226215384615383
-0.06884307692307692
0.008970461538461538
0.08574092307692306
0.15520984615384617
0.21049292307692305
0.23615261538461538
0.23135446153846154
0.19046584615384615
0.13789476923076924
0.07969107692307692
0.013142769230769229
-0.047772923076923074
-0.10076123076923077
-0.12204
-0.11035753846153845
-0.07197230769230768
-0.01981846153846154
0.029832
0.07510153846153846
0.11870215384615385
0.16334584615384617
0.20131384615384615
0.22321846153846153
0.21883753846153844
0.19296923076923078
0.1639716923076923
0.13622584615384614
0.10889723076923077
0.07656184615384615
0.03775938461538462
0.005215384615384615
-0.018358153846153843
-0.02586830769230769
-0.01710646153846154
-0.007927384615384614
-0.00855323076923077
-0.006884307692307692
0.0033378461538461535
0.016480615384615385
0.020027076923076922
0.016480615384615385
0.0004172307692307692
-0.02211323076923077
-0.031918153846153846
-0.04047138461538462
-0.04819015384615385
-0.06863446153846153
-0.09533723076923077
-0.11536430769230768
-0.12433476923076923
-0.1218313846153846
-0.11870215384615385
-0.10430769230769231
-0.07218092307692307
-0.02482523076923077
0.03024923076923077
0.06633969230769231
0.07614461538461538
0.05444861538461539
0.015854769230769228
-0.0014603076923076922
-0.021696
-0.03880246153846154
-0.04985907692307692
-0.061750153846153844
-0.014811692307692307
0.04047138461538462
0.17669723076923077
0.3485963076923077
0.3517255384615385
0.37655076923076924
0.3571495384615384
0.30937661538461536
0.28246523076923075
0.11891076923076922
-0.026702769230769228
-0.214248
-0.30416123076923074
-0.27850153846153847
-0.27787569230769227
-0.21070153846153844
-0.2021483076923077
-0.09846646153846153
0.08156861538461539
0.21466523076923077
0.3780110769230769
0.37717661538461533
0.3212676923076923
0.2680707692307692
0.14206707692307693
0.09304246153846155
-0.018358153846153843
-0.13184492307692308
-0.15917353846153848
-0.241368
-0.19588984615384614
-0.10660246153846153
-0.043392
0.05528307692307692
0.05820369230769231
0.078648
0.084072
0.06717415384615384
0.09658892307692307
0.06049846153846154
0.010639384615384617
-0.03379569230769231
-0.056951999999999996
-0.008970461538461538
-0.011265230769230769
-0.05090215384615384
-0.086784
-0.14123261538461537
-0.12391753846153845
-0.11494707692307692
-0.13309661538461537
-0.124752
-0.14018953846153845
-0.10076123076923077
-0.04172307692307692
-0.015437538461538461
0.034630153846153845
0.06633969230769231
0.11974523076923077
0.2090326153846154
0.25951753846153847
0.27453784615384613
0.21508246153846153
0.12600369230769232
0.03692492307692308
-0.07030338461538461
-0.14394461538461537
-0.20673784615384616
-0.21299630769230768
-0.1860849230769231
-0.15520984615384617
-0.04944184615384615
0.054657230769230764
0.1489513846153846
0.22989415384615383
0.24074215384615386
0.2330233846153846
0.18921415384615384
0.12037107692307693
0.05507446153846154
-0.05069353846153846
-0.12579507692307693
-0.15667015384615385
-0.16647507692307692
-0.1422756923076923
-0.12454338461538461
-0.07593599999999999
0.006884307692307692
0.09429415384615383
0.17628
0.2127876923076923
0.23823876923076923
0.249504
0.21737723076923077
0.1794092307692308
0.11098338461538461
0.03609046153846154
0.005215384615384615
-0.016063384615384615
0.0050067692307692304
0.05048492307692308
0.08031692307692308
0.12955015384615384
0.15374953846153847
0.16188553846153847
0.1710646153846154
0.15333230769230768
0.12266584615384615
0.06592246153846154
0.006675692307692307
-0.0446436923076923
-0.084072
-0.08073415384615384
-0.05674338461538461
-0.015646153846153844
0.027745846153846152
0.05277969230769231
0.08010830769230769
0.0771876923076923
0.04902461538461538
0.015020307692307692
-0.05757784615384615
-0.12162276923076921
-0.154584
-0.18149538461538461
-0.18358153846153846
-0.1706473846153846
-0.11828492307692307
-0.023990769230769232
0.06696553846153847
0.1462393846153846
0.1800350769230769
0.17899199999999998
0.1612596923076923
0.10806276923076923
0.045060923076923075
-0.03588184615384615
-0.12120553846153845
-0.1721076923076923
-0.2090326153846154
-0.20444307692307692
-0.1696043076923077
-0.11599015384615384
-0.018775384615384614
0.05653476923076922
0.10889723076923077
0.1356
0.1207883076923077
0.10785415384615385
0.06258461538461538
-0.008136
-0.07656184615384615
-0.13622584615384614
-0.1506203076923077
-0.1449876923076923
-0.1205796923076923
-0.08782707692307692
-0.06404492307692307
-0.023990769230769232
0.006049846153846154
0.022530461538461537
0.029623384615384614
0.010013538461538461
-0.009179076923076922
-0.03713353846153846
-0.07113784615384615
-0.07677046153846154
-0.07343261538461537
-0.03838523076923077
0.010222153846153844
0.04944184615384615
0.10576799999999999
0.15750461538461538
0.20110523076923076
0.1990190769230769
0.15562707692307692
0.09512861538461538
0.015854769230769228
-0.05027630769230769
-0.11557292307692307
-0.1721076923076923
-0.20673784615384616
-0.20632061538461538
-0.13726892307692307
-0.02795446153846154
0.08010830769230769
0.1718990769230769
0.23448369230769228
0.2624381538461539
0.2618123076923077
0.21988061538461537
0.15374953846153847
0.07134646153846153
-0.02795446153846154
-0.10806276923076923
-0.16105107692307694
-0.17461107692307692
-0.15354092307692307
-0.09930092307692308
-0.017940923076923077
0.06529661538461538
0.1570873846153846
0.23531815384615382
0.268488
0.25471938461538457
0.19693292307692306
0.1207883076923077
0.04318338461538461
-0.03150092307692308
-0.08448923076923077
-0.12266584615384615
-0.1287156923076923
-0.09325107692307691
-0.02899753846153846
0.04985907692307692
0.09325107692307691
0.09992676923076924
0.084072
0.051528
0.011682461538461537
-0.046104
-0.10889723076923077
-0.16292861538461537
-0.18983999999999998
-0.18066092307692305
-0.14540492307692307
-0.09137353846153846
-0.03609046153846154
0.01940123076923077
0.07426707692307692
0.12412615384615384
0.15520984615384617
0.1435273846153846
0.09074769230769231
0.008344615384615384
-0.08448923076923077
-0.16209415384615386
-0.2207150769230769
-0.2561796923076923
-0.2561796923076923
-0.21633415384615384
-0.138312
-0.029414769230769227
0.09596307692307693
0.2056947692307692
0.2699483076923077
0.2887236923076923
0.2751636923076923
0.22530461538461538
0.12913292307692306
-0.005632615384615384
-0.1435273846153846
-0.25054707692307693
-0.3081249230769231
-0.3152178461538461
-0.28350830769230767
-0.21654276923076923
-0.12516923076923075
-0.009179076923076922
0.10994030769230768
0.20110523076923076
0.2503384615384615
0.25284184615384614
0.2275993846153846
0.1867107692307692
0.13184492307692308
0.06759138461538462
0.0014603076923076922
-0.06049846153846154
-0.09679753846153846
-0.10535076923076922
-0.09283384615384616
-0.05924676923076923
-0.024408000000000003
0.022947692307692308
0.08135999999999999
0.1449876923076923
0.20173107692307693
0.21633415384615384
0.20298276923076922
0.16876984615384616
0.12287446153846153
0.08094276923076923
0.03108369230769231
-0.024408000000000003
-0.07823076923076923
-0.10493353846153847
-0.09700615384615385
-0.07885661538461539
-0.05486584615384615
-0.03692492307692308
-0.027328615384615382
-0.009804923076923077
0.016272
0.04193169230769231
0.049233230769230765
0.04380923076923077
0.03838523076923077
0.04547815384615384
0.06404492307692307
0.078648
0.08344615384615384
0.06946892307692307
0.05382276923076923
0.04422646153846154
0.031709538461538456
0.014185846153846153
-0.012099692307692308
-0.034630153846153845
-0.034630153846153845
-0.005841230769230769
0.04944184615384615
0.10201292307692307
0.14394461538461537
0.1693956923076923
0.1802436923076923
0.18629353846153843
0.16042523076923076
0.1178676923076923
0.05403138461538461
-0.016897846153846156
-0.06133292307692308
-0.09596307692307693
-0.1028473846153846
-0.0934596923076923
-0.07364123076923076
-0.02273907692307692
0.04526953846153846
0.11640738461538462
0.1718990769230769
0.20047938461538461
0.20715507692307691
0.20506892307692307
0.19547261538461536
0.16188553846153847
0.0961716923076923
0.010848
-0.06905169230769231
-0.12370892307692308
-0.1368516923076923
-0.12224861538461537
-0.08866153846153846
-0.03504738461538461
0.032544
0.12308307692307692
0.21195323076923075
0.2782929230769231
0.3054129230769231
0.276624
0.21716861538461538
0.14039815384615384
0.0446436923076923
-0.05736923076923077
-0.16334584615384617
-0.24908676923076922
-0.28476
-0.2753723076923077
-0.21779446153846155
-0.1462393846153846
-0.06425353846153846
0.035464615384615386
0.13080184615384613
0.22467876923076924
0.2858030769230769
0.2997803076923077
0.26932246153846157
0.20444307692307692
0.13080184615384613
0.056951999999999996
-0.01981846153846154
-0.09074769230769231
-0.14457046153846154
-0.17023015384615386
-0.165432
-0.14832553846153845
-0.1218313846153846
-0.10055261538461538
-0.07197230769230768
-0.024408000000000003
0.011265230769230769
0.03921969230769231
0.04902461538461538
0.040054153846153843
0.037342153846153844
0.040054153846153843
0.049233230769230765
0.04631261538461538
0.01981846153846154
-0.015854769230769228
-0.05674338461538461
-0.09450276923076922
-0.1287156923076923
-0.1652233846153846
-0.19463815384615382
-0.21988061538461537
-0.21716861538461538
-0.1785747692307692
-0.12433476923076923
-0.05173661538461538
0.017315076923076923
0.08490646153846154
0.15646153846153846
0.22300984615384614
0.27412061538461535
0.28663753846153844
0.2626467692307692
0.20924123076923076
0.14603076923076924
0.08365476923076923
0.01856676923076923
-0.03880246153846154
-0.08344615384615384
-0.09533723076923077
-0.07051199999999999
-0.026702769230769228
0.03379569230769231
0.10576799999999999
0.16772676923076923
0.22572184615384616
0.27412061538461535
0.29748553846153847
0.292896
0.24700061538461537
0.18754523076923074
0.12788123076923075
0.05090215384615384
-0.029623384615384614
-0.10409907692307692
-0.16751815384615384
-0.20548615384615385
-0.22572184615384616
-0.21612553846153845
-0.18399876923076922
-0.14936861538461538
-0.09658892307692307
-0.04652123076923077
0.009596307692307692
0.06821723076923077
0.10868861538461538
0.14457046153846154
0.16626646153846153
0.17231630769230769
0.16188553846153847
0.12496061538461539
0.07948246153846153
0.021278769230769233
-0.04652123076923077
-0.09846646153846153
-0.1341396923076923
-0.14206707692307693
-0.138312
-0.12850707692307692
-0.10910584615384614
-0.08428061538461538
-0.03775938461538462
0.02545107692307692
0.078648
0.12537784615384615
0.17023015384615386
0.21174461538461536
0.2791273846153846
0.3087507692307692
0.39991569230769225
0.4251581538461538
0.2966510769230769
0.2411593846153846
0.08887015384615385
0.006675692307692307
-0.07677046153846154
-0.26306399999999996
-0.35047384615384614
-0.4748086153846154
-0.40200184615384615
-0.28788923076923073
-0.2207150769230769
-0.09408553846153846
-0.059664
0.10722830769230769
0.24074215384615386
0.314592
0.371544
0.21967199999999998
0.11140061538461538
-0.018358153846153843
-0.16042523076923076
-0.19547261538461536
-0.3148006153846154
-0.31688676923076925
-0.26869661538461537
-0.2860116923076923
-0.154584
-0.07593599999999999
0.003963692307692307
0.09137353846153846
0.05319692307692307
0.06467076923076923
0.016480615384615385
-0.005215384615384615
0.04422646153846154
0.027745846153846152
0.031918153846153846
0.01814953846153846
0.045060923076923075
0.10994030769230768
0.0892873846153846
0.06133292307692308
-0.017315076923076923
-0.11536430769230768
-0.13643446153846153
-0.19714153846153845
-0.23469230769230767
-0.25284184615384614
-0.2851772307692308
-0.22300984615384614
-0.1656406153846154
-0.09283384615384616
0.029623384615384614
0.10806276923076923
0.21696000000000001
0.31229723076923077
0.34651015384615386
0.3350363076923077
0.2273907692307692
0.09304246153846155
-0.07405846153846153
-0.25200738461538463
-0.38593846153846156
-0.48461353846153843
-0.47877230769230766
-0.44330769230769224
-0.36445107692307693
-0.1794092307692308
0.0018775384615384615
0.208824
0.3811403076923077
0.47084492307692305
0.5378104615384616
0.5063095384615385
0.4493575384615385
0.3611132307692308
0.1940123076923077
0.05674338461538461
-0.08469784615384615
-0.1990190769230769
-0.26160369230769226
-0.29581661538461534
-0.24053353846153847
-0.14540492307692307
-0.021278769230769233
0.1178676923076923
0.22947692307692308
0.3652855384615385
0.4518609230769231
0.458328
0.43392000000000003
0.33587076923076925
0.2426196923076923
0.15228923076923076
0.030040615384615384
-0.03880246153846154
-0.10263876923076923
-0.130176
-0.10889723076923077
-0.1178676923076923
-0.10535076923076922
-0.09074769230769231
-0.07969107692307692
-0.04380923076923077
-0.026494153846153844
-0.001043076923076923
0.015228923076923076
0.029832
0.07510153846153846
0.0988836923076923
0.12433476923076923
0.11411261538461538
0.06446215384615385
0.024408000000000003
-0.04109723076923077
-0.07405846153846153
-0.10389046153846154
-0.16438892307692307
-0.18337292307692307
-0.1881710769230769
-0.17315076923076922
-0.14123261538461537
-0.12099692307692309
-0.06675692307692307
0.0008344615384615384
0.05757784615384615
0.11286092307692308
0.13664307692307692
0.14394461538461537
0.13330523076923076
0.09241661538461539
0.04902461538461538
-0.02023569230769231
-0.09241661538461539
-0.16418030769230768
-0.24053353846153847
-0.26368984615384616
-0.2574313846153846
-0.19651569230769228
-0.10535076923076922
-0.04318338461538461
0.024616615384615383
0.07280676923076923
0.12204
0.16897846153846155
0.15249784615384615
0.10013538461538461
0.03609046153846154
-0.021696
-0.04547815384615384
-0.06028984615384615
-0.07551876923076924
-0.09095630769230768
-0.09137353846153846
-0.04526953846153846
0.01668923076923077
0.07802215384615384
0.11494707692307692
0.11494707692307692
0.11473846153846154
0.09658892307692307
0.07885661538461539
0.0609156923076923
0.017523692307692306
-0.008970461538461538
-0.01981846153846154
-0.0004172307692307692
0.05716061538461538
0.11411261538461538
0.16292861538461537
0.20110523076923076
0.23281476923076924
0.26160369230769226
0.2578486153846154
0.21049292307692305
0.130176
0.03108369230769231
-0.06279323076923077
-0.124752
-0.15687876923076924
-0.17565415384615385
-0.17732307692307692
-0.14603076923076924
-0.06633969230769231
0.03921969230769231
0.13726892307692307
0.21049292307692305
0.25847446153846154
0.2716172307692308
0.2572227692307692
0.21904615384615383
0.14603076923076924
0.045895384615384616
-0.06800861538461538
-0.15833907692307692
-0.2154996923076923
-0.23510953846153848
-0.23052
-0.20360861538461536
-0.14290153846153844
-0.05924676923076923
0.049233230769230765
0.15208061538461537
0.22405292307692307
0.2578486153846154
0.25305046153846156
0.22467876923076924
0.17711446153846155
0.11724184615384614
0.037967999999999995
-0.03984553846153846
-0.10055261538461538
-0.14164984615384615
-0.14686523076923075
-0.13768615384615385
-0.111192
-0.06884307692307692
-0.024199384615384616
0.03921969230769231
0.09074769230769231
0.12266584615384615
0.14457046153846154
0.13622584615384614
0.11828492307692307
0.0934596923076923
0.06675692307692307
0.03024923076923077
-0.018358153846153843
-0.04526953846153846
-0.059038153846153844
-0.07280676923076923
-0.08490646153846154
-0.09304246153846155
-0.08887015384615385
-0.073224
-0.05799507692307692
-0.03629907692307692
-0.03212676923076923
-0.030040615384615384
-0.003129230769230769
0.034630153846153845
0.09512861538461538
0.14018953846153845
0.16793538461538463
0.18879692307692306
0.19463815384615382
0.18879692307692306
0.16063384615384615
0.11557292307692307
0.061124307692307686
0.015020307692307692
-0.011265230769230769
-0.020652923076923076
-0.009179076923076922
0.028163076923076923
0.06717415384615384
0.11599015384615384
0.1775316923076923
0.22530461538461538
0.25305046153846156
0.23218892307692307
0.1881710769230769
0.13622584615384614
0.07364123076923076
0.02858030769230769
-0.01814953846153846
-0.06028984615384615
-0.09512861538461538
-0.12224861538461537
-0.12266584615384615
-0.10889723076923077
-0.08824430769230769
-0.06675692307692307
-0.03421292307692308
0.01272553846153846
0.06258461538461538
0.09387692307692307
0.09804923076923076
0.08511507692307693
0.06467076923076923
0.05298830769230769
0.032544
0.002086153846153846
-0.04276615384615385
-0.09554584615384615
-0.116616
-0.11202646153846153
-0.09012184615384615
-0.05507446153846154
-0.013768615384615384
0.03942830769230769
0.0936683076923077
0.14123261538461537
0.17252492307692308
0.16730953846153845
0.13601723076923075
0.09137353846153846
0.040262769230769234
-0.013142769230769229
-0.0826116923076923
-0.14081538461538462
-0.17815753846153848
-0.19442953846153843
-0.17273353846153844
-0.1358086153846154
-0.09053907692307692
-0.04944184615384615
-0.011473846153846154
0.03108369230769231
0.06300184615384616
0.08386338461538462
0.07364123076923076
0.029623384615384614
-0.02899753846153846
-0.0936683076923077
-0.14519630769230768
-0.18358153846153846
-0.21195323076923075
-0.21320492307692307
-0.18191261538461537
-0.10576799999999999
-0.006049846153846154
0.08845292307692308
0.1718990769230769
0.21988061538461537
0.24303692307692307
0.24846092307692308
0.2157083076923077
0.15374953846153847
0.06946892307692307
-0.013768615384615384
-0.07697907692307693
-0.1205796923076923
-0.13393107692307693
-0.12329169230769231
-0.0897046153846154
-0.04193169230769231
0.01814953846153846
0.08323753846153846
0.13080184615384613
0.15124615384615384
0.14728246153846153
0.12934153846153845
0.1028473846153846
0.07030338461538461
0.03442153846153846
-0.006884307692307692
-0.05382276923076923
-0.06383630769230769
-0.04547815384615384
-0.021487384615384613
0.0012516923076923076
0.0025033846153846152
0.009596307692307692
0.02899753846153846
0.05507446153846154
0.07948246153846153
0.08636676923076922
0.09387692307692307
0.10848000000000001
0.12955015384615384
0.16188553846153847
0.17398523076923075
0.16418030769230768
0.14311015384615386
0.09950953846153845
0.05444861538461539
-0.007301538461538462
-0.0892873846153846
-0.16626646153846153
-0.24011630769230768
-0.2734947692307692
-0.2680707692307692
-0.23615261538461538
-0.17481969230769231
-0.11223507692307692
-0.03713353846153846
0.046104
0.11745046153846153
0.16000799999999998
0.1558356923076923
0.10514215384615383
0.021070153846153846
-0.07113784615384615
-0.1652233846153846
-0.25284184615384614
-0.32627446153846157
-0.37008369230769234
-0.36445107692307693
-0.3031181538461538
-0.18337292307692307
-0.04172307692307692
0.0988836923076923
0.21800307692307694
0.3016578461538461
0.35047384615384614
0.3377483076923077
0.2586830769230769
0.1358086153846154
-0.002086153846153846
-0.12600369230769232
-0.222384
-0.28809784615384615
-0.3141747692307692
-0.30666461538461537
-0.25701415384615384
-0.1706473846153846
-0.07405846153846153
0.021696
0.09721476923076922
0.1504116923076923
0.173568
0.1792006153846154
0.1706473846153846
0.1314276923076923
0.08031692307692308
0.028371692307692306
-0.010848
-0.024199384615384616
-0.026285538461538457
-0.02044430769230769
-0.008970461538461538
0.0008344615384615384
0.02086153846153846
0.03650769230769231
0.046104
0.04568676923076923
0.021278769230769233
0.0002086153846153846
-0.0070929230769230765
0.0033378461538461535
0.02211323076923077
0.03984553846153846
0.058412307692307694
0.06759138461538462
0.07009476923076922
0.05674338461538461
0.02482523076923077
-0.024408000000000003
-0.08010830769230769
-0.13476553846153844
-0.1913003076923077
-0.24053353846153847
-0.28392553846153845
-0.3206418461538461
-0.3421292307692308
-0.3437981538461538
-0.3170953846153846
-0.20444307692307692
-0.04672984615384615
0.15124615384615384
0.3682061538461538
0.5426086153846154
0.7170110769230769
0.8158947692307691
0.8465612307692307
0.7685390769230769
0.56952
0.3312812307692308
0.06321046153846153
-0.1704387692307692
-0.40554830769230765
-0.5580461538461539
-0.6041501538461539
-0.5453206153846154
-0.3456756923076923
-0.1097316923076923
0.16292861538461537
0.40679999999999994
0.6031070769230769
0.7372467692307692
0.7303624615384615
0.6195876923076923
0.41389292307692305
0.15228923076923076
-0.12141415384615384
-0.39407446153846154
-0.5962227692307692
-0.7063716923076923
-0.6978184615384615
-0.5663907692307691
-0.36674584615384614
-0.12037107692307693
0.10681107692307691
0.309168
0.477312
0.5319692307692307
0.5227901538461539
0.4539470769230769
0.34504984615384615
0.2586830769230769
0.1597993846153846
0.07802215384615384
0.012934153846153845
-0.0448523076923077
-0.07197230769230768
-0.09992676923076924
-0.11494707692307692
-0.10868861538461538
-0.092208
-0.06633969230769231
-0.05507446153846154
-0.038176615384615385
-0.024199384615384616
-0.02211323076923077
0.010222153846153844
0.034630153846153845
0.05277969230769231
0.0936683076923077
0.1353913846153846
0.1867107692307692
0.19755876923076923
0.1356
0.05173661538461538
-0.07155507692307693
-0.20652923076923077
-0.32231076923076923
-0.43579753846153846
-0.48190153846153844
-0.4618744615384615
-0.368832
-0.19839323076923077
-0.01272553846153846
0.17273353846153844
0.32377107692307694
0.42661846153846156
0.46688123076923077
0.431208
0.34630153846153844
0.20360861538461536
0.04088861538461538
-0.10389046153846154
-0.22697353846153845
-0.28893230769230765
-0.30332676923076923
-0.27787569230769227
-0.19964492307692308
-0.09116492307692307
0.053405538461538456
0.20256553846153844
0.2989458461538462
0.33607938461538456
0.31542646153846154
0.24908676923076922
0.1710646153846154
0.07531015384615385
-0.03483876923076923
-0.12808984615384614
-0.17231630769230769
-0.146448
-0.08302892307692307
0.01981846153846154
0.13038461538461538
0.2194633846153846
0.3012406153846154
0.3339932307692307
0.32606584615384615
0.27328615384615385
0.16418030769230768
0.05590892307692308
-0.048816000000000005
-0.12913292307692306
-0.16438892307692307
-0.17690584615384616
-0.13184492307692308
-0.04860738461538461
0.051528
0.16689230769230767
0.25054707692307693
0.30207507692307695
0.29873723076923075
0.23448369230769228
0.12350030769230769
-0.027328615384615382
-0.1804523076923077
-0.3269003076923077
-0.43433723076923075
-0.4720966153846154
-0.4470627692307692
-0.3550633846153846
-0.21800307692307694
-0.061750153846153844
0.09950953846153845
0.241368
0.3440067692307692
0.385104
0.33899999999999997
0.22467876923076924
0.07218092307692307
-0.08949599999999999
-0.22405292307692307
-0.3339932307692307
-0.39511753846153846
-0.39261415384615383
-0.32502276923076917
-0.1923433846153846
-0.03671630769230769
0.11160923076923077
0.23531815384615382
0.3252313846153846
0.3817661538461538
0.39052800000000004
0.3421292307692308
0.2572227692307692
0.14749107692307692
0.043392
-0.04547815384615384
-0.1218313846153846
-0.1704387692307692
-0.20548615384615385
-0.2059033846153846
-0.17711446153846155
-0.13080184615384613
-0.06008123076923077
0.008136
0.06341907692307691
0.10535076923076922
0.132888
0.1489513846153846
0.14269292307692305
0.11098338461538461
0.06049846153846154
0.012099692307692308
-0.0004172307692307692
0.017732307692307693
0.056951999999999996
0.10764553846153846
0.13643446153846153
0.15333230769230768
0.1656406153846154
0.1585476923076923
0.12913292307692306
0.07197230769230768
0.008136
-0.03296123076923077
-0.044435076923076924
-0.02586830769230769
0.0043809230769230765
0.037967999999999995
0.07343261538461537
0.10493353846153847
0.12391753846153845
0.10368184615384615
0.052153846153846155
-0.011056615384615385
-0.07948246153846153
-0.1368516923076923
-0.18629353846153843
-0.21862892307692305
-0.22801661538461537
-0.21737723076923077
-0.16751815384615384
-0.09554584615384615
-0.016063384615384615
0.06070707692307692
0.10848000000000001
0.13184492307692308
0.12955015384615384
0.0988836923076923
0.050067692307692306
-0.02023569230769231
-0.09971815384615385
-0.17273353846153844
-0.22551323076923077
-0.23928184615384615
-0.222384
-0.17628
-0.10848000000000001
-0.02211323076923077
0.07927384615384615
0.16897846153846155
0.23928184615384615
0.26160369230769226
0.23406646153846156
0.17544553846153846
0.08073415384615384
-0.03337846153846154
-0.16209415384615386
-0.2814221538461538
-0.35464615384615383
-0.37592492307692305
-0.3415033846153846
-0.26348123076923075
-0.15938215384615384
-0.042348923076923076
0.07531015384615385
0.1846246153846154
0.25847446153846154
0.27599815384615384
0.24595753846153845
0.17669723076923077
0.09137353846153846
0.012934153846153845
-0.07343261538461537
-0.14519630769230768
-0.1927606153846154
-0.21320492307692307
-0.1860849230769231
-0.13852061538461538
-0.07301538461538462
-0.0016689230769230767
0.059664
0.127464
0.18358153846153846
0.2261390769230769
0.24741784615384615
0.2399076923076923
0.21883753846153844
0.17648861538461538
0.12224861538461537
0.06216738461538462
-0.011891076923076923
-0.092208
-0.16835261538461538
-0.2138307692307692
-0.23072861538461537
-0.22864246153846152
-0.2021483076923077
-0.16501476923076921
-0.1045163076923077
-0.026702769230769228
0.055491692307692304
0.14018953846153845
0.20006215384615383
0.23260615384615385
0.25159015384615385
0.254928
0.23761292307692305
0.1923433846153846
0.11473846153846154
0.026494153846153844
-0.051528
-0.11536430769230768
-0.154584
-0.1785747692307692
-0.18086953846153844
-0.14832553846153845
-0.08949599999999999
-0.008761846153846153
0.07489292307692308
0.14582215384615385
0.19714153846153845
0.23239753846153846
0.2574313846153846
0.26076923076923075
0.22989415384615383
0.16209415384615386
0.07009476923076922
-0.029832
-0.13309661538461537
-0.214248
-0.2641070769230769
-0.2897667692307692
-0.28246523076923075
-0.23385784615384617
-0.143736
-0.033169846153846154
0.07572738461538461
0.17377661538461536
0.2582658461538461
0.31918153846153846
0.3550633846153846
0.3483876923076923
0.2979027692307692
0.22676492307692306
0.13914646153846155
0.06321046153846153
0.006884307692307692
-0.045060923076923075
-0.08115138461538463
-0.10117846153846152
-0.09909230769230769
-0.06905169230769231
-0.029414769230769227
0.01710646153846154
0.06070707692307692
0.0897046153846154
0.11014892307692307
0.11619876923076923
0.10743692307692307
0.0936683076923077
0.06613107692307692
0.03108369230769231
-0.0002086153846153846
-0.030040615384615384
-0.06613107692307692
-0.10180430769230768
-0.12162276923076921
-0.13309661538461537
-0.130176
-0.11202646153846153
-0.07969107692307692
-0.04214030769230769
0.0012516923076923076
0.05570030769230769
0.11745046153846153
0.18483323076923078
0.22822523076923076
0.25138153846153843
0.2628553846153846
0.24741784615384615
0.20861538461538462
0.1476996923076923
0.06362769230769232
-0.016897846153846156
-0.0826116923076923
-0.12767261538461538
-0.14164984615384615
-0.1506203076923077
-0.14290153846153844
-0.10514215384615383
-0.056326153846153845
0.01397723076923077
0.08594953846153845
0.13330523076923076
0.16626646153846153
0.17085599999999998
0.15938215384615384
0.13330523076923076
0.07885661538461539
0.013768615384615384
-0.06362769230769232
-0.13267938461538462
-0.17565415384615385
-0.19693292307692306
-0.20319138461538463
-0.19839323076923077
-0.17544553846153846
-0.12975876923076923
-0.06863446153846153
-0.0002086153846153846
0.05674338461538461
0.09283384615384616
0.11536430769230768
0.11035753846153845
0.10013538461538461
0.07572738461538461
0.02899753846153846
-0.02357353846153846
-0.0826116923076923
-0.1178676923076923
-0.14018953846153845
-0.1424843076923077
-0.12162276923076921
-0.09304246153846155
-0.040679999999999994
0.01668923076923077
0.06675692307692307
0.10201292307692307
0.11432123076923076
0.11223507692307692
0.1028473846153846
0.08761846153846153
0.06133292307692308
0.017523692307692306
-0.031709538461538456
-0.07426707692307692
-0.10660246153846153
-0.11974523076923077
-0.11828492307692307
-0.10618523076923077
-0.07510153846153846
-0.02858030769230769
0.03275261538461539
0.09971815384615385
0.16105107692307694
0.21758584615384616
0.25346769230769234
0.27286892307692306
0.2670276923076923
0.22780799999999998
0.16438892307692307
0.07802215384615384
-0.015437538461538461
-0.09554584615384615
-0.1543753846153846
-0.17294215384615383
-0.15896492307692306
-0.11828492307692307
-0.051528
0.021696
0.11473846153846154
0.19881046153846152
0.2624381538461539
0.3047870769230769
0.31083692307692307
0.2887236923076923
0.22551323076923077
0.12808984615384614
0.015646153846153844
-0.09992676923076924
-0.19317784615384614
-0.2559710769230769
-0.2858030769230769
-0.2774584615384615
-0.23281476923076924
-0.1489513846153846
-0.028163076923076923
0.10076123076923077
0.21216184615384615
0.28413415384615387
0.31083692307692307
0.29832
0.24428861538461538
0.1733593846153846
0.07218092307692307
-0.028788923076923077
-0.13476553846153844
-0.24595753846153845
-0.29915446153846154
-0.3225193846153846
-0.30416123076923074
-0.2411593846153846
-0.16438892307692307
-0.051528
0.0826116923076923
0.23949046153846154
0.4489403076923077
0.5219556923076923
0.442056
0.3510996923076923
0.1860849230769231
0.09992676923076924
-0.0043809230769230765
-0.2705741538461538
-0.4679243076923077
-0.6262633846153846
-0.6066535384615385
-0.45373846153846153
-0.33315876923076926
-0.1846246153846154
-0.09450276923076922
0.13038461538461538
0.37237846153846155
0.5261279999999999
0.6060276923076923
0.45102646153846154
0.3216849230769231
0.18086953846153844
0.01981846153846154
-0.06946892307692307
-0.2768326153846154
-0.3909452307692307
-0.44685415384615385
-0.4956701538461538
-0.3594443076923077
-0.25054707692307693
-0.10660246153846153
0.07134646153846153
0.1178676923076923
0.21529107692307692
0.2789187692307692
0.3114627692307692
0.3548547692307692
0.25138153846153843
0.13643446153846153
0.0022947692307692304
-0.09137353846153846
-0.10493353846153847
-0.18879692307692306
-0.25138153846153843
-0.3095852307692307
-0.3129230769230769
-0.21153599999999997
-0.1612596923076923
-0.10555938461538462
-0.05069353846153846
-0.015646153846153844
0.10514215384615383
0.1860849230769231
0.23093723076923076
0.27704123076923076
0.25054707692307693
0.2436627692307692
0.2125790769230769
0.12955015384615384
0.033169846153846154
-0.11870215384615385
-0.2517987692307692
-0.34630153846153844
-0.4193169230769231
-0.4387181538461538
-0.4047138461538461
-0.29227015384615385
-0.1614683076923077
0.0008344615384615384
0.20402584615384614
0.35047384615384614
0.4808584615384615
0.5292572307692308
0.4687587692307692
0.387816
0.22676492307692306
0.035255999999999996
-0.1506203076923077
-0.3387913846153846
-0.4378836923076923
-0.48106707692307693
-0.45457292307692304
-0.35318584615384613
-0.23010276923076922
-0.03233538461538461
0.184416
0.3588184615384616
0.46896738461538456
0.4977563076923077
0.5173661538461538
0.48586523076923077
0.3873987692307692
0.2509643076923077
0.05757784615384615
-0.084072
-0.1666836923076923
-0.21508246153846153
-0.17648861538461538
-0.12204
-0.043600615384615383
0.08448923076923077
0.18983999999999998
0.29498215384615384
0.3617390769230769
0.34963938461538463
0.3016578461538461
0.20673784615384616
0.10493353846153847
0.0070929230769230765
-0.07760492307692309
-0.12558646153846154
-0.1585476923076923
-0.14832553846153845
-0.12788123076923075
-0.09387692307692307
-0.01814953846153846
0.03629907692307692
0.09137353846153846
0.12433476923076923
0.1097316923076923
0.11578153846153846
0.09533723076923077
0.05736923076923077
0.02232184615384615
-0.04172307692307692
-0.06028984615384615
-0.046104
-0.026494153846153844
-0.011473846153846154
-0.022947692307692308
-0.026494153846153844
-0.03984553846153846
-0.06487938461538462
-0.09471138461538461
-0.13393107692307693
-0.15833907692307692
-0.17628
-0.17648861538461538
-0.12996738461538462
-0.06633969230769231
0.028371692307692306
0.1287156923076923
0.1802436923076923
0.21028430769230766
0.1977673846153846
0.16334584615384617
0.12934153846153845
0.051319384615384614
-0.05069353846153846
-0.1395636923076923
-0.19588984615384614
-0.19442953846153843
-0.16480615384615382
-0.12516923076923075
-0.065088
0.012934153846153845
0.12204
0.23177169230769232
0.31542646153846154
0.3490135384615385
0.3248141538461538
0.2757895384615385
0.19150892307692308
0.0892873846153846
-0.015854769230769228
-0.12975876923076923
-0.22321846153846153
-0.2851772307692308
-0.2853858461538461
-0.21341353846153846
-0.10994030769230768
0.011056615384615385
0.11745046153846153
0.19651569230769228
0.26452430769230767
0.29769415384615383
0.2807963076923077
0.19442953846153843
0.06926030769230769
-0.05674338461538461
-0.15354092307692307
-0.19046584615384615
-0.2073636923076923
-0.20339999999999997
-0.165432
-0.08428061538461538
0.037342153846153844
0.15813046153846153
0.23510953846153848
0.26452430769230767
0.2620209230769231
0.23072861538461537
0.19338646153846153
0.12913292307692306
0.05194523076923077
-0.011682461538461537
-0.059038153846153844
-0.07197230769230768
-0.06592246153846154
-0.05236246153846154
-0.04172307692307692
-0.03942830769230769
-0.03650769230769231
-0.027328615384615382
-0.025033846153846153
-0.04422646153846154
-0.08135999999999999
-0.12120553846153845
-0.154584
-0.1718990769230769
-0.15374953846153847
-0.1287156923076923
-0.10347323076923076
-0.07092923076923077
-0.03337846153846154
0.02753723076923077
0.08323753846153846
0.12329169230769231
0.12621230769230768
0.08156861538461539
0.02858030769230769
-0.024408000000000003
-0.07468430769230769
-0.119328
-0.14978584615384616
-0.14540492307692307
-0.09992676923076924
-0.01272553846153846
0.09053907692307692
0.17273353846153844
0.23886461538461537
0.27432923076923077
0.2799618461538461
0.2588916923076923
0.1913003076923077
0.10493353846153847
0.014185846153846153
-0.06633969230769231
-0.11348676923076922
-0.13372246153846154
-0.12245723076923076
-0.08344615384615384
-0.01981846153846154
0.05820369230769231
0.1314276923076923
0.19004861538461537
0.21821169230769227
0.21028430769230766
0.16605784615384614
0.09909230769230769
0.027745846153846152
-0.05236246153846154
-0.1314276923076923
-0.18921415384615384
-0.21654276923076923
-0.1977673846153846
-0.14978584615384616
-0.09095630769230768
-0.021070153846153846
0.04422646153846154
0.10096984615384616
0.1502030769230769
0.17690584615384616
0.16292861538461537
0.11745046153846153
0.054657230769230764
-0.0035464615384615383
-0.049233230769230765
-0.0855323076923077
-0.11348676923076922
-0.13184492307692308
-0.12788123076923075
-0.10639384615384614
-0.07009476923076922
-0.02524246153846154
0.011891076923076923
0.03233538461538461
0.0446436923076923
0.04756430769230769
0.042348923076923076
0.030040615384615384
0.014603076923076923
0.015228923076923076
0.03066646153846154
0.06404492307692307
0.09679753846153846
0.11891076923076922
0.14394461538461537
0.15500123076923078
0.1476996923076923
0.13121907692307694
0.09992676923076924
0.05277969230769231
-0.0002086153846153846
-0.044435076923076924
-0.07426707692307692
-0.08156861538461539
-0.07051199999999999
-0.04109723076923077
0.0033378461538461535
0.047772923076923074
0.09554584615384615
0.1353913846153846
0.15416676923076922
0.14582215384615385
0.1151556923076923
0.06341907692307691
-0.002712
-0.06863446153846153
-0.1424843076923077
-0.2138307692307692
-0.26368984615384616
-0.28476
-0.2666104615384615
-0.2154996923076923
-0.14936861538461538
-0.06717415384615384
0.026702769230769228
0.12412615384615384
0.21466523076923077
0.27704123076923076
0.3004061538461538
0.2860116923076923
0.23844738461538462
0.16000799999999998
0.059664
-0.055491692307692304
-0.16418030769230768
-0.24908676923076922
-0.3035353846153846
-0.3049956923076923
-0.2586830769230769
-0.17502830769230768
-0.06008123076923077
0.06926030769230769
0.19150892307692308
0.2989458461538462
0.37363015384615383
0.3924055384615385
0.3609046153846154
0.273912
0.14603076923076924
0.004798153846153846
-0.14331876923076922
-0.276624
-0.3855212307692308
-0.4587452307692308
-0.4720966153846154
-0.42724430769230765
-0.3321156923076923
-0.20819815384615384
-0.06362769230769232
0.08240307692307691
0.21612553846153845
0.32961230769230765
0.3903193846153846
0.4042966153846154
0.3611132307692308
0.2641070769230769
0.14060676923076923
-0.0016689230769230767
-0.130176
-0.23469230769230767
-0.3072904615384615
-0.32898646153846156
-0.30270092307692303
-0.23010276923076922
-0.119328
0.013768615384615384
0.15103753846153847
0.26786215384615386
0.3473446153846154
0.387816
0.3819747692307692
0.3385827692307692
0.26911384615384615
0.17502830769230768
0.07656184615384615
-0.02273907692307692
-0.10389046153846154
-0.15875630769230767
-0.19735015384615384
-0.20047938461538461
-0.18316430769230768
-0.15082892307692305
-0.09325107692307691
-0.028371692307692306
0.04214030769230769
0.10868861538461538
0.16271999999999998
0.20986707692307693
0.24282830769230768
0.26348123076923075
0.2624381538461539
0.23469230769230767
0.18754523076923074
0.11640738461538462
0.03567323076923076
-0.04672984615384615
-0.124752
-0.18232984615384615
-0.22008923076923076
-0.225096
-0.19296923076923078
-0.13706030769230768
-0.06133292307692308
0.021278769230769233
0.10910584615384614
0.19526400000000002
0.2517987692307692
0.2641070769230769
0.23135446153846154
0.16313723076923078
0.0771876923076923
-0.0077187692307692304
-0.08469784615384615
-0.14811692307692306
-0.1869193846153846
-0.19296923076923078
-0.16042523076923076
-0.10263876923076923
-0.03421292307692308
0.032544
0.0855323076923077
0.11223507692307692
0.12308307692307692
0.1151556923076923
0.08574092307692306
0.047772923076923074
-0.0029206153846153843
-0.05194523076923077
-0.08511507692307693
-0.09095630769230768
-0.07551876923076924
-0.05653476923076922
-0.03421292307692308
-0.015020307692307692
0.011265230769230769
0.03588184615384615
0.040054153846153843
0.025033846153846153
-0.005424
-0.04172307692307692
-0.06613107692307692
-0.08866153846153846
-0.11286092307692308
-0.12224861538461537
-0.14957723076923077
-0.1489513846153846
-0.13914646153846155
-0.12245723076923076
-0.10222153846153846
-0.11870215384615385
-0.10430769230769231
-0.06571384615384615
0.03713353846153846
0.1913003076923077
0.41660492307692304
0.552204923076923
0.6350252307692307
0.7543532307692307
0.7608203076923077
0.7881489230769231
0.6452473846153846
0.3944916923076923
0.0988836923076923
-0.2563883076923077
-0.4879513846153846
-0.766452923076923
-0.954624
-1.0662332307692308
-1.04412
-0.7574824615384614
-0.3947003076923077
0.10013538461538461
0.5348898461538462
0.8611643076923077
1.1365366153846155
1.2043366153846153
1.1446726153846154
0.8736812307692307
0.4017932307692308
-0.08365476923076923
-0.6431612307692307
-1.0927273846153847
-1.3401452307692308
-1.475328
-1.364136
-1.1302781538461537
-0.7624892307692307
-0.26535876923076923
0.21007569230769232
0.7011563076923077
1.0585144615384616
1.2577421538461537
1.327211076923077
1.2295790769230768
1.0338978461538462
0.6884307692307692
0.22551323076923077
-0.24011630769230768
-0.6871790769230769
-0.9865421538461538
-1.146132923076923
-1.2143501538461539
-1.108164923076923
-0.8955858461538462
-0.5745267692307692
-0.1706473846153846
0.19881046153846152
0.5499101538461538
0.8319581538461538
1.0280566153846153
1.1676203076923075
1.1546861538461537
0.9990590769230768
0.7151335384615384
0.3344104615384615
-0.06341907692307691
-0.47313969230769226
-0.8273686153846153
-1.1169267692307692
-1.2965446153846154
-1.3117735384615383
-1.2012073846153846
-0.9145698461538461
-0.5073526153846153
-0.053405538461538456
0.45707630769230767
0.911857846153846
1.2831932307692306
1.5201803076923075
1.545214153846154
1.402729846153846
1.0633126153846153
0.6104086153846153
0.12162276923076921
-0.3957433846153846
-0.8578264615384615
-1.2347944615384616
-1.4425753846153846
-1.427555076923077
-1.2143501538461539
-0.8242393846153846
-0.3402516923076923
0.21091015384615383
0.7843938461538461
1.2677556923076923
1.6211501538461537
1.7619655384615382
1.6453495384615384
1.3543310769230767
0.9195766153846153
0.41034646153846155
-0.09930092307692308
-0.5987261538461538
-0.9890455384615383
-1.2270756923076922
-1.3025944615384615
-1.1903593846153846
-0.9406467692307692
-0.5976830769230769
-0.20506892307692307
0.2056947692307692
0.5812024615384616
0.8745156923076922
1.067484923076923
1.1223507692307693
1.0493353846153846
0.855948923076923
0.5630529230769231
0.22822523076923076
-0.13330523076923076
-0.47418276923076924
-0.7334916923076923
-0.9110233846153847
-0.9863335384615385
-0.944401846153846
-0.819024
-0.628140923076923
-0.38531261538461536
-0.10743692307692307
0.19296923076923078
0.46145723076923073
0.6506713846153847
0.7533101538461537
0.7747975384615384
0.725772923076923
0.5983089230769231
0.40742584615384614
0.16689230769230767
-0.09930092307692308
-0.35005661538461535
-0.5757784615384615
-0.743088
-0.8488559999999999
-0.8788966153846154
-0.7898178461538462
-0.6147895384615384
-0.3746732307692308
-0.08907876923076924
0.19067446153846154
0.46041415384615386
0.6882221538461537
0.835296
0.8934996923076922
0.8438492307692307
0.6967753846153846
0.4733483076923077
0.200688
-0.09137353846153846
-0.3682061538461538
-0.5926763076923077
-0.7466344615384616
-0.8058812307692308
-0.7708338461538461
-0.6556781538461539
-0.46375199999999994
-0.23448369230769228
0.005215384615384615
0.2586830769230769
0.47939815384615386
0.6469163076923078
0.7384984615384615
0.7270246153846154
0.6473335384615384
0.5146541538461539
0.3473446153846154
0.15374953846153847
-0.04735569230769231
-0.22134092307692307
-0.34963938461538463
-0.41034646153846155
-0.4109723076923077
-0.3698750769230769
-0.29581661538461534
-0.19150892307692308
-0.050067692307692306
0.11035753846153845
0.2480436923076923
0.34963938461538463
0.40846892307692306
0.43329415384615383
0.4443507692307692
0.42307199999999995
0.371544
0.2926873846153846
0.1792006153846154
0.054657230769230764
-0.078648
-0.20465169230769228
-0.3079163076923077
-0.3896935384615384
-0.4314166153846154
-0.4251581538461538
-0.3590270769230769
-0.24303692307692307
-0.0974233846153846
0.04965046153846154
0.17982646153846152
0.3016578461538461
0.3909452307692307
0.4353803076923077
0.41368430769230763
0.31000246153846156
0.16334584615384617
-0.003129230769230769
-0.16188553846153847
-0.2891409230769231
-0.38948492307692306
-0.4514436923076923
-0.4539470769230769
-0.37717661538461533
-0.23531815384615382
-0.06425353846153846
0.10618523076923077
0.2526332307692308
0.3609046153846154
0.42494953846153843
0.44038707692307694
0.39407446153846154
0.292896
0.14811692307692306
-0.006049846153846154
-0.13476553846153844
-0.22718215384615387
-0.2764153846153846
-0.2920615384615385
-0.2768326153846154
-0.22154953846153846
-0.1316363076923077
-0.04193169230769231
0.03609046153846154
0.09867507692307692
0.14102399999999998
0.15416676923076922
0.13121907692307694
0.10159569230769232
0.059038153846153844
0.006049846153846154
-0.03150092307692308
-0.042974769230769226
-0.03233538461538461
-0.020027076923076922
-0.024408000000000003
-0.042557538461538466
-0.04735569230769231
-0.04839876923076923
-0.04631261538461538
-0.04944184615384615
-0.06613107692307692
-0.07781353846153846
-0.08115138461538463
-0.06049846153846154
-0.031709538461538456
0.001043076923076923
0.03775938461538462
0.06946892307692307
0.10535076923076922
0.1218313846153846
0.10806276923076923
0.06362769230769232
-0.004798153846153846
-0.07802215384615384
-0.14457046153846154
-0.19463815384615382
-0.21716861538461538
-0.21925476923076925
-0.2008966153846154
-0.14060676923076923
-0.04693846153846153
0.056951999999999996
0.13351384615384615
0.1785747692307692
0.19317784615384614
0.165432
0.10597661538461538
0.016480615384615385
-0.0855323076923077
-0.18399876923076922
-0.25972615384615383
-0.28934953846153844
-0.2807963076923077
-0.24449723076923074
-0.17690584615384616
-0.09095630769230768
0.01940123076923077
0.14206707692307693
0.24616615384615384
0.3148006153846154
0.3225193846153846
0.2822566153846154
0.20339999999999997
0.10180430769230768
-0.0033378461538461535
-0.11223507692307692
-0.20423446153846153
-0.2582658461538461
-0.25930892307692305
-0.21508246153846153
-0.1397723076923077
-0.0446436923076923
0.05945538461538461
0.16793538461538463
0.26619323076923074
0.3291950769230769
0.3437981538461538
0.3016578461538461
0.21320492307692307
0.1178676923076923
0.021278769230769233
-0.06216738461538462
-0.1287156923076923
-0.17565415384615385
-0.1777403076923077
-0.14102399999999998
-0.06195876923076923
0.03921969230769231
0.13726892307692307
0.22551323076923077
0.28851507692307693
0.3202246153846154
0.3068732307692308
0.2426196923076923
0.13852061538461538
0.024408000000000003
-0.07781353846153846
-0.15374953846153847
-0.19380369230769232
-0.20298276923076922
-0.17711446153846155
-0.12266584615384615
-0.04380923076923077
0.05069353846153846
0.14874276923076923
0.23490092307692306
0.2939390769230769
0.3252313846153846
0.3239796923076923
0.29769415384615383
0.25054707692307693
0.18232984615384615
0.10430769230769231
0.025659692307692307
-0.03442153846153846
-0.07531015384615385
-0.10347323076923076
-0.11160923076923077
-0.11411261538461538
-0.10180430769230768
-0.06216738461538462
-0.010848
0.0446436923076923
0.09262523076923077
0.13247076923076923
0.17148184615384612
0.19881046153846152
0.21174461538461536
0.2075723076923077
0.17815753846153848
0.1287156923076923
0.058829538461538454
-0.02524246153846154
-0.11828492307692307
-0.21216184615384615
-0.2912270769230769
-0.3452584615384615
-0.355272
-0.32669169230769235
-0.2724516923076923
-0.19004861538461537
-0.08594953846153845
0.03379569230769231
0.14519630769230768
0.22467876923076924
0.2601433846153846
0.2503384615384615
0.1867107692307692
0.07781353846153846
-0.05090215384615384
-0.18754523076923074
-0.3039526153846154
-0.3913624615384615
-0.4276615384615384
-0.40012430769230767
-0.3193901538461538
-0.19380369230769232
-0.05319692307692307
0.09554584615384615
0.2369870769230769
0.3485963076923077
0.40846892307692306
0.404088
0.34504984615384615
0.241368
0.11327815384615383
-0.015020307692307692
-0.1218313846153846
-0.20256553846153844
-0.24011630769230768
-0.22530461538461538
-0.1656406153846154
-0.07510153846153846
0.019609846153846155
0.111192
0.18232984615384615
0.2225926153846154
0.23052
0.20360861538461536
0.1543753846153846
0.0974233846153846
0.03984553846153846
-0.0012516923076923076
-0.017315076923076923
-0.021904615384615383
-0.014185846153846153
-0.003129230769230769
0.008136
0.015646153846153844
0.014811692307692307
0.0050067692307692304
-0.016897846153846156
-0.03942830769230769
-0.05090215384615384
-0.05173661538461538
-0.03692492307692308
-0.005841230769230769
0.03421292307692308
0.09179076923076923
0.15604430769230768
0.21070153846153844
0.24512307692307692
0.25054707692307693
0.21925476923076925
0.15520984615384617
0.07927384615384615
-0.0022947692307692304
-0.08490646153846154
-0.15124615384615384
-0.19067446153846154
-0.18337292307692307
-0.1287156923076923
-0.040679999999999994
0.07030338461538461
0.17481969230769231
0.26118646153846153
0.2891409230769231
0.2618123076923077
0.21487384615384614
0.13789476923076924
0.04276615384615385
-0.058829538461538454
-0.15500123076923078
-0.19881046153846152
-0.1948467692307692
-0.1151556923076923
0.061124307692307686
0.10430769230769231
0.09679753846153846
0.12308307692307692
0.10910584615384614
0.21466523076923077
0.13080184615384613
-0.06738276923076922
-0.22676492307692306
-0.40679999999999994
-0.34651015384615386
-0.33524492307692305
-0.3133403076923077
-0.27787569230769227
-0.25159015384615385
-0.0014603076923076922
0.16605784615384614
0.3456756923076923
0.3915710769230769
0.2655673846153846
0.25012984615384615
0.11432123076923076
0.04193169230769231
-0.04902461538461538
-0.23761292307692305
-0.22655630769230767
-0.28204799999999997
-0.2572227692307692
-0.10096984615384616
-0.04944184615384615
0.12454338461538461
0.20319138461538463
0.20652923076923077
0.28768061538461537
0.25555384615384613
0.30520430769230766
0.3004061538461538
0.1710646153846154
0.06633969230769231
-0.09137353846153846
-0.13622584615384614
-0.16209415384615386
-0.2399076923076923
-0.25054707692307693
-0.2849686153846154
-0.20235692307692305
-0.05736923076923077
0.0006258461538461538
0.07927384615384615
0.07384984615384615
0.07259815384615384
0.12829846153846153
0.09846646153846153
0.10493353846153847
0.09909230769230769
0.08323753846153846
0.14978584615384616
0.15750461538461538
0.15792184615384616
0.14164984615384615
0.058829538461538454
0.011265230769230769
-0.07259815384615384
-0.14540492307692307
-0.17377661538461536
-0.1597993846153846
-0.08010830769230769
-0.03129230769230769
0.06863446153846153
0.17544553846153846
0.2480436923076923
0.3536030769230769
0.3659113846153846
0.33941723076923075
0.2926873846153846
0.17419384615384614
0.07551876923076924
-0.0744756923076923
-0.22426153846153846
-0.29873723076923075
-0.37029230769230764
-0.371544
-0.3392086153846154
-0.2680707692307692
-0.10409907692307692
0.061124307692307686
0.21091015384615383
0.30749907692307693
0.3686233846153846
0.42933046153846155
0.4011673846153846
0.31354892307692306
0.17085599999999998
-0.01710646153846154
-0.13121907692307694
-0.22968553846153844
-0.30186646153846153
-0.31626092307692305
-0.3239796923076923
-0.2290596923076923
-0.09158215384615384
0.03629907692307692
0.19317784615384614
0.31041969230769234
0.3942830769230769
0.428496
0.3896935384615384
0.31208861538461535
0.18086953846153844
0.031918153846153846
-0.10493353846153847
-0.23490092307692306
-0.32836061538461536
-0.404088
-0.41076369230769233
-0.34692738461538464
-0.26640184615384616
-0.1356
-0.03129230769230769
0.05778646153846154
0.1635544615384615
0.21508246153846153
0.235944
0.19714153846153845
0.11181784615384616
0.056951999999999996
-0.01272553846153846
-0.09137353846153846
-0.15646153846153846
-0.2261390769230769
-0.24762646153846155
-0.23344061538461539
-0.1869193846153846
-0.10347323076923076
-0.028788923076923077
0.04652123076923077
0.09241661538461539
0.10868861538461538
0.11745046153846153
0.10806276923076923
0.10764553846153846
0.07030338461538461
-0.0029206153846153843
-0.053405538461538456
-0.0961716923076923
-0.08365476923076923
-0.049233230769230765
-0.0448523076923077
-0.017315076923076923
0.014185846153846153
0.05820369230769231
0.1178676923076923
0.13121907692307694
0.11035753846153845
0.07259815384615384
0.04401784615384615
0.04380923076923077
0.03379569230769231
0.02273907692307692
0.0002086153846153846
-0.015854769230769228
-0.0033378461538461535
0.02044430769230769
0.06321046153846153
0.0853236923076923
0.08448923076923077
0.09512861538461538
0.10868861538461538
0.13622584615384614
0.1637630769230769
0.1639716923076923
0.13893784615384613
0.09012184615384615
0.06258461538461538
0.06404492307692307
0.05382276923076923
0.019609846153846155
-0.03442153846153846
-0.06800861538461538
-0.06592246153846154
-0.03713353846153846
0.0050067692307692304
0.019609846153846155
0.023364923076923075
0.038176615384615385
0.06863446153846153
0.11160923076923077
0.11494707692307692
0.08866153846153846
0.05799507692307692
0.022947692307692308
0.004589538461538461
-0.01710646153846154
-0.05298830769230769
-0.07948246153846153
-0.09387692307692307
-0.08073415384615384
-0.04088861538461538
-0.006675692307692307
0.027328615384615382
0.04819015384615385
0.06842584615384616
0.09074769230769231
0.0988836923076923
0.0974233846153846
0.05486584615384615
-0.007927384615384614
-0.073224
-0.12621230769230768
-0.15145476923076923
-0.1760713846153846
-0.19442953846153843
-0.2056947692307692
-0.20548615384615385
-0.1656406153846154
-0.09471138461538461
-0.021904615384615383
0.03379569230769231
0.05674338461538461
0.06571384615384615
0.06863446153846153
0.04944184615384615
0.015020307692307692
-0.03838523076923077
-0.09575446153846154
-0.14123261538461537
-0.165432
-0.14749107692307692
-0.11140061538461538
-0.053614153846153846
0.03045784615384615
0.12412615384615384
0.2290596923076923
0.306456
0.3437981538461538
0.3442153846153846
0.3072904615384615
0.249504
0.16605784615384614
0.06425353846153846
-0.02586830769230769
-0.09429415384615383
-0.1289243076923077
-0.11745046153846153
-0.08073415384615384
-0.019192615384615384
0.052153846153846155
0.12975876923076923
0.21633415384615384
0.2855944615384615
0.3310726153846154
0.3304467692307692
0.28809784615384615
0.21612553846153845
0.11327815384615383
-0.003129230769230769
-0.12662953846153846
-0.23844738461538462
-0.32043323076923075
-0.35464615384615383
-0.3243969230769231
-0.238656
-0.12767261538461538
-0.0029206153846153843
0.12141415384615384
0.2221753846153846
0.29331323076923077
0.3198073846153846
0.3008233846153846
0.23949046153846154
0.15500123076923078
0.06133292307692308
-0.03567323076923076
-0.1205796923076923
-0.18316430769230768
-0.20944984615384615
-0.19714153846153845
-0.14707384615384617
-0.08156861538461539
-0.018983999999999997
0.03233538461538461
0.06487938461538462
0.08574092307692306
0.08031692307692308
0.056326153846153845
0.02357353846153846
-0.014185846153846153
-0.033169846153846154
-0.04172307692307692
-0.03963692307692308
-0.026285538461538457
-0.004172307692307692
0.027328615384615382
0.05277969230769231
0.07489292307692308
0.08302892307692307
0.07531015384615385
0.056951999999999996
0.021696
-0.01397723076923077
-0.04819015384615385
-0.0855323076923077
-0.10472492307692308
-0.10848000000000001
-0.08740984615384616
-0.032544
0.03275261538461539
0.10514215384615383
0.16793538461538463
0.20506892307692307
0.20506892307692307
0.16793538461538463
0.09825784615384614
-0.0035464615384615383
-0.12037107692307693
-0.22676492307692306
-0.2951907692307692
-0.327108923076923
-0.3291950769230769
-0.28809784615384615
-0.21487384615384614
-0.11578153846153846
0.006467076923076923
0.12245723076923076
0.22405292307692307
0.279336
0.27599815384615384
0.23677846153846152
0.1585476923076923
0.059038153846153844
-0.05528307692307692
-0.16835261538461538
-0.24574892307692306
-0.2868461538461538
-0.2862203076923077
-0.24011630769230768
-0.16021661538461537
-0.04652123076923077
0.07593599999999999
0.18066092307692305
0.2532590769230769
0.2899753846153846
0.295608
0.260352
0.19818461538461538
0.12224861538461537
0.03358707692307692
-0.05048492307692308
-0.12808984615384614
-0.18900553846153845
-0.21299630769230768
-0.2140393846153846
-0.19359507692307693
-0.16167692307692308
-0.13622584615384614
-0.0936683076923077
-0.045060923076923075
-0.0018775384615384615
0.0448523076923077
0.07468430769230769
0.09784061538461537
0.12454338461538461
0.1422756923076923
0.1558356923076923
0.13893784615384613
0.09971815384615385
0.06049846153846154
0.02232184615384615
0.005632615384615384
-0.016480615384615385
-0.03713353846153846
-0.04735569230769231
-0.054657230769230764
-0.02858030769230769
0.0077187692307692304
0.04819015384615385
0.08469784615384615
0.10994030769230768
0.14936861538461538
0.1779489230769231
0.18379015384615385
0.16438892307692307
0.12308307692307692
0.07197230769230768
0.016063384615384615
-0.028371692307692306
-0.07030338461538461
-0.11265230769230769
-0.14582215384615385
-0.1612596923076923
-0.14999446153846155
-0.11432123076923076
-0.05820369230769231
0.0035464615384615383
0.06049846153846154
0.111192
0.15750461538461538
0.18754523076923074
0.19046584615384615
0.1614683076923077
0.111192
0.06383630769230769
0.027328615384615382
-0.010013538461538461
-0.05528307692307692
-0.09491999999999999
-0.11849353846153846
-0.11745046153846153
-0.08907876923076924
-0.05236246153846154
-0.02044430769230769
0.010848
0.0448523076923077
0.08720123076923077
0.12600369230769232
0.14436184615384615
0.14144123076923076
0.11452984615384615
0.06425353846153846
0.007927384615384614
-0.046104
-0.09700615384615385
-0.13914646153846155
-0.1637630769230769
-0.157296
-0.12370892307692308
-0.07197230769230768
-0.024616615384615383
0.005215384615384615
0.025659692307692307
0.04672984615384615
0.07113784615384615
0.08386338461538462
0.08490646153846154
0.07656184615384615
0.06404492307692307
0.0678
0.09658892307692307
0.13205353846153844
0.15687876923076924
0.17169046153846151
0.1792006153846154
0.18253846153846154
0.1666836923076923
0.13247076923076923
0.07656184615384615
0.0077187692307692304
-0.05716061538461538
-0.10785415384615385
-0.13852061538461538
-0.16438892307692307
-0.1422756923076923
-0.0678
0.051528
0.2090326153846154
0.3350363076923077
0.42015138461538465
0.46145723076923073
0.44914892307692306
0.3961606153846154
0.2641070769230769
0.0936683076923077
-0.09012184615384615
-0.22175815384615383
-0.32085046153846153
-0.42035999999999996
-0.40659138461538463
-0.37738523076923075
-0.2626467692307692
-0.0988836923076923
0.053614153846153846
0.2369870769230769
0.32606584615384615
0.41389292307692305
0.4220289230769231
0.3373310769230769
0.2374043076923077
0.062376
-0.0717636923076923
-0.22593046153846155
-0.35798399999999997
-0.38656430769230765
-0.38593846153846156
-0.2670276923076923
-0.11473846153846154
0.02753723076923077
0.17815753846153848
0.24866953846153847
0.3193901538461538
0.3304467692307692
0.23072861538461537
0.13330523076923076
0.004589538461538461
-0.06967753846153846
-0.07927384615384615
-0.103056
-0.09053907692307692
-0.08991323076923076
-0.05653476923076922
0.009596307692307692
0.04547815384615384
0.07405846153846153
0.061750153846153844
0.04088861538461538
0.035464615384615386
0.015437538461538461
0.015020307692307692
0.0025033846153846152
-0.014603076923076923
0.008136
0.02795446153846154
0.09658892307692307
0.1777403076923077
0.22947692307692308
0.28768061538461537
0.2845513846153846
0.249504
0.19317784615384614
0.08511507692307693
-0.026911384615384615
-0.15479261538461536
-0.2574313846153846
-0.29685969230769227
-0.2899753846153846
-0.22405292307692307
-0.14540492307692307
-0.059038153846153844
0.035255999999999996
0.1207883076923077
0.20506892307692307
0.22864246153846152
0.20006215384615383
0.15833907692307692
0.09512861538461538
0.045060923076923075
-0.008344615384615384
-0.07030338461538461
-0.10555938461538462
-0.13205353846153844
-0.11536430769230768
-0.06759138461538462
-0.018983999999999997
0.04693846153846153
0.09554584615384615
0.1356
0.16000799999999998
0.16063384615384615
0.14916
0.10389046153846154
0.04401784615384615
-0.02315630769230769
-0.07551876923076924
-0.07677046153846154
-0.06550523076923077
-0.04526953846153846
-0.006049846153846154
0.025033846153846153
0.06300184615384616
0.084072
0.05653476923076922
0.004798153846153846
-0.06404492307692307
-0.12704676923076924
-0.16084246153846155
-0.18066092307692305
-0.1718990769230769
-0.15354092307692307
-0.12350030769230769
-0.06154153846153846
0.0050067692307692304
0.06467076923076923
0.08177723076923075
0.07280676923076923
0.058829538461538454
0.03045784615384615
0.0008344615384615384
-0.05924676923076923
-0.12579507692307693
-0.17169046153846151
-0.19630707692307692
-0.1712732307692308
-0.12287446153846153
-0.06884307692307692
0.005215384615384615
0.07969107692307692
0.15374953846153847
0.2157083076923077
0.23218892307692307
0.21529107692307692
0.14707384615384617
0.04380923076923077
-0.06633969230769231
-0.1787833846153846
-0.24762646153846155
-0.28768061538461537
-0.2962338461538461
-0.25972615384615383
-0.18316430769230768
-0.06717415384615384
0.04214030769230769
0.13622584615384614
0.20486030769230767
0.23093723076923076
0.23677846153846152
0.21612553846153845
0.16710092307692306
0.09012184615384615
-0.01043076923076923
-0.09074769230769231
-0.13518276923076925
-0.15667015384615385
-0.15813046153846153
-0.1397723076923077
-0.08657538461538461
-0.011473846153846154
0.056951999999999996
0.116616
0.1476996923076923
0.15562707692307692
0.14603076923076924
0.11265230769230769
0.07510153846153846
0.02315630769230769
-0.03713353846153846
-0.08490646153846154
-0.116616
-0.10848000000000001
-0.07656184615384615
-0.03358707692307692
0.03024923076923077
0.07781353846153846
0.10889723076923077
0.12308307692307692
0.12266584615384615
0.10868861538461538
0.06446215384615385
0.014603076923076923
-0.02858030769230769
-0.053405538461538456
-0.065088
-0.06571384615384615
-0.04526953846153846
-0.008970461538461538
0.048816000000000005
0.10660246153846153
0.13706030769230768
0.14394461538461537
0.12955015384615384
0.09512861538461538
0.05820369230769231
0.014394461538461538
-0.02482523076923077
-0.050067692307692306
-0.06195876923076923
-0.04902461538461538
-0.027120000000000002
-0.003129230769230769
0.02086153846153846
0.04672984615384615
0.06279323076923077
0.054657230769230764
0.02858030769230769
-0.012516923076923077
-0.0609156923076923
-0.10806276923076923
-0.14978584615384616
-0.173568
-0.16689230769230767
-0.13747753846153846
-0.09304246153846155
-0.03942830769230769
0.017523692307692306
0.06446215384615385
0.08991323076923076
0.0974233846153846
0.08010830769230769
0.03942830769230769
-0.016063384615384615
-0.0771876923076923
-0.12537784615384615
-0.14832553846153845
-0.1314276923076923
-0.0744756923076923
0.0050067692307692304
0.09179076923076923
0.1693956923076923
0.225096
0.252216
0.2436627692307692
0.19985353846153847
0.12621230769230768
0.022947692307692308
-0.08761846153846153
-0.17982646153846152
-0.24282830769230768
-0.2632726153846154
-0.24512307692307692
-0.1867107692307692
-0.08615815384615384
0.04380923076923077
0.1802436923076923
0.2864289230769231
0.3548547692307692
0.3863556923076923
0.3763421538461538
0.3277347692307692
0.2411593846153846
0.12204
-0.004589538461538461
-0.11286092307692308
-0.192552
-0.22947692307692308
-0.23677846153846152
-0.20861538461538462
-0.1504116923076923
-0.07259815384615384
0.021904615384615383
0.11286092307692308
0.1908830769230769
0.22676492307692306
0.23510953846153848
0.22113230769230768
0.18858830769230767
0.14394461538461537
0.06967753846153846
-0.018983999999999997
-0.09992676923076924
-0.15166338461538462
-0.17419384615384614
-0.17711446153846155
-0.168144
-0.15479261538461536
-0.1341396923076923
-0.09721476923076922
-0.04693846153846153
0.0025033846153846152
0.052153846153846155
0.09137353846153846
0.119328
0.15208061538461537
0.17711446153846155
0.1800350769230769
0.14665661538461539
0.08594953846153845
0.018983999999999997
-0.049233230769230765
-0.10660246153846153
-0.14978584615384616
-0.17690584615384616
-0.18399876923076922
-0.16209415384615386
-0.10409907692307692
-0.026911384615384615
0.056951999999999996
0.13852061538461538
0.20402584615384614
0.2578486153846154
0.292896
0.2906012307692308
0.23677846153846152
0.1358086153846154
0.011682461538461537
-0.1097316923076923
-0.21091015384615383
-0.2924787692307692
-0.3425464615384616
-0.3419206153846154
-0.2870547692307692
-0.18107815384615383
-0.03421292307692308
0.10764553846153846
0.22593046153846155
0.30937661538461536
0.3467187692307692
0.3577753846153846
0.32210215384615387
0.24199384615384617
0.12099692307692309
-0.023364923076923075
-0.1341396923076923
-0.20506892307692307
-0.22780799999999998
-0.20131384615384615
-0.14832553846153845
-0.058829538461538454
0.05319692307692307
0.17023015384615386
0.27474646153846155
0.33295015384615384
0.3550633846153846
0.3379569230769231
0.2791273846153846
0.2075723076923077
0.1218313846153846
0.03150092307692308
-0.04672984615384615
-0.10076123076923077
-0.10806276923076923
-0.0855323076923077
-0.04318338461538461
0.016480615384615385
0.0717636923076923
0.12642092307692307
0.16438892307692307
0.16751815384615384
0.13434830769230768
0.06738276923076922
0.0006258461538461538
-0.062376
-0.10722830769230769
-0.12391753846153845
-0.1316363076923077
-0.11223507692307692
-0.06154153846153846
0.010639384615384617
0.08574092307692306
0.14018953846153845
0.16793538461538463
0.17523692307692307
0.15792184615384616
0.127464
0.08720123076923077
0.030875076923076922
-0.02795446153846154
-0.0826116923076923
-0.11014892307692307
-0.11765907692307691
-0.10827138461538462
-0.07405846153846153
-0.031918153846153846
0.022947692307692308
0.07843938461538462
0.12287446153846153
0.15333230769230768
0.15416676923076922
0.13643446153846153
0.1136953846153846
0.07885661538461539
0.040054153846153843
-0.005215384615384615
-0.053614153846153846
-0.08156861538461539
-0.09158215384615384
-0.06967753846153846
-0.040679999999999994
-0.00855323076923077
0.03400430769230769
0.07614461538461538
0.12579507692307693
0.15604430769230768
0.1597993846153846
0.13351384615384615
0.09199938461538461
0.05736923076923077
0.02753723076923077
-0.002086153846153846
-0.03650769230769231
-0.07155507692307693
-0.0988836923076923
-0.11828492307692307
-0.130176
-0.13455692307692307
-0.14832553846153845
-0.16334584615384617
-0.16251138461538459
-0.13998092307692306
-0.10681107692307691
-0.07405846153846153
-0.04214030769230769
-0.013768615384615384
0.017523692307692306
0.04860738461538461
0.06300184615384616
0.056951999999999996
0.03379569230769231
-0.004798153846153846
-0.03880246153846154
-0.06070707692307692
-0.06946892307692307
-0.07218092307692307
-0.0798996923076923
-0.07301538461538462
-0.04422646153846154
-0.0012516923076923076
0.04193169230769231
0.07802215384615384
0.10535076923076922
0.1287156923076923
0.1504116923076923
0.1612596923076923
0.15667015384615385
0.12120553846153845
0.06800861538461538
0.013142769230769229
-0.03629907692307692
-0.08177723076923075
-0.1287156923076923
-0.16501476923076921
-0.1883796923076923
-0.17461107692307692
-0.12600369230769232
-0.052153846153846155
0.03233538461538461
0.09554584615384615
0.1316363076923077
0.1368516923076923
0.10639384615384614
0.04965046153846154
-0.02211323076923077
-0.11953661538461538
-0.18379015384615385
-0.22113230769230768
-0.20110523076923076
-0.12662953846153846
-0.012934153846153845
0.18963138461538462
0.27704123076923076
0.35610646153846154
0.4205686153846153
0.38990215384615384
0.37967999999999996
0.20944984615384615
0.018983999999999997
-0.17315076923076922
-0.3473446153846154
-0.37237846153846155
-0.4072172307692307
-0.3757163076923077
-0.3079163076923077
-0.18629353846153843
0.0609156923076923
0.2712
0.47272246153846154
0.5724406153846154
0.5394793846153846
0.4956701538461538
0.34880492307692307
0.17648861538461538
-0.02482523076923077
-0.2749550769230769
-0.4182738461538461
-0.5544996923076924
-0.5983089230769231
-0.5031803076923077
-0.3978295384615384
-0.1913003076923077
0.0002086153846153846
0.16188553846153847
0.3319070769230769
0.40596553846153843
0.4660467692307692
0.4541556923076923
0.3387913846153846
0.19964492307692308
0.027328615384615382
-0.09679753846153846
-0.18983999999999998
-0.2858030769230769
-0.3323243076923077
-0.360696
-0.3116713846153846
-0.20840676923076923
-0.12537784615384615
-0.015854769230769228
0.06028984615384615
0.11911938461538461
0.1867107692307692
0.18900553846153845
0.1942209230769231
0.1779489230769231
0.12704676923076924
0.11724184615384614
0.09137353846153846
0.06592246153846154
0.04088861538461538
-0.015646153846153844
-0.06592246153846154
-0.1368516923076923
-0.19839323076923077
-0.22655630769230767
-0.22572184615384616
-0.1779489230769231
-0.1353913846153846
-0.05611753846153846
0.05736923076923077
0.16730953846153845
0.2858030769230769
0.3346190769230769
0.34338092307692303
0.31751261538461534
0.24053353846153847
0.16730953846153845
0.04985907692307692
-0.08302892307692307
-0.1883796923076923
-0.29227015384615385
-0.3421292307692308
-0.3510996923076923
-0.32543999999999995
-0.23823876923076923
-0.14081538461538462
-0.034630153846153845
0.07364123076923076
0.1696043076923077
0.2707827692307692
0.30979384615384614
0.2914356923076923
0.23072861538461537
0.11035753846153845
0.012934153846153845
-0.09158215384615384
-0.18483323076923078
-0.21737723076923077
-0.2275993846153846
-0.1635544615384615
-0.06362769230769232
0.03859384615384615
0.16480615384615382
0.26118646153846153
0.33670523076923076
0.36570276923076916
0.33587076923076925
0.2737033846153846
0.15833907692307692
0.04401784615384615
-0.051528
-0.11911938461538461
-0.14811692307692306
-0.16042523076923076
-0.13184492307692308
-0.07781353846153846
-0.015228923076923076
0.058829538461538454
0.09721476923076922
0.1070196923076923
0.11828492307692307
0.09241661538461539
0.04860738461538461
-0.017315076923076923
-0.0963803076923077
-0.13893784615384613
-0.17628
-0.17461107692307692
-0.14665661538461539
-0.1207883076923077
-0.06759138461538462
-0.027120000000000002
0.017523692307692306
0.06821723076923077
0.08094276923076923
0.07927384615384615
0.04568676923076923
-0.006049846153846154
-0.04214030769230769
-0.07948246153846153
-0.08469784615384615
-0.08198584615384615
-0.08135999999999999
-0.03921969230769231
0.021696
0.10472492307692308
0.18232984615384615
0.2125790769230769
0.2157083076923077
0.19171753846153847
0.15333230769230768
0.10117846153846152
0.017732307692307693
-0.06321046153846153
-0.12913292307692306
-0.15896492307692306
-0.13497415384615385
-0.09137353846153846
-0.02899753846153846
0.031709538461538456
0.08949599999999999
0.1489513846153846
0.18358153846153846
0.1881710769230769
0.14999446153846155
0.08344615384615384
0.006675692307692307
-0.06592246153846154
-0.1136953846153846
-0.13497415384615385
-0.14081538461538462
-0.13101046153846155
-0.10138707692307691
-0.040679999999999994
0.04756430769230769
0.12662953846153846
0.1846246153846154
0.21028430769230766
0.20319138461538463
0.18712800000000002
0.1570873846153846
0.11140061538461538
0.04756430769230769
-0.023782153846153845
-0.061750153846153844
-0.06717415384615384
-0.051528
-0.03024923076923077
-0.010848
0.024408000000000003
0.06759138461538462
0.116616
0.15625292307692307
0.16897846153846155
0.168144
0.16313723076923078
0.15792184615384616
0.1462393846153846
0.13455692307692307
0.11557292307692307
0.09116492307692307
0.08031692307692308
0.07614461538461538
0.07113784615384615
0.05528307692307692
0.026494153846153844
-0.0043809230769230765
-0.03108369230769231
-0.05236246153846154
-0.06633969230769231
-0.07405846153846153
-0.06967753846153846
-0.05757784615384615
-0.03629907692307692
0.004589538461538461
0.050067692307692306
0.08574092307692306
0.10117846153846152
0.086784
0.04526953846153846
-0.013142769230769229
-0.08094276923076923
-0.15771323076923077
-0.22467876923076924
-0.26118646153846153
-0.2680707692307692
-0.2426196923076923
-0.18796246153846152
-0.116616
-0.030875076923076922
0.07009476923076922
0.16063384615384615
0.225096
0.2568055384615385
0.25284184615384614
0.22488738461538463
0.1804523076923077
0.12642092307692307
0.05799507692307692
-0.008970461538461538
-0.06487938461538462
-0.09491999999999999
-0.09304246153846155
-0.06884307692307692
-0.019609846153846155
0.04193169230769231
0.10618523076923077
0.1543753846153846
0.1910916923076923
0.20673784615384616
0.19588984615384614
0.16418030769230768
0.10618523076923077
0.04756430769230769
-0.01043076923076923
-0.06884307692307692
-0.11807630769230769
-0.16647507692307692
-0.19651569230769228
-0.20402584615384614
-0.20027076923076922
-0.1842073846153846
-0.16334584615384617
-0.13226215384615383
-0.08302892307692307
-0.019609846153846155
0.04819015384615385
0.09971815384615385
0.12955015384615384
0.1506203076923077
0.1543753846153846
0.14185846153846154
0.10806276923076923
0.05173661538461538
-0.0077187692307692304
-0.06863446153846153
-0.11098338461538461
-0.124752
-0.11640738461538462
-0.09012184615384615
-0.049233230769230765
0.011682461538461537
0.08657538461538461
0.14832553846153845
0.1858763076923077
0.19359507692307693
0.16856123076923077
0.13330523076923076
0.08991323076923076
0.037967999999999995
-0.010013538461538461
-0.05444861538461539
-0.08115138461538463
-0.07405846153846153
-0.049233230769230765
-0.020027076923076922
-0.0014603076923076922
0.0033378461538461535
0.007301538461538462
0.009179076923076922
0.006467076923076923
-0.007510153846153846
-0.03108369230769231
-0.05757784615384615
-0.08094276923076923
-0.08866153846153846
-0.09241661538461539
-0.08636676923076922
-0.05799507692307692
-0.021070153846153846
0.029832
0.07802215384615384
0.10806276923076923
0.11494707692307692
0.09283384615384616
0.06279323076923077
0.029206153846153847
0.001043076923076923
-0.022530461538461537
-0.052153846153846155
-0.07197230769230768
-0.06633969230769231
-0.027120000000000002
0.024408000000000003
0.07656184615384615
0.12621230769230768
0.15938215384615384
0.18212123076923076
0.1923433846153846
0.18504184615384617
0.157296
0.10952307692307692
0.06133292307692308
0.02482523076923077
-0.0002086153846153846
-0.01397723076923077
-0.013560000000000001
-0.0029206153846153843
0.02211323076923077
0.06550523076923077
0.10576799999999999
0.13226215384615383
0.1397723076923077
0.1287156923076923
0.10222153846153846
0.06571384615384615
0.02232184615384615
-0.03296123076923077
-0.08323753846153846
-0.11974523076923077
-0.12412615384615384
-0.10389046153846154
-0.08469784615384615
-0.052153846153846155
-0.024199384615384616
-0.0012516923076923076
0.021070153846153846
0.023364923076923075
0.006467076923076923
-0.03504738461538461
-0.08511507692307693
-0.1358086153846154
-0.17648861538461538
-0.1990190769230769
-0.21862892307692305
-0.214248
-0.1873366153846154
-0.13810338461538463
-0.05528307692307692
0.03379569230769231
0.12412615384615384
0.19839323076923077
0.24574892307692306
0.26765353846153844
0.2415766153846154
0.173568
0.06905169230769231
-0.05674338461538461
-0.15833907692307692
-0.2290596923076923
-0.2620209230769231
-0.2526332307692308
-0.20506892307692307
-0.11327815384615383
-0.002086153846153846
0.11599015384615384
0.21195323076923075
0.25930892307692305
0.2647329230769231
0.24324553846153843
0.208824
0.15500123076923078
0.07697907692307693
-0.014394461538461538
-0.10389046153846154
-0.1775316923076923
-0.21654276923076923
-0.22655630769230767
-0.21862892307692305
-0.19985353846153847
-0.16313723076923078
-0.09825784615384614
-0.026285538461538457
0.04526953846153846
0.09262523076923077
0.10848000000000001
0.11202646153846153
0.1045163076923077
0.0961716923076923
0.07092923076923077
0.026494153846153844
-0.012516923076923077
-0.03358707692307692
-0.021070153846153846
0.009804923076923077
0.03963692307692308
0.06675692307692307
0.08386338461538462
0.0961716923076923
0.11265230769230769
0.11703323076923078
0.09408553846153846
0.05048492307692308
0.0022947692307692304
-0.019609846153846155
-0.016480615384615385
0.007510153846153846
0.047981538461538464
0.07927384615384615
0.12224861538461537
0.16981292307692308
0.20319138461538463
0.21466523076923077
0.17273353846153844
0.103056
0.02545107692307692
-0.03692492307692308
-0.06425353846153846
-0.08636676923076922
-0.09596307692307693
-0.09033046153846153
-0.055491692307692304
0.0077187692307692304
0.06279323076923077
0.09658892307692307
0.10430769230769231
0.09804923076923076
0.1028473846153846
0.10201292307692307
0.08469784615384615
0.06216738461538462
0.016480615384615385
0.01043076923076923
0.009179076923076922
0.10159569230769232
0.20339999999999997
0.12391753846153845
0.11181784615384616
0.05486584615384615
0.03212676923076923
0.06800861538461538
-0.05674338461538461
-0.15562707692307692
-0.3141747692307692
-0.344424
-0.22676492307692306
-0.16438892307692307
-0.042348923076923076
-0.011056615384615385
0.10994030769230768
0.3016578461538461
0.4262012307692308
0.5497015384615385
0.42891323076923077
0.2618123076923077
0.10910584615384614
-0.086784
-0.1693956923076923
-0.3333673846153846
-0.45665907692307695
-0.4877427692307692
-0.5409396923076923
-0.39365723076923076
-0.20840676923076923
-0.03609046153846154
0.1860849230769231
0.28434276923076923
0.38760738461538463
0.44330769230769224
0.4282873846153846
0.41681353846153846
0.26765353846153844
0.07969107692307692
-0.1136953846153846
-0.2712
-0.3202246153846154
-0.40054153846153845
-0.4514436923076923
-0.4681329230769231
-0.4307907692307692
-0.25284184615384614
-0.084072
0.06133292307692308
0.17982646153846152
0.23364923076923078
0.33023815384615385
0.40554830769230765
0.3972036923076923
0.3594443076923077
0.24408
0.138312
0.07489292307692308
-0.010639384615384617
-0.08115138461538463
-0.17419384615384614
-0.24908676923076922
-0.2703655384615385
-0.25701415384615384
-0.19442953846153843
-0.11953661538461538
-0.012099692307692308
0.0936683076923077
0.18086953846153844
0.2993630769230769
0.36570276923076916
0.3890676923076923
0.3861470769230769
0.3087507692307692
0.22822523076923076
0.12329169230769231
0.0022947692307692304
-0.09909230769230769
-0.22947692307692308
-0.3035353846153846
-0.31083692307692307
-0.2887236923076923
-0.22530461538461538
-0.16647507692307692
-0.06383630769230769
0.08302892307692307
0.2207150769230769
0.33649661538461534
0.39991569230769225
0.43704923076923075
0.4287046153846154
0.35568923076923076
0.2626467692307692
0.09658892307692307
-0.08761846153846153
-0.2073636923076923
-0.31041969230769234
-0.3285692307692308
-0.28851507692307693
-0.22968553846153844
-0.09784061538461537
0.027328615384615382
0.15646153846153846
0.290184
0.36382523076923073
0.40012430769230767
0.3675803076923077
0.28413415384615387
0.17982646153846152
0.05298830769230769
-0.051319384615384614
-0.14853415384615384
-0.21696000000000001
-0.24178523076923078
-0.2374043076923077
-0.1777403076923077
-0.10848000000000001
-0.03129230769230769
0.05069353846153846
0.09429415384615383
0.14916
0.18754523076923074
0.17377661538461536
0.12767261538461538
0.03609046153846154
-0.03880246153846154
-0.07802215384615384
-0.11452984615384615
-0.124752
-0.13872923076923074
-0.13789476923076924
-0.08657538461538461
-0.023782153846153845
0.052571076923076915
0.09533723076923077
0.10660246153846153
0.1070196923076923
0.07510153846153846
0.05507446153846154
0.017523692307692306
-0.03045784615384615
-0.061124307692307686
-0.10514215384615383
-0.12204
-0.12162276923076921
-0.10994030769230768
-0.06049846153846154
-0.028371692307692306
-0.0050067692307692304
0.03337846153846154
0.06967753846153846
0.1207883076923077
0.14790830769230767
0.14457046153846154
0.1207883076923077
0.065088
0.018775384615384614
-0.03421292307692308
-0.09304246153846155
-0.14081538461538462
-0.18712800000000002
-0.19797599999999999
-0.1873366153846154
-0.16292861538461537
-0.1097316923076923
-0.04860738461538461
0.03150092307692308
0.10889723076923077
0.16501476923076921
0.21925476923076925
0.23928184615384615
0.21633415384615384
0.165432
0.084072
0.003129230769230769
-0.08115138461538463
-0.16000799999999998
-0.21925476923076925
-0.2724516923076923
-0.292896
-0.28100492307692304
-0.22676492307692306
-0.13706030769230768
-0.03859384615384615
0.07092923076923077
0.17481969230769231
0.26306399999999996
0.32502276923076917
0.33816553846153846
0.3152178461538461
0.2574313846153846
0.16042523076923076
0.05528307692307692
-0.05528307692307692
-0.15667015384615385
-0.23135446153846154
-0.28204799999999997
-0.290184
-0.2503384615384615
-0.1718990769230769
-0.06884307692307692
0.041514461538461535
0.15166338461538462
0.25242461538461536
0.3312812307692308
0.38343507692307693
0.39970707692307694
0.3698750769230769
0.29581661538461534
0.18086953846153844
0.05069353846153846
-0.07551876923076924
-0.1908830769230769
-0.2845513846153846
-0.35568923076923076
-0.3734215384615384
-0.3419206153846154
-0.25993476923076925
-0.14060676923076923
-0.01940123076923077
0.10514215384615383
0.2138307692307692
0.3012406153846154
0.3542289230769231
0.3567323076923076
0.30562153846153844
0.206112
0.08615815384615384
-0.03129230769230769
-0.13914646153846155
-0.22321846153846153
-0.2822566153846154
-0.3143833846153846
-0.30019753846153846
-0.2478350769230769
-0.16021661538461537
-0.054657230769230764
0.051528
0.1506203076923077
0.22342707692307692
0.2709913846153846
0.2891409230769231
0.2626467692307692
0.18921415384615384
0.09325107692307691
-0.009179076923076922
-0.09700615384615385
-0.1706473846153846
-0.2369870769230769
-0.2768326153846154
-0.27704123076923076
-0.235944
-0.15604430769230768
-0.05924676923076923
0.03442153846153846
0.11411261538461538
0.17252492307692308
0.2125790769230769
0.222384
0.19609846153846153
0.13205353846153844
0.05528307692307692
-0.021696
-0.09387692307692307
-0.15416676923076922
-0.2008966153846154
-0.21716861538461538
-0.20131384615384615
-0.14707384615384617
-0.07092923076923077
0.005632615384615384
0.07072061538461538
0.12016246153846154
0.15333230769230768
0.17565415384615385
0.1883796923076923
0.17315076923076922
0.13372246153846154
0.07468430769230769
0.015646153846153844
-0.03713353846153846
-0.07656184615384615
-0.09763200000000001
-0.11160923076923077
-0.11745046153846153
-0.11160923076923077
-0.08344615384615384
-0.035464615384615386
0.02211323076923077
0.07009476923076922
0.111192
0.15667015384615385
0.18379015384615385
0.1942209230769231
0.18128676923076922
0.14060676923076923
0.09325107692307691
0.046104
0.011056615384615385
-0.015854769230769228
-0.03775938461538462
-0.05236246153846154
-0.053614153846153846
-0.025659692307692307
0.011473846153846154
0.04693846153846153
0.07238953846153846
0.08615815384615384
0.10576799999999999
0.119328
0.11849353846153846
0.09262523076923077
0.044435076923076924
0.0029206153846153843
-0.03692492307692308
-0.07489292307692308
-0.09971815384615385
-0.11265230769230769
-0.11432123076923076
-0.08991323076923076
-0.03609046153846154
0.01856676923076923
0.06195876923076923
0.08845292307692308
0.10263876923076923
0.11202646153846153
0.1028473846153846
0.06195876923076923
0.012934153846153845
-0.03588184615384615
-0.07364123076923076
-0.07364123076923076
-0.05611753846153846
-0.009804923076923077
0.047981538461538464
0.10117846153846152
0.1710646153846154
0.23281476923076924
0.2716172307692308
0.26681907692307694
0.22843384615384613
0.1775316923076923
0.11974523076923077
0.06967753846153846
0.01856676923076923
-0.026494153846153844
-0.06633969230769231
-0.09241661538461539
-0.0853236923076923
-0.054240000000000003
-0.01272553846153846
0.018775384615384614
0.04380923076923077
0.07572738461538461
0.10910584615384614
0.130176
0.13476553846153844
0.12204
0.09450276923076922
0.05653476923076922
0.01814953846153846
-0.016272
-0.06300184615384616
-0.10138707692307691
-0.119328
-0.10076123076923077
-0.052571076923076915
0.0008344615384615384
0.05236246153846154
0.0855323076923077
0.10889723076923077
0.12016246153846154
0.12245723076923076
0.11411261538461538
0.09387692307692307
0.061124307692307686
0.02795446153846154
0.01981846153846154
0.014394461538461538
0.0002086153846153846
-0.021487384615384613
-0.043392
-0.051528
-0.05069353846153846
-0.05716061538461538
-0.06446215384615385
-0.06905169230769231
-0.06675692307692307
-0.038176615384615385
-0.001043076923076923
0.03400430769230769
0.05507446153846154
0.06028984615384615
0.06487938461538462
0.06300184615384616
0.053405538461538456
0.027745846153846152
-0.006049846153846154
-0.03650769230769231
-0.0609156923076923
-0.06905169230769231
-0.06300184615384616
-0.04088861538461538
-0.014603076923076923
0.006258461538461538
0.031918153846153846
0.059038153846153844
0.07927384615384615
0.07948246153846153
0.06070707692307692
0.03859384615384615
0.014185846153846153
-0.008344615384615384
-0.025033846153846153
-0.03233538461538461
-0.026494153846153844
-0.015646153846153844
0.002086153846153846
0.0077187692307692304
-0.008344615384615384
-0.025033846153846153
-0.042348923076923076
-0.05674338461538461
-0.07092923076923077
-0.08907876923076924
-0.09679753846153846
-0.09408553846153846
-0.06738276923076922
-0.020652923076923076
0.030040615384615384
0.08177723076923075
0.12224861538461537
0.15646153846153846
0.19004861538461537
0.2140393846153846
0.208824
0.17377661538461536
0.12016246153846154
0.049233230769230765
-0.025659692307692307
-0.0855323076923077
-0.13789476923076924
-0.1712732307692308
-0.18316430769230768
-0.1783661538461538
-0.1597993846153846
-0.1397723076923077
-0.1462393846153846
-0.16793538461538463
-0.08782707692307692
0.029414769230769227
0.2194633846153846
0.43412861538461534
0.5753612307692307
0.7159679999999999
0.775632
0.7977452307692308
0.7147163076923077
0.5113163076923077
0.21904615384615383
-0.11265230769230769
-0.3692492307692308
-0.574944
-0.6875963076923076
-0.7495550769230769
-0.7301538461538462
-0.5812024615384616
-0.3312812307692308
-0.019192615384615384
0.27558092307692306
0.4887858461538461
0.5853747692307693
0.6062363076923076
0.5071439999999999
0.35151692307692306
0.12308307692307692
-0.20965846153846154
-0.477312
-0.6771655384615384
-0.723060923076923
-0.6006036923076923
-0.4086775384615385
-0.14394461538461537
0.0988836923076923
0.2822566153846154
0.442056
0.4965046153846154
0.43642338461538455
0.2914356923076923
0.09512861538461538
-0.04401784615384615
-0.12913292307692306
-0.13497415384615385
-0.1097316923076923
-0.10618523076923077
-0.08198584615384615
-0.07259815384615384
-0.038176615384615385
-0.014394461538461538
-0.049233230769230765
-0.0828203076923077
-0.14060676923076923
-0.18712800000000002
-0.19359507692307693
-0.20986707692307693
-0.21466523076923077
-0.2154996923076923
-0.19192615384615386
-0.09971815384615385
0.03024923076923077
0.17148184615384612
0.292896
0.3485963076923077
0.33065538461538463
0.26118646153846153
0.13247076923076923
-0.06216738461538462
-0.27704123076923076
-0.4489403076923077
-0.5409396923076923
-0.5150713846153846
-0.3855212307692308
-0.19046584615384615
0.03775938461538462
0.23615261538461538
0.4053396923076923
0.5167403076923076
0.5225815384615384
0.4522781538461538
0.3243969230769231
0.16042523076923076
0.0029206153846153843
-0.14916
-0.28392553846153845
-0.36257353846153845
-0.39365723076923076
-0.3682061538461538
-0.2849686153846154
-0.15917353846153848
-0.003129230769230769
0.14936861538461538
0.2805876923076923
0.36945784615384614
0.40679999999999994
0.3659113846153846
0.26076923076923075
0.13080184615384613
-0.019609846153846155
-0.14039815384615384
-0.21028430769230766
-0.24303692307692307
-0.2221753846153846
-0.154584
-0.05799507692307692
0.05653476923076922
0.15291507692307693
0.19442953846153843
0.18191261538461537
0.124752
0.04526953846153846
-0.023990769230769232
-0.09116492307692307
-0.14081538461538462
-0.1558356923076923
-0.12955015384615384
-0.0678
0.013560000000000001
0.09909230769230769
0.15270646153846154
0.18149538461538461
0.18149538461538461
0.14436184615384615
0.08115138461538463
-0.014394461538461538
-0.11327815384615383
-0.19150892307692308
-0.2453316923076923
-0.24345415384615382
-0.19797599999999999
-0.13643446153846153
-0.052153846153846155
0.04130584615384615
0.14999446153846155
0.2626467692307692
0.34943076923076927
0.38343507692307693
0.35339446153846155
0.273912
0.15813046153846153
0.0448523076923077
-0.06487938461538462
-0.1706473846153846
-0.24470584615384613
-0.2799618461538461
-0.25972615384615383
-0.1927606153846154
-0.11745046153846153
-0.03400430769230769
0.05048492307692308
0.10493353846153847
0.14916
0.18170399999999998
0.1860849230769231
0.17711446153846155
0.14936861538461538
0.12329169230769231
0.11286092307692308
0.11098338461538461
0.12329169230769231
0.12996738461538462
0.12725538461538463
0.11202646153846153
0.07551876923076924
0.028163076923076923
-0.03045784615384615
-0.08740984615384616
-0.1368516923076923
-0.16793538461538463
-0.15500123076923078
-0.10868861538461538
-0.029832
0.06654830769230768
0.16251138461538459
0.273912
0.3707095384615384
0.4405956923076923
0.4752258461538461
0.443724923076923
0.3538116923076923
0.20444307692307692
0.021696
-0.15395815384615386
-0.31104553846153843
-0.42348923076923073
-0.4812756923076923
-0.4710535384615384
-0.3838523076923077
-0.23010276923076922
-0.02357353846153846
0.18879692307692306
0.3775938461538461
0.5100646153846153
0.5578375384615384
0.5307175384615385
0.4297476923076923
0.27412061538461535
0.09679753846153846
-0.086784
-0.23656984615384613
-0.3277347692307692
-0.3738387692307692
-0.3636166153846153
-0.29727692307692305
-0.19881046153846152
-0.08135999999999999
0.040262769230769234
0.1570873846153846
0.24908676923076922
0.2906012307692308
0.28017046153846153
0.2357353846153846
0.16772676923076923
0.0828203076923077
-0.0006258461538461538
-0.07906523076923076
-0.14290153846153844
-0.173568
-0.17961784615384613
-0.16626646153846153
-0.130176
-0.09971815384615385
-0.06946892307692307
-0.03588184615384615
-0.004589538461538461
0.02586830769230769
0.03400430769230769
0.035464615384615386
0.032544
0.03901107692307692
0.06967753846153846
0.10764553846153846
0.13664307692307692
0.1435273846153846
0.130176
0.10764553846153846
0.07697907692307693
0.03775938461538462
-0.003963692307692307
-0.059872615384615385
-0.111192
-0.13747753846153846
-0.14081538461538462
-0.10785415384615385
-0.05507446153846154
0.0050067692307692304
0.06842584615384616
0.116616
0.15124615384615384
0.15333230769230768
0.12162276923076921
0.06613107692307692
-0.007510153846153846
-0.07259815384615384
-0.12266584615384615
-0.157296
-0.17231630769230769
-0.16313723076923078
-0.11765907692307691
-0.037342153846153844
0.054240000000000003
0.13810338461538463
0.19442953846153843
0.22447015384615385
0.23010276923076922
0.20527753846153846
0.1691870769230769
0.10347323076923076
0.029832
-0.030040615384615384
-0.07551876923076924
-0.08448923076923077
-0.08177723076923075
-0.06300184615384616
-0.021696
0.026702769230769228
0.09074769230769231
0.14540492307692307
0.18232984615384615
0.19818461538461538
0.17273353846153844
0.14269292307692305
0.10827138461538462
0.07405846153846153
0.04839876923076923
0.009596307692307692
-0.010848
-0.012934153846153845
0.001043076923076923
0.032544
0.05570030769230769
0.06675692307692307
0.06028984615384615
0.043600615384615383
0.02795446153846154
-0.0035464615384615383
-0.042974769230769226
-0.07760492307692309
-0.09408553846153846
-0.07468430769230769
-0.03775938461538462
0.010848
0.06028984615384615
0.10347323076923076
0.14749107692307692
0.17148184615384612
0.15959076923076923
0.11098338461538461
0.023990769230769232
-0.07739630769230768
-0.168144
-0.241368
-0.2791273846153846
-0.27787569230769227
-0.23364923076923078
-0.15103753846153847
-0.04839876923076923
0.06571384615384615
0.16167692307692308
0.21591692307692306
0.22113230769230768
0.18170399999999998
0.11432123076923076
0.01856676923076923
-0.09512861538461538
-0.21612553846153845
-0.3239796923076923
-0.39365723076923076
-0.4163963076923077
-0.38072307692307694
-0.29352184615384613
-0.17732307692307692
-0.02899753846153846
0.13706030769230768
0.28663753846153844
0.4011673846153846
0.45332123076923075
0.4408043076923077
0.38030584615384616
0.2734947692307692
0.13768615384615385
-0.018775384615384614
-0.18107815384615383
-0.3095852307692307
-0.3750904615384615
-0.37008369230769234
-0.3047870769230769
-0.19735015384615384
-0.06633969230769231
0.06821723076923077
0.19442953846153843
0.29602523076923076
0.35235138461538457
0.3571495384615384
0.3049956923076923
0.22342707692307692
0.12412615384615384
0.008344615384615384
-0.09846646153846153
-0.2008966153846154
-0.28163076923076924
-0.3206418461538461
-0.3141747692307692
-0.2659846153846154
-0.20423446153846153
-0.1341396923076923
-0.058829538461538454
0.019609846153846155
0.100344
0.17440246153846153
0.21779446153846155
0.2290596923076923
0.2221753846153846
0.18983999999999998
0.14457046153846154
0.0828203076923077
0.0
-0.08615815384615384
-0.16084246153846155
-0.21925476923076925
-0.2632726153846154
-0.28434276923076923
-0.2912270769230769
-0.26723630769230766
-0.20339999999999997
-0.11828492307692307
-0.016480615384615385
0.07572738461538461
0.14916
0.20110523076923076
0.23052
0.22822523076923076
0.18086953846153844
0.10096984615384616
0.0016689230769230767
-0.10889723076923077
-0.20715507692307691
-0.2751636923076923
-0.31083692307692307
-0.30332676923076923
-0.2632726153846154
-0.17544553846153846
-0.058412307692307694
0.06717415384615384
0.19609846153846153
0.2868461538461538
0.34463261538461537
0.36340799999999995
0.34504984615384615
0.29352184615384613
0.20027076923076922
0.09053907692307692
-0.018983999999999997
-0.11056615384615384
-0.16605784615384614
-0.1948467692307692
-0.19797599999999999
-0.16647507692307692
-0.11306953846153844
-0.041514461538461535
0.03108369230769231
0.08615815384615384
0.1218313846153846
0.14018953846153845
0.14603076923076924
0.1356
0.13309661538461537
0.12662953846153846
0.09784061538461537
0.08302892307692307
0.08052553846153847
0.08949599999999999
0.10055261538461538
0.09533723076923077
0.0892873846153846
0.06425353846153846
0.02482523076923077
-0.006884307692307692
-0.03275261538461539
-0.05236246153846154
-0.06425353846153846
-0.059038153846153844
-0.021904615384615383
0.027745846153846152
0.07238953846153846
0.11557292307692307
0.15270646153846154
0.19213476923076922
0.2127876923076923
0.21216184615384615
0.19192615384615386
0.130176
0.04693846153846153
-0.04902461538461538
-0.14331876923076922
-0.22426153846153846
-0.2807963076923077
-0.3210590769230769
-0.34066892307692304
-0.28768061538461537
-0.18629353846153843
-0.03692492307692308
0.1356
0.3049956923076923
0.4647950769230769
0.5665993846153846
0.6164584615384615
0.5691027692307692
0.4303735384615384
0.268488
0.05236246153846154
-0.17273353846153844
-0.34922215384615385
-0.5056836923076923
-0.5791163076923077
-0.590172923076923
-0.5449033846153846
-0.41034646153846155
-0.24074215384615386
0.013351384615384614
0.2436627692307692
0.41556184615384617
0.5411483076923076
0.5428172307692307
0.5286313846153846
0.4211944615384615
0.24178523076923078
0.05277969230769231
-0.19442953846153843
-0.3548547692307692
-0.46437784615384614
-0.5129852307692307
-0.45311261538461534
-0.37300430769230764
-0.20819815384615384
-0.01397723076923077
0.14582215384615385
0.3035353846153846
0.3698750769230769
0.3882332307692308
0.38531261538461536
0.3198073846153846
0.25242461538461536
0.15124615384615384
0.058412307692307694
-0.004589538461538461
-0.09450276923076922
-0.14999446153846155
-0.1867107692307692
-0.1927606153846154
-0.13476553846153844
-0.08135999999999999
-0.015854769230769228
0.04735569230769231
0.08824430769230769
0.13706030769230768
0.14081538461538462
0.12788123076923075
0.10096984615384616
0.047772923076923074
0.026285538461538457
0.0018775384615384615
-0.012099692307692308
-0.014394461538461538
-0.034630153846153845
-0.03358707692307692
-0.03775938461538462
-0.053614153846153846
-0.053405538461538456
-0.04839876923076923
-0.021070153846153846
0.010848
0.05069353846153846
0.09930092307692308
0.13309661538461537
0.1710646153846154
0.16647507692307692
0.1287156923076923
0.08845292307692308
0.023990769230769232
-0.026911384615384615
-0.07280676923076923
-0.11974523076923077
-0.1316363076923077
-0.12099692307692309
-0.07781353846153846
-0.016897846153846156
0.04380923076923077
0.130176
0.20173107692307693
0.25930892307692305
0.2943563076923077
0.2832996923076923
0.24720923076923076
0.1721076923076923
0.08135999999999999
-0.015854769230769228
-0.11390399999999999
-0.1779489230769231
-0.22300984615384614
-0.24658338461538462
-0.22280123076923075
-0.17023015384615386
-0.07489292307692308
0.04526953846153846
0.15228923076923076
0.2578486153846154
0.3214763076923077
0.3467187692307692
0.3319070769230769
0.26097784615384617
0.16772676923076923
0.04839876923076923
-0.07072061538461538
-0.17461107692307692
-0.2670276923076923
-0.3179298461538461
-0.33545353846153847
-0.3170953846153846
-0.2509643076923077
-0.1637630769230769
-0.054240000000000003
0.04944184615384615
0.12662953846153846
0.19568123076923075
0.23281476923076924
0.24428861538461538
0.21341353846153846
0.13622584615384614
0.05653476923076922
-0.02795446153846154
-0.10660246153846153
-0.1783661538461538
-0.24428861538461538
-0.27558092307692306
-0.2670276923076923
-0.21362215384615382
-0.1287156923076923
-0.04965046153846154
0.031709538461538456
0.10868861538461538
0.17586276923076924
0.23239753846153846
0.25951753846153847
0.26723630769230766
0.2355267692307692
0.17544553846153846
0.10535076923076922
0.02023569230769231
-0.05653476923076922
-0.12913292307692306
-0.18942276923076923
-0.21862892307692305
-0.2209236923076923
-0.18858830769230767
-0.13205353846153844
-0.07802215384615384
-0.02044430769230769
0.04860738461538461
0.12934153846153845
0.1992276923076923
0.23490092307692306
0.23844738461538462
0.20173107692307693
0.14957723076923077
0.09512861538461538
0.028163076923076923
-0.041514461538461535
-0.11953661538461538
-0.1802436923076923
-0.20298276923076922
-0.19985353846153847
-0.17148184615384612
-0.13601723076923075
-0.09554584615384615
-0.0448523076923077
0.014185846153846153
0.08574092307692306
0.14582215384615385
0.18712800000000002
0.20131384615384615
0.19213476923076922
0.17085599999999998
0.12850707692307692
0.07802215384615384
0.008344615384615384
-0.06592246153846154
-0.12725538461538463
-0.16793538461538463
-0.16835261538461538
-0.14665661538461539
-0.11619876923076923
-0.07802215384615384
-0.027745846153846152
0.029623384615384614
0.07197230769230768
0.08699261538461538
0.08177723076923075
0.06800861538461538
0.053614153846153846
0.03942830769230769
0.02044430769230769
-0.01272553846153846
-0.06008123076923077
-0.09241661538461539
-0.10952307692307692
-0.11390399999999999
-0.11098338461538461
-0.1097316923076923
-0.09491999999999999
-0.06154153846153846
-0.013768615384615384
0.03692492307692308
0.07739630769230768
0.10055261538461538
0.11578153846153846
0.12788123076923075
0.12704676923076924
0.10785415384615385
0.06946892307692307
0.01856676923076923
-0.023364923076923075
-0.05298830769230769
-0.06362769230769232
-0.05507446153846154
-0.041514461538461535
-0.012308307692307691
0.02086153846153846
0.055491692307692304
0.084072
0.09137353846153846
0.07906523076923076
0.05027630769230769
0.02753723076923077
0.017940923076923077
0.013142769230769229
0.012934153846153845
0.011891076923076923
0.014185846153846153
0.029414769230769227
0.04214030769230769
0.05403138461538461
0.05570030769230769
0.043392
0.04088861538461538
0.042557538461538466
0.056951999999999996
0.07280676923076923
0.06654830769230768
0.05611753846153846
0.04318338461538461
0.034630153846153845
0.025659692307692307
0.0029206153846153843
-0.011682461538461537
-0.018358153846153843
-0.006049846153846154
0.022530461538461537
0.047981538461538464
0.07072061538461538
0.07551876923076924
0.07531015384615385
0.07614461538461538
0.06049846153846154
0.03150092307692308
-0.021696
-0.08511507692307693
-0.12788123076923075
-0.14477907692307693
-0.13476553846153844
-0.10743692307692307
-0.07259815384615384
-0.028163076923076923
0.015646153846153844
0.06425353846153846
0.11473846153846154
0.13393107692307693
0.12788123076923075
0.1045163076923077
0.07510153846153846
0.04401784615384615
0.008344615384615384
-0.016897846153846156
-0.03421292307692308
-0.032544
-0.0025033846153846152
0.03400430769230769
0.06863446153846153
0.09429415384615383
0.10493353846153847
0.11348676923076922
0.10555938461538462
0.07697907692307693
0.02899753846153846
-0.033169846153846154
-0.09053907692307692
-0.12516923076923075
-0.13455692307692307
-0.124752
-0.09679753846153846
-0.05277969230769231
0.01397723076923077
0.0892873846153846
0.15750461538461538
0.2021483076923077
0.20861538461538462
0.1829556923076923
0.13101046153846155
0.061124307692307686
-0.018358153846153843
-0.10263876923076923
-0.17377661538461536
-0.21925476923076925
-0.22530461538461538
-0.1718990769230769
-0.08949599999999999
0.008761846153846153
0.11265230769230769
0.19714153846153845
0.2588916923076923
0.2782929230769231
0.25367630769230765
0.18483323076923078
0.0828203076923077
-0.024616615384615383
-0.12683815384615382
-0.20924123076923076
-0.265776
-0.2862203076923077
-0.25471938461538457
-0.18149538461538461
-0.08135999999999999
0.02586830769230769
0.11432123076923076
0.17690584615384616
0.21111876923076925
0.21007569230769232
0.1785747692307692
0.12391753846153845
0.05862092307692307
-0.007927384615384614
-0.06571384615384615
-0.09450276923076922
-0.0961716923076923
-0.078648
-0.041514461538461535
0.011265230769230769
0.06800861538461538
0.11995384615384615
0.16042523076923076
0.173568
0.16167692307692308
0.1287156923076923
0.09033046153846153
0.05820369230769231
0.02273907692307692
-0.012308307692307691
-0.03629907692307692
-0.031709538461538456
-0.0008344615384615384
0.043600615384615383
0.08615815384615384
0.10827138461538462
0.11411261538461538
0.10535076923076922
0.08323753846153846
0.04756430769230769
-0.009596307692307692
-0.07927384615384615
-0.12934153846153845
-0.14331876923076922
-0.12600369230769232
-0.09241661538461539
-0.05590892307692308
-0.015437538461538461
0.02545107692307692
0.06028984615384615
0.08490646153846154
0.09304246153846155
0.07343261538461537
0.04401784615384615
0.013351384615384614
-0.008970461538461538
-0.011891076923076923
-0.0029206153846153843
0.025033846153846153
0.05570030769230769
0.09825784615384614
0.1397723076923077
0.15333230769230768
0.14728246153846153
0.10597661538461538
0.04172307692307692
-0.03275261538461539
-0.10430769230769231
-0.14832553846153845
-0.18399876923076922
-0.19526400000000002
-0.16292861538461537
-0.09554584615384615
0.005215384615384615
0.10868861538461538
0.19442953846153843
0.25367630769230765
0.28246523076923075
0.2782929230769231
0.2369870769230769
0.15604430769230768
0.045060923076923075
-0.07259815384615384
-0.18650215384615382
-0.2726603076923077
-0.32606584615384615
-0.33899999999999997
-0.30854215384615385
-0.2422024615384615
-0.12725538461538463
0.006884307692307692
0.14081538461538462
0.25242461538461536
0.31667815384615383
0.33670523076923076
0.30416123076923074
0.23114584615384615
0.13101046153846155
0.014394461538461538
-0.09533723076923077
-0.17732307692307692
-0.21883753846153844
-0.21737723076923077
-0.18316430769230768
-0.13184492307692308
-0.06800861538461538
0.0002086153846153846
0.06279323076923077
0.1097316923076923
0.1178676923076923
0.09241661538461539
0.05403138461538461
0.018358153846153843
0.0012516923076923076
-0.003129230769230769
0.005215384615384615
0.021696
0.049233230769230765
0.0826116923076923
0.10743692307692307
0.12496061538461539
0.11306953846153844
0.07593599999999999
0.026702769230769228
-0.027328615384615382
-0.0826116923076923
-0.12850707692307692
-0.16856123076923077
-0.20027076923076922
-0.19714153846153845
-0.17502830769230768
-0.12788123076923075
-0.09679753846153846
-0.056951999999999996
0.0006258461538461538
0.08511507692307693
0.20047938461538461
0.3442153846153846
0.484404923076923
0.4714707692307692
0.4950443076923077
0.47877230769230766
0.4186910769230769
0.36319938461538465
0.1205796923076923
-0.09387692307692307
-0.35464615384615383
-0.5455292307692308
-0.6343993846153846
-0.7643667692307692
-0.766452923076923
-0.7424621538461539
-0.5551255384615384
-0.23135446153846154
0.11870215384615385
0.5353070769230769
0.8062984615384615
1.007820923076923
1.105452923076923
1.0255532307692308
0.8676313846153846
0.5186178461538461
0.11452984615384615
-0.2734947692307692
-0.696984
-0.9304246153846154
-1.0353581538461538
-1.0201292307692307
-0.8282030769230768
-0.5880867692307692
-0.2238443076923077
0.17398523076923075
0.5471981538461539
0.9039304615384615
1.1042012307692306
1.1628221538461538
1.0923101538461537
0.892248
0.6120775384615385
0.2075723076923077
-0.24679199999999998
-0.66444
-1.0138707692307694
-1.1901507692307691
-1.241470153846154
-1.1544775384615384
-0.9120664615384615
-0.5951796923076923
-0.1942209230769231
0.20402584615384614
0.5215384615384615
0.7912781538461539
0.9421070769230768
0.9888369230769231
0.9504516923076922
0.762072
0.4985907692307692
0.16334584615384617
-0.20298276923076922
-0.5323864615384615
-0.8231963076923076
-1.0134535384615384
-1.0923101538461537
-1.0345236923076921
-0.8638763076923077
-0.6081138461538461
-0.2503384615384615
0.12788123076923075
0.5086043076923077
0.8517766153846155
1.0747864615384615
1.1895249230769231
1.1469673846153845
0.9565015384615385
0.6669433846153846
0.27599815384615384
-0.12329169230769231
-0.500676923076923
-0.8252824615384615
-1.0449544615384614
-1.1511396923076922
-1.0877206153846153
-0.8753501538461538
-0.5486584615384615
-0.1570873846153846
0.2482523076923077
0.6696553846153845
1.0215895384615383
1.2454338461538461
1.323456
1.2108036923076921
0.955667076923077
0.6175015384615384
0.20444307692307692
-0.19985353846153847
-0.5636787692307692
-0.8607470769230768
-1.0069864615384616
-1.0313944615384616
-0.9149870769230769
-0.6679864615384614
-0.35631507692307696
-0.0004172307692307692
0.3294036923076923
0.6064449230769231
0.7933643076923076
0.872220923076923
0.8519852307692307
0.7241040000000001
0.5286313846153846
0.2837169230769231
0.02044430769230769
-0.2157083076923077
-0.4282873846153846
-0.5816196923076923
-0.6517144615384615
-0.6556781538461539
-0.5672252307692307
-0.41681353846153846
-0.2411593846153846
-0.0446436923076923
0.14331876923076922
0.3156350769230769
0.45791076923076923
0.5426086153846154
0.5699372307692308
0.5394793846153846
0.4581193846153846
0.33607938461538456
0.1785747692307692
0.015854769230769228
-0.15479261538461536
-0.30895938461538464
-0.4253667692307692
-0.5182006153846154
-0.5505359999999999
-0.5392707692307692
-0.4798153846153846
-0.3584012307692308
-0.2261390769230769
-0.07238953846153846
0.08636676923076922
0.22551323076923077
0.3508910769230769
0.4193169230769231
0.42015138461538465
0.3671630769230769
0.26160369230769226
0.13664307692307692
0.007510153846153846
-0.12308307692307692
-0.23239753846153846
-0.31208861538461535
-0.33983446153846153
-0.3156350769230769
-0.24720923076923076
-0.13935507692307691
-0.031918153846153846
0.07510153846153846
0.16626646153846153
0.24032492307692307
0.30749907692307693
0.3392086153846154
0.3548547692307692
0.3342018461538461
0.287472
0.24720923076923076
0.19317784615384614
0.13810338461538463
0.06717415384615384
-0.009596307692307692
-0.065088
-0.10889723076923077
-0.12975876923076923
-0.14811692307692306
-0.1846246153846154
-0.21362215384615382
-0.22697353846153845
-0.20986707692307693
-0.17377661538461536
-0.12996738461538462
-0.06613107692307692
-0.0008344615384615384
0.07468430769230769
0.15291507692307693
0.20256553846153844
0.22989415384615383
0.21633415384615384
0.16501476923076921
0.0961716923076923
-0.002086153846153846
-0.10159569230769232
-0.19463815384615382
-0.2737033846153846
-0.3095852307692307
-0.3077076923076923
-0.2497126153846154
-0.1502030769230769
-0.03984553846153846
0.08615815384615384
0.20652923076923077
0.3212676923076923
0.39344861538461534
0.39866399999999996
0.3542289230769231
0.254928
0.138312
0.02357353846153846
-0.086784
-0.17273353846153844
-0.24470584615384613
-0.2828824615384615
-0.2641070769230769
-0.20152246153846154
-0.10722830769230769
-0.016063384615384615
0.059664
0.13121907692307694
0.1858763076923077
0.22196676923076922
0.22801661538461537
0.19547261538461536
0.14540492307692307
0.08198584615384615
0.027328615384615382
-0.011056615384615385
-0.04965046153846154
-0.07489292307692308
-0.08636676923076922
-0.07843938461538462
-0.05298830769230769
-0.026285538461538457
-0.002086153846153846
0.018983999999999997
0.042348923076923076
0.06592246153846154
0.08824430769230769
0.10535076923076922
0.1136953846153846
0.11807630769230769
0.12224861538461537
0.13601723076923075
0.15416676923076922
0.1612596923076923
0.14853415384615384
0.1151556923076923
0.06529661538461538
0.011473846153846154
-0.04214030769230769
-0.09596307692307693
-0.14144123076923076
-0.16835261538461538
-0.1597993846153846
-0.11953661538461538
-0.056326153846153845
0.014603076923076923
0.07384984615384615
0.12621230769230768
0.1693956923076923
0.1842073846153846
0.16271999999999998
0.09679753846153846
-0.004172307692307692
-0.09325107692307691
-0.15959076923076923
-0.20402584615384614
-0.21862892307692305
-0.21842030769230766
-0.1910916923076923
-0.13664307692307692
-0.06341907692307691
0.011891076923076923
0.05757784615384615
0.0826116923076923
0.0826116923076923
0.06571384615384615
0.029414769230769227
-0.026076923076923077
-0.08010830769230769
-0.12662953846153846
-0.14686523076923075
-0.13768615384615385
-0.09825784615384614
-0.048816000000000005
-0.0006258461538461538
0.05528307692307692
0.111192
0.1543753846153846
0.18483323076923078
0.19964492307692308
0.18149538461538461
0.13768615384615385
0.08073415384615384
0.029414769230769227
-0.012934153846153845
-0.04902461538461538
-0.0717636923076923
-0.07593599999999999
-0.050067692307692306
-0.006675692307692307
0.05048492307692308
0.11223507692307692
0.16438892307692307
0.20986707692307693
0.24408
0.26118646153846153
0.2478350769230769
0.19442953846153843
0.119328
0.04318338461538461
-0.03504738461538461
-0.11014892307692307
-0.1733593846153846
-0.21988061538461537
-0.241368
-0.22676492307692306
-0.1779489230769231
-0.11244369230769231
-0.03775938461538462
0.04860738461538461
0.14039815384615384
0.21967199999999998
0.2845513846153846
0.3179298461538461
0.3031181538461538
0.24658338461538462
0.1710646153846154
0.08010830769230769
-0.02524246153846154
-0.12683815384615382
-0.2125790769230769
-0.25972615384615383
-0.2695310769230769
-0.2275993846153846
-0.14060676923076923
-0.02858030769230769
0.10326461538461539
0.22697353846153845
0.3440067692307692
0.43704923076923075
0.47689476923076923
0.45665907692307695
0.387816
0.2828824615384615
0.16313723076923078
0.03921969230769231
-0.08594953846153845
-0.1923433846153846
-0.2701569230769231
-0.30019753846153846
-0.29080984615384614
-0.2426196923076923
-0.16897846153846155
-0.08636676923076922
0.009804923076923077
0.10618523076923077
0.18483323076923078
0.22822523076923076
0.23886461538461537
0.22530461538461538
0.1779489230769231
0.10013538461538461
0.00855323076923077
-0.08845292307692308
-0.18170399999999998
-0.2624381538461539
-0.31125415384615385
-0.3077076923076923
-0.268488
-0.2140393846153846
-0.14916
-0.07218092307692307
0.017732307692307693
0.09596307692307693
0.1449876923076923
0.16459753846153846
0.15270646153846154
0.11140061538461538
0.06028984615384615
0.009596307692307692
-0.037342153846153844
-0.08636676923076922
-0.13038461538461538
-0.14081538461538462
-0.12579507692307693
-0.0974233846153846
-0.07197230769230768
-0.05319692307692307
-0.037967999999999995
-0.026076923076923077
-0.007301538461538462
0.005841230769230769
0.006258461538461538
-0.003963692307692307
-0.013142769230769229
-0.017315076923076923
-0.015854769230769228
-0.02273907692307692
-0.035464615384615386
-0.047772923076923074
-0.06884307692307692
-0.0855323076923077
-0.10535076923076922
-0.12016246153846154
-0.13226215384615383
-0.1395636923076923
-0.1289243076923077
-0.11452984615384615
-0.0936683076923077
-0.08469784615384615
-0.08699261538461538
-0.08323753846153846
-0.07238953846153846
-0.042557538461538466
-0.010848
0.01272553846153846
0.029414769230769227
0.04652123076923077
0.07259815384615384
0.103056
0.12767261538461538
0.13309661538461537
0.12120553846153845
0.10493353846153847
0.09304246153846155
0.08240307692307691
0.06800861538461538
0.05945538461538461
0.05799507692307692
0.06133292307692308
0.07489292307692308
0.09283384615384616
0.11807630769230769
0.143736
0.165432
0.1923433846153846
0.21216184615384615
0.2205064615384615
0.21779446153846155
0.19839323076923077
0.16605784615384614
0.11432123076923076
0.053405538461538456
-0.006049846153846154
-0.05820369230769231
-0.09012184615384615
-0.10117846153846152
-0.09909230769230769
-0.0826116923076923
-0.07906523076923076
-0.09116492307692307
-0.06884307692307692
-0.03901107692307692
0.007301538461538462
0.03713353846153846
0.06425353846153846
0.0936683076923077
0.12704676923076924
0.16188553846153847
0.222384
0.31250584615384613
0.1908830769230769
0.08177723076923075
-0.011682461538461537
-0.14185846153846154
-0.1506203076923077
-0.21320492307692307
-0.3179298461538461
-0.4011673846153846
-0.35318584615384613
-0.18066092307692305
0.029414769230769227
0.18316430769230768
0.2517987692307692
0.32648307692307693
0.4178566153846154
0.5194523076923077
0.5311347692307692
0.35631507692307696
0.08344615384615384
-0.14394461538461537
-0.306456
-0.3713353846153846
-0.3882332307692308
-0.42035999999999996
-0.34984799999999994
-0.2641070769230769
-0.09950953846153845
0.15667015384615385
0.2899753846153846
0.3988726153846154
0.45102646153846154
0.3955347692307692
0.33816553846153846
0.25430215384615384
0.15520984615384617
0.06049846153846154
-0.09825784615384614
-0.22405292307692307
-0.2699483076923077
-0.2574313846153846
-0.19505538461538463
-0.15541846153846153
-0.12704676923076924
-0.11098338461538461
-0.03504738461538461
0.08177723076923075
0.14123261538461537
0.16647507692307692
0.146448
0.12350030769230769
0.15500123076923078
0.14436184615384615
0.11536430769230768
0.07551876923076924
0.0008344615384615384
0.008344615384615384
0.012934153846153845
-0.041514461538461535
-0.09512861538461538
-0.16730953846153845
-0.2225926153846154
-0.21716861538461538
-0.20423446153846153
-0.17315076923076922
-0.08511507692307693
0.0002086153846153846
0.07885661538461539
0.18399876923076922
0.2574313846153846
0.27558092307692306
0.2780843076923077
0.21153599999999997
0.09450276923076922
-0.024408000000000003
-0.15416676923076922
-0.25117292307692307
-0.3277347692307692
-0.36299076923076923
-0.3210590769230769
-0.2559710769230769
-0.16876984615384616
-0.0609156923076923
0.04109723076923077
0.1635544615384615
0.2862203076923077
0.34338092307692303
0.32669169230769235
0.2641070769230769
0.19296923076923078
0.10827138461538462
0.02086153846153846
-0.08177723076923075
-0.19735015384615384
-0.2236356923076923
-0.1940123076923077
-0.12600369230769232
-0.010013538461538461
0.07218092307692307
0.154584
0.22864246153846152
0.2643156923076923
0.2985286153846154
0.28413415384615387
0.2075723076923077
0.1218313846153846
0.04214030769230769
-0.017732307692307693
-0.03609046153846154
-0.01856676923076923
0.012099692307692308
0.054657230769230764
0.11098338461538461
0.14957723076923077
0.1775316923076923
0.1706473846153846
0.12621230769230768
0.08156861538461539
0.012099692307692308
-0.03400430769230769
-0.034630153846153845
-0.03859384615384615
-0.040262769230769234
-0.02899753846153846
-0.006675692307692307
0.04568676923076923
0.09992676923076924
0.12120553846153845
0.10493353846153847
0.044435076923076924
-0.016480615384615385
-0.04693846153846153
-0.056951999999999996
-0.07969107692307692
-0.11223507692307692
-0.12662953846153846
-0.12579507692307693
-0.08845292307692308
-0.0448523076923077
-0.014603076923076923
0.03567323076923076
0.06967753846153846
0.08782707692307692
0.10263876923076923
0.09074769230769231
0.07760492307692309
0.04944184615384615
-0.004798153846153846
-0.05507446153846154
-0.1028473846153846
-0.1314276923076923
-0.12308307692307692
-0.09804923076923076
-0.06821723076923077
-0.03275261538461539
0.00855323076923077
0.04735569230769231
0.06654830769230768
0.056951999999999996
0.0050067692307692304
-0.054240000000000003
-0.10326461538461539
-0.15249784615384615
-0.1712732307692308
-0.15959076923076923
-0.11870215384615385
-0.05507446153846154
0.009179076923076922
0.08010830769230769
0.1435273846153846
0.17023015384615386
0.16209415384615386
0.12391753846153845
0.07072061538461538
0.011891076923076923
-0.03358707692307692
-0.06216738461538462
-0.09137353846153846
-0.10368184615384615
-0.09012184615384615
-0.03150092307692308
0.05716061538461538
0.12788123076923075
0.1858763076923077
0.2209236923076923
0.23010276923076922
0.2355267692307692
0.20861538461538462
0.15354092307692307
0.07906523076923076
-0.020652923076923076
-0.10013538461538461
-0.1531236923076923
-0.18712800000000002
-0.1869193846153846
-0.1775316923076923
-0.14957723076923077
-0.09784061538461537
-0.051319384615384614
-0.0022947692307692304
0.028788923076923077
0.04130584615384615
0.035464615384615386
0.015228923076923076
0.0
-0.03609046153846154
-0.08073415384615384
-0.12662953846153846
-0.1656406153846154
-0.15687876923076924
-0.13393107692307693
-0.09992676923076924
-0.05319692307692307
-0.03275261538461539
-0.004589538461538461
0.013560000000000001
0.02273907692307692
0.03650769230769231
0.0077187692307692304
-0.031709538461538456
-0.05757784615384615
-0.059038153846153844
-0.03233538461538461
-0.0043809230769230765
0.026702769230769228
0.04902461538461538
0.06967753846153846
0.0963803076923077
0.10743692307692307
0.10243015384615384
0.07426707692307692
0.021904615384615383
-0.02023569230769231
-0.05069353846153846
-0.08094276923076923
-0.09471138461538461
-0.0988836923076923
-0.08511507692307693
-0.040262769230769234
0.017732307692307693
0.09179076923076923
0.168144
0.22447015384615385
0.25701415384615384
0.2659846153846154
0.26076923076923075
0.2290596923076923
0.16876984615384616
0.09950953846153845
0.02524246153846154
-0.03942830769230769
-0.07802215384615384
-0.09450276923076922
-0.08761846153846153
-0.05757784615384615
0.0018775384615384615
0.08782707692307692
0.16751815384615384
0.22843384615384613
0.26452430769230767
0.2670276923076923
0.24491446153846153
0.20673784615384616
0.14477907692307693
0.06154153846153846
-0.021696
-0.08594953846153845
-0.12037107692307693
-0.12662953846153846
-0.10597661538461538
-0.0717636923076923
-0.028788923076923077
0.01981846153846154
0.06633969230769231
0.10743692307692307
0.12683815384615382
0.124752
0.10722830769230769
0.07405846153846153
0.04422646153846154
0.01814953846153846
-0.003755076923076923
-0.018983999999999997
-0.03337846153846154
-0.03609046153846154
-0.03859384615384615
-0.041514461538461535
-0.04214030769230769
-0.05528307692307692
-0.07572738461538461
-0.09930092307692308
-0.11098338461538461
-0.1178676923076923
-0.12245723076923076
-0.12537784615384615
-0.1314276923076923
-0.12808984615384614
-0.11828492307692307
-0.10243015384615384
-0.08135999999999999
-0.06487938461538462
-0.04985907692307692
-0.02211323076923077
0.008344615384615384
0.03713353846153846
0.061124307692307686
0.05507446153846154
0.03421292307692308
0.006884307692307692
-0.03108369230769231
-0.06759138461538462
-0.10263876923076923
-0.12204
-0.1178676923076923
-0.0892873846153846
-0.03275261538461539
0.0448523076923077
0.12308307692307692
0.1913003076923077
0.24095076923076922
0.25555384615384613
0.238656
0.1908830769230769
0.12433476923076923
0.04109723076923077
-0.04839876923076923
-0.13434830769230768
-0.2059033846153846
-0.24345415384615382
-0.2503384615384615
-0.21675138461538462
-0.1614683076923077
-0.08094276923076923
0.022530461538461537
0.11995384615384615
0.21049292307692305
0.2716172307692308
0.29080984615384614
0.26640184615384616
0.19609846153846153
0.09512861538461538
-0.016480615384615385
-0.11578153846153846
-0.19630707692307692
-0.2601433846153846
-0.2860116923076923
-0.2659846153846154
-0.20423446153846153
-0.10555938461538462
0.012308307692307691
0.14081538461538462
0.2588916923076923
0.3387913846153846
0.3884418461538462
0.3924055384615385
0.3454670769230769
0.2768326153846154
0.18170399999999998
0.086784
0.0012516923076923076
-0.08574092307692306
-0.13893784615384613
-0.1696043076923077
-0.1760713846153846
-0.14311015384615386
-0.09700615384615385
-0.03504738461538461
0.028788923076923077
0.09199938461538461
0.14853415384615384
0.18232984615384615
0.20861538461538462
0.20694646153846152
0.19463815384615382
0.17961784615384613
0.16167692307692308
0.14874276923076923
0.11557292307692307
0.08115138461538463
0.040054153846153843
-0.004798153846153846
-0.03692492307692308
-0.07072061538461538
-0.09450276923076922
-0.10389046153846154
-0.08448923076923077
-0.03337846153846154
0.03650769230769231
0.12642092307692307
0.2125790769230769
0.2837169230769231
0.3344104615384615
0.3448412307692308
0.32669169230769235
0.27453784615384613
0.18358153846153846
0.0717636923076923
-0.052153846153846155
-0.16313723076923078
-0.25284184615384614
-0.3079163076923077
-0.3133403076923077
-0.2845513846153846
-0.2194633846153846
-0.12433476923076923
-0.012308307692307691
0.09471138461538461
0.1693956923076923
0.2154996923076923
0.2225926153846154
0.18316430769230768
0.10368184615384615
-0.0012516923076923076
-0.10117846153846152
-0.1869193846153846
-0.25200738461538463
-0.28121353846153846
-0.2751636923076923
-0.23135446153846154
-0.15667015384615385
-0.06049846153846154
0.044435076923076924
0.13747753846153846
0.206112
0.23969907692307693
0.24011630769230768
0.19588984615384614
0.12204
0.03692492307692308
-0.059872615384615385
-0.12934153846153845
-0.17481969230769231
-0.2008966153846154
-0.19547261538461536
-0.17502830769230768
-0.132888
-0.08156861538461539
-0.021070153846153846
0.04693846153846153
0.09679753846153846
0.11160923076923077
0.0853236923076923
0.05507446153846154
0.017315076923076923
-0.03233538461538461
-0.09262523076923077
-0.16459753846153846
-0.23281476923076924
-0.27140861538461536
-0.21737723076923077
-0.11056615384615384
0.03504738461538461
0.21111876923076925
0.36570276923076916
0.5190350769230769
0.6206307692307692
0.6594332307692308
0.604776
0.45040061538461534
0.2632726153846154
0.05674338461538461
-0.14749107692307692
-0.35297723076923077
-0.49546153846153845
-0.5801593846153845
-0.5851661538461538
-0.48044123076923073
-0.317304
-0.09930092307692308
0.10576799999999999
0.2851772307692308
0.4026276923076923
0.42599261538461536
0.36445107692307693
0.22572184615384616
0.0609156923076923
-0.132888
-0.29915446153846154
-0.4026276923076923
-0.4551987692307692
-0.40700861538461536
-0.2997803076923077
-0.1543753846153846
0.009804923076923077
0.1341396923076923
0.23490092307692306
0.25951753846153847
0.20965846153846154
0.14874276923076923
0.07969107692307692
0.05236246153846154
0.05716061538461538
0.06675692307692307
0.09387692307692307
0.11432123076923076
0.13601723076923075
0.13622584615384614
0.08949599999999999
0.010639384615384617
-0.09304246153846155
-0.16584923076923075
-0.22300984615384614
-0.28476
-0.3170953846153846
-0.3481790769230769
-0.33566215384615383
-0.2624381538461539
-0.173568
-0.043600615384615383
0.09074769230769231
0.21716861538461538
0.34358953846153845
0.4078430769230769
0.404088
0.3239796923076923
0.17440246153846153
-0.008136
-0.19547261538461536
-0.3387913846153846
-0.4188996923076923
-0.42328061538461537
-0.35235138461538457
-0.22008923076923076
-0.02899753846153846
0.17690584615384616
0.3642424615384615
0.5071439999999999
0.5540824615384615
0.5229987692307692
0.4466455384615384
0.3252313846153846
0.18337292307692307
0.02232184615384615
-0.13768615384615385
-0.2438713846153846
-0.30019753846153846
-0.3102110769230769
-0.2782929230769231
-0.22405292307692307
-0.13643446153846153
-0.02315630769230769
0.09304246153846155
0.17461107692307692
0.21508246153846153
0.22113230769230768
0.18066092307692305
0.12767261538461538
0.06946892307692307
0.01043076923076923
-0.026494153846153844
-0.05757784615384615
-0.06592246153846154
-0.028371692307692306
0.01940123076923077
0.07551876923076924
0.11411261538461538
0.0974233846153846
0.05736923076923077
0.0014603076923076922
-0.05507446153846154
-0.0988836923076923
-0.1422756923076923
-0.16459753846153846
-0.14394461538461537
-0.0853236923076923
-0.004798153846153846
0.07885661538461539
0.14102399999999998
0.17565415384615385
0.19296923076923078
0.1923433846153846
0.15875630769230767
0.09053907692307692
-0.013768615384615384
-0.12245723076923076
-0.20944984615384615
-0.28163076923076924
-0.31083692307692307
-0.3137575384615385
-0.287472
-0.21132738461538458
-0.0961716923076923
0.05048492307692308
0.18921415384615384
0.30937661538461536
0.39678646153846153
0.4408043076923077
0.4416387692307692
0.3740473846153846
0.25847446153846154
0.11703323076923078
-0.04401784615384615
-0.16209415384615386
-0.23364923076923078
-0.2632726153846154
-0.22843384615384613
-0.16730953846153845
-0.06926030769230769
0.05507446153846154
0.1652233846153846
0.26139507692307695
0.31208861538461535
0.30937661538461536
0.27620676923076926
0.22300984615384614
0.16292861538461537
0.09825784615384614
0.016897846153846156
-0.062376
-0.11891076923076922
-0.14290153846153844
-0.1353913846153846
-0.12391753846153845
-0.11348676923076922
-0.09992676923076924
-0.07593599999999999
-0.044435076923076924
-0.01814953846153846
0.013351384615384614
0.03129230769230769
0.037967999999999995
0.05528307692307692
0.06946892307692307
0.08490646153846154
0.09137353846153846
0.0961716923076923
0.12642092307692307
0.16271999999999998
0.20027076923076922
0.2303113846153846
0.22467876923076924
0.18525046153846153
0.11494707692307692
0.03713353846153846
-0.03880246153846154
-0.1136953846153846
-0.1706473846153846
-0.20965846153846154
-0.19296923076923078
-0.13372246153846154
-0.04631261538461538
0.06487938461538462
0.1570873846153846
0.23677846153846152
0.2822566153846154
0.2853858461538461
0.25138153846153843
0.165432
0.05528307692307692
-0.056951999999999996
-0.15604430769230768
-0.22154953846153846
-0.2626467692307692
-0.2753723076923077
-0.24512307692307692
-0.18253846153846154
-0.09679753846153846
-0.0025033846153846152
0.09387692307692307
0.17273353846153844
0.21508246153846153
0.2355267692307692
0.21737723076923077
0.17148184615384612
0.10535076923076922
0.015646153846153844
-0.06028984615384615
-0.11578153846153846
-0.14269292307692305
-0.14206707692307693
-0.12934153846153845
-0.09679753846153846
-0.04631261538461538
0.008136
0.05277969230769231
0.06884307692307692
0.054657230769230764
0.027745846153846152
-0.006675692307692307
-0.03066646153846154
-0.042348923076923076
-0.03859384615384615
-0.0008344615384615384
0.05319692307692307
0.11286092307692308
0.16105107692307694
0.18879692307692306
0.1992276923076923
0.16710092307692306
0.11286092307692308
0.045895384615384616
-0.03421292307692308
-0.11140061538461538
-0.1802436923076923
-0.20486030769230767
-0.1942209230769231
-0.1504116923076923
-0.07113784615384615
0.016063384615384615
0.10243015384615384
0.1656406153846154
0.2075723076923077
0.2275993846153846
0.2021483076923077
0.130176
0.029206153846153847
-0.07823076923076923
-0.1656406153846154
-0.23907323076923076
-0.2953993846153846
-0.30583015384615386
-0.2822566153846154
-0.2125790769230769
-0.11432123076923076
-0.015646153846153844
0.0744756923076923
0.1341396923076923
0.17273353846153844
0.1883796923076923
0.1792006153846154
0.1435273846153846
0.08302892307692307
0.014185846153846153
-0.037967999999999995
-0.07030338461538461
-0.08031692307692308
-0.06738276923076922
-0.04088861538461538
-0.0012516923076923076
0.035464615384615386
0.07468430769230769
0.11557292307692307
0.13184492307692308
0.12558646153846154
0.10430769230769231
0.08010830769230769
0.06341907692307691
0.03588184615384615
0.0025033846153846152
-0.030875076923076922
-0.06383630769230769
-0.09053907692307692
-0.10347323076923076
-0.1028473846153846
-0.10743692307692307
-0.10639384615384614
-0.10368184615384615
-0.09971815384615385
-0.09658892307692307
-0.11327815384615383
-0.13205353846153844
-0.14832553846153845
-0.15124615384615384
-0.14436184615384615
-0.13706030769230768
-0.11995384615384615
-0.10013538461538461
-0.06717415384615384
-0.026911384615384615
0.015020307692307692
0.052571076923076915
0.0717636923076923
0.08031692307692308
0.07635323076923077
0.06946892307692307
0.06633969230769231
0.05653476923076922
0.046104
0.03400430769230769
0.026494153846153844
0.03275261538461539
0.0446436923076923
0.05799507692307692
0.06425353846153846
0.06946892307692307
0.07802215384615384
0.0897046153846154
0.09575446153846154
0.08365476923076923
0.06967753846153846
0.05799507692307692
0.05444861538461539
0.06216738461538462
0.058829538461538454
0.045895384615384616
0.029623384615384614
0.015854769230769228
0.01940123076923077
0.02858030769230769
0.03713353846153846
0.042557538461538466
0.04672984615384615
0.06341907692307691
0.07510153846153846
0.07635323076923077
0.06529661538461538
0.0448523076923077
0.02858030769230769
0.01272553846153846
0.007927384615384614
0.009387692307692307
0.006675692307692307
0.0077187692307692304
0.01668923076923077
0.026076923076923077
0.02586830769230769
0.008136
-0.02858030769230769
-0.07551876923076924
-0.12329169230769231
-0.15374953846153847
-0.1639716923076923
-0.15208061538461537
-0.11160923076923077
-0.055491692307692304
0.019609846153846155
0.10868861538461538
0.1867107692307692
0.24428861538461538
0.260352
0.2399076923076923
0.19526400000000002
0.12162276923076921
0.03275261538461539
-0.07009476923076922
-0.1639716923076923
-0.22634769230769228
-0.25534523076923077
-0.22175815384615383
-0.14811692307692306
-0.061750153846153844
0.047772923076923074
0.15646153846153846
0.2582658461538461
0.33315876923076926
0.3542289230769231
0.32836061538461536
0.23969907692307693
0.11223507692307692
-0.029623384615384614
-0.1829556923076923
-0.3127144615384615
-0.41326707692307696
-0.4606227692307692
-0.44038707692307694
-0.3584012307692308
-0.21904615384615383
-0.06759138461538462
0.08156861538461539
0.20673784615384616
0.2985286153846154
0.35860984615384617
0.3548547692307692
0.29498215384615384
0.19964492307692308
0.08574092307692306
-0.018983999999999997
-0.10597661538461538
-0.1800350769230769
-0.22405292307692307
-0.23072861538461537
-0.19797599999999999
-0.132888
-0.04944184615384615
0.04756430769230769
0.12308307692307692
0.1842073846153846
0.23218892307692307
0.2557624615384615
0.2563883076923077
0.22467876923076924
0.18170399999999998
0.12579507692307693
0.07384984615384615
0.034630153846153845
-0.008344615384615384
-0.03859384615384615
-0.059664
-0.06550523076923077
-0.05090215384615384
-0.03880246153846154
-0.03108369230769231
-0.019192615384615384
-0.006467076923076923
0.01272553846153846
0.04109723076923077
0.07551876923076924
0.11202646153846153
0.13372246153846154
0.14039815384615384
0.13455692307692307
0.11098338461538461
0.06654830769230768
0.003755076923076923
-0.06926030769230769
-0.14102399999999998
-0.18545907692307692
-0.20110523076923076
-0.17982646153846152
-0.13080184615384613
-0.06049846153846154
0.026702769230769228
0.12224861538461537
0.20778092307692309
0.25242461538461536
0.2720344615384615
0.2261390769230769
0.16209415384615386
0.09325107692307691
0.018358153846153843
-0.04547815384615384
-0.13706030769230768
-0.20652923076923077
-0.23510953846153848
-0.214248
-0.11432123076923076
0.103056
0.15145476923076923
0.14519630769230768
0.21883753846153844
0.17252492307692308
0.28809784615384615
0.22488738461538463
-0.017315076923076923
-0.19693292307692306
-0.4076344615384615
-0.33649661538461534
-0.28350830769230767
-0.2357353846153846
-0.18232984615384615
-0.154584
0.1353913846153846
0.3611132307692308
0.5849575384615384
0.6387803076923076
0.4645864615384615
0.3980381538461538
0.21341353846153846
0.0880356923076923
-0.04109723076923077
-0.31626092307692305
-0.3988726153846154
-0.5144455384615384
-0.5273796923076923
-0.3285692307692308
-0.23072861538461537
0.004798153846153846
0.1923433846153846
0.26619323076923074
0.4228633846153846
0.45332123076923075
0.5077698461538461
0.49963384615384615
0.32836061538461536
0.17481969230769231
-0.023782153846153845
-0.11181784615384616
-0.14290153846153844
-0.24074215384615386
-0.2699483076923077
-0.3004061538461538
-0.2056947692307692
-0.011265230769230769
0.09304246153846155
0.214248
0.25972615384615383
0.28204799999999997
0.3713353846153846
0.3369138461538461
0.2818393846153846
0.2021483076923077
0.05403138461538461
0.008761846153846153
-0.046104
-0.10597661538461538
-0.12955015384615384
-0.18712800000000002
-0.19150892307692308
-0.1733593846153846
-0.14832553846153845
-0.10994030769230768
-0.053614153846153846
0.023364923076923075
0.03880246153846154
0.07697907692307693
0.12579507692307693
0.1368516923076923
0.1846246153846154
0.1612596923076923
0.10409907692307692
0.0717636923076923
-0.002712
-0.03713353846153846
-0.10389046153846154
-0.18379015384615385
-0.19755876923076923
-0.22467876923076924
-0.20486030769230767
-0.1721076923076923
-0.14164984615384615
-0.04672984615384615
0.05757784615384615
0.15187199999999998
0.1992276923076923
0.2194633846153846
0.2647329230769231
0.25159015384615385
0.19025723076923076
0.07426707692307692
-0.09825784615384614
-0.19735015384615384
-0.2845513846153846
-0.35965292307692304
-0.3652855384615385
-0.3817661538461538
-0.3235624615384615
-0.20944984615384615
-0.11870215384615385
0.0077187692307692304
0.10618523076923077
0.17002153846153847
0.21737723076923077
0.206112
0.16334584615384617
0.08115138461538463
0.0014603076923076922
-0.06049846153846154
-0.12308307692307692
-0.154584
-0.20986707692307693
-0.22008923076923076
-0.173568
-0.12204
-0.011891076923076923
0.06967753846153846
0.14331876923076922
0.24428861538461538
0.29748553846153847
0.33023815384615385
0.30979384615384614
0.23135446153846154
0.17628
0.119328
0.05444861538461539
0.003755076923076923
-0.06321046153846153
-0.100344
-0.10472492307692308
-0.08177723076923075
-0.024408000000000003
0.01856676923076923
0.06300184615384616
0.07197230769230768
0.05653476923076922
0.05862092307692307
0.043392
0.054657230769230764
0.04860738461538461
0.0025033846153846152
-0.015228923076923076
-0.03671630769230769
-0.02315630769230769
0.005424
-0.03755076923076923
-0.08636676923076922
-0.12621230769230768
-0.14206707692307693
-0.10618523076923077
-0.08240307692307691
-0.07072061538461538
-0.05611753846153846
-0.026494153846153844
0.03421292307692308
0.09012184615384615
0.12642092307692307
0.11432123076923076
0.06300184615384616
0.018983999999999997
-0.02899753846153846
-0.06070707692307692
-0.09784061538461537
-0.1435273846153846
-0.16105107692307694
-0.184416
-0.17231630769230769
-0.1205796923076923
-0.07489292307692308
-0.03129230769230769
-0.0002086153846153846
0.05590892307692308
0.1397723076923077
0.21049292307692305
0.24074215384615386
0.21341353846153846
0.15875630769230767
0.10576799999999999
0.06216738461538462
0.026285538461538457
-0.034630153846153845
-0.10347323076923076
-0.1435273846153846
-0.14603076923076924
-0.09137353846153846
-0.035464615384615386
0.010222153846153844
0.07092923076923077
0.12016246153846154
0.1860849230769231
0.2355267692307692
0.22676492307692306
0.19588984615384614
0.14144123076923076
0.078648
0.02023569230769231
-0.04860738461538461
-0.1178676923076923
-0.19296923076923078
-0.2582658461538461
-0.28350830769230767
-0.2680707692307692
-0.21299630769230768
-0.14477907692307693
-0.07927384615384615
0.003755076923076923
0.08094276923076923
0.15792184615384616
0.23010276923076922
0.2638984615384615
0.27182584615384614
0.2290596923076923
0.16772676923076923
0.1136953846153846
0.035464615384615386
-0.03150092307692308
-0.10159569230769232
-0.16042523076923076
-0.16292861538461537
-0.14394461538461537
-0.09325107692307691
-0.03045784615384615
0.023782153846153845
0.09116492307692307
0.14164984615384615
0.18900553846153845
0.2125790769230769
0.19380369230769232
0.16209415384615386
0.09930092307692308
0.03859384615384615
-0.016272
-0.07885661538461539
-0.12558646153846154
-0.1712732307692308
-0.20548615384615385
-0.22467876923076924
-0.23969907692307693
-0.23803015384615384
-0.21925476923076925
-0.1800350769230769
-0.13101046153846155
-0.07927384615384615
-0.013560000000000001
0.05674338461538461
0.12516923076923075
0.1869193846153846
0.23364923076923078
0.25534523076923077
0.23823876923076923
0.18942276923076923
0.12037107692307693
0.03483876923076923
-0.044435076923076924
-0.10952307692307692
-0.15792184615384616
-0.17169046153846151
-0.14936861538461538
-0.08782707692307692
0.003755076923076923
0.10597661538461538
0.20423446153846153
0.29101846153846156
0.35965292307692304
0.3949089230769231
0.3938658461538461
0.35005661538461535
0.2712
0.17565415384615385
0.06905169230769231
-0.04214030769230769
-0.14790830769230767
-0.2330233846153846
-0.2851772307692308
-0.27975323076923075
-0.22697353846153845
-0.15145476923076923
-0.05382276923076923
0.04652123076923077
0.1489513846153846
0.23677846153846152
0.2849686153846154
0.29414769230769233
0.24992123076923078
0.16751815384615384
0.08010830769230769
-0.013142769230769229
-0.10159569230769232
-0.17648861538461538
-0.22551323076923077
-0.23177169230769232
-0.20339999999999997
-0.1462393846153846
-0.07218092307692307
0.0043809230769230765
0.06863446153846153
0.11703323076923078
0.15500123076923078
0.16647507692307692
0.1476996923076923
0.100344
0.03650769230769231
-0.012099692307692308
-0.040679999999999994
-0.05069353846153846
-0.04756430769230769
-0.03755076923076923
-0.019609846153846155
0.008136
0.051319384615384614
0.0936683076923077
0.11911938461538461
0.12621230769230768
0.11724184615384614
0.11494707692307692
0.11202646153846153
0.09909230769230769
0.07885661538461539
0.050067692307692306
0.031709538461538456
0.03921969230769231
0.05778646153846154
0.07572738461538461
0.092208
0.0974233846153846
0.11244369230769231
0.124752
0.12245723076923076
0.11140061538461538
0.07155507692307693
0.025659692307692307
-0.013768615384615384
-0.04902461538461538
-0.07551876923076924
-0.09554584615384615
-0.10368184615384615
-0.1045163076923077
-0.09491999999999999
-0.08115138461538463
-0.06195876923076923
-0.03755076923076923
-0.011056615384615385
0.017732307692307693
0.03942830769230769
0.05319692307692307
0.06154153846153846
0.06467076923076923
0.051528
0.051528
0.06216738461538462
0.06821723076923077
0.08344615384615384
0.07781353846153846
0.06133292307692308
0.042557538461538466
0.017315076923076923
0.0006258461538461538
-0.02023569230769231
-0.045895384615384616
-0.06446215384615385
-0.07092923076923077
-0.05403138461538461
-0.02545107692307692
0.002086153846153846
0.03671630769230769
0.07092923076923077
0.10889723076923077
0.13789476923076924
0.12934153846153845
0.0892873846153846
0.018983999999999997
-0.06133292307692308
-0.1341396923076923
-0.19797599999999999
-0.23531815384615382
-0.252216
-0.2411593846153846
-0.1927606153846154
-0.11578153846153846
-0.024408000000000003
0.06738276923076922
0.14311015384615386
0.19046584615384615
0.21028430769230766
0.20527753846153846
0.1760713846153846
0.11911938461538461
0.04756430769230769
-0.01981846153846154
-0.06821723076923077
-0.09095630769230768
-0.0897046153846154
-0.06967753846153846
-0.027745846153846152
0.03588184615384615
0.11348676923076922
0.184416
0.22321846153846153
0.22864246153846152
0.19317784615384614
0.13184492307692308
0.05945538461538461
-0.02753723076923077
-0.11348676923076922
-0.1881710769230769
-0.22780799999999998
-0.21862892307692305
-0.1785747692307692
-0.11703323076923078
-0.040054153846153843
0.03337846153846154
0.09804923076923076
0.1531236923076923
0.17440246153846153
0.1543753846153846
0.09158215384615384
0.006258461538461538
-0.07635323076923077
-0.14853415384615384
-0.19004861538461537
-0.19463815384615382
-0.15625292307692307
-0.08428061538461538
0.013560000000000001
0.12433476923076923
0.21299630769230768
0.268488
0.28100492307692304
0.25659692307692306
0.21320492307692307
0.15103753846153847
0.07134646153846153
-0.012934153846153845
-0.092208
-0.14916
-0.16501476923076921
-0.14832553846153845
-0.11599015384615384
-0.07739630769230768
-0.03567323076923076
0.015228923076923076
0.06487938461538462
0.1151556923076923
0.14665661538461539
0.15374953846153847
0.13664307692307692
0.08761846153846153
0.01981846153846154
-0.07843938461538462
-0.1779489230769231
-0.2862203076923077
-0.3594443076923077
-0.3813489230769231
-0.33587076923076925
-0.22780799999999998
-0.037342153846153844
0.20360861538461536
0.3068732307692308
0.44748
0.5432344615384616
0.5526221538461538
0.5424
0.3327415384615385
0.10368184615384615
-0.16584923076923075
-0.37300430769230764
-0.46896738461538456
-0.5933021538461538
-0.601020923076923
-0.5718147692307692
-0.41013784615384613
-0.14665661538461539
0.09429415384615383
0.3848953846153846
0.5357243076923077
0.6289753846153846
0.6838412307692308
0.5910073846153846
0.47960676923076917
0.23907323076923076
-0.030040615384615384
-0.23093723076923076
-0.48857723076923076
-0.5910073846153846
-0.5914246153846153
-0.547824
-0.37300430769230764
-0.23156307692307693
-0.061750153846153844
0.09575446153846154
0.20256553846153844
0.34630153846153844
0.40033292307692303
0.39511753846153846
0.35235138461538457
0.2699483076923077
0.21195323076923075
0.08949599999999999
-0.05319692307692307
-0.19797599999999999
-0.3575667692307692
-0.42307199999999995
-0.4656295384615385
-0.47063630769230763
-0.40283630769230766
-0.3304467692307692
-0.20840676923076923
-0.0771876923076923
0.03066646153846154
0.1710646153846154
0.28350830769230767
0.3746732307692308
0.46145723076923073
0.4743913846153846
0.4516523076923077
0.3648683076923077
0.22113230769230768
0.04214030769230769
-0.184416
-0.37884553846153846
-0.5200781538461539
-0.5530393846153846
-0.5071439999999999
-0.4078430769230769
-0.19067446153846154
0.06800861538461538
0.34338092307692303
0.615624
0.7804301538461538
0.8403027692307693
0.7747975384615384
0.6031070769230769
0.4022104615384615
0.12642092307692307
-0.1489513846153846
-0.3896935384615384
-0.5983089230769231
-0.7026166153846154
-0.7197230769230769
-0.6197963076923076
-0.44643692307692306
-0.25284184615384614
-0.029414769230769227
0.1829556923076923
0.3949089230769231
0.561384
0.6072793846153846
0.5653476923076923
0.42599261538461536
0.2292683076923077
0.04839876923076923
-0.16084246153846155
-0.33983446153846153
-0.4652123076923077
-0.5390621538461537
-0.48649107692307686
-0.38426953846153844
-0.23615261538461538
-0.058412307692307694
0.08866153846153846
0.23823876923076923
0.3456756923076923
0.417648
0.4282873846153846
0.3717526153846154
0.31396615384615384
0.23782153846153845
0.17461107692307692
0.11807630769230769
0.045895384615384616
0.0014603076923076922
-0.0446436923076923
-0.06800861538461538
-0.06404492307692307
-0.08657538461538461
-0.09053907692307692
-0.08761846153846153
-0.07051199999999999
-0.021696
0.023364923076923075
0.09074769230769231
0.16689230769230767
0.22843384615384613
0.27620676923076926
0.29414769230769233
0.28768061538461537
0.2517987692307692
0.17565415384615385
0.086784
-0.02524246153846154
-0.14018953846153845
-0.24095076923076922
-0.33357600000000004
-0.3782196923076923
-0.39219692307692305
-0.33712246153846154
-0.21716861538461538
-0.09512861538461538
0.03880246153846154
0.17169046153846151
0.3031181538461538
0.41910830769230767
0.4746
0.4593710769230769
0.39115384615384613
0.279336
0.14123261538461537
-0.004798153846153846
-0.14311015384615386
-0.26535876923076923
-0.35193415384615384
-0.3646596923076923
-0.3214763076923077
-0.22676492307692306
-0.10868861538461538
-0.0043809230769230765
0.10535076923076922
0.19609846153846153
0.26786215384615386
0.3031181538461538
0.26911384615384615
0.1992276923076923
0.0936683076923077
-0.018775384615384614
-0.09784061538461537
-0.16418030769230768
-0.22488738461538463
-0.27412061538461535
-0.2807963076923077
-0.23844738461538462
-0.18149538461538461
-0.11599015384615384
-0.05653476923076922
-0.01940123076923077
0.0025033846153846152
0.016063384615384615
0.04380923076923077
0.05590892307692308
0.02545107692307692
-0.002712
-0.016063384615384615
-0.008136
0.013768615384615384
0.016480615384615385
0.013768615384615384
0.012308307692307691
-0.0002086153846153846
-0.006258461538461538
-0.02086153846153846
-0.041514461538461535
-0.06195876923076923
-0.08135999999999999
-0.06446215384615385
-0.02482523076923077
0.029623384615384614
0.08949599999999999
0.14582215384615385
0.20778092307692309
0.27140861538461536
0.32043323076923075
0.33816553846153846
0.3127144615384615
0.2497126153846154
0.1693956923076923
0.08740984615384616
0.015854769230769228
-0.05757784615384615
-0.12016246153846154
-0.157296
-0.15750461538461538
-0.10931446153846153
-0.02524246153846154
0.07364123076923076
0.16042523076923076
0.23010276923076922
0.27704123076923076
0.29080984615384614
0.2591003076923077
0.18379015384615385
0.08240307692307691
-0.02315630769230769
-0.11056615384615384
-0.17148184615384612
-0.2056947692307692
-0.20944984615384615
-0.17502830769230768
-0.10910584615384614
-0.021487384615384613
0.07760492307692309
0.15896492307692306
0.20152246153846154
0.21132738461538458
0.19213476923076922
0.15667015384615385
0.11098338461538461
0.05778646153846154
0.013351384615384614
-0.006049846153846154
-0.0022947692307692304
0.016272
0.05069353846153846
0.07969107692307692
0.10201292307692307
0.11286092307692308
0.10430769230769231
0.07927384615384615
0.02211323076923077
-0.0448523076923077
-0.10931446153846153
-0.15687876923076924
-0.1712732307692308
-0.1691870769230769
-0.14749107692307692
-0.11140061538461538
-0.05924676923076923
0.007927384615384614
0.07134646153846153
0.12162276923076921
0.1395636923076923
0.12391753846153845
0.08240307692307691
0.016063384615384615
-0.05382276923076923
-0.11536430769230768
-0.16730953846153845
-0.1846246153846154
-0.1718990769230769
-0.12725538461538463
-0.05653476923076922
0.011891076923076923
0.08490646153846154
0.14436184615384615
0.18483323076923078
0.2073636923076923
0.19651569230769228
0.16209415384615386
0.10013538461538461
0.029414769230769227
-0.023990769230769232
-0.06946892307692307
-0.10138707692307691
-0.12370892307692308
-0.13893784615384613
-0.12412615384615384
-0.10263876923076923
-0.0826116923076923
-0.055491692307692304
-0.04693846153846153
-0.04276615384615385
-0.04631261538461538
-0.04902461538461538
-0.044435076923076924
-0.058829538461538454
-0.07468430769230769
-0.08198584615384615
-0.06988615384615385
-0.03921969230769231
-0.012099692307692308
0.004589538461538461
0.00855323076923077
0.008970461538461538
0.0022947692307692304
-0.02086153846153846
-0.05069353846153846
-0.09012184615384615
-0.12496061538461539
-0.13872923076923074
-0.138312
-0.11202646153846153
-0.07280676923076923
-0.016480615384615385
0.06362769230769232
0.14978584615384616
0.2330233846153846
0.2897667692307692
0.31062830769230765
0.29581661538461534
0.2492953846153846
0.18253846153846154
0.10326461538461539
0.018775384615384614
-0.07364123076923076
-0.1585476923076923
-0.21779446153846155
-0.23531815384615382
-0.20152246153846154
-0.13810338461538463
-0.047772923076923074
0.05924676923076923
0.17461107692307692
0.2899753846153846
0.3815575384615385
0.4320424615384615
0.4211944615384615
0.36611999999999995
0.27871015384615383
0.1635544615384615
0.03713353846153846
-0.09095630769230768
-0.20360861538461536
-0.28663753846153844
-0.3319070769230769
-0.3285692307692308
-0.276624
-0.19797599999999999
-0.0936683076923077
0.02545107692307692
0.13455692307692307
0.22593046153846155
0.28204799999999997
0.3012406153846154
0.28267384615384616
0.2209236923076923
0.13330523076923076
0.023990769230769232
-0.08511507692307693
-0.1800350769230769
-0.260352
-0.2989458461538462
-0.29456492307692306
-0.2586830769230769
-0.19860184615384616
-0.13184492307692308
-0.05444861538461539
0.03108369230769231
0.10889723076923077
0.17481969230769231
0.21487384615384614
0.2292683076923077
0.2138307692307692
0.17148184615384612
0.11265230769230769
0.029414769230769227
-0.05799507692307692
-0.12788123076923075
-0.18253846153846154
-0.2073636923076923
-0.2056947692307692
-0.19150892307692308
-0.15416676923076922
-0.09992676923076924
-0.03296123076923077
0.028371692307692306
0.07009476923076922
0.0961716923076923
0.10138707692307691
0.09095630769230768
0.06404492307692307
0.020652923076923076
-0.03650769230769231
-0.10806276923076923
-0.17169046153846151
-0.2290596923076923
-0.26786215384615386
-0.279336
-0.2757895384615385
-0.235944
-0.1639716923076923
-0.06759138461538462
0.03483876923076923
0.12621230769230768
0.2056947692307692
0.2557624615384615
0.2737033846153846
0.2697396923076923
0.23448369230769228
0.17231630769230769
0.0897046153846154
0.0043809230769230765
-0.0448523076923077
-0.07197230769230768
-0.07072061538461538
-0.042557538461538466
-0.003963692307692307
0.05945538461538461
0.1136953846153846
0.15500123076923078
0.17565415384615385
0.16000799999999998
0.13664307692307692
0.09784061538461537
0.051528
0.0070929230769230765
-0.03963692307692308
-0.07405846153846153
-0.08574092307692306
-0.07113784615384615
-0.04318338461538461
-0.015646153846153844
0.01043076923076923
0.03212676923076923
0.03901107692307692
0.03859384615384615
0.02524246153846154
-0.0016689230769230767
-0.04088861538461538
-0.09095630769230768
-0.12516923076923075
-0.143736
-0.1543753846153846
-0.16042523076923076
-0.16021661538461537
-0.1691870769230769
-0.17377661538461536
-0.10806276923076923
-0.01043076923076923
0.111192
0.24574892307692306
0.3673716923076923
0.5029716923076922
0.6054018461538461
0.6523403076923077
0.6076966153846154
0.4994252307692308
0.3323243076923077
0.09679753846153846
-0.08198584615384615
-0.25346769230769234
-0.3748818461538461
-0.4024190769230769
-0.40617415384615385
-0.27599815384615384
-0.11327815384615383
0.07593599999999999
0.2776670769230769
0.3942830769230769
0.4983821538461538
0.4821101538461538
0.39595199999999997
0.26348123076923075
0.053614153846153846
-0.13893784615384613
-0.3467187692307692
-0.46583815384615385
-0.4896203076923077
-0.4585366153846154
-0.31083692307692307
-0.12454338461538461
0.10994030769230768
0.3158436923076923
0.4280787692307692
0.5204953846153846
0.5000510769230769
0.39261415384615383
0.273912
0.1028473846153846
-0.046104
-0.17252492307692308
-0.26619323076923074
-0.2776670769230769
-0.2789187692307692
-0.24616615384615384
-0.19067446153846154
-0.1341396923076923
-0.052153846153846155
0.021487384615384613
0.08866153846153846
0.12579507692307693
0.12391753846153845
0.11807630769230769
0.10180430769230768
0.09554584615384615
0.09053907692307692
0.054240000000000003
0.027745846153846152
0.0033378461538461535
-0.0014603076923076922
0.02023569230769231
-0.011265230769230769
-0.05194523076923077
-0.09658892307692307
-0.168144
-0.20193969230769232
-0.200688
-0.1462393846153846
-0.04172307692307692
0.07614461538461538
0.22634769230769228
0.37425600000000003
0.4733483076923077
0.5015113846153846
0.44309907692307693
0.31897292307692304
0.14290153846153844
-0.03379569230769231
-0.1829556923076923
-0.3252313846153846
-0.4186910769230769
-0.44351630769230765
-0.3763421538461538
-0.2209236923076923
-0.040054153846153843
0.15228923076923076
0.3202246153846154
0.43934399999999996
0.5252935384615384
0.5536652307692308
0.5019286153846154
0.3815575384615385
0.20423446153846153
-0.0006258461538461538
-0.18170399999999998
-0.32836061538461536
-0.42724430769230765
-0.45373846153846153
-0.404088
-0.2830910769230769
-0.10201292307692307
0.10827138461538462
0.28392553846153845
0.40930338461538457
0.46104
0.43663199999999996
0.3617390769230769
0.22196676923076922
0.06195876923076923
-0.10848000000000001
-0.2703655384615385
-0.3782196923076923
-0.4376750769230769
-0.4470627692307692
-0.4170221538461538
-0.3456756923076923
-0.24700061538461537
-0.13351384615384615
-0.015228923076923076
0.07614461538461538
0.14081538461538462
0.17252492307692308
0.1710646153846154
0.16689230769230767
0.14394461538461537
0.09784061538461537
0.06070707692307692
0.016897846153846156
-0.017315076923076923
-0.03859384615384615
-0.06592246153846154
-0.08198584615384615
-0.09533723076923077
-0.09846646153846153
-0.07843938461538462
-0.04839876923076923
-0.011891076923076923
0.03379569230769231
0.09262523076923077
0.1543753846153846
0.20339999999999997
0.23135446153846154
0.2303113846153846
0.2021483076923077
0.1585476923076923
0.09992676923076924
0.03504738461538461
-0.029832
-0.11014892307692307
-0.17815753846153848
-0.222384
-0.23135446153846154
-0.18712800000000002
-0.12808984615384614
-0.03775938461538462
0.08073415384615384
0.1923433846153846
0.2979027692307692
0.3542289230769231
0.34504984615384615
0.27850153846153847
0.16334584615384617
0.042348923076923076
-0.07948246153846153
-0.19505538461538463
-0.2791273846153846
-0.3344104615384615
-0.32585723076923073
-0.24762646153846155
-0.13810338461538463
0.0035464615384615383
0.13622584615384614
0.25367630769230765
0.35318584615384613
0.40033292307692303
0.4078430769230769
0.3506824615384615
0.2399076923076923
0.11035753846153845
-0.026702769230769228
-0.15208061538461537
-0.25993476923076925
-0.3312812307692308
-0.35568923076923076
-0.3269003076923077
-0.2497126153846154
-0.132888
-0.011682461538461537
0.0771876923076923
0.13497415384615385
0.15604430769230768
0.15520984615384617
0.119328
0.04902461538461538
-0.04088861538461538
-0.13101046153846155
-0.18942276923076923
-0.22113230769230768
-0.21508246153846153
-0.192552
-0.15541846153846153
-0.09575446153846154
-0.03650769230769231
0.027120000000000002
0.07405846153846153
0.0936683076923077
0.09909230769230769
0.09700615384615385
0.08991323076923076
0.06821723076923077
0.02545107692307692
-0.03421292307692308
-0.092208
-0.13518276923076925
-0.14853415384615384
-0.13706030769230768
-0.11160923076923077
-0.07197230769230768
-0.021904615384615383
0.03838523076923077
0.0974233846153846
0.13935507692307691
0.15249784615384615
0.1422756923076923
0.11870215384615385
0.08156861538461539
0.0448523076923077
0.014394461538461538
-0.016063384615384615
-0.0448523076923077
-0.05820369230769231
-0.046104
-0.023364923076923075
0.0035464615384615383
0.02273907692307692
0.03921969230769231
0.05799507692307692
0.06321046153846153
0.05674338461538461
0.038176615384615385
0.013768615384615384
-0.006675692307692307
-0.020027076923076922
-0.029623384615384614
-0.03629907692307692
-0.04756430769230769
-0.06821723076923077
-0.08198584615384615
-0.09825784615384614
-0.11035753846153845
-0.12350030769230769
-0.15145476923076923
-0.1693956923076923
-0.1704387692307692
-0.15416676923076922
-0.12621230769230768
-0.09471138461538461
-0.05820369230769231
-0.023990769230769232
0.008344615384615384
0.03901107692307692
0.058412307692307694
0.055491692307692304
0.029206153846153847
0.006467076923076923
-0.0004172307692307692
0.006675692307692307
0.026494153846153844
0.05570030769230769
0.10952307692307692
0.1860849230769231
0.2737033846153846
0.3565236923076923
0.4134756923076923
0.4368406153846153
0.4159790769230769
0.360696
0.276624
0.16501476923076921
0.04631261538461538
-0.06258461538461538
-0.13434830769230768
-0.15500123076923078
-0.13309661538461537
-0.08156861538461539
-0.012308307692307691
0.061124307692307686
0.12579507692307693
0.16793538461538463
0.18379015384615385
0.1693956923076923
0.1097316923076923
0.014603076923076923
-0.07843938461538462
-0.14728246153846153
-0.20360861538461536
-0.23531815384615382
-0.23907323076923076
-0.21320492307692307
-0.1424843076923077
-0.05507446153846154
0.03400430769230769
0.10848000000000001
0.15562707692307692
0.18754523076923074
0.1992276923076923
0.18128676923076922
0.12621230769230768
0.05069353846153846
-0.03129230769230769
-0.09512861538461538
-0.11974523076923077
-0.10994030769230768
-0.07280676923076923
-0.021904615384615383
0.033169846153846154
0.08866153846153846
0.13998092307692306
0.16730953846153845
0.168144
0.13768615384615385
0.08720123076923077
0.038176615384615385
-0.00855323076923077
-0.051319384615384614
-0.08636676923076922
-0.11306953846153844
-0.12913292307692306
-0.12120553846153845
-0.09700615384615385
-0.07030338461538461
-0.04860738461538461
-0.03129230769230769
-0.016480615384615385
0.0002086153846153846
0.01940123076923077
0.03671630769230769
0.046104
0.042348923076923076
0.04819015384615385
0.05507446153846154
0.05820369230769231
0.06300184615384616
0.058412307692307694
0.06279323076923077
0.07614461538461538
0.08302892307692307
0.08135999999999999
0.06467076923076923
0.043600615384615383
0.026285538461538457
0.011265230769230769
0.0014603076923076922
-0.015854769230769228
-0.035255999999999996
-0.05277969230769231
-0.05799507692307692
-0.04380923076923077
-0.01981846153846154
0.017315076923076923
0.065088
0.11599015384615384
0.15833907692307692
0.1923433846153846
0.20798953846153845
0.20465169230769228
0.1869193846153846
0.15750461538461538
0.1287156923076923
0.09930092307692308
0.07259815384615384
0.04672984615384615
0.015646153846153844
-0.003129230769230769
-0.006675692307692307
-0.006884307692307692
0.003129230769230769
0.011891076923076923
0.019609846153846155
0.03483876923076923
0.059664
0.08428061538461538
0.09450276923076922
0.09471138461538461
0.09137353846153846
0.09033046153846153
0.08219446153846154
0.05590892307692308
0.006049846153846154
-0.058412307692307694
-0.12579507692307693
-0.1783661538461538
-0.22196676923076922
-0.26097784615384617
-0.2814221538461538
-0.2872633846153846
-0.2563883076923077
-0.1940123076923077
-0.11181784615384616
-0.014394461538461538
0.07113784615384615
0.15145476923076923
0.2238443076923077
0.2724516923076923
0.2995716923076923
0.2937304615384615
0.24846092307692308
0.1775316923076923
0.09179076923076923
0.004798153846153846
-0.0826116923076923
-0.15500123076923078
-0.19192615384615386
-0.1858763076923077
-0.12162276923076921
-0.021904615384615383
0.09930092307692308
0.2225926153846154
0.3248141538461538
0.40659138461538463
0.4487316923076923
0.43663199999999996
0.3669544615384615
0.24846092307692308
0.11181784615384616
-0.017940923076923077
-0.13247076923076923
-0.21883753846153844
-0.2730775384615384
-0.2920615384615385
-0.26619323076923074
-0.20840676923076923
-0.119328
-0.022530461538461537
0.05799507692307692
0.13393107692307693
0.19380369230769232
0.23761292307692305
0.2503384615384615
0.22342707692307692
0.16480615384615382
0.0771876923076923
-0.015228923076923076
-0.10722830769230769
-0.19463815384615382
-0.2753723076923077
-0.3385827692307692
-0.37237846153846155
-0.3707095384615384
-0.35631507692307696
-0.3387913846153846
-0.32210215384615387
-0.29101846153846156
-0.1883796923076923
-0.05820369230769231
0.10555938461538462
0.273912
0.38948492307692306
0.5150713846153846
0.590172923076923
0.6095741538461538
0.5415655384615384
0.3554806153846154
0.12496061538461539
-0.12558646153846154
-0.33482769230769227
-0.5403138461538461
-0.6813378461538461
-0.7476775384615384
-0.7320313846153846
-0.5509532307692308
-0.31396615384615384
-0.010848
0.29456492307692306
0.5273796923076923
0.6988615384615385
0.7447569230769231
0.6878049230769231
0.5117335384615385
0.2507556923076923
-0.053614153846153846
-0.35568923076923076
-0.584123076923077
-0.7378726153846155
-0.7635323076923076
-0.6853015384615384
-0.5267538461538461
-0.2999889230769231
-0.061124307692307686
0.1777403076923077
0.3698750769230769
0.45624184615384616
0.4746
0.44351630769230765
0.3790541538461539
0.3047870769230769
0.18712800000000002
0.05507446153846154
-0.07906523076923076
-0.1942209230769231
-0.2699483076923077
-0.31626092307692305
-0.3402516923076923
-0.3410861538461538
-0.276624
-0.16209415384615386
-0.035464615384615386
0.08073415384615384
0.16418030769230768
0.23928184615384615
0.2939390769230769
0.31646953846153847
0.3319070769230769
0.3285692307692308
0.29685969230769227
0.24908676923076922
0.19755876923076923
0.10806276923076923
-0.0077187692307692304
-0.13372246153846154
-0.27140861538461536
-0.37884553846153846
-0.4483144615384615
-0.4606227692307692
-0.3949089230769231
-0.2751636923076923
-0.11494707692307692
0.07426707692307692
0.2586830769230769
0.4193169230769231
0.5127766153846154
0.4914978461538461
0.38280923076923074
0.23010276923076922
0.05528307692307692
-0.11557292307692307
-0.2791273846153846
-0.4178566153846154
-0.4852393846153846
-0.48565661538461535
-0.41973415384615387
-0.29498215384615384
-0.14811692307692306
0.01397723076923077
0.18504184615384617
0.34880492307692307
0.45957969230769224
0.5029716923076922
0.484404923076923
0.3980381538461538
0.2753723076923077
0.12704676923076924
-0.02273907692307692
-0.13768615384615385
-0.21862892307692305
-0.2557624615384615
-0.23448369230769228
-0.16188553846153847
-0.04985907692307692
0.06529661538461538
0.14123261538461537
0.18379015384615385
0.20027076923076922
0.18337292307692307
0.14874276923076923
0.09533723076923077
0.021904615384615383
-0.03942830769230769
-0.07489292307692308
-0.08115138461538463
-0.06863446153846153
-0.06821723076923077
-0.06946892307692307
-0.051528
-0.021278769230769233
0.018983999999999997
0.04985907692307692
0.04965046153846154
0.03609046153846154
0.014394461538461538
-0.006467076923076923
-0.005424
0.0029206153846153843
0.016063384615384615
0.03337846153846154
0.059664
0.08866153846153846
0.11640738461538462
0.1397723076923077
0.13768615384615385
0.1207883076923077
0.08031692307692308
0.02044430769230769
-0.034630153846153845
-0.0963803076923077
-0.15082892307692305
-0.17315076923076922
-0.16438892307692307
-0.11765907692307691
-0.046104
0.026285538461538457
0.10576799999999999
0.1802436923076923
0.2355267692307692
0.2753723076923077
0.28121353846153846
0.24449723076923074
0.18066092307692305
0.09512861538461538
0.0014603076923076922
-0.07468430769230769
-0.12725538461538463
-0.15541846153846153
-0.14311015384615386
-0.09909230769230769
-0.037342153846153844
0.027328615384615382
0.07405846153846153
0.10368184615384615
0.10952307692307692
0.09074769230769231
0.05507446153846154
0.004589538461538461
-0.04652123076923077
-0.0974233846153846
-0.130176
-0.13476553846153844
-0.12162276923076921
-0.07343261538461537
-0.006884307692307692
0.07656184615384615
0.1635544615384615
0.22154953846153846
0.2559710769230769
0.2482523076923077
0.20131384615384615
0.130176
0.03755076923076923
-0.04526953846153846
-0.11306953846153844
-0.1666836923076923
-0.18942276923076923
-0.17502830769230768
-0.11286092307692308
-0.021070153846153846
0.08031692307692308
0.1733593846153846
0.241368
0.287472
0.2943563076923077
0.26139507692307695
0.1927606153846154
0.09825784615384614
0.0029206153846153843
-0.07843938461538462
-0.13330523076923076
-0.16710092307692306
-0.17815753846153848
-0.16292861538461537
-0.12141415384615384
-0.059872615384615385
0.0
0.05027630769230769
0.07364123076923076
0.07823076923076923
0.06425353846153846
0.027328615384615382
-0.014811692307692307
-0.06717415384615384
-0.111192
-0.13393107692307693
-0.13622584615384614
-0.11160923076923077
-0.07072061538461538
-0.03045784615384615
0.006675692307692307
0.04568676923076923
0.0934596923076923
0.13101046153846155
0.143736
0.132888
0.10576799999999999
0.0961716923076923
0.09784061538461537
0.10743692307692307
0.12621230769230768
0.14123261538461537
0.1543753846153846
0.1656406153846154
0.1656406153846154
0.14728246153846153
0.11098338461538461
0.061124307692307686
0.01940123076923077
-0.018775384615384614
-0.05486584615384615
-0.07927384615384615
-0.0936683076923077
-0.0892873846153846
-0.059872615384615385
-0.010222153846153844
0.04214030769230769
0.07739630769230768
0.08344615384615384
0.07113784615384615
0.04568676923076923
0.006675692307692307
-0.04652123076923077
-0.11286092307692308
-0.18066092307692305
-0.23636123076923077
-0.25930892307692305
-0.24887815384615386
-0.20673784615384616
-0.1462393846153846
-0.07802215384615384
0.0050067692307692304
0.07969107692307692
0.13518276923076925
0.15792184615384616
0.13747753846153846
0.0961716923076923
0.04109723076923077
-0.009804923076923077
-0.05236246153846154
-0.08469784615384615
-0.09846646153846153
-0.08740984615384616
-0.047772923076923074
0.011891076923076923
0.07760492307692309
0.127464
0.15395815384615386
0.15354092307692307
0.13706030769230768
0.10326461538461539
0.05736923076923077
0.006675692307692307
-0.04130584615384615
-0.06341907692307691
-0.052153846153846155
-0.007510153846153846
0.047772923076923074
0.09909230769230769
0.13601723076923075
0.16605784615384614
0.18483323076923078
0.16772676923076923
0.11578153846153846
0.033169846153846154
-0.06321046153846153
-0.15082892307692305
-0.2157083076923077
-0.24992123076923078
-0.25993476923076925
-0.24449723076923074
-0.19547261538461536
-0.11411261538461538
-0.023364923076923075
0.04819015384615385
0.09304246153846155
0.10472492307692308
0.092208
0.06487938461538462
0.014185846153846153
-0.04902461538461538
-0.12120553846153845
-0.18775384615384613
-0.22551323076923077
-0.2303113846153846
-0.2059033846153846
-0.16042523076923076
-0.08720123076923077
0.006258461538461538
0.10576799999999999
0.19317784615384614
0.25555384615384613
0.28350830769230767
0.2659846153846154
0.22634769230769228
0.1783661538461538
0.11390399999999999
0.040679999999999994
-0.03045784615384615
-0.09325107692307691
-0.12433476923076923
-0.12016246153846154
-0.09679753846153846
-0.056951999999999996
-0.015646153846153844
0.025659692307692307
0.06133292307692308
0.08302892307692307
0.09116492307692307
0.07739630769230768
0.054657230769230764
0.035464615384615386
0.02357353846153846
0.021070153846153846
0.014603076923076923
0.008136
0.0006258461538461538
-0.0029206153846153843
0.003129230769230769
-0.012308307692307691
-0.03629907692307692
-0.07238953846153846
-0.1136953846153846
-0.13393107692307693
-0.14540492307692307
-0.13664307692307692
-0.11745046153846153
-0.08907876923076924
-0.03942830769230769
0.023364923076923075
0.09053907692307692
0.15228923076923076
0.19609846153846153
0.22697353846153845
0.24428861538461538
0.24345415384615382
0.22447015384615385
0.17002153846153847
0.09909230769230769
0.027120000000000002
-0.03588184615384615
-0.08386338461538462
-0.11599015384615384
-0.11724184615384614
-0.092208
-0.042974769230769226
0.03921969230769231
0.12683815384615382
0.20047938461538461
0.2561796923076923
0.28350830769230767
0.2914356923076923
0.2651501538461538
0.2021483076923077
0.103056
-0.026702769230769228
-0.15082892307692305
-0.25430215384615384
-0.3248141538461538
-0.3613218461538461
-0.3673716923076923
-0.3269003076923077
-0.24595753846153845
-0.13351384615384615
-0.0016689230769230767
0.11974523076923077
0.20193969230769232
0.2415766153846154
0.2497126153846154
0.22447015384615385
0.1656406153846154
0.073224
-0.03358707692307692
-0.14457046153846154
-0.2422024615384615
-0.29727692307692305
-0.31188
-0.29414769230769233
-0.25138153846153843
-0.1775316923076923
-0.07426707692307692
0.03629907692307692
0.14060676923076923
0.21341353846153846
0.254928
0.2682793846153846
0.2578486153846154
0.2369870769230769
0.1860849230769231
0.12120553846153845
0.058412307692307694
0.012934153846153845
-0.004798153846153846
-0.0070929230769230765
-0.008761846153846153
-0.012099692307692308
-0.0022947692307692304
0.021070153846153846
0.05277969230769231
0.08010830769230769
0.09533723076923077
0.09554584615384615
0.10076123076923077
0.1151556923076923
0.12996738461538462
0.13747753846153846
0.13330523076923076
0.12099692307692309
0.09325107692307691
0.056326153846153845
0.004589538461538461
-0.06633969230769231
-0.15646153846153846
-0.254928
-0.32377107692307694
-0.34296369230769225
-0.31918153846153846
-0.26160369230769226
-0.17252492307692308
-0.06759138461538462
0.044435076923076924
0.138312
0.1923433846153846
0.2127876923076923
0.1787833846153846
0.11494707692307692
0.05444861538461539
-0.01668923076923077
-0.059872615384615385
-0.09971815384615385
-0.09784061538461537
0.017732307692307693
0.051528
0.0826116923076923
0.14978584615384616
0.15833907692307692
0.22342707692307692
0.19985353846153847
0.15667015384615385
0.09491999999999999
0.004172307692307692
0.016272
-0.028788923076923077
-0.05048492307692308
-0.09304246153846155
-0.12642092307692307
-0.05382276923076923
-0.03650769230769231
0.054240000000000003
0.09325107692307691
0.05236246153846154
0.07051199999999999
0.018358153846153843
0.012934153846153845
-0.0012516923076923076
-0.05611753846153846
-0.019609846153846155
-0.04526953846153846
-0.052571076923076915
0.015228923076923076
0.03859384615384615
0.10055261538461538
0.11452984615384615
0.08949599999999999
0.07885661538461539
0.02315630769230769
0.032544
0.04547815384615384
0.017940923076923077
0.006884307692307692
-0.012099692307692308
0.03024923076923077
0.07572738461538461
0.06905169230769231
0.07384984615384615
0.03504738461538461
0.029414769230769227
0.05820369230769231
0.04819015384615385
0.058412307692307694
0.03629907692307692
0.012934153846153845
0.01710646153846154
-0.018775384615384614
-0.03421292307692308
-0.03650769230769231
-0.05298830769230769
-0.028163076923076923
-0.0006258461538461538
0.028163076923076923
0.03921969230769231
0.019192615384615384
0.008970461538461538
-0.029414769230769227
-0.053614153846153846
-0.06717415384615384
-0.06738276923076922
-0.040679999999999994
-0.05507446153846154
-0.03984553846153846
0.0018775384615384615
0.027328615384615382
0.07551876923076924
0.09158215384615384
0.08052553846153847
0.06863446153846153
0.03421292307692308
0.021904615384615383
-0.004589538461538461
-0.04819015384615385
-0.04756430769230769
-0.051528
-0.0446436923076923
-0.03901107692307692
-0.050067692307692306
-0.023782153846153845
-0.0008344615384615384
0.027328615384615382
0.040262769230769234
0.03692492307692308
0.07405846153846153
0.07614461538461538
0.07843938461538462
0.08615815384615384
0.06133292307692308
0.06884307692307692
0.05820369230769231
0.040262769230769234
0.048816000000000005
0.04172307692307692
0.05590892307692308
0.06905169230769231
0.059038153846153844
0.07614461538461538
0.09137353846153846
0.10117846153846152
0.10493353846153847
0.0880356923076923
0.07113784615384615
0.035464615384615386
0.017315076923076923
0.024616615384615383
0.02899753846153846
0.045060923076923075
0.04276615384615385
0.05048492307692308
0.06926030769230769
0.06613107692307692
0.07656184615384615
0.054240000000000003
0.005841230769230769
-0.02795446153846154
-0.07259815384615384
-0.10493353846153847
-0.1356
-0.16209415384615386
-0.14436184615384615
-0.10055261538461538
-0.03233538461538461
0.046104
0.10222153846153846
0.14811692307692306
0.17148184615384612
0.18775384615384613
0.19755876923076923
0.17544553846153846
0.14123261538461537
0.06946892307692307
-0.006675692307692307
-0.05611753846153846
-0.10076123076923077
-0.10576799999999999
-0.103056
-0.09658892307692307
-0.06717415384615384
-0.03066646153846154
0.03108369230769231
0.08135999999999999
0.09930092307692308
0.10389046153846154
0.09429415384615383
0.08240307692307691
0.06738276923076922
0.040262769230769234
0.006258461538461538
-0.05027630769230769
-0.09408553846153846
-0.11098338461538461
-0.13226215384615383
-0.1353913846153846
-0.14853415384615384
-0.14728246153846153
-0.12329169230769231
-0.09825784615384614
-0.04276615384615385
0.0008344615384615384
0.046104
0.10117846153846152
0.13768615384615385
0.1693956923076923
0.19046584615384615
0.19317784615384614
0.17169046153846151
0.14060676923076923
0.11828492307692307
0.09825784615384614
0.06216738461538462
0.011056615384615385
-0.044435076923076924
-0.09471138461538461
-0.124752
-0.124752
-0.09262523076923077
-0.04985907692307692
0.010639384615384617
0.08323753846153846
0.14415323076923076
0.1990190769230769
0.22029784615384615
0.20778092307692309
0.17085599999999998
0.10910584615384614
0.03942830769230769
-0.05111076923076923
-0.1506203076923077
-0.2438713846153846
-0.32210215384615387
-0.3571495384615384
-0.3567323076923076
-0.3193901538461538
-0.2503384615384615
-0.16063384615384615
-0.03984553846153846
0.08720123076923077
0.1977673846153846
0.26932246153846157
0.28017046153846153
0.25138153846153843
0.18921415384615384
0.10159569230769232
0.009179076923076922
-0.08094276923076923
-0.15124615384615384
-0.18900553846153845
-0.19442953846153843
-0.17169046153846151
-0.12391753846153845
-0.06279323076923077
0.012934153846153845
0.09971815384615385
0.17565415384615385
0.2355267692307692
0.2601433846153846
0.2482523076923077
0.21341353846153846
0.1476996923076923
0.06863446153846153
-0.016897846153846156
-0.09784061538461537
-0.15959076923076923
-0.19547261538461536
-0.18754523076923074
-0.15917353846153848
-0.11390399999999999
-0.05382276923076923
-0.003963692307692307
0.0448523076923077
0.09095630769230768
0.12975876923076923
0.1435273846153846
0.11828492307692307
0.07885661538461539
0.03650769230769231
-0.0025033846153846152
-0.043392
-0.0936683076923077
-0.14060676923076923
-0.17377661538461536
-0.1858763076923077
-0.17732307692307692
-0.1489513846153846
-0.10472492307692308
-0.051528
0.018358153846153843
0.10076123076923077
0.1712732307692308
0.22154953846153846
0.23364923076923078
0.20402584615384614
0.14811692307692306
0.0717636923076923
-0.016063384615384615
-0.11140061538461538
-0.19046584615384615
-0.23823876923076923
-0.24345415384615382
-0.20402584615384614
-0.13372246153846154
-0.04547815384615384
0.03588184615384615
0.111192
0.17628
0.21299630769230768
0.21758584615384616
0.18963138461538462
0.14269292307692305
0.08949599999999999
0.03921969230769231
0.0008344615384615384
-0.03483876923076923
-0.07197230769230768
-0.0961716923076923
-0.09533723076923077
-0.06946892307692307
-0.03588184615384615
-0.011056615384615385
0.00855323076923077
0.01814953846153846
0.03150092307692308
0.04380923076923077
0.03984553846153846
0.02795446153846154
0.010639384615384617
0.0012516923076923076
0.0012516923076923076
0.0006258461538461538
-0.008970461538461538
-0.02357353846153846
-0.03901107692307692
-0.041514461538461535
-0.027120000000000002
-0.018983999999999997
-0.02044430769230769
-0.02023569230769231
-0.009804923076923077
0.011891076923076923
0.04902461538461538
0.08907876923076924
0.119328
0.14102399999999998
0.15604430769230768
0.1696043076923077
0.17628
0.16188553846153847
0.1287156923076923
0.086784
0.04172307692307692
0.011473846153846154
-0.020652923076923076
-0.06258461538461538
-0.09867507692307692
-0.12350030769230769
-0.10472492307692308
-0.052571076923076915
0.003755076923076923
0.04860738461538461
0.06884307692307692
0.08949599999999999
0.10764553846153846
0.11286092307692308
0.10013538461538461
0.05799507692307692
0.009179076923076922
-0.03379569230769231
-0.055491692307692304
-0.05590892307692308
-0.05319692307692307
-0.04401784615384615
-0.03129230769230769
-0.011265230769230769
0.014185846153846153
0.026702769230769228
0.03212676923076923
0.024408000000000003
0.01272553846153846
0.02753723076923077
0.05236246153846154
0.08135999999999999
0.10889723076923077
0.12683815384615382
0.14185846153846154
0.15833907692307692
0.17544553846153846
0.16689230769230767
0.12537784615384615
0.06487938461538462
-0.0033378461538461535
-0.06446215384615385
-0.11035753846153845
-0.1502030769230769
-0.17544553846153846
-0.17252492307692308
-0.14123261538461537
-0.07593599999999999
0.0
0.06905169230769231
0.12558646153846154
0.17440246153846153
0.22572184615384616
0.25659692307692306
0.2436627692307692
0.18274707692307693
0.09012184615384615
-0.008344615384615384
-0.09930092307692308
-0.17565415384615385
-0.238656
-0.2726603076923077
-0.26681907692307694
-0.21862892307692305
-0.12496061538461539
-0.017940923076923077
0.08720123076923077
0.18086953846153844
0.24491446153846153
0.27620676923076926
0.2707827692307692
0.21800307692307694
0.12642092307692307
0.02044430769230769
-0.08949599999999999
-0.17711446153846155
-0.2355267692307692
-0.26306399999999996
-0.254928
-0.22572184615384616
-0.17002153846153847
-0.09471138461538461
-0.021278769230769233
0.03275261538461539
0.06800861538461538
0.09283384615384616
0.1136953846153846
0.127464
0.11244369230769231
0.06884307692307692
0.006884307692307692
-0.05069353846153846
-0.09179076923076923
-0.12329169230769231
-0.15500123076923078
-0.18253846153846154
-0.19213476923076922
-0.1691870769230769
-0.10493353846153847
-0.03609046153846154
0.031918153846153846
0.10430769230769231
0.17169046153846151
0.235944
0.2862203076923077
0.31188
0.3022836923076923
0.26723630769230766
0.22780799999999998
0.18775384615384613
0.13601723076923075
0.06926030769230769
-0.0077187692307692304
-0.07551876923076924
-0.119328
-0.13330523076923076
-0.11640738461538462
-0.07948246153846153
-0.02357353846153846
0.04965046153846154
0.13998092307692306
0.23823876923076923
0.3210590769230769
0.36611999999999995
0.35568923076923076
0.30436984615384616
0.22154953846153846
0.1205796923076923
0.007510153846153846
-0.11306953846153844
-0.2090326153846154
-0.2695310769230769
-0.27620676923076926
-0.238656
-0.1779489230769231
-0.12245723076923076
-0.06592246153846154
0.021278769230769233
0.12725538461538463
0.20778092307692309
0.2532590769230769
0.2601433846153846
0.26097784615384617
0.24408
0.23510953846153848
0.29748553846153847
0.18483323076923078
0.04276615384615385
-0.06195876923076923
-0.18545907692307692
-0.15667015384615385
-0.24887815384615386
-0.3310726153846154
-0.38656430769230765
-0.3947003076923077
-0.18879692307692306
-0.06759138461538462
0.07781353846153846
0.1489513846153846
0.18921415384615384
0.35235138461538457
0.4163963076923077
0.4994252307692308
0.41618769230769226
0.20423446153846153
0.07593599999999999
-0.10576799999999999
-0.16730953846153845
-0.22321846153846153
-0.3148006153846154
-0.26765353846153844
-0.2799618461538461
-0.20339999999999997
-0.03379569230769231
0.05507446153846154
0.18629353846153843
0.20319138461538463
0.18170399999999998
0.19651569230769228
0.13643446153846153
0.14206707692307693
0.1028473846153846
0.008970461538461538
-0.05674338461538461
-0.13789476923076924
-0.12621230769230768
-0.13622584615384614
-0.2059033846153846
-0.23886461538461537
-0.2858030769230769
-0.22989415384615383
-0.12496061538461539
-0.06717415384615384
0.011473846153846154
0.04819015384615385
0.11995384615384615
0.21967199999999998
0.23198030769230768
0.24303692307692307
0.20506892307692307
0.12934153846153845
0.10806276923076923
0.054240000000000003
0.0
-0.07760492307692309
-0.17315076923076922
-0.19881046153846152
-0.21675138461538462
-0.1923433846153846
-0.14686523076923075
-0.08094276923076923
0.015854769230769228
0.06049846153846154
0.132888
0.18900553846153845
0.17586276923076924
0.14811692307692306
0.05027630769230769
-0.05090215384615384
-0.13852061538461538
-0.24345415384615382
-0.29498215384615384
-0.34943076923076927
-0.3648683076923077
-0.30061476923076924
-0.22280123076923075
-0.12037107692307693
-0.04965046153846154
0.006049846153846154
0.08031692307692308
0.1151556923076923
0.11473846153846154
0.059664
-0.011056615384615385
-0.04401784615384615
-0.08156861538461539
-0.09554584615384615
-0.10868861538461538
-0.13455692307692307
-0.09325107692307691
-0.043392
0.019609846153846155
0.1097316923076923
0.16000799999999998
0.21842030769230766
0.24053353846153847
0.22321846153846153
0.22634769230769228
0.19672430769230767
0.15646153846153846
0.10076123076923077
0.04109723076923077
0.011265230769230769
-0.012308307692307691
0.006675692307692307
0.03713353846153846
0.061124307692307686
0.08511507692307693
0.08469784615384615
0.09784061538461537
0.1028473846153846
0.08428061538461538
0.073224
0.03337846153846154
0.0029206153846153843
0.011682461538461537
0.017523692307692306
0.03400430769230769
0.03755076923076923
0.05277969230769231
0.09784061538461537
0.12516923076923075
0.14018953846153845
0.12099692307692309
0.08469784615384615
0.06028984615384615
0.026702769230769228
0.006675692307692307
-0.014185846153846153
-0.037967999999999995
-0.03713353846153846
-0.03567323076923076
-0.021070153846153846
0.0043809230769230765
0.027120000000000002
0.07343261538461537
0.0961716923076923
0.08949599999999999
0.08156861538461539
0.04860738461538461
0.033169846153846154
0.007301538461538462
-0.04318338461538461
-0.0678
-0.084072
-0.06383630769230769
-0.027120000000000002
0.0018775384615384615
0.027745846153846152
0.031918153846153846
0.04631261538461538
0.04631261538461538
0.020652923076923076
-0.006884307692307692
-0.05757784615384615
-0.10952307692307692
-0.14290153846153844
-0.1666836923076923
-0.15750461538461538
-0.13664307692307692
-0.11035753846153845
-0.0717636923076923
-0.055491692307692304
-0.02899753846153846
0.002086153846153846
0.012099692307692308
0.0043809230769230765
-0.03400430769230769
-0.07072061538461538
-0.08761846153846153
-0.09241661538461539
-0.0897046153846154
-0.09241661538461539
-0.0855323076923077
-0.061124307692307686
-0.015228923076923076
0.04318338461538461
0.06487938461538462
0.06842584615384616
0.06446215384615385
0.04526953846153846
0.03775938461538462
0.014603076923076923
-0.006049846153846154
-0.00855323076923077
-0.015020307692307692
0.005841230769230769
0.038176615384615385
0.06988615384615385
0.10326461538461539
0.11745046153846153
0.12537784615384615
0.11911938461538461
0.09950953846153845
0.08073415384615384
0.04380923076923077
0.0006258461538461538
-0.03024923076923077
-0.034630153846153845
-0.006675692307692307
0.018983999999999997
0.03650769230769231
0.04047138461538462
0.03233538461538461
0.040679999999999994
0.04547815384615384
0.03984553846153846
0.018775384615384614
-0.03275261538461539
-0.07301538461538462
-0.09450276923076922
-0.10994030769230768
-0.10347323076923076
-0.09179076923076923
-0.07405846153846153
-0.03108369230769231
0.03045784615384615
0.09909230769230769
0.1449876923076923
0.16292861538461537
0.17085599999999998
0.16292861538461537
0.14916
0.12308307692307692
0.07802215384615384
0.028788923076923077
-0.029623384615384614
-0.06863446153846153
-0.06717415384615384
-0.04568676923076923
-0.008761846153846153
0.02586830769230769
0.061750153846153844
0.1097316923076923
0.14206707692307693
0.16418030769230768
0.1597993846153846
0.1341396923076923
0.10994030769230768
0.07927384615384615
0.05507446153846154
0.019609846153846155
-0.02524246153846154
-0.06425353846153846
-0.08907876923076924
-0.08198584615384615
-0.07489292307692308
-0.07343261538461537
-0.07155507692307693
-0.06759138461538462
-0.03421292307692308
0.006049846153846154
0.055491692307692304
0.10493353846153847
0.12579507692307693
0.14081538461538462
0.1397723076923077
0.12704676923076924
0.10743692307692307
0.07343261538461537
0.03504738461538461
0.005215384615384615
-0.0012516923076923076
0.014185846153846153
0.037967999999999995
0.06988615384615385
0.10639384615384614
0.14018953846153845
0.18796246153846152
0.22342707692307692
0.22572184615384616
0.20152246153846154
0.14477907692307693
0.08720123076923077
0.025659692307692307
-0.04109723076923077
-0.09074769230769231
-0.13872923076923074
-0.16647507692307692
-0.16230276923076925
-0.13810338461538463
-0.10055261538461538
-0.06863446153846153
-0.04088861538461538
-0.010013538461538461
0.02023569230769231
0.046104
0.05590892307692308
0.04672984615384615
0.026911384615384615
-0.008761846153846153
-0.042557538461538466
-0.0771876923076923
-0.12120553846153845
-0.16251138461538459
-0.20152246153846154
-0.20778092307692309
-0.18232984615384615
-0.13205353846153844
-0.06446215384615385
-0.0025033846153846152
0.06133292307692308
0.11578153846153846
0.1504116923076923
0.15354092307692307
0.116616
0.05611753846153846
-0.016897846153846156
-0.08302892307692307
-0.13747753846153846
-0.17899199999999998
-0.1992276923076923
-0.1910916923076923
-0.15562707692307692
-0.08490646153846154
0.0012516923076923076
0.07697907692307693
0.15792184615384616
0.2221753846153846
0.2753723076923077
0.2979027692307692
0.2626467692307692
0.19630707692307692
0.09533723076923077
-0.015854769230769228
-0.11724184615384614
-0.200688
-0.2517987692307692
-0.27412061538461535
-0.25284184615384614
-0.18545907692307692
-0.07969107692307692
0.0609156923076923
0.19296923076923078
0.29101846153846156
0.34358953846153845
0.3456756923076923
0.32335384615384616
0.2507556923076923
0.13893784615384613
0.011682461538461537
-0.12308307692307692
-0.21007569230769232
-0.26494153846153845
-0.2837169230769231
-0.25471938461538457
-0.21195323076923075
-0.13038461538461538
-0.02211323076923077
0.08344615384615384
0.18107815384615383
0.24074215384615386
0.2709913846153846
0.2799618461538461
0.25805723076923076
0.22342707692307692
0.1585476923076923
0.07906523076923076
0.011265230769230769
-0.04735569230769231
-0.0744756923076923
-0.08991323076923076
-0.09241661538461539
-0.07343261538461537
-0.052153846153846155
-0.008344615384615384
0.03984553846153846
0.08115138461538463
0.1207883076923077
0.13935507692307691
0.15500123076923078
0.16167692307692308
0.14853415384615384
0.1178676923076923
0.06800861538461538
0.011682461538461537
-0.05027630769230769
-0.10889723076923077
-0.15813046153846153
-0.19588984615384614
-0.21925476923076925
-0.22697353846153845
-0.21174461538461536
-0.17732307692307692
-0.13434830769230768
-0.08469784615384615
-0.02044430769230769
0.05194523076923077
0.12642092307692307
0.18274707692307693
0.20381723076923075
0.20152246153846154
0.16710092307692306
0.11056615384615384
0.03984553846153846
-0.04839876923076923
-0.13372246153846154
-0.208824
-0.25305046153846156
-0.2626467692307692
-0.23448369230769228
-0.16418030769230768
-0.0744756923076923
0.035464615384615386
0.14999446153846155
0.24887815384615386
0.314592
0.33357600000000004
0.31041969230769234
0.24720923076923076
0.15896492307692306
0.06613107692307692
-0.028371692307692306
-0.10806276923076923
-0.15604430769230768
-0.17586276923076924
-0.16084246153846155
-0.12099692307692309
-0.061124307692307686
0.005841230769230769
0.06425353846153846
0.12496061538461539
0.17023015384615386
0.18066092307692305
0.15792184615384616
0.11140061538461538
0.06258461538461538
0.02357353846153846
-0.00855323076923077
-0.040679999999999994
-0.06863446153846153
-0.08511507692307693
-0.08156861538461539
-0.06738276923076922
-0.05194523076923077
-0.03650769230769231
-0.03650769230769231
-0.040679999999999994
-0.04902461538461538
-0.058829538461538454
-0.08636676923076922
-0.14561353846153846
-0.19797599999999999
-0.25951753846153847
-0.2764153846153846
-0.2154996923076923
-0.13059323076923077
0.003755076923076923
0.13726892307692307
0.26723630769230766
0.4147273846153846
0.4948356923076923
0.5229987692307692
0.4460196923076923
0.2814221538461538
0.10055261538461538
-0.09053907692307692
-0.21216184615384615
-0.36382523076923073
-0.45436430769230773
-0.45040061538461534
-0.3790541538461539
-0.16042523076923076
0.033169846153846154
0.2415766153846154
0.401376
0.4923323076923077
0.5899643076923077
0.5346812307692307
0.41076369230769233
0.21195323076923075
-0.04714707692307692
-0.24053353846153847
-0.41660492307692304
-0.4889944615384615
-0.4889944615384615
-0.4320424615384615
-0.27328615384615385
-0.11265230769230769
0.07843938461538462
0.24345415384615382
0.33378461538461535
0.39407446153846154
0.3387913846153846
0.2517987692307692
0.1783661538461538
0.07697907692307693
0.022530461538461537
-0.061750153846153844
-0.12370892307692308
-0.13330523076923076
-0.14582215384615385
-0.1097316923076923
-0.086784
-0.07593599999999999
-0.04547815384615384
-0.005841230769230769
0.065088
0.11640738461538462
0.12037107692307693
0.11140061538461538
0.09825784615384614
0.12391753846153845
0.1639716923076923
0.18483323076923078
0.21779446153846155
0.23761292307692305
0.25367630769230765
0.25138153846153843
0.18379015384615385
0.09512861538461538
-0.029206153846153847
-0.17565415384615385
-0.2774584615384615
-0.3538116923076923
-0.36611999999999995
-0.3116713846153846
-0.21821169230769227
-0.07510153846153846
0.07280676923076923
0.21299630769230768
0.31772123076923076
0.36215630769230767
0.35568923076923076
0.2807963076923077
0.18212123076923076
0.07781353846153846
-0.04109723076923077
-0.14436184615384615
-0.23406646153846156
-0.2651501538461538
-0.2422024615384615
-0.18942276923076923
-0.09408553846153846
-0.001043076923076923
0.11724184615384614
0.24616615384615384
0.33962584615384617
0.38760738461538463
0.360696
0.2872633846153846
0.19067446153846154
0.07197230769230768
-0.04756430769230769
-0.15166338461538462
-0.21842030769230766
-0.22655630769230767
-0.19192615384615386
-0.10743692307692307
-0.0070929230769230765
0.07635323076923077
0.154584
0.18921415384615384
0.18775384615384613
0.14978584615384616
0.07343261538461537
-0.0002086153846153846
-0.0853236923076923
-0.16584923076923075
-0.21299630769230768
-0.2355267692307692
-0.22822523076923076
-0.19651569230769228
-0.15208061538461537
-0.09971815384615385
-0.040054153846153843
0.018983999999999997
0.05403138461538461
0.06321046153846153
0.0446436923076923
0.009387692307692307
-0.017732307692307693
-0.04839876923076923
-0.07635323076923077
-0.09137353846153846
-0.09763200000000001
-0.07238953846153846
-0.026076923076923077
0.01856676923076923
0.05924676923076923
0.08115138461538463
0.09471138461538461
0.10263876923076923
0.0853236923076923
0.043600615384615383
-0.019609846153846155
-0.08615815384615384
-0.1316363076923077
-0.15917353846153848
-0.1637630769230769
-0.14394461538461537
-0.10931446153846153
-0.05590892307692308
-0.0050067692307692304
0.03775938461538462
0.06550523076923077
0.06383630769230769
0.05069353846153846
0.021696
-0.012308307692307691
-0.03358707692307692
-0.048816000000000005
-0.04276615384615385
-0.02086153846153846
0.010013538461538461
0.06279323076923077
0.10222153846153846
0.12391753846153845
0.12287446153846153
0.09554584615384615
0.06988615384615385
0.02524246153846154
-0.026285538461538457
-0.0771876923076923
-0.12913292307692306
-0.157296
-0.16167692307692308
-0.13601723076923075
-0.09074769230769231
-0.04380923076923077
0.018775384615384614
0.09012184615384615
0.16605784615384614
0.23135446153846154
0.26118646153846153
0.25847446153846154
0.21716861538461538
0.14811692307692306
0.06738276923076922
-0.027328615384615382
-0.11494707692307692
-0.17648861538461538
-0.20381723076923075
-0.1785747692307692
-0.11432123076923076
-0.02357353846153846
0.07051199999999999
0.15833907692307692
0.23928184615384615
0.2883064615384615
0.3031181538461538
0.2730775384615384
0.20527753846153846
0.12287446153846153
0.03045784615384615
-0.04839876923076923
-0.10389046153846154
-0.14457046153846154
-0.16271999999999998
-0.1612596923076923
-0.1287156923076923
-0.07927384615384615
-0.03692492307692308
-0.003755076923076923
0.005841230769230769
0.006675692307692307
0.007510153846153846
0.0077187692307692304
0.0029206153846153843
-0.02044430769230769
-0.040262769230769234
-0.04547815384615384
-0.03275261538461539
-0.005841230769230769
0.005841230769230769
0.003755076923076923
-0.007927384615384614
-0.017523692307692306
-0.014185846153846153
-0.015854769230769228
-0.020027076923076922
-0.026494153846153844
-0.028371692307692306
-0.008136
0.029623384615384614
0.0717636923076923
0.10910584615384614
0.13664307692307692
0.16793538461538463
0.20027076923076922
0.22008923076923076
0.2127876923076923
0.16313723076923078
0.09429415384615383
0.010013538461538461
-0.07843938461538462
-0.1614683076923077
-0.2424110769230769
-0.3049956923076923
-0.33253292307692306
-0.31000246153846156
-0.23615261538461538
-0.12913292307692306
-0.019192615384615384
0.08490646153846154
0.17002153846153847
0.23135446153846154
0.26640184615384616
0.25764
0.20527753846153846
0.11202646153846153
0.006258461538461538
-0.08511507692307693
-0.15833907692307692
-0.20652923076923077
-0.23656984615384613
-0.24616615384615384
-0.21737723076923077
-0.16334584615384617
-0.09012184615384615
-0.015228923076923076
0.0448523076923077
0.09721476923076922
0.14457046153846154
0.18629353846153843
0.21529107692307692
0.21529107692307692
0.19672430769230767
0.16897846153846155
0.13184492307692308
0.09241661538461539
0.042348923076923076
-0.01043076923076923
-0.06967753846153846
-0.11473846153846154
-0.13393107692307693
-0.13935507692307691
-0.12329169230769231
-0.09679753846153846
-0.05069353846153846
0.014394461538461538
0.08949599999999999
0.1635544615384615
0.21654276923076923
0.24741784615384615
0.2503384615384615
0.23260615384615385
0.19150892307692308
0.13205353846153844
0.059038153846153844
-0.03108369230769231
-0.11599015384615384
-0.18086953846153844
-0.20673784615384616
-0.20277415384615383
-0.17085599999999998
-0.10952307692307692
-0.01981846153846154
0.08615815384615384
0.18399876923076922
0.2632726153846154
0.29039261538461536
0.26869661538461537
0.21320492307692307
0.12829846153846153
0.028371692307692306
-0.07823076923076923
-0.18253846153846154
-0.2478350769230769
-0.2620209230769231
-0.22968553846153844
-0.15374953846153847
-0.059664
0.052153846153846155
0.16251138461538459
0.2526332307692308
0.3114627692307692
0.31646953846153847
0.26932246153846157
0.1927606153846154
0.10681107692307691
0.025033846153846153
-0.04672984615384615
-0.0988836923076923
-0.11703323076923078
-0.08219446153846154
-0.0077187692307692304
0.08115138461538463
0.18253846153846154
0.26306399999999996
0.3077076923076923
0.31751261538461534
0.2830910769230769
0.21779446153846155
0.11870215384615385
-0.0033378461538461535
-0.11452984615384615
-0.1994363076923077
-0.24491446153846153
-0.249504
-0.21779446153846155
-0.15291507692307693
-0.06842584615384616
0.027745846153846152
0.12621230769230768
0.20047938461538461
0.24199384615384617
0.2261390769230769
0.1637630769230769
0.09721476923076922
0.013351384615384614
-0.06738276923076922
-0.14832553846153845
-0.21612553846153845
-0.23949046153846154
-0.22989415384615383
-0.17377661538461536
-0.10347323076923076
-0.02482523076923077
0.06425353846153846
0.14415323076923076
0.21904615384615383
0.26348123076923075
0.26222953846153846
0.22300984615384614
0.16167692307692308
0.10076123076923077
0.04276615384615385
-0.01981846153846154
-0.06759138461538462
-0.1097316923076923
-0.13518276923076925
-0.13267938461538462
-0.11995384615384615
-0.07906523076923076
-0.04214030769230769
-0.012099692307692308
0.022947692307692308
0.054240000000000003
0.08782707692307692
0.0988836923076923
0.09992676923076924
0.09074769230769231
0.07238953846153846
0.05298830769230769
0.018358153846153843
-0.027120000000000002
-0.09512861538461538
-0.16188553846153847
-0.19609846153846153
-0.20486030769230767
-0.1927606153846154
-0.16647507692307692
-0.12162276923076921
-0.054657230769230764
0.02586830769230769
0.11223507692307692
0.1783661538461538
0.20861538461538462
0.20506892307692307
0.16793538461538463
0.10493353846153847
0.021070153846153846
-0.07802215384615384
-0.17982646153846152
-0.260352
-0.30583015384615386
-0.306456
-0.2699483076923077
-0.20193969230769232
-0.103056
0.0043809230769230765
0.119328
0.2225926153846154
0.29727692307692305
0.3314898461538462
0.2947735384615384
0.21466523076923077
0.11557292307692307
0.0035464615384615383
-0.09846646153846153
-0.18128676923076922
-0.22780799999999998
-0.22822523076923076
-0.1867107692307692
-0.10180430769230768
0.0004172307692307692
0.10535076923076922
0.20152246153846154
0.2805876923076923
0.3373310769230769
0.3479704615384615
0.306456
0.21716861538461538
0.11077476923076923
0.0022947692307692304
-0.10743692307692307
-0.19651569230769228
-0.2659846153846154
-0.3127144615384615
-0.314592
-0.2730775384615384
-0.1942209230769231
-0.09930092307692308
-0.007927384615384614
0.07510153846153846
0.13643446153846153
0.17231630769230769
0.16438892307692307
0.11953661538461538
0.04714707692307692
-0.029623384615384614
-0.103056
-0.15625292307692307
-0.1927606153846154
-0.233232
-0.23823876923076923
-0.21466523076923077
-0.15270646153846154
-0.06008123076923077
0.02023569230769231
0.09325107692307691
0.17148184615384612
0.2415766153846154
0.4080516923076923
0.4781464615384615
0.35256
0.2726603076923077
0.09596307692307693
0.027120000000000002
0.011473846153846154
-0.20819815384615384
-0.34463261538461537
-0.5063095384615385
-0.47960676923076917
-0.28809784615384615
-0.17648861538461538
0.0
0.032544
0.1913003076923077
0.3917796923076923
0.4743913846153846
0.5519963076923077
0.3319070769230769
0.16292861538461537
0.023990769230769232
-0.1597993846153846
-0.16793538461538463
-0.32564861538461537
-0.37947138461538454
-0.35297723076923077
-0.4134756923076923
-0.23615261538461538
-0.11473846153846154
0.02023569230769231
0.2157083076923077
0.20465169230769228
0.27871015384615383
0.33065538461538463
0.3502652307692307
0.4414301538461538
0.33607938461538456
0.2090326153846154
0.06905169230769231
-0.06028984615384615
-0.05048492307692308
-0.13601723076923075
-0.2154996923076923
-0.28392553846153845
-0.32210215384615387
-0.1883796923076923
-0.111192
-0.041514461538461535
0.04214030769230769
0.062376
0.19651569230769228
0.29727692307692305
0.3248141538461538
0.3713353846153846
0.29581661538461534
0.24345415384615382
0.2090326153846154
0.10117846153846152
0.016897846153846156
-0.12496061538461539
-0.25012984615384615
-0.32898646153846156
-0.3978295384615384
-0.39261415384615383
-0.3508910769230769
-0.23928184615384615
-0.12162276923076921
-0.00855323076923077
0.1639716923076923
0.26681907692307694
0.3425464615384616
0.3609046153846154
0.2618123076923077
0.1881710769230769
0.061124307692307686
-0.09408553846153846
-0.22551323076923077
-0.39407446153846154
-0.4647950769230769
-0.4752258461538461
-0.4470627692307692
-0.355272
-0.2862203076923077
-0.14999446153846155
0.01668923076923077
0.15354092307692307
0.254928
0.27620676923076926
0.3160523076923077
0.32669169230769235
0.27787569230769227
0.2225926153846154
0.084072
-0.025659692307692307
-0.084072
-0.16167692307692308
-0.16021661538461537
-0.1666836923076923
-0.165432
-0.09471138461538461
-0.054657230769230764
0.023990769230769232
0.11077476923076923
0.16480615384615382
0.2290596923076923
0.2482523076923077
0.25805723076923076
0.25117292307692307
0.2238443076923077
0.20110523076923076
0.13706030769230768
0.06946892307692307
-0.01981846153846154
-0.10514215384615383
-0.13789476923076924
-0.18066092307692305
-0.1883796923076923
-0.16856123076923077
-0.1531236923076923
-0.061750153846153844
0.05194523076923077
0.13622584615384614
0.208824
0.22968553846153844
0.2638984615384615
0.3127144615384615
0.3095852307692307
0.279336
0.20027076923076922
0.10618523076923077
0.03337846153846154
-0.034630153846153845
-0.08010830769230769
-0.13393107692307693
-0.1693956923076923
-0.16647507692307692
-0.14561353846153846
-0.06654830769230768
0.017315076923076923
0.10889723076923077
0.21299630769230768
0.2526332307692308
0.2709913846153846
0.24762646153846155
0.18504184615384617
0.13789476923076924
0.03400430769230769
-0.078648
-0.16084246153846155
-0.2303113846153846
-0.22634769230769228
-0.200688
-0.15875630769230767
-0.09491999999999999
-0.03400430769230769
0.051319384615384614
0.10994030769230768
0.14060676923076923
0.15374953846153847
0.12558646153846154
0.10472492307692308
0.06633969230769231
0.009387692307692307
-0.030040615384615384
-0.0853236923076923
-0.10597661538461538
-0.11286092307692308
-0.11432123076923076
-0.06633969230769231
-0.016897846153846156
0.03880246153846154
0.08511507692307693
0.111192
0.14144123076923076
0.15395815384615386
0.15249784615384615
0.11974523076923077
0.05111076923076923
-0.020652923076923076
-0.08010830769230769
-0.09950953846153845
-0.10555938461538462
-0.1097316923076923
-0.08761846153846153
-0.05382276923076923
0.014603076923076923
0.09429415384615383
0.1476996923076923
0.19735015384615384
0.2157083076923077
0.20778092307692309
0.19150892307692308
0.15166338461538462
0.11202646153846153
0.07614461538461538
0.03421292307692308
0.0
-0.02023569230769231
-0.029414769230769227
-0.023782153846153845
-0.01397723076923077
-0.005841230769230769
-0.002086153846153846
0.007301538461538462
0.03108369230769231
0.051528
0.06738276923076922
0.07030338461538461
0.07614461538461538
0.08448923076923077
0.07510153846153846
0.06425353846153846
0.01940123076923077
-0.05173661538461538
-0.100344
-0.13267938461538462
-0.13476553846153844
-0.13226215384615383
-0.13351384615384615
-0.11202646153846153
-0.07948246153846153
-0.02858030769230769
0.02858030769230769
0.07614461538461538
0.10076123076923077
0.10639384615384614
0.11223507692307692
0.11953661538461538
0.12350030769230769
0.10868861538461538
0.06717415384615384
0.012099692307692308
-0.03609046153846154
-0.07468430769230769
-0.10076123076923077
-0.11557292307692307
-0.13351384615384615
-0.1356
-0.119328
-0.08448923076923077
-0.026911384615384615
0.02211323076923077
0.059038153846153844
0.08386338461538462
0.10222153846153846
0.11911938461538461
0.10868861538461538
0.07051199999999999
0.015854769230769228
-0.04088861538461538
-0.08761846153846153
-0.12829846153846153
-0.16167692307692308
-0.19755876923076923
-0.21341353846153846
-0.19380369230769232
-0.1476996923076923
-0.07238953846153846
0.003129230769230769
0.06863446153846153
0.138312
0.19964492307692308
0.2507556923076923
0.2807963076923077
0.26681907692307694
0.22593046153846155
0.15103753846153847
0.06487938461538462
-0.007510153846153846
-0.08594953846153845
-0.14519630769230768
-0.18170399999999998
-0.1794092307692308
-0.12350030769230769
-0.04693846153846153
0.042348923076923076
0.11640738461538462
0.15646153846153846
0.1794092307692308
0.17544553846153846
0.1502030769230769
0.10430769230769231
0.024616615384615383
-0.05611753846153846
-0.11724184615384614
-0.15750461538461538
-0.16730953846153845
-0.16584923076923075
-0.15374953846153847
-0.11911938461538461
-0.07092923076923077
-0.010013538461538461
0.047981538461538464
0.07969107692307692
0.0897046153846154
0.08469784615384615
0.07468430769230769
0.06550523076923077
0.04860738461538461
0.030040615384615384
0.0016689230769230767
-0.0035464615384615383
0.01668923076923077
0.03629907692307692
0.06008123076923077
0.06404492307692307
0.059664
0.05382276923076923
0.033169846153846154
0.0016689230769230767
-0.03755076923076923
-0.078648
-0.10994030769230768
-0.11828492307692307
-0.10597661538461538
-0.0798996923076923
-0.04693846153846153
-0.013142769230769229
0.034630153846153845
0.08594953846153845
0.12245723076923076
0.14832553846153845
0.1435273846153846
0.11411261538461538
0.07572738461538461
0.029206153846153847
-0.018775384615384614
-0.06759138461538462
-0.10764553846153846
-0.12955015384615384
-0.12204
-0.08574092307692306
-0.02524246153846154
0.04318338461538461
0.10055261538461538
0.1531236923076923
0.19171753846153847
0.19985353846153847
0.17315076923076922
0.11599015384615384
0.031918153846153846
-0.05653476923076922
-0.12433476923076923
-0.17419384615384614
-0.19839323076923077
-0.20131384615384615
-0.17565415384615385
-0.12433476923076923
-0.07072061538461538
-0.015020307692307692
0.021696
0.031918153846153846
0.030875076923076922
0.015437538461538461
-0.009596307692307692
-0.031918153846153846
-0.06425353846153846
-0.09074769230769231
-0.08782707692307692
-0.06216738461538462
-0.00855323076923077
0.05194523076923077
0.09971815384615385
0.13205353846153844
0.15103753846153847
0.16334584615384617
0.16313723076923078
0.14123261538461537
0.09867507692307692
0.05048492307692308
0.014185846153846153
-0.006258461538461538
-0.006675692307692307
0.00855323076923077
0.03108369230769231
0.06717415384615384
0.10576799999999999
0.13914646153846155
0.15667015384615385
0.14415323076923076
0.10806276923076923
0.055491692307692304
-0.001043076923076923
-0.06633969230769231
-0.12579507692307693
-0.17273353846153844
-0.20506892307692307
-0.20152246153846154
-0.1704387692307692
-0.1151556923076923
-0.046104
0.019609846153846155
0.07656184615384615
0.12537784615384615
0.15896492307692306
0.1666836923076923
0.1397723076923077
0.08657538461538461
0.028371692307692306
-0.02044430769230769
-0.04965046153846154
-0.06195876923076923
-0.05862092307692307
-0.046104
-0.015020307692307692
0.030040615384615384
0.07781353846153846
0.12516923076923075
0.1462393846153846
0.14999446153846155
0.13810338461538463
0.10868861538461538
0.08344615384615384
0.056326153846153845
0.031918153846153846
0.019609846153846155
0.02023569230769231
0.03024923076923077
0.04819015384615385
0.07072061538461538
0.08010830769230769
0.08386338461538462
0.08135999999999999
0.06362769230769232
0.03275261538461539
-0.006675692307692307
-0.043392
-0.08344615384615384
-0.10889723076923077
-0.10806276923076923
-0.09074769230769231
-0.05194523076923077
0.011056615384615385
0.09137353846153846
0.16000799999999998
0.19505538461538463
0.20193969230769232
0.1785747692307692
0.12621230769230768
0.06028984615384615
-0.015646153846153844
-0.09429415384615383
-0.15604430769230768
-0.19797599999999999
-0.19985353846153847
-0.17085599999999998
-0.14665661538461539
-0.09992676923076924
-0.06946892307692307
-0.033169846153846154
-0.016272
-0.02586830769230769
-0.023990769230769232
-0.015854769230769228
0.04422646153846154
0.143736
0.32982092307692307
0.39657784615384617
0.4606227692307692
0.5601323076923077
0.5417741538461538
0.5860006153846153
0.46896738461538456
0.28934953846153844
0.051319384615384614
-0.24679199999999998
-0.43162523076923076
-0.6765396923076923
-0.8150603076923078
-0.8995495384615385
-0.8588695384615385
-0.6064449230769231
-0.3229366153846154
0.10138707692307691
0.4622916923076923
0.7418363076923077
0.9896713846153846
1.0401563076923077
1.0057347692307692
0.7881489230769231
0.41076369230769233
0.023990769230769232
-0.46583815384615385
-0.8494818461538461
-1.0731175384615383
-1.2089261538461538
-1.1236024615384614
-0.9660978461538461
-0.6992787692307693
-0.33315876923076926
0.03275261538461539
0.4547815384615384
0.7716683076923077
0.9759027692307692
1.0635212307692308
0.9967643076923076
0.8657538461538461
0.5897556923076923
0.21111876923076925
-0.18086953846153844
-0.5853747692307693
-0.8465612307692307
-0.9909230769230769
-1.0334806153846152
-0.9149870769230769
-0.7236867692307692
-0.4351716923076923
-0.086784
0.23677846153846152
0.5567944615384616
0.8067156923076922
0.9660978461538461
1.067484923076923
1.0472492307692307
0.9272953846153846
0.6961495384615385
0.3817661538461538
0.040679999999999994
-0.3229366153846154
-0.6258461538461538
-0.8730553846153846
-1.011576
-1.0238843076923076
-0.9506603076923077
-0.7128387692307692
-0.37363015384615383
0.0043809230769230765
0.41493599999999997
0.7520584615384615
1.0030227692307692
1.136953846153846
1.1035753846153846
0.9554584615384615
0.6686123076923077
0.3077076923076923
-0.06633969230769231
-0.46291753846153844
-0.7996227692307692
-1.0583058461538462
-1.1855612307692307
-1.144464
-0.9602566153846154
-0.6421181538461538
-0.25054707692307693
0.18504184615384617
0.6185446153846154
0.9537895384615385
1.1728356923076924
1.2381323076923076
1.1158836923076922
0.8724295384615385
0.5092301538461538
0.09116492307692307
-0.30186646153846153
-0.6677778461538462
-0.9275039999999999
-1.0662332307692308
-1.0737433846153845
-0.912900923076923
-0.633564923076923
-0.28434276923076923
0.078648
0.41973415384615387
0.7067889230769231
0.9024701538461538
1.0147052307692306
1.0019796923076922
0.8557403076923077
0.6106172307692308
0.29352184615384613
-0.018775384615384614
-0.31062830769230765
-0.5651390769230769
-0.7234781538461538
-0.807132923076923
-0.787523076923077
-0.6425353846153846
-0.428496
-0.16897846153846155
0.09909230769230769
0.35339446153846155
0.5876695384615385
0.7558135384615385
0.8317495384615384
0.8065070769230769
0.6719501538461539
0.4783550769230769
0.2626467692307692
0.042557538461538466
-0.16209415384615386
-0.35798399999999997
-0.5144455384615384
-0.6248030769230769
-0.654217846153846
-0.5955969230769231
-0.4912892307692307
-0.3279433846153846
-0.14957723076923077
0.03859384615384615
0.2438713846153846
0.41973415384615387
0.5615926153846154
0.6304356923076923
0.6070707692307692
0.5292572307692308
0.40200184615384615
0.23531815384615382
0.03859384615384615
-0.17461107692307692
-0.3609046153846154
-0.5008855384615384
-0.5651390769230769
-0.5499101538461538
-0.48565661538461535
-0.3698750769230769
-0.23052
-0.06613107692307692
0.10764553846153846
0.24053353846153847
0.3421292307692308
0.37967999999999996
0.35631507692307696
0.2981113846153846
0.18650215384615382
0.05653476923076922
-0.08073415384615384
-0.21487384615384614
-0.3131316923076923
-0.36549415384615386
-0.36549415384615386
-0.3243969230769231
-0.2601433846153846
-0.18086953846153844
-0.09116492307692307
-0.0008344615384615384
0.07155507692307693
0.124752
0.157296
0.1476996923076923
0.11181784615384616
0.06446215384615385
0.004589538461538461
-0.047772923076923074
-0.09304246153846155
-0.11953661538461538
-0.10743692307692307
-0.07969107692307692
-0.040679999999999994
-0.0025033846153846152
0.016063384615384615
0.037967999999999995
0.05319692307692307
0.04902461538461538
0.040054153846153843
0.02044430769230769
0.010013538461538461
0.021070153846153846
0.04631261538461538
0.08782707692307692
0.12850707692307692
0.16856123076923077
0.19609846153846153
0.20131384615384615
0.1858763076923077
0.13810338461538463
0.07280676923076923
0.0
-0.07343261538461537
-0.13455692307692307
-0.18274707692307693
-0.20486030769230767
-0.18983999999999998
-0.146448
-0.06154153846153846
0.04318338461538461
0.13893784615384613
0.22843384615384613
0.2837169230769231
0.3127144615384615
0.31688676923076925
0.2830910769230769
0.21174461538461536
0.11181784615384616
0.018983999999999997
-0.06467076923076923
-0.12621230769230768
-0.16876984615384616
-0.20715507692307691
-0.2290596923076923
-0.22989415384615383
-0.20152246153846154
-0.13434830769230768
-0.05444861538461539
0.015646153846153844
0.06884307692307692
0.09554584615384615
0.12308307692307692
0.1476996923076923
0.15187199999999998
0.14311015384615386
0.12725538461538463
0.10368184615384615
0.07927384615384615
0.049233230769230765
0.013351384615384614
-0.02315630769230769
-0.061750153846153844
-0.07969107692307692
-0.07906523076923076
-0.06654830769230768
-0.051528
-0.02795446153846154
0.020027076923076922
0.08177723076923075
0.1462393846153846
0.20047938461538461
0.24011630769230768
0.2578486153846154
0.24616615384615384
0.2207150769230769
0.18212123076923076
0.11765907692307691
0.03337846153846154
-0.05653476923076922
-0.12725538461538463
-0.17231630769230769
-0.21028430769230766
-0.22572184615384616
-0.2140393846153846
-0.18274707692307693
-0.11640738461538462
-0.032544
0.05799507692307692
0.12642092307692307
0.15959076923076923
0.17273353846153844
0.16251138461538459
0.14686523076923075
0.10743692307692307
0.041514461538461535
-0.026285538461538457
-0.10180430769230768
-0.1635544615384615
-0.2056947692307692
-0.233232
-0.23281476923076924
-0.20986707692307693
-0.14978584615384616
-0.05820369230769231
0.03024923076923077
0.10263876923076923
0.14853415384615384
0.18086953846153844
0.20173107692307693
0.19505538461538463
0.16167692307692308
0.09387692307692307
0.008344615384615384
-0.08094276923076923
-0.16167692307692308
-0.21320492307692307
-0.2480436923076923
-0.25993476923076925
-0.24011630769230768
-0.1927606153846154
-0.11807630769230769
-0.03880246153846154
0.024408000000000003
0.07343261538461537
0.11244369230769231
0.14394461538461537
0.16251138461538459
0.16271999999999998
0.14540492307692307
0.10868861538461538
0.06738276923076922
0.04047138461538462
0.027120000000000002
0.021696
0.01940123076923077
0.017523692307692306
0.021070153846153846
0.027745846153846152
0.03108369230769231
0.02524246153846154
0.013560000000000001
0.013142769230769229
0.01981846153846154
0.050067692307692306
0.09596307692307693
0.1316363076923077
0.17085599999999998
0.20965846153846154
0.25367630769230765
0.28809784615384615
0.2920615384615385
0.26118646153846153
0.19213476923076922
0.10263876923076923
0.00855323076923077
-0.07823076923076923
-0.14811692307692306
-0.19651569230769228
-0.2127876923076923
-0.18253846153846154
-0.11452984615384615
-0.019192615384615384
0.08135999999999999
0.1656406153846154
0.235944
0.2753723076923077
0.2849686153846154
0.25430215384615384
0.17461107692307692
0.06696553846153847
-0.04672984615384615
-0.1316363076923077
-0.17377661538461536
-0.1779489230769231
-0.15687876923076924
-0.11160923076923077
-0.043392
0.046104
0.13518276923076925
0.20027076923076922
0.23385784615384617
0.22947692307692308
0.2056947692307692
0.15416676923076922
0.08469784615384615
0.007301538461538462
-0.07280676923076923
-0.1353913846153846
-0.168144
-0.16418030769230768
-0.13998092307692306
-0.11223507692307692
-0.08761846153846153
-0.05924676923076923
-0.03650769230769231
-0.01710646153846154
-0.011682461538461537
-0.02023569230769231
-0.029623384615384614
-0.04756430769230769
-0.04965046153846154
-0.04672984615384615
-0.03880246153846154
-0.029414769230769227
-0.02044430769230769
0.0014603076923076922
0.021696
0.034630153846153845
0.02524246153846154
-0.0014603076923076922
-0.03609046153846154
-0.06195876923076923
-0.073224
-0.08094276923076923
-0.08198584615384615
-0.07531015384615385
-0.05236246153846154
-0.010222153846153844
0.046104
0.09658892307692307
0.12558646153846154
0.13080184615384613
0.11765907692307691
0.09658892307692307
0.06717415384615384
0.035464615384615386
0.002086153846153846
-0.023990769230769232
-0.023990769230769232
-0.003963692307692307
0.026702769230769228
0.05736923076923077
0.07739630769230768
0.08949599999999999
0.09763200000000001
0.10201292307692307
0.09137353846153846
0.05799507692307692
0.0012516923076923076
-0.06446215384615385
-0.11160923076923077
-0.13497415384615385
-0.14081538461538462
-0.13121907692307694
-0.1045163076923077
-0.059038153846153844
0.002086153846153846
0.06404492307692307
0.10597661538461538
0.11557292307692307
0.09179076923076923
0.04380923076923077
-0.012099692307692308
-0.08010830769230769
-0.15187199999999998
-0.208824
-0.23886461538461537
-0.2221753846153846
-0.17440246153846153
-0.10243015384615384
-0.043392
0.0012516923076923076
0.0609156923076923
0.116616
0.16480615384615382
0.18712800000000002
0.18107815384615383
0.1656406153846154
0.15208061538461537
0.17085599999999998
0.2374043076923077
0.18963138461538462
0.07614461538461538
0.013768615384615384
-0.04819015384615385
0.03755076923076923
0.015228923076923076
-0.08866153846153846
-0.11891076923076922
-0.17002153846153847
-0.0025033846153846152
0.11348676923076922
0.17002153846153847
0.184416
0.11348676923076922
0.21466523076923077
0.241368
0.2586830769230769
0.17461107692307692
-0.05090215384615384
-0.13309661538461537
-0.25764
-0.2807963076923077
-0.2703655384615385
-0.33524492307692305
-0.23010276923076922
-0.17544553846153846
-0.061124307692307686
0.13998092307692306
0.21111876923076925
0.3425464615384616
0.34171199999999996
0.23928184615384615
0.21654276923076923
0.10639384615384614
0.07739630769230768
0.018358153846153843
-0.1178676923076923
-0.17711446153846155
-0.2659846153846154
-0.22864246153846152
-0.16209415384615386
-0.1721076923076923
-0.1395636923076923
-0.13747753846153846
-0.030040615384615384
0.12433476923076923
0.17398523076923075
0.22447015384615385
0.1927606153846154
0.17690584615384616
0.21487384615384614
0.1489513846153846
0.09241661538461539
0.010013538461538461
-0.0880356923076923
-0.09387692307692307
-0.12350030769230769
-0.14665661538461539
-0.17565415384615385
-0.24741784615384615
-0.2526332307692308
-0.24408
-0.2021483076923077
-0.13226215384615383
-0.059038153846153844
0.06133292307692308
0.13768615384615385
0.21925476923076925
0.2849686153846154
0.2849686153846154
0.2789187692307692
0.17815753846153848
0.06028984615384615
-0.031709538461538456
-0.15082892307692305
-0.2194633846153846
-0.29414769230769233
-0.3321156923076923
-0.2862203076923077
-0.22676492307692306
-0.11014892307692307
-0.0012516923076923076
0.10076123076923077
0.24658338461538462
0.3456756923076923
0.3919883076923077
0.34630153846153844
0.2399076923076923
0.1570873846153846
0.047772923076923074
-0.05924676923076923
-0.1733593846153846
-0.2862203076923077
-0.2981113846153846
-0.26640184615384616
-0.19693292307692306
-0.08115138461538463
-0.00855323076923077
0.09137353846153846
0.1733593846153846
0.20339999999999997
0.24554030769230767
0.22342707692307692
0.18212123076923076
0.13518276923076925
0.06633969230769231
0.02023569230769231
-0.03483876923076923
-0.061124307692307686
-0.07113784615384615
-0.08344615384615384
-0.06195876923076923
-0.05027630769230769
-0.014185846153846153
0.023782153846153845
0.02482523076923077
0.040679999999999994
0.017315076923076923
-0.004172307692307692
0.006675692307692307
-0.009804923076923077
-0.0077187692307692304
-0.009179076923076922
-0.0043809230769230765
0.054657230769230764
0.100344
0.12704676923076924
0.12579507692307693
0.07510153846153846
0.040262769230769234
-0.009596307692307692
-0.08365476923076923
-0.14916
-0.21508246153846153
-0.22593046153846155
-0.20944984615384615
-0.16292861538461537
-0.07510153846153846
0.011056615384615385
0.12788123076923075
0.2194633846153846
0.26681907692307694
0.29080984615384614
0.2563883076923077
0.22780799999999998
0.18483323076923078
0.0892873846153846
0.0018775384615384615
-0.08615815384615384
-0.13247076923076923
-0.12913292307692306
-0.11849353846153846
-0.07739630769230768
-0.021904615384615383
0.045895384615384616
0.12725538461538463
0.19735015384615384
0.2532590769230769
0.2737033846153846
0.25555384615384613
0.20632061538461538
0.12558646153846154
0.03880246153846154
-0.04652123076923077
-0.10889723076923077
-0.146448
-0.17085599999999998
-0.14665661538461539
-0.07259815384615384
0.031918153846153846
0.13601723076923075
0.20444307692307692
0.2559710769230769
0.2899753846153846
0.2995716923076923
0.2780843076923077
0.20486030769230767
0.11286092307692308
0.02545107692307692
-0.03629907692307692
-0.06404492307692307
-0.09012184615384615
-0.11411261538461538
-0.12433476923076923
-0.111192
-0.07343261538461537
-0.04652123076923077
-0.03775938461538462
-0.035255999999999996
-0.045895384615384616
-0.03337846153846154
-0.004798153846153846
0.019609846153846155
0.056951999999999996
0.08511507692307693
0.11599015384615384
0.14060676923076923
0.14999446153846155
0.15500123076923078
0.12621230769230768
0.07572738461538461
0.01272553846153846
-0.04672984615384615
-0.08699261538461538
-0.12433476923076923
-0.14081538461538462
-0.1316363076923077
-0.09012184615384615
-0.0012516923076923076
0.10430769230769231
0.21341353846153846
0.3039526153846154
0.3442153846153846
0.3646596923076923
0.3554806153846154
0.29727692307692305
0.19797599999999999
0.04965046153846154
-0.10576799999999999
-0.23406646153846156
-0.31188
-0.32564861538461537
-0.3039526153846154
-0.2415766153846154
-0.15416676923076922
-0.05194523076923077
0.06529661538461538
0.15416676923076922
0.20465169230769228
0.20965846153846154
0.16334584615384617
0.08991323076923076
-0.012934153846153845
-0.13038461538461538
-0.22780799999999998
-0.2995716923076923
-0.3252313846153846
-0.29873723076923075
-0.22989415384615383
-0.12120553846153845
-0.004589538461538461
0.10535076923076922
0.20277415384615383
0.27620676923076926
0.31626092307692305
0.31542646153846154
0.2774584615384615
0.20548615384615385
0.12934153846153845
0.05277969230769231
-0.01814953846153846
-0.059872615384615385
-0.0880356923076923
-0.08615815384615384
-0.05319692307692307
-0.01940123076923077
0.003963692307692307
-0.003129230769230769
-0.030875076923076922
-0.054657230769230764
-0.07426707692307692
-0.08636676923076922
-0.0963803076923077
-0.09700615384615385
-0.07885661538461539
-0.03880246153846154
0.027745846153846152
0.09158215384615384
0.13476553846153844
0.14936861538461538
0.13101046153846155
0.08845292307692308
0.027120000000000002
-0.042557538461538466
-0.11411261538461538
-0.17377661538461536
-0.20193969230769232
-0.1873366153846154
-0.13205353846153844
-0.05048492307692308
0.04401784615384615
0.1462393846153846
0.2422024615384615
0.32314523076923074
0.36549415384615386
0.35193415384615384
0.2860116923076923
0.1710646153846154
0.04109723076923077
-0.0826116923076923
-0.18525046153846153
-0.25430215384615384
-0.2920615384615385
-0.2891409230769231
-0.23677846153846152
-0.146448
-0.040054153846153843
0.06675692307692307
0.1502030769230769
0.206112
0.2330233846153846
0.21967199999999998
0.16501476923076921
0.06800861538461538
-0.043600615384615383
-0.13601723076923075
-0.19150892307692308
-0.20652923076923077
-0.1992276923076923
-0.1612596923076923
-0.09700615384615385
-0.022530461538461537
0.06341907692307691
0.13497415384615385
0.1794092307692308
0.18921415384615384
0.16271999999999998
0.11828492307692307
0.06696553846153847
0.009387692307692307
-0.04902461538461538
-0.09491999999999999
-0.11953661538461538
-0.12662953846153846
-0.12621230769230768
-0.12808984615384614
-0.13476553846153844
-0.13706030769230768
-0.14164984615384615
-0.14540492307692307
-0.14060676923076923
-0.13789476923076924
-0.12808984615384614
-0.10555938461538462
-0.07405846153846153
-0.019192615384615384
0.04318338461538461
0.09471138461538461
0.13247076923076923
0.14749107692307692
0.1397723076923077
0.10994030769230768
0.05298830769230769
-0.029206153846153847
-0.1178676923076923
-0.19839323076923077
-0.24512307692307692
-0.24908676923076922
-0.214248
-0.14916
-0.06946892307692307
0.040679999999999994
0.1704387692307692
0.2851772307692308
0.36215630769230767
0.3815575384615385
0.3481790769230769
0.2782929230769231
0.1800350769230769
0.059664
-0.07051199999999999
-0.18483323076923078
-0.26494153846153845
-0.30416123076923074
-0.28768061538461537
-0.2238443076923077
-0.12996738461538462
-0.014185846153846153
0.10076123076923077
0.2008966153846154
0.2643156923076923
0.27474646153846155
0.24595753846153845
0.18191261538461537
0.09408553846153846
0.005215384615384615
-0.07843938461538462
-0.14686523076923075
-0.18983999999999998
-0.21091015384615383
-0.19463815384615382
-0.14311015384615386
-0.06926030769230769
0.01668923076923077
0.0853236923076923
0.13810338461538463
0.17419384615384614
0.1777403076923077
0.14665661538461539
0.0853236923076923
0.012308307692307691
-0.04756430769230769
-0.0853236923076923
-0.10201292307692307
-0.11140061538461538
-0.10347323076923076
-0.08010830769230769
-0.051528
-0.016272
0.0022947692307692304
0.011265230769230769
0.0
-0.03150092307692308
-0.055491692307692304
-0.07218092307692307
-0.07531015384615385
-0.06049846153846154
-0.03129230769230769
0.015437538461538461
0.06696553846153847
0.11870215384615385
0.17586276923076924
0.222384
0.2588916923076923
0.28267384615384616
0.28768061538461537
0.2709913846153846
0.21675138461538462
0.12767261538461538
0.02545107692307692
-0.07238953846153846
-0.14457046153846154
-0.18712800000000002
-0.1992276923076923
-0.17231630769230769
-0.11265230769230769
-0.018983999999999997
0.08490646153846154
0.1733593846153846
0.233232
0.25305046153846156
0.2436627692307692
0.19463815384615382
0.11348676923076922
0.008344615384615384
-0.10722830769230769
-0.19651569230769228
-0.26139507692307695
-0.2845513846153846
-0.26619323076923074
-0.222384
-0.14519630769230768
-0.05799507692307692
0.04172307692307692
0.13434830769230768
0.1860849230769231
0.19150892307692308
0.1435273846153846
0.051319384615384614
-0.06279323076923077
-0.13059323076923077
-0.12996738461538462
-0.07134646153846153
0.04547815384615384
0.17440246153846153
0.32585723076923073
0.4756430769230769
0.5770301538461539
0.6058190769230769
0.5129852307692307
0.3490135384615385
0.1656406153846154
-0.018983999999999997
-0.22321846153846153
-0.412224
-0.5353070769230769
-0.5887126153846154
-0.49984246153846157
-0.327108923076923
-0.11160923076923077
0.1151556923076923
0.3114627692307692
0.4912892307692307
0.5770301538461539
0.5674338461538462
0.443724923076923
0.23782153846153845
0.003129230769230769
-0.2638984615384615
-0.4752258461538461
-0.6289753846153846
-0.6794603076923076
-0.5918418461538462
-0.42661846153846156
-0.18086953846153844
0.07009476923076922
0.3049956923076923
0.5204953846153846
0.6172929230769231
0.6233427692307691
0.5469895384615384
0.40325353846153844
0.25701415384615384
0.07885661538461539
-0.09179076923076923
-0.23949046153846154
-0.3513083076923077
-0.3811403076923077
-0.3669544615384615
-0.30937661538461536
-0.2292683076923077
-0.12788123076923075
0.002086153846153846
0.0961716923076923
0.1706473846153846
0.22029784615384615
0.22822523076923076
0.24345415384615382
0.22718215384615387
0.19150892307692308
0.17461107692307692
0.15208061538461537
0.1612596923076923
0.16418030769230768
0.12350030769230769
0.07092923076923077
-0.010222153846153844
-0.0936683076923077
-0.18212123076923076
-0.2659846153846154
-0.30186646153846153
-0.28476
-0.1908830769230769
-0.04526953846153846
0.124752
0.29498215384615384
0.43162523076923076
0.5365587692307692
0.5770301538461539
0.5219556923076923
0.40346215384615386
0.2342750769230769
0.02795446153846154
-0.1718990769230769
-0.3575667692307692
-0.48857723076923076
-0.5526221538461538
-0.5584633846153846
-0.4917064615384615
-0.36778892307692307
-0.18399876923076922
0.03775938461538462
0.2574313846153846
0.4303735384615384
0.5292572307692308
0.5647218461538461
0.5221643076923077
0.409512
0.22634769230769228
-0.012934153846153845
-0.22697353846153845
-0.38343507692307693
-0.47230523076923075
-0.4720966153846154
-0.3949089230769231
-0.24908676923076922
-0.05507446153846154
0.13455692307692307
0.29727692307692305
0.4086775384615385
0.4351716923076923
0.3980381538461538
0.31083692307692307
0.18712800000000002
0.05069353846153846
-0.09283384615384616
-0.2221753846153846
-0.31229723076923077
-0.34233784615384616
-0.3243969230769231
-0.2674449230769231
-0.184416
-0.09179076923076923
0.015437538461538461
0.10597661538461538
0.16188553846153847
0.18879692307692306
0.1704387692307692
0.11703323076923078
0.059038153846153844
0.0004172307692307692
-0.042557538461538466
-0.06633969230769231
-0.07051199999999999
-0.0448523076923077
0.0029206153846153843
0.07948246153846153
0.16438892307692307
0.21842030769230766
0.2205064615384615
0.1656406153846154
0.09450276923076922
0.013560000000000001
-0.09408553846153846
-0.19818461538461538
-0.29101846153846156
-0.33524492307692305
-0.3193901538461538
-0.26723630769230766
-0.1635544615384615
-0.05382276923076923
0.053405538461538456
0.1704387692307692
0.26494153846153845
0.327108923076923
0.33023815384615385
0.2695310769230769
0.19004861538461537
0.09408553846153846
-0.011056615384615385
-0.0963803076923077
-0.17273353846153844
-0.2225926153846154
-0.24866953846153847
-0.2415766153846154
-0.18942276923076923
-0.12725538461538463
-0.051528
0.010222153846153844
0.05820369230769231
0.11160923076923077
0.14081538461538462
0.15145476923076923
0.1368516923076923
0.09763200000000001
0.06821723076923077
0.050067692307692306
0.04756430769230769
0.04631261538461538
0.017732307692307693
-0.018775384615384614
-0.046104
-0.06300184615384616
-0.07906523076923076
-0.11140061538461538
-0.15187199999999998
-0.18963138461538462
-0.20423446153846153
-0.19317784615384614
-0.16730953846153845
-0.11891076923076922
-0.05736923076923077
0.02315630769230769
0.11473846153846154
0.19067446153846154
0.23803015384615384
0.22676492307692306
0.16876984615384616
0.10076123076923077
0.016272
-0.06675692307692307
-0.14144123076923076
-0.2056947692307692
-0.2288510769230769
-0.21111876923076925
-0.13747753846153846
-0.023990769230769232
0.10493353846153847
0.23239753846153846
0.3243969230769231
0.3896935384615384
0.40846892307692306
0.36403384615384615
0.265776
0.12037107692307693
-0.03692492307692308
-0.17982646153846152
-0.2937304615384615
-0.3611132307692308
-0.3775938461538461
-0.3408775384615384
-0.2438713846153846
-0.10389046153846154
0.053614153846153846
0.18754523076923074
0.26619323076923074
0.29832
0.2795446153846154
0.2138307692307692
0.12329169230769231
0.016272
-0.09909230769230769
-0.19359507692307693
-0.2517987692307692
-0.2601433846153846
-0.2261390769230769
-0.17273353846153844
-0.10597661538461538
-0.03921969230769231
0.028788923076923077
0.0798996923076923
0.08866153846153846
0.06028984615384615
0.007301538461538462
-0.04672984615384615
-0.08845292307692308
-0.11077476923076923
-0.10868861538461538
-0.0988836923076923
-0.07405846153846153
-0.026702769230769228
0.027120000000000002
0.08636676923076922
0.12725538461538463
0.13768615384615385
0.11724184615384614
0.06905169230769231
0.012516923076923077
-0.04714707692307692
-0.10889723076923077
-0.16647507692307692
-0.1992276923076923
-0.19067446153846154
-0.14144123076923076
-0.07197230769230768
0.005215384615384615
0.08094276923076923
0.1570873846153846
0.23156307692307693
0.2782929230769231
0.29498215384615384
0.2724516923076923
0.2154996923076923
0.14519630769230768
0.06070707692307692
-0.009596307692307692
-0.06863446153846153
-0.11473846153846154
-0.12767261538461538
-0.11974523076923077
-0.07843938461538462
-0.02315630769230769
0.035464615384615386
0.09679753846153846
0.146448
0.19046584615384615
0.21216184615384615
0.2056947692307692
0.17648861538461538
0.12099692307692309
0.05611753846153846
-0.009804923076923077
-0.06926030769230769
-0.10827138461538462
-0.13455692307692307
-0.13768615384615385
-0.11494707692307692
-0.06884307692307692
-0.005424
0.05298830769230769
0.10848000000000001
0.157296
0.18379015384615385
0.1860849230769231
0.16438892307692307
0.11619876923076923
0.05674338461538461
0.0016689230769230767
-0.03358707692307692
-0.055491692307692304
-0.06154153846153846
-0.05528307692307692
-0.05590892307692308
-0.042348923076923076
-0.026702769230769228
-0.01043076923076923
0.002086153846153846
-0.007301538461538462
-0.023364923076923075
-0.042974769230769226
-0.05653476923076922
-0.056951999999999996
-0.03713353846153846
-0.005424
0.03045784615384615
0.07343261538461537
0.10576799999999999
0.124752
0.12955015384615384
0.11077476923076923
0.0855323076923077
0.051319384615384614
-0.0016689230769230767
-0.049233230769230765
-0.10681107692307691
-0.15291507692307693
-0.16438892307692307
-0.14916
-0.0961716923076923
-0.029414769230769227
0.051528
0.1397723076923077
0.21737723076923077
0.27704123076923076
0.2970683076923077
0.2860116923076923
0.2422024615384615
0.16772676923076923
0.09533723076923077
0.01814953846153846
-0.05277969230769231
-0.103056
-0.13622584615384614
-0.12287446153846153
-0.08490646153846154
-0.035255999999999996
0.015020307692307692
0.04380923076923077
0.073224
0.09533723076923077
0.10138707692307691
0.092208
0.06654830769230768
0.04088861538461538
0.024408000000000003
0.021696
0.02858030769230769
0.04088861538461538
0.05820369230769231
0.08115138461538463
0.10180430769230768
0.11244369230769231
0.11056615384615384
0.09241661538461539
0.05924676923076923
0.013142769230769229
-0.027745846153846152
-0.05611753846153846
-0.08198584615384615
-0.09784061538461537
-0.10597661538461538
-0.10514215384615383
-0.07551876923076924
-0.03129230769230769
0.006049846153846154
0.022947692307692308
0.024408000000000003
0.023990769230769232
0.008761846153846153
-0.022947692307692308
-0.07280676923076923
-0.13184492307692308
-0.17502830769230768
-0.18149538461538461
-0.14999446153846155
-0.09992676923076924
-0.03942830769230769
0.02795446153846154
0.09199938461538461
0.1476996923076923
0.1775316923076923
0.17690584615384616
0.14665661538461539
0.09575446153846154
0.04965046153846154
0.011891076923076923
-0.017523692307692306
-0.04902461538461538
-0.07113784615384615
-0.07739630769230768
-0.06800861538461538
-0.03588184615384615
0.0016689230769230767
0.03400430769230769
0.05653476923076922
0.06967753846153846
0.08594953846153845
0.11265230769230769
0.13101046153846155
0.13789476923076924
0.13038461538461538
0.10222153846153846
0.07906523076923076
0.051528
0.011473846153846154
-0.02858030769230769
-0.06821723076923077
-0.08720123076923077
-0.07885661538461539
-0.05507446153846154
-0.022530461538461537
0.01668923076923077
0.054657230769230764
0.0936683076923077
0.13706030769230768
0.15896492307692306
0.15813046153846153
0.13935507692307691
0.10055261538461538
0.05382276923076923
0.011473846153846154
-0.02858030769230769
-0.06571384615384615
-0.09596307692307693
-0.1151556923076923
-0.11640738461538462
-0.11077476923076923
-0.09679753846153846
-0.07238953846153846
-0.04318338461538461
-0.002712
0.031709538461538456
0.05507446153846154
0.05507446153846154
0.018983999999999997
-0.03838523076923077
-0.10055261538461538
-0.14206707692307693
-0.1948467692307692
-0.23615261538461538
-0.2540935384615385
-0.222384
-0.143736
-0.014394461538461538
0.1869193846153846
0.2369870769230769
0.2737033846153846
0.3060387692307692
0.26869661538461537
0.2830910769230769
0.13226215384615383
-0.04214030769230769
-0.21445661538461538
-0.34651015384615386
-0.3054129230769231
-0.29080984615384614
-0.22822523076923076
-0.16584923076923075
-0.06258461538461538
0.16188553846153847
0.3377483076923077
0.4975476923076923
0.5182006153846154
0.4147273846153846
0.3346190769230769
0.18358153846153846
0.05924676923076923
-0.08511507692307693
-0.2724516923076923
-0.33607938461538456
-0.417648
-0.39344861538461534
-0.24011630769230768
-0.13914646153846155
0.028371692307692306
0.13476553846153844
0.21049292307692305
0.31626092307692305
0.327108923076923
0.34504984615384615
0.3004061538461538
0.17085599999999998
0.06633969230769231
-0.03838523076923077
-0.07656184615384615
-0.10764553846153846
-0.17085599999999998
-0.1760713846153846
-0.17398523076923075
-0.09658892307692307
-0.0004172307692307692
0.03150092307692308
0.08490646153846154
0.10368184615384615
0.14018953846153845
0.19150892307692308
0.15896492307692306
0.12350030769230769
0.06404492307692307
-0.0018775384615384615
-0.0012516923076923076
-0.018358153846153843
-0.04214030769230769
-0.06800861538461538
-0.10994030769230768
-0.12245723076923076
-0.1368516923076923
-0.15333230769230768
-0.16418030769230768
-0.1506203076923077
-0.10994030769230768
-0.08094276923076923
-0.008970461538461538
0.07051199999999999
0.12621230769230768
0.18086953846153844
0.18066092307692305
0.17273353846153844
0.13434830769230768
0.05069353846153846
-0.013560000000000001
-0.103056
-0.17231630769230769
-0.1779489230769231
-0.17023015384615386
-0.12996738461538462
-0.08177723076923075
-0.02586830769230769
0.07280676923076923
0.15124615384615384
0.1873366153846154
0.17377661538461536
0.14123261538461537
0.1314276923076923
0.09137353846153846
0.040054153846153843
-0.03150092307692308
-0.12204
-0.15875630769230767
-0.17502830769230768
-0.15228923076923076
-0.10076123076923077
-0.06049846153846154
0.017315076923076923
0.0963803076923077
0.1718990769230769
0.2572227692307692
0.3031181538461538
0.31083692307692307
0.2772498461538462
0.2075723076923077
0.12204
0.02357353846153846
-0.059664
-0.13184492307692308
-0.17148184615384612
-0.16334584615384617
-0.12621230769230768
-0.04839876923076923
0.03609046153846154
0.11745046153846153
0.20486030769230767
0.26139507692307695
0.29832
0.3214763076923077
0.28851507692307693
0.21800307692307694
0.11056615384615384
-0.01043076923076923
-0.0988836923076923
-0.19192615384615386
-0.26869661538461537
-0.31396615384615384
-0.32961230769230765
-0.2914356923076923
-0.2273907692307692
-0.14665661538461539
-0.05757784615384615
0.02795446153846154
0.10722830769230769
0.16271999999999998
0.19568123076923075
0.20047938461538461
0.173568
0.14665661538461539
0.10263876923076923
0.026702769230769228
-0.05862092307692307
-0.14665661538461539
-0.1881710769230769
-0.1990190769230769
-0.19839323076923077
-0.15813046153846153
-0.10055261538461538
-0.016063384615384615
0.0798996923076923
0.1637630769230769
0.23448369230769228
0.2626467692307692
0.25513661538461535
0.2221753846153846
0.15896492307692306
0.08448923076923077
-0.006467076923076923
-0.09930092307692308
-0.1704387692307692
-0.22697353846153845
-0.24762646153846155
-0.2497126153846154
-0.22989415384615383
-0.18754523076923074
-0.14728246153846153
-0.07948246153846153
0.0002086153846153846
0.06946892307692307
0.11473846153846154
0.12558646153846154
0.12642092307692307
0.11891076923076922
0.0961716923076923
0.06049846153846154
0.0012516923076923076
-0.07343261538461537
-0.1341396923076923
-0.16710092307692306
-0.16647507692307692
-0.15145476923076923
-0.12955015384615384
-0.09012184615384615
-0.03024923076923077
0.0446436923076923
0.11452984615384615
0.1710646153846154
0.20527753846153846
0.20965846153846154
0.19609846153846153
0.17231630769230769
0.13059323076923077
0.07677046153846154
0.015646153846153844
-0.0446436923076923
-0.08636676923076922
-0.10201292307692307
-0.09450276923076922
-0.07051199999999999
-0.03024923076923077
0.018775384615384614
0.08052553846153847
0.138312
0.1804523076923077
0.21007569230769232
0.2127876923076923
0.20861538461538462
0.1910916923076923
0.1614683076923077
0.127464
0.07072061538461538
0.014603076923076923
-0.026076923076923077
-0.03713353846153846
-0.021070153846153846
-0.0050067692307692304
0.010013538461538461
0.024408000000000003
0.04902461538461538
0.06884307692307692
0.07468430769230769
0.07426707692307692
0.04568676923076923
0.008344615384615384
-0.021696
-0.04380923076923077
-0.048816000000000005
-0.05528307692307692
-0.05611753846153846
-0.042557538461538466
-0.018775384615384614
0.011682461538461537
0.03609046153846154
0.052153846153846155
0.05298830769230769
0.04380923076923077
0.03024923076923077
0.005215384615384615
-0.021904615384615383
-0.04819015384615385
-0.07134646153846153
-0.0771876923076923
-0.06988615384615385
-0.04714707692307692
-0.011473846153846154
0.01981846153846154
0.05444861538461539
0.09992676923076924
0.14331876923076922
0.1691870769230769
0.168144
0.1424843076923077
0.10576799999999999
0.06738276923076922
0.028163076923076923
-0.02211323076923077
-0.08594953846153845
-0.1435273846153846
-0.18086953846153844
-0.19046584615384615
-0.18337292307692307
-0.16480615384615382
-0.13872923076923074
-0.10514215384615383
-0.05820369230769231
-0.0070929230769230765
0.03629907692307692
0.06717415384615384
0.08031692307692308
0.07760492307692309
0.06863446153846153
0.05194523076923077
0.025033846153846153
-0.012308307692307691
-0.05444861538461539
-0.08720123076923077
-0.10576799999999999
-0.10347323076923076
-0.07259815384615384
-0.02858030769230769
0.01940123076923077
0.07009476923076922
0.12788123076923075
0.18399876923076922
0.2140393846153846
0.21508246153846153
0.1881710769230769
0.13393107692307693
0.08866153846153846
0.059038153846153844
0.030875076923076922
0.02273907692307692
0.026702769230769228
0.054240000000000003
0.08824430769230769
0.1045163076923077
0.100344
0.06967753846153846
0.040679999999999994
0.004798153846153846
-0.026702769230769228
-0.05382276923076923
-0.08845292307692308
-0.10785415384615385
-0.10722830769230769
-0.07656184615384615
-0.02858030769230769
0.02357353846153846
0.07051199999999999
0.10201292307692307
0.12537784615384615
0.13726892307692307
0.12829846153846153
0.10138707692307691
0.06321046153846153
0.014185846153846153
-0.03713353846153846
-0.07885661538461539
-0.10994030769230768
-0.1207883076923077
-0.11578153846153846
-0.0892873846153846
-0.03442153846153846
0.02795446153846154
0.09074769230769231
0.1368516923076923
0.15938215384615384
0.16793538461538463
0.15813046153846153
0.12662953846153846
0.078648
0.015020307692307692
-0.05111076923076923
-0.10764553846153846
-0.14582215384615385
-0.16772676923076923
-0.18545907692307692
-0.18858830769230767
-0.17023015384615386
-0.12767261538461538
-0.06863446153846153
-0.00855323076923077
0.04380923076923077
0.08302892307692307
0.12016246153846154
0.14853415384615384
0.1585476923076923
0.1489513846153846
0.10994030769230768
0.05736923076923077
0.003755076923076923
-0.040679999999999994
-0.07343261538461537
-0.10201292307692307
-0.11849353846153846
-0.11098338461538461
-0.07969107692307692
-0.03108369230769231
0.03150092307692308
0.08907876923076924
0.138312
0.17461107692307692
0.19296923076923078
0.19025723076923076
0.1489513846153846
0.08135999999999999
-0.0012516923076923076
-0.08052553846153847
-0.13643446153846153
-0.17294215384615383
-0.18504184615384617
-0.1804523076923077
-0.15625292307692307
-0.10994030769230768
-0.05444861538461539
-0.006049846153846154
0.025033846153846153
0.0446436923076923
0.05757784615384615
0.07969107692307692
0.09679753846153846
0.09679753846153846
0.08115138461538463
0.045895384615384616
-0.002712
-0.054657230769230764
-0.09700615384615385
-0.13601723076923075
-0.17023015384615386
-0.18525046153846153
-0.16689230769230767
-0.11286092307692308
-0.045895384615384616
0.030875076923076922
0.10472492307692308
0.1635544615384615
0.20527753846153846
0.22154953846153846
0.21049292307692305
0.15667015384615385
0.06967753846153846
-0.02586830769230769
-0.12537784615384615
-0.21111876923076925
-0.27286892307692306
-0.3068732307692308
-0.29873723076923075
-0.24595753846153845
-0.14790830769230767
-0.018983999999999997
0.10868861538461538
0.22447015384615385
0.3116713846153846
0.3588184615384616
0.3692492307692308
0.32982092307692307
0.24595753846153845
0.1341396923076923
0.005632615384615384
-0.10889723076923077
-0.20861538461538462
-0.2799618461538461
-0.31125415384615385
-0.31000246153846156
-0.25054707692307693
-0.14916
-0.017940923076923077
0.12767261538461538
0.24908676923076922
0.35193415384615384
0.4105550769230769
0.41493599999999997
0.36611999999999995
0.25159015384615385
0.11202646153846153
-0.028788923076923077
-0.15541846153846153
-0.2507556923076923
-0.306456
-0.31396615384615384
-0.273912
-0.20506892307692307
-0.10660246153846153
0.006675692307692307
0.10326461538461539
0.17899199999999998
0.21195323076923075
0.23114584615384615
0.22947692307692308
0.20632061538461538
0.17294215384615383
0.11703323076923078
0.06300184615384616
0.05716061538461538
0.10660246153846153
0.03337846153846154
-0.0012516923076923076
-0.03275261538461539
-0.09095630769230768
0.03713353846153846
-0.045060923076923075
-0.16292861538461537
-0.19463815384615382
-0.1942209230769231
-0.07969107692307692
-0.03963692307692308
0.029623384615384614
0.026911384615384615
0.07927384615384615
0.24199384615384617
0.3304467692307692
0.3913624615384615
0.32502276923076917
0.235944
0.19192615384615386
0.07843938461538462
0.010848
-0.08782707692307692
-0.2273907692307692
-0.2507556923076923
-0.31188
-0.31083692307692307
-0.21675138461538462
-0.1718990769230769
0.004589538461538461
0.116616
0.16793538461538463
0.31208861538461535
0.3698750769230769
0.42724430769230765
0.427452923076923
0.32564861538461537
0.2056947692307692
0.06133292307692308
-0.013768615384615384
-0.08052553846153847
-0.21007569230769232
-0.31083692307692307
-0.3623649230769231
-0.2858030769230769
-0.20506892307692307
-0.18963138461538462
-0.11035753846153845
-0.054240000000000003
0.06133292307692308
0.20235692307692305
0.2374043076923077
0.27787569230769227
0.260352
0.19505538461538463
0.17565415384615385
0.08240307692307691
-0.03045784615384615
-0.15124615384615384
-0.30144923076923075
-0.3819747692307692
-0.41368430769230763
-0.39595199999999997
-0.34296369230769225
-0.22447015384615385
-0.0897046153846154
0.006049846153846154
0.12975876923076923
0.21529107692307692
0.2749550769230769
0.3246055384615385
0.25659692307692306
0.19818461538461538
0.168144
0.06633969230769231
-0.029206153846153847
-0.14832553846153845
-0.235944
-0.2601433846153846
-0.2716172307692308
-0.23469230769230767
-0.20277415384615383
-0.16000799999999998
-0.04839876923076923
0.08615815384615384
0.18545907692307692
0.23761292307692305
0.292896
0.3502652307692307
0.35339446153846155
0.3095852307692307
0.19735015384615384
0.06967753846153846
-0.006049846153846154
-0.12037107692307693
-0.19609846153846153
-0.20444307692307692
-0.22134092307692307
-0.17544553846153846
-0.119328
-0.05716061538461538
0.06592246153846154
0.18399876923076922
0.28434276923076923
0.3581926153846154
0.385104
0.38301784615384615
0.35610646153846154
0.30583015384615386
0.2209236923076923
0.12162276923076921
0.009804923076923077
-0.1070196923076923
-0.16292861538461537
-0.18942276923076923
-0.19547261538461536
-0.1614683076923077
-0.12016246153846154
-0.016480615384615385
0.12016246153846154
0.2209236923076923
0.2997803076923077
0.30708184615384615
0.27620676923076926
0.2772498461538462
0.25972615384615383
0.19672430769230767
0.10263876923076923
0.0043809230769230765
-0.058829538461538454
-0.10013538461538461
-0.1218313846153846
-0.12621230769230768
-0.11703323076923078
-0.08866153846153846
-0.059664
-0.012099692307692308
0.02044430769230769
0.04652123076923077
0.08386338461538462
0.08323753846153846
0.0826116923076923
0.0826116923076923
0.058829538461538454
0.046104
0.014185846153846153
-0.047772923076923074
-0.086784
-0.09909230769230769
-0.08574092307692306
-0.06967753846153846
-0.0892873846153846
-0.10910584615384614
-0.10576799999999999
-0.08907876923076924
-0.07364123076923076
-0.06905169230769231
-0.06800861538461538
-0.07510153846153846
-0.06070707692307692
-0.03337846153846154
-0.028371692307692306
-0.017523692307692306
-0.015646153846153844
-0.0050067692307692304
0.016063384615384615
0.010013538461538461
0.004589538461538461
-0.018358153846153843
-0.05298830769230769
-0.08094276923076923
-0.11745046153846153
-0.13768615384615385
-0.1341396923076923
-0.12245723076923076
-0.111192
-0.09012184615384615
-0.051319384615384614
-0.008136
0.037967999999999995
0.07697907692307693
0.09283384615384616
0.10430769230769231
0.09471138461538461
0.06821723076923077
0.03775938461538462
-0.023990769230769232
-0.06571384615384615
-0.08115138461538463
-0.09700615384615385
-0.09679753846153846
-0.10535076923076922
-0.10660246153846153
-0.07280676923076923
-0.029414769230769227
0.02232184615384615
0.06884307692307692
0.0988836923076923
0.11724184615384614
0.1218313846153846
0.11223507692307692
0.08740984615384616
0.06467076923076923
0.04318338461538461
0.021070153846153846
0.004589538461538461
-0.004798153846153846
-0.008761846153846153
-0.0070929230769230765
-0.01043076923076923
-0.004589538461538461
0.008344615384615384
0.010013538461538461
0.026076923076923077
0.03483876923076923
0.043392
0.06195876923076923
0.06529661538461538
0.07572738461538461
0.08365476923076923
0.07280676923076923
0.05382276923076923
0.03150092307692308
0.0012516923076923076
-0.03650769230769231
-0.07113784615384615
-0.09596307692307693
-0.10117846153846152
-0.08574092307692306
-0.06967753846153846
-0.05444861538461539
-0.03129230769230769
-0.0070929230769230765
0.023990769230769232
0.05403138461538461
0.07551876923076924
0.08323753846153846
0.06926030769230769
0.05048492307692308
0.03108369230769231
0.014603076923076923
-0.0022947692307692304
-0.026285538461538457
-0.04172307692307692
-0.045895384615384616
-0.03379569230769231
-0.017732307692307693
-0.0025033846153846152
0.026494153846153844
0.056951999999999996
0.09074769230769231
0.11098338461538461
0.10848000000000001
0.09533723076923077
0.07113784615384615
0.04088861538461538
0.016272
-0.008761846153846153
-0.03859384615384615
-0.059872615384615385
-0.073224
-0.08031692307692308
-0.07802215384615384
-0.05799507692307692
-0.03609046153846154
-0.014394461538461538
0.008970461538461538
0.035464615384615386
0.06049846153846154
0.06759138461538462
0.06446215384615385
0.04672984615384615
0.022530461538461537
-0.006884307692307692
-0.03880246153846154
-0.061124307692307686
-0.07948246153846153
-0.09283384615384616
-0.08720123076923077
-0.06592246153846154
-0.03880246153846154
-0.015228923076923076
0.005841230769230769
0.03483876923076923
0.056326153846153845
0.07927384615384615
0.10013538461538461
0.09575446153846154
0.08198584615384615
0.061124307692307686
0.03275261538461539
0.0050067692307692304
-0.028371692307692306
-0.07092923076923077
-0.10368184615384615
-0.10827138461538462
-0.08469784615384615
-0.04318338461538461
-0.004172307692307692
0.03755076923076923
0.07843938461538462
0.11745046153846153
0.14832553846153845
0.14540492307692307
0.10597661538461538
0.04756430769230769
-0.003755076923076923
-0.049233230769230765
-0.07781353846153846
-0.09137353846153846
-0.11140061538461538
-0.12099692307692309
-0.10430769230769231
-0.06154153846153846
-0.0070929230769230765
0.03066646153846154
0.04631261538461538
0.06216738461538462
0.07113784615384615
0.06863446153846153
0.06800861538461538
0.047772923076923074
0.007510153846153846
-0.03379569230769231
-0.06821723076923077
-0.08115138461538463
-0.0826116923076923
-0.08490646153846154
-0.07969107692307692
-0.06049846153846154
-0.014185846153846153
0.04819015384615385
0.10660246153846153
0.14206707692307693
0.15082892307692305
0.15604430769230768
0.15145476923076923
0.13330523076923076
0.10430769230769231
0.05382276923076923
0.011473846153846154
-0.0012516923076923076
0.0002086153846153846
0.012308307692307691
0.013768615384615384
0.020027076923076922
0.04109723076923077
0.059038153846153844
0.08991323076923076
0.11870215384615385
0.13205353846153844
0.14665661538461539
0.16584923076923075
0.1860849230769231
0.21153599999999997
0.21696000000000001
0.19693292307692306
0.16271999999999998
0.11473846153846154
0.06300184615384616
-0.0016689230769230767
-0.06487938461538462
-0.11682461538461539
-0.14978584615384616
-0.14415323076923076
-0.09784061538461537
-0.02524246153846154
0.045895384615384616
0.10994030769230768
0.1666836923076923
0.21174461538461536
0.24345415384615382
0.24846092307692308
0.21299630769230768
0.146448
0.06926030769230769
-0.008761846153846153
-0.07405846153846153
-0.1314276923076923
-0.18232984615384615
-0.20465169230769228
-0.19881046153846152
-0.16772676923076923
-0.12037107692307693
-0.06759138461538462
-0.006258461538461538
0.05862092307692307
0.11140061538461538
0.14457046153846154
0.16188553846153847
0.15145476923076923
0.11557292307692307
0.06633969230769231
0.015854769230769228
-0.02524246153846154
-0.06946892307692307
-0.1136953846153846
-0.14477907692307693
-0.16188553846153847
-0.154584
-0.12579507692307693
-0.09387692307692307
-0.05799507692307692
-0.01272553846153846
0.035255999999999996
0.08949599999999999
0.12808984615384614
0.13706030769230768
0.12537784615384615
0.11014892307692307
0.10597661538461538
0.09241661538461539
0.07510153846153846
0.045060923076923075
0.00855323076923077
-0.017523692307692306
-0.03442153846153846
-0.032544
-0.04109723076923077
-0.051528
-0.05048492307692308
-0.03984553846153846
-0.010848
0.02315630769230769
0.05173661538461538
0.07802215384615384
0.09450276923076922
0.10076123076923077
0.10347323076923076
0.09262523076923077
0.07614461538461538
0.046104
0.021070153846153846
0.009596307692307692
-0.004798153846153846
-0.008761846153846153
-0.023990769230769232
-0.03233538461538461
-0.027120000000000002
-0.011891076923076923
0.02044430769230769
0.029623384615384614
0.003755076923076923
-0.058412307692307694
-0.13330523076923076
-0.23135446153846154
-0.2526332307692308
-0.1908830769230769
-0.07510153846153846
0.138312
0.33587076923076925
0.5728578461538462
0.7768836923076924
0.9141526153846153
0.9594221538461538
0.8405113846153845
0.6287667692307692
0.295608
-0.03859384615384615
-0.3584012307692308
-0.6389889230769231
-0.8317495384615384
-0.9500344615384616
-0.9179076923076923
-0.7574824615384614
-0.4914978461538461
-0.16751815384615384
0.13747753846153846
0.3682061538461538
0.5261279999999999
0.5743181538461538
0.511524923076923
0.36778892307692307
0.0826116923076923
-0.22467876923076924
-0.4925409230769231
-0.6740363076923077
-0.6875963076923076
-0.5882953846153847
-0.3873987692307692
-0.15500123076923078
0.051528
0.2342750769230769
0.37425600000000003
0.4389267692307692
0.4280787692307692
0.3554806153846154
0.27328615384615385
0.21862892307692305
0.1910916923076923
0.19004861538461537
0.15500123076923078
0.09679753846153846
0.02482523076923077
-0.062376
-0.13393107692307693
-0.2154996923076923
-0.2872633846153846
-0.34317230769230767
-0.3924055384615385
-0.3826006153846154
-0.3383741538461538
-0.27453784615384613
-0.18337292307692307
-0.08219446153846154
0.04985907692307692
0.20986707692307693
0.36966646153846155
0.48628246153846155
0.5225815384615384
0.4472713846153846
0.2853858461538461
0.07426707692307692
-0.173568
-0.4182738461538461
-0.6083224615384615
-0.6996959999999999
-0.6517144615384615
-0.46291753846153844
-0.18232984615384615
0.1435273846153846
0.4478972307692307
0.6882221538461537
0.8459353846153846
0.8747243076923077
0.7616547692307691
0.5517876923076923
0.2858030769230769
-0.0018775384615384615
-0.26222953846153846
-0.47313969230769226
-0.5983089230769231
-0.6191704615384614
-0.5720233846153846
-0.4564504615384615
-0.2803790769230769
-0.07969107692307692
0.12537784615384615
0.30249230769230767
0.41618769230769226
0.46020553846153844
0.4303735384615384
0.31772123076923076
0.15479261538461536
-0.03129230769230769
-0.2157083076923077
-0.35005661538461535
-0.4268270769230769
-0.43329415384615383
-0.35193415384615384
-0.22300984615384614
-0.06654830769230768
0.1028473846153846
0.23448369230769228
0.31000246153846156
0.31751261538461534
0.2624381538461539
0.17690584615384616
0.07030338461538461
-0.03379569230769231
-0.11974523076923077
-0.184416
-0.21091015384615383
-0.18858830769230767
-0.12224861538461537
-0.051528
0.009596307692307692
0.054657230769230764
0.065088
0.053405538461538456
0.013142769230769229
-0.05945538461538461
-0.12955015384615384
-0.18921415384615384
-0.2194633846153846
-0.19881046153846152
-0.14206707692307693
-0.054657230769230764
0.04944184615384615
0.15500123076923078
0.24908676923076922
0.32543999999999995
0.36319938461538465
0.34296369230769225
0.25430215384615384
0.11473846153846154
-0.028163076923076923
-0.1639716923076923
-0.2780843076923077
-0.35005661538461535
-0.37321292307692305
-0.34275507692307694
-0.23823876923076923
-0.08198584615384615
0.08156861538461539
0.2330233846153846
0.33378461538461535
0.37884553846153846
0.3748818461538461
0.31229723076923077
0.20486030769230767
0.06362769230769232
-0.08177723076923075
-0.19150892307692308
-0.24992123076923078
-0.2426196923076923
-0.1783661538461538
-0.084072
0.01272553846153846
0.11056615384615384
0.1856676923076923
0.2154996923076923
0.21696000000000001
0.17169046153846151
0.09533723076923077
0.024408000000000003
-0.03129230769230769
-0.07092923076923077
-0.08720123076923077
-0.07656184615384615
-0.02315630769230769
0.07802215384615384
0.1977673846153846
0.3285692307692308
0.43412861538461534
0.47960676923076917
0.46625538461538457
0.3978295384615384
0.28350830769230767
0.132888
-0.03755076923076923
-0.20256553846153844
-0.31646953846153847
-0.3669544615384615
-0.3577753846153846
-0.2830910769230769
-0.1612596923076923
-0.013351384615384614
0.12913292307692306
0.23135446153846154
0.28017046153846153
0.2768326153846154
0.2138307692307692
0.11494707692307692
0.007510153846153846
-0.09283384615384616
-0.16251138461538459
-0.1923433846153846
-0.1718990769230769
-0.10639384615384614
-0.010639384615384617
0.0897046153846154
0.184416
0.25701415384615384
0.2860116923076923
0.2832996923076923
0.23344061538461539
0.1462393846153846
0.05173661538461538
-0.04526953846153846
-0.1151556923076923
-0.14561353846153846
-0.14269292307692305
-0.10889723076923077
-0.06258461538461538
-0.005424
0.05319692307692307
0.09554584615384615
0.111192
0.09053907692307692
0.03859384615384615
-0.03692492307692308
-0.11578153846153846
-0.1869193846153846
-0.25012984615384615
-0.2830910769230769
-0.2659846153846154
-0.20694646153846152
-0.11432123076923076
-0.003129230769230769
0.09304246153846155
0.16480615384615382
0.20193969230769232
0.20632061538461538
0.18212123076923076
0.10910584615384614
-0.0014603076923076922
-0.12016246153846154
-0.2236356923076923
-0.28350830769230767
-0.2845513846153846
-0.23448369230769228
-0.14665661538461539
-0.03942830769230769
0.07113784615384615
0.17523692307692307
0.254928
0.28350830769230767
0.26494153846153845
0.2059033846153846
0.11870215384615385
0.042348923076923076
-0.026285538461538457
-0.08699261538461538
-0.11828492307692307
-0.13372246153846154
-0.11411261538461538
-0.06300184615384616
-0.0077187692307692304
0.04672984615384615
0.08031692307692308
0.09804923076923076
0.10347323076923076
0.08761846153846153
0.052153846153846155
-0.0025033846153846152
-0.05674338461538461
-0.0936683076923077
-0.10409907692307692
-0.07781353846153846
-0.03212676923076923
0.031709538461538456
0.10222153846153846
0.16271999999999998
0.22342707692307692
0.25659692307692306
0.24658338461538462
0.19651569230769228
0.11432123076923076
0.021696
-0.06383630769230769
-0.13872923076923074
-0.20256553846153844
-0.24512307692307692
-0.2559710769230769
-0.21925476923076925
-0.1502030769230769
-0.07092923076923077
0.002086153846153846
0.058829538461538454
0.09763200000000001
0.116616
0.116616
0.0855323076923077
0.023782153846153845
-0.042974769230769226
-0.09512861538461538
-0.12391753846153845
-0.13080184615384613
-0.12558646153846154
-0.10159569230769232
-0.061124307692307686
0.0002086153846153846
0.06863446153846153
0.1151556923076923
0.14331876923076922
0.14394461538461537
0.13101046153846155
0.12913292307692306
0.12725538461538463
0.12162276923076921
0.10952307692307692
0.10576799999999999
0.11891076923076922
0.13101046153846155
0.13872923076923074
0.1207883076923077
0.08094276923076923
0.025659692307692307
-0.04547815384615384
-0.10848000000000001
-0.1635544615384615
-0.20819815384615384
-0.23510953846153848
-0.23260615384615385
-0.18483323076923078
-0.09658892307692307
-0.0008344615384615384
0.07551876923076924
0.13309661538461537
0.1721076923076923
0.19839323076923077
0.20173107692307693
0.17023015384615386
0.10806276923076923
0.02211323076923077
-0.059038153846153844
-0.12016246153846154
-0.15896492307692306
-0.18399876923076922
-0.1869193846153846
-0.14519630769230768
-0.05736923076923077
0.07009476923076922
0.2021483076923077
0.3047870769230769
0.3721698461538462
0.39282276923076925
0.3717526153846154
0.3170953846153846
0.21445661538461538
0.07280676923076923
-0.08699261538461538
-0.22822523076923076
-0.32335384615384616
-0.37008369230769234
-0.3594443076923077
-0.3035353846153846
-0.21612553846153845
-0.09679753846153846
0.04172307692307692
0.1760713846153846
0.2705741538461538
0.30332676923076923
0.28434276923076923
0.23531815384615382
0.16856123076923077
0.08490646153846154
-0.010639384615384617
-0.10827138461538462
-0.18963138461538462
-0.2238443076923077
-0.2090326153846154
-0.17294215384615383
-0.12704676923076924
-0.08657538461538461
-0.04088861538461538
0.02044430769230769
0.07697907692307693
0.11473846153846154
0.11619876923076923
0.0961716923076923
0.07009476923076922
0.032544
-0.003963692307692307
-0.03921969230769231
-0.08156861538461539
-0.11870215384615385
-0.14519630769230768
-0.14686523076923075
-0.13267938461538462
-0.12579507692307693
-0.11599015384615384
-0.11327815384615383
-0.10222153846153846
-0.06946892307692307
-0.03838523076923077
-0.004798153846153846
0.033169846153846154
0.07802215384615384
0.13706030769230768
0.18983999999999998
0.22655630769230767
0.2330233846153846
0.20506892307692307
0.15875630769230767
0.09596307692307693
0.027745846153846152
-0.054657230769230764
-0.13643446153846153
-0.19317784615384614
-0.21883753846153844
-0.19317784615384614
-0.12558646153846154
-0.03609046153846154
0.054657230769230764
0.13518276923076925
0.21758584615384616
0.28851507692307693
0.3131316923076923
0.2853858461538461
0.21883753846153844
0.12788123076923075
0.03400430769230769
-0.05757784615384615
-0.13789476923076924
-0.20131384615384615
-0.2503384615384615
-0.24658338461538462
-0.20027076923076922
-0.12370892307692308
-0.02273907692307692
0.0678
0.1612596923076923
0.24282830769230768
0.3012406153846154
0.3285692307692308
0.30854215384615385
0.2655673846153846
0.19463815384615382
0.11223507692307692
0.0446436923076923
-0.015228923076923076
-0.05674338461538461
-0.06967753846153846
-0.05069353846153846
0.004589538461538461
0.07134646153846153
0.12725538461538463
0.16856123076923077
0.18170399999999998
0.1696043076923077
0.13205353846153844
0.06926030769230769
-0.047772923076923074
-0.16876984615384616
-0.23177169230769232
-0.24512307692307692
-0.1779489230769231
-0.06821723076923077
0.07238953846153846
0.22593046153846155
0.3594443076923077
0.4585366153846154
0.4714707692307692
0.4351716923076923
0.34630153846153844
0.16438892307692307
-0.026702769230769228
-0.21716861538461538
-0.39052800000000004
-0.48607384615384613
-0.5638873846153847
-0.5553341538461538
-0.46771569230769233
-0.3016578461538461
-0.04693846153846153
0.16710092307692306
0.3846867692307692
0.5017199999999999
0.5317606153846154
0.5294658461538462
0.3957433846153846
0.23072861538461537
-0.021070153846153846
-0.279336
-0.4349630769230769
-0.5628443076923076
-0.5636787692307692
-0.4985907692307692
-0.38885907692307686
-0.18775384615384613
-0.015854769230769228
0.16647507692307692
0.30749907692307693
0.3442153846153846
0.3675803076923077
0.32001599999999997
0.2482523076923077
0.1652233846153846
0.04672984615384615
-0.01981846153846154
-0.09408553846153846
-0.14728246153846153
-0.157296
-0.15667015384615385
-0.11306953846153844
-0.078648
-0.04965046153846154
-0.017315076923076923
-0.008761846153846153
0.020652923076923076
0.04193169230769231
0.04756430769230769
0.07238953846153846
0.08574092307692306
0.119328
0.16063384615384615
0.1869193846153846
0.21445661538461538
0.19651569230769228
0.15103753846153847
0.08323753846153846
-0.03233538461538461
-0.16188553846153847
-0.2951907692307692
-0.38656430769230765
-0.42494953846153843
-0.41535323076923075
-0.33378461538461535
-0.1994363076923077
-0.014603076923076923
0.17628
0.32627446153846157
0.43579753846153846
0.46688123076923077
0.42265476923076917
0.3291950769230769
0.17273353846153844
-0.0043809230769230765
-0.1829556923076923
-0.33566215384615383
-0.41535323076923075
-0.4472713846153846
-0.39991569230769225
-0.2858030769230769
-0.14290153846153844
0.028788923076923077
0.18712800000000002
0.32564861538461537
0.41723076923076924
0.4353803076923077
0.3784283076923077
0.24866953846153847
0.0892873846153846
-0.07197230769230768
-0.22718215384615387
-0.3473446153846154
-0.42077723076923074
-0.41577046153846153
-0.3225193846153846
-0.1869193846153846
-0.026494153846153844
0.12099692307692309
0.22801661538461537
0.28934953846153844
0.2995716923076923
0.26681907692307694
0.19359507692307693
0.09491999999999999
-0.012934153846153845
-0.10055261538461538
-0.14436184615384615
-0.1476996923076923
-0.11870215384615385
-0.06613107692307692
0.0029206153846153843
0.08636676923076922
0.1637630769230769
0.20861538461538462
0.22029784615384615
0.19296923076923078
0.146448
0.103056
0.0609156923076923
0.03609046153846154
0.03150092307692308
0.03671630769230769
0.05090215384615384
0.073224
0.0988836923076923
0.12308307692307692
0.1314276923076923
0.11452984615384615
0.07197230769230768
0.006049846153846154
-0.06467076923076923
-0.13497415384615385
-0.18900553846153845
-0.21925476923076925
-0.21779446153846155
-0.1691870769230769
-0.09700615384615385
-0.006884307692307692
0.08761846153846153
0.17231630769230769
0.2482523076923077
0.28350830769230767
0.2707827692307692
0.2138307692307692
0.10889723076923077
-0.010222153846153844
-0.12808984615384614
-0.22405292307692307
-0.2730775384615384
-0.290184
-0.2643156923076923
-0.19213476923076922
-0.10368184615384615
-0.01668923076923077
0.05236246153846154
0.09784061538461537
0.11348676923076922
0.09658892307692307
0.05236246153846154
-0.015020307692307692
-0.08887015384615385
-0.15771323076923077
-0.20673784615384616
-0.21883753846153844
-0.19839323076923077
-0.1543753846153846
-0.09408553846153846
-0.024199384615384616
0.05799507692307692
0.13080184615384613
0.17732307692307692
0.19755876923076923
0.18212123076923076
0.14832553846153845
0.10368184615384615
0.04756430769230769
-0.006675692307692307
-0.065088
-0.10952307692307692
-0.11494707692307692
-0.08845292307692308
-0.03212676923076923
0.027745846153846152
0.08511507692307693
0.13393107692307693
0.15604430769230768
0.1639716923076923
0.14582215384615385
0.10159569230769232
0.042557538461538466
-0.01668923076923077
-0.053405538461538456
-0.06633969230769231
-0.06738276923076922
-0.05799507692307692
-0.040262769230769234
-0.014603076923076923
0.024616615384615383
0.06362769230769232
0.08428061538461538
0.0798996923076923
0.06028984615384615
0.040679999999999994
0.025033846153846153
0.006258461538461538
-0.010013538461538461
-0.02524246153846154
-0.029623384615384614
-0.021696
-0.005424
0.022947692307692308
0.04422646153846154
0.059664
0.06717415384615384
0.07197230769230768
0.0717636923076923
0.05444861538461539
0.026285538461538457
-0.015437538461538461
-0.059664
-0.09971815384615385
-0.12704676923076924
-0.14185846153846154
-0.14540492307692307
-0.13267938461538462
-0.11056615384615384
-0.07551876923076924
-0.032544
0.003755076923076923
0.022947692307692308
0.024199384615384616
0.01814953846153846
0.0002086153846153846
-0.032544
-0.07551876923076924
-0.11452984615384615
-0.13038461538461538
-0.12662953846153846
-0.10138707692307691
-0.065088
-0.023364923076923075
0.03150092307692308
0.09429415384615383
0.1543753846153846
0.200688
0.21883753846153844
0.208824
0.17586276923076924
0.12204
0.06467076923076923
0.006675692307692307
-0.03421292307692308
-0.055491692307692304
-0.06592246153846154
-0.04547815384615384
-0.007927384615384614
0.03421292307692308
0.06988615384615385
0.09554584615384615
0.12642092307692307
0.14290153846153844
0.1424843076923077
0.12642092307692307
0.09596307692307693
0.07197230769230768
0.05194523076923077
0.043600615384615383
0.04631261538461538
0.043600615384615383
0.03629907692307692
0.03296123076923077
0.04380923076923077
0.05862092307692307
0.06446215384615385
0.06133292307692308
0.04965046153846154
0.04902461538461538
0.058829538461538454
0.06800861538461538
0.08156861538461539
0.08636676923076922
0.086784
0.09387692307692307
0.09679753846153846
0.0961716923076923
0.08156861538461539
0.059664
0.0446436923076923
0.02482523076923077
0.012934153846153845
-0.005215384615384615
-0.022530461538461537
-0.03400430769230769
-0.040679999999999994
-0.030040615384615384
-0.026494153846153844
-0.019192615384615384
-0.019192615384615384
-0.014394461538461538
0.004589538461538461
0.012308307692307691
0.017732307692307693
0.009596307692307692
-0.00855323076923077
-0.014811692307692307
-0.007301538461538462
0.019192615384615384
0.05048492307692308
0.06383630769230769
0.06926030769230769
0.07343261538461537
0.08094276923076923
0.09074769230769231
0.07760492307692309
0.054240000000000003
0.02899753846153846
0.012308307692307691
0.02273907692307692
0.029623384615384614
0.03963692307692308
0.05444861538461539
0.073224
0.103056
0.11974523076923077
0.11682461538461539
0.08156861538461539
0.021904615384615383
-0.029206153846153847
-0.0717636923076923
-0.10827138461538462
-0.13059323076923077
-0.1489513846153846
-0.1462393846153846
-0.11724184615384614
-0.07134646153846153
-0.011473846153846154
0.038176615384615385
0.07489292307692308
0.09804923076923076
0.11390399999999999
0.12537784615384615
0.12266584615384615
0.10868861538461538
0.07906523076923076
0.04109723076923077
0.013351384615384614
-0.0016689230769230767
-0.005215384615384615
-0.01981846153846154
-0.04839876923076923
-0.059038153846153844
-0.042348923076923076
-0.003129230769230769
0.03880246153846154
0.07364123076923076
0.10055261538461538
0.11619876923076923
0.12955015384615384
0.13497415384615385
0.11807630769230769
0.09033046153846153
0.059038153846153844
0.03504738461538461
0.015646153846153844
-0.01397723076923077
-0.05382276923076923
-0.10263876923076923
-0.13497415384615385
-0.15333230769230768
-0.15667015384615385
-0.14916
-0.14269292307692305
-0.11390399999999999
-0.065088
-0.006675692307692307
0.06258461538461538
0.11536430769230768
0.14916
0.16167692307692308
0.14269292307692305
0.11327815384615383
0.06905169230769231
0.01272553846153846
-0.04214030769230769
-0.08594953846153845
-0.10597661538461538
-0.09325107692307691
-0.05736923076923077
-0.008344615384615384
0.041514461538461535
0.0897046153846154
0.14457046153846154
0.1785747692307692
0.18942276923076923
0.16689230769230767
0.11807630769230769
0.06800861538461538
0.02232184615384615
-0.013351384615384614
-0.05674338461538461
-0.09700615384615385
-0.13184492307692308
-0.15687876923076924
-0.16251138461538459
-0.16793538461538463
-0.1666836923076923
-0.14916
-0.11265230769230769
-0.05653476923076922
0.009804923076923077
0.06926030769230769
0.11181784615384616
0.13247076923076923
0.1287156923076923
0.10952307692307692
0.07948246153846153
0.03358707692307692
-0.02753723076923077
-0.08782707692307692
-0.13706030769230768
-0.1706473846153846
-0.18399876923076922
-0.17502830769230768
-0.15228923076923076
-0.11473846153846154
-0.05862092307692307
0.003755076923076923
0.06216738461538462
0.09846646153846153
0.10889723076923077
0.10138707692307691
0.0853236923076923
0.05382276923076923
0.0022947692307692304
-0.06279323076923077
-0.13518276923076925
-0.18337292307692307
-0.19672430769230767
-0.1858763076923077
-0.15792184615384616
-0.11953661538461538
-0.0678
-0.006467076923076923
0.05277969230769231
0.0892873846153846
0.07927384615384615
0.042557538461538466
-0.020652923076923076
-0.09074769230769231
-0.16021661538461537
-0.21821169230769227
-0.24282830769230768
-0.214248
-0.09137353846153846
0.1424843076923077
0.4303735384615384
0.6752879999999999
0.923748923076923
1.0937704615384614
1.1928627692307692
1.1657427692307691
0.9185335384615384
0.557628923076923
0.0448523076923077
-0.45040061538461534
-0.9064338461538461
-1.3123993846153845
-1.5416676923076922
-1.646809846153846
-1.4849243076923078
-1.0931446153846154
-0.527796923076923
0.17002153846153847
0.7967021538461538
1.3401452307692308
1.6943741538461539
1.7963870769230768
1.6630818461538461
1.238340923076923
0.647124923076923
-0.04172307692307692
-0.7658270769230768
-1.3094787692307692
-1.6664196923076922
-1.7917975384615383
-1.6484787692307692
-1.3353470769230769
-0.8188153846153846
-0.21487384615384614
0.4078430769230769
0.9923833846153847
1.3789476923076922
1.5867286153846152
1.6040436923076924
1.422131076923077
1.1089993846153847
0.6460818461538461
0.1028473846153846
-0.43642338461538455
-0.9241661538461537
-1.249814769230769
-1.4283895384615386
-1.461142153846154
-1.3299230769230768
-1.0797932307692308
-0.7113784615384615
-0.28246523076923075
0.1358086153846154
0.5280055384615384
0.8321667692307693
1.057054153846154
1.202041846153846
1.2137243076923077
1.1071218461538461
0.8578264615384615
0.5021372307692308
0.09512861538461538
-0.3442153846153846
-0.7564393846153846
-1.109833846153846
-1.3610067692307692
-1.4623938461538462
-1.3827027692307692
-1.0941876923076923
-0.6490024615384615
-0.092208
0.5150713846153846
1.0860516923076924
1.5669101538461536
1.8635612307692306
1.9307353846153845
1.738392
1.292998153846154
0.7038683076923077
0.04214030769230769
-0.6212566153846153
-1.2007901538461538
-1.6372135384615383
-1.8493753846153846
-1.8103643076923077
-1.53228
-1.0459975384615383
-0.42182030769230766
0.27704123076923076
0.9598393846153846
1.526438769230769
1.9004861538461537
2.014598769230769
1.8547993846153847
1.4498769230769228
0.8670055384615385
0.21737723076923077
-0.43433723076923075
-1.0103243076923076
-1.4267206153846155
-1.6516080000000002
-1.6336670769230768
-1.3829113846153847
-0.9433587692307692
-0.38990215384615384
0.1785747692307692
0.7107526153846154
1.1300695384615385
1.3849975384615383
1.4555095384615384
1.326793846153846
1.0303513846153844
0.6260547692307692
0.17502830769230768
-0.2517987692307692
-0.6241772307692307
-0.9081027692307692
-1.067484923076923
-1.1042012307692306
-0.9913403076923076
-0.766452923076923
-0.4781464615384615
-0.17315076923076922
0.11035753846153845
0.37655076923076924
0.5951796923076923
0.7460086153846153
0.8092190769230769
0.7743803076923077
0.6665261538461538
0.5129852307692307
0.3387913846153846
0.15228923076923076
-0.047981538461538464
-0.238656
-0.40700861538461536
-0.5428172307692307
-0.6252203076923077
-0.6588073846153846
-0.6337735384615385
-0.5419827692307692
-0.39699507692307695
-0.1942209230769231
0.05778646153846154
0.33065538461538463
0.5751526153846154
0.7437138461538461
0.8288289230769231
0.8148516923076923
0.696984
0.47939815384615386
0.18128676923076922
-0.14916
-0.4779378461538461
-0.7428793846153845
-0.9020529230769231
-0.9585876923076923
-0.8955858461538462
-0.723060923076923
-0.4652123076923077
-0.154584
0.15145476923076923
0.4239064615384615
0.6202135384615385
0.713256
0.7126301538461539
0.6104086153846153
0.43621476923076924
0.22342707692307692
-0.0002086153846153846
-0.19442953846153843
-0.3442153846153846
-0.4188996923076923
-0.41952553846153845
-0.3554806153846154
-0.22634769230769228
-0.07760492307692309
0.06905169230769231
0.18983999999999998
0.25555384615384613
0.2716172307692308
0.22342707692307692
0.12934153846153845
0.021070153846153846
-0.09491999999999999
-0.17732307692307692
-0.21633415384615384
-0.21111876923076925
-0.14999446153846155
-0.061124307692307686
0.03775938461538462
0.11745046153846153
0.16418030769230768
0.18399876923076922
0.15270646153846154
0.08177723076923075
-0.021070153846153846
-0.13998092307692306
-0.22488738461538463
-0.26076923076923075
-0.23636123076923077
-0.15520984615384617
-0.03775938461538462
0.10868861538461538
0.25993476923076925
0.39261415384615383
0.4775206153846153
0.48586523076923077
0.42182030769230766
0.29685969230769227
0.13726892307692307
-0.03358707692307692
-0.19672430769230767
-0.32585723076923073
-0.4049224615384615
-0.40450523076923073
-0.3277347692307692
-0.1942209230769231
-0.017315076923076923
0.15959076923076923
0.31500923076923076
0.42995630769230764
0.4852393846153846
0.47418276923076924
0.38656430769230765
0.23364923076923078
0.050067692307692306
-0.12454338461538461
-0.26911384615384615
-0.3571495384615384
-0.3915710769230769
-0.371544
-0.29331323076923077
-0.16710092307692306
-0.0022947692307692304
0.16584923076923075
0.2993630769230769
0.37321292307692305
0.39303138461538456
0.3590270769230769
0.290184
0.200688
0.08636676923076922
-0.01814953846153846
-0.0892873846153846
-0.12621230769230768
-0.11891076923076922
-0.08302892307692307
-0.04088861538461538
0.0035464615384615383
0.03880246153846154
0.06967753846153846
0.08907876923076924
0.08469784615384615
0.06279323076923077
0.03567323076923076
0.023364923076923075
0.026494153846153844
0.045895384615384616
0.07197230769230768
0.0936683076923077
0.11411261538461538
0.12370892307692308
0.12224861538461537
0.10117846153846152
0.04526953846153846
-0.03379569230769231
-0.10868861538461538
-0.16418030769230768
-0.19025723076923076
-0.1908830769230769
-0.165432
-0.09596307692307693
0.007301538461538462
0.12788123076923075
0.235944
0.30249230769230767
0.31772123076923076
0.2807963076923077
0.19985353846153847
0.08761846153846153
-0.05611753846153846
-0.20193969230769232
-0.31834707692307695
-0.3972036923076923
-0.4174393846153846
-0.38656430769230765
-0.3077076923076923
-0.20110523076923076
-0.08469784615384615
0.04547815384615384
0.16167692307692308
0.2453316923076923
0.27787569230769227
0.24616615384615384
0.1710646153846154
0.05736923076923077
-0.07572738461538461
-0.20027076923076922
-0.32648307692307693
-0.4180652307692308
-0.45373846153846153
-0.4280787692307692
-0.328152
-0.1858763076923077
-0.021487384615384613
0.1449876923076923
0.2979027692307692
0.41556184615384617
0.48023261538461537
0.4746
0.38656430769230765
0.2424110769230769
0.06967753846153846
-0.10263876923076923
-0.249504
-0.3617390769230769
-0.42411507692307693
-0.428496
-0.37050092307692306
-0.2563883076923077
-0.11870215384615385
0.006884307692307692
0.11828492307692307
0.21028430769230766
0.2647329230769231
0.26932246153846157
0.22947692307692308
0.16188553846153847
0.054240000000000003
-0.05820369230769231
-0.14999446153846155
-0.21737723076923077
-0.25805723076923076
-0.2776670769230769
-0.2563883076923077
-0.1856676923076923
-0.0744756923076923
0.05382276923076923
0.18170399999999998
0.28267384615384616
0.3584012307692308
0.40846892307692306
0.42369784615384615
0.40283630769230766
0.32585723076923073
0.22342707692307692
0.12537784615384615
0.043600615384615383
-0.0050067692307692304
-0.04672984615384615
-0.07677046153846154
-0.08907876923076924
-0.08073415384615384
-0.04944184615384615
-0.018358153846153843
0.018775384615384614
0.06049846153846154
0.09846646153846153
0.1449876923076923
0.2056947692307692
0.2626467692307692
0.2914356923076923
0.2814221538461538
0.25138153846153843
0.19213476923076922
0.10326461538461539
0.0006258461538461538
-0.11682461538461539
-0.21988061538461537
-0.2979027692307692
-0.33607938461538456
-0.32210215384615387
-0.2751636923076923
-0.1994363076923077
-0.10660246153846153
-0.008761846153846153
0.09825784615384614
0.18775384615384613
0.24345415384615382
0.25930892307692305
0.23823876923076923
0.1923433846153846
0.12120553846153845
0.03838523076923077
-0.05757784615384615
-0.15938215384615384
-0.23448369230769228
-0.2703655384615385
-0.2618123076923077
-0.2205064615384615
-0.1635544615384615
-0.08073415384615384
0.018983999999999997
0.11473846153846154
0.18900553846153845
0.23156307692307693
0.24074215384615386
0.21862892307692305
0.1792006153846154
0.12683815384615382
0.06133292307692308
-0.013142769230769229
-0.09408553846153846
-0.16271999999999998
-0.20256553846153844
-0.22426153846153846
-0.21821169230769227
-0.19067446153846154
-0.15270646153846154
-0.10263876923076923
-0.05027630769230769
-0.003129230769230769
0.02858030769230769
0.04109723076923077
0.03379569230769231
0.022530461538461537
0.012934153846153845
0.0006258461538461538
-0.014603076923076923
-0.026702769230769228
-0.031918153846153846
-0.03442153846153846
-0.032544
-0.0448523076923077
-0.06154153846153846
-0.0744756923076923
-0.09283384615384616
-0.09971815384615385
-0.10785415384615385
-0.11035753846153845
-0.09784061538461537
-0.06571384615384615
-0.008344615384615384
0.054657230769230764
0.11432123076923076
0.16167692307692308
0.19463815384615382
0.20986707692307693
0.20193969230769232
0.16271999999999998
0.10639384615384614
0.031918153846153846
-0.044435076923076924
-0.10013538461538461
-0.13267938461538462
-0.12975876923076923
-0.10368184615384615
-0.046104
0.020652923076923076
0.0988836923076923
0.15333230769230768
0.18128676923076922
0.20486030769230767
0.19630707692307692
0.1860849230769231
0.13101046153846155
0.07510153846153846
0.014603076923076923
-0.021696
-0.04568676923076923
0.013560000000000001
0.11014892307692307
0.03567323076923076
0.04839876923076923
0.031709538461538456
0.00855323076923077
0.08219446153846154
0.019609846153846155
-0.09554584615384615
-0.22008923076923076
-0.2568055384615385
-0.18128676923076922
-0.08720123076923077
-0.025659692307692307
-0.008344615384615384
0.06404492307692307
0.22113230769230768
0.4115981538461538
0.5403138461538461
0.4952529230769231
0.344424
0.2194633846153846
0.09387692307692307
0.02357353846153846
-0.07259815384615384
-0.21967199999999998
-0.2709913846153846
-0.34233784615384616
-0.28434276923076923
-0.12412615384615384
-0.035464615384615386
0.1136953846153846
0.20423446153846153
0.23677846153846152
0.3114627692307692
0.3467187692307692
0.376968
0.347136
0.20027076923076922
0.06550523076923077
-0.05048492307692308
-0.1136953846153846
-0.16042523076923076
-0.2492953846153846
-0.3383741538461538
-0.40638276923076927
-0.35005661538461535
-0.22467876923076924
-0.12558646153846154
-0.03066646153846154
0.02482523076923077
0.09763200000000001
0.2225926153846154
0.2870547692307692
0.3323243076923077
0.31104553846153843
0.2194633846153846
0.18963138461538462
0.12683815384615382
0.02357353846153846
-0.07927384615384615
-0.21195323076923075
-0.3229366153846154
-0.37655076923076924
-0.3942830769230769
-0.3508910769230769
-0.25284184615384614
-0.15520984615384617
-0.04401784615384615
0.11599015384615384
0.25847446153846154
0.360696
0.4401784615384615
0.4147273846153846
0.3319070769230769
0.23177169230769232
0.0963803076923077
-0.02586830769230769
-0.1666836923076923
-0.2951907692307692
-0.3542289230769231
-0.3752990769230769
-0.3375396923076923
-0.27140861538461536
-0.19860184615384616
-0.07489292307692308
0.05528307692307692
0.15500123076923078
0.20986707692307693
0.24053353846153847
0.2559710769230769
0.22342707692307692
0.17481969230769231
0.07843938461538462
-0.029623384615384614
-0.08031692307692308
-0.13101046153846155
-0.14582215384615385
-0.12808984615384614
-0.12141415384615384
-0.07113784615384615
-0.01272553846153846
0.02795446153846154
0.08907876923076924
0.12245723076923076
0.12308307692307692
0.12329169230769231
0.0988836923076923
0.05945538461538461
0.04568676923076923
0.06028984615384615
0.07885661538461539
0.10430769230769231
0.11828492307692307
0.11745046153846153
0.13518276923076925
0.13205353846153844
0.1045163076923077
0.065088
-0.021696
-0.0798996923076923
-0.08198584615384615
-0.0880356923076923
-0.06425353846153846
-0.027328615384615382
0.013560000000000001
0.10326461538461539
0.19505538461538463
0.268488
0.2887236923076923
0.22843384615384613
0.14957723076923077
0.06696553846153847
-0.01043076923076923
-0.09471138461538461
-0.1881710769230769
-0.2674449230769231
-0.3243969230769231
-0.3114627692307692
-0.26160369230769226
-0.1792006153846154
-0.06362769230769232
0.00855323076923077
0.07072061538461538
0.1316363076923077
0.17440246153846153
0.20798953846153845
0.18712800000000002
0.11098338461538461
0.02899753846153846
-0.037967999999999995
-0.08302892307692307
-0.09950953846153845
-0.1178676923076923
-0.14081538461538462
-0.130176
-0.06863446153846153
0.01940123076923077
0.08490646153846154
0.10514215384615383
0.08636676923076922
0.06863446153846153
0.051528
0.027745846153846152
0.004798153846153846
-0.03692492307692308
-0.06049846153846154
-0.05653476923076922
-0.03567323076923076
0.013560000000000001
0.05194523076923077
0.059664
0.047772923076923074
0.02023569230769231
-0.009804923076923077
-0.040054153846153843
-0.07593599999999999
-0.11265230769230769
-0.13998092307692306
-0.13309661538461537
-0.07238953846153846
0.025033846153846153
0.10827138461538462
0.15395815384615386
0.18983999999999998
0.2209236923076923
0.23469230769230767
0.22405292307692307
0.16480615384615382
0.08699261538461538
0.008970461538461538
-0.0678
-0.09992676923076924
-0.11870215384615385
-0.12955015384615384
-0.09950953846153845
-0.04693846153846153
0.023990769230769232
0.08782707692307692
0.13372246153846154
0.16063384615384615
0.15896492307692306
0.14144123076923076
0.0974233846153846
0.03755076923076923
-0.033169846153846154
-0.11452984615384615
-0.17377661538461536
-0.21591692307692306
-0.22405292307692307
-0.19171753846153847
-0.1489513846153846
-0.08177723076923075
-0.015646153846153844
0.03588184615384615
0.08574092307692306
0.10806276923076923
0.1136953846153846
0.0988836923076923
0.042557538461538466
-0.021070153846153846
-0.08115138461538463
-0.12808984615384614
-0.1435273846153846
-0.12704676923076924
-0.08490646153846154
-0.03921969230769231
0.015228923076923076
0.07134646153846153
0.1136953846153846
0.14144123076923076
0.13852061538461538
0.09846646153846153
0.043392
-0.017523692307692306
-0.07677046153846154
-0.11828492307692307
-0.14582215384615385
-0.157296
-0.14874276923076923
-0.11327815384615383
-0.0446436923076923
0.028788923076923077
0.08574092307692306
0.1178676923076923
0.12829846153846153
0.12934153846153845
0.12996738461538462
0.12433476923076923
0.09033046153846153
0.03775938461538462
-0.02044430769230769
-0.06362769230769232
-0.08782707692307692
-0.1045163076923077
-0.10535076923076922
-0.08720123076923077
-0.04631261538461538
0.021278769230769233
0.10472492307692308
0.17481969230769231
0.22822523076923076
0.25930892307692305
0.26786215384615386
0.25555384615384613
0.20924123076923076
0.13789476923076924
0.0448523076923077
-0.052153846153846155
-0.13184492307692308
-0.18504184615384617
-0.20402584615384614
-0.1990190769230769
-0.17377661538461536
-0.1178676923076923
-0.04130584615384615
0.04318338461538461
0.11599015384615384
0.15249784615384615
0.15938215384615384
0.14686523076923075
0.11870215384615385
0.08490646153846154
0.030875076923076922
-0.03567323076923076
-0.08699261538461538
-0.12454338461538461
-0.13101046153846155
-0.11849353846153846
-0.10096984615384616
-0.06717415384615384
-0.022947692307692308
0.04819015384615385
0.13893784615384613
0.21883753846153844
0.2724516923076923
0.2914356923076923
0.28121353846153846
0.24908676923076922
0.19442953846153843
0.12266584615384615
0.027328615384615382
-0.06487938461538462
-0.11995384615384615
-0.15145476923076923
-0.1449876923076923
-0.13080184615384613
-0.11390399999999999
-0.07259815384615384
-0.017523692307692306
0.04631261538461538
0.09053907692307692
0.09512861538461538
0.061124307692307686
0.02357353846153846
-0.004798153846153846
-0.014394461538461538
-0.011473846153846154
-0.01710646153846154
-0.01272553846153846
0.008761846153846153
0.04860738461538461
0.10013538461538461
0.12996738461538462
0.11953661538461538
0.09679753846153846
0.06821723076923077
0.03483876923076923
0.016480615384615385
-0.013142769230769229
-0.04860738461538461
-0.06863446153846153
-0.07280676923076923
-0.040679999999999994
0.0077187692307692304
0.05298830769230769
0.09554584615384615
0.1353913846153846
0.1712732307692308
0.19046584615384615
0.17419384615384614
0.1136953846153846
0.029414769230769227
-0.06529661538461538
-0.13998092307692306
-0.1913003076923077
-0.225096
-0.23281476923076924
-0.214248
-0.14978584615384616
-0.052153846153846155
0.056951999999999996
0.14707384615384617
0.20632061538461538
0.24199384615384617
0.24866953846153847
0.23615261538461538
0.19609846153846153
0.1207883076923077
0.024199384615384616
-0.06467076923076923
-0.12162276923076921
-0.14540492307692307
-0.1424843076923077
-0.12016246153846154
-0.09179076923076923
-0.050067692307692306
0.0035464615384615383
0.05319692307692307
0.0826116923076923
0.07489292307692308
0.05069353846153846
0.02211323076923077
0.0008344615384615384
-0.0002086153846153846
-0.0006258461538461538
-0.0029206153846153843
-0.0016689230769230767
-0.001043076923076923
0.012516923076923077
0.024408000000000003
0.021070153846153846
0.005841230769230769
-0.026076923076923077
-0.053405538461538456
-0.07259815384615384
-0.08198584615384615
-0.07343261538461537
-0.047981538461538464
0.006884307692307692
0.09325107692307691
0.19964492307692308
0.30270092307692303
0.3815575384615385
0.4262012307692308
0.4214030769230769
0.37613353846153846
0.29748553846153847
0.1783661538461538
0.02858030769230769
-0.10868861538461538
-0.19818461538461538
-0.24616615384615384
-0.24574892307692306
-0.20944984615384615
-0.14519630769230768
-0.05653476923076922
0.040679999999999994
0.13372246153846154
0.1923433846153846
0.1990190769230769
0.15646153846153846
0.08115138461538463
-0.006467076923076923
-0.09304246153846155
-0.17273353846153844
-0.2355267692307692
-0.26869661538461537
-0.2632726153846154
-0.22300984615384614
-0.16105107692307694
-0.0897046153846154
-0.03024923076923077
0.018983999999999997
0.05194523076923077
0.06070707692307692
0.05048492307692308
0.021696
-0.017940923076923077
-0.04985907692307692
-0.04819015384615385
-0.020027076923076922
0.022947692307692308
0.065088
0.10138707692307691
0.13768615384615385
0.15562707692307692
0.15479261538461536
0.119328
0.04693846153846153
-0.041514461538461535
-0.13622584615384614
-0.2125790769230769
-0.26619323076923074
-0.30374399999999996
-0.31626092307692305
-0.30979384615384614
-0.28809784615384615
-0.24741784615384615
-0.2090326153846154
-0.10076123076923077
0.04944184615384615
0.22718215384615387
0.4245323076923077
0.540731076923077
0.6529661538461539
0.6919772307692308
0.6629796923076924
0.5636787692307692
0.34338092307692303
0.11974523076923077
-0.130176
-0.34651015384615386
-0.5225815384615384
-0.6454559999999999
-0.6679864615384614
-0.6222996923076923
-0.44977476923076926
-0.21341353846153846
0.040262769230769234
0.31751261538461534
0.5417741538461538
0.6867618461538461
0.7241040000000001
0.6164584615384615
0.43704923076923075
0.20027076923076922
-0.10201292307692307
-0.3786369230769231
-0.6448301538461538
-0.8183981538461539
-0.8382166153846153
-0.7516412307692308
-0.5469895384615384
-0.3248141538461538
-0.09909230769230769
0.13706030769230768
0.3206418461538461
0.44643692307692306
0.4781464615384615
0.43934399999999996
0.3815575384615385
0.29185292307692307
0.20047938461538461
0.08782707692307692
-0.051319384615384614
-0.1696043076923077
-0.2851772307692308
-0.3707095384615384
-0.4314166153846154
-0.46396061538461536
-0.41973415384615387
-0.3475532307692307
-0.25054707692307693
-0.12767261538461538
-0.021487384615384613
0.111192
0.23072861538461537
0.30854215384615385
0.36403384615384615
0.37967999999999996
0.38301784615384615
0.34338092307692303
0.24470584615384613
0.08073415384615384
-0.12788123076923075
-0.3152178461538461
-0.48586523076923077
-0.6081138461538461
-0.6627710769230769
-0.6483766153846154
-0.5131938461538461
-0.2914356923076923
-0.021904615384615383
0.27182584615384614
0.5240418461538462
0.7261901538461538
0.8448923076923077
0.8371735384615384
0.7249384615384614
0.5280055384615384
0.2855944615384615
0.040054153846153843
-0.19588984615384614
-0.3782196923076923
-0.48064984615384615
-0.5002596923076923
-0.44414215384615385
-0.3327415384615385
-0.1693956923076923
0.02586830769230769
0.2374043076923077
0.4209858461538461
0.5313433846153847
0.566808
0.5267538461538461
0.4186910769230769
0.26640184615384616
0.06300184615384616
-0.14519630769230768
-0.30666461538461537
-0.42724430769230765
-0.46625538461538457
-0.43704923076923075
-0.3584012307692308
-0.22342707692307692
-0.07301538461538462
0.05757784615384615
0.1531236923076923
0.200688
0.20840676923076923
0.19797599999999999
0.17252492307692308
0.13935507692307691
0.10535076923076922
0.07781353846153846
0.059038153846153844
0.06279323076923077
0.07739630769230768
0.07113784615384615
0.05820369230769231
0.023364923076923075
-0.02482523076923077
-0.07259815384615384
-0.13935507692307691
-0.1842073846153846
-0.20486030769230767
-0.19296923076923078
-0.13080184615384613
-0.05444861538461539
0.047772923076923074
0.14728246153846153
0.23448369230769228
0.3133403076923077
0.34692738461538464
0.3540203076923077
0.3206418461538461
0.2438713846153846
0.13706030769230768
-0.003755076923076923
-0.1316363076923077
-0.23907323076923076
-0.3304467692307692
-0.37613353846153846
-0.3826006153846154
-0.3252313846153846
-0.18775384615384613
-0.01814953846153846
0.15938215384615384
0.309168
0.40972061538461535
0.4716793846153846
0.4821101538461538
0.43433723076923075
0.3291950769230769
0.18900553846153845
0.05590892307692308
-0.052153846153846155
-0.1289243076923077
-0.1718990769230769
-0.18066092307692305
-0.15291507692307693
-0.11035753846153845
-0.06529661538461538
-0.026076923076923077
-0.013768615384615384
-0.01710646153846154
-0.028788923076923077
-0.04380923076923077
-0.046104
-0.037342153846153844
-0.011265230769230769
0.03692492307692308
0.08115138461538463
0.12287446153846153
0.1639716923076923
0.1927606153846154
0.2090326153846154
0.1942209230769231
0.15228923076923076
0.09658892307692307
0.03421292307692308
-0.037967999999999995
-0.11348676923076922
-0.165432
-0.1923433846153846
-0.1792006153846154
-0.1289243076923077
-0.06738276923076922
0.010848
0.08866153846153846
0.1802436923076923
0.27328615384615385
0.3193901538461538
0.3193901538461538
0.25388492307692306
0.16710092307692306
0.07113784615384615
-0.04860738461538461
-0.15500123076923078
-0.23782153846153845
-0.2703655384615385
-0.25117292307692307
-0.1927606153846154
-0.09763200000000001
0.010639384615384617
0.11473846153846154
0.2073636923076923
0.26765353846153844
0.2912270769230769
0.27286892307692306
0.20861538461538462
0.1287156923076923
0.04130584615384615
-0.030875076923076922
-0.0828203076923077
-0.11578153846153846
-0.11244369230769231
-0.08031692307692308
-0.030875076923076922
0.035464615384615386
0.10368184615384615
0.14957723076923077
0.17148184615384612
0.1704387692307692
0.15395815384615386
0.12266584615384615
0.07551876923076924
0.011265230769230769
-0.051319384615384614
-0.09450276923076922
-0.11640738461538462
-0.09095630769230768
-0.04735569230769231
-0.015020307692307692
0.01668923076923077
0.048816000000000005
0.08094276923076923
0.09095630769230768
0.06613107692307692
0.015646153846153844
-0.06070707692307692
-0.14853415384615384
-0.2157083076923077
-0.2526332307692308
-0.26452430769230767
-0.2453316923076923
-0.19171753846153847
-0.09450276923076922
0.030040615384615384
0.14394461538461537
0.2422024615384615
0.2993630769230769
0.31646953846153847
0.2989458461538462
0.2411593846153846
0.1666836923076923
0.05924676923076923
-0.06154153846153846
-0.1656406153846154
-0.2509643076923077
-0.2916443076923077
-0.301032
-0.28017046153846153
-0.23135446153846154
-0.16856123076923077
-0.08073415384615384
0.0029206153846153843
0.07677046153846154
0.12913292307692306
0.1543753846153846
0.17565415384615385
0.18212123076923076
0.17669723076923077
0.15562707692307692
0.10326461538461539
0.04380923076923077
-0.011473846153846154
-0.06133292307692308
-0.09909230769230769
-0.1476996923076923
-0.18212123076923076
-0.19463815384615382
-0.18796246153846152
-0.15145476923076923
-0.10055261538461538
-0.027120000000000002
0.04693846153846153
0.12683815384615382
0.21237046153846154
0.26723630769230766
0.2899753846153846
0.2737033846153846
0.22968553846153844
0.16438892307692307
0.07113784615384615
-0.041514461538461535
-0.1614683076923077
-0.2697396923076923
-0.3448412307692308
-0.3748818461538461
-0.3538116923076923
-0.28851507692307693
-0.19651569230769228
-0.08031692307692308
0.04568676923076923
0.16313723076923078
0.25659692307692306
0.30562153846153844
0.3087507692307692
0.26765353846153844
0.1908830769230769
0.09325107692307691
-0.030040615384615384
-0.15917353846153848
-0.268488
-0.34275507692307694
-0.36299076923076923
-0.3410861538461538
-0.2805876923076923
-0.192552
-0.10409907692307692
-0.010639384615384617
0.06884307692307692
0.12808984615384614
0.16626646153846153
0.16897846153846155
0.15667015384615385
0.13059323076923077
0.09158215384615384
0.051319384615384614
-0.0033378461538461535
-0.06321046153846153
-0.11327815384615383
-0.15208061538461537
-0.173568
-0.192552
-0.20715507692307691
-0.20193969230769232
-0.1712732307692308
-0.11265230769230769
-0.040262769230769234
0.041514461538461535
0.12433476923076923
0.20319138461538463
0.2832996923076923
0.3421292307692308
0.3682061538461538
0.35256
0.29039261538461536
0.1990190769230769
0.09450276923076922
-0.013351384615384614
-0.11181784615384616
-0.19004861538461537
-0.23844738461538462
-0.23677846153846152
-0.1990190769230769
-0.12266584615384615
-0.03024923076923077
0.046104
0.12224861538461537
0.17982646153846152
0.22488738461538463
0.2503384615384615
0.23010276923076922
0.17982646153846152
0.09679753846153846
-0.0018775384615384615
-0.0897046153846154
-0.1733593846153846
-0.23281476923076924
-0.265776
-0.2789187692307692
-0.24512307692307692
-0.18086953846153844
-0.10368184615384615
-0.021904615384615383
0.047772923076923074
0.11765907692307691
0.17315076923076922
0.20277415384615383
0.20778092307692309
0.1800350769230769
0.13789476923076924
0.084072
0.031918153846153846
-0.01272553846153846
-0.05090215384615384
-0.08198584615384615
-0.11160923076923077
-0.12162276923076921
-0.1136953846153846
-0.09387692307692307
-0.06300184615384616
-0.02795446153846154
0.013768615384615384
0.06842584615384616
0.12308307692307692
0.16876984615384616
0.1913003076923077
0.19192615384615386
0.18066092307692305
0.15145476923076923
0.11286092307692308
0.0609156923076923
0.0008344615384615384
-0.059872615384615385
-0.11140061538461538
-0.13601723076923075
-0.13601723076923075
-0.12412615384615384
-0.09846646153846153
-0.059038153846153844
-0.00855323076923077
0.04714707692307692
0.09053907692307692
0.12162276923076921
0.1353913846153846
0.1395636923076923
0.13789476923076924
0.12683815384615382
0.10138707692307691
0.05590892307692308
0.010639384615384617
-0.028163076923076923
-0.06258461538461538
-0.08031692307692308
-0.08135999999999999
-0.07280676923076923
-0.05444861538461539
-0.029623384615384614
0.0012516923076923076
0.02899753846153846
0.03963692307692308
0.033169846153846154
0.02044430769230769
0.006884307692307692
-0.008761846153846153
-0.027120000000000002
-0.05194523076923077
-0.07384984615384615
-0.086784
-0.08845292307692308
-0.08052553846153847
-0.07030338461538461
-0.054657230769230764
-0.031918153846153846
0.010013538461538461
0.06988615384615385
0.12579507692307693
0.1693956923076923
0.18316430769230768
0.18900553846153845
0.1635544615384615
0.11473846153846154
0.04088861538461538
-0.07405846153846153
-0.157296
-0.20632061538461538
-0.19714153846153845
-0.1792006153846154
-0.14603076923076924
-0.08135999999999999
0.015228923076923076
0.13497415384615385
0.3269003076923077
0.5010941538461539
0.4076344615384615
0.35339446153846155
0.24470584615384613
0.13998092307692306
0.13852061538461538
-0.12204
-0.31834707692307695
-0.5244590769230769
-0.5764043076923077
-0.3882332307692308
-0.29227015384615385
-0.11098338461538461
-0.056951999999999996
0.11202646153846153
0.40346215384615386
0.5770301538461539
0.7633236923076923
0.6302270769230769
0.442056
0.30249230769230767
0.08115138461538463
0.014185846153846153
-0.18942276923076923
-0.3686233846153846
-0.3978295384615384
-0.5119421538461538
-0.3673716923076923
-0.18274707692307693
-0.04985907692307692
0.18379015384615385
0.20986707692307693
0.27599815384615384
0.34338092307692303
0.32898646153846156
0.40012430769230767
0.3072904615384615
0.16626646153846153
0.03880246153846154
-0.06613107692307692
-0.025033846153846153
-0.0609156923076923
-0.13455692307692307
-0.20277415384615383
-0.27328615384615385
-0.17502830769230768
-0.10201292307692307
-0.08636676923076922
-0.047772923076923074
-0.06988615384615385
0.03108369230769231
0.16730953846153845
0.22426153846153846
0.3095852307692307
0.2997803076923077
0.2989458461538462
0.3508910769230769
0.30666461538461537
0.23052
0.06529661538461538
-0.13101046153846155
-0.2680707692307692
-0.3873987692307692
-0.44289046153846157
-0.4616658461538461
-0.4007501538461538
-0.29644246153846154
-0.18316430769230768
0.03129230769230769
0.22134092307692307
0.3861470769230769
0.5129852307692307
0.5002596923076923
0.469176
0.36340799999999995
0.19442953846153843
0.03233538461538461
-0.19505538461538463
-0.3617390769230769
-0.45373846153846153
-0.49003753846153847
-0.43392000000000003
-0.3669544615384615
-0.22676492307692306
-0.0077187692307692304
0.2138307692307692
0.4049224615384615
0.4977563076923077
0.5557513846153845
0.5743181538461538
0.5048492307692307
0.39866399999999996
0.19463815384615382
-0.02899753846153846
-0.18358153846153846
-0.327108923076923
-0.37091815384615384
-0.35631507692307696
-0.3229366153846154
-0.2073636923076923
-0.09387692307692307
0.03984553846153846
0.1792006153846154
0.25012984615384615
0.27850153846153847
0.22989415384615383
0.13914646153846155
0.03713353846153846
-0.07092923076923077
-0.13601723076923075
-0.19714153846153845
-0.22342707692307692
-0.22175815384615383
-0.20506892307692307
-0.11807630769230769
-0.04693846153846153
0.015437538461538461
0.07510153846153846
0.07426707692307692
0.10263876923076923
0.13998092307692306
0.13601723076923075
0.11682461538461539
0.05319692307692307
0.014603076923076923
0.03880246153846154
0.05924676923076923
0.06967753846153846
0.048816000000000005
0.02023569230769231
0.02044430769230769
0.021487384615384613
0.029832
0.02044430769230769
-0.005424
-0.02586830769230769
-0.05674338461538461
-0.051528
-0.034630153846153845
-0.021487384615384613
0.015020307692307692
0.016063384615384615
0.018775384615384614
0.02899753846153846
0.026494153846153844
0.05069353846153846
0.02899753846153846
-0.03963692307692308
-0.09304246153846155
-0.13768615384615385
-0.15270646153846154
-0.1476996923076923
-0.14603076923076924
-0.12621230769230768
-0.08824430769230769
-0.015854769230769228
0.06717415384615384
0.12266584615384615
0.14916
0.1207883076923077
0.078648
0.012308307692307691
-0.08615815384615384
-0.1696043076923077
-0.25659692307692306
-0.2970683076923077
-0.2979027692307692
-0.27871015384615383
-0.19171753846153847
-0.07948246153846153
0.03755076923076923
0.13768615384615385
0.19797599999999999
0.25117292307692307
0.28204799999999997
0.2682793846153846
0.20652923076923077
0.09095630769230768
-0.03275261538461539
-0.13747753846153846
-0.19797599999999999
-0.21779446153846155
-0.23135446153846154
-0.21028430769230766
-0.1543753846153846
-0.05403138461538461
0.08219446153846154
0.192552
0.2807963076923077
0.34171199999999996
0.3609046153846154
0.3604873846153846
0.3039526153846154
0.20715507692307691
0.11077476923076923
-0.002086153846153846
-0.103056
-0.17315076923076922
-0.21320492307692307
-0.21508246153846153
-0.19755876923076923
-0.168144
-0.11953661538461538
-0.06341907692307691
-0.0008344615384615384
0.04631261538461538
0.06946892307692307
0.06884307692307692
0.04965046153846154
0.042557538461538466
0.040679999999999994
0.041514461538461535
0.029414769230769227
-0.012934153846153845
-0.040054153846153843
-0.052571076923076915
-0.05820369230769231
-0.06154153846153846
-0.09909230769230769
-0.12120553846153845
-0.11724184615384614
-0.09658892307692307
-0.03755076923076923
0.02273907692307692
0.08115138461538463
0.14290153846153844
0.20527753846153846
0.26932246153846157
0.30332676923076923
0.30207507692307695
0.2574313846153846
0.16876984615384616
0.07468430769230769
-0.015646153846153844
-0.09533723076923077
-0.16501476923076921
-0.22467876923076924
-0.24762646153846155
-0.2355267692307692
-0.18128676923076922
-0.08824430769230769
-0.0033378461538461535
0.05757784615384615
0.0974233846153846
0.12037107692307693
0.1314276923076923
0.11098338461538461
0.053405538461538456
-0.028163076923076923
-0.11035753846153845
-0.17440246153846153
-0.2221753846153846
-0.2572227692307692
-0.28476
-0.2891409230769231
-0.2563883076923077
-0.19192615384615386
-0.11014892307692307
-0.03233538461538461
0.03483876923076923
0.09992676923076924
0.1666836923076923
0.2157083076923077
0.23949046153846154
0.22426153846153846
0.17481969230769231
0.12266584615384615
0.06905169230769231
0.026494153846153844
0.0002086153846153846
-0.027745846153846152
-0.04735569230769231
-0.05111076923076923
-0.028163076923076923
0.015854769230769228
0.05194523076923077
0.08720123076923077
0.10493353846153847
0.11536430769230768
0.13601723076923075
0.1422756923076923
0.13789476923076924
0.09784061538461537
0.03671630769230769
-0.01043076923076923
-0.05382276923076923
-0.08031692307692308
-0.09971815384615385
-0.11452984615384615
-0.10722830769230769
-0.07280676923076923
-0.006884307692307692
0.07197230769230768
0.13789476923076924
0.1783661538461538
0.20006215384615383
0.2056947692307692
0.19025723076923076
0.14978584615384616
0.07760492307692309
-0.02315630769230769
-0.1178676923076923
-0.1881710769230769
-0.23135446153846154
-0.2342750769230769
-0.21862892307692305
-0.1656406153846154
-0.06967753846153846
0.03880246153846154
0.15103753846153847
0.23177169230769232
0.26160369230769226
0.25534523076923077
0.2125790769230769
0.14916
0.07218092307692307
-0.02357353846153846
-0.10806276923076923
-0.16584923076923075
-0.1733593846153846
-0.14018953846153845
-0.08073415384615384
-0.006049846153846154
0.053614153846153846
0.11724184615384614
0.16772676923076923
0.19588984615384614
0.20027076923076922
0.16793538461538463
0.119328
0.06216738461538462
0.003963692307692307
-0.03713353846153846
-0.06550523076923077
-0.0826116923076923
-0.07030338461538461
-0.034630153846153845
0.023990769230769232
0.08219446153846154
0.1205796923076923
0.13706030769230768
0.13080184615384613
0.11891076923076922
0.09304246153846155
0.053405538461538456
-0.0033378461538461535
-0.06759138461538462
-0.11286092307692308
-0.13601723076923075
-0.12850707692307692
-0.09241661538461539
-0.06133292307692308
-0.018983999999999997
0.03692492307692308
0.08740984615384616
0.14415323076923076
0.16584923076923075
0.16063384615384615
0.14164984615384615
0.10159569230769232
0.07134646153846153
0.03567323076923076
-0.006258461538461538
-0.0446436923076923
-0.06800861538461538
-0.06133292307692308
-0.04172307692307692
-0.005424
0.034630153846153845
0.053614153846153846
0.06300184615384616
0.06362769230769232
0.06279323076923077
0.059038153846153844
0.03296123076923077
0.0025033846153846152
-0.028788923076923077
-0.05778646153846154
-0.06800861538461538
-0.07593599999999999
-0.08302892307692307
-0.07656184615384615
-0.059664
-0.03483876923076923
-0.008761846153846153
0.010848
0.021278769230769233
0.03337846153846154
0.05048492307692308
0.06759138461538462
0.07927384615384615
0.08177723076923075
0.0855323076923077
0.08720123076923077
0.09429415384615383
0.09721476923076922
0.08824430769230769
0.0717636923076923
0.04526953846153846
0.025659692307692307
0.01668923076923077
0.014394461538461538
0.011265230769230769
0.0029206153846153843
0.0
0.013351384615384614
0.03629907692307692
0.06008123076923077
0.08156861538461539
0.0892873846153846
0.08344615384615384
0.06633969230769231
0.04902461538461538
0.032544
0.005632615384615384
-0.026494153846153844
-0.06404492307692307
-0.09199938461538461
-0.11223507692307692
-0.12725538461538463
-0.13059323076923077
-0.12662953846153846
-0.10430769230769231
-0.07072061538461538
-0.03150092307692308
0.005215384615384615
0.030040615384615384
0.04965046153846154
0.061124307692307686
0.06467076923076923
0.06425353846153846
0.05069353846153846
0.029623384615384614
0.016480615384615385
0.0016689230769230767
-0.013560000000000001
-0.015228923076923076
0.0025033846153846152
0.029414769230769227
0.05298830769230769
0.06905169230769231
0.07238953846153846
0.059872615384615385
0.031709538461538456
0.007301538461538462
-0.00855323076923077
-0.019192615384615384
-0.031918153846153846
-0.040679999999999994
-0.04652123076923077
-0.05027630769230769
-0.054240000000000003
-0.06049846153846154
-0.05924676923076923
-0.05716061538461538
-0.02211323076923077
0.015646153846153844
0.16042523076923076
0.2805876923076923
0.2626467692307692
0.3137575384615385
0.28246523076923075
0.2697396923076923
0.22342707692307692
0.021278769230769233
-0.16501476923076921
-0.3848953846153846
-0.450192
-0.4466455384615384
-0.42933046153846155
-0.32731753846153844
-0.25117292307692307
-0.028788923076923077
0.20548615384615385
0.4211944615384615
0.6081138461538461
0.5826627692307692
0.5403138461538461
0.4297476923076923
0.24908676923076922
0.11140061538461538
-0.12662953846153846
-0.3039526153846154
-0.4211944615384615
-0.5426086153846154
-0.4524867692307692
-0.3156350769230769
-0.1422756923076923
0.07969107692307692
0.2236356923076923
0.39324
0.4948356923076923
0.5490756923076923
0.5759870769230769
0.4746
0.32377107692307694
0.14790830769230767
-0.003963692307692307
-0.119328
-0.27558092307692306
-0.4082603076923077
-0.5096473846153846
-0.5476153846153846
-0.45957969230769224
-0.3581926153846154
-0.233232
-0.08761846153846153
0.029832
0.18545907692307692
0.28934953846153844
0.31897292307692304
0.3216849230769231
0.24449723076923074
0.16584923076923075
0.09721476923076922
0.004798153846153846
-0.09679753846153846
-0.2205064615384615
-0.33315876923076926
-0.43329415384615383
-0.49963384615384615
-0.5269624615384615
-0.5192436923076923
-0.43934399999999996
-0.3402516923076923
-0.1858763076923077
0.054240000000000003
0.2701569230769231
0.46729846153846155
0.6031070769230769
0.6308529230769231
0.6060276923076923
0.4887858461538461
0.30562153846153844
0.08365476923076923
-0.1775316923076923
-0.37321292307692305
-0.5031803076923077
-0.576612923076923
-0.5759870769230769
-0.5100646153846153
-0.344424
-0.11411261538461538
0.12558646153846154
0.3339932307692307
0.4889944615384615
0.6166670769230769
0.6727846153846154
0.6277236923076922
0.512568
0.29227015384615385
0.05090215384615384
-0.17023015384615386
-0.39324
-0.5313433846153847
-0.6220910769230769
-0.644412923076923
-0.56952
-0.45269538461538456
-0.2666104615384615
-0.051528
0.14957723076923077
0.32543999999999995
0.43621476923076924
0.4942098461538461
0.4850307692307692
0.4276615384615384
0.3339932307692307
0.18712800000000002
0.04652123076923077
-0.09596307692307693
-0.20694646153846152
-0.2586830769230769
-0.29832
-0.2851772307692308
-0.23010276923076922
-0.16584923076923075
-0.061124307692307686
0.05590892307692308
0.15103753846153847
0.2357353846153846
0.301032
0.3594443076923077
0.39595199999999997
0.38072307692307694
0.32377107692307694
0.22968553846153844
0.12579507692307693
0.027120000000000002
-0.05444861538461539
-0.138312
-0.233232
-0.29185292307692307
-0.31000246153846156
-0.2966510769230769
-0.24679199999999998
-0.18191261538461537
-0.08511507692307693
0.025659692307692307
0.10430769230769231
0.17648861538461538
0.2138307692307692
0.21925476923076925
0.20673784615384616
0.15354092307692307
0.09825784615384614
0.046104
-0.008344615384615384
-0.05507446153846154
-0.103056
-0.13497415384615385
-0.1462393846153846
-0.1287156923076923
-0.092208
-0.07656184615384615
-0.04860738461538461
-0.018983999999999997
0.014185846153846153
0.06821723076923077
0.09471138461538461
0.12245723076923076
0.14540492307692307
0.157296
0.17085599999999998
0.15187199999999998
0.12600369230769232
0.10806276923076923
0.08094276923076923
0.05507446153846154
0.030875076923076922
0.007510153846153846
-0.02086153846153846
-0.04819015384615385
-0.05611753846153846
-0.06049846153846154
-0.06654830769230768
-0.07551876923076924
-0.07384984615384615
-0.04672984615384615
-0.029623384615384614
-0.019192615384615384
0.0
0.009596307692307692
0.018983999999999997
0.01814953846153846
0.004172307692307692
-0.0016689230769230767
-0.021278769230769233
-0.05486584615384615
-0.07677046153846154
-0.09721476923076922
-0.10430769230769231
-0.09095630769230768
-0.07948246153846153
-0.06571384615384615
-0.05486584615384615
-0.03275261538461539
0.005215384615384615
0.04380923076923077
0.07510153846153846
0.09033046153846153
0.10848000000000001
0.12350030769230769
0.13080184615384613
0.1287156923076923
0.10535076923076922
0.0771876923076923
0.05528307692307692
0.040679999999999994
0.026702769230769228
-0.003755076923076923
-0.04172307692307692
-0.06341907692307691
-0.052153846153846155
-0.015228923076923076
0.02586830769230769
0.056951999999999996
0.08031692307692308
0.10347323076923076
0.1207883076923077
0.13893784615384613
0.1506203076923077
0.13664307692307692
0.10222153846153846
0.0609156923076923
0.02211323076923077
-0.004589538461538461
-0.019609846153846155
-0.03400430769230769
-0.042348923076923076
-0.03942830769230769
-0.022530461538461537
0.002712
0.020652923076923076
0.031709538461538456
0.03963692307692308
0.042557538461538466
0.04839876923076923
0.06195876923076923
0.06300184615384616
0.05194523076923077
0.04401784615384615
0.04839876923076923
0.0678
0.09241661538461539
0.09825784615384614
0.09721476923076922
0.0934596923076923
0.07551876923076924
0.06404492307692307
0.043600615384615383
0.015020307692307692
-0.02315630769230769
-0.05820369230769231
-0.0717636923076923
-0.08386338461538462
-0.08177723076923075
-0.06884307692307692
-0.04526953846153846
-0.005424
0.03713353846153846
0.0880356923076923
0.12600369230769232
0.1356
0.12913292307692306
0.092208
0.03963692307692308
-0.013768615384615384
-0.07551876923076924
-0.12704676923076924
-0.16835261538461538
-0.1775316923076923
-0.14582215384615385
-0.09658892307692307
-0.03066646153846154
0.04047138461538462
0.10535076923076922
0.1597993846153846
0.1942209230769231
0.208824
0.19755876923076923
0.15520984615384617
0.10180430769230768
0.040054153846153843
-0.012934153846153845
-0.05382276923076923
-0.09304246153846155
-0.10263876923076923
-0.0853236923076923
-0.04276615384615385
0.016897846153846156
0.06926030769230769
0.11974523076923077
0.15187199999999998
0.16021661538461537
0.1449876923076923
0.10889723076923077
0.06216738461538462
0.0029206153846153843
-0.04756430769230769
-0.09095630769230768
-0.12496061538461539
-0.13622584615384614
-0.1368516923076923
-0.11473846153846154
-0.07343261538461537
-0.03713353846153846
-0.0008344615384615384
0.016272
0.01043076923076923
-0.004798153846153846
-0.04088861538461538
-0.07280676923076923
-0.10117846153846152
-0.130176
-0.14144123076923076
-0.13393107692307693
-0.11035753846153845
-0.07635323076923077
-0.03504738461538461
-0.0006258461538461538
0.023782153846153845
0.040262769230769234
0.04276615384615385
0.02482523076923077
0.0035464615384615383
-0.026494153846153844
-0.052153846153846155
-0.05570030769230769
-0.05528307692307692
-0.03442153846153846
-0.006049846153846154
0.02753723076923077
0.07197230769230768
0.11223507692307692
0.1462393846153846
0.16042523076923076
0.14853415384615384
0.12245723076923076
0.0936683076923077
0.05507446153846154
0.007510153846153846
-0.037967999999999995
-0.07572738461538461
-0.08323753846153846
-0.05778646153846154
-0.018358153846153843
0.03609046153846154
0.08594953846153845
0.12266584615384615
0.15395815384615386
0.16480615384615382
0.15500123076923078
0.119328
0.04860738461538461
-0.03108369230769231
-0.09846646153846153
-0.15208061538461537
-0.18086953846153844
-0.1777403076923077
-0.14331876923076922
-0.08469784615384615
-0.02044430769230769
0.044435076923076924
0.09658892307692307
0.12433476923076923
0.12704676923076924
0.10952307692307692
0.08866153846153846
0.05716061538461538
0.01814953846153846
-0.02482523076923077
-0.06028984615384615
-0.07197230769230768
-0.06946892307692307
-0.054240000000000003
-0.03108369230769231
0.0
0.03880246153846154
0.07823076923076923
0.116616
0.13747753846153846
0.13601723076923075
0.11390399999999999
0.08135999999999999
0.051528
0.016063384615384615
-0.015020307692307692
-0.04631261538461538
-0.06759138461538462
-0.05194523076923077
-0.02899753846153846
-0.012099692307692308
0.005841230769230769
0.0043809230769230765
-0.008344615384615384
-0.03504738461538461
-0.07072061538461538
-0.09846646153846153
-0.1424843076923077
-0.1881710769230769
-0.2207150769230769
-0.23072861538461537
-0.21195323076923075
-0.19359507692307693
-0.16480615384615382
-0.12642092307692307
-0.08720123076923077
-0.040262769230769234
-0.011891076923076923
0.0014603076923076922
0.002712
-0.01272553846153846
-0.015854769230769228
-0.020652923076923076
-0.026702769230769228
-0.03400430769230769
-0.04109723076923077
-0.024408000000000003
0.012308307692307691
0.06863446153846153
0.11807630769230769
0.14686523076923075
0.17023015384615386
0.18274707692307693
0.18316430769230768
0.18253846153846154
0.1656406153846154
0.12600369230769232
0.07760492307692309
0.037967999999999995
0.016897846153846156
-0.005424
-0.022947692307692308
-0.021904615384615383
-0.0077187692307692304
0.021070153846153846
0.04819015384615385
0.07197230769230768
0.09512861538461538
0.09325107692307691
0.07635323076923077
0.03150092307692308
-0.030040615384615384
-0.12391753846153845
-0.2415766153846154
-0.2768326153846154
-0.25388492307692306
-0.15103753846153847
0.003963692307692307
0.18253846153846154
0.39866399999999996
0.5772387692307692
0.7261901538461538
0.790860923076923
0.7562307692307693
0.5688941538461538
0.27850153846153847
0.01710646153846154
-0.2638984615384615
-0.4489403076923077
-0.5772387692307692
-0.6558867692307692
-0.5755698461538461
-0.4228633846153846
-0.14436184615384615
0.15208061538461537
0.3826006153846154
0.5446947692307692
0.5661821538461538
0.5204953846153846
0.3863556923076923
0.18212123076923076
-0.08323753846153846
-0.37592492307692305
-0.5551255384615384
-0.6354424615384615
-0.5828713846153846
-0.4015846153846154
-0.18796246153846152
0.06300184615384616
0.25847446153846154
0.4026276923076923
0.5146541538461539
0.4725138461538462
0.347136
0.1802436923076923
-0.006675692307692307
-0.1218313846153846
-0.19755876923076923
-0.21174461538461536
-0.18170399999999998
-0.14519630769230768
-0.0609156923076923
0.04193169230769231
0.1449876923076923
0.208824
0.2127876923076923
0.1704387692307692
0.07969107692307692
-0.01272553846153846
-0.1207883076923077
-0.24658338461538462
-0.32961230769230765
-0.3692492307692308
-0.3375396923076923
-0.2207150769230769
-0.06967753846153846
0.11140061538461538
0.26765353846153844
0.34233784615384616
0.3692492307692308
0.30895938461538464
0.14853415384615384
-0.053614153846153846
-0.25993476923076925
-0.4036707692307692
-0.44622830769230765
-0.3884418461538462
-0.23782153846153845
-0.030040615384615384
0.18191261538461537
0.376968
0.5403138461538461
0.6110344615384615
0.5768215384615385
0.4756430769230769
0.3160523076923077
0.1316363076923077
-0.04985907692307692
-0.21174461538461536
-0.31396615384615384
-0.35256
-0.3195987692307692
-0.22175815384615383
-0.08782707692307692
0.059038153846153844
0.1923433846153846
0.31188
0.3880246153846154
0.4017932307692308
0.33670523076923076
0.18858830769230767
0.012099692307692308
-0.16501476923076921
-0.3129230769230769
-0.40095876923076923
-0.4245323076923077
-0.37884553846153846
-0.24491446153846153
-0.056951999999999996
0.13518276923076925
0.31772123076923076
0.42265476923076917
0.44455938461538463
0.39595199999999997
0.2791273846153846
0.14665661538461539
-0.0077187692307692304
-0.16271999999999998
-0.26869661538461537
-0.31542646153846154
-0.2883064615384615
-0.18921415384615384
-0.04568676923076923
0.09283384615384616
0.20840676923076923
0.29101846153846156
0.31834707692307695
0.2872633846153846
0.17586276923076924
0.021278769230769233
-0.12204
-0.2507556923076923
-0.32961230769230765
-0.3565236923076923
-0.34651015384615386
-0.2795446153846154
-0.16730953846153845
-0.02524246153846154
0.11682461538461539
0.22947692307692308
0.287472
0.2860116923076923
0.23761292307692305
0.14582215384615385
0.044435076923076924
-0.06571384615384615
-0.17481969230769231
-0.26097784615384617
-0.30290953846153845
-0.2837169230769231
-0.20673784615384616
-0.09471138461538461
0.02086153846153846
0.15792184615384616
0.27432923076923077
0.3452584615384615
0.37321292307692305
0.3246055384615385
0.22843384615384613
0.103056
-0.025033846153846153
-0.1205796923076923
-0.18858830769230767
-0.23010276923076922
-0.222384
-0.17231630769230769
-0.09554584615384615
-0.009804923076923077
0.03755076923076923
0.061124307692307686
0.061124307692307686
0.040262769230769234
0.005841230769230769
-0.03775938461538462
-0.06717415384615384
-0.09158215384615384
-0.08135999999999999
-0.04547815384615384
-0.002086153846153846
0.05236246153846154
0.10055261538461538
0.1531236923076923
0.20506892307692307
0.2453316923076923
0.24866953846153847
0.22300984615384614
0.1693956923076923
0.09137353846153846
0.023990769230769232
-0.031918153846153846
-0.04902461538461538
-0.04422646153846154
-0.017315076923076923
0.04735569230769231
0.11828492307692307
0.18483323076923078
0.21800307692307694
0.19672430769230767
0.12808984615384614
0.040262769230769234
-0.05611753846153846
-0.15416676923076922
-0.23135446153846154
-0.2953993846153846
-0.31751261538461534
-0.2814221538461538
-0.20548615384615385
-0.09909230769230769
0.005215384615384615
0.08761846153846153
0.15270646153846154
0.19213476923076922
0.19609846153846153
0.15687876923076924
0.065088
-0.04902461538461538
-0.1570873846153846
-0.24053353846153847
-0.2870547692307692
-0.2912270769230769
-0.2497126153846154
-0.17252492307692308
-0.06195876923076923
0.05444861538461539
0.16188553846153847
0.23844738461538462
0.25555384615384613
0.2205064615384615
0.14394461538461537
0.05090215384615384
-0.05799507692307692
-0.1779489230769231
-0.27453784615384613
-0.33315876923076926
-0.34358953846153845
-0.30290953846153845
-0.21904615384615383
-0.11286092307692308
-0.008344615384615384
0.09012184615384615
0.17398523076923075
0.22593046153846155
0.23239753846153846
0.19192615384615386
0.11348676923076922
0.028163076923076923
-0.04672984615384615
-0.10827138461538462
-0.14874276923076923
-0.16793538461538463
-0.15520984615384617
-0.11181784615384616
-0.05799507692307692
0.0043809230769230765
0.061124307692307686
0.10180430769230768
0.12558646153846154
0.12391753846153845
0.11578153846153846
0.0897046153846154
0.04401784615384615
-0.0016689230769230767
-0.03755076923076923
-0.04839876923076923
-0.05069353846153846
-0.046104
-0.03942830769230769
-0.03024923076923077
-0.011473846153846154
-0.004172307692307692
-0.015646153846153844
-0.042557538461538466
-0.07843938461538462
-0.10743692307692307
-0.12141415384615384
-0.11557292307692307
-0.09179076923076923
-0.054657230769230764
-0.003755076923076923
0.06717415384615384
0.15520984615384617
0.24554030769230767
0.31104553846153843
0.3387913846153846
0.3327415384615385
0.2937304615384615
0.23510953846153848
0.15520984615384617
0.06654830769230768
-0.023364923076923075
-0.09325107692307691
-0.11202646153846153
-0.08615815384615384
-0.03296123076923077
0.033169846153846154
0.11056615384615384
0.18879692307692306
0.25972615384615383
0.3045784615384615
0.30562153846153844
0.26535876923076923
0.18921415384615384
0.09179076923076923
-0.011265230769230769
-0.1045163076923077
-0.19067446153846154
-0.2588916923076923
-0.2931046153846154
-0.2858030769230769
-0.2292683076923077
-0.15082892307692305
-0.06070707692307692
0.03066646153846154
0.10535076923076922
0.16584923076923075
0.2075723076923077
0.21716861538461538
0.19296923076923078
0.14144123076923076
0.0771876923076923
0.01397723076923077
-0.04860738461538461
-0.09554584615384615
-0.12725538461538463
-0.14060676923076923
-0.12370892307692308
-0.07614461538461538
-0.003963692307692307
0.06863446153846153
0.13247076923076923
0.17544553846153846
0.19150892307692308
0.1829556923076923
0.15374953846153847
0.11181784615384616
0.059664
-0.0029206153846153843
-0.05444861538461539
-0.09137353846153846
-0.13455692307692307
-0.16856123076923077
-0.18983999999999998
-0.19004861538461537
-0.15562707692307692
-0.10430769230769231
-0.04568676923076923
0.017940923076923077
0.07635323076923077
0.14018953846153845
0.20339999999999997
0.25367630769230765
0.2807963076923077
0.27453784615384613
0.2526332307692308
0.2138307692307692
0.16626646153846153
0.10618523076923077
0.03963692307692308
-0.01668923076923077
-0.06571384615384615
-0.09804923076923076
-0.12204
-0.14102399999999998
-0.14039815384615384
-0.11828492307692307
-0.06967753846153846
0.0012516923076923076
0.07531015384615385
0.1449876923076923
0.1908830769230769
0.20840676923076923
0.2059033846153846
0.17085599999999998
0.10681107692307691
0.021070153846153846
-0.07823076923076923
-0.168144
-0.2369870769230769
-0.26306399999999996
-0.24741784615384615
-0.19985353846153847
-0.12162276923076921
-0.016480615384615385
0.1097316923076923
0.22697353846153845
0.31688676923076925
0.3617390769230769
0.360696
0.3269003076923077
0.26348123076923075
0.1783661538461538
0.07551876923076924
-0.03296123076923077
-0.12391753846153845
-0.18358153846153846
-0.208824
-0.19588984615384614
-0.157296
-0.09846646153846153
-0.029414769230769227
0.04088861538461538
0.10827138461538462
0.14957723076923077
0.16418030769230768
0.1489513846153846
0.10868861538461538
0.05674338461538461
-0.014394461538461538
-0.08240307692307691
-0.14457046153846154
-0.19442953846153843
-0.20798953846153845
-0.19964492307692308
-0.1721076923076923
-0.1397723076923077
-0.11724184615384614
-0.103056
-0.10096984615384616
-0.09825784615384614
-0.0974233846153846
-0.10263876923076923
-0.09825784615384614
-0.07948246153846153
-0.035464615384615386
0.042974769230769226
0.12850707692307692
0.21111876923076925
0.2707827692307692
0.29581661538461534
0.2912270769230769
0.2330233846153846
0.1316363076923077
0.0012516923076923076
-0.138312
-0.2480436923076923
-0.3214763076923077
-0.34630153846153844
-0.3229366153846154
-0.25471938461538457
-0.13622584615384614
0.0022947692307692304
0.14749107692307692
0.27850153846153847
0.3615304615384615
0.39970707692307694
0.3836436923076923
0.31646953846153847
0.20652923076923077
0.05757784615384615
-0.0936683076923077
-0.22008923076923076
-0.3095852307692307
-0.34776184615384614
-0.33023815384615385
-0.27558092307692306
-0.19693292307692306
-0.11286092307692308
-0.02482523076923077
0.037967999999999995
0.08991323076923076
0.1787833846153846
0.24887815384615386
0.3517255384615385
0.43704923076923075
0.48628246153846155
0.546780923076923
0.5384363076923077
0.5090215384615385
0.3903193846153846
0.2194633846153846
0.043600615384615383
-0.14457046153846154
-0.2931046153846154
-0.444768
-0.5184092307692307
-0.5457378461538461
-0.500676923076923
-0.35047384615384614
-0.18107815384615383
0.03692492307692308
0.24700061538461537
0.4036707692307692
0.49984246153846157
0.48628246153846155
0.38030584615384616
0.222384
0.013560000000000001
-0.214248
-0.42244615384615386
-0.5976830769230769
-0.6665261538461538
-0.6102
-0.46312615384615385
-0.25471938461538457
-0.045895384615384616
0.15520984615384617
0.34066892307692304
0.46145723076923073
0.5052664615384616
0.4725138461538462
0.37258707692307685
0.25659692307692306
0.14164984615384615
0.023990769230769232
-0.10618523076923077
-0.23364923076923078
-0.3387913846153846
-0.41994276923076923
-0.46667261538461535
-0.4848221538461538
-0.43976123076923074
-0.3375396923076923
-0.22175815384615383
-0.08386338461538462
0.05528307692307692
0.1637630769230769
0.2509643076923077
0.2906012307692308
0.2887236923076923
0.25805723076923076
0.1913003076923077
0.12788123076923075
0.04965046153846154
-0.05570030769230769
-0.1733593846153846
-0.27140861538461536
-0.3269003076923077
-0.3473446153846154
-0.3327415384615385
-0.28955815384615385
-0.19693292307692306
-0.040054153846153843
0.14331876923076922
0.3193901538461538
0.4647950769230769
0.5415655384615384
0.5643046153846153
0.5131938461538461
0.37550769230769226
0.20006215384615383
0.005215384615384615
-0.16876984615384616
-0.2951907692307692
-0.3746732307692308
-0.38656430769230765
-0.3392086153846154
-0.2557624615384615
-0.138312
-0.006884307692307692
0.12850707692307692
0.2695310769230769
0.39928984615384616
0.48023261538461537
0.4956701538461538
0.4616658461538461
0.37613353846153846
0.25847446153846154
0.11035753846153845
-0.05924676923076923
-0.19442953846153843
-0.2870547692307692
-0.328152
-0.31897292307692304
-0.2699483076923077
-0.1760713846153846
-0.05570030769230769
0.08052553846153847
0.20193969230769232
0.2851772307692308
0.3235624615384615
0.3246055384615385
0.31688676923076925
0.2860116923076923
0.22822523076923076
0.1506203076923077
0.052153846153846155
-0.03880246153846154
-0.11348676923076922
-0.1867107692307692
-0.2415766153846154
-0.27140861538461536
-0.279336
-0.2453316923076923
-0.1869193846153846
-0.1136953846153846
-0.02482523076923077
0.05653476923076922
0.13372246153846154
0.20027076923076922
0.24574892307692306
0.2561796923076923
0.22864246153846152
0.1787833846153846
0.10389046153846154
0.03129230769230769
-0.025033846153846153
-0.07218092307692307
-0.10827138461538462
-0.14540492307692307
-0.165432
-0.15103753846153847
-0.12016246153846154
-0.0717636923076923
-0.016063384615384615
0.024408000000000003
0.07134646153846153
0.11870215384615385
0.14206707692307693
0.14060676923076923
0.09700615384615385
0.03400430769230769
-0.013351384615384614
-0.04276615384615385
-0.05486584615384615
-0.06467076923076923
-0.06946892307692307
-0.04902461538461538
-0.015437538461538461
0.021696
0.058412307692307694
0.07760492307692309
0.07677046153846154
0.06133292307692308
0.03275261538461539
-0.008136
-0.05444861538461539
-0.09512861538461538
-0.116616
-0.11286092307692308
-0.08010830769230769
-0.024616615384615383
0.046104
0.11703323076923078
0.16105107692307694
0.19985353846153847
0.2194633846153846
0.21675138461538462
0.19985353846153847
0.13601723076923075
0.05590892307692308
-0.026076923076923077
-0.09575446153846154
-0.13643446153846153
-0.16292861538461537
-0.16063384615384615
-0.12767261538461538
-0.07155507692307693
0.003755076923076923
0.0826116923076923
0.14331876923076922
0.18483323076923078
0.21362215384615382
0.2374043076923077
0.23907323076923076
0.19985353846153847
0.1314276923076923
0.040679999999999994
-0.0446436923076923
-0.11202646153846153
-0.16710092307692306
-0.19651569230769228
-0.20235692307692305
-0.18274707692307693
-0.13518276923076925
-0.07280676923076923
0.0006258461538461538
0.07238953846153846
0.13476553846153844
0.1829556923076923
0.19964492307692308
0.18983999999999998
0.14749107692307692
0.06654830769230768
-0.03129230769230769
-0.13706030769230768
-0.23385784615384617
-0.3081249230769231
-0.36319938461538465
-0.3844781538461538
-0.3721698461538462
-0.3152178461538461
-0.2194633846153846
-0.11223507692307692
0.0050067692307692304
0.10889723076923077
0.19588984615384614
0.2574313846153846
0.28392553846153845
0.279336
0.2355267692307692
0.17315076923076922
0.10535076923076922
0.042348923076923076
-0.020652923076923076
-0.07781353846153846
-0.12350030769230769
-0.14916
-0.13247076923076923
-0.08448923076923077
-0.013560000000000001
0.052571076923076915
0.10597661538461538
0.15604430769230768
0.19609846153846153
0.2194633846153846
0.22280123076923075
0.21842030769230766
0.19359507692307693
0.14519630769230768
0.08761846153846153
0.01940123076923077
-0.051528
-0.12245723076923076
-0.18107815384615383
-0.21654276923076923
-0.22843384615384613
-0.21508246153846153
-0.1846246153846154
-0.13622584615384614
-0.07656184615384615
-0.008136
0.06550523076923077
0.12579507692307693
0.17169046153846151
0.19797599999999999
0.1923433846153846
0.16647507692307692
0.11536430769230768
0.04109723076923077
-0.03984553846153846
-0.12120553846153845
-0.1829556923076923
-0.21320492307692307
-0.22029784615384615
-0.19860184615384616
-0.14331876923076922
-0.06258461538461538
0.042557538461538466
0.1543753846153846
0.2503384615384615
0.3095852307692307
0.32877784615384614
0.3206418461538461
0.28121353846153846
0.21862892307692305
0.1395636923076923
0.055491692307692304
-0.020027076923076922
-0.08365476923076923
-0.12162276923076921
-0.13267938461538462
-0.12224861538461537
-0.08907876923076924
-0.046104
0.003129230769230769
0.05444861538461539
0.09074769230769231
0.10618523076923077
0.09825784615384614
0.07885661538461539
0.06592246153846154
0.05757784615384615
0.04944184615384615
0.043392
0.03671630769230769
0.03212676923076923
0.03212676923076923
0.02315630769230769
-0.004798153846153846
-0.0446436923076923
-0.084072
-0.11056615384615384
-0.13080184615384613
-0.1502030769230769
-0.16710092307692306
-0.18191261538461537
-0.1733593846153846
-0.13872923076923074
-0.08177723076923075
-0.02044430769230769
0.02545107692307692
0.06821723076923077
0.0988836923076923
0.12558646153846154
0.13893784615384613
0.11432123076923076
0.0678
0.0025033846153846152
-0.06467076923076923
-0.11703323076923078
-0.15646153846153846
-0.1710646153846154
-0.16063384615384615
-0.12558646153846154
-0.054240000000000003
0.027328615384615382
0.10117846153846152
0.1558356923076923
0.18232984615384615
0.1942209230769231
0.19067446153846154
0.17815753846153848
0.14311015384615386
0.08845292307692308
0.02753723076923077
-0.027745846153846152
-0.05277969230769231
-0.065088
-0.07134646153846153
-0.073224
-0.07593599999999999
-0.06550523076923077
-0.04735569230769231
-0.04109723076923077
-0.05027630769230769
-0.07697907692307693
-0.11619876923076923
-0.1435273846153846
-0.14832553846153845
-0.14039815384615384
-0.13121907692307694
-0.11223507692307692
-0.06717415384615384
-0.009179076923076922
0.050067692307692306
0.10347323076923076
0.12913292307692306
0.138312
0.12788123076923075
0.10222153846153846
0.08094276923076923
0.03588184615384615
-0.011891076923076923
-0.04193169230769231
-0.05090215384615384
-0.019609846153846155
0.025659692307692307
0.07092923076923077
0.1218313846153846
0.17315076923076922
0.22718215384615387
0.2751636923076923
0.2912270769230769
0.2724516923076923
0.21988061538461537
0.15103753846153847
0.08052553846153847
0.0016689230769230767
-0.08469784615384615
-0.17023015384615386
-0.22864246153846152
-0.241368
-0.20944984615384615
-0.14039815384615384
-0.052571076923076915
0.03942830769230769
0.12955015384615384
0.20861538461538462
0.27474646153846155
0.3079163076923077
0.28350830769230767
0.22676492307692306
0.1502030769230769
0.06467076923076923
-0.013768615384615384
-0.0892873846153846
-0.15145476923076923
-0.19985353846153847
-0.21737723076923077
-0.19735015384615384
-0.14978584615384616
-0.092208
-0.041514461538461535
0.006675692307692307
0.05319692307692307
0.09575446153846154
0.12308307692307692
0.12266584615384615
0.09784061538461537
0.06592246153846154
0.021696
-0.01397723076923077
-0.051319384615384614
-0.09658892307692307
-0.12350030769230769
-0.13893784615384613
-0.11724184615384614
-0.07009476923076922
-0.012934153846153845
0.051319384615384614
0.10764553846153846
0.1597993846153846
0.19714153846153845
0.21508246153846153
0.20339999999999997
0.1558356923076923
0.09429415384615383
0.040262769230769234
0.007510153846153846
-0.008136
-0.02232184615384615
-0.03567323076923076
-0.046104
-0.04902461538461538
-0.044435076923076924
-0.03775938461538462
-0.03483876923076923
-0.03296123076923077
-0.016063384615384615
0.026702769230769228
0.07197230769230768
0.0961716923076923
0.09533723076923077
0.05611753846153846
-0.002086153846153846
-0.05924676923076923
-0.12537784615384615
-0.17648861538461538
-0.2125790769230769
-0.21842030769230766
-0.15354092307692307
-0.06028984615384615
0.15354092307692307
0.33899999999999997
0.38760738461538463
0.4746
0.46729846153846155
0.469176
0.4118067692307692
0.23344061538461539
0.07885661538461539
-0.13101046153846155
-0.20444307692307692
-0.233232
-0.2638984615384615
-0.2399076923076923
-0.26681907692307694
-0.16063384615384615
-0.027745846153846152
0.10201292307692307
0.2526332307692308
0.2532590769230769
0.2701569230769231
0.25200738461538463
0.18942276923076923
0.17628
0.065088
-0.0070929230769230765
-0.073224
-0.20465169230769228
-0.21070153846153844
-0.22342707692307692
-0.23656984615384613
-0.21237046153846154
-0.24866953846153847
-0.2238443076923077
-0.21007569230769232
-0.16876984615384616
-0.05236246153846154
0.017523692307692306
0.09784061538461537
0.17023015384615386
0.24908676923076922
0.32961230769230765
0.30144923076923075
0.2330233846153846
0.11703323076923078
-0.03045784615384615
-0.11286092307692308
-0.2209236923076923
-0.2943563076923077
-0.31396615384615384
-0.3195987692307692
-0.23156307692307693
-0.13914646153846155
-0.04422646153846154
0.09408553846153846
0.20193969230769232
0.32961230769230765
0.4387181538461538
0.4681329230769231
0.4385095384615385
0.3141747692307692
0.15667015384615385
-0.024199384615384616
-0.21216184615384615
-0.35965292307692304
-0.4675070769230769
-0.48064984615384615
-0.45978830769230766
-0.39970707692307694
-0.2526332307692308
-0.11473846153846154
0.04214030769230769
0.18545907692307692
0.25930892307692305
0.31396615384615384
0.29644246153846154
0.2578486153846154
0.20402584615384614
0.10138707692307691
0.034630153846153845
-0.03066646153846154
-0.08448923076923077
-0.11703323076923078
-0.15249784615384615
-0.1314276923076923
-0.09074769230769231
-0.051319384615384614
-0.028163076923076923
-0.03671630769230769
-0.004589538461538461
0.02357353846153846
0.03400430769230769
0.06362769230769232
0.06049846153846154
0.07927384615384615
0.12329169230769231
0.1504116923076923
0.19505538461538463
0.19505538461538463
0.16772676923076923
0.13455692307692307
0.05194523076923077
-0.018775384615384614
-0.08344615384615384
-0.13872923076923074
-0.16626646153846153
-0.17648861538461538
-0.13518276923076925
-0.08156861538461539
-0.0016689230769230767
0.10389046153846154
0.1908830769230769
0.2789187692307692
0.31083692307692307
0.29039261538461536
0.2374043076923077
0.124752
0.013768615384615384
-0.10201292307692307
-0.21862892307692305
-0.2730775384615384
-0.28768061538461537
-0.26076923076923075
-0.19547261538461536
-0.10722830769230769
0.022947692307692308
0.1476996923076923
0.23907323076923076
0.2832996923076923
0.2659846153846154
0.21341353846153846
0.11828492307692307
0.006884307692307692
-0.09784061538461537
-0.1948467692307692
-0.24449723076923074
-0.26494153846153845
-0.2492953846153846
-0.1846246153846154
-0.11452984615384615
-0.013142769230769229
0.10201292307692307
0.17419384615384614
0.2125790769230769
0.20173107692307693
0.16626646153846153
0.12266584615384615
0.03942830769230769
-0.04944184615384615
-0.11995384615384615
-0.16271999999999998
-0.1639716923076923
-0.12934153846153845
-0.06926030769230769
-0.010639384615384617
0.04401784615384615
0.09471138461538461
0.11703323076923078
0.1136953846153846
0.08094276923076923
0.016897846153846156
-0.05674338461538461
-0.1353913846153846
-0.19150892307692308
-0.214248
-0.20694646153846152
-0.16334584615384617
-0.12016246153846154
-0.07489292307692308
-0.011473846153846154
0.05027630769230769
0.09992676923076924
0.12120553846153845
0.12266584615384615
0.11891076923076922
0.10848000000000001
0.09137353846153846
0.06279323076923077
0.03567323076923076
0.016480615384615385
0.019609846153846155
0.05924676923076923
0.10514215384615383
0.14874276923076923
0.18086953846153844
0.18650215384615382
0.1802436923076923
0.15124615384615384
0.09992676923076924
0.04693846153846153
0.007301538461538462
-0.009804923076923077
-0.0006258461538461538
0.040262769230769234
0.0963803076923077
0.1597993846153846
0.21737723076923077
0.24595753846153845
0.24032492307692307
0.19046584615384615
0.100344
-0.011265230769230769
-0.13080184615384613
-0.23385784615384617
-0.3031181538461538
-0.34066892307692304
-0.34275507692307694
-0.306456
-0.23677846153846152
-0.14039815384615384
-0.01814953846153846
0.103056
0.19526400000000002
0.2426196923076923
0.23218892307692307
0.18963138461538462
0.1136953846153846
0.011891076923076923
-0.09387692307692307
-0.19651569230769228
-0.2620209230769231
-0.27599815384615384
-0.23761292307692305
-0.15228923076923076
-0.038176615384615385
0.08219446153846154
0.18775384615384613
0.2737033846153846
0.3216849230769231
0.32210215384615387
0.28267384615384616
0.20444307692307692
0.10472492307692308
0.0002086153846153846
-0.09387692307692307
-0.14582215384615385
-0.16000799999999998
-0.14540492307692307
-0.09971815384615385
-0.03963692307692308
0.02273907692307692
0.08115138461538463
0.12579507692307693
0.15145476923076923
0.1612596923076923
0.14728246153846153
0.10910584615384614
0.05862092307692307
-0.0077187692307692304
-0.06404492307692307
-0.09408553846153846
-0.10681107692307691
-0.09596307692307693
-0.07760492307692309
-0.04422646153846154
0.0077187692307692304
0.06341907692307691
0.11578153846153846
0.14665661538461539
0.15395815384615386
0.13601723076923075
0.09971815384615385
0.04631261538461538
-0.02315630769230769
-0.09408553846153846
-0.1543753846153846
-0.1881710769230769
-0.1829556923076923
-0.146448
-0.08031692307692308
0.004589538461538461
0.08907876923076924
0.17398523076923075
0.2422024615384615
0.28851507692307693
0.3054129230769231
0.2822566153846154
0.23156307692307693
0.15813046153846153
0.07510153846153846
-0.0014603076923076922
-0.06863446153846153
-0.116616
-0.14144123076923076
-0.14290153846153844
-0.12308307692307692
-0.09784061538461537
-0.07510153846153846
-0.04401784615384615
-0.014603076923076923
0.015228923076923076
0.054240000000000003
0.07781353846153846
0.08866153846153846
0.08386338461538462
0.07572738461538461
0.06362769230769232
0.041514461538461535
0.011056615384615385
-0.04318338461538461
-0.10618523076923077
-0.1721076923076923
-0.22947692307692308
-0.2703655384615385
-0.2962338461538461
-0.2906012307692308
-0.24616615384615384
-0.1721076923076923
-0.06863446153846153
0.040679999999999994
0.12391753846153845
0.18775384615384613
0.22008923076923076
0.23093723076923076
0.2225926153846154
0.1693956923076923
0.09179076923076923
-0.012099692307692308
-0.11578153846153846
-0.19192615384615386
-0.254928
-0.27787569230769227
-0.2655673846153846
-0.2059033846153846
-0.09825784615384614
0.027745846153846152
0.17648861538461538
0.2993630769230769
0.3846867692307692
0.43475446153846153
0.42474092307692307
0.37592492307692305
0.2726603076923077
0.130176
-0.011473846153846154
-0.14436184615384615
-0.2355267692307692
-0.276624
-0.2751636923076923
-0.23177169230769232
-0.16313723076923078
-0.065088
0.04109723076923077
0.13330523076923076
0.20673784615384616
0.23344061538461539
0.2261390769230769
0.19359507692307693
0.1368516923076923
0.06654830769230768
-0.010013538461538461
-0.07635323076923077
-0.12287446153846153
-0.14477907692307693
-0.13372246153846154
-0.10159569230769232
-0.07051199999999999
-0.03045784615384615
0.01668923076923077
0.07009476923076922
0.12412615384615384
0.15687876923076924
0.16501476923076921
0.14978584615384616
0.12996738461538462
0.11244369230769231
0.08866153846153846
0.058829538461538454
0.02586830769230769
0.009179076923076922
0.013351384615384614
0.03129230769230769
0.04547815384615384
0.04380923076923077
0.04214030769230769
0.04130584615384615
0.03775938461538462
0.03066646153846154
0.01043076923076923
-0.0077187692307692304
-0.015854769230769228
-0.015437538461538461
0.003963692307692307
0.03150092307692308
0.06404492307692307
0.09909230769230769
0.11974523076923077
0.12829846153846153
0.12391753846153845
0.10013538461538461
0.06049846153846154
0.010013538461538461
-0.021278769230769233
-0.03129230769230769
-0.026285538461538457
-0.005424
0.010848
0.029414769230769227
0.04672984615384615
0.06341907692307691
0.08302892307692307
0.07531015384615385
0.04547815384615384
0.015437538461538461
-0.01668923076923077
-0.042348923076923076
-0.06863446153846153
-0.09095630769230768
-0.09450276923076922
-0.09450276923076922
-0.086784
-0.07343261538461537
-0.06383630769230769
-0.06216738461538462
-0.07030338461538461
-0.06425353846153846
-0.052153846153846155
-0.04380923076923077
-0.04568676923076923
-0.06341907692307691
-0.07092923076923077
-0.07697907692307693
-0.08073415384615384
-0.07197230769230768
-0.07259815384615384
-0.07092923076923077
-0.06905169230769231
-0.061750153846153844
-0.03692492307692308
-0.028371692307692306
-0.029414769230769227
-0.03504738461538461
-0.04944184615384615
-0.05611753846153846
-0.06988615384615385
-0.08010830769230769
-0.08636676923076922
-0.08365476923076923
-0.05653476923076922
-0.02482523076923077
0.011682461538461537
0.041514461538461535
0.056326153846153845
0.061750153846153844
0.06279323076923077
0.06279323076923077
0.05048492307692308
0.02753723076923077
0.0077187692307692304
-0.0014603076923076922
-0.015646153846153844
-0.049233230769230765
-0.06446215384615385
-0.05757784615384615
-0.05924676923076923
-0.02273907692307692
0.027745846153846152
0.10389046153846154
0.1785747692307692
0.26786215384615386
0.450192
0.44810584615384613
0.4007501538461538
0.35923569230769226
0.2355267692307692
0.1994363076923077
0.02023569230769231
-0.138312
-0.28017046153846153
-0.3819747692307692
-0.2807963076923077
-0.24512307692307692
-0.13706030769230768
-0.06529661538461538
0.009179076923076922
0.20027076923076922
0.2730775384615384
0.3767593846153846
0.34338092307692303
0.18942276923076923
0.11181784615384616
-0.05486584615384615
-0.1356
-0.20047938461538461
-0.2795446153846154
-0.18337292307692307
-0.15959076923076923
-0.08428061538461538
0.07113784615384615
0.1395636923076923
0.2532590769230769
0.24554030769230767
0.18066092307692305
0.11745046153846153
-0.007510153846153846
-0.03045784615384615
-0.05924676923076923
-0.10597661538461538
-0.10722830769230769
-0.10222153846153846
-0.0029206153846153843
0.08949599999999999
0.11244369230769231
0.12099692307692309
0.05298830769230769
0.012934153846153845
-0.01856676923076923
-0.11286092307692308
-0.1794092307692308
-0.2624381538461539
-0.3039526153846154
-0.2774584615384615
-0.26535876923076923
-0.18858830769230767
-0.09658892307692307
-0.012934153846153845
0.12370892307692308
0.2209236923076923
0.2872633846153846
0.2891409230769231
0.21299630769230768
0.11494707692307692
-0.03275261538461539
-0.1639716923076923
-0.2680707692307692
-0.3129230769230769
-0.2920615384615385
-0.27453784615384613
-0.17085599999999998
-0.015646153846153844
0.12767261538461538
0.27704123076923076
0.3485963076923077
0.3746732307692308
0.35318584615384613
0.2695310769230769
0.19568123076923075
0.07030338461538461
-0.06070707692307692
-0.1462393846153846
-0.21675138461538462
-0.2292683076923077
-0.22113230769230768
-0.1794092307692308
-0.08866153846153846
0.0025033846153846152
0.09158215384615384
0.14185846153846154
0.1706473846153846
0.19526400000000002
0.16167692307692308
0.10597661538461538
0.030040615384615384
-0.06675692307692307
-0.10576799999999999
-0.13914646153846155
-0.14477907692307693
-0.11056615384615384
-0.08219446153846154
-0.011891076923076923
0.029414769230769227
0.040262769230769234
0.059664
0.058829538461538454
0.052571076923076915
0.02357353846153846
-0.011891076923076923
-0.03984553846153846
-0.06717415384615384
-0.04902461538461538
-0.004172307692307692
0.04088861538461538
0.078648
0.0798996923076923
0.09074769230769231
0.09658892307692307
0.08094276923076923
0.06529661538461538
-0.002086153846153846
-0.061124307692307686
-0.07885661538461539
-0.08845292307692308
-0.05924676923076923
-0.030875076923076922
0.018983999999999997
0.1097316923076923
0.19442953846153843
0.26452430769230767
0.28893230769230765
0.2638984615384615
0.21696000000000001
0.14415323076923076
0.06592246153846154
-0.011891076923076923
-0.0988836923076923
-0.15750461538461538
-0.2090326153846154
-0.22300984615384614
-0.18483323076923078
-0.11953661538461538
0.0043809230769230765
0.11703323076923078
0.20256553846153844
0.2751636923076923
0.30666461538461537
0.3275261538461538
0.2914356923076923
0.17815753846153848
0.04902461538461538
-0.08177723076923075
-0.16626646153846153
-0.20506892307692307
-0.2207150769230769
-0.20110523076923076
-0.15479261538461536
-0.05277969230769231
0.07343261538461537
0.1777403076923077
0.25138153846153843
0.2563883076923077
0.21821169230769227
0.1585476923076923
0.07551876923076924
-0.0029206153846153843
-0.09283384615384616
-0.1710646153846154
-0.20506892307692307
-0.20465169230769228
-0.14832553846153845
-0.058412307692307694
0.031918153846153846
0.12537784615384615
0.1994363076923077
0.26765353846153844
0.31104553846153843
0.29101846153846156
0.22822523076923076
0.11223507692307692
-0.018983999999999997
-0.12808984615384614
-0.2154996923076923
-0.2620209230769231
-0.29414769230769233
-0.27975323076923075
-0.20673784615384616
-0.11327815384615383
0.003129230769230769
0.0934596923076923
0.154584
0.19672430769230767
0.19964492307692308
0.18629353846153843
0.13935507692307691
0.053405538461538456
-0.03755076923076923
-0.12162276923076921
-0.16334584615384617
-0.17732307692307692
-0.18086953846153844
-0.15771323076923077
-0.12704676923076924
-0.06675692307692307
0.017523692307692306
0.10326461538461539
0.18066092307692305
0.2127876923076923
0.2073636923076923
0.1858763076923077
0.143736
0.09387692307692307
0.03859384615384615
-0.021696
-0.06654830769230768
-0.09408553846153846
-0.09784061538461537
-0.09596307692307693
-0.0961716923076923
-0.08824430769230769
-0.08594953846153845
-0.08156861538461539
-0.06070707692307692
-0.03650769230769231
-0.029414769230769227
-0.03483876923076923
-0.028371692307692306
-0.009596307692307692
0.016897846153846156
0.04088861538461538
0.043600615384615383
0.04672984615384615
0.046104
0.03337846153846154
0.009387692307692307
-0.029623384615384614
-0.06592246153846154
-0.0961716923076923
-0.10514215384615383
-0.084072
-0.04944184615384615
-0.010639384615384617
0.04714707692307692
0.1207883076923077
0.19609846153846153
0.254928
0.2703655384615385
0.25471938461538457
0.21153599999999997
0.14311015384615386
0.06425353846153846
-0.0016689230769230767
-0.04652123076923077
-0.09241661538461539
-0.12224861538461537
-0.12642092307692307
-0.11578153846153846
-0.09074769230769231
-0.05528307692307692
-0.012099692307692308
0.03483876923076923
0.08240307692307691
0.12537784615384615
0.15875630769230767
0.16042523076923076
0.1489513846153846
0.12725538461538463
0.09512861538461538
0.07009476923076922
0.027745846153846152
-0.007301538461538462
-0.034630153846153845
-0.0446436923076923
-0.028163076923076923
-0.024199384615384616
0.0016689230769230767
0.04088861538461538
0.07572738461538461
0.13309661538461537
0.17711446153846155
0.20965846153846154
0.22572184615384616
0.21654276923076923
0.21758584615384616
0.20381723076923075
0.16772676923076923
0.11098338461538461
0.02753723076923077
-0.04944184615384615
-0.116616
-0.16230276923076925
-0.18379015384615385
-0.20673784615384616
-0.208824
-0.17502830769230768
-0.11619876923076923
-0.03984553846153846
0.024616615384615383
0.07802215384615384
0.11473846153846154
0.12412615384615384
0.12391753846153845
0.07843938461538462
0.0002086153846153846
-0.08198584615384615
-0.16626646153846153
-0.22113230769230768
-0.24908676923076922
-0.2503384615384615
-0.2225926153846154
-0.17502830769230768
-0.1097316923076923
-0.03275261538461539
0.035255999999999996
0.07489292307692308
0.08177723076923075
0.062376
0.03775938461538462
0.015020307692307692
-0.010013538461538461
-0.04839876923076923
-0.09679753846153846
-0.1287156923076923
-0.13351384615384615
-0.11098338461538461
-0.08866153846153846
-0.07781353846153846
-0.07238953846153846
-0.06946892307692307
-0.04693846153846153
-0.023990769230769232
-0.0043809230769230765
0.016480615384615385
0.017940923076923077
0.02315630769230769
0.04714707692307692
0.07802215384615384
0.10889723076923077
0.13434830769230768
0.15792184615384616
0.17252492307692308
0.16835261538461538
0.15354092307692307
0.12016246153846154
0.06905169230769231
0.01668923076923077
-0.03567323076923076
-0.0609156923076923
-0.07197230769230768
-0.07510153846153846
-0.053614153846153846
-0.02044430769230769
0.040262769230769234
0.1028473846153846
0.15103753846153847
0.168144
0.14123261538461537
0.10013538461538461
0.04860738461538461
-0.015020307692307692
-0.08469784615384615
-0.15228923076923076
-0.20819815384615384
-0.22634769230769228
-0.20944984615384615
-0.1637630769230769
-0.10660246153846153
-0.05194523076923077
0.0022947692307692304
0.043600615384615383
0.07697907692307693
0.07155507692307693
0.031709538461538456
-0.020027076923076922
-0.07259815384615384
-0.09909230769230769
-0.10055261538461538
-0.07572738461538461
-0.03129230769230769
0.030040615384615384
0.10201292307692307
0.16647507692307692
0.20924123076923076
0.21716861538461538
0.18858830769230767
0.13267938461538462
0.06550523076923077
-0.0018775384615384615
-0.06195876923076923
-0.116616
-0.15416676923076922
-0.16438892307692307
-0.14665661538461539
-0.0974233846153846
-0.03942830769230769
0.021278769230769233
0.0744756923076923
0.1178676923076923
0.15667015384615385
0.16584923076923075
0.14185846153846154
0.08240307692307691
0.01043076923076923
-0.050067692307692306
-0.10201292307692307
-0.14540492307692307
-0.1785747692307692
-0.18629353846153843
-0.1635544615384615
-0.10618523076923077
-0.025033846153846153
0.05611753846153846
0.13101046153846155
0.19463815384615382
0.23677846153846152
0.26118646153846153
0.2572227692307692
0.21195323076923075
0.1424843076923077
0.06362769230769232
0.0025033846153846152
-0.033169846153846154
-0.05653476923076922
-0.06446215384615385
-0.06300184615384616
-0.04526953846153846
-0.008344615384615384
0.032544
0.07426707692307692
0.09304246153846155
0.0892873846153846
0.08887015384615385
0.08824430769230769
0.08574092307692306
0.07656184615384615
0.040679999999999994
0.0016689230769230767
-0.02524246153846154
-0.04547815384615384
-0.054240000000000003
-0.06592246153846154
-0.06946892307692307
-0.06383630769230769
-0.05048492307692308
-0.02899753846153846
-0.021278769230769233
-0.037967999999999995
-0.06133292307692308
-0.09033046153846153
-0.10889723076923077
-0.13372246153846154
-0.15833907692307692
-0.11265230769230769
-0.0448523076923077
0.078648
0.2225926153846154
0.3373310769230769
0.46250030769230766
0.5140283076923077
0.5244590769230769
0.4599969230769231
0.30749907692307693
0.13351384615384615
-0.09930092307692308
-0.2757895384615385
-0.4476886153846154
-0.5678510769230769
-0.557628923076923
-0.5054750769230769
-0.29727692307692305
-0.07781353846153846
0.1558356923076923
0.40554830769230765
0.5513704615384615
0.6813378461538461
0.6502541538461538
0.5077698461538461
0.3248141538461538
0.051319384615384614
-0.1721076923076923
-0.3896935384615384
-0.5465723076923077
-0.56952
-0.5238332307692307
-0.34296369230769225
-0.12266584615384615
0.09596307692307693
0.3141747692307692
0.450192
0.547824
0.5280055384615384
0.41013784615384613
0.28204799999999997
0.1045163076923077
-0.035464615384615386
-0.14582215384615385
-0.23761292307692305
-0.2709913846153846
-0.306456
-0.30061476923076924
-0.24908676923076922
-0.21967199999999998
-0.16793538461538463
-0.11494707692307692
-0.07760492307692309
-0.022530461538461537
-0.007510153846153846
0.002086153846153846
0.007301538461538462
-0.0004172307692307692
0.01814953846153846
0.02315630769230769
0.05590892307692308
0.10389046153846154
0.13518276923076925
0.16334584615384617
0.14123261538461537
0.09554584615384615
0.03609046153846154
-0.06362769230769232
-0.14394461538461537
-0.20506892307692307
-0.21591692307692306
-0.15374953846153847
-0.058412307692307694
0.09658892307692307
0.25054707692307693
0.3698750769230769
0.4541556923076923
0.47230523076923075
0.4376750769230769
0.3304467692307692
0.1846246153846154
0.033169846153846154
-0.11432123076923076
-0.21883753846153844
-0.2828824615384615
-0.29352184615384613
-0.25284184615384614
-0.17502830769230768
-0.05674338461538461
0.07405846153846153
0.20256553846153844
0.3202246153846154
0.3836436923076923
0.3949089230769231
0.36257353846153845
0.28350830769230767
0.18775384615384613
0.07405846153846153
-0.03859384615384615
-0.11891076923076922
-0.16209415384615386
-0.143736
-0.078648
0.011682461538461537
0.11807630769230769
0.20840676923076923
0.292896
0.3344104615384615
0.2937304615384615
0.19693292307692306
0.05674338461538461
-0.07885661538461539
-0.20235692307692305
-0.3095852307692307
-0.3713353846153846
-0.3886504615384615
-0.3412947692307692
-0.23510953846153848
-0.10910584615384614
0.01814953846153846
0.119328
0.18337292307692307
0.206112
0.17419384615384614
0.09867507692307692
-0.026702769230769228
-0.16584923076923075
-0.2868461538461538
-0.37967999999999996
-0.4049224615384615
-0.38009723076923074
-0.3127144615384615
-0.1992276923076923
-0.06529661538461538
0.08699261538461538
0.22947692307692308
0.33295015384615384
0.38948492307692306
0.37008369230769234
0.28955815384615385
0.1666836923076923
0.021070153846153846
-0.12391753846153845
-0.2659846153846154
-0.37967999999999996
-0.43996984615384616
-0.4355889230769231
-0.36966646153846155
-0.2620209230769231
-0.12662953846153846
0.022947692307692308
0.1597993846153846
0.27850153846153847
0.34943076923076927
0.347136
0.2849686153846154
0.17628
0.06154153846153846
-0.04318338461538461
-0.132888
-0.19526400000000002
-0.2288510769230769
-0.21696000000000001
-0.16981292307692308
-0.10952307692307692
-0.040262769230769234
0.017523692307692306
0.05945538461538461
0.09512861538461538
0.12224861538461537
0.14540492307692307
0.16042523076923076
0.16418030769230768
0.16084246153846155
0.14832553846153845
0.14457046153846154
0.13518276923076925
0.10952307692307692
0.07802215384615384
0.026494153846153844
-0.020652923076923076
-0.06195876923076923
-0.10222153846153846
-0.14436184615384615
-0.19755876923076923
-0.22697353846153845
-0.21842030769230766
-0.17669723076923077
-0.11724184615384614
-0.04422646153846154
0.044435076923076924
0.12329169230769231
0.18963138461538462
0.23886461538461537
0.2371956923076923
0.19735015384615384
0.124752
0.03108369230769231
-0.06362769230769232
-0.16897846153846155
-0.25555384615384613
-0.3068732307692308
-0.30937661538461536
-0.2497126153846154
-0.1504116923076923
-0.02586830769230769
0.09971815384615385
0.20632061538461538
0.2851772307692308
0.3235624615384615
0.3087507692307692
0.23969907692307693
0.12558646153846154
-0.013142769230769229
-0.14957723076923077
-0.2655673846153846
-0.3350363076923077
-0.35965292307692304
-0.33566215384615383
-0.26368984615384616
-0.1543753846153846
-0.018358153846153843
0.10597661538461538
0.21070153846153844
0.2707827692307692
0.28246523076923075
0.2605606153846154
0.19797599999999999
0.1097316923076923
0.0077187692307692304
-0.0853236923076923
-0.1449876923076923
-0.16167692307692308
-0.14206707692307693
-0.09930092307692308
-0.0448523076923077
0.023782153846153845
0.09950953846153845
0.1710646153846154
0.2238443076923077
0.2357353846153846
0.22300984615384614
0.19192615384615386
0.1489513846153846
0.1028473846153846
0.0448523076923077
-0.015854769230769228
-0.07259815384615384
-0.11953661538461538
-0.13789476923076924
-0.14081538461538462
-0.14060676923076923
-0.12621230769230768
-0.11306953846153844
-0.09012184615384615
-0.059872615384615385
-0.040679999999999994
-0.02232184615384615
-0.021487384615384613
-0.02211323076923077
-0.011473846153846154
0.0002086153846153846
0.010639384615384617
0.0043809230769230765
-0.001043076923076923
-0.003963692307692307
-0.0077187692307692304
-0.004798153846153846
-0.011265230769230769
-0.018983999999999997
-0.02023569230769231
-0.012934153846153845
0.015437538461538461
0.050067692307692306
0.08386338461538462
0.12162276923076921
0.14916
0.1783661538461538
0.19735015384615384
0.1842073846153846
0.14978584615384616
0.09763200000000001
0.04568676923076923
-0.0006258461538461538
-0.03984553846153846
-0.06926030769230769
-0.09241661538461539
-0.1045163076923077
-0.0934596923076923
-0.053614153846153846
-0.0043809230769230765
0.03755076923076923
0.06988615384615385
0.1070196923076923
0.14394461538461537
0.17398523076923075
0.1913003076923077
0.1802436923076923
0.14936861538461538
0.09241661538461539
0.02524246153846154
-0.03421292307692308
-0.09596307692307693
-0.14477907692307693
-0.1794092307692308
-0.18170399999999998
-0.138312
-0.07238953846153846
0.004589538461538461
0.0744756923076923
0.13455692307692307
0.1883796923076923
0.2205064615384615
0.22300984615384614
0.18358153846153846
0.10639384615384614
0.029206153846153847
-0.03859384615384615
-0.0961716923076923
-0.143736
-0.1802436923076923
-0.19171753846153847
-0.1779489230769231
-0.1462393846153846
-0.11098338461538461
-0.07051199999999999
-0.03129230769230769
-0.0050067692307692304
0.026285538461538457
0.06946892307692307
0.10514215384615383
0.130176
0.14394461538461537
0.1614683076923077
0.17586276923076924
0.17002153846153847
0.15291507692307693
0.10952307692307692
0.05444861538461539
-0.003755076923076923
-0.05528307692307692
-0.0717636923076923
-0.07572738461538461
-0.07113784615384615
-0.042557538461538466
0.005632615384615384
0.09241661538461539
0.18983999999999998
0.2651501538461538
0.3202246153846154
0.3350363076923077
0.32669169230769235
0.28934953846153844
0.21487384615384614
0.11348676923076922
-0.014185846153846153
-0.13038461538461538
-0.21821169230769227
-0.2643156923076923
-0.2737033846153846
-0.2643156923076923
-0.20944984615384615
-0.10994030769230768
0.015020307692307692
0.16042523076923076
0.28809784615384615
0.37947138461538454
0.42265476923076917
0.4078430769230769
0.35339446153846155
0.25284184615384614
0.11911938461538461
-0.03629907692307692
-0.184416
-0.28246523076923075
-0.3275261538461538
-0.3127144615384615
-0.2601433846153846
-0.1706473846153846
-0.04631261538461538
0.07823076923076923
0.19797599999999999
0.2862203076923077
0.3216849230769231
0.31062830769230765
0.2632726153846154
0.2021483076923077
0.1314276923076923
0.03775938461538462
-0.06550523076923077
-0.16418030769230768
-0.2357353846153846
-0.27412061538461535
-0.2803790769230769
-0.252216
-0.21591692307692306
-0.1597993846153846
-0.084072
-0.004798153846153846
0.07238953846153846
0.12496061538461539
0.1543753846153846
0.16626646153846153
0.16647507692307692
0.16021661538461537
0.13101046153846155
0.07906523076923076
0.019192615384615384
-0.041514461538461535
-0.09992676923076924
-0.14665661538461539
-0.19359507692307693
-0.23156307692307693
-0.24866953846153847
-0.24428861538461538
-0.20798953846153845
-0.15562707692307692
-0.08469784615384615
-0.003129230769230769
0.07593599999999999
0.14790830769230767
0.1908830769230769
0.19797599999999999
0.16063384615384615
0.08323753846153846
-0.017315076923076923
-0.1178676923076923
-0.19547261538461536
-0.2482523076923077
-0.27620676923076926
-0.2703655384615385
-0.21883753846153844
-0.13184492307692308
-0.024408000000000003
0.084072
0.17252492307692308
0.23531815384615382
0.273912
0.2789187692307692
0.24449723076923074
0.16793538461538463
0.058829538461538454
-0.03921969230769231
-0.12704676923076924
-0.19818461538461538
-0.24303692307692307
-0.265776
-0.24762646153846155
-0.1992276923076923
-0.116616
-0.022530461538461537
0.05528307692307692
0.10994030769230768
0.13080184615384613
0.12975876923076923
0.10681107692307691
0.07092923076923077
0.012099692307692308
-0.05048492307692308
-0.11974523076923077
-0.18483323076923078
-0.20506892307692307
-0.21299630769230768
-0.1942209230769231
-0.1489513846153846
-0.09387692307692307
-0.015646153846153844
0.07635323076923077
0.20277415384615383
0.3467187692307692
0.3836436923076923
0.3077076923076923
0.21925476923076925
0.10159569230769232
0.037967999999999995
-0.019192615384615384
-0.20652923076923077
-0.3481790769230769
-0.43329415384615383
-0.3917796923076923
-0.23969907692307693
-0.12662953846153846
0.005841230769230769
0.08469784615384615
0.24720923076923076
0.43329415384615383
0.5219556923076923
0.536976
0.3590270769230769
0.19588984615384614
0.04756430769230769
-0.11077476923076923
-0.19547261538461536
-0.3473446153846154
-0.40846892307692306
-0.4024190769230769
-0.38072307692307694
-0.21174461538461536
-0.07843938461538462
0.05528307692307692
0.2021483076923077
0.23510953846153848
0.30374399999999996
0.34275507692307694
0.344424
0.36611999999999995
0.2699483076923077
0.1558356923076923
0.029206153846153847
-0.07489292307692308
-0.09846646153846153
-0.17690584615384616
-0.24866953846153847
-0.30562153846153844
-0.31104553846153843
-0.222384
-0.17252492307692308
-0.11557292307692307
-0.053405538461538456
-0.003963692307692307
0.11807630769230769
0.21988061538461537
0.2970683076923077
0.35318584615384613
0.33962584615384617
0.32898646153846156
0.279336
0.1696043076923077
0.045895384615384616
-0.11098338461538461
-0.25117292307692307
-0.3542289230769231
-0.43162523076923076
-0.4418473846153846
-0.3811403076923077
-0.24887815384615386
-0.09074769230769231
0.08302892307692307
0.2828824615384615
0.43579753846153846
0.5578375384615384
0.6064449230769231
0.5424
0.4395526153846154
0.2709913846153846
0.06717415384615384
-0.1316363076923077
-0.32543999999999995
-0.44268184615384615
-0.49274953846153846
-0.47126215384615383
-0.3682061538461538
-0.23385784615384617
-0.03483876923076923
0.18191261538461537
0.3481790769230769
0.4612486153846154
0.4965046153846154
0.49817353846153845
0.43412861538461534
0.29832
0.13747753846153846
-0.05590892307692308
-0.19150892307692308
-0.26723630769230766
-0.31041969230769234
-0.279336
-0.233232
-0.1543753846153846
-0.03129230769230769
0.06675692307692307
0.15959076923076923
0.21070153846153844
0.21174461538461536
0.19463815384615382
0.14436184615384615
0.08302892307692307
0.014185846153846153
-0.04944184615384615
-0.09325107692307691
-0.11306953846153844
-0.10639384615384614
-0.10576799999999999
-0.100344
-0.08219446153846154
-0.0717636923076923
-0.056951999999999996
-0.06341907692307691
-0.09554584615384615
-0.10096984615384616
-0.09846646153846153
-0.09074769230769231
-0.06592246153846154
-0.04944184615384615
-0.009596307692307692
0.04401784615384615
0.08177723076923075
0.10138707692307691
0.08177723076923075
0.04088861538461538
-0.0070929230769230765
-0.06988615384615385
-0.12099692307692309
-0.16730953846153845
-0.20298276923076922
-0.21508246153846153
-0.21195323076923075
-0.16292861538461537
-0.08386338461538462
0.02545107692307692
0.15291507692307693
0.2369870769230769
0.29331323076923077
0.32377107692307694
0.33357600000000004
0.32898646153846156
0.25284184615384614
0.12829846153846153
-0.0029206153846153843
-0.11870215384615385
-0.17648861538461538
-0.20694646153846152
-0.2127876923076923
-0.18066092307692305
-0.127464
-0.03233538461538461
0.06738276923076922
0.138312
0.17377661538461536
0.16271999999999998
0.14018953846153845
0.10159569230769232
0.05674338461538461
0.016063384615384615
-0.03212676923076923
-0.06216738461538462
-0.07259815384615384
-0.04318338461538461
0.02482523076923077
0.084072
0.13121907692307694
0.14936861538461538
0.15416676923076922
0.16876984615384616
0.1721076923076923
0.1543753846153846
0.08699261538461538
0.004589538461538461
-0.04819015384615385
-0.06279323076923077
-0.03588184615384615
-0.017315076923076923
-0.011473846153846154
0.0043809230769230765
0.03859384615384615
0.10806276923076923
0.16167692307692308
0.16710092307692306
0.15124615384615384
0.11411261538461538
0.08177723076923075
0.055491692307692304
0.004798153846153846
-0.04756430769230769
-0.09387692307692307
-0.1136953846153846
-0.09471138461538461
-0.062376
-0.02023569230769231
0.015854769230769228
0.050067692307692306
0.0855323076923077
0.10472492307692308
0.10681107692307691
0.08386338461538462
0.03150092307692308
-0.024616615384615383
-0.06842584615384616
-0.08031692307692308
-0.05611753846153846
-0.019609846153846155
0.029832
0.06738276923076922
0.10493353846153847
0.14728246153846153
0.16042523076923076
0.14686523076923075
0.09179076923076923
0.02023569230769231
-0.03775938461538462
-0.08240307692307691
-0.10368184615384615
-0.11432123076923076
-0.10389046153846154
-0.06028984615384615
0.0077187692307692304
0.08219446153846154
0.1368516923076923
0.1637630769230769
0.16730953846153845
0.14728246153846153
0.10618523076923077
0.04819015384615385
-0.027328615384615382
-0.09679753846153846
-0.15479261538461536
-0.1873366153846154
-0.18316430769230768
-0.15813046153846153
-0.11244369230769231
-0.04672984615384615
0.02482523076923077
0.09429415384615383
0.14582215384615385
0.16480615384615382
0.15520984615384617
0.11265230769230769
0.053405538461538456
-0.016480615384615385
-0.09283384615384616
-0.15938215384615384
-0.2236356923076923
-0.265776
-0.2807963076923077
-0.26723630769230766
-0.2209236923076923
-0.16897846153846155
-0.11327815384615383
-0.059664
-0.011265230769230769
0.03483876923076923
0.05319692307692307
0.04756430769230769
0.037342153846153844
0.029623384615384614
0.04526953846153846
0.06571384615384615
0.08365476923076923
0.10368184615384615
0.10806276923076923
0.11035753846153845
0.10409907692307692
0.08156861538461539
0.05799507692307692
0.023364923076923075
0.0006258461538461538
0.01043076923076923
0.028788923076923077
0.06028984615384615
0.09471138461538461
0.13372246153846154
0.18545907692307692
0.21675138461538462
0.23406646153846156
0.23615261538461538
0.2140393846153846
0.1829556923076923
0.1435273846153846
0.09095630769230768
0.02795446153846154
-0.037967999999999995
-0.09971815384615385
-0.146448
-0.17023015384615386
-0.17085599999999998
-0.15270646153846154
-0.11703323076923078
-0.06696553846153847
0.0002086153846153846
0.06404492307692307
0.10263876923076923
0.11807630769230769
0.10722830769230769
0.08156861538461539
0.04172307692307692
-0.008970461538461538
-0.06258461538461538
-0.12600369230769232
-0.17982646153846152
-0.21654276923076923
-0.22947692307692308
-0.21341353846153846
-0.18170399999999998
-0.1289243076923077
-0.06571384615384615
-0.0014603076923076922
0.06926030769230769
0.12767261538461538
0.16167692307692308
0.17419384615384614
0.16605784615384614
0.1368516923076923
0.08574092307692306
0.025033846153846153
-0.04214030769230769
-0.11223507692307692
-0.16876984615384616
-0.20339999999999997
-0.2225926153846154
-0.22572184615384616
-0.20986707692307693
-0.16835261538461538
-0.09074769230769231
0.0050067692307692304
0.10493353846153847
0.18983999999999998
0.2578486153846154
0.306456
0.31772123076923076
0.29581661538461534
0.22196676923076922
0.10868861538461538
-0.02232184615384615
-0.14853415384615384
-0.2453316923076923
-0.31188
-0.33941723076923075
-0.3327415384615385
-0.2862203076923077
-0.1977673846153846
-0.08010830769230769
0.04652123076923077
0.1656406153846154
0.2482523076923077
0.28851507692307693
0.2970683076923077
0.26494153846153845
0.19735015384615384
0.092208
-0.02899753846153846
-0.13518276923076925
-0.21466523076923077
-0.25200738461538463
-0.25451076923076926
-0.22697353846153845
-0.1637630769230769
-0.07885661538461539
0.026494153846153844
0.130176
0.20632061538461538
0.25242461538461536
0.2699483076923077
0.2716172307692308
0.2582658461538461
0.23281476923076924
0.19046584615384615
0.13226215384615383
0.07614461538461538
0.03233538461538461
0.004589538461538461
-0.019192615384615384
-0.042557538461538466
-0.06216738461538462
-0.07468430769230769
-0.06821723076923077
-0.04672984615384615
-0.022947692307692308
-0.0004172307692307692
0.01940123076923077
0.047772923076923074
0.08845292307692308
0.12537784615384615
0.14665661538461539
0.1341396923076923
0.09700615384615385
0.04088861538461538
-0.028788923076923077
-0.10827138461538462
-0.20652923076923077
-0.2981113846153846
-0.3652855384615385
-0.3919883076923077
-0.37321292307692305
-0.32085046153846153
-0.24866953846153847
-0.15646153846153846
-0.04985907692307692
0.06571384615384615
0.17377661538461536
0.23969907692307693
0.26786215384615386
0.25305046153846156
0.21132738461538458
0.15354092307692307
0.078648
-0.0006258461538461538
-0.08240307692307691
-0.14206707692307693
-0.1639716923076923
-0.1506203076923077
-0.11536430769230768
-0.06425353846153846
-0.005841230769230769
0.054657230769230764
0.12266584615384615
0.18399876923076922
0.22655630769230767
0.233232
0.206112
0.15959076923076923
0.10743692307692307
0.05924676923076923
0.0077187692307692304
-0.054240000000000003
-0.11286092307692308
-0.14686523076923075
-0.14874276923076923
-0.12245723076923076
-0.08761846153846153
-0.05298830769230769
-0.018983999999999997
0.02357353846153846
0.06800861538461538
0.10827138461538462
0.12496061538461539
0.12433476923076923
0.0988836923076923
0.05236246153846154
0.016063384615384615
-0.05048492307692308
-0.11432123076923076
-0.1942209230769231
-0.2559710769230769
-0.2624381538461539
-0.18525046153846153
-0.029623384615384614
0.21988061538461537
0.4685501538461538
0.5983089230769231
0.7894006153846154
0.8801483076923076
0.9229144615384615
0.8784793846153847
0.6216738461538461
0.3179298461538461
-0.111192
-0.45603323076923075
-0.7647839999999999
-1.0462061538461538
-1.174921846153846
-1.2274929230769231
-1.0055261538461537
-0.6354424615384615
-0.14957723076923077
0.4078430769230769
0.8238221538461539
1.2072572307692309
1.4104486153846154
1.4240086153846152
1.2834018461538461
0.8730553846153846
0.3957433846153846
-0.14206707692307693
-0.6965667692307692
-1.0568455384615385
-1.3146941538461536
-1.3768615384615384
-1.241470153846154
-1.0094898461538462
-0.6006036923076923
-0.15813046153846153
0.32335384615384616
0.7898178461538462
1.1012806153846153
1.299048
1.323456
1.2001643076923076
0.9448190769230769
0.5113163076923077
0.022947692307692308
-0.47960676923076917
-0.92208
-1.1855612307692307
-1.3480726153846154
-1.3447347692307692
-1.1782596923076922
-0.9131095384615384
-0.5175747692307692
-0.111192
0.2791273846153846
0.656304
0.9345969230769231
1.1400830769230768
1.2229033846153847
1.1505138461538462
0.9594221538461538
0.6298098461538462
0.238656
-0.19505538461538463
-0.6260547692307692
-0.9852904615384614
-1.2619144615384617
-1.3695599999999999
-1.339310769230769
-1.1523913846153846
-0.7710424615384616
-0.306456
0.2355267692307692
0.7689563076923076
1.1899421538461539
1.4913913846153846
1.5863113846153847
1.4868018461538461
1.2080916923076923
0.7656184615384615
0.26452430769230767
-0.26681907692307694
-0.7654098461538462
-1.1722098461538462
-1.4505027692307693
-1.524769846153846
-1.4043987692307691
-1.1110855384615383
-0.6721587692307691
-0.15604430769230768
0.41368430769230763
0.9494086153846153
1.353288
1.597368
1.605086769230769
1.4164984615384615
1.0789587692307692
0.59664
0.08115138461538463
-0.4355889230769231
-0.8807741538461539
-1.1651169230769232
-1.2982135384615385
-1.2541956923076922
-1.0547593846153847
-0.7362036923076923
-0.32585723076923073
0.10368184615384615
0.514236923076923
0.8471870769230769
1.059348923076923
1.1490535384615383
1.091892923076923
0.9064338461538461
0.6162498461538461
0.25012984615384615
-0.12016246153846154
-0.48106707692307693
-0.775632
-0.9631772307692307
-1.0645643076923077
-1.0316030769230768
-0.8941255384615384
-0.6840498461538461
-0.4011673846153846
-0.08949599999999999
0.23969907692307693
0.5392707692307692
0.7556049230769231
0.8816086153846154
0.9035132307692307
0.8348787692307692
0.6836326153846153
0.46625538461538457
0.2238443076923077
-0.03775938461538462
-0.2751636923076923
-0.47418276923076924
-0.6385716923076923
-0.7266073846153845
-0.7424621538461539
-0.6663175384615385
-0.504432
-0.314592
-0.0880356923076923
0.1504116923076923
0.38572984615384615
0.6152067692307692
0.7716683076923077
0.8405113846153845
0.8209015384615383
0.7097095384615384
0.5413569230769231
0.31772123076923076
0.06154153846153846
-0.19442953846153843
-0.4276615384615384
-0.584748923076923
-0.6667347692307692
-0.6602676923076923
-0.5726492307692308
-0.44330769230769224
-0.25534523076923077
-0.04672984615384615
0.1718990769230769
0.38280923076923074
0.533220923076923
0.6187532307692307
0.6195876923076923
0.5511618461538461
0.44977476923076926
0.3141747692307692
0.15124615384615384
-0.013560000000000001
-0.15750461538461538
-0.24908676923076922
-0.29414769230769233
-0.3148006153846154
-0.314592
-0.3031181538461538
-0.2601433846153846
-0.18754523076923074
-0.09512861538461538
-0.0050067692307692304
0.05757784615384615
0.11557292307692307
0.16835261538461538
0.21529107692307692
0.24741784615384615
0.23198030769230768
0.18629353846153843
0.1136953846153846
0.011265230769230769
-0.09158215384615384
-0.2056947692307692
-0.3156350769230769
-0.4007501538461538
-0.4577021538461538
-0.4647950769230769
-0.4251581538461538
-0.3475532307692307
-0.2422024615384615
-0.11265230769230769
0.032544
0.18066092307692305
0.31229723076923077
0.39636923076923075
0.4145187692307692
0.3659113846153846
0.25993476923076925
0.11870215384615385
-0.04130584615384615
-0.21591692307692306
-0.37550769230769226
-0.5008855384615384
-0.5645132307692308
-0.546780923076923
-0.466464
-0.3346190769230769
-0.16793538461538463
0.018983999999999997
0.2090326153846154
0.3748818461538461
0.48294461538461536
0.523416
0.4919150769230769
0.4015846153846154
0.2830910769230769
0.15082892307692305
0.01397723076923077
-0.12308307692307692
-0.22321846153846153
-0.28893230769230765
-0.32543999999999995
-0.3160523076923077
-0.2799618461538461
-0.2127876923076923
-0.11911938461538461
-0.013142769230769229
0.09909230769230769
0.19964492307692308
0.2724516923076923
0.3160523076923077
0.3312812307692308
0.3187643076923077
0.28163076923076924
0.20944984615384615
0.11306953846153844
0.003129230769230769
-0.10389046153846154
-0.18942276923076923
-0.25701415384615384
-0.29727692307692305
-0.31626092307692305
-0.31104553846153843
-0.2737033846153846
-0.1992276923076923
-0.09825784615384614
-0.003963692307692307
0.0897046153846154
0.19296923076923078
0.2855944615384615
0.34630153846153844
0.3617390769230769
0.32543999999999995
0.24637476923076923
0.13622584615384614
0.02273907692307692
-0.07134646153846153
-0.15354092307692307
-0.21696000000000001
-0.24679199999999998
-0.22405292307692307
-0.15082892307692305
-0.042557538461538466
0.08657538461538461
0.20715507692307691
0.3054129230769231
0.36945784615384614
0.3798886153846154
0.34066892307692304
0.249504
0.12496061538461539
0.008970461538461538
-0.08761846153846153
-0.14707384615384617
-0.17148184615384612
-0.1783661538461538
-0.15667015384615385
-0.11140061538461538
-0.044435076923076924
0.032544
0.0961716923076923
0.13330523076923076
0.1314276923076923
0.1028473846153846
0.06028984615384615
0.005215384615384615
-0.059872615384615385
-0.13038461538461538
-0.18170399999999998
-0.20444307692307692
-0.20423446153846153
-0.1693956923076923
-0.11390399999999999
-0.04318338461538461
0.04214030769230769
0.11745046153846153
0.1777403076923077
0.19547261538461536
0.15625292307692307
0.07405846153846153
-0.03483876923076923
-0.13893784615384613
-0.22968553846153844
-0.2939390769230769
-0.32085046153846153
-0.30290953846153845
-0.233232
-0.12120553846153845
0.01668923076923077
0.15103753846153847
0.26222953846153846
0.34338092307692303
0.38760738461538463
0.38343507692307693
0.32564861538461537
0.21299630769230768
0.06800861538461538
-0.07593599999999999
-0.20715507692307691
-0.3035353846153846
-0.3565236923076923
-0.36549415384615386
-0.32043323076923075
-0.23531815384615382
-0.11494707692307692
0.03150092307692308
0.17023015384615386
0.2916443076923077
0.3775938461538461
0.41556184615384617
0.40846892307692306
0.34943076923076927
0.25847446153846154
0.14436184615384615
0.026285538461538457
-0.07468430769230769
-0.16480615384615382
-0.2261390769230769
-0.2699483076923077
-0.287472
-0.2628553846153846
-0.21716861538461538
-0.1341396923076923
-0.03358707692307692
0.06425353846153846
0.17398523076923075
0.2680707692307692
0.3467187692307692
0.39928984615384616
0.3994984615384615
0.3744646153846154
0.31772123076923076
0.24095076923076922
0.1506203076923077
0.042557538461538466
-0.05945538461538461
-0.14916
-0.20277415384615383
-0.21320492307692307
-0.18858830769230767
-0.127464
-0.03629907692307692
0.07823076923076923
0.20715507692307691
0.32982092307692307
0.4245323076923077
0.4748086153846154
0.46729846153846155
0.41034646153846155
0.2997803076923077
0.15625292307692307
-0.0008344615384615384
-0.16292861538461537
-0.2870547692307692
-0.3671630769230769
-0.3826006153846154
-0.34004307692307695
-0.260352
-0.15270646153846154
-0.029623384615384614
0.10576799999999999
0.21633415384615384
0.29331323076923077
0.32043323076923075
0.2916443076923077
0.22280123076923075
0.12350030769230769
0.01272553846153846
-0.09679753846153846
-0.19505538461538463
-0.2632726153846154
-0.279336
-0.2588916923076923
-0.20944984615384615
-0.14665661538461539
-0.08740984615384616
-0.028788923076923077
0.01668923076923077
0.04965046153846154
0.05319692307692307
0.03275261538461539
0.002712
-0.023364923076923075
-0.025659692307692307
-0.011473846153846154
0.022947692307692308
0.06550523076923077
0.09804923076923076
0.12204
0.12975876923076923
0.11891076923076922
0.08824430769230769
0.03275261538461539
-0.026076923076923077
-0.07489292307692308
-0.10576799999999999
-0.11244369230769231
-0.10076123076923077
-0.06258461538461538
-0.0070929230769230765
0.059872615384615385
0.13706030769230768
0.20006215384615383
0.23761292307692305
0.23907323076923076
0.2140393846153846
0.17231630769230769
0.10555938461538462
0.026494153846153844
-0.07384984615384615
-0.1712732307692308
-0.23156307692307693
-0.2638984615384615
-0.24992123076923078
-0.19714153846153845
-0.11640738461538462
-0.01981846153846154
0.06884307692307692
0.12725538461538463
0.13747753846153846
0.1151556923076923
0.06446215384615385
0.010013538461538461
-0.037967999999999995
-0.084072
-0.11327815384615383
-0.10368184615384615
-0.03963692307692308
0.08845292307692308
0.17085599999999998
0.14311015384615386
0.12120553846153845
0.061124307692307686
0.06759138461538462
0.05236246153846154
-0.1097316923076923
-0.19609846153846153
-0.29685969230769227
-0.265776
-0.15792184615384616
-0.10117846153846152
-0.006049846153846154
0.013768615384615384
0.16292861538461537
0.3152178461538461
0.4047138461538461
0.45436430769230773
0.3170953846153846
0.2138307692307692
0.06884307692307692
-0.08991323076923076
-0.1842073846153846
-0.3565236923076923
-0.40700861538461536
-0.40679999999999994
-0.39970707692307694
-0.22989415384615383
-0.08511507692307693
0.09846646153846153
0.2680707692307692
0.2780843076923077
0.3291950769230769
0.3077076923076923
0.25659692307692306
0.22530461538461538
0.07051199999999999
-0.06258461538461538
-0.20423446153846153
-0.28100492307692304
-0.24408
-0.25117292307692307
-0.233232
-0.20798953846153845
-0.13226215384615383
0.03379569230769231
0.12934153846153845
0.2021483076923077
0.2342750769230769
0.21529107692307692
0.2503384615384615
0.23531815384615382
0.1994363076923077
0.1666836923076923
0.08094276923076923
0.04965046153846154
0.022947692307692308
-0.02315630769230769
-0.04985907692307692
-0.13768615384615385
-0.21007569230769232
-0.25012984615384615
-0.2864289230769231
-0.2705741538461538
-0.225096
-0.13518276923076925
-0.062376
0.014603076923076923
0.13267938461538462
0.21862892307692305
0.3072904615384615
0.3248141538461538
0.27558092307692306
0.23531815384615382
0.1462393846153846
0.059664
-0.04422646153846154
-0.1800350769230769
-0.2753723076923077
-0.35568923076923076
-0.3727956923076923
-0.33357600000000004
-0.27474646153846155
-0.1422756923076923
0.013560000000000001
0.1693956923076923
0.29227015384615385
0.3490135384615385
0.38719015384615385
0.3588184615384616
0.25972615384615383
0.11745046153846153
-0.06967753846153846
-0.21237046153846154
-0.32982092307692307
-0.4220289230769231
-0.41681353846153846
-0.3811403076923077
-0.28392553846153845
-0.14018953846153845
-0.024408000000000003
0.10201292307692307
0.19380369230769232
0.2557624615384615
0.28851507692307693
0.24053353846153847
0.14686523076923075
0.016063384615384615
-0.1045163076923077
-0.18879692307692306
-0.2632726153846154
-0.301032
-0.3179298461538461
-0.2751636923076923
-0.15291507692307693
-0.016272
0.12975876923076923
0.23364923076923078
0.28350830769230767
0.31396615384615384
0.287472
0.22572184615384616
0.11181784615384616
-0.05528307692307692
-0.17461107692307692
-0.2507556923076923
-0.2822566153846154
-0.27453784615384613
-0.2605606153846154
-0.20131384615384615
-0.11223507692307692
-0.006049846153846154
0.10764553846153846
0.1718990769230769
0.1990190769230769
0.17961784615384613
0.12496061538461539
0.086784
0.03984553846153846
0.002086153846153846
-0.042557538461538466
-0.09846646153846153
-0.11703323076923078
-0.10952307692307692
-0.05507446153846154
0.02586830769230769
0.07051199999999999
0.10013538461538461
0.13810338461538463
0.19046584615384615
0.2509643076923077
0.27599815384615384
0.2559710769230769
0.2056947692307692
0.1543753846153846
0.12725538461538463
0.10952307692307692
0.07656184615384615
0.02586830769230769
-0.02023569230769231
-0.024199384615384616
0.0022947692307692304
0.03609046153846154
0.06654830769230768
0.078648
0.09930092307692308
0.12412615384615384
0.16021661538461537
0.19588984615384614
0.20360861538461536
0.1977673846153846
0.1693956923076923
0.14164984615384615
0.11828492307692307
0.08135999999999999
0.03108369230769231
-0.04088861538461538
-0.10430769230769231
-0.14164984615384615
-0.14999446153846155
-0.13852061538461538
-0.12642092307692307
-0.0963803076923077
-0.03942830769230769
0.04109723076923077
0.12955015384615384
0.1942209230769231
0.21696000000000001
0.21174461538461536
0.1883796923076923
0.1476996923076923
0.0853236923076923
-0.013351384615384614
-0.11682461538461539
-0.1990190769230769
-0.24992123076923078
-0.2578486153846154
-0.23281476923076924
-0.17961784615384613
-0.10764553846153846
-0.03045784615384615
0.04839876923076923
0.10931446153846153
0.13893784615384613
0.13351384615384615
0.09846646153846153
0.05590892307692308
0.003755076923076923
-0.041514461538461535
-0.07468430769230769
-0.09825784615384614
-0.09283384615384616
-0.06049846153846154
0.0006258461538461538
0.0744756923076923
0.143736
0.20298276923076922
0.23135446153846154
0.2261390769230769
0.20047938461538461
0.15562707692307692
0.10201292307692307
0.03337846153846154
-0.03880246153846154
-0.09053907692307692
-0.1287156923076923
-0.13497415384615385
-0.11640738461538462
-0.07593599999999999
-0.014185846153846153
0.04902461538461538
0.10222153846153846
0.13476553846153844
0.14436184615384615
0.13309661538461537
0.09679753846153846
0.03713353846153846
-0.03921969230769231
-0.1287156923076923
-0.20110523076923076
-0.2374043076923077
-0.23406646153846156
-0.20235692307692305
-0.15667015384615385
-0.0961716923076923
-0.02315630769230769
0.05674338461538461
0.10994030769230768
0.13372246153846154
0.13080184615384613
0.10096984615384616
0.06404492307692307
0.013142769230769229
-0.03650769230769231
-0.07551876923076924
-0.10430769230769231
-0.10994030769230768
-0.09074769230769231
-0.04693846153846153
0.0077187692307692304
0.05924676923076923
0.09992676923076924
0.12829846153846153
0.13601723076923075
0.12955015384615384
0.10368184615384615
0.059872615384615385
0.016063384615384615
-0.023990769230769232
-0.04380923076923077
-0.05298830769230769
-0.059038153846153844
-0.06362769230769232
-0.05236246153846154
-0.016897846153846156
0.031918153846153846
0.08344615384615384
0.11056615384615384
0.12037107692307693
0.11891076923076922
0.10430769230769231
0.09596307692307693
0.06759138461538462
0.023990769230769232
-0.007510153846153846
-0.029206153846153847
-0.01710646153846154
0.00855323076923077
0.03337846153846154
0.06967753846153846
0.10368184615384615
0.15333230769230768
0.20673784615384616
0.22947692307692308
0.2236356923076923
0.18483323076923078
0.13309661538461537
0.07927384615384615
0.017315076923076923
-0.04860738461538461
-0.11891076923076922
-0.1693956923076923
-0.19192615384615386
-0.18983999999999998
-0.15813046153846153
-0.11348676923076922
-0.05924676923076923
-0.006675692307692307
0.03921969230769231
0.08574092307692306
0.10868861538461538
0.09930092307692308
0.07259815384615384
0.03775938461538462
0.009804923076923077
-0.010848
-0.04172307692307692
-0.07551876923076924
-0.10535076923076922
-0.1218313846153846
-0.11035753846153845
-0.07885661538461539
-0.03212676923076923
0.004172307692307692
0.03233538461538461
0.06258461538461538
0.078648
0.0855323076923077
0.06738276923076922
0.03212676923076923
-0.014185846153846153
-0.06279323076923077
-0.09846646153846153
-0.14144123076923076
-0.1704387692307692
-0.18170399999999998
-0.1829556923076923
-0.16647507692307692
-0.14144123076923076
-0.11160923076923077
-0.08699261538461538
-0.07384984615384615
-0.06279323076923077
-0.041514461538461535
-0.011473846153846154
0.013351384615384614
0.026494153846153844
0.03024923076923077
0.028788923076923077
0.03066646153846154
0.026702769230769228
0.011682461538461537
-0.002086153846153846
-0.021904615384615383
-0.03129230769230769
-0.01856676923076923
0.0022947692307692304
0.03212676923076923
0.06070707692307692
0.09429415384615383
0.13747753846153846
0.17398523076923075
0.19296923076923078
0.18650215384615382
0.1612596923076923
0.12329169230769231
0.08594953846153845
0.065088
0.04547815384615384
0.013560000000000001
-0.022530461538461537
-0.05590892307692308
-0.0717636923076923
-0.07259815384615384
-0.06821723076923077
-0.04756430769230769
-0.02211323076923077
0.014394461538461538
0.06216738461538462
0.08907876923076924
0.10055261538461538
0.10201292307692307
0.08887015384615385
0.07823076923076923
0.06028984615384615
0.03755076923076923
0.005215384615384615
-0.03901107692307692
-0.06738276923076922
-0.08782707692307692
-0.0897046153846154
-0.08699261538461538
-0.07885661538461539
-0.05528307692307692
-0.029832
0.01940123076923077
0.06258461538461538
0.07823076923076923
0.07280676923076923
0.042348923076923076
0.0077187692307692304
-0.031918153846153846
-0.09074769230769231
-0.14728246153846153
-0.19526400000000002
-0.22488738461538463
-0.20465169230769228
-0.15646153846153846
-0.10013538461538461
-0.040679999999999994
0.004798153846153846
0.04944184615384615
0.08699261538461538
0.10827138461538462
0.10785415384615385
0.08094276923076923
0.04401784615384615
0.0077187692307692304
-0.016897846153846156
-0.03066646153846154
-0.03671630769230769
-0.03275261538461539
-0.011265230769230769
0.03045784615384615
0.0855323076923077
0.13038461538461538
0.16209415384615386
0.18274707692307693
0.1908830769230769
0.19985353846153847
0.19672430769230767
0.1760713846153846
0.1368516923076923
0.08720123076923077
0.03984553846153846
0.0022947692307692304
-0.024616615384615383
-0.041514461538461535
-0.05277969230769231
-0.06070707692307692
-0.054240000000000003
-0.04401784615384615
-0.029623384615384614
-0.01668923076923077
-0.0070929230769230765
-0.004172307692307692
-0.017315076923076923
-0.026702769230769228
-0.06362769230769232
-0.1178676923076923
-0.13059323076923077
-0.09471138461538461
-0.007510153846153846
0.11014892307692307
0.22134092307692307
0.3246055384615385
0.4109723076923077
0.46354338461538463
0.4775206153846153
0.39866399999999996
0.25534523076923077
0.09846646153846153
-0.035255999999999996
-0.1489513846153846
-0.24992123076923078
-0.29227015384615385
-0.3131316923076923
-0.241368
-0.11411261538461538
0.02211323076923077
0.1639716923076923
0.2374043076923077
0.2864289230769231
0.26306399999999996
0.18149538461538461
0.07259815384615384
-0.07739630769230768
-0.2125790769230769
-0.3558978461538462
-0.45269538461538456
-0.4785636923076923
-0.4424732307692308
-0.31000246153846156
-0.15208061538461537
0.016897846153846156
0.1612596923076923
0.2540935384615385
0.3241883076923077
0.30708184615384615
0.2157083076923077
0.09658892307692307
-0.03296123076923077
-0.09950953846153845
-0.12829846153846153
-0.14123261538461537
-0.12934153846153845
-0.10681107692307691
-0.03713353846153846
0.043600615384615383
0.11306953846153844
0.1504116923076923
0.14665661538461539
0.1424843076923077
0.12141415384615384
0.08782707692307692
0.03755076923076923
-0.0448523076923077
-0.11140061538461538
-0.15604430769230768
-0.18316430769230768
-0.16856123076923077
-0.12913292307692306
-0.06696553846153847
0.008970461538461538
0.07197230769230768
0.116616
0.12704676923076924
0.086784
0.02044430769230769
-0.06696553846153847
-0.13935507692307691
-0.15771323076923077
-0.13518276923076925
-0.07259815384615384
0.006049846153846154
0.09429415384615383
0.18650215384615382
0.2699483076923077
0.31396615384615384
0.29185292307692307
0.22447015384615385
0.1435273846153846
0.06884307692307692
0.00855323076923077
-0.04401784615384615
-0.08782707692307692
-0.09199938461538461
-0.058412307692307694
0.0006258461538461538
0.06633969230769231
0.11286092307692308
0.15416676923076922
0.18128676923076922
0.18712800000000002
0.17023015384615386
0.13038461538461538
0.08177723076923075
0.019192615384615384
-0.03880246153846154
-0.09304246153846155
-0.124752
-0.12245723076923076
-0.1136953846153846
-0.08010830769230769
-0.02044430769230769
0.04214030769230769
0.10806276923076923
0.15646153846153846
0.16063384615384615
0.13038461538461538
0.065088
-0.0008344615384615384
-0.051528
-0.10117846153846152
-0.12621230769230768
-0.1316363076923077
-0.10159569230769232
-0.031709538461538456
0.051319384615384614
0.12725538461538463
0.1721076923076923
0.19338646153846153
0.19463815384615382
0.173568
0.1151556923076923
0.018358153846153843
-0.08240307692307691
-0.16251138461538459
-0.2056947692307692
-0.21800307692307694
-0.20944984615384615
-0.17628
-0.11870215384615385
-0.035255999999999996
0.046104
0.10660246153846153
0.15145476923076923
0.17690584615384616
0.17544553846153846
0.13893784615384613
0.08219446153846154
0.013142769230769229
-0.05736923076923077
-0.11223507692307692
-0.13706030769230768
-0.13706030769230768
-0.12642092307692307
-0.09596307692307693
-0.06049846153846154
-0.021278769230769233
0.01940123076923077
0.04985907692307692
0.08219446153846154
0.09700615384615385
0.07572738461538461
0.031918153846153846
-0.02232184615384615
-0.05862092307692307
-0.08156861538461539
-0.11494707692307692
-0.1287156923076923
-0.12120553846153845
-0.09241661538461539
-0.04693846153846153
-0.015020307692307692
0.004589538461538461
0.014394461538461538
0.03045784615384615
0.04756430769230769
0.04756430769230769
0.03066646153846154
-0.0008344615384615384
-0.023782153846153845
-0.02482523076923077
-0.016480615384615385
0.009596307692307692
0.04839876923076923
0.09450276923076922
0.15291507692307693
0.1913003076923077
0.20298276923076922
0.19693292307692306
0.165432
0.12350030769230769
0.07614461538461538
0.03713353846153846
0.01272553846153846
-0.01814953846153846
-0.04860738461538461
-0.06946892307692307
-0.07030338461538461
-0.06216738461538462
-0.05319692307692307
-0.046104
-0.05820369230769231
-0.06487938461538462
-0.06800861538461538
-0.06863446153846153
-0.06675692307692307
-0.08699261538461538
-0.10618523076923077
-0.11432123076923076
-0.11244369230769231
-0.09700615384615385
-0.08428061538461538
-0.07614461538461538
-0.06529661538461538
-0.05090215384615384
-0.03567323076923076
-0.02795446153846154
-0.031709538461538456
-0.04652123076923077
-0.056326153846153845
-0.04088861538461538
-0.010013538461538461
0.03233538461538461
0.06863446153846153
0.10263876923076923
0.15249784615384615
0.19380369230769232
0.2221753846153846
0.23510953846153848
0.2207150769230769
0.17440246153846153
0.11619876923076923
0.041514461538461535
-0.03838523076923077
-0.1151556923076923
-0.19359507692307693
-0.22780799999999998
-0.21737723076923077
-0.16167692307692308
-0.06133292307692308
0.04276615384615385
0.13935507692307691
0.21633415384615384
0.2618123076923077
0.27704123076923076
0.25054707692307693
0.18232984615384615
0.07426707692307692
-0.04839876923076923
-0.1543753846153846
-0.2424110769230769
-0.301032
-0.3239796923076923
-0.3054129230769231
-0.2399076923076923
-0.13789476923076924
-0.015020307692307692
0.0974233846153846
0.1779489230769231
0.23072861538461537
0.2586830769230769
0.2582658461538461
0.2238443076923077
0.14790830769230767
0.05528307692307692
-0.03150092307692308
-0.10493353846153847
-0.14582215384615385
-0.16501476923076921
-0.16292861538461537
-0.14206707692307693
-0.10660246153846153
-0.054657230769230764
0.0022947692307692304
0.05716061538461538
0.09450276923076922
0.11807630769230769
0.14039815384615384
0.15416676923076922
0.15291507692307693
0.13372246153846154
0.10055261538461538
0.06571384615384615
0.035255999999999996
0.015020307692307692
-0.006675692307692307
-0.029623384615384614
-0.050067692307692306
-0.06738276923076922
-0.06300184615384616
-0.04109723076923077
-0.013560000000000001
0.019192615384615384
0.051528
0.0936683076923077
0.14081538461538462
0.17481969230769231
0.19797599999999999
0.18775384615384613
0.14811692307692306
0.09304246153846155
0.01668923076923077
-0.06905169230769231
-0.15896492307692306
-0.24178523076923078
-0.2981113846153846
-0.3156350769230769
-0.2853858461538461
-0.21132738461538458
-0.11160923076923077
-0.0004172307692307692
0.10159569230769232
0.19693292307692306
0.2695310769230769
0.2989458461538462
0.28392553846153845
0.21654276923076923
0.12767261538461538
0.031709538461538456
-0.05507446153846154
-0.10764553846153846
-0.12600369230769232
-0.09763200000000001
-0.04109723076923077
0.04172307692307692
0.1353913846153846
0.2125790769230769
0.2791273846153846
0.3035353846153846
0.29602523076923076
0.25972615384615383
0.18712800000000002
0.10618523076923077
0.004589538461538461
-0.09554584615384615
-0.15500123076923078
-0.1883796923076923
-0.1856676923076923
-0.15500123076923078
-0.11035753846153845
-0.03567323076923076
0.03275261538461539
0.08323753846153846
0.11014892307692307
0.09408553846153846
0.05444861538461539
-0.01272553846153846
-0.07948246153846153
-0.138312
-0.19359507692307693
-0.21612553846153845
-0.21612553846153845
-0.1792006153846154
-0.11828492307692307
-0.053405538461538456
0.010222153846153844
0.05674338461538461
0.09721476923076922
0.12350030769230769
0.12621230769230768
0.11160923076923077
0.07468430769230769
0.029414769230769227
-0.002086153846153846
-0.02482523076923077
-0.03066646153846154
-0.026702769230769228
-0.014603076923076923
0.009596307692307692
0.03379569230769231
0.06654830769230768
0.09533723076923077
0.11223507692307692
0.11682461538461539
0.1028473846153846
0.09053907692307692
0.07614461538461538
0.04944184615384615
0.026702769230769228
0.010013538461538461
0.002086153846153846
0.0
0.0035464615384615383
0.011891076923076923
0.012099692307692308
0.015020307692307692
0.029414769230769227
0.04672984615384615
0.053614153846153846
0.051528
0.044435076923076924
0.04193169230769231
0.05590892307692308
0.07113784615384615
0.08344615384615384
0.08699261538461538
0.08094276923076923
0.07155507692307693
0.05674338461538461
0.03629907692307692
0.0035464615384615383
-0.03921969230769231
-0.07656184615384615
-0.09012184615384615
-0.08657538461538461
-0.07948246153846153
-0.07927384615384615
-0.0826116923076923
-0.08720123076923077
-0.0880356923076923
-0.08010830769230769
-0.07092923076923077
-0.058412307692307694
-0.05486584615384615
-0.0446436923076923
-0.021904615384615383
0.0035464615384615383
0.028163076923076923
0.03609046153846154
0.03629907692307692
0.03045784615384615
0.018983999999999997
0.0014603076923076922
-0.02586830769230769
-0.053405538461538456
-0.07259815384615384
-0.084072
-0.07781353846153846
-0.05799507692307692
-0.04088861538461538
-0.014811692307692307
0.011265230769230769
0.03942830769230769
0.06696553846153847
0.078648
0.0771876923076923
0.07051199999999999
0.06362769230769232
0.04672984615384615
0.029414769230769227
0.00855323076923077
-0.006258461538461538
-0.009596307692307692
-0.008136
0.002712
0.003963692307692307
-0.005424
-0.021904615384615383
-0.03984553846153846
-0.05069353846153846
-0.056951999999999996
-0.053405538461538456
-0.0448523076923077
-0.03045784615384615
0.0043809230769230765
0.05924676923076923
0.1218313846153846
0.1721076923076923
0.2021483076923077
0.2221753846153846
0.21967199999999998
0.1873366153846154
0.12621230769230768
0.04172307692307692
-0.04088861538461538
-0.13601723076923075
-0.19588984615384614
-0.22718215384615387
-0.22843384615384613
-0.17461107692307692
-0.08907876923076924
0.11640738461538462
0.23615261538461538
0.29873723076923075
0.3848953846153846
0.35923569230769226
0.36299076923076923
0.23656984615384613
0.026076923076923077
-0.19046584615384615
-0.4387181538461538
-0.5221643076923077
-0.5701458461538461
-0.5580461538461539
-0.4783550769230769
-0.36027876923076924
-0.09053907692307692
0.16876984615384616
0.42015138461538465
0.5914246153846153
0.5895470769230768
0.5672252307692307
0.4303735384615384
0.2482523076923077
0.06592246153846154
-0.1994363076923077
-0.3615304615384615
-0.514236923076923
-0.6120775384615385
-0.5261279999999999
-0.4228633846153846
-0.2221753846153846
-0.018775384615384614
0.11640738461538462
0.27558092307692306
0.35276861538461535
0.4211944615384615
0.44914892307692306
0.3392086153846154
0.19380369230769232
0.015020307692307692
-0.10576799999999999
-0.1656406153846154
-0.2586830769230769
-0.3133403076923077
-0.3604873846153846
-0.34275507692307694
-0.24011630769230768
-0.15667015384615385
-0.05528307692307692
0.030875076923076922
0.10514215384615383
0.2138307692307692
0.2734947692307692
0.31000246153846156
0.32314523076923074
0.26911384615384615
0.24053353846153847
0.20652923076923077
0.15249784615384615
0.10764553846153846
0.03150092307692308
-0.03400430769230769
-0.0988836923076923
-0.15875630769230767
-0.18316430769230768
-0.17502830769230768
-0.13267938461538462
-0.1045163076923077
-0.0446436923076923
0.06550523076923077
0.16751815384615384
0.2805876923076923
0.3473446153846154
0.3636166153846153
0.35193415384615384
0.2699483076923077
0.18066092307692305
0.043600615384615383
-0.1353913846153846
-0.2655673846153846
-0.36299076923076923
-0.38572984615384615
-0.3550633846153846
-0.2862203076923077
-0.14811692307692306
0.013560000000000001
0.17648861538461538
0.3016578461538461
0.37655076923076924
0.4216116923076923
0.3955347692307692
0.3087507692307692
0.18358153846153846
0.01981846153846154
-0.11494707692307692
-0.22300984615384614
-0.30332676923076923
-0.31354892307692306
-0.2883064615384615
-0.21070153846153844
-0.10743692307692307
-0.016063384615384615
0.09053907692307692
0.1693956923076923
0.21341353846153846
0.22634769230769228
0.18149538461538461
0.10138707692307691
-0.0070929230769230765
-0.10618523076923077
-0.1635544615384615
-0.1990190769230769
-0.2056947692307692
-0.19192615384615386
-0.12433476923076923
-0.013142769230769229
0.086784
0.184416
0.23239753846153846
0.24095076923076922
0.24554030769230767
0.21466523076923077
0.1489513846153846
0.046104
-0.06759138461538462
-0.13935507692307691
-0.1712732307692308
-0.16772676923076923
-0.13247076923076923
-0.08782707692307692
-0.01981846153846154
0.06154153846153846
0.13643446153846153
0.19547261538461536
0.20360861538461536
0.1666836923076923
0.08574092307692306
-0.014603076923076923
-0.10243015384615384
-0.1785747692307692
-0.2225926153846154
-0.249504
-0.2620209230769231
-0.22467876923076924
-0.15416676923076922
-0.05924676923076923
0.04214030769230769
0.08720123076923077
0.11306953846153844
0.132888
0.14164984615384615
0.15374953846153847
0.12600369230769232
0.08615815384615384
0.03984553846153846
0.006049846153846154
0.0043809230769230765
-0.004589538461538461
-0.0043809230769230765
-0.004172307692307692
0.009596307692307692
0.04985907692307692
0.08302892307692307
0.12287446153846153
0.14603076923076924
0.1506203076923077
0.16251138461538459
0.15625292307692307
0.14582215384615385
0.13226215384615383
0.09575446153846154
0.055491692307692304
0.006258461538461538
-0.03692492307692308
-0.055491692307692304
-0.07635323076923077
-0.10555938461538462
-0.13643446153846153
-0.1614683076923077
-0.16292861538461537
-0.14164984615384615
-0.10681107692307691
-0.06654830769230768
-0.026911384615384615
0.025659692307692307
0.08615815384615384
0.13518276923076925
0.15562707692307692
0.1435273846153846
0.11640738461538462
0.07489292307692308
0.02315630769230769
-0.03755076923076923
-0.10764553846153846
-0.16292861538461537
-0.18942276923076923
-0.18754523076923074
-0.15500123076923078
-0.10326461538461539
-0.03045784615384615
0.05611753846153846
0.13914646153846155
0.20986707692307693
0.25138153846153843
0.25513661538461535
0.22113230769230768
0.1652233846153846
0.09304246153846155
0.004798153846153846
-0.07802215384615384
-0.14457046153846154
-0.1883796923076923
-0.19672430769230767
-0.18545907692307692
-0.14811692307692306
-0.0828203076923077
-0.011265230769230769
0.07092923076923077
0.130176
0.1612596923076923
0.17231630769230769
0.1435273846153846
0.09533723076923077
0.03921969230769231
-0.01981846153846154
-0.07113784615384615
-0.11536430769230768
-0.13643446153846153
-0.13810338461538463
-0.1207883076923077
-0.07593599999999999
-0.03066646153846154
0.005424
0.033169846153846154
0.051319384615384614
0.059664
0.047772923076923074
0.02545107692307692
-0.01043076923076923
-0.05736923076923077
-0.09450276923076922
-0.11557292307692307
-0.12037107692307693
-0.1151556923076923
-0.09658892307692307
-0.061124307692307686
-0.016063384615384615
0.03483876923076923
0.0853236923076923
0.12350030769230769
0.14519630769230768
0.15145476923076923
0.15103753846153847
0.14790830769230767
0.13393107692307693
0.11056615384615384
0.07593599999999999
0.040679999999999994
0.006675692307692307
-0.02044430769230769
-0.031709538461538456
-0.03233538461538461
-0.01940123076923077
0.011056615384615385
0.05403138461538461
0.100344
0.1422756923076923
0.1666836923076923
0.17440246153846153
0.16105107692307694
0.12496061538461539
0.07030338461538461
0.0
-0.07948246153846153
-0.15792184615384616
-0.21195323076923075
-0.23135446153846154
-0.22300984615384614
-0.1908830769230769
-0.13998092307692306
-0.08010830769230769
-0.006049846153846154
0.07197230769230768
0.13852061538461538
0.18086953846153844
0.19526400000000002
0.18483323076923078
0.1462393846153846
0.08991323076923076
0.012308307692307691
-0.06654830769230768
-0.12224861538461537
-0.14081538461538462
-0.11432123076923076
-0.06300184615384616
0.010013538461538461
0.07906523076923076
0.13622584615384614
0.18858830769230767
0.2225926153846154
0.23093723076923076
0.20506892307692307
0.14853415384615384
0.07489292307692308
0.0018775384615384615
-0.06049846153846154
-0.10868861538461538
-0.13622584615384614
-0.13455692307692307
-0.11432123076923076
-0.08073415384615384
-0.040054153846153843
-0.010848
0.007301538461538462
0.006467076923076923
0.0018775384615384615
-0.0025033846153846152
-0.017523692307692306
-0.029414769230769227
-0.040679999999999994
-0.04422646153846154
-0.027745846153846152
0.0035464615384615383
0.035255999999999996
0.06362769230769232
0.08031692307692308
0.08866153846153846
0.09053907692307692
0.07802215384615384
0.04965046153846154
-0.0025033846153846152
-0.05298830769230769
-0.08740984615384616
-0.10222153846153846
-0.09387692307692307
-0.07510153846153846
-0.040054153846153843
0.012308307692307691
0.07197230769230768
0.1353913846153846
0.17315076923076922
0.1794092307692308
0.154584
0.09575446153846154
0.03233538461538461
-0.048816000000000005
-0.13706030769230768
-0.21299630769230768
-0.2730775384615384
-0.2849686153846154
-0.2620209230769231
-0.21091015384615383
-0.13101046153846155
-0.04109723076923077
0.061124307692307686
0.15896492307692306
0.23615261538461538
0.2737033846153846
0.260352
0.20944984615384615
0.12788123076923075
0.038176615384615385
-0.04109723076923077
-0.10952307692307692
-0.15646153846153846
-0.17648861538461538
-0.15625292307692307
-0.10159569230769232
-0.026076923076923077
0.05862092307692307
0.12934153846153845
0.1942209230769231
0.2480436923076923
0.2858030769230769
0.2993630769230769
0.27599815384615384
0.21779446153846155
0.13518276923076925
0.05069353846153846
-0.02586830769230769
-0.09283384615384616
-0.143736
-0.17169046153846151
-0.17502830769230768
-0.13622584615384614
-0.07030338461538461
-0.005215384615384615
0.05716061538461538
0.10368184615384615
0.1368516923076923
0.15124615384615384
0.14081538461538462
0.11077476923076923
0.05298830769230769
-0.010848
-0.06529661538461538
-0.10409907692307692
-0.12162276923076921
-0.13852061538461538
-0.13726892307692307
-0.1136953846153846
-0.073224
-0.017523692307692306
0.01981846153846154
0.027328615384615382
0.006258461538461538
-0.02545107692307692
-0.05486584615384615
-0.08240307692307691
-0.11473846153846154
-0.14164984615384615
-0.14999446153846155
-0.13747753846153846
-0.086784
-0.026285538461538457
0.021904615384615383
0.05382276923076923
0.059038153846153844
0.059664
0.05716061538461538
0.04819015384615385
0.03045784615384615
0.0004172307692307692
-0.01856676923076923
-0.03024923076923077
-0.03483876923076923
-0.03379569230769231
-0.03755076923076923
-0.04088861538461538
-0.035464615384615386
-0.0043809230769230765
0.04047138461538462
0.0853236923076923
0.11286092307692308
0.116616
0.10660246153846153
0.09283384615384616
0.08094276923076923
0.05653476923076922
0.015020307692307692
-0.02357353846153846
-0.03379569230769231
-0.024199384615384616
-0.007510153846153846
-0.010639384615384617
-0.029623384615384614
-0.04631261538461538
-0.058412307692307694
-0.059664
-0.08156861538461539
-0.08636676923076922
-0.08198584615384615
-0.029414769230769227
0.04714707692307692
0.19338646153846153
0.37196123076923077
0.33524492307692305
0.33065538461538463
0.2805876923076923
0.20965846153846154
0.19463815384615382
-0.02044430769230769
-0.18858830769230767
-0.38677292307692307
-0.45978830769230766
-0.3387913846153846
-0.2782929230769231
-0.12433476923076923
-0.04172307692307692
0.12725538461538463
0.3907366153846154
0.5507446153846154
0.7078319999999999
0.6062363076923076
0.42703569230769234
0.2724516923076923
0.03650769230769231
-0.09053907692307692
-0.3039526153846154
-0.47668615384615387
-0.5148627692307692
-0.5953883076923077
-0.46542092307692307
-0.2776670769230769
-0.11327815384615383
0.12266584615384615
0.23469230769230767
0.35923569230769226
0.43475446153846153
0.4105550769230769
0.4147273846153846
0.2906012307692308
0.11411261538461538
-0.058829538461538454
-0.22989415384615383
-0.2883064615384615
-0.36611999999999995
-0.4245323076923077
-0.4211944615384615
-0.3896935384615384
-0.2059033846153846
-0.028163076923076923
0.09825784615384614
0.23177169230769232
0.2872633846153846
0.36632861538461536
0.40346215384615386
0.3346190769230769
0.26681907692307694
0.14018953846153845
0.0446436923076923
0.02023569230769231
-0.015646153846153844
-0.027745846153846152
-0.07823076923076923
-0.11265230769230769
-0.11098338461538461
-0.1218313846153846
-0.10076123076923077
-0.08949599999999999
-0.028163076923076923
0.052153846153846155
0.09491999999999999
0.18754523076923074
0.24074215384615386
0.260352
0.2751636923076923
0.2140393846153846
0.1531236923076923
0.05444861538461539
-0.07593599999999999
-0.17252492307692308
-0.2872633846153846
-0.3291950769230769
-0.31188
-0.28476
-0.21237046153846154
-0.14853415384615384
-0.04902461538461538
0.07843938461538462
0.1829556923076923
0.25555384615384613
0.25117292307692307
0.235944
0.22321846153846153
0.154584
0.07030338461538461
-0.06633969230769231
-0.21466523076923077
-0.2872633846153846
-0.34338092307692303
-0.33065538461538463
-0.2726603076923077
-0.21007569230769232
-0.08115138461538463
0.04172307692307692
0.16876984615384616
0.2970683076923077
0.35986153846153845
0.36904061538461536
0.309168
0.21091015384615383
0.08302892307692307
-0.06717415384615384
-0.18650215384615382
-0.2906012307692308
-0.3410861538461538
-0.3402516923076923
-0.30854215384615385
-0.20632061538461538
-0.10639384615384614
-0.004589538461538461
0.10117846153846152
0.1504116923076923
0.1994363076923077
0.22864246153846152
0.2138307692307692
0.1733593846153846
0.07948246153846153
-0.015020307692307692
-0.07405846153846153
-0.12767261538461538
-0.16021661538461537
-0.18858830769230767
-0.19818461538461538
-0.16251138461538459
-0.11348676923076922
-0.03337846153846154
0.03859384615384615
0.10493353846153847
0.1710646153846154
0.19693292307692306
0.2157083076923077
0.20298276923076922
0.17273353846153844
0.15813046153846153
0.1136953846153846
0.07218092307692307
0.04401784615384615
0.016063384615384615
0.03337846153846154
0.04380923076923077
0.043600615384615383
0.058829538461538454
0.07238953846153846
0.11640738461538462
0.16501476923076921
0.20486030769230767
0.22864246153846152
0.22321846153846153
0.222384
0.21341353846153846
0.18775384615384613
0.14519630769230768
0.06800861538461538
-0.006258461538461538
-0.07843938461538462
-0.14519630769230768
-0.18149538461538461
-0.2125790769230769
-0.21153599999999997
-0.1842073846153846
-0.1422756923076923
-0.06425353846153846
0.018983999999999997
0.09137353846153846
0.132888
0.1506203076923077
0.16856123076923077
0.16856123076923077
0.14665661538461539
0.09471138461538461
0.01043076923076923
-0.08845292307692308
-0.16856123076923077
-0.2056947692307692
-0.21299630769230768
-0.20298276923076922
-0.17377661538461536
-0.12204
-0.04088861538461538
0.046104
0.10681107692307691
0.15520984615384617
0.1760713846153846
0.1656406153846154
0.14749107692307692
0.09950953846153845
0.023990769230769232
-0.06446215384615385
-0.15124615384615384
-0.2154996923076923
-0.25451076923076926
-0.260352
-0.25305046153846156
-0.22718215384615387
-0.17085599999999998
-0.09283384615384616
0.004589538461538461
0.09053907692307692
0.15374953846153847
0.18545907692307692
0.17252492307692308
0.13455692307692307
0.08490646153846154
0.019609846153846155
-0.053614153846153846
-0.1356
-0.2090326153846154
-0.2369870769230769
-0.22718215384615387
-0.18650215384615382
-0.13497415384615385
-0.08219446153846154
-0.008344615384615384
0.08574092307692306
0.17419384615384614
0.23010276923076922
0.24679199999999998
0.23156307692307693
0.1913003076923077
0.13706030769230768
0.073224
-0.0043809230769230765
-0.06884307692307692
-0.124752
-0.16584923076923075
-0.17502830769230768
-0.1710646153846154
-0.14582215384615385
-0.10201292307692307
-0.04985907692307692
0.02086153846153846
0.08615815384615384
0.13309661538461537
0.17252492307692308
0.18775384615384613
0.18191261538461537
0.1585476923076923
0.12329169230769231
0.0798996923076923
0.01981846153846154
-0.04672984615384615
-0.10076123076923077
-0.1287156923076923
-0.1356
-0.12204
-0.08782707692307692
-0.04693846153846153
0.003963692307692307
0.07781353846153846
0.14603076923076924
0.20339999999999997
0.2342750769230769
0.23886461538461537
0.24720923076923076
0.22530461538461538
0.1783661538461538
0.11411261538461538
0.03859384615384615
-0.011891076923076923
-0.04860738461538461
-0.07551876923076924
-0.08010830769230769
-0.07197230769230768
-0.049233230769230765
-0.011265230769230769
0.04193169230769231
0.10576799999999999
0.15520984615384617
0.1804523076923077
0.18712800000000002
0.1829556923076923
0.16188553846153847
0.12204
0.08073415384615384
0.033169846153846154
-0.017315076923076923
-0.052153846153846155
-0.07238953846153846
-0.07739630769230768
-0.07426707692307692
-0.06759138461538462
-0.047772923076923074
-0.02044430769230769
0.012516923076923077
0.047981538461538464
0.06821723076923077
0.07843938461538462
0.07948246153846153
0.07238953846153846
0.058412307692307694
0.026702769230769228
-0.013560000000000001
-0.058829538461538454
-0.10055261538461538
-0.13080184615384613
-0.14331876923076922
-0.14060676923076923
-0.1358086153846154
-0.12579507692307693
-0.10764553846153846
-0.07510153846153846
-0.047772923076923074
-0.03671630769230769
-0.03504738461538461
-0.040262769230769234
-0.04380923076923077
-0.03275261538461539
-0.005215384615384615
0.021070153846153846
0.03504738461538461
0.03650769230769231
0.0448523076923077
0.04526953846153846
0.02899753846153846
0.005215384615384615
-0.03713353846153846
-0.065088
-0.08386338461538462
-0.09575446153846154
-0.0936683076923077
-0.09158215384615384
-0.08010830769230769
-0.06133292307692308
-0.03442153846153846
-0.015646153846153844
-0.007927384615384614
-0.004172307692307692
-0.003963692307692307
0.003963692307692307
0.010013538461538461
0.0022947692307692304
-0.015228923076923076
-0.025659692307692307
-0.03400430769230769
-0.04109723076923077
-0.04714707692307692
-0.051528
-0.06049846153846154
-0.06967753846153846
-0.059038153846153844
-0.03880246153846154
-0.004589538461538461
0.026702769230769228
0.06049846153846154
0.08907876923076924
0.10430769230769231
0.1207883076923077
0.12308307692307692
0.12329169230769231
0.119328
0.1207883076923077
0.12642092307692307
0.1341396923076923
0.13893784615384613
0.11911938461538461
0.09304246153846155
0.06592246153846154
0.04088861538461538
0.013560000000000001
-0.009804923076923077
-0.015020307692307692
-0.0077187692307692304
0.006884307692307692
0.04193169230769231
0.09095630769230768
0.12829846153846153
0.15938215384615384
0.1775316923076923
0.18232984615384615
0.157296
0.10368184615384615
0.04088861538461538
-0.031918153846153846
-0.09450276923076922
-0.1424843076923077
-0.17461107692307692
-0.18712800000000002
-0.17732307692307692
-0.13747753846153846
-0.07030338461538461
0.014394461538461538
0.09846646153846153
0.1614683076923077
0.20110523076923076
0.22154953846153846
0.21904615384615383
0.18963138461538462
0.12934153846153845
0.053614153846153846
-0.018983999999999997
-0.07843938461538462
-0.11494707692307692
-0.13038461538461538
-0.1353913846153846
-0.1341396923076923
-0.11724184615384614
-0.08094276923076923
-0.03045784615384615
0.01043076923076923
0.03838523076923077
0.059038153846153844
0.06571384615384615
0.07656184615384615
0.08177723076923075
0.07259815384615384
0.05528307692307692
0.02524246153846154
0.01043076923076923
0.0043809230769230765
-0.0012516923076923076
-0.005632615384615384
-0.026494153846153844
-0.031709538461538456
-0.030040615384615384
-0.023990769230769232
-0.003755076923076923
0.007510153846153846
0.025659692307692307
0.05736923076923077
0.09950953846153845
0.14916
0.17481969230769231
0.18086953846153844
0.17586276923076924
0.14916
0.124752
0.08866153846153846
0.03650769230769231
-0.014811692307692307
-0.07948246153846153
-0.12099692307692309
-0.14519630769230768
-0.1635544615384615
-0.15875630769230767
-0.14519630769230768
-0.11056615384615384
-0.07635323076923077
-0.05382276923076923
-0.056951999999999996
-0.09596307692307693
-0.19004861538461537
-0.2154996923076923
-0.1476996923076923
-0.03713353846153846
0.16313723076923078
0.328152
0.5265452307692308
0.7038683076923077
0.8292461538461539
0.8782707692307692
0.7466344615384616
0.5113163076923077
0.1656406153846154
-0.15270646153846154
-0.427452923076923
-0.6494196923076923
-0.7814732307692308
-0.836964923076923
-0.7437138461538461
-0.5188264615384615
-0.21132738461538458
0.10681107692307691
0.3648683076923077
0.5015113846153846
0.5438603076923076
0.47126215384615383
0.29414769230769233
0.06362769230769232
-0.2805876923076923
-0.6037329230769231
-0.8384252307692308
-0.9446104615384615
-0.8586609230769231
-0.6704898461538461
-0.3944916923076923
-0.08845292307692308
0.1792006153846154
0.4111809230769231
0.5628443076923076
0.5834972307692308
0.5010941538461539
0.327108923076923
0.1422756923076923
-0.0016689230769230767
-0.10597661538461538
-0.15813046153846153
-0.21028430769230766
-0.2209236923076923
-0.20277415384615383
-0.165432
-0.09074769230769231
-0.03901107692307692
0.0077187692307692304
0.040262769230769234
0.03942830769230769
0.03567323076923076
-0.007510153846153846
-0.07343261538461537
-0.12621230769230768
-0.17148184615384612
-0.15959076923076923
-0.092208
0.0043809230769230765
0.12224861538461537
0.21904615384615383
0.2526332307692308
0.2127876923076923
0.11035753846153845
-0.052153846153846155
-0.24303692307692307
-0.3988726153846154
-0.4919150769230769
-0.4789809230769231
-0.35193415384615384
-0.15604430769230768
0.09304246153846155
0.3369138461538461
0.5371846153846154
0.6777913846153846
0.7030338461538461
0.6262633846153846
0.49546153846153845
0.317304
0.11974523076923077
-0.07551876923076924
-0.23782153846153845
-0.3275261538461538
-0.3369138461538461
-0.2709913846153846
-0.16084246153846155
-0.013142769230769229
0.15270646153846154
0.31250584615384613
0.4508178461538461
0.5182006153846154
0.5046406153846154
0.412224
0.24199384615384617
0.04714707692307692
-0.1356
-0.2912270769230769
-0.3836436923076923
-0.42724430769230765
-0.4011673846153846
-0.2807963076923077
-0.11286092307692308
0.0892873846153846
0.2705741538461538
0.3826006153846154
0.43392000000000003
0.4159790769230769
0.34046030769230773
0.21988061538461537
0.06300184615384616
-0.1045163076923077
-0.23636123076923077
-0.3068732307692308
-0.3152178461538461
-0.26452430769230767
-0.1760713846153846
-0.06592246153846154
0.04109723076923077
0.1368516923076923
0.19818461538461538
0.20423446153846153
0.15479261538461536
0.05674338461538461
-0.04547815384615384
-0.14728246153846153
-0.22843384615384613
-0.2720344615384615
-0.29602523076923076
-0.2670276923076923
-0.1942209230769231
-0.10514215384615383
-0.0016689230769230767
0.09471138461538461
0.1696043076923077
0.20652923076923077
0.20402584615384614
0.16501476923076921
0.08761846153846153
-0.013768615384615384
-0.11682461538461539
-0.1883796923076923
-0.22530461538461538
-0.23510953846153848
-0.20298276923076922
-0.13872923076923074
-0.05862092307692307
0.040679999999999994
0.12516923076923075
0.18170399999999998
0.21487384615384614
0.21716861538461538
0.19463815384615382
0.15124615384615384
0.10138707692307691
0.042557538461538466
-0.002712
-0.028371692307692306
-0.028371692307692306
-0.005215384615384615
-0.0029206153846153843
-0.020027076923076922
-0.05736923076923077
-0.0936683076923077
-0.11578153846153846
-0.1368516923076923
-0.1506203076923077
-0.14999446153846155
-0.12850707692307692
-0.07927384615384615
0.013351384615384614
0.12412615384615384
0.23907323076923076
0.3460929230769231
0.428496
0.500676923076923
0.5461550769230769
0.5350984615384615
0.44622830769230765
0.29915446153846154
0.12350030769230769
-0.046104
-0.1856676923076923
-0.29039261538461536
-0.3383741538461538
-0.32189353846153845
-0.2369870769230769
-0.0880356923076923
0.10222153846153846
0.28163076923076924
0.41535323076923075
0.48336184615384614
0.4873255384615384
0.4322510769230769
0.3079163076923077
0.14603076923076924
-0.03275261538461539
-0.20506892307692307
-0.3460929230769231
-0.4297476923076923
-0.44977476923076926
-0.4193169230769231
-0.3392086153846154
-0.22467876923076924
-0.06717415384615384
0.10660246153846153
0.2561796923076923
0.35318584615384613
0.3798886153846154
0.3594443076923077
0.306456
0.2261390769230769
0.11911938461538461
0.0006258461538461538
-0.11014892307692307
-0.1883796923076923
-0.20986707692307693
-0.19150892307692308
-0.14957723076923077
-0.0974233846153846
-0.04547815384615384
0.012934153846153845
0.07259815384615384
0.12621230769230768
0.15500123076923078
0.15646153846153846
0.13726892307692307
0.11536430769230768
0.11035753846153845
0.09721476923076922
0.06654830769230768
0.02044430769230769
-0.04172307692307692
-0.10117846153846152
-0.16105107692307694
-0.21466523076923077
-0.25951753846153847
-0.3016578461538461
-0.3187643076923077
-0.30207507692307695
-0.25117292307692307
-0.1787833846153846
-0.09325107692307691
0.0035464615384615383
0.09763200000000001
0.18545907692307692
0.24992123076923078
0.2730775384615384
0.2559710769230769
0.19150892307692308
0.1045163076923077
0.005215384615384615
-0.10493353846153847
-0.2021483076923077
-0.28121353846153846
-0.3235624615384615
-0.31834707692307695
-0.27558092307692306
-0.2056947692307692
-0.12120553846153845
-0.042557538461538466
0.033169846153846154
0.09804923076923076
0.14123261538461537
0.15333230769230768
0.13101046153846155
0.09074769230769231
0.042557538461538466
-0.0008344615384615384
-0.04547815384615384
-0.08782707692307692
-0.11765907692307691
-0.127464
-0.11223507692307692
-0.07551876923076924
-0.024199384615384616
0.029414769230769227
0.07259815384615384
0.10785415384615385
0.13434830769230768
0.14749107692307692
0.15103753846153847
0.13935507692307691
0.11578153846153846
0.09012184615384615
0.07426707692307692
0.06258461538461538
0.042557538461538466
0.017523692307692306
-0.01043076923076923
-0.03859384615384615
-0.05674338461538461
-0.07009476923076922
-0.09700615384615385
-0.12496061538461539
-0.14457046153846154
-0.14686523076923075
-0.12788123076923075
-0.10806276923076923
-0.09012184615384615
-0.07510153846153846
-0.058412307692307694
-0.03859384615384615
-0.026911384615384615
-0.035255999999999996
-0.059664
-0.09721476923076922
-0.13747753846153846
-0.16438892307692307
-0.1858763076923077
-0.18712800000000002
-0.17002153846153847
-0.12433476923076923
-0.04944184615384615
0.04109723076923077
0.14394461538461537
0.2275993846153846
0.2853858461538461
0.3160523076923077
0.32564861538461537
0.3148006153846154
0.2666104615384615
0.1856676923076923
0.08448923076923077
-0.016897846153846156
-0.0936683076923077
-0.13455692307692307
-0.14916
-0.13184492307692308
-0.08615815384615384
-0.016897846153846156
0.06592246153846154
0.13351384615384615
0.16793538461538463
0.15896492307692306
0.11995384615384615
0.06341907692307691
0.006467076923076923
-0.05069353846153846
-0.10597661538461538
-0.14540492307692307
-0.1706473846153846
-0.1558356923076923
-0.11327815384615383
-0.06592246153846154
-0.02086153846153846
0.021070153846153846
0.06362769230769232
0.10159569230769232
0.13372246153846154
0.1489513846153846
0.14686523076923075
0.11452984615384615
0.07155507692307693
0.033169846153846154
-0.014394461538461538
-0.06070707692307692
-0.10263876923076923
-0.13184492307692308
-0.13747753846153846
-0.11056615384615384
-0.06300184615384616
-0.006258461538461538
0.06154153846153846
0.116616
0.16647507692307692
0.20506892307692307
0.20778092307692309
0.1846246153846154
0.14311015384615386
0.1070196923076923
0.07551876923076924
0.03859384615384615
0.004589538461538461
-0.02899753846153846
-0.054657230769230764
-0.06738276923076922
-0.07906523076923076
-0.08615815384615384
-0.09283384615384616
-0.09533723076923077
-0.07468430769230769
-0.03713353846153846
0.023364923076923075
0.08115138461538463
0.12433476923076923
0.15813046153846153
0.16271999999999998
0.14957723076923077
0.10555938461538462
0.03024923076923077
-0.05590892307692308
-0.14185846153846154
-0.19860184615384616
-0.22572184615384616
-0.233232
-0.21654276923076923
-0.18650215384615382
-0.13914646153846155
-0.06738276923076922
0.009804923076923077
0.08302892307692307
0.1314276923076923
0.15208061538461537
0.15875630769230767
0.143736
0.11745046153846153
0.06133292307692308
-0.021278769230769233
-0.10368184615384615
-0.18149538461538461
-0.2207150769230769
-0.2236356923076923
-0.20256553846153844
-0.14582215384615385
-0.05799507692307692
0.05027630769230769
0.15500123076923078
0.24303692307692307
0.29748553846153847
0.30833353846153844
0.2799618461538461
0.22780799999999998
0.1612596923076923
0.06550523076923077
-0.03150092307692308
-0.10368184615384615
-0.14832553846153845
-0.15562707692307692
-0.138312
-0.103056
-0.053614153846153846
-0.011265230769230769
0.02023569230769231
0.04214030769230769
0.04965046153846154
0.04568676923076923
0.01981846153846154
-0.004172307692307692
-0.008136
-0.011056615384615385
-0.006884307692307692
-0.011265230769230769
-0.010013538461538461
0.008344615384615384
0.03859384615384615
0.07760492307692309
0.0961716923076923
0.09262523076923077
0.07405846153846153
0.05111076923076923
0.03024923076923077
0.009804923076923077
-0.013351384615384614
-0.025659692307692307
-0.022530461538461537
-0.023990769230769232
0.004172307692307692
0.04902461538461538
0.11473846153846154
0.20798953846153845
0.2924787692307692
0.3811403076923077
0.4322510769230769
0.4535298461538461
0.4214030769230769
0.3243969230769231
0.21445661538461538
0.10681107692307691
-0.013560000000000001
-0.1706473846153846
-0.28100492307692304
-0.34963938461538463
-0.3673716923076923
-0.3275261538461538
-0.2822566153846154
-0.2127876923076923
-0.12350030769230769
0.011265230769230769
0.14853415384615384
0.25951753846153847
0.31188
0.2897667692307692
0.26786215384615386
0.20131384615384615
0.12037107692307693
0.01397723076923077
-0.13872923076923074
-0.23615261538461538
-0.3114627692307692
-0.3342018461538461
-0.2916443076923077
-0.23385784615384617
-0.12454338461538461
-0.010013538461538461
0.09158215384615384
0.20006215384615383
0.25847446153846154
0.2924787692307692
0.3035353846153846
0.27286892307692306
0.23510953846153848
0.16793538461538463
0.10681107692307691
0.03275261538461539
-0.07468430769230769
-0.16897846153846155
-0.23656984615384613
-0.23928184615384615
-0.19693292307692306
-0.1424843076923077
-0.07343261538461537
-0.0035464615384615383
0.08386338461538462
0.1802436923076923
0.23156307692307693
0.24491446153846153
0.22530461538461538
0.1846246153846154
0.154584
0.11849353846153846
0.07551876923076924
0.02211323076923077
-0.03880246153846154
-0.07426707692307692
-0.10013538461538461
-0.13247076923076923
-0.15270646153846154
-0.16772676923076923
-0.1635544615384615
-0.1341396923076923
-0.07739630769230768
0.005215384615384615
0.08448923076923077
0.16167692307692308
0.20298276923076922
0.22300984615384614
0.23615261538461538
0.2154996923076923
0.17648861538461538
0.11014892307692307
0.03379569230769231
-0.03442153846153846
-0.0892873846153846
-0.11807630769230769
-0.13622584615384614
-0.1356
-0.100344
-0.0446436923076923
0.02586830769230769
0.08198584615384615
0.11640738461538462
0.15291507692307693
0.1829556923076923
0.2056947692307692
0.20256553846153844
0.16459753846153846
0.11703323076923078
0.05027630769230769
-0.02357353846153846
-0.08386338461538462
-0.14164984615384615
-0.17252492307692308
-0.17628
-0.17023015384615386
-0.14018953846153845
-0.11244369230769231
-0.09721476923076922
-0.07948246153846153
-0.07885661538461539
-0.08135999999999999
-0.0892873846153846
-0.11348676923076922
-0.14123261538461537
-0.16772676923076923
-0.18316430769230768
-0.18963138461538462
-0.1846246153846154
-0.16418030769230768
-0.13706030769230768
-0.10535076923076922
-0.0771876923076923
-0.05528307692307692
-0.020027076923076922
0.005632615384615384
0.01710646153846154
0.016897846153846156
0.008970461538461538
0.026285538461538457
0.04714707692307692
0.06154153846153846
0.06717415384615384
0.07134646153846153
0.09429415384615383
0.11807630769230769
0.1356
0.1316363076923077
0.10722830769230769
0.07551876923076924
0.0446436923076923
0.02273907692307692
0.0012516923076923076
-0.023364923076923075
-0.03504738461538461
-0.03483876923076923
-0.03400430769230769
-0.013560000000000001
0.00855323076923077
0.033169846153846154
0.065088
0.07948246153846153
0.08720123076923077
0.07551876923076924
0.042348923076923076
0.0029206153846153843
-0.05382276923076923
-0.11327815384615383
-0.15395815384615386
-0.17711446153846155
-0.17815753846153848
-0.16730953846153845
-0.14853415384615384
-0.10806276923076923
-0.04985907692307692
0.01981846153846154
0.07823076923076923
0.12037107692307693
0.14957723076923077
0.16209415384615386
0.16438892307692307
0.13747753846153846
0.09408553846153846
0.0448523076923077
0.002086153846153846
-0.01814953846153846
-0.02482523076923077
-0.012934153846153845
0.004589538461538461
0.028788923076923077
0.05611753846153846
0.06967753846153846
0.07823076923076923
0.07238953846153846
0.056951999999999996
0.03567323076923076
-0.0008344615384615384
-0.03337846153846154
-0.06592246153846154
-0.092208
-0.09971815384615385
-0.09471138461538461
-0.06926030769230769
-0.034630153846153845
0.0025033846153846152
0.03713353846153846
0.06154153846153846
0.08115138461538463
0.09387692307692307
0.0934596923076923
0.06884307692307692
0.01981846153846154
-0.044435076923076924
-0.10576799999999999
-0.15208061538461537
-0.1858763076923077
-0.20193969230769232
-0.19964492307692308
-0.17023015384615386
-0.12099692307692309
-0.059664
0.012934153846153845
0.08177723076923075
0.1422756923076923
0.1869193846153846
0.21174461538461536
0.21320492307692307
0.18066092307692305
0.119328
0.05403138461538461
-0.011682461538461537
-0.06717415384615384
-0.10681107692307691
-0.13706030769230768
-0.13643446153846153
-0.11327815384615383
-0.06404492307692307
0.006467076923076923
0.07906523076923076
0.14853415384615384
0.1990190769230769
0.23364923076923078
0.24595753846153845
0.22405292307692307
0.17169046153846151
0.09179076923076923
0.007927384615384614
-0.06487938461538462
-0.12934153846153845
-0.17419384615384614
-0.20486030769230767
-0.21821169230769227
-0.20193969230769232
-0.16710092307692306
-0.11536430769230768
-0.05820369230769231
-0.017940923076923077
0.010848
0.02795446153846154
0.03358707692307692
0.029414769230769227
0.008136
-0.014185846153846153
-0.03504738461538461
-0.048816000000000005
-0.052571076923076915
-0.06863446153846153
-0.09512861538461538
-0.11953661538461538
-0.13872923076923074
-0.13518276923076925
-0.119328
-0.09658892307692307
-0.06487938461538462
-0.02795446153846154
0.03650769230769231
0.11202646153846153
0.19735015384615384
0.276624
0.32314523076923074
0.3425464615384616
0.3316984615384615
0.2995716923076923
0.24303692307692307
0.15813046153846153
0.05653476923076922
-0.04547815384615384
-0.12913292307692306
-0.18212123076923076
-0.20298276923076922
-0.19755876923076923
-0.16480615384615382
-0.10138707692307691
-0.006049846153846154
0.10263876923076923
0.19818461538461538
0.26368984615384616
0.2951907692307692
0.2981113846153846
0.2638984615384615
0.19630707692307692
0.09429415384615383
-0.03108369230769231
-0.146448
-0.22801661538461537
-0.26786215384615386
-0.26118646153846153
-0.21591692307692306
-0.14060676923076923
-0.031918153846153846
0.09429415384615383
0.22029784615384615
0.314592
0.34963938461538463
0.32982092307692307
0.2680707692307692
0.1858763076923077
0.09304246153846155
-0.0043809230769230765
-0.1045163076923077
-0.1883796923076923
-0.22154953846153846
-0.20715507692307691
-0.15124615384615384
-0.06863446153846153
0.017523692307692306
0.11056615384615384
0.20193969230769232
0.27704123076923076
0.31500923076923076
0.2897667692307692
0.22467876923076924
0.13914646153846155
0.05048492307692308
-0.03150092307692308
-0.1178676923076923
-0.18754523076923074
-0.225096
-0.21195323076923075
-0.14269292307692305
-0.04985907692307692
0.048816000000000005
0.1289243076923077
0.1800350769230769
0.21070153846153844
0.21028430769230766
0.1785747692307692
0.11098338461538461
0.017940923076923077
-0.07113784615384615
-0.14686523076923075
-0.1942209230769231
-0.21591692307692306
-0.2154996923076923
-0.18942276923076923
-0.15291507692307693
-0.10138707692307691
-0.043600615384615383
0.0014603076923076922
0.014185846153846153
-0.006884307692307692
-0.028788923076923077
-0.042557538461538466
-0.051528
-0.05820369230769231
-0.059664
-0.047772923076923074
-0.016272
0.03150092307692308
0.07551876923076924
0.09450276923076922
0.09575446153846154
0.0855323076923077
0.08010830769230769
0.08073415384615384
0.07030338461538461
0.06571384615384615
0.06592246153846154
0.09387692307692307
0.1462393846153846
0.19693292307692306
0.24032492307692307
0.2588916923076923
0.25346769230769234
0.22822523076923076
0.1777403076923077
0.10096984615384616
0.011056615384615385
-0.08991323076923076
-0.192552
-0.2680707692307692
-0.2995716923076923
-0.28934953846153844
-0.24428861538461538
-0.1635544615384615
-0.05090215384615384
0.06967753846153846
0.18358153846153846
0.2724516923076923
0.3127144615384615
0.30061476923076924
0.23656984615384613
0.13914646153846155
0.01940123076923077
-0.1097316923076923
-0.23052
-0.3129230769230769
-0.3243969230769231
-0.2712
-0.1718990769230769
-0.04714707692307692
0.08824430769230769
0.2194633846153846
0.32898646153846156
0.39762092307692304
0.4049224615384615
0.35256
0.2582658461538461
0.14874276923076923
0.04318338461538461
-0.05319692307692307
-0.12996738461538462
-0.1777403076923077
-0.1913003076923077
-0.17398523076923075
-0.1314276923076923
-0.08344615384615384
-0.04214030769230769
-0.010639384615384617
0.0022947692307692304
0.0018775384615384615
-0.016063384615384615
-0.04819015384615385
-0.07468430769230769
-0.0988836923076923
-0.11098338461538461
-0.09325107692307691
-0.06383630769230769
-0.026702769230769228
0.0033378461538461535
0.021278769230769233
0.03212676923076923
0.02357353846153846
-0.0016689230769230767
-0.04819015384615385
-0.10764553846153846
-0.16063384615384615
-0.1881710769230769
-0.17982646153846152
-0.14519630769230768
-0.09304246153846155
-0.021070153846153846
0.06467076923076923
0.1506203076923077
0.21696000000000001
0.24512307692307692
0.23823876923076923
0.19568123076923075
0.12308307692307692
0.031918153846153846
-0.07238953846153846
-0.165432
-0.24512307692307692
-0.29039261538461536
-0.30666461538461537
-0.3095852307692307
-0.2707827692307692
-0.21591692307692306
-0.14331876923076922
-0.08386338461538462
-0.021278769230769233
0.04380923076923077
0.11974523076923077
0.23886461538461537
0.40888615384615384
0.5795335384615384
0.6911427692307692
0.8186067692307691
0.8849464615384616
0.9277126153846154
0.847812923076923
0.6089483076923077
0.3012406153846154
-0.1353913846153846
-0.523416
-0.9197852307692308
-1.2506492307692307
-1.427137846153846
-1.4913913846153846
-1.2710935384615385
-0.8845292307692307
-0.3327415384615385
0.3239796923076923
0.9062252307692307
1.4306843076923077
1.7325507692307693
1.793675076923077
1.6128055384615383
1.1419606153846154
0.5373932307692307
-0.1883796923076923
-0.9333452307692307
-1.485758769230769
-1.8641870769230768
-1.9647396923076923
-1.8028541538461538
-1.4488338461538461
-0.8611643076923077
-0.19714153846153845
0.5171575384615384
1.175964923076923
1.6249052307692307
1.8671076923076924
1.850209846153846
1.6146830769230769
1.1989126153846152
0.6127033846153845
-0.023364923076923075
-0.6548436923076923
-1.1886904615384615
-1.5387470769230769
-1.7152356923076921
-1.6816486153846153
-1.4696953846153844
-1.1167181538461537
-0.6575556923076923
-0.1696043076923077
0.3077076923076923
0.7263987692307693
1.0207550769230769
1.1916110769230768
1.222068923076923
1.1104596923076924
0.8830689230769231
0.5457378461538461
0.14603076923076924
-0.2937304615384615
-0.7163852307692308
-1.0578886153846152
-1.2982135384615385
-1.4073193846153846
-1.3791563076923077
-1.1914024615384615
-0.8302892307692308
-0.34943076923076927
0.21737723076923077
0.7937815384615384
1.2973790769230769
1.6839433846153844
1.8744092307692306
1.857302769230769
1.6019575384615383
1.1233938461538462
0.5373932307692307
-0.1097316923076923
-0.7282763076923077
-1.2416787692307694
-1.6034178461538462
-1.737348923076923
-1.6476443076923077
-1.3395193846153846
-0.8428061538461538
-0.22968553846153844
0.4395526153846154
1.0599747692307693
1.5320713846153846
1.8093212307692306
1.831643076923077
1.6138486153846154
1.1863956923076922
0.5964313846153846
-0.03567323076923076
-0.6523403076923077
-1.1649083076923077
-1.5114184615384616
-1.6766418461538461
-1.609884923076923
-1.3449433846153847
-0.9093544615384616
-0.3548547692307692
0.20861538461538462
0.725772923076923
1.122768
1.3595464615384616
1.432979076923077
1.3276283076923077
1.0697796923076923
0.6890566153846153
0.24428861538461538
-0.19442953846153843
-0.5893384615384615
-0.8836947692307692
-1.0606006153846153
-1.1160923076923077
-1.0351495384615383
-0.8336270769230769
-0.5417741538461538
-0.21320492307692307
0.1178676923076923
0.41618769230769226
0.6506713846153847
0.8040036923076923
0.8615815384615384
0.8148516923076923
0.6777913846153846
0.4748086153846154
0.233232
-0.003755076923076923
-0.22530461538461538
-0.4113895384615384
-0.5544996923076924
-0.6558867692307692
-0.6896824615384616
-0.6558867692307692
-0.5507446153846154
-0.39636923076923075
-0.21862892307692305
-0.021070153846153846
0.18399876923076922
0.3972036923076923
0.5849575384615384
0.7120043076923076
0.7606116923076923
0.7216006153846153
0.6149981538461539
0.45916246153846146
0.25993476923076925
0.029414769230769227
-0.2059033846153846
-0.40554830769230765
-0.5401052307692308
-0.6054018461538461
-0.585792
-0.4919150769230769
-0.3442153846153846
-0.1502030769230769
0.06321046153846153
0.27182584615384614
0.4408043076923077
0.551579076923077
0.593928
0.571188923076923
0.5046406153846154
0.39219692307692305
0.2557624615384615
0.09825784615384614
-0.05757784615384615
-0.17461107692307692
-0.24908676923076922
-0.2716172307692308
-0.2655673846153846
-0.241368
-0.20506892307692307
-0.16271999999999998
-0.10722830769230769
-0.05736923076923077
-0.019192615384615384
0.003755076923076923
0.017523692307692306
0.04547815384615384
0.07238953846153846
0.0936683076923077
0.10243015384615384
0.08887015384615385
0.06988615384615385
0.03755076923076923
-0.01397723076923077
-0.08177723076923075
-0.1721076923076923
-0.26306399999999996
-0.33607938461538456
-0.3819747692307692
-0.39011076923076926
-0.35965292307692304
-0.28434276923076923
-0.165432
-0.015437538461538461
0.15270646153846154
0.3243969230769231
0.4647950769230769
0.5490756923076923
0.5676424615384615
0.5165316923076922
0.39115384615384613
0.21341353846153846
0.014603076923076923
-0.18712800000000002
-0.36403384615384615
-0.4887858461538461
-0.5252935384615384
-0.48106707692307693
-0.3740473846153846
-0.20924123076923076
-0.011265230769230769
0.19964492307692308
0.3884418461538462
0.5169489230769231
0.572232
0.5476153846153846
0.45791076923076923
0.3152178461538461
0.1341396923076923
-0.05653476923076922
-0.24616615384615384
-0.3863556923076923
-0.46896738461538456
-0.5025544615384615
-0.4752258461538461
-0.4078430769230769
-0.29644246153846154
-0.15270646153846154
-0.0012516923076923076
0.14394461538461537
0.25138153846153843
0.32564861538461537
0.3727956923076923
0.3815575384615385
0.3619476923076923
0.3077076923076923
0.22467876923076924
0.14018953846153845
0.05277969230769231
-0.028163076923076923
-0.08949599999999999
-0.13351384615384615
-0.1543753846153846
-0.1597993846153846
-0.14290153846153844
-0.10576799999999999
-0.05653476923076922
0.009804923076923077
0.06362769230769232
0.11202646153846153
0.16647507692307692
0.20173107692307693
0.22342707692307692
0.21320492307692307
0.1696043076923077
0.11640738461538462
0.04756430769230769
-0.02482523076923077
-0.10576799999999999
-0.19067446153846154
-0.241368
-0.25513661538461535
-0.22467876923076924
-0.15145476923076923
-0.06195876923076923
0.04193169230769231
0.14936861538461538
0.2497126153846154
0.32231076923076923
0.33816553846153846
0.30019753846153846
0.21779446153846155
0.11745046153846153
0.02211323076923077
-0.06321046153846153
-0.13267938461538462
-0.17231630769230769
-0.1710646153846154
-0.12412615384615384
-0.04109723076923077
0.04965046153846154
0.1368516923076923
0.20235692307692305
0.2415766153846154
0.26640184615384616
0.25972615384615383
0.2125790769230769
0.13080184615384613
0.02086153846153846
-0.08699261538461538
-0.1783661538461538
-0.2503384615384615
-0.28893230769230765
-0.30144923076923075
-0.2830910769230769
-0.22196676923076922
-0.11557292307692307
0.013768615384615384
0.13247076923076923
0.2194633846153846
0.26765353846153844
0.28121353846153846
0.25367630769230765
0.1800350769230769
0.05236246153846154
-0.10597661538461538
-0.24846092307692308
-0.3571495384615384
-0.4220289230769231
-0.44685415384615385
-0.42369784615384615
-0.3548547692307692
-0.24428861538461538
-0.09199938461538461
0.07343261538461537
0.22697353846153845
0.3252313846153846
0.3727956923076923
0.3727956923076923
0.3179298461538461
0.22321846153846153
0.07948246153846153
-0.08615815384615384
-0.25513661538461535
-0.3994984615384615
-0.48565661538461535
-0.5127766153846154
-0.4781464615384615
-0.3890676923076923
-0.2517987692307692
-0.05820369230769231
0.15604430769230768
0.3502652307692307
0.49045476923076925
0.5499101538461538
0.5417741538461538
0.46250030769230766
0.32502276923076917
0.13852061538461538
-0.07489292307692308
-0.2726603076923077
-0.42640984615384614
-0.5023458461538461
-0.5046406153846154
-0.4418473846153846
-0.32982092307692307
-0.1846246153846154
-0.004798153846153846
0.168144
0.3072904615384615
0.40575692307692307
0.4522781538461538
0.45269538461538456
0.4053396923076923
0.3170953846153846
0.20277415384615383
0.06571384615384615
-0.07614461538461538
-0.1913003076923077
-0.26452430769230767
-0.2912270769230769
-0.2822566153846154
-0.2422024615384615
-0.16793538461538463
-0.06362769230769232
0.06028984615384615
0.17628
0.26681907692307694
0.31751261538461534
0.330864
0.3229366153846154
0.29644246153846154
0.24846092307692308
0.17273353846153844
0.08073415384615384
-0.0029206153846153843
-0.06529661538461538
-0.11035753846153845
-0.14290153846153844
-0.16876984615384616
-0.1858763076923077
-0.18525046153846153
-0.15938215384615384
-0.11286092307692308
-0.07092923076923077
-0.03129230769230769
0.00855323076923077
0.04693846153846153
0.08761846153846153
0.10660246153846153
0.1045163076923077
0.0880356923076923
0.05611753846153846
0.018775384615384614
-0.022947692307692308
-0.07092923076923077
-0.12350030769230769
-0.16772676923076923
-0.19317784615384614
-0.19442953846153843
-0.16897846153846155
-0.12934153846153845
-0.08323753846153846
-0.03150092307692308
0.02899753846153846
0.08866153846153846
0.13789476923076924
0.16501476923076921
0.16334584615384617
0.16251138461538459
0.15625292307692307
0.1506203076923077
0.14144123076923076
0.10597661538461538
0.07489292307692308
0.050067692307692306
0.03212676923076923
0.016897846153846156
-0.021696
-0.07426707692307692
-0.12579507692307693
-0.1710646153846154
-0.1927606153846154
-0.19296923076923078
-0.17461107692307692
-0.14477907692307693
-0.10347323076923076
-0.03421292307692308
0.04401784615384615
0.11807630769230769
0.1710646153846154
0.19609846153846153
0.19693292307692306
0.16584923076923075
0.10597661538461538
0.02211323076923077
-0.08386338461538462
-0.18399876923076922
-0.2624381538461539
-0.3008233846153846
-0.28788923076923073
-0.2655673846153846
-0.20506892307692307
-0.15333230769230768
-0.0798996923076923
0.042557538461538466
0.16334584615384617
0.28163076923076924
0.3369138461538461
0.3619476923076923
0.36027876923076924
0.34046030769230773
0.2807963076923077
0.2872633846153846
0.1873366153846154
-0.06216738461538462
-0.17711446153846155
-0.32001599999999997
-0.35256
-0.29456492307692306
-0.35318584615384613
-0.3826006153846154
-0.347136
-0.18983999999999998
0.06216738461538462
0.24095076923076922
0.32669169230769235
0.3346190769230769
0.36549415384615386
0.45603323076923075
0.49379261538461533
0.4180652307692308
0.157296
-0.11223507692307692
-0.2737033846153846
-0.3957433846153846
-0.3957433846153846
-0.4280787692307692
-0.42953907692307686
-0.30979384615384614
-0.2236356923076923
0.021070153846153846
0.24303692307692307
0.34943076923076927
0.49984246153846157
0.5069353846153847
0.4683415384615384
0.4451852307692308
0.3402516923076923
0.2707827692307692
0.13998092307692306
-0.04276615384615385
-0.14603076923076924
-0.22300984615384614
-0.2075723076923077
-0.1927606153846154
-0.2008966153846154
-0.18775384615384613
-0.15082892307692305
0.0
0.13601723076923075
0.21508246153846153
0.28267384615384616
0.2872633846153846
0.3383741538461538
0.39303138461538456
0.360696
0.32231076923076923
0.20673784615384616
0.10910584615384614
0.07155507692307693
-0.02753723076923077
-0.12266584615384615
-0.20277415384615383
-0.28163076923076924
-0.30520430769230766
-0.2870547692307692
-0.24866953846153847
-0.1597993846153846
-0.034630153846153845
0.07948246153846153
0.1910916923076923
0.3087507692307692
0.35986153846153845
0.3848953846153846
0.3863556923076923
0.2860116923076923
0.1656406153846154
0.026494153846153844
-0.11432123076923076
-0.20527753846153846
-0.29456492307692306
-0.33002953846153843
-0.2989458461538462
-0.249504
-0.16981292307692308
-0.08094276923076923
0.02232184615384615
0.16271999999999998
0.2699483076923077
0.30583015384615386
0.28934953846153844
0.2588916923076923
0.21988061538461537
0.15604430769230768
0.09596307692307693
-0.015854769230769228
-0.11056615384615384
-0.13247076923076923
-0.15875630769230767
-0.13810338461538463
-0.11745046153846153
-0.1353913846153846
-0.10576799999999999
-0.08866153846153846
-0.08073415384615384
-0.052153846153846155
-0.06571384615384615
-0.06988615384615385
-0.05924676923076923
-0.06654830769230768
-0.07092923076923077
-0.06487938461538462
-0.05590892307692308
-0.058412307692307694
-0.05444861538461539
-0.07051199999999999
-0.10013538461538461
-0.10138707692307691
-0.12162276923076921
-0.13393107692307693
-0.13893784615384613
-0.1710646153846154
-0.15520984615384617
-0.11807630769230769
-0.08866153846153846
-0.037967999999999995
-0.010013538461538461
0.03755076923076923
0.12725538461538463
0.19860184615384616
0.24011630769230768
0.22572184615384616
0.1760713846153846
0.1287156923076923
0.07697907692307693
0.019192615384615384
-0.05090215384615384
-0.11494707692307692
-0.16793538461538463
-0.19881046153846152
-0.1802436923076923
-0.1397723076923077
-0.07343261538461537
0.00855323076923077
0.047981538461538464
0.073224
0.09387692307692307
0.10096984615384616
0.127464
0.12287446153846153
0.07906523076923076
0.03650769230769231
-0.0004172307692307692
0.007510153846153846
0.03567323076923076
0.027120000000000002
-0.0029206153846153843
-0.02044430769230769
-0.01668923076923077
-0.0012516923076923076
0.009387692307692307
0.002086153846153846
-0.015228923076923076
-0.01272553846153846
0.011265230769230769
0.05319692307692307
0.10159569230769232
0.13852061538461538
0.1775316923076923
0.21696000000000001
0.25284184615384614
0.29352184615384613
0.31646953846153847
0.295608
0.23531815384615382
0.1489513846153846
0.059664
-0.013768615384615384
-0.0855323076923077
-0.16209415384615386
-0.22697353846153845
-0.25430215384615384
-0.2207150769230769
-0.14144123076923076
-0.05924676923076923
0.007510153846153846
0.056326153846153845
0.09825784615384614
0.1435273846153846
0.16063384615384615
0.12350030769230769
0.04735569230769231
-0.040262769230769234
-0.11160923076923077
-0.16105107692307694
-0.20465169230769228
-0.24282830769230768
-0.2482523076923077
-0.2236356923076923
-0.18170399999999998
-0.11348676923076922
-0.05173661538461538
-0.011265230769230769
0.020652923076923076
0.03692492307692308
0.05069353846153846
0.06028984615384615
0.03880246153846154
-0.005841230769230769
-0.05507446153846154
-0.0963803076923077
-0.10994030769230768
-0.11056615384615384
-0.10910584615384614
-0.10722830769230769
-0.1070196923076923
-0.08824430769230769
-0.04735569230769231
0.0004172307692307692
0.03859384615384615
0.04985907692307692
0.04109723076923077
0.03400430769230769
0.027745846153846152
0.01940123076923077
0.003963692307692307
-0.009179076923076922
-0.018358153846153843
-0.008970461538461538
0.023990769230769232
0.04860738461538461
0.07092923076923077
0.07843938461538462
0.06800861538461538
0.04652123076923077
0.005215384615384615
-0.050067692307692306
-0.11327815384615383
-0.15187199999999998
-0.16167692307692308
-0.14811692307692306
-0.10347323076923076
-0.053614153846153846
0.01272553846153846
0.0961716923076923
0.16334584615384617
0.2073636923076923
0.20632061538461538
0.16710092307692306
0.11286092307692308
0.04401784615384615
-0.021070153846153846
-0.0771876923076923
-0.1368516923076923
-0.17085599999999998
-0.17544553846153846
-0.15792184615384616
-0.09867507692307692
-0.02795446153846154
0.03775938461538462
0.0974233846153846
0.14144123076923076
0.18963138461538462
0.22634769230769228
0.23385784615384617
0.21529107692307692
0.165432
0.12391753846153845
0.0892873846153846
0.054240000000000003
0.017315076923076923
-0.029414769230769227
-0.056326153846153845
-0.06195876923076923
-0.04547815384615384
-0.013351384615384614
0.014603076923076923
0.03233538461538461
0.05277969230769231
0.06842584615384616
0.06759138461538462
0.04735569230769231
-0.0012516923076923076
-0.053614153846153846
-0.09930092307692308
-0.12955015384615384
-0.13476553846153844
-0.13455692307692307
-0.12725538461538463
-0.10430769230769231
-0.06571384615384615
-0.01856676923076923
0.015854769230769228
0.03421292307692308
0.037967999999999995
0.040679999999999994
0.06675692307692307
0.09450276923076922
0.11244369230769231
0.12266584615384615
0.12120553846153845
0.13393107692307693
0.15187199999999998
0.16167692307692308
0.16730953846153845
0.14436184615384615
0.10952307692307692
0.08365476923076923
0.06759138461538462
0.06425353846153846
0.05090215384615384
0.031709538461538456
0.01710646153846154
0.007510153846153846
0.012308307692307691
0.023364923076923075
0.03045784615384615
0.028163076923076923
0.03984553846153846
0.07197230769230768
0.09846646153846153
0.12412615384615384
0.13205353846153844
0.10910584615384614
0.07677046153846154
0.03901107692307692
-0.004798153846153846
-0.06216738461538462
-0.12955015384615384
-0.18399876923076922
-0.21111876923076925
-0.20715507692307691
-0.1775316923076923
-0.12788123076923075
-0.07134646153846153
0.0
0.07802215384615384
0.14081538461538462
0.19046584615384615
0.21132738461538458
0.19213476923076922
0.15896492307692306
0.12016246153846154
0.06592246153846154
0.008136
-0.054657230769230764
-0.11327815384615383
-0.14686523076923075
-0.1558356923076923
-0.13768615384615385
-0.09763200000000001
-0.05799507692307692
-0.005424
0.06300184615384616
0.1287156923076923
0.1846246153846154
0.214248
0.2225926153846154
0.20819815384615384
0.17961784615384613
0.14081538461538462
0.09095630769230768
0.040262769230769234
-0.014811692307692307
-0.04902461538461538
-0.06300184615384616
-0.05945538461538461
-0.02899753846153846
0.010013538461538461
0.059038153846153844
0.11181784615384616
0.1558356923076923
0.184416
0.18629353846153843
0.16251138461538459
0.13309661538461537
0.1045163076923077
0.07635323076923077
0.048816000000000005
0.01710646153846154
-0.021278769230769233
-0.05507446153846154
-0.07843938461538462
-0.10514215384615383
-0.13205353846153844
-0.1710646153846154
-0.20110523076923076
-0.20402584615384614
-0.1940123076923077
-0.1652233846153846
-0.12308307692307692
-0.06675692307692307
-0.004589538461538461
0.0717636923076923
0.15813046153846153
0.21612553846153845
0.23239753846153846
0.20944984615384615
0.16251138461538459
0.09658892307692307
0.0070929230769230765
-0.09053907692307692
-0.18712800000000002
-0.2699483076923077
-0.3072904615384615
-0.2920615384615385
-0.23615261538461538
-0.14790830769230767
-0.04109723076923077
0.08323753846153846
0.2138307692307692
0.31897292307692304
0.3740473846153846
0.3581926153846154
0.28663753846153844
0.18712800000000002
0.06967753846153846
-0.05236246153846154
-0.17252492307692308
-0.27787569230769227
-0.3502652307692307
-0.3648683076923077
-0.32231076923076923
-0.23510953846153848
-0.12245723076923076
-0.020027076923076922
0.06696553846153847
0.14123261538461537
0.19442953846153843
0.21174461538461536
0.18337292307692307
0.11974523076923077
0.042348923076923076
-0.025659692307692307
-0.06863446153846153
-0.08615815384615384
-0.08386338461538462
-0.07134646153846153
-0.03984553846153846
0.023990769230769232
0.10263876923076923
0.16710092307692306
0.19672430769230767
0.19547261538461536
0.17899199999999998
0.1656406153846154
0.14477907692307693
0.0988836923076923
0.032544
-0.04547815384615384
-0.12162276923076921
-0.16042523076923076
-0.12099692307692309
-0.047772923076923074
0.06362769230769232
0.19296923076923078
0.2993630769230769
0.4245323076923077
0.48190153846153844
0.48711692307692306
0.42891323076923077
0.27412061538461535
0.11223507692307692
-0.05444861538461539
-0.20047938461538461
-0.327108923076923
-0.417648
-0.4539470769230769
-0.4178566153846154
-0.2860116923076923
-0.12600369230769232
0.023990769230769232
0.15500123076923078
0.2411593846153846
0.27599815384615384
0.2503384615384615
0.14269292307692305
0.009804923076923077
-0.13372246153846154
-0.2899753846153846
-0.38280923076923074
-0.4453938461538462
-0.4456024615384615
-0.36382523076923073
-0.2492953846153846
-0.08866153846153846
0.03275261538461539
0.10639384615384614
0.14665661538461539
0.1028473846153846
0.023364923076923075
-0.07551876923076924
-0.16730953846153845
-0.2021483076923077
-0.19380369230769232
-0.13121907692307694
-0.05027630769230769
0.026285538461538457
0.09095630769230768
0.1151556923076923
0.10722830769230769
0.04860738461538461
-0.03233538461538461
-0.09241661538461539
-0.16897846153846155
-0.23761292307692305
-0.28809784615384615
-0.33566215384615383
-0.30583015384615386
-0.23072861538461537
-0.12704676923076924
0.015854769230769228
0.16271999999999998
0.328152
0.4698018461538461
0.539688
0.5148627692307692
0.38885907692307686
0.19714153846153845
-0.025659692307692307
-0.2517987692307692
-0.4401784615384615
-0.5739009230769231
-0.6062363076923076
-0.5303003076923076
-0.37884553846153846
-0.14957723076923077
0.07551876923076924
0.2860116923076923
0.45895384615384616
0.5328036923076923
0.557628923076923
0.513611076923077
0.4113895384615384
0.2860116923076923
0.1289243076923077
-0.0016689230769230767
-0.09784061538461537
-0.16251138461538459
-0.1829556923076923
-0.18629353846153843
-0.15145476923076923
-0.07843938461538462
0.02044430769230769
0.130176
0.19735015384615384
0.24512307692307692
0.276624
0.2814221538461538
0.2799618461538461
0.2330233846153846
0.1733593846153846
0.11557292307692307
0.04380923076923077
0.016063384615384615
0.002712
-0.01043076923076923
-0.008344615384615384
-0.030875076923076922
-0.05570030769230769
-0.09325107692307691
-0.14916
-0.2021483076923077
-0.2586830769230769
-0.28851507692307693
-0.2832996923076923
-0.23969907692307693
-0.16292861538461537
-0.0771876923076923
0.029832
0.13518276923076925
0.21529107692307692
0.26619323076923074
0.2568055384615385
0.20235692307692305
0.10994030769230768
-0.02211323076923077
-0.14749107692307692
-0.26097784615384617
-0.3410861538461538
-0.36945784615384614
-0.360696
-0.28663753846153844
-0.16167692307692308
-0.010848
0.14164984615384615
0.25930892307692305
0.3540203076923077
0.41076369230769233
0.41973415384615387
0.38531261538461536
0.2774584615384615
0.14206707692307693
0.0018775384615384615
-0.13810338461538463
-0.2371956923076923
-0.3216849230769231
-0.360696
-0.3304467692307692
-0.26368984615384616
-0.13789476923076924
-0.0016689230769230767
0.11599015384615384
0.2436627692307692
0.33253292307692306
0.3821833846153846
0.38280923076923074
0.3252313846153846
0.2422024615384615
0.1356
0.037967999999999995
-0.03713353846153846
-0.08740984615384616
-0.09179076923076923
-0.06738276923076922
-0.019609846153846155
0.03024923076923077
0.06216738461538462
0.08636676923076922
0.08636676923076922
0.05924676923076923
0.027745846153846152
0.0008344615384615384
-0.015020307692307692
-0.01397723076923077
-0.014394461538461538
0.0043809230769230765
0.05298830769230769
0.12099692307692309
0.20256553846153844
0.2563883076923077
0.265776
0.2374043076923077
0.17398523076923075
0.09429415384615383
0.005215384615384615
-0.1070196923076923
-0.21028430769230766
-0.28413415384615387
-0.31542646153846154
-0.2858030769230769
-0.22864246153846152
-0.14144123076923076
-0.020652923076923076
0.11306953846153844
0.24032492307692307
0.32982092307692307
0.36904061538461536
0.3440067692307692
0.2707827692307692
0.17461107692307692
0.05319692307692307
-0.06759138461538462
-0.18191261538461537
-0.2807963076923077
-0.3350363076923077
-0.33670523076923076
-0.28246523076923075
-0.18921415384615384
-0.08240307692307691
0.02023569230769231
0.10138707692307691
0.15374953846153847
0.1785747692307692
0.16856123076923077
0.11640738461538462
0.03755076923076923
-0.040262769230769234
-0.09471138461538461
-0.1151556923076923
-0.10848000000000001
-0.08824430769230769
-0.06133292307692308
-0.01814953846153846
0.03400430769230769
0.08365476923076923
0.10722830769230769
0.08469784615384615
0.04672984615384615
0.018983999999999997
0.005424
-0.0008344615384615384
0.009596307692307692
0.040054153846153843
0.09304246153846155
0.16271999999999998
0.23510953846153848
0.3049956923076923
0.32564861538461537
0.30249230769230767
0.2526332307692308
0.16730953846153845
0.06884307692307692
-0.05590892307692308
-0.1860849230769231
-0.28392553846153845
-0.35464615384615383
-0.3738387692307692
-0.33566215384615383
-0.2526332307692308
-0.13393107692307693
-0.0077187692307692304
0.12433476923076923
0.24720923076923076
0.32314523076923074
0.34776184615384614
0.30979384615384614
0.21779446153846155
0.10159569230769232
-0.02524246153846154
-0.15082892307692305
-0.26723630769230766
-0.3481790769230769
-0.37258707692307685
-0.3410861538461538
-0.2540935384615385
-0.13706030769230768
-0.014603076923076923
0.10806276923076923
0.21633415384615384
0.3012406153846154
0.3485963076923077
0.33962584615384617
0.2845513846153846
0.20715507692307691
0.119328
0.026285538461538457
-0.059664
-0.13038461538461538
-0.17461107692307692
-0.19317784615384614
-0.18399876923076922
-0.15270646153846154
-0.12496061538461539
-0.10785415384615385
-0.09241661538461539
-0.06863446153846153
-0.03692492307692308
-0.005215384615384615
0.013768615384615384
0.018983999999999997
0.011682461538461537
0.0029206153846153843
0.004589538461538461
0.008761846153846153
0.004589538461538461
-0.015020307692307692
-0.034630153846153845
-0.04693846153846153
-0.05611753846153846
-0.06654830769230768
-0.08490646153846154
-0.09596307692307693
-0.08615815384615384
-0.062376
-0.024408000000000003
0.014185846153846153
0.04380923076923077
0.07802215384615384
0.11035753846153845
0.14561353846153846
0.16981292307692308
0.17085599999999998
0.1570873846153846
0.11870215384615385
0.07468430769230769
0.03212676923076923
-0.011682461538461537
-0.04318338461538461
-0.06884307692307692
-0.07593599999999999
-0.04985907692307692
0.004798153846153846
0.07781353846153846
0.13789476923076924
0.1783661538461538
0.20235692307692305
0.20965846153846154
0.19735015384615384
0.15333230769230768
0.08866153846153846
0.015854769230769228
-0.04693846153846153
-0.09033046153846153
-0.11891076923076922
-0.13101046153846155
-0.13810338461538463
-0.13914646153846155
-0.11724184615384614
-0.08156861538461539
-0.045060923076923075
-0.021070153846153846
-0.015437538461538461
-0.024408000000000003
-0.051528
-0.07489292307692308
-0.09408553846153846
-0.11348676923076922
-0.12224861538461537
-0.11724184615384614
-0.08386338461538462
-0.03483876923076923
0.02273907692307692
0.07885661538461539
0.11828492307692307
0.14832553846153845
0.15562707692307692
0.13768615384615385
0.09950953846153845
0.04109723076923077
-0.02211323076923077
-0.0828203076923077
-0.12975876923076923
-0.14749107692307692
-0.13789476923076924
-0.09491999999999999
-0.021696
0.06967753846153846
0.17711446153846155
0.27140861538461536
0.33587076923076925
0.3615304615384615
0.3408775384615384
0.28121353846153846
0.17961784615384613
0.058829538461538454
-0.06842584615384616
-0.18921415384615384
-0.2768326153846154
-0.33002953846153843
-0.3373310769230769
-0.3004061538461538
-0.23114584615384615
-0.1341396923076923
-0.03045784615384615
0.05799507692307692
0.11682461538461539
0.1356
0.1151556923076923
0.06842584615384616
-0.003129230769230769
-0.08636676923076922
-0.1652233846153846
-0.22530461538461538
-0.24491446153846153
-0.23281476923076924
-0.18754523076923074
-0.11327815384615383
-0.029414769230769227
0.059038153846153844
0.12996738461538462
0.1760713846153846
0.19881046153846152
0.19213476923076922
0.1614683076923077
0.11202646153846153
0.05736923076923077
0.012099692307692308
-0.031918153846153846
-0.06592246153846154
-0.07656184615384615
-0.06821723076923077
-0.028163076923076923
0.022947692307692308
0.07948246153846153
0.12934153846153845
0.1543753846153846
0.16835261538461538
0.15416676923076922
0.116616
0.059872615384615385
0.0070929230769230765
-0.02858030769230769
-0.05298830769230769
-0.04526953846153846
-0.015854769230769228
0.02086153846153846
0.06195876923076923
0.09283384615384616
0.11599015384615384
0.12788123076923075
0.10159569230769232
0.054657230769230764
-0.0002086153846153846
-0.05528307692307692
-0.09429415384615383
-0.116616
-0.11765907692307691
-0.1045163076923077
-0.07885661538461539
-0.027328615384615382
0.03671630769230769
0.10076123076923077
0.14978584615384616
0.168144
0.16105107692307694
0.13393107692307693
0.09554584615384615
0.046104
-0.007927384615384614
-0.05090215384615384
-0.06571384615384615
-0.04985907692307692
-0.003963692307692307
0.053614153846153846
0.11703323076923078
0.15833907692307692
0.18358153846153846
0.17502830769230768
0.10785415384615385
0.04735569230769231
-0.01710646153846154
-0.05924676923076923
-0.0974233846153846
-0.12099692307692309
-0.1045163076923077
-0.04526953846153846
0.040054153846153843
0.24637476923076923
0.41034646153846155
0.35986153846153845
0.38719015384615385
0.2951907692307692
0.24637476923076923
0.19067446153846154
-0.11432123076923076
-0.3269003076923077
-0.6179187692307693
-0.6842584615384616
-0.6008123076923076
-0.5770301538461539
-0.41723076923076924
-0.36570276923076916
-0.09784061538461537
0.2194633846153846
0.4476886153846154
0.6652744615384616
0.5373932307692307
0.42348923076923073
0.26535876923076923
0.023364923076923075
-0.09554584615384615
-0.38885907692307686
-0.5588806153846154
-0.6202135384615385
-0.7209747692307692
-0.5167403076923076
-0.3212676923076923
-0.0828203076923077
0.23448369230769228
0.3609046153846154
0.5530393846153846
0.6364855384615384
0.6421181538461538
0.6694467692307693
0.48023261538461537
0.25659692307692306
-0.004798153846153846
-0.21320492307692307
-0.2526332307692308
-0.33941723076923075
-0.37091815384615384
-0.37425600000000003
-0.33295015384615384
-0.11473846153846154
0.053405538461538456
0.19463815384615382
0.30019753846153846
0.2920615384615385
0.35047384615384614
0.3540203076923077
0.28851507692307693
0.249504
0.10910584615384614
0.024408000000000003
-0.007927384615384614
-0.07468430769230769
-0.08699261538461538
-0.14999446153846155
-0.18942276923076923
-0.19547261538461536
-0.20840676923076923
-0.1706473846153846
-0.13476553846153844
-0.037967999999999995
0.029623384615384614
0.06341907692307691
0.17002153846153847
0.23615261538461538
0.31542646153846154
0.3550633846153846
0.29185292307692307
0.23969907692307693
0.12412615384615384
0.016063384615384615
-0.06946892307692307
-0.2138307692307692
-0.29456492307692306
-0.34588430769230766
-0.35047384615384614
-0.2799618461538461
-0.21633415384615384
-0.0892873846153846
0.06884307692307692
0.20527753846153846
0.3137575384615385
0.34776184615384614
0.38426953846153844
0.3752990769230769
0.2774584615384615
0.16063384615384615
-0.02273907692307692
-0.18170399999999998
-0.2858030769230769
-0.38885907692307686
-0.39344861538461534
-0.36299076923076923
-0.2858030769230769
-0.12725538461538463
0.008136
0.16292861538461537
0.28851507692307693
0.3521427692307692
0.3811403076923077
0.3206418461538461
0.20715507692307691
0.040679999999999994
-0.13101046153846155
-0.25284184615384614
-0.3544375384615384
-0.39303138461538456
-0.4047138461538461
-0.38343507692307693
-0.2768326153846154
-0.15604430769230768
0.0016689230769230767
0.14811692307692306
0.21862892307692305
0.30186646153846153
0.3485963076923077
0.3412947692307692
0.29331323076923077
0.16313723076923078
0.043600615384615383
-0.043392
-0.11223507692307692
-0.14686523076923075
-0.18712800000000002
-0.19818461538461538
-0.16897846153846155
-0.11703323076923078
-0.021696
0.06341907692307691
0.13351384615384615
0.1718990769230769
0.16334584615384617
0.1792006153846154
0.1696043076923077
0.1476996923076923
0.130176
0.05090215384615384
-0.016063384615384615
-0.058412307692307694
-0.07155507692307693
-0.04214030769230769
-0.059038153846153844
-0.0988836923076923
-0.1218313846153846
-0.12850707692307692
-0.09095630769230768
-0.059664
-0.05757784615384615
-0.07343261538461537
-0.07885661538461539
-0.024199384615384616
0.04401784615384615
0.10013538461538461
0.1289243076923077
0.11745046153846153
0.11724184615384614
0.10722830769230769
0.08010830769230769
0.037967999999999995
-0.03921969230769231
-0.0974233846153846
-0.13455692307692307
-0.14477907692307693
-0.10263876923076923
-0.053405538461538456
-0.0004172307692307692
0.054240000000000003
0.12266584615384615
0.2138307692307692
0.2730775384615384
0.2862203076923077
0.24282830769230768
0.15833907692307692
0.07760492307692309
0.001043076923076923
-0.05069353846153846
-0.10660246153846153
-0.17565415384615385
-0.214248
-0.21988061538461537
-0.1779489230769231
-0.12621230769230768
-0.10222153846153846
-0.05674338461538461
0.01043076923076923
0.07969107692307692
0.16105107692307694
0.20047938461538461
0.2073636923076923
0.20131384615384615
0.1733593846153846
0.15333230769230768
0.11348676923076922
0.05194523076923077
-0.020652923076923076
-0.07843938461538462
-0.0988836923076923
-0.100344
-0.08094276923076923
-0.06717415384615384
-0.05924676923076923
-0.03233538461538461
0.0006258461538461538
0.03880246153846154
0.06467076923076923
0.0717636923076923
0.0853236923076923
0.08031692307692308
0.06759138461538462
0.06738276923076922
0.053614153846153846
0.03588184615384615
0.006675692307692307
-0.03921969230769231
-0.07364123076923076
-0.11035753846153845
-0.14728246153846153
-0.17294215384615383
-0.19004861538461537
-0.18483323076923078
-0.16418030769230768
-0.12537784615384615
-0.06946892307692307
-0.003129230769230769
0.07781353846153846
0.14728246153846153
0.19735015384615384
0.22008923076923076
0.200688
0.16897846153846155
0.13038461538461538
0.08177723076923075
0.028788923076923077
-0.03963692307692308
-0.09784061538461537
-0.12913292307692306
-0.13726892307692307
-0.11599015384615384
-0.09262523076923077
-0.06195876923076923
-0.006049846153846154
0.065088
0.14060676923076923
0.20673784615384616
0.25138153846153843
0.2641070769230769
0.249504
0.21237046153846154
0.15249784615384615
0.06821723076923077
-0.026702769230769228
-0.1218313846153846
-0.19568123076923075
-0.22572184615384616
-0.21862892307692305
-0.16793538461538463
-0.09095630769230768
-0.005424
0.09304246153846155
0.1881710769230769
0.2697396923076923
0.3170953846153846
0.317304
0.28121353846153846
0.21237046153846154
0.13747753846153846
0.04965046153846154
-0.05069353846153846
-0.1353913846153846
-0.20047938461538461
-0.22300984615384614
-0.19797599999999999
-0.14540492307692307
-0.08115138461538463
-0.0018775384615384615
0.08448923076923077
0.16480615384615382
0.22196676923076922
0.23156307692307693
0.19380369230769232
0.10743692307692307
0.0004172307692307692
-0.10555938461538462
-0.20673784615384616
-0.2814221538461538
-0.3179298461538461
-0.30332676923076923
-0.2411593846153846
-0.14477907692307693
-0.02899753846153846
0.08615815384615384
0.1867107692307692
0.2588916923076923
0.2937304615384615
0.2897667692307692
0.24011630769230768
0.15917353846153848
0.06592246153846154
-0.024408000000000003
-0.0880356923076923
-0.13080184615384613
-0.14457046153846154
-0.12913292307692306
-0.09283384615384616
-0.026702769230769228
0.05277969230769231
0.12558646153846154
0.17273353846153844
0.18775384615384613
0.17377661538461536
0.13706030769230768
0.08490646153846154
0.014811692307692307
-0.05382276923076923
-0.11265230769230769
-0.15520984615384617
-0.1652233846153846
-0.15938215384615384
-0.1502030769230769
-0.13372246153846154
-0.1218313846153846
-0.1097316923076923
-0.09930092307692308
-0.10576799999999999
-0.12266584615384615
-0.1435273846153846
-0.143736
-0.11724184615384614
-0.07280676923076923
-0.02023569230769231
0.03963692307692308
0.09930092307692308
0.14144123076923076
0.16313723076923078
0.15792184615384616
0.12308307692307692
0.07134646153846153
0.015854769230769228
-0.040054153846153843
-0.07343261538461537
-0.0963803076923077
-0.10159569230769232
-0.07969107692307692
-0.0448523076923077
0.020652923076923076
0.09429415384615383
0.15833907692307692
0.20965846153846154
0.23072861538461537
0.22593046153846155
0.19797599999999999
0.14311015384615386
0.061124307692307686
-0.03504738461538461
-0.11974523076923077
-0.18066092307692305
-0.214248
-0.21758584615384616
-0.18858830769230767
-0.12558646153846154
-0.03942830769230769
0.058829538461538454
0.15833907692307692
0.22843384615384613
0.25513661538461535
0.23907323076923076
0.18629353846153843
0.11807630769230769
0.040679999999999994
-0.04318338461538461
-0.11327815384615383
-0.15646153846153846
-0.1612596923076923
-0.12350030769230769
-0.06800861538461538
-0.0022947692307692304
0.06613107692307692
0.11870215384615385
0.15875630769230767
0.17273353846153844
0.15562707692307692
0.11494707692307692
0.04714707692307692
-0.02273907692307692
-0.07364123076923076
-0.10555938461538462
-0.11181784615384616
-0.09471138461538461
-0.055491692307692304
0.007301538461538462
0.08323753846153846
0.15500123076923078
0.20360861538461536
0.21216184615384615
0.18879692307692306
0.14206707692307693
0.07343261538461537
-0.011265230769230769
-0.10806276923076923
-0.19046584615384615
-0.2415766153846154
-0.24053353846153847
-0.18525046153846153
-0.10493353846153847
-0.010848
0.07134646153846153
0.1422756923076923
0.2059033846153846
0.23260615384615385
0.222384
0.16480615384615382
0.06571384615384615
-0.03901107692307692
-0.13747753846153846
-0.2075723076923077
-0.24866953846153847
-0.2624381538461539
-0.23761292307692305
-0.1802436923076923
-0.09179076923076923
-0.0029206153846153843
0.06258461538461538
0.10535076923076922
0.124752
0.132888
0.13080184615384613
0.11035753846153845
0.0717636923076923
0.022530461538461537
-0.025033846153846153
-0.05111076923076923
-0.05507446153846154
-0.04631261538461538
-0.04172307692307692
-0.03483876923076923
-0.012099692307692308
0.016897846153846156
0.050067692307692306
0.08177723076923075
0.11077476923076923
0.12391753846153845
0.13038461538461538
0.13038461538461538
0.11995384615384615
0.09867507692307692
0.07051199999999999
0.041514461538461535
0.012308307692307691
-0.002712
-0.01272553846153846
-0.006049846153846154
0.0008344615384615384
0.12037107692307693
0.1858763076923077
0.15792184615384616
0.22843384615384613
0.21174461538461536
0.2426196923076923
0.21612553846153845
0.06028984615384615
-0.07134646153846153
-0.26619323076923074
-0.3304467692307692
-0.3805144615384615
-0.41994276923076923
-0.37926276923076924
-0.33712246153846154
-0.13372246153846154
0.059872615384615385
0.26306399999999996
0.450192
0.469176
0.4975476923076923
0.4228633846153846
0.27599815384615384
0.14457046153846154
-0.08907876923076924
-0.23260615384615385
-0.36382523076923073
-0.5106904615384615
-0.47376553846153846
-0.42724430769230765
-0.31250584615384613
-0.1543753846153846
-0.06884307692307692
0.05507446153846154
0.12537784615384615
0.20381723076923075
0.30061476923076924
0.3054129230769231
0.2916443076923077
0.2453316923076923
0.20924123076923076
0.1785747692307692
0.06425353846153846
-0.055491692307692304
-0.20548615384615385
-0.3248141538461538
-0.3479704615384615
-0.37947138461538454
-0.3442153846153846
-0.2620209230769231
-0.1696043076923077
-0.0012516923076923076
0.14060676923076923
0.27432923076923077
0.41305846153846154
0.4647950769230769
0.500676923076923
0.49337538461538455
0.42411507692307693
0.32606584615384615
0.16876984615384616
-0.0012516923076923076
-0.19067446153846154
-0.3675803076923077
-0.49003753846153847
-0.5511618461538461
-0.5077698461538461
-0.4368406153846153
-0.30207507692307695
-0.06675692307692307
0.15416676923076922
0.38885907692307686
0.5651390769230769
0.6341907692307692
0.6377372307692307
0.5240418461538462
0.3581926153846154
0.14457046153846154
-0.12141415384615384
-0.3419206153846154
-0.5148627692307692
-0.6227169230769231
-0.6431612307692307
-0.5872523076923076
-0.443724923076923
-0.2601433846153846
-0.059038153846153844
0.13497415384615385
0.29727692307692305
0.45457292307692304
0.5317606153846154
0.5263366153846154
0.46771569230769233
0.3243969230769231
0.1846246153846154
0.037967999999999995
-0.13101046153846155
-0.2415766153846154
-0.33357600000000004
-0.3698750769230769
-0.34004307692307695
-0.3087507692307692
-0.23385784615384617
-0.14582215384615385
-0.05924676923076923
0.03233538461538461
0.09304246153846155
0.1358086153846154
0.14540492307692307
0.14603076923076924
0.154584
0.14102399999999998
0.12579507692307693
0.07739630769230768
0.01814953846153846
-0.020027076923076922
-0.07635323076923077
-0.11265230769230769
-0.16856123076923077
-0.23448369230769228
-0.249504
-0.241368
-0.2059033846153846
-0.14686523076923075
-0.08031692307692308
0.013560000000000001
0.13893784615384613
0.2568055384615385
0.36027876923076924
0.4115981538461538
0.42599261538461536
0.41034646153846155
0.34630153846153844
0.25659692307692306
0.12579507692307693
-0.002086153846153846
-0.1462393846153846
-0.2768326153846154
-0.3314898461538462
-0.3456756923076923
-0.2737033846153846
-0.157296
-0.03713353846153846
0.12245723076923076
0.26869661538461537
0.41389292307692305
0.5311347692307692
0.5497015384615385
0.5061009230769231
0.409512
0.27787569230769227
0.1422756923076923
-0.0022947692307692304
-0.13247076923076923
-0.23615261538461538
-0.2814221538461538
-0.25972615384615383
-0.20798953846153845
-0.13372246153846154
-0.06487938461538462
0.015228923076923076
0.10535076923076922
0.1691870769230769
0.23093723076923076
0.25284184615384614
0.22447015384615385
0.18525046153846153
0.1207883076923077
0.05757784615384615
-0.0029206153846153843
-0.06988615384615385
-0.116616
-0.15416676923076922
-0.16730953846153845
-0.15896492307692306
-0.14123261538461537
-0.1218313846153846
-0.11828492307692307
-0.11181784615384616
-0.10430769230769231
-0.08156861538461539
-0.04985907692307692
-0.03567323076923076
-0.010013538461538461
0.03442153846153846
0.08344615384615384
0.14582215384615385
0.18066092307692305
0.1794092307692308
0.1639716923076923
0.1178676923076923
0.0678
0.002712
-0.084072
-0.15896492307692306
-0.20778092307692309
-0.21675138461538462
-0.19609846153846153
-0.14811692307692306
-0.08490646153846154
-0.015854769230769228
0.05820369230769231
0.11432123076923076
0.14749107692307692
0.14519630769230768
0.10055261538461538
0.042348923076923076
-0.027120000000000002
-0.10326461538461539
-0.17169046153846151
-0.2330233846153846
-0.2680707692307692
-0.2670276923076923
-0.24846092307692308
-0.20944984615384615
-0.14290153846153844
-0.06592246153846154
0.01814953846153846
0.08031692307692308
0.11682461538461539
0.13247076923076923
0.116616
0.086784
0.04985907692307692
0.01981846153846154
-0.003963692307692307
-0.021696
-0.024616615384615383
-0.011473846153846154
0.02211323076923077
0.06717415384615384
0.09950953846153845
0.116616
0.11098338461538461
0.07885661538461539
0.044435076923076924
0.005215384615384615
-0.02899753846153846
-0.05674338461538461
-0.06946892307692307
-0.043392
0.009804923076923077
0.0798996923076923
0.14853415384615384
0.20298276923076922
0.24199384615384617
0.2509643076923077
0.2292683076923077
0.16897846153846155
0.07092923076923077
-0.042557538461538466
-0.14832553846153845
-0.2194633846153846
-0.24720923076923076
-0.24345415384615382
-0.2056947692307692
-0.13393107692307693
-0.03880246153846154
0.07781353846153846
0.18858830769230767
0.27558092307692306
0.32585723076923073
0.3346190769230769
0.31041969230769234
0.25346769230769234
0.1779489230769231
0.08574092307692306
-0.011891076923076923
-0.092208
-0.13893784615384613
-0.14477907692307693
-0.12704676923076924
-0.09971815384615385
-0.06070707692307692
-0.008136
0.051319384615384614
0.10994030769230768
0.14853415384615384
0.16480615384615382
0.15896492307692306
0.12913292307692306
0.10222153846153846
0.07468430769230769
0.03650769230769231
-0.0025033846153846152
-0.04047138461538462
-0.06696553846153847
-0.07364123076923076
-0.073224
-0.07593599999999999
-0.08344615384615384
-0.08761846153846153
-0.07927384615384615
-0.06216738461538462
-0.03921969230769231
-0.02586830769230769
-0.01272553846153846
0.0016689230769230767
0.022530461538461537
0.06717415384615384
0.10639384615384614
0.13059323076923077
0.13267938461538462
0.111192
0.08302892307692307
0.047981538461538464
-0.005841230769230769
-0.06404492307692307
-0.11765907692307691
-0.16084246153846155
-0.17711446153846155
-0.18212123076923076
-0.1777403076923077
-0.1558356923076923
-0.11327815384615383
-0.04526953846153846
0.03504738461538461
0.10994030769230768
0.1666836923076923
0.19797599999999999
0.1992276923076923
0.17377661538461536
0.12934153846153845
0.06738276923076922
-0.009804923076923077
-0.09283384615384616
-0.16647507692307692
-0.22175815384615383
-0.25138153846153843
-0.2559710769230769
-0.23385784615384617
-0.19046584615384615
-0.12642092307692307
-0.042348923076923076
0.03567323076923076
0.09179076923076923
0.1287156923076923
0.1558356923076923
0.1712732307692308
0.16730953846153845
0.13101046153846155
0.07468430769230769
0.001043076923076923
-0.07468430769230769
-0.13643446153846153
-0.1856676923076923
-0.21466523076923077
-0.23156307692307693
-0.21591692307692306
-0.1733593846153846
-0.100344
-0.012516923076923077
0.056326153846153845
0.13205353846153844
0.2021483076923077
0.25388492307692306
0.2920615384615385
0.2822566153846154
0.23469230769230767
0.1696043076923077
0.08469784615384615
0.014185846153846153
-0.04088861538461538
-0.08824430769230769
-0.11452984615384615
-0.12266584615384615
-0.10368184615384615
-0.05194523076923077
0.013560000000000001
0.07551876923076924
0.13059323076923077
0.17481969230769231
0.20465169230769228
0.21508246153846153
0.20027076923076922
0.15395815384615386
0.073224
-0.017523692307692306
-0.1028473846153846
-0.16647507692307692
-0.21675138461538462
-0.25242461538461536
-0.24992123076923078
-0.21612553846153845
-0.13998092307692306
-0.045060923076923075
0.040054153846153843
0.11160923076923077
0.17002153846153847
0.21737723076923077
0.24428861538461538
0.23928184615384615
0.20173107692307693
0.13706030769230768
0.051319384615384614
-0.02357353846153846
-0.07364123076923076
-0.11181784615384616
-0.13351384615384615
-0.12808984615384614
-0.092208
-0.02795446153846154
0.05090215384615384
0.12141415384615384
0.16751815384615384
0.18337292307692307
0.1787833846153846
0.15813046153846153
0.11578153846153846
0.05611753846153846
-0.021278769230769233
-0.0936683076923077
-0.132888
-0.13768615384615385
-0.12266584615384615
-0.10076123076923077
-0.07405846153846153
-0.04756430769230769
-0.011056615384615385
0.02044430769230769
0.03775938461538462
0.033169846153846154
0.007301538461538462
-0.020652923076923076
-0.0446436923076923
-0.05674338461538461
-0.07656184615384615
-0.10117846153846152
-0.10347323076923076
-0.08386338461538462
-0.04526953846153846
0.0012516923076923076
0.03567323076923076
0.07072061538461538
0.0974233846153846
0.11223507692307692
0.12433476923076923
0.11306953846153844
0.08511507692307693
0.04839876923076923
0.010848
0.0002086153846153846
0.010848
0.02086153846153846
0.02586830769230769
0.00855323076923077
-0.010848
-0.04756430769230769
-0.0880356923076923
-0.07426707692307692
-0.06633969230769231
-0.018358153846153843
0.06967753846153846
0.18170399999999998
0.33607938461538456
0.4524867692307692
0.5421913846153846
0.5605495384615384
0.5280055384615384
0.41556184615384617
0.22843384615384613
0.06404492307692307
-0.14728246153846153
-0.30290953846153845
-0.4145187692307692
-0.5025544615384615
-0.4714707692307692
-0.39928984615384616
-0.2426196923076923
-0.06383630769230769
0.08219446153846154
0.21800307692307694
0.2601433846153846
0.2480436923076923
0.16897846153846155
0.03692492307692308
-0.12642092307692307
-0.3141747692307692
-0.425784
-0.4883686153846154
-0.4660467692307692
-0.3475532307692307
-0.20402584615384614
-0.021070153846153846
0.10597661538461538
0.1927606153846154
0.26723630769230766
0.241368
0.19359507692307693
0.12141415384615384
0.027120000000000002
-0.021070153846153846
-0.05820369230769231
-0.04422646153846154
-0.016897846153846156
-0.023990769230769232
-0.02482523076923077
-0.03129230769230769
-0.02315630769230769
-0.0016689230769230767
0.015020307692307692
0.026285538461538457
0.01940123076923077
0.022947692307692308
0.03483876923076923
0.03337846153846154
0.031918153846153846
0.015646153846153844
0.010013538461538461
0.04547815384615384
0.09325107692307691
0.1696043076923077
0.24199384615384617
0.2526332307692308
0.23052
0.1666836923076923
0.061750153846153844
-0.046104
-0.1506203076923077
-0.21508246153846153
-0.21362215384615382
-0.14874276923076923
-0.018983999999999997
0.14331876923076922
0.2883064615384615
0.38656430769230765
0.44309907692307693
0.443724923076923
0.3811403076923077
0.2924787692307692
0.17002153846153847
0.04109723076923077
-0.056951999999999996
-0.116616
-0.1097316923076923
-0.07572738461538461
-0.031709538461538456
0.03129230769230769
0.09825784615384614
0.17002153846153847
0.22864246153846152
0.26160369230769226
0.2620209230769231
0.23782153846153845
0.18775384615384613
0.09825784615384614
-0.004798153846153846
-0.11035753846153845
-0.21925476923076925
-0.29769415384615383
-0.32877784615384614
-0.3202246153846154
-0.25701415384615384
-0.16856123076923077
-0.0717636923076923
0.04088861538461538
0.11870215384615385
0.1693956923076923
0.18629353846153843
0.16209415384615386
0.12537784615384615
0.07301538461538462
0.018775384615384614
-0.03421292307692308
-0.09471138461538461
-0.16042523076923076
-0.19797599999999999
-0.1990190769230769
-0.18149538461538461
-0.15103753846153847
-0.11911938461538461
-0.08135999999999999
-0.03609046153846154
0.011682461538461537
0.052153846153846155
0.08219446153846154
0.09179076923076923
0.08699261538461538
0.08448923076923077
0.06300184615384616
0.03337846153846154
-0.007301538461538462
-0.06362769230769232
-0.11724184615384614
-0.17315076923076922
-0.2194633846153846
-0.25012984615384615
-0.25951753846153847
-0.23928184615384615
-0.1775316923076923
-0.07781353846153846
0.027328615384615382
0.12433476923076923
0.1948467692307692
0.22405292307692307
0.22780799999999998
0.20944984615384615
0.16334584615384617
0.10243015384615384
0.016480615384615385
-0.07697907692307693
-0.13330523076923076
-0.16501476923076921
-0.16251138461538459
-0.12767261538461538
-0.07364123076923076
0.016897846153846156
0.13038461538461538
0.24449723076923074
0.3323243076923077
0.3784283076923077
0.36799753846153843
0.31083692307692307
0.22300984615384614
0.09992676923076924
-0.03963692307692308
-0.19463815384615382
-0.3373310769230769
-0.425784
-0.46291753846153844
-0.44038707692307694
-0.3752990769230769
-0.28246523076923075
-0.16021661538461537
-0.029623384615384614
0.09784061538461537
0.2127876923076923
0.2966510769230769
0.3285692307692308
0.3137575384615385
0.2632726153846154
0.1846246153846154
0.08302892307692307
-0.03483876923076923
-0.14603076923076924
-0.22551323076923077
-0.2601433846153846
-0.2497126153846154
-0.19380369230769232
-0.10785415384615385
-0.014185846153846153
0.09074769230769231
0.19505538461538463
0.27328615384615385
0.31626092307692305
0.3160523076923077
0.2828824615384615
0.2288510769230769
0.16084246153846155
0.09158215384615384
0.027745846153846152
-0.03442153846153846
-0.07927384615384615
-0.10243015384615384
-0.11390399999999999
-0.11056615384615384
-0.09846646153846153
-0.07364123076923076
-0.03859384615384615
-0.0025033846153846152
0.028163076923076923
0.04839876923076923
0.05173661538461538
0.038176615384615385
0.021070153846153846
0.0022947692307692304
-0.015228923076923076
-0.03880246153846154
-0.058829538461538454
-0.06529661538461538
-0.06362769230769232
-0.058829538461538454
-0.056951999999999996
-0.04652123076923077
-0.04652123076923077
-0.04318338461538461
-0.031918153846153846
-0.028788923076923077
-0.015228923076923076
-0.013142769230769229
-0.011473846153846154
0.0029206153846153843
0.021070153846153846
0.03942830769230769
0.03921969230769231
0.026702769230769228
0.0043809230769230765
-0.02858030769230769
-0.06696553846153847
-0.10910584615384614
-0.14728246153846153
-0.1710646153846154
-0.17398523076923075
-0.14999446153846155
-0.11140061538461538
-0.07551876923076924
-0.046104
-0.030875076923076922
-0.023782153846153845
-0.015020307692307692
-0.018983999999999997
-0.03379569230769231
-0.04631261538461538
-0.04672984615384615
-0.02023569230769231
0.02315630769230769
0.07823076923076923
0.13226215384615383
0.16897846153846155
0.18879692307692306
0.19067446153846154
0.1802436923076923
0.14269292307692305
0.08010830769230769
0.006675692307692307
-0.06467076923076923
-0.11202646153846153
-0.13998092307692306
-0.14269292307692305
-0.11432123076923076
-0.05653476923076922
0.023990769230769232
0.11286092307692308
0.1873366153846154
0.23928184615384615
0.25430215384615384
0.22655630769230767
0.18232984615384615
0.1136953846153846
0.027120000000000002
-0.06613107692307692
-0.13852061538461538
-0.16501476923076921
-0.15145476923076923
-0.0974233846153846
-0.02023569230769231
0.06300184615384616
0.14123261538461537
0.206112
0.25159015384615385
0.25764
0.22467876923076924
0.16480615384615382
0.08344615384615384
0.0008344615384615384
-0.06070707692307692
-0.10263876923076923
-0.12725538461538463
-0.12391753846153845
-0.08782707692307692
-0.03045784615384615
0.027120000000000002
0.08219446153846154
0.12308307692307692
0.14457046153846154
0.14728246153846153
0.12329169230769231
0.08010830769230769
0.018358153846153843
-0.04672984615384615
-0.09596307692307693
-0.12934153846153845
-0.13643446153846153
-0.11348676923076922
-0.07885661538461539
-0.030875076923076922
0.021696
0.07051199999999999
0.11348676923076922
0.12683815384615382
0.1207883076923077
0.10117846153846152
0.07468430769230769
0.05799507692307692
0.051319384615384614
0.045060923076923075
0.037967999999999995
0.042974769230769226
0.05507446153846154
0.07697907692307693
0.100344
0.11244369230769231
0.10868861538461538
0.0892873846153846
0.06362769230769232
0.03755076923076923
0.010013538461538461
-0.018775384615384614
-0.03838523076923077
-0.04380923076923077
-0.030875076923076922
-0.008344615384615384
0.011265230769230769
0.03629907692307692
0.06487938461538462
0.09179076923076923
0.11348676923076922
0.11411261538461538
0.09304246153846155
0.05945538461538461
0.03963692307692308
0.03859384615384615
0.04631261538461538
0.059872615384615385
0.06946892307692307
0.07969107692307692
0.09241661538461539
0.10660246153846153
0.11828492307692307
0.11557292307692307
0.10055261538461538
0.0897046153846154
0.07510153846153846
0.06341907692307691
0.054657230769230764
0.03066646153846154
0.015646153846153844
-0.0016689230769230767
-0.010222153846153844
0.0008344615384615384
0.006884307692307692
0.010222153846153844
0.003129230769230769
-0.006675692307692307
-0.016480615384615385
-0.03629907692307692
-0.06446215384615385
-0.10263876923076923
-0.14540492307692307
-0.1775316923076923
-0.19693292307692306
-0.19881046153846152
-0.1913003076923077
-0.17523692307692307
-0.13747753846153846
-0.09074769230769231
-0.03504738461538461
0.013351384615384614
0.044435076923076924
0.06279323076923077
0.06800861538461538
0.061124307692307686
0.04380923076923077
0.005215384615384615
-0.04819015384615385
-0.08887015384615385
-0.11286092307692308
-0.11202646153846153
-0.09241661538461539
-0.065088
-0.022947692307692308
0.022947692307692308
0.06717415384615384
0.11223507692307692
0.1397723076923077
0.1397723076923077
0.11348676923076922
0.07426707692307692
0.028788923076923077
-0.019609846153846155
-0.06300184615384616
-0.10743692307692307
-0.1424843076923077
-0.1558356923076923
-0.143736
-0.1070196923076923
-0.06759138461538462
-0.03901107692307692
-0.008136
0.01940123076923077
0.04860738461538461
0.07551876923076924
0.07572738461538461
0.06341907692307691
0.04902461538461538
0.04172307692307692
0.035255999999999996
0.019609846153846155
-0.003963692307692307
-0.03650769230769231
-0.058412307692307694
-0.07197230769230768
-0.06821723076923077
-0.05674338461538461
-0.051319384615384614
-0.03421292307692308
-0.011473846153846154
0.015646153846153844
0.03629907692307692
0.044435076923076924
0.03024923076923077
0.006049846153846154
-0.017523692307692306
-0.03838523076923077
-0.046104
-0.06300184615384616
-0.08636676923076922
-0.10555938461538462
-0.10618523076923077
-0.10055261538461538
-0.10263876923076923
-0.12788123076923075
-0.17732307692307692
-0.24199384615384617
-0.28663753846153844
-0.22822523076923076
-0.12162276923076921
0.038176615384615385
0.22843384615384613
0.39741230769230773
0.5970572307692308
0.7359950769230769
0.8117224615384615
0.7558135384615385
0.5688941538461538
0.3517255384615385
0.09137353846153846
-0.12808984615384614
-0.3513083076923077
-0.517992
-0.6033156923076922
-0.599352
-0.4401784615384615
-0.23114584615384615
0.018983999999999997
0.25430215384615384
0.43433723076923075
0.5611753846153846
0.5720233846153846
0.4729310769230769
0.29352184615384613
0.04193169230769231
-0.24053353846153847
-0.4914978461538461
-0.6875963076923076
-0.7814732307692308
-0.7562307692307693
-0.6256375384615384
-0.40742584615384614
-0.14957723076923077
0.10514215384615383
0.3206418461538461
0.46896738461538456
0.5146541538461539
0.4850307692307692
0.39699507692307695
0.28267384615384616
0.1696043076923077
0.037967999999999995
-0.07781353846153846
-0.1597993846153846
-0.20381723076923075
-0.23239753846153846
-0.25012984615384615
-0.2480436923076923
-0.22154953846153846
-0.15500123076923078
-0.07739630769230768
0.004589538461538461
0.058829538461538454
0.08073415384615384
0.12579507692307693
0.16710092307692306
0.19505538461538463
0.20715507692307691
0.1858763076923077
0.1656406153846154
0.138312
0.08386338461538462
-0.010639384615384617
-0.13101046153846155
-0.24679199999999998
-0.34504984615384615
-0.4047138461538461
-0.4180652307692308
-0.3717526153846154
-0.25930892307692305
-0.09763200000000001
0.10263876923076923
0.31918153846153846
0.5013027692307692
0.6202135384615385
0.6421181538461538
0.5555427692307692
0.4036707692307692
0.21883753846153844
0.032544
-0.13267938461538462
-0.2697396923076923
-0.35193415384615384
-0.35005661538461535
-0.273912
-0.15520984615384617
-0.02211323076923077
0.10514215384615383
0.22572184615384616
0.33524492307692305
0.4118067692307692
0.42724430769230765
0.3846867692307692
0.2853858461538461
0.15103753846153847
0.012308307692307691
-0.12955015384615384
-0.24762646153846155
-0.3350363076923077
-0.37592492307692305
-0.3460929230769231
-0.25012984615384615
-0.10910584615384614
0.051528
0.20006215384615383
0.29727692307692305
0.3275261538461538
0.2979027692307692
0.21925476923076925
0.11202646153846153
-0.0012516923076923076
-0.10535076923076922
-0.16730953846153845
-0.19714153846153845
-0.19860184615384616
-0.16167692307692308
-0.11327815384615383
-0.05757784615384615
-0.010013538461538461
0.015020307692307692
0.014603076923076923
-0.012099692307692308
-0.05236246153846154
-0.09429415384615383
-0.12308307692307692
-0.1353913846153846
-0.13101046153846155
-0.11286092307692308
-0.08031692307692308
-0.023364923076923075
0.043600615384615383
0.10368184615384615
0.1543753846153846
0.19317784615384614
0.20798953846153845
0.1908830769230769
0.14290153846153844
0.06592246153846154
-0.018358153846153843
-0.09304246153846155
-0.14206707692307693
-0.14290153846153844
-0.11432123076923076
-0.062376
0.030875076923076922
0.14060676923076923
0.2572227692307692
0.3554806153846154
0.3972036923076923
0.39970707692307694
0.368832
0.3049956923076923
0.22530461538461538
0.11724184615384614
-0.0002086153846153846
-0.09596307692307693
-0.15833907692307692
-0.1693956923076923
-0.13893784615384613
-0.07927384615384615
-0.010848
0.05507446153846154
0.11056615384615384
0.14519630769230768
0.15562707692307692
0.13101046153846155
0.078648
0.021696
-0.025659692307692307
-0.05674338461538461
-0.06216738461538462
-0.061124307692307686
-0.04735569230769231
-0.006884307692307692
0.050067692307692306
0.12266584615384615
0.16856123076923077
0.17085599999999998
0.13914646153846155
0.07343261538461537
0.0012516923076923076
-0.06821723076923077
-0.130176
-0.17315076923076922
-0.20173107692307693
-0.19505538461538463
-0.14936861538461538
-0.08323753846153846
-0.0018775384615384615
0.06341907692307691
0.1136953846153846
0.1489513846153846
0.1502030769230769
0.124752
0.06467076923076923
-0.008970461538461538
-0.08302892307692307
-0.14540492307692307
-0.1656406153846154
-0.16251138461538459
-0.1504116923076923
-0.12329169230769231
-0.08073415384615384
-0.012099692307692308
0.06633969230769231
0.13247076923076923
0.1710646153846154
0.17023015384615386
0.14206707692307693
0.09012184615384615
0.02899753846153846
-0.04172307692307692
-0.11640738461538462
-0.1721076923076923
-0.19839323076923077
-0.17961784615384613
-0.12767261538461538
-0.06258461538461538
-0.002086153846153846
0.051319384615384614
0.09930092307692308
0.13518276923076925
0.14164984615384615
0.10806276923076923
0.052153846153846155
-0.015854769230769228
-0.07092923076923077
-0.09784061538461537
-0.10514215384615383
-0.09554584615384615
-0.07197230769230768
-0.03483876923076923
0.016897846153846156
0.06592246153846154
0.09304246153846155
0.10347323076923076
0.0961716923076923
0.0678
0.027745846153846152
-0.006884307692307692
-0.041514461538461535
-0.06926030769230769
-0.08073415384615384
-0.065088
-0.018775384615384614
0.024199384615384616
0.06362769230769232
0.09533723076923077
0.11557292307692307
0.127464
0.11891076923076922
0.08490646153846154
0.023364923076923075
-0.04109723076923077
-0.09325107692307691
-0.12725538461538463
-0.14018953846153845
-0.1395636923076923
-0.12913292307692306
-0.10263876923076923
-0.056326153846153845
-0.008344615384615384
0.030875076923076922
0.04380923076923077
0.03150092307692308
0.009596307692307692
-0.012934153846153845
-0.02044430769230769
-0.02357353846153846
-0.016897846153846156
-0.005215384615384615
0.012308307692307691
0.04631261538461538
0.07197230769230768
0.09137353846153846
0.09930092307692308
0.09137353846153846
0.07197230769230768
0.03838523076923077
0.004798153846153846
-0.028788923076923077
-0.06300184615384616
-0.08240307692307691
-0.07572738461538461
-0.04693846153846153
0.0014603076923076922
0.05507446153846154
0.103056
0.14394461538461537
0.17085599999999998
0.18128676923076922
0.17085599999999998
0.12913292307692306
0.05382276923076923
-0.034630153846153845
-0.11911938461538461
-0.19192615384615386
-0.24512307692307692
-0.2751636923076923
-0.268488
-0.21737723076923077
-0.12767261538461538
-0.021070153846153846
0.078648
0.16042523076923076
0.21195323076923075
0.23239753846153846
0.22029784615384615
0.1783661538461538
0.10743692307692307
0.018775384615384614
-0.05736923076923077
-0.12350030769230769
-0.17085599999999998
-0.18337292307692307
-0.17398523076923075
-0.13893784615384613
-0.08031692307692308
-0.010639384615384617
0.059038153846153844
0.11202646153846153
0.14916
0.16647507692307692
0.1612596923076923
0.13768615384615385
0.08615815384615384
0.017940923076923077
-0.055491692307692304
-0.12037107692307693
-0.16313723076923078
-0.18775384615384613
-0.1860849230769231
-0.16897846153846155
-0.13393107692307693
-0.07593599999999999
-0.015228923076923076
0.04631261538461538
0.08887015384615385
0.11473846153846154
0.1316363076923077
0.13747753846153846
0.13935507692307691
0.13372246153846154
0.11870215384615385
0.09262523076923077
0.07009476923076922
0.05027630769230769
0.034630153846153845
0.016480615384615385
-0.0050067692307692304
-0.017523692307692306
-0.02044430769230769
-0.011891076923076923
-0.012308307692307691
-0.022530461538461537
-0.03045784615384615
-0.035464615384615386
-0.027745846153846152
-0.018775384615384614
-0.008970461538461538
-0.004798153846153846
-0.011891076923076923
-0.0029206153846153843
0.02044430769230769
0.04380923076923077
0.052571076923076915
0.04214030769230769
0.021696
0.0002086153846153846
-0.024199384615384616
-0.05090215384615384
-0.08073415384615384
-0.11098338461538461
-0.12662953846153846
-0.12099692307692309
-0.09283384615384616
-0.055491692307692304
-0.02524246153846154
-0.0050067692307692304
0.024616615384615383
0.05590892307692308
0.084072
0.09825784615384614
0.08782707692307692
0.0609156923076923
0.01856676923076923
-0.02232184615384615
-0.06738276923076922
-0.10910584615384614
-0.14540492307692307
-0.16271999999999998
-0.14331876923076922
-0.0988836923076923
-0.034630153846153845
0.031709538461538456
0.09012184615384615
0.1368516923076923
0.16334584615384617
0.16876984615384616
0.15416676923076922
0.11098338461538461
0.05173661538461538
0.0016689230769230767
-0.03567323076923076
-0.052153846153846155
-0.05444861538461539
-0.04714707692307692
-0.02586830769230769
0.006675692307692307
0.06467076923076923
0.11181784615384616
0.14519630769230768
0.16188553846153847
0.15479261538461536
0.1502030769230769
0.13768615384615385
0.12308307692307692
0.09825784615384614
0.06279323076923077
0.040054153846153843
0.03337846153846154
0.02795446153846154
0.026285538461538457
0.017523692307692306
-0.0002086153846153846
-0.009804923076923077
-0.014185846153846153
-0.009804923076923077
-0.0043809230769230765
0.0018775384615384615
0.010222153846153844
0.01940123076923077
0.03275261538461539
0.04172307692307692
0.03650769230769231
0.027120000000000002
0.022947692307692308
0.02586830769230769
0.029623384615384614
0.03024923076923077
0.018775384615384614
-0.00855323076923077
-0.035255999999999996
-0.05799507692307692
-0.06738276923076922
-0.06300184615384616
-0.05048492307692308
-0.015854769230769228
0.03692492307692308
0.09784061538461537
0.14749107692307692
0.14853415384615384
0.12266584615384615
0.08156861538461539
0.016480615384615385
-0.0448523076923077
-0.10201292307692307
-0.16084246153846155
-0.16876984615384616
-0.14311015384615386
0.010222153846153844
0.2238443076923077
0.29832
0.412224
0.4606227692307692
0.47772923076923074
0.4816929230769231
0.3246055384615385
0.1704387692307692
-0.07635323076923077
-0.24720923076923076
-0.3369138461538461
-0.44622830769230765
-0.4456024615384615
-0.47960676923076917
-0.3782196923076923
-0.184416
-0.0043809230769230765
0.26118646153846153
0.3744646153846154
0.4449766153846154
0.49274953846153846
0.43704923076923075
0.43287692307692305
0.31626092307692305
0.17711446153846155
0.062376
-0.15896492307692306
-0.2582658461538461
-0.3087507692307692
-0.35005661538461535
-0.3131316923076923
-0.3344104615384615
-0.30019753846153846
-0.23385784615384617
-0.14060676923076923
0.040262769230769234
0.15771323076923077
0.24720923076923076
0.3068732307692308
0.3310726153846154
0.37091815384615384
0.3031181538461538
0.1637630769230769
-0.007927384615384614
-0.20527753846153846
-0.30207507692307695
-0.3734215384615384
-0.41535323076923075
-0.39324
-0.3540203076923077
-0.22676492307692306
-0.08115138461538463
0.048816000000000005
0.20360861538461536
0.3031181538461538
0.38990215384615384
0.4758516923076923
0.4914978461538461
0.4453938461538462
0.30937661538461536
0.13497415384615385
-0.056326153846153845
-0.24574892307692306
-0.37425600000000003
-0.4685501538461538
-0.4781464615384615
-0.43976123076923074
-0.35986153846153845
-0.16897846153846155
0.026285538461538457
0.2140393846153846
0.36319938461538465
0.42328061538461537
0.46083138461538464
0.42787015384615384
0.3565236923076923
0.25430215384615384
0.07969107692307692
-0.07697907692307693
-0.208824
-0.3079163076923077
-0.3609046153846154
-0.3982467692307692
-0.37050092307692306
-0.27787569230769227
-0.143736
0.014603076923076923
0.14686523076923075
0.2853858461538461
0.3988726153846154
0.4472713846153846
0.469176
0.4193169230769231
0.32606584615384615
0.2238443076923077
0.08991323076923076
-0.0077187692307692304
-0.08907876923076924
-0.15646153846153846
-0.19192615384615386
-0.22843384615384613
-0.21925476923076925
-0.17565415384615385
-0.11891076923076922
-0.05590892307692308
-0.010013538461538461
0.041514461538461535
0.06988615384615385
0.09283384615384616
0.12621230769230768
0.12704676923076924
0.11327815384615383
0.06404492307692307
-0.007510153846153846
-0.06696553846153847
-0.14457046153846154
-0.20924123076923076
-0.26139507692307695
-0.314592
-0.32585723076923073
-0.2999889230769231
-0.2436627692307692
-0.17294215384615383
-0.09992676923076924
0.006049846153846154
0.13372246153846154
0.24992123076923078
0.33378461538461535
0.36299076923076923
0.3346190769230769
0.26911384615384615
0.17085599999999998
0.055491692307692304
-0.07259815384615384
-0.19672430769230767
-0.292896
-0.3600701538461538
-0.3675803076923077
-0.33482769230769227
-0.25951753846153847
-0.13518276923076925
-0.013768615384615384
0.10493353846153847
0.21216184615384615
0.29352184615384613
0.34880492307692307
0.347136
0.295608
0.22154953846153846
0.127464
0.03337846153846154
-0.0446436923076923
-0.10806276923076923
-0.14018953846153845
-0.13935507692307691
-0.1028473846153846
-0.05611753846153846
-0.01940123076923077
0.01668923076923077
0.02795446153846154
0.028788923076923077
0.021278769230769233
0.0033378461538461535
-0.0050067692307692304
-0.013560000000000001
-0.0016689230769230767
0.024199384615384616
0.04109723076923077
0.06467076923076923
0.0853236923076923
0.092208
0.08469784615384615
0.061124307692307686
0.028163076923076923
-0.019192615384615384
-0.07697907692307693
-0.13914646153846155
-0.20798953846153845
-0.2730775384615384
-0.31542646153846154
-0.3158436923076923
-0.26368984615384616
-0.17461107692307692
-0.06571384615384615
0.059872615384615385
0.17961784615384613
0.2774584615384615
0.3327415384615385
0.33649661538461534
0.2970683076923077
0.2021483076923077
0.08490646153846154
-0.04047138461538462
-0.15228923076923076
-0.22280123076923075
-0.2618123076923077
-0.2532590769230769
-0.21925476923076925
-0.15166338461538462
-0.049233230769230765
0.05716061538461538
0.16313723076923078
0.23969907692307693
0.28246523076923075
0.290184
0.25930892307692305
0.19964492307692308
0.1028473846153846
-0.016063384615384615
-0.12579507692307693
-0.2157083076923077
-0.27286892307692306
-0.3049956923076923
-0.3114627692307692
-0.27474646153846155
-0.20944984615384615
-0.11682461538461539
-0.017315076923076923
0.06717415384615384
0.14123261538461537
0.19672430769230767
0.2399076923076923
0.26348123076923075
0.2559710769230769
0.22008923076923076
0.157296
0.08761846153846153
0.019609846153846155
-0.04631261538461538
-0.10138707692307691
-0.14477907692307693
-0.17732307692307692
-0.18858830769230767
-0.1777403076923077
-0.13643446153846153
-0.06383630769230769
0.018775384615384614
0.11035753846153845
0.18983999999999998
0.24887815384615386
0.2937304615384615
0.30019753846153846
0.2680707692307692
0.200688
0.10785415384615385
0.017523692307692306
-0.07614461538461538
-0.1612596923076923
-0.2138307692307692
-0.238656
-0.22572184615384616
-0.18358153846153846
-0.12537784615384615
-0.06008123076923077
-0.0014603076923076922
0.06049846153846154
0.11327815384615383
0.1504116923076923
0.16730953846153845
0.1612596923076923
0.1424843076923077
0.10952307692307692
0.07405846153846153
0.03775938461538462
0.0022947692307692304
-0.030040615384615384
-0.054240000000000003
-0.06362769230769232
-0.053614153846153846
-0.03212676923076923
-0.0070929230769230765
0.020652923076923076
0.04088861538461538
0.05924676923076923
0.07343261538461537
0.07364123076923076
0.06300184615384616
0.03984553846153846
0.010639384615384617
-0.009804923076923077
-0.02211323076923077
-0.02044430769230769
-0.01272553846153846
-0.006675692307692307
0.0029206153846153843
0.011682461538461537
0.026285538461538457
0.03442153846153846
0.03713353846153846
0.03629907692307692
0.032544
0.04401784615384615
0.048816000000000005
0.04819015384615385
0.04985907692307692
0.05069353846153846
0.05945538461538461
0.06946892307692307
0.07927384615384615
0.07781353846153846
0.06279323076923077
0.03755076923076923
0.012308307692307691
-0.010013538461538461
-0.026285538461538457
-0.029832
-0.032544
-0.028163076923076923
-0.027328615384615382
-0.027120000000000002
-0.024408000000000003
-0.03296123076923077
-0.0448523076923077
-0.05736923076923077
-0.06154153846153846
-0.05507446153846154
-0.04380923076923077
-0.030040615384615384
-0.015228923076923076
-0.0012516923076923076
0.0025033846153846152
-0.006049846153846154
-0.01981846153846154
-0.03755076923076923
-0.058412307692307694
-0.06842584615384616
-0.07572738461538461
-0.07802215384615384
-0.06633969230769231
-0.04819015384615385
-0.015854769230769228
0.020027076923076922
0.05674338461538461
0.08323753846153846
0.10263876923076923
0.12350030769230769
0.132888
0.13998092307692306
0.13476553846153844
0.11724184615384614
0.09429415384615383
0.06446215384615385
0.03629907692307692
0.016063384615384615
-0.008136
-0.027328615384615382
-0.037342153846153844
-0.042974769230769226
-0.03275261538461539
-0.02232184615384615
0.0006258461538461538
0.02524246153846154
0.031918153846153846
0.04047138461538462
0.04088861538461538
0.03400430769230769
0.02086153846153846
0.0014603076923076922
-0.004589538461538461
0.005424
0.03671630769230769
0.08031692307692308
0.12204
0.16251138461538459
0.18212123076923076
0.1913003076923077
0.1927606153846154
0.1656406153846154
0.11599015384615384
0.04714707692307692
-0.015020307692307692
-0.06300184615384616
-0.10722830769230769
-0.138312
-0.15604430769230768
-0.14665661538461539
-0.10243015384615384
-0.043392
0.029832
0.09325107692307691
0.13372246153846154
0.17502830769230768
0.1992276923076923
0.20819815384615384
0.19693292307692306
0.15896492307692306
0.10889723076923077
0.046104
-0.007927384615384614
-0.0446436923076923
-0.07489292307692308
-0.09325107692307691
-0.09658892307692307
-0.07426707692307692
-0.021904615384615383
0.04547815384615384
0.1207883076923077
0.18399876923076922
0.23052
0.27182584615384614
0.2947735384615384
0.29331323076923077
0.26348123076923075
0.20360861538461536
0.12725538461538463
0.04944184615384615
-0.005841230769230769
-0.04568676923076923
-0.09784061538461537
-0.1462393846153846
-0.1760713846153846
-0.1733593846153846
-0.14665661538461539
-0.11828492307692307
-0.07134646153846153
-0.018983999999999997
0.03755076923076923
0.10889723076923077
0.17231630769230769
0.21925476923076925
0.22634769230769228
0.20673784615384616
0.17711446153846155
0.11870215384615385
0.04568676923076923
-0.04631261538461538
-0.1424843076923077
-0.21341353846153846
-0.25805723076923076
-0.2734947692307692
-0.2578486153846154
-0.214248
-0.14206707692307693
-0.051319384615384614
0.04547815384615384
0.14164984615384615
0.21049292307692305
0.24679199999999998
0.24428861538461538
0.20944984615384615
0.15416676923076922
0.06487938461538462
-0.03775938461538462
-0.14060676923076923
-0.2422024615384615
-0.32231076923076923
-0.3609046153846154
-0.36549415384615386
-0.3548547692307692
-0.3412947692307692
-0.314592
-0.2582658461538461
-0.17586276923076924
-0.07969107692307692
-0.0033378461538461535
0.07259815384615384
0.12850707692307692
0.19296923076923078
0.23803015384615384
0.3016578461538461
0.37613353846153846
0.2482523076923077
0.14811692307692306
0.03483876923076923
-0.08615815384615384
-0.11599015384615384
-0.2828824615384615
-0.3805144615384615
-0.4781464615384615
-0.46938461538461534
-0.29414769230769233
-0.19818461538461538
-0.041514461538461535
0.03755076923076923
0.16730953846153845
0.3659113846153846
0.44810584615384613
0.5371846153846154
0.41910830769230767
0.22843384615384613
0.0828203076923077
-0.12788123076923075
-0.2157083076923077
-0.3383741538461538
-0.4262012307692308
-0.36945784615384614
-0.3669544615384615
-0.2209236923076923
-0.03379569230769231
0.09158215384615384
0.2695310769230769
0.3216849230769231
0.3611132307692308
0.36904061538461536
0.30186646153846153
0.2993630769230769
0.22154953846153846
0.11411261538461538
0.018775384615384614
-0.07635323076923077
-0.07489292307692308
-0.10910584615384614
-0.15354092307692307
-0.16084246153846155
-0.1804523076923077
-0.09909230769230769
-0.014185846153846153
0.04318338461538461
0.11953661538461538
0.1397723076923077
0.18775384615384613
0.2330233846153846
0.21174461538461536
0.20548615384615385
0.1570873846153846
0.10660246153846153
0.09846646153846153
0.04631261538461538
0.0043809230769230765
-0.06195876923076923
-0.12808984615384614
-0.15291507692307693
-0.1881710769230769
-0.17982646153846152
-0.15124615384615384
-0.08386338461538462
-0.0014603076923076922
0.04318338461538461
0.130176
0.1869193846153846
0.2073636923076923
0.2238443076923077
0.1696043076923077
0.1178676923076923
0.04902461538461538
-0.02795446153846154
-0.0609156923076923
-0.11870215384615385
-0.14477907692307693
-0.138312
-0.13226215384615383
-0.09283384615384616
-0.06863446153846153
-0.026285538461538457
0.03859384615384615
0.07677046153846154
0.09304246153846155
0.06404492307692307
0.04568676923076923
0.04172307692307692
0.0033378461538461535
-0.03609046153846154
-0.09241661538461539
-0.1316363076923077
-0.11703323076923078
-0.11098338461538461
-0.07426707692307692
-0.02023569230769231
0.008970461538461538
0.05444861538461539
0.061750153846153844
0.0448523076923077
0.021904615384615383
-0.026076923076923077
-0.06341907692307691
-0.10263876923076923
-0.12245723076923076
-0.1356
-0.14060676923076923
-0.10889723076923077
-0.07343261538461537
-0.027328615384615382
0.0008344615384615384
0.004798153846153846
0.021278769230769233
0.010848
-0.005632615384615384
-0.012308307692307691
-0.059038153846153844
-0.09658892307692307
-0.11432123076923076
-0.12516923076923075
-0.10681107692307691
-0.09533723076923077
-0.07072061538461538
-0.021904615384615383
0.017315076923076923
0.050067692307692306
0.05507446153846154
0.041514461538461535
0.03066646153846154
0.008136
0.0008344615384615384
0.0016689230769230767
0.008344615384615384
0.02232184615384615
0.015854769230769228
0.02524246153846154
0.03880246153846154
0.05778646153846154
0.10201292307692307
0.11411261538461538
0.11745046153846153
0.12391753846153845
0.1314276923076923
0.17440246153846153
0.19526400000000002
0.18712800000000002
0.17690584615384616
0.15500123076923078
0.15562707692307692
0.1614683076923077
0.15249784615384615
0.1314276923076923
0.08740984615384616
0.054240000000000003
0.03150092307692308
0.014394461538461538
-0.008761846153846153
-0.05528307692307692
-0.08866153846153846
-0.10618523076923077
-0.09095630769230768
-0.04860738461538461
-0.010848
0.03984553846153846
0.0771876923076923
0.10743692307692307
0.15959076923076923
0.1990190769230769
0.21696000000000001
0.19359507692307693
0.14311015384615386
0.10889723076923077
0.07343261538461537
0.03483876923076923
-0.01397723076923077
-0.07030338461538461
-0.10159569230769232
-0.11035753846153845
-0.07593599999999999
-0.022947692307692308
0.008136
0.03504738461538461
0.054240000000000003
0.09053907692307692
0.13121907692307694
0.13622584615384614
0.12558646153846154
0.09283384615384616
0.054657230769230764
0.03233538461538461
0.003755076923076923
-0.02524246153846154
-0.058829538461538454
-0.09199938461538461
-0.10514215384615383
-0.10743692307692307
-0.09658892307692307
-0.08615815384615384
-0.08073415384615384
-0.054240000000000003
-0.012308307692307691
0.051319384615384614
0.10722830769230769
0.12120553846153845
0.11599015384615384
0.0934596923076923
0.0717636923076923
0.04318338461538461
0.0018775384615384615
-0.03337846153846154
-0.08699261538461538
-0.13914646153846155
-0.165432
-0.1637630769230769
-0.1424843076923077
-0.11974523076923077
-0.09033046153846153
-0.04672984615384615
0.01668923076923077
0.07343261538461537
0.10952307692307692
0.12975876923076923
0.12099692307692309
0.10159569230769232
0.08094276923076923
0.05736923076923077
0.03567323076923076
0.0035464615384615383
-0.02899753846153846
-0.04631261538461538
-0.054240000000000003
-0.05507446153846154
-0.058412307692307694
-0.06863446153846153
-0.06341907692307691
-0.04276615384615385
-0.015437538461538461
0.02357353846153846
0.07531015384615385
0.13518276923076925
0.18191261538461537
0.2140393846153846
0.2238443076923077
0.1994363076923077
0.14457046153846154
0.07384984615384615
0.013560000000000001
-0.04109723076923077
-0.08636676923076922
-0.11745046153846153
-0.12662953846153846
-0.11745046153846153
-0.08615815384615384
-0.02858030769230769
0.029414769230769227
0.08720123076923077
0.12329169230769231
0.1476996923076923
0.16751815384615384
0.16647507692307692
0.146448
0.09199938461538461
0.027328615384615382
-0.022947692307692308
-0.06738276923076922
-0.08887015384615385
-0.09471138461538461
-0.09450276923076922
-0.07510153846153846
-0.0446436923076923
0.0012516923076923076
0.0448523076923077
0.06571384615384615
0.07760492307692309
0.08615815384615384
0.08448923076923077
0.07030338461538461
0.04819015384615385
0.025033846153846153
-0.001043076923076923
-0.018983999999999997
-0.021904615384615383
-0.02023569230769231
-0.011265230769230769
0.0
0.02899753846153846
0.06696553846153847
0.08907876923076924
0.10493353846153847
0.10430769230769231
0.09575446153846154
0.07843938461538462
0.04652123076923077
0.017940923076923077
-0.009387692307692307
-0.03504738461538461
-0.06258461538461538
-0.0853236923076923
-0.10263876923076923
-0.10931446153846153
-0.10639384615384614
-0.09658892307692307
-0.06633969230769231
-0.02044430769230769
0.037342153846153844
0.09658892307692307
0.13998092307692306
0.1585476923076923
0.14811692307692306
0.11202646153846153
0.05173661538461538
-0.03567323076923076
-0.13455692307692307
-0.22154953846153846
-0.2730775384615384
-0.2858030769230769
-0.2695310769230769
-0.21362215384615382
-0.12767261538461538
-0.012308307692307691
0.11724184615384614
0.22572184615384616
0.30186646153846153
0.32272799999999996
0.29498215384615384
0.23114584615384615
0.12996738461538462
0.0029206153846153843
-0.1368516923076923
-0.26765353846153844
-0.3554806153846154
-0.3955347692307692
-0.3811403076923077
-0.30019753846153846
-0.18274707692307693
-0.03296123076923077
0.1218313846153846
0.2670276923076923
0.38656430769230765
0.4443507692307692
0.4483144615384615
0.3909452307692307
0.2872633846153846
0.15813046153846153
0.017523692307692306
-0.11619876923076923
-0.22947692307692308
-0.30290953846153845
-0.3141747692307692
-0.26932246153846157
-0.18525046153846153
-0.07426707692307692
0.04088861538461538
0.1570873846153846
0.25513661538461535
0.31751261538461534
0.336288
0.29644246153846154
0.2154996923076923
0.11765907692307691
0.017523692307692306
-0.07572738461538461
-0.16167692307692308
-0.23531815384615382
-0.2864289230769231
-0.30019753846153846
-0.2855944615384615
-0.24491446153846153
-0.1927606153846154
-0.14957723076923077
-0.09596307692307693
-0.03671630769230769
0.030875076923076922
0.100344
0.15145476923076923
0.19046584615384615
0.20632061538461538
0.20027076923076922
0.1777403076923077
0.12955015384615384
0.05090215384615384
-0.052571076923076915
-0.15541846153846153
-0.23364923076923078
-0.28392553846153845
-0.29832
-0.2805876923076923
-0.22634769230769228
-0.12558646153846154
0.004798153846153846
0.15416676923076922
0.2726603076923077
0.3387913846153846
0.3600701538461538
0.33023815384615385
0.2670276923076923
0.15208061538461537
0.0043809230769230765
-0.14206707692307693
-0.2776670769230769
-0.3698750769230769
-0.4214030769230769
-0.43642338461538455
-0.412224
-0.3517255384615385
-0.24720923076923076
-0.10806276923076923
0.04276615384615385
0.1710646153846154
0.24679199999999998
0.2730775384615384
0.26535876923076923
0.22029784615384615
0.15103753846153847
0.06028984615384615
-0.034630153846153845
-0.10743692307692307
-0.14749107692307692
-0.13601723076923075
-0.08720123076923077
-0.021904615384615383
0.04819015384615385
0.11807630769230769
0.18358153846153846
0.2399076923076923
0.260352
0.2261390769230769
0.16334584615384617
0.10117846153846152
0.052153846153846155
0.024199384615384616
0.006884307692307692
-0.01043076923076923
-0.023990769230769232
-0.02023569230769231
0.0016689230769230767
0.03129230769230769
0.04944184615384615
0.03880246153846154
0.02211323076923077
-0.0006258461538461538
-0.01814953846153846
-0.04819015384615385
-0.10222153846153846
-0.1693956923076923
-0.23761292307692305
-0.2805876923076923
-0.2701569230769231
-0.15875630769230767
-0.0077187692307692304
0.1942209230769231
0.40930338461538457
0.6039415384615384
0.8015003076923076
0.9062252307692307
0.9218713846153845
0.7919039999999999
0.5572116923076923
0.2764153846153846
-0.0022947692307692304
-0.249504
-0.509856
-0.6502541538461538
-0.7021993846153846
-0.6147895384615384
-0.39365723076923076
-0.1558356923076923
0.12204
0.3479704615384615
0.539688
0.647124923076923
0.6099913846153846
0.46312615384615385
0.21028430769230766
-0.059872615384615385
-0.3344104615384615
-0.5590892307692308
-0.6800861538461539
-0.7101267692307692
-0.6035243076923077
-0.4078430769230769
-0.16772676923076923
0.09074769230769231
0.28663753846153844
0.42953907692307686
0.4812756923076923
0.4182738461538461
0.3198073846153846
0.17398523076923075
0.04318338461538461
-0.044435076923076924
-0.119328
-0.14540492307692307
-0.15124615384615384
-0.13747753846153846
-0.10910584615384614
-0.10096984615384616
-0.10555938461538462
-0.11953661538461538
-0.12391753846153845
-0.13184492307692308
-0.17085599999999998
-0.20131384615384615
-0.22154953846153846
-0.21299630769230768
-0.1712732307692308
-0.12913292307692306
-0.05570030769230769
0.03609046153846154
0.13747753846153846
0.24282830769230768
0.2868461538461538
0.2601433846153846
0.18545907692307692
0.059664
-0.078648
-0.2127876923076923
-0.3312812307692308
-0.3819747692307692
-0.35318584615384613
-0.24074215384615386
-0.06592246153846154
0.12016246153846154
0.2966510769230769
0.44393353846153844
0.5392707692307692
0.5563772307692307
0.4929581538461539
0.3836436923076923
0.23531815384615382
0.07802215384615384
-0.059664
-0.1597993846153846
-0.19672430769230767
-0.20027076923076922
-0.1779489230769231
-0.11473846153846154
-0.02023569230769231
0.0988836923076923
0.2125790769230769
0.2795446153846154
0.2966510769230769
0.2701569230769231
0.21883753846153844
0.15291507692307693
0.07218092307692307
-0.017315076923076923
-0.09596307692307693
-0.12266584615384615
-0.09658892307692307
-0.02795446153846154
0.07009476923076922
0.1637630769230769
0.25117292307692307
0.3214763076923077
0.3442153846153846
0.3193901538461538
0.24303692307692307
0.13330523076923076
0.02795446153846154
-0.07072061538461538
-0.13726892307692307
-0.17273353846153844
-0.18316430769230768
-0.1504116923076923
-0.09262523076923077
-0.011265230769230769
0.05799507692307692
0.10180430769230768
0.11828492307692307
0.0828203076923077
0.019609846153846155
-0.08115138461538463
-0.18775384615384613
-0.28246523076923075
-0.3675803076923077
-0.40200184615384615
-0.3944916923076923
-0.34776184615384614
-0.2568055384615385
-0.13935507692307691
-0.014185846153846153
0.10013538461538461
0.1846246153846154
0.23782153846153845
0.24074215384615386
0.18232984615384615
0.0853236923076923
-0.029206153846153847
-0.12767261538461538
-0.20673784615384616
-0.25513661538461535
-0.26306399999999996
-0.233232
-0.15228923076923076
-0.045060923076923075
0.06425353846153846
0.16209415384615386
0.22488738461538463
0.260352
0.27140861538461536
0.2374043076923077
0.16501476923076921
0.06592246153846154
-0.026285538461538457
-0.08949599999999999
-0.1341396923076923
-0.15416676923076922
-0.14686523076923075
-0.11807630769230769
-0.06988615384615385
-0.00855323076923077
0.04860738461538461
0.08511507692307693
0.09554584615384615
0.078648
0.03859384615384615
0.004172307692307692
-0.020652923076923076
-0.034630153846153845
-0.02899753846153846
-0.026285538461538457
-0.0077187692307692304
0.035464615384615386
0.09596307692307693
0.17481969230769231
0.23052
0.2574313846153846
0.2641070769230769
0.24762646153846155
0.20506892307692307
0.12934153846153845
0.033169846153846154
-0.07134646153846153
-0.15333230769230768
-0.20444307692307692
-0.22947692307692308
-0.22175815384615383
-0.19839323076923077
-0.15395815384615386
-0.0853236923076923
-0.020652923076923076
0.03379569230769231
0.06487938461538462
0.07364123076923076
0.0744756923076923
0.058829538461538454
0.032544
0.0035464615384615383
-0.03066646153846154
-0.06154153846153846
-0.07843938461538462
-0.08156861538461539
-0.07030338461538461
-0.05090215384615384
-0.030040615384615384
-0.013768615384615384
-0.004798153846153846
0.0
-0.003963692307692307
-0.014185846153846153
-0.03859384615384615
-0.06696553846153847
-0.07593599999999999
-0.06759138461538462
-0.03588184615384615
0.0035464615384615383
0.03692492307692308
0.06216738461538462
0.0678
0.06028984615384615
0.02858030769230769
-0.032544
-0.11140061538461538
-0.19317784615384614
-0.2586830769230769
-0.28955815384615385
-0.28809784615384615
-0.2482523076923077
-0.16751815384615384
-0.059038153846153844
0.07134646153846153
0.18963138461538462
0.28121353846153846
0.3346190769230769
0.3410861538461538
0.3062473846153846
0.2194633846153846
0.0988836923076923
-0.03233538461538461
-0.1570873846153846
-0.2422024615384615
-0.2849686153846154
-0.28163076923076924
-0.23072861538461537
-0.14853415384615384
-0.028788923076923077
0.10827138461538462
0.2411593846153846
0.35798399999999997
0.43287692307692305
0.45978830769230766
0.4309993846153846
0.355272
0.252216
0.12245723076923076
-0.013560000000000001
-0.1435273846153846
-0.2438713846153846
-0.2997803076923077
-0.31918153846153846
-0.2906012307692308
-0.23907323076923076
-0.1779489230769231
-0.0963803076923077
-0.012934153846153845
0.06154153846153846
0.1136953846153846
0.14144123076923076
0.16063384615384615
0.1704387692307692
0.17252492307692308
0.16209415384615386
0.13476553846153844
0.09700615384615385
0.05319692307692307
0.013142769230769229
-0.020652923076923076
-0.059664
-0.09554584615384615
-0.11411261538461538
-0.11390399999999999
-0.08115138461538463
-0.03442153846153846
0.018775384615384614
0.07364123076923076
0.11807630769230769
0.15187199999999998
0.16042523076923076
0.1435273846153846
0.10597661538461538
0.05173661538461538
-0.0070929230769230765
-0.055491692307692304
-0.0855323076923077
-0.09846646153846153
-0.09784061538461537
-0.08094276923076923
-0.05090215384615384
-0.005632615384615384
0.05319692307692307
0.09554584615384615
0.11953661538461538
0.12162276923076921
0.10806276923076923
0.0934596923076923
0.07426707692307692
0.05277969230769231
0.021696
0.0016689230769230767
0.0022947692307692304
0.015437538461538461
0.041514461538461535
0.0717636923076923
0.10889723076923077
0.1476996923076923
0.18086953846153844
0.2056947692307692
0.21591692307692306
0.18545907692307692
0.11411261538461538
0.03775938461538462
-0.03296123076923077
-0.09658892307692307
-0.15959076923076923
-0.2073636923076923
-0.2221753846153846
-0.21132738461538458
-0.15813046153846153
-0.07051199999999999
0.027328615384615382
0.11473846153846154
0.17377661538461536
0.20965846153846154
0.21758584615384616
0.18921415384615384
0.13184492307692308
0.055491692307692304
-0.02273907692307692
-0.07948246153846153
-0.11703323076923078
-0.12662953846153846
-0.09930092307692308
-0.04735569230769231
0.023782153846153845
0.10660246153846153
0.19672430769230767
0.2722430769230769
0.32335384615384616
0.3425464615384616
0.3252313846153846
0.2914356923076923
0.22551323076923077
0.143736
0.05611753846153846
-0.03609046153846154
-0.11724184615384614
-0.1846246153846154
-0.22655630769230767
-0.2509643076923077
-0.24908676923076922
-0.214248
-0.14686523076923075
-0.059038153846153844
0.027328615384615382
0.1045163076923077
0.15959076923076923
0.20131384615384615
0.21487384615384614
0.1923433846153846
0.14436184615384615
0.06425353846153846
-0.02899753846153846
-0.11640738461538462
-0.17544553846153846
-0.19839323076923077
-0.1942209230769231
-0.15750461538461538
-0.10159569230769232
-0.033169846153846154
0.042348923076923076
0.10681107692307691
0.15792184615384616
0.19171753846153847
0.20632061538461538
0.19609846153846153
0.16209415384615386
0.11098338461538461
0.03775938461538462
-0.04401784615384615
-0.12120553846153845
-0.17565415384615385
-0.19881046153846152
-0.20423446153846153
-0.18274707692307693
-0.12767261538461538
-0.04860738461538461
0.04526953846153846
0.12621230769230768
0.1779489230769231
0.19651569230769228
0.1869193846153846
0.1543753846153846
0.09137353846153846
0.0004172307692307692
-0.10931446153846153
-0.20131384615384615
-0.26348123076923075
-0.28955815384615385
-0.27975323076923075
-0.24345415384615382
-0.17273353846153844
-0.08010830769230769
0.027328615384615382
0.12913292307692306
0.21111876923076925
0.26452430769230767
0.273912
0.24616615384615384
0.1867107692307692
0.10076123076923077
0.0004172307692307692
-0.10263876923076923
-0.184416
-0.2330233846153846
-0.24554030769230767
-0.21591692307692306
-0.15646153846153846
-0.08219446153846154
0.009596307692307692
0.10827138461538462
0.20298276923076922
0.27182584615384614
0.2947735384615384
0.27850153846153847
0.21716861538461538
0.12725538461538463
0.01981846153846154
-0.0936683076923077
-0.1908830769230769
-0.26368984615384616
-0.29602523076923076
-0.2828824615384615
-0.22947692307692308
-0.143736
-0.042974769230769226
0.06633969230769231
0.1787833846153846
0.2689052307692308
0.3243969230769231
0.32543999999999995
0.2776670769230769
0.19359507692307693
0.084072
-0.04172307692307692
-0.1704387692307692
-0.27975323076923075
-0.3815575384615385
-0.43433723076923075
-0.4276615384615384
-0.3686233846153846
-0.25972615384615383
-0.12579507692307693
0.015646153846153844
0.1704387692307692
0.30290953846153845
0.47084492307692305
0.6043587692307693
0.5031803076923077
0.3684147692307692
0.18712800000000002
-0.0029206153846153843
-0.06300184615384616
-0.2837169230769231
-0.5269624615384615
-0.6944806153846154
-0.7608203076923077
-0.5653476923076923
-0.3727956923076923
-0.16042523076923076
-0.0014603076923076922
0.15792184615384616
0.45895384615384616
0.6427439999999999
0.7762578461538461
0.6777913846153846
0.4253667692307692
0.25513661538461535
-0.016897846153846156
-0.1785747692307692
-0.36027876923076924
-0.5764043076923077
-0.5872523076923076
-0.6417009230769231
-0.5154886153846154
-0.27599815384615384
-0.12996738461538462
0.14039815384615384
0.2768326153846154
0.35256
0.47376553846153846
0.4716793846153846
0.5127766153846154
0.43704923076923075
0.24178523076923078
0.07739630769230768
-0.11578153846153846
-0.18316430769230768
-0.2503384615384615
-0.35464615384615383
-0.3880246153846154
-0.40346215384615386
-0.26640184615384616
-0.0853236923076923
0.028788923076923077
0.1597993846153846
0.2075723076923077
0.2870547692307692
0.40095876923076923
0.3938658461538461
0.38677292307692307
0.3131316923076923
0.21362215384615382
0.1883796923076923
0.103056
0.011265230769230769
-0.08866153846153846
-0.21174461538461536
-0.26619323076923074
-0.30186646153846153
-0.29602523076923076
-0.24303692307692307
-0.15792184615384616
-0.03942830769230769
0.054240000000000003
0.19025723076923076
0.2997803076923077
0.34984799999999994
0.3942830769230769
0.32627446153846157
0.23928184615384615
0.15750461538461538
0.024199384615384616
-0.07384984615384615
-0.19463815384615382
-0.2764153846153846
-0.27975323076923075
-0.28121353846153846
-0.2292683076923077
-0.1777403076923077
-0.09658892307692307
0.059664
0.19004861538461537
0.2845513846153846
0.30290953846153845
0.279336
0.260352
0.1860849230769231
0.09429415384615383
-0.050067692307692306
-0.2056947692307692
-0.26640184615384616
-0.29685969230769227
-0.2647329230769231
-0.1775316923076923
-0.11432123076923076
-0.006467076923076923
0.09846646153846153
0.17544553846153846
0.26452430769230767
0.2782929230769231
0.2478350769230769
0.19004861538461537
0.09429415384615383
0.014603076923076923
-0.06341907692307691
-0.11181784615384616
-0.14290153846153844
-0.154584
-0.12996738461538462
-0.11140061538461538
-0.04172307692307692
0.03650769230769231
0.08594953846153845
0.13372246153846154
0.12245723076923076
0.11411261538461538
0.11536430769230768
0.07635323076923077
0.03275261538461539
-0.03650769230769231
-0.09471138461538461
-0.09325107692307691
-0.08782707692307692
-0.08115138461538463
-0.08219446153846154
-0.09179076923076923
-0.06425353846153846
-0.032544
-0.0006258461538461538
0.011265230769230769
-0.005841230769230769
-0.0070929230769230765
-0.018775384615384614
-0.010639384615384617
0.001043076923076923
0.0014603076923076922
0.04047138461538462
0.05611753846153846
0.06738276923076922
0.09533723076923077
0.09241661538461539
0.11724184615384614
0.12537784615384615
0.08115138461538463
0.04047138461538462
-0.005632615384615384
-0.022530461538461537
-0.012308307692307691
-0.008136
0.005841230769230769
0.027745846153846152
0.06884307692307692
0.12099692307692309
0.15333230769230768
0.16876984615384616
0.14916
0.10785415384615385
0.056951999999999996
-0.009596307692307692
-0.05757784615384615
-0.1097316923076923
-0.15166338461538462
-0.1712732307692308
-0.19004861538461537
-0.1704387692307692
-0.11953661538461538
-0.05027630769230769
0.02357353846153846
0.07426707692307692
0.11870215384615385
0.15687876923076924
0.1775316923076923
0.15959076923076923
0.09992676923076924
0.03066646153846154
-0.03588184615384615
-0.073224
-0.08428061538461538
-0.09846646153846153
-0.1028473846153846
-0.08594953846153845
-0.040054153846153843
0.03421292307692308
0.08469784615384615
0.11411261538461538
0.13476553846153844
0.13706030769230768
0.14686523076923075
0.14394461538461537
0.11807630769230769
0.08490646153846154
0.03692492307692308
-0.005841230769230769
-0.03108369230769231
-0.04672984615384615
-0.04860738461538461
-0.05277969230769231
-0.055491692307692304
-0.05069353846153846
-0.03337846153846154
-0.016063384615384615
-0.015854769230769228
-0.018358153846153843
-0.037342153846153844
-0.05653476923076922
-0.05048492307692308
-0.035464615384615386
-0.006675692307692307
0.019609846153846155
0.029414769230769227
0.04902461538461538
0.08469784615384615
0.11745046153846153
0.12850707692307692
0.09450276923076922
0.03838523076923077
-0.009387692307692307
-0.05757784615384615
-0.08511507692307693
-0.10660246153846153
-0.12266584615384615
-0.11745046153846153
-0.08636676923076922
-0.018983999999999997
0.04672984615384615
0.09992676923076924
0.14144123076923076
0.15208061538461537
0.15166338461538462
0.13455692307692307
0.08740984615384616
0.03337846153846154
-0.040054153846153843
-0.10848000000000001
-0.14728246153846153
-0.16063384615384615
-0.13226215384615383
-0.08615815384615384
-0.014185846153846153
0.08365476923076923
0.1829556923076923
0.28246523076923075
0.3490135384615385
0.3707095384615384
0.34651015384615386
0.2799618461538461
0.19046584615384615
0.0744756923076923
-0.053614153846153846
-0.17586276923076924
-0.2628553846153846
-0.28768061538461537
-0.2641070769230769
-0.192552
-0.08824430769230769
0.029414769230769227
0.15500123076923078
0.26640184615384616
0.33315876923076926
0.33295015384615384
0.27140861538461536
0.1639716923076923
0.03609046153846154
-0.08907876923076924
-0.19359507692307693
-0.27140861538461536
-0.32272799999999996
-0.32898646153846156
-0.28350830769230767
-0.19025723076923076
-0.07739630769230768
0.03024923076923077
0.13393107692307693
0.21737723076923077
0.276624
0.30666461538461537
0.2970683076923077
0.25117292307692307
0.1691870769230769
0.07551876923076924
-0.010013538461538461
-0.08386338461538462
-0.13309661538461537
-0.15750461538461538
-0.14957723076923077
-0.1028473846153846
-0.03588184615384615
0.043600615384615383
0.11348676923076922
0.15875630769230767
0.18128676923076922
0.17586276923076924
0.16167692307692308
0.12642092307692307
0.07384984615384615
0.008136
-0.06988615384615385
-0.1218313846153846
-0.15896492307692306
-0.1846246153846154
-0.19651569230769228
-0.20277415384615383
-0.19526400000000002
-0.17231630769230769
-0.14144123076923076
-0.116616
-0.10347323076923076
-0.0961716923076923
-0.07885661538461539
-0.04735569230769231
-0.008344615384615384
0.028163076923076923
0.059664
0.08302892307692307
0.10159569230769232
0.11724184615384614
0.09325107692307691
0.041514461538461535
-0.021904615384615383
-0.09450276923076922
-0.14123261538461537
-0.17169046153846151
-0.18545907692307692
-0.1792006153846154
-0.154584
-0.09387692307692307
-0.010639384615384617
0.07614461538461538
0.15103753846153847
0.1992276923076923
0.21862892307692305
0.21821169230769227
0.20173107692307693
0.15604430769230768
0.07969107692307692
-0.017315076923076923
-0.12391753846153845
-0.21111876923076925
-0.2540935384615385
-0.26765353846153844
-0.24700061538461537
-0.19296923076923078
-0.11390399999999999
-0.001043076923076923
0.11557292307692307
0.22405292307692307
0.30019753846153846
0.32231076923076923
0.3198073846153846
0.2872633846153846
0.22113230769230768
0.13935507692307691
0.03755076923076923
-0.06467076923076923
-0.14206707692307693
-0.18316430769230768
-0.18212123076923076
-0.15228923076923076
-0.103056
-0.04109723076923077
0.03358707692307692
0.10535076923076922
0.15750461538461538
0.18650215384615382
0.1804523076923077
0.15187199999999998
0.10806276923076923
0.045060923076923075
-0.021070153846153846
-0.07927384615384615
-0.11891076923076922
-0.12266584615384615
-0.09387692307692307
-0.04318338461538461
0.019609846153846155
0.08448923076923077
0.14603076923076924
0.19651569230769228
0.23135446153846154
0.24178523076923078
0.22551323076923077
0.18232984615384615
0.12496061538461539
0.06967753846153846
0.012516923076923077
-0.04214030769230769
-0.07697907692307693
-0.0988836923076923
-0.08782707692307692
-0.04902461538461538
-0.016063384615384615
0.01814953846153846
0.03233538461538461
0.029623384615384614
0.020027076923076922
-0.007301538461538462
-0.04109723076923077
-0.08490646153846154
-0.132888
-0.16710092307692306
-0.18942276923076923
-0.19359507692307693
-0.1785747692307692
-0.15604430769230768
-0.12767261538461538
-0.10222153846153846
-0.08177723076923075
-0.06571384615384615
-0.05757784615384615
-0.04693846153846153
-0.02482523076923077
0.0022947692307692304
0.035255999999999996
0.06800861538461538
0.09846646153846153
0.11745046153846153
0.11494707692307692
0.10868861538461538
0.08156861538461539
0.035255999999999996
-0.02211323076923077
-0.09512861538461538
-0.14811692307692306
-0.1783661538461538
-0.18086953846153844
-0.14916
-0.0855323076923077
0.013768615384615384
0.12642092307692307
0.24303692307692307
0.330864
0.3738387692307692
0.3684147692307692
0.3054129230769231
0.20715507692307691
0.07697907692307693
-0.07510153846153846
-0.22113230769230768
-0.3442153846153846
-0.4174393846153846
-0.4353803076923077
-0.39970707692307694
-0.2999889230769231
-0.18274707692307693
-0.03942830769230769
0.09325107692307691
0.19609846153846153
0.25701415384615384
0.2503384615384615
0.21591692307692306
0.168144
0.14582215384615385
0.1858763076923077
0.2883064615384615
0.31396615384615384
0.3917796923076923
0.5010941538461539
0.5772387692307692
0.6784172307692308
0.6095741538461538
0.45457292307692304
0.16897846153846155
-0.1504116923076923
-0.43350276923076925
-0.7779267692307692
-1.0313944615384616
-1.2358375384615385
-1.2337513846153845
-1.000728
-0.6321046153846154
-0.08866153846153846
0.4049224615384615
0.8655452307692308
1.246476923076923
1.4212966153846154
1.4350652307692309
1.1636566153846153
0.6984443076923077
0.14832553846153845
-0.4942098461538461
-1.0071950769230769
-1.3668479999999998
-1.560025846153846
-1.4897224615384614
-1.2694246153846154
-0.8592867692307692
-0.3339932307692307
0.21883753846153844
0.7962849230769231
1.2345858461538461
1.5174683076923077
1.612596923076923
1.5022393846153845
1.2468941538461538
0.8006658461538461
0.25242461538461536
-0.3077076923076923
-0.8361304615384616
-1.1955747692307692
-1.4114916923076923
-1.465523076923077
-1.3238732307692307
-1.0524646153846153
-0.6414923076923077
-0.17628
0.25555384615384613
0.6579729230769231
0.9663064615384616
1.1728356923076924
1.2813156923076923
1.2277015384615384
1.037027076923077
0.7149249230769231
0.32377107692307694
-0.08636676923076922
-0.5086043076923077
-0.8788966153846154
-1.1901507692307691
-1.3582947692307692
-1.365804923076923
-1.2345858461538461
-0.9093544615384616
-0.4652123076923077
0.05277969230769231
0.6158326153846154
1.1156750769230768
1.5176769230769231
1.7413126153846152
1.7423556923076924
1.5458399999999999
1.1279833846153846
0.5876695384615385
-0.014185846153846153
-0.631896
-1.175339076923077
-1.6105107692307692
-1.833312
-1.8187089230769231
-1.5846424615384616
-1.1511396923076922
-0.5943452307692307
0.06195876923076923
0.7393329230769231
1.325124923076923
1.7659292307692307
1.9528486153846152
1.8537563076923076
1.5260215384615385
0.9917575384615384
0.35986153846153845
-0.3039526153846154
-0.9377261538461539
-1.4263033846153845
-1.7325507692307693
-1.800768
-1.6209415384615384
-1.2500233846153845
-0.7345347692307692
-0.14394461538461537
0.45102646153846154
0.9681839999999999
1.346820923076923
1.5535587692307693
1.544796923076923
1.3401452307692308
0.9823698461538461
0.5159058461538462
0.026494153846153844
-0.4449766153846154
-0.8482301538461539
-1.1256886153846153
-1.2823587692307694
-1.2836104615384616
-1.1340332307692307
-0.8740984615384615
-0.5290486153846153
-0.1462393846153846
0.25138153846153843
0.6243858461538462
0.9122750769230769
1.0848
1.1192215384615385
1.0259704615384615
0.8428061538461538
0.5778646153846153
0.273912
-0.0448523076923077
-0.3456756923076923
-0.580368
-0.7516412307692308
-0.8286203076923077
-0.8202756923076923
-0.7291107692307691
-0.5359329230769231
-0.2943563076923077
-0.021070153846153846
0.2659846153846154
0.5311347692307692
0.7798043076923077
0.9544153846153846
1.0226326153846155
0.9948867692307691
0.8471870769230769
0.6137464615384616
0.3156350769230769
-0.018983999999999997
-0.3321156923076923
-0.602064
-0.7921126153846154
-0.8855723076923077
-0.872220923076923
-0.7522670769230769
-0.5497015384615385
-0.2789187692307692
0.02482523076923077
0.32231076923076923
0.5891298461538461
0.7902350769230769
0.9070596923076922
0.9081027692307692
0.7789698461538461
0.5753612307692307
0.3304467692307692
0.07551876923076924
-0.16021661538461537
-0.360696
-0.4850307692307692
-0.5219556923076923
-0.4660467692307692
-0.34066892307692304
-0.19296923076923078
-0.04401784615384615
0.09095630769230768
0.21237046153846154
0.3004061538461538
0.3294036923076923
0.30374399999999996
0.23448369230769228
0.14582215384615385
0.059664
-0.01981846153846154
-0.078648
-0.12037107692307693
-0.15687876923076924
-0.16647507692307692
-0.16021661538461537
-0.14018953846153845
-0.12037107692307693
-0.11974523076923077
-0.12662953846153846
-0.14018953846153845
-0.13789476923076924
-0.1218313846153846
-0.09700615384615385
-0.0609156923076923
-0.021070153846153846
0.041514461538461535
0.1218313846153846
0.1908830769230769
0.22989415384615383
0.22008923076923076
0.16730953846153845
0.09763200000000001
0.011891076923076923
-0.09512861538461538
-0.21675138461538462
-0.3373310769230769
-0.4222375384615385
-0.44685415384615385
-0.4120153846153846
-0.32085046153846153
-0.19985353846153847
-0.07259815384615384
0.06070707692307692
0.18086953846153844
0.2641070769230769
0.2837169230769231
0.2357353846153846
0.14457046153846154
0.03421292307692308
-0.08115138461538463
-0.1867107692307692
-0.2601433846153846
-0.3062473846153846
-0.31834707692307695
-0.2943563076923077
-0.23364923076923078
-0.14311015384615386
-0.059038153846153844
0.01397723076923077
0.07301538461538462
0.12266584615384615
0.16584923076923075
0.19150892307692308
0.20360861538461536
0.19797599999999999
0.18879692307692306
0.18712800000000002
0.1860849230769231
0.1787833846153846
0.1476996923076923
0.10493353846153847
0.07760492307692309
0.05653476923076922
0.03212676923076923
-0.0033378461538461535
-0.05444861538461539
-0.09283384615384616
-0.11202646153846153
-0.12224861538461537
-0.11223507692307692
-0.08177723076923075
-0.03567323076923076
0.022530461538461537
0.09387692307692307
0.17085599999999998
0.22488738461538463
0.24303692307692307
0.22467876923076924
0.1787833846153846
0.11140061538461538
0.022947692307692308
-0.07259815384615384
-0.16251138461538459
-0.22718215384615387
-0.25054707692307693
-0.22321846153846153
-0.14874276923076923
-0.05382276923076923
0.04839876923076923
0.14519630769230768
0.21529107692307692
0.26368984615384616
0.2695310769230769
0.23364923076923078
0.17148184615384612
0.08824430769230769
0.009179076923076922
-0.06675692307692307
-0.1287156923076923
-0.1637630769230769
-0.17690584615384616
-0.15771323076923077
-0.10326461538461539
-0.03108369230769231
0.034630153846153845
0.07802215384615384
0.11765907692307691
0.1531236923076923
0.1718990769230769
0.1785747692307692
0.1570873846153846
0.11202646153846153
0.05090215384615384
-0.015646153846153844
-0.06446215384615385
-0.10138707692307691
-0.12621230769230768
-0.12850707692307692
-0.10514215384615383
-0.054240000000000003
0.0035464615384615383
0.04756430769230769
0.061750153846153844
0.04401784615384615
0.012099692307692308
-0.026494153846153844
-0.05945538461538461
-0.08386338461538462
-0.10138707692307691
-0.092208
-0.04839876923076923
0.015228923076923076
0.08907876923076924
0.14811692307692306
0.18775384615384613
0.20256553846153844
0.18483323076923078
0.13330523076923076
0.04109723076923077
-0.06633969230769231
-0.17085599999999998
-0.2526332307692308
-0.2883064615384615
-0.2828824615384615
-0.23761292307692305
-0.1558356923076923
-0.04672984615384615
0.09095630769230768
0.23010276923076922
0.3490135384615385
0.4307907692307692
0.45269538461538456
0.42328061538461537
0.3454670769230769
0.23114584615384615
0.09825784615384614
-0.04109723076923077
-0.16334584615384617
-0.25471938461538457
-0.2966510769230769
-0.2872633846153846
-0.24616615384615384
-0.17273353846153844
-0.08699261538461538
0.0002086153846153846
0.07739630769230768
0.127464
0.14686523076923075
0.12579507692307693
0.06842584615384616
-0.004589538461538461
-0.07739630769230768
-0.14039815384615384
-0.18107815384615383
-0.21216184615384615
-0.2140393846153846
-0.1873366153846154
-0.14957723076923077
-0.10055261538461538
-0.06049846153846154
-0.01668923076923077
0.024408000000000003
0.055491692307692304
0.08031692307692308
0.09012184615384615
0.09053907692307692
0.0897046153846154
0.09700615384615385
0.11703323076923078
0.1397723076923077
0.15625292307692307
0.15374953846153847
0.13372246153846154
0.10848000000000001
0.0717636923076923
0.030040615384615384
-0.008761846153846153
-0.03358707692307692
-0.03609046153846154
-0.011891076923076923
0.03650769230769231
0.09158215384615384
0.1489513846153846
0.19818461538461538
0.23385784615384617
0.25138153846153843
0.23448369230769228
0.1800350769230769
0.09325107692307691
-0.013560000000000001
-0.124752
-0.222384
-0.28392553846153845
-0.3039526153846154
-0.2853858461538461
-0.2221753846153846
-0.11640738461538462
0.01043076923076923
0.13914646153846155
0.2424110769230769
0.2966510769230769
0.29915446153846154
0.25138153846153843
0.16418030769230768
0.052153846153846155
-0.065088
-0.16105107692307694
-0.21696000000000001
-0.2157083076923077
-0.16626646153846153
-0.09116492307692307
-0.0004172307692307692
0.08949599999999999
0.173568
0.23177169230769232
0.24345415384615382
0.21341353846153846
0.13476553846153844
0.030875076923076922
-0.07009476923076922
-0.16167692307692308
-0.22447015384615385
-0.26076923076923075
-0.25847446153846154
-0.20778092307692309
-0.11494707692307692
0.0025033846153846152
0.1136953846153846
0.21716861538461538
0.28434276923076923
0.3077076923076923
0.2860116923076923
0.20298276923076922
0.09033046153846153
-0.04756430769230769
-0.18921415384615384
-0.2837169230769231
-0.3291950769230769
-0.3252313846153846
-0.27140861538461536
-0.19004861538461537
-0.10013538461538461
0.0002086153846153846
0.10222153846153846
0.18754523076923074
0.24345415384615382
0.2424110769230769
0.20444307692307692
0.17711446153846155
0.15687876923076924
0.18796246153846152
0.19505538461538463
0.07343261538461537
-0.02044430769230769
-0.10618523076923077
-0.12162276923076921
-0.07551876923076924
-0.19463815384615382
-0.2701569230769231
-0.3277347692307692
-0.2830910769230769
-0.09763200000000001
-0.009179076923076922
0.10263876923076923
0.12412615384615384
0.21862892307692305
0.3913624615384615
0.45102646153846154
0.49733907692307694
0.3333673846153846
0.16501476923076921
0.04985907692307692
-0.13476553846153844
-0.2056947692307692
-0.3548547692307692
-0.45373846153846153
-0.4345458461538461
-0.4518609230769231
-0.2912270769230769
-0.1097316923076923
0.06300184615384616
0.29602523076923076
0.37967999999999996
0.4685501538461538
0.5204953846153846
0.48461353846153843
0.47918953846153844
0.3225193846153846
0.1136953846153846
-0.09930092307692308
-0.3077076923076923
-0.3746732307692308
-0.46083138461538464
-0.5229987692307692
-0.5075612307692308
-0.44414215384615385
-0.23260615384615385
-0.035255999999999996
0.12454338461538461
0.28413415384615387
0.3565236923076923
0.452904
0.48711692307692306
0.4291218461538462
0.36778892307692307
0.23239753846153846
0.11432123076923076
0.027745846153846152
-0.09116492307692307
-0.18149538461538461
-0.2707827692307692
-0.32585723076923073
-0.3102110769230769
-0.2782929230769231
-0.19046584615384615
-0.06988615384615385
0.0771876923076923
0.21362215384615382
0.30374399999999996
0.40200184615384615
0.4303735384615384
0.417648
0.3611132307692308
0.22154953846153846
0.10159569230769232
-0.035255999999999996
-0.17711446153846155
-0.27182584615384614
-0.3648683076923077
-0.39678646153846153
-0.3880246153846154
-0.35339446153846155
-0.2540935384615385
-0.16105107692307694
-0.022947692307692308
0.138312
0.25117292307692307
0.3179298461538461
0.31626092307692305
0.31772123076923076
0.29832
0.20965846153846154
0.08094276923076923
-0.08866153846153846
-0.21988061538461537
-0.2887236923076923
-0.3321156923076923
-0.31083692307692307
-0.2849686153846154
-0.24887815384615386
-0.1462393846153846
-0.054657230769230764
0.03942830769230769
0.11223507692307692
0.14081538461538462
0.16042523076923076
0.13622584615384614
0.10430769230769231
0.058412307692307694
-0.00855323076923077
-0.06008123076923077
-0.12224861538461537
-0.17148184615384612
-0.21800307692307694
-0.26306399999999996
-0.254928
-0.23782153846153845
-0.18796246153846152
-0.10389046153846154
-0.040054153846153843
0.048816000000000005
0.12767261538461538
0.18358153846153846
0.23656984615384613
0.23907323076923076
0.23844738461538462
0.23782153846153845
0.20152246153846154
0.15667015384615385
0.09095630769230768
0.04047138461538462
0.0014603076923076922
-0.03963692307692308
-0.058412307692307694
-0.06967753846153846
-0.04568676923076923
-0.007510153846153846
0.024199384615384616
0.07656184615384615
0.12099692307692309
0.16626646153846153
0.21967199999999998
0.2157083076923077
0.1869193846153846
0.14144123076923076
0.08240307692307691
0.04631261538461538
-0.02524246153846154
-0.0961716923076923
-0.14311015384615386
-0.16897846153846155
-0.13935507692307691
-0.08761846153846153
-0.021070153846153846
0.04985907692307692
0.11452984615384615
0.18963138461538462
0.24908676923076922
0.2782929230769231
0.2699483076923077
0.20965846153846154
0.12975876923076923
0.043600615384615383
-0.030875076923076922
-0.07572738461538461
-0.12266584615384615
-0.14415323076923076
-0.13872923076923074
-0.10994030769230768
-0.026494153846153844
0.06008123076923077
0.13622584615384614
0.17732307692307692
0.17419384615384614
0.17982646153846152
0.17565415384615385
0.14290153846153844
0.07468430769230769
-0.027745846153846152
-0.12099692307692309
-0.18170399999999998
-0.21070153846153844
-0.21925476923076925
-0.22551323076923077
-0.21862892307692305
-0.1777403076923077
-0.10243015384615384
-0.022947692307692308
0.027120000000000002
0.056951999999999996
0.08344615384615384
0.11494707692307692
0.15604430769230768
0.17732307692307692
0.1779489230769231
0.16292861538461537
0.13309661538461537
0.11682461538461539
0.100344
0.07551876923076924
0.03504738461538461
-0.029832
-0.0936683076923077
-0.14436184615384615
-0.1704387692307692
-0.17815753846153848
-0.1785747692307692
-0.16188553846153847
-0.11411261538461538
-0.02044430769230769
0.09679753846153846
0.19672430769230767
0.2659846153846154
0.29685969230769227
0.28851507692307693
0.24992123076923078
0.1666836923076923
0.040262769230769234
-0.11098338461538461
-0.25805723076923076
-0.3594443076923077
-0.401376
-0.37926276923076924
-0.30562153846153844
-0.19797599999999999
-0.05382276923076923
0.11432123076923076
0.28017046153846153
0.40972061538461535
0.47960676923076917
0.49045476923076925
0.4449766153846154
0.3538116923076923
0.22551323076923077
0.06759138461538462
-0.09471138461538461
-0.2292683076923077
-0.3187643076923077
-0.34275507692307694
-0.3148006153846154
-0.2582658461538461
-0.1800350769230769
-0.08240307692307691
0.031918153846153846
0.12329169230769231
0.19380369230769232
0.22989415384615383
0.23218892307692307
0.21821169230769227
0.17148184615384612
0.12120553846153845
0.059038153846153844
-0.02044430769230769
-0.0892873846153846
-0.14603076923076924
-0.17690584615384616
-0.19463815384615382
-0.22008923076923076
-0.23344061538461539
-0.24053353846153847
-0.21967199999999998
-0.15333230769230768
-0.07739630769230768
0.009387692307692307
0.09658892307692307
0.1829556923076923
0.26869661538461537
0.32836061538461536
0.35297723076923077
0.3193901538461538
0.2342750769230769
0.11703323076923078
-0.017523692307692306
-0.15228923076923076
-0.2814221538461538
-0.3805144615384615
-0.42328061538461537
-0.4015846153846154
-0.31918153846153846
-0.1990190769230769
-0.06216738461538462
0.07677046153846154
0.2075723076923077
0.3210590769230769
0.39344861538461534
0.41535323076923075
0.3642424615384615
0.25117292307692307
0.11265230769230769
-0.044435076923076924
-0.18337292307692307
-0.2872633846153846
-0.3460929230769231
-0.34046030769230773
-0.27474646153846155
-0.16209415384615386
-0.030875076923076922
0.09950953846153845
0.21049292307692305
0.28121353846153846
0.30833353846153844
0.2947735384615384
0.23677846153846152
0.13455692307692307
0.004172307692307692
-0.11494707692307692
-0.19714153846153845
-0.24470584615384613
-0.2482523076923077
-0.22530461538461538
-0.18253846153846154
-0.12141415384615384
-0.06550523076923077
-0.008344615384615384
0.02899753846153846
0.03650769230769231
0.024199384615384616
-0.0043809230769230765
-0.027120000000000002
-0.05528307692307692
-0.08699261538461538
-0.10013538461538461
-0.0798996923076923
-0.02482523076923077
0.042348923076923076
0.1028473846153846
0.14060676923076923
0.15500123076923078
0.15416676923076922
0.12788123076923075
0.07802215384615384
0.02357353846153846
-0.03504738461538461
-0.08031692307692308
-0.0936683076923077
-0.07823076923076923
-0.02315630769230769
0.06300184615384616
0.16042523076923076
0.25054707692307693
0.31667815384615383
0.34275507692307694
0.3212676923076923
0.25388492307692306
0.14999446153846155
0.029623384615384614
-0.0961716923076923
-0.206112
-0.28476
-0.3291950769230769
-0.3383741538461538
-0.30436984615384616
-0.2290596923076923
-0.124752
-0.017523692307692306
0.06759138461538462
0.13601723076923075
0.17544553846153846
0.1794092307692308
0.1502030769230769
0.0892873846153846
0.018983999999999997
-0.04693846153846153
-0.0936683076923077
-0.1097316923076923
-0.10493353846153847
-0.07885661538461539
-0.029414769230769227
0.0448523076923077
0.12120553846153845
0.1775316923076923
0.20861538461538462
0.1913003076923077
0.1489513846153846
0.09304246153846155
0.023364923076923075
-0.040054153846153843
-0.09763200000000001
-0.13205353846153844
-0.14206707692307693
-0.12767261538461538
-0.09158215384615384
-0.04631261538461538
0.003755076923076923
0.047772923076923074
0.0826116923076923
0.10514215384615383
0.11056615384615384
0.09471138461538461
0.05507446153846154
-0.0029206153846153843
-0.05799507692307692
-0.1028473846153846
-0.13935507692307691
-0.15416676923076922
-0.14999446153846155
-0.1151556923076923
-0.04819015384615385
0.026494153846153844
0.10597661538461538
0.1718990769230769
0.21195323076923075
0.22634769230769228
0.20798953846153845
0.14936861538461538
0.059664
-0.031709538461538456
-0.10827138461538462
-0.15291507692307693
-0.16313723076923078
-0.14436184615384615
-0.09992676923076924
-0.03567323076923076
0.04172307692307692
0.119328
0.18086953846153844
0.21028430769230766
0.20110523076923076
0.15354092307692307
0.08323753846153846
0.005215384615384615
-0.07781353846153846
-0.1506203076923077
-0.20402584615384614
-0.2238443076923077
-0.19714153846153845
-0.13038461538461538
-0.03400430769230769
0.06967753846153846
0.16334584615384617
0.24324553846153843
0.3087507692307692
0.3412947692307692
0.33670523076923076
0.2883064615384615
0.21091015384615383
0.12433476923076923
0.04714707692307692
-0.005215384615384615
-0.05048492307692308
-0.06759138461538462
-0.06675692307692307
-0.04214030769230769
0.005424
0.04714707692307692
0.07468430769230769
0.07238953846153846
0.04318338461538461
-0.013560000000000001
-0.08240307692307691
-0.1718990769230769
-0.25930892307692305
-0.2720344615384615
-0.21341353846153846
-0.08448923076923077
0.09283384615384616
0.25972615384615383
0.4282873846153846
0.5605495384615384
0.6371113846153845
0.631896
0.5092301538461538
0.314592
0.100344
-0.09846646153846153
-0.31834707692307695
-0.4725138461538462
-0.5513704615384615
-0.540731076923077
-0.38677292307692307
-0.1794092307692308
0.08323753846153846
0.3170953846153846
0.5090215384615385
0.6417009230769231
0.6469163076923078
0.5643046153846153
0.3669544615384615
0.13247076923076923
-0.12329169230769231
-0.38426953846153844
-0.5620098461538461
-0.6694467692307693
-0.641075076923077
-0.5067267692307692
-0.3214763076923077
-0.08615815384615384
0.10952307692307692
0.28955815384615385
0.43433723076923075
0.4547815384615384
0.40575692307692307
0.28204799999999997
0.12391753846153845
-0.006049846153846154
-0.14081538461538462
-0.24866953846153847
-0.34171199999999996
-0.38719015384615385
-0.355272
-0.28768061538461537
-0.1913003076923077
-0.1045163076923077
-0.019609846153846155
0.0717636923076923
0.12808984615384614
0.1783661538461538
0.1994363076923077
0.17628
0.15500123076923078
0.10493353846153847
0.06362769230769232
0.04714707692307692
0.029414769230769227
0.03942830769230769
0.042557538461538466
0.013768615384615384
-0.01981846153846154
-0.07531015384615385
-0.14394461538461537
-0.21487384615384614
-0.2920615384615385
-0.31667815384615383
-0.28204799999999997
-0.1846246153846154
-0.04652123076923077
0.09825784615384614
0.24428861538461538
0.360696
0.45978830769230766
0.4883686153846154
0.4174393846153846
0.2966510769230769
0.12496061538461539
-0.04693846153846153
-0.1910916923076923
-0.3210590769230769
-0.39324
-0.40846892307692306
-0.3623649230769231
-0.24637476923076923
-0.100344
0.06675692307692307
0.22530461538461538
0.3448412307692308
0.40930338461538457
0.404088
0.35610646153846154
0.25117292307692307
0.09387692307692307
-0.08720123076923077
-0.26619323076923074
-0.39115384615384613
-0.4675070769230769
-0.4883686153846154
-0.425784
-0.30583015384615386
-0.132888
0.07364123076923076
0.2557624615384615
0.3896935384615384
0.44268184615384615
0.42182030769230766
0.35986153846153845
0.24720923076923076
0.09784061538461537
-0.06946892307692307
-0.22718215384615387
-0.33649661538461534
-0.36966646153846155
-0.3235624615384615
-0.2355267692307692
-0.11870215384615385
0.014811692307692307
0.15145476923076923
0.27871015384615383
0.34358953846153845
0.33816553846153846
0.27412061538461535
0.17148184615384612
0.07531015384615385
-0.01668923076923077
-0.09784061538461537
-0.1502030769230769
-0.17565415384615385
-0.1706473846153846
-0.12016246153846154
-0.03880246153846154
0.042348923076923076
0.10827138461538462
0.1341396923076923
0.13434830769230768
0.10806276923076923
0.06321046153846153
0.015646153846153844
-0.04672984615384615
-0.09846646153846153
-0.13810338461538463
-0.14039815384615384
-0.10096984615384616
-0.05820369230769231
-0.005424
0.0448523076923077
0.10347323076923076
0.18629353846153843
0.24053353846153847
0.2509643076923077
0.22676492307692306
0.16793538461538463
0.11619876923076923
0.06946892307692307
0.014394461538461538
-0.03775938461538462
-0.09262523076923077
-0.11390399999999999
-0.09971815384615385
-0.07072061538461538
-0.040262769230769234
-0.029623384615384614
-0.01940123076923077
-0.018775384615384614
-0.023990769230769232
-0.03713353846153846
-0.0744756923076923
-0.11348676923076922
-0.14519630769230768
-0.1543753846153846
-0.12120553846153845
-0.05382276923076923
0.03024923076923077
0.10096984615384616
0.13706030769230768
0.15291507692307693
0.15124615384615384
0.1178676923076923
0.03838523076923077
-0.06362769230769232
-0.16730953846153845
-0.25242461538461536
-0.2860116923076923
-0.2768326153846154
-0.233232
-0.15354092307692307
-0.04193169230769231
0.09575446153846154
0.21612553846153845
0.28392553846153845
0.3031181538461538
0.2680707692307692
0.20193969230769232
0.11140061538461538
-0.0070929230769230765
-0.12996738461538462
-0.24574892307692306
-0.32877784615384614
-0.3594443076923077
-0.33315876923076926
-0.24762646153846155
-0.13309661538461537
-0.0012516923076923076
0.13789476923076924
0.2526332307692308
0.33295015384615384
0.3513083076923077
0.30207507692307695
0.20047938461538461
0.06362769230769232
-0.07364123076923076
-0.19693292307692306
-0.2920615384615385
-0.33816553846153846
-0.3323243076923077
-0.2680707692307692
-0.15166338461538462
-0.013560000000000001
0.1289243076923077
0.24679199999999998
0.32314523076923074
0.3508910769230769
0.3216849230769231
0.2517987692307692
0.1504116923076923
0.037967999999999995
-0.06195876923076923
-0.13664307692307692
-0.16710092307692306
-0.17252492307692308
-0.15145476923076923
-0.10222153846153846
-0.04631261538461538
0.018775384615384614
0.058412307692307694
0.06821723076923077
0.055491692307692304
0.02357353846153846
-0.0070929230769230765
-0.034630153846153845
-0.05298830769230769
-0.053614153846153846
-0.031709538461538456
0.016897846153846156
0.0826116923076923
0.1422756923076923
0.19714153846153845
0.24095076923076922
0.26786215384615386
0.26368984615384616
0.21800307692307694
0.14707384615384617
0.05778646153846154
-0.04088861538461538
-0.12537784615384615
-0.18170399999999998
-0.20673784615384616
-0.19609846153846153
-0.15604430769230768
-0.0936683076923077
-0.012934153846153845
0.07051199999999999
0.13706030769230768
0.18232984615384615
0.1927606153846154
0.17982646153846152
0.14874276923076923
0.08991323076923076
0.02753723076923077
-0.04193169230769231
-0.10952307692307692
-0.15228923076923076
-0.16584923076923075
-0.14957723076923077
-0.11828492307692307
-0.06967753846153846
-0.005215384615384615
0.07009476923076922
0.15124615384615384
0.21111876923076925
0.24470584615384613
0.2411593846153846
0.21466523076923077
0.17148184615384612
0.10180430769230768
0.030875076923076922
-0.03713353846153846
-0.09179076923076923
-0.11682461538461539
-0.11619876923076923
-0.09658892307692307
-0.06195876923076923
-0.029832
0.013351384615384614
0.0609156923076923
0.10159569230769232
0.13226215384615383
0.1218313846153846
0.10138707692307691
0.07781353846153846
0.05799507692307692
0.051528
0.031709538461538456
0.009179076923076922
-0.02044430769230769
-0.04568676923076923
-0.05298830769230769
-0.05820369230769231
-0.0609156923076923
-0.061124307692307686
-0.06425353846153846
-0.054240000000000003
-0.03358707692307692
-0.009179076923076922
0.025033846153846153
0.04526953846153846
0.06404492307692307
0.09095630769230768
0.11911938461538461
0.14853415384615384
0.16021661538461537
0.1506203076923077
0.13476553846153844
0.1097316923076923
0.07969107692307692
0.04526953846153846
0.003129230769230769
-0.03859384615384615
-0.08031692307692308
-0.09554584615384615
-0.08949599999999999
-0.07134646153846153
-0.04088861538461538
-0.008344615384615384
0.031918153846153846
0.07384984615384615
0.11035753846153845
0.13121907692307694
0.12996738461538462
0.11473846153846154
0.08782707692307692
0.05778646153846154
0.03275261538461539
0.009387692307692307
-0.005215384615384615
-0.006884307692307692
0.006049846153846154
0.03588184615384615
0.06487938461538462
0.08094276923076923
0.08219446153846154
0.06049846153846154
0.02899753846153846
-0.01043076923076923
-0.061750153846153844
-0.11724184615384614
-0.17377661538461536
-0.20298276923076922
-0.20047938461538461
-0.17690584615384616
-0.13121907692307694
-0.07238953846153846
-0.009387692307692307
0.04318338461538461
0.07969107692307692
0.10055261538461538
0.09554584615384615
0.06049846153846154
-0.0002086153846153846
-0.06633969230769231
-0.12662953846153846
-0.1710646153846154
-0.19025723076923076
-0.1883796923076923
-0.15625292307692307
-0.10076123076923077
-0.03838523076923077
0.027745846153846152
0.08386338461538462
0.1207883076923077
0.1462393846153846
0.154584
0.14874276923076923
0.12725538461538463
0.08302892307692307
0.03504738461538461
-0.0043809230769230765
-0.03150092307692308
-0.04839876923076923
-0.04693846153846153
-0.02753723076923077
0.0025033846153846152
0.04672984615384615
0.0936683076923077
0.12683815384615382
0.14081538461538462
0.14582215384615385
0.14311015384615386
0.13184492307692308
0.11056615384615384
0.06654830769230768
0.010013538461538461
-0.040262769230769234
-0.08344615384615384
-0.1045163076923077
-0.11557292307692307
-0.11703323076923078
-0.09554584615384615
-0.06738276923076922
-0.016897846153846156
0.041514461538461535
0.09053907692307692
0.12996738461538462
0.14582215384615385
0.15354092307692307
0.15103753846153847
0.13080184615384613
0.09867507692307692
0.051319384615384614
0.0016689230769230767
-0.03108369230769231
-0.04547815384615384
-0.044435076923076924
-0.03963692307692308
-0.03504738461538461
-0.021696
-0.0025033846153846152
0.014394461538461538
0.024199384615384616
0.024408000000000003
0.016480615384615385
0.0025033846153846152
-0.008970461538461538
-0.019609846153846155
-0.030040615384615384
-0.042348923076923076
-0.059872615384615385
-0.07280676923076923
-0.07843938461538462
-0.08845292307692308
-0.09387692307692307
-0.08949599999999999
-0.08115138461538463
-0.06321046153846153
-0.040262769230769234
-0.005215384615384615
0.026911384615384615
0.04193169230769231
0.03692492307692308
0.02044430769230769
-0.006258461538461538
-0.02482523076923077
-0.04631261538461538
-0.07635323076923077
-0.07551876923076924
-0.07906523076923076
-0.029414769230769227
0.021278769230769233
0.12683815384615382
0.23656984615384613
0.21237046153846154
0.25847446153846154
0.2399076923076923
0.20965846153846154
0.16334584615384617
-0.014394461538461538
-0.14060676923076923
-0.30979384615384614
-0.37613353846153846
-0.3619476923076923
-0.37029230769230764
-0.2914356923076923
-0.22655630769230767
-0.04318338461538461
0.18650215384615382
0.35694092307692304
0.5146541538461539
0.4994252307692308
0.444768
0.35694092307692304
0.18525046153846153
0.058829538461538454
-0.14540492307692307
-0.3039526153846154
-0.3740473846153846
-0.452904
-0.3652855384615385
-0.2399076923076923
-0.10368184615384615
0.08949599999999999
0.20173107692307693
0.32606584615384615
0.3980381538461538
0.40638276923076927
0.4174393846153846
0.3137575384615385
0.16793538461538463
0.0043809230769230765
-0.14603076923076924
-0.22551323076923077
-0.32627446153846157
-0.38343507692307693
-0.3988726153846154
-0.3955347692307692
-0.301032
-0.20861538461538462
-0.116616
-0.0004172307692307692
0.08031692307692308
0.1802436923076923
0.235944
0.2261390769230769
0.222384
0.16584923076923075
0.10743692307692307
0.06362769230769232
-0.014185846153846153
-0.07489292307692308
-0.13518276923076925
-0.17502830769230768
-0.18983999999999998
-0.19380369230769232
-0.15687876923076924
-0.10013538461538461
0.0025033846153846152
0.092208
0.15187199999999998
0.2369870769230769
0.2789187692307692
0.30979384615384614
0.3229366153846154
0.2764153846153846
0.21988061538461537
0.12767261538461538
0.03880246153846154
-0.029414769230769227
-0.11578153846153846
-0.16438892307692307
-0.1860849230769231
-0.19067446153846154
-0.15687876923076924
-0.10889723076923077
-0.01856676923076923
0.09429415384615383
0.18149538461538461
0.24741784615384615
0.26535876923076923
0.2772498461538462
0.2716172307692308
0.19735015384615384
0.10263876923076923
-0.026702769230769228
-0.13309661538461537
-0.1800350769230769
-0.21883753846153844
-0.20423446153846153
-0.16063384615384615
-0.10368184615384615
-0.006675692307692307
0.0771876923076923
0.15604430769230768
0.22008923076923076
0.24011630769230768
0.23469230769230767
0.19359507692307693
0.13080184615384613
0.027328615384615382
-0.09471138461538461
-0.1913003076923077
-0.26869661538461537
-0.2993630769230769
-0.3054129230769231
-0.2799618461538461
-0.21529107692307692
-0.14206707692307693
-0.03755076923076923
0.07051199999999999
0.14936861538461538
0.2194633846153846
0.2605606153846154
0.25054707692307693
0.21237046153846154
0.13518276923076925
0.044435076923076924
-0.03692492307692308
-0.11974523076923077
-0.1710646153846154
-0.19755876923076923
-0.1858763076923077
-0.13622584615384614
-0.07134646153846153
0.019609846153846155
0.10994030769230768
0.1927606153846154
0.25430215384615384
0.260352
0.235944
0.18337292307692307
0.11745046153846153
0.06154153846153846
-0.022947692307692308
-0.10138707692307691
-0.15750461538461538
-0.18629353846153843
-0.15646153846153846
-0.12391753846153845
-0.09804923076923076
-0.06633969230769231
-0.029623384615384614
0.03129230769230769
0.0853236923076923
0.12496061538461539
0.14144123076923076
0.13038461538461538
0.12767261538461538
0.11911938461538461
0.103056
0.07551876923076924
0.025033846153846153
-0.017732307692307693
-0.05173661538461538
-0.06258461538461538
-0.04652123076923077
-0.030040615384615384
0.009804923076923077
0.051528
0.08824430769230769
0.14123261538461537
0.18128676923076922
0.18983999999999998
0.17732307692307692
0.16793538461538463
0.1704387692307692
0.17648861538461538
0.17711446153846155
0.15646153846153846
0.10910584615384614
0.047981538461538464
-0.01272553846153846
-0.055491692307692304
-0.10368184615384615
-0.1635544615384615
-0.20110523076923076
-0.21028430769230766
-0.17481969230769231
-0.11599015384615384
-0.06988615384615385
-0.016480615384615385
0.026494153846153844
0.06592246153846154
0.11348676923076922
0.12496061538461539
0.10848000000000001
0.06571384615384615
0.012934153846153845
-0.028788923076923077
-0.07280676923076923
-0.09825784615384614
-0.11578153846153846
-0.12537784615384615
-0.10597661538461538
-0.07343261538461537
-0.02524246153846154
0.011891076923076923
0.024616615384615383
0.04735569230769231
0.05799507692307692
0.06654830769230768
0.08115138461538463
0.06967753846153846
0.054240000000000003
0.02899753846153846
0.005424
0.004589538461538461
-0.0035464615384615383
-0.006884307692307692
-0.015228923076923076
-0.02586830769230769
-0.02086153846153846
-0.01981846153846154
-0.011473846153846154
-0.01397723076923077
-0.03212676923076923
-0.042348923076923076
-0.05069353846153846
-0.04965046153846154
-0.049233230769230765
-0.044435076923076924
-0.016063384615384615
0.017523692307692306
0.051319384615384614
0.086784
0.10409907692307692
0.10722830769230769
0.10535076923076922
0.0988836923076923
0.09283384615384616
0.06905169230769231
0.03504738461538461
0.006049846153846154
-0.02482523076923077
-0.04547815384615384
-0.062376
-0.0717636923076923
-0.07593599999999999
-0.08177723076923075
-0.07343261538461537
-0.055491692307692304
-0.02899753846153846
-0.005841230769230769
0.013560000000000001
0.037967999999999995
0.06383630769230769
0.0974233846153846
0.12037107692307693
0.11807630769230769
0.09283384615384616
0.05611753846153846
0.024199384615384616
-0.012099692307692308
-0.05298830769230769
-0.08636676923076922
-0.10368184615384615
-0.10117846153846152
-0.06759138461538462
-0.00855323076923077
0.05528307692307692
0.1207883076923077
0.1787833846153846
0.22488738461538463
0.24282830769230768
0.225096
0.1785747692307692
0.11286092307692308
0.04819015384615385
-0.009596307692307692
-0.05277969230769231
-0.07677046153846154
-0.08907876923076924
-0.0855323076923077
-0.06341907692307691
-0.030040615384615384
0.011056615384615385
0.046104
0.06300184615384616
0.06216738461538462
0.03942830769230769
0.0018775384615384615
-0.04088861538461538
-0.0798996923076923
-0.10597661538461538
-0.11327815384615383
-0.09137353846153846
-0.04631261538461538
0.0029206153846153843
0.04422646153846154
0.07259815384615384
0.0828203076923077
0.078648
0.04985907692307692
-0.005841230769230769
-0.06800861538461538
-0.13872923076923074
-0.1869193846153846
-0.20527753846153846
-0.192552
-0.14164984615384615
-0.08365476923076923
-0.007301538461538462
0.07405846153846153
0.14206707692307693
0.1883796923076923
0.20152246153846154
0.18379015384615385
0.14164984615384615
0.08094276923076923
0.012308307692307691
-0.06049846153846154
-0.13601723076923075
-0.20006215384615383
-0.24512307692307692
-0.25012984615384615
-0.22447015384615385
-0.1779489230769231
-0.11140061538461538
-0.03421292307692308
0.05048492307692308
0.12913292307692306
0.18900553846153845
0.21821169230769227
0.21758584615384616
0.19213476923076922
0.14290153846153844
0.07635323076923077
0.006049846153846154
-0.058829538461538454
-0.11452984615384615
-0.14582215384615385
-0.15249784615384615
-0.13267938461538462
-0.08991323076923076
-0.04088861538461538
0.01981846153846154
0.07572738461538461
0.12683815384615382
0.17586276923076924
0.20715507692307691
0.21508246153846153
0.1923433846153846
0.14811692307692306
0.08302892307692307
0.007510153846153846
-0.06842584615384616
-0.14936861538461538
-0.21007569230769232
-0.24282830769230768
-0.241368
-0.20986707692307693
-0.16710092307692306
-0.09679753846153846
-0.026076923076923077
0.042348923076923076
0.11286092307692308
0.16438892307692307
0.20152246153846154
0.208824
0.19630707692307692
0.16334584615384617
0.10848000000000001
0.04380923076923077
-0.029623384615384614
-0.09596307692307693
-0.14832553846153845
-0.17002153846153847
-0.16021661538461537
-0.13059323076923077
-0.07405846153846153
0.006049846153846154
0.09283384615384616
0.17690584615384616
0.25388492307692306
0.29873723076923075
0.3127144615384615
0.29498215384615384
0.23886461538461537
0.1612596923076923
0.06258461538461538
-0.03275261538461539
-0.11202646153846153
-0.17461107692307692
-0.20360861538461536
-0.19463815384615382
-0.1489513846153846
-0.07802215384615384
0.009387692307692307
0.100344
0.1785747692307692
0.23615261538461538
0.2666104615384615
0.2724516923076923
0.24887815384615386
0.19818461538461538
0.1207883076923077
0.01814953846153846
-0.08240307692307691
-0.1666836923076923
-0.22029784615384615
-0.24074215384615386
-0.2292683076923077
-0.18107815384615383
-0.10055261538461538
0.016272
0.14686523076923075
0.26139507692307695
0.33253292307692306
0.3481790769230769
0.31688676923076925
0.2415766153846154
0.13747753846153846
0.017315076923076923
-0.10597661538461538
-0.2125790769230769
-0.2837169230769231
-0.3131316923076923
-0.29644246153846154
-0.2424110769230769
-0.16438892307692307
-0.07405846153846153
0.02357353846153846
0.12350030769230769
0.2021483076923077
0.25200738461538463
0.2601433846153846
0.22780799999999998
0.1721076923076923
0.0961716923076923
0.0022947692307692304
-0.10868861538461538
-0.21696000000000001
-0.29039261538461536
-0.3246055384615385
-0.30895938461538464
-0.25138153846153843
-0.1942209230769231
-0.1151556923076923
-0.03671630769230769
0.042557538461538466
0.10263876923076923
0.11306953846153844
0.10576799999999999
0.07489292307692308
0.05403138461538461
0.034630153846153845
0.12099692307692309
0.11452984615384615
0.0
-0.024408000000000003
-0.12329169230769231
-0.0963803076923077
-0.11953661538461538
-0.23072861538461537
-0.2837169230769231
-0.38531261538461536
-0.2647329230769231
-0.1289243076923077
-0.015854769230769228
0.09784061538461537
0.11870215384615385
0.27474646153846155
0.38885907692307686
0.4896203076923077
0.49733907692307694
0.3035353846153846
0.18107815384615383
0.025033846153846153
-0.07009476923076922
-0.09095630769230768
-0.2059033846153846
-0.20173107692307693
-0.20965846153846154
-0.1829556923076923
0.018775384615384614
0.13893784615384613
0.28392553846153845
0.37196123076923077
0.3577753846153846
0.39908123076923074
0.3571495384615384
0.34296369230769225
0.3160523076923077
0.1867107692307692
0.07218092307692307
-0.059038153846153844
-0.09909230769230769
-0.10576799999999999
-0.18399876923076922
-0.23782153846153845
-0.309168
-0.29039261538461536
-0.1860849230769231
-0.12454338461538461
-0.03358707692307692
0.019609846153846155
0.07927384615384615
0.20652923076923077
0.2724516923076923
0.31918153846153846
0.31500923076923076
0.23928184615384615
0.21737723076923077
0.19317784615384614
0.15187199999999998
0.08094276923076923
-0.043600615384615383
-0.13852061538461538
-0.2225926153846154
-0.26348123076923075
-0.2695310769230769
-0.2526332307692308
-0.17273353846153844
-0.10806276923076923
0.006258461538461538
0.1733593846153846
0.2962338461538461
0.4072172307692307
0.45040061538461534
0.43934399999999996
0.41013784615384613
0.30416123076923074
0.19046584615384615
0.037967999999999995
-0.1462393846153846
-0.26076923076923075
-0.3402516923076923
-0.3573581538461538
-0.35339446153846155
-0.33816553846153846
-0.24554030769230767
-0.12037107692307693
0.020652923076923076
0.13059323076923077
0.19568123076923075
0.268488
0.3039526153846154
0.30019753846153846
0.25513661538461535
0.13434830769230768
0.018358153846153843
-0.10138707692307691
-0.2194633846153846
-0.27328615384615385
-0.31751261538461534
-0.3252313846153846
-0.29685969230769227
-0.2605606153846154
-0.1656406153846154
-0.055491692307692304
0.054657230769230764
0.14519630769230768
0.1858763076923077
0.20047938461538461
0.17565415384615385
0.14853415384615384
0.10910584615384614
0.03692492307692308
-0.027328615384615382
-0.09262523076923077
-0.12350030769230769
-0.12162276923076921
-0.12329169230769231
-0.09867507692307692
-0.0853236923076923
-0.07572738461538461
-0.024408000000000003
0.021278769230769233
0.04109723076923077
0.024408000000000003
-0.017315076923076923
-0.02086153846153846
0.005424
0.03108369230769231
0.043600615384615383
0.021904615384615383
0.0018775384615384615
-0.009387692307692307
-0.010848
-0.007927384615384614
-0.035255999999999996
-0.059664
-0.09408553846153846
-0.11974523076923077
-0.11286092307692308
-0.11745046153846153
-0.10827138461538462
-0.09304246153846155
-0.07823076923076923
-0.04214030769230769
-0.00855323076923077
0.03129230769230769
0.07092923076923077
0.07259815384615384
0.07030338461538461
0.08156861538461539
0.09074769230769231
0.10743692307692307
0.10618523076923077
0.08949599999999999
0.06675692307692307
0.049233230769230765
0.04756430769230769
0.032544
0.026702769230769228
0.021696
0.01814953846153846
0.04109723076923077
0.05674338461538461
0.07802215384615384
0.09909230769230769
0.116616
0.15333230769230768
0.17899199999999998
0.1940123076923077
0.206112
0.1927606153846154
0.15875630769230767
0.1136953846153846
0.0609156923076923
0.013768615384615384
-0.03755076923076923
-0.09596307692307693
-0.15500123076923078
-0.19964492307692308
-0.2209236923076923
-0.2140393846153846
-0.16710092307692306
-0.10597661538461538
-0.02858030769230769
0.04965046153846154
0.10889723076923077
0.15687876923076924
0.17732307692307692
0.1733593846153846
0.1476996923076923
0.09471138461538461
0.021904615384615383
-0.053614153846153846
-0.12642092307692307
-0.17419384615384614
-0.19317784615384614
-0.19755876923076923
-0.17461107692307692
-0.14018953846153845
-0.08887015384615385
-0.03024923076923077
0.017315076923076923
0.05757784615384615
0.08219446153846154
0.10389046153846154
0.11411261538461538
0.09825784615384614
0.06321046153846153
0.01272553846153846
-0.046104
-0.09658892307692307
-0.132888
-0.154584
-0.18086953846153844
-0.19735015384615384
-0.1792006153846154
-0.1435273846153846
-0.09012184615384615
-0.04860738461538461
-0.015020307692307692
0.020027076923076922
0.046104
0.07510153846153846
0.0892873846153846
0.08887015384615385
0.06821723076923077
0.02858030769230769
-0.0025033846153846152
-0.023990769230769232
-0.03212676923076923
-0.03275261538461539
-0.047981538461538464
-0.061750153846153844
-0.05382276923076923
-0.03483876923076923
-0.0025033846153846152
0.02795446153846154
0.04422646153846154
0.05611753846153846
0.06195876923076923
0.07677046153846154
0.08845292307692308
0.08511507692307693
0.07468430769230769
0.056326153846153845
0.03838523076923077
0.02524246153846154
0.011265230769230769
-0.017315076923076923
-0.05298830769230769
-0.07426707692307692
-0.07301538461538462
-0.051319384615384614
-0.026702769230769228
-0.013142769230769229
0.006884307692307692
0.04109723076923077
0.07656184615384615
0.10368184615384615
0.10201292307692307
0.08073415384615384
0.04902461538461538
0.0077187692307692304
-0.027745846153846152
-0.05799507692307692
-0.092208
-0.12287446153846153
-0.12558646153846154
-0.0974233846153846
-0.04693846153846153
0.004589538461538461
0.04693846153846153
0.08240307692307691
0.11682461538461539
0.14957723076923077
0.1637630769230769
0.15896492307692306
0.12391753846153845
0.07343261538461537
0.027328615384615382
-0.006675692307692307
-0.026702769230769228
-0.04631261538461538
-0.05528307692307692
-0.04631261538461538
-0.013351384615384614
0.03400430769230769
0.078648
0.11348676923076922
0.12829846153846153
0.130176
0.12329169230769231
0.11891076923076922
0.1097316923076923
0.07969107692307692
0.04526953846153846
0.009387692307692307
-0.015854769230769228
-0.01940123076923077
-0.018983999999999997
-0.017732307692307693
-0.015854769230769228
-0.0035464615384615383
0.018775384615384614
0.040679999999999994
0.06487938461538462
0.07927384615384615
0.06863446153846153
0.045060923076923075
0.018775384615384614
-0.011682461538461537
-0.048816000000000005
-0.0963803076923077
-0.12037107692307693
-0.12016246153846154
-0.10138707692307691
-0.05757784615384615
-0.011891076923076923
0.04318338461538461
0.09658892307692307
0.13768615384615385
0.16584923076923075
0.17085599999999998
0.1597993846153846
0.1341396923076923
0.10910584615384614
0.09012184615384615
0.07280676923076923
0.06216738461538462
0.051319384615384614
0.05298830769230769
0.07155507692307693
0.09179076923076923
0.11557292307692307
0.13101046153846155
0.13372246153846154
0.12412615384615384
0.09763200000000001
0.07635323076923077
0.04693846153846153
0.006675692307692307
-0.024408000000000003
-0.045895384615384616
-0.04944184615384615
-0.05674338461538461
-0.06905169230769231
-0.08302892307692307
-0.09825784615384614
-0.09909230769230769
-0.0936683076923077
-0.07426707692307692
-0.05590892307692308
-0.04276615384615385
-0.02357353846153846
-0.00855323076923077
0.011265230769230769
0.021487384615384613
0.021904615384615383
0.03275261538461539
0.04172307692307692
0.0446436923076923
0.04714707692307692
0.042974769230769226
0.03942830769230769
0.033169846153846154
0.02753723076923077
0.031918153846153846
0.03358707692307692
0.031918153846153846
0.029414769230769227
0.04693846153846153
0.07697907692307693
0.10430769230769231
0.132888
0.13852061538461538
0.12099692307692309
0.08386338461538462
0.03984553846153846
-0.0043809230769230765
-0.058829538461538454
-0.11745046153846153
-0.16313723076923078
-0.18232984615384615
-0.18066092307692305
-0.154584
-0.11265230769230769
-0.059038153846153844
0.0033378461538461535
0.06571384615384615
0.12099692307692309
0.15792184615384616
0.16835261538461538
0.15270646153846154
0.1136953846153846
0.05924676923076923
0.006467076923076923
-0.04526953846153846
-0.09700615384615385
-0.12975876923076923
-0.13184492307692308
-0.10660246153846153
-0.054657230769230764
0.011682461538461537
0.08323753846153846
0.1476996923076923
0.20110523076923076
0.23177169230769232
0.23156307692307693
0.20027076923076922
0.138312
0.07030338461538461
0.003755076923076923
-0.05298830769230769
-0.100344
-0.13330523076923076
-0.14018953846153845
-0.119328
-0.06988615384615385
-0.006049846153846154
0.06070707692307692
0.11098338461538461
0.14415323076923076
0.16271999999999998
0.15270646153846154
0.11348676923076922
0.06633969230769231
0.025033846153846153
-0.0070929230769230765
-0.02524246153846154
-0.03692492307692308
-0.02899753846153846
-0.0077187692307692304
0.03045784615384615
0.09158215384615384
0.1422756923076923
0.18107815384615383
0.19797599999999999
0.1913003076923077
0.16730953846153845
0.12037107692307693
0.061750153846153844
-0.0022947692307692304
-0.07280676923076923
-0.157296
-0.24491446153846153
-0.336288
-0.4145187692307692
-0.5065181538461538
-0.5194523076923077
-0.41723076923076924
-0.2578486153846154
0.015020307692307692
0.26348123076923075
0.5192436923076923
0.7493464615384616
0.896628923076923
0.9802836923076922
0.8763932307692307
0.6679864615384614
0.3373310769230769
-0.03379569230769231
-0.36570276923076916
-0.6588073846153846
-0.8578264615384615
-0.9744424615384616
-0.9441932307692308
-0.768121846153846
-0.4798153846153846
-0.12808984615384614
0.2090326153846154
0.4645864615384615
0.6323132307692307
0.676956923076923
0.6172929230769231
0.48106707692307693
0.19672430769230767
-0.11953661538461538
-0.4182738461538461
-0.6316873846153847
-0.6752879999999999
-0.6241772307692307
-0.48419630769230765
-0.32564861538461537
-0.19380369230769232
-0.05820369230769231
0.06279323076923077
0.14081538461538462
0.1639716923076923
0.13393107692307693
0.12412615384615384
0.16188553846153847
0.22488738461538463
0.28851507692307693
0.2830910769230769
0.22447015384615385
0.11578153846153846
-0.01272553846153846
-0.12808984615384614
-0.2574313846153846
-0.3611132307692308
-0.44414215384615385
-0.499008
-0.4714707692307692
-0.4030449230769231
-0.3047870769230769
-0.18858830769230767
-0.06613107692307692
0.09867507692307692
0.28246523076923075
0.4549901538461538
0.574944
0.5943452307692307
0.4965046153846154
0.29185292307692307
0.030875076923076922
-0.25951753846153847
-0.5626356923076923
-0.8119310769230769
-0.9560843076923077
-0.9300073846153846
-0.7322399999999999
-0.4378836923076923
-0.08010830769230769
0.2680707692307692
0.5686855384615385
0.8048381538461538
0.9093544615384616
0.8828603076923076
0.7334916923076923
0.4925409230769231
0.23218892307692307
-0.029414769230769227
-0.2578486153846154
-0.42015138461538465
-0.5127766153846154
-0.5161144615384615
-0.44414215384615385
-0.30144923076923075
-0.10368184615384615
0.0974233846153846
0.3035353846153846
0.45686769230769225
0.5430258461538462
0.5703544615384616
0.4921236923076923
0.36382523076923073
0.18963138461538462
0.0016689230769230767
-0.13476553846153844
-0.2330233846153846
-0.28100492307692304
-0.27474646153846155
-0.2238443076923077
-0.13768615384615385
-0.03337846153846154
0.04693846153846153
0.08574092307692306
0.084072
0.05507446153846154
0.03775938461538462
0.03108369230769231
0.02545107692307692
0.02524246153846154
0.03483876923076923
0.0678
0.13372246153846154
0.20715507692307691
0.254928
0.26222953846153846
0.2275993846153846
0.16480615384615382
0.08073415384615384
-0.03024923076923077
-0.1597993846153846
-0.26869661538461537
-0.3269003076923077
-0.3216849230769231
-0.2517987692307692
-0.132888
0.010222153846153844
0.1489513846153846
0.2659846153846154
0.3648683076923077
0.4282873846153846
0.4188996923076923
0.3346190769230769
0.1867107692307692
-0.0002086153846153846
-0.18191261538461537
-0.34046030769230773
-0.4622916923076923
-0.5248763076923078
-0.5296744615384615
-0.45978830769230766
-0.31250584615384613
-0.12558646153846154
0.06028984615384615
0.20819815384615384
0.31000246153846156
0.3648683076923077
0.37008369230769234
0.32210215384615387
0.214248
0.07009476923076922
-0.06425353846153846
-0.154584
-0.18504184615384617
-0.15938215384615384
-0.09158215384615384
-0.01043076923076923
0.06446215384615385
0.14144123076923076
0.19588984615384614
0.21487384615384614
0.19380369230769232
0.12120553846153845
0.031709538461538456
-0.05674338461538461
-0.12350030769230769
-0.15604430769230768
-0.16480615384615382
-0.13601723076923075
-0.06571384615384615
0.042557538461538466
0.1693956923076923
0.2912270769230769
0.3846867692307692
0.42494953846153843
0.4076344615384615
0.3373310769230769
0.22530461538461538
0.0880356923076923
-0.05236246153846154
-0.16063384615384615
-0.2125790769230769
-0.21341353846153846
-0.15416676923076922
-0.051528
0.07259815384615384
0.20423446153846153
0.3012406153846154
0.3554806153846154
0.3425464615384616
0.26139507692307695
0.1422756923076923
0.004798153846153846
-0.10994030769230768
-0.20944984615384615
-0.2799618461538461
-0.30562153846153844
-0.2947735384615384
-0.22551323076923077
-0.12308307692307692
-0.01981846153846154
0.07155507692307693
0.13101046153846155
0.15291507692307693
0.13226215384615383
0.06571384615384615
-0.033169846153846154
-0.14102399999999998
-0.2292683076923077
-0.27787569230769227
-0.28663753846153844
-0.24908676923076922
-0.16856123076923077
-0.06279323076923077
0.059664
0.17711446153846155
0.26681907692307694
0.3045784615384615
0.28017046153846153
0.21195323076923075
0.11452984615384615
0.01043076923076923
-0.08198584615384615
-0.154584
-0.1913003076923077
-0.18316430769230768
-0.12016246153846154
-0.018983999999999997
0.08782707692307692
0.18232984615384615
0.24741784615384615
0.2822566153846154
0.28434276923076923
0.24470584615384613
0.16188553846153847
0.04860738461538461
-0.08073415384615384
-0.1910916923076923
-0.25451076923076926
-0.27474646153846155
-0.24554030769230767
-0.1867107692307692
-0.0988836923076923
0.006884307692307692
0.10576799999999999
0.18483323076923078
0.21341353846153846
0.20110523076923076
0.1543753846153846
0.09429415384615383
0.04422646153846154
-0.005841230769230769
-0.03921969230769231
-0.05048492307692308
-0.029623384615384614
0.024199384615384616
0.08824430769230769
0.15145476923076923
0.19150892307692308
0.20173107692307693
0.18754523076923074
0.143736
0.07802215384615384
-0.004798153846153846
-0.0936683076923077
-0.16772676923076923
-0.21508246153846153
-0.22321846153846153
-0.18775384615384613
-0.119328
-0.03066646153846154
0.06049846153846154
0.14519630769230768
0.20673784615384616
0.22718215384615387
0.2073636923076923
0.1424843076923077
0.053614153846153846
-0.03337846153846154
-0.10868861538461538
-0.16313723076923078
-0.19588984615384614
-0.1994363076923077
-0.16292861538461537
-0.0961716923076923
-0.011265230769230769
0.06946892307692307
0.12767261538461538
0.16689230769230767
0.18170399999999998
0.17085599999999998
0.13121907692307694
0.06487938461538462
-0.017940923076923077
-0.09596307692307693
-0.1502030769230769
-0.18712800000000002
-0.20861538461538462
-0.21237046153846154
-0.19296923076923078
-0.15208061538461537
-0.09950953846153845
-0.04756430769230769
-0.013560000000000001
-0.002086153846153846
-0.006049846153846154
-0.015020307692307692
-0.018358153846153843
-0.018775384615384614
-0.01856676923076923
-0.007301538461538462
0.007510153846153846
0.02795446153846154
0.06049846153846154
0.08699261538461538
0.10618523076923077
0.10076123076923077
0.07489292307692308
0.040679999999999994
-0.011265230769230769
-0.06675692307692307
-0.12725538461538463
-0.1802436923076923
-0.19964492307692308
-0.1777403076923077
-0.11745046153846153
-0.027745846153846152
0.08177723076923075
0.18942276923076923
0.2862203076923077
0.35694092307692304
0.37738523076923075
0.3323243076923077
0.22989415384615383
0.08887015384615385
-0.06613107692307692
-0.20798953846153845
-0.3269003076923077
-0.4022104615384615
-0.4184824615384615
-0.37237846153846155
-0.2670276923076923
-0.124752
0.03609046153846154
0.18170399999999998
0.29832
0.3821833846153846
0.4151446153846154
0.3917796923076923
0.3079163076923077
0.18170399999999998
0.03108369230769231
-0.12350030769230769
-0.25534523076923077
-0.3508910769230769
-0.4011673846153846
-0.40283630769230766
-0.3481790769230769
-0.24449723076923074
-0.0961716923076923
0.06550523076923077
0.20402584615384614
0.30666461538461537
0.36403384615384615
0.37196123076923077
0.32210215384615387
0.2303113846153846
0.11223507692307692
-0.011265230769230769
-0.12037107692307693
-0.1942209230769231
-0.2275993846153846
-0.23782153846153845
-0.23156307692307693
-0.20694646153846152
-0.15833907692307692
-0.10576799999999999
-0.059664
-0.021487384615384613
0.010013538461538461
0.04819015384615385
0.08657538461538461
0.132888
0.1718990769230769
0.19067446153846154
0.19818461538461538
0.1794092307692308
0.143736
0.09512861538461538
0.023782153846153845
-0.059038153846153844
-0.1358086153846154
-0.1923433846153846
-0.21821169230769227
-0.21696000000000001
-0.18963138461538462
-0.13309661538461537
-0.06049846153846154
0.03671630769230769
0.13601723076923075
0.22134092307692307
0.28121353846153846
0.30520430769230766
0.3072904615384615
0.26765353846153844
0.1869193846153846
0.0717636923076923
-0.05507446153846154
-0.1783661538461538
-0.27850153846153847
-0.3252313846153846
-0.3243969230769231
-0.2849686153846154
-0.21049292307692305
-0.10222153846153846
0.03504738461538461
0.16438892307692307
0.2586830769230769
0.32210215384615387
0.3369138461538461
0.3187643076923077
0.2707827692307692
0.1927606153846154
0.10639384615384614
0.003963692307692307
-0.09241661538461539
-0.14916
-0.16063384615384615
-0.12308307692307692
-0.06300184615384616
0.0070929230769230765
0.09179076923076923
0.1637630769230769
0.2275993846153846
0.2557624615384615
0.22488738461538463
0.15124615384615384
0.043392
-0.062376
-0.154584
-0.22572184615384616
-0.260352
-0.2618123076923077
-0.21633415384615384
-0.13497415384615385
-0.0446436923076923
0.03379569230769231
0.0828203076923077
0.12141415384615384
0.14269292307692305
0.12725538461538463
0.0934596923076923
0.019609846153846155
-0.10096984615384616
-0.19526400000000002
-0.24178523076923078
-0.23114584615384615
-0.1718990769230769
-0.10576799999999999
-0.001043076923076923
0.13476553846153844
0.273912
0.37363015384615383
0.3978295384615384
0.3836436923076923
0.3210590769230769
0.18066092307692305
0.025033846153846153
-0.11995384615384615
-0.2768326153846154
-0.38885907692307686
-0.46437784615384614
-0.48023261538461537
-0.42265476923076917
-0.2897667692307692
-0.08594953846153845
0.09387692307692307
0.2680707692307692
0.3675803076923077
0.4078430769230769
0.42474092307692307
0.3373310769230769
0.22196676923076922
0.05173661538461538
-0.11244369230769231
-0.1873366153846154
-0.249504
-0.24512307692307692
-0.2056947692307692
-0.14206707692307693
-0.012934153846153845
0.08615815384615384
0.1760713846153846
0.23615261538461538
0.22342707692307692
0.23010276923076922
0.222384
0.2073636923076923
0.18754523076923074
0.1397723076923077
0.13476553846153844
0.11265230769230769
0.0855323076923077
0.062376
0.019609846153846155
0.011473846153846154
-0.006258461538461538
-0.026494153846153844
-0.026702769230769228
-0.03859384615384615
-0.027120000000000002
-0.015020307692307692
-0.01814953846153846
0.013560000000000001
0.03629907692307692
0.06279323076923077
0.10848000000000001
0.1435273846153846
0.1846246153846154
0.20402584615384614
0.21091015384615383
0.19693292307692306
0.1358086153846154
0.05444861538461539
-0.03775938461538462
-0.11014892307692307
-0.15646153846153846
-0.18379015384615385
-0.16105107692307694
-0.10493353846153847
-0.01668923076923077
0.08615815384615384
0.1502030769230769
0.19839323076923077
0.2073636923076923
0.16730953846153845
0.11599015384615384
0.028163076923076923
-0.0771876923076923
-0.1704387692307692
-0.23886461538461537
-0.260352
-0.25284184615384614
-0.20193969230769232
-0.10910584615384614
-0.014603076923076923
0.0892873846153846
0.16480615384615382
0.2056947692307692
0.22488738461538463
0.19296923076923078
0.13768615384615385
0.05298830769230769
-0.042348923076923076
-0.1151556923076923
-0.19046584615384615
-0.23072861538461537
-0.22634769230769228
-0.18483323076923078
-0.08782707692307692
0.018775384615384614
0.1207883076923077
0.20986707692307693
0.2586830769230769
0.27182584615384614
0.2374043076923077
0.16105107692307694
0.06383630769230769
-0.04214030769230769
-0.13935507692307691
-0.208824
-0.23969907692307693
-0.22718215384615387
-0.1883796923076923
-0.12704676923076924
-0.05382276923076923
0.013560000000000001
0.07009476923076922
0.08156861538461539
0.07072061538461538
0.03984553846153846
-0.013351384615384614
-0.06341907692307691
-0.12955015384615384
-0.17273353846153844
-0.1800350769230769
-0.16897846153846155
-0.13309661538461537
-0.08887015384615385
-0.03901107692307692
0.015228923076923076
0.05736923076923077
0.08156861538461539
0.07969107692307692
0.04693846153846153
0.0014603076923076922
-0.051319384615384614
-0.1028473846153846
-0.13601723076923075
-0.15082892307692305
-0.13372246153846154
-0.10243015384615384
-0.058412307692307694
0.00855323076923077
0.06529661538461538
0.11014892307692307
0.12266584615384615
0.09909230769230769
0.05862092307692307
-0.008761846153846153
-0.07739630769230768
-0.14206707692307693
-0.20256553846153844
-0.2275993846153846
-0.21737723076923077
-0.1666836923076923
-0.08907876923076924
-0.01814953846153846
0.045060923076923075
0.08887015384615385
0.12579507692307693
0.14749107692307692
0.13059323076923077
0.0963803076923077
0.037342153846153844
-0.019609846153846155
-0.05611753846153846
-0.08469784615384615
-0.08615815384615384
-0.06696553846153847
-0.021278769230769233
0.051319384615384614
0.13309661538461537
0.21737723076923077
0.2849686153846154
0.32335384615384616
0.32085046153846153
0.2807963076923077
0.22572184615384616
0.15833907692307692
0.0855323076923077
0.013768615384615384
-0.04819015384615385
-0.08574092307692306
-0.09533723076923077
-0.07593599999999999
-0.03504738461538461
0.015020307692307692
0.06592246153846154
0.11306953846153844
0.14811692307692306
0.1614683076923077
0.14582215384615385
0.10618523076923077
0.05945538461538461
0.012934153846153845
-0.024199384615384616
-0.05716061538461538
-0.08761846153846153
-0.09429415384615383
-0.07677046153846154
-0.042348923076923076
-0.0002086153846153846
0.033169846153846154
0.054657230769230764
0.06008123076923077
0.05778646153846154
0.059872615384615385
0.05277969230769231
0.029414769230769227
-0.003755076923076923
-0.037967999999999995
-0.06008123076923077
-0.07802215384615384
-0.08949599999999999
-0.08511507692307693
-0.07927384615384615
-0.06446215384615385
-0.03337846153846154
0.004798153846153846
0.04172307692307692
0.05799507692307692
0.05757784615384615
0.046104
0.028163076923076923
0.017315076923076923
0.002086153846153846
-0.010848
-0.013560000000000001
-0.008970461538461538
0.011473846153846154
0.04214030769230769
0.07197230769230768
0.09429415384615383
0.11098338461538461
0.12287446153846153
0.12266584615384615
0.11411261538461538
0.09095630769230768
0.05674338461538461
0.026702769230769228
0.010013538461538461
0.003963692307692307
0.0008344615384615384
-0.008970461538461538
-0.02086153846153846
-0.02232184615384615
-0.026702769230769228
-0.027745846153846152
-0.029414769230769227
-0.03671630769230769
-0.03880246153846154
-0.04401784615384615
-0.04214030769230769
-0.03901107692307692
-0.041514461538461535
-0.037967999999999995
-0.03483876923076923
-0.024199384615384616
-0.0025033846153846152
0.01043076923076923
0.014603076923076923
0.014185846153846153
0.007301538461538462
0.004589538461538461
0.008136
0.010639384615384617
0.007927384615384614
0.0025033846153846152
0.009804923076923077
0.03483876923076923
0.06446215384615385
0.09179076923076923
0.10868861538461538
0.11703323076923078
0.11870215384615385
0.10806276923076923
0.0828203076923077
0.03609046153846154
-0.02211323076923077
-0.07531015384615385
-0.10827138461538462
-0.12496061538461539
-0.13476553846153844
-0.138312
-0.14018953846153845
-0.1287156923076923
-0.10117846153846152
-0.06946892307692307
-0.04401784615384615
-0.03024923076923077
-0.02357353846153846
-0.021487384615384613
-0.023990769230769232
-0.024199384615384616
-0.022947692307692308
-0.024408000000000003
-0.02899753846153846
-0.03337846153846154
-0.029414769230769227
-0.027328615384615382
-0.029206153846153847
-0.03150092307692308
-0.028163076923076923
-0.013560000000000001
0.007510153846153846
0.033169846153846154
0.05382276923076923
0.06842584615384616
0.08907876923076924
0.124752
0.15875630769230767
0.1802436923076923
0.18629353846153843
0.17419384615384614
0.16438892307692307
0.15479261538461536
0.1316363076923077
0.0936683076923077
0.04422646153846154
-0.0016689230769230767
-0.03442153846153846
-0.05799507692307692
-0.07593599999999999
-0.08135999999999999
-0.06300184615384616
-0.023782153846153845
0.03400430769230769
0.09554584615384615
0.13789476923076924
0.16251138461538459
0.165432
0.13935507692307691
0.09554584615384615
0.03713353846153846
-0.03129230769230769
-0.0936683076923077
-0.14582215384615385
-0.168144
-0.16000799999999998
-0.13330523076923076
-0.08887015384615385
-0.04547815384615384
0.0025033846153846152
0.04965046153846154
0.07426707692307692
0.07280676923076923
0.04172307692307692
-0.005841230769230769
-0.05674338461538461
-0.10013538461538461
-0.12955015384615384
-0.15354092307692307
-0.168144
-0.15792184615384616
-0.11578153846153846
-0.04819015384615385
0.016063384615384615
0.06216738461538462
0.09658892307692307
0.11536430769230768
0.1353913846153846
0.1449876923076923
0.1356
0.11911938461538461
0.0934596923076923
0.08010830769230769
0.07238953846153846
0.07489292307692308
0.07238953846153846
0.05048492307692308
0.04109723076923077
0.042557538461538466
0.05403138461538461
0.06258461538461538
0.06070707692307692
0.06821723076923077
0.07468430769230769
0.08219446153846154
0.09658892307692307
0.0974233846153846
0.08052553846153847
0.053405538461538456
0.02482523076923077
0.012308307692307691
0.0043809230769230765
-0.009596307692307692
-0.02545107692307692
-0.045895384615384616
-0.05382276923076923
-0.05090215384615384
-0.05277969230769231
-0.058412307692307694
-0.0717636923076923
-0.07405846153846153
-0.05298830769230769
-0.01981846153846154
0.02795446153846154
0.06675692307692307
0.10117846153846152
0.13247076923076923
0.15374953846153847
0.16251138461538459
0.130176
0.07113784615384615
-0.002086153846153846
-0.07134646153846153
-0.12037107692307693
-0.15416676923076922
-0.1712732307692308
-0.1710646153846154
-0.14123261538461537
-0.07843938461538462
0.008761846153846153
0.10222153846153846
0.17669723076923077
0.21111876923076925
0.21862892307692305
0.20548615384615385
0.16188553846153847
0.09992676923076924
0.01397723076923077
-0.08177723076923075
-0.16897846153846155
-0.235944
-0.26160369230769226
-0.2709913846153846
-0.2643156923076923
-0.23364923076923078
-0.18399876923076922
-0.10722830769230769
-0.029414769230769227
0.03713353846153846
0.08344615384615384
0.09992676923076924
0.11077476923076923
0.1097316923076923
0.08636676923076922
0.04631261538461538
-0.01272553846153846
-0.06133292307692308
-0.08991323076923076
-0.09491999999999999
-0.08010830769230769
-0.06049846153846154
-0.026911384615384615
0.015854769230769228
0.06341907692307691
0.09909230769230769
0.11014892307692307
0.07489292307692308
0.02044430769230769
-0.03775938461538462
-0.08323753846153846
-0.12204
-0.16876984615384616
-0.17377661538461536
-0.154584
-0.06028984615384615
0.11202646153846153
0.34630153846153844
0.5446947692307692
0.7053286153846154
0.8720123076923078
0.9715218461538461
1.0407821538461537
0.9262523076923077
0.6732018461538462
0.30666461538461537
-0.14811692307692306
-0.5380190769230769
-0.9542067692307693
-1.2690073846153846
-1.4690695384615384
-1.5011963076923076
-1.256281846153846
-0.8457267692307692
-0.2578486153846154
0.3456756923076923
0.882025846153846
1.347238153846154
1.6080073846153846
1.660787076923077
1.4475821538461537
0.9865421538461538
0.4011673846153846
-0.2864289230769231
-0.9199938461538462
-1.3831200000000001
-1.689576
-1.7467366153846153
-1.6052953846153846
-1.264417846153846
-0.7426707692307692
-0.1704387692307692
0.4460196923076923
0.9683926153846153
1.3217870769230768
1.5201803076923075
1.5272732307692307
1.3762356923076924
1.0541335384615385
0.5816196923076923
0.05528307692307692
-0.4714707692307692
-0.9106061538461538
-1.2172707692307692
-1.3877095384615385
-1.3933421538461537
-1.2473113846153847
-0.9469052307692308
-0.5409396923076923
-0.11724184615384614
0.3072904615384615
0.6729932307692307
0.956292923076923
1.1657427692307691
1.231873846153846
1.1649083076923077
0.9571273846153846
0.6298098461538462
0.24846092307692308
-0.18629353846153843
-0.6110344615384615
-0.9825784615384614
-1.2683815384615384
-1.4208793846153844
-1.4231741538461538
-1.2418873846153846
-0.892248
-0.4216116923076923
0.13309661538461537
0.7015735384615385
1.2189396923076923
1.6084246153846153
1.8064006153846153
1.7842873846153846
1.5178855384615382
1.0679021538461537
0.508187076923077
-0.11327815384615383
-0.711169846153846
-1.2310393846153844
-1.5890233846153845
-1.7202424615384615
-1.6288689230769229
-1.3109390769230769
-0.8202756923076923
-0.21508246153846153
0.4622916923076923
1.0998203076923077
1.597993846153846
1.877955692307692
1.8908898461538461
1.654945846153846
1.2072572307692309
0.6227169230769231
-0.018775384615384614
-0.6458732307692308
-1.1734615384615383
-1.5397901538461538
-1.707516923076923
-1.6438892307692308
-1.372272
-0.9387692307692307
-0.41326707692307696
0.12037107692307693
0.6139550769230769
0.995929846153846
1.2272843076923077
1.2890344615384615
1.1713753846153845
0.913944
0.5661821538461538
0.1792006153846154
-0.20298276923076922
-0.5446947692307692
-0.8138086153846154
-0.97632
-1.0220067692307693
-0.9487827692307692
-0.780012923076923
-0.5482412307692307
-0.273912
0.01856676923076923
0.3114627692307692
0.5703544615384616
0.7589427692307691
0.8588695384615385
0.8730553846153846
0.8092190769230769
0.673619076923077
0.47230523076923075
0.22968553846153844
-0.025033846153846153
-0.28350830769230767
-0.519660923076923
-0.7168024615384616
-0.8555316923076923
-0.90852
-0.8715950769230769
-0.7393329230769231
-0.5284227692307693
-0.249504
0.07364123076923076
0.39991569230769225
0.6926030769230769
0.9026787692307692
1.0057347692307692
0.9838301538461538
0.8336270769230769
0.5839144615384615
0.2647329230769231
-0.08511507692307693
-0.41326707692307696
-0.6823809230769231
-0.8534455384615384
-0.9035132307692307
-0.8217359999999999
-0.6122861538461538
-0.33065538461538463
-0.014811692307692307
0.2951907692307692
0.565764923076923
0.7693735384615384
0.8747243076923077
0.8745156923076922
0.7787612307692308
0.6045673846153846
0.39595199999999997
0.1881710769230769
-0.018358153846153843
-0.18149538461538461
-0.2862203076923077
-0.32335384615384616
-0.29039261538461536
-0.21362215384615382
-0.11098338461538461
-0.01981846153846154
0.05194523076923077
0.10660246153846153
0.1314276923076923
0.13059323076923077
0.10660246153846153
0.06654830769230768
0.035255999999999996
0.020652923076923076
0.03024923076923077
0.06154153846153846
0.08699261538461538
0.10201292307692307
0.09512861538461538
0.06300184615384616
0.009804923076923077
-0.07468430769230769
-0.17565415384615385
-0.28163076923076924
-0.37196123076923077
-0.4174393846153846
-0.4120153846153846
-0.3550633846153846
-0.252216
-0.11181784615384616
0.056951999999999996
0.23072861538461537
0.3750904615384615
0.46542092307692307
0.482736
0.41910830769230767
0.28350830769230767
0.10535076923076922
-0.0880356923076923
-0.2862203076923077
-0.4581193846153846
-0.5759870769230769
-0.609156923076923
-0.5461550769230769
-0.4090947692307692
-0.22321846153846153
-0.016063384615384615
0.18983999999999998
0.368832
0.4879513846153846
0.5236246153846154
0.47001046153846154
0.34296369230769225
0.17502830769230768
-0.006258461538461538
-0.1696043076923077
-0.29748553846153847
-0.3784283076923077
-0.4017932307692308
-0.36319938461538465
-0.26911384615384615
-0.15562707692307692
-0.046104
0.04985907692307692
0.116616
0.14749107692307692
0.146448
0.11327815384615383
0.07113784615384615
0.03296123076923077
0.0022947692307692304
0.0029206153846153843
0.01981846153846154
0.042974769230769226
0.06446215384615385
0.07051199999999999
0.06571384615384615
0.044435076923076924
0.012099692307692308
-0.03337846153846154
-0.08699261538461538
-0.12433476923076923
-0.13747753846153846
-0.11599015384615384
-0.06383630769230769
0.0016689230769230767
0.07969107692307692
0.16313723076923078
0.2422024615384615
0.31083692307692307
0.3383741538461538
0.32210215384615387
0.26160369230769226
0.17002153846153847
0.07697907692307693
-0.017523692307692306
-0.10430769230769231
-0.173568
-0.206112
-0.18921415384615384
-0.1178676923076923
-0.010013538461538461
0.10076123076923077
0.19797599999999999
0.265776
0.29873723076923075
0.2870547692307692
0.22321846153846153
0.11306953846153844
-0.01940123076923077
-0.14394461538461537
-0.23448369230769228
-0.27140861538461536
-0.2605606153846154
-0.21028430769230766
-0.11765907692307691
-0.006258461538461538
0.11140061538461538
0.22321846153846153
0.2897667692307692
0.309168
0.27704123076923076
0.20444307692307692
0.12037107692307693
0.02315630769230769
-0.07072061538461538
-0.15145476923076923
-0.19755876923076923
-0.19296923076923078
-0.14874276923076923
-0.06884307692307692
0.023364923076923075
0.119328
0.21842030769230766
0.3081249230769231
0.3713353846153846
0.3775938461538461
0.32585723076923073
0.23281476923076924
0.10493353846153847
-0.03421292307692308
-0.16271999999999998
-0.27453784615384613
-0.3571495384615384
-0.3890676923076923
-0.3483876923076923
-0.24866953846153847
-0.11953661538461538
0.027120000000000002
0.16751815384615384
0.28246523076923075
0.3609046153846154
0.3826006153846154
0.34880492307692307
0.2586830769230769
0.12266584615384615
-0.024408000000000003
-0.16647507692307692
-0.2774584615384615
-0.35464615384615383
-0.39991569230769225
-0.3919883076923077
-0.34296369230769225
-0.2509643076923077
-0.12329169230769231
-0.0018775384615384615
0.10806276923076923
0.20235692307692305
0.2697396923076923
0.31751261538461534
0.3198073846153846
0.2772498461538462
0.18921415384615384
0.0771876923076923
-0.021070153846153846
-0.11911938461538461
-0.21883753846153844
-0.3072904615384615
-0.35923569230769226
-0.37321292307692305
-0.35193415384615384
-0.29498215384615384
-0.21925476923076925
-0.138312
-0.052153846153846155
0.04214030769230769
0.13372246153846154
0.20131384615384615
0.23114584615384615
0.23239753846153846
0.20256553846153844
0.14936861538461538
0.0798996923076923
-0.017523692307692306
-0.1205796923076923
-0.21883753846153844
-0.30207507692307695
-0.3419206153846154
-0.34171199999999996
-0.30416123076923074
-0.24282830769230768
-0.16063384615384615
-0.04965046153846154
0.06487938461538462
0.17711446153846155
0.26494153846153845
0.30937661538461536
0.32335384615384616
0.301032
0.2563883076923077
0.18796246153846152
0.08386338461538462
-0.03045784615384615
-0.12955015384615384
-0.19526400000000002
-0.22801661538461537
-0.23093723076923076
-0.2056947692307692
-0.14749107692307692
-0.053405538461538456
0.059038153846153844
0.17148184615384612
0.26097784615384617
0.314592
0.33962584615384617
0.33670523076923076
0.30374399999999996
0.2497126153846154
0.16647507692307692
0.06842584615384616
-0.01940123076923077
-0.09658892307692307
-0.14728246153846153
-0.17732307692307692
-0.19213476923076922
-0.1873366153846154
-0.15833907692307692
-0.09679753846153846
-0.025659692307692307
0.04276615384615385
0.08866153846153846
0.11035753846153845
0.12829846153846153
0.14957723076923077
0.16167692307692308
0.146448
0.11160923076923077
0.06967753846153846
0.04088861538461538
0.025659692307692307
0.017315076923076923
-0.0002086153846153846
-0.026285538461538457
-0.04985907692307692
-0.059664
-0.04985907692307692
-0.05173661538461538
-0.05590892307692308
-0.05027630769230769
-0.026911384615384615
0.02545107692307692
0.08657538461538461
0.13393107692307693
0.16230276923076925
0.17377661538461536
0.16584923076923075
0.13643446153846153
0.07697907692307693
-0.008970461538461538
-0.11891076923076922
-0.22530461538461538
-0.29685969230769227
-0.32982092307692307
-0.31229723076923077
-0.25930892307692305
-0.17711446153846155
-0.07593599999999999
0.028788923076923077
0.09241661538461539
0.124752
0.13789476923076924
0.11181784615384616
0.07489292307692308
0.002086153846153846
-0.052153846153846155
-0.11286092307692308
-0.13998092307692306
-0.143736
-0.042974769230769226
0.0826116923076923
0.03379569230769231
0.09241661538461539
0.065088
0.07280676923076923
0.08031692307692308
-0.01272553846153846
-0.04526953846153846
-0.21800307692307694
-0.19296923076923078
-0.15875630769230767
-0.0936683076923077
0.01272553846153846
-0.028163076923076923
0.08094276923076923
0.12850707692307692
0.26786215384615386
0.39052800000000004
0.29581661538461534
0.23072861538461537
0.06592246153846154
-0.022530461538461537
-0.030875076923076922
-0.10889723076923077
-0.10263876923076923
-0.146448
-0.20277415384615383
-0.11557292307692307
-0.041514461538461535
0.058412307692307694
0.124752
0.13038461538461538
0.1710646153846154
0.13267938461538462
0.17023015384615386
0.21696000000000001
0.19797599999999999
0.17419384615384614
0.09408553846153846
0.0853236923076923
0.08866153846153846
0.05069353846153846
0.03129230769230769
-0.04318338461538461
-0.10952307692307692
-0.08907876923076924
-0.06592246153846154
-0.02023569230769231
0.002086153846153846
-0.003129230769230769
0.04965046153846154
0.11202646153846153
0.1867107692307692
0.25305046153846156
0.24574892307692306
0.233232
0.22676492307692306
0.19442953846153843
0.12579507692307693
0.0012516923076923076
-0.10868861538461538
-0.23490092307692306
-0.3079163076923077
-0.31104553846153843
-0.287472
-0.17377661538461536
-0.08198584615384615
0.03504738461538461
0.20027076923076922
0.3045784615384615
0.38531261538461536
0.4047138461538461
0.35318584615384613
0.25159015384615385
0.07739630769230768
-0.07218092307692307
-0.20256553846153844
-0.3339932307692307
-0.3972036923076923
-0.4170221538461538
-0.3698750769230769
-0.29414769230769233
-0.21028430769230766
-0.07781353846153846
0.04672984615384615
0.16584923076923075
0.23469230769230767
0.23093723076923076
0.21612553846153845
0.14707384615384617
0.05945538461538461
0.001043076923076923
-0.08344615384615384
-0.13935507692307691
-0.1585476923076923
-0.1476996923076923
-0.06279323076923077
0.017315076923076923
0.086784
0.13372246153846154
0.13226215384615383
0.13226215384615383
0.1045163076923077
0.06008123076923077
0.0
-0.07197230769230768
-0.10743692307692307
-0.13038461538461538
-0.10201292307692307
-0.01668923076923077
0.06717415384615384
0.15416676923076922
0.20486030769230767
0.23093723076923076
0.24303692307692307
0.18253846153846154
0.09846646153846153
-0.009596307692307692
-0.14394461538461537
-0.23761292307692305
-0.29748553846153847
-0.31855569230769226
-0.2995716923076923
-0.249504
-0.154584
-0.022947692307692308
0.12141415384615384
0.2415766153846154
0.29581661538461534
0.2926873846153846
0.2588916923076923
0.21299630769230768
0.16584923076923075
0.078648
-0.016480615384615385
-0.111192
-0.1908830769230769
-0.1867107692307692
-0.15604430769230768
-0.08428061538461538
0.0077187692307692304
0.06321046153846153
0.13330523076923076
0.18775384615384613
0.222384
0.23177169230769232
0.19526400000000002
0.14728246153846153
0.08386338461538462
0.029832
0.005841230769230769
-0.01272553846153846
-0.016063384615384615
-0.03275261538461539
-0.04985907692307692
-0.03650769230769231
-0.047772923076923074
-0.06362769230769232
-0.08720123076923077
-0.12788123076923075
-0.13601723076923075
-0.13101046153846155
-0.08219446153846154
-0.006675692307692307
0.058829538461538454
0.1449876923076923
0.2075723076923077
0.260352
0.2993630769230769
0.29602523076923076
0.2588916923076923
0.1696043076923077
0.059872615384615385
-0.05611753846153846
-0.17481969230769231
-0.25951753846153847
-0.31688676923076925
-0.32898646153846156
-0.28204799999999997
-0.19317784615384614
-0.046104
0.09784061538461537
0.21904615384615383
0.3275261538461538
0.3721698461538462
0.3740473846153846
0.3129230769230769
0.1856676923076923
0.04276615384615385
-0.11891076923076922
-0.26723630769230766
-0.3784283076923077
-0.45916246153846146
-0.4758516923076923
-0.43162523076923076
-0.33607938461538456
-0.20277415384615383
-0.07197230769230768
0.06341907692307691
0.1704387692307692
0.23218892307692307
0.24720923076923076
0.19609846153846153
0.11473846153846154
-0.0008344615384615384
-0.12245723076923076
-0.2138307692307692
-0.28121353846153846
-0.30019753846153846
-0.2724516923076923
-0.20673784615384616
-0.10201292307692307
-0.005841230769230769
0.06216738461538462
0.1207883076923077
0.14916
0.15875630769230767
0.1476996923076923
0.10389046153846154
0.052571076923076915
-0.011473846153846154
-0.06070707692307692
-0.08177723076923075
-0.08302892307692307
-0.06049846153846154
-0.052153846153846155
-0.034630153846153845
0.002086153846153846
0.03755076923076923
0.08824430769230769
0.11473846153846154
0.11452984615384615
0.10430769230769231
0.07739630769230768
0.06592246153846154
0.054657230769230764
0.03233538461538461
0.01668923076923077
0.0029206153846153843
0.023364923076923075
0.07030338461538461
0.11974523076923077
0.16772676923076923
0.18399876923076922
0.18900553846153845
0.18483323076923078
0.16042523076923076
0.12537784615384615
0.06258461538461538
-0.012308307692307691
-0.08094276923076923
-0.13643446153846153
-0.15354092307692307
-0.15667015384615385
-0.15166338461538462
-0.1205796923076923
-0.07364123076923076
-0.006049846153846154
0.06028984615384615
0.10222153846153846
0.13080184615384613
0.14018953846153845
0.143736
0.1502030769230769
0.13706030769230768
0.11056615384615384
0.05757784615384615
0.0012516923076923076
-0.033169846153846154
-0.05945538461538461
-0.08073415384615384
-0.11265230769230769
-0.13393107692307693
-0.130176
-0.10013538461538461
-0.049233230769230765
0.0012516923076923076
0.041514461538461535
0.0744756923076923
0.1045163076923077
0.12579507692307693
0.12808984615384614
0.0936683076923077
0.029414769230769227
-0.044435076923076924
-0.11035753846153845
-0.1612596923076923
-0.19964492307692308
-0.22843384615384613
-0.25242461538461536
-0.24658338461538462
-0.20277415384615383
-0.1341396923076923
-0.06133292307692308
-0.006049846153846154
0.017732307692307693
0.024408000000000003
0.03713353846153846
0.05090215384615384
0.058412307692307694
0.03880246153846154
0.016272
0.012308307692307691
0.02211323076923077
0.04985907692307692
0.07113784615384615
0.08699261538461538
0.10576799999999999
0.13434830769230768
0.17294215384615383
0.20486030769230767
0.2157083076923077
0.19588984615384614
0.16584923076923075
0.1358086153846154
0.11306953846153844
0.09325107692307691
0.06926030769230769
0.06717415384615384
0.0826116923076923
0.1151556923076923
0.157296
0.18316430769230768
0.19004861538461537
0.1704387692307692
0.12996738461538462
0.07551876923076924
0.010639384615384617
-0.06696553846153847
-0.15124615384615384
-0.21633415384615384
-0.2399076923076923
-0.21341353846153846
-0.1639716923076923
-0.09283384615384616
-0.0043809230769230765
0.09158215384615384
0.18754523076923074
0.25346769230769234
0.28017046153846153
0.2453316923076923
0.16313723076923078
0.07280676923076923
-0.02023569230769231
-0.10368184615384615
-0.17628
-0.23406646153846156
-0.24846092307692308
-0.22864246153846152
-0.17544553846153846
-0.0961716923076923
-0.021070153846153846
0.056951999999999996
0.12725538461538463
0.18629353846153843
0.22029784615384615
0.2154996923076923
0.18212123076923076
0.12245723076923076
0.05674338461538461
-0.003129230769230769
-0.05590892307692308
-0.09846646153846153
-0.13393107692307693
-0.1462393846153846
-0.13038461538461538
-0.09784061538461537
-0.061124307692307686
-0.03483876923076923
-0.01397723076923077
0.002086153846153846
0.026076923076923077
0.051319384615384614
0.065088
0.07426707692307692
0.07635323076923077
0.0853236923076923
0.1028473846153846
0.11724184615384614
0.1205796923076923
0.10681107692307691
0.0853236923076923
0.05736923076923077
0.02795446153846154
-0.0029206153846153843
-0.05090215384615384
-0.086784
-0.10138707692307691
-0.09763200000000001
-0.07134646153846153
-0.04047138461538462
-0.0014603076923076922
0.030040615384615384
0.04547815384615384
0.05570030769230769
0.049233230769230765
0.013560000000000001
-0.04401784615384615
-0.10743692307692307
-0.14603076923076924
-0.15374953846153847
-0.14519630769230768
-0.12391753846153845
-0.09116492307692307
-0.04985907692307692
0.0
0.05570030769230769
0.10117846153846152
0.1207883076923077
0.10597661538461538
0.07468430769230769
0.03859384615384615
0.006884307692307692
-0.011682461538461537
-0.026494153846153844
-0.03066646153846154
-0.016063384615384615
0.009596307692307692
0.04422646153846154
0.07635323076923077
0.10159569230769232
0.11306953846153844
0.10243015384615384
0.07969107692307692
0.03755076923076923
-0.010848
-0.06967753846153846
-0.12662953846153846
-0.16105107692307694
-0.1804523076923077
-0.17252492307692308
-0.14582215384615385
-0.09846646153846153
-0.028371692307692306
0.052153846153846155
0.12516923076923075
0.1783661538461538
0.19985353846153847
0.1873366153846154
0.1476996923076923
0.0826116923076923
0.0077187692307692304
-0.08323753846153846
-0.15687876923076924
-0.21028430769230766
-0.2426196923076923
-0.252216
-0.26494153846153845
-0.2632726153846154
-0.23448369230769228
-0.12224861538461537
0.03650769230769231
0.23844738461538462
0.44351630769230765
0.5955969230769231
0.7307796923076922
0.7743803076923077
0.7618633846153846
0.6302270769230769
0.38572984615384615
0.11578153846153846
-0.15896492307692306
-0.3780110769230769
-0.5864178461538462
-0.7015735384615385
-0.7466344615384616
-0.6894738461538461
-0.4923323076923077
-0.2588916923076923
0.02044430769230769
0.26535876923076923
0.4599969230769231
0.5864178461538462
0.599352
0.513611076923077
0.3440067692307692
0.12266584615384615
-0.138312
-0.3790541538461539
-0.5755698461538461
-0.6777913846153846
-0.6556781538461539
-0.5567944615384616
-0.3790541538461539
-0.1693956923076923
0.03609046153846154
0.233232
0.3617390769230769
0.40200184615384615
0.3813489230769231
0.3062473846153846
0.23385784615384617
0.16438892307692307
0.07572738461538461
-0.01814953846153846
-0.1151556923076923
-0.17815753846153848
-0.22405292307692307
-0.26139507692307695
-0.29581661538461534
-0.31500923076923076
-0.2837169230769231
-0.23406646153846156
-0.1696043076923077
-0.09784061538461537
-0.041514461538461535
0.034630153846153845
0.10889723076923077
0.17252492307692308
0.2438713846153846
0.2883064615384615
0.32314523076923074
0.34066892307692304
0.3131316923076923
0.24011630769230768
0.12454338461538461
-0.01856676923076923
-0.16876984615384616
-0.2953993846153846
-0.3748818461538461
-0.3907366153846154
-0.3216849230769231
-0.18775384615384613
-0.02545107692307692
0.16480615384615382
0.33670523076923076
0.47418276923076924
0.5474067692307693
0.5184092307692307
0.41994276923076923
0.26869661538461537
0.09846646153846153
-0.06341907692307691
-0.21633415384615384
-0.33002953846153843
-0.3738387692307692
-0.3517255384615385
-0.27850153846153847
-0.1829556923076923
-0.08240307692307691
0.02858030769230769
0.14790830769230767
0.24658338461538462
0.29185292307692307
0.2897667692307692
0.24303692307692307
0.17148184615384612
0.09658892307692307
0.012934153846153845
-0.046104
-0.08031692307692308
-0.09909230769230769
-0.07948246153846153
-0.03588184615384615
0.02211323076923077
0.08073415384615384
0.10806276923076923
0.10263876923076923
0.06863446153846153
0.02023569230769231
-0.01981846153846154
-0.053614153846153846
-0.08574092307692306
-0.10263876923076923
-0.08448923076923077
-0.03629907692307692
0.028788923076923077
0.10514215384615383
0.16292861538461537
0.1927606153846154
0.1992276923076923
0.168144
0.119328
0.04568676923076923
-0.06550523076923077
-0.168144
-0.24199384615384617
-0.2730775384615384
-0.2426196923076923
-0.17502830769230768
-0.06988615384615385
0.06362769230769232
0.20381723076923075
0.33587076923076925
0.4174393846153846
0.44956615384615384
0.42661846153846156
0.3554806153846154
0.25346769230769234
0.11244369230769231
-0.02858030769230769
-0.15833907692307692
-0.2674449230769231
-0.31000246153846156
-0.3081249230769231
-0.2643156923076923
-0.1779489230769231
-0.08991323076923076
0.009179076923076922
0.10076123076923077
0.16438892307692307
0.21028430769230766
0.21612553846153845
0.18483323076923078
0.14060676923076923
0.08448923076923077
0.034630153846153845
-0.009596307692307692
-0.05590892307692308
-0.08907876923076924
-0.1028473846153846
-0.08031692307692308
-0.03984553846153846
0.002086153846153846
0.03838523076923077
0.05799507692307692
0.0771876923076923
0.09679753846153846
0.0974233846153846
0.09137353846153846
0.07969107692307692
0.06216738461538462
0.062376
0.06425353846153846
0.0826116923076923
0.10493353846153847
0.11473846153846154
0.13455692307692307
0.1356
0.12037107692307693
0.07802215384615384
0.0008344615384615384
-0.07802215384615384
-0.1558356923076923
-0.21153599999999997
-0.23177169230769232
-0.22175815384615383
-0.1869193846153846
-0.138312
-0.06383630769230769
0.02545107692307692
0.10159569230769232
0.14790830769230767
0.14874276923076923
0.11807630769230769
0.073224
0.01397723076923077
-0.04547815384615384
-0.11306953846153844
-0.17273353846153844
-0.19881046153846152
-0.20298276923076922
-0.17502830769230768
-0.12558646153846154
-0.07259815384615384
-0.013560000000000001
0.051528
0.11619876923076923
0.17002153846153847
0.1910916923076923
0.17648861538461538
0.14206707692307693
0.08323753846153846
0.03400430769230769
-0.021696
-0.08428061538461538
-0.12662953846153846
-0.14853415384615384
-0.1218313846153846
-0.07072061538461538
-0.015646153846153844
0.02482523076923077
0.05277969230769231
0.07572738461538461
0.07030338461538461
0.04965046153846154
0.006258461538461538
-0.05820369230769231
-0.1205796923076923
-0.14916
-0.12433476923076923
-0.06529661538461538
0.01272553846153846
0.0988836923076923
0.1794092307692308
0.2436627692307692
0.27871015384615383
0.268488
0.22029784615384615
0.12996738461538462
0.018358153846153843
-0.08782707692307692
-0.18858830769230767
-0.25346769230769234
-0.29456492307692306
-0.29456492307692306
-0.2342750769230769
-0.14477907692307693
-0.027120000000000002
0.08031692307692308
0.15667015384615385
0.2194633846153846
0.25513661538461535
0.2716172307692308
0.24637476923076923
0.16730953846153845
0.07155507692307693
-0.03129230769230769
-0.11557292307692307
-0.17732307692307692
-0.22113230769230768
-0.23406646153846156
-0.21779446153846155
-0.16251138461538459
-0.07384984615384615
0.013560000000000001
0.0963803076923077
0.15959076923076923
0.19735015384615384
0.2236356923076923
0.22196676923076922
0.21132738461538458
0.16793538461538463
0.09137353846153846
0.018983999999999997
-0.045895384615384616
-0.08448923076923077
-0.11077476923076923
-0.12350030769230769
-0.12162276923076921
-0.12099692307692309
-0.10514215384615383
-0.0717636923076923
-0.03838523076923077
-0.013142769230769229
-0.0008344615384615384
0.016272
0.0448523076923077
0.06675692307692307
0.07551876923076924
0.05862092307692307
0.031709538461538456
0.0035464615384615383
-0.03108369230769231
-0.078648
-0.15374953846153847
-0.23135446153846154
-0.28768061538461537
-0.30583015384615386
-0.2814221538461538
-0.22300984615384614
-0.14123261538461537
-0.0446436923076923
0.06571384615384615
0.1704387692307692
0.2482523076923077
0.2849686153846154
0.2726603076923077
0.21341353846153846
0.13747753846153846
0.059872615384615385
-0.019192615384615384
-0.08574092307692306
-0.14457046153846154
-0.18545907692307692
-0.18545907692307692
-0.14519630769230768
-0.07843938461538462
-0.006884307692307692
0.05820369230769231
0.12537784615384615
0.18316430769230768
0.2225926153846154
0.24032492307692307
0.22530461538461538
0.18483323076923078
0.13226215384615383
0.08386338461538462
0.053405538461538456
0.020652923076923076
-0.004798153846153846
-0.014811692307692307
-0.01272553846153846
0.008344615384615384
0.02524246153846154
0.02753723076923077
0.008761846153846153
-0.016063384615384615
-0.03588184615384615
-0.041514461538461535
-0.042557538461538466
-0.05090215384615384
-0.04652123076923077
-0.02586830769230769
0.021070153846153846
0.06821723076923077
0.10013538461538461
0.10952307692307692
0.08782707692307692
0.05486584615384615
0.008970461538461538
-0.047772923076923074
-0.10910584615384614
-0.1704387692307692
-0.21466523076923077
-0.2225926153846154
-0.19985353846153847
-0.15938215384615384
-0.11327815384615383
-0.07343261538461537
-0.03400430769230769
0.010013538461538461
0.05090215384615384
0.07426707692307692
0.08052553846153847
0.07656184615384615
0.06279323076923077
0.045895384615384616
0.014394461538461538
-0.02357353846153846
-0.06362769230769232
-0.10263876923076923
-0.11411261538461538
-0.10368184615384615
-0.07906523076923076
-0.05757784615384615
-0.040679999999999994
-0.010848
0.023364923076923075
0.06571384615384615
0.10138707692307691
0.12621230769230768
0.14436184615384615
0.1462393846153846
0.14811692307692306
0.1341396923076923
0.09909230769230769
0.047981538461538464
-0.02899753846153846
-0.09992676923076924
-0.15959076923076923
-0.1992276923076923
-0.21362215384615382
-0.21862892307692305
-0.1846246153846154
-0.11452984615384615
-0.023990769230769232
0.07823076923076923
0.1652233846153846
0.23656984615384613
0.2853858461538461
0.30937661538461536
0.3170953846153846
0.2899753846153846
0.23198030769230768
0.15249784615384615
0.06133292307692308
-0.016480615384615385
-0.08240307692307691
-0.12955015384615384
-0.14832553846153845
-0.14206707692307693
-0.09658892307692307
-0.01668923076923077
0.08720123076923077
0.18504184615384617
0.25305046153846156
0.301032
0.3239796923076923
0.3235624615384615
0.28476
0.20819815384615384
0.11035753846153845
0.0043809230769230765
-0.08699261538461538
-0.15145476923076923
-0.1927606153846154
-0.20673784615384616
-0.1927606153846154
-0.15208061538461537
-0.07656184615384615
0.006675692307692307
0.08824430769230769
0.1504116923076923
0.17982646153846152
0.19672430769230767
0.18712800000000002
0.15187199999999998
0.09262523076923077
0.00855323076923077
-0.07489292307692308
-0.14415323076923076
-0.1867107692307692
-0.1990190769230769
-0.19171753846153847
-0.16897846153846155
-0.12266584615384615
-0.05799507692307692
0.0077187692307692304
0.06613107692307692
0.1097316923076923
0.12496061538461539
0.12579507692307693
0.12683815384615382
0.09784061538461537
0.05611753846153846
-0.02524246153846154
-0.10117846153846152
-0.12558646153846154
-0.12350030769230769
-0.08469784615384615
-0.058412307692307694
-0.019609846153846155
0.046104
0.1316363076923077
0.23782153846153845
0.4418473846153846
0.48419630769230765
0.3636166153846153
0.3239796923076923
0.17169046153846151
0.16689230769230767
0.09158215384615384
-0.1612596923076923
-0.3137575384615385
-0.4971304615384615
-0.40596553846153843
-0.25993476923076925
-0.15541846153846153
-0.03609046153846154
-0.02899753846153846
0.1942209230769231
0.385104
0.5449033846153846
0.5970572307692308
0.3613218461538461
0.2342750769230769
0.04631261538461538
-0.0963803076923077
-0.1504116923076923
-0.3707095384615384
-0.42015138461538465
-0.4739741538461538
-0.5129852307692307
-0.2999889230769231
-0.19338646153846153
-0.022947692307692308
0.1353913846153846
0.1506203076923077
0.2789187692307692
0.3210590769230769
0.37967999999999996
0.43621476923076924
0.32543999999999995
0.21028430769230766
0.061750153846153844
-0.006884307692307692
-0.01856676923076923
-0.12913292307692306
-0.22008923076923076
-0.32085046153846153
-0.3225193846153846
-0.18316430769230768
-0.12016246153846154
-0.03629907692307692
0.025033846153846153
0.06216738461538462
0.2127876923076923
0.28663753846153844
0.3187643076923077
0.33378461538461535
0.2482523076923077
0.21925476923076925
0.1718990769230769
0.06425353846153846
-0.049233230769230765
-0.21487384615384614
-0.34046030769230773
-0.42015138461538465
-0.4581193846153846
-0.442056
-0.37655076923076924
-0.23615261538461538
-0.12558646153846154
0.016897846153846156
0.19985353846153847
0.31041969230769234
0.427452923076923
0.4485230769230769
0.3686233846153846
0.28893230769230765
0.13622584615384614
-0.0014603076923076922
-0.14582215384615385
-0.30270092307692303
-0.355272
-0.3652855384615385
-0.3087507692307692
-0.206112
-0.10430769230769231
0.06341907692307691
0.23385784615384617
0.3682061538461538
0.4163963076923077
0.3790541538461539
0.3540203076923077
0.27704123076923076
0.1652233846153846
0.03108369230769231
-0.16188553846153847
-0.2716172307692308
-0.3187643076923077
-0.33524492307692305
-0.2601433846153846
-0.19693292307692306
-0.10472492307692308
0.02586830769230769
0.11160923076923077
0.21007569230769232
0.2624381538461539
0.26076923076923075
0.22655630769230767
0.12955015384615384
0.027328615384615382
-0.08761846153846153
-0.17502830769230768
-0.2236356923076923
-0.2540935384615385
-0.22947692307692308
-0.21007569230769232
-0.15687876923076924
-0.07030338461538461
-0.01272553846153846
0.065088
0.10263876923076923
0.10222153846153846
0.130176
0.11807630769230769
0.08240307692307691
0.02273907692307692
-0.06884307692307692
-0.09763200000000001
-0.10597661538461538
-0.11599015384615384
-0.11599015384615384
-0.1316363076923077
-0.11870215384615385
-0.09304246153846155
-0.06154153846153846
-0.019192615384615384
0.0035464615384615383
0.035255999999999996
0.05277969230769231
0.059664
0.08302892307692307
0.08469784615384615
0.10994030769230768
0.12287446153846153
0.08031692307692308
0.03921969230769231
-0.024408000000000003
-0.07259815384615384
-0.09825784615384614
-0.16334584615384617
-0.21466523076923077
-0.23677846153846152
-0.2238443076923077
-0.15208061538461537
-0.07030338461538461
0.0014603076923076922
0.05194523076923077
0.09992676923076924
0.157296
0.1858763076923077
0.1913003076923077
0.14978584615384616
0.073224
-0.007510153846153846
-0.10389046153846154
-0.168144
-0.21237046153846154
-0.2453316923076923
-0.24074215384615386
-0.2288510769230769
-0.1704387692307692
-0.05382276923076923
0.07802215384615384
0.20298276923076922
0.2832996923076923
0.3350363076923077
0.3752990769230769
0.3819747692307692
0.3419206153846154
0.23531815384615382
0.08657538461538461
-0.06571384615384615
-0.17648861538461538
-0.21612553846153845
-0.23677846153846152
-0.24074215384615386
-0.20944984615384615
-0.13914646153846155
-0.011265230769230769
0.10493353846153847
0.18983999999999998
0.2517987692307692
0.2588916923076923
0.2480436923076923
0.2154996923076923
0.1504116923076923
0.06905169230769231
-0.031709538461538456
-0.12162276923076921
-0.18921415384615384
-0.22342707692307692
-0.22676492307692306
-0.2399076923076923
-0.24282830769230768
-0.23448369230769228
-0.20381723076923075
-0.13226215384615383
-0.06633969230769231
0.005424
0.06467076923076923
0.10743692307692307
0.17085599999999998
0.22447015384615385
0.2574313846153846
0.2532590769230769
0.1948467692307692
0.12537784615384615
0.06905169230769231
0.013142769230769229
-0.03108369230769231
-0.0855323076923077
-0.14311015384615386
-0.15500123076923078
-0.12850707692307692
-0.06300184615384616
0.010639384615384617
0.07969107692307692
0.14206707692307693
0.19150892307692308
0.24846092307692308
0.2803790769230769
0.2818393846153846
0.24637476923076923
0.16271999999999998
0.06341907692307691
-0.03713353846153846
-0.13372246153846154
-0.2127876923076923
-0.2780843076923077
-0.3035353846153846
-0.27182584615384614
-0.20819815384615384
-0.11056615384615384
-0.0035464615384615383
0.09033046153846153
0.16856123076923077
0.21487384615384614
0.2422024615384615
0.23886461538461537
0.1910916923076923
0.11619876923076923
0.029414769230769227
-0.040054153846153843
-0.08699261538461538
-0.1151556923076923
-0.12621230769230768
-0.12704676923076924
-0.10597661538461538
-0.06592246153846154
-0.015228923076923076
0.03838523076923077
0.07614461538461538
0.10514215384615383
0.132888
0.15291507692307693
0.16876984615384616
0.16856123076923077
0.16063384615384615
0.14603076923076924
0.12704676923076924
0.10994030769230768
0.08135999999999999
0.050067692307692306
0.01710646153846154
-0.0050067692307692304
-0.011891076923076923
-0.009596307692307692
0.002086153846153846
0.017315076923076923
0.03775938461538462
0.05298830769230769
0.06800861538461538
0.07635323076923077
0.07092923076923077
0.06404492307692307
0.049233230769230765
0.024199384615384616
-0.003755076923076923
-0.044435076923076924
-0.08010830769230769
-0.10347323076923076
-0.13184492307692308
-0.1368516923076923
-0.1316363076923077
-0.11265230769230769
-0.07781353846153846
-0.0446436923076923
-0.009179076923076922
0.015854769230769228
0.03275261538461539
0.031709538461538456
0.012934153846153845
-0.023364923076923075
-0.06967753846153846
-0.10576799999999999
-0.12579507692307693
-0.12308307692307692
-0.08490646153846154
-0.030040615384615384
0.033169846153846154
0.1178676923076923
0.19442953846153843
0.25930892307692305
0.30186646153846153
0.30749907692307693
0.29080984615384614
0.23949046153846154
0.1656406153846154
0.086784
0.013560000000000001
-0.037967999999999995
-0.05528307692307692
-0.05111076923076923
-0.03108369230769231
0.009804923076923077
0.058829538461538454
0.11432123076923076
0.16292861538461537
0.18650215384615382
0.18358153846153846
0.1585476923076923
0.10681107692307691
0.03713353846153846
-0.05277969230769231
-0.1435273846153846
-0.21091015384615383
-0.26348123076923075
-0.28350830769230767
-0.2680707692307692
-0.23156307692307693
-0.1785747692307692
-0.111192
-0.044435076923076924
0.011891076923076923
0.053614153846153846
0.07030338461538461
0.0678
0.044435076923076924
0.003963692307692307
-0.03504738461538461
-0.07030338461538461
-0.10326461538461539
-0.11911938461538461
-0.11348676923076922
-0.09095630769230768
-0.054657230769230764
-0.01272553846153846
0.027120000000000002
0.06675692307692307
0.09450276923076922
0.11640738461538462
0.13372246153846154
0.12016246153846154
0.09450276923076922
0.06133292307692308
0.029414769230769227
0.011891076923076923
-0.0006258461538461538
-0.0012516923076923076
0.005424
0.02023569230769231
0.035464615384615386
0.04965046153846154
0.05528307692307692
0.0448523076923077
0.028371692307692306
0.008136
-0.01397723076923077
-0.03400430769230769
-0.06008123076923077
-0.086784
-0.09512861538461538
-0.09241661538461539
-0.06800861538461538
-0.02545107692307692
0.011056615384615385
0.04985907692307692
0.08448923076923077
0.11035753846153845
0.1314276923076923
0.14123261538461537
0.13789476923076924
0.11807630769230769
0.08636676923076922
0.05319692307692307
0.022947692307692308
-0.0025033846153846152
-0.02211323076923077
-0.03567323076923076
-0.03275261538461539
-0.010848
0.029623384615384614
0.07739630769230768
0.11578153846153846
0.14978584615384616
0.17169046153846151
0.17815753846153848
0.1712732307692308
0.14853415384615384
0.11807630769230769
0.08115138461538463
0.04568676923076923
0.021904615384615383
0.005632615384615384
0.0070929230769230765
0.029206153846153847
0.056951999999999996
0.0853236923076923
0.10243015384615384
0.10389046153846154
0.084072
0.046104
0.013560000000000001
-0.021487384615384613
-0.04672984615384615
-0.06154153846153846
-0.07635323076923077
-0.07697907692307693
-0.07781353846153846
-0.07238953846153846
-0.06675692307692307
-0.07551876923076924
-0.09262523076923077
-0.11765907692307691
-0.13789476923076924
-0.14936861538461538
-0.16271999999999998
-0.1710646153846154
-0.16730953846153845
-0.15166338461538462
-0.11891076923076922
-0.08177723076923075
-0.045060923076923075
-0.014185846153846153
0.023364923076923075
0.061124307692307686
0.09074769230769231
0.11390399999999999
0.1045163076923077
0.07030338461538461
0.004589538461538461
-0.07134646153846153
-0.14311015384615386
-0.2075723076923077
-0.2588916923076923
-0.27140861538461536
-0.2424110769230769
-0.16000799999999998
-0.02795446153846154
0.1462393846153846
0.37926276923076924
0.44956615384615384
0.48649107692307686
0.5317606153846154
0.46625538461538457
0.43704923076923075
0.25117292307692307
0.013142769230769229
-0.21883753846153844
-0.43663199999999996
-0.5021372307692308
-0.593928
-0.5997692307692307
-0.5528307692307692
-0.42891323076923077
-0.15103753846153847
0.09763200000000001
0.3815575384615385
0.5497015384615385
0.5872523076923076
0.6122861538461538
0.4921236923076923
0.3369138461538461
0.11745046153846153
-0.1656406153846154
-0.3375396923076923
-0.5328036923076923
-0.6168756923076922
-0.533220923076923
-0.44622830769230765
-0.24449723076923074
-0.05069353846153846
0.13121907692307694
0.3187643076923077
0.4086775384615385
0.504432
0.5167403076923076
0.44038707692307694
0.3513083076923077
0.22426153846153846
0.1314276923076923
0.01272553846153846
-0.1397723076923077
-0.24762646153846155
-0.35568923076923076
-0.3848953846153846
-0.3652855384615385
-0.35798399999999997
-0.2832996923076923
-0.20673784615384616
-0.10535076923076922
0.02545107692307692
0.10848000000000001
0.20652923076923077
0.276624
0.3060387692307692
0.3502652307692307
0.34776184615384614
0.31250584615384613
0.2374043076923077
0.11181784615384616
-0.026911384615384615
-0.1990190769230769
-0.3513083076923077
-0.4698018461538461
-0.5229987692307692
-0.4919150769230769
-0.4287046153846154
-0.26368984615384616
-0.040679999999999994
0.1779489230769231
0.4205686153846153
0.5981003076923076
0.6999046153846153
0.7201403076923076
0.6175015384615384
0.46083138461538464
0.24199384615384617
-0.0035464615384615383
-0.21883753846153844
-0.4326683076923077
-0.5855833846153846
-0.6560953846153846
-0.6308529230769231
-0.48941169230769227
-0.2993630769230769
-0.08115138461538463
0.1397723076923077
0.3565236923076923
0.570563076923077
0.6763310769230769
0.6771655384615384
0.5720233846153846
0.3642424615384615
0.16418030769230768
-0.05924676923076923
-0.2737033846153846
-0.4228633846153846
-0.5461550769230769
-0.5682683076923077
-0.5048492307692307
-0.39699507692307695
-0.22488738461538463
-0.058412307692307694
0.1028473846153846
0.24053353846153847
0.3383741538461538
0.4024190769230769
0.39595199999999997
0.3479704615384615
0.2492953846153846
0.13101046153846155
0.01981846153846154
-0.10535076923076922
-0.2073636923076923
-0.28851507692307693
-0.3475532307692307
-0.3412947692307692
-0.30019753846153846
-0.23239753846153846
-0.124752
-0.027120000000000002
0.07489292307692308
0.16480615384615382
0.22822523076923076
0.28768061538461537
0.29602523076923076
0.2557624615384615
0.18900553846153845
0.11849353846153846
0.0609156923076923
-0.0014603076923076922
-0.054240000000000003
-0.09992676923076924
-0.13497415384615385
-0.14206707692307693
-0.15124615384615384
-0.14311015384615386
-0.11578153846153846
-0.09033046153846153
-0.030875076923076922
0.023990769230769232
0.06800861538461538
0.11849353846153846
0.14978584615384616
0.19317784615384614
0.2225926153846154
0.2125790769230769
0.1869193846153846
0.1341396923076923
0.07405846153846153
0.025659692307692307
-0.02357353846153846
-0.06049846153846154
-0.0855323076923077
-0.08782707692307692
-0.06341907692307691
-0.023364923076923075
0.04756430769230769
0.10722830769230769
0.1504116923076923
0.19004861538461537
0.222384
0.2601433846153846
0.265776
0.24762646153846155
0.21320492307692307
0.15208061538461537
0.09930092307692308
0.061124307692307686
0.017523692307692306
-0.03650769230769231
-0.0853236923076923
-0.10576799999999999
-0.07843938461538462
-0.02232184615384615
0.03379569230769231
0.07843938461538462
0.11202646153846153
0.1353913846153846
0.15166338461538462
0.15333230769230768
0.11536430769230768
0.06258461538461538
0.005215384615384615
-0.042974769230769226
-0.06654830769230768
-0.09575446153846154
-0.11557292307692307
-0.11974523076923077
-0.10931446153846153
-0.07948246153846153
-0.042974769230769226
-0.016480615384615385
-0.0077187692307692304
-0.014811692307692307
-0.033169846153846154
-0.03942830769230769
-0.03275261538461539
-0.023364923076923075
-0.017732307692307693
-0.01043076923076923
0.01043076923076923
0.04401784615384615
0.07969107692307692
0.09012184615384615
0.07593599999999999
0.043600615384615383
0.0077187692307692304
-0.016897846153846156
-0.03942830769230769
-0.06425353846153846
-0.09179076923076923
-0.11098338461538461
-0.10222153846153846
-0.06258461538461538
-0.013351384615384614
0.029832
0.058829538461538454
0.08031692307692308
0.09930092307692308
0.09930092307692308
0.07969107692307692
0.03880246153846154
-0.019192615384615384
-0.0892873846153846
-0.14728246153846153
-0.18128676923076922
-0.20798953846153845
-0.20798953846153845
-0.18066092307692305
-0.12934153846153845
-0.05277969230769231
0.01981846153846154
0.07614461538461538
0.10722830769230769
0.10389046153846154
0.08135999999999999
0.04088861538461538
-0.01981846153846154
-0.08866153846153846
-0.1558356923076923
-0.19797599999999999
-0.20047938461538461
-0.16897846153846155
-0.10994030769230768
-0.04318338461538461
0.018775384615384614
0.07927384615384615
0.1341396923076923
0.16230276923076925
0.146448
0.09971815384615385
0.0448523076923077
-0.015646153846153844
-0.05507446153846154
-0.07238953846153846
-0.08344615384615384
-0.07030338461538461
-0.03859384615384615
0.02482523076923077
0.0988836923076923
0.15374953846153847
0.19588984615384614
0.21633415384615384
0.22029784615384615
0.19985353846153847
0.15625292307692307
0.10013538461538461
0.03838523076923077
-0.016063384615384615
-0.04526953846153846
-0.050067692307692306
-0.028371692307692306
0.009179076923076922
0.04944184615384615
0.1151556923076923
0.17502830769230768
0.2273907692307692
0.2574313846153846
0.24282830769230768
0.20486030769230767
0.13184492307692308
0.04693846153846153
-0.03483876923076923
-0.11870215384615385
-0.19046584615384615
-0.2478350769230769
-0.2701569230769231
-0.23949046153846154
-0.17732307692307692
-0.092208
0.0004172307692307692
0.08594953846153845
0.16730953846153845
0.21862892307692305
0.23239753846153846
0.20652923076923077
0.14311015384615386
0.07551876923076924
0.004798153846153846
-0.056326153846153845
-0.09867507692307692
-0.1368516923076923
-0.14999446153846155
-0.1314276923076923
-0.09012184615384615
-0.026285538461538457
0.02858030769230769
0.06884307692307692
0.09804923076923076
0.10159569230769232
0.10138707692307691
0.07948246153846153
0.04318338461538461
0.008136
-0.020652923076923076
-0.025033846153846153
-0.017732307692307693
-0.0012516923076923076
0.0077187692307692304
0.0070929230769230765
0.003755076923076923
-0.004798153846153846
-0.018358153846153843
-0.05069353846153846
-0.10576799999999999
-0.16584923076923075
-0.20298276923076922
-0.21341353846153846
-0.19609846153846153
-0.15750461538461538
-0.10889723076923077
-0.05069353846153846
0.0029206153846153843
0.062376
0.1151556923076923
0.13998092307692306
0.132888
0.09158215384615384
0.040679999999999994
-0.020652923076923076
-0.0988836923076923
-0.18191261538461537
-0.2624381538461539
-0.30520430769230766
-0.29352184615384613
-0.24616615384615384
-0.16209415384615386
-0.06717415384615384
0.029206153846153847
0.11306953846153844
0.17502830769230768
0.225096
0.2275993846153846
0.1881710769230769
0.11953661538461538
0.04172307692307692
-0.026285538461538457
-0.08302892307692307
-0.11724184615384614
-0.13121907692307694
-0.12433476923076923
-0.08574092307692306
-0.021278769230769233
0.046104
0.10535076923076922
0.14728246153846153
0.17023015384615386
0.1856676923076923
0.18504184615384617
0.1639716923076923
0.11995384615384615
0.06717415384615384
0.02211323076923077
-0.013351384615384614
-0.029206153846153847
-0.03775938461538462
-0.03942830769230769
-0.032544
-0.01710646153846154
0.007301538461538462
0.030040615384615384
0.04401784615384615
0.042348923076923076
0.03024923076923077
0.01814953846153846
0.013351384615384614
0.0012516923076923076
-0.008970461538461538
-0.011473846153846154
-0.0043809230769230765
0.015228923076923076
0.03483876923076923
0.050067692307692306
0.051528
0.03963692307692308
0.00855323076923077
-0.023782153846153845
-0.046104
-0.073224
-0.09199938461538461
-0.09825784615384614
-0.07948246153846153
-0.025033846153846153
0.04172307692307692
0.11077476923076923
0.17085599999999998
0.21508246153846153
0.2482523076923077
0.2563883076923077
0.23677846153846152
0.1860849230769231
0.11286092307692308
0.042557538461538466
-0.019192615384615384
-0.06738276923076922
-0.10889723076923077
-0.14144123076923076
-0.14164984615384615
-0.11140061538461538
-0.06571384615384615
-0.010639384615384617
0.04714707692307692
0.09262523076923077
0.12120553846153845
0.13309661538461537
0.12642092307692307
0.10076123076923077
0.04714707692307692
-0.01668923076923077
-0.07218092307692307
-0.11995384615384615
-0.13664307692307692
-0.13768615384615385
-0.13038461538461538
-0.10535076923076922
-0.07572738461538461
-0.03859384615384615
-0.0002086153846153846
0.03233538461538461
0.04860738461538461
0.04047138461538462
0.016897846153846156
-0.027120000000000002
-0.09012184615384615
-0.15646153846153846
-0.25993476923076925
-0.30895938461538464
-0.2753723076923077
-0.19860184615384616
-0.02858030769230769
0.15291507692307693
0.3544375384615384
0.5524135384615385
0.7011563076923077
0.7935729230769231
0.7760492307692308
0.6575556923076923
0.4105550769230769
0.154584
-0.09971815384615385
-0.33002953846153843
-0.46041415384615386
-0.5732750769230769
-0.5674338461538462
-0.46771569230769233
-0.2782929230769231
-0.013351384615384614
0.2059033846153846
0.3811403076923077
0.4564504615384615
0.45311261538461534
0.3707095384615384
0.21612553846153845
0.008136
-0.24470584615384613
-0.4188996923076923
-0.5052664615384616
-0.4850307692307692
-0.327108923076923
-0.1368516923076923
0.08302892307692307
0.26911384615384615
0.3611132307692308
0.4239064615384615
0.3577753846153846
0.19380369230769232
0.01710646153846154
-0.18086953846153844
-0.29685969230769227
-0.34275507692307694
-0.31688676923076925
-0.21612553846153845
-0.11160923076923077
0.006884307692307692
0.10347323076923076
0.16856123076923077
0.19797599999999999
0.16605784615384614
0.10660246153846153
0.0
-0.11807630769230769
-0.19860184615384616
-0.2782929230769231
-0.30749907692307693
-0.2853858461538461
-0.235944
-0.11640738461538462
0.027328615384615382
0.1923433846153846
0.36403384615384615
0.4514436923076923
0.4577021538461538
0.38343507692307693
0.21883753846153844
0.0025033846153846152
-0.2157083076923077
-0.3813489230769231
-0.46291753846153844
-0.45040061538461534
-0.34275507692307694
-0.1489513846153846
0.08845292307692308
0.31229723076923077
0.49692184615384616
0.6062363076923076
0.5943452307692307
0.5102732307692307
0.3750904615384615
0.1792006153846154
-0.022530461538461537
-0.22029784615384615
-0.34296369230769225
-0.3698750769230769
-0.3275261538461538
-0.21049292307692305
-0.06842584615384616
0.09053907692307692
0.24303692307692307
0.37321292307692305
0.4577021538461538
0.46375199999999994
0.3919883076923077
0.2438713846153846
0.07343261538461537
-0.07343261538461537
-0.19150892307692308
-0.2643156923076923
-0.2647329230769231
-0.20652923076923077
-0.07843938461538462
0.09804923076923076
0.2568055384615385
0.38343507692307693
0.431208
0.39595199999999997
0.3072904615384615
0.1710646153846154
0.021070153846153846
-0.12412615384615384
-0.2503384615384615
-0.3206418461538461
-0.31751261538461534
-0.254928
-0.14164984615384615
-0.010848
0.10722830769230769
0.19526400000000002
0.24887815384615386
0.2572227692307692
0.20339999999999997
0.10576799999999999
-0.03024923076923077
-0.15374953846153847
-0.24908676923076922
-0.32877784615384614
-0.35694092307692304
-0.347136
-0.28100492307692304
-0.1570873846153846
-0.01856676923076923
0.12350030769230769
0.23052
0.279336
0.2674449230769231
0.1858763076923077
0.05590892307692308
-0.09721476923076922
-0.25659692307692306
-0.3919883076923077
-0.4756430769230769
-0.4919150769230769
-0.4424732307692308
-0.344424
-0.2075723076923077
-0.06070707692307692
0.08386338461538462
0.20444307692307692
0.26681907692307694
0.28017046153846153
0.23448369230769228
0.1570873846153846
0.06654830769230768
-0.02482523076923077
-0.09179076923076923
-0.14540492307692307
-0.15750461538461538
-0.127464
-0.05820369230769231
0.02524246153846154
0.08386338461538462
0.12204
0.12913292307692306
0.11891076923076922
0.09491999999999999
0.05277969230769231
0.001043076923076923
-0.037967999999999995
-0.05319692307692307
-0.04088861538461538
-0.002086153846153846
0.031709538461538456
0.07009476923076922
0.09304246153846155
0.10597661538461538
0.12329169230769231
0.10514215384615383
0.06404492307692307
-0.006675692307692307
-0.0880356923076923
-0.1585476923076923
-0.21487384615384614
-0.22801661538461537
-0.2127876923076923
-0.1760713846153846
-0.11578153846153846
-0.03233538461538461
0.06529661538461538
0.13747753846153846
0.16793538461538463
0.15938215384615384
0.1070196923076923
0.03066646153846154
-0.05027630769230769
-0.1358086153846154
-0.21362215384615382
-0.2647329230769231
-0.2670276923076923
-0.20965846153846154
-0.10263876923076923
0.02586830769230769
0.15792184615384616
0.28017046153846153
0.37592492307692305
0.43058215384615384
0.4193169230769231
0.34233784615384616
0.20944984615384615
0.04965046153846154
-0.09658892307692307
-0.22342707692307692
-0.3269003076923077
-0.3880246153846154
-0.3880246153846154
-0.327108923076923
-0.21862892307692305
-0.07426707692307692
0.07092923076923077
0.18379015384615385
0.2586830769230769
0.28788923076923073
0.287472
0.252216
0.17377661538461536
0.07739630769230768
-0.03275261538461539
-0.12642092307692307
-0.18858830769230767
-0.2209236923076923
-0.21591692307692306
-0.18212123076923076
-0.11640738461538462
-0.03233538461538461
0.06154153846153846
0.13914646153846155
0.18504184615384617
0.19380369230769232
0.1612596923076923
0.11599015384615384
0.05674338461538461
-0.013142769230769229
-0.07906523076923076
-0.1205796923076923
-0.12558646153846154
-0.103056
-0.065088
-0.02357353846153846
0.021070153846153846
0.050067692307692306
0.05736923076923077
0.05111076923076923
0.01814953846153846
-0.029832
-0.08448923076923077
-0.12621230769230768
-0.1356
-0.1178676923076923
-0.07593599999999999
-0.017523692307692306
0.05653476923076922
0.12934153846153845
0.19547261538461536
0.2422024615384615
0.2503384615384615
0.22029784615384615
0.1612596923076923
0.09179076923076923
0.02795446153846154
-0.018983999999999997
-0.052153846153846155
-0.05799507692307692
-0.029414769230769227
0.027745846153846152
0.1045163076923077
0.18170399999999998
0.24846092307692308
0.2851772307692308
0.28017046153846153
0.23177169230769232
0.15208061538461537
0.05111076923076923
-0.05757784615384615
-0.15833907692307692
-0.23218892307692307
-0.26097784615384617
-0.2588916923076923
-0.22572184615384616
-0.16251138461538459
-0.07739630769230768
0.021070153846153846
0.11056615384615384
0.17252492307692308
0.1990190769230769
0.1910916923076923
0.15813046153846153
0.11014892307692307
0.045060923076923075
-0.033169846153846154
-0.11077476923076923
-0.16981292307692308
-0.1992276923076923
-0.18900553846153845
-0.14081538461538462
-0.06967753846153846
0.010639384615384617
0.09471138461538461
0.173568
0.23072861538461537
0.25701415384615384
0.23761292307692305
0.1800350769230769
0.10138707692307691
0.015646153846153844
-0.06321046153846153
-0.13038461538461538
-0.18337292307692307
-0.2140393846153846
-0.2073636923076923
-0.16209415384615386
-0.09262523076923077
-0.008136
0.07218092307692307
0.13852061538461538
0.19651569230769228
0.21883753846153844
0.21800307692307694
0.19755876923076923
0.15354092307692307
0.10889723076923077
0.05444861538461539
0.008344615384615384
-0.03775938461538462
-0.08845292307692308
-0.130176
-0.15813046153846153
-0.15520984615384617
-0.12934153846153845
-0.08949599999999999
-0.043392
0.010848
0.07656184615384615
0.1558356923076923
0.2342750769230769
0.2906012307692308
0.3193901538461538
0.31772123076923076
0.29644246153846154
0.2526332307692308
0.1867107692307692
0.10263876923076923
0.004172307692307692
-0.08386338461538462
-0.157296
-0.2140393846153846
-0.23969907692307693
-0.24074215384615386
-0.20506892307692307
-0.13267938461538462
-0.03421292307692308
0.08720123076923077
0.20527753846153846
0.31104553846153843
0.39365723076923076
0.4453938461538462
0.4616658461538461
0.42995630769230764
0.3548547692307692
0.241368
0.10368184615384615
-0.028371692307692306
-0.13852061538461538
-0.21967199999999998
-0.2638984615384615
-0.2720344615384615
-0.2275993846153846
-0.13852061538461538
-0.027328615384615382
0.08720123076923077
0.17669723076923077
0.2369870769230769
0.2632726153846154
0.2540935384615385
0.2090326153846154
0.12808984615384614
0.01981846153846154
-0.09721476923076922
-0.19651569230769228
-0.2674449230769231
-0.3077076923076923
-0.31813846153846154
-0.301032
-0.2509643076923077
-0.1777403076923077
-0.0963803076923077
-0.011891076923076923
0.049233230769230765
0.08156861538461539
0.09199938461538461
0.08761846153846153
0.07781353846153846
0.05590892307692308
0.03567323076923076
0.024616615384615383
0.024408000000000003
0.044435076923076924
0.06571384615384615
0.07823076923076923
0.07927384615384615
0.058412307692307694
0.026494153846153844
-0.023364923076923075
-0.08448923076923077
-0.1422756923076923
-0.19046584615384615
-0.20632061538461538
-0.19067446153846154
-0.14415323076923076
-0.07635323076923077
0.005424
0.09053907692307692
0.1585476923076923
0.2059033846153846
0.2154996923076923
0.18253846153846154
0.11327815384615383
0.01814953846153846
-0.08761846153846153
-0.18504184615384617
-0.26619323076923074
-0.32272799999999996
-0.3483876923076923
-0.3387913846153846
-0.2764153846153846
-0.17419384615384614
-0.04860738461538461
0.0853236923076923
0.20256553846153844
0.2979027692307692
0.355272
0.3617390769230769
0.3077076923076923
0.19526400000000002
0.053614153846153846
-0.09930092307692308
-0.233232
-0.33587076923076925
-0.3949089230769231
-0.4076344615384615
-0.39052800000000004
-0.3314898461538462
-0.25930892307692305
-0.20861538461538462
-0.15520984615384617
-0.07092923076923077
0.02524246153846154
0.14394461538461537
0.2791273846153846
0.3780110769230769
0.4812756923076923
0.5415655384615384
0.5434430769230769
0.48357046153846156
0.3202246153846154
0.12141415384615384
-0.10493353846153847
-0.2730775384615384
-0.4351716923076923
-0.5463636923076923
-0.5601323076923077
-0.5403138461538461
-0.37196123076923077
-0.17690584615384616
0.059038153846153844
0.3077076923076923
0.48607384615384613
0.6502541538461538
0.6784172307692308
0.6220910769230769
0.48941169230769227
0.2680707692307692
0.034630153846153845
-0.2357353846153846
-0.46083138461538464
-0.6158326153846154
-0.6821723076923076
-0.6225083076923077
-0.5086043076923077
-0.33253292307692306
-0.12224861538461537
0.0936683076923077
0.32961230769230765
0.482736
0.5536652307692308
0.5651390769230769
0.5077698461538461
0.44330769230769224
0.3156350769230769
0.13893784615384613
-0.05194523076923077
-0.25930892307692305
-0.4118067692307692
-0.5071439999999999
-0.5394793846153846
-0.5108990769230769
-0.4220289230769231
-0.2632726153846154
-0.08010830769230769
0.10430769230769231
0.2492953846153846
0.33566215384615383
0.39282276923076925
0.3903193846153846
0.3440067692307692
0.27328615384615385
0.16835261538461538
0.07092923076923077
-0.03671630769230769
-0.16418030769230768
-0.25117292307692307
-0.3137575384615385
-0.3609046153846154
-0.36778892307692307
-0.36403384615384615
-0.30436984615384616
-0.19004861538461537
-0.049233230769230765
0.10326461538461539
0.2225926153846154
0.3195987692307692
0.376968
0.3944916923076923
0.3548547692307692
0.24074215384615386
0.11035753846153845
-0.006467076923076923
-0.09241661538461539
-0.14290153846153844
-0.1860849230769231
-0.18775384615384613
-0.14874276923076923
-0.09784061538461537
-0.020652923076923076
0.04735569230769231
0.11035753846153845
0.18149538461538461
0.23156307692307693
0.2601433846153846
0.26139507692307695
0.23448369230769228
0.17565415384615385
0.09804923076923076
0.02232184615384615
-0.04756430769230769
-0.09825784615384614
-0.12767261538461538
-0.14060676923076923
-0.13101046153846155
-0.092208
-0.015854769230769228
0.08594953846153845
0.168144
0.2127876923076923
0.2292683076923077
0.2205064615384615
0.20527753846153846
0.16876984615384616
0.0936683076923077
0.009179076923076922
-0.07885661538461539
-0.13747753846153846
-0.1614683076923077
-0.16730953846153845
-0.14999446153846155
-0.116616
-0.04944184615384615
0.03880246153846154
0.13518276923076925
0.20486030769230767
0.2292683076923077
0.23156307692307693
0.20673784615384616
0.17023015384615386
0.11870215384615385
0.03984553846153846
-0.05027630769230769
-0.1397723076923077
-0.21487384615384614
-0.252216
-0.25430215384615384
-0.2288510769230769
-0.1829556923076923
-0.130176
-0.07009476923076922
-0.0014603076923076922
0.05590892307692308
0.08219446153846154
0.08323753846153846
0.06216738461538462
0.03275261538461539
0.003963692307692307
-0.040262769230769234
-0.1151556923076923
-0.19526400000000002
-0.252216
-0.2620209230769231
-0.20819815384615384
-0.13059323076923077
-0.03713353846153846
0.05778646153846154
0.14290153846153844
0.23510953846153848
0.30144923076923075
0.31772123076923076
0.2914356923076923
0.23782153846153845
0.17002153846153847
0.10263876923076923
0.03442153846153846
-0.03483876923076923
-0.09471138461538461
-0.12975876923076923
-0.12996738461538462
-0.10535076923076922
-0.06341907692307691
-0.016063384615384615
0.04693846153846153
0.11745046153846153
0.18149538461538461
0.25805723076923076
0.3198073846153846
0.3540203076923077
0.35923569230769226
0.31834707692307695
0.25951753846153847
0.18128676923076922
0.08010830769230769
-0.017315076923076923
-0.11390399999999999
-0.18337292307692307
-0.214248
-0.22154953846153846
-0.20027076923076922
-0.165432
-0.10389046153846154
-0.01397723076923077
0.08845292307692308
0.18232984615384615
0.23010276923076922
0.2415766153846154
0.2209236923076923
0.17398523076923075
0.1097316923076923
0.019609846153846155
-0.07259815384615384
-0.16021661538461537
-0.23406646153846156
-0.27599815384615384
-0.29039261538461536
-0.2618123076923077
-0.1927606153846154
-0.09533723076923077
0.02273907692307692
0.1395636923076923
0.23761292307692305
0.2981113846153846
0.3129230769230769
0.28392553846153845
0.22154953846153846
0.13643446153846153
0.03504738461538461
-0.06550523076923077
-0.14853415384615384
-0.19797599999999999
-0.20673784615384616
-0.17294215384615383
-0.10827138461538462
-0.029414769230769227
0.054657230769230764
0.12955015384615384
0.18858830769230767
0.21654276923076923
0.20819815384615384
0.17899199999999998
0.13455692307692307
0.07614461538461538
0.008344615384615384
-0.05590892307692308
-0.11807630769230769
-0.1696043076923077
-0.19171753846153847
-0.18066092307692305
-0.14728246153846153
-0.10722830769230769
-0.06279323076923077
-0.015646153846153844
0.03045784615384615
0.06696553846153847
0.09137353846153846
0.09554584615384615
0.08991323076923076
0.07843938461538462
0.06049846153846154
0.04318338461538461
0.012308307692307691
-0.021278769230769233
-0.052153846153846155
-0.07364123076923076
-0.07885661538461539
-0.07927384615384615
-0.078648
-0.07468430769230769
-0.06633969230769231
-0.042974769230769226
-0.005841230769230769
0.03504738461538461
0.08094276923076923
0.11828492307692307
0.14874276923076923
0.165432
0.15896492307692306
0.13059323076923077
0.07092923076923077
-0.003129230769230769
-0.07343261538461537
-0.1314276923076923
-0.16876984615384616
-0.18629353846153843
-0.18525046153846153
-0.16209415384615386
-0.11181784615384616
-0.04214030769230769
0.024199384615384616
0.07280676923076923
0.09512861538461538
0.09971815384615385
0.09304246153846155
0.06446215384615385
0.02044430769230769
-0.02795446153846154
-0.07510153846153846
-0.11286092307692308
-0.13080184615384613
-0.12975876923076923
-0.11828492307692307
-0.0988836923076923
-0.07009476923076922
-0.030875076923076922
0.010013538461538461
0.03880246153846154
0.051319384615384614
0.037967999999999995
0.0008344615384615384
-0.03942830769230769
-0.07405846153846153
-0.09053907692307692
-0.09283384615384616
-0.08636676923076922
-0.056951999999999996
-0.011891076923076923
0.03942830769230769
0.08761846153846153
0.11703323076923078
0.12829846153846153
0.12120553846153845
0.10138707692307691
0.07009476923076922
0.029623384615384614
-0.015437538461538461
-0.05528307692307692
-0.06321046153846153
-0.03629907692307692
0.021278769230769233
0.09095630769230768
0.15604430769230768
0.21842030769230766
0.26494153846153845
0.2883064615384615
0.2764153846153846
0.2355267692307692
0.1712732307692308
0.08824430769230769
0.007927384615384614
-0.06675692307692307
-0.12537784615384615
-0.16271999999999998
-0.1718990769230769
-0.14144123076923076
-0.08386338461538462
-0.010013538461538461
0.06467076923076923
0.12537784615384615
0.16313723076923078
0.1785747692307692
0.16292861538461537
0.119328
0.05736923076923077
-0.022530461538461537
-0.0936683076923077
-0.1476996923076923
-0.1800350769230769
-0.19317784615384614
-0.1923433846153846
-0.1635544615384615
-0.11098338461538461
-0.046104
0.025033846153846153
0.08428061538461538
0.11765907692307691
0.12141415384615384
0.10326461538461539
0.07593599999999999
0.03650769230769231
-0.012308307692307691
-0.06529661538461538
-0.10597661538461538
-0.12308307692307692
-0.11765907692307691
-0.09095630769230768
-0.049233230769230765
-0.010222153846153844
0.022530461538461537
0.051528
0.06946892307692307
0.07155507692307693
0.061124307692307686
0.04193169230769231
0.018983999999999997
0.003963692307692307
-0.011891076923076923
-0.021278769230769233
-0.029414769230769227
-0.035255999999999996
-0.027745846153846152
-0.015646153846153844
0.0002086153846153846
0.011682461538461537
0.01814953846153846
0.011265230769230769
0.009179076923076922
0.006258461538461538
-0.011056615384615385
-0.02524246153846154
-0.03942830769230769
-0.0446436923076923
-0.04109723076923077
-0.03296123076923077
-0.02482523076923077
-0.012308307692307691
0.004798153846153846
0.025659692307692307
0.05382276923076923
0.06926030769230769
0.07238953846153846
0.06049846153846154
0.035464615384615386
0.007510153846153846
-0.02273907692307692
-0.04902461538461538
-0.08031692307692308
-0.10514215384615383
-0.11432123076923076
-0.10514215384615383
-0.07051199999999999
-0.026494153846153844
0.01940123076923077
0.06362769230769232
0.1028473846153846
0.13852061538461538
0.15500123076923078
0.1449876923076923
0.11891076923076922
0.07969107692307692
0.03671630769230769
-0.004589538461538461
-0.04693846153846153
-0.07760492307692309
-0.08469784615384615
-0.06988615384615385
-0.026702769230769228
0.023364923076923075
0.06362769230769232
0.0961716923076923
0.11578153846153846
0.12245723076923076
0.11703323076923078
0.10535076923076922
0.08657538461538461
0.05924676923076923
0.02044430769230769
-0.009387692307692307
-0.02899753846153846
-0.05236246153846154
-0.07259815384615384
-0.09053907692307692
-0.09387692307692307
-0.08386338461538462
-0.06696553846153847
-0.05486584615384615
-0.04902461538461538
-0.042557538461538466
-0.03880246153846154
-0.026702769230769228
-0.012308307692307691
-0.0077187692307692304
-0.010639384615384617
-0.021070153846153846
-0.040679999999999994
-0.054657230769230764
-0.06195876923076923
-0.06988615384615385
-0.0826116923076923
-0.0771876923076923
-0.04693846153846153
0.02211323076923077
0.09596307692307693
0.2207150769230769
0.3938658461538461
0.42244615384615386
0.47668615384615387
0.5106904615384615
0.4681329230769231
0.4320424615384615
0.26494153846153845
0.12496061538461539
-0.058829538461538454
-0.21779446153846155
-0.2830910769230769
-0.40012430769230767
-0.4297476923076923
-0.46250030769230766
-0.3955347692307692
-0.21779446153846155
-0.0678
0.16647507692307692
0.29748553846153847
0.3873987692307692
0.48294461538461536
0.46583815384615385
0.45624184615384616
0.3379569230769231
0.17628
0.06592246153846154
-0.13810338461538463
-0.2588916923076923
-0.31751261538461534
-0.385104
-0.3456756923076923
-0.32585723076923073
-0.2620209230769231
-0.16626646153846153
-0.08323753846153846
0.08949599999999999
0.23656984615384613
0.3550633846153846
0.4449766153846154
0.4616658461538461
0.46083138461538464
0.3615304615384615
0.1908830769230769
-0.0016689230769230767
-0.23907323076923076
-0.40659138461538463
-0.527171076923077
-0.5922590769230769
-0.5438603076923076
-0.458328
-0.30019753846153846
-0.11473846153846154
0.03275261538461539
0.20632061538461538
0.3344104615384615
0.4188996923076923
0.48044123076923073
0.45332123076923075
0.3752990769230769
0.24282830769230768
0.092208
-0.062376
-0.22864246153846152
-0.3452584615384615
-0.42599261538461536
-0.42328061538461537
-0.3609046153846154
-0.28476
-0.13914646153846155
0.008344615384615384
0.15166338461538462
0.2912270769230769
0.3575667692307692
0.39011076923076926
0.3604873846153846
0.28955815384615385
0.2194633846153846
0.09825784615384614
-0.0050067692307692304
-0.10013538461538461
-0.20486030769230767
-0.27140861538461536
-0.33357600000000004
-0.3490135384615385
-0.31500923076923076
-0.260352
-0.17231630769230769
-0.08344615384615384
0.04839876923076923
0.20110523076923076
0.3087507692307692
0.40617415384615385
0.4405956923076923
0.43433723076923075
0.4262012307692308
0.35464615384615383
0.25972615384615383
0.13893784615384613
-0.010013538461538461
-0.12204
-0.22321846153846153
-0.2858030769230769
-0.2837169230769231
-0.2426196923076923
-0.13852061538461538
0.0
0.16167692307692308
0.31542646153846154
0.4307907692307692
0.5296744615384615
0.565764923076923
0.5361415384615384
0.4372578461538461
0.25346769230769234
0.04985907692307692
-0.17169046153846151
-0.37196123076923077
-0.5083956923076923
-0.6099913846153846
-0.6266806153846154
-0.5607581538461538
-0.44289046153846157
-0.2666104615384615
-0.07697907692307693
0.10889723076923077
0.2716172307692308
0.37300430769230764
0.4159790769230769
0.38760738461538463
0.29498215384615384
0.1597993846153846
-0.008136
-0.16501476923076921
-0.29331323076923077
-0.3826006153846154
-0.4276615384615384
-0.45269538461538456
-0.425784
-0.3490135384615385
-0.233232
-0.07969107692307692
0.050067692307692306
0.15103753846153847
0.21779446153846155
0.2492953846153846
0.2774584615384615
0.26765353846153844
0.21508246153846153
0.14665661538461539
0.07280676923076923
0.024199384615384616
-0.005841230769230769
-0.03567323076923076
-0.06467076923076923
-0.09700615384615385
-0.10222153846153846
-0.08907876923076924
-0.06195876923076923
-0.021904615384615383
0.0
0.02899753846153846
0.06133292307692308
0.10889723076923077
0.16689230769230767
0.20277415384615383
0.2330233846153846
0.24074215384615386
0.23072861538461537
0.22175815384615383
0.19296923076923078
0.13476553846153844
0.042348923076923076
-0.05507446153846154
-0.11557292307692307
-0.14018953846153845
-0.138312
-0.11703323076923078
-0.07697907692307693
-0.022530461538461537
0.04547815384615384
0.11974523076923077
0.16751815384615384
0.1718990769230769
0.14164984615384615
0.09095630769230768
0.03650769230769231
-0.01710646153846154
-0.07656184615384615
-0.12391753846153845
-0.14790830769230767
-0.14957723076923077
-0.11348676923076922
-0.06425353846153846
-0.016063384615384615
0.041514461538461535
0.09304246153846155
0.1397723076923077
0.16626646153846153
0.16105107692307694
0.12934153846153845
0.06467076923076923
-0.006049846153846154
-0.06487938461538462
-0.10806276923076923
-0.12037107692307693
-0.11891076923076922
-0.10055261538461538
-0.053405538461538456
0.003129230769230769
0.07030338461538461
0.11682461538461539
0.130176
0.1151556923076923
0.07092923076923077
0.019609846153846155
-0.04860738461538461
-0.12850707692307692
-0.20256553846153844
-0.26160369230769226
-0.2751636923076923
-0.24762646153846155
-0.19380369230769232
-0.12016246153846154
-0.05173661538461538
0.017732307692307693
0.07885661538461539
0.12037107692307693
0.13643446153846153
0.11286092307692308
0.07009476923076922
0.017940923076923077
-0.03567323076923076
-0.0771876923076923
-0.1136953846153846
-0.13372246153846154
-0.12850707692307692
-0.09721476923076922
-0.02795446153846154
0.04860738461538461
0.1151556923076923
0.17481969230769231
0.21988061538461537
0.2559710769230769
0.26911384615384615
0.23385784615384617
0.1585476923076923
0.059664
-0.04839876923076923
-0.1341396923076923
-0.1913003076923077
-0.22008923076923076
-0.22321846153846153
-0.19547261538461536
-0.132888
-0.05590892307692308
0.023782153846153845
0.08323753846153846
0.11306953846153844
0.12329169230769231
0.11327815384615383
0.0936683076923077
0.05778646153846154
0.0012516923076923076
-0.055491692307692304
-0.10994030769230768
-0.14144123076923076
-0.14457046153846154
-0.1353913846153846
-0.10430769230769231
-0.06070707692307692
-0.009387692307692307
0.047772923076923074
0.0974233846153846
0.12579507692307693
0.13622584615384614
0.12725538461538463
0.10681107692307691
0.08636676923076922
0.05570030769230769
0.02545107692307692
-0.007927384615384614
-0.02086153846153846
-0.016480615384615385
-0.0077187692307692304
0.010848
0.006049846153846154
-0.0014603076923076922
-0.012308307692307691
-0.023990769230769232
-0.030040615384615384
-0.0448523076923077
-0.043392
-0.03275261538461539
-0.01397723076923077
0.02044430769230769
0.052153846153846155
0.07280676923076923
0.09283384615384616
0.10660246153846153
0.10868861538461538
0.09304246153846155
0.05236246153846154
0.002086153846153846
-0.05027630769230769
-0.08323753846153846
-0.09116492307692307
-0.07343261538461537
-0.016063384615384615
0.052571076923076915
0.12913292307692306
0.2090326153846154
0.2712
0.3141747692307692
0.30562153846153844
0.25284184615384614
0.17377661538461536
0.07635323076923077
-0.014394461538461538
-0.1045163076923077
-0.18212123076923076
-0.2275993846153846
-0.2292683076923077
-0.17565415384615385
-0.084072
0.02044430769230769
0.11578153846153846
0.1873366153846154
0.24574892307692306
0.2862203076923077
0.28768061538461537
0.24324553846153843
0.15187199999999998
0.03901107692307692
-0.07781353846153846
-0.18525046153846153
-0.2651501538461538
-0.31855569230769226
-0.32564861538461537
-0.28246523076923075
-0.20506892307692307
-0.10013538461538461
0.005841230769230769
0.0988836923076923
0.17085599999999998
0.20277415384615383
0.19860184615384616
0.15354092307692307
0.06654830769230768
-0.04672984615384615
-0.16772676923076923
-0.2666104615384615
-0.3333673846153846
-0.36570276923076916
-0.3536030769230769
-0.3133403076923077
-0.2503384615384615
-0.16167692307692308
-0.06070707692307692
0.043600615384615383
0.12204
0.17252492307692308
0.20131384615384615
0.20277415384615383
0.19192615384615386
0.16105107692307694
0.11098338461538461
0.058829538461538454
0.012308307692307691
-0.005215384615384615
-0.0033378461538461535
-0.006884307692307692
-0.010013538461538461
-0.016272
-0.008136
0.013351384615384614
0.03337846153846154
0.05298830769230769
0.06905169230769231
0.092208
0.12224861538461537
0.15646153846153846
0.18712800000000002
0.20110523076923076
0.200688
0.18796246153846152
0.15896492307692306
0.11682461538461539
0.06216738461538462
0.002086153846153846
-0.059664
-0.11870215384615385
-0.1543753846153846
-0.16084246153846155
-0.14790830769230767
-0.11494707692307692
-0.06529661538461538
0.003129230769230769
0.08448923076923077
0.16835261538461538
0.24053353846153847
0.2814221538461538
0.29414769230769233
0.2789187692307692
0.23010276923076922
0.14394461538461537
0.041514461538461535
-0.05382276923076923
-0.13184492307692308
-0.1775316923076923
-0.17273353846153844
-0.12934153846153845
-0.06842584615384616
0.01397723076923077
0.11181784615384616
0.20965846153846154
0.28100492307692304
0.30583015384615386
0.28768061538461537
0.24762646153846155
0.19359507692307693
0.13372246153846154
0.07927384615384615
0.021070153846153846
-0.024408000000000003
-0.05069353846153846
-0.053614153846153846
-0.03504738461538461
-0.018775384615384614
-0.016480615384615385
-0.02023569230769231
-0.01710646153846154
-0.007927384615384614
0.006258461538461538
0.01668923076923077
0.016063384615384615
0.011682461538461537
0.011682461538461537
0.018775384615384614
0.030875076923076922
0.02586830769230769
-0.0014603076923076922
-0.03150092307692308
-0.048816000000000005
-0.05716061538461538
-0.07593599999999999
-0.09596307692307693
-0.10660246153846153
-0.10952307692307692
-0.10138707692307691
-0.09596307692307693
-0.10743692307692307
-0.10910584615384614
-0.09116492307692307
-0.03775938461538462
0.03609046153846154
0.11223507692307692
0.1775316923076923
0.22113230769230768
0.2588916923076923
0.29101846153846156
0.3671630769230769
0.28434276923076923
0.111192
-0.02315630769230769
-0.20944984615384615
-0.24428861538461538
-0.3187643076923077
-0.4115981538461538
-0.4368406153846153
-0.4453938461538462
-0.23218892307692307
-0.052153846153846155
0.10222153846153846
0.19463815384615382
0.1856676923076923
0.2724516923076923
0.2659846153846154
0.25346769230769234
0.12704676923076924
-0.13935507692307691
-0.2995716923076923
-0.46354338461538463
-0.4823187692307692
-0.4184824615384615
-0.38343507692307693
-0.208824
-0.10055261538461538
0.03838523076923077
0.2563883076923077
0.34046030769230773
0.425784
0.3757163076923077
0.22029784615384615
0.09992676923076924
-0.08073415384615384
-0.16480615384615382
-0.22947692307692308
-0.31813846153846154
-0.3206418461538461
-0.2851772307692308
-0.12204
0.06321046153846153
0.16501476923076921
0.2374043076923077
0.23135446153846154
0.24887815384615386
0.26619323076923074
0.18712800000000002
0.09033046153846153
-0.05653476923076922
-0.16647507692307692
-0.1696043076923077
-0.17628
-0.13226215384615383
-0.07030338461538461
-0.020652923076923076
0.10159569230769232
0.20652923076923077
0.2726603076923077
0.2818393846153846
0.20632061538461538
0.12496061538461539
0.027745846153846152
-0.059664
-0.12496061538461539
-0.16292861538461537
-0.15228923076923076
-0.1449876923076923
-0.0826116923076923
0.01940123076923077
0.08344615384615384
0.13706030769230768
0.12579507692307693
0.09512861538461538
0.08240307692307691
0.042974769230769226
0.031709538461538456
-0.011682461538461537
-0.05757784615384615
-0.04672984615384615
-0.02586830769230769
0.021487384615384613
0.042974769230769226
0.050067692307692306
0.09137353846153846
0.1358086153846154
0.1718990769230769
0.14916
0.09763200000000001
0.06362769230769232
0.006049846153846154
-0.03129230769230769
-0.06070707692307692
-0.10013538461538461
-0.0855323076923077
-0.05716061538461538
0.007301538461538462
0.11682461538461539
0.19985353846153847
0.2772498461538462
0.2966510769230769
0.24887815384615386
0.18796246153846152
0.08991323076923076
-0.018358153846153843
-0.13309661538461537
-0.23782153846153845
-0.3008233846153846
-0.3225193846153846
-0.2632726153846154
-0.15917353846153848
-0.04735569230769231
0.06717415384615384
0.1506203076923077
0.2411593846153846
0.3045784615384615
0.29832
0.25555384615384613
0.13789476923076924
0.003129230769230769
-0.09700615384615385
-0.18796246153846152
-0.25242461538461536
-0.31188
-0.3339932307692307
-0.2620209230769231
-0.14123261538461537
-0.012934153846153845
0.08949599999999999
0.14394461538461537
0.17690584615384616
0.17711446153846155
0.1462393846153846
0.08469784615384615
-0.018775384615384614
-0.12099692307692309
-0.21800307692307694
-0.2709913846153846
-0.26681907692307694
-0.2374043076923077
-0.154584
-0.07238953846153846
-0.013142769230769229
0.050067692307692306
0.08866153846153846
0.12308307692307692
0.11765907692307691
0.049233230769230765
-0.020652923076923076
-0.09053907692307692
-0.132888
-0.14394461538461537
-0.14331876923076922
-0.11640738461538462
-0.07635323076923077
0.008344615384615384
0.11140061538461538
0.1800350769230769
0.22342707692307692
0.20778092307692309
0.16334584615384617
0.10868861538461538
0.01668923076923077
-0.06133292307692308
-0.138312
-0.18253846153846154
-0.1656406153846154
-0.13476553846153844
-0.05319692307692307
0.05653476923076922
0.16292861538461537
0.2578486153846154
0.3152178461538461
0.3573581538461538
0.3617390769230769
0.3072904615384615
0.20965846153846154
0.08344615384615384
-0.03921969230769231
-0.143736
-0.20673784615384616
-0.21696000000000001
-0.20402584615384614
-0.15520984615384617
-0.06133292307692308
0.05528307692307692
0.1869193846153846
0.2799618461538461
0.33482769230769227
0.3594443076923077
0.3304467692307692
0.2805876923076923
0.19359507692307693
0.08991323076923076
0.006467076923076923
-0.06821723076923077
-0.11098338461538461
-0.13080184615384613
-0.13330523076923076
-0.10618523076923077
-0.06300184615384616
-0.006675692307692307
0.04860738461538461
0.09971815384615385
0.14728246153846153
0.1543753846153846
0.13914646153846155
0.11181784615384616
0.056951999999999996
0.004589538461538461
-0.04109723076923077
-0.06863446153846153
-0.08344615384615384
-0.10910584615384614
-0.11411261538461538
-0.10180430769230768
-0.084072
-0.06383630769230769
-0.05528307692307692
-0.04109723076923077
-0.027328615384615382
-0.01043076923076923
0.007301538461538462
0.023990769230769232
0.05048492307692308
0.06133292307692308
0.06592246153846154
0.065088
0.05862092307692307
0.05590892307692308
0.03963692307692308
0.008970461538461538
-0.02795446153846154
-0.0609156923076923
-0.086784
-0.10389046153846154
-0.11891076923076922
-0.13622584615384614
-0.14540492307692307
-0.1358086153846154
-0.08720123076923077
-0.030040615384615384
0.013768615384615384
0.05736923076923077
0.08636676923076922
0.103056
0.10514215384615383
0.08991323076923076
0.05736923076923077
0.018983999999999997
-0.009596307692307692
-0.03129230769230769
-0.04130584615384615
-0.051528
-0.05173661538461538
-0.031709538461538456
0.0016689230769230767
0.05590892307692308
0.11557292307692307
0.16751815384615384
0.2127876923076923
0.23281476923076924
0.23469230769230767
0.22530461538461538
0.18712800000000002
0.13309661538461537
0.058829538461538454
-0.013768615384615384
-0.06362769230769232
-0.100344
-0.12099692307692309
-0.12850707692307692
-0.11452984615384615
-0.08636676923076922
-0.042348923076923076
0.007510153846153846
0.03859384615384615
0.046104
0.03108369230769231
0.0070929230769230765
-0.021904615384615383
-0.06362769230769232
-0.11745046153846153
-0.16835261538461538
-0.2125790769230769
-0.2371956923076923
-0.23469230769230767
-0.20694646153846152
-0.15959076923076923
-0.10409907692307692
-0.04401784615384615
0.016272
0.08156861538461539
0.1218313846153846
0.12412615384615384
0.10055261538461538
0.0678
0.040679999999999994
0.015437538461538461
0.0022947692307692304
-0.011473846153846154
-0.026285538461538457
-0.027328615384615382
-0.009596307692307692
0.024408000000000003
0.05716061538461538
0.07092923076923077
0.0828203076923077
0.10389046153846154
0.116616
0.12287446153846153
0.10117846153846152
0.059664
0.023364923076923075
-0.011056615384615385
-0.031709538461538456
-0.05173661538461538
-0.06154153846153846
-0.04985907692307692
-0.02044430769230769
0.03921969230769231
0.09491999999999999
0.13601723076923075
0.16876984615384616
0.18191261538461537
0.1860849230769231
0.1710646153846154
0.14144123076923076
0.10389046153846154
0.04860738461538461
0.010848
-0.01043076923076923
-0.021904615384615383
-0.010222153846153844
-0.0014603076923076922
0.02273907692307692
0.06049846153846154
0.09784061538461537
0.13789476923076924
0.1504116923076923
0.14144123076923076
0.11724184615384614
0.08511507692307693
0.058829538461538454
0.020027076923076922
-0.027328615384615382
-0.07510153846153846
-0.10827138461538462
-0.11098338461538461
-0.09909230769230769
-0.0855323076923077
-0.07572738461538461
-0.07823076923076923
-0.0678
-0.04214030769230769
-0.020652923076923076
0.0014603076923076922
0.003129230769230769
0.0008344615384615384
0.013768615384615384
0.031709538461538456
0.059038153846153844
0.07405846153846153
0.0609156923076923
0.037342153846153844
0.015228923076923076
-0.008344615384615384
-0.03483876923076923
-0.07113784615384615
-0.1097316923076923
-0.13789476923076924
-0.15228923076923076
-0.14519630769230768
-0.13330523076923076
-0.11807630769230769
-0.09909230769230769
-0.07051199999999999
-0.025033846153846153
0.015437538461538461
0.04672984615384615
0.05590892307692308
0.04714707692307692
0.031918153846153846
0.011473846153846154
-0.019192615384615384
-0.06529661538461538
-0.11849353846153846
-0.16230276923076925
-0.17419384615384614
-0.15938215384615384
-0.1097316923076923
-0.04088861538461538
0.03588184615384615
0.11891076923076922
0.19547261538461536
0.2638984615384615
0.28809784615384615
0.2647329230769231
0.20360861538461536
0.12391753846153845
0.04631261538461538
-0.02899753846153846
-0.09179076923076923
-0.14686523076923075
-0.18921415384615384
-0.20652923076923077
-0.19693292307692306
-0.15687876923076924
-0.09930092307692308
-0.04318338461538461
0.005215384615384615
0.054657230769230764
0.09679753846153846
0.12496061538461539
0.12162276923076921
0.08761846153846153
0.043600615384615383
-0.013142769230769229
-0.05590892307692308
-0.08991323076923076
-0.11974523076923077
-0.13101046153846155
-0.11140061538461538
-0.07051199999999999
-0.02086153846153846
0.03337846153846154
0.06008123076923077
0.07113784615384615
0.07092923076923077
0.06362769230769232
0.056951999999999996
0.03713353846153846
0.016063384615384615
0.007510153846153846
0.012099692307692308
0.028163076923076923
0.054240000000000003
0.08720123076923077
0.11953661538461538
0.13038461538461538
0.12558646153846154
0.10681107692307691
0.06216738461538462
0.005841230769230769
-0.06821723076923077
-0.143736
-0.2125790769230769
-0.25972615384615383
-0.2849686153846154
-0.28893230769230765
-0.21091015384615383
-0.08302892307692307
0.0961716923076923
0.29414769230769233
0.4616658461538461
0.6266806153846154
0.7241040000000001
0.7616547692307691
0.7003218461538462
0.5240418461538462
0.31104553846153843
0.051319384615384614
-0.14081538461538462
-0.3225193846153846
-0.4620830769230769
-0.4685501538461538
-0.43934399999999996
-0.2517987692307692
-0.02795446153846154
0.20277415384615383
0.4376750769230769
0.5565858461538462
0.6767483076923076
0.6652744615384616
0.5426086153846154
0.36945784615384614
0.09658892307692307
-0.1356
-0.36611999999999995
-0.5238332307692307
-0.5592978461538461
-0.546780923076923
-0.41368430769230763
-0.24866953846153847
-0.05716061538461538
0.14540492307692307
0.25764
0.3456756923076923
0.327108923076923
0.21862892307692305
0.12245723076923076
-0.004172307692307692
-0.06529661538461538
-0.09950953846153845
-0.14832553846153845
-0.14540492307692307
-0.1489513846153846
-0.11432123076923076
-0.07030338461538461
-0.0798996923076923
-0.09095630769230768
-0.11244369230769231
-0.11995384615384615
-0.11348676923076922
-0.130176
-0.1424843076923077
-0.15917353846153848
-0.1422756923076923
-0.08031692307692308
-0.018358153846153843
0.06321046153846153
0.11745046153846153
0.14790830769230767
0.1783661538461538
0.15208061538461537
0.09262523076923077
-0.006049846153846154
-0.14978584615384616
-0.25805723076923076
-0.35339446153846155
-0.39052800000000004
-0.34275507692307694
-0.25972615384615383
-0.10597661538461538
0.05298830769230769
0.21487384615384614
0.37091815384615384
0.46437784615384614
0.5048492307692307
0.45457292307692304
0.3573581538461538
0.2591003076923077
0.13080184615384613
0.007301538461538462
-0.09554584615384615
-0.1652233846153846
-0.16188553846153847
-0.12850707692307692
-0.04693846153846153
0.062376
0.14707384615384617
0.23615261538461538
0.279336
0.2751636923076923
0.2221753846153846
0.10639384615384614
-0.0043809230769230765
-0.11035753846153845
-0.2075723076923077
-0.2680707692307692
-0.287472
-0.23844738461538462
-0.14436184615384615
-0.01814953846153846
0.12725538461538463
0.2369870769230769
0.3187643076923077
0.3304467692307692
0.26619323076923074
0.17565415384615385
0.04109723076923077
-0.08782707692307692
-0.19505538461538463
-0.2791273846153846
-0.2943563076923077
-0.2632726153846154
-0.17669723076923077
-0.046104
0.08761846153846153
0.21988061538461537
0.3206418461538461
0.37717661538461533
0.3805144615384615
0.3095852307692307
0.18316430769230768
0.020652923076923076
-0.14728246153846153
-0.28893230769230765
-0.404088
-0.46688123076923077
-0.47689476923076923
-0.431208
-0.3077076923076923
-0.15187199999999998
0.015854769230769228
0.16584923076923075
0.2618123076923077
0.31834707692307695
0.30562153846153844
0.23052
0.1178676923076923
-0.03713353846153846
-0.18399876923076922
-0.29685969230769227
-0.3713353846153846
-0.3836436923076923
-0.35005661538461535
-0.26535876923076923
-0.14582215384615385
-0.015646153846153844
0.11974523076923077
0.214248
0.27140861538461536
0.2883064615384615
0.2482523076923077
0.20027076923076922
0.13998092307692306
0.08302892307692307
0.05048492307692308
0.015228923076923076
0.008344615384615384
0.01814953846153846
0.031918153846153846
0.056951999999999996
0.053405538461538456
0.035255999999999996
0.006258461538461538
-0.04631261538461538
-0.08448923076923077
-0.12433476923076923
-0.15270646153846154
-0.14957723076923077
-0.1316363076923077
-0.0717636923076923
-0.0016689230769230767
0.07697907692307693
0.16876984615384616
0.2399076923076923
0.2979027692307692
0.3087507692307692
0.268488
0.19192615384615386
0.07343261538461537
-0.051319384615384614
-0.17169046153846151
-0.2751636923076923
-0.32543999999999995
-0.33295015384615384
-0.28204799999999997
-0.17481969230769231
-0.044435076923076924
0.09804923076923076
0.21737723076923077
0.3087507692307692
0.34651015384615386
0.31918153846153846
0.2436627692307692
0.11703323076923078
-0.026702769230769228
-0.17732307692307692
-0.3114627692307692
-0.3957433846153846
-0.42724430769230765
-0.39866399999999996
-0.3152178461538461
-0.1977673846153846
-0.04985907692307692
0.10743692307692307
0.23490092307692306
0.31918153846153846
0.3419206153846154
0.31834707692307695
0.2559710769230769
0.157296
0.0448523076923077
-0.07364123076923076
-0.1666836923076923
-0.22697353846153845
-0.24554030769230767
-0.21362215384615382
-0.1506203076923077
-0.06049846153846154
0.03963692307692308
0.1422756923076923
0.23239753846153846
0.28851507692307693
0.30186646153846153
0.2697396923076923
0.2056947692307692
0.12621230769230768
0.04693846153846153
-0.03108369230769231
-0.10138707692307691
-0.15562707692307692
-0.18253846153846154
-0.17690584615384616
-0.14164984615384615
-0.09491999999999999
-0.05653476923076922
-0.021696
0.0002086153846153846
0.02044430769230769
0.03421292307692308
0.027745846153846152
0.015646153846153844
-0.006884307692307692
-0.027120000000000002
-0.028788923076923077
-0.02273907692307692
-0.013142769230769229
-0.0008344615384615384
0.013142769230769229
0.03150092307692308
0.04756430769230769
0.055491692307692304
0.05820369230769231
0.05111076923076923
0.04130584615384615
0.04965046153846154
0.06279323076923077
0.07468430769230769
0.08115138461538463
0.08052553846153847
0.08761846153846153
0.09909230769230769
0.11306953846153844
0.11286092307692308
0.0961716923076923
0.06863446153846153
0.037967999999999995
0.01272553846153846
-0.011473846153846154
-0.03671630769230769
-0.06258461538461538
-0.07468430769230769
-0.06654830769230768
-0.02858030769230769
0.026702769230769228
0.08156861538461539
0.1356
0.17544553846153846
0.19651569230769228
0.19380369230769232
0.16209415384615386
0.10076123076923077
0.016272
-0.06216738461538462
-0.12558646153846154
-0.16876984615384616
-0.18212123076923076
-0.17669723076923077
-0.14936861538461538
-0.10180430769230768
-0.04088861538461538
0.02357353846153846
0.07218092307692307
0.1028473846153846
0.10472492307692308
0.07697907692307693
0.04401784615384615
0.00855323076923077
-0.027120000000000002
-0.059038153846153844
-0.08177723076923075
-0.07885661538461539
-0.06300184615384616
-0.04318338461538461
-0.018775384615384614
0.0016689230769230767
0.03379569230769231
0.06821723076923077
0.09867507692307692
0.12934153846153845
0.13059323076923077
0.11953661538461538
0.11911938461538461
0.13372246153846154
0.1435273846153846
0.14144123076923076
0.13914646153846155
0.13184492307692308
0.12621230769230768
0.11870215384615385
0.1097316923076923
0.08615815384615384
0.0446436923076923
0.0029206153846153843
-0.03129230769230769
-0.05716061538461538
-0.07635323076923077
-0.07969107692307692
-0.04860738461538461
0.006258461538461538
0.06216738461538462
0.11223507692307692
0.13914646153846155
0.1449876923076923
0.124752
0.07510153846153846
0.014185846153846153
-0.06404492307692307
-0.14999446153846155
-0.2238443076923077
-0.2699483076923077
-0.2716172307692308
-0.22447015384615385
-0.14039815384615384
-0.03942830769230769
0.07781353846153846
0.19192615384615386
0.2872633846153846
0.3456756923076923
0.34692738461538464
0.2931046153846154
0.1927606153846154
0.08448923076923077
-0.020027076923076922
-0.11265230769230769
-0.19296923076923078
-0.25138153846153843
-0.2578486153846154
-0.21800307692307694
-0.14018953846153845
-0.04944184615384615
0.04672984615384615
0.14081538461538462
0.2127876923076923
0.2557624615384615
0.2674449230769231
0.24032492307692307
0.1639716923076923
0.06967753846153846
-0.029623384615384614
-0.12621230769230768
-0.20152246153846154
-0.26222953846153846
-0.2912270769230769
-0.28851507692307693
-0.2557624615384615
-0.19067446153846154
-0.11953661538461538
-0.05590892307692308
-0.005632615384615384
0.025659692307692307
0.0448523076923077
0.05528307692307692
0.05194523076923077
0.035464615384615386
0.013768615384615384
0.0022947692307692304
0.005424
0.016063384615384615
0.02232184615384615
0.023990769230769232
0.03379569230769231
0.04401784615384615
0.062376
0.08010830769230769
0.07635323076923077
0.06425353846153846
0.05444861538461539
0.05528307692307692
0.06884307692307692
0.08824430769230769
0.10076123076923077
0.10389046153846154
0.09700615384615385
0.07969107692307692
0.059038153846153844
0.022947692307692308
-0.02357353846153846
-0.06467076923076923
-0.09554584615384615
-0.10076123076923077
-0.08323753846153846
-0.05528307692307692
-0.010639384615384617
0.04756430769230769
0.10952307692307692
0.16418030769230768
0.1923433846153846
0.17982646153846152
0.12016246153846154
0.038176615384615385
-0.03880246153846154
-0.1070196923076923
-0.1531236923076923
-0.1860849230769231
-0.19004861538461537
-0.16105107692307694
-0.11703323076923078
-0.04944184615384615
0.004589538461538461
0.04130584615384615
0.06800861538461538
0.07739630769230768
0.08448923076923077
0.07051199999999999
0.03066646153846154
-0.017523692307692306
-0.07635323076923077
-0.12391753846153845
-0.14311015384615386
-0.15959076923076923
-0.16188553846153847
-0.1424843076923077
-0.09658892307692307
-0.024199384615384616
0.05403138461538461
0.13455692307692307
0.18212123076923076
0.19985353846153847
0.18983999999999998
0.14603076923076924
0.09596307692307693
0.016480615384615385
-0.06633969230769231
-0.13393107692307693
-0.16626646153846153
-0.18066092307692305
-0.1800350769230769
-0.14832553846153845
-0.10555938461538462
-0.03442153846153846
0.03567323076923076
0.11724184615384614
0.17377661538461536
0.23052
0.2540935384615385
0.36403384615384615
0.3848953846153846
0.22572184615384616
0.15124615384615384
-0.03129230769230769
-0.13789476923076924
-0.2275993846153846
-0.32898646153846156
-0.43934399999999996
-0.5659735384615384
-0.4585366153846154
-0.3160523076923077
-0.065088
0.10806276923076923
0.19505538461538463
0.3567323076923076
0.442056
0.6031070769230769
0.6083224615384615
0.4262012307692308
0.2288510769230769
-0.016063384615384615
-0.1504116923076923
-0.24074215384615386
-0.32189353846153845
-0.3321156923076923
-0.3342018461538461
-0.2943563076923077
-0.13852061538461538
0.031918153846153846
0.16772676923076923
0.2572227692307692
0.2872633846153846
0.2497126153846154
0.18858830769230767
0.17669723076923077
0.14311015384615386
0.09471138461538461
-0.016063384615384615
-0.11953661538461538
-0.13998092307692306
-0.1489513846153846
-0.14269292307692305
-0.15374953846153847
-0.22488738461538463
-0.2643156923076923
-0.22405292307692307
-0.17481969230769231
-0.13372246153846154
-0.11870215384615385
-0.11411261538461538
-0.06633969230769231
0.023782153846153845
0.10263876923076923
0.17294215384615383
0.1873366153846154
0.1858763076923077
0.2138307692307692
0.20652923076923077
0.14311015384615386
0.044435076923076924
-0.08177723076923075
-0.2330233846153846
-0.31000246153846156
-0.35318584615384613
-0.3319070769230769
-0.2207150769230769
-0.11953661538461538
0.040262769230769234
0.24178523076923078
0.401376
0.5355156923076922
0.5999778461538462
0.5578375384615384
0.4405956923076923
0.28121353846153846
0.11807630769230769
-0.05674338461538461
-0.22718215384615387
-0.36257353846153845
-0.4307907692307692
-0.4291218461538462
-0.38531261538461536
-0.2737033846153846
-0.13726892307692307
0.026911384615384615
0.2194633846153846
0.355272
0.44977476923076926
0.497964923076923
0.4739741538461538
0.40513107692307687
0.2920615384615385
0.11870215384615385
-0.04839876923076923
-0.16334584615384617
-0.2411593846153846
-0.2532590769230769
-0.23093723076923076
-0.18900553846153845
-0.12099692307692309
-0.04860738461538461
0.017940923076923077
0.07092923076923077
0.10076123076923077
0.09658892307692307
0.09658892307692307
0.084072
0.04631261538461538
0.04172307692307692
0.04672984615384615
0.04839876923076923
0.058412307692307694
0.03588184615384615
0.015228923076923076
0.010013538461538461
-0.007301538461538462
-0.0002086153846153846
-0.0043809230769230765
-0.027120000000000002
-0.020027076923076922
0.011891076923076923
0.047772923076923074
0.07531015384615385
0.0974233846153846
0.11265230769230769
0.14415323076923076
0.1846246153846154
0.19192615384615386
0.16063384615384615
0.09158215384615384
0.0016689230769230767
-0.0717636923076923
-0.13518276923076925
-0.19985353846153847
-0.24303692307692307
-0.28121353846153846
-0.2776670769230769
-0.21174461538461536
-0.1218313846153846
0.0004172307692307692
0.10868861538461538
0.17982646153846152
0.22321846153846153
0.23907323076923076
0.22864246153846152
0.19213476923076922
0.11494707692307692
-0.0008344615384615384
-0.10055261538461538
-0.16856123076923077
-0.1846246153846154
-0.14749107692307692
-0.10055261538461538
-0.059664
0.01668923076923077
0.11202646153846153
0.1994363076923077
0.2724516923076923
0.2724516923076923
0.21967199999999998
0.14436184615384615
0.06258461538461538
-0.0006258461538461538
-0.06425353846153846
-0.10931446153846153
-0.1289243076923077
-0.12120553846153845
-0.07238953846153846
-0.0077187692307692304
0.07510153846153846
0.13101046153846155
0.14728246153846153
0.1462393846153846
0.11077476923076923
0.059664
-0.014394461538461538
-0.111192
-0.20944984615384615
-0.2966510769230769
-0.3312812307692308
-0.2997803076923077
-0.2436627692307692
-0.16793538461538463
-0.06863446153846153
0.045895384615384616
0.16459753846153846
0.24616615384615384
0.27558092307692306
0.2578486153846154
0.20402584615384614
0.13476553846153844
0.06133292307692308
-0.009179076923076922
-0.07364123076923076
-0.1070196923076923
-0.10138707692307691
-0.07072061538461538
-0.008970461538461538
0.05820369230769231
0.10868861538461538
0.157296
0.18545907692307692
0.18775384615384613
0.17273353846153844
0.12496061538461539
0.06362769230769232
0.003963692307692307
-0.059664
-0.10138707692307691
-0.11557292307692307
-0.10827138461538462
-0.06842584615384616
-0.03233538461538461
0.002712
0.04214030769230769
0.061124307692307686
0.06550523076923077
0.04902461538461538
0.01397723076923077
-0.04088861538461538
-0.0936683076923077
-0.12621230769230768
-0.138312
-0.12370892307692308
-0.09763200000000001
-0.062376
-0.014394461538461538
0.03275261538461539
0.06967753846153846
0.09992676923076924
0.0934596923076923
0.05444861538461539
0.0006258461538461538
-0.06738276923076922
-0.11703323076923078
-0.16021661538461537
-0.1867107692307692
-0.19526400000000002
-0.18983999999999998
-0.1489513846153846
-0.08448923076923077
-0.005215384615384615
0.05757784615384615
0.09679753846153846
0.11911938461538461
0.12496061538461539
0.12955015384615384
0.11682461538461539
0.086784
0.06008123076923077
0.02586830769230769
0.005424
-0.0006258461538461538
-0.02086153846153846
-0.03671630769230769
-0.04693846153846153
-0.0448523076923077
-0.01668923076923077
0.027120000000000002
0.07760492307692309
0.12162276923076921
0.1585476923076923
0.18754523076923074
0.20298276923076922
0.19964492307692308
0.17231630769230769
0.12454338461538461
0.07197230769230768
0.02357353846153846
-0.02357353846153846
-0.06446215384615385
-0.10576799999999999
-0.14269292307692305
-0.16981292307692308
-0.18379015384615385
-0.1718990769230769
-0.1656406153846154
-0.1597993846153846
-0.1356
-0.09533723076923077
-0.03129230769230769
0.03045784615384615
0.07468430769230769
0.09596307692307693
0.09491999999999999
0.08720123076923077
0.07468430769230769
0.05674338461538461
0.026702769230769228
-0.02273907692307692
-0.06049846153846154
-0.07572738461538461
-0.07092923076923077
-0.051319384615384614
-0.03775938461538462
-0.016272
0.018983999999999997
0.07280676923076923
0.13622584615384614
0.17461107692307692
0.18775384615384613
0.1779489230769231
0.16021661538461537
0.14269292307692305
0.11745046153846153
0.07468430769230769
0.014185846153846153
-0.043392
-0.08991323076923076
-0.11640738461538462
-0.14102399999999998
-0.17169046153846151
-0.20256553846153844
-0.21341353846153846
-0.18921415384615384
-0.130176
-0.05090215384615384
0.013768615384615384
0.07906523076923076
0.13643446153846153
0.18086953846153844
0.21758584615384616
0.208824
0.16000799999999998
0.08469784615384615
0.0
-0.07426707692307692
-0.1353913846153846
-0.17982646153846152
-0.21466523076923077
-0.22134092307692307
-0.1860849230769231
-0.116616
-0.02086153846153846
0.07927384615384615
0.17002153846153847
0.260352
0.328152
0.37029230769230764
0.3686233846153846
0.30019753846153846
0.19818461538461538
0.06863446153846153
-0.05277969230769231
-0.15813046153846153
-0.2591003076923077
-0.3275261538461538
-0.35610646153846154
-0.3377483076923077
-0.2680707692307692
-0.16292861538461537
-0.05194523076923077
0.056951999999999996
0.15249784615384615
0.22780799999999998
0.2772498461538462
0.28246523076923075
0.241368
0.15604430769230768
0.058829538461538454
-0.02482523076923077
-0.09012184615384615
-0.13643446153846153
-0.17648861538461538
-0.19651569230769228
-0.19380369230769232
-0.15875630769230767
-0.0988836923076923
-0.04860738461538461
-0.0025033846153846152
0.029414769230769227
0.059038153846153844
0.10222153846153846
0.13601723076923075
0.16188553846153847
0.17565415384615385
0.1693956923076923
0.15646153846153846
0.13309661538461537
0.09658892307692307
0.045895384615384616
-0.020652923076923076
-0.08052553846153847
-0.12037107692307693
-0.1316363076923077
-0.12099692307692309
-0.09992676923076924
-0.058829538461538454
0.0014603076923076922
0.08761846153846153
0.1881710769230769
0.2768326153846154
0.33962584615384617
0.37029230769230764
0.368832
0.3369138461538461
0.2751636923076923
0.18128676923076922
0.07009476923076922
-0.044435076923076924
-0.13622584615384614
-0.19672430769230767
-0.2261390769230769
-0.2290596923076923
-0.20861538461538462
-0.14999446153846155
-0.06195876923076923
0.04631261538461538
0.1476996923076923
0.20840676923076923
0.23406646153846156
0.2221753846153846
0.17815753846153848
0.11870215384615385
0.031709538461538456
-0.06675692307692307
-0.15562707692307692
-0.21445661538461538
-0.2275993846153846
-0.2090326153846154
-0.15917353846153848
-0.08949599999999999
-0.009804923076923077
0.07238953846153846
0.14123261538461537
0.1923433846153846
0.208824
0.1923433846153846
0.15354092307692307
0.10430769230769231
0.059872615384615385
0.015854769230769228
-0.015854769230769228
-0.03713353846153846
-0.04714707692307692
-0.04672984615384615
-0.04526953846153846
-0.03629907692307692
-0.03483876923076923
-0.028371692307692306
-0.02545107692307692
-0.02545107692307692
-0.034630153846153845
-0.055491692307692304
-0.06654830769230768
-0.07572738461538461
-0.084072
-0.11327815384615383
-0.1397723076923077
-0.18107815384615383
-0.2194633846153846
-0.2526332307692308
-0.27182584615384614
-0.2563883076923077
-0.1992276923076923
-0.07426707692307692
0.12245723076923076
0.3757163076923077
0.49274953846153846
0.6227169230769231
0.71868
0.7097095384615384
0.7161766153846153
0.5398966153846154
0.32189353846153845
0.026076923076923077
-0.2586830769230769
-0.44998338461538456
-0.6761224615384615
-0.7716683076923077
-0.8359218461538461
-0.7384984615384615
-0.4739741538461538
-0.1597993846153846
0.273912
0.5953883076923077
0.8636676923076922
1.0530904615384615
1.0585144615384616
0.9896713846153846
0.7211833846153846
0.34630153846153844
-0.051319384615384614
-0.5411483076923076
-0.8897446153846154
-1.0966910769230769
-1.1909852307692308
-1.090849846153846
-0.9352227692307692
-0.665483076923077
-0.32314523076923074
0.03379569230769231
0.43809230769230767
0.742044923076923
0.932928
1.007820923076923
0.9629686153846154
0.8430147692307691
0.5680596923076923
0.1990190769230769
-0.19463815384615382
-0.5905901538461539
-0.8532369230769231
-1.018043076923077
-1.0781243076923075
-0.9961384615384615
-0.8375907692307692
-0.5665993846153846
-0.23344061538461539
0.09304246153846155
0.42953907692307686
0.6928116923076922
0.8761846153846153
0.9975987692307692
0.9930092307692308
0.8882843076923077
0.6648572307692308
0.3554806153846154
-0.0002086153846153846
-0.3744646153846154
-0.6800861538461539
-0.9202024615384615
-1.037652923076923
-1.0453716923076923
-0.9615083076923076
-0.6994873846153846
-0.3490135384615385
0.045060923076923075
0.46583815384615385
0.8046295384615384
1.062060923076923
1.1857698461538462
1.156980923076923
1.011576
0.7209747692307692
0.36319938461538465
-0.016897846153846156
-0.3980381538461538
-0.7184713846153845
-0.9590049230769231
-1.057054153846154
-1.007820923076923
-0.8359218461538461
-0.5534566153846153
-0.20861538461538462
0.19651569230769228
0.5987261538461538
0.9179076923076923
1.1432123076923075
1.2126812307692307
1.1284006153846153
0.9337624615384615
0.6116603076923077
0.24491446153846153
-0.12308307692307692
-0.48336184615384614
-0.7537273846153846
-0.9391864615384615
-1.0059433846153845
-0.9224972307692308
-0.7249384615384614
-0.43308553846153847
-0.10493353846153847
0.21842030769230766
0.5019286153846154
0.7232695384615385
0.8630418461538462
0.8805655384615384
0.7750061538461538
0.5638873846153847
0.2789187692307692
-0.016897846153846156
-0.30895938461538464
-0.5630529230769231
-0.7345347692307692
-0.8467698461538462
-0.8580350769230769
-0.7710424615384616
-0.6293926153846153
-0.43350276923076925
-0.21737723076923077
0.012934153846153845
0.24282830769230768
0.42703569230769234
0.5459464615384615
0.5843316923076923
0.5463636923076923
0.4476886153846154
0.309168
0.15208061538461537
-0.026494153846153844
-0.20423446153846153
-0.3611132307692308
-0.4866996923076923
-0.5342640000000001
-0.5127766153846154
-0.4376750769230769
-0.306456
-0.16710092307692306
-0.009179076923076922
0.1693956923076923
0.33587076923076925
0.4923323076923077
0.5916332307692307
0.6202135384615385
0.6001864615384616
0.5236246153846154
0.4015846153846154
0.23782153846153845
0.04422646153846154
-0.14790830769230767
-0.3079163076923077
-0.40325353846153844
-0.44122153846153844
-0.43642338461538455
-0.3884418461538462
-0.3148006153846154
-0.19526400000000002
-0.053405538461538456
0.08094276923076923
0.20861538461538462
0.2868461538461538
0.3323243076923077
0.34504984615384615
0.31542646153846154
0.2563883076923077
0.16000799999999998
0.04380923076923077
-0.07280676923076923
-0.1639716923076923
-0.2236356923076923
-0.2503384615384615
-0.25430215384615384
-0.24408
-0.20339999999999997
-0.138312
-0.05736923076923077
0.027120000000000002
0.09825784615384614
0.1531236923076923
0.21111876923076925
0.2737033846153846
0.31062830769230765
0.31626092307692305
0.2791273846153846
0.21862892307692305
0.16063384615384615
0.08469784615384615
0.003129230769230769
-0.08949599999999999
-0.1842073846153846
-0.24595753846153845
-0.27140861538461536
-0.2618123076923077
-0.22634769230769228
-0.16897846153846155
-0.09846646153846153
-0.018775384615384614
0.07510153846153846
0.16897846153846155
0.2415766153846154
0.28788923076923073
0.28893230769230765
0.25305046153846156
0.18754523076923074
0.0897046153846154
-0.016063384615384615
-0.1314276923076923
-0.21988061538461537
-0.2716172307692308
-0.30666461538461537
-0.32001599999999997
-0.3022836923076923
-0.2436627692307692
-0.15333230769230768
-0.042557538461538466
0.07280676923076923
0.1775316923076923
0.24762646153846155
0.28204799999999997
0.2939390769230769
0.27474646153846155
0.2209236923076923
0.13476553846153844
0.03045784615384615
-0.06008123076923077
-0.12537784615384615
-0.16856123076923077
-0.19651569230769228
-0.21195323076923075
-0.20402584615384614
-0.17523692307692307
-0.11911938461538461
-0.055491692307692304
-0.011891076923076923
0.01668923076923077
0.03713353846153846
0.07468430769230769
0.1207883076923077
0.1506203076923077
0.1570873846153846
0.13622584615384614
0.09784061538461537
0.03942830769230769
-0.03859384615384615
-0.119328
-0.1940123076923077
-0.25930892307692305
-0.29352184615384613
-0.28100492307692304
-0.22780799999999998
-0.16042523076923076
-0.08344615384615384
0.022947692307692308
0.13893784615384613
0.24574892307692306
0.32210215384615387
0.3421292307692308
0.3127144615384615
0.23969907692307693
0.14081538461538462
0.04088861538461538
-0.05611753846153846
-0.14749107692307692
-0.22405292307692307
-0.26076923076923075
-0.24741784615384615
-0.1913003076923077
-0.10368184615384615
-0.0077187692307692304
0.10639384615384614
0.22321846153846153
0.3129230769230769
0.37780246153846153
0.3846867692307692
0.3373310769230769
0.25659692307692306
0.15354092307692307
0.06216738461538462
-0.03650769230769231
-0.12767261538461538
-0.18921415384615384
-0.21633415384615384
-0.18775384615384613
-0.12558646153846154
-0.03942830769230769
0.05194523076923077
0.14144123076923076
0.22321846153846153
0.27182584615384614
0.2791273846153846
0.2357353846153846
0.1558356923076923
0.07009476923076922
-0.005841230769230769
-0.06049846153846154
-0.09095630769230768
-0.1097316923076923
-0.10868861538461538
-0.08135999999999999
-0.03609046153846154
0.027745846153846152
0.09053907692307692
0.13643446153846153
0.17252492307692308
0.19568123076923075
0.21508246153846153
0.2207150769230769
0.19693292307692306
0.15875630769230767
0.10722830769230769
0.06216738461538462
0.03212676923076923
0.011682461538461537
-0.0014603076923076922
-0.01668923076923077
-0.011891076923076923
0.019609846153846155
0.06654830769230768
0.11494707692307692
0.143736
0.14999446153846155
0.1397723076923077
0.1136953846153846
0.07969107692307692
0.028788923076923077
-0.03984553846153846
-0.10076123076923077
-0.1531236923076923
-0.18232984615384615
-0.19296923076923078
-0.20402584615384614
-0.19568123076923075
-0.16188553846153847
-0.10430769230769231
-0.03358707692307692
0.03233538461538461
0.07635323076923077
0.09804923076923076
0.10555938461538462
0.10389046153846154
0.09429415384615383
0.06550523076923077
0.021904615384615383
-0.03692492307692308
-0.09325107692307691
-0.13309661538461537
-0.14811692307692306
-0.1543753846153846
-0.16084246153846155
-0.13706030769230768
-0.0961716923076923
-0.026076923076923077
0.04756430769230769
0.0961716923076923
0.12955015384615384
0.1341396923076923
0.13205353846153844
0.11891076923076922
0.08699261538461538
0.03609046153846154
-0.030875076923076922
-0.09992676923076924
-0.1585476923076923
-0.184416
-0.19881046153846152
-0.20381723076923075
-0.18712800000000002
-0.14832553846153845
-0.08761846153846153
-0.014185846153846153
0.05048492307692308
0.09533723076923077
0.13080184615384613
0.1504116923076923
0.14916
0.12496061538461539
0.07092923076923077
0.0014603076923076922
-0.07072061538461538
-0.132888
-0.16710092307692306
-0.1804523076923077
-0.1787833846153846
-0.15750461538461538
-0.10889723076923077
-0.03838523076923077
0.042557538461538466
0.12308307692307692
0.18337292307692307
0.21716861538461538
0.23469230769230767
0.2436627692307692
0.23281476923076924
0.19359507692307693
0.132888
0.06821723076923077
0.011891076923076923
-0.027120000000000002
-0.05069353846153846
-0.07134646153846153
-0.08073415384615384
-0.07238953846153846
-0.03504738461538461
0.025659692307692307
0.086784
0.13768615384615385
0.17481969230769231
0.20486030769230767
0.2261390769230769
0.2355267692307692
0.23072861538461537
0.20110523076923076
0.15416676923076922
0.10493353846153847
0.06133292307692308
0.020652923076923076
-0.03650769230769231
-0.09909230769230769
-0.14290153846153844
-0.1612596923076923
-0.14999446153846155
-0.11974523076923077
-0.07843938461538462
-0.029623384615384614
0.02858030769230769
0.09387692307692307
0.15103753846153847
0.18754523076923074
0.18379015384615385
0.14311015384615386
0.08052553846153847
0.009179076923076922
-0.053405538461538456
-0.1218313846153846
-0.18858830769230767
-0.2330233846153846
-0.2532590769230769
-0.23886461538461537
-0.19693292307692306
-0.14164984615384615
-0.07468430769230769
-0.006049846153846154
0.05403138461538461
0.11348676923076922
0.14123261538461537
0.10827138461538462
0.055491692307692304
0.013560000000000001
-0.012308307692307691
-0.03233538461538461
-0.0609156923076923
-0.07927384615384615
-0.06759138461538462
-0.008970461538461538
0.15667015384615385
0.2261390769230769
0.16438892307692307
0.1289243076923077
0.037967999999999995
0.07593599999999999
0.03233538461538461
-0.14561353846153846
-0.25972615384615383
-0.42474092307692307
-0.33587076923076925
-0.2225926153846154
-0.14477907692307693
-0.047772923076923074
-0.08469784615384615
0.07030338461538461
0.16793538461538463
0.22780799999999998
0.2355267692307692
0.02211323076923077
-0.07218092307692307
-0.21779446153846155
-0.2858030769230769
-0.23052
-0.2899753846153846
-0.17982646153846152
-0.09825784615384614
-0.02858030769230769
0.19735015384615384
0.28100492307692304
0.39052800000000004
0.4076344615384615
0.25451076923076926
0.19046584615384615
0.03859384615384615
-0.03045784615384615
-0.04547815384615384
-0.17481969230769231
-0.22175815384615383
-0.27432923076923077
-0.20360861538461536
-0.04985907692307692
-0.012099692307692308
0.03066646153846154
-0.0002086153846153846
0.006675692307692307
0.08386338461538462
0.047981538461538464
0.004798153846153846
-0.09596307692307693
-0.20047938461538461
-0.18149538461538461
-0.184416
-0.15270646153846154
-0.10952307692307692
-0.09512861538461538
0.016063384615384615
0.10138707692307691
0.15792184615384616
0.1873366153846154
0.11599015384615384
0.06446215384615385
-0.0043809230769230765
-0.07030338461538461
-0.09179076923076923
-0.10493353846153847
-0.054657230769230764
-0.02044430769230769
0.04819015384615385
0.17419384615384614
0.25972615384615383
0.34984799999999994
0.3571495384615384
0.31104553846153843
0.276624
0.19046584615384615
0.12996738461538462
0.028163076923076923
-0.09596307692307693
-0.14060676923076923
-0.17085599999999998
-0.13726892307692307
-0.08949599999999999
-0.04380923076923077
0.0771876923076923
0.19296923076923078
0.2906012307692308
0.32585723076923073
0.2953993846153846
0.26640184615384616
0.18170399999999998
0.07468430769230769
-0.04401784615384615
-0.19442953846153843
-0.2774584615384615
-0.3158436923076923
-0.30249230769230767
-0.21195323076923075
-0.11995384615384615
0.026494153846153844
0.17023015384615386
0.2559710769230769
0.32898646153846156
0.33816553846153846
0.309168
0.23156307692307693
0.09512861538461538
-0.042557538461538466
-0.1779489230769231
-0.24908676923076922
-0.2620209230769231
-0.254928
-0.20715507692307691
-0.16772676923076923
-0.09074769230769231
0.017940923076923077
0.0880356923076923
0.1506203076923077
0.14290153846153844
0.0961716923076923
0.07426707692307692
0.029206153846153847
-0.014603076923076923
-0.08198584615384615
-0.15896492307692306
-0.16856123076923077
-0.14477907692307693
-0.10660246153846153
-0.06654830769230768
-0.05027630769230769
-0.01272553846153846
0.02086153846153846
0.042974769230769226
0.06216738461538462
0.05298830769230769
0.05528307692307692
0.042974769230769226
0.024408000000000003
0.021278769230769233
0.010848
0.03838523076923077
0.059872615384615385
0.05382276923076923
0.06195876923076923
0.05090215384615384
0.06362769230769232
0.07593599999999999
0.03567323076923076
-0.0014603076923076922
-0.04109723076923077
-0.054657230769230764
-0.025659692307692307
-0.0077187692307692304
0.02211323076923077
0.06446215384615385
0.12099692307692309
0.20527753846153846
0.25701415384615384
0.2845513846153846
0.2753723076923077
0.23156307692307693
0.18170399999999998
0.09053907692307692
0.0014603076923076922
-0.07843938461538462
-0.14185846153846154
-0.14957723076923077
-0.138312
-0.09387692307692307
-0.011265230769230769
0.084072
0.18066092307692305
0.23823876923076923
0.25972615384615383
0.25972615384615383
0.22300984615384614
0.14999446153846155
0.04547815384615384
-0.08240307692307691
-0.19797599999999999
-0.2774584615384615
-0.3054129230769231
-0.2924787692307692
-0.2626467692307692
-0.20444307692307692
-0.13247076923076923
-0.05048492307692308
0.016063384615384615
0.053405538461538456
0.08448923076923077
0.08469784615384615
0.06362769230769232
0.021278769230769233
-0.03713353846153846
-0.07781353846153846
-0.09658892307692307
-0.08636676923076922
-0.0448523076923077
0.016897846153846156
0.09554584615384615
0.1860849230769231
0.25534523076923077
0.2943563076923077
0.3054129230769231
0.2891409230769231
0.2453316923076923
0.1704387692307692
0.07677046153846154
-0.031918153846153846
-0.116616
-0.15145476923076923
-0.12955015384615384
-0.06049846153846154
0.014394461538461538
0.09950953846153845
0.1883796923076923
0.26786215384615386
0.3229366153846154
0.3077076923076923
0.23135446153846154
0.12120553846153845
0.002712
-0.09867507692307692
-0.1760713846153846
-0.2205064615384615
-0.23218892307692307
-0.20632061538461538
-0.13852061538461538
-0.03692492307692308
0.08219446153846154
0.184416
0.2371956923076923
0.24616615384615384
0.2194633846153846
0.16689230769230767
0.08720123076923077
-0.021070153846153846
-0.12016246153846154
-0.1990190769230769
-0.24595753846153845
-0.23469230769230767
-0.18525046153846153
-0.10764553846153846
-0.01272553846153846
0.07948246153846153
0.18128676923076922
0.2601433846153846
0.2953993846153846
0.2807963076923077
0.21195323076923075
0.13205353846153844
0.04214030769230769
-0.047981538461538464
-0.12975876923076923
-0.21132738461538458
-0.25346769230769234
-0.2557624615384615
-0.22488738461538463
-0.1639716923076923
-0.10117846153846152
-0.029832
0.038176615384615385
0.09053907692307692
0.124752
0.119328
0.0828203076923077
0.030875076923076922
-0.02524246153846154
-0.06154153846153846
-0.07948246153846153
-0.09095630769230768
-0.09784061538461537
-0.10639384615384614
-0.10409907692307692
-0.08302892307692307
-0.05298830769230769
-0.02899753846153846
-0.015020307692307692
-0.016272
-0.027328615384615382
-0.031709538461538456
-0.03880246153846154
-0.04756430769230769
-0.05674338461538461
-0.06717415384615384
-0.06863446153846153
-0.06341907692307691
-0.05570030769230769
-0.06008123076923077
-0.0717636923076923
-0.07760492307692309
-0.0678
-0.02795446153846154
0.018775384615384614
0.05507446153846154
0.0826116923076923
0.10743692307692307
0.14123261538461537
0.16835261538461538
0.17315076923076922
0.16042523076923076
0.12412615384615384
0.08115138461538463
0.042348923076923076
0.0014603076923076922
-0.023364923076923075
-0.049233230769230765
-0.06154153846153846
-0.04860738461538461
-0.02524246153846154
0.009596307692307692
0.02586830769230769
0.035464615384615386
0.051319384615384614
0.07134646153846153
0.08344615384615384
0.06967753846153846
0.03275261538461539
-0.032544
-0.10576799999999999
-0.1704387692307692
-0.2236356923076923
-0.2601433846153846
-0.28476
-0.29080984615384614
-0.26786215384615386
-0.21779446153846155
-0.1558356923076923
-0.09387692307692307
-0.028163076923076923
0.035464615384615386
0.09053907692307692
0.12224861538461537
0.12704676923076924
0.11014892307692307
0.07927384615384615
0.05570030769230769
0.040054153846153843
0.03629907692307692
0.042557538461538466
0.05757784615384615
0.07885661538461539
0.11557292307692307
0.16209415384615386
0.20047938461538461
0.2205064615384615
0.21591692307692306
0.20339999999999997
0.17982646153846152
0.14853415384615384
0.11077476923076923
0.06487938461538462
0.018775384615384614
-0.01940123076923077
-0.03713353846153846
-0.040679999999999994
-0.04276615384615385
-0.051319384615384614
-0.05111076923076923
-0.03609046153846154
-0.014603076923076923
-0.001043076923076923
-0.0014603076923076922
-0.004589538461538461
-0.018775384615384614
-0.028371692307692306
-0.029623384615384614
-0.029206153846153847
-0.014185846153846153
0.0016689230769230767
0.021904615384615383
0.03483876923076923
0.03838523076923077
0.040054153846153843
0.02753723076923077
0.016897846153846156
0.005424
0.0008344615384615384
0.0
-0.006258461538461538
-0.011682461538461537
-0.017940923076923077
-0.01981846153846154
-0.026285538461538457
-0.033169846153846154
-0.04526953846153846
-0.06279323076923077
-0.07238953846153846
-0.07134646153846153
-0.06133292307692308
-0.04193169230769231
-0.01397723076923077
0.010222153846153844
0.03671630769230769
0.06216738461538462
0.07405846153846153
0.06633969230769231
0.034630153846153845
-0.007301538461538462
-0.05194523076923077
-0.08866153846153846
-0.11202646153846153
-0.12099692307692309
-0.12099692307692309
-0.11849353846153846
-0.10180430769230768
-0.06988615384615385
-0.03483876923076923
0.0016689230769230767
0.03421292307692308
0.05674338461538461
0.08219446153846154
0.10514215384615383
0.119328
0.12224861538461537
0.103056
0.07614461538461538
0.04172307692307692
-0.0029206153846153843
-0.04944184615384615
-0.09971815384615385
-0.1341396923076923
-0.14060676923076923
-0.12808984615384614
-0.09992676923076924
-0.06863446153846153
-0.037967999999999995
0.004589538461538461
0.052153846153846155
0.10597661538461538
0.15646153846153846
0.19380369230769232
0.21612553846153845
0.21737723076923077
0.19881046153846152
0.1558356923076923
0.09658892307692307
0.022530461538461537
-0.04756430769230769
-0.103056
-0.1449876923076923
-0.15541846153846153
-0.14477907692307693
-0.11640738461538462
-0.058829538461538454
0.021904615384615383
0.10806276923076923
0.1710646153846154
0.1992276923076923
0.1779489230769231
0.12725538461538463
0.10827138461538462
0.11619876923076923
0.14811692307692306
0.1794092307692308
0.18212123076923076
0.2075723076923077
0.2290596923076923
0.24866953846153847
0.23239753846153846
0.14290153846153844
0.03150092307692308
-0.06800861538461538
-0.10347323076923076
-0.17711446153846155
-0.23135446153846154
-0.2422024615384615
-0.23344061538461539
-0.100344
0.040262769230769234
0.1940123076923077
0.3072904615384615
0.36257353846153845
0.42724430769230765
0.4053396923076923
0.34504984615384615
0.2209236923076923
0.05528307692307692
-0.08949599999999999
-0.249504
-0.3350363076923077
-0.3604873846153846
-0.31000246153846156
-0.16876984615384616
-0.009596307692307692
0.18128676923076922
0.3415033846153846
0.4585366153846154
0.5421913846153846
0.5092301538461538
0.4124326153846154
0.2830910769230769
0.1341396923076923
0.03400430769230769
-0.0771876923076923
-0.18650215384615382
-0.26681907692307694
-0.32210215384615387
-0.31229723076923077
-0.2782929230769231
-0.2426196923076923
-0.19860184615384616
-0.13351384615384615
-0.026076923076923077
0.06696553846153847
0.1356
0.1785747692307692
0.168144
0.15416676923076922
0.11035753846153845
0.04693846153846153
-0.009596307692307692
-0.07489292307692308
-0.10597661538461538
-0.119328
-0.14686523076923075
-0.16730953846153845
-0.19150892307692308
-0.21612553846153845
-0.22467876923076924
-0.23156307692307693
-0.20444307692307692
-0.1449876923076923
-0.06049846153846154
0.03859384615384615
0.13226215384615383
0.2157083076923077
0.2707827692307692
0.30290953846153845
0.27975323076923075
0.19818461538461538
0.10743692307692307
0.014603076923076923
-0.07572738461538461
-0.15208061538461537
-0.2238443076923077
-0.2578486153846154
-0.2453316923076923
-0.20861538461538462
-0.14123261538461537
-0.07489292307692308
0.01043076923076923
0.12955015384615384
0.23656984615384613
0.30937661538461536
0.32982092307692307
0.32502276923076917
0.2995716923076923
0.24554030769230767
0.17023015384615386
0.06133292307692308
-0.03567323076923076
-0.11348676923076922
-0.16501476923076921
-0.16418030769230768
-0.14206707692307693
-0.10389046153846154
-0.04860738461538461
-0.006884307692307692
0.028788923076923077
0.05799507692307692
0.06946892307692307
0.09033046153846153
0.10201292307692307
0.09971815384615385
0.09950953846153845
0.08574092307692306
0.06195876923076923
0.02211323076923077
-0.023364923076923075
-0.07134646153846153
-0.11703323076923078
-0.13768615384615385
-0.13998092307692306
-0.12788123076923075
-0.11953661538461538
-0.11056615384615384
-0.07635323076923077
-0.029414769230769227
0.009804923076923077
0.031918153846153846
0.04109723076923077
0.051319384615384614
0.07072061538461538
0.08094276923076923
0.086784
0.08302892307692307
0.05590892307692308
0.03108369230769231
-0.009596307692307692
-0.07551876923076924
-0.15562707692307692
-0.238656
-0.2868461538461538
-0.29832
-0.2862203076923077
-0.2509643076923077
-0.1927606153846154
-0.11306953846153844
-0.029206153846153847
0.045895384615384616
0.10555938461538462
0.14582215384615385
0.16438892307692307
0.14790830769230767
0.10472492307692308
0.059664
0.0070929230769230765
-0.040262769230769234
-0.07948246153846153
-0.11306953846153844
-0.11640738461538462
-0.09930092307692308
-0.07030338461538461
-0.034630153846153845
-0.001043076923076923
0.03775938461538462
0.08699261538461538
0.15291507692307693
0.2125790769230769
0.25346769230769234
0.27182584615384614
0.26640184615384616
0.24887815384615386
0.20527753846153846
0.1353913846153846
0.05924676923076923
-0.003963692307692307
-0.04526953846153846
-0.06675692307692307
-0.07280676923076923
-0.06321046153846153
-0.04318338461538461
-0.02273907692307692
0.006258461538461538
0.030875076923076922
0.04109723076923077
0.040679999999999994
0.028163076923076923
0.01397723076923077
0.0029206153846153843
-0.006675692307692307
-0.014811692307692307
-0.017732307692307693
-0.017940923076923077
-0.026494153846153844
-0.03024923076923077
-0.026285538461538457
-0.027328615384615382
-0.029623384615384614
-0.03129230769230769
-0.021904615384615383
0.0012516923076923076
0.011473846153846154
0.015854769230769228
0.017523692307692306
0.018983999999999997
0.03838523076923077
0.047772923076923074
0.047772923076923074
0.031709538461538456
0.0014603076923076922
-0.009596307692307692
-0.009596307692307692
-0.006884307692307692
-0.009387692307692307
-0.016897846153846156
-0.016480615384615385
-0.010013538461538461
0.0012516923076923076
0.010639384615384617
0.01272553846153846
0.021070153846153846
0.03337846153846154
0.05528307692307692
0.07614461538461538
0.07468430769230769
0.059038153846153844
0.028163076923076923
-0.0002086153846153846
-0.017523692307692306
-0.028788923076923077
-0.037342153846153844
-0.046104
-0.04047138461538462
-0.02586830769230769
0.0
0.03066646153846154
0.0448523076923077
0.04526953846153846
0.03233538461538461
0.0033378461538461535
-0.03775938461538462
-0.08887015384615385
-0.1435273846153846
-0.173568
-0.17669723076923077
-0.14916
-0.08615815384615384
-0.017940923076923077
0.05820369230769231
0.12683815384615382
0.1787833846153846
0.22676492307692306
0.24887815384615386
0.23385784615384617
0.1787833846153846
0.10347323076923076
0.03233538461538461
-0.021278769230769233
-0.0609156923076923
-0.09179076923076923
-0.10514215384615383
-0.10681107692307691
-0.0853236923076923
-0.03609046153846154
0.018983999999999997
0.07343261538461537
0.11703323076923078
0.15145476923076923
0.1829556923076923
0.19881046153846152
0.2021483076923077
0.17982646153846152
0.1356
0.0853236923076923
0.025659692307692307
-0.03442153846153846
-0.09971815384615385
-0.1710646153846154
-0.233232
-0.2737033846153846
-0.28392553846153845
-0.2680707692307692
-0.22989415384615383
-0.16480615384615382
-0.08177723076923075
0.01981846153846154
0.12308307692307692
0.18942276923076923
0.21883753846153844
0.20444307692307692
0.16605784615384614
0.10555938461538462
0.012934153846153845
-0.084072
-0.1860849230769231
-0.2540935384615385
-0.26765353846153844
-0.23782153846153845
-0.15145476923076923
-0.03880246153846154
0.09095630769230768
0.23093723076923076
0.35005661538461535
0.45373846153846153
0.5077698461538461
0.4958787692307692
0.43392000000000003
0.32377107692307694
0.19964492307692308
0.059664
-0.07092923076923077
-0.1718990769230769
-0.2424110769230769
-0.24303692307692307
-0.19380369230769232
-0.10910584615384614
-0.005632615384615384
0.08845292307692308
0.1794092307692308
0.24345415384615382
0.260352
0.24074215384615386
0.1760713846153846
0.09053907692307692
0.0035464615384615383
-0.08094276923076923
-0.1341396923076923
-0.17502830769230768
-0.1869193846153846
-0.1612596923076923
-0.11703323076923078
-0.053614153846153846
-0.0014603076923076922
0.026285538461538457
0.03045784615384615
0.008136
-0.020652923076923076
-0.0448523076923077
-0.06717415384615384
-0.07677046153846154
-0.07843938461538462
-0.05716061538461538
-0.002086153846153846
0.06404492307692307
0.13393107692307693
0.1787833846153846
0.19463815384615382
0.1992276923076923
0.17273353846153844
0.12788123076923075
0.06404492307692307
-0.018358153846153843
-0.08386338461538462
-0.12558646153846154
-0.12996738461538462
-0.11244369230769231
-0.08720123076923077
-0.03024923076923077
0.03838523076923077
0.11640738461538462
0.18754523076923074
0.23114584615384615
0.26118646153846153
0.2497126153846154
0.214248
0.15875630769230767
0.07551876923076924
-0.0070929230769230765
-0.09074769230769231
-0.15228923076923076
-0.17544553846153846
-0.18232984615384615
-0.168144
-0.13789476923076924
-0.111192
-0.07301538461538462
-0.03755076923076923
-0.003755076923076923
0.017732307692307693
0.009179076923076922
-0.009179076923076922
-0.03880246153846154
-0.061750153846153844
-0.078648
-0.10117846153846152
-0.1207883076923077
-0.13601723076923075
-0.132888
-0.11056615384615384
-0.08010830769230769
-0.04214030769230769
-0.011473846153846154
0.021487384615384613
0.06550523076923077
0.10868861538461538
0.14728246153846153
0.15896492307692306
0.15667015384615385
0.14853415384615384
0.12516923076923075
0.09909230769230769
0.061124307692307686
0.015854769230769228
-0.02211323076923077
-0.05298830769230769
-0.061124307692307686
-0.04652123076923077
-0.03045784615384615
-0.016480615384615385
-0.004589538461538461
0.01668923076923077
0.042974769230769226
0.05111076923076923
0.04672984615384615
0.01856676923076923
-0.018358153846153843
-0.037342153846153844
-0.04547815384615384
-0.03984553846153846
-0.03629907692307692
-0.04214030769230769
-0.0446436923076923
-0.04172307692307692
-0.03379569230769231
-0.031709538461538456
-0.03942830769230769
-0.04985907692307692
-0.05507446153846154
-0.042348923076923076
-0.012934153846153845
0.01856676923076923
0.04965046153846154
0.07802215384615384
0.10681107692307691
0.13768615384615385
0.157296
0.15792184615384616
0.14081538461538462
0.111192
0.06967753846153846
0.02586830769230769
-0.012308307692307691
-0.04526953846153846
-0.07405846153846153
-0.08824430769230769
-0.07092923076923077
-0.028163076923076923
0.03504738461538461
0.1045163076923077
0.16793538461538463
0.22029784615384615
0.25200738461538463
0.24053353846153847
0.17711446153846155
0.06571384615384615
-0.06070707692307692
-0.16271999999999998
-0.2568055384615385
-0.29644246153846154
-0.3054129230769231
-0.2572227692307692
-0.14164984615384615
0.03650769230769231
0.2883064615384615
0.3815575384615385
0.44810584615384613
0.48586523076923077
0.43579753846153846
0.4078430769230769
0.20047938461538461
-0.03108369230769231
-0.27850153846153847
-0.4873255384615384
-0.5204953846153846
-0.5653476923076923
-0.5267538461538461
-0.4577021538461538
-0.30937661538461536
-0.02044430769230769
0.22113230769230768
0.4656295384615385
0.5743181538461538
0.5413569230769231
0.4877427692307692
0.31834707692307695
0.15249784615384615
-0.052571076923076915
-0.29456492307692306
-0.41389292307692305
-0.5432344615384616
-0.5476153846153846
-0.40700861538461536
-0.27140861538461536
-0.051319384615384614
0.10868861538461538
0.23385784615384617
0.3673716923076923
0.41389292307692305
0.4660467692307692
0.4351716923076923
0.29644246153846154
0.15249784615384615
0.007510153846153846
-0.06675692307692307
-0.138312
-0.24428861538461538
-0.29581661538461534
-0.32627446153846157
-0.28204799999999997
-0.19964492307692308
-0.16438892307692307
-0.12099692307692309
-0.09971815384615385
-0.05799507692307692
0.018358153846153843
0.029414769230769227
0.04109723076923077
0.0448523076923077
0.03504738461538461
0.08010830769230769
0.09825784615384614
0.09721476923076922
0.059038153846153844
-0.03483876923076923
-0.12308307692307692
-0.23156307692307693
-0.32189353846153845
-0.3752990769230769
-0.3844781538461538
-0.3385827692307692
-0.26911384615384615
-0.11745046153846153
0.07030338461538461
0.23761292307692305
0.3957433846153846
0.4852393846153846
0.5236246153846154
0.514236923076923
0.4314166153846154
0.3131316923076923
0.13393107692307693
-0.050067692307692306
-0.16730953846153845
-0.26160369230769226
-0.30562153846153844
-0.31667815384615383
-0.28350830769230767
-0.15792184615384616
-0.006049846153846154
0.14457046153846154
0.26494153846153845
0.35318584615384613
0.4282873846153846
0.431208
0.3767593846153846
0.2709913846153846
0.10722830769230769
-0.03400430769230769
-0.1506203076923077
-0.2209236923076923
-0.22113230769230768
-0.20360861538461536
-0.1424843076923077
-0.06341907692307691
0.007510153846153846
0.10576799999999999
0.18149538461538461
0.21883753846153844
0.21612553846153845
0.16584923076923075
0.09533723076923077
0.013768615384615384
-0.050067692307692306
-0.09283384615384616
-0.11828492307692307
-0.11035753846153845
-0.07092923076923077
0.010848
0.10159569230769232
0.16292861538461537
0.20861538461538462
0.2021483076923077
0.16584923076923075
0.13393107692307693
0.06592246153846154
-0.026494153846153844
-0.130176
-0.20861538461538462
-0.22947692307692308
-0.22572184615384616
-0.20110523076923076
-0.16438892307692307
-0.12287446153846153
-0.05570030769230769
0.008761846153846153
0.06633969230769231
0.11098338461538461
0.11724184615384614
0.10868861538461538
0.06800861538461538
0.019609846153846155
-0.023990769230769232
-0.0853236923076923
-0.119328
-0.14561353846153846
-0.15750461538461538
-0.13372246153846154
-0.09471138461538461
-0.027328615384615382
0.030875076923076922
0.06195876923076923
0.09491999999999999
0.11056615384615384
0.11035753846153845
0.09241661538461539
0.05236246153846154
0.022530461538461537
-0.0050067692307692304
-0.012934153846153845
-0.011473846153846154
-0.02545107692307692
-0.01814953846153846
-0.013768615384615384
-0.004589538461538461
0.004798153846153846
-0.011473846153846154
-0.009596307692307692
-0.0004172307692307692
0.026494153846153844
0.07301538461538462
0.10931446153846153
0.1635544615384615
0.21925476923076925
0.25451076923076926
0.26911384615384615
0.24616615384615384
0.20965846153846154
0.1696043076923077
0.11974523076923077
0.07134646153846153
0.013351384615384614
-0.045895384615384616
-0.08866153846153846
-0.10639384615384614
-0.09074769230769231
-0.06988615384615385
-0.033169846153846154
0.02211323076923077
0.06905169230769231
0.11390399999999999
0.13622584615384614
0.14311015384615386
0.13768615384615385
0.10138707692307691
0.05736923076923077
0.010222153846153844
-0.04193169230769231
-0.0771876923076923
-0.10806276923076923
-0.12308307692307692
-0.11995384615384615
-0.10597661538461538
-0.05757784615384615
-0.004798153846153846
0.050067692307692306
0.10222153846153846
0.13101046153846155
0.15103753846153847
0.14540492307692307
0.12037107692307693
0.08240307692307691
0.018775384615384614
-0.03400430769230769
-0.07510153846153846
-0.10514215384615383
-0.1097316923076923
-0.10994030769230768
-0.0880356923076923
-0.04318338461538461
0.008344615384615384
0.061750153846153844
0.08469784615384615
0.08073415384615384
0.05653476923076922
0.017315076923076923
-0.008136
-0.046104
-0.09491999999999999
-0.14164984615384615
-0.1883796923076923
-0.20423446153846153
-0.20152246153846154
-0.17544553846153846
-0.1314276923076923
-0.09283384615384616
-0.03337846153846154
0.031709538461538456
0.08991323076923076
0.14540492307692307
0.17732307692307692
0.19359507692307693
0.1881710769230769
0.16271999999999998
0.12788123076923075
0.07030338461538461
0.0050067692307692304
-0.05674338461538461
-0.09533723076923077
-0.09533723076923077
-0.07030338461538461
-0.021904615384615383
0.033169846153846154
0.08991323076923076
0.15687876923076924
0.21466523076923077
0.2482523076923077
0.24846092307692308
0.21195323076923075
0.16605784615384614
0.11202646153846153
0.042974769230769226
-0.026702769230769228
-0.10493353846153847
-0.16835261538461538
-0.19985353846153847
-0.2008966153846154
-0.1718990769230769
-0.13706030769230768
-0.09179076923076923
-0.034630153846153845
0.028788923076923077
0.09450276923076922
0.14519630769230768
0.16209415384615386
0.1462393846153846
0.10347323076923076
0.04568676923076923
-0.015020307692307692
-0.08115138461538463
-0.1289243076923077
-0.15687876923076924
-0.15416676923076922
-0.11327815384615383
-0.05778646153846154
0.012308307692307691
0.07739630769230768
0.13622584615384614
0.1883796923076923
0.21842030769230766
0.22572184615384616
0.19526400000000002
0.12704676923076924
0.041514461538461535
-0.03901107692307692
-0.09700615384615385
-0.12496061538461539
-0.13059323076923077
-0.11807630769230769
-0.07760492307692309
-0.018358153846153843
0.05090215384615384
0.10660246153846153
0.13309661538461537
0.12934153846153845
0.0963803076923077
0.06154153846153846
0.015854769230769228
-0.03233538461538461
-0.06926030769230769
-0.09471138461538461
-0.08636676923076922
-0.05277969230769231
0.0018775384615384615
0.06133292307692308
0.09804923076923076
0.11390399999999999
0.10743692307692307
0.073224
0.02044430769230769
-0.0446436923076923
-0.10743692307692307
-0.14665661538461539
-0.1656406153846154
-0.15604430769230768
-0.12016246153846154
-0.06738276923076922
-0.004798153846153846
0.05236246153846154
0.10138707692307691
0.12308307692307692
0.11557292307692307
0.073224
0.005424
-0.0609156923076923
-0.12266584615384615
-0.17440246153846153
-0.20924123076923076
-0.23135446153846154
-0.2288510769230769
-0.18712800000000002
-0.11619876923076923
-0.01272553846153846
0.09012184615384615
0.1785747692307692
0.2436627692307692
0.2670276923076923
0.2578486153846154
0.19735015384615384
0.09533723076923077
-0.018983999999999997
-0.12683815384615382
-0.2073636923076923
-0.2526332307692308
-0.25764
-0.23156307692307693
-0.17732307692307692
-0.08845292307692308
0.009596307692307692
0.11140061538461538
0.19568123076923075
0.2415766153846154
0.26723630769230766
0.2655673846153846
0.2415766153846154
0.1942209230769231
0.11494707692307692
0.021696
-0.06884307692307692
-0.13872923076923074
-0.18775384615384613
-0.21341353846153846
-0.21487384615384614
-0.19755876923076923
-0.14540492307692307
-0.06926030769230769
0.02023569230769231
0.10535076923076922
0.16418030769230768
0.200688
0.21842030769230766
0.21091015384615383
0.18775384615384613
0.15082892307692305
0.09554584615384615
0.04819015384615385
0.014394461538461538
0.0012516923076923076
-0.002086153846153846
-0.0050067692307692304
-0.003963692307692307
0.0
0.008344615384615384
0.012934153846153845
0.017315076923076923
0.01272553846153846
0.007301538461538462
0.009179076923076922
0.014394461538461538
0.02899753846153846
0.04109723076923077
0.05048492307692308
0.05674338461538461
0.06592246153846154
0.07426707692307692
0.07030338461538461
0.051319384615384614
0.0029206153846153843
-0.046104
-0.0855323076923077
-0.1178676923076923
-0.13476553846153844
-0.15187199999999998
-0.15249784615384615
-0.12391753846153845
-0.06592246153846154
0.016272
0.10555938461538462
0.18316430769230768
0.23677846153846152
0.26869661538461537
0.26681907692307694
0.23364923076923078
0.1637630769230769
0.06654830769230768
-0.032544
-0.1205796923076923
-0.18170399999999998
-0.21591692307692306
-0.21758584615384616
-0.19046584615384615
-0.12788123076923075
-0.046104
0.03567323076923076
0.10994030769230768
0.15228923076923076
0.1696043076923077
0.17148184615384612
0.15959076923076923
0.130176
0.084072
0.021070153846153846
-0.055491692307692304
-0.12850707692307692
-0.18337292307692307
-0.20944984615384615
-0.21696000000000001
-0.21091015384615383
-0.19025723076923076
-0.15354092307692307
-0.0974233846153846
-0.042348923076923076
0.007301538461538462
0.03692492307692308
0.06154153846153846
0.09512861538461538
0.13497415384615385
0.16730953846153845
0.1990190769230769
0.2989458461538462
0.2716172307692308
0.19672430769230767
0.15082892307692305
0.015228923076923076
-0.03859384615384615
-0.17690584615384616
-0.3346190769230769
-0.4443507692307692
-0.5365587692307692
-0.417648
-0.2926873846153846
-0.13393107692307693
0.028788923076923077
0.14686523076923075
0.3686233846153846
0.5013027692307692
0.5953883076923077
0.5507446153846154
0.32564861538461537
0.15208061538461537
-0.0855323076923077
-0.2632726153846154
-0.40679999999999994
-0.5914246153846153
-0.6001864615384616
-0.6024812307692308
-0.5083956923076923
-0.25951753846153847
-0.06759138461538462
0.19839323076923077
0.40283630769230766
0.5154886153846154
0.599352
0.5417741538461538
0.4877427692307692
0.3767593846153846
0.17169046153846151
-0.016897846153846156
-0.20527753846153846
-0.2864289230769231
-0.30937661538461536
-0.32961230769230765
-0.2916443076923077
-0.2626467692307692
-0.15124615384615384
0.009804923076923077
0.1287156923076923
0.2586830769230769
0.31500923076923076
0.3508910769230769
0.4047138461538461
0.37780246153846153
0.3346190769230769
0.25388492307692306
0.13101046153846155
0.05945538461538461
-0.013351384615384614
-0.07551876923076924
-0.12579507692307693
-0.1829556923076923
-0.2059033846153846
-0.21821169230769227
-0.19463815384615382
-0.13518276923076925
-0.04380923076923077
0.07030338461538461
0.13664307692307692
0.2209236923076923
0.3079163076923077
0.33983446153846153
0.3775938461538461
0.35464615384615383
0.2830910769230769
0.18921415384615384
0.06946892307692307
-0.006049846153846154
-0.10117846153846152
-0.2021483076923077
-0.2438713846153846
-0.24595753846153845
-0.20319138461538463
-0.138312
-0.05570030769230769
0.06946892307692307
0.20027076923076922
0.309168
0.3744646153846154
0.3955347692307692
0.4076344615384615
0.3548547692307692
0.25951753846153847
0.1489513846153846
0.009596307692307692
-0.0853236923076923
-0.15479261538461536
-0.18942276923076923
-0.15625292307692307
-0.11265230769230769
-0.030040615384615384
0.0717636923076923
0.12850707692307692
0.18253846153846154
0.21049292307692305
0.22634769230769228
0.23218892307692307
0.18170399999999998
0.10994030769230768
0.004589538461538461
-0.0880356923076923
-0.1489513846153846
-0.20047938461538461
-0.2275993846153846
-0.265776
-0.2774584615384615
-0.24658338461538462
-0.19526400000000002
-0.10660246153846153
-0.031918153846153846
0.024408000000000003
0.0974233846153846
0.1449876923076923
0.16084246153846155
0.12642092307692307
0.043392
-0.015020307692307692
-0.059664
-0.08115138461538463
-0.084072
-0.10389046153846154
-0.09992676923076924
-0.08594953846153845
-0.047772923076923074
0.009804923076923077
0.04547815384615384
0.07072061538461538
0.06279323076923077
0.04839876923076923
0.049233230769230765
0.0446436923076923
0.06133292307692308
0.06133292307692308
0.03024923076923077
0.008344615384615384
-0.01814953846153846
-0.016272
-0.023990769230769232
-0.07885661538461539
-0.13455692307692307
-0.18399876923076922
-0.19046584615384615
-0.1639716923076923
-0.14582215384615385
-0.138312
-0.14477907692307693
-0.12788123076923075
-0.07364123076923076
-0.023364923076923075
0.012516923076923077
0.015646153846153844
0.003129230769230769
0.0008344615384615384
-0.013142769230769229
-0.01856676923076923
-0.03629907692307692
-0.06362769230769232
-0.06988615384615385
-0.06362769230769232
-0.03233538461538461
0.009596307692307692
0.047772923076923074
0.07405846153846153
0.10138707692307691
0.15103753846153847
0.20778092307692309
0.252216
0.25117292307692307
0.20173107692307693
0.13518276923076925
0.07197230769230768
0.02795446153846154
-0.012099692307692308
-0.058412307692307694
-0.08699261538461538
-0.07843938461538462
-0.030875076923076922
0.04568676923076923
0.11035753846153845
0.14749107692307692
0.1800350769230769
0.20423446153846153
0.22029784615384615
0.20423446153846153
0.13309661538461537
0.042557538461538466
-0.042557538461538466
-0.10827138461538462
-0.14832553846153845
-0.18128676923076922
-0.19317784615384614
-0.18504184615384617
-0.15166338461538462
-0.08344615384615384
-0.008344615384615384
0.06821723076923077
0.12099692307692309
0.15124615384615384
0.16480615384615382
0.1558356923076923
0.13455692307692307
0.084072
0.01940123076923077
-0.05194523076923077
-0.12433476923076923
-0.16584923076923075
-0.1787833846153846
-0.17732307692307692
-0.1558356923076923
-0.1205796923076923
-0.06592246153846154
0.009179076923076922
0.07343261538461537
0.11244369230769231
0.12037107692307693
0.10597661538461538
0.08198584615384615
0.04401784615384615
-0.0035464615384615383
-0.05444861538461539
-0.10055261538461538
-0.12496061538461539
-0.1353913846153846
-0.13393107692307693
-0.12433476923076923
-0.11265230769230769
-0.08115138461538463
-0.040679999999999994
-0.002712
0.022530461538461537
0.024616615384615383
0.018358153846153843
0.010222153846153844
0.003129230769230769
-0.0077187692307692304
-0.035464615384615386
-0.06884307692307692
-0.09700615384615385
-0.11703323076923078
-0.12016246153846154
-0.11265230769230769
-0.09533723076923077
-0.07656184615384615
-0.056951999999999996
-0.02273907692307692
0.016897846153846156
0.054240000000000003
0.084072
0.09012184615384615
0.08991323076923076
0.09471138461538461
0.08824430769230769
0.07238953846153846
0.03358707692307692
-0.012308307692307691
-0.040679999999999994
-0.06154153846153846
-0.061750153846153844
-0.05090215384615384
-0.040054153846153843
-0.01272553846153846
0.020027076923076922
0.06341907692307691
0.0988836923076923
0.1151556923076923
0.12788123076923075
0.12162276923076921
0.10764553846153846
0.07739630769230768
0.033169846153846154
-0.016897846153846156
-0.07218092307692307
-0.11077476923076923
-0.13101046153846155
-0.1422756923076923
-0.1287156923076923
-0.09992676923076924
-0.06258461538461538
0.003963692307692307
0.061750153846153844
0.10910584615384614
0.1356
0.12642092307692307
0.11870215384615385
0.09804923076923076
0.05820369230769231
0.0043809230769230765
-0.05236246153846154
-0.08594953846153845
-0.09658892307692307
-0.09053907692307692
-0.06341907692307691
-0.023364923076923075
0.017940923076923077
0.07405846153846153
0.13789476923076924
0.19735015384615384
0.22697353846153845
0.21800307692307694
0.1873366153846154
0.14415323076923076
0.09909230769230769
0.03901107692307692
-0.023782153846153845
-0.07426707692307692
-0.10785415384615385
-0.11035753846153845
-0.078648
-0.026494153846153844
0.027745846153846152
0.07197230769230768
0.09930092307692308
0.11828492307692307
0.12642092307692307
0.119328
0.09012184615384615
0.04756430769230769
0.003963692307692307
-0.035464615384615386
-0.05799507692307692
-0.06696553846153847
-0.06279323076923077
-0.05757784615384615
-0.03379569230769231
0.020652923076923076
0.07051199999999999
0.10618523076923077
0.12329169230769231
0.12350030769230769
0.12662953846153846
0.12621230769230768
0.1205796923076923
0.10889723076923077
0.08448923076923077
0.07280676923076923
0.084072
0.09825784615384614
0.10868861538461538
0.10785415384615385
0.09241661538461539
0.07510153846153846
0.06154153846153846
0.043600615384615383
0.021070153846153846
0.0016689230769230767
-0.012308307692307691
-0.01272553846153846
0.004798153846153846
0.04172307692307692
0.07051199999999999
0.07739630769230768
0.07593599999999999
0.07009476923076922
0.061750153846153844
0.03650769230769231
-0.0070929230769230765
-0.06216738461538462
-0.11953661538461538
-0.154584
-0.16605784615384614
-0.15896492307692306
-0.138312
-0.11494707692307692
-0.06571384615384615
0.0035464615384615383
0.07155507692307693
0.12683815384615382
0.14978584615384616
0.14728246153846153
0.12245723076923076
0.07948246153846153
0.01668923076923077
-0.05382276923076923
-0.11974523076923077
-0.17648861538461538
-0.21028430769230766
-0.21737723076923077
-0.192552
-0.14686523076923075
-0.08907876923076924
-0.016480615384615385
0.06362769230769232
0.13205353846153844
0.17377661538461536
0.18858830769230767
0.1710646153846154
0.1368516923076923
0.08907876923076924
0.029414769230769227
-0.03233538461538461
-0.10055261538461538
-0.14999446153846155
-0.1693956923076923
-0.16313723076923078
-0.14144123076923076
-0.11473846153846154
-0.08177723076923075
-0.04380923076923077
0.011682461538461537
0.06842584615384616
0.11014892307692307
0.13518276923076925
0.13434830769230768
0.12808984615384614
0.12329169230769231
0.10514215384615383
0.07134646153846153
0.02023569230769231
-0.030040615384615384
-0.058412307692307694
-0.07092923076923077
-0.06529661538461538
-0.05736923076923077
-0.05194523076923077
-0.03984553846153846
-0.017523692307692306
0.023990769230769232
0.061124307692307686
0.0853236923076923
0.10222153846153846
0.10722830769230769
0.11891076923076922
0.13309661538461537
0.13476553846153844
0.12642092307692307
0.09971815384615385
0.06738276923076922
0.049233230769230765
0.024408000000000003
-0.006675692307692307
-0.042348923076923076
-0.08448923076923077
-0.0974233846153846
-0.10222153846153846
-0.09804923076923076
-0.10743692307692307
-0.1422756923076923
-0.18212123076923076
-0.22342707692307692
-0.14686523076923075
-0.023782153846153845
0.1462393846153846
0.3456756923076923
0.4889944615384615
0.6642313846153846
0.7656184615384615
0.8167292307692307
0.7443396923076924
0.5190350769230769
0.26640184615384616
-0.04047138461538462
-0.29769415384615383
-0.5190350769230769
-0.6777913846153846
-0.7362036923076923
-0.7084578461538462
-0.5182006153846154
-0.23886461538461537
0.06967753846153846
0.36299076923076923
0.5590892307692308
0.6594332307692308
0.6556781538461539
0.5188264615384615
0.31188
0.021696
-0.3133403076923077
-0.5795335384615384
-0.7739630769230769
-0.7973279999999999
-0.6782086153846154
-0.4581193846153846
-0.1424843076923077
0.14457046153846154
0.39407446153846154
0.5680596923076923
0.6189618461538461
0.5651390769230769
0.40992923076923077
0.20986707692307693
0.03838523076923077
-0.09825784615384614
-0.17669723076923077
-0.2221753846153846
-0.2415766153846154
-0.20944984615384615
-0.18900553846153845
-0.1612596923076923
-0.14185846153846154
-0.12850707692307692
-0.08740984615384616
-0.08094276923076923
-0.07113784615384615
-0.07197230769230768
-0.10535076923076922
-0.11640738461538462
-0.13080184615384613
-0.12120553846153845
-0.08115138461538463
-0.034630153846153845
0.04860738461538461
0.1358086153846154
0.18545907692307692
0.1704387692307692
0.06884307692307692
-0.07030338461538461
-0.23448369230769228
-0.39115384615384613
-0.4812756923076923
-0.5113163076923077
-0.43329415384615383
-0.2697396923076923
-0.05319692307692307
0.20298276923076922
0.41535323076923075
0.5636787692307692
0.6175015384615384
0.5507446153846154
0.412224
0.22718215384615387
0.020652923076923076
-0.17565415384615385
-0.35193415384615384
-0.4581193846153846
-0.4756430769230769
-0.4178566153846154
-0.2943563076923077
-0.14477907692307693
0.03483876923076923
0.22175815384615383
0.3873987692307692
0.5161144615384615
0.544068923076923
0.49629599999999996
0.3775938461538461
0.20798953846153845
0.043392
-0.12350030769230769
-0.24512307692307692
-0.31000246153846156
-0.31834707692307695
-0.2422024615384615
-0.0988836923076923
0.06592246153846154
0.21612553846153845
0.3241883076923077
0.371544
0.3669544615384615
0.3081249230769231
0.20381723076923075
0.07426707692307692
-0.053614153846153846
-0.16501476923076921
-0.2374043076923077
-0.2697396923076923
-0.2764153846153846
-0.23761292307692305
-0.17377661538461536
-0.08824430769230769
0.0043809230769230765
0.08177723076923075
0.14436184615384615
0.1558356923076923
0.11724184615384614
0.05799507692307692
-0.006049846153846154
-0.06571384615384615
-0.11745046153846153
-0.14686523076923075
-0.13935507692307691
-0.09909230769230769
-0.029206153846153847
0.051528
0.13518276923076925
0.2140393846153846
0.25951753846153847
0.2828824615384615
0.2632726153846154
0.18775384615384613
0.09325107692307691
-0.011265230769230769
-0.09596307692307693
-0.14018953846153845
-0.1721076923076923
-0.17690584615384616
-0.14832553846153845
-0.10743692307692307
-0.04276615384615385
0.02357353846153846
0.07197230769230768
0.10389046153846154
0.116616
0.11432123076923076
0.09095630769230768
0.059872615384615385
0.03129230769230769
0.0012516923076923076
-0.016063384615384615
-0.012308307692307691
0.008761846153846153
0.02795446153846154
0.033169846153846154
0.03045784615384615
0.013560000000000001
-0.006049846153846154
-0.024408000000000003
-0.04819015384615385
-0.06738276923076922
-0.07343261538461537
-0.056326153846153845
-0.011682461538461537
0.04860738461538461
0.10493353846153847
0.15500123076923078
0.2059033846153846
0.25701415384615384
0.3102110769230769
0.3421292307692308
0.3212676923076923
0.25993476923076925
0.16793538461538463
0.06279323076923077
-0.032544
-0.12767261538461538
-0.20632061538461538
-0.2572227692307692
-0.25951753846153847
-0.19797599999999999
-0.09909230769230769
0.019192615384615384
0.12934153846153845
0.22029784615384615
0.27328615384615385
0.27286892307692306
0.2411593846153846
0.1612596923076923
0.053614153846153846
-0.04714707692307692
-0.13914646153846155
-0.19860184615384616
-0.2261390769230769
-0.2207150769230769
-0.1792006153846154
-0.11557292307692307
-0.029832
0.059872615384615385
0.12725538461538463
0.16063384615384615
0.1570873846153846
0.11745046153846153
0.062376
0.008970461538461538
-0.05069353846153846
-0.11265230769230769
-0.16042523076923076
-0.1802436923076923
-0.1696043076923077
-0.13706030769230768
-0.10117846153846152
-0.06905169230769231
-0.042974769230769226
-0.030875076923076922
-0.023990769230769232
-0.023782153846153845
-0.03713353846153846
-0.056326153846153845
-0.07072061538461538
-0.06884307692307692
-0.04693846153846153
-0.015854769230769228
0.024408000000000003
0.06738276923076922
0.10660246153846153
0.13101046153846155
0.12955015384615384
0.10827138461538462
0.07113784615384615
0.029414769230769227
-0.013768615384615384
-0.056326153846153845
-0.09158215384615384
-0.11473846153846154
-0.12558646153846154
-0.11286092307692308
-0.07823076923076923
-0.030040615384615384
0.02753723076923077
0.07259815384615384
0.1151556923076923
0.1449876923076923
0.15687876923076924
0.15813046153846153
0.124752
0.07697907692307693
0.024199384615384616
-0.022947692307692308
-0.05090215384615384
-0.06884307692307692
-0.07134646153846153
-0.06759138461538462
-0.048816000000000005
-0.021696
0.0008344615384615384
0.02545107692307692
0.04756430769230769
0.06633969230769231
0.08991323076923076
0.11181784615384616
0.12683815384615382
0.13643446153846153
0.14018953846153845
0.14436184615384615
0.14582215384615385
0.15082892307692305
0.15520984615384617
0.14916
0.12725538461538463
0.09012184615384615
0.05027630769230769
0.002086153846153846
-0.04902461538461538
-0.09283384615384616
-0.12808984615384614
-0.13372246153846154
-0.11411261538461538
-0.08490646153846154
-0.04902461538461538
-0.021278769230769233
-0.0014603076923076922
0.008761846153846153
-0.0006258461538461538
-0.026285538461538457
-0.06654830769230768
-0.11306953846153844
-0.14957723076923077
-0.1704387692307692
-0.1712732307692308
-0.15813046153846153
-0.13372246153846154
-0.09950953846153845
-0.06028984615384615
-0.0077187692307692304
0.05173661538461538
0.10576799999999999
0.1462393846153846
0.16793538461538463
0.17023015384615386
0.13810338461538463
0.08010830769230769
0.013351384615384614
-0.04985907692307692
-0.09575446153846154
-0.11911938461538461
-0.111192
-0.08010830769230769
-0.032544
0.023364923076923075
0.07802215384615384
0.12412615384615384
0.14957723076923077
0.15249784615384615
0.13330523076923076
0.09596307692307693
0.0446436923076923
-0.008761846153846153
-0.06195876923076923
-0.11306953846153844
-0.14936861538461538
-0.17169046153846151
-0.16042523076923076
-0.1178676923076923
-0.065088
-0.005841230769230769
0.04756430769230769
0.09262523076923077
0.12412615384615384
0.13330523076923076
0.11348676923076922
0.06738276923076922
0.01272553846153846
-0.04109723076923077
-0.06905169230769231
-0.06905169230769231
-0.05194523076923077
-0.013768615384615384
0.032544
0.09012184615384615
0.14311015384615386
0.17523692307692307
0.18232984615384615
0.1637630769230769
0.12808984615384614
0.08177723076923075
0.028163076923076923
-0.03379569230769231
-0.09283384615384616
-0.1504116923076923
-0.18754523076923074
-0.19505538461538463
-0.18107815384615383
-0.14999446153846155
-0.10952307692307692
-0.05799507692307692
-0.0029206153846153843
0.06133292307692308
0.11682461538461539
0.1531236923076923
0.16689230769230767
0.1506203076923077
0.12412615384615384
0.09095630769230768
0.04902461538461538
-0.004589538461538461
-0.05194523076923077
-0.0771876923076923
-0.07885661538461539
-0.05736923076923077
-0.030040615384615384
0.0008344615384615384
0.02482523076923077
0.03880246153846154
0.05236246153846154
0.05444861538461539
0.04652123076923077
0.021487384615384613
-0.013768615384615384
-0.042348923076923076
-0.06967753846153846
-0.08177723076923075
-0.08740984615384616
-0.08991323076923076
-0.07677046153846154
-0.05820369230769231
-0.029832
-0.0033378461538461535
0.013142769230769229
0.025659692307692307
0.04088861538461538
0.06800861538461538
0.09658892307692307
0.11703323076923078
0.12808984615384614
0.12996738461538462
0.1356
0.14457046153846154
0.146448
0.14457046153846154
0.13101046153846155
0.09137353846153846
0.05570030769230769
0.029623384615384614
0.007510153846153846
-0.0035464615384615383
-0.010848
0.009596307692307692
0.04109723076923077
0.07635323076923077
0.10764553846153846
0.12162276923076921
0.11953661538461538
0.09304246153846155
0.061124307692307686
0.02899753846153846
-0.009387692307692307
-0.04819015384615385
-0.08010830769230769
-0.0961716923076923
-0.08052553846153847
-0.05570030769230769
-0.026494153846153844
0.0029206153846153843
0.021070153846153846
0.04109723076923077
0.056951999999999996
0.07030338461538461
0.06613107692307692
0.04944184615384615
0.03588184615384615
0.02858030769230769
0.03755076923076923
0.037342153846153844
0.024199384615384616
0.012099692307692308
0.0025033846153846152
0.01668923076923077
0.050067692307692306
0.086784
0.11765907692307691
0.1207883076923077
0.11035753846153845
0.09450276923076922
0.06550523076923077
0.023364923076923075
-0.03838523076923077
-0.10493353846153847
-0.14707384615384617
-0.15228923076923076
-0.15771323076923077
-0.1504116923076923
-0.10576799999999999
-0.045060923076923075
0.05027630769230769
0.154584
0.260352
0.3442153846153846
0.3917796923076923
0.40033292307692303
0.35297723076923077
0.2707827692307692
0.16209415384615386
0.049233230769230765
-0.10243015384615384
-0.2424110769230769
-0.3473446153846154
-0.40575692307692307
-0.39928984615384616
-0.37947138461538454
-0.3148006153846154
-0.20924123076923076
-0.03567323076923076
0.17023015384615386
0.3421292307692308
0.4547815384615384
0.47001046153846154
0.4524867692307692
0.3813489230769231
0.24470584615384613
0.065088
-0.16251138461538459
-0.3454670769230769
-0.46583815384615385
-0.5086043076923077
-0.4599969230769231
-0.3711267692307692
-0.222384
-0.030040615384615384
0.14582215384615385
0.30249230769230767
0.3947003076923077
0.4262012307692308
0.4222375384615385
0.3594443076923077
0.2716172307692308
0.14603076923076924
0.016897846153846156
-0.09554584615384615
-0.21487384615384614
-0.2920615384615385
-0.33378461538461535
-0.3243969230769231
-0.2559710769230769
-0.1800350769230769
-0.08135999999999999
0.021904615384615383
0.10785415384615385
0.19818461538461538
0.24554030769230767
0.24449723076923074
0.208824
0.1449876923076923
0.07969107692307692
0.003129230769230769
-0.08115138461538463
-0.14811692307692306
-0.1923433846153846
-0.21508246153846153
-0.22342707692307692
-0.23135446153846154
-0.22676492307692306
-0.19547261538461536
-0.13518276923076925
-0.06070707692307692
0.020027076923076922
0.09700615384615385
0.16271999999999998
0.23469230769230767
0.29039261538461536
0.31354892307692306
0.30833353846153844
0.265776
0.20486030769230767
0.12808984615384614
0.02795446153846154
-0.06571384615384615
-0.154584
-0.2205064615384615
-0.2438713846153846
-0.2374043076923077
-0.17273353846153844
-0.078648
0.028788923076923077
0.13893784615384613
0.22822523076923076
0.31626092307692305
0.3707095384615384
0.36340799999999995
0.2897667692307692
0.1612596923076923
0.030040615384615384
-0.09137353846153846
-0.21174461538461536
-0.3072904615384615
-0.3727956923076923
-0.37550769230769226
-0.30895938461538464
-0.20319138461538463
-0.065088
0.05778646153846154
0.1597993846153846
0.2436627692307692
0.29101846153846156
0.2985286153846154
0.24595753846153845
0.1462393846153846
0.018775384615384614
-0.10889723076923077
-0.20193969230769232
-0.2737033846153846
-0.32085046153846153
-0.32189353846153845
-0.28017046153846153
-0.1942209230769231
-0.08156861538461539
0.03504738461538461
0.14665661538461539
0.2207150769230769
0.2605606153846154
0.2737033846153846
0.24303692307692307
0.1881710769230769
0.10576799999999999
0.008970461538461538
-0.078648
-0.14790830769230767
-0.17481969230769231
-0.1733593846153846
-0.1531236923076923
-0.1205796923076923
-0.08156861538461539
-0.023364923076923075
0.02795446153846154
0.05674338461538461
0.07280676923076923
0.0744756923076923
0.08302892307692307
0.09053907692307692
0.09074769230769231
0.08302892307692307
0.05799507692307692
0.04088861538461538
0.02795446153846154
0.012099692307692308
-0.020652923076923076
-0.07572738461538461
-0.13247076923076923
-0.18086953846153844
-0.21341353846153846
-0.23156307692307693
-0.22780799999999998
-0.20360861538461536
-0.15333230769230768
-0.07843938461538462
0.0
0.06425353846153846
0.10326461538461539
0.11536430769230768
0.09804923076923076
0.06592246153846154
0.019609846153846155
-0.04088861538461538
-0.10430769230769231
-0.16710092307692306
-0.2090326153846154
-0.21633415384615384
-0.1883796923076923
-0.12767261538461538
-0.0448523076923077
0.04902461538461538
0.15625292307692307
0.260352
0.33607938461538456
0.36340799999999995
0.3392086153846154
0.27787569230769227
0.1869193846153846
0.08323753846153846
-0.03337846153846154
-0.14728246153846153
-0.23135446153846154
-0.2764153846153846
-0.25659692307692306
-0.1923433846153846
-0.10159569230769232
0.008344615384615384
0.11035753846153845
0.2154996923076923
0.2962338461538461
0.32898646153846156
0.3198073846153846
0.25159015384615385
0.1476996923076923
0.038176615384615385
-0.07364123076923076
-0.16730953846153845
-0.2482523076923077
-0.30186646153846153
-0.3060387692307692
-0.2697396923076923
-0.18316430769230768
-0.078648
0.029832
0.13810338461538463
0.22530461538461538
0.2943563076923077
0.33315876923076926
0.32606584615384615
0.27140861538461536
0.17711446153846155
0.06884307692307692
-0.03713353846153846
-0.13622584615384614
-0.2140393846153846
-0.26765353846153844
-0.2807963076923077
-0.24491446153846153
-0.17148184615384612
-0.06738276923076922
0.03901107692307692
0.12391753846153845
0.19317784615384614
0.23823876923076923
0.24720923076923076
0.21842030769230766
0.15103753846153847
0.06675692307692307
-0.02211323076923077
-0.09158215384615384
-0.12808984615384614
-0.14728246153846153
-0.13852061538461538
-0.11536430769230768
-0.07364123076923076
-0.010848
0.034630153846153845
0.07197230769230768
0.08761846153846153
0.08761846153846153
0.09012184615384615
0.08010830769230769
0.08052553846153847
0.07739630769230768
0.07051199999999999
0.07760492307692309
0.08761846153846153
0.11077476923076923
0.12642092307692307
0.11995384615384615
0.09304246153846155
0.04902461538461538
0.001043076923076923
-0.05653476923076922
-0.10597661538461538
-0.14206707692307693
-0.1637630769230769
-0.14916
-0.10389046153846154
-0.03129230769230769
0.04631261538461538
0.11578153846153846
0.18274707692307693
0.23364923076923078
0.26139507692307695
0.25451076923076926
0.20694646153846152
0.1356
0.059664
-0.004798153846153846
-0.058412307692307694
-0.09429415384615383
-0.1045163076923077
-0.08866153846153846
-0.03755076923076923
0.03692492307692308
0.12287446153846153
0.2008966153846154
0.2578486153846154
0.2837169230769231
0.2789187692307692
0.2436627692307692
0.1635544615384615
0.06717415384615384
-0.03775938461538462
-0.13810338461538463
-0.2127876923076923
-0.25284184615384614
-0.24574892307692306
-0.20652923076923077
-0.13476553846153844
-0.043392
0.05611753846153846
0.14665661538461539
0.20840676923076923
0.23656984615384613
0.21195323076923075
0.15354092307692307
0.07489292307692308
-0.014603076923076923
-0.10368184615384615
-0.1860849230769231
-0.2426196923076923
-0.25764
-0.22551323076923077
-0.14916
-0.04401784615384615
0.06571384615384615
0.1693956923076923
0.2509643076923077
0.29644246153846154
0.2947735384615384
0.23782153846153845
0.14561353846153846
0.0448523076923077
-0.054240000000000003
-0.138312
-0.2021483076923077
-0.23406646153846156
-0.21737723076923077
-0.16209415384615386
-0.08323753846153846
0.006258461538461538
0.09116492307692307
0.1597993846153846
0.20360861538461536
0.21174461538461536
0.18149538461538461
0.11494707692307692
0.026285538461538457
-0.06258461538461538
-0.14081538461538462
-0.19296923076923078
-0.22113230769230768
-0.2207150769230769
-0.1760713846153846
-0.10910584615384614
-0.026911384615384615
0.06487938461538462
0.13726892307692307
0.18316430769230768
0.19359507692307693
0.17544553846153846
0.1462393846153846
0.10055261538461538
0.05236246153846154
-0.0018775384615384615
-0.05090215384615384
-0.07113784615384615
-0.07113784615384615
-0.040054153846153843
-0.008970461538461538
0.012934153846153845
0.02858030769230769
0.025659692307692307
0.020027076923076922
-0.007510153846153846
-0.0446436923076923
-0.08094276923076923
-0.11035753846153845
-0.10117846153846152
-0.06404492307692307
-0.017523692307692306
0.03233538461538461
0.08574092307692306
0.1316363076923077
0.15479261538461536
0.14477907692307693
0.10055261538461538
0.027328615384615382
-0.06383630769230769
-0.13893784615384613
-0.19213476923076922
-0.21654276923076923
-0.20152246153846154
-0.1543753846153846
-0.06362769230769232
0.05528307692307692
0.18149538461538461
0.2943563076923077
0.35694092307692304
0.36966646153846155
0.33524492307692305
0.2540935384615385
0.15604430769230768
0.04380923076923077
-0.07364123076923076
-0.16876984615384616
-0.2221753846153846
-0.2275993846153846
-0.18900553846153845
-0.12642092307692307
-0.055491692307692304
0.022530461538461537
0.09763200000000001
0.16459753846153846
0.19588984615384614
0.18650215384615382
0.13998092307692306
0.07259815384615384
0.007510153846153846
-0.049233230769230765
-0.0963803076923077
-0.1341396923076923
-0.14853415384615384
-0.13810338461538463
-0.0963803076923077
-0.03212676923076923
0.02357353846153846
0.06341907692307691
0.08615815384615384
0.08949599999999999
0.08115138461538463
0.058829538461538454
0.02899753846153846
-0.008344615384615384
-0.03609046153846154
-0.03838523076923077
-0.02023569230769231
0.019609846153846155
0.05736923076923077
0.0897046153846154
0.11536430769230768
0.1218313846153846
0.11035753846153845
0.05528307692307692
-0.04214030769230769
-0.15145476923076923
-0.2532590769230769
-0.3225193846153846
-0.3517255384615385
-0.3410861538461538
-0.2899753846153846
-0.19693292307692306
-0.06633969230769231
0.08302892307692307
0.21237046153846154
0.29039261538461536
0.31626092307692305
0.2931046153846154
0.24074215384615386
0.15604430769230768
0.04735569230769231
-0.0744756923076923
-0.18650215384615382
-0.2540935384615385
-0.2853858461538461
-0.276624
-0.2647329230769231
-0.23531815384615382
-0.19046584615384615
-0.12996738461538462
-0.06133292307692308
-0.0033378461538461535
0.058412307692307694
0.11223507692307692
0.20402584615384614
0.32982092307692307
0.4923323076923077
0.5983089230769231
0.6900996923076923
0.763115076923077
0.780012923076923
0.7787612307692308
0.6241772307692307
0.3924055384615385
0.04944184615384615
-0.347136
-0.7049113846153846
-1.0666504615384615
-1.2965446153846154
-1.4231741538461538
-1.3601723076923078
-1.0547593846153847
-0.588504
0.038176615384615385
0.6556781538461539
1.1916110769230768
1.5888147692307693
1.748614153846154
1.6881156923076923
1.3599636923076923
0.810888
0.1506203076923077
-0.577656
-1.1911938461538463
-1.6034178461538462
-1.8066092307692307
-1.7325507692307693
-1.453214769230769
-0.9781975384615385
-0.36966646153846155
0.2768326153846154
0.904764923076923
1.3643446153846153
1.609884923076923
1.658700923076923
1.4945206153846153
1.1628221538461538
0.690516923076923
0.1151556923076923
-0.45436430769230773
-0.9606738461538462
-1.3146941538461536
-1.4936861538461537
-1.511627076923077
-1.3564172307692308
-1.0683193846153847
-0.6671520000000001
-0.2059033846153846
0.2453316923076923
0.6502541538461538
0.957336
1.149888
1.235628923076923
1.1907766153846153
1.0345236923076921
0.7560221538461538
0.3819747692307692
-0.018983999999999997
-0.4282873846153846
-0.7856455384615385
-1.0628953846153846
-1.243764923076923
-1.303428923076923
-1.228536
-0.9773630769230769
-0.5933021538461538
-0.1178676923076923
0.40679999999999994
0.8978806153846154
1.3155286153846153
1.5871458461538461
1.673929846153846
1.5518898461538462
1.2149759999999998
0.7314055384615383
0.1666836923076923
-0.41076369230769233
-0.9270867692307693
-1.338684923076923
-1.5850596923076923
-1.6151003076923076
-1.432979076923077
-1.0472492307692307
-0.5148627692307692
0.10597661538461538
0.7503895384615384
1.3117735384615383
1.7267095384615383
1.920721846153846
1.8552166153846152
1.5516812307692307
1.0472492307692307
0.43809230769230767
-0.19985353846153847
-0.7985796923076923
-1.2781864615384615
-1.5959076923076922
-1.6989636923076923
-1.5639895384615383
-1.2272843076923077
-0.7355778461538461
-0.17982646153846152
0.35860984615384617
0.8259083076923076
1.153643076923077
1.3138596923076922
1.2854879999999997
1.0668590769230768
0.7180541538461538
0.2906012307692308
-0.14916
-0.544068923076923
-0.864084923076923
-1.0653987692307691
-1.1375796923076922
-1.0666504615384615
-0.859704
-0.5670166153846153
-0.2355267692307692
0.08782707692307692
0.38990215384615384
0.6510886153846154
0.8246566153846154
0.9001753846153846
0.8690916923076922
0.743088
0.5699372307692308
0.3609046153846154
0.15520984615384617
-0.038176615384615385
-0.21654276923076923
-0.34463261538461537
-0.44122153846153844
-0.4873255384615384
-0.49003753846153847
-0.46625538461538457
-0.40346215384615386
-0.3229366153846154
-0.20402584615384614
-0.052571076923076915
0.11265230769230769
0.2849686153846154
0.42015138461538465
0.5077698461538461
0.5492843076923076
0.5273796923076923
0.44643692307692306
0.295608
0.09033046153846153
-0.12996738461538462
-0.3510996923076923
-0.5221643076923077
-0.6287667692307692
-0.6754966153846154
-0.6329390769230769
-0.5225815384615384
-0.347136
-0.12329169230769231
0.09971815384615385
0.31041969230769234
0.47084492307692305
0.5801593846153845
0.6212566153846153
0.5899643076923077
0.5113163076923077
0.37363015384615383
0.21237046153846154
0.044435076923076924
-0.103056
-0.19985353846153847
-0.25805723076923076
-0.26932246153846157
-0.23969907692307693
-0.18796246153846152
-0.11265230769230769
-0.035464615384615386
0.03108369230769231
0.0892873846153846
0.12350030769230769
0.14311015384615386
0.15103753846153847
0.14290153846153844
0.13309661538461537
0.12120553846153845
0.11494707692307692
0.11640738461538462
0.11056615384615384
0.09241661538461539
0.06070707692307692
0.027745846153846152
-0.015646153846153844
-0.06717415384615384
-0.11348676923076922
-0.15833907692307692
-0.1846246153846154
-0.1794092307692308
-0.13810338461538463
-0.06028984615384615
0.03024923076923077
0.13393107692307693
0.2426196923076923
0.3319070769230769
0.3913624615384615
0.3924055384615385
0.3373310769230769
0.2292683076923077
0.07927384615384615
-0.08198584615384615
-0.24887815384615386
-0.39344861538461534
-0.4873255384615384
-0.5159058461538462
-0.4627089230769231
-0.3419206153846154
-0.17398523076923075
0.02273907692307692
0.21007569230769232
0.36674584615384614
0.4746
0.5171575384615384
0.48336184615384614
0.36632861538461536
0.19609846153846153
0.008136
-0.16876984615384616
-0.30979384615384614
-0.4011673846153846
-0.4401784615384615
-0.4120153846153846
-0.31688676923076925
-0.1792006153846154
-0.020652923076923076
0.12037107692307693
0.22655630769230767
0.28434276923076923
0.29101846153846156
0.2626467692307692
0.19380369230769232
0.09846646153846153
-0.015228923076923076
-0.12245723076923076
-0.1994363076923077
-0.24992123076923078
-0.26765353846153844
-0.26348123076923075
-0.23177169230769232
-0.1783661538461538
-0.11286092307692308
-0.03775938461538462
0.021696
0.06216738461538462
0.078648
0.07697907692307693
0.07364123076923076
0.058412307692307694
0.031709538461538456
-0.0016689230769230767
-0.03859384615384615
-0.05736923076923077
-0.059872615384615385
-0.053405538461538456
-0.0448523076923077
-0.04756430769230769
-0.044435076923076924
-0.024616615384615383
0.008761846153846153
0.05236246153846154
0.09325107692307691
0.12934153846153845
0.16710092307692306
0.20465169230769228
0.23531815384615382
0.24470584615384613
0.22029784615384615
0.1656406153846154
0.09554584615384615
0.020652923076923076
-0.061750153846153844
-0.13601723076923075
-0.19380369230769232
-0.22342707692307692
-0.21049292307692305
-0.16772676923076923
-0.09179076923076923
0.0018775384615384615
0.08824430769230769
0.17085599999999998
0.24428861538461538
0.2862203076923077
0.28204799999999997
0.233232
0.15208061538461537
0.050067692307692306
-0.05277969230769231
-0.14728246153846153
-0.23072861538461537
-0.28434276923076923
-0.30562153846153844
-0.2851772307692308
-0.2127876923076923
-0.11181784615384616
0.008970461538461538
0.12558646153846154
0.22342707692307692
0.3133403076923077
0.36632861538461536
0.3750904615384615
0.3158436923076923
0.20047938461538461
0.07384984615384615
-0.07134646153846153
-0.20632061538461538
-0.3152178461538461
-0.3848953846153846
-0.38593846153846156
-0.32669169230769235
-0.2056947692307692
-0.042557538461538466
0.1207883076923077
0.2774584615384615
0.40554830769230765
0.48294461538461536
0.5013027692307692
0.43976123076923074
0.3087507692307692
0.12934153846153845
-0.06613107692307692
-0.235944
-0.3682061538461538
-0.4485230769230769
-0.46312615384615385
-0.41264123076923076
-0.29352184615384613
-0.11619876923076923
0.086784
0.27286892307692306
0.42077723076923074
0.5246676923076923
0.571188923076923
0.5513704615384615
0.4585366153846154
0.3054129230769231
0.11724184615384614
-0.08866153846153846
-0.26535876923076923
-0.39052800000000004
-0.4743913846153846
-0.5117335384615385
-0.49733907692307694
-0.41326707692307696
-0.27328615384615385
-0.10952307692307692
0.0446436923076923
0.17628
0.2807963076923077
0.3475532307692307
0.3750904615384615
0.3565236923076923
0.2943563076923077
0.19839323076923077
0.08907876923076924
-0.020652923076923076
-0.10931446153846153
-0.1829556923076923
-0.24616615384615384
-0.27787569230769227
-0.2803790769230769
-0.24595753846153845
-0.1858763076923077
-0.1178676923076923
-0.04839876923076923
0.008344615384615384
0.056326153846153845
0.09950953846153845
0.1316363076923077
0.13455692307692307
0.10493353846153847
0.06216738461538462
0.01272553846153846
-0.03024923076923077
-0.06988615384615385
-0.12016246153846154
-0.16647507692307692
-0.19839323076923077
-0.20402584615384614
-0.1787833846153846
-0.14290153846153844
-0.09930092307692308
-0.04109723076923077
0.029414769230769227
0.11599015384615384
0.1990190769230769
0.2532590769230769
0.27182584615384614
0.24992123076923078
0.20715507692307691
0.1502030769230769
0.08949599999999999
0.03108369230769231
-0.035464615384615386
-0.09304246153846155
-0.12704676923076924
-0.12204
-0.07802215384615384
-0.02211323076923077
0.035464615384615386
0.09241661538461539
0.14081538461538462
0.17690584615384616
0.18942276923076923
0.1802436923076923
0.14936861538461538
0.10055261538461538
0.05611753846153846
0.017315076923076923
-0.01710646153846154
-0.041514461538461535
-0.04860738461538461
-0.026076923076923077
0.024199384615384616
0.07927384615384615
0.13226215384615383
0.16626646153846153
0.17148184615384612
0.15667015384615385
0.12099692307692309
0.06341907692307691
-0.015020307692307692
-0.09241661538461539
-0.15333230769230768
-0.17315076923076922
-0.14874276923076923
-0.08490646153846154
0.006467076923076923
0.1045163076923077
0.20110523076923076
0.28246523076923075
0.33002953846153843
0.3129230769230769
0.24595753846153845
0.14081538461538462
0.018983999999999997
-0.09700615384615385
-0.1992276923076923
-0.2776670769230769
-0.3158436923076923
-0.3206418461538461
-0.2970683076923077
-0.21070153846153844
-0.11494707692307692
-0.0014603076923076922
0.10785415384615385
0.20339999999999997
0.2791273846153846
0.32210215384615387
0.3369138461538461
0.3502652307692307
0.34943076923076927
0.18232984615384615
0.015646153846153844
-0.12767261538461538
-0.2638984615384615
-0.3339932307692307
-0.37884553846153846
-0.4389267692307692
-0.47689476923076923
-0.36570276923076916
-0.20465169230769228
0.024199384615384616
0.18149538461538461
0.2482523076923077
0.3235624615384615
0.355272
0.43621476923076924
0.42265476923076917
0.268488
0.04526953846153846
-0.1842073846153846
-0.3216849230769231
-0.40513107692307687
-0.4253667692307692
-0.41910830769230767
-0.37321292307692305
-0.2849686153846154
-0.15082892307692305
0.04902461538461538
0.20486030769230767
0.30270092307692303
0.376968
0.3536030769230769
0.2855944615384615
0.25430215384615384
0.18545907692307692
0.12266584615384615
0.011056615384615385
-0.1205796923076923
-0.18086953846153844
-0.214248
-0.20861538461538462
-0.19609846153846153
-0.2127876923076923
-0.21988061538461537
-0.1652233846153846
-0.06633969230769231
0.02586830769230769
0.07697907692307693
0.11473846153846154
0.1368516923076923
0.18170399999999998
0.21862892307692305
0.21049292307692305
0.18942276923076923
0.12433476923076923
0.07885661538461539
0.04214030769230769
-0.043392
-0.13038461538461538
-0.21007569230769232
-0.295608
-0.3148006153846154
-0.2851772307692308
-0.2238443076923077
-0.0936683076923077
0.03066646153846154
0.15520984615384617
0.29456492307692306
0.3913624615384615
0.4478972307692307
0.4710535384615384
0.4216116923076923
0.2985286153846154
0.15813046153846153
0.03421292307692308
-0.06049846153846154
-0.13622584615384614
-0.184416
-0.17711446153846155
-0.12808984615384614
-0.056951999999999996
0.035464615384615386
0.13247076923076923
0.21696000000000001
0.29414769230769233
0.32606584615384615
0.3062473846153846
0.2647329230769231
0.19526400000000002
0.10681107692307691
0.02023569230769231
-0.07238953846153846
-0.15896492307692306
-0.1923433846153846
-0.18316430769230768
-0.143736
-0.08094276923076923
-0.020652923076923076
0.040262769230769234
0.09533723076923077
0.12245723076923076
0.11473846153846154
0.08115138461538463
0.011682461538461537
-0.05090215384615384
-0.09825784615384614
-0.16730953846153845
-0.19588984615384614
-0.18066092307692305
-0.14123261538461537
-0.08073415384615384
-0.028788923076923077
0.023782153846153845
0.06863446153846153
0.08782707692307692
0.09325107692307691
0.06926030769230769
0.003755076923076923
-0.07280676923076923
-0.12537784615384615
-0.14603076923076924
-0.1612596923076923
-0.14916
-0.11995384615384615
-0.06946892307692307
0.022530461538461537
0.08991323076923076
0.12579507692307693
0.12955015384615384
0.0974233846153846
0.06633969230769231
0.027120000000000002
-0.029414769230769227
-0.08761846153846153
-0.1597993846153846
-0.22843384615384613
-0.25659692307692306
-0.24428861538461538
-0.18796246153846152
-0.11494707692307692
-0.04214030769230769
0.02357353846153846
0.07197230769230768
0.11557292307692307
0.14436184615384615
0.14811692307692306
0.09763200000000001
0.009596307692307692
-0.054657230769230764
-0.09179076923076923
-0.08636676923076922
-0.054657230769230764
-0.04401784615384615
-0.010848
0.05194523076923077
0.12037107692307693
0.18963138461538462
0.20965846153846154
0.17815753846153848
0.12391753846153845
0.06341907692307691
0.022947692307692308
-0.017523692307692306
-0.059664
-0.07927384615384615
-0.08428061538461538
-0.053405538461538456
0.007510153846153846
0.07885661538461539
0.14144123076923076
0.1612596923076923
0.1696043076923077
0.17148184615384612
0.15145476923076923
0.11870215384615385
0.04318338461538461
-0.04526953846153846
-0.11640738461538462
-0.16021661538461537
-0.14060676923076923
-0.10743692307692307
-0.07948246153846153
-0.03692492307692308
0.012934153846153845
0.08323753846153846
0.1397723076923077
0.14936861538461538
0.12516923076923075
0.06759138461538462
0.005841230769230769
-0.0448523076923077
-0.10096984615384616
-0.14874276923076923
-0.1883796923076923
-0.18483323076923078
-0.14540492307692307
-0.09304246153846155
-0.015020307692307692
0.035464615384615386
0.06821723076923077
0.08782707692307692
0.08219446153846154
0.06425353846153846
0.005424
-0.07906523076923076
-0.16271999999999998
-0.22676492307692306
-0.23969907692307693
-0.20798953846153845
-0.14582215384615385
-0.06592246153846154
0.012308307692307691
0.09596307692307693
0.16856123076923077
0.20944984615384615
0.21111876923076925
0.16772676923076923
0.09137353846153846
0.008136
-0.06195876923076923
-0.11557292307692307
-0.14540492307692307
-0.14206707692307693
-0.10555938461538462
-0.03692492307692308
0.05194523076923077
0.1341396923076923
0.1948467692307692
0.22676492307692306
0.23969907692307693
0.21800307692307694
0.16584923076923075
0.0988836923076923
0.011473846153846154
-0.07051199999999999
-0.1314276923076923
-0.16334584615384617
-0.1637630769230769
-0.13664307692307692
-0.08177723076923075
0.0008344615384615384
0.0892873846153846
0.16730953846153845
0.22551323076923077
0.2453316923076923
0.23469230769230767
0.20298276923076922
0.16438892307692307
0.11599015384615384
0.05319692307692307
-0.006258461538461538
-0.06216738461538462
-0.09679753846153846
-0.11014892307692307
-0.1028473846153846
-0.07885661538461539
-0.061124307692307686
-0.03671630769230769
-0.0077187692307692304
0.02357353846153846
0.05090215384615384
0.06028984615384615
0.05403138461538461
0.045060923076923075
0.04193169230769231
0.03358707692307692
0.026285538461538457
0.01397723076923077
0.001043076923076923
0.0006258461538461538
0.0070929230769230765
0.016272
0.014394461538461538
0.0022947692307692304
-0.00855323076923077
-0.0077187692307692304
0.011473846153846154
0.03859384615384615
0.0717636923076923
0.11056615384615384
0.14394461538461537
0.17732307692307692
0.20673784615384616
0.22342707692307692
0.21737723076923077
0.1873366153846154
0.14457046153846154
0.08344615384615384
0.013142769230769229
-0.05069353846153846
-0.09596307692307693
-0.11870215384615385
-0.11077476923076923
-0.07969107692307692
-0.04401784615384615
0.0014603076923076922
0.05507446153846154
0.10952307692307692
0.14790830769230767
0.15500123076923078
0.1353913846153846
0.09596307692307693
0.03942830769230769
-0.02211323076923077
-0.08386338461538462
-0.14790830769230767
-0.20047938461538461
-0.23656984615384613
-0.24992123076923078
-0.22300984615384614
-0.16710092307692306
-0.09679753846153846
-0.01710646153846154
0.06008123076923077
0.13601723076923075
0.20110523076923076
0.23969907692307693
0.24866953846153847
0.23281476923076924
0.19881046153846152
0.1570873846153846
0.124752
0.09116492307692307
0.05528307692307692
0.017523692307692306
-0.02023569230769231
-0.03045784615384615
-0.03588184615384615
-0.04276615384615385
-0.045060923076923075
-0.051528
-0.033169846153846154
0.0012516923076923076
0.03713353846153846
0.078648
0.10493353846153847
0.12204
0.13434830769230768
0.13247076923076923
0.10618523076923077
0.043600615384615383
-0.03984553846153846
-0.12391753846153845
-0.19025723076923076
-0.2238443076923077
-0.23156307692307693
-0.21591692307692306
-0.16835261538461538
-0.09241661538461539
0.016063384615384615
0.13226215384615383
0.22280123076923075
0.28768061538461537
0.31250584615384613
0.3156350769230769
0.3031181538461538
0.26452430769230767
0.20047938461538461
0.11056615384615384
0.02232184615384615
-0.05507446153846154
-0.10201292307692307
-0.1218313846153846
-0.13309661538461537
-0.12391753846153845
-0.08574092307692306
-0.01043076923076923
0.078648
0.14916
0.1873366153846154
0.18712800000000002
0.15896492307692306
0.12496061538461539
0.08010830769230769
0.015854769230769228
-0.04965046153846154
-0.11286092307692308
-0.14102399999999998
-0.130176
-0.11327815384615383
-0.08302892307692307
-0.059872615384615385
-0.047772923076923074
-0.03713353846153846
-0.03421292307692308
-0.031918153846153846
-0.03567323076923076
-0.04860738461538461
-0.04735569230769231
-0.01856676923076923
0.029206153846153847
0.08073415384615384
0.12099692307692309
0.1435273846153846
0.1506203076923077
0.13706030769230768
0.08344615384615384
-0.0016689230769230767
-0.1136953846153846
-0.22822523076923076
-0.31667815384615383
-0.3717526153846154
-0.3855212307692308
-0.36778892307692307
-0.31188
-0.21362215384615382
-0.07969107692307692
0.06321046153846153
0.17440246153846153
0.2355267692307692
0.24658338461538462
0.22780799999999998
0.18066092307692305
0.10430769230769231
0.014603076923076923
-0.0798996923076923
-0.16480615384615382
-0.21821169230769227
-0.23218892307692307
-0.21174461538461536
-0.16835261538461538
-0.11452984615384615
-0.04693846153846153
0.03400430769230769
0.11557292307692307
0.1802436923076923
0.21195323076923075
0.21675138461538462
0.2008966153846154
0.17586276923076924
0.13935507692307691
0.086784
0.02753723076923077
-0.03588184615384615
-0.08469784615384615
-0.10597661538461538
-0.10848000000000001
-0.10827138461538462
-0.11911938461538461
-0.13810338461538463
-0.14394461538461537
-0.13872923076923074
-0.12996738461538462
-0.11599015384615384
-0.11306953846153844
-0.10430769230769231
-0.09658892307692307
-0.08490646153846154
-0.08365476923076923
-0.07197230769230768
-0.0002086153846153846
0.09491999999999999
0.23677846153846152
0.3454670769230769
0.42995630769230764
0.4948356923076923
0.4956701538461538
0.485448
0.3744646153846154
0.21111876923076925
0.040054153846153843
-0.09846646153846153
-0.20673784615384616
-0.30207507692307695
-0.31918153846153846
-0.30436984615384616
-0.20423446153846153
-0.058412307692307694
0.084072
0.21091015384615383
0.2822566153846154
0.31918153846153846
0.2774584615384615
0.16167692307692308
-0.0012516923076923076
-0.16647507692307692
-0.3179298461538461
-0.4652123076923077
-0.5597150769230769
-0.588504
-0.5077698461538461
-0.3319070769230769
-0.12099692307692309
0.1045163076923077
0.27286892307692306
0.3861470769230769
0.4564504615384615
0.42787015384615384
0.3214763076923077
0.15938215384615384
-0.00855323076923077
-0.10535076923076922
-0.15291507692307693
-0.16626646153846153
-0.16000799999999998
-0.1422756923076923
-0.09971815384615385
-0.04735569230769231
-0.0077187692307692304
-0.006049846153846154
-0.022530461538461537
-0.03692492307692308
-0.06592246153846154
-0.09012184615384615
-0.11265230769230769
-0.14039815384615384
-0.14018953846153845
-0.13205353846153844
-0.09846646153846153
-0.03358707692307692
0.041514461538461535
0.12558646153846154
0.18066092307692305
0.1794092307692308
0.1218313846153846
0.03421292307692308
-0.07092923076923077
-0.1842073846153846
-0.29644246153846154
-0.3652855384615385
-0.35798399999999997
-0.2737033846153846
-0.12621230769230768
0.0448523076923077
0.2209236923076923
0.3750904615384615
0.5048492307692307
0.5791163076923077
0.5540824615384615
0.45311261538461534
0.30332676923076923
0.1397723076923077
-0.012516923076923077
-0.15750461538461538
-0.2680707692307692
-0.31688676923076925
-0.3127144615384615
-0.25430215384615384
-0.15374953846153847
-0.029623384615384614
0.10743692307692307
0.22968553846153844
0.31855569230769226
0.3554806153846154
0.3440067692307692
0.29039261538461536
0.19317784615384614
0.07238953846153846
-0.06863446153846153
-0.17711446153846155
-0.2303113846153846
-0.24720923076923076
-0.20965846153846154
-0.13935507692307691
-0.04088861538461538
0.08490646153846154
0.1883796923076923
0.24595753846153845
0.2438713846153846
0.18712800000000002
0.11640738461538462
0.042974769230769226
-0.022947692307692308
-0.07697907692307693
-0.10910584615384614
-0.10681107692307691
-0.06905169230769231
0.0006258461538461538
0.06467076923076923
0.10576799999999999
0.12725538461538463
0.12433476923076923
0.10222153846153846
0.04819015384615385
-0.042348923076923076
-0.13351384615384615
-0.21842030769230766
-0.2709913846153846
-0.26932246153846157
-0.23239753846153846
-0.15354092307692307
-0.04547815384615384
0.07551876923076924
0.19964492307692308
0.3116713846153846
0.3890676923076923
0.40972061538461535
0.36674584615384614
0.25847446153846154
0.11765907692307691
-0.015854769230769228
-0.13998092307692306
-0.24408
-0.30937661538461536
-0.32272799999999996
-0.252216
-0.11494707692307692
0.03713353846153846
0.18858830769230767
0.30979384615384614
0.3944916923076923
0.4516523076923077
0.4514436923076923
0.3924055384615385
0.27558092307692306
0.12412615384615384
-0.012099692307692308
-0.12141415384615384
-0.20277415384615383
-0.23928184615384615
-0.2330233846153846
-0.18900553846153845
-0.11724184615384614
-0.031918153846153846
0.05048492307692308
0.10389046153846154
0.13789476923076924
0.13935507692307691
0.12016246153846154
0.09596307692307693
0.053614153846153846
0.020027076923076922
-0.01043076923076923
-0.024408000000000003
0.005424
0.06592246153846154
0.15875630769230767
0.2572227692307692
0.32210215384615387
0.3577753846153846
0.35631507692307696
0.3133403076923077
0.21904615384615383
0.0798996923076923
-0.06028984615384615
-0.17502830769230768
-0.2482523076923077
-0.2774584615384615
-0.25555384615384613
-0.1873366153846154
-0.08636676923076922
0.04193169230769231
0.16418030769230768
0.24720923076923076
0.27787569230769227
0.2497126153846154
0.17648861538461538
0.084072
-0.02482523076923077
-0.13518276923076925
-0.22113230769230768
-0.2858030769230769
-0.30144923076923075
-0.26723630769230766
-0.20506892307692307
-0.10994030769230768
-0.01043076923076923
0.08490646153846154
0.1637630769230769
0.20652923076923077
0.21153599999999997
0.1760713846153846
0.11452984615384615
0.040262769230769234
-0.03629907692307692
-0.10660246153846153
-0.15541846153846153
-0.17231630769230769
-0.16689230769230767
-0.1397723076923077
-0.08177723076923075
-0.021904615384615383
0.02211323076923077
0.05069353846153846
0.05382276923076923
0.040679999999999994
0.0008344615384615384
-0.05403138461538461
-0.10055261538461538
-0.1314276923076923
-0.12162276923076921
-0.07739630769230768
0.0033378461538461535
0.09596307692307693
0.17085599999999998
0.22989415384615383
0.2561796923076923
0.25284184615384614
0.20548615384615385
0.08949599999999999
-0.04672984615384615
-0.18504184615384617
-0.3008233846153846
-0.3567323076923076
-0.37655076923076924
-0.3229366153846154
-0.2140393846153846
-0.07405846153846153
0.10889723076923077
0.27412061538461535
0.4015846153846154
0.4687587692307692
0.4685501538461538
0.41556184615384617
0.2989458461538462
0.14749107692307692
-0.02795446153846154
-0.21195323076923075
-0.3623649230769231
-0.4710535384615384
-0.5131938461538461
-0.4877427692307692
-0.4159790769230769
-0.29602523076923076
-0.15416676923076922
-0.0012516923076923076
0.15959076923076923
0.287472
0.3650769230769231
0.38593846153846156
0.35235138461538457
0.27474646153846155
0.15667015384615385
0.03129230769230769
-0.08782707692307692
-0.1783661538461538
-0.21696000000000001
-0.21466523076923077
-0.1693956923076923
-0.10472492307692308
-0.03233538461538461
0.05319692307692307
0.12642092307692307
0.1869193846153846
0.22426153846153846
0.22154953846153846
0.1990190769230769
0.15646153846153846
0.10076123076923077
0.05403138461538461
0.0033378461538461535
-0.038176615384615385
-0.065088
-0.084072
-0.0880356923076923
-0.09554584615384615
-0.11557292307692307
-0.14206707692307693
-0.16856123076923077
-0.18212123076923076
-0.18170399999999998
-0.16459753846153846
-0.13184492307692308
-0.08615815384615384
-0.01981846153846154
0.04172307692307692
0.09679753846153846
0.12767261538461538
0.11953661538461538
0.10076123076923077
0.06967753846153846
0.030040615384615384
-0.009179076923076922
-0.06070707692307692
-0.10889723076923077
-0.13706030769230768
-0.15875630769230767
-0.15562707692307692
-0.13038461538461538
-0.08949599999999999
-0.03358707692307692
0.020652923076923076
0.08219446153846154
0.12725538461538463
0.13622584615384614
0.11745046153846153
0.07614461538461538
0.02086153846153846
-0.03358707692307692
-0.07635323076923077
-0.11035753846153845
-0.13622584615384614
-0.13747753846153846
-0.10013538461538461
-0.03921969230769231
0.023990769230769232
0.07468430769230769
0.10535076923076922
0.12537784615384615
0.12767261538461538
0.11098338461538461
0.07405846153846153
0.013351384615384614
-0.04172307692307692
-0.07280676923076923
-0.0717636923076923
-0.033169846153846154
0.021696
0.07802215384615384
0.13518276923076925
0.18358153846153846
0.222384
0.23531815384615382
0.2021483076923077
0.12996738461538462
0.03692492307692308
-0.04944184615384615
-0.12934153846153845
-0.19547261538461536
-0.24095076923076922
-0.25972615384615383
-0.22947692307692308
-0.16292861538461537
-0.053614153846153846
0.06425353846153846
0.1570873846153846
0.2292683076923077
0.265776
0.2782929230769231
0.2509643076923077
0.17502830769230768
0.06341907692307691
-0.056326153846153845
-0.15667015384615385
-0.23198030769230768
-0.26681907692307694
-0.265776
-0.23156307692307693
-0.15896492307692306
-0.061750153846153844
0.050067692307692306
0.15771323076923077
0.22843384615384613
0.2601433846153846
0.252216
0.21633415384615384
0.15208061538461537
0.051528
-0.07134646153846153
-0.19463815384615382
-0.2851772307692308
-0.3291950769230769
-0.32669169230769235
-0.2845513846153846
-0.21028430769230766
-0.11286092307692308
-0.002712
0.10201292307692307
0.17461107692307692
0.19818461538461538
0.17628
0.12391753846153845
0.05820369230769231
-0.004798153846153846
-0.05528307692307692
-0.0934596923076923
-0.11578153846153846
-0.1151556923076923
-0.084072
-0.03024923076923077
0.02023569230769231
0.06154153846153846
0.09658892307692307
0.12850707692307692
0.15792184615384616
0.17294215384615383
0.1656406153846154
0.143736
0.11181784615384616
0.08594953846153845
0.07030338461538461
0.06592246153846154
0.06905169230769231
0.07009476923076922
0.08699261538461538
0.10868861538461538
0.12621230769230768
0.13226215384615383
0.11724184615384614
0.0897046153846154
0.050067692307692306
0.005841230769230769
-0.03421292307692308
-0.06362769230769232
-0.07843938461538462
-0.07343261538461537
-0.05111076923076923
-0.006049846153846154
0.04526953846153846
0.08031692307692308
0.09950953846153845
0.10430769230769231
0.09679753846153846
0.086784
0.07259815384615384
0.04547815384615384
0.012308307692307691
-0.010222153846153844
-0.006675692307692307
0.021278769230769233
0.05507446153846154
0.08323753846153846
0.11202646153846153
0.11765907692307691
0.11327815384615383
0.05799507692307692
-0.034630153846153845
-0.10493353846153847
-0.1637630769230769
-0.19568123076923075
-0.222384
-0.2225926153846154
-0.1804523076923077
-0.09241661538461539
0.040054153846153843
0.2995716923076923
0.4188996923076923
0.37926276923076924
0.3980381538461538
0.28350830769230767
0.2774584615384615
0.15374953846153847
-0.1314276923076923
-0.3521427692307692
-0.6268892307692308
-0.6093655384615385
-0.5363501538461538
-0.42724430769230765
-0.26494153846153845
-0.17294215384615383
0.17148184615384612
0.45332123076923075
0.7155507692307692
0.8572006153846153
0.6834239999999999
0.5628443076923076
0.3193901538461538
0.09283384615384616
-0.08073415384615384
-0.40325353846153844
-0.5378104615384616
-0.6604763076923077
-0.7149249230769231
-0.49921661538461537
-0.3346190769230769
-0.06258461538461538
0.18066092307692305
0.292896
0.4752258461538461
0.517992
0.5720233846153846
0.5780732307692308
0.38948492307692306
0.19526400000000002
-0.04985907692307692
-0.18399876923076922
-0.22843384615384613
-0.33983446153846153
-0.3775938461538461
-0.41493599999999997
-0.3387913846153846
-0.12454338461538461
0.009804923076923077
0.15228923076923076
0.2275993846153846
0.2578486153846154
0.3542289230769231
0.35151692307692306
0.31354892307692306
0.2540935384615385
0.12558646153846154
0.08344615384615384
0.043600615384615383
-0.014394461538461538
-0.05590892307692308
-0.14874276923076923
-0.20277415384615383
-0.24992123076923078
-0.27328615384615385
-0.2578486153846154
-0.23844738461538462
-0.157296
-0.10785415384615385
-0.02315630769230769
0.12204
0.21362215384615382
0.3210590769230769
0.3577753846153846
0.31897292307692304
0.2870547692307692
0.1860849230769231
0.09179076923076923
-0.03483876923076923
-0.21049292307692305
-0.3045784615384615
-0.3675803076923077
-0.3600701538461538
-0.30144923076923075
-0.2399076923076923
-0.08866153846153846
0.09116492307692307
0.26535876923076923
0.39657784615384617
0.4489403076923077
0.4971304615384615
0.47272246153846154
0.38239199999999995
0.2561796923076923
0.03504738461538461
-0.1462393846153846
-0.28851507692307693
-0.4078430769230769
-0.41577046153846153
-0.4015846153846154
-0.31646953846153847
-0.16480615384615382
-0.03129230769230769
0.14603076923076924
0.2943563076923077
0.39657784615384617
0.4368406153846153
0.37613353846153846
0.2749550769230769
0.10180430769230768
-0.06529661538461538
-0.19609846153846153
-0.328152
-0.3915710769230769
-0.4322510769230769
-0.39928984615384616
-0.2680707692307692
-0.1353913846153846
0.044435076923076924
0.18942276923076923
0.2814221538461538
0.39282276923076925
0.43663199999999996
0.4174393846153846
0.32272799999999996
0.1504116923076923
0.0070929230769230765
-0.11286092307692308
-0.21487384615384614
-0.28768061538461537
-0.3594443076923077
-0.3727956923076923
-0.33357600000000004
-0.2532590769230769
-0.1314276923076923
-0.03838523076923077
0.050067692307692306
0.09575446153846154
0.10347323076923076
0.11745046153846153
0.08302892307692307
0.06446215384615385
0.027120000000000002
-0.05590892307692308
-0.09909230769230769
-0.14018953846153845
-0.13330523076923076
-0.0963803076923077
-0.11432123076923076
-0.12266584615384615
-0.127464
-0.1045163076923077
-0.04088861538461538
-0.0035464615384615383
0.019609846153846155
0.026911384615384615
0.055491692307692304
0.1097316923076923
0.13893784615384613
0.15813046153846153
0.13893784615384613
0.09700615384615385
0.07572738461538461
0.03483876923076923
0.0004172307692307692
-0.042348923076923076
-0.09721476923076922
-0.12037107692307693
-0.14957723076923077
-0.14457046153846154
-0.10806276923076923
-0.06988615384615385
-0.014811692307692307
0.03233538461538461
0.0961716923076923
0.18170399999999998
0.249504
0.287472
0.2734947692307692
0.21883753846153844
0.15416676923076922
0.08448923076923077
0.03775938461538462
-0.021070153846153846
-0.08156861538461539
-0.10389046153846154
-0.10201292307692307
-0.04526953846153846
0.012308307692307691
0.06028984615384615
0.1218313846153846
0.16251138461538459
0.20402584615384614
0.22113230769230768
0.19818461538461538
0.1570873846153846
0.09179076923076923
0.030040615384615384
-0.030875076923076922
-0.08845292307692308
-0.11640738461538462
-0.13622584615384614
-0.14311015384615386
-0.13893784615384613
-0.13309661538461537
-0.10889723076923077
-0.09387692307692307
-0.08323753846153846
-0.07051199999999999
-0.08156861538461539
-0.08991323076923076
-0.0897046153846154
-0.08052553846153847
-0.059038153846153844
-0.05674338461538461
-0.053614153846153846
-0.026494153846153844
0.011891076923076923
0.06675692307692307
0.09971815384615385
0.10368184615384615
0.10347323076923076
0.0880356923076923
0.07677046153846154
0.056951999999999996
0.023990769230769232
-0.015437538461538461
-0.05736923076923077
-0.06800861538461538
-0.055491692307692304
-0.016897846153846156
0.04109723076923077
0.08177723076923075
0.111192
0.127464
0.12370892307692308
0.11223507692307692
0.07384984615384615
0.0077187692307692304
-0.05862092307692307
-0.12558646153846154
-0.16501476923076921
-0.17732307692307692
-0.18128676923076922
-0.16418030769230768
-0.13121907692307694
-0.07405846153846153
-0.0043809230769230765
0.052153846153846155
0.08761846153846153
0.10096984615384616
0.1097316923076923
0.10389046153846154
0.08720123076923077
0.05778646153846154
-0.0006258461538461538
-0.047772923076923074
-0.07802215384615384
-0.09262523076923077
-0.08574092307692306
-0.08135999999999999
-0.06738276923076922
-0.040054153846153843
0.002086153846153846
0.056326153846153845
0.10743692307692307
0.14749107692307692
0.1652233846153846
0.1696043076923077
0.16313723076923078
0.14519630769230768
0.12204
0.07823076923076923
0.018358153846153843
-0.03212676923076923
-0.05236246153846154
-0.04422646153846154
-0.033169846153846154
-0.01940123076923077
0.0002086153846153846
0.031709538461538456
0.08344615384615384
0.13059323076923077
0.15646153846153846
0.15249784615384615
0.1287156923076923
0.10889723076923077
0.0961716923076923
0.08511507692307693
0.06133292307692308
0.030875076923076922
0.006258461538461538
0.003129230769230769
0.02586830769230769
0.04819015384615385
0.05507446153846154
0.053614153846153846
0.05507446153846154
0.06404492307692307
0.0717636923076923
0.0609156923076923
0.019192615384615384
-0.037342153846153844
-0.08615815384615384
-0.11891076923076922
-0.12600369230769232
-0.12245723076923076
-0.12287446153846153
-0.10952307692307692
-0.07760492307692309
-0.023782153846153845
0.030040615384615384
0.06279323076923077
0.07572738461538461
0.05862092307692307
0.03838523076923077
0.018358153846153843
-0.0018775384615384615
-0.02211323076923077
-0.05277969230769231
-0.06049846153846154
-0.04109723076923077
-0.002086153846153846
0.04631261538461538
0.07384984615384615
0.08428061538461538
0.08302892307692307
0.07781353846153846
0.06759138461538462
0.03650769230769231
-0.011682461538461537
-0.06654830769230768
-0.09971815384615385
-0.09325107692307691
-0.06633969230769231
-0.034630153846153845
-0.0043809230769230765
0.029623384615384614
0.07468430769230769
0.1070196923076923
0.11828492307692307
0.09262523076923077
0.02357353846153846
-0.04631261538461538
-0.10952307692307692
-0.15333230769230768
-0.18253846153846154
-0.20152246153846154
-0.19505538461538463
-0.1612596923076923
-0.08824430769230769
0.009179076923076922
0.10889723076923077
0.1794092307692308
0.22655630769230767
0.25388492307692306
0.2588916923076923
0.23656984615384613
0.16647507692307692
0.08490646153846154
-0.0008344615384615384
-0.06216738461538462
-0.08344615384615384
-0.08365476923076923
-0.059664
-0.025033846153846153
0.035255999999999996
0.11327815384615383
0.1923433846153846
0.2641070769230769
0.2883064615384615
0.26869661538461537
0.22488738461538463
0.15354092307692307
0.07510153846153846
-0.007510153846153846
-0.09387692307692307
-0.154584
-0.1856676923076923
-0.17294215384615383
-0.12120553846153845
-0.05382276923076923
0.027745846153846152
0.10827138461538462
0.17586276923076924
0.22321846153846153
0.22634769230769228
0.18754523076923074
0.11891076923076922
0.02858030769230769
-0.04839876923076923
-0.1070196923076923
-0.13622584615384614
-0.1397723076923077
-0.12370892307692308
-0.07238953846153846
-0.006049846153846154
0.06967753846153846
0.13101046153846155
0.1570873846153846
0.1558356923076923
0.12683815384615382
0.07760492307692309
0.018358153846153843
-0.05236246153846154
-0.12162276923076921
-0.16480615384615382
-0.1704387692307692
-0.13476553846153844
-0.08156861538461539
-0.03713353846153846
0.0012516923076923076
0.03129230769230769
0.05236246153846154
0.07635323076923077
0.09304246153846155
0.08636676923076922
0.061124307692307686
0.029623384615384614
-0.0014603076923076922
-0.03400430769230769
-0.06654830769230768
-0.09241661538461539
-0.11140061538461538
-0.11223507692307692
-0.09012184615384615
-0.05277969230769231
-0.006049846153846154
0.034630153846153845
0.06633969230769231
0.09721476923076922
0.12266584615384615
0.13267938461538462
0.12537784615384615
0.10848000000000001
0.09116492307692307
0.07760492307692309
0.06362769230769232
0.05507446153846154
0.042348923076923076
0.010222153846153844
-0.02858030769230769
-0.07364123076923076
-0.11849353846153846
-0.15500123076923078
-0.18316430769230768
-0.1783661538461538
-0.14206707692307693
-0.09700615384615385
-0.030040615384615384
0.02211323076923077
0.06008123076923077
0.10764553846153846
0.10827138461538462
0.103056
0.07635323076923077
0.030875076923076922
0.009387692307692307
-0.037342153846153844
0.04214030769230769
0.06341907692307691
-0.023990769230769232
-0.00855323076923077
-0.053614153846153846
-0.008344615384615384
0.008761846153846153
-0.06571384615384615
-0.116616
-0.23135446153846154
-0.1860849230769231
-0.12412615384615384
-0.08699261538461538
-0.03275261538461539
-0.05319692307692307
0.04819015384615385
0.14957723076923077
0.23490092307692306
0.3047870769230769
0.19526400000000002
0.10117846153846152
0.003755076923076923
-0.10764553846153846
-0.15124615384615384
-0.26911384615384615
-0.3239796923076923
-0.33378461538461535
-0.35318584615384613
-0.20548615384615385
-0.061124307692307686
0.07489292307692308
0.21696000000000001
0.2480436923076923
0.29644246153846154
0.2931046153846154
0.2632726153846154
0.2509643076923077
0.1358086153846154
0.009596307692307692
-0.09992676923076924
-0.15562707692307692
-0.14060676923076923
-0.17544553846153846
-0.20277415384615383
-0.21737723076923077
-0.19839323076923077
-0.08720123076923077
-0.013768615384615384
0.05173661538461538
0.11432123076923076
0.1424843076923077
0.22154953846153846
0.26494153846153845
0.26494153846153845
0.24512307692307692
0.15750461538461538
0.10055261538461538
0.054657230769230764
-0.0029206153846153843
-0.05653476923076922
-0.1435273846153846
-0.20235692307692305
-0.23886461538461537
-0.24470584615384613
-0.20673784615384616
-0.15124615384615384
-0.05090215384615384
0.038176615384615385
0.13393107692307693
0.2799618461538461
0.384060923076923
0.44998338461538456
0.45603323076923075
0.3836436923076923
0.295608
0.15604430769230768
0.013560000000000001
-0.11640738461538462
-0.2626467692307692
-0.3344104615384615
-0.3383741538461538
-0.292896
-0.20027076923076922
-0.09784061538461537
0.044435076923076924
0.19463815384615382
0.3072904615384615
0.37258707692307685
0.3707095384615384
0.3481790769230769
0.2920615384615385
0.1883796923076923
0.07468430769230769
-0.08031692307692308
-0.20819815384615384
-0.2818393846153846
-0.3285692307692308
-0.29331323076923077
-0.23135446153846154
-0.14519630769230768
-0.026285538461538457
0.06487938461538462
0.14936861538461538
0.20486030769230767
0.20652923076923077
0.17565415384615385
0.10535076923076922
0.02795446153846154
-0.04318338461538461
-0.09408553846153846
-0.10409907692307692
-0.10994030769230768
-0.09074769230769231
-0.05444861538461539
-0.01043076923076923
0.046104
0.059664
0.0678
0.05778646153846154
0.002086153846153846
-0.030875076923076922
-0.06070707692307692
-0.09471138461538461
-0.1205796923076923
-0.15124615384615384
-0.12454338461538461
-0.06133292307692308
-0.017732307692307693
0.021696
0.04526953846153846
0.06967753846153846
0.08636676923076922
0.07259815384615384
0.03838523076923077
-0.037342153846153844
-0.12204
-0.19296923076923078
-0.25242461538461536
-0.26932246153846157
-0.2707827692307692
-0.24908676923076922
-0.18170399999999998
-0.11056615384615384
-0.018983999999999997
0.06717415384615384
0.13393107692307693
0.1992276923076923
0.20402584615384614
0.17982646153846152
0.1356
0.06425353846153846
-0.008970461538461538
-0.08887015384615385
-0.14311015384615386
-0.16209415384615386
-0.14811692307692306
-0.11202646153846153
-0.07656184615384615
-0.034630153846153845
0.0070929230769230765
0.034630153846153845
0.06863446153846153
0.08740984615384616
0.08574092307692306
0.0855323076923077
0.0855323076923077
0.116616
0.14832553846153845
0.16897846153846155
0.19651569230769228
0.21967199999999998
0.23156307692307693
0.21237046153846154
0.17252492307692308
0.12308307692307692
0.07489292307692308
0.042348923076923076
0.018983999999999997
0.003755076923076923
-0.0006258461538461538
0.013560000000000001
0.059664
0.12287446153846153
0.18545907692307692
0.2480436923076923
0.2920615384615385
0.3137575384615385
0.31104553846153843
0.2774584615384615
0.23135446153846154
0.1597993846153846
0.06738276923076922
-0.018983999999999997
-0.09679753846153846
-0.13998092307692306
-0.14874276923076923
-0.13330523076923076
-0.09554584615384615
-0.042974769230769226
0.03671630769230769
0.12308307692307692
0.19442953846153843
0.2330233846153846
0.2261390769230769
0.19067446153846154
0.12955015384615384
0.056951999999999996
-0.016897846153846156
-0.10555938461538462
-0.1777403076923077
-0.2075723076923077
-0.20193969230769232
-0.15374953846153847
-0.10263876923076923
-0.05069353846153846
0.01940123076923077
0.07656184615384615
0.12808984615384614
0.14102399999999998
0.10368184615384615
0.04318338461538461
-0.037342153846153844
-0.09116492307692307
-0.11411261538461538
-0.1205796923076923
-0.10535076923076922
-0.08365476923076923
-0.03567323076923076
0.029623384615384614
0.08949599999999999
0.1341396923076923
0.12558646153846154
0.07885661538461539
0.021278769230769233
-0.04693846153846153
-0.09387692307692307
-0.14206707692307693
-0.18483323076923078
-0.19359507692307693
-0.18107815384615383
-0.11870215384615385
-0.037967999999999995
0.03483876923076923
0.09429415384615383
0.12141415384615384
0.14415323076923076
0.15228923076923076
0.1314276923076923
0.08991323076923076
0.015646153846153844
-0.05945538461538461
-0.11745046153846153
-0.15959076923076923
-0.17502830769230768
-0.19985353846153847
-0.20402584615384614
-0.16876984615384616
-0.11745046153846153
-0.04401784615384615
0.015646153846153844
0.05924676923076923
0.09804923076923076
0.11911938461538461
0.14394461538461537
0.1476996923076923
0.11306953846153844
0.06467076923076923
0.010222153846153844
-0.009804923076923077
-0.006049846153846154
0.0029206153846153843
0.021904615384615383
0.02357353846153846
0.021904615384615383
0.027328615384615382
0.030040615384615384
0.03337846153846154
0.025659692307692307
0.016272
0.018983999999999997
0.03755076923076923
0.07280676923076923
0.09784061538461537
0.11098338461538461
0.11640738461538462
0.11619876923076923
0.11390399999999999
0.09533723076923077
0.05716061538461538
0.006675692307692307
-0.04526953846153846
-0.08031692307692308
-0.09053907692307692
-0.08887015384615385
-0.0826116923076923
-0.0826116923076923
-0.07760492307692309
-0.05194523076923077
-0.01940123076923077
0.015854769230769228
0.03880246153846154
0.04568676923076923
0.04631261538461538
0.043600615384615383
0.03692492307692308
0.010639384615384617
-0.02753723076923077
-0.06654830769230768
-0.09283384615384616
-0.09471138461538461
-0.08907876923076924
-0.07885661538461539
-0.06446215384615385
-0.042974769230769226
-0.007301538461538462
0.03629907692307692
0.0744756923076923
0.10117846153846152
0.1097316923076923
0.11181784615384616
0.11974523076923077
0.11557292307692307
0.11181784615384616
0.10138707692307691
0.08094276923076923
0.06341907692307691
0.033169846153846154
0.0022947692307692304
-0.02023569230769231
-0.04819015384615385
-0.07092923076923077
-0.07364123076923076
-0.06821723076923077
-0.05277969230769231
-0.040262769230769234
-0.031918153846153846
-0.009596307692307692
0.02211323076923077
0.05674338461538461
0.07697907692307693
0.0855323076923077
0.08010830769230769
0.05716061538461538
0.025033846153846153
-0.019609846153846155
-0.07280676923076923
-0.13080184615384613
-0.18170399999999998
-0.20027076923076922
-0.18983999999999998
-0.15792184615384616
-0.11432123076923076
-0.06592246153846154
0.0025033846153846152
0.06800861538461538
0.12037107692307693
0.154584
0.15208061538461537
0.12329169230769231
0.07781353846153846
0.021487384615384613
-0.03671630769230769
-0.10076123076923077
-0.15541846153846153
-0.1856676923076923
-0.19067446153846154
-0.16209415384615386
-0.12037107692307693
-0.06571384615384615
-0.0033378461538461535
0.05236246153846154
0.1045163076923077
0.14206707692307693
0.15833907692307692
0.1449876923076923
0.10076123076923077
0.03859384615384615
-0.03775938461538462
-0.10555938461538462
-0.15228923076923076
-0.1942209230769231
-0.21007569230769232
-0.18942276923076923
-0.14018953846153845
-0.07030338461538461
-0.0025033846153846152
0.06717415384615384
0.12245723076923076
0.1489513846153846
0.15562707692307692
0.12788123076923075
0.073224
0.0
-0.086784
-0.15562707692307692
-0.20652923076923077
-0.2236356923076923
-0.21028430769230766
-0.18337292307692307
-0.11891076923076922
-0.03838523076923077
0.04109723076923077
0.11557292307692307
0.16334584615384617
0.18483323076923078
0.17377661538461536
0.13393107692307693
0.07885661538461539
0.007301538461538462
-0.06571384615384615
-0.12579507692307693
-0.15270646153846154
-0.13643446153846153
-0.0974233846153846
-0.034630153846153845
0.04693846153846153
0.12829846153846153
0.20402584615384614
0.25972615384615383
0.29331323076923077
0.292896
0.2582658461538461
0.20819815384615384
0.15416676923076922
0.10076123076923077
0.04902461538461538
0.012308307692307691
-0.012308307692307691
-0.014603076923076923
0.0043809230769230765
0.03567323076923076
0.08031692307692308
0.12788123076923075
0.1696043076923077
0.19463815384615382
0.19359507692307693
0.16438892307692307
0.11536430769230768
0.06613107692307692
0.01940123076923077
-0.020027076923076922
-0.04985907692307692
-0.07343261538461537
-0.07635323076923077
-0.06821723076923077
-0.06821723076923077
-0.08824430769230769
-0.12955015384615384
-0.21904615384615383
-0.28100492307692304
-0.2670276923076923
-0.19380369230769232
-0.04693846153846153
0.11828492307692307
0.32982092307692307
0.5501187692307692
0.7314055384615383
0.8622073846153846
0.8822344615384615
0.7537273846153846
0.49984246153846157
0.21487384615384614
-0.10117846153846152
-0.37050092307692306
-0.5761956923076923
-0.7401673846153847
-0.7846024615384615
-0.7170110769230769
-0.5069353846153847
-0.22447015384615385
0.052153846153846155
0.2872633846153846
0.4470627692307692
0.5371846153846154
0.5119421538461538
0.4141015384615384
0.19568123076923075
-0.10785415384615385
-0.35631507692307696
-0.5461550769230769
-0.5968486153846153
-0.5290486153846153
-0.4026276923076923
-0.19317784615384614
-0.002712
0.1693956923076923
0.3408775384615384
0.3909452307692307
0.36027876923076924
0.25951753846153847
0.12099692307692309
0.03921969230769231
-0.02273907692307692
-0.04109723076923077
-0.052153846153846155
-0.07155507692307693
-0.06529661538461538
-0.06049846153846154
-0.03296123076923077
-0.022530461538461537
-0.03859384615384615
-0.05027630769230769
-0.07823076923076923
-0.06884307692307692
-0.04839876923076923
-0.07155507692307693
-0.08615815384615384
-0.1097316923076923
-0.11807630769230769
-0.07301538461538462
-0.012099692307692308
0.08949599999999999
0.1940123076923077
0.254928
0.2860116923076923
0.26160369230769226
0.18358153846153846
0.05590892307692308
-0.0855323076923077
-0.18107815384615383
-0.21487384615384614
-0.1777403076923077
-0.08594953846153845
0.04568676923076923
0.19526400000000002
0.3212676923076923
0.42891323076923077
0.48294461538461536
0.452904
0.38239199999999995
0.2624381538461539
0.119328
-0.018358153846153843
-0.15520984615384617
-0.25200738461538463
-0.30895938461538464
-0.3229366153846154
-0.290184
-0.22426153846153846
-0.12955015384615384
-0.02899753846153846
0.08490646153846154
0.1883796923076923
0.25930892307692305
0.28100492307692304
0.2209236923076923
0.11599015384615384
-0.015228923076923076
-0.157296
-0.2647329230769231
-0.33587076923076925
-0.36570276923076916
-0.3131316923076923
-0.20319138461538463
-0.06529661538461538
0.08302892307692307
0.20152246153846154
0.2939390769230769
0.3513083076923077
0.3642424615384615
0.3490135384615385
0.3031181538461538
0.21466523076923077
0.1070196923076923
0.006049846153846154
-0.08302892307692307
-0.14477907692307693
-0.17669723076923077
-0.21174461538461536
-0.23198030769230768
-0.2090326153846154
-0.15896492307692306
-0.078648
-0.0006258461538461538
0.06258461538461538
0.13101046153846155
0.17982646153846152
0.200688
0.19735015384615384
0.1504116923076923
0.08386338461538462
0.013351384615384614
-0.06258461538461538
-0.11995384615384615
-0.16480615384615382
-0.20110523076923076
-0.21633415384615384
-0.19505538461538463
-0.14853415384615384
-0.086784
-0.015228923076923076
0.042348923076923076
0.100344
0.15333230769230768
0.19213476923076922
0.23010276923076922
0.24846092307692308
0.23969907692307693
0.20673784615384616
0.1397723076923077
0.049233230769230765
-0.048816000000000005
-0.15687876923076924
-0.25138153846153843
-0.3077076923076923
-0.31542646153846154
-0.2647329230769231
-0.18212123076923076
-0.07364123076923076
0.053614153846153846
0.1792006153846154
0.287472
0.3452584615384615
0.347136
0.2864289230769231
0.18232984615384615
0.06529661538461538
-0.07134646153846153
-0.20381723076923075
-0.30937661538461536
-0.38301784615384615
-0.3909452307692307
-0.34233784615384616
-0.24720923076923076
-0.11286092307692308
0.021487384615384613
0.17481969230769231
0.3321156923076923
0.4593710769230769
0.5426086153846154
0.5463636923076923
0.4783550769230769
0.35568923076923076
0.19964492307692308
0.029623384615384614
-0.13601723076923075
-0.28267384615384616
-0.39866399999999996
-0.4483144615384615
-0.42599261538461536
-0.34296369230769225
-0.23135446153846154
-0.1178676923076923
-0.005841230769230769
0.09700615384615385
0.17732307692307692
0.22467876923076924
0.22676492307692306
0.16710092307692306
0.08469784615384615
0.009596307692307692
-0.05382276923076923
-0.09596307692307693
-0.14018953846153845
-0.18066092307692305
-0.1908830769230769
-0.1712732307692308
-0.12391753846153845
-0.07134646153846153
-0.03275261538461539
-0.004172307692307692
0.01272553846153846
0.025033846153846153
0.02899753846153846
0.017940923076923077
-0.006467076923076923
-0.03567323076923076
-0.04860738461538461
-0.04839876923076923
-0.0446436923076923
-0.05674338461538461
-0.09325107692307691
-0.13184492307692308
-0.16271999999999998
-0.17085599999999998
-0.16710092307692306
-0.1656406153846154
-0.1597993846153846
-0.15103753846153847
-0.12162276923076921
-0.07739630769230768
-0.030875076923076922
0.005215384615384615
0.024199384615384616
0.04526953846153846
0.07426707692307692
0.10493353846153847
0.12120553846153845
0.12016246153846154
0.11452984615384615
0.10660246153846153
0.0988836923076923
0.09074769230769231
0.07155507692307693
0.040679999999999994
0.008970461538461538
-0.004798153846153846
-0.0008344615384615384
0.005215384615384615
0.012934153846153845
0.01940123076923077
0.02545107692307692
0.04819015384615385
0.08448923076923077
0.11494707692307692
0.12996738461538462
0.13476553846153844
0.13267938461538462
0.11265230769230769
0.08177723076923075
0.03588184615384615
-0.027120000000000002
-0.09596307692307693
-0.15270646153846154
-0.1794092307692308
-0.18149538461538461
-0.1635544615384615
-0.12558646153846154
-0.05194523076923077
0.04944184615384615
0.15875630769230767
0.26139507692307695
0.3421292307692308
0.39678646153846153
0.40617415384615385
0.3836436923076923
0.3319070769230769
0.2415766153846154
0.12725538461538463
0.005841230769230769
-0.0892873846153846
-0.14394461538461537
-0.14999446153846155
-0.11974523076923077
-0.06487938461538462
0.013560000000000001
0.10368184615384615
0.19693292307692306
0.26765353846153844
0.29101846153846156
0.2601433846153846
0.18379015384615385
0.08636676923076922
-0.020027076923076922
-0.13372246153846154
-0.23218892307692307
-0.3068732307692308
-0.34651015384615386
-0.3392086153846154
-0.29602523076923076
-0.23281476923076924
-0.17565415384615385
-0.12204
-0.05799507692307692
-0.0002086153846153846
0.04652123076923077
0.06905169230769231
0.06529661538461538
0.054657230769230764
0.030875076923076922
0.007301538461538462
-0.014394461538461538
-0.04839876923076923
-0.07739630769230768
-0.08866153846153846
-0.07969107692307692
-0.051528
-0.024199384615384616
-0.0002086153846153846
0.024199384615384616
0.052571076923076915
0.09283384615384616
0.12767261538461538
0.15270646153846154
0.16438892307692307
0.15938215384615384
0.1506203076923077
0.13121907692307694
0.10764553846153846
0.07489292307692308
0.026285538461538457
-0.022947692307692308
-0.06967753846153846
-0.09804923076923076
-0.10785415384615385
-0.1070196923076923
-0.08657538461538461
-0.045895384615384616
0.0070929230769230765
0.07364123076923076
0.13893784615384613
0.18483323076923078
0.22154953846153846
0.24324553846153843
0.2574313846153846
0.25138153846153843
0.206112
0.1395636923076923
0.06696553846153847
0.0050067692307692304
-0.040054153846153843
-0.06195876923076923
-0.06487938461538462
-0.05820369230769231
-0.03400430769230769
0.005215384615384615
0.049233230769230765
0.08073415384615384
0.09471138461538461
0.0897046153846154
0.06133292307692308
0.029623384615384614
-0.01043076923076923
-0.050067692307692306
-0.08156861538461539
-0.10868861538461538
-0.11035753846153845
-0.08636676923076922
-0.04819015384615385
-0.004798153846153846
0.03400430769230769
0.06404492307692307
0.09053907692307692
0.10868861538461538
0.11953661538461538
0.10889723076923077
0.08177723076923075
0.05570030769230769
0.033169846153846154
0.03233538461538461
0.03442153846153846
0.03379569230769231
0.03859384615384615
0.04318338461538461
0.052571076923076915
0.06049846153846154
0.06154153846153846
0.05111076923076923
0.02795446153846154
0.007510153846153846
-0.01272553846153846
-0.043392
-0.07489292307692308
-0.1097316923076923
-0.1353913846153846
-0.13476553846153844
-0.12037107692307693
-0.0934596923076923
-0.06738276923076922
-0.049233230769230765
-0.033169846153846154
-0.022947692307692308
-0.014394461538461538
-0.017315076923076923
-0.02357353846153846
-0.02899753846153846
-0.03483876923076923
-0.02232184615384615
-0.0006258461538461538
0.017315076923076923
0.02753723076923077
0.03045784615384615
0.02899753846153846
0.02273907692307692
0.016063384615384615
0.008136
-0.004798153846153846
-0.015020307692307692
-0.011473846153846154
0.011473846153846154
0.04109723076923077
0.06717415384615384
0.09137353846153846
0.10681107692307691
0.10994030769230768
0.10430769230769231
0.09304246153846155
0.06946892307692307
0.03650769230769231
-0.0025033846153846152
-0.040679999999999994
-0.06571384615384615
-0.0892873846153846
-0.09784061538461537
-0.08740984615384616
-0.06362769230769232
-0.019192615384615384
0.028371692307692306
0.07531015384615385
0.11432123076923076
0.13601723076923075
0.1476996923076923
0.1368516923076923
0.100344
0.04422646153846154
-0.028163076923076923
-0.09909230769230769
-0.154584
-0.1858763076923077
-0.19526400000000002
-0.18712800000000002
-0.1691870769230769
-0.15187199999999998
-0.15354092307692307
-0.15395815384615386
-0.09867507692307692
-0.034630153846153845
0.06592246153846154
0.1942209230769231
0.2951907692307692
0.4134756923076923
0.4704276923076923
0.48690830769230764
0.4216116923076923
0.2557624615384615
0.06300184615384616
-0.15500123076923078
-0.32543999999999995
-0.5117335384615385
-0.6270978461538461
-0.6608935384615384
-0.6160412307692308
-0.4159790769230769
-0.18942276923076923
0.07510153846153846
0.31542646153846154
0.49316676923076924
0.612912
0.5976830769230769
0.48461353846153843
0.2814221538461538
0.03692492307692308
-0.2127876923076923
-0.4449766153846154
-0.6135378461538461
-0.7055372307692307
-0.6698639999999999
-0.5198695384615385
-0.2951907692307692
-0.04547815384615384
0.17544553846153846
0.376968
0.5252935384615384
0.557628923076923
0.5261279999999999
0.4383009230769231
0.3131316923076923
0.19568123076923075
0.06008123076923077
-0.07155507692307693
-0.21466523076923077
-0.3490135384615385
-0.43809230769230767
-0.48106707692307693
-0.47418276923076924
-0.42182030769230766
-0.3039526153846154
-0.13476553846153844
0.03984553846153846
0.20778092307692309
0.34504984615384615
0.4493575384615385
0.5259193846153846
0.5300916923076923
0.4866996923076923
0.41973415384615387
0.31542646153846154
0.2073636923076923
0.078648
-0.07906523076923076
-0.2075723076923077
-0.30708184615384615
-0.3669544615384615
-0.37363015384615383
-0.34358953846153845
-0.25054707692307693
-0.086784
0.12913292307692306
0.3567323076923076
0.5436516923076923
0.659016
0.6953150769230769
0.6519230769230768
0.5077698461538461
0.2789187692307692
0.02211323076923077
-0.2330233846153846
-0.4443507692307692
-0.5866264615384615
-0.6500455384615383
-0.6031070769230769
-0.4808584615384615
-0.3031181538461538
-0.07426707692307692
0.16188553846153847
0.38426953846153844
0.5588806153846154
0.656304
0.6575556923076923
0.5743181538461538
0.4255753846153846
0.23052
0.01981846153846154
-0.20548615384615385
-0.4049224615384615
-0.5340553846153846
-0.587460923076923
-0.5567944615384616
-0.4539470769230769
-0.31250584615384613
-0.12725538461538463
0.07885661538461539
0.24741784615384615
0.36319938461538465
0.3982467692307692
0.3734215384615384
0.3141747692307692
0.21862892307692305
0.11181784615384616
-0.0070929230769230765
-0.12204
-0.21091015384615383
-0.2540935384615385
-0.2517987692307692
-0.23114584615384615
-0.19317784615384614
-0.13998092307692306
-0.078648
-0.012934153846153845
0.033169846153846154
0.05674338461538461
0.06279323076923077
0.050067692307692306
0.05590892307692308
0.08115138461538463
0.10555938461538462
0.132888
0.14665661538461539
0.14978584615384616
0.1489513846153846
0.13038461538461538
0.09909230769230769
0.04380923076923077
-0.044435076923076924
-0.14394461538461537
-0.22718215384615387
-0.2734947692307692
-0.2772498461538462
-0.23761292307692305
-0.17085599999999998
-0.06717415384615384
0.06404492307692307
0.18525046153846153
0.2789187692307692
0.31688676923076925
0.29414769230769233
0.2399076923076923
0.1666836923076923
0.07677046153846154
-0.020652923076923076
-0.1316363076923077
-0.22551323076923077
-0.26765353846153844
-0.26348123076923075
-0.2154996923076923
-0.14665661538461539
-0.07510153846153846
0.003129230769230769
0.07656184615384615
0.13518276923076925
0.1639716923076923
0.1570873846153846
0.1316363076923077
0.08636676923076922
0.040054153846153843
0.003963692307692307
-0.03984553846153846
-0.07969107692307692
-0.11035753846153845
-0.10952307692307692
-0.06279323076923077
-0.006675692307692307
0.052571076923076915
0.09137353846153846
0.09846646153846153
0.09241661538461539
0.06863446153846153
0.03692492307692308
-0.0035464615384615383
-0.04985907692307692
-0.07697907692307693
-0.07092923076923077
-0.03629907692307692
0.014394461538461538
0.07259815384615384
0.127464
0.1792006153846154
0.23260615384615385
0.25471938461538457
0.22822523076923076
0.16313723076923078
0.0717636923076923
-0.0070929230769230765
-0.07364123076923076
-0.12329169230769231
-0.13872923076923074
-0.13476553846153844
-0.10243015384615384
-0.042974769230769226
0.03066646153846154
0.10910584615384614
0.17586276923076924
0.2154996923076923
0.23385784615384617
0.2221753846153846
0.18379015384615385
0.12204
0.03629907692307692
-0.053614153846153846
-0.1353913846153846
-0.19526400000000002
-0.23406646153846156
-0.2503384615384615
-0.2480436923076923
-0.2221753846153846
-0.1639716923076923
-0.08636676923076922
-0.0070929230769230765
0.061124307692307686
0.10576799999999999
0.13101046153846155
0.1422756923076923
0.13914646153846155
0.13101046153846155
0.10994030769230768
0.0855323076923077
0.0717636923076923
0.06592246153846154
0.06529661538461538
0.04526953846153846
0.008344615384615384
-0.03671630769230769
-0.08720123076923077
-0.11557292307692307
-0.13643446153846153
-0.1435273846153846
-0.12996738461538462
-0.10994030769230768
-0.06258461538461538
-0.004172307692307692
0.05736923076923077
0.11473846153846154
0.14582215384615385
0.1639716923076923
0.15792184615384616
0.12016246153846154
0.06592246153846154
-0.0033378461538461535
-0.06592246153846154
-0.11745046153846153
-0.15541846153846153
-0.16292861538461537
-0.15667015384615385
-0.13247076923076923
-0.08699261538461538
-0.02357353846153846
0.05653476923076922
0.12767261538461538
0.18796246153846152
0.21862892307692305
0.20632061538461538
0.18212123076923076
0.13747753846153846
0.07656184615384615
0.011265230769230769
-0.06571384615384615
-0.12204
-0.1504116923076923
-0.15917353846153848
-0.143736
-0.1151556923076923
-0.06946892307692307
-0.005424
0.05298830769230769
0.09596307692307693
0.12037107692307693
0.11911938461538461
0.10848000000000001
0.08761846153846153
0.061124307692307686
0.03442153846153846
-0.0018775384615384615
-0.023364923076923075
-0.03379569230769231
-0.03129230769230769
-0.022530461538461537
-0.015020307692307692
-0.005841230769230769
-0.003755076923076923
0.0002086153846153846
-0.0043809230769230765
-0.018358153846153843
-0.04693846153846153
-0.08782707692307692
-0.11974523076923077
-0.13872923076923074
-0.143736
-0.13601723076923075
-0.11578153846153846
-0.08907876923076924
-0.05590892307692308
-0.016480615384615385
0.014185846153846153
0.031918153846153846
0.02795446153846154
0.0016689230769230767
-0.03775938461538462
-0.08365476923076923
-0.13455692307692307
-0.18545907692307692
-0.22780799999999998
-0.2492953846153846
-0.23177169230769232
-0.19004861538461537
-0.12412615384615384
-0.047981538461538464
0.021904615384615383
0.08782707692307692
0.14415323076923076
0.18399876923076922
0.19568123076923075
0.1846246153846154
0.15249784615384615
0.1151556923076923
0.07656184615384615
0.03692492307692308
0.002086153846153846
-0.03045784615384615
-0.045895384615384616
-0.0448523076923077
-0.023364923076923075
0.019609846153846155
0.05862092307692307
0.09325107692307691
0.12683815384615382
0.15625292307692307
0.19067446153846154
0.21341353846153846
0.22113230769230768
0.2236356923076923
0.20798953846153845
0.18545907692307692
0.15771323076923077
0.11703323076923078
0.06383630769230769
0.005215384615384615
-0.03942830769230769
-0.06821723076923077
-0.08511507692307693
-0.09533723076923077
-0.09992676923076924
-0.09471138461538461
-0.08073415384615384
-0.056951999999999996
-0.026494153846153844
0.003963692307692307
0.032544
0.06258461538461538
0.10263876923076923
0.15208061538461537
0.19338646153846153
0.2138307692307692
0.2059033846153846
0.165432
0.10660246153846153
0.03609046153846154
-0.042974769230769226
-0.11599015384615384
-0.18483323076923078
-0.22551323076923077
-0.21967199999999998
-0.17982646153846152
-0.11578153846153846
-0.04568676923076923
0.029414769230769227
0.10681107692307691
0.1775316923076923
0.22864246153846152
0.24011630769230768
0.2157083076923077
0.1597993846153846
0.08782707692307692
0.010848
-0.06446215384615385
-0.13267938461538462
-0.18775384615384613
-0.20778092307692309
-0.19359507692307693
-0.15124615384615384
-0.09450276923076922
-0.029414769230769227
0.04109723076923077
0.103056
0.16730953846153845
0.21779446153846155
0.2399076923076923
0.23969907692307693
0.21341353846153846
0.17461107692307692
0.13121907692307694
0.07364123076923076
0.0077187692307692304
-0.05486584615384615
-0.10222153846153846
-0.12016246153846154
-0.12829846153846153
-0.12913292307692306
-0.12767261538461538
-0.132888
-0.11640738461538462
-0.0826116923076923
-0.03838523076923077
0.0002086153846153846
0.027120000000000002
0.059038153846153844
0.08615815384615384
0.11536430769230768
0.132888
0.13101046153846155
0.11348676923076922
0.07802215384615384
0.04756430769230769
0.024199384615384616
0.003129230769230769
-0.012099692307692308
-0.027328615384615382
-0.028371692307692306
-0.003963692307692307
0.02586830769230769
0.06404492307692307
0.09721476923076922
0.11974523076923077
0.14290153846153844
0.16021661538461537
0.1691870769230769
0.15395815384615386
0.10952307692307692
0.045895384615384616
-0.014811692307692307
-0.06800861538461538
-0.11202646153846153
-0.1356
-0.14728246153846153
-0.13080184615384613
-0.08156861538461539
-0.026702769230769228
0.024408000000000003
0.05674338461538461
0.05528307692307692
0.04088861538461538
0.017940923076923077
-0.017940923076923077
-0.06049846153846154
-0.10389046153846154
-0.13247076923076923
-0.111192
-0.06675692307692307
0.08490646153846154
0.25367630769230765
0.276624
0.35610646153846154
0.3721698461538462
0.3844781538461538
0.40095876923076923
0.2680707692307692
0.15187199999999998
-0.042974769230769226
-0.16021661538461537
-0.23010276923076922
-0.34296369230769225
-0.38280923076923074
-0.4606227692307692
-0.3980381538461538
-0.25951753846153847
-0.10514215384615383
0.11536430769230768
0.19735015384615384
0.29080984615384614
0.3648683076923077
0.3611132307692308
0.37425600000000003
0.24032492307692307
0.10076123076923077
-0.021904615384615383
-0.2275993846153846
-0.3062473846153846
-0.3594443076923077
-0.4036707692307692
-0.3738387692307692
-0.3805144615384615
-0.3016578461538461
-0.20944984615384615
-0.10493353846153847
0.0771876923076923
0.20256553846153844
0.3195987692307692
0.4047138461538461
0.44998338461538456
0.48106707692307693
0.38301784615384615
0.21654276923076923
0.010848
-0.21800307692307694
-0.3600701538461538
-0.4948356923076923
-0.5816196923076923
-0.5826627692307692
-0.544068923076923
-0.39657784615384617
-0.22843384615384613
-0.06800861538461538
0.1207883076923077
0.2618123076923077
0.3917796923076923
0.49003753846153847
0.497964923076923
0.4351716923076923
0.2858030769230769
0.11327815384615383
-0.06988615384615385
-0.25972615384615383
-0.4053396923076923
-0.5073526153846153
-0.5121507692307692
-0.4554073846153846
-0.3517255384615385
-0.15562707692307692
0.03963692307692308
0.23761292307692305
0.4209858461538461
0.5309261538461538
0.608531076923077
0.5978916923076923
0.5311347692307692
0.4287046153846154
0.25847446153846154
0.1097316923076923
-0.02482523076923077
-0.15416676923076922
-0.2526332307692308
-0.32898646153846156
-0.3321156923076923
-0.2707827692307692
-0.18066092307692305
-0.078648
0.009804923076923077
0.1178676923076923
0.21883753846153844
0.2791273846153846
0.31354892307692306
0.2737033846153846
0.19797599999999999
0.12850707692307692
0.040262769230769234
-0.024199384615384616
-0.08761846153846153
-0.15750461538461538
-0.1913003076923077
-0.2157083076923077
-0.2021483076923077
-0.15938215384615384
-0.12850707692307692
-0.09012184615384615
-0.051528
0.005841230769230769
0.06759138461538462
0.12537784615384615
0.19526400000000002
0.23928184615384615
0.2655673846153846
0.2540935384615385
0.19755876923076923
0.12537784615384615
0.01668923076923077
-0.09241661538461539
-0.17398523076923075
-0.2482523076923077
-0.2764153846153846
-0.26118646153846153
-0.2288510769230769
-0.1639716923076923
-0.08866153846153846
0.008136
0.11306953846153844
0.1777403076923077
0.20819815384615384
0.19442953846153843
0.1543753846153846
0.10076123076923077
0.017940923076923077
-0.065088
-0.16647507692307692
-0.25659692307692306
-0.301032
-0.3277347692307692
-0.3068732307692308
-0.26348123076923075
-0.18483323076923078
-0.05653476923076922
0.05444861538461539
0.15625292307692307
0.22467876923076924
0.24449723076923074
0.2497126153846154
0.20673784615384616
0.13476553846153844
0.05319692307692307
-0.03942830769230769
-0.09804923076923076
-0.1287156923076923
-0.12350030769230769
-0.09095630769230768
-0.053614153846153846
0.00855323076923077
0.061750153846153844
0.10827138461538462
0.15082892307692305
0.1543753846153846
0.13914646153846155
0.08699261538461538
0.016897846153846156
-0.033169846153846154
-0.07489292307692308
-0.0744756923076923
-0.059664
-0.03629907692307692
0.03024923076923077
0.10827138461538462
0.18775384615384613
0.24637476923076923
0.2674449230769231
0.2638984615384615
0.2342750769230769
0.19171753846153847
0.12850707692307692
0.04631261538461538
-0.025033846153846153
-0.07781353846153846
-0.0828203076923077
-0.050067692307692306
-0.015646153846153844
0.030875076923076922
0.07238953846153846
0.11724184615384614
0.15646153846153846
0.1639716923076923
0.15896492307692306
0.12016246153846154
0.05173661538461538
-0.008136
-0.06905169230769231
-0.11390399999999999
-0.13747753846153846
-0.14582215384615385
-0.12412615384615384
-0.09179076923076923
-0.04130584615384615
0.013768615384615384
0.05611753846153846
0.08344615384615384
0.086784
0.08699261538461538
0.07635323076923077
0.05382276923076923
0.02545107692307692
-0.017315076923076923
-0.05319692307692307
-0.07238953846153846
-0.07280676923076923
-0.05820369230769231
-0.050067692307692306
-0.052571076923076915
-0.055491692307692304
-0.04819015384615385
-0.03108369230769231
-0.01668923076923077
-0.009596307692307692
0.004798153846153846
0.03233538461538461
0.06467076923076923
0.09283384615384616
0.10681107692307691
0.100344
0.07510153846153846
0.043392
-0.0008344615384615384
-0.058829538461538454
-0.116616
-0.17169046153846151
-0.21195323076923075
-0.2207150769230769
-0.20047938461538461
-0.16292861538461537
-0.11599015384615384
-0.06321046153846153
-0.012308307692307691
0.028788923076923077
0.06675692307692307
0.09033046153846153
0.08699261538461538
0.0717636923076923
0.04568676923076923
0.015020307692307692
-0.016897846153846156
-0.061124307692307686
-0.09721476923076922
-0.11640738461538462
-0.10785415384615385
-0.07781353846153846
-0.04380923076923077
0.0006258461538461538
0.037967999999999995
0.07572738461538461
0.11160923076923077
0.13080184615384613
0.13038461538461538
0.10222153846153846
0.06592246153846154
0.027120000000000002
-0.0070929230769230765
-0.03713353846153846
-0.0717636923076923
-0.1028473846153846
-0.12120553846153845
-0.111192
-0.0853236923076923
-0.03901107692307692
0.015228923076923076
0.073224
0.13893784615384613
0.19672430769230767
0.25242461538461536
0.27620676923076926
0.26911384615384615
0.23364923076923078
0.17461107692307692
0.10910584615384614
0.031918153846153846
-0.03880246153846154
-0.09700615384615385
-0.13330523076923076
-0.13518276923076925
-0.11286092307692308
-0.08302892307692307
-0.049233230769230765
-0.014185846153846153
0.027120000000000002
0.07259815384615384
0.11181784615384616
0.13768615384615385
0.1353913846153846
0.11327815384615383
0.08156861538461539
0.05069353846153846
0.022947692307692308
-0.00855323076923077
-0.04047138461538462
-0.07092923076923077
-0.08720123076923077
-0.08657538461538461
-0.07259815384615384
-0.053614153846153846
-0.02858030769230769
-0.004798153846153846
0.028788923076923077
0.0771876923076923
0.11327815384615383
0.13184492307692308
0.12099692307692309
0.09658892307692307
0.07656184615384615
0.05653476923076922
0.037967999999999995
0.014603076923076923
-0.0033378461538461535
-0.008136
0.008970461538461538
0.042974769230769226
0.06759138461538462
0.08073415384615384
0.08824430769230769
0.09325107692307691
0.09763200000000001
0.09679753846153846
0.07009476923076922
0.04318338461538461
0.027328615384615382
0.019192615384615384
0.03483876923076923
0.050067692307692306
0.07489292307692308
0.09825784615384614
0.11807630769230769
0.15103753846153847
0.16835261538461538
0.165432
0.1435273846153846
0.09596307692307693
0.05298830769230769
0.023364923076923075
-0.0022947692307692304
-0.013142769230769229
-0.02023569230769231
-0.011891076923076923
0.012308307692307691
0.04526953846153846
0.07885661538461539
0.10076123076923077
0.11286092307692308
0.1045163076923077
0.084072
0.050067692307692306
0.0014603076923076922
-0.05507446153846154
-0.11411261538461538
-0.1585476923076923
-0.18253846153846154
-0.18983999999999998
-0.17711446153846155
-0.15291507692307693
-0.12287446153846153
-0.07572738461538461
-0.026285538461538457
0.014185846153846153
0.03692492307692308
0.043600615384615383
0.04088861538461538
0.026494153846153844
0.003963692307692307
-0.03504738461538461
-0.086784
-0.1435273846153846
-0.19213476923076922
-0.21362215384615382
-0.2207150769230769
-0.21049292307692305
-0.17982646153846152
-0.14331876923076922
-0.08198584615384615
-0.008136
0.05090215384615384
0.0963803076923077
0.12266584615384615
0.1353913846153846
0.14415323076923076
0.14331876923076922
0.1314276923076923
0.09909230769230769
0.044435076923076924
-0.008970461538461538
-0.05590892307692308
-0.09658892307692307
-0.13998092307692306
-0.18545907692307692
-0.21299630769230768
-0.21362215384615382
-0.18921415384615384
-0.15270646153846154
-0.10201292307692307
-0.04172307692307692
0.017940923076923077
0.07510153846153846
0.124752
0.1652233846153846
0.1704387692307692
0.13309661538461537
0.07656184615384615
0.010848
-0.05069353846153846
-0.11014892307692307
-0.16167692307692308
-0.18650215384615382
-0.18274707692307693
-0.14269292307692305
-0.065088
0.026494153846153844
0.12725538461538463
0.22008923076923076
0.2953993846153846
0.36904061538461536
0.40972061538461535
0.41305846153846154
0.3752990769230769
0.3016578461538461
0.21821169230769227
0.1205796923076923
0.020652923076923076
-0.06863446153846153
-0.1353913846153846
-0.17023015384615386
-0.15896492307692306
-0.09471138461538461
-0.0043809230769230765
0.078648
0.15479261538461536
0.233232
0.2912270769230769
0.29873723076923075
0.25764
0.18232984615384615
0.0892873846153846
-0.0043809230769230765
-0.08386338461538462
-0.13726892307692307
-0.173568
-0.18858830769230767
-0.17982646153846152
-0.15395815384615386
-0.1218313846153846
-0.09033046153846153
-0.052153846153846155
-0.023364923076923075
0.009179076923076922
0.047981538461538464
0.0853236923076923
0.14686523076923075
0.18191261538461537
0.29101846153846156
0.34066892307692304
0.2238443076923077
0.16501476923076921
0.016272
-0.06884307692307692
-0.12808984615384614
-0.29873723076923075
-0.37196123076923077
-0.48190153846153844
-0.4109723076923077
-0.25451076923076926
-0.16042523076923076
-0.009179076923076922
0.03212676923076923
0.17628
0.3152178461538461
0.3780110769230769
0.4309993846153846
0.254928
0.10889723076923077
-0.03942830769230769
-0.21132738461538458
-0.2540935384615385
-0.38531261538461536
-0.4080516923076923
-0.36445107692307693
-0.37613353846153846
-0.2075723076923077
-0.07656184615384615
0.059038153846153844
0.21800307692307694
0.21696000000000001
0.2399076923076923
0.1881710769230769
0.12287446153846153
0.12308307692307692
0.010848
-0.10117846153846152
-0.22300984615384614
-0.29873723076923075
-0.2641070769230769
-0.2695310769230769
-0.24700061538461537
-0.2292683076923077
-0.2008966153846154
-0.05820369230769231
0.04214030769230769
0.12558646153846154
0.1800350769230769
0.15291507692307693
0.17711446153846155
0.16480615384615382
0.12788123076923075
0.11974523076923077
0.05507446153846154
0.037967999999999995
0.04735569230769231
0.044435076923076924
0.06529661538461538
0.043392
0.03024923076923077
0.015020307692307692
-0.012934153846153845
-0.006258461538461538
0.007927384615384614
0.073224
0.11807630769230769
0.14686523076923075
0.2275993846153846
0.2561796923076923
0.2828824615384615
0.26723630769230766
0.17502830769230768
0.10138707692307691
0.0002086153846153846
-0.06195876923076923
-0.09074769230769231
-0.14957723076923077
-0.14206707692307693
-0.10910584615384614
-0.06362769230769232
0.005841230769230769
0.03650769230769231
0.0892873846153846
0.12996738461538462
0.1368516923076923
0.130176
0.08302892307692307
0.06821723076923077
0.04631261538461538
-0.004798153846153846
-0.03379569230769231
-0.10076123076923077
-0.13267938461538462
-0.1205796923076923
-0.119328
-0.053614153846153846
0.01397723076923077
0.084072
0.17315076923076922
0.19714153846153845
0.21111876923076925
0.200688
0.14686523076923075
0.10201292307692307
0.027745846153846152
-0.045060923076923075
-0.11202646153846153
-0.15562707692307692
-0.13518276923076925
-0.103056
-0.05194523076923077
-0.01272553846153846
0.008344615384615384
0.048816000000000005
0.08031692307692308
0.12329169230769231
0.13622584615384614
0.09137353846153846
0.062376
0.03692492307692308
0.0070929230769230765
-0.022530461538461537
-0.08636676923076922
-0.1218313846153846
-0.11745046153846153
-0.10889723076923077
-0.07823076923076923
-0.06926030769230769
-0.06279323076923077
-0.03504738461538461
-0.003963692307692307
0.046104
0.07426707692307692
0.08010830769230769
0.065088
0.023782153846153845
0.002086153846153846
-0.019609846153846155
-0.026702769230769228
-0.02586830769230769
-0.059664
-0.08156861538461539
-0.0880356923076923
-0.06988615384615385
-0.02482523076923077
-0.014185846153846153
-0.013768615384615384
-0.003963692307692307
0.017523692307692306
0.07051199999999999
0.103056
0.11035753846153845
0.09304246153846155
0.062376
0.06633969230769231
0.06341907692307691
0.046104
0.013560000000000001
-0.04631261538461538
-0.07510153846153846
-0.084072
-0.08699261538461538
-0.07301538461538462
-0.07134646153846153
-0.05236246153846154
-0.02044430769230769
0.017940923076923077
0.07885661538461539
0.11807630769230769
0.13643446153846153
0.13768615384615385
0.1314276923076923
0.13038461538461538
0.10722830769230769
0.06863446153846153
0.01940123076923077
-0.03358707692307692
-0.06884307692307692
-0.084072
-0.07927384615384615
-0.07051199999999999
-0.07092923076923077
-0.051528
-0.005424
0.06070707692307692
0.11807630769230769
0.14039815384615384
0.15833907692307692
0.16626646153846153
0.1597993846153846
0.14290153846153844
0.10514215384615383
0.056326153846153845
0.012099692307692308
-0.010639384615384617
-0.026911384615384615
-0.03942830769230769
-0.04130584615384615
-0.042348923076923076
-0.028371692307692306
0.009596307692307692
0.06300184615384616
0.11265230769230769
0.13434830769230768
0.13852061538461538
0.14018953846153845
0.1151556923076923
0.07197230769230768
0.017940923076923077
-0.04109723076923077
-0.08720123076923077
-0.12996738461538462
-0.14811692307692306
-0.13518276923076925
-0.1070196923076923
-0.07238953846153846
-0.03692492307692308
0.0077187692307692304
0.05298830769230769
0.08615815384615384
0.09930092307692308
0.092208
0.07697907692307693
0.052153846153846155
0.028163076923076923
0.003129230769230769
-0.030875076923076922
-0.05194523076923077
-0.06049846153846154
-0.05319692307692307
-0.029414769230769227
-0.005215384615384615
0.015020307692307692
0.04130584615384615
0.07531015384615385
0.09971815384615385
0.09700615384615385
0.07760492307692309
0.059664
0.04088861538461538
0.029832
0.017315076923076923
-0.011473846153846154
-0.04860738461538461
-0.086784
-0.11056615384615384
-0.1287156923076923
-0.13622584615384614
-0.12913292307692306
-0.11807630769230769
-0.08073415384615384
-0.03629907692307692
0.00855323076923077
0.05590892307692308
0.09074769230769231
0.11682461538461539
0.119328
0.11807630769230769
0.11244369230769231
0.09012184615384615
0.06300184615384616
0.03379569230769231
0.021904615384615383
0.02211323076923077
0.028371692307692306
0.04652123076923077
0.06425353846153846
0.07739630769230768
0.09825784615384614
0.12704676923076924
0.14582215384615385
0.1449876923076923
0.13601723076923075
0.12662953846153846
0.10848000000000001
0.07781353846153846
0.035464615384615386
-0.003963692307692307
-0.03650769230769231
-0.06279323076923077
-0.06800861538461538
-0.07113784615384615
-0.08177723076923075
-0.09471138461538461
-0.11265230769230769
-0.11828492307692307
-0.10535076923076922
-0.08887015384615385
-0.07113784615384615
-0.05069353846153846
-0.01856676923076923
0.025659692307692307
0.06654830769230768
0.09241661538461539
0.09533723076923077
0.07426707692307692
0.03483876923076923
-0.014603076923076923
-0.07009476923076922
-0.1341396923076923
-0.19881046153846152
-0.235944
-0.2426196923076923
-0.21049292307692305
-0.1422756923076923
-0.06738276923076922
0.02044430769230769
0.09846646153846153
0.17732307692307692
0.24574892307692306
0.26118646153846153
0.23761292307692305
0.14978584615384616
0.03629907692307692
-0.06967753846153846
-0.17377661538461536
-0.2480436923076923
-0.30207507692307695
-0.31646953846153847
-0.2757895384615385
-0.184416
-0.05403138461538461
0.07551876923076924
0.18504184615384617
0.2641070769230769
0.3133403076923077
0.32982092307692307
0.2891409230769231
0.20193969230769232
0.09095630769230768
-0.03024923076923077
-0.12204
-0.17023015384615386
-0.1869193846153846
-0.16271999999999998
-0.10910584615384614
-0.03045784615384615
0.07134646153846153
0.165432
0.2342750769230769
0.2601433846153846
0.238656
0.18858830769230767
0.1136953846153846
0.02858030769230769
-0.058829538461538454
-0.14707384615384617
-0.20965846153846154
-0.23281476923076924
-0.21675138461538462
-0.17648861538461538
-0.12642092307692307
-0.07468430769230769
-0.024616615384615383
0.026494153846153844
0.056951999999999996
0.06696553846153847
0.056951999999999996
0.029414769230769227
0.013560000000000001
0.007510153846153846
0.004172307692307692
0.010222153846153844
0.014394461538461538
0.016897846153846156
0.020652923076923076
0.018775384615384614
0.011682461538461537
-0.017732307692307693
-0.06300184615384616
-0.09763200000000001
-0.11140061538461538
-0.10076123076923077
-0.07551876923076924
-0.037342153846153844
0.013768615384615384
0.07781353846153846
0.15604430769230768
0.21904615384615383
0.24595753846153845
0.23114584615384615
0.17002153846153847
0.07614461538461538
-0.03942830769230769
-0.15646153846153846
-0.2582658461538461
-0.33983446153846153
-0.37237846153846155
-0.3473446153846154
-0.26118646153846153
-0.13351384615384615
0.006884307692307692
0.14749107692307692
0.26911384615384615
0.3577753846153846
0.39324
0.3642424615384615
0.2722430769230769
0.15208061538461537
0.02899753846153846
-0.09471138461538461
-0.19797599999999999
-0.2674449230769231
-0.301032
-0.2814221538461538
-0.21028430769230766
-0.0934596923076923
0.042348923076923076
0.16021661538461537
0.2540935384615385
0.314592
0.33983446153846153
0.32314523076923074
0.2626467692307692
0.1635544615384615
0.04985907692307692
-0.05674338461538461
-0.14582215384615385
-0.200688
-0.22405292307692307
-0.22154953846153846
-0.18337292307692307
-0.11286092307692308
-0.02211323076923077
0.07739630769230768
0.14603076923076924
0.18629353846153843
0.20339999999999997
0.19192615384615386
0.16981292307692308
0.12329169230769231
0.07051199999999999
0.029414769230769227
-0.007510153846153846
-0.01940123076923077
-0.01856676923076923
-0.01981846153846154
-0.019192615384615384
-0.01981846153846154
-0.006467076923076923
0.0077187692307692304
0.0077187692307692304
-0.01043076923076923
-0.04756430769230769
-0.08469784615384615
-0.11828492307692307
-0.14582215384615385
-0.1783661538461538
-0.20381723076923075
-0.15687876923076924
-0.06362769230769232
0.07384984615384615
0.24199384615384617
0.3721698461538462
0.4906633846153846
0.5480326153846153
0.557628923076923
0.4948356923076923
0.3437981538461538
0.16000799999999998
-0.05507446153846154
-0.20652923076923077
-0.36340799999999995
-0.44622830769230765
-0.4303735384615384
-0.376968
-0.18545907692307692
0.014811692307692307
0.25951753846153847
0.4971304615384615
0.6508799999999999
0.7639495384615383
0.7153421538461538
0.5772387692307692
0.37321292307692305
0.11432123076923076
-0.12788123076923075
-0.36445107692307693
-0.5108990769230769
-0.5601323076923077
-0.51528
-0.3510996923076923
-0.15500123076923078
0.05528307692307692
0.22947692307692308
0.33524492307692305
0.4174393846153846
0.37717661538461533
0.2559710769230769
0.11327815384615383
-0.06133292307692308
-0.16167692307692308
-0.2426196923076923
-0.3004061538461538
-0.30583015384615386
-0.31041969230769234
-0.2641070769230769
-0.20339999999999997
-0.1489513846153846
-0.092208
-0.06154153846153846
-0.022530461538461537
0.0014603076923076922
0.015228923076923076
0.03150092307692308
0.014185846153846153
0.024199384615384616
0.04985907692307692
0.08177723076923075
0.14477907692307693
0.18629353846153843
0.21800307692307694
0.21904615384615383
0.15562707692307692
0.07468430769230769
-0.040679999999999994
-0.17669723076923077
-0.2864289230769231
-0.38572984615384615
-0.4086775384615385
-0.34651015384615386
-0.21925476923076925
-0.029414769230769227
0.14415323076923076
0.31062830769230765
0.444768
0.5202867692307692
0.5290486153846153
0.4353803076923077
0.3004061538461538
0.1368516923076923
-0.04088861538461538
-0.18316430769230768
-0.30562153846153844
-0.3780110769230769
-0.3896935384615384
-0.34880492307692307
-0.23385784615384617
-0.09679753846153846
0.05236246153846154
0.21341353846153846
0.33607938461538456
0.41493599999999997
0.43287692307692305
0.3884418461538462
0.29352184615384613
0.15374953846153847
0.0016689230769230767
-0.13935507692307691
-0.23239753846153846
-0.2626467692307692
-0.25972615384615383
-0.2073636923076923
-0.11724184615384614
-0.016480615384615385
0.0974233846153846
0.16188553846153847
0.1733593846153846
0.14665661538461539
0.073224
0.007301538461538462
-0.06738276923076922
-0.1462393846153846
-0.18942276923076923
-0.21362215384615382
-0.1860849230769231
-0.11870215384615385
-0.04401784615384615
0.03337846153846154
0.07635323076923077
0.10493353846153847
0.11849353846153846
0.103056
0.05862092307692307
-0.02858030769230769
-0.11035753846153845
-0.1792006153846154
-0.2292683076923077
-0.22864246153846152
-0.21195323076923075
-0.17023015384615386
-0.09074769230769231
0.0029206153846153843
0.111192
0.19192615384615386
0.2273907692307692
0.22530461538461538
0.16188553846153847
0.06154153846153846
-0.05820369230769231
-0.1873366153846154
-0.29227015384615385
-0.37425600000000003
-0.40283630769230766
-0.3692492307692308
-0.28768061538461537
-0.157296
-0.030875076923076922
0.08448923076923077
0.18712800000000002
0.25242461538461536
0.2914356923076923
0.273912
0.20715507692307691
0.124752
0.027328615384615382
-0.037342153846153844
-0.07927384615384615
-0.10827138461538462
-0.09158215384615384
-0.04672984615384615
0.03379569230769231
0.12683815384615382
0.19630707692307692
0.2436627692307692
0.24679199999999998
0.22655630769230767
0.18629353846153843
0.11411261538461538
0.04526953846153846
-0.02524246153846154
-0.08845292307692308
-0.12433476923076923
-0.13038461538461538
-0.09450276923076922
-0.040054153846153843
0.02482523076923077
0.09763200000000001
0.14999446153846155
0.1873366153846154
0.19442953846153843
0.16271999999999998
0.0961716923076923
0.0025033846153846152
-0.0771876923076923
-0.14185846153846154
-0.18483323076923078
-0.19693292307692306
-0.18399876923076922
-0.13643446153846153
-0.06258461538461538
0.019192615384615384
0.09387692307692307
0.13455692307692307
0.15562707692307692
0.16480615384615382
0.14749107692307692
0.11974523076923077
0.06049846153846154
-0.007301538461538462
-0.06341907692307691
-0.10952307692307692
-0.11640738461538462
-0.116616
-0.10389046153846154
-0.06821723076923077
-0.03024923076923077
0.014811692307692307
0.03775938461538462
0.037342153846153844
0.01981846153846154
-0.020027076923076922
-0.05716061538461538
-0.09179076923076923
-0.11494707692307692
-0.10764553846153846
-0.08115138461538463
-0.028788923076923077
0.043600615384615383
0.11140061538461538
0.16167692307692308
0.17461107692307692
0.15270646153846154
0.09930092307692308
0.02044430769230769
-0.06133292307692308
-0.1422756923076923
-0.20861538461538462
-0.2426196923076923
-0.23615261538461538
-0.1794092307692308
-0.08302892307692307
0.03233538461538461
0.14457046153846154
0.23907323076923076
0.3054129230769231
0.3243969230769231
0.2897667692307692
0.20694646153846152
0.08511507692307693
-0.04380923076923077
-0.157296
-0.25513661538461535
-0.3156350769230769
-0.33357600000000004
-0.31041969230769234
-0.24074215384615386
-0.14519630769230768
-0.029414769230769227
0.08010830769230769
0.1635544615384615
0.2221753846153846
0.24199384615384617
0.23364923076923078
0.19338646153846153
0.13393107692307693
0.06738276923076922
-0.005424
-0.06133292307692308
-0.10514215384615383
-0.12642092307692307
-0.12621230769230768
-0.11348676923076922
-0.07948246153846153
-0.026494153846153844
0.03775938461538462
0.10117846153846152
0.14999446153846155
0.192552
0.2342750769230769
0.26535876923076923
0.2795446153846154
0.265776
0.2290596923076923
0.17502830769230768
0.11849353846153846
0.06738276923076922
0.018775384615384614
-0.028163076923076923
-0.07280676923076923
-0.10076123076923077
-0.10159569230769232
-0.07760492307692309
-0.03880246153846154
0.009179076923076922
0.065088
0.13184492307692308
0.2008966153846154
0.24992123076923078
0.2707827692307692
0.26494153846153845
0.23385784615384617
0.1867107692307692
0.12496061538461539
0.05382276923076923
-0.01814953846153846
-0.084072
-0.130176
-0.14853415384615384
-0.14060676923076923
-0.10159569230769232
-0.052153846153846155
-0.004589538461538461
0.04902461538461538
0.09450276923076922
0.1316363076923077
0.15145476923076923
0.13893784615384613
0.10201292307692307
0.06800861538461538
0.03650769230769231
-0.010848
-0.05653476923076922
-0.09763200000000001
-0.13101046153846155
-0.14102399999999998
-0.14018953846153845
-0.11828492307692307
-0.09429415384615383
-0.08365476923076923
-0.056951999999999996
-0.023364923076923075
0.02023569230769231
0.05048492307692308
0.05778646153846154
0.06926030769230769
0.07092923076923077
0.07051199999999999
0.07551876923076924
0.07593599999999999
0.07823076923076923
0.078648
0.08219446153846154
0.09658892307692307
0.10117846153846152
0.09304246153846155
0.06759138461538462
0.02273907692307692
-0.013768615384615384
-0.04380923076923077
-0.06967753846153846
-0.0880356923076923
-0.1028473846153846
-0.0880356923076923
-0.04693846153846153
0.015020307692307692
0.09012184615384615
0.143736
0.18504184615384617
0.21925476923076925
0.24908676923076922
0.25284184615384614
0.20444307692307692
0.124752
0.02586830769230769
-0.06383630769230769
-0.13267938461538462
-0.1829556923076923
-0.20673784615384616
-0.20632061538461538
-0.17481969230769231
-0.10368184615384615
-0.007510153846153846
0.09512861538461538
0.17648861538461538
0.23218892307692307
0.2795446153846154
0.2995716923076923
0.28955815384615385
0.23531815384615382
0.14436184615384615
0.03275261538461539
-0.08782707692307692
-0.18399876923076922
-0.25972615384615383
-0.31104553846153843
-0.3375396923076923
-0.32043323076923075
-0.25200738461538463
-0.15124615384615384
-0.042974769230769226
0.05194523076923077
0.12516923076923075
0.1712732307692308
0.200688
0.20027076923076922
0.16584923076923075
0.09784061538461537
0.008344615384615384
-0.08302892307692307
-0.16793538461538463
-0.23198030769230768
-0.27620676923076926
-0.2943563076923077
-0.28267384615384616
-0.2415766153846154
-0.17315076923076922
-0.09575446153846154
-0.03129230769230769
0.014811692307692307
0.047772923076923074
0.08365476923076923
0.12329169230769231
0.14728246153846153
0.15479261538461536
0.13330523076923076
0.09763200000000001
0.06446215384615385
0.019609846153846155
-0.03337846153846154
-0.09763200000000001
-0.15249784615384615
-0.18337292307692307
-0.18754523076923074
-0.15187199999999998
-0.08824430769230769
-0.011265230769230769
0.07301538461538462
0.16000799999999998
0.235944
0.26494153846153845
0.2436627692307692
0.18232984615384615
0.09784061538461537
0.02482523076923077
-0.037342153846153844
-0.08031692307692308
-0.10117846153846152
-0.09763200000000001
-0.05611753846153846
0.010013538461538461
0.09283384615384616
0.1704387692307692
0.22175815384615383
0.24846092307692308
0.25346769230769234
0.238656
0.19672430769230767
0.12496061538461539
0.035464615384615386
-0.05319692307692307
-0.12621230769230768
-0.17315076923076922
-0.19588984615384614
-0.20131384615384615
-0.18545907692307692
-0.13643446153846153
-0.05173661538461538
0.051319384615384614
0.14290153846153844
0.1923433846153846
0.19630707692307692
0.16981292307692308
0.11411261538461538
0.03942830769230769
-0.06321046153846153
-0.16856123076923077
-0.2572227692307692
-0.33315876923076926
-0.3412947692307692
-0.3004061538461538
-0.21612553846153845
-0.11348676923076922
-0.01981846153846154
0.07969107692307692
0.19046584615384615
0.2707827692307692
0.39324
0.48628246153846155
0.3277347692307692
0.2154996923076923
0.07697907692307693
-0.09930092307692308
-0.1151556923076923
-0.3275261538461538
-0.533220923076923
-0.665483076923077
-0.693228923076923
-0.45603323076923075
-0.27704123076923076
-0.06988615384615385
0.06133292307692308
0.2225926153846154
0.519660923076923
0.6690295384615385
0.7831421538461538
0.6235513846153846
0.35568923076923076
0.19004861538461537
-0.0717636923076923
-0.19463815384615382
-0.3819747692307692
-0.5870436923076923
-0.5834972307692308
-0.6417009230769231
-0.48607384615384613
-0.23010276923076922
-0.07384984615384615
0.21800307692307694
0.35193415384615384
0.42891323076923077
0.5430258461538462
0.5240418461538462
0.5513704615384615
0.4547815384615384
0.24032492307692307
0.048816000000000005
-0.16897846153846155
-0.249504
-0.3316984615384615
-0.44268184615384615
-0.4950443076923077
-0.539688
-0.40012430769230767
-0.22801661538461537
-0.11223507692307692
0.047772923076923074
0.12204
0.2422024615384615
0.38531261538461536
0.3907366153846154
0.39741230769230773
0.32085046153846153
0.19693292307692306
0.1476996923076923
0.03150092307692308
-0.078648
-0.18191261538461537
-0.29873723076923075
-0.3383741538461538
-0.35318584615384613
-0.32377107692307694
-0.2517987692307692
-0.1218313846153846
0.03150092307692308
0.1449876923076923
0.31125415384615385
0.4374664615384615
0.5050578461538461
0.5517876923076923
0.452904
0.32335384615384616
0.18545907692307692
-0.008970461538461538
-0.14957723076923077
-0.3060387692307692
-0.41994276923076923
-0.4320424615384615
-0.417648
-0.3152178461538461
-0.20047938461538461
-0.0717636923076923
0.12266584615384615
0.2822566153846154
0.3942830769230769
0.4182738461538461
0.40387938461538464
0.37967999999999996
0.2730775384615384
0.154584
-0.021070153846153846
-0.20486030769230767
-0.2722430769230769
-0.32564861538461537
-0.3060387692307692
-0.21862892307692305
-0.15833907692307692
-0.021278769230769233
0.10263876923076923
0.18650215384615382
0.27975323076923075
0.2845513846153846
0.26681907692307694
0.2194633846153846
0.1316363076923077
0.042974769230769226
-0.05653476923076922
-0.10368184615384615
-0.1314276923076923
-0.12808984615384614
-0.10055261538461538
-0.09158215384615384
-0.026702769230769228
0.03421292307692308
0.08010830769230769
0.132888
0.11432123076923076
0.10389046153846154
0.11140061538461538
0.08991323076923076
0.07656184615384615
0.018983999999999997
-0.040262769230769234
-0.03838523076923077
-0.03024923076923077
-0.008344615384615384
0.0008344615384615384
-0.0029206153846153843
0.017523692307692306
0.030875076923076922
0.05528307692307692
0.06362769230769232
0.04547815384615384
0.03379569230769231
-0.008970461538461538
-0.027745846153846152
-0.03337846153846154
-0.043392
-0.002712
-0.005841230769230769
-0.02086153846153846
-0.010848
-0.02211323076923077
0.01981846153846154
0.03713353846153846
-0.012308307692307691
-0.04985907692307692
-0.08720123076923077
-0.08073415384615384
-0.047772923076923074
-0.03901107692307692
-0.02795446153846154
-0.013768615384615384
0.03504738461538461
0.10597661538461538
0.1639716923076923
0.19463815384615382
0.17523692307692307
0.15771323076923077
0.1449876923076923
0.11995384615384615
0.10117846153846152
0.058412307692307694
0.02044430769230769
0.00855323076923077
0.006258461538461538
0.054657230769230764
0.12016246153846154
0.15813046153846153
0.1794092307692308
0.16710092307692306
0.16271999999999998
0.17148184615384612
0.15938215384615384
0.11682461538461539
0.030875076923076922
-0.05486584615384615
-0.11035753846153845
-0.12558646153846154
-0.11953661538461538
-0.12934153846153845
-0.1316363076923077
-0.10722830769230769
-0.04672984615384615
0.03650769230769231
0.07614461538461538
0.08156861538461539
0.08740984615384616
0.08156861538461539
0.09199938461538461
0.08448923076923077
0.0448523076923077
0.013351384615384614
-0.02023569230769231
-0.023364923076923075
-0.0043809230769230765
0.011056615384615385
0.026911384615384615
0.032544
0.046104
0.06717415384615384
0.08991323076923076
0.10472492307692308
0.09179076923076923
0.07009476923076922
0.04130584615384615
0.013142769230769229
0.009596307692307692
0.0022947692307692304
-0.007301538461538462
-0.00855323076923077
-0.00855323076923077
0.018983999999999997
0.04839876923076923
0.06008123076923077
0.054657230769230764
0.012934153846153845
-0.03024923076923077
-0.06300184615384616
-0.09512861538461538
-0.12037107692307693
-0.15187199999999998
-0.1612596923076923
-0.1341396923076923
-0.08198584615384615
-0.016480615384615385
0.03609046153846154
0.08636676923076922
0.1178676923076923
0.1136953846153846
0.09950953846153845
0.05382276923076923
-0.023364923076923075
-0.09992676923076924
-0.1792006153846154
-0.23448369230769228
-0.2618123076923077
-0.2689052307692308
-0.2357353846153846
-0.17419384615384614
-0.0880356923076923
0.006467076923076923
0.08761846153846153
0.14957723076923077
0.18066092307692305
0.17461107692307692
0.1395636923076923
0.09116492307692307
0.03400430769230769
-0.03400430769230769
-0.09241661538461539
-0.13247076923076923
-0.1462393846153846
-0.119328
-0.07969107692307692
-0.023364923076923075
0.04965046153846154
0.12662953846153846
0.21195323076923075
0.2753723076923077
0.3054129230769231
0.2997803076923077
0.25471938461538457
0.1940123076923077
0.12037107692307693
0.03483876923076923
-0.05590892307692308
-0.132888
-0.15917353846153848
-0.14999446153846155
-0.11432123076923076
-0.052153846153846155
0.008344615384615384
0.06863446153846153
0.12120553846153845
0.14749107692307692
0.14603076923076924
0.10994030769230768
0.053614153846153846
-0.0002086153846153846
-0.059872615384615385
-0.11557292307692307
-0.15646153846153846
-0.19609846153846153
-0.21195323076923075
-0.19609846153846153
-0.16897846153846155
-0.12996738461538462
-0.08720123076923077
-0.04860738461538461
-0.0025033846153846152
0.03984553846153846
0.07051199999999999
0.09387692307692307
0.10222153846153846
0.10159569230769232
0.09450276923076922
0.0974233846153846
0.09179076923076923
0.08094276923076923
0.07614461538461538
0.054240000000000003
0.03713353846153846
0.01272553846153846
-0.013768615384615384
-0.03212676923076923
-0.04631261538461538
-0.05111076923076923
-0.053614153846153846
-0.051319384615384614
-0.0448523076923077
-0.03233538461538461
-0.02023569230769231
0.0002086153846153846
0.017523692307692306
0.02858030769230769
0.03400430769230769
0.02232184615384615
0.0029206153846153843
-0.025659692307692307
-0.052571076923076915
-0.09074769230769231
-0.14269292307692305
-0.19463815384615382
-0.23364923076923078
-0.2330233846153846
-0.2073636923076923
-0.16418030769230768
-0.09471138461538461
-0.019192615384615384
0.06863446153846153
0.16292861538461537
0.22488738461538463
0.24887815384615386
0.24199384615384617
0.2138307692307692
0.17461107692307692
0.12621230769230768
0.055491692307692304
-0.01856676923076923
-0.07656184615384615
-0.1205796923076923
-0.13038461538461538
-0.11578153846153846
-0.08428061538461538
-0.026702769230769228
0.031709538461538456
0.10201292307692307
0.18545907692307692
0.24324553846153843
0.2803790769230769
0.2855944615384615
0.25471938461538457
0.20861538461538462
0.13706030769230768
0.046104
-0.05048492307692308
-0.14665661538461539
-0.21842030769230766
-0.2517987692307692
-0.2415766153846154
-0.19317784615384614
-0.13351384615384615
-0.05757784615384615
0.03504738461538461
0.132888
0.22154953846153846
0.26619323076923074
0.2582658461538461
0.20548615384615385
0.1314276923076923
0.05382276923076923
-0.021487384615384613
-0.08761846153846153
-0.14311015384615386
-0.173568
-0.17252492307692308
-0.15896492307692306
-0.1341396923076923
-0.09825784615384614
-0.07259815384615384
-0.040054153846153843
-0.003963692307692307
0.02482523076923077
0.04547815384615384
0.047772923076923074
0.051319384615384614
0.049233230769230765
0.054657230769230764
0.06571384615384615
0.06404492307692307
0.05236246153846154
0.02273907692307692
-0.0004172307692307692
-0.006467076923076923
-0.013768615384615384
-0.02586830769230769
-0.04276615384615385
-0.05382276923076923
-0.043392
-0.017940923076923077
0.011473846153846154
0.028163076923076923
0.03108369230769231
0.03066646153846154
0.04568676923076923
0.06341907692307691
0.058412307692307694
0.03921969230769231
0.013560000000000001
-0.0004172307692307692
0.0035464615384615383
0.024408000000000003
0.04380923076923077
0.051528
0.06425353846153846
0.0853236923076923
0.10994030769230768
0.1178676923076923
0.10806276923076923
0.08094276923076923
0.03713353846153846
-0.0014603076923076922
-0.040054153846153843
-0.07510153846153846
-0.11160923076923077
-0.14665661538461539
-0.1422756923076923
-0.09179076923076923
0.008136
0.12996738461538462
0.23510953846153848
0.314592
0.35339446153846155
0.3642424615384615
0.34692738461538464
0.2695310769230769
0.1531236923076923
0.008344615384615384
-0.13247076923076923
-0.23072861538461537
-0.2916443076923077
-0.30290953846153845
-0.2851772307692308
-0.22530461538461538
-0.14185846153846154
-0.04214030769230769
0.05653476923076922
0.111192
0.11974523076923077
0.06800861538461538
0.007301538461538462
-0.0448523076923077
-0.05048492307692308
-0.021487384615384613
0.10681107692307691
0.1908830769230769
0.22822523076923076
0.3746732307692308
0.42265476923076917
0.4983821538461538
0.4622916923076923
0.29039261538461536
0.092208
-0.20298276923076922
-0.3863556923076923
-0.615624
-0.8056726153846153
-0.8968375384615385
-0.9066424615384615
-0.6596418461538461
-0.3571495384615384
0.05194523076923077
0.466464
0.7593599999999999
1.0589316923076924
1.1793027692307692
1.1548947692307692
0.9706873846153845
0.5638873846153847
0.15208061538461537
-0.3277347692307692
-0.7683304615384615
-1.0028141538461537
-1.1582326153846154
-1.0964824615384614
-0.9005926153846153
-0.6316873846153847
-0.23364923076923078
0.13768615384615385
0.5411483076923076
0.8778535384615384
1.062060923076923
1.1346590769230769
1.0357753846153845
0.8415544615384615
0.540731076923077
0.11745046153846153
-0.2981113846153846
-0.698027076923077
-0.9867507692307691
-1.1142147692307691
-1.1582326153846154
-1.0380701538461539
-0.8079673846153845
-0.5052664615384616
-0.12496061538461539
0.20632061538461538
0.508812923076923
0.7691649230769231
0.9287556923076923
1.0297255384615385
1.0140793846153846
0.8839033846153846
0.6684036923076923
0.3648683076923077
0.03337846153846154
-0.32627446153846157
-0.6569298461538461
-0.9137353846153845
-1.0660246153846153
-1.0672763076923077
-0.9690184615384615
-0.7347433846153846
-0.35860984615384617
0.06821723076923077
0.5403138461538461
0.9585876923076923
1.257324923076923
1.4315187692307692
1.412326153846154
1.2477286153846154
0.9302159999999999
0.48461353846153843
0.0035464615384615383
-0.49358399999999997
-0.9229144615384615
-1.2395926153846153
-1.4002264615384614
-1.3599636923076923
-1.1523913846153846
-0.7969107692307692
-0.3440067692307692
0.16710092307692306
0.7047027692307691
1.1517655384615384
1.445496
1.5514726153846154
1.4248430769230769
1.1496793846153845
0.7489292307692308
0.24491446153846153
-0.2478350769230769
-0.7147163076923077
-1.060392
-1.2327083076923075
-1.2585766153846154
-1.1069132307692306
-0.8259083076923076
-0.4414301538461538
0.006049846153846154
0.4472713846153846
0.8359218461538461
1.1008633846153846
1.2364633846153845
1.2324996923076923
1.0802104615384616
0.8123483076923077
0.44038707692307694
0.04193169230769231
-0.33295015384615384
-0.6615193846153845
-0.8782707692307692
-0.9950953846153846
-1.0067778461538461
-0.8930824615384616
-0.6951064615384615
-0.4318338461538461
-0.12913292307692306
0.16230276923076925
0.4222375384615385
0.6187532307692307
0.7193058461538461
0.7301538461538462
0.6519230769230768
0.508812923076923
0.31250584615384613
0.07384984615384615
-0.16626646153846153
-0.3863556923076923
-0.5670166153846153
-0.7113784615384615
-0.7967021538461538
-0.8017089230769231
-0.7424621538461539
-0.599352
-0.4080516923076923
-0.21111876923076925
0.010848
0.22634769230769228
0.4318338461538461
0.6137464615384616
0.709500923076923
0.7316141538461538
0.6690295384615385
0.5273796923076923
0.34233784615384616
0.11703323076923078
-0.11745046153846153
-0.3379569230769231
-0.5086043076923077
-0.5995606153846154
-0.6116603076923077
-0.5384363076923077
-0.40679999999999994
-0.23656984615384613
-0.028163076923076923
0.1792006153846154
0.3750904615384615
0.5252935384615384
0.599352
0.6072793846153846
0.5311347692307692
0.40992923076923077
0.2659846153846154
0.09429415384615383
-0.07948246153846153
-0.241368
-0.35235138461538457
-0.3880246153846154
-0.36319938461538465
-0.2912270769230769
-0.208824
-0.12496061538461539
-0.03567323076923076
0.04568676923076923
0.11807630769230769
0.146448
0.13622584615384614
0.11202646153846153
0.08490646153846154
0.07551876923076924
0.06279323076923077
0.050067692307692306
0.047772923076923074
0.03692492307692308
0.03337846153846154
0.026494153846153844
-0.0043809230769230765
-0.03275261538461539
-0.07489292307692308
-0.11140061538461538
-0.1218313846153846
-0.12558646153846154
-0.10618523076923077
-0.08094276923076923
-0.03713353846153846
0.03296123076923077
0.12391753846153845
0.225096
0.28768061538461537
0.29581661538461534
0.2605606153846154
0.19296923076923078
0.10889723076923077
0.008344615384615384
-0.10263876923076923
-0.20965846153846154
-0.30708184615384615
-0.3648683076923077
-0.3615304615384615
-0.31250584615384613
-0.2342750769230769
-0.1353913846153846
-0.026076923076923077
0.09137353846153846
0.19568123076923075
0.26348123076923075
0.2845513846153846
0.26306399999999996
0.20798953846153845
0.12642092307692307
0.03671630769230769
-0.05945538461538461
-0.14561353846153846
-0.20277415384615383
-0.23010276923076922
-0.22175815384615383
-0.18191261538461537
-0.13622584615384614
-0.08991323076923076
-0.04214030769230769
-0.005215384615384615
0.01856676923076923
0.020027076923076922
0.017732307692307693
0.028788923076923077
0.0448523076923077
0.07489292307692308
0.11953661538461538
0.16209415384615386
0.18504184615384617
0.18921415384615384
0.18775384615384613
0.1718990769230769
0.124752
0.04568676923076923
-0.05069353846153846
-0.14582215384615385
-0.22676492307692306
-0.2799618461538461
-0.2943563076923077
-0.28017046153846153
-0.22697353846153845
-0.13247076923076923
-0.006258461538461538
0.13080184615384613
0.2342750769230769
0.2981113846153846
0.31772123076923076
0.29456492307692306
0.23156307692307693
0.11765907692307691
-0.022947692307692308
-0.16209415384615386
-0.28392553846153845
-0.3617390769230769
-0.3873987692307692
-0.3673716923076923
-0.30833353846153844
-0.21487384615384614
-0.08115138461538463
0.06863446153846153
0.20715507692307691
0.31125415384615385
0.3617390769230769
0.37425600000000003
0.344424
0.2734947692307692
0.1710646153846154
0.03296123076923077
-0.10827138461538462
-0.21716861538461538
-0.2730775384615384
-0.27412061538461535
-0.23072861538461537
-0.14978584615384616
-0.041514461538461535
0.06842584615384616
0.17023015384615386
0.23969907692307693
0.25951753846153847
0.24408
0.19568123076923075
0.14018953846153845
0.084072
0.034630153846153845
-0.004798153846153846
-0.037342153846153844
-0.041514461538461535
-0.02044430769230769
0.01814953846153846
0.05778646153846154
0.0744756923076923
0.06613107692307692
0.04568676923076923
0.015646153846153844
-0.013560000000000001
-0.03713353846153846
-0.061124307692307686
-0.06654830769230768
-0.04819015384615385
0.004172307692307692
0.08052553846153847
0.1597993846153846
0.2288510769230769
0.2776670769230769
0.31500923076923076
0.3252313846153846
0.29414769230769233
0.22467876923076924
0.11432123076923076
-0.010639384615384617
-0.11390399999999999
-0.18921415384615384
-0.2273907692307692
-0.2292683076923077
-0.19380369230769232
-0.10618523076923077
0.012099692307692308
0.14311015384615386
0.27412061538461535
0.3707095384615384
0.43287692307692305
0.4453938461538462
0.40095876923076923
0.30979384615384614
0.17085599999999998
0.02086153846153846
-0.12391753846153845
-0.23782153846153845
-0.30416123076923074
-0.32231076923076923
-0.2943563076923077
-0.23844738461538462
-0.15270646153846154
-0.053614153846153846
0.03442153846153846
0.09909230769230769
0.13372246153846154
0.13455692307692307
0.11953661538461538
0.08761846153846153
0.0446436923076923
0.015020307692307692
-0.017523692307692306
-0.03129230769230769
-0.030040615384615384
-0.024616615384615383
-0.017940923076923077
-0.03442153846153846
-0.05611753846153846
-0.07426707692307692
-0.08386338461538462
-0.0853236923076923
-0.08344615384615384
-0.07238953846153846
-0.04631261538461538
-0.0018775384615384615
0.05778646153846154
0.1207883076923077
0.1706473846153846
0.19672430769230767
0.1977673846153846
0.18107815384615383
0.12955015384615384
0.04756430769230769
-0.05674338461538461
-0.1718990769230769
-0.26723630769230766
-0.33295015384615384
-0.3473446153846154
-0.3141747692307692
-0.24637476923076923
-0.14686523076923075
-0.024199384615384616
0.10868861538461538
0.22280123076923075
0.29227015384615385
0.3031181538461538
0.2572227692307692
0.16710092307692306
0.05277969230769231
-0.073224
-0.1923433846153846
-0.2832996923076923
-0.3210590769230769
-0.2870547692307692
-0.1994363076923077
-0.07781353846153846
0.04902461538461538
0.16730953846153845
0.2655673846153846
0.31688676923076925
0.3216849230769231
0.27558092307692306
0.18379015384615385
0.07009476923076922
-0.02524246153846154
-0.08720123076923077
-0.10910584615384614
-0.08302892307692307
-0.01981846153846154
0.07927384615384615
0.19964492307692308
0.31125415384615385
0.38948492307692306
0.41493599999999997
0.3798886153846154
0.2995716923076923
0.17899199999999998
0.04214030769230769
-0.08720123076923077
-0.1990190769230769
-0.268488
-0.28121353846153846
-0.22405292307692307
-0.1151556923076923
0.016272
0.15228923076923076
0.27453784615384613
0.36382523076923073
0.40095876923076923
0.3738387692307692
0.2845513846153846
0.1489513846153846
-0.016063384615384615
-0.1706473846153846
-0.292896
-0.3707095384615384
-0.3949089230769231
-0.3748818461538461
-0.2943563076923077
-0.18399876923076922
-0.08866153846153846
-0.0016689230769230767
0.07614461538461538
0.1476996923076923
0.20277415384615383
0.21967199999999998
0.19609846153846153
0.15667015384615385
0.11807630769230769
0.13476553846153844
0.18337292307692307
0.10681107692307691
0.013351384615384614
-0.06884307692307692
-0.12579507692307693
-0.0717636923076923
-0.16480615384615382
-0.26932246153846157
-0.3611132307692308
-0.4182738461538461
-0.2774584615384615
-0.20965846153846154
-0.11202646153846153
-0.05778646153846154
0.016897846153846156
0.2207150769230769
0.2993630769230769
0.3924055384615385
0.3248141538461538
0.14957723076923077
0.02753723076923077
-0.19547261538461536
-0.3031181538461538
-0.4337113846153846
-0.5636787692307692
-0.5244590769230769
-0.5336381538461539
-0.40700861538461536
-0.2075723076923077
-0.0448523076923077
0.21842030769230766
0.33962584615384617
0.4109723076923077
0.4852393846153846
0.4508178461538461
0.46354338461538463
0.3542289230769231
0.15646153846153846
-0.025033846153846153
-0.21758584615384616
-0.2643156923076923
-0.29227015384615385
-0.33065538461538463
-0.3087507692307692
-0.27787569230769227
-0.12412615384615384
0.05924676923076923
0.18796246153846152
0.29915446153846154
0.3054129230769231
0.3323243076923077
0.3665372307692307
0.3116713846153846
0.26869661538461537
0.16856123076923077
0.05382276923076923
-0.01668923076923077
-0.12412615384615384
-0.18900553846153845
-0.25451076923076926
-0.32377107692307694
-0.3225193846153846
-0.3114627692307692
-0.2422024615384615
-0.132888
-0.011473846153846154
0.11265230769230769
0.18983999999999998
0.2680707692307692
0.3141747692307692
0.32731753846153844
0.3179298461538461
0.22008923076923076
0.12204
0.03609046153846154
-0.058412307692307694
-0.11807630769230769
-0.2075723076923077
-0.260352
-0.26348123076923075
-0.2557624615384615
-0.1913003076923077
-0.13455692307692307
-0.04693846153846153
0.0744756923076923
0.1712732307692308
0.2540935384615385
0.2695310769230769
0.2568055384615385
0.24282830769230768
0.18379015384615385
0.10576799999999999
-0.008344615384615384
-0.12245723076923076
-0.18086953846153844
-0.23823876923076923
-0.25951753846153847
-0.24595753846153845
-0.22029784615384615
-0.12600369230769232
-0.027328615384615382
0.06216738461538462
0.15917353846153848
0.22447015384615385
0.2776670769230769
0.28809784615384615
0.25430215384615384
0.1992276923076923
0.1178676923076923
0.04985907692307692
-0.01272553846153846
-0.06279323076923077
-0.09784061538461537
-0.1356
-0.119328
-0.06592246153846154
-0.009596307692307692
0.05611753846153846
0.08761846153846153
0.13247076923076923
0.18712800000000002
0.20819815384615384
0.21800307692307694
0.16292861538461537
0.08991323076923076
0.043392
-0.006049846153846154
-0.04401784615384615
-0.10743692307692307
-0.1777403076923077
-0.20444307692307692
-0.2090326153846154
-0.16793538461538463
-0.111192
-0.05757784615384615
0.011891076923076923
0.04965046153846154
0.10347323076923076
0.15813046153846153
0.17961784615384613
0.19797599999999999
0.15291507692307693
0.08428061538461538
0.02899753846153846
-0.03296123076923077
-0.04109723076923077
-0.05757784615384615
-0.09325107692307691
-0.09053907692307692
-0.07677046153846154
-0.015020307692307692
0.053405538461538456
0.08177723076923075
0.09596307692307693
0.07927384615384615
0.07468430769230769
0.07259815384615384
0.04172307692307692
0.007301538461538462
-0.05590892307692308
-0.09512861538461538
-0.0963803076923077
-0.10117846153846152
-0.0826116923076923
-0.07656184615384615
-0.06154153846153846
-0.021070153846153846
0.011682461538461537
0.07072061538461538
0.11390399999999999
0.12934153846153845
0.12642092307692307
0.1070196923076923
0.10243015384615384
0.0974233846153846
0.08574092307692306
0.048816000000000005
-0.0002086153846153846
-0.027328615384615382
-0.026285538461538457
0.0035464615384615383
0.03859384615384615
0.05444861538461539
0.062376
0.07384984615384615
0.09012184615384615
0.092208
0.05069353846153846
0.0043809230769230765
-0.02586830769230769
-0.043392
-0.027328615384615382
-0.015020307692307692
-0.013768615384615384
0.0014603076923076922
0.01668923076923077
0.034630153846153845
0.040679999999999994
0.022947692307692308
-0.005215384615384615
-0.042348923076923076
-0.06884307692307692
-0.08386338461538462
-0.09283384615384616
-0.09575446153846154
-0.0974233846153846
-0.07197230769230768
-0.029623384615384614
0.021696
0.08469784615384615
0.138312
0.18545907692307692
0.21654276923076923
0.21862892307692305
0.20173107692307693
0.1652233846153846
0.11181784615384616
0.042348923076923076
-0.040679999999999994
-0.09909230769230769
-0.1353913846153846
-0.15354092307692307
-0.1435273846153846
-0.12433476923076923
-0.0826116923076923
-0.03692492307692308
-0.0016689230769230767
0.032544
0.051319384615384614
0.06446215384615385
0.06195876923076923
0.042348923076923076
0.013351384615384614
-0.034630153846153845
-0.06383630769230769
-0.06633969230769231
-0.059872615384615385
-0.0446436923076923
-0.04693846153846153
-0.05444861538461539
-0.04944184615384615
-0.04380923076923077
-0.027745846153846152
-0.01856676923076923
-0.0077187692307692304
0.030040615384615384
0.0853236923076923
0.16271999999999998
0.2357353846153846
0.292896
0.33524492307692305
0.3521427692307692
0.3558978461538462
0.3214763076923077
0.24282830769230768
0.13267938461538462
0.0018775384615384615
-0.11223507692307692
-0.19797599999999999
-0.23907323076923076
-0.22488738461538463
-0.1691870769230769
-0.07092923076923077
0.04965046153846154
0.17461107692307692
0.28768061538461537
0.35339446153846155
0.3659113846153846
0.32961230769230765
0.249504
0.13455692307692307
-0.0035464615384615383
-0.14457046153846154
-0.2628553846153846
-0.33607938461538456
-0.35276861538461535
-0.3131316923076923
-0.2357353846153846
-0.14144123076923076
-0.03421292307692308
0.0892873846153846
0.2138307692307692
0.31354892307692306
0.3573581538461538
0.33566215384615383
0.25659692307692306
0.14394461538461537
0.01940123076923077
-0.11807630769230769
-0.2526332307692308
-0.35610646153846154
-0.3949089230769231
-0.37550769230769226
-0.3179298461538461
-0.23177169230769232
-0.13852061538461538
-0.05048492307692308
0.017940923076923077
0.0678
0.0855323076923077
0.06446215384615385
0.010222153846153844
-0.06154153846153846
-0.11473846153846154
-0.14707384615384617
-0.14936861538461538
-0.1287156923076923
-0.08845292307692308
-0.03233538461538461
0.01940123076923077
0.06967753846153846
0.09450276923076922
0.07948246153846153
0.034630153846153845
-0.015228923076923076
-0.053405538461538456
-0.08177723076923075
-0.09387692307692307
-0.09971815384615385
-0.09053907692307692
-0.042974769230769226
0.03650769230769231
0.12266584615384615
0.1802436923076923
0.200688
0.19755876923076923
0.17023015384615386
0.12350030769230769
0.05486584615384615
-0.03337846153846154
-0.12224861538461537
-0.1990190769230769
-0.238656
-0.23615261538461538
-0.20819815384615384
-0.15270646153846154
-0.07092923076923077
0.03212676923076923
0.13622584615384614
0.2157083076923077
0.2582658461538461
0.2618123076923077
0.23385784615384617
0.18754523076923074
0.12808984615384614
0.05799507692307692
-0.009804923076923077
-0.07468430769230769
-0.11619876923076923
-0.11703323076923078
-0.08574092307692306
-0.03609046153846154
0.012308307692307691
0.06613107692307692
0.119328
0.16647507692307692
0.20235692307692305
0.20506892307692307
0.18316430769230768
0.1489513846153846
0.11181784615384616
0.08031692307692308
0.045895384615384616
0.007510153846153846
-0.03567323076923076
-0.07739630769230768
-0.09241661538461539
-0.08907876923076924
-0.08010830769230769
-0.08156861538461539
-0.09283384615384616
-0.08761846153846153
-0.0826116923076923
-0.07259815384615384
-0.058412307692307694
-0.05736923076923077
-0.051528
-0.040054153846153843
-0.017523692307692306
0.007301538461538462
0.02545107692307692
0.04526953846153846
0.06571384615384615
0.08887015384615385
0.11557292307692307
0.12621230769230768
0.10868861538461538
0.06487938461538462
0.0014603076923076922
-0.04860738461538461
-0.09387692307692307
-0.1316363076923077
-0.15291507692307693
-0.16105107692307694
-0.13372246153846154
-0.0826116923076923
-0.0077187692307692304
0.06571384615384615
0.10743692307692307
0.13184492307692308
0.13226215384615383
0.11745046153846153
0.08115138461538463
0.009387692307692307
-0.0771876923076923
-0.15813046153846153
-0.21007569230769232
-0.2238443076923077
-0.21153599999999997
-0.1794092307692308
-0.13080184615384613
-0.05674338461538461
0.04088861538461538
0.14519630769230768
0.23615261538461538
0.29039261538461536
0.30416123076923074
0.28350830769230767
0.2399076923076923
0.1779489230769231
0.1028473846153846
0.02545107692307692
-0.03984553846153846
-0.07280676923076923
-0.08010830769230769
-0.059038153846153844
-0.029414769230769227
-0.001043076923076923
0.03233538461538461
0.06487938461538462
0.0988836923076923
0.116616
0.12287446153846153
0.11619876923076923
0.09825784615384614
0.0855323076923077
0.07551876923076924
0.07092923076923077
0.05716061538461538
0.026494153846153844
-0.0004172307692307692
-0.014603076923076923
-0.021696
-0.024199384615384616
-0.03379569230769231
-0.04526953846153846
-0.062376
-0.08782707692307692
-0.11160923076923077
-0.14978584615384616
-0.1612596923076923
-0.11348676923076922
-0.016063384615384615
0.1368516923076923
0.28204799999999997
0.4036707692307692
0.5063095384615385
0.5595064615384615
0.5753612307692307
0.5008855384615384
0.347136
0.13872923076923074
-0.07113784615384615
-0.24616615384615384
-0.4245323076923077
-0.5094387692307691
-0.5553341538461538
-0.5090215384615385
-0.3442153846153846
-0.16084246153846155
0.07343261538461537
0.2540935384615385
0.4047138461538461
0.49546153846153845
0.4587452307692308
0.3609046153846154
0.1733593846153846
-0.03921969230769231
-0.25284184615384614
-0.45311261538461534
-0.5584633846153846
-0.5899643076923077
-0.5015113846153846
-0.32314523076923074
-0.12391753846153845
0.0936683076923077
0.2618123076923077
0.4007501538461538
0.47939815384615386
0.4376750769230769
0.347136
0.20861538461538462
0.08031692307692308
-0.002086153846153846
-0.09012184615384615
-0.14018953846153845
-0.1666836923076923
-0.15270646153846154
-0.09763200000000001
-0.05194523076923077
-0.010013538461538461
0.014603076923076923
0.03379569230769231
0.05820369230769231
0.062376
0.05277969230769231
0.021070153846153846
-0.012099692307692308
-0.015020307692307692
-0.018983999999999997
0.006049846153846154
0.05382276923076923
0.10639384615384614
0.18212123076923076
0.22780799999999998
0.23761292307692305
0.22342707692307692
0.1570873846153846
0.06926030769230769
-0.037342153846153844
-0.14394461538461537
-0.1990190769230769
-0.20402584615384614
-0.143736
-0.04819015384615385
0.05736923076923077
0.17231630769230769
0.27182584615384614
0.3502652307692307
0.36611999999999995
0.30249230769230767
0.20673784615384616
0.0880356923076923
-0.027120000000000002
-0.13789476923076924
-0.24741784615384615
-0.30854215384615385
-0.3333673846153846
-0.3081249230769231
-0.2374043076923077
-0.15354092307692307
-0.0448523076923077
0.05820369230769231
0.14123261538461537
0.19881046153846152
0.2138307692307692
0.1948467692307692
0.13789476923076924
0.05528307692307692
-0.03692492307692308
-0.1289243076923077
-0.1881710769230769
-0.21091015384615383
-0.19025723076923076
-0.1218313846153846
-0.03859384615384615
0.06404492307692307
0.16063384615384615
0.21696000000000001
0.23239753846153846
0.1913003076923077
0.12516923076923075
0.04672984615384615
-0.043392
-0.11974523076923077
-0.1869193846153846
-0.22801661538461537
-0.22634769230769228
-0.1829556923076923
-0.10389046153846154
-0.03692492307692308
0.02273907692307692
0.08490646153846154
0.1314276923076923
0.15208061538461537
0.1205796923076923
0.062376
-0.013142769230769229
-0.09804923076923076
-0.16042523076923076
-0.2059033846153846
-0.2355267692307692
-0.2355267692307692
-0.19797599999999999
-0.12370892307692308
-0.03129230769230769
0.054240000000000003
0.12725538461538463
0.18086953846153844
0.19505538461538463
0.16438892307692307
0.10263876923076923
0.024408000000000003
-0.047772923076923074
-0.10493353846153847
-0.1504116923076923
-0.16480615384615382
-0.13872923076923074
-0.09199938461538461
-0.037342153846153844
0.013768615384615384
0.049233230769230765
0.07510153846153846
0.0853236923076923
0.06800861538461538
0.03296123076923077
-0.018983999999999997
-0.06028984615384615
-0.07218092307692307
-0.07009476923076922
-0.04839876923076923
-0.005841230769230769
0.052153846153846155
0.11202646153846153
0.14936861538461538
0.143736
0.10994030769230768
0.05820369230769231
-0.0012516923076923076
-0.06404492307692307
-0.12391753846153845
-0.15562707692307692
-0.15750461538461538
-0.11891076923076922
-0.05611753846153846
0.030040615384615384
0.13768615384615385
0.22405292307692307
0.3062473846153846
0.3648683076923077
0.36632861538461536
0.3314898461538462
0.24637476923076923
0.12850707692307692
0.0016689230769230767
-0.1314276923076923
-0.23969907692307693
-0.31188
-0.33670523076923076
-0.29873723076923075
-0.20965846153846154
-0.07259815384615384
0.0798996923076923
0.21174461538461536
0.30061476923076924
0.3269003076923077
0.3148006153846154
0.249504
0.14749107692307692
0.02211323076923077
-0.11953661538461538
-0.21925476923076925
-0.27704123076923076
-0.2768326153846154
-0.2207150769230769
-0.13184492307692308
-0.00855323076923077
0.12725538461538463
0.2588916923076923
0.347136
0.3652855384615385
0.32210215384615387
0.2290596923076923
0.11911938461538461
-0.0008344615384615384
-0.10994030769230768
-0.1923433846153846
-0.24595753846153845
-0.23761292307692305
-0.18149538461538461
-0.08782707692307692
0.02357353846153846
0.116616
0.18963138461538462
0.23531815384615382
0.24720923076923076
0.22175815384615383
0.15145476923076923
0.045060923076923075
-0.06863446153846153
-0.1718990769230769
-0.2415766153846154
-0.2730775384615384
-0.2707827692307692
-0.23406646153846156
-0.1666836923076923
-0.056951999999999996
0.06487938461538462
0.17315076923076922
0.2532590769230769
0.2722430769230769
0.25138153846153843
0.19380369230769232
0.10472492307692308
0.009804923076923077
-0.09700615384615385
-0.18900553846153845
-0.23803015384615384
-0.23490092307692306
-0.1842073846153846
-0.10952307692307692
-0.024616615384615383
0.06154153846153846
0.14164984615384615
0.20423446153846153
0.233232
0.21862892307692305
0.16313723076923078
0.08469784615384615
0.012308307692307691
-0.04860738461538461
-0.0880356923076923
-0.10743692307692307
-0.10514215384615383
-0.06967753846153846
-0.018983999999999997
0.04652123076923077
0.10430769230769231
0.13247076923076923
0.13852061538461538
0.12621230769230768
0.10514215384615383
0.08031692307692308
0.04214030769230769
0.0043809230769230765
-0.027745846153846152
-0.037967999999999995
-0.014603076923076923
0.017315076923076923
0.04965046153846154
0.051528
0.041514461538461535
0.03421292307692308
0.024199384615384616
0.009804923076923077
-0.03650769230769231
-0.09450276923076922
-0.154584
-0.19505538461538463
-0.20027076923076922
-0.18629353846153843
-0.15416676923076922
-0.1151556923076923
-0.06800861538461538
-0.006675692307692307
0.05298830769230769
0.09575446153846154
0.10055261538461538
0.06946892307692307
0.02858030769230769
-0.019609846153846155
-0.06613107692307692
-0.11452984615384615
-0.16084246153846155
-0.17648861538461538
-0.16292861538461537
-0.11557292307692307
-0.04965046153846154
0.01397723076923077
0.07384984615384615
0.12537784615384615
0.17002153846153847
0.19067446153846154
0.1802436923076923
0.1570873846153846
0.11682461538461539
0.08135999999999999
0.061750153846153844
0.043392
0.03880246153846154
0.032544
0.03108369230769231
0.044435076923076924
0.06070707692307692
0.07197230769230768
0.06842584615384616
0.05298830769230769
0.03483876923076923
0.020652923076923076
0.008136
0.0022947692307692304
0.0022947692307692304
0.011056615384615385
0.029623384615384614
0.06195876923076923
0.100344
0.12642092307692307
0.1341396923076923
0.12537784615384615
0.11056615384615384
0.09199938461538461
0.06070707692307692
0.020027076923076922
-0.02273907692307692
-0.05298830769230769
-0.05507446153846154
-0.03629907692307692
-0.009179076923076922
0.018775384615384614
0.056951999999999996
0.11494707692307692
0.17544553846153846
0.22154953846153846
0.2374043076923077
0.22405292307692307
0.1856676923076923
0.1356
0.08219446153846154
0.019192615384615384
-0.051319384615384614
-0.12266584615384615
-0.16292861538461537
-0.16042523076923076
-0.11724184615384614
-0.054657230769230764
0.012099692307692308
0.08323753846153846
0.1449876923076923
0.19755876923076923
0.22467876923076924
0.21696000000000001
0.17732307692307692
0.1151556923076923
0.05319692307692307
-0.0012516923076923076
-0.054240000000000003
-0.10347323076923076
-0.14874276923076923
-0.17961784615384613
-0.18316430769230768
-0.16584923076923075
-0.1397723076923077
-0.11724184615384614
-0.09116492307692307
-0.06446215384615385
-0.03358707692307692
0.006258461538461538
0.032544
0.03838523076923077
0.021070153846153846
-0.009387692307692307
-0.03650769230769231
-0.07051199999999999
-0.10889723076923077
-0.14457046153846154
-0.17273353846153844
-0.17669723076923077
-0.15646153846153846
-0.11140061538461538
-0.054240000000000003
-0.009387692307692307
0.03775938461538462
0.08720123076923077
0.138312
0.17711446153846155
0.1842073846153846
0.1760713846153846
0.14311015384615386
0.10514215384615383
0.06905169230769231
0.029414769230769227
-0.0029206153846153843
-0.03358707692307692
-0.054240000000000003
-0.05736923076923077
-0.05403138461538461
-0.050067692307692306
-0.042557538461538466
-0.040054153846153843
-0.028371692307692306
-0.007301538461538462
0.012099692307692308
0.021904615384615383
0.013768615384615384
0.0016689230769230767
-0.005632615384615384
-0.0077187692307692304
-0.013351384615384614
-0.03129230769230769
-0.05048492307692308
-0.06321046153846153
-0.06675692307692307
-0.06195876923076923
-0.06070707692307692
-0.05194523076923077
-0.03337846153846154
-0.014811692307692307
0.016480615384615385
0.0446436923076923
0.06154153846153846
0.078648
0.08636676923076922
0.10076123076923077
0.10722830769230769
0.09450276923076922
0.07572738461538461
0.042557538461538466
0.011891076923076923
-0.007301538461538462
-0.015020307692307692
-0.008344615384615384
0.006049846153846154
0.026494153846153844
0.04693846153846153
0.05382276923076923
0.054657230769230764
0.027328615384615382
0.0025033846153846152
-0.02899753846153846
-0.07113784615384615
-0.07823076923076923
-0.09679753846153846
-0.06216738461538462
-0.016272
0.10722830769230769
0.22342707692307692
0.20402584615384614
0.2438713846153846
0.1992276923076923
0.1691870769230769
0.12662953846153846
-0.03984553846153846
-0.1656406153846154
-0.33315876923076926
-0.36674584615384614
-0.3314898461538462
-0.31751261538461534
-0.2275993846153846
-0.16856123076923077
0.0035464615384615383
0.21049292307692305
0.37050092307692306
0.5092301538461538
0.48064984615384615
0.4118067692307692
0.29748553846153847
0.11578153846153846
-0.03504738461538461
-0.24554030769230767
-0.39344861538461534
-0.47313969230769226
-0.5461550769230769
-0.45269538461538456
-0.3081249230769231
-0.116616
0.11473846153846154
0.25117292307692307
0.3844781538461538
0.45603323076923075
0.48023261538461537
0.5008855384615384
0.4026276923076923
0.25284184615384614
0.08177723076923075
-0.06696553846153847
-0.13309661538461537
-0.2194633846153846
-0.2814221538461538
-0.3102110769230769
-0.30186646153846153
-0.19463815384615382
-0.08344615384615384
0.024408000000000003
0.13309661538461537
0.2059033846153846
0.2837169230769231
0.3156350769230769
0.2872633846153846
0.24679199999999998
0.15187199999999998
0.07551876923076924
0.030040615384615384
-0.033169846153846154
-0.07364123076923076
-0.13184492307692308
-0.18128676923076922
-0.22280123076923075
-0.2643156923076923
-0.2626467692307692
-0.23406646153846156
-0.16063384615384615
-0.09095630769230768
-0.026285538461538457
0.08824430769230769
0.19317784615384614
0.2926873846153846
0.3594443076923077
0.35631507692307696
0.3327415384615385
0.25930892307692305
0.17002153846153847
0.0717636923076923
-0.07051199999999999
-0.17315076923076922
-0.24011630769230768
-0.26932246153846157
-0.2526332307692308
-0.21654276923076923
-0.12621230769230768
0.0006258461538461538
0.1341396923076923
0.2582658461538461
0.34651015384615386
0.40972061538461535
0.43287692307692305
0.37738523076923075
0.26869661538461537
0.10931446153846153
-0.06946892307692307
-0.22405292307692307
-0.36611999999999995
-0.4383009230769231
-0.4493575384615385
-0.40930338461538457
-0.2926873846153846
-0.17231630769230769
-0.03379569230769231
0.11098338461538461
0.22008923076923076
0.2985286153846154
0.2999889230769231
0.24992123076923078
0.15604430769230768
0.03838523076923077
-0.05820369230769231
-0.15145476923076923
-0.21925476923076925
-0.2563883076923077
-0.2509643076923077
-0.18232984615384615
-0.08991323076923076
0.02545107692307692
0.13476553846153844
0.21049292307692305
0.28768061538461537
0.3387913846153846
0.34046030769230773
0.2830910769230769
0.16730953846153845
0.05674338461538461
-0.03400430769230769
-0.10722830769230769
-0.15354092307692307
-0.18525046153846153
-0.1908830769230769
-0.16438892307692307
-0.11265230769230769
-0.03629907692307692
0.03504738461538461
0.08594953846153845
0.11035753846153845
0.10076123076923077
0.086784
0.06154153846153846
0.026285538461538457
-0.012099692307692308
-0.07760492307692309
-0.12955015384615384
-0.14916
-0.138312
-0.09784061538461537
-0.07593599999999999
-0.06717415384615384
-0.04318338461538461
-0.0070929230769230765
0.040054153846153843
0.06654830769230768
0.05945538461538461
0.04276615384615385
0.03150092307692308
0.04652123076923077
0.05924676923076923
0.06258461538461538
0.06195876923076923
0.04985907692307692
0.05277969230769231
0.05277969230769231
0.04380923076923077
0.01856676923076923
-0.015020307692307692
-0.026494153846153844
-0.024199384615384616
0.0
0.03692492307692308
0.07405846153846153
0.10347323076923076
0.11619876923076923
0.14060676923076923
0.17231630769230769
0.18858830769230767
0.18504184615384617
0.15354092307692307
0.10952307692307692
0.056951999999999996
0.0006258461538461538
-0.037342153846153844
-0.07051199999999999
-0.09721476923076922
-0.09700615384615385
-0.06696553846153847
-0.017732307692307693
0.022530461538461537
0.04693846153846153
0.07510153846153846
0.10117846153846152
0.12391753846153845
0.1341396923076923
0.11035753846153845
0.06946892307692307
0.019609846153846155
-0.02357353846153846
-0.058829538461538454
-0.10347323076923076
-0.13998092307692306
-0.16292861538461537
-0.157296
-0.12016246153846154
-0.06926030769230769
-0.011682461538461537
0.03692492307692308
0.07426707692307692
0.10243015384615384
0.11870215384615385
0.10994030769230768
0.07843938461538462
0.037967999999999995
0.0022947692307692304
-0.020652923076923076
-0.029414769230769227
-0.013142769230769229
0.0077187692307692304
0.023782153846153845
0.042348923076923076
0.053405538461538456
0.051528
0.03066646153846154
0.0008344615384615384
-0.03233538461538461
-0.059664
-0.07593599999999999
-0.09658892307692307
-0.10764553846153846
-0.10597661538461538
-0.09241661538461539
-0.061750153846153844
-0.03379569230769231
-0.02586830769230769
-0.04193169230769231
-0.07280676923076923
-0.09763200000000001
-0.11140061538461538
-0.1178676923076923
-0.11807630769230769
-0.11891076923076922
-0.11432123076923076
-0.0892873846153846
-0.042557538461538466
0.0016689230769230767
0.03024923076923077
0.051319384615384614
0.06341907692307691
0.073224
0.08511507692307693
0.09429415384615383
0.10222153846153846
0.10555938461538462
0.11432123076923076
0.13455692307692307
0.15124615384615384
0.15604430769230768
0.14311015384615386
0.12808984615384614
0.12037107692307693
0.1151556923076923
0.119328
0.1207883076923077
0.11306953846153844
0.10159569230769232
0.09283384615384616
0.0936683076923077
0.08887015384615385
0.07343261538461537
0.06279323076923077
0.06049846153846154
0.06571384615384615
0.06633969230769231
0.04380923076923077
-0.002712
-0.05757784615384615
-0.11160923076923077
-0.15416676923076922
-0.1794092307692308
-0.19067446153846154
-0.1869193846153846
-0.1696043076923077
-0.12120553846153845
-0.047981538461538464
0.02211323076923077
0.08219446153846154
0.12224861538461537
0.1358086153846154
0.12245723076923076
0.08511507692307693
0.02357353846153846
-0.05924676923076923
-0.1316363076923077
-0.1706473846153846
-0.17169046153846151
-0.13309661538461537
-0.07697907692307693
-0.008136
0.06946892307692307
0.14290153846153844
0.2021483076923077
0.23281476923076924
0.21988061538461537
0.1721076923076923
0.10681107692307691
0.031709538461538456
-0.03129230769230769
-0.08887015384615385
-0.1368516923076923
-0.15270646153846154
-0.13601723076923075
-0.07927384615384615
-0.006675692307692307
0.06216738461538462
0.1316363076923077
0.18170399999999998
0.22134092307692307
0.2330233846153846
0.20986707692307693
0.1570873846153846
0.06487938461538462
-0.02899753846153846
-0.10639384615384614
-0.15667015384615385
-0.1721076923076923
-0.16480615384615382
-0.12808984615384614
-0.065088
0.013560000000000001
0.10764553846153846
0.18796246153846152
0.2509643076923077
0.290184
0.2970683076923077
0.2807963076923077
0.2225926153846154
0.13080184615384613
0.021487384615384613
-0.08386338461538462
-0.1639716923076923
-0.21028430769230766
-0.21716861538461538
-0.19797599999999999
-0.15249784615384615
-0.06988615384615385
0.027120000000000002
0.11640738461538462
0.18483323076923078
0.2205064615384615
0.22634769230769228
0.20673784615384616
0.1775316923076923
0.13518276923076925
0.07134646153846153
-0.0002086153846153846
-0.06842584615384616
-0.12308307692307692
-0.15896492307692306
-0.1777403076923077
-0.1794092307692308
-0.173568
-0.14164984615384615
-0.0826116923076923
-0.016897846153846156
0.051319384615384614
0.09512861538461538
0.12308307692307692
0.13706030769230768
0.12725538461538463
0.10430769230769231
0.049233230769230765
-0.034630153846153845
-0.12579507692307693
-0.21007569230769232
-0.2716172307692308
-0.3102110769230769
-0.32961230769230765
-0.3252313846153846
-0.2953993846153846
-0.23218892307692307
-0.13914646153846155
-0.03713353846153846
0.05090215384615384
0.11682461538461539
0.16689230769230767
0.19359507692307693
0.20110523076923076
0.18358153846153846
0.13267938461538462
0.061124307692307686
-0.010639384615384617
-0.0717636923076923
-0.1178676923076923
-0.14749107692307692
-0.1639716923076923
-0.1558356923076923
-0.12099692307692309
-0.05090215384615384
0.041514461538461535
0.12975876923076923
0.20548615384615385
0.25764
0.29748553846153847
0.3131316923076923
0.28768061538461537
0.2275993846153846
0.12537784615384615
0.012308307692307691
-0.084072
-0.15833907692307692
-0.2090326153846154
-0.2411593846153846
-0.24345415384615382
-0.19735015384615384
-0.10430769230769231
0.009804923076923077
0.12704676923076924
0.22196676923076922
0.2943563076923077
0.3314898461538462
0.3269003076923077
0.2858030769230769
0.19192615384615386
0.0678
-0.06592246153846154
-0.17023015384615386
-0.23218892307692307
-0.24428861538461538
-0.20778092307692309
-0.1353913846153846
-0.029623384615384614
0.08907876923076924
0.21758584615384616
0.3212676923076923
0.37613353846153846
0.37884553846153846
0.3291950769230769
0.24679199999999998
0.14749107692307692
0.03421292307692308
-0.08782707692307692
-0.19359507692307693
-0.2517987692307692
-0.2572227692307692
-0.22342707692307692
-0.16209415384615386
-0.09679753846153846
-0.019609846153846155
0.06654830769230768
0.15520984615384617
0.21633415384615384
0.22280123076923075
0.19463815384615382
0.13998092307692306
0.10243015384615384
0.06279323076923077
0.1205796923076923
0.10931446153846153
-0.009387692307692307
-0.01710646153846154
-0.08720123076923077
-0.044435076923076924
-0.03045784615384615
-0.12621230769230768
-0.16418030769230768
-0.2695310769230769
-0.1792006153846154
-0.07531015384615385
-0.026494153846153844
0.04276615384615385
0.0077187692307692304
0.11181784615384616
0.20193969230769232
0.2659846153846154
0.28663753846153844
0.11306953846153844
0.013351384615384614
-0.09491999999999999
-0.16710092307692306
-0.15687876923076924
-0.25555384615384613
-0.2532590769230769
-0.2415766153846154
-0.23510953846153848
-0.07739630769230768
-0.0018775384615384615
0.09554584615384615
0.1846246153846154
0.17252492307692308
0.20798953846153845
0.1666836923076923
0.13518276923076925
0.10827138461538462
-0.0070929230769230765
-0.09491999999999999
-0.19004861538461537
-0.2157083076923077
-0.19046584615384615
-0.21696000000000001
-0.21007569230769232
-0.2205064615384615
-0.18212123076923076
-0.06487938461538462
-0.014811692307692307
0.034630153846153845
0.051319384615384614
0.040262769230769234
0.08845292307692308
0.0880356923076923
0.07009476923076922
0.05507446153846154
0.008344615384615384
0.026702769230769228
0.05570030769230769
0.06404492307692307
0.061124307692307686
0.01043076923076923
-0.021696
-0.05090215384615384
-0.06967753846153846
-0.06905169230769231
-0.07030338461538461
-0.019192615384615384
0.014185846153846153
0.05069353846153846
0.11724184615384614
0.1316363076923077
0.1704387692307692
0.19317784615384614
0.18399876923076922
0.19714153846153845
0.16689230769230767
0.15145476923076923
0.12308307692307692
0.05716061538461538
0.03755076923076923
0.0006258461538461538
-0.04693846153846153
-0.10138707692307691
-0.16167692307692308
-0.15500123076923078
-0.12162276923076921
-0.073224
-0.030040615384615384
0.006675692307692307
0.08907876923076924
0.15541846153846153
0.19651569230769228
0.20548615384615385
0.13622584615384614
0.08177723076923075
0.03692492307692308
-0.011891076923076923
-0.011473846153846154
-0.028163076923076923
-0.030040615384615384
-0.009804923076923077
-0.013351384615384614
0.011265230769230769
0.03421292307692308
0.04193169230769231
0.05194523076923077
0.04672984615384615
0.059038153846153844
0.07072061538461538
0.0936683076923077
0.13226215384615383
0.154584
0.1867107692307692
0.1779489230769231
0.14811692307692306
0.11411261538461538
0.04652123076923077
0.011891076923076923
-0.023990769230769232
-0.06404492307692307
-0.05820369230769231
-0.05444861538461539
-0.052153846153846155
-0.05444861538461539
-0.06717415384615384
-0.04380923076923077
-0.010013538461538461
0.008344615384615384
0.023364923076923075
0.017940923076923077
0.012934153846153845
0.015646153846153844
0.02545107692307692
0.037967999999999995
0.02357353846153846
0.0077187692307692304
-0.020027076923076922
-0.05590892307692308
-0.08094276923076923
-0.11578153846153846
-0.11557292307692307
-0.09930092307692308
-0.09137353846153846
-0.06341907692307691
-0.042348923076923076
-0.0043809230769230765
0.05298830769230769
0.08761846153846153
0.10576799999999999
0.10889723076923077
0.11035753846153845
0.12266584615384615
0.12808984615384614
0.11557292307692307
0.07259815384615384
0.019192615384615384
-0.021904615384615383
-0.06404492307692307
-0.09950953846153845
-0.1422756923076923
-0.1883796923076923
-0.208824
-0.20652923076923077
-0.16626646153846153
-0.103056
-0.026494153846153844
0.06070707692307692
0.12496061538461539
0.17315076923076922
0.20673784615384616
0.20673784615384616
0.16251138461538459
0.0717636923076923
-0.02524246153846154
-0.10409907692307692
-0.1704387692307692
-0.2127876923076923
-0.23677846153846152
-0.23844738461538462
-0.21299630769230768
-0.14936861538461538
-0.045895384615384616
0.050067692307692306
0.11703323076923078
0.16334584615384617
0.1860849230769231
0.20423446153846153
0.1994363076923077
0.16063384615384615
0.11494707692307692
0.04568676923076923
-0.015020307692307692
-0.05945538461538461
-0.10430769230769231
-0.12642092307692307
-0.1341396923076923
-0.11995384615384615
-0.07426707692307692
-0.010848
0.06613107692307692
0.13476553846153844
0.18149538461538461
0.21654276923076923
0.23782153846153845
0.2497126153846154
0.23823876923076923
0.19693292307692306
0.13747753846153846
0.065088
0.0018775384615384615
-0.0448523076923077
-0.07760492307692309
-0.10013538461538461
-0.1207883076923077
-0.12642092307692307
-0.09992676923076924
-0.05820369230769231
-0.008344615384615384
0.03045784615384615
0.056326153846153845
0.09867507692307692
0.13768615384615385
0.1666836923076923
0.17002153846153847
0.14269292307692305
0.1028473846153846
0.05528307692307692
0.015228923076923076
-0.03150092307692308
-0.08219446153846154
-0.12788123076923075
-0.1691870769230769
-0.18858830769230767
-0.1785747692307692
-0.15354092307692307
-0.11745046153846153
-0.07259815384615384
-0.017315076923076923
0.04568676923076923
0.08845292307692308
0.130176
0.1635544615384615
0.16751815384615384
0.15562707692307692
0.12204
0.0880356923076923
0.05048492307692308
-0.0050067692307692304
-0.059038153846153844
-0.10347323076923076
-0.12433476923076923
-0.11891076923076922
-0.11035753846153845
-0.09095630769230768
-0.061124307692307686
-0.021904615384615383
0.02795446153846154
0.06905169230769231
0.1028473846153846
0.12162276923076921
0.11807630769230769
0.1070196923076923
0.08845292307692308
0.05298830769230769
0.01043076923076923
-0.03483876923076923
-0.061124307692307686
-0.06529661538461538
-0.06279323076923077
-0.04756430769230769
-0.028788923076923077
-0.003129230769230769
0.01856676923076923
0.031709538461538456
0.04819015384615385
0.04693846153846153
0.03358707692307692
0.024199384615384616
0.012934153846153845
0.021904615384615383
0.031918153846153846
0.032544
0.04047138461538462
0.03567323076923076
0.035255999999999996
0.029623384615384614
-0.0014603076923076922
-0.03024923076923077
-0.05236246153846154
-0.06821723076923077
-0.07197230769230768
-0.07426707692307692
-0.06592246153846154
-0.06258461538461538
-0.06654830769230768
-0.05799507692307692
-0.04819015384615385
-0.040262769230769234
-0.04526953846153846
-0.045060923076923075
-0.03358707692307692
-0.017523692307692306
0.004798153846153846
0.016480615384615385
0.02899753846153846
0.031918153846153846
0.02795446153846154
0.029414769230769227
0.031918153846153846
0.03859384615384615
0.03650769230769231
0.027328615384615382
0.016480615384615385
0.013768615384615384
0.01856676923076923
0.027745846153846152
0.044435076923076924
0.06341907692307691
0.08949599999999999
0.11807630769230769
0.1368516923076923
0.14811692307692306
0.14999446153846155
0.14144123076923076
0.1341396923076923
0.12412615384615384
0.09930092307692308
0.05611753846153846
0.009804923076923077
-0.029832
-0.06008123076923077
-0.07969107692307692
-0.08761846153846153
-0.06946892307692307
-0.03609046153846154
0.011473846153846154
0.07531015384615385
0.13622584615384614
0.18921415384615384
0.22447015384615385
0.24595753846153845
0.25701415384615384
0.24866953846153847
0.2140393846153846
0.15416676923076922
0.086784
0.018775384615384614
-0.032544
-0.061124307692307686
-0.07739630769230768
-0.07739630769230768
-0.06571384615384615
-0.03379569230769231
0.025659692307692307
0.08845292307692308
0.13998092307692306
0.18796246153846152
0.21904615384615383
0.2355267692307692
0.23469230769230767
0.20173107692307693
0.14978584615384616
0.07656184615384615
0.0
-0.06133292307692308
-0.12558646153846154
-0.18253846153846154
-0.2225926153846154
-0.241368
-0.22718215384615387
-0.19296923076923078
-0.14269292307692305
-0.08469784615384615
-0.020652923076923076
0.05236246153846154
0.10889723076923077
0.14164984615384615
0.13768615384615385
0.09408553846153846
0.03400430769230769
-0.03609046153846154
-0.10368184615384615
-0.1635544615384615
-0.2261390769230769
-0.27328615384615385
-0.28476
-0.2578486153846154
-0.19547261538461536
-0.1136953846153846
-0.03108369230769231
0.040679999999999994
0.09471138461538461
0.1368516923076923
0.15750461538461538
0.1368516923076923
0.08574092307692306
0.010848
-0.06926030769230769
-0.1353913846153846
-0.1873366153846154
-0.21174461538461536
-0.21508246153846153
-0.18212123076923076
-0.11306953846153844
-0.037342153846153844
0.04193169230769231
0.09179076923076923
0.11473846153846154
0.13184492307692308
0.14206707692307693
0.15625292307692307
0.1558356923076923
0.1368516923076923
0.111192
0.0798996923076923
0.07134646153846153
0.07781353846153846
0.0771876923076923
0.0771876923076923
0.07092923076923077
0.07823076923076923
0.09971815384615385
0.111192
0.11181784615384616
0.09721476923076922
0.07843938461538462
0.06905169230769231
0.06487938461538462
0.052153846153846155
0.02315630769230769
-0.018358153846153843
-0.04380923076923077
-0.05778646153846154
-0.06383630769230769
-0.06362769230769232
-0.08177723076923075
-0.09825784615384614
-0.1070196923076923
-0.10409907692307692
-0.08845292307692308
-0.0828203076923077
-0.07843938461538462
-0.08135999999999999
-0.09971815384615385
-0.13330523076923076
-0.19296923076923078
-0.27474646153846155
-0.3740473846153846
-0.3738387692307692
-0.2832996923076923
-0.1205796923076923
0.1136953846153846
0.31250584615384613
0.5363501538461538
0.7241040000000001
0.8663796923076922
0.9126923076923076
0.7973279999999999
0.5928849230769231
0.2814221538461538
-0.03358707692307692
-0.3241883076923077
-0.5578375384615384
-0.7059544615384615
-0.7793870769230768
-0.7201403076923076
-0.5553341538461538
-0.30937661538461536
-0.013768615384615384
0.235944
0.4026276923076923
0.48690830769230764
0.4524867692307692
0.3623649230769231
0.184416
-0.092208
-0.33649661538461534
-0.5386449230769231
-0.6114516923076924
-0.5378104615384616
-0.38593846153846156
-0.1693956923076923
0.028788923076923077
0.20235692307692305
0.3481790769230769
0.4159790769230769
0.404088
0.3079163076923077
0.17648861538461538
0.08323753846153846
0.030040615384615384
0.02795446153846154
0.04130584615384615
0.05277969230769231
0.07551876923076924
0.07051199999999999
0.06800861538461538
0.049233230769230765
-0.003963692307692307
-0.05611753846153846
-0.12204
-0.1779489230769231
-0.20965846153846154
-0.2415766153846154
-0.24741784615384615
-0.233232
-0.19317784615384614
-0.09700615384615385
0.02795446153846154
0.1718990769230769
0.30833353846153844
0.3903193846153846
0.3917796923076923
0.31855569230769226
0.18879692307692306
-0.005841230769230769
-0.23531815384615382
-0.4251581538461538
-0.5419827692307692
-0.5524135384615385
-0.4577021538461538
-0.2924787692307692
-0.06905169230769231
0.16251138461538459
0.3813489230769231
0.5378104615384616
0.5772387692307692
0.5292572307692308
0.41556184615384617
0.2659846153846154
0.10076123076923077
-0.07593599999999999
-0.23093723076923076
-0.3346190769230769
-0.36799753846153843
-0.33649661538461534
-0.265776
-0.16021661538461537
-0.037342153846153844
0.09095630769230768
0.21007569230769232
0.2799618461538461
0.3116713846153846
0.2862203076923077
0.1910916923076923
0.07489292307692308
-0.046104
-0.13393107692307693
-0.165432
-0.157296
-0.092208
0.021070153846153846
0.157296
0.2897667692307692
0.3652855384615385
0.36340799999999995
0.2862203076923077
0.16835261538461538
0.04944184615384615
-0.05111076923076923
-0.11828492307692307
-0.15833907692307692
-0.15082892307692305
-0.09304246153846155
-0.002086153846153846
0.12204
0.2261390769230769
0.26932246153846157
0.2659846153846154
0.21612553846153845
0.119328
-0.021696
-0.19213476923076922
-0.3594443076923077
-0.4925409230769231
-0.5624270769230769
-0.5471981538461539
-0.45624184615384616
-0.314592
-0.13267938461538462
0.07051199999999999
0.2705741538461538
0.4395526153846154
0.5513704615384615
0.5801593846153845
0.5127766153846154
0.36340799999999995
0.15145476923076923
-0.078648
-0.2849686153846154
-0.4487316923076923
-0.5346812307692307
-0.5328036923076923
-0.4418473846153846
-0.26494153846153845
-0.04276615384615385
0.19150892307692308
0.4042966153846154
0.5615926153846154
0.649211076923077
0.6429526153846153
0.5442775384615385
0.3880246153846154
0.200688
0.016897846153846156
-0.143736
-0.2578486153846154
-0.29832
-0.2695310769230769
-0.18921415384615384
-0.08615815384615384
0.023364923076923075
0.11599015384615384
0.17690584615384616
0.21716861538461538
0.22989415384615383
0.20694646153846152
0.1635544615384615
0.1151556923076923
0.07656184615384615
0.06195876923076923
0.06133292307692308
0.07051199999999999
0.09596307692307693
0.13101046153846155
0.17461107692307692
0.2207150769230769
0.2453316923076923
0.23615261538461538
0.18712800000000002
0.119328
0.05048492307692308
-0.016897846153846156
-0.07510153846153846
-0.12579507692307693
-0.14477907692307693
-0.12412615384615384
-0.059872615384615385
0.041514461538461535
0.1289243076923077
0.1846246153846154
0.19004861538461537
0.14707384615384617
0.07134646153846153
-0.03713353846153846
-0.15270646153846154
-0.26619323076923074
-0.3604873846153846
-0.4049224615384615
-0.38531261538461536
-0.3114627692307692
-0.19985353846153847
-0.06258461538461538
0.07843938461538462
0.21132738461538458
0.3210590769230769
0.3811403076923077
0.37196123076923077
0.29644246153846154
0.19046584615384615
0.07885661538461539
-0.03713353846153846
-0.1422756923076923
-0.2273907692307692
-0.2791273846153846
-0.2853858461538461
-0.249504
-0.17461107692307692
-0.08887015384615385
-0.017523692307692306
0.030040615384615384
0.05799507692307692
0.06759138461538462
0.051319384615384614
0.024408000000000003
-0.009596307692307692
-0.0446436923076923
-0.06070707692307692
-0.04944184615384615
-0.015228923076923076
0.015854769230769228
0.04109723076923077
0.05757784615384615
0.054657230769230764
0.04109723076923077
0.004798153846153846
-0.04318338461538461
-0.09596307692307693
-0.15082892307692305
-0.17565415384615385
-0.16897846153846155
-0.124752
-0.053614153846153846
0.026702769230769228
0.12496061538461539
0.21237046153846154
0.27620676923076926
0.31188
0.29414769230769233
0.23928184615384615
0.15646153846153846
0.051528
-0.05486584615384615
-0.15938215384615384
-0.23761292307692305
-0.27328615384615385
-0.2647329230769231
-0.2075723076923077
-0.12266584615384615
-0.03129230769230769
0.05590892307692308
0.13497415384615385
0.1927606153846154
0.21049292307692305
0.19150892307692308
0.13226215384615383
0.04088861538461538
-0.052571076923076915
-0.13747753846153846
-0.19755876923076923
-0.2236356923076923
-0.21487384615384614
-0.15416676923076922
-0.05590892307692308
0.056951999999999996
0.1696043076923077
0.2517987692307692
0.29581661538461534
0.30270092307692303
0.2632726153846154
0.19067446153846154
0.09992676923076924
0.001043076923076923
-0.084072
-0.14936861538461538
-0.18316430769230768
-0.1760713846153846
-0.15124615384615384
-0.10952307692307692
-0.07134646153846153
-0.04214030769230769
-0.015228923076923076
-0.008970461538461538
-0.015854769230769228
-0.043392
-0.07051199999999999
-0.08135999999999999
-0.08761846153846153
-0.08302892307692307
-0.08490646153846154
-0.08219446153846154
-0.06446215384615385
-0.035255999999999996
0.010013538461538461
0.04401784615384615
0.065088
0.07364123076923076
0.06383630769230769
0.04902461538461538
0.02586830769230769
-0.006467076923076923
-0.03108369230769231
-0.052153846153846155
-0.04401784615384615
-0.0025033846153846152
0.04756430769230769
0.10660246153846153
0.14540492307692307
0.16856123076923077
0.17002153846153847
0.14206707692307693
0.092208
0.007301538461538462
-0.09491999999999999
-0.18337292307692307
-0.24658338461538462
-0.2764153846153846
-0.2628553846153846
-0.21967199999999998
-0.14853415384615384
-0.05382276923076923
0.04547815384615384
0.14123261538461537
0.2073636923076923
0.2221753846153846
0.19317784615384614
0.13038461538461538
0.046104
-0.058412307692307694
-0.15938215384615384
-0.23907323076923076
-0.2837169230769231
-0.2699483076923077
-0.200688
-0.08198584615384615
0.059038153846153844
0.2073636923076923
0.3419206153846154
0.44330769230769224
0.5083956923076923
0.5131938461538461
0.4508178461538461
0.33295015384615384
0.1802436923076923
0.01668923076923077
-0.13497415384615385
-0.25701415384615384
-0.33816553846153846
-0.3727956923076923
-0.3467187692307692
-0.2695310769230769
-0.16188553846153847
-0.03108369230769231
0.08386338461538462
0.18399876923076922
0.26494153846153845
0.2989458461538462
0.2981113846153846
0.26076923076923075
0.19505538461538463
0.11306953846153844
0.02795446153846154
-0.04526953846153846
-0.1070196923076923
-0.15374953846153847
-0.18337292307692307
-0.19735015384615384
-0.1869193846153846
-0.16251138461538459
-0.13622584615384614
-0.10347323076923076
-0.06216738461538462
-0.012934153846153845
0.03567323076923076
0.08094276923076923
0.11014892307692307
0.12120553846153845
0.12120553846153845
0.10535076923076922
0.07843938461538462
0.03024923076923077
-0.03671630769230769
-0.11286092307692308
-0.19171753846153847
-0.25159015384615385
-0.2899753846153846
-0.2981113846153846
-0.26869661538461537
-0.20486030769230767
-0.11891076923076922
-0.0006258461538461538
0.1353913846153846
0.24303692307692307
0.3210590769230769
0.3617390769230769
0.3617390769230769
0.3131316923076923
0.21904615384615383
0.10013538461538461
-0.041514461538461535
-0.18253846153846154
-0.2828824615384615
-0.3285692307692308
-0.3170953846153846
-0.25471938461538457
-0.14749107692307692
0.005215384615384615
0.18316430769230768
0.34588430769230766
0.46667261538461535
0.5282141538461538
0.5259193846153846
0.46729846153846155
0.3513083076923077
0.21320492307692307
0.06654830769230768
-0.07364123076923076
-0.1775316923076923
-0.24720923076923076
-0.2578486153846154
-0.21299630769230768
-0.13309661538461537
-0.02899753846153846
0.07739630769230768
0.1775316923076923
0.2647329230769231
0.32585723076923073
0.3490135384615385
0.32189353846153845
0.24908676923076922
0.157296
0.058829538461538454
-0.028788923076923077
-0.10430769230769231
-0.15270646153846154
-0.1504116923076923
-0.10430769230769231
-0.022947692307692308
0.065088
0.14331876923076922
0.1994363076923077
0.21925476923076925
0.2059033846153846
0.157296
0.07614461538461538
-0.021904615384615383
-0.13726892307692307
-0.2238443076923077
-0.24616615384615384
-0.23448369230769228
-0.16271999999999998
-0.06195876923076923
0.047772923076923074
0.1691870769230769
0.276624
0.3412947692307692
0.32335384615384616
0.2424110769230769
0.13080184615384613
0.01856676923076923
-0.12808984615384614
-0.26097784615384617
-0.3744646153846154
-0.4554073846153846
-0.4395526153846154
-0.39261415384615383
-0.3068732307692308
-0.20110523076923076
-0.055491692307692304
0.11828492307692307
0.2605606153846154
0.3717526153846154
0.3994984615384615
0.38593846153846156
0.3321156923076923
0.21842030769230766
0.09512861538461538
-0.06696553846153847
-0.19442953846153843
-0.26118646153846153
-0.2985286153846154
-0.2716172307692308
-0.22780799999999998
-0.13810338461538463
-0.0043809230769230765
0.09909230769230769
0.19735015384615384
0.25159015384615385
0.25659692307692306
0.2574313846153846
0.21466523076923077
0.16042523076923076
0.09825784615384614
0.03567323076923076
0.007301538461538462
-0.030875076923076922
-0.058829538461538454
-0.07551876923076924
-0.08323753846153846
-0.05736923076923077
-0.04318338461538461
-0.03921969230769231
-0.031709538461538456
-0.020027076923076922
0.027745846153846152
0.07113784615384615
0.100344
0.13267938461538462
0.15082892307692305
0.1881710769230769
0.22467876923076924
0.2273907692307692
0.20110523076923076
0.13205353846153844
0.04172307692307692
-0.05507446153846154
-0.15604430769230768
-0.24449723076923074
-0.3116713846153846
-0.3333673846153846
-0.30583015384615386
-0.24053353846153847
-0.1397723076923077
-0.033169846153846154
0.07906523076923076
0.17085599999999998
0.22008923076923076
0.254928
0.25054707692307693
0.2090326153846154
0.13601723076923075
0.023782153846153845
-0.08010830769230769
-0.16021661538461537
-0.21737723076923077
-0.2624381538461539
-0.2953993846153846
-0.2791273846153846
-0.21633415384615384
-0.11578153846153846
0.002086153846153846
0.0961716923076923
0.1785747692307692
0.24637476923076923
0.2845513846153846
0.2849686153846154
0.22447015384615385
0.13059323076923077
0.02858030769230769
-0.05862092307692307
-0.111192
-0.13372246153846154
-0.13101046153846155
-0.103056
-0.059664
-0.010848
0.043600615384615383
0.07343261538461537
0.08031692307692308
0.07155507692307693
0.04631261538461538
0.023990769230769232
-0.004172307692307692
-0.02858030769230769
-0.03692492307692308
-0.03045784615384615
-0.01272553846153846
0.015228923076923076
0.05194523076923077
0.06633969230769231
0.06884307692307692
0.059872615384615385
0.03629907692307692
0.020027076923076922
-0.0043809230769230765
-0.03504738461538461
-0.06863446153846153
-0.09763200000000001
-0.09804923076923076
-0.06675692307692307
-0.026076923076923077
0.0016689230769230767
0.024199384615384616
0.050067692307692306
0.078648
0.10222153846153846
0.10764553846153846
0.08428061538461538
0.042348923076923076
0.0002086153846153846
-0.03629907692307692
-0.06487938461538462
-0.09846646153846153
-0.12245723076923076
-0.11432123076923076
-0.08490646153846154
-0.03859384615384615
0.0077187692307692304
0.047772923076923074
0.08094276923076923
0.09512861538461538
0.09491999999999999
0.084072
0.05757784615384615
0.020652923076923076
-0.020652923076923076
-0.05090215384615384
-0.05111076923076923
-0.03379569230769231
-0.006675692307692307
0.015646153846153844
0.024408000000000003
0.03755076923076923
0.04735569230769231
0.050067692307692306
0.028371692307692306
-0.018775384615384614
-0.059872615384615385
-0.0892873846153846
-0.09199938461538461
-0.08949599999999999
-0.08866153846153846
-0.07134646153846153
-0.04318338461538461
0.015020307692307692
0.07948246153846153
0.13455692307692307
0.1760713846153846
0.1883796923076923
0.1881710769230769
0.16418030769230768
0.12016246153846154
0.05757784615384615
-0.022947692307692308
-0.09053907692307692
-0.13872923076923074
-0.15896492307692306
-0.15646153846153846
-0.13309661538461537
-0.0853236923076923
-0.028371692307692306
0.030040615384615384
0.09304246153846155
0.14269292307692305
0.16292861538461537
0.15228923076923076
0.111192
0.05778646153846154
0.0035464615384615383
-0.04860738461538461
-0.09930092307692308
-0.12975876923076923
-0.14811692307692306
-0.15103753846153847
-0.12224861538461537
-0.08761846153846153
-0.053614153846153846
-0.02023569230769231
0.013768615384615384
0.047772923076923074
0.06279323076923077
0.05382276923076923
0.03379569230769231
0.004172307692307692
-0.02858030769230769
-0.06028984615384615
-0.08824430769230769
-0.10138707692307691
-0.10180430769230768
-0.08991323076923076
-0.05945538461538461
-0.021696
0.009179076923076922
0.03629907692307692
0.05319692307692307
0.06633969230769231
0.08094276923076923
0.08657538461538461
0.08699261538461538
0.06926030769230769
0.055491692307692304
0.050067692307692306
0.03442153846153846
0.016897846153846156
-0.016480615384615385
-0.04985907692307692
-0.07614461538461538
-0.09033046153846153
-0.08720123076923077
-0.08094276923076923
-0.06487938461538462
-0.03921969230769231
-0.0014603076923076922
0.043392
0.08699261538461538
0.11599015384615384
0.12558646153846154
0.11807630769230769
0.09554584615384615
0.07155507692307693
0.03629907692307692
-0.005632615384615384
-0.03609046153846154
-0.049233230769230765
-0.03629907692307692
-0.004798153846153846
0.03379569230769231
0.07635323076923077
0.111192
0.1449876923076923
0.18086953846153844
0.19463815384615382
0.1883796923076923
0.16188553846153847
0.12350030769230769
0.08323753846153846
0.04088861538461538
0.0033378461538461535
-0.03421292307692308
-0.05590892307692308
-0.06070707692307692
-0.047772923076923074
-0.018775384615384614
0.017315076923076923
0.06133292307692308
0.10368184615384615
0.13935507692307691
0.1614683076923077
0.16230276923076925
0.13706030769230768
0.100344
0.056951999999999996
0.016480615384615385
-0.013768615384615384
-0.04422646153846154
-0.06300184615384616
-0.06926030769230769
-0.054657230769230764
-0.018358153846153843
0.02315630769230769
0.06258461538461538
0.08866153846153846
0.1045163076923077
0.11286092307692308
0.10389046153846154
0.08657538461538461
0.07134646153846153
0.05507446153846154
0.04547815384615384
0.03921969230769231
0.03379569230769231
0.03859384615384615
0.0446436923076923
0.051319384615384614
0.05528307692307692
0.04985907692307692
0.042974769230769226
0.024199384615384616
-0.005841230769230769
-0.03901107692307692
-0.06842584615384616
-0.07802215384615384
-0.07218092307692307
-0.051319384615384614
-0.016480615384615385
0.018775384615384614
0.06800861538461538
0.119328
0.1506203076923077
0.15124615384615384
0.1207883076923077
0.084072
0.03942830769230769
-0.006467076923076923
-0.047981538461538464
-0.086784
-0.111192
-0.11035753846153845
-0.07510153846153846
-0.024199384615384616
0.02044430769230769
0.06028984615384615
0.0892873846153846
0.09846646153846153
0.08866153846153846
0.06258461538461538
0.022947692307692308
-0.03504738461538461
-0.09784061538461537
-0.15374953846153847
-0.19505538461538463
-0.21153599999999997
-0.20861538461538462
-0.17982646153846152
-0.13351384615384615
-0.06800861538461538
0.006675692307692307
0.07364123076923076
0.12725538461538463
0.14832553846153845
0.1489513846153846
0.12934153846153845
0.09909230769230769
0.061124307692307686
0.003755076923076923
-0.05048492307692308
-0.07572738461538461
-0.06759138461538462
-0.034630153846153845
0.015228923076923076
0.06049846153846154
0.11140061538461538
0.16856123076923077
0.2073636923076923
0.2290596923076923
0.22426153846153846
0.19588984615384614
0.15959076923076923
0.1178676923076923
0.09012184615384615
0.0678
0.04172307692307692
0.027745846153846152
0.017940923076923077
0.012516923076923077
0.0029206153846153843
-0.016063384615384615
-0.046104
-0.08469784615384615
-0.12099692307692309
-0.14686523076923075
-0.15500123076923078
-0.1395636923076923
-0.10618523076923077
-0.062376
-0.0006258461538461538
0.059038153846153844
0.10535076923076922
0.12683815384615382
0.10660246153846153
0.06592246153846154
0.0035464615384615383
-0.06821723076923077
-0.14123261538461537
-0.21967199999999998
-0.2764153846153846
-0.301032
-0.27328615384615385
-0.19693292307692306
-0.09992676923076924
0.013768615384615384
0.13121907692307694
0.2399076923076923
0.32272799999999996
0.35193415384615384
0.3275261538461538
0.24512307692307692
0.10910584615384614
-0.04047138461538462
-0.1927606153846154
-0.33023815384615385
-0.4245323076923077
-0.4641692307692307
-0.431208
-0.3344104615384615
-0.18629353846153843
-0.008970461538461538
0.15103753846153847
0.2853858461538461
0.3805144615384615
0.4186910769230769
0.4011673846153846
0.32543999999999995
0.20548615384615385
0.06592246153846154
-0.06300184615384616
-0.1585476923076923
-0.21654276923076923
-0.23260615384615385
-0.20986707692307693
-0.14832553846153845
-0.05027630769230769
0.05820369230769231
0.15667015384615385
0.2154996923076923
0.23615261538461538
0.2275993846153846
0.18754523076923074
0.14311015384615386
0.08177723076923075
0.017315076923076923
-0.02899753846153846
-0.051319384615384614
-0.04130584615384615
-0.021487384615384613
-0.0006258461538461538
0.010848
0.01668923076923077
0.025033846153846153
0.026702769230769228
0.02357353846153846
0.015228923076923076
-0.0035464615384615383
-0.027120000000000002
-0.06195876923076923
-0.08845292307692308
-0.10076123076923077
-0.10764553846153846
-0.11348676923076922
-0.11098338461538461
-0.084072
-0.035464615384615386
0.07092923076923077
0.2021483076923077
0.3890676923076923
0.5092301538461538
0.5962227692307692
0.710544
0.7163852307692308
0.7255643076923077
0.580368
0.355272
0.08761846153846153
-0.26160369230769226
-0.5219556923076923
-0.8415544615384615
-1.0704055384615385
-1.1853526153846154
-1.1928627692307692
-0.9700615384615384
-0.6648572307692308
-0.21821169230769227
0.25117292307692307
0.6500455384615383
1.0192947692307692
1.1978695384615383
1.2189396923076923
1.0474578461538462
0.6663175384615385
0.21862892307692305
-0.3387913846153846
-0.8611643076923077
-1.2204
-1.461768
-1.461142153846154
-1.2971704615384614
-0.9781975384615385
-0.5023458461538461
-0.002086153846153846
0.5388535384615384
0.980700923076923
1.2606627692307693
1.4041901538461536
1.3568344615384615
1.1701236923076923
0.8392596923076923
0.3798886153846154
-0.09804923076923076
-0.5713975384615384
-0.9350141538461538
-1.1563550769230768
-1.2544043076923077
-1.174921846153846
-0.976945846153846
-0.6742449230769231
-0.295608
0.08386338461538462
0.46104
0.7735458461538461
0.9786147692307693
1.099403076923077
1.085843076923077
0.9625513846153846
0.7368295384615384
0.41264123076923076
0.04318338461538461
-0.35631507692307696
-0.7072061538461538
-0.9875852307692307
-1.1757563076923077
-1.232916923076923
-1.171584
-0.944401846153846
-0.574944
-0.1314276923076923
0.3767593846153846
0.8509421538461539
1.2333341538461537
1.486176
1.5504295384615385
1.4381944615384616
1.1198473846153845
0.6596418461538461
0.14123261538461537
-0.4086775384615385
-0.8909963076923076
-1.256281846153846
-1.4646886153846153
-1.4721987692307692
-1.2927895384615384
-0.931259076923077
-0.42891323076923077
0.14665661538461539
0.7332830769230769
1.2226947692307693
1.554601846153846
1.7033446153846155
1.6236535384615385
1.3597550769230768
0.931884923076923
0.39636923076923075
-0.1422756923076923
-0.6500455384615383
-1.0357753846153845
-1.2704676923076923
-1.3470295384615385
-1.225824
-0.9504516923076922
-0.551579076923077
-0.09408553846153846
0.3442153846153846
0.7249384615384614
0.9923833846153847
1.137371076923077
1.1507224615384615
1.0226326153846155
0.7745889230769232
0.4253667692307692
0.03838523076923077
-0.3279433846153846
-0.6458732307692308
-0.8809827692307691
-1.029516923076923
-1.070196923076923
-0.9877938461538461
-0.8092190769230769
-0.5482412307692307
-0.24887815384615386
0.0609156923076923
0.36257353846153845
0.6141636923076923
0.7992055384615384
0.891204923076923
0.8720123076923078
0.7624892307692307
0.5734836923076922
0.3421292307692308
0.0974233846153846
-0.15562707692307692
-0.38072307692307694
-0.5812024615384616
-0.7211833846153846
-0.7695821538461539
-0.7416276923076923
-0.6141636923076923
-0.4280787692307692
-0.20360861538461536
0.06195876923076923
0.3187643076923077
0.5640959999999999
0.7416276923076923
0.8183981538461539
0.8079673846153845
0.693228923076923
0.5073526153846153
0.2601433846153846
-0.019192615384615384
-0.2937304615384615
-0.5424
-0.7088750769230768
-0.7793870769230768
-0.7614461538461539
-0.6462904615384615
-0.4698018461538461
-0.2478350769230769
0.0006258461538461538
0.22843384615384613
0.4262012307692308
0.5476153846153846
0.5914246153846153
0.5726492307692308
0.485448
0.37008369230769234
0.23010276923076922
0.08323753846153846
-0.05382276923076923
-0.16438892307692307
-0.21091015384615383
-0.20402584615384614
-0.1612596923076923
-0.09867507692307692
-0.03692492307692308
0.02586830769230769
0.084072
0.12913292307692306
0.1558356923076923
0.14978584615384616
0.13330523076923076
0.12433476923076923
0.12433476923076923
0.1314276923076923
0.12975876923076923
0.11974523076923077
0.10681107692307691
0.08177723076923075
0.04172307692307692
-0.014394461538461538
-0.09033046153846153
-0.16772676923076923
-0.23072861538461537
-0.26640184615384616
-0.2722430769230769
-0.2480436923076923
-0.19463815384615382
-0.11077476923076923
-0.002086153846153846
0.116616
0.23969907692307693
0.3392086153846154
0.4011673846153846
0.40992923076923077
0.3617390769230769
0.276624
0.15667015384615385
0.011891076923076923
-0.14018953846153845
-0.27412061538461535
-0.3665372307692307
-0.4049224615384615
-0.37738523076923075
-0.3035353846153846
-0.19964492307692308
-0.06633969230769231
0.08448923076923077
0.22801661538461537
0.3316984615384615
0.3832264615384615
0.37050092307692306
0.31646953846153847
0.23239753846153846
0.12266584615384615
0.012516923076923077
-0.0974233846153846
-0.1800350769230769
-0.22154953846153846
-0.22634769230769228
-0.20381723076923075
-0.16480615384615382
-0.11140061538461538
-0.0446436923076923
0.028788923076923077
0.08511507692307693
0.11995384615384615
0.1353913846153846
0.13789476923076924
0.14018953846153845
0.13810338461538463
0.13372246153846154
0.12496061538461539
0.10639384615384614
0.08323753846153846
0.056951999999999996
0.028163076923076923
0.0033378461538461535
-0.027745846153846152
-0.06425353846153846
-0.09450276923076922
-0.11432123076923076
-0.11432123076923076
-0.09554584615384615
-0.06195876923076923
-0.01940123076923077
0.029414769230769227
0.08135999999999999
0.12725538461538463
0.15500123076923078
0.15833907692307692
0.14164984615384615
0.10681107692307691
0.058412307692307694
-0.005215384615384615
-0.07364123076923076
-0.1368516923076923
-0.18253846153846154
-0.19338646153846153
-0.16480615384615382
-0.11390399999999999
-0.04902461538461538
0.019609846153846155
0.08115138461538463
0.13247076923076923
0.15208061538461537
0.14018953846153845
0.08991323076923076
0.014394461538461538
-0.05820369230769231
-0.12621230769230768
-0.18170399999999998
-0.21842030769230766
-0.22843384615384613
-0.20673784615384616
-0.1543753846153846
-0.08490646153846154
-0.01272553846153846
0.05048492307692308
0.09512861538461538
0.12120553846153845
0.11098338461538461
0.073224
0.016897846153846156
-0.0609156923076923
-0.13622584615384614
-0.20131384615384615
-0.23052
-0.21195323076923075
-0.1733593846153846
-0.11599015384615384
-0.03400430769230769
0.07030338461538461
0.17982646153846152
0.254928
0.29456492307692306
0.30520430769230766
0.2751636923076923
0.22467876923076924
0.1502030769230769
0.04944184615384615
-0.05528307692307692
-0.15813046153846153
-0.22989415384615383
-0.2517987692307692
-0.23928184615384615
-0.19630707692307692
-0.132888
-0.04526953846153846
0.061750153846153844
0.16981292307692308
0.2722430769230769
0.3419206153846154
0.371544
0.3565236923076923
0.29769415384615383
0.21111876923076925
0.09074769230769231
-0.05403138461538461
-0.20110523076923076
-0.32564861538461537
-0.40033292307692303
-0.425784
-0.3961606153846154
-0.30436984615384616
-0.1721076923076923
-0.01043076923076923
0.16000799999999998
0.32231076923076923
0.45707630769230767
0.5229987692307692
0.527796923076923
0.4887858461538461
0.40638276923076927
0.2860116923076923
0.12913292307692306
-0.03671630769230769
-0.18316430769230768
-0.2914356923076923
-0.35610646153846154
-0.3811403076923077
-0.3584012307692308
-0.29101846153846156
-0.18191261538461537
-0.03775938461538462
0.11056615384615384
0.2422024615384615
0.3448412307692308
0.40450523076923073
0.42307199999999995
0.39324
0.3077076923076923
0.18358153846153846
0.03358707692307692
-0.12120553846153845
-0.25513661538461535
-0.3538116923076923
-0.41076369230769233
-0.4349630769230769
-0.4186910769230769
-0.36299076923076923
-0.2689052307692308
-0.14811692307692306
-0.03755076923076923
0.05298830769230769
0.11682461538461539
0.16105107692307694
0.18712800000000002
0.1860849230769231
0.15625292307692307
0.08907876923076924
-0.003963692307692307
-0.09533723076923077
-0.17502830769230768
-0.252216
-0.32085046153846153
-0.3613218461538461
-0.36778892307692307
-0.33378461538461535
-0.2647329230769231
-0.17023015384615386
-0.06675692307692307
0.029623384615384614
0.13080184615384613
0.2138307692307692
0.27182584615384614
0.29685969230769227
0.27412061538461535
0.22843384615384613
0.1597993846153846
0.08156861538461539
-0.004589538461538461
-0.100344
-0.1802436923076923
-0.2292683076923077
-0.2426196923076923
-0.21716861538461538
-0.1666836923076923
-0.09909230769230769
-0.026285538461538457
0.04985907692307692
0.13768615384615385
0.2127876923076923
0.2730775384615384
0.30854215384615385
0.3158436923076923
0.3054129230769231
0.2699483076923077
0.21737723076923077
0.146448
0.06028984615384615
-0.02524246153846154
-0.09554584615384615
-0.13643446153846153
-0.15103753846153847
-0.14477907692307693
-0.119328
-0.07113784615384615
0.003963692307692307
0.09304246153846155
0.1777403076923077
0.24512307692307692
0.2920615384615385
0.32543999999999995
0.3452584615384615
0.33315876923076926
0.29101846153846156
0.2207150769230769
0.12788123076923075
0.04172307692307692
-0.032544
-0.08907876923076924
-0.1368516923076923
-0.16793538461538463
-0.16793538461538463
-0.11828492307692307
-0.040262769230769234
0.027745846153846152
0.10389046153846154
0.13622584615384614
0.16021661538461537
0.18086953846153844
0.18066092307692305
0.1652233846153846
0.10764553846153846
0.03880246153846154
-0.01981846153846154
-0.04860738461538461
-0.035464615384615386
0.059664
0.06154153846153846
-0.012308307692307691
-0.037342153846153844
-0.08302892307692307
-0.08156861538461539
-0.04172307692307692
-0.12955015384615384
-0.24700061538461537
-0.26869661538461537
-0.23761292307692305
-0.09387692307692307
-0.011891076923076923
0.008136
0.026285538461538457
0.07343261538461537
0.2261390769230769
0.31104553846153843
0.31000246153846156
0.17461107692307692
0.02586830769230769
-0.03400430769230769
-0.10013538461538461
-0.08469784615384615
-0.13601723076923075
-0.184416
-0.1585476923076923
-0.16292861538461537
-0.031709538461538456
0.07301538461538462
0.09846646153846153
0.18358153846153846
0.17273353846153844
0.15500123076923078
0.19985353846153847
0.19296923076923078
0.23677846153846152
0.2157083076923077
0.14394461538461537
0.124752
0.07510153846153846
0.07092923076923077
0.031918153846153846
-0.06154153846153846
-0.14686523076923075
-0.19755876923076923
-0.1504116923076923
-0.11306953846153844
-0.10263876923076923
-0.059038153846153844
-0.026285538461538457
0.07092923076923077
0.18629353846153843
0.25242461538461536
0.33712246153846154
0.35986153846153845
0.36611999999999995
0.37738523076923075
0.2807963076923077
0.13622584615384614
-0.03671630769230769
-0.23135446153846154
-0.3619476923076923
-0.4647950769230769
-0.5344726153846153
-0.5061009230769231
-0.40283630769230766
-0.24491446153846153
-0.04172307692307692
0.17440246153846153
0.34233784615384616
0.4683415384615384
0.5348898461538462
0.48816
0.3972036923076923
0.25388492307692306
0.06070707692307692
-0.11870215384615385
-0.29748553846153847
-0.40596553846153843
-0.4416387692307692
-0.43642338461538455
-0.3577753846153846
-0.24741784615384615
-0.0936683076923077
0.10117846153846152
0.25200738461538463
0.3350363076923077
0.35986153846153845
0.3475532307692307
0.31250584615384613
0.2492953846153846
0.1558356923076923
0.02586830769230769
-0.07259815384615384
-0.10430769230769231
-0.1178676923076923
-0.09596307692307693
-0.07301538461538462
-0.08073415384615384
-0.04860738461538461
-0.02524246153846154
-0.02044430769230769
-0.004589538461538461
-0.03233538461538461
-0.05507446153846154
-0.06154153846153846
-0.06988615384615385
-0.035464615384615386
0.005841230769230769
0.03963692307692308
0.08031692307692308
0.11223507692307692
0.14164984615384615
0.15103753846153847
0.14457046153846154
0.11265230769230769
0.04672984615384615
-0.02899753846153846
-0.1287156923076923
-0.18232984615384615
-0.18712800000000002
-0.19359507692307693
-0.1506203076923077
-0.0934596923076923
-0.008344615384615384
0.12913292307692306
0.23469230769230767
0.31000246153846156
0.33378461538461535
0.30374399999999996
0.26160369230769226
0.18399876923076922
0.09012184615384615
-0.021070153846153846
-0.14477907692307693
-0.235944
-0.2939390769230769
-0.30937661538461536
-0.2920615384615385
-0.2482523076923077
-0.16084246153846155
-0.09012184615384615
-0.02899753846153846
0.03859384615384615
0.07948246153846153
0.13476553846153844
0.15145476923076923
0.12934153846153845
0.10827138461538462
0.061124307692307686
0.04672984615384615
0.04631261538461538
0.027745846153846152
0.014394461538461538
-0.010639384615384617
-0.027745846153846152
-0.040679999999999994
-0.07238953846153846
-0.1136953846153846
-0.168144
-0.1992276923076923
-0.19735015384615384
-0.18316430769230768
-0.12350030769230769
-0.04944184615384615
0.03066646153846154
0.11974523076923077
0.18086953846153844
0.24303692307692307
0.26786215384615386
0.23093723076923076
0.15166338461538462
0.026076923076923077
-0.10952307692307692
-0.2303113846153846
-0.33545353846153847
-0.4174393846153846
-0.47001046153846154
-0.4685501538461538
-0.3805144615384615
-0.22864246153846152
-0.054657230769230764
0.10597661538461538
0.24178523076923078
0.3517255384615385
0.4182738461538461
0.4184824615384615
0.3387913846153846
0.2090326153846154
0.04985907692307692
-0.111192
-0.23656984615384613
-0.3319070769230769
-0.38072307692307694
-0.36778892307692307
-0.31918153846153846
-0.2273907692307692
-0.0963803076923077
0.03421292307692308
0.154584
0.2415766153846154
0.2851772307692308
0.287472
0.23844738461538462
0.15374953846153847
0.035464615384615386
-0.10138707692307691
-0.22154953846153846
-0.3047870769230769
-0.3377483076923077
-0.3285692307692308
-0.2789187692307692
-0.20360861538461536
-0.10660246153846153
0.012934153846153845
0.11619876923076923
0.19568123076923075
0.22780799999999998
0.20402584615384614
0.16209415384615386
0.11077476923076923
0.065088
0.03379569230769231
0.014394461538461538
0.018983999999999997
0.042557538461538466
0.086784
0.14018953846153845
0.1804523076923077
0.21091015384615383
0.2075723076923077
0.1783661538461538
0.14185846153846154
0.0855323076923077
0.02545107692307692
-0.03045784615384615
-0.07927384615384615
-0.09512861538461538
-0.08073415384615384
-0.04088861538461538
0.03775938461538462
0.124752
0.21299630769230768
0.28955815384615385
0.33065538461538463
0.34651015384615386
0.314592
0.24428861538461538
0.1489513846153846
0.03275261538461539
-0.08135999999999999
-0.17648861538461538
-0.23886461538461537
-0.260352
-0.22947692307692308
-0.154584
-0.05528307692307692
0.05382276923076923
0.16042523076923076
0.25159015384615385
0.3179298461538461
0.3483876923076923
0.3294036923076923
0.26494153846153845
0.1652233846153846
0.044435076923076924
-0.07510153846153846
-0.18983999999999998
-0.2774584615384615
-0.3252313846153846
-0.3369138461538461
-0.3060387692307692
-0.24866953846153847
-0.16251138461538459
-0.06028984615384615
0.03483876923076923
0.1207883076923077
0.1777403076923077
0.18963138461538462
0.16856123076923077
0.1207883076923077
0.06133292307692308
0.0025033846153846152
-0.059664
-0.11745046153846153
-0.1779489230769231
-0.21341353846153846
-0.20715507692307691
-0.17544553846153846
-0.124752
-0.06842584615384616
0.0008344615384615384
0.07802215384615384
0.15270646153846154
0.2125790769230769
0.24345415384615382
0.24574892307692306
0.21800307692307694
0.16605784615384614
0.10243015384615384
0.03838523076923077
-0.020652923076923076
-0.07885661538461539
-0.13080184615384613
-0.157296
-0.16418030769230768
-0.15374953846153847
-0.12370892307692308
-0.08824430769230769
-0.05048492307692308
-0.014185846153846153
0.012934153846153845
0.03421292307692308
0.04631261538461538
0.04214030769230769
0.04088861538461538
0.043392
0.04756430769230769
0.05403138461538461
0.03984553846153846
0.013560000000000001
-0.0008344615384615384
-0.013351384615384614
-0.020652923076923076
-0.015228923076923076
-0.012099692307692308
0.004589538461538461
0.03129230769230769
0.06195876923076923
0.09867507692307692
0.11473846153846154
0.11724184615384614
0.119328
0.119328
0.13059323076923077
0.14477907692307693
0.14686523076923075
0.13914646153846155
0.1136953846153846
0.09179076923076923
0.06946892307692307
0.04047138461538462
0.013560000000000001
-0.024616615384615383
-0.047981538461538464
-0.05444861538461539
-0.03880246153846154
-0.002712
0.02482523076923077
0.062376
0.09387692307692307
0.10722830769230769
0.11911938461538461
0.11432123076923076
0.09658892307692307
0.07531015384615385
0.05611753846153846
0.04860738461538461
0.04714707692307692
0.04714707692307692
0.05799507692307692
0.07572738461538461
0.09554584615384615
0.11640738461538462
0.130176
0.12913292307692306
0.12537784615384615
0.1287156923076923
0.12412615384615384
0.130176
0.13330523076923076
0.12767261538461538
0.12600369230769232
0.11849353846153846
0.10243015384615384
0.06884307692307692
0.02273907692307692
-0.03358707692307692
-0.09158215384615384
-0.14039815384615384
-0.17523692307692307
-0.1913003076923077
-0.19317784615384614
-0.1794092307692308
-0.13267938461538462
-0.07510153846153846
-0.017315076923076923
0.03838523076923077
0.07614461538461538
0.1136953846153846
0.12829846153846153
0.12704676923076924
0.11202646153846153
0.06258461538461538
0.006675692307692307
-0.051319384615384614
-0.09471138461538461
-0.11411261538461538
-0.12370892307692308
-0.132888
-0.13810338461538463
-0.12850707692307692
-0.09950953846153845
-0.05924676923076923
-0.02858030769230769
-0.0035464615384615383
0.02357353846153846
0.047772923076923074
0.05862092307692307
0.05799507692307692
0.03609046153846154
-0.016063384615384615
-0.06863446153846153
-0.10368184615384615
-0.11536430769230768
-0.11181784615384616
-0.09700615384615385
-0.06821723076923077
-0.023782153846153845
0.03692492307692308
0.08782707692307692
0.1207883076923077
0.12683815384615382
0.1070196923076923
0.08344615384615384
0.05757784615384615
0.03504738461538461
0.01397723076923077
-0.01043076923076923
-0.03024923076923077
-0.035464615384615386
-0.015228923076923076
0.01981846153846154
0.04985907692307692
0.07489292307692308
0.10430769230769231
0.13852061538461538
0.17502830769230768
0.19526400000000002
0.17648861538461538
0.13080184615384613
0.06070707692307692
-0.0006258461538461538
-0.051319384615384614
-0.11724184615384614
-0.20402584615384614
-0.29352184615384613
-0.35193415384615384
-0.37321292307692305
-0.3141747692307692
-0.1977673846153846
-0.03984553846153846
0.13852061538461538
0.2899753846153846
0.4387181538461538
0.5424
0.5828713846153846
0.546780923076923
0.39115384615384613
0.18858830769230767
-0.042557538461538466
-0.21904615384615383
-0.3782196923076923
-0.5572116923076923
-0.6308529230769231
-0.6602676923076923
-0.5359329230769231
-0.32001599999999997
-0.09909230769230769
0.1449876923076923
0.3102110769230769
0.4896203076923077
0.5895470769230768
0.5755698461538461
0.48357046153846156
0.2568055384615385
0.026911384615384615
-0.22530461538461538
-0.4518609230769231
-0.5878781538461538
-0.7019907692307692
-0.6907255384615385
-0.5999778461538462
-0.4508178461538461
-0.2369870769230769
-0.05298830769230769
0.15520984615384617
0.30937661538461536
0.3767593846153846
0.44122153846153844
0.4314166153846154
0.4049224615384615
0.35151692307692306
0.2330233846153846
0.12162276923076921
-0.021278769230769233
-0.1356
-0.2194633846153846
-0.29581661538461534
-0.32189353846153845
-0.3198073846153846
-0.2509643076923077
-0.1341396923076923
-0.03275261538461539
0.07969107692307692
0.17315076923076922
0.2601433846153846
0.3567323076923076
0.39657784615384617
0.41910830769230767
0.40325353846153844
0.3548547692307692
0.30144923076923075
0.17461107692307692
0.009596307692307692
-0.17002153846153847
-0.3544375384615384
-0.4821101538461538
-0.5670166153846153
-0.5778646153846153
-0.5008855384615384
-0.3748818461538461
-0.16876984615384616
0.051528
0.2572227692307692
0.4303735384615384
0.5225815384615384
0.5636787692307692
0.5092301538461538
0.39511753846153846
0.2655673846153846
0.09763200000000001
-0.05736923076923077
-0.19359507692307693
-0.28392553846153845
-0.31188
-0.31834707692307695
-0.28851507692307693
-0.23218892307692307
-0.15270646153846154
-0.031918153846153846
0.09095630769230768
0.19818461538461538
0.26869661538461537
0.2805876923076923
0.26681907692307694
0.21800307692307694
0.13434830769230768
0.021904615384615383
-0.10493353846153847
-0.19985353846153847
-0.2680707692307692
-0.2897667692307692
-0.2638984615384615
-0.2290596923076923
-0.1721076923076923
-0.10514215384615383
-0.04380923076923077
0.016480615384615385
0.04839876923076923
0.06550523076923077
0.0771876923076923
0.07802215384615384
0.0880356923076923
0.08907876923076924
0.086784
0.0826116923076923
0.0717636923076923
0.06821723076923077
0.05111076923076923
0.03421292307692308
0.024199384615384616
0.006049846153846154
-0.0070929230769230765
-0.026285538461538457
-0.03421292307692308
-0.01668923076923077
-0.0006258461538461538
0.02795446153846154
0.05862092307692307
0.07885661538461539
0.11306953846153844
0.13852061538461538
0.14874276923076923
0.13747753846153846
0.11390399999999999
0.10430769230769231
0.08490646153846154
0.05236246153846154
0.01043076923076923
-0.03921969230769231
-0.0744756923076923
-0.09971815384615385
-0.11494707692307692
-0.11327815384615383
-0.10201292307692307
-0.06133292307692308
-0.005424
0.04422646153846154
0.09554584615384615
0.12808984615384614
0.16271999999999998
0.20006215384615383
0.20778092307692309
0.2021483076923077
0.18525046153846153
0.16209415384615386
0.146448
0.12204
0.09241661538461539
0.06592246153846154
0.029623384615384614
0.006884307692307692
-0.014603076923076923
-0.03963692307692308
-0.056326153846153845
-0.07301538461538462
-0.06362769230769232
-0.04944184615384615
-0.030875076923076922
0.0029206153846153843
0.023364923076923075
0.040679999999999994
0.05194523076923077
0.05799507692307692
0.07677046153846154
0.0988836923076923
0.1205796923076923
0.12683815384615382
0.10994030769230768
0.0892873846153846
0.06133292307692308
0.029623384615384614
-0.009596307692307692
-0.05736923076923077
-0.09784061538461537
-0.12224861538461537
-0.11578153846153846
-0.08907876923076924
-0.045060923076923075
0.015020307692307692
0.086784
0.1704387692307692
0.23782153846153845
0.26911384615384615
0.25805723076923076
0.2194633846153846
0.1612596923076923
0.08991323076923076
0.012308307692307691
-0.06362769230769232
-0.12516923076923075
-0.16710092307692306
-0.1691870769230769
-0.14123261538461537
-0.08615815384615384
-0.01856676923076923
0.04318338461538461
0.10368184615384615
0.14519630769230768
0.1612596923076923
0.15354092307692307
0.13247076923076923
0.07572738461538461
-0.0006258461538461538
-0.056951999999999996
-0.09700615384615385
-0.11244369230769231
-0.12016246153846154
-0.10618523076923077
-0.07134646153846153
-0.030040615384615384
0.025033846153846153
0.073224
0.09867507692307692
0.08699261538461538
0.05382276923076923
0.01668923076923077
-0.020652923076923076
-0.06279323076923077
-0.10514215384615383
-0.1341396923076923
-0.13664307692307692
-0.111192
-0.07426707692307692
-0.026076923076923077
0.013142769230769229
0.03838523076923077
0.04902461538461538
0.030040615384615384
-0.004589538461538461
-0.05507446153846154
-0.10994030769230768
-0.15604430769230768
-0.18107815384615383
-0.17023015384615386
-0.13914646153846155
-0.08386338461538462
-0.015646153846153844
0.056951999999999996
0.12704676923076924
0.1858763076923077
0.2303113846153846
0.23782153846153845
0.2157083076923077
0.16772676923076923
0.10743692307692307
0.04819015384615385
-0.017940923076923077
-0.08490646153846154
-0.12975876923076923
-0.1422756923076923
-0.13789476923076924
-0.1218313846153846
-0.09408553846153846
-0.052153846153846155
-0.012099692307692308
0.02273907692307692
0.059872615384615385
0.07843938461538462
0.08177723076923075
0.07030338461538461
0.041514461538461535
0.007510153846153846
-0.04380923076923077
-0.09387692307692307
-0.13372246153846154
-0.1712732307692308
-0.18525046153846153
-0.18149538461538461
-0.1639716923076923
-0.12808984615384614
-0.09283384615384616
-0.05507446153846154
-0.016897846153846156
0.02086153846153846
0.05382276923076923
0.05528307692307692
0.04902461538461538
0.03609046153846154
0.018983999999999997
0.015020307692307692
-0.0012516923076923076
-0.004589538461538461
-0.0004172307692307692
0.012308307692307691
0.04547815384615384
0.06362769230769232
0.07134646153846153
0.07259815384615384
0.06821723076923077
0.07072061538461538
0.07426707692307692
0.07614461538461538
0.07218092307692307
0.06550523076923077
0.06487938461538462
0.06133292307692308
0.04985907692307692
0.03755076923076923
0.016480615384615385
-0.006675692307692307
-0.018358153846153843
-0.013351384615384614
-0.008136
-0.00855323076923077
-0.009179076923076922
-0.017940923076923077
-0.018775384615384614
-0.015437538461538461
-0.0070929230769230765
-0.0029206153846153843
-0.0016689230769230767
0.014394461538461538
0.0448523076923077
0.08887015384615385
0.11432123076923076
0.127464
0.13247076923076923
0.12496061538461539
0.11911938461538461
0.09846646153846153
0.061750153846153844
0.00855323076923077
-0.05590892307692308
-0.09596307692307693
-0.10952307692307692
-0.0974233846153846
-0.06300184615384616
-0.026702769230769228
0.022947692307692308
0.08302892307692307
0.14081538461538462
0.18900553846153845
0.20840676923076923
0.20256553846153844
0.16710092307692306
0.11870215384615385
0.06988615384615385
0.016480615384615385
-0.017523692307692306
-0.04422646153846154
-0.058829538461538454
-0.04318338461538461
-0.011473846153846154
0.02357353846153846
0.04380923076923077
0.05173661538461538
0.053614153846153846
0.04401784615384615
0.020027076923076922
-0.015020307692307692
-0.05403138461538461
-0.0853236923076923
-0.10076123076923077
-0.10493353846153847
-0.09679753846153846
-0.08135999999999999
-0.06863446153846153
-0.05236246153846154
-0.030040615384615384
-0.010848
0.0
-0.005841230769230769
-0.025033846153846153
-0.052153846153846155
-0.07948246153846153
-0.10472492307692308
-0.1287156923076923
-0.14686523076923075
-0.14561353846153846
-0.10743692307692307
-0.04819015384615385
0.02086153846153846
0.0897046153846154
0.14686523076923075
0.18712800000000002
0.20131384615384615
0.19025723076923076
0.15291507692307693
0.08991323076923076
0.01043076923076923
-0.05945538461538461
-0.10347323076923076
-0.11724184615384614
-0.09471138461538461
-0.04380923076923077
0.023364923076923075
0.09950953846153845
0.165432
0.21007569230769232
0.21737723076923077
0.18253846153846154
0.13038461538461538
0.07134646153846153
0.006884307692307692
-0.05945538461538461
-0.1178676923076923
-0.15667015384615385
-0.1733593846153846
-0.1718990769230769
-0.15500123076923078
-0.12266584615384615
-0.0826116923076923
-0.03379569230769231
0.02858030769230769
0.08469784615384615
0.13038461538461538
0.15750461538461538
0.1570873846153846
0.13706030769230768
0.09533723076923077
0.042974769230769226
-0.013768615384615384
-0.062376
-0.08720123076923077
-0.08469784615384615
-0.05590892307692308
-0.014811692307692307
0.030875076923076922
0.07405846153846153
0.09992676923076924
0.11995384615384615
0.13330523076923076
0.1341396923076923
0.13309661538461537
0.11828492307692307
0.09930092307692308
0.08240307692307691
0.06446215384615385
0.041514461538461535
0.013142769230769229
-0.01668923076923077
-0.044435076923076924
-0.062376
-0.07781353846153846
-0.08240307692307691
-0.08177723076923075
-0.059872615384615385
-0.010639384615384617
0.03567323076923076
0.08428061538461538
0.12913292307692306
0.14978584615384616
0.15187199999999998
0.132888
0.07614461538461538
0.02023569230769231
-0.040054153846153843
-0.08845292307692308
-0.13518276923076925
-0.18128676923076922
-0.19380369230769232
-0.165432
-0.0961716923076923
0.026076923076923077
0.2399076923076923
0.26306399999999996
0.2655673846153846
0.301032
0.23844738461538462
0.29915446153846154
0.15228923076923076
-0.03901107692307692
-0.22843384615384613
-0.4170221538461538
-0.35986153846153845
-0.3826006153846154
-0.33607938461538456
-0.3141747692307692
-0.25471938461538457
0.005424
0.18337292307692307
0.4280787692307692
0.48336184615384614
0.3961606153846154
0.3811403076923077
0.24011630769230768
0.19338646153846153
0.07343261538461537
-0.1341396923076923
-0.1910916923076923
-0.3454670769230769
-0.3581926153846154
-0.23949046153846154
-0.18858830769230767
-0.003963692307692307
0.07656184615384615
0.1435273846153846
0.2624381538461539
0.2899753846153846
0.40888615384615384
0.425784
0.3279433846153846
0.2207150769230769
0.06592246153846154
0.028163076923076923
-0.029623384615384614
-0.13914646153846155
-0.21633415384615384
-0.3187643076923077
-0.2795446153846154
-0.18274707692307693
-0.12141415384615384
-0.02482523076923077
0.0016689230769230767
0.06216738461538462
0.16584923076923075
0.18921415384615384
0.23093723076923076
0.214248
0.15771323076923077
0.16209415384615386
0.12955015384615384
0.10868861538461538
0.05403138461538461
-0.04756430769230769
-0.1136953846153846
-0.1873366153846154
-0.21904615384615383
-0.2207150769230769
-0.18253846153846154
-0.116616
-0.0988836923076923
-0.02023569230769231
0.0771876923076923
0.1435273846153846
0.21883753846153844
0.1867107692307692
0.13247076923076923
0.06300184615384616
-0.04422646153846154
-0.08887015384615385
-0.18232984615384615
-0.2638984615384615
-0.28893230769230765
-0.30290953846153845
-0.24762646153846155
-0.19693292307692306
-0.13643446153846153
-0.02586830769230769
0.07635323076923077
0.16480615384615382
0.2059033846153846
0.21925476923076925
0.22989415384615383
0.1800350769230769
0.11578153846153846
0.019609846153846155
-0.0974233846153846
-0.146448
-0.19735015384615384
-0.20131384615384615
-0.15667015384615385
-0.12204
-0.022947692307692308
0.07405846153846153
0.15562707692307692
0.24720923076923076
0.28267384615384616
0.29498215384615384
0.2620209230769231
0.1775316923076923
0.06946892307692307
-0.06321046153846153
-0.14999446153846155
-0.20632061538461538
-0.23385784615384617
-0.2290596923076923
-0.22134092307692307
-0.1504116923076923
-0.05820369230769231
0.033169846153846154
0.14206707692307693
0.19213476923076922
0.22989415384615383
0.2722430769230769
0.273912
0.25930892307692305
0.18358153846153846
0.0798996923076923
0.013768615384615384
-0.04902461538461538
-0.09512861538461538
-0.13789476923076924
-0.18232984615384615
-0.18086953846153844
-0.15187199999999998
-0.08198584615384615
0.012099692307692308
0.0853236923076923
0.1476996923076923
0.16751815384615384
0.1800350769230769
0.19714153846153845
0.18107815384615383
0.16835261538461538
0.11390399999999999
0.035464615384615386
-0.02586830769230769
-0.09137353846153846
-0.10764553846153846
-0.13080184615384613
-0.19442953846153843
-0.2273907692307692
-0.23949046153846154
-0.19818461538461538
-0.11557292307692307
-0.04714707692307692
0.017940923076923077
0.06529661538461538
0.12329169230769231
0.19150892307692308
0.21883753846153844
0.2073636923076923
0.14290153846153844
0.058412307692307694
-0.01043076923076923
-0.07843938461538462
-0.12537784615384615
-0.1693956923076923
-0.19985353846153847
-0.1913003076923077
-0.16334584615384617
-0.09784061538461537
-0.019192615384615384
0.03963692307692308
0.09158215384615384
0.1205796923076923
0.1504116923076923
0.18086953846153844
0.17732307692307692
0.14311015384615386
0.06321046153846153
-0.023364923076923075
-0.08699261538461538
-0.12642092307692307
-0.1395636923076923
-0.1656406153846154
-0.1792006153846154
-0.15124615384615384
-0.09429415384615383
-0.009179076923076922
0.05194523076923077
0.09721476923076922
0.15270646153846154
0.19317784615384614
0.24303692307692307
0.26494153846153845
0.2503384615384615
0.225096
0.1783661538461538
0.14394461538461537
0.10868861538461538
0.05194523076923077
-0.010013538461538461
-0.08177723076923075
-0.13706030769230768
-0.1693956923076923
-0.18086953846153844
-0.1656406153846154
-0.14582215384615385
-0.10117846153846152
-0.03504738461538461
0.03024923076923077
0.09971815384615385
0.14144123076923076
0.15896492307692306
0.15270646153846154
0.09804923076923076
0.03108369230769231
-0.037967999999999995
-0.11494707692307692
-0.1794092307692308
-0.2399076923076923
-0.2751636923076923
-0.2716172307692308
-0.24637476923076923
-0.18483323076923078
-0.1028473846153846
-0.008761846153846153
0.08115138461538463
0.15270646153846154
0.20798953846153845
0.238656
0.2572227692307692
0.2503384615384615
0.2127876923076923
0.15166338461538462
0.08010830769230769
0.01981846153846154
-0.017523692307692306
-0.034630153846153845
-0.03984553846153846
-0.03838523076923077
-0.02795446153846154
0.006467076923076923
0.05924676923076923
0.1151556923076923
0.14728246153846153
0.14853415384615384
0.1356
0.11724184615384614
0.09992676923076924
0.07259815384615384
0.024616615384615383
-0.03275261538461539
-0.07927384615384615
-0.10368184615384615
-0.10931446153846153
-0.10618523076923077
-0.09158215384615384
-0.06654830769230768
-0.03880246153846154
-0.006049846153846154
0.025033846153846153
0.05820369230769231
0.07802215384615384
0.07843938461538462
0.08031692307692308
0.08010830769230769
0.07927384615384615
0.07072061538461538
0.03921969230769231
0.006675692307692307
-0.008136
-0.011682461538461537
-0.006884307692307692
-0.011265230769230769
-0.02795446153846154
-0.03275261538461539
-0.01981846153846154
0.01272553846153846
0.05674338461538461
0.07656184615384615
0.08699261538461538
0.09930092307692308
0.1070196923076923
0.10764553846153846
0.07468430769230769
0.022947692307692308
-0.0448523076923077
-0.10660246153846153
-0.1353913846153846
-0.146448
-0.13852061538461538
-0.12329169230769231
-0.08594953846153845
-0.01981846153846154
0.049233230769230765
0.11432123076923076
0.1558356923076923
0.1718990769230769
0.16167692307692308
0.13476553846153844
0.09846646153846153
0.03880246153846154
-0.030875076923076922
-0.09387692307692307
-0.1424843076923077
-0.165432
-0.15813046153846153
-0.1358086153846154
-0.0892873846153846
-0.02858030769230769
0.03713353846153846
0.11035753846153845
0.16772676923076923
0.1908830769230769
0.1712732307692308
0.11599015384615384
0.040679999999999994
-0.029832
-0.09679753846153846
-0.1585476923076923
-0.19985353846153847
-0.21612553846153845
-0.1860849230769231
-0.11411261538461538
-0.020027076923076922
0.07551876923076924
0.15479261538461536
0.21883753846153844
0.25930892307692305
0.27140861538461536
0.23510953846153848
0.15771323076923077
0.06884307692307692
-0.010848
-0.05820369230769231
-0.08156861538461539
-0.07593599999999999
-0.037967999999999995
0.015020307692307692
0.07489292307692308
0.13080184615384613
0.16230276923076925
0.1656406153846154
0.13706030769230768
0.08219446153846154
0.014185846153846153
-0.06279323076923077
-0.14185846153846154
-0.20986707692307693
-0.25659692307692306
-0.2659846153846154
-0.23135446153846154
-0.17252492307692308
-0.09992676923076924
-0.02586830769230769
0.052153846153846155
0.12955015384615384
0.19025723076923076
0.21988061538461537
0.20402584615384614
0.157296
0.08386338461538462
0.0050067692307692304
-0.06154153846153846
-0.11348676923076922
-0.1435273846153846
-0.14457046153846154
-0.10597661538461538
-0.028788923076923077
0.07092923076923077
0.16480615384615382
0.23448369230769228
0.2709913846153846
0.2849686153846154
0.2776670769230769
0.23114584615384615
0.15145476923076923
0.044435076923076924
-0.06404492307692307
-0.14457046153846154
-0.19380369230769232
-0.20506892307692307
-0.1910916923076923
-0.15395815384615386
-0.10409907692307692
-0.04526953846153846
0.017523692307692306
0.054240000000000003
0.06863446153846153
0.06154153846153846
0.04380923076923077
0.028163076923076923
0.007510153846153846
-0.014394461538461538
-0.030040615384615384
-0.03984553846153846
-0.03066646153846154
0.0014603076923076922
0.030040615384615384
0.04631261538461538
0.045895384615384616
0.04172307692307692
0.041514461538461535
0.03504738461538461
0.019192615384615384
-0.0014603076923076922
-0.007927384615384614
0.0012516923076923076
0.03045784615384615
0.07551876923076924
0.11035753846153845
0.13247076923076923
0.14582215384615385
0.15208061538461537
0.15833907692307692
0.14916
0.11682461538461539
0.06154153846153846
-0.0077187692307692304
-0.06529661538461538
-0.11140061538461538
-0.1462393846153846
-0.17419384615384614
-0.1842073846153846
-0.16772676923076923
-0.12955015384615384
-0.05757784615384615
0.021904615384615383
0.0853236923076923
0.13393107692307693
0.15813046153846153
0.16209415384615386
0.13998092307692306
0.08761846153846153
0.018358153846153843
-0.05194523076923077
-0.10785415384615385
-0.13038461538461538
-0.1207883076923077
-0.10368184615384615
-0.07948246153846153
-0.05528307692307692
-0.016480615384615385
0.034630153846153845
0.07301538461538462
0.11056615384615384
0.13706030769230768
0.14603076923076924
0.15416676923076922
0.1424843076923077
0.10159569230769232
0.05507446153846154
-0.015854769230769228
-0.07426707692307692
-0.10263876923076923
-0.11953661538461538
-0.08574092307692306
-0.05674338461538461
0.07468430769230769
0.19985353846153847
0.19150892307692308
0.24866953846153847
0.22572184615384616
0.20444307692307692
0.16105107692307694
-0.006675692307692307
-0.15228923076923076
-0.33545353846153847
-0.3838523076923077
-0.3717526153846154
-0.35798399999999997
-0.27453784615384613
-0.21737723076923077
-0.03921969230769231
0.16334584615384617
0.33378461538461535
0.49087200000000003
0.47084492307692305
0.3988726153846154
0.2828824615384615
0.0936683076923077
-0.06529661538461538
-0.2822566153846154
-0.44309907692307693
-0.517992
-0.5910073846153846
-0.5029716923076922
-0.35005661538461535
-0.1666836923076923
0.06404492307692307
0.20652923076923077
0.3229366153846154
0.3684147692307692
0.36611999999999995
0.37363015384615383
0.29227015384615385
0.165432
0.03483876923076923
-0.05820369230769231
-0.08115138461538463
-0.10889723076923077
-0.13643446153846153
-0.16856123076923077
-0.19213476923076922
-0.14311015384615386
-0.08740984615384616
-0.02858030769230769
0.031918153846153846
0.05507446153846154
0.11202646153846153
0.1652233846153846
0.19359507692307693
0.23364923076923078
0.22113230769230768
0.21445661538461538
0.21466523076923077
0.17294215384615383
0.12850707692307692
0.035464615384615386
-0.07614461538461538
-0.19985353846153847
-0.33670523076923076
-0.4303735384615384
-0.48628246153846155
-0.46083138461538464
-0.4030449230769231
-0.3160523076923077
-0.1314276923076923
0.0717636923076923
0.2807963076923077
0.4620830769230769
0.5394793846153846
0.5530393846153846
0.48357046153846156
0.3513083076923077
0.19317784615384614
-0.021070153846153846
-0.21967199999999998
-0.37592492307692305
-0.47689476923076923
-0.4887858461538461
-0.43162523076923076
-0.2860116923076923
-0.0826116923076923
0.12329169230769231
0.31834707692307695
0.4750172307692308
0.6012295384615385
0.6713243076923077
0.6398233846153846
0.5348898461538462
0.34588430769230766
0.12579507692307693
-0.06759138461538462
-0.2628553846153846
-0.40054153846153845
-0.4752258461538461
-0.48398769230769234
-0.40554830769230765
-0.2943563076923077
-0.1476996923076923
0.010639384615384617
0.14790830769230767
0.2568055384615385
0.3116713846153846
0.3129230769230769
0.260352
0.18212123076923076
0.0963803076923077
0.0050067692307692304
-0.06383630769230769
-0.12141415384615384
-0.16751815384615384
-0.1721076923076923
-0.143736
-0.09241661538461539
-0.04109723076923077
-0.020652923076923076
0.021070153846153846
0.0798996923076923
0.1178676923076923
0.15374953846153847
0.15750461538461538
0.16042523076923076
0.1783661538461538
0.1802436923076923
0.18650215384615382
0.1696043076923077
0.13643446153846153
0.100344
0.06028984615384615
0.038176615384615385
-0.006884307692307692
-0.051319384615384614
-0.08448923076923077
-0.12600369230769232
-0.13622584615384614
-0.13351384615384615
-0.10952307692307692
-0.06592246153846154
-0.04172307692307692
-0.014185846153846153
0.021696
0.06717415384615384
0.11411261538461538
0.11265230769230769
0.07635323076923077
0.03483876923076923
-0.021070153846153846
-0.07593599999999999
-0.13914646153846155
-0.20986707692307693
-0.2780843076923077
-0.328152
-0.30937661538461536
-0.252216
-0.18086953846153844
-0.10994030769230768
-0.058829538461538454
0.011473846153846154
0.07510153846153846
0.10910584615384614
0.12162276923076921
0.09074769230769231
0.04276615384615385
-0.008970461538461538
-0.052571076923076915
-0.06571384615384615
-0.07426707692307692
-0.0880356923076923
-0.09491999999999999
-0.07843938461538462
-0.02545107692307692
0.02753723076923077
0.07259815384615384
0.09554584615384615
0.08323753846153846
0.07197230769230768
0.05736923076923077
0.04401784615384615
0.020652923076923076
-0.019192615384615384
-0.03442153846153846
-0.023990769230769232
0.006049846153846154
0.03963692307692308
0.06529661538461538
0.09825784615384614
0.132888
0.16251138461538459
0.17732307692307692
0.15687876923076924
0.10055261538461538
0.03024923076923077
-0.03713353846153846
-0.08469784615384615
-0.11140061538461538
-0.12266584615384615
-0.10764553846153846
-0.06070707692307692
0.01940123076923077
0.1136953846153846
0.19672430769230767
0.25242461538461536
0.26619323076923074
0.2482523076923077
0.20006215384615383
0.12016246153846154
0.02899753846153846
-0.059664
-0.12496061538461539
-0.15500123076923078
-0.14290153846153844
-0.07927384615384615
0.013560000000000001
0.12308307692307692
0.23448369230769228
0.3202246153846154
0.36778892307692307
0.37050092307692306
0.31918153846153846
0.22008923076923076
0.10681107692307691
-0.012099692307692308
-0.11494707692307692
-0.17732307692307692
-0.20506892307692307
-0.1760713846153846
-0.09784061538461537
-0.002086153846153846
0.08991323076923076
0.15374953846153847
0.18629353846153843
0.18212123076923076
0.143736
0.07948246153846153
-0.009179076923076922
-0.11014892307692307
-0.20047938461538461
-0.25054707692307693
-0.24449723076923074
-0.20256553846153844
-0.1316363076923077
-0.040679999999999994
0.056326153846153845
0.15520984615384617
0.23052
0.26535876923076923
0.25805723076923076
0.20339999999999997
0.11557292307692307
0.026494153846153844
-0.05716061538461538
-0.12704676923076924
-0.18629353846153843
-0.2225926153846154
-0.20423446153846153
-0.14436184615384615
-0.04860738461538461
0.05862092307692307
0.1504116923076923
0.21737723076923077
0.25513661538461535
0.2532590769230769
0.19797599999999999
0.09992676923076924
-0.023782153846153845
-0.1424843076923077
-0.23364923076923078
-0.28893230769230765
-0.30436984615384616
-0.2891409230769231
-0.23677846153846152
-0.14018953846153845
-0.02315630769230769
0.08845292307692308
0.1635544615384615
0.19025723076923076
0.18921415384615384
0.16626646153846153
0.12808984615384614
0.07677046153846154
0.008344615384615384
-0.05716061538461538
-0.11745046153846153
-0.15416676923076922
-0.1506203076923077
-0.13455692307692307
-0.10931446153846153
-0.07510153846153846
-0.02586830769230769
0.03609046153846154
0.08636676923076922
0.12725538461538463
0.14164984615384615
0.12245723076923076
0.09930092307692308
0.07551876923076924
0.059038153846153844
0.03379569230769231
-0.002086153846153846
-0.029414769230769227
-0.045895384615384616
-0.04172307692307692
-0.03692492307692308
-0.033169846153846154
-0.03400430769230769
-0.04088861538461538
-0.03859384615384615
-0.03942830769230769
-0.045895384615384616
-0.05507446153846154
-0.052153846153846155
-0.018358153846153843
0.030875076923076922
0.08574092307692306
0.13914646153846155
0.18128676923076922
0.20256553846153844
0.19735015384615384
0.1718990769230769
0.13038461538461538
0.06341907692307691
-0.023364923076923075
-0.09971815384615385
-0.15917353846153848
-0.17690584615384616
-0.1558356923076923
-0.10994030769230768
-0.03379569230769231
0.05382276923076923
0.14561353846153846
0.22801661538461537
0.2799618461538461
0.2953993846153846
0.27871015384615383
0.2342750769230769
0.17377661538461536
0.0988836923076923
0.005215384615384615
-0.0897046153846154
-0.16230276923076925
-0.19630707692307692
-0.19735015384615384
-0.17377661538461536
-0.12537784615384615
-0.048816000000000005
0.04693846153846153
0.14916
0.2422024615384615
0.29185292307692307
0.2947735384615384
0.2559710769230769
0.18525046153846153
0.10514215384615383
0.009179076923076922
-0.09408553846153846
-0.1792006153846154
-0.22843384615384613
-0.2357353846153846
-0.2073636923076923
-0.14811692307692306
-0.07739630769230768
-0.009596307692307692
0.04902461538461538
0.08615815384615384
0.10472492307692308
0.08636676923076922
0.03504738461538461
-0.027745846153846152
-0.09950953846153845
-0.14999446153846155
-0.17481969230769231
-0.19359507692307693
-0.19672430769230767
-0.18796246153846152
-0.15750461538461538
-0.11286092307692308
-0.07635323076923077
-0.041514461538461535
-0.023990769230769232
-0.021696
-0.02482523076923077
-0.027745846153846152
-0.03024923076923077
-0.04401784615384615
-0.05507446153846154
-0.042974769230769226
-0.009387692307692307
0.03212676923076923
0.07030338461538461
0.09408553846153846
0.11160923076923077
0.11599015384615384
0.09658892307692307
0.055491692307692304
-0.0025033846153846152
-0.062376
-0.11995384615384615
-0.15646153846153846
-0.16334584615384617
-0.1476996923076923
-0.11056615384615384
-0.06195876923076923
-0.0018775384615384615
0.061124307692307686
0.10722830769230769
0.1353913846153846
0.13643446153846153
0.11140061538461538
0.07092923076923077
0.022947692307692308
-0.011891076923076923
-0.04631261538461538
-0.07843938461538462
-0.08469784615384615
-0.06571384615384615
-0.023364923076923075
0.026911384615384615
0.07468430769230769
0.11974523076923077
0.16418030769230768
0.20798953846153845
0.23135446153846154
0.222384
0.18754523076923074
0.13393107692307693
0.07843938461538462
0.03963692307692308
0.010848
-0.017523692307692306
-0.03588184615384615
-0.03379569230769231
-0.008761846153846153
0.02211323076923077
0.04631261538461538
0.05653476923076922
0.03755076923076923
0.0016689230769230767
-0.027328615384615382
-0.040054153846153843
-0.06070707692307692
-0.09241661538461539
-0.13998092307692306
-0.1883796923076923
-0.22530461538461538
-0.28204799999999997
-0.26640184615384616
-0.19651569230769228
-0.10013538461538461
0.056951999999999996
0.22321846153846153
0.4205686153846153
0.584123076923077
0.6832153846153847
0.7086664615384615
0.6529661538461539
0.5083956923076923
0.2782929230769231
0.059664
-0.1733593846153846
-0.3319070769230769
-0.4124326153846154
-0.4593710769230769
-0.40095876923076923
-0.29352184615384613
-0.11140061538461538
0.08699261538461538
0.24846092307692308
0.35860984615384617
0.37363015384615383
0.32982092307692307
0.20924123076923076
0.07384984615384615
-0.10055261538461538
-0.2926873846153846
-0.38343507692307693
-0.4145187692307692
-0.33649661538461534
-0.17565415384615385
-0.0033378461538461535
0.19442953846153843
0.29748553846153847
0.3310726153846154
0.33712246153846154
0.23823876923076923
0.12329169230769231
-0.006258461538461538
-0.1314276923076923
-0.17628
-0.1639716923076923
-0.04839876923076923
0.10535076923076922
0.22989415384615383
0.3212676923076923
0.34504984615384615
0.3425464615384616
0.2891409230769231
0.17419384615384614
0.035255999999999996
-0.14394461538461537
-0.2837169230769231
-0.36674584615384614
-0.41952553846153845
-0.4026276923076923
-0.3558978461538462
-0.25659692307692306
-0.08344615384615384
0.10576799999999999
0.30270092307692303
0.4564504615384615
0.4921236923076923
0.4378836923076923
0.2979027692307692
0.08845292307692308
-0.13205353846153844
-0.3415033846153846
-0.4779378461538461
-0.5186178461538461
-0.45916246153846146
-0.2931046153846154
-0.06946892307692307
0.1635544615384615
0.3481790769230769
0.47272246153846154
0.5161144615384615
0.4564504615384615
0.3442153846153846
0.1792006153846154
-0.011056615384615385
-0.16856123076923077
-0.2774584615384615
-0.3095852307692307
-0.2789187692307692
-0.2221753846153846
-0.13393107692307693
-0.03108369230769231
0.07030338461538461
0.16334584615384617
0.20652923076923077
0.20193969230769232
0.15145476923076923
0.05736923076923077
-0.06341907692307691
-0.18942276923076923
-0.28768061538461537
-0.3573581538461538
-0.3727956923076923
-0.3279433846153846
-0.24199384615384617
-0.09387692307692307
0.062376
0.19192615384615386
0.29498215384615384
0.3202246153846154
0.2899753846153846
0.20277415384615383
0.05277969230769231
-0.09262523076923077
-0.214248
-0.2860116923076923
-0.2853858461538461
-0.233232
-0.13351384615384615
0.0002086153846153846
0.14686523076923075
0.26786215384615386
0.32836061538461536
0.3294036923076923
0.2666104615384615
0.1666836923076923
0.05111076923076923
-0.0744756923076923
-0.17377661538461536
-0.2503384615384615
-0.2947735384615384
-0.27182584615384614
-0.20632061538461538
-0.11849353846153846
-0.026494153846153844
0.03713353846153846
0.09554584615384615
0.13768615384615385
0.13330523076923076
0.103056
0.03609046153846154
-0.045060923076923075
-0.10889723076923077
-0.14874276923076923
-0.1506203076923077
-0.1341396923076923
-0.09784061538461537
-0.049233230769230765
0.01940123076923077
0.1097316923076923
0.17815753846153848
0.2290596923076923
0.22989415384615383
0.19171753846153847
0.14540492307692307
0.0853236923076923
0.04631261538461538
0.009179076923076922
-0.01814953846153846
0.0050067692307692304
0.06800861538461538
0.15875630769230767
0.2517987692307692
0.31000246153846156
0.32231076923076923
0.28267384615384616
0.19839323076923077
0.08574092307692306
-0.06133292307692308
-0.208824
-0.33670523076923076
-0.41368430769230763
-0.40575692307692307
-0.3375396923076923
-0.21842030769230766
-0.08135999999999999
0.06821723076923077
0.23052
0.36215630769230767
0.4514436923076923
0.48294461538461536
0.4387181538461538
0.3392086153846154
0.20444307692307692
0.054240000000000003
-0.09304246153846155
-0.22989415384615383
-0.32210215384615387
-0.344424
-0.3035353846153846
-0.21529107692307692
-0.09658892307692307
0.026285538461538457
0.13205353846153844
0.21696000000000001
0.2624381538461539
0.26368984615384616
0.2236356923076923
0.1397723076923077
0.042974769230769226
-0.042974769230769226
-0.12162276923076921
-0.1779489230769231
-0.20632061538461538
-0.19860184615384616
-0.1558356923076923
-0.09533723076923077
-0.01814953846153846
0.05674338461538461
0.11098338461538461
0.1397723076923077
0.1489513846153846
0.13747753846153846
0.08782707692307692
0.021904615384615383
-0.06383630769230769
-0.14728246153846153
-0.18650215384615382
-0.20256553846153844
-0.18232984615384615
-0.1341396923076923
-0.07635323076923077
-0.004172307692307692
0.06049846153846154
0.10514215384615383
0.11098338461538461
0.06717415384615384
-0.007301538461538462
-0.08636676923076922
-0.16042523076923076
-0.2238443076923077
-0.2682793846153846
-0.28350830769230767
-0.2559710769230769
-0.19067446153846154
-0.10868861538461538
-0.03713353846153846
0.01668923076923077
0.04693846153846153
0.050067692307692306
0.04422646153846154
0.02044430769230769
-0.022530461538461537
-0.07134646153846153
-0.10660246153846153
-0.10576799999999999
-0.06383630769230769
0.013142769230769229
0.09763200000000001
0.17398523076923075
0.23239753846153846
0.2803790769230769
0.30520430769230766
0.28893230769230765
0.2438713846153846
0.1666836923076923
0.08344615384615384
0.017315076923076923
-0.015854769230769228
-0.015437538461538461
0.0014603076923076922
0.03859384615384615
0.09930092307692308
0.18754523076923074
0.2643156923076923
0.30249230769230767
0.301032
0.24908676923076922
0.16501476923076921
0.06446215384615385
-0.03650769230769231
-0.13872923076923074
-0.241368
-0.3087507692307692
-0.31250584615384613
-0.2497126153846154
-0.13914646153846155
-0.005215384615384615
0.13372246153846154
0.2601433846153846
0.3611132307692308
0.417648
0.40513107692307687
0.33002953846153843
0.20861538461538462
0.07113784615384615
-0.04819015384615385
-0.13267938461538462
-0.1779489230769231
-0.18983999999999998
-0.15687876923076924
-0.07906523076923076
0.028788923076923077
0.14436184615384615
0.233232
0.2897667692307692
0.3049956923076923
0.28392553846153845
0.24574892307692306
0.1733593846153846
0.08574092307692306
-0.01397723076923077
-0.11557292307692307
-0.1802436923076923
-0.22676492307692306
-0.24658338461538462
-0.24491446153846153
-0.23156307692307693
-0.18170399999999998
-0.11578153846153846
-0.04714707692307692
0.009804923076923077
0.03838523076923077
0.06300184615384616
0.07969107692307692
0.09387692307692307
0.10535076923076922
0.09325107692307691
0.078648
0.05444861538461539
0.030040615384615384
0.019192615384615384
-0.003755076923076923
-0.029623384615384614
-0.05590892307692308
-0.0826116923076923
-0.0974233846153846
-0.11640738461538462
-0.12767261538461538
-0.12683815384615382
-0.11140061538461538
-0.06717415384615384
-0.014185846153846153
0.045060923076923075
0.10055261538461538
0.132888
0.14123261538461537
0.12245723076923076
0.08344615384615384
0.028371692307692306
-0.04693846153846153
-0.12558646153846154
-0.18399876923076922
-0.20819815384615384
-0.19213476923076922
-0.14728246153846153
-0.0744756923076923
0.020027076923076922
0.12162276923076921
0.23531815384615382
0.3375396923076923
0.39741230769230773
0.4145187692307692
0.3890676923076923
0.33315876923076926
0.24700061538461537
0.13998092307692306
0.02795446153846154
-0.08156861538461539
-0.1666836923076923
-0.21904615384615383
-0.2207150769230769
-0.18545907692307692
-0.12850707692307692
-0.04380923076923077
0.05090215384615384
0.14999446153846155
0.22822523076923076
0.26869661538461537
0.26869661538461537
0.22593046153846155
0.15208061538461537
0.05403138461538461
-0.059038153846153844
-0.17169046153846151
-0.2697396923076923
-0.3379569230769231
-0.35965292307692304
-0.3415033846153846
-0.2828824615384615
-0.20423446153846153
-0.11557292307692307
-0.021070153846153846
0.05862092307692307
0.12850707692307692
0.16480615384615382
0.1635544615384615
0.13455692307692307
0.0853236923076923
0.04088861538461538
0.0008344615384615384
-0.040262769230769234
-0.06946892307692307
-0.08323753846153846
-0.073224
-0.03692492307692308
-0.0012516923076923076
0.03442153846153846
0.05716061538461538
0.06529661538461538
0.06905169230769231
0.056951999999999996
0.04756430769230769
0.029832
0.011473846153846154
0.009179076923076922
0.012934153846153845
0.028371692307692306
0.03942830769230769
0.03963692307692308
0.028788923076923077
0.003963692307692307
-0.024199384615384616
-0.054657230769230764
-0.09804923076923076
-0.14519630769230768
-0.1856676923076923
-0.20861538461538462
-0.2056947692307692
-0.1923433846153846
-0.15771323076923077
-0.10159569230769232
-0.025659692307692307
0.06446215384615385
0.1449876923076923
0.20652923076923077
0.22947692307692308
0.21612553846153845
0.18107815384615383
0.12683815384615382
0.053405538461538456
-0.03108369230769231
-0.11640738461538462
-0.1869193846153846
-0.22822523076923076
-0.2303113846153846
-0.18775384615384613
-0.10743692307692307
-0.01272553846153846
0.08302892307692307
0.17982646153846152
0.26160369230769226
0.31083692307692307
0.31188
0.2699483076923077
0.19964492307692308
0.10806276923076923
-0.0029206153846153843
-0.11244369230769231
-0.21696000000000001
-0.29456492307692306
-0.3243969230769231
-0.31772123076923076
-0.2737033846153846
-0.22843384615384613
-0.1883796923076923
-0.16438892307692307
-0.11599015384615384
-0.0016689230769230767
0.11724184615384614
0.260352
0.39282276923076925
0.49400123076923075
0.5989347692307692
0.6391975384615384
0.6202135384615385
0.4983821538461538
0.2887236923076923
0.04944184615384615
-0.19359507692307693
-0.4072172307692307
-0.6273064615384616
-0.7658270769230768
-0.8252824615384615
-0.7635323076923076
-0.5592978461538461
-0.2979027692307692
0.026076923076923077
0.33315876923076926
0.5955969230769231
0.7804301538461538
0.8273686153846153
0.7391243076923076
0.5252935384615384
0.225096
-0.1316363076923077
-0.46354338461538463
-0.7307796923076922
-0.889536
-0.8853636923076923
-0.7545618461538461
-0.509856
-0.19693292307692306
0.12934153846153845
0.44393353846153844
0.6723673846153846
0.7777181538461537
0.8067156923076922
0.7353692307692308
0.591216
0.409512
0.1779489230769231
-0.05528307692307692
-0.28163076923076924
-0.458328
-0.5663907692307691
-0.6248030769230769
-0.6172929230769231
-0.536976
-0.3707095384615384
-0.16084246153846155
0.03150092307692308
0.20173107692307693
0.31918153846153846
0.39699507692307695
0.4387181538461538
0.4082603076923077
0.3342018461538461
0.22029784615384615
0.09074769230769231
-0.02232184615384615
-0.13393107692307693
-0.2436627692307692
-0.33253292307692306
-0.40930338461538457
-0.45269538461538456
-0.442056
-0.38343507692307693
-0.2680707692307692
-0.10514215384615383
0.0892873846153846
0.2912270769230769
0.48357046153846156
0.6369027692307692
0.7272332307692306
0.7238953846153846
0.5999778461538462
0.41681353846153846
0.21612553846153845
0.0002086153846153846
-0.20047938461538461
-0.37947138461538454
-0.500676923076923
-0.5386449230769231
-0.5056836923076923
-0.39303138461538456
-0.21904615384615383
-0.009596307692307692
0.2138307692307692
0.4291218461538462
0.5978916923076923
0.672576
0.6575556923076923
0.5555427692307692
0.37300430769230764
0.15896492307692306
-0.08073415384615384
-0.31041969230769234
-0.48419630769230765
-0.6089483076923077
-0.6356510769230769
-0.5618012307692307
-0.4120153846153846
-0.18983999999999998
0.045060923076923075
0.2591003076923077
0.4349630769230769
0.5503273846153846
0.5983089230769231
0.5709803076923077
0.466464
0.31125415384615385
0.138312
-0.042557538461538466
-0.20840676923076923
-0.33524492307692305
-0.417648
-0.4372578461538461
-0.37613353846153846
-0.2620209230769231
-0.11724184615384614
0.03838523076923077
0.1733593846153846
0.2851772307692308
0.36299076923076923
0.39407446153846154
0.37321292307692305
0.306456
0.20632061538461538
0.08991323076923076
-0.008344615384615384
-0.09074769230769231
-0.13852061538461538
-0.1422756923076923
-0.12266584615384615
-0.06696553846153847
-0.02044430769230769
0.006258461538461538
0.03275261538461539
0.042557538461538466
0.05173661538461538
0.06550523076923077
0.07593599999999999
0.08219446153846154
0.086784
0.08615815384615384
0.08720123076923077
0.08448923076923077
0.06195876923076923
0.041514461538461535
0.01856676923076923
-0.004589538461538461
-0.017523692307692306
-0.02524246153846154
-0.029414769230769227
-0.026494153846153844
-0.016063384615384615
0.010848
0.05924676923076923
0.11035753846153845
0.14978584615384616
0.15959076923076923
0.14874276923076923
0.12391753846153845
0.09137353846153846
0.043600615384615383
-0.021904615384615383
-0.08323753846153846
-0.12391753846153845
-0.13476553846153844
-0.12934153846153845
-0.10159569230769232
-0.054240000000000003
0.008136
0.09450276923076922
0.1858763076923077
0.24887815384615386
0.25930892307692305
0.21633415384615384
0.13810338461538463
0.03358707692307692
-0.08219446153846154
-0.20778092307692309
-0.3350363076923077
-0.43287692307692305
-0.48649107692307686
-0.4652123076923077
-0.3826006153846154
-0.2578486153846154
-0.09033046153846153
0.07656184615384615
0.22300984615384614
0.33065538461538463
0.37884553846153846
0.3623649230769231
0.2776670769230769
0.14728246153846153
0.004589538461538461
-0.11911938461538461
-0.2221753846153846
-0.29644246153846154
-0.3239796923076923
-0.28809784615384615
-0.1794092307692308
-0.01981846153846154
0.15959076923076923
0.3170953846153846
0.43245969230769227
0.5040147692307693
0.5252935384615384
0.4956701538461538
0.4036707692307692
0.26160369230769226
0.09450276923076922
-0.06884307692307692
-0.19505538461538463
-0.2872633846153846
-0.33899999999999997
-0.34984799999999994
-0.31500923076923076
-0.22634769230769228
-0.10347323076923076
0.024408000000000003
0.12955015384615384
0.1994363076923077
0.23928184615384615
0.2453316923076923
0.21883753846153844
0.16438892307692307
0.08094276923076923
-0.013351384615384614
-0.10368184615384615
-0.1710646153846154
-0.21237046153846154
-0.23907323076923076
-0.24637476923076923
-0.23823876923076923
-0.21362215384615382
-0.1666836923076923
-0.11432123076923076
-0.06154153846153846
-0.013768615384615384
0.042348923076923076
0.1205796923076923
0.19755876923076923
0.26911384615384615
0.3131316923076923
0.31542646153846154
0.2862203076923077
0.22947692307692308
0.1558356923076923
0.05653476923076922
-0.07030338461538461
-0.19609846153846153
-0.30332676923076923
-0.368832
-0.3763421538461538
-0.3379569230769231
-0.2588916923076923
-0.1502030769230769
-0.011056615384615385
0.143736
0.273912
0.35256
0.37008369230769234
0.3346190769230769
0.25659692307692306
0.14394461538461537
0.011265230769230769
-0.12704676923076924
-0.25305046153846156
-0.3467187692307692
-0.38760738461538463
-0.3684147692307692
-0.3095852307692307
-0.21925476923076925
-0.10848000000000001
0.012934153846153845
0.12850707692307692
0.21529107692307692
0.254928
0.2422024615384615
0.18921415384615384
0.11390399999999999
0.03921969230769231
-0.03859384615384615
-0.11014892307692307
-0.16751815384615384
-0.19735015384615384
-0.18775384615384613
-0.15124615384615384
-0.10409907692307692
-0.05736923076923077
-0.01668923076923077
0.010639384615384617
0.03108369230769231
0.043600615384615383
0.054657230769230764
0.05716061538461538
0.06133292307692308
0.08991323076923076
0.1289243076923077
0.17982646153846152
0.21737723076923077
0.22488738461538463
0.2138307692307692
0.17982646153846152
0.12600369230769232
0.047772923076923074
-0.043392
-0.13914646153846155
-0.2330233846153846
-0.29581661538461534
-0.3225193846153846
-0.3072904615384615
-0.25513661538461535
-0.17419384615384614
-0.06571384615384615
0.05090215384615384
0.15166338461538462
0.22280123076923075
0.25200738461538463
0.2355267692307692
0.18212123076923076
0.08949599999999999
-0.02211323076923077
-0.15082892307692305
-0.28121353846153846
-0.38072307692307694
-0.43934399999999996
-0.44226461538461537
-0.39115384615384613
-0.2920615384615385
-0.15959076923076923
-0.010848
0.13664307692307692
0.2655673846153846
0.36382523076923073
0.42077723076923074
0.42661846153846156
0.39344861538461534
0.3350363076923077
0.2532590769230769
0.16188553846153847
0.07155507692307693
-0.007301538461538462
-0.06133292307692308
-0.0974233846153846
-0.11286092307692308
-0.1045163076923077
-0.08448923076923077
-0.04944184615384615
-0.003129230769230769
0.04318338461538461
0.07781353846153846
0.09825784615384614
0.10660246153846153
0.10222153846153846
0.086784
0.06008123076923077
0.026285538461538457
-0.006675692307692307
-0.03045784615384615
-0.04839876923076923
-0.04985907692307692
-0.053614153846153846
-0.065088
-0.06946892307692307
-0.08490646153846154
-0.08782707692307692
-0.08156861538461539
-0.07280676923076923
-0.06154153846153846
-0.045060923076923075
-0.005841230769230769
0.03713353846153846
0.086784
0.12350030769230769
0.143736
0.14874276923076923
0.13789476923076924
0.1136953846153846
0.0678
0.0070929230769230765
-0.05945538461538461
-0.11745046153846153
-0.16438892307692307
-0.18650215384615382
-0.1873366153846154
-0.16292861538461537
-0.111192
-0.03212676923076923
0.07134646153846153
0.17461107692307692
0.26306399999999996
0.32335384615384616
0.3508910769230769
0.34692738461538464
0.31772123076923076
0.24887815384615386
0.14290153846153844
0.02315630769230769
-0.0880356923076923
-0.16209415384615386
-0.20152246153846154
-0.20256553846153844
-0.16876984615384616
-0.116616
-0.040679999999999994
0.04631261538461538
0.13184492307692308
0.19463815384615382
0.22467876923076924
0.23072861538461537
0.208824
0.1696043076923077
0.11306953846153844
0.043600615384615383
-0.02899753846153846
-0.10263876923076923
-0.15333230769230768
-0.1706473846153846
-0.17085599999999998
-0.14978584615384616
-0.1097316923076923
-0.05862092307692307
0.010639384615384617
0.07614461538461538
0.12725538461538463
0.15604430769230768
0.15291507692307693
0.13852061538461538
0.11640738461538462
0.09241661538461539
0.06133292307692308
0.028788923076923077
0.01710646153846154
0.02357353846153846
0.05298830769230769
0.08782707692307692
0.10535076923076922
0.10952307692307692
0.10263876923076923
0.08782707692307692
0.0744756923076923
0.05194523076923077
0.024616615384615383
-0.0008344615384615384
-0.018775384615384614
-0.02753723076923077
-0.027120000000000002
-0.035464615384615386
-0.06341907692307691
-0.08094276923076923
-0.10243015384615384
-0.11494707692307692
-0.11703323076923078
-0.11953661538461538
-0.08115138461538463
-0.04547815384615384
0.024408000000000003
0.1785747692307692
0.21111876923076925
0.21195323076923075
0.21967199999999998
0.16418030769230768
0.16772676923076923
0.08302892307692307
-0.021487384615384613
-0.13309661538461537
-0.24408
-0.22447015384615385
-0.22488738461538463
-0.18379015384615385
-0.15208061538461537
-0.11557292307692307
0.02899753846153846
0.12996738461538462
0.2724516923076923
0.34171199999999996
0.2999889230769231
0.2943563076923077
0.20527753846153846
0.14999446153846155
0.08740984615384616
-0.03880246153846154
-0.07510153846153846
-0.1585476923076923
-0.19338646153846153
-0.11807630769230769
-0.06696553846153847
0.03609046153846154
0.08469784615384615
0.0936683076923077
0.11265230769230769
0.0744756923076923
0.07781353846153846
0.06341907692307691
-0.0043809230769230765
-0.059664
-0.11202646153846153
-0.09804923076923076
-0.07551876923076924
-0.10326461538461539
-0.11056615384615384
-0.14603076923076924
-0.12662953846153846
-0.05382276923076923
-0.031709538461538456
0.009804923076923077
0.015020307692307692
0.028371692307692306
0.0798996923076923
0.07364123076923076
0.07155507692307693
0.0446436923076923
-0.0006258461538461538
0.008136
0.017523692307692306
0.025659692307692307
0.0016689230769230767
-0.04714707692307692
-0.07259815384615384
-0.10681107692307691
-0.11452984615384615
-0.10910584615384614
-0.09784061538461537
-0.05611753846153846
-0.04422646153846154
0.0022947692307692304
0.07405846153846153
0.10994030769230768
0.15103753846153847
0.14269292307692305
0.11995384615384615
0.1136953846153846
0.09512861538461538
0.11035753846153845
0.09450276923076922
0.06133292307692308
0.06633969230769231
0.06321046153846153
0.07197230769230768
0.05444861538461539
0.023364923076923075
0.027328615384615382
0.030040615384615384
0.055491692307692304
0.0717636923076923
0.08198584615384615
0.12767261538461538
0.13726892307692307
0.15082892307692305
0.15687876923076924
0.10806276923076923
0.07405846153846153
0.015646153846153844
-0.03609046153846154
-0.04735569230769231
-0.07405846153846153
-0.07009476923076922
-0.06529661538461538
-0.06571384615384615
-0.01981846153846154
0.02232184615384615
0.06404492307692307
0.07656184615384615
0.06279323076923077
0.05653476923076922
0.029623384615384614
0.03358707692307692
0.04568676923076923
0.04693846153846153
0.04860738461538461
0.021070153846153846
0.013768615384615384
0.009804923076923077
-0.013560000000000001
-0.018775384615384614
-0.04693846153846153
-0.06863446153846153
-0.04756430769230769
-0.025033846153846153
0.005841230769230769
0.014394461538461538
0.011056615384615385
0.02273907692307692
0.02044430769230769
0.014185846153846153
-0.020652923076923076
-0.08010830769230769
-0.12329169230769231
-0.1558356923076923
-0.157296
-0.15687876923076924
-0.16501476923076921
-0.15541846153846153
-0.15938215384615384
-0.1368516923076923
-0.09721476923076922
-0.073224
-0.024616615384615383
0.0035464615384615383
0.02023569230769231
0.04839876923076923
0.06133292307692308
0.09095630769230768
0.100344
0.08198584615384615
0.06926030769230769
0.055491692307692304
0.06049846153846154
0.06383630769230769
0.06049846153846154
0.05862092307692307
0.044435076923076924
0.051319384615384614
0.07489292307692308
0.09199938461538461
0.10576799999999999
0.100344
0.09909230769230769
0.09512861538461538
0.06592246153846154
0.027328615384615382
-0.027120000000000002
-0.08156861538461539
-0.11995384615384615
-0.14749107692307692
-0.16167692307692308
-0.16021661538461537
-0.14519630769230768
-0.11703323076923078
-0.08302892307692307
-0.0446436923076923
-0.003755076923076923
0.028163076923076923
0.05590892307692308
0.07426707692307692
0.07531015384615385
0.05716061538461538
0.03358707692307692
0.01272553846153846
-0.017940923076923077
-0.049233230769230765
-0.07051199999999999
-0.07656184615384615
-0.06863446153846153
-0.04902461538461538
-0.011891076923076923
0.03504738461538461
0.09053907692307692
0.14477907692307693
0.1829556923076923
0.19755876923076923
0.19755876923076923
0.18650215384615382
0.1531236923076923
0.09596307692307693
0.02211323076923077
-0.05298830769230769
-0.11557292307692307
-0.15187199999999998
-0.16313723076923078
-0.15333230769230768
-0.12955015384615384
-0.09846646153846153
-0.051319384615384614
0.0002086153846153846
0.03421292307692308
0.05507446153846154
0.06571384615384615
0.07009476923076922
0.06717415384615384
0.04214030769230769
0.010222153846153844
-0.02211323076923077
-0.053405538461538456
-0.07760492307692309
-0.10138707692307691
-0.11807630769230769
-0.12245723076923076
-0.1028473846153846
-0.05090215384615384
0.02023569230769231
0.10117846153846152
0.16876984615384616
0.2073636923076923
0.2194633846153846
0.19359507692307693
0.14144123076923076
0.07593599999999999
-0.003129230769230769
-0.07134646153846153
-0.12266584615384615
-0.14477907692307693
-0.12433476923076923
-0.07092923076923077
0.0002086153846153846
0.06279323076923077
0.1207883076923077
0.17315076923076922
0.20819815384615384
0.2194633846153846
0.19046584615384615
0.13434830769230768
0.06738276923076922
-0.003755076923076923
-0.06613107692307692
-0.12266584615384615
-0.16188553846153847
-0.17002153846153847
-0.14728246153846153
-0.09471138461538461
-0.03233538461538461
0.022530461538461537
0.06967753846153846
0.09074769230769231
0.09033046153846153
0.07280676923076923
0.03150092307692308
-0.02044430769230769
-0.07927384615384615
-0.12162276923076921
-0.14978584615384616
-0.15687876923076924
-0.1449876923076923
-0.1287156923076923
-0.09408553846153846
-0.05590892307692308
-0.00855323076923077
0.03775938461538462
0.06863446153846153
0.08949599999999999
0.10243015384615384
0.10618523076923077
0.09992676923076924
0.08386338461538462
0.04944184615384615
0.009596307692307692
-0.018775384615384614
-0.024408000000000003
-0.0050067692307692304
0.021696
0.042974769230769226
0.054657230769230764
0.06154153846153846
0.065088
0.06592246153846154
0.06487938461538462
0.05236246153846154
0.04735569230769231
0.050067692307692306
0.06613107692307692
0.10180430769230768
0.12662953846153846
0.1502030769230769
0.16438892307692307
0.16251138461538459
0.15625292307692307
0.11765907692307691
0.058412307692307694
-0.012516923076923077
-0.09116492307692307
-0.1449876923076923
-0.17648861538461538
-0.1794092307692308
-0.15562707692307692
-0.111192
-0.04130584615384615
0.03775938461538462
0.12266584615384615
0.18629353846153843
0.20861538461538462
0.20632061538461538
0.17002153846153847
0.11411261538461538
0.053614153846153846
-0.021904615384615383
-0.08782707692307692
-0.1341396923076923
-0.154584
-0.12913292307692306
-0.07760492307692309
-0.009387692307692307
0.06487938461538462
0.13476553846153844
0.20673784615384616
0.25805723076923076
0.27871015384615383
0.2559710769230769
0.1942209230769231
0.11432123076923076
0.03400430769230769
-0.03400430769230769
-0.09700615384615385
-0.14686523076923075
-0.16438892307692307
-0.1504116923076923
-0.10994030769230768
-0.043392
0.02044430769230769
0.07739630769230768
0.12391753846153845
0.1506203076923077
0.15875630769230767
0.13267938461538462
0.08574092307692306
0.02795446153846154
-0.033169846153846154
-0.08344615384615384
-0.11891076923076922
-0.13497415384615385
-0.1353913846153846
-0.11223507692307692
-0.06279323076923077
-0.003755076923076923
0.05382276923076923
0.09554584615384615
0.12329169230769231
0.1504116923076923
0.17148184615384612
0.1856676923076923
0.18963138461538462
0.17669723076923077
0.16251138461538459
0.14665661538461539
0.12913292307692306
0.11891076923076922
0.09721476923076922
0.06926030769230769
0.03901107692307692
0.005841230769230769
-0.014394461538461538
-0.03880246153846154
-0.06863446153846153
-0.08720123076923077
-0.09554584615384615
-0.08302892307692307
-0.051319384615384614
-0.019192615384615384
0.006675692307692307
0.030040615384615384
0.05799507692307692
0.07781353846153846
0.07677046153846154
0.05090215384615384
-0.0016689230769230767
-0.06133292307692308
-0.11286092307692308
-0.15416676923076922
-0.18232984615384615
-0.19693292307692306
-0.18629353846153843
-0.1531236923076923
-0.10347323076923076
-0.034630153846153845
0.030040615384615384
0.07405846153846153
0.08845292307692308
0.09429415384615383
0.09784061538461537
0.07802215384615384
0.04819015384615385
-0.0012516923076923076
-0.058412307692307694
-0.09512861538461538
-0.11703323076923078
-0.11056615384615384
-0.08469784615384615
-0.06842584615384616
-0.04109723076923077
-0.0077187692307692304
0.03024923076923077
0.078648
0.10347323076923076
0.11432123076923076
0.10660246153846153
0.08615815384615384
0.06216738461538462
0.02211323076923077
-0.02023569230769231
-0.06070707692307692
-0.084072
-0.0798996923076923
-0.05298830769230769
-0.012308307692307691
0.015854769230769228
0.040262769230769234
0.07113784615384615
0.09137353846153846
0.092208
0.06592246153846154
0.031918153846153846
-0.0016689230769230767
-0.029623384615384614
-0.031918153846153846
-0.010222153846153844
0.016897846153846156
0.04214030769230769
0.06571384615384615
0.08991323076923076
0.11098338461538461
0.10806276923076923
0.07969107692307692
0.032544
-0.010639384615384617
-0.044435076923076924
-0.06633969230769231
-0.07343261538461537
-0.07760492307692309
-0.08386338461538462
-0.07823076923076923
-0.04693846153846153
0.014185846153846153
0.06759138461538462
0.11306953846153844
0.16021661538461537
0.1948467692307692
0.24491446153846153
0.2776670769230769
0.3746732307692308
0.35005661538461535
0.19735015384615384
0.10994030769230768
-0.03650769230769231
-0.06967753846153846
-0.1506203076923077
-0.2805876923076923
-0.3316984615384615
-0.39699507692307695
-0.2574313846153846
-0.13622584615384614
-0.042557538461538466
0.0448523076923077
0.03963692307692308
0.14999446153846155
0.19192615384615386
0.21737723076923077
0.18128676923076922
-0.016480615384615385
-0.1178676923076923
-0.22008923076923076
-0.2540935384615385
-0.21654276923076923
-0.24741784615384615
-0.15249784615384615
-0.07426707692307692
-0.012934153846153845
0.14707384615384617
0.206112
0.26619323076923074
0.260352
0.16856123076923077
0.12683815384615382
0.03066646153846154
-0.0006258461538461538
0.003963692307692307
-0.02586830769230769
-0.022530461538461537
-0.02899753846153846
0.024616615384615383
0.08428061538461538
0.07656184615384615
0.06133292307692308
-0.008761846153846153
-0.05444861538461539
-0.05570030769230769
-0.10389046153846154
-0.13038461538461538
-0.16418030769230768
-0.1794092307692308
-0.12934153846153845
-0.10889723076923077
-0.07843938461538462
-0.03984553846153846
-0.03755076923076923
0.003755076923076923
0.035464615384615386
0.03150092307692308
0.005424
-0.0717636923076923
-0.1356
-0.21049292307692305
-0.2716172307692308
-0.2899753846153846
-0.2749550769230769
-0.18483323076923078
-0.10076123076923077
0.007927384615384614
0.14832553846153845
0.23615261538461538
0.31000246153846156
0.3193901538461538
0.26494153846153845
0.1992276923076923
0.08657538461538461
-0.0012516923076923076
-0.08490646153846154
-0.16313723076923078
-0.15416676923076922
-0.12788123076923075
-0.061124307692307686
0.018983999999999997
0.08490646153846154
0.17544553846153846
0.21487384615384614
0.21445661538461538
0.16626646153846153
0.09074769230769231
0.053405538461538456
-0.0006258461538461538
-0.05090215384615384
-0.08761846153846153
-0.13518276923076925
-0.12204
-0.07885661538461539
-0.03233538461538461
0.05236246153846154
0.10159569230769232
0.1543753846153846
0.19547261538461536
0.17711446153846155
0.1635544615384615
0.10743692307692307
0.042348923076923076
-0.017315076923076923
-0.08448923076923077
-0.1136953846153846
-0.13372246153846154
-0.10743692307692307
-0.03337846153846154
0.05444861538461539
0.16105107692307694
0.23156307692307693
0.2699483076923077
0.2860116923076923
0.2561796923076923
0.21445661538461538
0.13601723076923075
0.03108369230769231
-0.040054153846153843
-0.0892873846153846
-0.09429415384615383
-0.0717636923076923
-0.04109723076923077
0.028163076923076923
0.0988836923076923
0.16271999999999998
0.21341353846153846
0.2209236923076923
0.20381723076923075
0.15145476923076923
0.07739630769230768
0.017523692307692306
-0.040679999999999994
-0.07677046153846154
-0.10681107692307691
-0.12496061538461539
-0.09283384615384616
-0.04902461538461538
0.018775384615384614
0.07969107692307692
0.08991323076923076
0.0880356923076923
0.059872615384615385
0.031709538461538456
0.004589538461538461
-0.06383630769230769
-0.13038461538461538
-0.18858830769230767
-0.20152246153846154
-0.15333230769230768
-0.09554584615384615
-0.028788923076923077
0.022530461538461537
0.06800861538461538
0.12913292307692306
0.1612596923076923
0.17377661538461536
0.14144123076923076
0.053614153846153846
-0.034630153846153845
-0.12642092307692307
-0.1800350769230769
-0.200688
-0.2209236923076923
-0.19442953846153843
-0.13330523076923076
-0.026285538461538457
0.12558646153846154
0.25242461538461536
0.3442153846153846
0.3748818461538461
0.3619476923076923
0.3373310769230769
0.26118646153846153
0.15291507692307693
0.008970461538461538
-0.14686523076923075
-0.25513661538461535
-0.31500923076923076
-0.3156350769230769
-0.29331323076923077
-0.2641070769230769
-0.19463815384615382
-0.09867507692307692
0.02273907692307692
0.12808984615384614
0.18358153846153846
0.20673784615384616
0.19192615384615386
0.1597993846153846
0.11724184615384614
0.05486584615384615
-0.015854769230769228
-0.10201292307692307
-0.1704387692307692
-0.19651569230769228
-0.20152246153846154
-0.18650215384615382
-0.16334584615384617
-0.12037107692307693
-0.05590892307692308
0.027745846153846152
0.13351384615384615
0.21696000000000001
0.26494153846153845
0.28163076923076924
0.27286892307692306
0.2532590769230769
0.20673784615384616
0.13372246153846154
0.04819015384615385
-0.04819015384615385
-0.11891076923076922
-0.15813046153846153
-0.1777403076923077
-0.17231630769230769
-0.15333230769230768
-0.1178676923076923
-0.05611753846153846
0.014394461538461538
0.07635323076923077
0.12266584615384615
0.14415323076923076
0.14978584615384616
0.1476996923076923
0.130176
0.09304246153846155
0.0448523076923077
0.004172307692307692
-0.03609046153846154
-0.06592246153846154
-0.07510153846153846
-0.0826116923076923
-0.08490646153846154
-0.08344615384615384
-0.06738276923076922
-0.02586830769230769
0.016063384615384615
0.073224
0.14436184615384615
0.21612553846153845
0.2939390769230769
0.34776184615384614
0.3746732307692308
0.36945784615384614
0.3212676923076923
0.2492953846153846
0.15959076923076923
0.06633969230769231
-0.03108369230769231
-0.12496061538461539
-0.18379015384615385
-0.20965846153846154
-0.19067446153846154
-0.14436184615384615
-0.08907876923076924
-0.010639384615384617
0.05611753846153846
0.12016246153846154
0.1779489230769231
0.19755876923076923
0.18754523076923074
0.13914646153846155
0.0717636923076923
-0.0035464615384615383
-0.0974233846153846
-0.18149538461538461
-0.2497126153846154
-0.2979027692307692
-0.3141747692307692
-0.292896
-0.23156307692307693
-0.15270646153846154
-0.073224
0.012099692307692308
0.08490646153846154
0.13476553846153844
0.15646153846153846
0.13497415384615385
0.09909230769230769
0.053614153846153846
0.006049846153846154
-0.04193169230769231
-0.10263876923076923
-0.14665661538461539
-0.1696043076923077
-0.17273353846153844
-0.14957723076923077
-0.11223507692307692
-0.06654830769230768
-0.017940923076923077
0.023990769230769232
0.06154153846153846
0.08782707692307692
0.10055261538461538
0.09471138461538461
0.07238953846153846
0.04380923076923077
0.010639384615384617
-0.014603076923076923
-0.03358707692307692
-0.051528
-0.06133292307692308
-0.05945538461538461
-0.04652123076923077
-0.02273907692307692
-0.003755076923076923
0.007510153846153846
0.011473846153846154
0.006049846153846154
-0.005841230769230769
-0.01981846153846154
-0.03400430769230769
-0.05653476923076922
-0.06613107692307692
-0.06258461538461538
-0.049233230769230765
-0.028788923076923077
-0.00855323076923077
0.026285538461538457
0.06341907692307691
0.09992676923076924
0.1314276923076923
0.14394461538461537
0.1356
0.10576799999999999
0.06279323076923077
0.016897846153846156
-0.032544
-0.08177723076923075
-0.11911938461538461
-0.138312
-0.130176
-0.10180430769230768
-0.04985907692307692
0.016272
0.07906523076923076
0.1435273846153846
0.18983999999999998
0.21320492307692307
0.21174461538461536
0.18337292307692307
0.14331876923076922
0.08636676923076922
0.017315076923076923
-0.05048492307692308
-0.11765907692307691
-0.17586276923076924
-0.20486030769230767
-0.2021483076923077
-0.168144
-0.11953661538461538
-0.07072061538461538
-0.012934153846153845
0.030040615384615384
0.06571384615384615
0.08761846153846153
0.08031692307692308
0.06070707692307692
0.018775384615384614
-0.014394461538461538
-0.03692492307692308
-0.061750153846153844
-0.07635323076923077
-0.09095630769230768
-0.09033046153846153
-0.07906523076923076
-0.06967753846153846
-0.06049846153846154
-0.056326153846153845
-0.04693846153846153
-0.02482523076923077
0.003755076923076923
0.04109723076923077
0.07301538461538462
0.0988836923076923
0.1314276923076923
0.1531236923076923
0.17648861538461538
0.19004861538461537
0.1783661538461538
0.1449876923076923
0.09283384615384616
0.04944184615384615
0.005424
-0.04735569230769231
-0.09867507692307692
-0.1462393846153846
-0.16438892307692307
-0.13434830769230768
-0.07551876923076924
-0.001043076923076923
0.07113784615384615
0.13372246153846154
0.184416
0.2056947692307692
0.19380369230769232
0.14039815384615384
0.051528
-0.04193169230769231
-0.12266584615384615
-0.18253846153846154
-0.2236356923076923
-0.24428861538461538
-0.22864246153846152
-0.1779489230769231
-0.092208
0.008344615384615384
0.09930092307692308
0.1597993846153846
0.18858830769230767
0.19046584615384615
0.17377661538461536
0.14394461538461537
0.0880356923076923
0.021696
-0.04380923076923077
-0.08031692307692308
-0.0771876923076923
-0.06049846153846154
-0.042557538461538466
-0.02482523076923077
-0.005841230769230769
0.028788923076923077
0.07531015384615385
0.10618523076923077
0.11077476923076923
0.08323753846153846
0.05403138461538461
0.04088861538461538
0.03504738461538461
0.03692492307692308
0.023364923076923075
0.006467076923076923
0.013768615384615384
0.04735569230769231
0.100344
0.13393107692307693
0.14206707692307693
0.130176
0.10430769230769231
0.07009476923076922
0.019192615384615384
-0.047981538461538464
-0.12558646153846154
-0.19380369230769232
-0.23364923076923078
-0.25430215384615384
-0.22822523076923076
-0.12141415384615384
0.013142769230769229
0.19735015384615384
0.38426953846153844
0.5574203076923077
0.7076233846153847
0.7483033846153846
0.7174283076923077
0.5553341538461538
0.3319070769230769
0.07697907692307693
-0.16793538461538463
-0.3648683076923077
-0.5864178461538462
-0.6671520000000001
-0.6681950769230769
-0.5432344615384616
-0.3102110769230769
-0.10076123076923077
0.16626646153846153
0.3669544615384615
0.5373932307692307
0.6352338461538461
0.5801593846153845
0.45206953846153847
0.2207150769230769
-0.01981846153846154
-0.2415766153846154
-0.44038707692307694
-0.5482412307692307
-0.5799507692307692
-0.48419630769230765
-0.2951907692307692
-0.08198584615384615
0.146448
0.31000246153846156
0.4318338461538461
0.49024615384615383
0.42348923076923073
0.32961230769230765
0.19693292307692306
0.058829538461538454
-0.045060923076923075
-0.14331876923076922
-0.19505538461538463
-0.2261390769230769
-0.23218892307692307
-0.21070153846153844
-0.18775384615384613
-0.15646153846153846
-0.12433476923076923
-0.09909230769230769
-0.07405846153846153
-0.07009476923076922
-0.07364123076923076
-0.07405846153846153
-0.06967753846153846
-0.027328615384615382
0.016272
0.07489292307692308
0.16292861538461537
0.25159015384615385
0.328152
0.3419206153846154
0.2828824615384615
0.18963138461538462
0.06863446153846153
-0.05820369230769231
-0.1639716923076923
-0.23281476923076924
-0.21862892307692305
-0.13789476923076924
0.003963692307692307
0.1802436923076923
0.32961230769230765
0.44226461538461537
0.4950443076923077
0.5054750769230769
0.4449766153846154
0.3152178461538461
0.17273353846153844
0.010848
-0.12955015384615384
-0.23531815384615382
-0.3039526153846154
-0.3047870769230769
-0.27412061538461535
-0.21591692307692306
-0.12391753846153845
-0.021278769230769233
0.09992676923076924
0.20131384615384615
0.24908676923076922
0.2503384615384615
0.20110523076923076
0.13247076923076923
0.04526953846153846
-0.06884307692307692
-0.18504184615384617
-0.2753723076923077
-0.2926873846153846
-0.24720923076923076
-0.1558356923076923
-0.031709538461538456
0.07572738461538461
0.1783661538461538
0.25659692307692306
0.2699483076923077
0.2275993846153846
0.11348676923076922
-0.03358707692307692
-0.16772676923076923
-0.2853858461538461
-0.35610646153846154
-0.3838523076923077
-0.3684147692307692
-0.29727692307692305
-0.18232984615384615
-0.037967999999999995
0.09304246153846155
0.18399876923076922
0.22697353846153845
0.2138307692307692
0.15562707692307692
0.059038153846153844
-0.05590892307692308
-0.16856123076923077
-0.2722430769230769
-0.32961230769230765
-0.33816553846153846
-0.3016578461538461
-0.21737723076923077
-0.11432123076923076
-0.0004172307692307692
0.11807630769230769
0.2221753846153846
0.2966510769230769
0.3252313846153846
0.2920615384615385
0.21445661538461538
0.10994030769230768
0.0018775384615384615
-0.10180430769230768
-0.20861538461538462
-0.28809784615384615
-0.32001599999999997
-0.2858030769230769
-0.20256553846153844
-0.10743692307692307
-0.017523692307692306
0.04985907692307692
0.10514215384615383
0.14916
0.15625292307692307
0.13038461538461538
0.08219446153846154
0.037967999999999995
0.02795446153846154
0.03379569230769231
0.04735569230769231
0.06487938461538462
0.0717636923076923
0.08094276923076923
0.078648
0.061750153846153844
0.03838523076923077
-0.007927384615384614
-0.05382276923076923
-0.08219446153846154
-0.08657538461538461
-0.056951999999999996
-0.004589538461538461
0.06279323076923077
0.13455692307692307
0.20965846153846154
0.2891409230769231
0.3510996923076923
0.3750904615384615
0.3481790769230769
0.2726603076923077
0.17294215384615383
0.06279323076923077
-0.05799507692307692
-0.18629353846153843
-0.30562153846153844
-0.38719015384615385
-0.4017932307692308
-0.3542289230769231
-0.26786215384615386
-0.15896492307692306
-0.05111076923076923
0.054657230769230764
0.1585476923076923
0.22843384615384613
0.23886461538461537
0.1940123076923077
0.11223507692307692
0.01981846153846154
-0.07906523076923076
-0.1704387692307692
-0.2369870769230769
-0.2737033846153846
-0.26306399999999996
-0.20798953846153845
-0.11557292307692307
-0.005841230769230769
0.09429415384615383
0.1775316923076923
0.23156307692307693
0.25805723076923076
0.25346769230769234
0.20444307692307692
0.12642092307692307
0.02086153846153846
-0.09158215384615384
-0.1829556923076923
-0.24491446153846153
-0.26118646153846153
-0.23928184615384615
-0.18525046153846153
-0.0974233846153846
0.006258461538461538
0.10368184615384615
0.1785747692307692
0.2056947692307692
0.19192615384615386
0.14457046153846154
0.06529661538461538
-0.021696
-0.11014892307692307
-0.17648861538461538
-0.20381723076923075
-0.18107815384615383
-0.11348676923076922
-0.03212676923076923
0.05736923076923077
0.14123261538461537
0.2073636923076923
0.24491446153846153
0.24011630769230768
0.1977673846153846
0.12162276923076921
0.02315630769230769
-0.07009476923076922
-0.14999446153846155
-0.20673784615384616
-0.23072861538461537
-0.21883753846153844
-0.17628
-0.11098338461538461
-0.029623384615384614
0.05194523076923077
0.12266584615384615
0.17273353846153844
0.19839323076923077
0.19380369230769232
0.16856123076923077
0.12767261538461538
0.06863446153846153
0.0035464615384615383
-0.05444861538461539
-0.09679753846153846
-0.12808984615384614
-0.1397723076923077
-0.13601723076923075
-0.119328
-0.07593599999999999
-0.028788923076923077
0.030040615384615384
0.08845292307692308
0.12808984615384614
0.17085599999999998
0.20423446153846153
0.23010276923076922
0.23385784615384617
0.21028430769230766
0.18149538461538461
0.14164984615384615
0.0961716923076923
0.038176615384615385
-0.035464615384615386
-0.10347323076923076
-0.15792184615384616
-0.18525046153846153
-0.1858763076923077
-0.1704387692307692
-0.12829846153846153
-0.07405846153846153
-0.010013538461538461
0.0609156923076923
0.11703323076923078
0.15500123076923078
0.17461107692307692
0.17315076923076922
0.15687876923076924
0.12788123076923075
0.07781353846153846
0.015437538461538461
-0.04756430769230769
-0.09804923076923076
-0.12704676923076924
-0.12370892307692308
-0.09784061538461537
-0.06341907692307691
-0.0050067692307692304
0.07092923076923077
0.14874276923076923
0.22154953846153846
0.2695310769230769
0.2862203076923077
0.27453784615384613
0.24032492307692307
0.2090326153846154
0.17461107692307692
0.13121907692307694
0.08198584615384615
0.03483876923076923
0.007301538461538462
-0.01043076923076923
-0.02044430769230769
-0.029206153846153847
-0.043392
-0.058412307692307694
-0.07364123076923076
-0.07885661538461539
-0.07051199999999999
-0.06279323076923077
-0.05611753846153846
-0.03275261538461539
0.006049846153846154
0.059664
0.11327815384615383
0.1462393846153846
0.16271999999999998
0.15687876923076924
0.12913292307692306
0.0853236923076923
0.02357353846153846
-0.056951999999999996
-0.13372246153846154
-0.1883796923076923
-0.20235692307692305
-0.17899199999999998
-0.1341396923076923
-0.05653476923076922
0.040679999999999994
0.15500123076923078
0.2651501538461538
0.3402516923076923
0.3721698461538462
0.35235138461538457
0.2920615384615385
0.1992276923076923
0.09304246153846155
-0.021696
-0.14206707692307693
-0.24408
-0.30937661538461536
-0.3214763076923077
-0.30061476923076924
-0.24992123076923078
-0.1721076923076923
-0.08740984615384616
0.008344615384615384
0.09763200000000001
0.16856123076923077
0.20339999999999997
0.19296923076923078
0.16209415384615386
0.11265230769230769
0.058829538461538454
0.0035464615384615383
-0.059038153846153844
-0.10722830769230769
-0.14060676923076923
-0.154584
-0.14582215384615385
-0.13267938461538462
-0.10493353846153847
-0.07280676923076923
-0.04276615384615385
-0.0012516923076923076
0.03358707692307692
0.061124307692307686
0.08490646153846154
0.10138707692307691
0.116616
0.11765907692307691
0.0974233846153846
0.05611753846153846
-0.009596307692307692
-0.07572738461538461
-0.12662953846153846
-0.15562707692307692
-0.16167692307692308
-0.15187199999999998
-0.12287446153846153
-0.06988615384615385
0.010013538461538461
0.10347323076923076
0.18253846153846154
0.235944
0.2647329230769231
0.26348123076923075
0.23615261538461538
0.1787833846153846
0.10076123076923077
0.012516923076923077
-0.07343261538461537
-0.14394461538461537
-0.19213476923076922
-0.21862892307692305
-0.23636123076923077
-0.22321846153846153
-0.1783661538461538
-0.10243015384615384
0.0008344615384615384
0.103056
0.18504184615384617
0.23156307692307693
0.2369870769230769
0.20506892307692307
0.13789476923076924
0.03358707692307692
-0.08448923076923077
-0.19213476923076922
-0.2670276923076923
-0.2926873846153846
-0.2707827692307692
-0.2059033846153846
-0.11432123076923076
-0.006049846153846154
0.10472492307692308
0.20298276923076922
0.27328615384615385
0.30019753846153846
0.28204799999999997
0.22864246153846152
0.16188553846153847
0.092208
0.01814953846153846
-0.058829538461538454
-0.12162276923076921
-0.15520984615384617
-0.15354092307692307
-0.12224861538461537
-0.07280676923076923
-0.010848
0.054240000000000003
0.12016246153846154
0.16856123076923077
0.1942209230769231
0.18379015384615385
0.14206707692307693
0.08615815384615384
0.016897846153846156
-0.05528307692307692
-0.12850707692307692
-0.19046584615384615
-0.254928
-0.2782929230769231
-0.26535876923076923
-0.22280123076923075
-0.16730953846153845
-0.11265230769230769
-0.05048492307692308
0.017315076923076923
0.09846646153846153
0.18712800000000002
0.3609046153846154
0.31772123076923076
0.2238443076923077
0.1779489230769231
0.040262769230769234
0.0006258461538461538
-0.116616
-0.23490092307692306
-0.4220289230769231
-0.4965046153846154
-0.39261415384615383
-0.2720344615384615
-0.07697907692307693
-0.01397723076923077
0.09992676923076924
0.23761292307692305
0.38239199999999995
0.566808
0.5311347692307692
0.3955347692307692
0.2207150769230769
0.06425353846153846
-0.021070153846153846
-0.12913292307692306
-0.24095076923076922
-0.31646953846153847
-0.3746732307692308
-0.34963938461538463
-0.19609846153846153
-0.05653476923076922
0.06592246153846154
0.1802436923076923
0.25972615384615383
0.28955815384615385
0.3187643076923077
0.33962584615384617
0.3187643076923077
0.2509643076923077
0.1097316923076923
0.012308307692307691
-0.04756430769230769
-0.09971815384615385
-0.14978584615384616
-0.22864246153846152
-0.31751261538461534
-0.34046030769230773
-0.29602523076923076
-0.23886461538461537
-0.1712732307692308
-0.10722830769230769
-0.026911384615384615
0.10263876923076923
0.2290596923076923
0.3198073846153846
0.37321292307692305
0.35193415384615384
0.3314898461538462
0.29748553846153847
0.20027076923076922
0.06946892307692307
-0.06425353846153846
-0.20444307692307692
-0.3141747692307692
-0.3517255384615385
-0.37091815384615384
-0.30144923076923075
-0.17961784615384613
-0.061124307692307686
0.12120553846153845
0.2883064615384615
0.40346215384615386
0.5054750769230769
0.5340553846153846
0.469176
0.34338092307692303
0.17231630769230769
0.009596307692307692
-0.15187199999999998
-0.30416123076923074
-0.3980381538461538
-0.44122153846153844
-0.43976123076923074
-0.39052800000000004
-0.2906012307692308
-0.16647507692307692
-0.022947692307692308
0.10347323076923076
0.16876984615384616
0.21111876923076925
0.2330233846153846
0.20527753846153846
0.1476996923076923
0.05298830769230769
-0.09679753846153846
-0.20673784615384616
-0.26535876923076923
-0.28893230769230765
-0.2643156923076923
-0.241368
-0.19213476923076922
-0.103056
-0.009387692307692307
0.08824430769230769
0.17002153846153847
0.21696000000000001
0.2453316923076923
0.26932246153846157
0.26786215384615386
0.24470584615384613
0.2261390769230769
0.18775384615384613
0.1449876923076923
0.10764553846153846
0.04172307692307692
-0.013351384615384614
-0.05674338461538461
-0.08699261538461538
-0.06967753846153846
-0.05298830769230769
-0.02482523076923077
0.04672984615384615
0.11724184615384614
0.17148184615384612
0.2008966153846154
0.19839323076923077
0.1883796923076923
0.17169046153846151
0.13518276923076925
0.08094276923076923
-0.008136
-0.10660246153846153
-0.17628
-0.2154996923076923
-0.22300984615384614
-0.20131384615384615
-0.15646153846153846
-0.10660246153846153
-0.03233538461538461
0.05590892307692308
0.13998092307692306
0.2273907692307692
0.26911384615384615
0.2503384615384615
0.19213476923076922
0.1136953846153846
0.03755076923076923
-0.03233538461538461
-0.10535076923076922
-0.18712800000000002
-0.2422024615384615
-0.2480436923076923
-0.18921415384615384
-0.08177723076923075
0.0
0.06383630769230769
0.12767261538461538
0.1779489230769231
0.21925476923076925
0.22655630769230767
0.1787833846153846
0.08907876923076924
-0.017523692307692306
-0.10868861538461538
-0.17252492307692308
-0.21091015384615383
-0.21007569230769232
-0.17961784615384613
-0.11974523076923077
-0.02753723076923077
0.08052553846153847
0.1696043076923077
0.20778092307692309
0.2075723076923077
0.17982646153846152
0.1435273846153846
0.1045163076923077
0.04693846153846153
-0.032544
-0.12579507692307693
-0.1910916923076923
-0.1881710769230769
-0.14477907692307693
-0.10243015384615384
-0.05820369230769231
-0.015228923076923076
0.03671630769230769
0.10013538461538461
0.14582215384615385
0.157296
0.13205353846153844
0.08574092307692306
0.050067692307692306
0.028371692307692306
0.002086153846153846
-0.028788923076923077
-0.05194523076923077
-0.062376
-0.04944184615384615
-0.015646153846153844
0.003963692307692307
0.011891076923076923
0.020652923076923076
0.025033846153846153
0.04902461538461538
0.08052553846153847
0.09679753846153846
0.09846646153846153
0.08052553846153847
0.06195876923076923
0.06216738461538462
0.06675692307692307
0.06759138461538462
0.06154153846153846
0.034630153846153845
0.016897846153846156
0.01710646153846154
0.020027076923076922
0.021904615384615383
0.0035464615384615383
-0.02086153846153846
-0.037342153846153844
-0.03942830769230769
-0.025659692307692307
-0.012099692307692308
-0.003129230769230769
-0.013560000000000001
-0.019192615384615384
-0.0070929230769230765
-0.00855323076923077
-0.015020307692307692
-0.02315630769230769
-0.037967999999999995
-0.035464615384615386
-0.02357353846153846
-0.014185846153846153
0.0014603076923076922
0.0043809230769230765
0.008136
0.014603076923076923
0.018775384615384614
0.030875076923076922
0.03713353846153846
0.04819015384615385
0.06133292307692308
0.07656184615384615
0.08782707692307692
0.08887015384615385
0.09158215384615384
0.08574092307692306
0.07364123076923076
0.05674338461538461
0.037342153846153844
0.02273907692307692
0.004589538461538461
-0.013768615384615384
-0.018358153846153843
-0.015020307692307692
-0.010222153846153844
-0.011682461538461537
-0.019609846153846155
-0.015228923076923076
-0.006049846153846154
0.005424
0.009596307692307692
0.0022947692307692304
-0.0012516923076923076
-0.009804923076923077
-0.012099692307692308
-0.007927384615384614
-0.006049846153846154
0.0006258461538461538
0.006467076923076923
0.015854769230769228
0.03212676923076923
0.03921969230769231
0.042557538461538466
0.03901107692307692
0.02858030769230769
0.021904615384615383
-0.006884307692307692
-0.037342153846153844
-0.05611753846153846
-0.07343261538461537
-0.07364123076923076
-0.06592246153846154
-0.04965046153846154
-0.03045784615384615
-0.00855323076923077
0.02524246153846154
0.051528
0.07134646153846153
0.078648
0.07030338461538461
0.04839876923076923
0.013560000000000001
-0.03337846153846154
-0.08511507692307693
-0.13518276923076925
-0.16856123076923077
-0.16897846153846155
-0.15208061538461537
-0.111192
-0.05674338461538461
0.0033378461538461535
0.06842584615384616
0.13080184615384613
0.18191261538461537
0.19588984615384614
0.1800350769230769
0.13914646153846155
0.08052553846153847
0.01981846153846154
-0.04422646153846154
-0.100344
-0.1435273846153846
-0.16876984615384616
-0.15667015384615385
-0.10514215384615383
-0.029206153846153847
0.06008123076923077
0.14102399999999998
0.20131384615384615
0.2411593846153846
0.24741784615384615
0.21821169230769227
0.143736
0.04172307692307692
-0.056951999999999996
-0.13476553846153844
-0.1783661538461538
-0.1927606153846154
-0.17294215384615383
-0.12996738461538462
-0.05736923076923077
0.03337846153846154
0.12120553846153845
0.19985353846153847
0.24491446153846153
0.25346769230769234
0.2374043076923077
0.19588984615384614
0.13643446153846153
0.07092923076923077
-0.0014603076923076922
-0.06654830769230768
-0.10868861538461538
-0.12537784615384615
-0.1178676923076923
-0.09679753846153846
-0.06613107692307692
-0.015646153846153844
0.04088861538461538
0.09179076923076923
0.13768615384615385
0.154584
0.14832553846153845
0.12621230769230768
0.0974233846153846
0.06946892307692307
0.02858030769230769
-0.017732307692307693
-0.06300184615384616
-0.09471138461538461
-0.11244369230769231
-0.1178676923076923
-0.11244369230769231
-0.10576799999999999
-0.08720123076923077
-0.06362769230769232
-0.038176615384615385
-0.022530461538461537
-0.021070153846153846
-0.02211323076923077
-0.017523692307692306
0.014394461538461538
0.06195876923076923
0.10514215384615383
0.14290153846153844
0.16459753846153846
0.1792006153846154
0.1846246153846154
0.16626646153846153
0.119328
0.03859384615384615
-0.05048492307692308
-0.11953661538461538
-0.16292861538461537
-0.17690584615384616
-0.15833907692307692
-0.11348676923076922
-0.03921969230769231
0.06195876923076923
0.16418030769230768
0.24658338461538462
0.28163076923076924
0.25951753846153847
0.20047938461538461
0.1070196923076923
-0.008344615384615384
-0.13601723076923075
-0.2705741538461538
-0.37655076923076924
-0.43016492307692306
-0.4205686153846153
-0.35297723076923077
-0.24303692307692307
-0.1151556923076923
0.022947692307692308
0.17398523076923075
0.3049956923076923
0.3855212307692308
0.3982467692307692
0.3550633846153846
0.27328615384615385
0.1710646153846154
0.07280676923076923
-0.02899753846153846
-0.12391753846153845
-0.19735015384615384
-0.23218892307692307
-0.20298276923076922
-0.13664307692307692
-0.04735569230769231
0.04631261538461538
0.11703323076923078
0.17419384615384614
0.2090326153846154
0.21466523076923077
0.1800350769230769
0.11035753846153845
0.026076923076923077
-0.04985907692307692
-0.09471138461538461
-0.119328
-0.12224861538461537
-0.11619876923076923
-0.10430769230769231
-0.06905169230769231
-0.02795446153846154
-0.001043076923076923
-0.0012516923076923076
-0.028371692307692306
-0.06425353846153846
-0.08574092307692306
-0.08344615384615384
-0.06988615384615385
-0.046104
-0.03859384615384615
-0.021278769230769233
-0.0043809230769230765
-0.003755076923076923
-0.01272553846153846
-0.059038153846153844
-0.08720123076923077
-0.10326461538461539
-0.059664
0.053614153846153846
0.25972615384615383
0.41013784615384613
0.49984246153846157
0.6552609230769231
0.7015735384615385
0.7637409230769231
0.6853015384615384
0.4470627692307692
0.1558356923076923
-0.22572184615384616
-0.49441846153846153
-0.7825163076923077
-0.9986418461538461
-1.1279833846153846
-1.154268923076923
-0.9126923076923076
-0.5774473846153846
-0.09491999999999999
0.3784283076923077
0.7524756923076922
1.1083735384615383
1.2662953846153846
1.284027692307692
1.1060787692307692
0.7011563076923077
0.25367630769230765
-0.2845513846153846
-0.7712510769230768
-1.073534769230769
-1.2886172307692305
-1.2834018461538461
-1.137371076923077
-0.8724295384615385
-0.4524867692307692
-0.030040615384615384
0.45206953846153847
0.8617901538461538
1.1196387692307692
1.2537784615384615
1.2045452307692308
1.0480836923076924
0.7393329230769231
0.295608
-0.1666836923076923
-0.6375286153846154
-0.9827870769230769
-1.1799286153846154
-1.275683076923077
-1.1903593846153846
-0.9798664615384615
-0.6604763076923077
-0.2557624615384615
0.11599015384615384
0.4683415384615384
0.7643667692307692
0.9594221538461538
1.0968996923076921
1.103158153846154
0.9727735384615385
0.7359950769230769
0.4174393846153846
0.078648
-0.29039261538461536
-0.6243858461538462
-0.89496
-1.055593846153846
-1.060392
-0.957336
-0.7057458461538462
-0.34338092307692303
0.058412307692307694
0.5046406153846154
0.893916923076923
1.1784683076923077
1.3405624615384615
1.3165716923076922
1.1546861538461537
0.8459353846153846
0.43433723076923075
0.003129230769230769
-0.44351630769230765
-0.8430147692307691
-1.1642824615384615
-1.3466123076923076
-1.3439003076923077
-1.1790941538461537
-0.8709692307692307
-0.47689476923076923
-0.017523692307692306
0.48398769230769234
0.9295901538461538
1.2677556923076923
1.4340221538461537
1.377696
1.1636566153846153
0.8065070769230769
0.3623649230769231
-0.09095630769230768
-0.5476153846153846
-0.9141526153846153
-1.1484276923076921
-1.2402184615384615
-1.1503052307692307
-0.9302159999999999
-0.6031070769230769
-0.20339999999999997
0.21070153846153844
0.6031070769230769
0.9064338461538461
1.1004461538461539
1.1578153846153847
1.0679021538461537
0.8682572307692307
0.5645132307692308
0.21445661538461538
-0.143736
-0.48357046153846156
-0.7293193846153846
-0.8916221538461537
-0.9452363076923076
-0.8601212307692307
-0.6928116923076922
-0.45749353846153845
-0.17732307692307692
0.116616
0.4159790769230769
0.6667347692307692
0.8359218461538461
0.9154043076923076
0.8905790769230769
0.7914867692307692
0.6158326153846154
0.3786369230769231
0.11014892307692307
-0.16647507692307692
-0.4011673846153846
-0.5926763076923077
-0.7145076923076923
-0.751224
-0.7163852307692308
-0.5907987692307692
-0.40930338461538457
-0.20861538461538462
0.018983999999999997
0.2399076923076923
0.4424732307692308
0.6106172307692308
0.6880135384615385
0.6917686153846153
0.6164584615384615
0.4683415384615384
0.2730775384615384
0.031709538461538456
-0.21612553846153845
-0.4541556923076923
-0.6429526153846153
-0.7576910769230769
-0.7971193846153847
-0.7441310769230769
-0.6266806153846154
-0.4516523076923077
-0.22634769230769228
0.010848
0.2497126153846154
0.4554073846153846
0.6012295384615385
0.6757052307692307
0.6575556923076923
0.572232
0.4391353846153846
0.2509643076923077
0.030875076923076922
-0.1804523076923077
-0.35464615384615383
-0.4587452307692308
-0.4950443076923077
-0.47313969230769226
-0.4030449230769231
-0.3077076923076923
-0.1881710769230769
-0.05090215384615384
0.08699261538461538
0.19067446153846154
0.2540935384615385
0.2891409230769231
0.2981113846153846
0.28893230769230765
0.24741784615384615
0.18086953846153844
0.1045163076923077
0.004589538461538461
-0.0880356923076923
-0.157296
-0.21612553846153845
-0.252216
-0.26786215384615386
-0.2643156923076923
-0.23844738461538462
-0.18483323076923078
-0.10743692307692307
-0.021278769230769233
0.07343261538461537
0.1785747692307692
0.29101846153846156
0.38719015384615385
0.44393353846153844
0.45749353846153845
0.4115981538461538
0.3206418461538461
0.20986707692307693
0.09012184615384615
-0.04130584615384615
-0.17732307692307692
-0.2943563076923077
-0.3617390769230769
-0.360696
-0.30270092307692303
-0.200688
-0.06821723076923077
0.07927384615384615
0.23218892307692307
0.37613353846153846
0.48586523076923077
0.5509532307692308
0.5507446153846154
0.4814843076923077
0.35986153846153845
0.19818461538461538
0.021487384615384613
-0.15270646153846154
-0.3049956923076923
-0.41556184615384617
-0.469176
-0.46041415384615386
-0.39011076923076926
-0.27558092307692306
-0.14123261538461537
-0.0022947692307692304
0.1422756923076923
0.26765353846153844
0.3456756923076923
0.3682061538461538
0.3375396923076923
0.27328615384615385
0.17169046153846151
0.04672984615384615
-0.08219446153846154
-0.20986707692307693
-0.3179298461538461
-0.3880246153846154
-0.40888615384615384
-0.38301784615384615
-0.32836061538461536
-0.24866953846153847
-0.14415323076923076
-0.025033846153846153
0.09700615384615385
0.19171753846153847
0.2559710769230769
0.290184
0.2920615384615385
0.26786215384615386
0.21091015384615383
0.13267938461538462
0.04088861538461538
-0.06258461538461538
-0.14436184615384615
-0.19505538461538463
-0.21883753846153844
-0.21487384615384614
-0.18650215384615382
-0.13080184615384613
-0.05507446153846154
0.027745846153846152
0.103056
0.1476996923076923
0.15416676923076922
0.13434830769230768
0.09700615384615385
0.043600615384615383
-0.03233538461538461
-0.11348676923076922
-0.1846246153846154
-0.233232
-0.2526332307692308
-0.2647329230769231
-0.2695310769230769
-0.2578486153846154
-0.22321846153846153
-0.16292861538461537
-0.08323753846153846
0.0002086153846153846
0.078648
0.13789476923076924
0.16876984615384616
0.1869193846153846
0.18128676923076922
0.14916
0.100344
0.045895384615384616
-0.005215384615384615
-0.04756430769230769
-0.06404492307692307
-0.0609156923076923
-0.031709538461538456
0.016272
0.07030338461538461
0.1424843076923077
0.19985353846153847
0.2290596923076923
0.23886461538461537
0.21320492307692307
0.17732307692307692
0.13706030769230768
0.0798996923076923
0.021487384615384613
-0.04109723076923077
-0.08323753846153846
-0.0897046153846154
-0.06863446153846153
-0.023782153846153845
0.021904615384615383
0.07134646153846153
0.12099692307692309
0.16167692307692308
0.184416
0.16626646153846153
0.12016246153846154
0.05194523076923077
-0.025659692307692307
-0.09471138461538461
-0.15896492307692306
-0.20527753846153846
-0.2127876923076923
-0.1787833846153846
-0.10222153846153846
0.015854769230769228
0.1506203076923077
0.2868461538461538
0.39407446153846154
0.4599969230769231
0.4823187692307692
0.4472713846153846
0.3584012307692308
0.2209236923076923
0.06863446153846153
-0.07468430769230769
-0.19213476923076922
-0.26348123076923075
-0.2914356923076923
-0.26869661538461537
-0.2008966153846154
-0.10159569230769232
0.021696
0.14060676923076923
0.22697353846153845
0.2764153846153846
0.2916443076923077
0.2791273846153846
0.23677846153846152
0.16292861538461537
0.08115138461538463
-0.005424
-0.07823076923076923
-0.12391753846153845
-0.15833907692307692
-0.17690584615384616
-0.18274707692307693
-0.17085599999999998
-0.138312
-0.09596307692307693
-0.05736923076923077
-0.02858030769230769
-0.012308307692307691
0.0043809230769230765
0.024199384615384616
0.042557538461538466
0.054240000000000003
0.05590892307692308
0.05945538461538461
0.06028984615384615
0.06467076923076923
0.05570030769230769
0.02044430769230769
-0.033169846153846154
-0.09262523076923077
-0.1489513846153846
-0.1942209230769231
-0.214248
-0.2205064615384615
-0.20047938461538461
-0.14102399999999998
-0.052153846153846155
0.054240000000000003
0.1570873846153846
0.23281476923076924
0.2751636923076923
0.2830910769230769
0.25242461538461536
0.18775384615384613
0.08761846153846153
-0.026076923076923077
-0.13643446153846153
-0.22634769230769228
-0.2753723076923077
-0.2912270769230769
-0.27558092307692306
-0.22572184615384616
-0.14206707692307693
-0.045895384615384616
0.047772923076923074
0.12391753846153845
0.17377661538461536
0.20256553846153844
0.20381723076923075
0.18128676923076922
0.13643446153846153
0.06675692307692307
-0.016063384615384615
-0.10117846153846152
-0.18170399999999998
-0.22718215384615387
-0.2503384615384615
-0.25930892307692305
-0.2436627692307692
-0.20548615384615385
-0.13205353846153844
-0.04860738461538461
0.03421292307692308
0.10994030769230768
0.16251138461538459
0.20110523076923076
0.22300984615384614
0.23364923076923078
0.23218892307692307
0.19755876923076923
0.15416676923076922
0.11348676923076922
0.06529661538461538
0.01043076923076923
-0.05820369230769231
-0.12162276923076921
-0.16292861538461537
-0.17544553846153846
-0.1489513846153846
-0.09909230769230769
-0.04902461538461538
0.00855323076923077
0.05570030769230769
0.08824430769230769
0.12642092307692307
0.16000799999999998
0.19067446153846154
0.19317784615384614
0.168144
0.14394461538461537
0.12955015384615384
0.13622584615384614
0.16292861538461537
0.0974233846153846
-0.03045784615384615
-0.12266584615384615
-0.19380369230769232
-0.12767261538461538
-0.12642092307692307
-0.18900553846153845
-0.1804523076923077
-0.16856123076923077
0.015646153846153844
0.14603076923076924
0.22008923076923076
0.26452430769230767
0.23615261538461538
0.3350363076923077
0.3513083076923077
0.3456756923076923
0.2574313846153846
0.04193169230769231
-0.06884307692307692
-0.20486030769230767
-0.25555384615384613
-0.2563883076923077
-0.29832
-0.20715507692307691
-0.13309661538461537
-0.03713353846153846
0.11953661538461538
0.19067446153846154
0.295608
0.31041969230769234
0.22947692307692308
0.19463815384615382
0.09512861538461538
0.059872615384615385
0.012099692307692308
-0.10764553846153846
-0.17502830769230768
-0.26118646153846153
-0.2628553846153846
-0.2273907692307692
-0.23364923076923078
-0.20673784615384616
-0.20152246153846154
-0.1368516923076923
-0.03212676923076923
-0.003129230769230769
0.026494153846153844
0.018983999999999997
0.02586830769230769
0.08907876923076924
0.0974233846153846
0.12120553846153845
0.1358086153846154
0.12245723076923076
0.14853415384615384
0.11619876923076923
0.06300184615384616
0.0016689230769230767
-0.11327815384615383
-0.18963138461538462
-0.26076923076923075
-0.29331323076923077
-0.25471938461538457
-0.1635544615384615
-0.0077187692307692304
0.12642092307692307
0.26118646153846153
0.3861470769230769
0.4554073846153846
0.48941169230769227
0.4113895384615384
0.27850153846153847
0.13309661538461537
-0.06279323076923077
-0.22572184615384616
-0.38030584615384616
-0.4965046153846154
-0.5311347692307692
-0.523416
-0.425784
-0.28204799999999997
-0.10514215384615383
0.11703323076923078
0.3114627692307692
0.44414215384615385
0.4781464615384615
0.4322510769230769
0.35610646153846154
0.2073636923076923
-0.0006258461538461538
-0.22801661538461537
-0.4443507692307692
-0.5526221538461538
-0.584123076923077
-0.544068923076923
-0.41535323076923075
-0.26640184615384616
-0.05486584615384615
0.15959076923076923
0.31500923076923076
0.43475446153846153
0.4681329230769231
0.44455938461538463
0.3613218461538461
0.21800307692307694
0.06884307692307692
-0.09491999999999999
-0.22426153846153846
-0.29769415384615383
-0.32335384615384616
-0.2872633846153846
-0.22530461538461538
-0.1218313846153846
0.011265230769230769
0.12329169230769231
0.24491446153846153
0.32585723076923073
0.36674584615384614
0.38301784615384615
0.32648307692307693
0.2586830769230769
0.16647507692307692
0.07343261538461537
0.03275261538461539
0.0018775384615384615
-0.010639384615384617
-0.010848
-0.009179076923076922
0.02753723076923077
0.04547815384615384
0.046104
0.05444861538461539
0.0448523076923077
0.05570030769230769
0.043600615384615383
0.03066646153846154
0.04631261538461538
0.05757784615384615
0.10994030769230768
0.14874276923076923
0.15333230769230768
0.154584
0.12934153846153845
0.11974523076923077
0.10743692307692307
0.04944184615384615
0.0006258461538461538
-0.04547815384615384
-0.06279323076923077
-0.02858030769230769
0.0016689230769230767
0.042348923076923076
0.07301538461538462
0.09930092307692308
0.14728246153846153
0.1712732307692308
0.17544553846153846
0.13893784615384613
0.06362769230769232
-0.01940123076923077
-0.11557292307692307
-0.18149538461538461
-0.22634769230769228
-0.25138153846153843
-0.23260615384615385
-0.18191261538461537
-0.08448923076923077
0.029623384615384614
0.13184492307692308
0.21049292307692305
0.2411593846153846
0.22843384615384613
0.1910916923076923
0.12162276923076921
-0.0002086153846153846
-0.14957723076923077
-0.2864289230769231
-0.36570276923076916
-0.37738523076923075
-0.32335384615384616
-0.23010276923076922
-0.11953661538461538
0.016480615384615385
0.15896492307692306
0.2981113846153846
0.37592492307692305
0.37967999999999996
0.32731753846153844
0.2154996923076923
0.08615815384615384
-0.05069353846153846
-0.173568
-0.252216
-0.2920615384615385
-0.2757895384615385
-0.1927606153846154
-0.07739630769230768
0.04276615384615385
0.14331876923076922
0.20527753846153846
0.24032492307692307
0.24074215384615386
0.20778092307692309
0.13038461538461538
0.026702769230769228
-0.07155507692307693
-0.16105107692307694
-0.206112
-0.21320492307692307
-0.17648861538461538
-0.09950953846153845
-0.0050067692307692304
0.11557292307692307
0.22676492307692306
0.3016578461538461
0.3206418461538461
0.26681907692307694
0.1718990769230769
0.06446215384615385
-0.04109723076923077
-0.12662953846153846
-0.1942209230769231
-0.22154953846153846
-0.19588984615384614
-0.13038461538461538
-0.02023569230769231
0.09179076923076923
0.1779489230769231
0.2273907692307692
0.222384
0.18232984615384615
0.08302892307692307
-0.054240000000000003
-0.1846246153846154
-0.3077076923076923
-0.3832264615384615
-0.40554830769230765
-0.3890676923076923
-0.3195987692307692
-0.21445661538461538
-0.08740984615384616
0.04819015384615385
0.15103753846153847
0.21195323076923075
0.2140393846153846
0.16418030769230768
0.08761846153846153
0.0016689230769230767
-0.07405846153846153
-0.1397723076923077
-0.17732307692307692
-0.18337292307692307
-0.1506203076923077
-0.08240307692307691
-0.006884307692307692
0.06967753846153846
0.13643446153846153
0.18983999999999998
0.2426196923076923
0.26932246153846157
0.25847446153846154
0.21466523076923077
0.14665661538461539
0.08615815384615384
0.0446436923076923
0.019609846153846155
-0.0016689230769230767
-0.024408000000000003
-0.03421292307692308
-0.03066646153846154
-0.018983999999999997
-0.0016689230769230767
0.006884307692307692
0.015646153846153844
0.02753723076923077
0.042557538461538466
0.062376
0.06821723076923077
0.06341907692307691
0.05674338461538461
0.06675692307692307
0.09074769230769231
0.09846646153846153
0.0880356923076923
0.06425353846153846
0.03921969230769231
0.01940123076923077
-0.006884307692307692
-0.026494153846153844
-0.04547815384615384
-0.06049846153846154
-0.045060923076923075
-0.015020307692307692
0.03859384615384615
0.09909230769230769
0.14436184615384615
0.1860849230769231
0.19755876923076923
0.1775316923076923
0.1287156923076923
0.03859384615384615
-0.06884307692307692
-0.17398523076923075
-0.26786215384615386
-0.3235624615384615
-0.33482769230769227
-0.30937661538461536
-0.2497126153846154
-0.16981292307692308
-0.0771876923076923
0.026702769230769228
0.11265230769230769
0.1489513846153846
0.14749107692307692
0.11599015384615384
0.065088
0.0022947692307692304
-0.07030338461538461
-0.14060676923076923
-0.19296923076923078
-0.21049292307692305
-0.1881710769230769
-0.13893784615384613
-0.08240307692307691
-0.030875076923076922
0.02044430769230769
0.07301538461538462
0.11995384615384615
0.15291507692307693
0.15082892307692305
0.119328
0.07113784615384615
0.013768615384615384
-0.03671630769230769
-0.07572738461538461
-0.09971815384615385
-0.10055261538461538
-0.08448923076923077
-0.05069353846153846
-0.003129230769230769
0.04172307692307692
0.08469784615384615
0.11494707692307692
0.12454338461538461
0.11807630769230769
0.08448923076923077
0.028371692307692306
-0.029832
-0.08511507692307693
-0.11411261538461538
-0.11995384615384615
-0.10514215384615383
-0.06884307692307692
-0.026494153846153844
0.03024923076923077
0.0798996923076923
0.13038461538461538
0.15500123076923078
0.14144123076923076
0.12037107692307693
0.08824430769230769
0.06529661538461538
0.040262769230769234
0.008136
-0.013768615384615384
-0.03045784615384615
-0.031709538461538456
-0.016272
-0.010013538461538461
-0.019192615384615384
-0.03296123076923077
-0.03504738461538461
-0.02273907692307692
-0.01272553846153846
-0.0022947692307692304
-0.0018775384615384615
-0.013142769230769229
-0.03129230769230769
-0.05319692307692307
-0.065088
-0.07697907692307693
-0.08490646153846154
-0.07572738461538461
-0.04422646153846154
0.0006258461538461538
0.04130584615384615
0.06988615384615385
0.08845292307692308
0.0988836923076923
0.1045163076923077
0.10785415384615385
0.10430769230769231
0.09575446153846154
0.08907876923076924
0.0961716923076923
0.1218313846153846
0.15270646153846154
0.17419384615384614
0.18066092307692305
0.17711446153846155
0.1612596923076923
0.13393107692307693
0.08699261538461538
0.02524246153846154
-0.03713353846153846
-0.0934596923076923
-0.12788123076923075
-0.14665661538461539
-0.14311015384615386
-0.11724184615384614
-0.07051199999999999
0.0014603076923076922
0.08782707692307692
0.16230276923076925
0.2154996923076923
0.23677846153846152
0.22467876923076924
0.1994363076923077
0.14665661538461539
0.08177723076923075
0.006675692307692307
-0.07051199999999999
-0.12037107692307693
-0.13872923076923074
-0.12120553846153845
-0.07843938461538462
-0.014185846153846153
0.06154153846153846
0.14311015384615386
0.22321846153846153
0.2768326153846154
0.29581661538461534
0.2730775384615384
0.21612553846153845
0.14582215384615385
0.06738276923076922
-0.014394461538461538
-0.09658892307692307
-0.173568
-0.22822523076923076
-0.2436627692307692
-0.22801661538461537
-0.18775384615384613
-0.13476553846153844
-0.08991323076923076
-0.058829538461538454
-0.047772923076923074
-0.06425353846153846
-0.10868861538461538
-0.12016246153846154
-0.09053907692307692
-0.024408000000000003
0.0892873846153846
0.1883796923076923
0.31083692307692307
0.42307199999999995
0.49003753846153847
0.5217470769230769
0.443724923076923
0.2981113846153846
0.11703323076923078
-0.037967999999999995
-0.2140393846153846
-0.3805144615384615
-0.4622916923076923
-0.5102732307692307
-0.41326707692307696
-0.2517987692307692
-0.046104
0.192552
0.38760738461538463
0.5713975384615384
0.6417009230769231
0.6143723076923077
0.48106707692307693
0.2526332307692308
-0.004798153846153846
-0.3062473846153846
-0.546780923076923
-0.7147163076923077
-0.7775095384615385
-0.6886393846153845
-0.5232073846153845
-0.29080984615384614
-0.044435076923076924
0.19192615384615386
0.4222375384615385
0.5480326153846153
0.5680596923076923
0.5144455384615384
0.3817661538461538
0.24866953846153847
0.09325107692307691
-0.078648
-0.23260615384615385
-0.3767593846153846
-0.44748
-0.4547815384615384
-0.41326707692307696
-0.33983446153846153
-0.23928184615384615
-0.1028473846153846
0.025033846153846153
0.13518276923076925
0.20193969230769232
0.21111876923076925
0.19818461538461538
0.14936861538461538
0.07489292307692308
0.01981846153846154
-0.03045784615384615
-0.06070707692307692
-0.06613107692307692
-0.08428061538461538
-0.0961716923076923
-0.10389046153846154
-0.12537784615384615
-0.15354092307692307
-0.19213476923076922
-0.2140393846153846
-0.19609846153846153
-0.13080184615384613
-0.02545107692307692
0.08991323076923076
0.19860184615384616
0.28768061538461537
0.3671630769230769
0.4174393846153846
0.3994984615384615
0.3408775384615384
0.2507556923076923
0.1341396923076923
0.021696
-0.08428061538461538
-0.15917353846153848
-0.1977673846153846
-0.2075723076923077
-0.17085599999999998
-0.10055261538461538
-0.012308307692307691
0.09074769230769231
0.1856676923076923
0.2563883076923077
0.29832
0.30416123076923074
0.27474646153846155
0.20423446153846153
0.09992676923076924
-0.03838523076923077
-0.168144
-0.2586830769230769
-0.32606584615384615
-0.3312812307692308
-0.29227015384615385
-0.21320492307692307
-0.08574092307692306
0.03650769230769231
0.1449876923076923
0.22321846153846153
0.2574313846153846
0.26869661538461537
0.2509643076923077
0.20486030769230767
0.13893784615384613
0.04714707692307692
-0.03775938461538462
-0.09158215384615384
-0.12141415384615384
-0.14144123076923076
-0.1489513846153846
-0.1368516923076923
-0.11286092307692308
-0.07280676923076923
-0.02899753846153846
0.004798153846153846
0.018358153846153843
0.010013538461538461
-0.0004172307692307692
-0.003755076923076923
-0.01856676923076923
-0.044435076923076924
-0.059872615384615385
-0.06258461538461538
-0.05069353846153846
-0.026702769230769228
0.0043809230769230765
0.03963692307692308
0.06195876923076923
0.053405538461538456
0.02524246153846154
-0.0029206153846153843
-0.03942830769230769
-0.07635323076923077
-0.10889723076923077
-0.13455692307692307
-0.12934153846153845
-0.0974233846153846
-0.04860738461538461
0.015228923076923076
0.07677046153846154
0.13706030769230768
0.21195323076923075
0.2659846153846154
0.27432923076923077
0.23510953846153848
0.14999446153846155
0.07384984615384615
0.005841230769230769
-0.06863446153846153
-0.13643446153846153
-0.19964492307692308
-0.22655630769230767
-0.21091015384615383
-0.16730953846153845
-0.10889723076923077
-0.05048492307692308
0.012308307692307691
0.06195876923076923
0.09825784615384614
0.12370892307692308
0.11286092307692308
0.078648
0.03567323076923076
-0.006258461538461538
-0.023990769230769232
-0.03275261538461539
-0.021904615384615383
0.006049846153846154
0.01940123076923077
0.0446436923076923
0.0826116923076923
0.11390399999999999
0.12621230769230768
0.10347323076923076
0.05820369230769231
0.010222153846153844
-0.029414769230769227
-0.06946892307692307
-0.1045163076923077
-0.12037107692307693
-0.11870215384615385
-0.09179076923076923
-0.044435076923076924
-0.0006258461538461538
0.03024923076923077
0.05048492307692308
0.059872615384615385
0.07051199999999999
0.05298830769230769
0.0022947692307692304
-0.05653476923076922
-0.12412615384615384
-0.1666836923076923
-0.17398523076923075
-0.14832553846153845
-0.092208
-0.024199384615384616
0.04756430769230769
0.12099692307692309
0.1869193846153846
0.2275993846153846
0.24032492307692307
0.22175815384615383
0.1785747692307692
0.12934153846153845
0.07572738461538461
0.028163076923076923
-0.0006258461538461538
-0.017315076923076923
-0.011265230769230769
0.01397723076923077
0.053405538461538456
0.09471138461538461
0.11202646153846153
0.11703323076923078
0.12391753846153845
0.12788123076923075
0.11765907692307691
0.100344
0.07510153846153846
0.043600615384615383
0.02482523076923077
0.0043809230769230765
-0.02044430769230769
-0.046104
-0.07927384615384615
-0.10055261538461538
-0.1045163076923077
-0.09846646153846153
-0.0974233846153846
-0.10389046153846154
-0.10576799999999999
-0.09408553846153846
-0.0717636923076923
-0.04985907692307692
-0.03233538461538461
-0.010013538461538461
0.025033846153846153
0.065088
0.10743692307692307
0.13330523076923076
0.14018953846153845
0.1287156923076923
0.10055261538461538
0.06529661538461538
0.01668923076923077
-0.042557538461538466
-0.10785415384615385
-0.15750461538461538
-0.18379015384615385
-0.1783661538461538
-0.14999446153846155
-0.11181784615384616
-0.06529661538461538
-0.019192615384615384
0.03337846153846154
0.08740984615384616
0.12850707692307692
0.14957723076923077
0.15124615384615384
0.1368516923076923
0.11745046153846153
0.09199938461538461
0.05507446153846154
0.011473846153846154
-0.028788923076923077
-0.05382276923076923
-0.06884307692307692
-0.08219446153846154
-0.08490646153846154
-0.07551876923076924
-0.0446436923076923
0.012308307692307691
0.0798996923076923
0.15667015384615385
0.21445661538461538
0.2482523076923077
0.2586830769230769
0.24345415384615382
0.21111876923076925
0.14290153846153844
0.04902461538461538
-0.05528307692307692
-0.14603076923076924
-0.2008966153846154
-0.22572184615384616
-0.21716861538461538
-0.18650215384615382
-0.12934153846153845
-0.04214030769230769
0.05674338461538461
0.15103753846153847
0.21487384615384614
0.23803015384615384
0.23656984615384613
0.21633415384615384
0.17544553846153846
0.1207883076923077
0.04631261538461538
-0.03024923076923077
-0.09679753846153846
-0.13872923076923074
-0.13935507692307691
-0.12412615384615384
-0.09930092307692308
-0.06321046153846153
-0.013351384615384614
0.04902461538461538
0.09700615384615385
0.13038461538461538
0.14290153846153844
0.13247076923076923
0.11473846153846154
0.08594953846153845
0.058829538461538454
0.015646153846153844
-0.032544
-0.05945538461538461
-0.07489292307692308
-0.06946892307692307
-0.05590892307692308
-0.056326153846153845
-0.059872615384615385
-0.06529661538461538
-0.07238953846153846
-0.073224
-0.08198584615384615
-0.08782707692307692
-0.08115138461538463
-0.06321046153846153
-0.017523692307692306
0.03713353846153846
0.09387692307692307
0.1489513846153846
0.18483323076923078
0.20506892307692307
0.20006215384615383
0.17315076923076922
0.12350030769230769
0.05653476923076922
-0.0033378461538461535
-0.03692492307692308
-0.043600615384615383
-0.038176615384615385
-0.02795446153846154
-0.012308307692307691
0.014185846153846153
0.045895384615384616
0.07677046153846154
0.08845292307692308
0.08031692307692308
0.06863446153846153
0.06279323076923077
0.07134646153846153
0.07781353846153846
0.07614461538461538
0.06070707692307692
0.03567323076923076
0.023990769230769232
0.010639384615384617
-0.0070929230769230765
-0.025033846153846153
-0.052153846153846155
-0.07009476923076922
-0.07405846153846153
-0.06717415384615384
-0.04902461538461538
-0.037967999999999995
-0.03275261538461539
-0.02086153846153846
-0.012516923076923077
-0.005424
-0.008970461538461538
-0.016480615384615385
-0.011891076923076923
-0.009179076923076922
0.006675692307692307
0.023990769230769232
0.026076923076923077
0.026285538461538457
0.013768615384615384
0.003129230769230769
-0.005632615384615384
-0.027745846153846152
-0.04965046153846154
-0.07572738461538461
-0.084072
-0.08031692307692308
-0.07802215384615384
-0.06258461538461538
-0.05027630769230769
-0.025659692307692307
0.013351384615384614
0.052153846153846155
0.08866153846153846
0.10201292307692307
0.09992676923076924
0.08782707692307692
0.05820369230769231
0.02357353846153846
-0.022947692307692308
-0.07113784615384615
-0.11098338461538461
-0.14039815384615384
-0.13914646153846155
-0.11703323076923078
-0.07030338461538461
-0.008344615384615384
0.05716061538461538
0.12975876923076923
0.18399876923076922
0.21174461538461536
0.20840676923076923
0.17502830769230768
0.11640738461538462
0.042974769230769226
-0.03775938461538462
-0.11327815384615383
-0.1794092307692308
-0.2288510769230769
-0.23823876923076923
-0.21529107692307692
-0.16501476923076921
-0.10660246153846153
-0.045895384615384616
0.020652923076923076
0.07948246153846153
0.12099692307692309
0.1353913846153846
0.12370892307692308
0.08574092307692306
0.030875076923076922
-0.02357353846153846
-0.07927384615384615
-0.12788123076923075
-0.14832553846153845
-0.15187199999999998
-0.13267938461538462
-0.0855323076923077
-0.026285538461538457
0.03629907692307692
0.08636676923076922
0.1136953846153846
0.1151556923076923
0.09283384615384616
0.05382276923076923
0.010848
-0.06195876923076923
-0.12037107692307693
-0.15959076923076923
-0.16271999999999998
-0.1045163076923077
-0.03880246153846154
0.13247076923076923
0.20965846153846154
0.21091015384615383
0.2641070769230769
0.2154996923076923
0.21174461538461536
0.09804923076923076
-0.08887015384615385
-0.23010276923076922
-0.38698153846153843
-0.37947138461538454
-0.3611132307692308
-0.3285692307692308
-0.24908676923076922
-0.17023015384615386
0.053614153846153846
0.26076923076923075
0.4322510769230769
0.5459464615384615
0.5000510769230769
0.4564504615384615
0.34922215384615385
0.20402584615384614
0.06696553846153847
-0.15082892307692305
-0.2680707692307692
-0.3542289230769231
-0.4072172307692307
-0.301032
-0.2090326153846154
-0.06195876923076923
0.07614461538461538
0.14164984615384615
0.24282830769230768
0.2680707692307692
0.2860116923076923
0.29748553846153847
0.21904615384615383
0.13351384615384615
0.03671630769230769
-0.016272
-0.03108369230769231
-0.09596307692307693
-0.14811692307692306
-0.20381723076923075
-0.22467876923076924
-0.1883796923076923
-0.18232984615384615
-0.14832553846153845
-0.10138707692307691
-0.05111076923076923
0.04714707692307692
0.10848000000000001
0.16188553846153847
0.22175815384615383
0.23656984615384613
0.2795446153846154
0.3045784615384615
0.28350830769230767
0.23969907692307693
0.143736
0.042974769230769226
-0.06613107692307692
-0.17711446153846155
-0.25054707692307693
-0.2776670769230769
-0.25159015384615385
-0.2238443076923077
-0.1635544615384615
-0.042974769230769226
0.08094276923076923
0.22321846153846153
0.3246055384615385
0.36403384615384615
0.3707095384615384
0.3156350769230769
0.2438713846153846
0.14290153846153844
0.015437538461538461
-0.073224
-0.14811692307692306
-0.19380369230769232
-0.192552
-0.16438892307692307
-0.08344615384615384
0.013142769230769229
0.09679753846153846
0.16501476923076921
0.20798953846153845
0.25284184615384614
0.2568055384615385
0.20798953846153845
0.13893784615384613
0.03963692307692308
-0.02586830769230769
-0.061124307692307686
-0.0892873846153846
-0.08198584615384615
-0.06988615384615385
-0.021904615384615383
0.046104
0.08511507692307693
0.11640738461538462
0.11411261538461538
0.08177723076923075
0.035464615384615386
-0.031918153846153846
-0.10764553846153846
-0.19213476923076922
-0.25346769230769234
-0.26097784615384617
-0.2194633846153846
-0.13935507692307691
-0.05236246153846154
0.034630153846153845
0.12099692307692309
0.18858830769230767
0.23803015384615384
0.24720923076923076
0.20527753846153846
0.14853415384615384
0.07301538461538462
-0.014185846153846153
-0.09158215384615384
-0.16793538461538463
-0.2021483076923077
-0.19839323076923077
-0.1710646153846154
-0.11056615384615384
-0.052153846153846155
0.02211323076923077
0.0974233846153846
0.15145476923076923
0.19714153846153845
0.21007569230769232
0.19609846153846153
0.14957723076923077
0.06759138461538462
-0.011265230769230769
-0.08761846153846153
-0.13852061538461538
-0.16292861538461537
-0.1992276923076923
-0.21341353846153846
-0.20444307692307692
-0.16209415384615386
-0.08866153846153846
-0.03984553846153846
0.0012516923076923076
0.04318338461538461
0.08866153846153846
0.14936861538461538
0.19046584615384615
0.20027076923076922
0.17648861538461538
0.1368516923076923
0.10201292307692307
0.06133292307692308
0.023782153846153845
-0.024408000000000003
-0.08177723076923075
-0.11911938461538461
-0.12955015384615384
-0.11327815384615383
-0.084072
-0.04902461538461538
0.009596307692307692
0.07551876923076924
0.1489513846153846
0.23448369230769228
0.28017046153846153
0.2782929230769231
0.235944
0.17273353846153844
0.12266584615384615
0.059664
-0.020652923076923076
-0.10430769230769231
-0.19735015384615384
-0.2517987692307692
-0.254928
-0.22488738461538463
-0.17231630769230769
-0.12621230769230768
-0.059872615384615385
0.022947692307692308
0.10764553846153846
0.17231630769230769
0.18754523076923074
0.17377661538461536
0.13726892307692307
0.08949599999999999
0.040262769230769234
-0.024199384615384616
-0.092208
-0.13476553846153844
-0.14999446153846155
-0.12850707692307692
-0.08574092307692306
-0.03984553846153846
0.009804923076923077
0.054657230769230764
0.103056
0.15208061538461537
0.184416
0.1860849230769231
0.15520984615384617
0.10055261538461538
0.04276615384615385
-0.017940923076923077
-0.07823076923076923
-0.13226215384615383
-0.17315076923076922
-0.18337292307692307
-0.14686523076923075
-0.06258461538461538
0.03129230769230769
0.11995384615384615
0.19338646153846153
0.24491446153846153
0.2814221538461538
0.28434276923076923
0.24011630769230768
0.16105107692307694
0.06154153846153846
-0.033169846153846154
-0.11098338461538461
-0.16501476923076921
-0.1867107692307692
-0.1829556923076923
-0.1358086153846154
-0.06696553846153847
0.0077187692307692304
0.086784
0.1314276923076923
0.15896492307692306
0.1696043076923077
0.15541846153846153
0.12621230769230768
0.06133292307692308
-0.017523692307692306
-0.09533723076923077
-0.16730953846153845
-0.21195323076923075
-0.24074215384615386
-0.24700061538461537
-0.23510953846153848
-0.2194633846153846
-0.17711446153846155
-0.11891076923076922
-0.054240000000000003
0.01043076923076923
0.06258461538461538
0.11244369230769231
0.14916
0.1733593846153846
0.1733593846153846
0.1314276923076923
0.06967753846153846
0.012934153846153845
-0.03024923076923077
-0.05653476923076922
-0.07969107692307692
-0.10117846153846152
-0.10368184615384615
-0.09199938461538461
-0.05319692307692307
-0.0022947692307692304
0.04088861538461538
0.08720123076923077
0.13205353846153844
0.1760713846153846
0.1994363076923077
0.1990190769230769
0.1760713846153846
0.12934153846153845
0.07343261538461537
0.011056615384615385
-0.05298830769230769
-0.116616
-0.18399876923076922
-0.23260615384615385
-0.23803015384615384
-0.21091015384615383
-0.15249784615384615
-0.08198584615384615
-0.017940923076923077
0.0446436923076923
0.0963803076923077
0.13518276923076925
0.15208061538461537
0.15374953846153847
0.14916
0.1397723076923077
0.1316363076923077
0.11578153846153846
0.08782707692307692
0.049233230769230765
0.0014603076923076922
-0.04672984615384615
-0.08073415384615384
-0.10743692307692307
-0.12725538461538463
-0.13226215384615383
-0.11974523076923077
-0.07259815384615384
-0.0006258461538461538
0.0828203076923077
0.15249784615384615
0.19067446153846154
0.20965846153846154
0.19630707692307692
0.15270646153846154
0.07843938461538462
-0.017523692307692306
-0.11452984615384615
-0.19150892307692308
-0.23469230769230767
-0.254928
-0.24887815384615386
-0.21925476923076925
-0.15270646153846154
-0.052153846153846155
0.05507446153846154
0.15187199999999998
0.21049292307692305
0.22321846153846153
0.200688
0.1449876923076923
0.07489292307692308
-0.0008344615384615384
-0.08240307692307691
-0.14707384615384617
-0.18337292307692307
-0.18212123076923076
-0.1504116923076923
-0.10117846153846152
-0.03650769230769231
0.030875076923076922
0.09971815384615385
0.1656406153846154
0.21028430769230766
0.222384
0.20486030769230767
0.15520984615384617
0.08782707692307692
0.016480615384615385
-0.05319692307692307
-0.11077476923076923
-0.15687876923076924
-0.1712732307692308
-0.14561353846153846
-0.09700615384615385
-0.024408000000000003
0.047981538461538464
0.10681107692307691
0.16042523076923076
0.1881710769230769
0.19150892307692308
0.1639716923076923
0.10722830769230769
0.04965046153846154
-0.00855323076923077
-0.050067692307692306
-0.073224
-0.08323753846153846
-0.07781353846153846
-0.053405538461538456
-0.005424
0.042974769230769226
0.08010830769230769
0.10535076923076922
0.111192
0.10347323076923076
0.07927384615384615
0.038176615384615385
-0.0025033846153846152
-0.04693846153846153
-0.08490646153846154
-0.10326461538461539
-0.10889723076923077
-0.09930092307692308
-0.08866153846153846
-0.0798996923076923
-0.07259815384615384
-0.06592246153846154
-0.053614153846153846
-0.04526953846153846
-0.03442153846153846
-0.022947692307692308
-0.013142769230769229
-0.002086153846153846
0.003963692307692307
0.011265230769230769
0.012308307692307691
0.011265230769230769
0.005215384615384615
-0.006258461538461538
-0.015646153846153844
-0.025033846153846153
-0.03129230769230769
-0.033169846153846154
-0.02357353846153846
-0.013142769230769229
-0.006884307692307692
-0.016480615384615385
-0.03400430769230769
-0.03838523076923077
-0.021904615384615383
0.0070929230769230765
0.03838523076923077
0.065088
0.08448923076923077
0.11035753846153845
0.12537784615384615
0.1218313846153846
0.1028473846153846
0.07197230769230768
0.040262769230769234
0.0070929230769230765
-0.021487384615384613
-0.04214030769230769
-0.05611753846153846
-0.05674338461538461
-0.03984553846153846
-0.010222153846153844
0.02586830769230769
0.05382276923076923
0.06884307692307692
0.07927384615384615
0.08949599999999999
0.09846646153846153
0.10597661538461538
0.10639384615384614
0.09596307692307693
0.08094276923076923
0.06717415384615384
0.06362769230769232
0.05653476923076922
0.04422646153846154
0.028788923076923077
0.018775384615384614
0.019192615384615384
0.020027076923076922
0.01814953846153846
-0.006675692307692307
-0.015020307692307692
-0.010848
0.0014603076923076922
0.03442153846153846
0.052153846153846155
0.07781353846153846
0.10827138461538462
0.14436184615384615
0.1787833846153846
0.19004861538461537
0.24679199999999998
0.29769415384615383
0.1923433846153846
0.15520984615384617
0.049233230769230765
-0.04401784615384615
0.027120000000000002
-0.16793538461538463
-0.26765353846153844
-0.317304
-0.21070153846153844
-0.011473846153846154
0.046104
0.20006215384615383
0.1913003076923077
0.330864
0.4733483076923077
0.49045476923076925
0.4647950769230769
0.2236356923076923
0.08740984615384616
-0.016063384615384615
-0.15187199999999998
-0.20256553846153844
-0.3143833846153846
-0.3617390769230769
-0.2931046153846154
-0.25951753846153847
-0.13330523076923076
-0.018358153846153843
0.050067692307692306
0.2342750769230769
0.2789187692307692
0.3062473846153846
0.3506824615384615
0.2891409230769231
0.25012984615384615
0.12266584615384615
-0.017940923076923077
-0.14728246153846153
-0.25284184615384614
-0.27286892307692306
-0.28663753846153844
-0.32606584615384615
-0.3419206153846154
-0.2724516923076923
-0.10889723076923077
-0.0006258461538461538
0.03901107692307692
0.11745046153846153
0.17315076923076922
0.268488
0.3239796923076923
0.26723630769230766
0.20944984615384615
0.11035753846153845
0.01981846153846154
-0.027328615384615382
-0.15145476923076923
-0.2574313846153846
-0.33482769230769227
-0.38760738461538463
-0.36403384615384615
-0.3312812307692308
-0.26765353846153844
-0.18879692307692306
-0.05111076923076923
0.07259815384615384
0.1462393846153846
0.22572184615384616
0.24554030769230767
0.2638984615384615
0.2526332307692308
0.1397723076923077
0.05653476923076922
-0.010013538461538461
-0.11870215384615385
-0.20444307692307692
-0.2897667692307692
-0.30186646153846153
-0.2638984615384615
-0.23093723076923076
-0.15333230769230768
-0.103056
-0.03421292307692308
0.09846646153846153
0.20444307692307692
0.249504
0.25117292307692307
0.2666104615384615
0.287472
0.24491446153846153
0.14790830769230767
0.013768615384615384
-0.09846646153846153
-0.14561353846153846
-0.2221753846153846
-0.2601433846153846
-0.25054707692307693
-0.24512307692307692
-0.15208061538461537
-0.05048492307692308
0.04819015384615385
0.16251138461538459
0.22780799999999998
0.273912
0.287472
0.26619323076923074
0.23448369230769228
0.18775384615384613
0.13601723076923075
0.0717636923076923
0.026702769230769228
-0.020652923076923076
-0.08115138461538463
-0.10660246153846153
-0.119328
-0.10201292307692307
-0.04985907692307692
0.0004172307692307692
0.09074769230769231
0.18337292307692307
0.23072861538461537
0.2724516923076923
0.2632726153846154
0.23531815384615382
0.22843384615384613
0.1802436923076923
0.09992676923076924
0.0008344615384615384
-0.07343261538461537
-0.09241661538461539
-0.11870215384615385
-0.132888
-0.1341396923076923
-0.11953661538461538
-0.07677046153846154
-0.05924676923076923
-0.032544
-0.021696
-0.014185846153846153
0.033169846153846154
0.0446436923076923
0.047772923076923074
0.03483876923076923
-0.005215384615384615
0.0035464615384615383
-0.015228923076923076
-0.06404492307692307
-0.09325107692307691
-0.119328
-0.10222153846153846
-0.0826116923076923
-0.08073415384615384
-0.06404492307692307
-0.037342153846153844
0.003755076923076923
0.03045784615384615
0.037967999999999995
0.026702769230769228
-0.014394461538461538
-0.05382276923076923
-0.08907876923076924
-0.11807630769230769
-0.11578153846153846
-0.10785415384615385
-0.0771876923076923
-0.026702769230769228
0.008136
0.06341907692307691
0.10722830769230769
0.12996738461538462
0.1287156923076923
0.07572738461538461
0.025033846153846153
-0.016480615384615385
-0.07113784615384615
-0.13476553846153844
-0.20673784615384616
-0.23615261538461538
-0.22134092307692307
-0.18316430769230768
-0.12683815384615382
-0.09074769230769231
-0.04860738461538461
0.003129230769230769
0.06842584615384616
0.13476553846153844
0.15938215384615384
0.1585476923076923
0.13601723076923075
0.09137353846153846
0.026076923076923077
-0.06258461538461538
-0.15166338461538462
-0.22175815384615383
-0.27850153846153847
-0.3008233846153846
-0.2807963076923077
-0.2273907692307692
-0.14477907692307693
-0.045895384615384616
0.059664
0.15833907692307692
0.25346769230769234
0.3137575384615385
0.31667815384615383
0.27286892307692306
0.19651569230769228
0.11870215384615385
0.03984553846153846
-0.04652123076923077
-0.1289243076923077
-0.20131384615384615
-0.2374043076923077
-0.20924123076923076
-0.13184492307692308
-0.02086153846153846
0.09700615384615385
0.20047938461538461
0.31188
0.4076344615384615
0.450192
0.4453938461538462
0.38698153846153843
0.2883064615384615
0.1718990769230769
0.04714707692307692
-0.08177723076923075
-0.2021483076923077
-0.2822566153846154
-0.3206418461538461
-0.31229723076923077
-0.260352
-0.18525046153846153
-0.09012184615384615
0.015854769230769228
0.11557292307692307
0.19818461538461538
0.25054707692307693
0.25659692307692306
0.22342707692307692
0.1558356923076923
0.07405846153846153
-0.011682461538461537
-0.09784061538461537
-0.1718990769230769
-0.22551323076923077
-0.25305046153846156
-0.25659692307692306
-0.22196676923076922
-0.16647507692307692
-0.10201292307692307
-0.037342153846153844
0.02273907692307692
0.10159569230769232
0.18232984615384615
0.2342750769230769
0.24679199999999998
0.22676492307692306
0.1873366153846154
0.13726892307692307
0.07301538461538462
-0.005632615384615384
-0.08761846153846153
-0.15374953846153847
-0.18650215384615382
-0.1873366153846154
-0.16418030769230768
-0.11557292307692307
-0.06049846153846154
-0.008970461538461538
0.051528
0.10263876923076923
0.14269292307692305
0.15938215384615384
0.14665661538461539
0.12788123076923075
0.10347323076923076
0.0853236923076923
0.059872615384615385
0.018983999999999997
-0.021070153846153846
-0.059038153846153844
-0.07927384615384615
-0.08177723076923075
-0.08073415384615384
-0.08115138461538463
-0.08219446153846154
-0.0609156923076923
-0.015646153846153844
0.03150092307692308
0.07197230769230768
0.09596307692307693
0.116616
0.12829846153846153
0.12725538461538463
0.1316363076923077
0.11953661538461538
0.09554584615384615
0.07259815384615384
0.04965046153846154
0.047772923076923074
0.04193169230769231
0.029206153846153847
0.02023569230769231
0.0014603076923076922
-0.014394461538461538
-0.03108369230769231
-0.04985907692307692
-0.0678
-0.08010830769230769
-0.07343261538461537
-0.04902461538461538
0.0029206153846153843
0.06905169230769231
0.12350030769230769
0.17711446153846155
0.21466523076923077
0.23448369230769228
0.21842030769230766
0.15646153846153846
0.092208
0.014394461538461538
-0.06654830769230768
-0.12433476923076923
-0.1637630769230769
-0.17502830769230768
-0.165432
-0.1353913846153846
-0.07677046153846154
-0.005841230769230769
0.07030338461538461
0.13893784615384613
0.19380369230769232
0.2330233846153846
0.24199384615384617
0.23135446153846154
0.20277415384615383
0.15249784615384615
0.0855323076923077
0.006467076923076923
-0.059664
-0.11348676923076922
-0.16209415384615386
-0.18879692307692306
-0.1913003076923077
-0.16897846153846155
-0.13872923076923074
-0.09992676923076924
-0.040054153846153843
0.01814953846153846
0.07969107692307692
0.14311015384615386
0.19547261538461536
0.22864246153846152
0.23510953846153848
0.22447015384615385
0.19693292307692306
0.1504116923076923
0.08845292307692308
0.023364923076923075
-0.03609046153846154
-0.07885661538461539
-0.10430769230769231
-0.10806276923076923
-0.09575446153846154
-0.08615815384615384
-0.06717415384615384
-0.03629907692307692
0.010639384615384617
0.06487938461538462
0.10889723076923077
0.14164984615384615
0.16188553846153847
0.168144
0.16251138461538459
0.13914646153846155
0.092208
0.02899753846153846
-0.04631261538461538
-0.11578153846153846
-0.17377661538461536
-0.21612553846153845
-0.23656984615384613
-0.23239753846153846
-0.19463815384615382
-0.13455692307692307
-0.05924676923076923
0.018775384615384614
0.092208
0.16021661538461537
0.20632061538461538
0.23364923076923078
0.2369870769230769
0.208824
0.15604430769230768
0.07531015384615385
-0.006258461538461538
-0.07885661538461539
-0.14394461538461537
-0.18086953846153844
-0.19881046153846152
-0.19735015384615384
-0.1785747692307692
-0.14978584615384616
-0.0961716923076923
-0.03483876923076923
0.01981846153846154
0.0855323076923077
0.14457046153846154
0.18921415384615384
0.21508246153846153
0.21362215384615382
0.20131384615384615
0.17085599999999998
0.13038461538461538
0.08636676923076922
0.027328615384615382
-0.02858030769230769
-0.07489292307692308
-0.10597661538461538
-0.1218313846153846
-0.1316363076923077
-0.12099692307692309
-0.084072
-0.037967999999999995
0.022947692307692308
0.08782707692307692
0.138312
0.18629353846153843
0.21299630769230768
0.235944
0.22989415384615383
0.17544553846153846
0.09512861538461538
-0.016897846153846156
-0.11891076923076922
-0.21007569230769232
-0.28893230769230765
-0.3490135384615385
-0.3982467692307692
-0.42077723076923074
-0.4188996923076923
-0.4090947692307692
-0.387816
-0.3844781538461538
-0.31208861538461535
-0.14436184615384615
0.04380923076923077
0.30249230769230767
0.5100646153846153
0.6923944615384616
0.8436406153846153
0.9043476923076923
0.9103975384615384
0.7343261538461539
0.47230523076923075
0.15562707692307692
-0.19735015384615384
-0.4781464615384615
-0.6967753846153846
-0.8133913846153846
-0.8309150769230769
-0.7261901538461538
-0.4848221538461538
-0.17628
0.1704387692307692
0.48294461538461536
0.6834239999999999
0.7835593846153845
0.7293193846153846
0.5597150769230769
0.3248141538461538
-0.031918153846153846
-0.3863556923076923
-0.7007390769230769
-0.9124836923076923
-0.919368
-0.8131827692307693
-0.5872523076923076
-0.32335384615384616
-0.0936683076923077
0.14832553846153845
0.3241883076923077
0.39928984615384616
0.3738387692307692
0.25764
0.14957723076923077
0.0717636923076923
0.032544
0.030040615384615384
0.008136
-0.004589538461538461
-0.03045784615384615
-0.05945538461538461
-0.07843938461538462
-0.13184492307692308
-0.16334584615384617
-0.18170399999999998
-0.19860184615384616
-0.1718990769230769
-0.15625292307692307
-0.12558646153846154
-0.07677046153846154
-0.041514461538461535
0.040054153846153843
0.13747753846153846
0.24449723076923074
0.3412947692307692
0.36445107692307693
0.3202246153846154
0.2021483076923077
0.04318338461538461
-0.13643446153846153
-0.344424
-0.5123593846153845
-0.6066535384615385
-0.5889212307692308
-0.4387181538461538
-0.22947692307692308
0.026076923076923077
0.27620676923076926
0.48294461538461536
0.6579729230769231
0.7201403076923076
0.6717415384615385
0.5436516923076923
0.35318584615384613
0.1570873846153846
-0.042557538461538466
-0.21967199999999998
-0.3437981538461538
-0.40283630769230766
-0.37947138461538454
-0.3004061538461538
-0.17315076923076922
-0.016272
0.13998092307692306
0.28434276923076923
0.36611999999999995
0.39219692307692305
0.36027876923076924
0.2480436923076923
0.10555938461538462
-0.061750153846153844
-0.21591692307692306
-0.3054129230769231
-0.3481790769230769
-0.3241883076923077
-0.2374043076923077
-0.1136953846153846
0.04819015384615385
0.200688
0.3062473846153846
0.3412947692307692
0.3004061538461538
0.21779446153846155
0.11390399999999999
0.009804923076923077
-0.09992676923076924
-0.20339999999999997
-0.2563883076923077
-0.25701415384615384
-0.18900553846153845
-0.08156861538461539
0.024199384615384616
0.1368516923076923
0.21925476923076925
0.27453784615384613
0.2947735384615384
0.25117292307692307
0.168144
0.050067692307692306
-0.065088
-0.14811692307692306
-0.21049292307692305
-0.24866953846153847
-0.2709913846153846
-0.2492953846153846
-0.1760713846153846
-0.0771876923076923
0.04109723076923077
0.1397723076923077
0.19296923076923078
0.20819815384615384
0.18316430769230768
0.13789476923076924
0.07906523076923076
-0.004589538461538461
-0.08386338461538462
-0.15416676923076922
-0.1794092307692308
-0.13372246153846154
-0.06800861538461538
0.008761846153846153
0.07906523076923076
0.13309661538461537
0.1829556923076923
0.20465169230769228
0.19192615384615386
0.14603076923076924
0.078648
0.025033846153846153
0.0
0.011891076923076923
0.049233230769230765
0.09825784615384614
0.15750461538461538
0.2021483076923077
0.22843384615384613
0.21716861538461538
0.15187199999999998
0.07092923076923077
-0.025659692307692307
-0.11599015384615384
-0.18128676923076922
-0.22697353846153845
-0.22154953846153846
-0.18149538461538461
-0.10138707692307691
0.026285538461538457
0.1733593846153846
0.314592
0.42787015384615384
0.5092301538461538
0.5411483076923076
0.5227901538461539
0.44914892307692306
0.3212676923076923
0.16334584615384617
-0.009596307692307692
-0.1639716923076923
-0.2707827692307692
-0.3229366153846154
-0.31500923076923076
-0.24658338461538462
-0.13059323076923077
0.01940123076923077
0.17481969230769231
0.2845513846153846
0.33378461538461535
0.3248141538461538
0.2618123076923077
0.16021661538461537
0.03337846153846154
-0.10952307692307692
-0.25054707692307693
-0.35965292307692304
-0.4124326153846154
-0.40325353846153844
-0.35339446153846155
-0.2670276923076923
-0.16230276923076925
-0.05716061538461538
0.031918153846153846
0.08824430769230769
0.10785415384615385
0.08469784615384615
0.04547815384615384
-0.006675692307692307
-0.04944184615384615
-0.07134646153846153
-0.08845292307692308
-0.07551876923076924
-0.03901107692307692
0.01668923076923077
0.092208
0.15103753846153847
0.18170399999999998
0.18399876923076922
0.15625292307692307
0.11181784615384616
0.052571076923076915
-0.014603076923076923
-0.0855323076923077
-0.143736
-0.16292861538461537
-0.1489513846153846
-0.10076123076923077
-0.03379569230769231
0.030875076923076922
0.09679753846153846
0.14311015384615386
0.1721076923076923
0.1691870769230769
0.12204
0.05236246153846154
-0.042557538461538466
-0.12955015384615384
-0.19568123076923075
-0.23615261538461538
-0.24679199999999998
-0.23052
-0.16626646153846153
-0.06946892307692307
0.04568676923076923
0.15625292307692307
0.22321846153846153
0.24595753846153845
0.22947692307692308
0.1858763076923077
0.12975876923076923
0.054657230769230764
-0.026494153846153844
-0.0936683076923077
-0.14164984615384615
-0.15354092307692307
-0.13914646153846155
-0.12245723076923076
-0.09554584615384615
-0.06988615384615385
-0.03859384615384615
0.003755076923076923
0.02545107692307692
0.03150092307692308
0.022947692307692308
0.003963692307692307
-0.006884307692307692
-0.021904615384615383
-0.03421292307692308
-0.038176615384615385
-0.041514461538461535
-0.025033846153846153
0.0018775384615384615
0.031918153846153846
0.059038153846153844
0.06049846153846154
0.04902461538461538
0.02858030769230769
0.006675692307692307
-0.006258461538461538
-0.018983999999999997
-0.02482523076923077
-0.021278769230769233
0.0043809230769230765
0.04568676923076923
0.07802215384615384
0.086784
0.07113784615384615
0.053614153846153846
0.03296123076923077
0.007510153846153846
-0.02273907692307692
-0.06341907692307691
-0.10618523076923077
-0.13267938461538462
-0.13518276923076925
-0.12204
-0.10076123076923077
-0.08156861538461539
-0.058829538461538454
-0.02899753846153846
0.006049846153846154
0.03400430769230769
0.03442153846153846
0.02211323076923077
-0.0022947692307692304
-0.01668923076923077
-0.01981846153846154
-0.021278769230769233
-0.012516923076923077
-0.003963692307692307
0.019609846153846155
0.06049846153846154
0.11223507692307692
0.16251138461538459
0.19672430769230767
0.21007569230769232
0.19818461538461538
0.16584923076923075
0.10952307692307692
0.03713353846153846
-0.03671630769230769
-0.10889723076923077
-0.157296
-0.168144
-0.14853415384615384
-0.10201292307692307
-0.03838523076923077
0.03775938461538462
0.11348676923076922
0.18086953846153844
0.21675138461538462
0.20319138461538463
0.14540492307692307
0.056951999999999996
-0.03275261538461539
-0.12120553846153845
-0.20339999999999997
-0.268488
-0.3072904615384615
-0.30416123076923074
-0.25805723076923076
-0.17648861538461538
-0.06905169230769231
0.04088861538461538
0.14790830769230767
0.2411593846153846
0.3004061538461538
0.31626092307692305
0.27599815384615384
0.1910916923076923
0.07551876923076924
-0.04214030769230769
-0.14394461538461537
-0.2288510769230769
-0.2822566153846154
-0.29644246153846154
-0.2701569230769231
-0.20798953846153845
-0.11452984615384615
-0.009596307692307692
0.08469784615384615
0.15103753846153847
0.19442953846153843
0.2125790769230769
0.20027076923076922
0.157296
0.08574092307692306
0.012308307692307691
-0.05173661538461538
-0.09241661538461539
-0.1136953846153846
-0.12329169230769231
-0.11974523076923077
-0.10159569230769232
-0.06905169230769231
-0.03024923076923077
0.011682461538461537
0.04172307692307692
0.05924676923076923
0.06821723076923077
0.07405846153846153
0.08386338461538462
0.0936683076923077
0.10180430769230768
0.10117846153846152
0.09241661538461539
0.08699261538461538
0.08344615384615384
0.08073415384615384
0.065088
0.03963692307692308
0.023364923076923075
0.005841230769230769
-0.027328615384615382
-0.06279323076923077
-0.08866153846153846
-0.10618523076923077
-0.10639384615384614
-0.09012184615384615
-0.05194523076923077
-0.011891076923076923
0.021278769230769233
0.07113784615384615
0.11724184615384614
0.14999446153846155
0.1639716923076923
0.14269292307692305
0.1151556923076923
0.07551876923076924
0.02586830769230769
-0.017315076923076923
-0.05820369230769231
-0.07280676923076923
-0.07572738461538461
-0.061750153846153844
-0.019192615384615384
0.024199384615384616
0.07238953846153846
0.11223507692307692
0.13852061538461538
0.16209415384615386
0.17315076923076922
0.18170399999999998
0.18253846153846154
0.16251138461538459
0.138312
0.0988836923076923
0.05194523076923077
0.011891076923076923
-0.03358707692307692
-0.06362769230769232
-0.07802215384615384
-0.07948246153846153
-0.06675692307692307
-0.053614153846153846
-0.034630153846153845
-0.02315630769230769
-0.014603076923076923
-0.008970461538461538
-0.019609846153846155
-0.013351384615384614
0.008136
0.03609046153846154
0.07155507692307693
0.09325107692307691
0.10806276923076923
0.10117846153846152
0.07343261538461537
0.048816000000000005
0.008970461538461538
-0.04318338461538461
-0.08949599999999999
-0.13935507692307691
-0.19568123076923075
-0.20798953846153845
-0.16418030769230768
-0.07510153846153846
0.04693846153846153
0.1733593846153846
0.31083692307692307
0.45206953846153847
0.5680596923076923
0.5933021538461538
0.5415655384615384
0.4282873846153846
0.23677846153846152
0.008344615384615384
-0.20298276923076922
-0.4022104615384615
-0.5755698461538461
-0.6494196923076923
-0.6531747692307692
-0.553248
-0.38719015384615385
-0.17169046153846151
0.08240307692307691
0.30019753846153846
0.5148627692307692
0.6235513846153846
0.6387803076923076
0.5691027692307692
0.37237846153846155
0.14519630769230768
-0.13205353846153844
-0.36570276923076916
-0.5150713846153846
-0.6202135384615385
-0.6033156923076922
-0.5108990769230769
-0.33378461538461535
-0.10681107692307691
0.09533723076923077
0.30436984615384616
0.4322510769230769
0.4685501538461538
0.4620830769230769
0.3659113846153846
0.23782153846153845
0.07614461538461538
-0.09325107692307691
-0.20715507692307691
-0.3079163076923077
-0.35318584615384613
-0.34651015384615386
-0.30416123076923074
-0.214248
-0.11494707692307692
-0.011682461538461537
0.08198584615384615
0.14290153846153844
0.18170399999999998
0.1794092307692308
0.15875630769230767
0.13643446153846153
0.09763200000000001
0.07614461538461538
0.06446215384615385
0.07927384615384615
0.09804923076923076
0.08073415384615384
0.059038153846153844
0.023990769230769232
-0.03337846153846154
-0.08156861538461539
-0.12704676923076924
-0.1504116923076923
-0.1422756923076923
-0.119328
-0.054657230769230764
0.03358707692307692
0.13622584615384614
0.21842030769230766
0.25471938461538457
0.2682793846153846
0.22989415384615383
0.15520984615384617
0.053405538461538456
-0.08469784615384615
-0.21508246153846153
-0.3198073846153846
-0.371544
-0.3615304615384615
-0.3202246153846154
-0.222384
-0.09199938461538461
0.051528
0.2140393846153846
0.34046030769230773
0.42599261538461536
0.4418473846153846
0.38239199999999995
0.2830910769230769
0.13622584615384614
-0.030040615384615384
-0.20319138461538463
-0.3538116923076923
-0.4351716923076923
-0.44122153846153844
-0.3581926153846154
-0.21508246153846153
-0.04839876923076923
0.13935507692307691
0.3016578461538461
0.41535323076923075
0.47063630769230763
0.4374664615384615
0.3350363076923077
0.17982646153846152
-0.0050067692307692304
-0.16856123076923077
-0.29498215384615384
-0.37029230769230764
-0.3782196923076923
-0.3412947692307692
-0.25701415384615384
-0.14540492307692307
-0.027120000000000002
0.08699261538461538
0.16730953846153845
0.22447015384615385
0.2480436923076923
0.2374043076923077
0.19359507692307693
0.11223507692307692
0.03775938461538462
-0.029206153846153847
-0.08073415384615384
-0.103056
-0.11035753846153845
-0.10222153846153846
-0.08824430769230769
-0.06008123076923077
-0.03066646153846154
-0.017732307692307693
-0.0070929230769230765
0.0002086153846153846
0.0043809230769230765
0.008136
-0.0016689230769230767
-0.009804923076923077
-0.010639384615384617
-0.006884307692307692
0.015854769230769228
0.04401784615384615
0.07948246153846153
0.10743692307692307
0.10389046153846154
0.08344615384615384
0.03880246153846154
-0.021070153846153846
-0.08907876923076924
-0.17565415384615385
-0.2424110769230769
-0.26911384615384615
-0.252216
-0.1846246153846154
-0.09241661538461539
0.012308307692307691
0.11828492307692307
0.20840676923076923
0.27474646153846155
0.29331323076923077
0.25701415384615384
0.1733593846153846
0.06633969230769231
-0.03838523076923077
-0.13664307692307692
-0.21925476923076925
-0.2764153846153846
-0.2989458461538462
-0.27140861538461536
-0.19526400000000002
-0.0853236923076923
0.042348923076923076
0.1531236923076923
0.24554030769230767
0.31918153846153846
0.3485963076923077
0.32961230769230765
0.2626467692307692
0.15750461538461538
0.040262769230769234
-0.07426707692307692
-0.17169046153846151
-0.2357353846153846
-0.26932246153846157
-0.2624381538461539
-0.21675138461538462
-0.132888
-0.026702769230769228
0.07781353846153846
0.17711446153846155
0.24282830769230768
0.27787569230769227
0.28768061538461537
0.260352
0.20152246153846154
0.10743692307692307
0.01043076923076923
-0.06487938461538462
-0.12537784615384615
-0.16271999999999998
-0.18274707692307693
-0.18253846153846154
-0.15687876923076924
-0.11306953846153844
-0.05277969230769231
0.006884307692307692
0.05194523076923077
0.07948246153846153
0.09596307692307693
0.09950953846153845
0.0936683076923077
0.07635323076923077
0.04902461538461538
0.03400430769230769
0.017523692307692306
0.008970461538461538
0.011056615384615385
0.006258461538461538
-0.006049846153846154
-0.02482523076923077
-0.025659692307692307
-0.02211323076923077
-0.015228923076923076
-0.0077187692307692304
-0.013351384615384614
0.0033378461538461535
0.03275261538461539
0.06759138461538462
0.10639384615384614
0.13330523076923076
0.1543753846153846
0.1558356923076923
0.14582215384615385
0.11640738461538462
0.05757784615384615
-0.008344615384615384
-0.0855323076923077
-0.15145476923076923
-0.18650215384615382
-0.2090326153846154
-0.21091015384615383
-0.18754523076923074
-0.13789476923076924
-0.06529661538461538
0.0077187692307692304
0.07051199999999999
0.10889723076923077
0.12329169230769231
0.12350030769230769
0.10138707692307691
0.05799507692307692
-0.011473846153846154
-0.0961716923076923
-0.16689230769230767
-0.21299630769230768
-0.22697353846153845
-0.20673784615384616
-0.154584
-0.07489292307692308
0.026494153846153844
0.14603076923076924
0.25805723076923076
0.33065538461538463
0.3548547692307692
0.3216849230769231
0.24700061538461537
0.15333230769230768
0.046104
-0.05382276923076923
-0.15187199999999998
-0.22968553846153844
-0.25138153846153843
-0.23135446153846154
-0.16271999999999998
-0.06592246153846154
0.031918153846153846
0.13747753846153846
0.22864246153846152
0.2947735384615384
0.31918153846153846
0.2849686153846154
0.21445661538461538
0.11953661538461538
0.013142769230769229
-0.08386338461538462
-0.18191261538461537
-0.2540935384615385
-0.28851507692307693
-0.27328615384615385
-0.19505538461538463
-0.092208
0.027745846153846152
0.138312
0.22572184615384616
0.29685969230769227
0.330864
0.3212676923076923
0.26932246153846157
0.17628
0.06154153846153846
-0.04652123076923077
-0.1314276923076923
-0.18963138461538462
-0.2194633846153846
-0.22530461538461538
-0.200688
-0.1397723076923077
-0.05820369230769231
0.03755076923076923
0.11640738461538462
0.16105107692307694
0.18337292307692307
0.18504184615384617
0.16772676923076923
0.12788123076923075
0.06821723076923077
0.0002086153846153846
-0.059038153846153844
-0.0934596923076923
-0.11140061538461538
-0.11703323076923078
-0.09554584615384615
-0.051319384615384614
0.010222153846153844
0.07781353846153846
0.13518276923076925
0.17398523076923075
0.18483323076923078
0.1804523076923077
0.1691870769230769
0.14519630769230768
0.10827138461538462
0.05277969230769231
0.0029206153846153843
-0.03629907692307692
-0.06425353846153846
-0.07134646153846153
-0.07948246153846153
-0.07885661538461539
-0.07781353846153846
-0.07134646153846153
-0.04902461538461538
-0.03504738461538461
-0.02524246153846154
-0.027328615384615382
-0.031918153846153846
-0.022530461538461537
-0.017315076923076923
-0.011891076923076923
-0.012308307692307691
-0.015228923076923076
-0.004589538461538461
0.0070929230769230765
0.016063384615384615
0.021696
0.020652923076923076
0.01856676923076923
0.026702769230769228
0.05194523076923077
0.09137353846153846
0.12621230769230768
0.1597993846153846
0.19693292307692306
0.22488738461538463
0.2436627692307692
0.23531815384615382
0.1992276923076923
0.14978584615384616
0.08991323076923076
0.03692492307692308
-0.013768615384615384
-0.06216738461538462
-0.0974233846153846
-0.11911938461538461
-0.11953661538461538
-0.09137353846153846
-0.04109723076923077
0.0077187692307692304
0.04819015384615385
0.07259815384615384
0.08323753846153846
0.0798996923076923
0.04985907692307692
-0.004589538461538461
-0.06863446153846153
-0.12913292307692306
-0.17628
-0.1977673846153846
-0.20152246153846154
-0.19526400000000002
-0.17169046153846151
-0.12037107692307693
-0.056326153846153845
0.004589538461538461
0.05090215384615384
0.07468430769230769
0.08866153846153846
0.09241661538461539
0.0892873846153846
0.07468430769230769
0.04318338461538461
-0.0008344615384615384
-0.04839876923076923
-0.0897046153846154
-0.12037107692307693
-0.14290153846153844
-0.15604430769230768
-0.1506203076923077
-0.13622584615384614
-0.10430769230769231
-0.06195876923076923
-0.021070153846153846
0.013351384615384614
0.031709538461538456
0.045895384615384616
0.05653476923076922
0.06028984615384615
0.052571076923076915
0.03609046153846154
0.02211323076923077
0.015646153846153844
0.016480615384615385
0.016897846153846156
0.009804923076923077
-0.002712
-0.01668923076923077
-0.027120000000000002
-0.03358707692307692
-0.03713353846153846
-0.04380923076923077
-0.042557538461538466
-0.02586830769230769
0.0006258461538461538
0.040054153846153843
0.08323753846153846
0.1218313846153846
0.15166338461538462
0.1693956923076923
0.17565415384615385
0.1718990769230769
0.14290153846153844
0.08699261538461538
0.023990769230769232
-0.03838523076923077
-0.0853236923076923
-0.11828492307692307
-0.1476996923076923
-0.15500123076923078
-0.16730953846153845
-0.16751815384615384
-0.15604430769230768
-0.15291507692307693
-0.13789476923076924
-0.13038461538461538
-0.08907876923076924
-0.023990769230769232
0.10138707692307691
0.2709913846153846
0.48294461538461536
0.6629796923076924
0.7683304615384615
0.8880756923076923
0.904764923076923
0.8805655384615384
0.7136732307692307
0.4080516923076923
0.06341907692307691
-0.3483876923076923
-0.6565126153846153
-0.9638030769230769
-1.1886904615384615
-1.2612886153846152
-1.2097606153846154
-0.90852
-0.499008
0.018983999999999997
0.5528307692307692
0.9711046153846153
1.3030116923076924
1.4233827692307692
1.3368073846153845
1.0347323076923076
0.5250849230769231
-0.05090215384615384
-0.6719501538461539
-1.224155076923077
-1.5804701538461539
-1.7650947692307692
-1.6968775384615382
-1.427555076923077
-1.0067778461538461
-0.43996984615384616
0.13247076923076923
0.6892652307692307
1.1354935384615383
1.4077366153846154
1.511627076923077
1.412534769230769
1.1590670769230769
0.7710424615384616
0.2853858461538461
-0.21466523076923077
-0.6867618461538461
-1.0530904615384615
-1.274222769230769
-1.3518276923076924
-1.2579507692307692
-1.0211723076923076
-0.6771655384615384
-0.2626467692307692
0.1504116923076923
0.5438603076923076
0.8843206153846153
1.1219335384615385
1.2548215384615384
1.2450166153846154
1.1062873846153847
0.8567833846153845
0.5123593846153845
0.11724184615384614
-0.30562153846153844
-0.7011563076923077
-1.0345236923076921
-1.2606627692307693
-1.353288
-1.3138596923076922
-1.1160923076923077
-0.7633236923076923
-0.28663753846153844
0.2764153846153846
0.8327926153846154
1.3057236923076923
1.6313723076923077
1.7442332307692305
1.6566147692307691
1.3572516923076925
0.8855723076923077
0.32231076923076923
-0.3004061538461538
-0.8799396923076923
-1.3476553846153845
-1.6480615384615385
-1.724206153846154
-1.5829735384615384
-1.2395926153846153
-0.7301538461538462
-0.09846646153846153
0.576612923076923
1.1778424615384615
1.6082159999999999
1.821420923076923
1.7865821538461537
1.5212233846153846
1.0689452307692306
0.47877230769230766
-0.15813046153846153
-0.7670787692307692
-1.2519009230769231
-1.5450055384615384
-1.6363790769230768
-1.5007790769230769
-1.174296
-0.7161766153846153
-0.17398523076923075
0.36778892307692307
0.8457267692307692
1.1918196923076922
1.3601723076923078
1.3666393846153846
1.2091347692307692
0.9122750769230769
0.5242504615384616
0.0934596923076923
-0.3079163076923077
-0.6454559999999999
-0.8780621538461538
-0.983412923076923
-0.9844559999999999
-0.8703433846153846
-0.663396923076923
-0.40700861538461536
-0.11599015384615384
0.16772676923076923
0.4180652307692308
0.6179187692307693
0.7270246153846154
0.7497636923076922
0.6890566153846153
0.5513704615384615
0.36319938461538465
0.14603076923076924
-0.05757784615384615
-0.24074215384615386
-0.39970707692307694
-0.5213298461538461
-0.6066535384615385
-0.6325218461538461
-0.6068621538461538
-0.5232073846153845
-0.3909452307692307
-0.2438713846153846
-0.06321046153846153
0.13747753846153846
0.344424
0.5296744615384615
0.6452473846153846
0.6892652307692307
0.6452473846153846
0.5255021538461538
0.35923569230769226
0.13643446153846153
-0.10368184615384615
-0.3344104615384615
-0.5323864615384615
-0.6437870769230769
-0.6763310769230769
-0.6252203076923077
-0.5040147692307693
-0.3410861538461538
-0.14060676923076923
0.06028984615384615
0.24887815384615386
0.39407446153846154
0.4716793846153846
0.48649107692307686
0.43433723076923075
0.34171199999999996
0.22676492307692306
0.10222153846153846
-0.025659692307692307
-0.13914646153846155
-0.20861538461538462
-0.22175815384615383
-0.18963138461538462
-0.13810338461538463
-0.09304246153846155
-0.06049846153846154
-0.03233538461538461
-0.011682461538461537
-0.0043809230769230765
-0.014603076923076923
-0.03150092307692308
-0.03859384615384615
-0.021070153846153846
0.030040615384615384
0.09909230769230769
0.16230276923076925
0.22196676923076922
0.26535876923076923
0.28121353846153846
0.25951753846153847
0.1794092307692308
0.06487938461538462
-0.07885661538461539
-0.222384
-0.3344104615384615
-0.4141015384615384
-0.4309993846153846
-0.39261415384615383
-0.2906012307692308
-0.12996738461538462
0.06154153846153846
0.2730775384615384
0.4522781538461538
0.574944
0.6235513846153846
0.577656
0.4616658461538461
0.2887236923076923
0.07551876923076924
-0.14123261538461537
-0.33315876923076926
-0.4652123076923077
-0.5102732307692307
-0.46437784615384614
-0.34463261538461537
-0.1704387692307692
0.03838523076923077
0.25117292307692307
0.4349630769230769
0.5519963076923077
0.5809938461538461
0.5211212307692308
0.38885907692307686
0.21132738461538458
0.014394461538461538
-0.17273353846153844
-0.3294036923076923
-0.4163963076923077
-0.42474092307692307
-0.3744646153846154
-0.27704123076923076
-0.1597993846153846
-0.03296123076923077
0.08344615384615384
0.16772676923076923
0.2140393846153846
0.21716861538461538
0.1913003076923077
0.14832553846153845
0.10347323076923076
0.06654830769230768
0.03692492307692308
0.015020307692307692
0.003129230769230769
0.003755076923076923
0.013142769230769229
0.02044430769230769
0.022530461538461537
0.01272553846153846
-0.0025033846153846152
-0.008970461538461538
-0.012099692307692308
-0.0043809230769230765
0.0016689230769230767
0.009179076923076922
0.023364923076923075
0.04714707692307692
0.08907876923076924
0.13080184615384613
0.16772676923076923
0.18191261538461537
0.1693956923076923
0.14039815384615384
0.08094276923076923
0.006258461538461538
-0.06988615384615385
-0.14916
-0.1994363076923077
-0.20944984615384615
-0.18066092307692305
-0.11244369230769231
-0.028788923076923077
0.06279323076923077
0.15354092307692307
0.21925476923076925
0.25388492307692306
0.24053353846153847
0.17544553846153846
0.07948246153846153
-0.029414769230769227
-0.1287156923076923
-0.20819815384615384
-0.2563883076923077
-0.26619323076923074
-0.23782153846153845
-0.1712732307692308
-0.0853236923076923
0.011265230769230769
0.10785415384615385
0.17502830769230768
0.21111876923076925
0.2075723076923077
0.17231630769230769
0.10263876923076923
-0.014185846153846153
-0.13247076923076923
-0.2357353846153846
-0.29873723076923075
-0.3170953846153846
-0.30270092307692303
-0.24074215384615386
-0.1558356923076923
-0.046104
0.07802215384615384
0.18754523076923074
0.268488
0.2953993846153846
0.27787569230769227
0.22572184615384616
0.13768615384615385
0.02753723076923077
-0.08845292307692308
-0.18629353846153843
-0.24303692307692307
-0.2561796923076923
-0.22593046153846155
-0.15917353846153848
-0.06592246153846154
0.04318338461538461
0.15416676923076922
0.25388492307692306
0.3202246153846154
0.34776184615384614
0.3202246153846154
0.24762646153846155
0.14832553846153845
0.021904615384615383
-0.11411261538461538
-0.2342750769230769
-0.31626092307692305
-0.3636166153846153
-0.3692492307692308
-0.31855569230769226
-0.22175815384615383
-0.10159569230769232
0.026911384615384615
0.16418030769230768
0.2862203076923077
0.3686233846153846
0.3982467692307692
0.3744646153846154
0.30749907692307693
0.2021483076923077
0.09304246153846155
-0.013560000000000001
-0.11807630769230769
-0.20360861538461536
-0.268488
-0.2914356923076923
-0.2772498461538462
-0.235944
-0.1706473846153846
-0.09325107692307691
0.002086153846153846
0.10055261538461538
0.18399876923076922
0.25054707692307693
0.2897667692307692
0.29873723076923075
0.26932246153846157
0.21216184615384615
0.13622584615384614
0.03609046153846154
-0.06529661538461538
-0.15604430769230768
-0.22551323076923077
-0.260352
-0.2682793846153846
-0.24554030769230767
-0.19463815384615382
-0.12975876923076923
-0.04860738461538461
0.034630153846153845
0.10535076923076922
0.15959076923076923
0.18525046153846153
0.1992276923076923
0.19860184615384616
0.16418030769230768
0.10222153846153846
0.010639384615384617
-0.07739630769230768
-0.14603076923076924
-0.20027076923076922
-0.2355267692307692
-0.26306399999999996
-0.26494153846153845
-0.23177169230769232
-0.165432
-0.07030338461538461
0.017732307692307693
0.08490646153846154
0.1356
0.16063384615384615
0.16730953846153845
0.13789476923076924
0.06821723076923077
-0.013142769230769229
-0.09846646153846153
-0.15917353846153848
-0.19797599999999999
-0.2207150769230769
-0.21633415384615384
-0.1908830769230769
-0.13309661538461537
-0.04735569230769231
0.043600615384615383
0.11432123076923076
0.1506203076923077
0.15604430769230768
0.13038461538461538
0.0880356923076923
0.043392
-0.006675692307692307
-0.04860738461538461
-0.07238953846153846
-0.06487938461538462
-0.01814953846153846
0.045895384615384616
0.10076123076923077
0.14206707692307693
0.16021661538461537
0.16793538461538463
0.16230276923076925
0.119328
0.054240000000000003
-0.042557538461538466
-0.1368516923076923
-0.19839323076923077
-0.2369870769230769
-0.2292683076923077
-0.1948467692307692
-0.14331876923076922
-0.058412307692307694
0.04631261538461538
0.16271999999999998
0.24720923076923076
0.2724516923076923
0.2638984615384615
0.20673784615384616
0.12454338461538461
0.023990769230769232
-0.0897046153846154
-0.18399876923076922
-0.24428861538461538
-0.2632726153846154
-0.22947692307692308
-0.15917353846153848
-0.10222153846153846
-0.02482523076923077
0.07009476923076922
0.18629353846153843
0.2897667692307692
0.3481790769230769
0.36632861538461536
0.3577753846153846
0.3425464615384616
0.36904061538461536
0.4243236923076923
0.3179298461538461
0.16042523076923076
0.041514461538461535
-0.09095630769230768
-0.08115138461538463
-0.09408553846153846
-0.25701415384615384
-0.3314898461538462
-0.3686233846153846
-0.24887815384615386
-0.047772923076923074
0.0446436923076923
0.13935507692307691
0.15604430769230768
0.27140861538461536
0.40387938461538464
0.44038707692307694
0.3805144615384615
0.12558646153846154
-0.04819015384615385
-0.19797599999999999
-0.29748553846153847
-0.30270092307692303
-0.4170221538461538
-0.3980381538461538
-0.36445107692307693
-0.30061476923076924
-0.054240000000000003
0.06404492307692307
0.200688
0.30666461538461537
0.24428861538461538
0.27850153846153847
0.2557624615384615
0.21988061538461537
0.2157083076923077
0.056951999999999996
-0.055491692307692304
-0.14519630769230768
-0.18253846153846154
-0.15354092307692307
-0.21758584615384616
-0.260352
-0.27850153846153847
-0.20673784615384616
-0.03045784615384615
0.055491692307692304
0.12224861538461537
0.15416676923076922
0.15938215384615384
0.2586830769230769
0.2851772307692308
0.27182584615384614
0.23949046153846154
0.13038461538461538
0.10138707692307691
0.07238953846153846
-0.008136
-0.06216738461538462
-0.16418030769230768
-0.2374043076923077
-0.2482523076923077
-0.26306399999999996
-0.2288510769230769
-0.16084246153846155
-0.06905169230769231
0.024408000000000003
0.1489513846153846
0.2799618461538461
0.3460929230769231
0.40554830769230765
0.3817661538461538
0.2937304615384615
0.21299630769230768
0.07301538461538462
-0.06905169230769231
-0.21445661538461538
-0.35235138461538457
-0.3917796923076923
-0.3919883076923077
-0.3456756923076923
-0.24679199999999998
-0.14582215384615385
0.015437538461538461
0.1881710769230769
0.3081249230769231
0.35860984615384617
0.3369138461538461
0.31188
0.24595753846153845
0.16271999999999998
0.06070707692307692
-0.0897046153846154
-0.16271999999999998
-0.1948467692307692
-0.19860184615384616
-0.13393107692307693
-0.10159569230769232
-0.04839876923076923
0.02232184615384615
0.03337846153846154
0.07343261538461537
0.0988836923076923
0.07969107692307692
0.06884307692307692
0.027120000000000002
0.0
-0.001043076923076923
0.0014603076923076922
0.014603076923076923
0.020027076923076922
0.037342153846153844
0.03942830769230769
0.0446436923076923
0.05611753846153846
0.02086153846153846
-0.023990769230769232
-0.09846646153846153
-0.17148184615384612
-0.173568
-0.1802436923076923
-0.17085599999999998
-0.13226215384615383
-0.09137353846153846
0.025033846153846153
0.16418030769230768
0.2734947692307692
0.3448412307692308
0.33566215384615383
0.29727692307692305
0.2415766153846154
0.15667015384615385
0.05048492307692308
-0.09241661538461539
-0.20694646153846152
-0.28663753846153844
-0.32085046153846153
-0.2768326153846154
-0.20298276923076922
-0.07969107692307692
0.04714707692307692
0.13914646153846155
0.24595753846153845
0.3039526153846154
0.33545353846153847
0.3408775384615384
0.2574313846153846
0.16188553846153847
0.05653476923076922
-0.04714707692307692
-0.10764553846153846
-0.168144
-0.21466523076923077
-0.22593046153846155
-0.19317784615384614
-0.11953661538461538
-0.05590892307692308
-0.0022947692307692304
0.030875076923076922
0.05090215384615384
0.08490646153846154
0.092208
0.09909230769230769
0.09909230769230769
0.073224
0.06675692307692307
0.052571076923076915
0.0446436923076923
0.04672984615384615
0.01981846153846154
-0.010013538461538461
-0.061750153846153844
-0.12412615384615384
-0.16981292307692308
-0.20798953846153845
-0.2399076923076923
-0.273912
-0.2858030769230769
-0.2561796923076923
-0.18337292307692307
-0.08323753846153846
0.005424
0.08219446153846154
0.1506203076923077
0.18775384615384613
0.19964492307692308
0.15291507692307693
0.054240000000000003
-0.043392
-0.14999446153846155
-0.22342707692307692
-0.2582658461538461
-0.2709913846153846
-0.22989415384615383
-0.15228923076923076
-0.04902461538461538
0.07531015384615385
0.1873366153846154
0.28267384615384616
0.3517255384615385
0.36299076923076923
0.3304467692307692
0.26160369230769226
0.168144
0.059038153846153844
-0.05507446153846154
-0.14519630769230768
-0.20465169230769228
-0.20673784615384616
-0.16230276923076925
-0.09137353846153846
-0.002086153846153846
0.06884307692307692
0.132888
0.19380369230769232
0.21883753846153844
0.2140393846153846
0.15646153846153846
0.06425353846153846
-0.011473846153846154
-0.08469784615384615
-0.12642092307692307
-0.13267938461538462
-0.13267938461538462
-0.11494707692307692
-0.08469784615384615
-0.031918153846153846
0.034630153846153845
0.09304246153846155
0.13914646153846155
0.15124615384615384
0.14331876923076922
0.12412615384615384
0.08428061538461538
0.041514461538461535
-0.009804923076923077
-0.06195876923076923
-0.08490646153846154
-0.08845292307692308
-0.06362769230769232
-0.013768615384615384
0.024408000000000003
0.06633969230769231
0.09074769230769231
0.09700615384615385
0.09846646153846153
0.06383630769230769
0.009179076923076922
-0.047981538461538464
-0.09596307692307693
-0.12934153846153845
-0.15187199999999998
-0.165432
-0.16710092307692306
-0.14290153846153844
-0.10347323076923076
-0.059664
-0.02211323076923077
-0.0016689230769230767
0.01981846153846154
0.04756430769230769
0.0717636923076923
0.09095630769230768
0.10013538461538461
0.10263876923076923
0.11035753846153845
0.12496061538461539
0.1476996923076923
0.17148184615384612
0.1656406153846154
0.12850707692307692
0.07572738461538461
0.025033846153846153
-0.0029206153846153843
-0.03024923076923077
-0.05924676923076923
-0.07635323076923077
-0.08135999999999999
-0.05611753846153846
-0.005424
0.0446436923076923
0.08428061538461538
0.11306953846153844
0.14081538461538462
0.15833907692307692
0.1504116923076923
0.11828492307692307
0.05236246153846154
-0.03045784615384615
-0.10430769230769231
-0.15917353846153848
-0.1800350769230769
-0.1779489230769231
-0.15813046153846153
-0.11098338461538461
-0.03942830769230769
0.05528307692307692
0.1435273846153846
0.19985353846153847
0.22947692307692308
0.2290596923076923
0.21216184615384615
0.1775316923076923
0.13247076923076923
0.08490646153846154
0.027745846153846152
-0.01272553846153846
-0.03692492307692308
-0.04860738461538461
-0.058412307692307694
-0.08094276923076923
-0.09325107692307691
-0.09471138461538461
-0.07739630769230768
-0.05799507692307692
-0.0446436923076923
-0.03129230769230769
-0.026285538461538457
-0.006675692307692307
0.015854769230769228
0.03150092307692308
0.04401784615384615
0.030040615384615384
0.0077187692307692304
-0.016063384615384615
-0.055491692307692304
-0.09304246153846155
-0.1449876923076923
-0.19526400000000002
-0.21633415384615384
-0.21883753846153844
-0.18983999999999998
-0.14206707692307693
-0.08949599999999999
-0.021278769230769233
0.06258461538461538
0.15604430769230768
0.2422024615384615
0.2951907692307692
0.3031181538461538
0.26097784615384617
0.17815753846153848
0.06487938461538462
-0.06008123076923077
-0.1829556923076923
-0.28204799999999997
-0.3243969230769231
-0.3187643076923077
-0.26348123076923075
-0.1612596923076923
-0.0446436923076923
0.07468430769230769
0.1867107692307692
0.26911384615384615
0.30436984615384616
0.29456492307692306
0.23636123076923077
0.1476996923076923
0.05528307692307692
-0.031918153846153846
-0.09408553846153846
-0.13309661538461537
-0.14707384615384617
-0.12725538461538463
-0.08115138461538463
-0.010848
0.06571384615384615
0.130176
0.17544553846153846
0.192552
0.18483323076923078
0.16271999999999998
0.12516923076923075
0.07489292307692308
0.03921969230769231
0.023782153846153845
0.01668923076923077
0.017523692307692306
0.018775384615384614
0.02211323076923077
0.026911384615384615
0.02044430769230769
0.004172307692307692
-0.024616615384615383
-0.06633969230769231
-0.11265230769230769
-0.15103753846153847
-0.16418030769230768
-0.15687876923076924
-0.1356
-0.09992676923076924
-0.05674338461538461
-0.0029206153846153843
0.054240000000000003
0.09199938461538461
0.10639384615384614
0.092208
0.05611753846153846
0.022530461538461537
-0.016063384615384615
-0.04756430769230769
-0.06905169230769231
-0.08720123076923077
-0.07635323076923077
-0.04088861538461538
0.01814953846153846
0.08845292307692308
0.14999446153846155
0.19839323076923077
0.2275993846153846
0.23469230769230767
0.20840676923076923
0.1506203076923077
0.07489292307692308
-0.006467076923076923
-0.07468430769230769
-0.124752
-0.14728246153846153
-0.138312
-0.10576799999999999
-0.053614153846153846
0.0050067692307692304
0.051319384615384614
0.07009476923076922
0.06404492307692307
0.03609046153846154
0.0022947692307692304
-0.03066646153846154
-0.06800861538461538
-0.0974233846153846
-0.11724184615384614
-0.11703323076923078
-0.10076123076923077
-0.06383630769230769
-0.013142769230769229
0.025659692307692307
0.055491692307692304
0.08448923076923077
0.11911938461538461
0.13768615384615385
0.12099692307692309
0.08490646153846154
0.03337846153846154
-0.02023569230769231
-0.06592246153846154
-0.12496061538461539
-0.18858830769230767
-0.24554030769230767
-0.2926873846153846
-0.2962338461538461
-0.21320492307692307
-0.07092923076923077
0.10263876923076923
0.2724516923076923
0.4049224615384615
0.5275883076923077
0.5918418461538462
0.6012295384615385
0.5048492307692307
0.30583015384615386
0.07531015384615385
-0.14540492307692307
-0.2872633846153846
-0.46250030769230766
-0.5830799999999999
-0.6273064615384616
-0.6001864615384616
-0.41723076923076924
-0.21070153846153844
0.02545107692307692
0.21883753846153844
0.36319938461538465
0.4906633846153846
0.5154886153846154
0.4599969230769231
0.2926873846153846
0.078648
-0.15082892307692305
-0.38677292307692307
-0.5296744615384615
-0.6135378461538461
-0.6049846153846153
-0.49817353846153845
-0.3536030769230769
-0.16105107692307694
0.006467076923076923
0.14018953846153845
0.24866953846153847
0.25159015384615385
0.2138307692307692
0.16021661538461537
0.10326461538461539
0.08344615384615384
0.03880246153846154
-0.004798153846153846
-0.04819015384615385
-0.08761846153846153
-0.09074769230769231
-0.09825784615384614
-0.11140061538461538
-0.12600369230769232
-0.11953661538461538
-0.07197230769230768
-0.030875076923076922
0.0070929230769230765
0.037342153846153844
0.06487938461538462
0.12767261538461538
0.18379015384615385
0.24595753846153845
0.3137575384615385
0.3540203076923077
0.387816
0.38009723076923074
0.2970683076923077
0.16209415384615386
-0.011891076923076923
-0.19046584615384615
-0.3485963076923077
-0.4652123076923077
-0.4985907692307692
-0.45332123076923075
-0.32231076923076923
-0.1358086153846154
0.07468430769230769
0.2891409230769231
0.450192
0.5488670769230769
0.5567944615384616
0.4581193846153846
0.3045784615384615
0.1097316923076923
-0.0897046153846154
-0.2517987692307692
-0.38239199999999995
-0.4280787692307692
-0.39407446153846154
-0.30895938461538464
-0.16459753846153846
-0.002712
0.17628
0.3517255384615385
0.48711692307692306
0.5561686153846154
0.5444861538461538
0.48064984615384615
0.3623649230769231
0.21779446153846155
0.05862092307692307
-0.111192
-0.24032492307692307
-0.31000246153846156
-0.31208861538461535
-0.238656
-0.12412615384615384
0.0035464615384615383
0.13852061538461538
0.23177169230769232
0.2734947692307692
0.26222953846153846
0.1927606153846154
0.10201292307692307
-0.006258461538461538
-0.10827138461538462
-0.18525046153846153
-0.23156307692307693
-0.23052
-0.18337292307692307
-0.10222153846153846
-0.021904615384615383
0.04839876923076923
0.10493353846153847
0.13330523076923076
0.13747753846153846
0.10597661538461538
0.04109723076923077
-0.024199384615384616
-0.08386338461538462
-0.11911938461538461
-0.11640738461538462
-0.09658892307692307
-0.0446436923076923
0.02086153846153846
0.07635323076923077
0.12287446153846153
0.146448
0.15520984615384617
0.13893784615384613
0.08615815384615384
0.009596307692307692
-0.08010830769230769
-0.1449876923076923
-0.1794092307692308
-0.19317784615384614
-0.17315076923076922
-0.14665661538461539
-0.07531015384615385
0.03108369230769231
0.11891076923076922
0.21216184615384615
0.2559710769230769
0.2586830769230769
0.24762646153846155
0.19568123076923075
0.13351384615384615
0.0446436923076923
-0.04985907692307692
-0.10076123076923077
-0.12579507692307693
-0.1045163076923077
-0.05611753846153846
-0.0014603076923076922
0.06550523076923077
0.11745046153846153
0.16209415384615386
0.1800350769230769
0.1597993846153846
0.10848000000000001
0.023364923076923075
-0.06383630769230769
-0.12955015384615384
-0.17231630769230769
-0.1913003076923077
-0.1881710769230769
-0.16501476923076921
-0.09930092307692308
-0.018358153846153843
0.06571384615384615
0.1424843076923077
0.16710092307692306
0.15875630769230767
0.11473846153846154
0.05507446153846154
-0.008970461538461538
-0.09283384615384616
-0.17252492307692308
-0.2415766153846154
-0.2666104615384615
-0.23385784615384617
-0.1696043076923077
-0.07426707692307692
0.026076923076923077
0.1287156923076923
0.2290596923076923
0.2897667692307692
0.31646953846153847
0.29185292307692307
0.2330233846153846
0.16209415384615386
0.07197230769230768
-0.011265230769230769
-0.084072
-0.13184492307692308
-0.13455692307692307
-0.1136953846153846
-0.06905169230769231
0.002086153846153846
0.06675692307692307
0.11286092307692308
0.12850707692307692
0.12996738461538462
0.12558646153846154
0.10931446153846153
0.08615815384615384
0.04714707692307692
0.011473846153846154
-0.02357353846153846
-0.03609046153846154
-0.01940123076923077
-0.0008344615384615384
0.020652923076923076
0.03942830769230769
0.053405538461538456
0.06821723076923077
0.059872615384615385
0.027328615384615382
-0.008344615384615384
-0.04714707692307692
-0.06988615384615385
-0.08094276923076923
-0.07238953846153846
-0.03713353846153846
0.0077187692307692304
0.07092923076923077
0.13226215384615383
0.17961784615384613
0.20819815384615384
0.18921415384615384
0.14039815384615384
0.06341907692307691
-0.044435076923076924
-0.14936861538461538
-0.2574313846153846
-0.33816553846153846
-0.37655076923076924
-0.3748818461538461
-0.314592
-0.22113230769230768
-0.11202646153846153
0.0004172307692307692
0.0963803076923077
0.1760713846153846
0.22300984615384614
0.20798953846153845
0.1368516923076923
0.03045784615384615
-0.07948246153846153
-0.17502830769230768
-0.2572227692307692
-0.3170953846153846
-0.3481790769230769
-0.34275507692307694
-0.28788923076923073
-0.18399876923076922
-0.06133292307692308
0.04902461538461538
0.14144123076923076
0.21633415384615384
0.26348123076923075
0.27140861538461536
0.22968553846153844
0.14603076923076924
0.03963692307692308
-0.07092923076923077
-0.15667015384615385
-0.20798953846153845
-0.23093723076923076
-0.2290596923076923
-0.21153599999999997
-0.1733593846153846
-0.11286092307692308
-0.04652123076923077
0.008970461538461538
0.05069353846153846
0.08323753846153846
0.11223507692307692
0.1424843076923077
0.1570873846153846
0.14665661538461539
0.11640738461538462
0.07823076923076923
0.04672984615384615
0.021278769230769233
-0.010639384615384617
-0.04902461538461538
-0.08490646153846154
-0.1097316923076923
-0.11223507692307692
-0.10389046153846154
-0.08323753846153846
-0.05444861538461539
-0.01940123076923077
0.03275261538461539
0.09679753846153846
0.16167692307692308
0.19630707692307692
0.1923433846153846
0.15604430769230768
0.09658892307692307
0.033169846153846154
-0.04735569230769231
-0.13518276923076925
-0.20715507692307691
-0.2559710769230769
-0.25367630769230765
-0.2127876923076923
-0.1449876923076923
-0.06133292307692308
0.02273907692307692
0.11974523076923077
0.1994363076923077
0.25117292307692307
0.26097784615384617
0.2238443076923077
0.15500123076923078
0.06446215384615385
-0.02023569230769231
-0.09491999999999999
-0.14728246153846153
-0.16772676923076923
-0.15562707692307692
-0.1097316923076923
-0.04380923076923077
0.015646153846153844
0.058829538461538454
0.08156861538461539
0.0897046153846154
0.092208
0.07155507692307693
0.03755076923076923
-0.004798153846153846
-0.044435076923076924
-0.06988615384615385
-0.07197230769230768
-0.04756430769230769
-0.010848
0.035464615384615386
0.08031692307692308
0.12975876923076923
0.17502830769230768
0.20173107692307693
0.19839323076923077
0.16105107692307694
0.10743692307692307
0.03942830769230769
-0.022947692307692308
-0.08156861538461539
-0.13372246153846154
-0.157296
-0.15291507692307693
-0.11014892307692307
-0.03692492307692308
0.04860738461538461
0.14582215384615385
0.2355267692307692
0.30666461538461537
0.35193415384615384
0.34296369230769225
0.28851507692307693
0.18983999999999998
0.06717415384615384
-0.04214030769230769
-0.13998092307692306
-0.20944984615384615
-0.252216
-0.2624381538461539
-0.2194633846153846
-0.1424843076923077
-0.04088861538461538
0.06571384615384615
0.16167692307692308
0.23615261538461538
0.2789187692307692
0.2966510769230769
0.2774584615384615
0.2194633846153846
0.13038461538461538
0.029832
-0.06821723076923077
-0.15687876923076924
-0.22530461538461538
-0.27704123076923076
-0.29185292307692307
-0.26222953846153846
-0.18399876923076922
-0.06905169230769231
0.0448523076923077
0.14519630769230768
0.2225926153846154
0.27432923076923077
0.2862203076923077
0.2582658461538461
0.1992276923076923
0.10681107692307691
0.011682461538461537
-0.065088
-0.1207883076923077
-0.1558356923076923
-0.1802436923076923
-0.18650215384615382
-0.16584923076923075
-0.130176
-0.09408553846153846
-0.06425353846153846
-0.04193169230769231
-0.016063384615384615
0.018775384615384614
0.06258461538461538
0.11077476923076923
0.14582215384615385
0.157296
0.14540492307692307
0.11745046153846153
0.07468430769230769
0.025033846153846153
-0.03629907692307692
-0.09262523076923077
-0.12454338461538461
-0.13393107692307693
-0.11223507692307692
-0.07656184615384615
-0.03588184615384615
0.016063384615384615
0.07051199999999999
0.1316363076923077
0.18545907692307692
0.20360861538461536
0.1910916923076923
0.15813046153846153
0.116616
0.0678
0.01272553846153846
-0.04944184615384615
-0.11578153846153846
-0.1718990769230769
-0.20298276923076922
-0.20193969230769232
-0.17252492307692308
-0.12558646153846154
-0.07238953846153846
0.0
0.08073415384615384
0.16063384615384615
0.2056947692307692
0.21007569230769232
0.16105107692307694
0.06967753846153846
-0.008136
-0.06905169230769231
-0.10138707692307691
-0.13768615384615385
-0.143736
-0.10493353846153847
-0.0035464615384615383
0.12788123076923075
0.3485963076923077
0.49316676923076924
0.4159790769230769
0.41326707692307696
0.2979027692307692
0.23782153846153845
0.18128676923076922
-0.11724184615384614
-0.30666461538461537
-0.5227901538461539
-0.5042233846153846
-0.3373310769230769
-0.2540935384615385
-0.08782707692307692
-0.040054153846153843
0.1948467692307692
0.4512350769230769
0.6037329230769231
0.709500923076923
0.4892030769230769
0.31667815384615383
0.1368516923076923
-0.07092923076923077
-0.14790830769230767
-0.3880246153846154
-0.5069353846153847
-0.5219556923076923
-0.5707716923076922
-0.3452584615384615
-0.16584923076923075
0.015228923076923076
0.25659692307692306
0.3087507692307692
0.43287692307692305
0.47063630769230763
0.4476886153846154
0.4564504615384615
0.28163076923076924
0.10430769230769231
-0.07885661538461539
-0.20110523076923076
-0.19442953846153843
-0.2618123076923077
-0.2997803076923077
-0.32231076923076923
-0.30416123076923074
-0.13601723076923075
-0.042974769230769226
0.024408000000000003
0.08240307692307691
0.07969107692307692
0.17628
0.22405292307692307
0.2140393846153846
0.22551323076923077
0.14519630769230768
0.116616
0.12016246153846154
0.05590892307692308
-0.0006258461538461538
-0.10806276923076923
-0.18942276923076923
-0.2330233846153846
-0.27558092307692306
-0.265776
-0.24741784615384615
-0.16042523076923076
-0.08469784615384615
-0.016897846153846156
0.12224861538461537
0.20444307692307692
0.2947735384615384
0.34338092307692303
0.28163076923076924
0.22864246153846152
0.10889723076923077
-0.01940123076923077
-0.12662953846153846
-0.2891409230769231
-0.3721698461538462
-0.41577046153846153
-0.4163963076923077
-0.3456756923076923
-0.2803790769230769
-0.13267938461538462
0.049233230769230765
0.20486030769230767
0.3179298461538461
0.34171199999999996
0.36945784615384614
0.3513083076923077
0.2509643076923077
0.13184492307692308
-0.06675692307692307
-0.2205064615384615
-0.29644246153846154
-0.3623649230769231
-0.32085046153846153
-0.26619323076923074
-0.19067446153846154
-0.035255999999999996
0.08344615384615384
0.21842030769230766
0.3312812307692308
0.3750904615384615
0.3942830769230769
0.3323243076923077
0.23364923076923078
0.09658892307692307
-0.04631261538461538
-0.14832553846153845
-0.24449723076923074
-0.28204799999999997
-0.2993630769230769
-0.28663753846153844
-0.1990190769230769
-0.12537784615384615
-0.027745846153846152
0.056951999999999996
0.06946892307692307
0.10263876923076923
0.10201292307692307
0.06279323076923077
0.018983999999999997
-0.07259815384615384
-0.13226215384615383
-0.14916
-0.1652233846153846
-0.14811692307692306
-0.1353913846153846
-0.10952307692307692
-0.06592246153846154
-0.028371692307692306
0.03650769230769231
0.07531015384615385
0.10472492307692308
0.11953661538461538
0.08991323076923076
0.08699261538461538
0.06300184615384616
0.05111076923076923
0.06279323076923077
0.017940923076923077
-0.003963692307692307
-0.02211323076923077
-0.016897846153846156
0.03650769230769231
0.027120000000000002
-0.0022947692307692304
-0.029623384615384614
-0.04819015384615385
-0.012516923076923077
0.016480615384615385
0.029623384615384614
0.02482523076923077
0.015646153846153844
0.051528
0.09533723076923077
0.13476553846153844
0.14582215384615385
0.10368184615384615
0.06821723076923077
0.03045784615384615
0.003755076923076923
-0.019609846153846155
-0.07885661538461539
-0.11181784615384616
-0.14081538461538462
-0.13330523076923076
-0.06863446153846153
-0.0018775384615384615
0.06341907692307691
0.08469784615384615
0.0974233846153846
0.13372246153846154
0.157296
0.15500123076923078
0.09053907692307692
-0.01668923076923077
-0.12016246153846154
-0.19672430769230767
-0.2154996923076923
-0.23406646153846156
-0.2666104615384615
-0.260352
-0.22447015384615385
-0.13059323076923077
-0.021487384615384613
0.04652123076923077
0.10806276923076923
0.138312
0.15270646153846154
0.17481969230769231
0.15270646153846154
0.10409907692307692
0.04693846153846153
-0.009179076923076922
-0.028163076923076923
-0.022530461538461537
0.004798153846153846
0.03379569230769231
0.05069353846153846
0.06863446153846153
0.09199938461538461
0.1353913846153846
0.1558356923076923
0.14164984615384615
0.11870215384615385
0.08094276923076923
0.0717636923076923
0.08386338461538462
0.08782707692307692
0.09450276923076922
0.07468430769230769
0.05820369230769231
0.07656184615384615
0.09158215384615384
0.0892873846153846
0.05090215384615384
-0.020027076923076922
-0.07343261538461537
-0.10806276923076923
-0.13101046153846155
-0.14603076923076924
-0.16647507692307692
-0.17669723076923077
-0.1558356923076923
-0.09930092307692308
-0.032544
0.02795446153846154
0.08094276923076923
0.11557292307692307
0.14832553846153845
0.1787833846153846
0.17461107692307692
0.13747753846153846
0.06654830769230768
-0.011265230769230769
-0.06571384615384615
-0.11348676923076922
-0.14436184615384615
-0.15604430769230768
-0.14916
-0.11452984615384615
-0.06446215384615385
0.005215384615384615
0.08386338461538462
0.1449876923076923
0.1858763076923077
0.21174461538461536
0.22697353846153845
0.21195323076923075
0.16793538461538463
0.10096984615384616
0.010639384615384617
-0.06696553846153847
-0.13038461538461538
-0.1792006153846154
-0.20861538461538462
-0.2355267692307692
-0.2355267692307692
-0.19171753846153847
-0.12558646153846154
-0.04985907692307692
0.013560000000000001
0.06529661538461538
0.116616
0.15604430769230768
0.18253846153846154
0.18712800000000002
0.16584923076923075
0.12788123076923075
0.07948246153846153
0.025033846153846153
-0.025033846153846153
-0.07343261538461537
-0.10368184615384615
-0.10806276923076923
-0.08428061538461538
-0.026494153846153844
0.03671630769230769
0.10055261538461538
0.1543753846153846
0.1927606153846154
0.21341353846153846
0.20632061538461538
0.17711446153846155
0.12934153846153845
0.07364123076923076
0.018983999999999997
-0.031709538461538456
-0.06967753846153846
-0.08323753846153846
-0.0855323076923077
-0.06675692307692307
-0.03609046153846154
-0.0035464615384615383
0.030875076923076922
0.042557538461538466
0.05277969230769231
0.05194523076923077
0.047981538461538464
0.052153846153846155
0.045060923076923075
0.043600615384615383
0.0448523076923077
0.038176615384615385
0.035464615384615386
0.03775938461538462
0.037342153846153844
0.040679999999999994
0.03609046153846154
0.028788923076923077
0.016897846153846156
0.0006258461538461538
-0.02086153846153846
-0.054657230769230764
-0.0717636923076923
-0.0855323076923077
-0.09512861538461538
-0.09262523076923077
-0.08636676923076922
-0.06446215384615385
-0.035464615384615386
0.0006258461538461538
0.03859384615384615
0.06571384615384615
0.08469784615384615
0.0936683076923077
0.0855323076923077
0.0609156923076923
0.023364923076923075
-0.012308307692307691
-0.034630153846153845
-0.037967999999999995
-0.03650769230769231
-0.02795446153846154
-0.008136
0.005215384615384615
0.018775384615384614
0.029414769230769227
0.03567323076923076
0.034630153846153845
0.024408000000000003
0.013768615384615384
0.0012516923076923076
-0.0043809230769230765
0.008344615384615384
0.035255999999999996
0.06446215384615385
0.09512861538461538
0.124752
0.14060676923076923
0.13789476923076924
0.11348676923076922
0.07489292307692308
0.028788923076923077
-0.021278769230769233
-0.06154153846153846
-0.092208
-0.11098338461538461
-0.11056615384615384
-0.08448923076923077
-0.03880246153846154
0.021487384615384613
0.08782707692307692
0.14185846153846154
0.18316430769230768
0.20193969230769232
0.19714153846153845
0.16647507692307692
0.10618523076923077
0.031709538461538456
-0.047981538461538464
-0.10910584615384614
-0.14811692307692306
-0.15959076923076923
-0.14749107692307692
-0.12162276923076921
-0.06884307692307692
-0.0006258461538461538
0.06800861538461538
0.11953661538461538
0.14394461538461537
0.14164984615384615
0.124752
0.09158215384615384
0.04422646153846154
-0.003129230769230769
-0.065088
-0.12329169230769231
-0.1612596923076923
-0.1802436923076923
-0.17315076923076922
-0.15792184615384616
-0.13080184615384613
-0.0855323076923077
-0.031918153846153846
0.021696
0.05403138461538461
0.054240000000000003
0.03337846153846154
0.0022947692307692304
-0.03504738461538461
-0.07906523076923076
-0.12245723076923076
-0.15249784615384615
-0.15875630769230767
-0.13121907692307694
-0.08615815384615384
-0.03296123076923077
0.01981846153846154
0.05590892307692308
0.09033046153846153
0.1218313846153846
0.13622584615384614
0.1356
0.11578153846153846
0.08574092307692306
0.054240000000000003
0.01397723076923077
-0.019192615384615384
-0.04380923076923077
-0.07697907692307693
-0.10243015384615384
-0.10347323076923076
-0.08094276923076923
-0.04276615384615385
-0.007927384615384614
0.027745846153846152
0.051319384615384614
0.06633969230769231
0.078648
0.07364123076923076
0.04944184615384615
0.0035464615384615383
-0.03921969230769231
-0.062376
-0.06633969230769231
-0.06216738461538462
-0.05674338461538461
-0.05611753846153846
-0.04401784615384615
-0.013768615384615384
0.017732307692307693
0.06258461538461538
0.0892873846153846
0.10597661538461538
0.12537784615384615
0.13434830769230768
0.1476996923076923
0.14436184615384615
0.10389046153846154
0.056951999999999996
0.016480615384615385
-0.014394461538461538
-0.010013538461538461
-0.0035464615384615383
0.11160923076923077
0.18170399999999998
0.14707384615384617
0.20527753846153846
0.19735015384615384
0.22488738461538463
0.2073636923076923
0.08052553846153847
-0.03859384615384615
-0.18942276923076923
-0.20277415384615383
-0.21132738461538458
-0.21654276923076923
-0.1802436923076923
-0.15896492307692306
-0.002086153846153846
0.14665661538461539
0.29602523076923076
0.4118067692307692
0.35965292307692304
0.31041969230769234
0.20944984615384615
0.062376
-0.065088
-0.26619323076923074
-0.39011076923076926
-0.4645864615384615
-0.5273796923076923
-0.4178566153846154
-0.2872633846153846
-0.12433476923076923
0.06800861538461538
0.17544553846153846
0.2883064615384615
0.3206418461538461
0.3137575384615385
0.29227015384615385
0.1718990769230769
0.04193169230769231
-0.09846646153846153
-0.1948467692307692
-0.2330233846153846
-0.29414769230769233
-0.31667815384615383
-0.3243969230769231
-0.2891409230769231
-0.16730953846153845
-0.06216738461538462
0.051319384615384614
0.14957723076923077
0.20256553846153844
0.26452430769230767
0.2712
0.2411593846153846
0.20235692307692305
0.1097316923076923
0.03150092307692308
-0.03442153846153846
-0.10535076923076922
-0.14999446153846155
-0.19463815384615382
-0.22008923076923076
-0.24178523076923078
-0.2574313846153846
-0.25367630769230765
-0.222384
-0.1341396923076923
-0.0609156923076923
0.016063384615384615
0.13372246153846154
0.22321846153846153
0.3016578461538461
0.3344104615384615
0.29101846153846156
0.21362215384615382
0.07969107692307692
-0.05820369230769231
-0.17732307692307692
-0.3039526153846154
-0.3707095384615384
-0.3844781538461538
-0.3548547692307692
-0.2674449230769231
-0.14999446153846155
0.01043076923076923
0.16856123076923077
0.2897667692307692
0.3752990769230769
0.41994276923076923
0.4541556923076923
0.4349630769230769
0.34004307692307695
0.21132738461538458
0.05298830769230769
-0.07384984615384615
-0.15208061538461537
-0.21487384615384614
-0.21654276923076923
-0.1785747692307692
-0.10096984615384616
0.024199384615384616
0.1353913846153846
0.2438713846153846
0.3202246153846154
0.34046030769230773
0.32543999999999995
0.26786215384615386
0.19964492307692308
0.09846646153846153
-0.012934153846153845
-0.08740984615384616
-0.138312
-0.13998092307692306
-0.13247076923076923
-0.11452984615384615
-0.07218092307692307
-0.050067692307692306
-0.01043076923076923
0.023782153846153845
0.025033846153846153
0.040262769230769234
0.04193169230769231
0.033169846153846154
0.03755076923076923
0.03901107692307692
0.05820369230769231
0.08135999999999999
0.09304246153846155
0.11265230769230769
0.1178676923076923
0.1136953846153846
0.103056
0.0717636923076923
0.04172307692307692
-0.003129230769230769
-0.02586830769230769
-0.040054153846153843
-0.06258461538461538
-0.05069353846153846
-0.03755076923076923
0.018358153846153843
0.08866153846153846
0.13184492307692308
0.1785747692307692
0.20152246153846154
0.21800307692307694
0.2209236923076923
0.18650215384615382
0.13664307692307692
0.06487938461538462
-0.006467076923076923
-0.04985907692307692
-0.07948246153846153
-0.10076123076923077
-0.13184492307692308
-0.14269292307692305
-0.11953661538461538
-0.08574092307692306
-0.029414769230769227
0.017315076923076923
0.04756430769230769
0.07677046153846154
0.0828203076923077
0.08866153846153846
0.08574092307692306
0.06383630769230769
0.03713353846153846
-0.010639384615384617
-0.044435076923076924
-0.059872615384615385
-0.07197230769230768
-0.08824430769230769
-0.11953661538461538
-0.1422756923076923
-0.13768615384615385
-0.11327815384615383
-0.08740984615384616
-0.06967753846153846
-0.06613107692307692
-0.056951999999999996
-0.030040615384615384
0.013351384615384614
0.045060923076923075
0.04672984615384615
0.043600615384615383
0.025659692307692307
0.00855323076923077
-0.014603076923076923
-0.058829538461538454
-0.09408553846153846
-0.12662953846153846
-0.13372246153846154
-0.11640738461538462
-0.09283384615384616
-0.059872615384615385
-0.023364923076923075
0.021278769230769233
0.06258461538461538
0.09930092307692308
0.11223507692307692
0.092208
0.05069353846153846
0.0002086153846153846
-0.03859384615384615
-0.06487938461538462
-0.08302892307692307
-0.0963803076923077
-0.10263876923076923
-0.09512861538461538
-0.06487938461538462
-0.02086153846153846
0.01814953846153846
0.054657230769230764
0.07697907692307693
0.08907876923076924
0.10994030769230768
0.11077476923076923
0.09199938461538461
0.06446215384615385
0.026702769230769228
0.008344615384615384
-0.010222153846153844
-0.031918153846153846
-0.04714707692307692
-0.06133292307692308
-0.06049846153846154
-0.04944184615384615
-0.024408000000000003
0.013142769230769229
0.053405538461538456
0.09304246153846155
0.12788123076923075
0.15124615384615384
0.16021661538461537
0.14582215384615385
0.12350030769230769
0.08991323076923076
0.04944184615384615
0.024199384615384616
-0.006675692307692307
-0.026494153846153844
-0.030875076923076922
-0.024616615384615383
-0.003963692307692307
0.017940923076923077
0.043600615384615383
0.06070707692307692
0.05528307692307692
0.044435076923076924
0.03692492307692308
0.029414769230769227
0.017940923076923077
-0.0029206153846153843
-0.005841230769230769
-0.006675692307692307
-0.009387692307692307
-0.005215384615384615
-0.01710646153846154
-0.016897846153846156
-0.008344615384615384
0.010013538461538461
0.04172307692307692
0.059038153846153844
0.06654830769230768
0.06863446153846153
0.07072061538461538
0.07614461538461538
0.06905169230769231
0.051528
0.02545107692307692
0.0002086153846153846
-0.0070929230769230765
-0.014603076923076923
-0.01814953846153846
-0.006258461538461538
0.013768615384615384
0.040262769230769234
0.06571384615384615
0.07197230769230768
0.062376
0.03838523076923077
0.011265230769230769
-0.003755076923076923
-0.021278769230769233
-0.03567323076923076
-0.051528
-0.06696553846153847
-0.07280676923076923
-0.07906523076923076
-0.07802215384615384
-0.07155507692307693
-0.06571384615384615
-0.05716061538461538
-0.040679999999999994
-0.008344615384615384
0.022947692307692308
0.04047138461538462
0.04526953846153846
0.03379569230769231
0.02753723076923077
0.02586830769230769
0.009596307692307692
-0.02211323076923077
-0.06946892307692307
-0.10868861538461538
-0.11578153846153846
-0.10013538461538461
-0.07802215384615384
-0.056951999999999996
-0.03504738461538461
-0.004589538461538461
0.02357353846153846
0.03775938461538462
0.03859384615384615
0.02315630769230769
-0.0025033846153846152
-0.021696
-0.029414769230769227
-0.030875076923076922
-0.03483876923076923
-0.040054153846153843
-0.03775938461538462
-0.029414769230769227
-0.010848
-0.0077187692307692304
-0.02211323076923077
-0.05570030769230769
-0.100344
-0.11891076923076922
-0.12808984615384614
-0.11891076923076922
-0.09825784615384614
-0.08323753846153846
-0.05048492307692308
-0.0035464615384615383
0.04547815384615384
0.08344615384615384
0.09575446153846154
0.09429415384615383
0.09679753846153846
0.08574092307692306
0.06446215384615385
0.03212676923076923
-0.021487384615384613
-0.06946892307692307
-0.11181784615384616
-0.12913292307692306
-0.11745046153846153
-0.10347323076923076
-0.07280676923076923
-0.015020307692307692
0.06821723076923077
0.15208061538461537
0.2194633846153846
0.2632726153846154
0.2734947692307692
0.25701415384615384
0.20694646153846152
0.13622584615384614
0.05590892307692308
-0.02899753846153846
-0.09658892307692307
-0.13038461538461538
-0.12350030769230769
-0.07948246153846153
-0.01397723076923077
0.047772923076923074
0.11411261538461538
0.1800350769230769
0.22718215384615387
0.24449723076923074
0.2140393846153846
0.15520984615384617
0.08594953846153845
0.004798153846153846
-0.07948246153846153
-0.15270646153846154
-0.2225926153846154
-0.27140861538461536
-0.2753723076923077
-0.23615261538461538
-0.157296
-0.07802215384615384
-0.004172307692307692
0.07009476923076922
0.13330523076923076
0.18066092307692305
0.1869193846153846
0.15374953846153847
0.100344
0.028788923076923077
-0.03901107692307692
-0.09158215384615384
-0.130176
-0.14916
-0.15124615384615384
-0.11974523076923077
-0.06633969230769231
-0.005424
0.04965046153846154
0.08782707692307692
0.12120553846153845
0.13893784615384613
0.1435273846153846
0.132888
0.10117846153846152
0.05444861538461539
-0.0025033846153846152
-0.042348923076923076
-0.05820369230769231
-0.06759138461538462
-0.06696553846153847
-0.05757784615384615
-0.03129230769230769
0.01272553846153846
0.05736923076923077
0.09533723076923077
0.100344
0.07843938461538462
0.050067692307692306
0.02586830769230769
0.007510153846153846
-0.018983999999999997
-0.04547815384615384
-0.06258461538461538
-0.05090215384615384
-0.012516923076923077
0.03421292307692308
0.07948246153846153
0.116616
0.1368516923076923
0.1449876923076923
0.15187199999999998
0.15124615384615384
0.14081538461538462
0.10722830769230769
0.07614461538461538
0.053405538461538456
0.03504738461538461
0.021278769230769233
0.002086153846153846
-0.013768615384615384
-0.030875076923076922
-0.037967999999999995
-0.03984553846153846
-0.07030338461538461
-0.12662953846153846
-0.20652923076923077
-0.2920615384615385
-0.2818393846153846
-0.2207150769230769
-0.10785415384615385
0.07009476923076922
0.23531815384615382
0.4391353846153846
0.612912
0.7435052307692308
0.7900264615384615
0.7122129230769231
0.5111076923076923
0.23385784615384617
-0.019609846153846155
-0.27704123076923076
-0.4564504615384615
-0.5995606153846154
-0.6629796923076924
-0.5889212307692308
-0.4291218461538462
-0.1712732307692308
0.08156861538461539
0.30436984615384616
0.44351630769230765
0.4952529230769231
0.4675070769230769
0.3346190769230769
0.15291507692307693
-0.11494707692307692
-0.3575667692307692
-0.5052664615384616
-0.5672252307692307
-0.4675070769230769
-0.30186646153846153
-0.10138707692307691
0.12913292307692306
0.28121353846153846
0.404088
0.45436430769230773
0.36611999999999995
0.23782153846153845
0.05820369230769231
-0.10409907692307692
-0.20402584615384614
-0.25367630769230765
-0.21070153846153844
-0.14749107692307692
-0.06425353846153846
0.03233538461538461
0.11181784615384616
0.1923433846153846
0.22551323076923077
0.23823876923076923
0.2209236923076923
0.14394461538461537
0.0826116923076923
-0.004589538461538461
-0.1028473846153846
-0.15374953846153847
-0.19213476923076922
-0.16334584615384617
-0.06341907692307691
0.06362769230769232
0.23782153846153845
0.3738387692307692
0.41994276923076923
0.4015846153846154
0.2872633846153846
0.1045163076923077
-0.11098338461538461
-0.3072904615384615
-0.44351630769230765
-0.5048492307692307
-0.4593710769230769
-0.3229366153846154
-0.11223507692307692
0.11578153846153846
0.3054129230769231
0.4518609230769231
0.4958787692307692
0.4539470769230769
0.36257353846153845
0.2090326153846154
0.035464615384615386
-0.14832553846153845
-0.29873723076923075
-0.3665372307692307
-0.3717526153846154
-0.32001599999999997
-0.22947692307692308
-0.11035753846153845
0.040262769230769234
0.1990190769230769
0.3448412307692308
0.4243236923076923
0.4280787692307692
0.34776184615384614
0.17690584615384616
-0.009804923076923077
-0.19588984615384614
-0.37091815384615384
-0.484404923076923
-0.5446947692307692
-0.5238332307692307
-0.4015846153846154
-0.23218892307692307
-0.031709538461538456
0.15208061538461537
0.28663753846153844
0.3873987692307692
0.41618769230769226
0.368832
0.273912
0.12308307692307692
-0.03629907692307692
-0.16835261538461538
-0.2643156923076923
-0.30436984615384616
-0.3072904615384615
-0.2624381538461539
-0.19296923076923078
-0.09763200000000001
0.01272553846153846
0.08386338461538462
0.13789476923076924
0.15771323076923077
0.15562707692307692
0.14603076923076924
0.10263876923076923
0.061124307692307686
0.016480615384615385
-0.03108369230769231
-0.04965046153846154
-0.06738276923076922
-0.08845292307692308
-0.10347323076923076
-0.124752
-0.14394461538461537
-0.1597993846153846
-0.17169046153846151
-0.18963138461538462
-0.2059033846153846
-0.20861538461538462
-0.20798953846153845
-0.1842073846153846
-0.14164984615384615
-0.09199938461538461
-0.02273907692307692
0.0448523076923077
0.10743692307692307
0.16647507692307692
0.1785747692307692
0.15646153846153846
0.11306953846153844
0.04965046153846154
0.008970461538461538
-0.029623384615384614
-0.05820369230769231
-0.053405538461538456
-0.027120000000000002
0.044435076923076924
0.14081538461538462
0.23469230769230767
0.3016578461538461
0.3248141538461538
0.3079163076923077
0.24887815384615386
0.15541846153846153
0.03233538461538461
-0.11348676923076922
-0.2399076923076923
-0.314592
-0.33712246153846154
-0.2962338461538461
-0.22280123076923075
-0.12245723076923076
-0.0012516923076923076
0.116616
0.2369870769230769
0.31918153846153846
0.33962584615384617
0.30207507692307695
0.21487384615384614
0.09971815384615385
-0.017523692307692306
-0.11995384615384615
-0.20798953846153845
-0.2578486153846154
-0.26494153846153845
-0.22280123076923075
-0.13226215384615383
-0.026285538461538457
0.07843938461538462
0.15875630769230767
0.21612553846153845
0.24470584615384613
0.2399076923076923
0.2008966153846154
0.12621230769230768
0.04109723076923077
-0.03421292307692308
-0.07092923076923077
-0.08469784615384615
-0.10055261538461538
-0.10201292307692307
-0.086784
-0.05820369230769231
-0.015437538461538461
0.023782153846153845
0.05236246153846154
0.06404492307692307
0.05382276923076923
0.03421292307692308
0.0035464615384615383
-0.0448523076923077
-0.11202646153846153
-0.17461107692307692
-0.21716861538461538
-0.22488738461538463
-0.20423446153846153
-0.17252492307692308
-0.12099692307692309
-0.06425353846153846
-0.0012516923076923076
0.06613107692307692
0.11140061538461538
0.13121907692307694
0.12391753846153845
0.09095630769230768
0.04652123076923077
0.005424
-0.027328615384615382
-0.06154153846153846
-0.08866153846153846
-0.10013538461538461
-0.08887015384615385
-0.06800861538461538
-0.05194523076923077
-0.040262769230769234
-0.03024923076923077
-0.02044430769230769
-0.014811692307692307
-0.011473846153846154
-0.02273907692307692
-0.033169846153846154
-0.03483876923076923
-0.030040615384615384
-0.003755076923076923
0.019609846153846155
0.025659692307692307
0.032544
0.04902461538461538
0.07677046153846154
0.10910584615384614
0.12662953846153846
0.130176
0.1368516923076923
0.14081538461538462
0.14185846153846154
0.14206707692307693
0.11870215384615385
0.07760492307692309
0.03942830769230769
0.017315076923076923
0.015228923076923076
0.02211323076923077
0.026702769230769228
0.035464615384615386
0.05757784615384615
0.0855323076923077
0.1151556923076923
0.1289243076923077
0.1287156923076923
0.1207883076923077
0.10409907692307692
0.09554584615384615
0.08115138461538463
0.05736923076923077
0.029623384615384614
0.0025033846153846152
-0.02273907692307692
-0.04088861538461538
-0.04672984615384615
-0.05757784615384615
-0.059664
-0.04839876923076923
-0.021278769230769233
0.023364923076923075
0.06654830769230768
0.09679753846153846
0.11411261538461538
0.12370892307692308
0.11849353846153846
0.09846646153846153
0.06049846153846154
0.01043076923076923
-0.03442153846153846
-0.06195876923076923
-0.06154153846153846
-0.04714707692307692
-0.024199384615384616
0.003755076923076923
0.030875076923076922
0.06446215384615385
0.09450276923076922
0.11348676923076922
0.11849353846153846
0.10827138461538462
0.09241661538461539
0.06675692307692307
0.03588184615384615
-0.0014603076923076922
-0.04526953846153846
-0.07697907692307693
-0.10347323076923076
-0.11640738461538462
-0.11452984615384615
-0.1151556923076923
-0.10055261538461538
-0.06946892307692307
-0.015228923076923076
0.05486584615384615
0.1178676923076923
0.17711446153846155
0.2238443076923077
0.2588916923076923
0.2791273846153846
0.2749550769230769
0.23823876923076923
0.1693956923076923
0.08636676923076922
0.0043809230769230765
-0.06571384615384615
-0.12266584615384615
-0.16292861538461537
-0.18107815384615383
-0.1792006153846154
-0.157296
-0.10952307692307692
-0.04631261538461538
0.014394461538461538
0.06133292307692308
0.100344
0.14519630769230768
0.17899199999999998
0.1858763076923077
0.17252492307692308
0.13476553846153844
0.08448923076923077
0.03129230769230769
-0.027120000000000002
-0.07489292307692308
-0.10764553846153846
-0.12141415384615384
-0.10931446153846153
-0.07948246153846153
-0.03713353846153846
0.005632615384615384
0.04088861538461538
0.07802215384615384
0.10994030769230768
0.12934153846153845
0.1341396923076923
0.124752
0.11035753846153845
0.10201292307692307
0.10263876923076923
0.10931446153846153
0.11619876923076923
0.11619876923076923
0.10639384615384614
0.08469784615384615
0.06070707692307692
0.022947692307692308
-0.023364923076923075
-0.06800861538461538
-0.10910584615384614
-0.12662953846153846
-0.13247076923076923
-0.12120553846153845
-0.09304246153846155
-0.05757784615384615
-0.007927384615384614
0.044435076923076924
0.08782707692307692
0.10848000000000001
0.1028473846153846
0.07802215384615384
0.03692492307692308
-0.009596307692307692
-0.05924676923076923
-0.1097316923076923
-0.15145476923076923
-0.1779489230769231
-0.17961784615384613
-0.15917353846153848
-0.11995384615384615
-0.06988615384615385
-0.02044430769230769
0.021278769230769233
0.049233230769230765
0.05736923076923077
0.04819015384615385
0.029623384615384614
0.003755076923076923
-0.013560000000000001
-0.01814953846153846
-0.023364923076923075
-0.034630153846153845
-0.058829538461538454
-0.08302892307692307
-0.09575446153846154
-0.10493353846153847
-0.11223507692307692
-0.12412615384615384
-0.14561353846153846
-0.15667015384615385
-0.14603076923076924
-0.12016246153846154
-0.0853236923076923
-0.053405538461538456
-0.011682461538461537
0.03442153846153846
0.0855323076923077
0.12683815384615382
0.14749107692307692
0.15562707692307692
0.1435273846153846
0.13059323076923077
0.0963803076923077
0.04839876923076923
-0.00855323076923077
-0.08073415384615384
-0.1358086153846154
-0.15833907692307692
-0.14811692307692306
-0.10889723076923077
-0.051319384615384614
0.015437538461538461
0.09179076923076923
0.16042523076923076
0.22008923076923076
0.2588916923076923
0.2574313846153846
0.21153599999999997
0.12975876923076923
0.042557538461538466
-0.04756430769230769
-0.14603076923076924
-0.23281476923076924
-0.2883064615384615
-0.31041969230769234
-0.3079163076923077
-0.290184
-0.2699483076923077
-0.25513661538461535
-0.18483323076923078
-0.05403138461538461
0.100344
0.29331323076923077
0.4476886153846154
0.5853747692307693
0.7026166153846154
0.7495550769230769
0.7372467692307692
0.5887126153846154
0.3750904615384615
0.13038461538461538
-0.10263876923076923
-0.31396615384615384
-0.5123593846153845
-0.6177101538461538
-0.663396923076923
-0.5789076923076923
-0.3947003076923077
-0.1712732307692308
0.08177723076923075
0.2993630769230769
0.47272246153846154
0.5561686153846154
0.5294658461538462
0.41013784615384613
0.22843384615384613
-0.006675692307692307
-0.2818393846153846
-0.5257107692307692
-0.7074147692307692
-0.7833507692307693
-0.7443396923076924
-0.6293926153846153
-0.43642338461538455
-0.22405292307692307
-0.008970461538461538
0.20298276923076922
0.3323243076923077
0.3978295384615384
0.40846892307692306
0.37300430769230764
0.34171199999999996
0.2782929230769231
0.17690584615384616
0.043600615384615383
-0.09554584615384615
-0.20006215384615383
-0.27704123076923076
-0.3248141538461538
-0.3448412307692308
-0.3141747692307692
-0.23218892307692307
-0.13080184615384613
-0.017940923076923077
0.08615815384615384
0.16793538461538463
0.24866953846153847
0.29873723076923075
0.32043323076923075
0.3239796923076923
0.28392553846153845
0.2290596923076923
0.14916
0.03066646153846154
-0.09283384615384616
-0.20131384615384615
-0.2989458461538462
-0.37780246153846153
-0.4222375384615385
-0.40992923076923077
-0.31626092307692305
-0.16251138461538459
0.019609846153846155
0.19735015384615384
0.3550633846153846
0.47939815384615386
0.5421913846153846
0.5156972307692308
0.4011673846153846
0.25138153846153843
0.0853236923076923
-0.07468430769230769
-0.19860184615384616
-0.2993630769230769
-0.3502652307692307
-0.336288
-0.27620676923076926
-0.16856123076923077
-0.05048492307692308
0.06404492307692307
0.1787833846153846
0.26139507692307695
0.30061476923076924
0.29581661538461534
0.25367630769230765
0.17502830769230768
0.07551876923076924
-0.03108369230769231
-0.12850707692307692
-0.18483323076923078
-0.2008966153846154
-0.19442953846153843
-0.15687876923076924
-0.08594953846153845
0.0035464615384615383
0.10368184615384615
0.16063384615384615
0.16772676923076923
0.14540492307692307
0.10180430769230768
0.08031692307692308
0.06842584615384616
0.049233230769230765
0.042557538461538466
0.03984553846153846
0.043600615384615383
0.05736923076923077
0.06425353846153846
0.05778646153846154
0.041514461538461535
0.018983999999999997
0.0016689230769230767
-0.02023569230769231
-0.04985907692307692
-0.08156861538461539
-0.09512861538461538
-0.07697907692307693
-0.038176615384615385
0.02545107692307692
0.07134646153846153
0.10722830769230769
0.14519630769230768
0.16167692307692308
0.16230276923076925
0.14477907692307693
0.11202646153846153
0.0609156923076923
-0.005632615384615384
-0.07781353846153846
-0.14123261538461537
-0.18712800000000002
-0.20694646153846152
-0.18545907692307692
-0.1287156923076923
-0.04902461538461538
0.058829538461538454
0.16042523076923076
0.22655630769230767
0.26911384615384615
0.2799618461538461
0.2659846153846154
0.23761292307692305
0.18253846153846154
0.10535076923076922
0.032544
-0.026285538461538457
-0.05194523076923077
-0.050067692307692306
-0.04422646153846154
-0.014603076923076923
0.01981846153846154
0.052153846153846155
0.07739630769230768
0.07426707692307692
0.06216738461538462
0.040054153846153843
0.013351384615384614
-0.004798153846153846
-0.020652923076923076
-0.03233538461538461
-0.040262769230769234
-0.040054153846153843
-0.018983999999999997
0.007301538461538462
0.04380923076923077
0.07259815384615384
0.09158215384615384
0.11724184615384614
0.11870215384615385
0.10764553846153846
0.08010830769230769
0.029414769230769227
-0.021070153846153846
-0.06800861538461538
-0.10222153846153846
-0.12454338461538461
-0.14415323076923076
-0.16021661538461537
-0.16063384615384615
-0.132888
-0.08720123076923077
-0.03024923076923077
0.013351384615384614
0.02586830769230769
0.029206153846153847
0.028163076923076923
0.01814953846153846
0.0
-0.031709538461538456
-0.065088
-0.08031692307692308
-0.08323753846153846
-0.06967753846153846
-0.04422646153846154
-0.01668923076923077
0.023990769230769232
0.07092923076923077
0.10785415384615385
0.13309661538461537
0.12996738461538462
0.09992676923076924
0.06863446153846153
0.03483876923076923
0.00855323076923077
-0.014603076923076923
-0.0446436923076923
-0.06571384615384615
-0.07009476923076922
-0.06154153846153846
-0.04714707692307692
-0.029623384615384614
-0.012099692307692308
0.010013538461538461
0.042348923076923076
0.07092923076923077
0.09471138461538461
0.10159569230769232
0.0771876923076923
0.05277969230769231
0.027120000000000002
0.0006258461538461538
-0.03045784615384615
-0.08907876923076924
-0.1462393846153846
-0.18712800000000002
-0.20298276923076922
-0.1881710769230769
-0.15625292307692307
-0.11327815384615383
-0.06905169230769231
-0.017315076923076923
0.03755076923076923
0.084072
0.11640738461538462
0.12329169230769231
0.11974523076923077
0.11953661538461538
0.11703323076923078
0.11745046153846153
0.11473846153846154
0.09804923076923076
0.07697907692307693
0.054657230769230764
0.03650769230769231
0.012308307692307691
-0.026285538461538457
-0.06258461538461538
-0.07781353846153846
-0.06529661538461538
-0.03275261538461539
0.012308307692307691
0.05924676923076923
0.09909230769230769
0.13226215384615383
0.15187199999999998
0.15228923076923076
0.12725538461538463
0.06988615384615385
0.0043809230769230765
-0.04130584615384615
-0.06592246153846154
-0.08428061538461538
-0.10576799999999999
-0.12287446153846153
-0.12099692307692309
-0.0961716923076923
-0.04944184615384615
0.0050067692307692304
0.049233230769230765
0.08219446153846154
0.11390399999999999
0.13935507692307691
0.15166338461538462
0.13768615384615385
0.08949599999999999
0.03629907692307692
-0.017315076923076923
-0.06383630769230769
-0.09992676923076924
-0.13247076923076923
-0.15187199999999998
-0.15416676923076922
-0.12266584615384615
-0.06571384615384615
-0.0070929230769230765
0.041514461538461535
0.06654830769230768
0.07510153846153846
0.08177723076923075
0.08386338461538462
0.08094276923076923
0.06362769230769232
0.04172307692307692
0.029206153846153847
0.028163076923076923
0.03650769230769231
0.042557538461538466
0.04401784615384615
0.03921969230769231
0.03755076923076923
0.037967999999999995
0.03859384615384615
0.029832
0.00855323076923077
-0.0077187692307692304
-0.006884307692307692
0.012308307692307691
0.03713353846153846
0.06216738461538462
0.07823076923076923
0.09053907692307692
0.10222153846153846
0.10117846153846152
0.08824430769230769
0.059038153846153844
0.02023569230769231
-0.01668923076923077
-0.05486584615384615
-0.08615815384615384
-0.11557292307692307
-0.13872923076923074
-0.14436184615384615
-0.1395636923076923
-0.11536430769230768
-0.08115138461538463
-0.056951999999999996
-0.04109723076923077
-0.027745846153846152
-0.012308307692307691
-0.0025033846153846152
-0.006675692307692307
-0.013768615384615384
-0.027328615384615382
-0.03692492307692308
-0.022947692307692308
-0.0025033846153846152
0.024199384615384616
0.04819015384615385
0.07072061538461538
0.09867507692307692
0.12120553846153845
0.13434830769230768
0.12913292307692306
0.1028473846153846
0.06008123076923077
0.013351384615384614
-0.04380923076923077
-0.09846646153846153
-0.14707384615384617
-0.1858763076923077
-0.19568123076923075
-0.1777403076923077
-0.13643446153846153
-0.08240307692307691
-0.016063384615384615
0.04631261538461538
0.09784061538461537
0.13601723076923075
0.14853415384615384
0.13914646153846155
0.10138707692307691
0.04693846153846153
-0.01272553846153846
-0.07238953846153846
-0.11870215384615385
-0.16063384615384615
-0.192552
-0.1990190769230769
-0.1792006153846154
-0.138312
-0.08177723076923075
-0.013768615384615384
0.05444861538461539
0.12683815384615382
0.19609846153846153
0.23782153846153845
0.25430215384615384
0.23385784615384617
0.19317784615384614
0.146448
0.08344615384615384
0.02858030769230769
-0.03212676923076923
-0.08740984615384616
-0.12016246153846154
-0.1353913846153846
-0.11745046153846153
-0.07823076923076923
-0.02273907692307692
0.042974769230769226
0.10263876923076923
0.16021661538461537
0.19651569230769228
0.20173107692307693
0.18232984615384615
0.1356
0.07364123076923076
0.0025033846153846152
-0.06633969230769231
-0.12496061538461539
-0.17982646153846152
-0.21153599999999997
-0.21925476923076925
-0.20027076923076922
-0.1506203076923077
-0.0961716923076923
-0.03567323076923076
0.028788923076923077
0.0897046153846154
0.13789476923076924
0.16042523076923076
0.16438892307692307
0.13914646153846155
0.08615815384615384
0.02899753846153846
-0.033169846153846154
-0.09512861538461538
-0.14853415384615384
-0.18983999999999998
-0.19672430769230767
-0.1858763076923077
-0.15416676923076922
-0.10535076923076922
-0.05778646153846154
0.0050067692307692304
0.06884307692307692
0.13247076923076923
0.1856676923076923
0.21153599999999997
0.222384
0.20798953846153845
0.1800350769230769
0.138312
0.07760492307692309
0.02044430769230769
-0.030875076923076922
-0.05486584615384615
-0.05027630769230769
-0.029623384615384614
-0.0008344615384615384
0.04214030769230769
0.09471138461538461
0.12642092307692307
0.14519630769230768
0.13080184615384613
0.0961716923076923
0.02586830769230769
-0.04047138461538462
-0.08177723076923075
-0.08887015384615385
-0.03588184615384615
0.05403138461538461
0.2415766153846154
0.3269003076923077
0.4128498461538462
0.5273796923076923
0.5257107692307692
0.5584633846153846
0.43287692307692305
0.25284184615384614
0.028163076923076923
-0.24408
-0.4163963076923077
-0.6442043076923077
-0.7770923076923076
-0.8561575384615384
-0.8315409230769231
-0.6243858461538462
-0.39282276923076925
-0.043392
0.2659846153846154
0.5131938461538461
0.7541446153846154
0.8482301538461539
0.8847378461538461
0.7787612307692308
0.5378104615384616
0.29602523076923076
-0.06383630769230769
-0.3813489230769231
-0.5910073846153846
-0.7779267692307692
-0.8110966153846153
-0.7860627692307691
-0.6821723076923076
-0.47084492307692305
-0.23072861538461537
0.09533723076923077
0.3980381538461538
0.6289753846153846
0.7944073846153846
0.8317495384615384
0.7841852307692306
0.6120775384615385
0.31772123076923076
-0.006675692307692307
-0.3684147692307692
-0.6573470769230768
-0.8526110769230768
-0.9750683076923077
-0.9510775384615384
-0.8415544615384615
-0.6452473846153846
-0.3721698461538462
-0.09909230769230769
0.20527753846153846
0.485448
0.6848843076923077
0.8294547692307692
0.8544886153846153
0.7725027692307692
0.5991433846153846
0.3344104615384615
0.03442153846153846
-0.28100492307692304
-0.544068923076923
-0.7193058461538461
-0.7798043076923077
-0.7209747692307692
-0.590172923076923
-0.34588430769230766
-0.043392
0.25555384615384613
0.5561686153846154
0.7568566153846153
0.8584523076923076
0.8670055384615385
0.766452923076923
0.6139550769230769
0.3844781538461538
0.12412615384615384
-0.11244369230769231
-0.34046030769230773
-0.511524923076923
-0.6206307692307692
-0.649211076923077
-0.5736923076923076
-0.43809230769230767
-0.25284184615384614
-0.03650769230769231
0.19526400000000002
0.4291218461538462
0.5958055384615384
0.6886393846153845
0.6946892307692308
0.604776
0.4743913846153846
0.27286892307692306
0.037342153846153844
-0.18316430769230768
-0.3896935384615384
-0.5165316923076922
-0.5832886153846154
-0.5914246153846153
-0.5061009230769231
-0.36674584615384614
-0.17002153846153847
0.04965046153846154
0.24574892307692306
0.40346215384615386
0.49087200000000003
0.5303003076923076
0.5092301538461538
0.42348923076923073
0.2853858461538461
0.09116492307692307
-0.10263876923076923
-0.2795446153846154
-0.41910830769230767
-0.48711692307692306
-0.514236923076923
-0.48419630769230765
-0.3811403076923077
-0.23239753846153846
-0.05277969230769231
0.12913292307692306
0.2931046153846154
0.4251581538461538
0.49400123076923075
0.48649107692307686
0.4072172307692307
0.2682793846153846
0.09512861538461538
-0.09095630769230768
-0.24637476923076923
-0.355272
-0.4159790769230769
-0.4255753846153846
-0.4047138461538461
-0.3383741538461538
-0.23782153846153845
-0.11619876923076923
0.02211323076923077
0.12412615384615384
0.18212123076923076
0.21883753846153844
0.22655630769230767
0.22801661538461537
0.20152246153846154
0.13455692307692307
0.061124307692307686
-0.008136
-0.044435076923076924
-0.052571076923076915
-0.042974769230769226
-0.024199384615384616
-0.0029206153846153843
0.035464615384615386
0.07113784615384615
0.09012184615384615
0.0988836923076923
0.0798996923076923
0.045060923076923075
0.018358153846153843
0.006467076923076923
0.01814953846153846
0.03150092307692308
0.04547815384615384
0.07092923076923077
0.09387692307692307
0.13518276923076925
0.17628
0.19380369230769232
0.1910916923076923
0.15771323076923077
0.12266584615384615
0.07969107692307692
0.015646153846153844
-0.06675692307692307
-0.16167692307692308
-0.24282830769230768
-0.28851507692307693
-0.2926873846153846
-0.2655673846153846
-0.22134092307692307
-0.16793538461538463
-0.09533723076923077
-0.01940123076923077
0.046104
0.07927384615384615
0.08073415384615384
0.07823076923076923
0.05736923076923077
0.038176615384615385
0.021070153846153846
-0.008344615384615384
-0.024616615384615383
-0.04088861538461538
-0.04214030769230769
-0.03483876923076923
-0.03921969230769231
-0.03921969230769231
-0.047772923076923074
-0.03880246153846154
-0.0022947692307692304
0.04401784615384615
0.09554584615384615
0.1358086153846154
0.16793538461538463
0.1942209230769231
0.20861538461538462
0.20298276923076922
0.15938215384615384
0.0855323076923077
-0.005424
-0.09700615384615385
-0.16418030769230768
-0.20965846153846154
-0.2342750769230769
-0.2288510769230769
-0.19672430769230767
-0.14185846153846154
-0.06633969230769231
0.0002086153846153846
0.05674338461538461
0.10263876923076923
0.12913292307692306
0.14603076923076924
0.1368516923076923
0.11536430769230768
0.07510153846153846
0.015854769230769228
-0.037967999999999995
-0.09679753846153846
-0.14081538461538462
-0.17002153846153847
-0.18650215384615382
-0.16251138461538459
-0.11390399999999999
-0.042348923076923076
0.042348923076923076
0.1097316923076923
0.1760713846153846
0.22154953846153846
0.25430215384615384
0.27328615384615385
0.24866953846153847
0.20632061538461538
0.13726892307692307
0.06341907692307691
-0.0022947692307692304
-0.05924676923076923
-0.09512861538461538
-0.12496061538461539
-0.13643446153846153
-0.12162276923076921
-0.08198584615384615
-0.03108369230769231
0.021278769230769233
0.07051199999999999
0.11473846153846154
0.15145476923076923
0.17461107692307692
0.1785747692307692
0.15228923076923076
0.10743692307692307
0.056326153846153845
0.004172307692307692
-0.04380923076923077
-0.09137353846153846
-0.13643446153846153
-0.1691870769230769
-0.1777403076923077
-0.14853415384615384
-0.09387692307692307
-0.03024923076923077
0.03108369230769231
0.07635323076923077
0.10618523076923077
0.11411261538461538
0.10222153846153846
0.06946892307692307
0.020652923076923076
-0.02586830769230769
-0.06738276923076922
-0.08949599999999999
-0.09658892307692307
-0.09408553846153846
-0.09053907692307692
-0.08115138461538463
-0.056951999999999996
-0.03942830769230769
-0.02524246153846154
-0.010639384615384617
0.007510153846153846
0.026285538461538457
0.04130584615384615
0.052571076923076915
0.05820369230769231
0.06654830769230768
0.06967753846153846
0.06362769230769232
0.04965046153846154
0.024199384615384616
-0.006258461538461538
-0.03400430769230769
-0.05486584615384615
-0.065088
-0.06759138461538462
-0.05528307692307692
-0.03150092307692308
-0.010639384615384617
0.016897846153846156
0.03588184615384615
0.04109723076923077
0.042348923076923076
0.021070153846153846
-0.009179076923076922
-0.03984553846153846
-0.07510153846153846
-0.09471138461538461
-0.10889723076923077
-0.12120553846153845
-0.11828492307692307
-0.10222153846153846
-0.06696553846153847
-0.021904615384615383
0.021487384615384613
0.058412307692307694
0.08761846153846153
0.1151556923076923
0.12642092307692307
0.12120553846153845
0.10263876923076923
0.06613107692307692
0.03775938461538462
0.00855323076923077
-0.015646153846153844
-0.022947692307692308
-0.02211323076923077
-0.0014603076923076922
0.029623384615384614
0.06946892307692307
0.10576799999999999
0.12683815384615382
0.14144123076923076
0.14561353846153846
0.13601723076923075
0.11682461538461539
0.08177723076923075
0.029414769230769227
-0.027120000000000002
-0.07301538461538462
-0.10076123076923077
-0.11348676923076922
-0.111192
-0.09512861538461538
-0.07030338461538461
-0.03588184615384615
0.006258461538461538
0.04819015384615385
0.08761846153846153
0.11306953846153844
0.13184492307692308
0.14916
0.15520984615384617
0.15479261538461536
0.13998092307692306
0.11807630769230769
0.10389046153846154
0.09158215384615384
0.08490646153846154
0.08219446153846154
0.0717636923076923
0.05611753846153846
0.05069353846153846
0.052153846153846155
0.05194523076923077
0.05444861538461539
0.054657230769230764
0.06154153846153846
0.08177723076923075
0.1070196923076923
0.1316363076923077
0.15124615384615384
0.1612596923076923
0.1639716923076923
0.15541846153846153
0.13205353846153844
0.09971815384615385
0.04526953846153846
-0.023990769230769232
-0.09053907692307692
-0.14749107692307692
-0.18149538461538461
-0.20277415384615383
-0.20381723076923075
-0.16772676923076923
-0.11765907692307691
-0.05820369230769231
0.009596307692307692
0.06654830769230768
0.11348676923076922
0.1368516923076923
0.14060676923076923
0.12120553846153845
0.06946892307692307
-0.0029206153846153843
-0.084072
-0.15145476923076923
-0.19693292307692306
-0.22718215384615387
-0.24658338461538462
-0.24345415384615382
-0.2194633846153846
-0.16876984615384616
-0.09137353846153846
-0.013142769230769229
0.061124307692307686
0.12350030769230769
0.16772676923076923
0.19818461538461538
0.20047938461538461
0.1666836923076923
0.10952307692307692
0.03838523076923077
-0.027745846153846152
-0.08448923076923077
-0.1314276923076923
-0.15792184615384616
-0.1639716923076923
-0.15938215384615384
-0.13810338461538463
-0.0880356923076923
-0.028163076923076923
0.029832
0.07489292307692308
0.10931446153846153
0.14457046153846154
0.1656406153846154
0.16897846153846155
0.1462393846153846
0.1028473846153846
0.04839876923076923
-0.009596307692307692
-0.05820369230769231
-0.10639384615384614
-0.1397723076923077
-0.16188553846153847
-0.154584
-0.1136953846153846
-0.06070707692307692
-0.018358153846153843
0.007510153846153846
0.03942830769230769
0.07113784615384615
0.10827138461538462
0.138312
0.157296
0.1639716923076923
0.18358153846153846
0.20819815384615384
0.3062473846153846
0.35276861538461535
0.23886461538461537
0.165432
0.03233538461538461
-0.03713353846153846
-0.08010830769230769
-0.24554030769230767
-0.34984799999999994
-0.4720966153846154
-0.41493599999999997
-0.24428861538461538
-0.111192
0.055491692307692304
0.1178676923076923
0.2716172307692308
0.42369784615384615
0.5042233846153846
0.5371846153846154
0.32377107692307694
0.10660246153846153
-0.11056615384615384
-0.3193901538461538
-0.3994984615384615
-0.5305089230769231
-0.553248
-0.49316676923076924
-0.441012923076923
-0.21195323076923075
-0.005841230769230769
0.16626646153846153
0.3195987692307692
0.3160523076923077
0.3156350769230769
0.25513661538461535
0.17586276923076924
0.1287156923076923
-0.016897846153846156
-0.15145476923076923
-0.26494153846153845
-0.2951907692307692
-0.22467876923076924
-0.19380369230769232
-0.14707384615384617
-0.11056615384615384
-0.059872615384615385
0.07197230769230768
0.14916
0.18170399999999998
0.17377661538461536
0.116616
0.111192
0.08949599999999999
0.037967999999999995
0.007927384615384614
-0.054657230769230764
-0.07051199999999999
-0.03129230769230769
-0.0035464615384615383
0.02273907692307692
0.006884307692307692
-0.008970461538461538
-0.019192615384615384
-0.04088861538461538
-0.06028984615384615
-0.0855323076923077
-0.07572738461538461
-0.07823076923076923
-0.07197230769230768
-0.012099692307692308
0.029414769230769227
0.0717636923076923
0.09325107692307691
0.0853236923076923
0.09387692307692307
0.065088
0.028163076923076923
-0.021487384615384613
-0.09784061538461537
-0.11953661538461538
-0.11452984615384615
-0.08845292307692308
-0.047981538461538464
-0.029832
0.017940923076923077
0.08073415384615384
0.12788123076923075
0.138312
0.0974233846153846
0.06571384615384615
0.037342153846153844
0.0070929230769230765
-0.015020307692307692
-0.07259815384615384
-0.10430769230769231
-0.08845292307692308
-0.06362769230769232
0.005215384615384615
0.06529661538461538
0.11724184615384614
0.17377661538461536
0.184416
0.19755876923076923
0.19568123076923075
0.15103753846153847
0.0853236923076923
-0.006675692307692307
-0.09325107692307691
-0.1652233846153846
-0.2073636923076923
-0.19609846153846153
-0.1639716923076923
-0.09554584615384615
0.0018775384615384615
0.1151556923076923
0.24720923076923076
0.32982092307692307
0.3713353846153846
0.35860984615384617
0.2749550769230769
0.19192615384615386
0.08574092307692306
-0.04819015384615385
-0.18212123076923076
-0.3054129230769231
-0.34588430769230766
-0.3095852307692307
-0.23156307692307693
-0.12391753846153845
-0.02044430769230769
0.09658892307692307
0.21654276923076923
0.3039526153846154
0.3538116923076923
0.33566215384615383
0.2682793846153846
0.17169046153846151
0.05757784615384615
-0.030875076923076922
-0.1205796923076923
-0.17648861538461538
-0.18170399999999998
-0.18086953846153844
-0.13601723076923075
-0.07906523076923076
-0.009179076923076922
0.08094276923076923
0.12913292307692306
0.15813046153846153
0.16856123076923077
0.16647507692307692
0.16188553846153847
0.12412615384615384
0.07510153846153846
0.017523692307692306
-0.03629907692307692
-0.06300184615384616
-0.09512861538461538
-0.11202646153846153
-0.1045163076923077
-0.10660246153846153
-0.09179076923076923
-0.07635323076923077
-0.06529661538461538
-0.05444861538461539
-0.058412307692307694
-0.04547815384615384
-0.04401784615384615
-0.041514461538461535
-0.010013538461538461
0.031709538461538456
0.08156861538461539
0.111192
0.132888
0.14749107692307692
0.13872923076923074
0.11098338461538461
0.052153846153846155
-0.023364923076923075
-0.09846646153846153
-0.15771323076923077
-0.17252492307692308
-0.16167692307692308
-0.13872923076923074
-0.08156861538461539
-0.00855323076923077
0.07614461538461538
0.15625292307692307
0.208824
0.2426196923076923
0.23490092307692306
0.1883796923076923
0.12350030769230769
0.04401784615384615
-0.040054153846153843
-0.11640738461538462
-0.16418030769230768
-0.19150892307692308
-0.20110523076923076
-0.17544553846153846
-0.124752
-0.05674338461538461
0.008136
0.07009476923076922
0.14415323076923076
0.19588984615384614
0.22029784615384615
0.21132738461538458
0.16772676923076923
0.12329169230769231
0.07134646153846153
0.021904615384615383
-0.02315630769230769
-0.07113784615384615
-0.1028473846153846
-0.09533723076923077
-0.051528
0.010222153846153844
0.07510153846153846
0.12329169230769231
0.16084246153846155
0.1858763076923077
0.1881710769230769
0.16292861538461537
0.11640738461538462
0.056951999999999996
-0.017940923076923077
-0.08866153846153846
-0.13768615384615385
-0.1612596923076923
-0.16042523076923076
-0.1543753846153846
-0.13267938461538462
-0.08344615384615384
-0.025033846153846153
0.032544
0.07384984615384615
0.09158215384615384
0.09095630769230768
0.08031692307692308
0.06300184615384616
0.044435076923076924
0.021070153846153846
-0.015020307692307692
-0.04714707692307692
-0.05590892307692308
-0.043600615384615383
-0.016897846153846156
0.008761846153846153
0.03921969230769231
0.07656184615384615
0.10201292307692307
0.12308307692307692
0.1341396923076923
0.1289243076923077
0.116616
0.11473846153846154
0.11557292307692307
0.10576799999999999
0.08824430769230769
0.06028984615384615
0.04380923076923077
0.03108369230769231
0.013768615384615384
-0.0016689230769230767
-0.03275261538461539
-0.0717636923076923
-0.10368184615384615
-0.12162276923076921
-0.12621230769230768
-0.12829846153846153
-0.12621230769230768
-0.11432123076923076
-0.08302892307692307
-0.030875076923076922
0.026076923076923077
0.07885661538461539
0.11098338461538461
0.12266584615384615
0.1205796923076923
0.09533723076923077
0.05611753846153846
0.0014603076923076922
-0.06800861538461538
-0.13247076923076923
-0.17544553846153846
-0.2021483076923077
-0.20465169230769228
-0.17586276923076924
-0.13080184615384613
-0.05820369230769231
0.022530461538461537
0.10493353846153847
0.19067446153846154
0.2399076923076923
0.2582658461538461
0.23823876923076923
0.17273353846153844
0.08866153846153846
-0.017315076923076923
-0.124752
-0.22029784615384615
-0.28893230769230765
-0.3049956923076923
-0.28434276923076923
-0.2138307692307692
-0.12162276923076921
-0.021904615384615383
0.10201292307692307
0.20402584615384614
0.28017046153846153
0.3072904615384615
0.2837169230769231
0.2415766153846154
0.15541846153846153
0.056951999999999996
-0.03296123076923077
-0.12391753846153845
-0.18483323076923078
-0.21466523076923077
-0.20110523076923076
-0.14978584615384616
-0.07948246153846153
0.014394461538461538
0.10409907692307692
0.17461107692307692
0.22426153846153846
0.233232
0.19818461538461538
0.12725538461538463
0.03024923076923077
-0.06070707692307692
-0.14999446153846155
-0.21862892307692305
-0.24720923076923076
-0.24637476923076923
-0.19588984615384614
-0.12579507692307693
-0.05277969230769231
0.02482523076923077
0.07343261538461537
0.09909230769230769
0.10639384615384614
0.09012184615384615
0.06800861538461538
0.02482523076923077
-0.017732307692307693
-0.04047138461538462
-0.05528307692307692
-0.05319692307692307
-0.04672984615384615
-0.03650769230769231
-0.03275261538461539
-0.03275261538461539
-0.021487384615384613
-0.014394461538461538
-0.016897846153846156
-0.017940923076923077
-0.011682461538461537
0.005424
0.03045784615384615
0.058412307692307694
0.08219446153846154
0.09241661538461539
0.09179076923076923
0.0798996923076923
0.04672984615384615
-0.0025033846153846152
-0.05924676923076923
-0.11807630769230769
-0.168144
-0.20402584615384614
-0.22113230769230768
-0.2154996923076923
-0.1908830769230769
-0.13330523076923076
-0.03775938461538462
0.07009476923076922
0.17169046153846151
0.25138153846153843
0.29748553846153847
0.30270092307692303
0.27599815384615384
0.2125790769230769
0.11056615384615384
-0.0022947692307692304
-0.11619876923076923
-0.1994363076923077
-0.2330233846153846
-0.22405292307692307
-0.16584923076923075
-0.084072
0.025033846153846153
0.1666836923076923
0.30249230769230767
0.40513107692307687
0.45978830769230766
0.45561599999999997
0.39282276923076925
0.2845513846153846
0.14311015384615386
-0.014394461538461538
-0.173568
-0.3077076923076923
-0.40033292307692303
-0.4360061538461539
-0.40679999999999994
-0.32272799999999996
-0.20277415384615383
-0.07531015384615385
0.054240000000000003
0.16230276923076925
0.23177169230769232
0.2601433846153846
0.23761292307692305
0.18086953846153844
0.10243015384615384
0.01940123076923077
-0.051528
-0.11745046153846153
-0.16209415384615386
-0.17419384615384614
-0.14686523076923075
-0.08699261538461538
-0.027328615384615382
0.022947692307692308
0.06049846153846154
0.07927384615384615
0.08782707692307692
0.0798996923076923
0.04944184615384615
0.012934153846153845
-0.02524246153846154
-0.042557538461538466
-0.041514461538461535
-0.03880246153846154
-0.03150092307692308
-0.025659692307692307
-0.0022947692307692304
0.029206153846153847
0.056326153846153845
0.07113784615384615
0.06946892307692307
0.045895384615384616
0.0070929230769230765
-0.03483876923076923
-0.08907876923076924
-0.14749107692307692
-0.20694646153846152
-0.25117292307692307
-0.27286892307692306
-0.20339999999999997
-0.05674338461538461
0.13059323076923077
0.35005661538461535
0.5252935384615384
0.6961495384615385
0.8075501538461538
0.8384252307692308
0.7745889230769232
0.5736923076923076
0.32377107692307694
0.06049846153846154
-0.16730953846153845
-0.39928984615384616
-0.568476923076923
-0.6417009230769231
-0.6350252307692307
-0.4758516923076923
-0.2822566153846154
-0.05236246153846154
0.1656406153846154
0.3369138461538461
0.4994252307692308
0.5417741538461538
0.4785636923076923
0.3225193846153846
0.10868861538461538
-0.11265230769230769
-0.34004307692307695
-0.5138196923076923
-0.614580923076923
-0.618336
-0.5129852307692307
-0.3467187692307692
-0.143736
0.04526953846153846
0.19818461538461538
0.3187643076923077
0.3483876923076923
0.33357600000000004
0.2899753846153846
0.22488738461538463
0.19317784615384614
0.14707384615384617
0.11098338461538461
0.08115138461538463
0.04422646153846154
0.03233538461538461
-0.0043809230769230765
-0.07259815384615384
-0.13747753846153846
-0.18399876923076922
-0.19651569230769228
-0.21612553846153845
-0.24282830769230768
-0.24491446153846153
-0.23010276923076922
-0.15354092307692307
-0.05674338461538461
0.04047138461538462
0.16000799999999998
0.26723630769230766
0.37613353846153846
0.4360061538461539
0.4030449230769231
0.28851507692307693
0.09554584615384615
-0.12120553846153845
-0.3095852307692307
-0.45603323076923075
-0.5161144615384615
-0.48461353846153843
-0.3646596923076923
-0.15145476923076923
0.09700615384615385
0.344424
0.5524135384615385
0.6934375384615384
0.7372467692307692
0.6750793846153846
0.5563772307692307
0.3863556923076923
0.17628
-0.03984553846153846
-0.23385784615384617
-0.36299076923076923
-0.41681353846153846
-0.4078430769230769
-0.34630153846153844
-0.24866953846153847
-0.11452984615384615
0.05048492307692308
0.20173107692307693
0.2981113846153846
0.3225193846153846
0.2795446153846154
0.19693292307692306
0.08657538461538461
-0.04109723076923077
-0.16835261538461538
-0.2699483076923077
-0.30895938461538464
-0.28934953846153844
-0.21153599999999997
-0.09700615384615385
0.020652923076923076
0.13726892307692307
0.2207150769230769
0.2620209230769231
0.2503384615384615
0.1760713846153846
0.073224
-0.041514461538461535
-0.15541846153846153
-0.2369870769230769
-0.27787569230769227
-0.2699483076923077
-0.21487384615384614
-0.12621230769230768
-0.021487384615384613
0.06154153846153846
0.12141415384615384
0.14311015384615386
0.11619876923076923
0.04714707692307692
-0.051319384615384614
-0.14582215384615385
-0.23656984615384613
-0.30562153846153844
-0.3346190769230769
-0.3275261538461538
-0.2682793846153846
-0.16292861538461537
-0.04714707692307692
0.059038153846153844
0.14457046153846154
0.21591692307692306
0.26869661538461537
0.2705741538461538
0.22154953846153846
0.13080184615384613
0.027120000000000002
-0.056326153846153845
-0.12162276923076921
-0.16292861538461537
-0.18253846153846154
-0.16501476923076921
-0.08991323076923076
0.008136
0.11703323076923078
0.21195323076923075
0.26118646153846153
0.287472
0.2638984615384615
0.20006215384615383
0.11286092307692308
0.006675692307692307
-0.07551876923076924
-0.14477907692307693
-0.17648861538461538
-0.15228923076923076
-0.10201292307692307
-0.025659692307692307
0.04672984615384615
0.10347323076923076
0.13747753846153846
0.12934153846153845
0.09825784615384614
0.03233538461538461
-0.05570030769230769
-0.12683815384615382
-0.16876984615384616
-0.17294215384615383
-0.14665661538461539
-0.10180430769230768
-0.03275261538461539
0.06279323076923077
0.17586276923076924
0.2814221538461538
0.32836061538461536
0.32085046153846153
0.26619323076923074
0.17231630769230769
0.06133292307692308
-0.07092923076923077
-0.19150892307692308
-0.28413415384615387
-0.3346190769230769
-0.3210590769230769
-0.2680707692307692
-0.18337292307692307
-0.0826116923076923
0.011265230769230769
0.1028473846153846
0.16897846153846155
0.20277415384615383
0.20486030769230767
0.16626646153846153
0.10222153846153846
0.027120000000000002
-0.037342153846153844
-0.07572738461538461
-0.09867507692307692
-0.09179076923076923
-0.05778646153846154
-0.0004172307692307692
0.07531015384615385
0.14269292307692305
0.19442953846153843
0.21237046153846154
0.20548615384615385
0.17398523076923075
0.124752
0.06967753846153846
0.003963692307692307
-0.044435076923076924
-0.06592246153846154
-0.05111076923076923
-0.0077187692307692304
0.042974769230769226
0.08991323076923076
0.12287446153846153
0.14728246153846153
0.16042523076923076
0.1462393846153846
0.09241661538461539
0.006049846153846154
-0.08761846153846153
-0.16981292307692308
-0.23344061538461539
-0.2689052307692308
-0.26869661538461537
-0.23198030769230768
-0.16063384615384615
-0.05924676923076923
0.051319384615384614
0.1395636923076923
0.19797599999999999
0.22175815384615383
0.21612553846153845
0.1787833846153846
0.10785415384615385
0.027328615384615382
-0.06070707692307692
-0.1341396923076923
-0.17711446153846155
-0.18316430769230768
-0.1489513846153846
-0.09554584615384615
-0.026076923076923077
0.04965046153846154
0.12308307692307692
0.18983999999999998
0.22780799999999998
0.22634769230769228
0.18921415384615384
0.12412615384615384
0.04693846153846153
-0.025659692307692307
-0.09679753846153846
-0.16438892307692307
-0.21487384615384614
-0.23761292307692305
-0.2221753846153846
-0.17690584615384616
-0.12454338461538461
-0.07656184615384615
-0.021904615384615383
0.03108369230769231
0.07030338461538461
0.09679753846153846
0.09992676923076924
0.09179076923076923
0.07489292307692308
0.059664
0.058412307692307694
0.056326153846153845
0.05757784615384615
0.06279323076923077
0.06842584615384616
0.08490646153846154
0.09784061538461537
0.09325107692307691
0.07426707692307692
0.040679999999999994
0.011682461538461537
-0.010848
-0.027328615384615382
-0.03421292307692308
-0.037342153846153844
-0.026494153846153844
-0.0018775384615384615
0.032544
0.06821723076923077
0.09325107692307691
0.10263876923076923
0.10117846153846152
0.07468430769230769
0.027745846153846152
-0.025033846153846153
-0.08344615384615384
-0.13622584615384614
-0.17148184615384612
-0.1656406153846154
-0.124752
-0.06884307692307692
-0.012516923076923077
0.05048492307692308
0.11578153846153846
0.15917353846153848
0.1908830769230769
0.19797599999999999
0.1712732307692308
0.12308307692307692
0.06279323076923077
0.014394461538461538
-0.01981846153846154
-0.05757784615384615
-0.08031692307692308
-0.08177723076923075
-0.059038153846153844
-0.012099692307692308
0.02795446153846154
0.07030338461538461
0.09825784615384614
0.1045163076923077
0.09846646153846153
0.06821723076923077
0.02795446153846154
-0.01981846153846154
-0.059038153846153844
-0.07635323076923077
-0.07343261538461537
-0.04631261538461538
-0.011891076923076923
0.017523692307692306
0.03880246153846154
0.04652123076923077
0.04902461538461538
0.04318338461538461
0.024408000000000003
-0.004172307692307692
-0.03129230769230769
-0.03942830769230769
-0.021904615384615383
0.021070153846153846
0.06821723076923077
0.11348676923076922
0.16897846153846155
0.22718215384615387
0.2632726153846154
0.26535876923076923
0.23406646153846156
0.17377661538461536
0.09095630769230768
-0.0002086153846153846
-0.0853236923076923
-0.16418030769230768
-0.21925476923076925
-0.23448369230769228
-0.20798953846153845
-0.14749107692307692
-0.06738276923076922
0.020652923076923076
0.10576799999999999
0.1804523076923077
0.22447015384615385
0.22864246153846152
0.19463815384615382
0.11974523076923077
0.022530461538461537
-0.08344615384615384
-0.1792006153846154
-0.24720923076923076
-0.2899753846153846
-0.29039261538461536
-0.24199384615384617
-0.15896492307692306
-0.05236246153846154
0.05611753846153846
0.14144123076923076
0.19213476923076922
0.20798953846153845
0.19735015384615384
0.17252492307692308
0.12662953846153846
0.06195876923076923
0.0002086153846153846
-0.05590892307692308
-0.09241661538461539
-0.11265230769230769
-0.12662953846153846
-0.12996738461538462
-0.124752
-0.10222153846153846
-0.06884307692307692
-0.03901107692307692
-0.005841230769230769
0.021696
0.04172307692307692
0.06300184615384616
0.07468430769230769
0.07927384615384615
0.06696553846153847
0.0448523076923077
0.030040615384615384
0.006675692307692307
-0.01814953846153846
-0.04735569230769231
-0.0880356923076923
-0.12037107692307693
-0.14603076923076924
-0.15187199999999998
-0.14477907692307693
-0.1358086153846154
-0.10931446153846153
-0.06988615384615385
-0.013560000000000001
0.049233230769230765
0.09909230769230769
0.12621230769230768
0.12016246153846154
0.0892873846153846
0.042974769230769226
-0.024408000000000003
-0.09429415384615383
-0.1635544615384615
-0.21341353846153846
-0.22405292307692307
-0.20298276923076922
-0.14206707692307693
-0.06529661538461538
0.012099692307692308
0.0855323076923077
0.1424843076923077
0.17398523076923075
0.17023015384615386
0.12370892307692308
0.051528
-0.019192615384615384
-0.08782707692307692
-0.13643446153846153
-0.16438892307692307
-0.1733593846153846
-0.15667015384615385
-0.12037107692307693
-0.05486584615384615
0.022530461538461537
0.09471138461538461
0.15917353846153848
0.20173107692307693
0.233232
0.23677846153846152
0.21967199999999998
0.17648861538461538
0.100344
0.015228923076923076
-0.06967753846153846
-0.13706030769230768
-0.2056947692307692
-0.23677846153846152
-0.23385784615384617
-0.19547261538461536
-0.11286092307692308
-0.011891076923076923
0.08115138461538463
0.1800350769230769
0.25471938461538457
0.3750904615384615
0.533220923076923
0.43412861538461534
0.29414769230769233
0.13247076923076923
-0.084072
-0.11223507692307692
-0.26118646153846153
-0.4781464615384615
-0.6081138461538461
-0.6709070769230769
-0.46625538461538457
-0.2369870769230769
-0.022530461538461537
0.14749107692307692
0.2438713846153846
0.48565661538461535
0.6375286153846154
0.730571076923077
0.6375286153846154
0.34943076923076927
0.16292861538461537
-0.09387692307692307
-0.23615261538461538
-0.33587076923076925
-0.5202867692307692
-0.5031803076923077
-0.5286313846153846
-0.42348923076923073
-0.13872923076923074
0.017940923076923077
0.290184
0.4451852307692308
0.4577021538461538
0.5376018461538461
0.4873255384615384
0.46583815384615385
0.37738523076923075
0.12788123076923075
-0.07426707692307692
-0.2712
-0.33002953846153843
-0.3210590769230769
-0.368832
-0.36549415384615386
-0.3548547692307692
-0.2140393846153846
0.0012516923076923076
0.10618523076923077
0.2021483076923077
0.21466523076923077
0.2292683076923077
0.34275507692307694
0.3448412307692308
0.34504984615384615
0.2931046153846154
0.1710646153846154
0.14603076923076924
0.07051199999999999
-0.02211323076923077
-0.11181784615384616
-0.2557624615384615
-0.33941723076923075
-0.36570276923076916
-0.34880492307692307
-0.27558092307692306
-0.15750461538461538
-0.0006258461538461538
0.12579507692307693
0.2989458461538462
0.4687587692307692
0.554916923076923
0.6262633846153846
0.5465723076923077
0.4082603076923077
0.2887236923076923
0.1045163076923077
-0.045895384615384616
-0.22864246153846152
-0.3880246153846154
-0.4268270769230769
-0.42891323076923077
-0.3454670769230769
-0.23782153846153845
-0.127464
0.054657230769230764
0.23761292307692305
0.38531261538461536
0.4424732307692308
0.4287046153846154
0.38760738461538463
0.2703655384615385
0.13747753846153846
-0.04902461538461538
-0.2791273846153846
-0.41305846153846154
-0.5127766153846154
-0.5392707692307692
-0.46145723076923073
-0.3805144615384615
-0.22989415384615383
-0.07531015384615385
0.03588184615384615
0.17085599999999998
0.24762646153846155
0.26619323076923074
0.235944
0.15103753846153847
0.05382276923076923
-0.031918153846153846
-0.078648
-0.11411261538461538
-0.12308307692307692
-0.11202646153846153
-0.11828492307692307
-0.07218092307692307
-0.0070929230769230765
0.03713353846153846
0.09179076923076923
0.08720123076923077
0.08740984615384616
0.13372246153846154
0.143736
0.15646153846153846
0.13059323076923077
0.08302892307692307
0.10535076923076922
0.13622584615384614
0.16501476923076921
0.16418030769230768
0.11682461538461539
0.08511507692307693
0.04652123076923077
0.006884307692307692
-0.04214030769230769
-0.11557292307692307
-0.1760713846153846
-0.22947692307692308
-0.23448369230769228
-0.19192615384615386
-0.14018953846153845
-0.050067692307692306
0.027745846153846152
0.0936683076923077
0.18170399999999998
0.23364923076923078
0.2845513846153846
0.29727692307692305
0.2209236923076923
0.1424843076923077
0.05716061538461538
-0.008136
-0.04276615384615385
-0.0936683076923077
-0.12788123076923075
-0.13372246153846154
-0.09304246153846155
-0.012308307692307691
0.06675692307692307
0.1358086153846154
0.16480615384615382
0.17398523076923075
0.17377661538461536
0.13121907692307694
0.08344615384615384
0.017315076923076923
-0.04672984615384615
-0.07197230769230768
-0.09846646153846153
-0.086784
-0.047981538461538464
-0.016480615384615385
0.02482523076923077
0.04526953846153846
0.06362769230769232
0.08010830769230769
0.07426707692307692
0.05069353846153846
-0.011473846153846154
-0.07426707692307692
-0.11745046153846153
-0.13601723076923075
-0.12245723076923076
-0.11619876923076923
-0.09408553846153846
-0.06008123076923077
-0.012308307692307691
0.06446215384615385
0.0988836923076923
0.10535076923076922
0.1028473846153846
0.06905169230769231
0.037342153846153844
-0.014394461538461538
-0.07906523076923076
-0.11327815384615383
-0.13518276923076925
-0.13121907692307694
-0.1045163076923077
-0.07739630769230768
-0.038176615384615385
-0.006049846153846154
0.019609846153846155
0.03713353846153846
0.03942830769230769
0.03775938461538462
0.018775384615384614
-0.0018775384615384615
-0.023990769230769232
-0.047772923076923074
-0.047772923076923074
-0.03713353846153846
-0.013560000000000001
0.009804923076923077
0.020652923076923076
0.04047138461538462
0.05799507692307692
0.06467076923076923
0.05862092307692307
0.02086153846153846
-0.029832
-0.07927384615384615
-0.1205796923076923
-0.13393107692307693
-0.12037107692307693
-0.08824430769230769
-0.04547815384615384
0.014185846153846153
0.07510153846153846
0.11724184615384614
0.14102399999999998
0.12266584615384615
0.058412307692307694
-0.02044430769230769
-0.10994030769230768
-0.1927606153846154
-0.2497126153846154
-0.2999889230769231
-0.3198073846153846
-0.301032
-0.24303692307692307
-0.1424843076923077
-0.028163076923076923
0.0853236923076923
0.1775316923076923
0.24658338461538462
0.29331323076923077
0.3102110769230769
0.28434276923076923
0.21320492307692307
0.11911938461538461
0.017315076923076923
-0.065088
-0.11223507692307692
-0.13706030769230768
-0.14060676923076923
-0.10514215384615383
-0.04526953846153846
0.02899753846153846
0.10597661538461538
0.16730953846153845
0.22467876923076924
0.25346769230769234
0.2572227692307692
0.2509643076923077
0.2075723076923077
0.14206707692307693
0.05736923076923077
-0.03024923076923077
-0.092208
-0.13935507692307691
-0.1704387692307692
-0.184416
-0.1783661538461538
-0.14311015384615386
-0.08740984615384616
-0.032544
0.015020307692307692
0.042974769230769226
0.053614153846153846
0.06404492307692307
0.06404492307692307
0.06654830769230768
0.06154153846153846
0.040054153846153843
0.018775384615384614
-0.0022947692307692304
-0.009596307692307692
-0.015437538461538461
-0.02858030769230769
-0.04318338461538461
-0.04819015384615385
-0.03045784615384615
-0.0002086153846153846
0.029623384615384614
0.048816000000000005
0.06070707692307692
0.07092923076923077
0.08761846153846153
0.100344
0.09700615384615385
0.06717415384615384
0.029206153846153847
0.009596307692307692
-0.010013538461538461
-0.022530461538461537
-0.04214030769230769
-0.07426707692307692
-0.0961716923076923
-0.09950953846153845
-0.084072
-0.06467076923076923
-0.04672984615384615
-0.031709538461538456
-0.014603076923076923
0.009179076923076922
0.03483876923076923
0.04172307692307692
0.024199384615384616
0.0
-0.013560000000000001
-0.011265230769230769
-0.004589538461538461
-0.0025033846153846152
-0.01710646153846154
-0.03024923076923077
-0.03442153846153846
-0.03629907692307692
-0.03838523076923077
-0.05403138461538461
-0.07468430769230769
-0.08782707692307692
-0.07531015384615385
-0.03504738461538461
0.010848
0.05319692307692307
0.08636676923076922
0.12120553846153845
0.16167692307692308
0.18212123076923076
0.17628
0.13247076923076923
0.06696553846153847
0.017523692307692306
-0.023782153846153845
-0.051319384615384614
-0.07551876923076924
-0.0974233846153846
-0.0826116923076923
-0.03859384615384615
0.02899753846153846
0.10639384615384614
0.15771323076923077
0.19213476923076922
0.21842030769230766
0.23448369230769228
0.23949046153846154
0.21341353846153846
0.1543753846153846
0.0678
-0.01981846153846154
-0.08949599999999999
-0.14790830769230767
-0.19338646153846153
-0.2275993846153846
-0.22697353846153845
-0.18921415384615384
-0.12016246153846154
-0.029414769230769227
0.03755076923076923
0.08010830769230769
0.10472492307692308
0.11014892307692307
0.1028473846153846
0.07113784615384615
0.015020307692307692
-0.04631261538461538
-0.08991323076923076
-0.10743692307692307
-0.0974233846153846
-0.07405846153846153
-0.047772923076923074
-0.014394461538461538
0.03108369230769231
0.08115138461538463
0.12621230769230768
0.15813046153846153
0.15270646153846154
0.14060676923076923
0.130176
0.11390399999999999
0.11035753846153845
0.0897046153846154
0.06362769230769232
0.0448523076923077
0.040054153846153843
0.04902461538461538
0.042974769230769226
0.025033846153846153
0.002712
-0.010013538461538461
-0.0077187692307692304
0.006049846153846154
0.02023569230769231
0.020652923076923076
0.008344615384615384
-0.005215384615384615
-0.012934153846153845
-0.022947692307692308
-0.047772923076923074
-0.09408553846153846
-0.1462393846153846
-0.1792006153846154
-0.1783661538461538
-0.14060676923076923
-0.09116492307692307
-0.04193169230769231
0.008970461538461538
0.054240000000000003
0.10222153846153846
0.13747753846153846
0.14311015384615386
0.130176
0.09846646153846153
0.06341907692307691
0.025033846153846153
-0.019609846153846155
-0.05444861538461539
-0.08156861538461539
-0.09283384615384616
-0.07113784615384615
-0.018983999999999997
0.03713353846153846
0.09700615384615385
0.15687876923076924
0.20047938461538461
0.2261390769230769
0.22551323076923077
0.20819815384615384
0.16730953846153845
0.10868861538461538
0.03713353846153846
-0.03880246153846154
-0.10180430769230768
-0.16021661538461537
-0.18107815384615383
-0.1800350769230769
-0.14603076923076924
-0.09325107692307691
-0.04944184615384615
0.004798153846153846
0.03233538461538461
0.04985907692307692
0.026494153846153844
-0.002086153846153846
-0.017732307692307693
-0.005215384615384615
0.052153846153846155
0.20319138461538463
0.3508910769230769
0.38885907692307686
0.5177833846153846
0.5601323076923077
0.5849575384615384
0.5659735384615384
0.35631507692307696
0.13664307692307692
-0.19588984615384614
-0.43329415384615383
-0.6333563076923077
-0.8313323076923077
-0.8962116923076923
-0.9327193846153846
-0.7309883076923077
-0.4182738461538461
-0.015228923076923076
0.45060923076923076
0.7535187692307692
1.0301427692307692
1.1582326153846154
1.130904
0.9988504615384616
0.631896
0.2273907692307692
-0.21612553846153845
-0.6782086153846154
-0.9287556923076923
-1.0893895384615384
-1.0954393846153845
-0.9469052307692308
-0.7612375384615384
-0.42369784615384615
-0.06425353846153846
0.3269003076923077
0.7115870769230769
0.9477396923076924
1.0968996923076921
1.091892923076923
0.9784061538461538
0.761028923076923
0.3734215384615384
-0.06258461538461538
-0.5257107692307692
-0.9137353846153845
-1.1407089230769232
-1.284444923076923
-1.279438153846154
-1.1405003076923077
-0.9114406153846153
-0.5561686153846154
-0.18086953846153844
0.18379015384615385
0.5311347692307692
0.7758406153846154
0.9754855384615384
1.0931446153846154
1.072908923076923
0.9316763076923077
0.6408664615384615
0.2764153846153846
-0.13226215384615383
-0.5348898461538462
-0.8757673846153846
-1.1300695384615385
-1.2201913846153847
-1.1703323076923076
-0.951912
-0.5524135384615385
-0.08720123076923077
0.43287692307692305
0.9256264615384615
1.2898689230769231
1.5320713846153846
1.570873846153846
1.412326153846154
1.0921015384615385
0.6204221538461538
0.10409907692307692
-0.41034646153846155
-0.8688830769230769
-1.2143501538461539
-1.4231741538461538
-1.441115076923077
-1.2836104615384616
-0.9706873846153845
-0.5492843076923076
-0.07468430769230769
0.4418473846153846
0.896628923076923
1.2287446153846153
1.405859076923077
1.3541224615384615
1.128817846153846
0.763115076923077
0.28851507692307693
-0.1794092307692308
-0.6241772307692307
-0.9902972307692307
-1.2158104615384615
-1.3005083076923076
-1.1999556923076924
-0.9391864615384615
-0.5724406153846154
-0.1502030769230769
0.26869661538461537
0.6429526153846153
0.9222886153846154
1.090224
1.1231852307692307
1.0136621538461539
0.7944073846153846
0.4781464615384615
0.12850707692307692
-0.20402584615384614
-0.520704
-0.7516412307692308
-0.8907876923076924
-0.9335538461538462
-0.8361304615384616
-0.6498369230769231
-0.40554830769230765
-0.13184492307692308
0.13372246153846154
0.39407446153846154
0.6127033846153845
0.7462172307692307
0.7916953846153846
0.733908923076923
0.6045673846153846
0.43329415384615383
0.22843384615384613
0.009387692307692307
-0.2238443076923077
-0.42015138461538465
-0.570563076923077
-0.6615193846153845
-0.6625624615384615
-0.6066535384615385
-0.4756430769230769
-0.2899753846153846
-0.0892873846153846
0.13998092307692306
0.35798399999999997
0.5455292307692308
0.6900996923076923
0.7380812307692307
0.6999046153846153
0.5945538461538461
0.41556184615384617
0.1994363076923077
-0.031709538461538456
-0.2492953846153846
-0.42661846153846156
-0.5459464615384615
-0.5834972307692308
-0.5551255384615384
-0.4585366153846154
-0.30854215384615385
-0.13518276923076925
0.05528307692307692
0.21299630769230768
0.33983446153846153
0.42953907692307686
0.45332123076923075
0.4349630769230769
0.35610646153846154
0.24095076923076922
0.119328
-0.008970461538461538
-0.12600369230769232
-0.2238443076923077
-0.2906012307692308
-0.31688676923076925
-0.3031181538461538
-0.2572227692307692
-0.19046584615384615
-0.12329169230769231
-0.07051199999999999
-0.030875076923076922
0.004798153846153846
0.02023569230769231
0.023990769230769232
0.027745846153846152
0.02545107692307692
0.03671630769230769
0.04693846153846153
0.042557538461538466
0.03379569230769231
0.0022947692307692304
-0.045060923076923075
-0.08866153846153846
-0.13309661538461537
-0.17273353846153844
-0.20423446153846153
-0.22154953846153846
-0.21299630769230768
-0.18149538461538461
-0.12516923076923075
-0.044435076923076924
0.04652123076923077
0.13393107692307693
0.19964492307692308
0.25701415384615384
0.3004061538461538
0.3012406153846154
0.2641070769230769
0.18107815384615383
0.07656184615384615
-0.02232184615384615
-0.11286092307692308
-0.1779489230769231
-0.21758584615384616
-0.22864246153846152
-0.18775384615384613
-0.1045163076923077
0.002086153846153846
0.11202646153846153
0.18379015384615385
0.23260615384615385
0.2557624615384615
0.2497126153846154
0.23010276923076922
0.17544553846153846
0.10681107692307691
0.026285538461538457
-0.040262769230769234
-0.08052553846153847
-0.0974233846153846
-0.07051199999999999
-0.042348923076923076
-0.004589538461538461
0.04547815384615384
0.092208
0.12913292307692306
0.1368516923076923
0.11953661538461538
0.08740984615384616
0.04214030769230769
0.010639384615384617
0.011682461538461537
0.022530461538461537
0.041514461538461535
0.06571384615384615
0.10660246153846153
0.15187199999999998
0.1779489230769231
0.17565415384615385
0.13497415384615385
0.07656184615384615
0.005215384615384615
-0.06592246153846154
-0.124752
-0.1802436923076923
-0.21111876923076925
-0.20486030769230767
-0.16209415384615386
-0.07802215384615384
0.02357353846153846
0.12496061538461539
0.21842030769230766
0.2822566153846154
0.31626092307692305
0.31104553846153843
0.2482523076923077
0.14123261538461537
-0.003963692307692307
-0.14665661538461539
-0.2563883076923077
-0.32836061538461536
-0.3521427692307692
-0.33315876923076926
-0.25764
-0.13184492307692308
0.014394461538461538
0.15479261538461536
0.2588916923076923
0.31229723076923077
0.3198073846153846
0.2768326153846154
0.21091015384615383
0.11870215384615385
0.0033378461538461535
-0.09429415384615383
-0.1718990769230769
-0.2138307692307692
-0.21925476923076925
-0.1948467692307692
-0.15208061538461537
-0.09763200000000001
-0.028371692307692306
0.03692492307692308
0.08699261538461538
0.11640738461538462
0.11911938461538461
0.10055261538461538
0.07238953846153846
0.03963692307692308
0.0016689230769230767
-0.03775938461538462
-0.07697907692307693
-0.10013538461538461
-0.09763200000000001
-0.0798996923076923
-0.04693846153846153
-0.02482523076923077
-0.011265230769230769
-0.0016689230769230767
-0.006675692307692307
-0.013560000000000001
-0.040054153846153843
-0.07781353846153846
-0.103056
-0.1097316923076923
-0.084072
-0.040054153846153843
0.0033378461538461535
0.05486584615384615
0.09825784615384614
0.13726892307692307
0.16209415384615386
0.15187199999999998
0.11327815384615383
0.0446436923076923
-0.021278769230769233
-0.08887015384615385
-0.14686523076923075
-0.18107815384615383
-0.19693292307692306
-0.1691870769230769
-0.11619876923076923
-0.03692492307692308
0.04839876923076923
0.10743692307692307
0.1558356923076923
0.18921415384615384
0.2056947692307692
0.21028430769230766
0.19505538461538463
0.15750461538461538
0.10618523076923077
0.05298830769230769
0.01940123076923077
0.0022947692307692304
-0.011891076923076923
-0.016063384615384615
-0.014394461538461538
0.013351384615384614
0.055491692307692304
0.09658892307692307
0.13330523076923076
0.13914646153846155
0.14290153846153844
0.14331876923076922
0.1341396923076923
0.13309661538461537
0.10555938461538462
0.06800861538461538
0.037967999999999995
0.021070153846153846
0.03504738461538461
0.0448523076923077
0.04109723076923077
0.030875076923076922
0.016272
0.004798153846153846
-0.005841230769230769
-0.016063384615384615
-0.027745846153846152
-0.027745846153846152
-0.0012516923076923076
0.03984553846153846
0.09053907692307692
0.13497415384615385
0.15395815384615386
0.1652233846153846
0.15354092307692307
0.11640738461538462
0.05862092307692307
-0.031709538461538456
-0.12683815384615382
-0.20256553846153844
-0.241368
-0.23448369230769228
-0.19213476923076922
-0.12329169230769231
-0.03442153846153846
0.06133292307692308
0.14916
0.21049292307692305
0.22843384615384613
0.19380369230769232
0.12433476923076923
0.042348923076923076
-0.0446436923076923
-0.12704676923076924
-0.20673784615384616
-0.26932246153846157
-0.2849686153846154
-0.2574313846153846
-0.19213476923076922
-0.10535076923076922
-0.015228923076923076
0.07969107692307692
0.15687876923076924
0.20944984615384615
0.2288510769230769
0.20193969230769232
0.12683815384615382
0.024199384615384616
-0.07572738461538461
-0.1635544615384615
-0.21967199999999998
-0.24992123076923078
-0.24574892307692306
-0.19317784615384614
-0.10201292307692307
0.016480615384615385
0.12329169230769231
0.19839323076923077
0.2369870769230769
0.23177169230769232
0.19588984615384614
0.1449876923076923
0.06863446153846153
-0.027120000000000002
-0.11265230769230769
-0.1666836923076923
-0.18337292307692307
-0.17502830769230768
-0.14665661538461539
-0.09992676923076924
-0.03358707692307692
0.040262769230769234
0.11098338461538461
0.1656406153846154
0.18900553846153845
0.1704387692307692
0.12829846153846153
0.08448923076923077
0.03650769230769231
-0.009179076923076922
-0.05382276923076923
-0.07948246153846153
-0.07781353846153846
-0.06216738461538462
-0.04088861538461538
-0.03212676923076923
-0.06467076923076923
-0.10347323076923076
-0.11703323076923078
-0.1028473846153846
-0.06133292307692308
-0.02044430769230769
0.02232184615384615
0.08907876923076924
0.18963138461538462
0.336288
0.4424732307692308
0.3811403076923077
0.26494153846153845
0.11098338461538461
0.0008344615384615384
-0.07238953846153846
-0.27787569230769227
-0.41326707692307696
-0.5409396923076923
-0.5417741538461538
-0.3903193846153846
-0.2753723076923077
-0.09179076923076923
0.0033378461538461535
0.1760713846153846
0.3890676923076923
0.48586523076923077
0.5530393846153846
0.39511753846153846
0.21132738461538458
0.045895384615384616
-0.15562707692307692
-0.22947692307692308
-0.3481790769230769
-0.38572984615384615
-0.3114627692307692
-0.25659692307692306
-0.06216738461538462
0.11807630769230769
0.27787569230769227
0.43350276923076925
0.4090947692307692
0.3873987692307692
0.3243969230769231
0.22113230769230768
0.17252492307692308
0.021696
-0.11494707692307692
-0.23761292307692305
-0.3170953846153846
-0.2647329230769231
-0.25159015384615385
-0.23385784615384617
-0.19547261538461536
-0.14707384615384617
-0.016063384615384615
0.05924676923076923
0.08344615384615384
0.08115138461538463
0.026911384615384615
0.03233538461538461
0.027328615384615382
0.001043076923076923
0.0018775384615384615
-0.017315076923076923
0.014394461538461538
0.06633969230769231
0.08386338461538462
0.09596307692307693
0.05194523076923077
0.0025033846153846152
-0.029623384615384614
-0.07343261538461537
-0.08010830769230769
-0.08240307692307691
-0.053405538461538456
-0.007510153846153846
0.03567323076923076
0.11807630769230769
0.16438892307692307
0.1940123076923077
0.19359507692307693
0.14519630769230768
0.11578153846153846
0.06279323076923077
0.008970461538461538
-0.04860738461538461
-0.13101046153846155
-0.1612596923076923
-0.1792006153846154
-0.18149538461538461
-0.15750461538461538
-0.14269292307692305
-0.06008123076923077
0.05444861538461539
0.1543753846153846
0.22467876923076924
0.22342707692307692
0.21779446153846155
0.2021483076923077
0.1424843076923077
0.05570030769230769
-0.06759138461538462
-0.16230276923076925
-0.20486030769230767
-0.22697353846153845
-0.19609846153846153
-0.1531236923076923
-0.10660246153846153
-0.030040615384615384
0.02586830769230769
0.09450276923076922
0.14665661538461539
0.15917353846153848
0.16459753846153846
0.11703323076923078
0.06321046153846153
0.016480615384615385
-0.024408000000000003
-0.042557538461538466
-0.08094276923076923
-0.11160923076923077
-0.13518276923076925
-0.13852061538461538
-0.08991323076923076
-0.049233230769230765
-0.01272553846153846
0.012516923076923077
0.017940923076923077
0.05048492307692308
0.07572738461538461
0.08720123076923077
0.08469784615384615
0.05924676923076923
0.06529661538461538
0.09116492307692307
0.10430769230769231
0.10514215384615383
0.0717636923076923
0.045060923076923075
0.03296123076923077
0.015646153846153844
0.015437538461538461
0.002086153846153846
0.0
0.012308307692307691
0.012516923076923077
0.035464615384615386
0.05507446153846154
0.07531015384615385
0.10618523076923077
0.1045163076923077
0.11035753846153845
0.10827138461538462
0.09053907692307692
0.0936683076923077
0.059872615384615385
0.01940123076923077
-0.016897846153846156
-0.05674338461538461
-0.054657230769230764
-0.065088
-0.07635323076923077
-0.06404492307692307
-0.042557538461538466
0.014185846153846153
0.07510153846153846
0.13309661538461537
0.18399876923076922
0.20548615384615385
0.21883753846153844
0.21028430769230766
0.17273353846153844
0.12767261538461538
0.06529661538461538
0.006675692307692307
-0.04422646153846154
-0.09137353846153846
-0.10055261538461538
-0.07739630769230768
-0.026911384615384615
0.03692492307692308
0.09825784615384614
0.17523692307692307
0.24408
0.27474646153846155
0.2699483076923077
0.21633415384615384
0.14707384615384617
0.08240307692307691
0.015020307692307692
-0.04172307692307692
-0.1045163076923077
-0.15416676923076922
-0.17315076923076922
-0.16230276923076925
-0.12391753846153845
-0.07280676923076923
-0.01043076923076923
0.051319384615384614
0.10827138461538462
0.16063384615384615
0.1867107692307692
0.18983999999999998
0.173568
0.1353913846153846
0.09533723076923077
0.04756430769230769
-0.005632615384615384
-0.04714707692307692
-0.08302892307692307
-0.10764553846153846
-0.11494707692307692
-0.10514215384615383
-0.07426707692307692
-0.04944184615384615
-0.043600615384615383
-0.04672984615384615
-0.05236246153846154
-0.05027630769230769
-0.03942830769230769
-0.027745846153846152
-0.02357353846153846
-0.020027076923076922
-0.016272
-0.004798153846153846
0.009804923076923077
0.008970461538461538
-0.012308307692307691
-0.05027630769230769
-0.0880356923076923
-0.11223507692307692
-0.13935507692307691
-0.17169046153846151
-0.18399876923076922
-0.18212123076923076
-0.14331876923076922
-0.07259815384615384
0.0008344615384615384
0.08031692307692308
0.13518276923076925
0.17586276923076924
0.20965846153846154
0.2154996923076923
0.200688
0.14457046153846154
0.05611753846153846
-0.04714707692307692
-0.15541846153846153
-0.2369870769230769
-0.29873723076923075
-0.3312812307692308
-0.3216849230769231
-0.2782929230769231
-0.19317784615384614
-0.09158215384615384
0.006049846153846154
0.08845292307692308
0.1422756923076923
0.1867107692307692
0.21320492307692307
0.20360861538461536
0.14957723076923077
0.05653476923076922
-0.040679999999999994
-0.1316363076923077
-0.206112
-0.25430215384615384
-0.2805876923076923
-0.2697396923076923
-0.20965846153846154
-0.10681107692307691
0.015228923076923076
0.13476553846153844
0.23052
0.3012406153846154
0.3467187692307692
0.35297723076923077
0.3210590769230769
0.24554030769230767
0.14311015384615386
0.040054153846153843
-0.04693846153846153
-0.09763200000000001
-0.12516923076923075
-0.1368516923076923
-0.11640738461538462
-0.07531015384615385
-0.015228923076923076
0.04944184615384615
0.09909230769230769
0.12788123076923075
0.11494707692307692
0.08740984615384616
0.06028984615384615
0.021070153846153846
-0.02044430769230769
-0.06070707692307692
-0.0798996923076923
-0.07072061538461538
-0.05048492307692308
-0.023990769230769232
0.0006258461538461538
0.011891076923076923
0.02211323076923077
0.028163076923076923
0.03024923076923077
0.03150092307692308
0.01668923076923077
-0.010639384615384617
-0.03838523076923077
-0.05653476923076922
-0.06028984615384615
-0.05319692307692307
-0.03838523076923077
-0.009804923076923077
0.03692492307692308
0.09721476923076922
0.14540492307692307
0.16981292307692308
0.16251138461538459
0.11411261538461538
0.04819015384615385
-0.02524246153846154
-0.10117846153846152
-0.1696043076923077
-0.23052
-0.2632726153846154
-0.25012984615384615
-0.20152246153846154
-0.13726892307692307
-0.06738276923076922
-0.0018775384615384615
0.05319692307692307
0.09700615384615385
0.12099692307692309
0.11891076923076922
0.09074769230769231
0.04819015384615385
0.0018775384615384615
-0.03400430769230769
-0.05653476923076922
-0.06821723076923077
-0.05736923076923077
-0.026702769230769228
0.023364923076923075
0.08845292307692308
0.14269292307692305
0.16876984615384616
0.16626646153846153
0.13643446153846153
0.10764553846153846
0.08594953846153845
0.06216738461538462
0.03024923076923077
-0.02086153846153846
-0.05716061538461538
-0.07802215384615384
-0.08219446153846154
-0.07843938461538462
-0.08448923076923077
-0.0798996923076923
-0.06049846153846154
-0.01981846153846154
0.027120000000000002
0.06592246153846154
0.09867507692307692
0.12099692307692309
0.13101046153846155
0.1358086153846154
0.12391753846153845
0.08657538461538461
0.05090215384615384
0.02482523076923077
0.02586830769230769
0.05194523076923077
0.0828203076923077
0.11599015384615384
0.1287156923076923
0.12642092307692307
0.11286092307692308
0.08386338461538462
0.042348923076923076
-0.013142769230769229
-0.058829538461538454
-0.0853236923076923
-0.09304246153846155
-0.08010830769230769
-0.05778646153846154
-0.030040615384615384
-0.011265230769230769
0.003755076923076923
0.014603076923076923
-0.004798153846153846
-0.04631261538461538
-0.09700615384615385
-0.14269292307692305
-0.16710092307692306
-0.17711446153846155
-0.1704387692307692
-0.14999446153846155
-0.1207883076923077
-0.07238953846153846
-0.011891076923076923
0.05027630769230769
0.10055261538461538
0.13038461538461538
0.14123261538461537
0.13247076923076923
0.09784061538461537
0.040262769230769234
-0.026494153846153844
-0.09283384615384616
-0.14185846153846154
-0.16313723076923078
-0.15145476923076923
-0.11432123076923076
-0.059664
0.012308307692307691
0.08782707692307692
0.16772676923076923
0.23385784615384617
0.2707827692307692
0.2814221538461538
0.25346769230769234
0.19672430769230767
0.11181784615384616
0.011473846153846154
-0.086784
-0.16897846153846155
-0.21696000000000001
-0.2221753846153846
-0.1881710769230769
-0.12642092307692307
-0.03942830769230769
0.06321046153846153
0.17252492307692308
0.26911384615384615
0.3346190769230769
0.3565236923076923
0.34004307692307695
0.3012406153846154
0.24449723076923074
0.18545907692307692
0.12412615384615384
0.059038153846153844
0.008970461538461538
-0.02899753846153846
-0.049233230769230765
-0.04819015384615385
-0.03692492307692308
-0.011056615384615385
0.02482523076923077
0.06946892307692307
0.11181784615384616
0.13497415384615385
0.12808984615384614
0.0974233846153846
0.03212676923076923
-0.05069353846153846
-0.08448923076923077
-0.07843938461538462
-0.03233538461538461
0.040262769230769234
0.10430769230769231
0.1860849230769231
0.2641070769230769
0.32210215384615387
0.3291950769230769
0.25012984615384615
0.12204
-0.009179076923076922
-0.08949599999999999
-0.19797599999999999
-0.2989458461538462
-0.344424
-0.3485963076923077
-0.2209236923076923
-0.06362769230769232
0.10743692307692307
0.2572227692307692
0.3517255384615385
0.4470627692307692
0.44351630769230765
0.36904061538461536
0.21445661538461538
0.008970461538461538
-0.18337292307692307
-0.38531261538461536
-0.5067267692307692
-0.5647218461538461
-0.5365587692307692
-0.4007501538461538
-0.22843384615384613
-0.02211323076923077
0.1558356923076923
0.29185292307692307
0.3844781538461538
0.36945784615384614
0.2891409230769231
0.16584923076923075
0.01668923076923077
-0.09053907692307692
-0.18796246153846152
-0.25555384615384613
-0.2851772307692308
-0.29331323076923077
-0.2482523076923077
-0.19588984615384614
-0.14978584615384616
-0.11035753846153845
-0.06863446153846153
-0.005215384615384615
0.03337846153846154
0.05528307692307692
0.06759138461538462
0.06028984615384615
0.07927384615384615
0.09137353846153846
0.0936683076923077
0.10827138461538462
0.11056615384615384
0.12788123076923075
0.13643446153846153
0.09325107692307691
0.018983999999999997
-0.0826116923076923
-0.19192615384615386
-0.2920615384615385
-0.3811403076923077
-0.4115981538461538
-0.3815575384615385
-0.2803790769230769
-0.11828492307692307
0.05799507692307692
0.2426196923076923
0.3903193846153846
0.49546153846153845
0.5338467692307692
0.47606030769230767
0.37425600000000003
0.2140393846153846
0.024408000000000003
-0.1506203076923077
-0.30290953846153845
-0.38343507692307693
-0.4007501538461538
-0.35694092307692304
-0.25951753846153847
-0.13601723076923075
0.021278769230769233
0.20360861538461536
0.36945784615384614
0.47230523076923075
0.4896203076923077
0.44581107692307687
0.3623649230769231
0.23469230769230767
0.07551876923076924
-0.09825784615384614
-0.2453316923076923
-0.3375396923076923
-0.36632861538461536
-0.3214763076923077
-0.238656
-0.13706030769230768
-0.012934153846153845
0.09512861538461538
0.1783661538461538
0.21612553846153845
0.18650215384615382
0.13518276923076925
0.06884307692307692
-0.011473846153846154
-0.07802215384615384
-0.12433476923076923
-0.14519630769230768
-0.14123261538461537
-0.11348676923076922
-0.059664
0.0008344615384615384
0.04839876923076923
0.06905169230769231
0.07134646153846153
0.051319384615384614
0.0033378461538461535
-0.044435076923076924
-0.09387692307692307
-0.1397723076923077
-0.17252492307692308
-0.18983999999999998
-0.1693956923076923
-0.10159569230769232
-0.016480615384615385
0.06028984615384615
0.13852061538461538
0.2059033846153846
0.24762646153846155
0.24866953846153847
0.18379015384615385
0.07489292307692308
-0.04047138461538462
-0.14290153846153844
-0.21737723076923077
-0.268488
-0.30562153846153844
-0.30708184615384615
-0.2586830769230769
-0.16981292307692308
-0.051528
0.06049846153846154
0.15520984615384617
0.24554030769230767
0.30270092307692303
0.3319070769230769
0.32314523076923074
0.26765353846153844
0.1990190769230769
0.11056615384615384
0.021070153846153846
-0.04422646153846154
-0.09304246153846155
-0.13267938461538462
-0.16167692307692308
-0.17669723076923077
-0.16751815384615384
-0.14540492307692307
-0.11724184615384614
-0.08428061538461538
-0.054657230769230764
-0.008970461538461538
0.04756430769230769
0.11432123076923076
0.1760713846153846
0.19693292307692306
0.20444307692307692
0.20360861538461536
0.18775384615384613
0.16188553846153847
0.09575446153846154
0.012934153846153845
-0.07364123076923076
-0.16042523076923076
-0.22029784615384615
-0.2647329230769231
-0.2822566153846154
-0.2605606153846154
-0.20047938461538461
-0.09137353846153846
0.04401784615384615
0.1846246153846154
0.3012406153846154
0.37300430769230764
0.3988726153846154
0.36570276923076916
0.2912270769230769
0.17544553846153846
0.02524246153846154
-0.13184492307692308
-0.2789187692307692
-0.38572984615384615
-0.4391353846153846
-0.44393353846153844
-0.39678646153846153
-0.3049956923076923
-0.1691870769230769
0.001043076923076923
0.16626646153846153
0.29832
0.37196123076923077
0.3780110769230769
0.32335384615384616
0.21925476923076925
0.07843938461538462
-0.08782707692307692
-0.25993476923076925
-0.40033292307692303
-0.47313969230769226
-0.4685501538461538
-0.4053396923076923
-0.301032
-0.15875630769230767
-0.004589538461538461
0.15333230769230768
0.29185292307692307
0.3698750769230769
0.38760738461538463
0.34588430769230766
0.2722430769230769
0.1842073846153846
0.08073415384615384
-0.017523692307692306
-0.09763200000000001
-0.14457046153846154
-0.1558356923076923
-0.1287156923076923
-0.08323753846153846
-0.03337846153846154
0.020652923076923076
0.056951999999999996
0.0855323076923077
0.10138707692307691
0.09679753846153846
0.08323753846153846
0.06258461538461538
0.04985907692307692
0.059038153846153844
0.07259815384615384
0.0853236923076923
0.09763200000000001
0.1070196923076923
0.12120553846153845
0.12683815384615382
0.11807630769230769
0.09158215384615384
0.040054153846153843
-0.01710646153846154
-0.07134646153846153
-0.10994030769230768
-0.12204
-0.1218313846153846
-0.0936683076923077
-0.04693846153846153
0.010848
0.07030338461538461
0.116616
0.1476996923076923
0.14686523076923075
0.12600369230769232
0.08428061538461538
0.03108369230769231
-0.01940123076923077
-0.06425353846153846
-0.08428061538461538
-0.08073415384615384
-0.059872615384615385
-0.015228923076923076
0.033169846153846154
0.06946892307692307
0.09429415384615383
0.10514215384615383
0.10347323076923076
0.0798996923076923
0.043392
0.007927384615384614
-0.018358153846153843
-0.013142769230769229
0.008970461538461538
0.048816000000000005
0.11056615384615384
0.16584923076923075
0.2138307692307692
0.2399076923076923
0.23364923076923078
0.18545907692307692
0.10117846153846152
0.011682461538461537
-0.07781353846153846
-0.15124615384615384
-0.18921415384615384
-0.20339999999999997
-0.18212123076923076
-0.12642092307692307
-0.04547815384615384
0.06321046153846153
0.15270646153846154
0.21237046153846154
0.24846092307692308
0.25012984615384615
0.2261390769230769
0.1656406153846154
0.07614461538461538
-0.018358153846153843
-0.11703323076923078
-0.1800350769230769
-0.21049292307692305
-0.22008923076923076
-0.1860849230769231
-0.138312
-0.05862092307692307
0.03483876923076923
0.1136953846153846
0.18170399999999998
0.21195323076923075
0.2209236923076923
0.21049292307692305
0.1696043076923077
0.1178676923076923
0.05236246153846154
-0.013560000000000001
-0.0609156923076923
-0.09137353846153846
-0.09533723076923077
-0.078648
-0.05674338461538461
-0.03233538461538461
-0.017732307692307693
-0.009804923076923077
-0.005841230769230769
-0.012308307692307691
-0.03045784615384615
-0.05444861538461539
-0.06300184615384616
-0.04756430769230769
-0.00855323076923077
0.035255999999999996
0.07384984615384615
0.10243015384615384
0.12391753846153845
0.12808984615384614
0.11098338461538461
0.07238953846153846
0.004589538461538461
-0.056326153846153845
-0.10597661538461538
-0.13455692307692307
-0.13080184615384613
-0.12162276923076921
-0.09930092307692308
-0.06195876923076923
-0.01981846153846154
0.028788923076923077
0.0717636923076923
0.10493353846153847
0.12725538461538463
0.14477907692307693
0.15479261538461536
0.1476996923076923
0.1316363076923077
0.09491999999999999
0.04944184615384615
0.013351384615384614
-0.024616615384615383
-0.06133292307692308
-0.1045163076923077
-0.14603076923076924
-0.1639716923076923
-0.16063384615384615
-0.13518276923076925
-0.08991323076923076
-0.03984553846153846
0.01043076923076923
0.06279323076923077
0.10994030769230768
0.14728246153846153
0.1543753846153846
0.12975876923076923
0.09241661538461539
0.05528307692307692
0.014603076923076923
-0.03609046153846154
-0.0853236923076923
-0.12662953846153846
-0.14144123076923076
-0.13434830769230768
-0.10827138461538462
-0.07051199999999999
-0.034630153846153845
0.004172307692307692
0.04714707692307692
0.08219446153846154
0.10326461538461539
0.11327815384615383
0.10076123076923077
0.07364123076923076
0.03692492307692308
-0.0014603076923076922
-0.041514461538461535
-0.08386338461538462
-0.12308307692307692
-0.15520984615384617
-0.1696043076923077
-0.16605784615384614
-0.14686523076923075
-0.12016246153846154
-0.092208
-0.06216738461538462
-0.014394461538461538
0.03963692307692308
0.0826116923076923
0.11494707692307692
0.12955015384615384
0.14853415384615384
0.16626646153846153
0.17231630769230769
0.15520984615384617
0.111192
0.06195876923076923
0.013351384615384614
-0.02273907692307692
-0.051528
-0.0744756923076923
-0.08448923076923077
-0.06926030769230769
-0.018358153846153843
0.047772923076923074
0.10868861538461538
0.15750461538461538
0.18232984615384615
0.19317784615384614
0.1829556923076923
0.14457046153846154
0.09283384615384616
0.017732307692307693
-0.051319384615384614
-0.10138707692307691
-0.13184492307692308
-0.12558646153846154
-0.10472492307692308
-0.07197230769230768
-0.023782153846153845
0.03337846153846154
0.09930092307692308
0.1358086153846154
0.1287156923076923
0.07781353846153846
-0.0006258461538461538
-0.05674338461538461
-0.127464
-0.1777403076923077
-0.2127876923076923
-0.2225926153846154
-0.16209415384615386
-0.04693846153846153
0.18379015384615385
0.2837169230769231
0.31855569230769226
0.371544
0.3141747692307692
0.2997803076923077
0.13101046153846155
-0.10889723076923077
-0.3448412307692308
-0.5795335384615384
-0.6095741538461538
-0.6154153846153846
-0.5601323076923077
-0.4541556923076923
-0.3158436923076923
-0.016897846153846156
0.26619323076923074
0.527171076923077
0.6757052307692307
0.6331476923076923
0.552204923076923
0.3577753846153846
0.13351384615384615
-0.09784061538461537
-0.3955347692307692
-0.5732750769230769
-0.7182627692307693
-0.7641581538461538
-0.6041501538461539
-0.42077723076923074
-0.14936861538461538
0.11619876923076923
0.3212676923076923
0.5371846153846154
0.6375286153846154
0.6842584615384616
0.6377372307692307
0.4322510769230769
0.19839323076923077
-0.03421292307692308
-0.20402584615384614
-0.32543999999999995
-0.4599969230769231
-0.5227901538461539
-0.5192436923076923
-0.42661846153846156
-0.24846092307692308
-0.10117846153846152
0.0448523076923077
0.165432
0.25346769230769234
0.3538116923076923
0.3652855384615385
0.3294036923076923
0.2722430769230769
0.17252492307692308
0.12516923076923075
0.07343261538461537
0.0029206153846153843
-0.059664
-0.1435273846153846
-0.19505538461538463
-0.23385784615384617
-0.24512307692307692
-0.22300984615384614
-0.17565415384615385
-0.07948246153846153
0.0070929230769230765
0.13518276923076925
0.29602523076923076
0.4134756923076923
0.5077698461538461
0.536976
0.5106904615384615
0.44393353846153844
0.29644246153846154
0.13393107692307693
-0.05507446153846154
-0.25200738461538463
-0.36632861538461536
-0.43308553846153847
-0.44226461538461537
-0.4024190769230769
-0.31855569230769226
-0.14519630769230768
0.06759138461538462
0.2651501538461538
0.4118067692307692
0.4917064615384615
0.5394793846153846
0.5100646153846153
0.4024190769230769
0.23469230769230767
-0.005841230769230769
-0.22175815384615383
-0.40054153846153845
-0.5167403076923076
-0.5313433846153847
-0.49274953846153846
-0.3752990769230769
-0.20506892307692307
-0.01856676923076923
0.20486030769230767
0.39011076923076926
0.5067267692307692
0.539688
0.45978830769230766
0.3229366153846154
0.138312
-0.05236246153846154
-0.22426153846153846
-0.3734215384615384
-0.4522781538461538
-0.47063630769230763
-0.4082603076923077
-0.2872633846153846
-0.1476996923076923
0.015437538461538461
0.15562707692307692
0.2707827692307692
0.36278215384615387
0.3863556923076923
0.33899999999999997
0.2303113846153846
0.08574092307692306
-0.03504738461538461
-0.138312
-0.2225926153846154
-0.26869661538461537
-0.28851507692307693
-0.24345415384615382
-0.15291507692307693
-0.03775938461538462
0.0897046153846154
0.18232984615384615
0.2480436923076923
0.2670276923076923
0.2482523076923077
0.20652923076923077
0.12683815384615382
0.051319384615384614
-0.02482523076923077
-0.10263876923076923
-0.1449876923076923
-0.16626646153846153
-0.15395815384615386
-0.12308307692307692
-0.10618523076923077
-0.06842584615384616
-0.028371692307692306
0.010639384615384617
0.05069353846153846
0.05757784615384615
0.05611753846153846
0.03880246153846154
0.017732307692307693
0.008761846153846153
-0.005841230769230769
-0.006884307692307692
-0.004798153846153846
-0.0006258461538461538
0.015020307692307692
0.019609846153846155
0.03755076923076923
0.06529661538461538
0.08657538461538461
0.11828492307692307
0.13101046153846155
0.13810338461538463
0.15124615384615384
0.15333230769230768
0.154584
0.14144123076923076
0.13351384615384615
0.14164984615384615
0.1435273846153846
0.1435273846153846
0.11974523076923077
0.07364123076923076
0.024408000000000003
-0.01981846153846154
-0.03379569230769231
-0.04839876923076923
-0.06675692307692307
-0.06967753846153846
-0.06863446153846153
-0.046104
-0.026285538461538457
-0.015854769230769228
-0.0016689230769230767
-0.015228923076923076
-0.03358707692307692
-0.04526953846153846
-0.06759138461538462
-0.07906523076923076
-0.09408553846153846
-0.10785415384615385
-0.103056
-0.09658892307692307
-0.07948246153846153
-0.06633969230769231
-0.06049846153846154
-0.04839876923076923
-0.03775938461538462
-0.015437538461538461
0.009179076923076922
0.02023569230769231
0.024616615384615383
0.01397723076923077
0.002086153846153846
0.0008344615384615384
-0.0043809230769230765
-0.015228923076923076
-0.047981538461538464
-0.07364123076923076
-0.07218092307692307
-0.054240000000000003
-0.01668923076923077
0.008136
0.024616615384615383
0.050067692307692306
0.07364123076923076
0.09679753846153846
0.10201292307692307
0.08386338461538462
0.04860738461538461
0.011265230769230769
-0.004589538461538461
-0.01272553846153846
-0.005424
0.014394461538461538
0.030040615384615384
0.06279323076923077
0.09658892307692307
0.12579507692307693
0.15750461538461538
0.1639716923076923
0.1693956923076923
0.16480615384615382
0.13935507692307691
0.12308307692307692
0.08782707692307692
0.049233230769230765
0.02273907692307692
0.0004172307692307692
-0.007510153846153846
-0.011265230769230769
-0.021487384615384613
-0.03984553846153846
-0.04380923076923077
-0.021904615384615383
0.016480615384615385
0.05757784615384615
0.08490646153846154
0.09241661538461539
0.0961716923076923
0.09679753846153846
0.08115138461538463
0.05027630769230769
-0.0004172307692307692
-0.04839876923076923
-0.07697907692307693
-0.08907876923076924
-0.07593599999999999
-0.05027630769230769
-0.013560000000000001
0.040054153846153843
0.10347323076923076
0.16251138461538459
0.2059033846153846
0.21529107692307692
0.18900553846153845
0.1476996923076923
0.100344
0.05444861538461539
0.0006258461538461538
-0.054657230769230764
-0.10743692307692307
-0.14582215384615385
-0.15541846153846153
-0.1462393846153846
-0.12621230769230768
-0.09596307692307693
-0.05653476923076922
-0.016272
0.01940123076923077
0.034630153846153845
0.02273907692307692
-0.02273907692307692
-0.09095630769230768
-0.15520984615384617
-0.19964492307692308
-0.21967199999999998
-0.22175815384615383
-0.206112
-0.15208061538461537
-0.065088
0.03045784615384615
0.1207883076923077
0.16772676923076923
0.1794092307692308
0.15687876923076924
0.11181784615384616
0.06258461538461538
-0.013768615384615384
-0.07843938461538462
-0.12725538461538463
-0.13747753846153846
-0.09679753846153846
-0.04380923076923077
0.034630153846153845
0.10764553846153846
0.17502830769230768
0.23803015384615384
0.2749550769230769
0.28413415384615387
0.24199384615384617
0.16167692307692308
0.06028984615384615
-0.040054153846153843
-0.12788123076923075
-0.20778092307692309
-0.2605606153846154
-0.2837169230769231
-0.2753723076923077
-0.2330233846153846
-0.17648861538461538
-0.11202646153846153
-0.05298830769230769
-0.01043076923076923
0.03212676923076923
0.06404492307692307
0.08323753846153846
0.08615815384615384
0.06425353846153846
0.02899753846153846
-0.006467076923076923
-0.034630153846153845
-0.06070707692307692
-0.0880356923076923
-0.11286092307692308
-0.11807630769230769
-0.103056
-0.06842584615384616
-0.02753723076923077
0.006884307692307692
0.03859384615384615
0.07551876923076924
0.12162276923076921
0.1543753846153846
0.165432
0.15249784615384615
0.12537784615384615
0.09658892307692307
0.05862092307692307
0.02211323076923077
-0.010848
-0.05236246153846154
-0.07635323076923077
-0.07677046153846154
-0.05862092307692307
-0.018983999999999997
0.021278769230769233
0.06195876923076923
0.09471138461538461
0.11724184615384614
0.13434830769230768
0.13622584615384614
0.12308307692307692
0.09053907692307692
0.050067692307692306
0.009804923076923077
-0.029832
-0.06717415384615384
-0.10013538461538461
-0.12245723076923076
-0.12558646153846154
-0.10681107692307691
-0.07030338461538461
-0.012099692307692308
0.04819015384615385
0.1151556923076923
0.18128676923076922
0.225096
0.24574892307692306
0.22196676923076922
0.17377661538461536
0.0988836923076923
0.008136
-0.06946892307692307
-0.13935507692307691
-0.1873366153846154
-0.21362215384615382
-0.20298276923076922
-0.16418030769230768
-0.10159569230769232
-0.026076923076923077
0.044435076923076924
0.11411261538461538
0.17148184615384612
0.22029784615384615
0.23969907692307693
0.2221753846153846
0.16167692307692308
0.06049846153846154
-0.06321046153846153
-0.18963138461538462
-0.29456492307692306
-0.3646596923076923
-0.3880246153846154
-0.3659113846153846
-0.2916443076923077
-0.18066092307692305
-0.04944184615384615
0.08845292307692308
0.20652923076923077
0.2845513846153846
0.30436984615384616
0.26765353846153844
0.1777403076923077
0.05444861538461539
-0.08469784615384615
-0.2238443076923077
-0.3342018461538461
-0.4082603076923077
-0.42995630769230764
-0.3882332307692308
-0.29602523076923076
-0.1710646153846154
-0.02482523076923077
0.11557292307692307
0.23928184615384615
0.33002953846153843
0.3682061538461538
0.3565236923076923
0.2862203076923077
0.18858830769230767
0.07259815384615384
-0.03775938461538462
-0.12913292307692306
-0.20277415384615383
-0.22676492307692306
-0.20673784615384616
-0.14540492307692307
-0.06008123076923077
0.03108369230769231
0.11432123076923076
0.18858830769230767
0.23531815384615382
0.25534523076923077
0.24637476923076923
0.21925476923076925
0.1800350769230769
0.12829846153846153
0.08991323076923076
0.10326461538461539
0.14540492307692307
0.06529661538461538
0.049233230769230765
-0.015854769230769228
-0.03337846153846154
0.009804923076923077
-0.15959076923076923
-0.13455692307692307
-0.2791273846153846
-0.2720344615384615
-0.11995384615384615
-0.1612596923076923
0.030875076923076922
-0.022947692307692308
0.12016246153846154
0.2832996923076923
0.28663753846153844
0.42953907692307686
0.22843384615384613
0.1800350769230769
0.073224
-0.092208
-0.04318338461538461
-0.21237046153846154
-0.17023015384615386
-0.14331876923076922
-0.20152246153846154
-0.018775384615384614
0.0008344615384615384
0.12350030769230769
0.25054707692307693
0.19046584615384615
0.295608
0.22342707692307692
0.19171753846153847
0.2497126153846154
0.11724184615384614
0.11724184615384614
0.006049846153846154
-0.040679999999999994
0.03379569230769231
-0.03609046153846154
-0.016480615384615385
-0.06946892307692307
-0.10013538461538461
-0.019192615384615384
-0.04172307692307692
-0.013351384615384614
-0.02357353846153846
-0.08094276923076923
-0.024408000000000003
-0.026494153846153844
0.016063384615384615
0.07948246153846153
0.05736923076923077
0.12391753846153845
0.16334584615384617
0.1696043076923077
0.19755876923076923
0.11995384615384615
0.07635323076923077
0.008970461538461538
-0.10618523076923077
-0.14290153846153844
-0.20632061538461538
-0.18483323076923078
-0.16063384615384615
-0.14102399999999998
-0.015020307692307692
0.07572738461538461
0.20986707692307693
0.3035353846153846
0.3252313846153846
0.37592492307692305
0.3206418461538461
0.2632726153846154
0.18942276923076923
0.031918153846153846
-0.04965046153846154
-0.1531236923076923
-0.214248
-0.23135446153846154
-0.2883064615384615
-0.23239753846153846
-0.16167692307692308
-0.07238953846153846
0.026285538461538457
0.061124307692307686
0.14206707692307693
0.17565415384615385
0.16334584615384617
0.14540492307692307
0.05319692307692307
-0.02086153846153846
-0.10576799999999999
-0.21466523076923077
-0.2509643076923077
-0.29331323076923077
-0.28163076923076924
-0.2140393846153846
-0.1846246153846154
-0.09304246153846155
-0.019609846153846155
0.04693846153846153
0.13184492307692308
0.12788123076923075
0.1314276923076923
0.09554584615384615
0.03984553846153846
0.027120000000000002
-0.02273907692307692
-0.044435076923076924
-0.08031692307692308
-0.10681107692307691
-0.07697907692307693
-0.06967753846153846
-0.017523692307692306
0.023990769230769232
0.04193169230769231
0.10326461538461539
0.14060676923076923
0.18170399999999998
0.18086953846153844
0.1218313846153846
0.10368184615384615
0.084072
0.07134646153846153
0.06613107692307692
0.02211323076923077
-0.003129230769230769
-0.013142769230769229
-0.005424
0.05194523076923077
0.0936683076923077
0.11828492307692307
0.12245723076923076
0.0897046153846154
0.07969107692307692
0.046104
0.01668923076923077
-0.013768615384615384
-0.09408553846153846
-0.13038461538461538
-0.16105107692307694
-0.15270646153846154
-0.09700615384615385
-0.07489292307692308
-0.022947692307692308
0.03275261538461539
0.10326461538461539
0.1883796923076923
0.20715507692307691
0.1927606153846154
0.14477907692307693
0.07364123076923076
0.03129230769230769
-0.022530461538461537
-0.07343261538461537
-0.11286092307692308
-0.1476996923076923
-0.12600369230769232
-0.0961716923076923
-0.04672984615384615
0.015020307692307692
0.04819015384615385
0.11014892307692307
0.15291507692307693
0.18399876923076922
0.20486030769230767
0.17628
0.1506203076923077
0.09116492307692307
0.030040615384615384
-0.008136
-0.07134646153846153
-0.12808984615384614
-0.18337292307692307
-0.20798953846153845
-0.1881710769230769
-0.15082892307692305
-0.08657538461538461
-0.03650769230769231
-0.0050067692307692304
0.03755076923076923
0.07280676923076923
0.09804923076923076
0.08887015384615385
0.04735569230769231
0.020652923076923076
-0.008970461538461538
-0.03337846153846154
-0.05799507692307692
-0.09971815384615385
-0.11578153846153846
-0.12162276923076921
-0.1151556923076923
-0.09554584615384615
-0.10576799999999999
-0.10785415384615385
-0.09721476923076922
-0.0826116923076923
-0.04193169230769231
-0.007510153846153846
0.021904615384615383
0.03692492307692308
0.03567323076923076
0.03692492307692308
0.022530461538461537
-0.0016689230769230767
-0.03942830769230769
-0.08824430769230769
-0.12266584615384615
-0.1531236923076923
-0.16876984615384616
-0.1635544615384615
-0.15103753846153847
-0.11640738461538462
-0.06946892307692307
-0.015020307692307692
0.037967999999999995
0.07030338461538461
0.0961716923076923
0.11974523076923077
0.12704676923076924
0.12224861538461537
0.09033046153846153
0.03880246153846154
-0.012934153846153845
-0.06195876923076923
-0.08866153846153846
-0.10639384615384614
-0.11891076923076922
-0.12287446153846153
-0.11098338461538461
-0.061124307692307686
0.002086153846153846
0.06425353846153846
0.12516923076923075
0.16647507692307692
0.20527753846153846
0.2292683076923077
0.22822523076923076
0.20402584615384614
0.13914646153846155
0.06446215384615385
0.0008344615384615384
-0.051319384615384614
-0.08115138461538463
-0.09846646153846153
-0.10055261538461538
-0.07384984615384615
-0.027745846153846152
0.03400430769230769
0.084072
0.11703323076923078
0.13893784615384613
0.14749107692307692
0.154584
0.16105107692307694
0.16501476923076921
0.1570873846153846
0.13789476923076924
0.11557292307692307
0.09784061538461537
0.07656184615384615
0.05027630769230769
0.01856676923076923
-0.012934153846153845
-0.021696
-0.010639384615384617
0.015020307692307692
0.04693846153846153
0.06967753846153846
0.0963803076923077
0.12099692307692309
0.12913292307692306
0.13080184615384613
0.10722830769230769
0.06362769230769232
0.012516923076923077
-0.032544
-0.06070707692307692
-0.09784061538461537
-0.12996738461538462
-0.1422756923076923
-0.14457046153846154
-0.1287156923076923
-0.09846646153846153
-0.06633969230769231
-0.028163076923076923
0.011473846153846154
0.06216738461538462
0.11995384615384615
0.15208061538461537
0.14853415384615384
0.1151556923076923
0.07009476923076922
0.02357353846153846
-0.024199384615384616
-0.08198584615384615
-0.1462393846153846
-0.18796246153846152
-0.19296923076923078
-0.1597993846153846
-0.10368184615384615
-0.043392
0.016480615384615385
0.06800861538461538
0.1097316923076923
0.14206707692307693
0.12934153846153845
0.06738276923076922
-0.00855323076923077
-0.08177723076923075
-0.12683815384615382
-0.15792184615384616
-0.1718990769230769
-0.15354092307692307
-0.12913292307692306
-0.09283384615384616
-0.03942830769230769
0.021696
0.07072061538461538
0.09721476923076922
0.11745046153846153
0.12350030769230769
0.12621230769230768
0.130176
0.11056615384615384
0.08615815384615384
0.06028984615384615
0.044435076923076924
0.05048492307692308
0.052571076923076915
0.04735569230769231
0.037342153846153844
0.03880246153846154
0.06633969230769231
0.10389046153846154
0.12350030769230769
0.12016246153846154
0.10827138461538462
0.08845292307692308
0.07364123076923076
0.06070707692307692
0.03650769230769231
-0.003129230769230769
-0.04672984615384615
-0.08490646153846154
-0.11223507692307692
-0.13038461538461538
-0.15333230769230768
-0.16626646153846153
-0.165432
-0.14081538461538462
-0.0897046153846154
-0.027120000000000002
0.03337846153846154
0.07635323076923077
0.09700615384615385
0.11745046153846153
0.1356
0.12725538461538463
0.09429415384615383
0.03838523076923077
-0.017315076923076923
-0.053405538461538456
-0.07426707692307692
-0.084072
-0.08031692307692308
-0.05862092307692307
-0.01856676923076923
0.03859384615384615
0.09971815384615385
0.14707384615384617
0.16876984615384616
0.16772676923076923
0.15687876923076924
0.13226215384615383
0.08907876923076924
0.028371692307692306
-0.031709538461538456
-0.08094276923076923
-0.10743692307692307
-0.10180430769230768
-0.07906523076923076
-0.04526953846153846
-0.014394461538461538
0.021696
0.06300184615384616
0.09992676923076924
0.13038461538461538
0.1462393846153846
0.13893784615384613
0.11035753846153845
0.07697907692307693
0.04172307692307692
0.010639384615384617
-0.015854769230769228
-0.03150092307692308
-0.02753723076923077
0.003755076923076923
0.040679999999999994
0.06550523076923077
0.09074769230769231
0.10597661538461538
0.1207883076923077
0.13247076923076923
0.13601723076923075
0.12308307692307692
0.09909230769230769
0.07823076923076923
0.06258461538461538
0.056951999999999996
0.042348923076923076
0.017732307692307693
-0.00855323076923077
-0.028163076923076923
-0.044435076923076924
-0.05069353846153846
-0.053614153846153846
-0.05674338461538461
-0.043600615384615383
-0.022530461538461537
0.010848
0.02858030769230769
0.030040615384615384
0.027745846153846152
0.015646153846153844
0.01856676923076923
0.021696
0.025033846153846153
0.021696
0.01043076923076923
0.002712
-0.006049846153846154
-0.0008344615384615384
-0.0077187692307692304
-0.017315076923076923
-0.03108369230769231
-0.05319692307692307
-0.07572738461538461
-0.11891076923076922
-0.18337292307692307
-0.2574313846153846
-0.3485963076923077
-0.38948492307692306
-0.3314898461538462
-0.23823876923076923
-0.05778646153846154
0.12537784615384615
0.3160523076923077
0.5303003076923076
0.6738276923076922
0.7768836923076924
0.725772923076923
0.5653476923076923
0.34630153846153844
0.09408553846153846
-0.17377661538461536
-0.4408043076923077
-0.6252203076923077
-0.7516412307692308
-0.7309883076923077
-0.5757784615384615
-0.34630153846153844
-0.06070707692307692
0.22864246153846152
0.4848221538461538
0.6700726153846154
0.7320313846153846
0.644412923076923
0.47606030769230767
0.20319138461538463
-0.10889723076923077
-0.3727956923076923
-0.6087396923076923
-0.7030338461538461
-0.6671520000000001
-0.5388535384615384
-0.31834707692307695
-0.11014892307692307
0.09930092307692308
0.2772498461538462
0.3565236923076923
0.37613353846153846
0.31250584615384613
0.20798953846153845
0.10952307692307692
0.0012516923076923076
-0.08240307692307691
-0.1710646153846154
-0.2374043076923077
-0.2682793846153846
-0.2899753846153846
-0.2791273846153846
-0.2772498461538462
-0.25388492307692306
-0.19296923076923078
-0.15625292307692307
-0.1207883076923077
-0.10597661538461538
-0.11265230769230769
-0.078648
-0.047981538461538464
-0.0070929230769230765
0.06946892307692307
0.13872923076923074
0.23364923076923078
0.32001599999999997
0.3377483076923077
0.28768061538461537
0.16209415384615386
0.0025033846153846152
-0.1718990769230769
-0.32898646153846156
-0.4268270769230769
-0.46020553846153844
-0.39678646153846153
-0.2557624615384615
-0.05590892307692308
0.1712732307692308
0.3617390769230769
0.5117335384615385
0.5816196923076923
0.557628923076923
0.4781464615384615
0.3502652307692307
0.20193969230769232
0.046104
-0.10764553846153846
-0.21362215384615382
-0.26097784615384617
-0.2540935384615385
-0.20235692307692305
-0.12829846153846153
-0.026285538461538457
0.09533723076923077
0.23928184615384615
0.3548547692307692
0.4030449230769231
0.42015138461538465
0.37967999999999996
0.30666461538461537
0.21174461538461536
0.08010830769230769
-0.024199384615384616
-0.10347323076923076
-0.1424843076923077
-0.11432123076923076
-0.06425353846153846
-0.0022947692307692304
0.054657230769230764
0.08699261538461538
0.09992676923076924
0.08240307692307691
0.03755076923076923
-0.016480615384615385
-0.06571384615384615
-0.10743692307692307
-0.1314276923076923
-0.12662953846153846
-0.10827138461538462
-0.07697907692307693
-0.030875076923076922
0.015646153846153844
0.061124307692307686
0.08720123076923077
0.07155507692307693
0.026911384615384615
-0.04819015384615385
-0.1395636923076923
-0.20235692307692305
-0.2480436923076923
-0.2638984615384615
-0.2411593846153846
-0.20673784615384616
-0.13080184615384613
-0.02899753846153846
0.06884307692307692
0.15416676923076922
0.20298276923076922
0.23010276923076922
0.23093723076923076
0.1927606153846154
0.100344
-0.02545107692307692
-0.13643446153846153
-0.22530461538461538
-0.2791273846153846
-0.2981113846153846
-0.2897667692307692
-0.24762646153846155
-0.16230276923076925
-0.04860738461538461
0.08094276923076923
0.19881046153846152
0.2780843076923077
0.33065538461538463
0.3467187692307692
0.33649661538461534
0.30019753846153846
0.22843384615384613
0.15082892307692305
0.08344615384615384
0.03880246153846154
0.020652923076923076
0.028163076923076923
0.03629907692307692
0.040262769230769234
0.047981538461538464
0.05444861538461539
0.07885661538461539
0.09804923076923076
0.09095630769230768
0.06258461538461538
0.034630153846153845
0.025033846153846153
0.03483876923076923
0.06362769230769232
0.09116492307692307
0.11870215384615385
0.14081538461538462
0.16772676923076923
0.1942209230769231
0.1856676923076923
0.1422756923076923
0.08010830769230769
0.016480615384615385
-0.042974769230769226
-0.09283384615384616
-0.14102399999999998
-0.1710646153846154
-0.15792184615384616
-0.10430769230769231
-0.012934153846153845
0.0897046153846154
0.17231630769230769
0.23239753846153846
0.2655673846153846
0.2682793846153846
0.24887815384615386
0.19442953846153843
0.1178676923076923
0.035255999999999996
-0.049233230769230765
-0.11432123076923076
-0.15333230769230768
-0.17565415384615385
-0.17815753846153848
-0.15354092307692307
-0.10618523076923077
-0.03859384615384615
0.031918153846153846
0.08031692307692308
0.09658892307692307
0.08782707692307692
0.056951999999999996
0.016272
-0.03442153846153846
-0.10013538461538461
-0.15875630769230767
-0.20047938461538461
-0.20506892307692307
-0.17481969230769231
-0.14060676923076923
-0.10201292307692307
-0.06362769230769232
-0.032544
-0.006884307692307692
0.010639384615384617
0.011056615384615385
-0.0043809230769230765
-0.007301538461538462
0.0022947692307692304
0.025033846153846153
0.05111076923076923
0.06404492307692307
0.08198584615384615
0.09158215384615384
0.09429415384615383
0.09491999999999999
0.06759138461538462
0.01668923076923077
-0.042974769230769226
-0.09554584615384615
-0.12788123076923075
-0.138312
-0.13101046153846155
-0.11181784615384616
-0.07802215384615384
-0.03024923076923077
0.028163076923076923
0.08511507692307693
0.11035753846153845
0.10138707692307691
0.07739630769230768
0.04172307692307692
0.0014603076923076922
-0.045060923076923075
-0.09825784615384614
-0.13872923076923074
-0.15604430769230768
-0.13726892307692307
-0.0828203076923077
-0.027120000000000002
0.02357353846153846
0.08031692307692308
0.1356
0.18128676923076922
0.19985353846153847
0.18066092307692305
0.12579507692307693
0.053614153846153846
-0.01814953846153846
-0.0798996923076923
-0.13080184615384613
-0.1656406153846154
-0.17711446153846155
-0.15833907692307692
-0.10681107692307691
-0.038176615384615385
0.03880246153846154
0.09846646153846153
0.12955015384615384
0.13497415384615385
0.11745046153846153
0.08615815384615384
0.021904615384615383
-0.06049846153846154
-0.13434830769230768
-0.1858763076923077
-0.20110523076923076
-0.17982646153846152
-0.12579507692307693
-0.05611753846153846
0.018983999999999997
0.092208
0.15333230769230768
0.19380369230769232
0.1881710769230769
0.1422756923076923
0.09012184615384615
0.03400430769230769
-0.005215384615384615
-0.029206153846153847
-0.04944184615384615
-0.05048492307692308
-0.037342153846153844
0.0002086153846153846
0.04547815384615384
0.07656184615384615
0.09408553846153846
0.086784
0.06529661538461538
0.03045784615384615
-0.016480615384615385
-0.06383630769230769
-0.10889723076923077
-0.13706030769230768
-0.14311015384615386
-0.13372246153846154
-0.10430769230769231
-0.05319692307692307
0.006258461538461538
0.06905169230769231
0.12537784615384615
0.1635544615384615
0.17294215384615383
0.13706030769230768
0.06592246153846154
-0.015854769230769228
-0.10222153846153846
-0.17732307692307692
-0.22947692307692308
-0.2572227692307692
-0.24574892307692306
-0.1881710769230769
-0.09033046153846153
0.03504738461538461
0.16251138461538459
0.2720344615384615
0.3502652307692307
0.385104
0.3721698461538462
0.3045784615384615
0.19964492307692308
0.08094276923076923
-0.031918153846153846
-0.12308307692307692
-0.1792006153846154
-0.20152246153846154
-0.192552
-0.14144123076923076
-0.058829538461538454
0.04380923076923077
0.14561353846153846
0.2261390769230769
0.2807963076923077
0.30270092307692303
0.2920615384615385
0.24866953846153847
0.1779489230769231
0.09304246153846155
-0.0035464615384615383
-0.09179076923076923
-0.1504116923076923
-0.18629353846153843
-0.20047938461538461
-0.19317784615384614
-0.15938215384615384
-0.103056
-0.03379569230769231
0.03880246153846154
0.09825784615384614
0.1341396923076923
0.14811692307692306
0.15333230769230768
0.14561353846153846
0.12850707692307692
0.10076123076923077
0.05674338461538461
0.008136
-0.035464615384615386
-0.07760492307692309
-0.10764553846153846
-0.13872923076923074
-0.16209415384615386
-0.16271999999999998
-0.15208061538461537
-0.11244369230769231
-0.06633969230769231
-0.013142769230769229
0.052571076923076915
0.11599015384615384
0.1802436923076923
0.22321846153846153
0.22864246153846152
0.20319138461538463
0.15187199999999998
0.078648
-0.01856676923076923
-0.1136953846153846
-0.18963138461538462
-0.24428861538461538
-0.254928
-0.21904615384615383
-0.1353913846153846
-0.027745846153846152
0.0826116923076923
0.1908830769230769
0.2845513846153846
0.3452584615384615
0.35318584615384613
0.30833353846153844
0.21591692307692306
0.0853236923076923
-0.06654830769230768
-0.20819815384615384
-0.3187643076923077
-0.38531261538461536
-0.40346215384615386
-0.36904061538461536
-0.279336
-0.15249784615384615
-0.007510153846153846
0.13726892307692307
0.26076923076923075
0.35193415384615384
0.39219692307692305
0.3609046153846154
0.27432923076923077
0.14519630769230768
0.0077187692307692304
-0.10514215384615383
-0.19735015384615384
-0.2509643076923077
-0.2626467692307692
-0.22572184615384616
-0.13247076923076923
-0.01272553846153846
0.11807630769230769
0.22947692307692308
0.306456
0.3642424615384615
0.3780110769230769
0.3485963076923077
0.2830910769230769
0.1842073846153846
0.07426707692307692
-0.037342153846153844
-0.13038461538461538
-0.18107815384615383
-0.20277415384615383
-0.200688
-0.165432
-0.11265230769230769
-0.042557538461538466
0.02586830769230769
0.078648
0.10493353846153847
0.09846646153846153
0.08115138461538463
0.04756430769230769
0.019609846153846155
-0.029832
-0.09450276923076922
-0.12537784615384615
-0.14290153846153844
-0.12204
-0.08782707692307692
-0.055491692307692304
0.001043076923076923
0.07927384615384615
0.16647507692307692
0.2157083076923077
0.23156307692307693
0.23114584615384615
0.20924123076923076
0.13622584615384614
0.06592246153846154
0.012308307692307691
-0.06383630769230769
-0.09700615384615385
-0.13789476923076924
-0.17481969230769231
-0.16981292307692308
-0.12037107692307693
-0.021696
0.051528
0.12224861538461537
0.16856123076923077
0.21299630769230768
0.25305046153846156
0.2342750769230769
0.1994363076923077
0.11557292307692307
0.042974769230769226
0.009596307692307692
-0.049233230769230765
-0.09053907692307692
-0.130176
-0.14749107692307692
-0.10347323076923076
-0.06300184615384616
-0.003755076923076923
0.04568676923076923
0.04672984615384615
0.07948246153846153
0.09930092307692308
0.10138707692307691
0.09533723076923077
0.06571384615384615
0.05048492307692308
0.0035464615384615383
-0.04965046153846154
-0.0892873846153846
-0.12913292307692306
-0.14290153846153844
-0.15959076923076923
-0.1597993846153846
-0.13247076923076923
-0.11098338461538461
-0.06800861538461538
-0.03650769230769231
-0.027745846153846152
-0.0077187692307692304
0.008344615384615384
0.04631261538461538
0.0892873846153846
0.12099692307692309
0.14582215384615385
0.14582215384615385
0.13789476923076924
0.11286092307692308
0.061124307692307686
-0.0035464615384615383
-0.06028984615384615
-0.08615815384615384
-0.09909230769230769
-0.10243015384615384
-0.07948246153846153
-0.037342153846153844
0.04109723076923077
0.119328
0.1787833846153846
0.2357353846153846
0.25200738461538463
0.23636123076923077
0.21049292307692305
0.1612596923076923
0.092208
0.026911384615384615
-0.04109723076923077
-0.10493353846153847
-0.16251138461538459
-0.20131384615384615
-0.20924123076923076
-0.1990190769230769
-0.16021661538461537
-0.10806276923076923
-0.04109723076923077
0.03629907692307692
0.09262523076923077
0.11807630769230769
0.111192
0.09241661538461539
0.07197230769230768
0.030875076923076922
-0.019609846153846155
-0.073224
-0.11452984615384615
-0.11578153846153846
-0.0988836923076923
-0.06946892307692307
-0.028788923076923077
0.009804923076923077
0.05382276923076923
0.08824430769230769
0.10096984615384616
0.0934596923076923
0.05799507692307692
0.01814953846153846
-0.0070929230769230765
-0.015854769230769228
-0.021070153846153846
-0.037342153846153844
-0.048816000000000005
-0.059872615384615385
-0.06529661538461538
-0.05736923076923077
-0.05194523076923077
-0.05236246153846154
-0.06613107692307692
-0.08094276923076923
-0.08198584615384615
-0.09095630769230768
-0.09533723076923077
-0.08344615384615384
-0.07238953846153846
-0.05319692307692307
-0.02899753846153846
-0.008970461538461538
0.010848
0.01940123076923077
0.016897846153846156
0.012934153846153845
0.009804923076923077
0.010848
0.00855323076923077
0.0016689230769230767
-0.0050067692307692304
-0.002086153846153846
0.024199384615384616
0.05069353846153846
0.06675692307692307
0.08198584615384615
0.09596307692307693
0.12537784615384615
0.1449876923076923
0.14540492307692307
0.13789476923076924
0.10994030769230768
0.07843938461538462
0.0446436923076923
-0.0008344615384615384
-0.042348923076923076
-0.07760492307692309
-0.09784061538461537
-0.09179076923076923
-0.06571384615384615
-0.03233538461538461
-0.006258461538461538
0.021904615384615383
0.04047138461538462
0.05173661538461538
0.05277969230769231
0.03755076923076923
0.02482523076923077
0.012308307692307691
0.010848
0.01710646153846154
0.026285538461538457
0.04088861538461538
0.059664
0.07969107692307692
0.10263876923076923
0.12245723076923076
0.12266584615384615
0.09721476923076922
0.056951999999999996
0.01272553846153846
-0.02899753846153846
-0.05862092307692307
-0.08052553846153847
-0.09283384615384616
-0.08699261538461538
-0.06362769230769232
-0.019609846153846155
0.023782153846153845
0.04088861538461538
0.04172307692307692
0.037967999999999995
0.030875076923076922
0.02482523076923077
0.009804923076923077
-0.012934153846153845
-0.029623384615384614
-0.041514461538461535
-0.032544
-0.010848
0.0018775384615384615
0.010639384615384617
0.006258461538461538
0.009596307692307692
0.023364923076923075
0.03838523076923077
0.05924676923076923
0.06926030769230769
0.08615815384615384
0.10347323076923076
0.10472492307692308
0.09241661538461539
0.05507446153846154
0.009596307692307692
-0.042348923076923076
-0.09116492307692307
-0.12537784615384615
-0.15792184615384616
-0.17377661538461536
-0.17169046153846151
-0.14394461538461537
-0.07885661538461539
-0.0012516923076923076
0.078648
0.15500123076923078
0.21028430769230766
0.2424110769230769
0.2559710769230769
0.23218892307692307
0.17502830769230768
0.09471138461538461
0.0
-0.07948246153846153
-0.14039815384615384
-0.1794092307692308
-0.18983999999999998
-0.16418030769230768
-0.0963803076923077
0.0035464615384615383
0.12454338461538461
0.23656984615384613
0.3114627692307692
0.34943076923076927
0.3540203076923077
0.3212676923076923
0.24887815384615386
0.13935507692307691
0.018983999999999997
-0.09408553846153846
-0.18086953846153844
-0.22300984615384614
-0.23072861538461537
-0.2056947692307692
-0.15354092307692307
-0.084072
-0.007301538461538462
0.061124307692307686
0.10409907692307692
0.11306953846153844
0.09471138461538461
0.05924676923076923
0.015646153846153844
-0.03150092307692308
-0.08156861538461539
-0.12955015384615384
-0.15896492307692306
-0.154584
-0.11911938461538461
-0.06049846153846154
-0.0004172307692307692
0.059664
0.1218313846153846
0.1721076923076923
0.21070153846153844
0.21883753846153844
0.19213476923076922
0.14999446153846155
0.10681107692307691
0.07614461538461538
0.05403138461538461
0.03275261538461539
0.02023569230769231
0.024616615384615383
0.05799507692307692
0.10910584615384614
0.14436184615384615
0.16000799999999998
0.1476996923076923
0.11327815384615383
0.06800861538461538
0.016063384615384615
-0.03609046153846154
-0.0934596923076923
-0.13810338461538463
-0.15166338461538462
-0.13184492307692308
-0.08615815384615384
-0.02795446153846154
0.031709538461538456
0.08177723076923075
0.12308307692307692
0.15187199999999998
0.15208061538461537
0.12016246153846154
0.052153846153846155
-0.03212676923076923
-0.11160923076923077
-0.17315076923076922
-0.20423446153846153
-0.20819815384615384
-0.1913003076923077
-0.143736
-0.065088
0.02044430769230769
0.0936683076923077
0.13330523076923076
0.13998092307692306
0.11077476923076923
0.049233230769230765
-0.028163076923076923
-0.116616
-0.2059033846153846
-0.2757895384615385
-0.29414769230769233
-0.25951753846153847
-0.18796246153846152
-0.09179076923076923
0.014811692307692307
0.12266584615384615
0.21758584615384616
0.28204799999999997
0.30749907692307693
0.2805876923076923
0.20632061538461538
0.10994030769230768
0.006884307692307692
-0.08469784615384615
-0.1597993846153846
-0.2073636923076923
-0.20444307692307692
-0.15646153846153846
-0.06487938461538462
0.05111076923076923
0.16209415384615386
0.2561796923076923
0.3131316923076923
0.3375396923076923
0.3252313846153846
0.2641070769230769
0.16897846153846155
0.04526953846153846
-0.084072
-0.18650215384615382
-0.24595753846153845
-0.2641070769230769
-0.25701415384615384
-0.22029784615384615
-0.15354092307692307
-0.0771876923076923
-0.008970461538461538
0.050067692307692306
0.07969107692307692
0.08824430769230769
0.09512861538461538
0.09283384615384616
0.09596307692307693
0.09491999999999999
0.09116492307692307
0.09137353846153846
0.08699261538461538
0.08991323076923076
0.07781353846153846
0.04088861538461538
-0.006258461538461538
-0.065088
-0.10994030769230768
-0.14018953846153845
-0.15750461538461538
-0.13872923076923074
-0.09012184615384615
-0.005841230769230769
0.10806276923076923
0.2290596923076923
0.330864
0.3919883076923077
0.40742584615384614
0.37237846153846155
0.28809784615384615
0.15562707692307692
-0.014394461538461538
-0.20152246153846154
-0.3721698461538462
-0.4896203076923077
-0.540731076923077
-0.5263366153846154
-0.4470627692307692
-0.3179298461538461
-0.15082892307692305
0.04214030769230769
0.22488738461538463
0.36382523076923073
0.4401784615384615
0.44685415384615385
0.3813489230769231
0.2532590769230769
0.08365476923076923
-0.1097316923076923
-0.2939390769230769
-0.44038707692307694
-0.52884
-0.527796923076923
-0.45373846153846153
-0.3202246153846154
-0.13601723076923075
0.05444861538461539
0.23656984615384613
0.38990215384615384
0.48357046153846156
0.513611076923077
0.4716793846153846
0.37363015384615383
0.24992123076923078
0.1097316923076923
-0.022947692307692308
-0.13622584615384614
-0.21821169230769227
-0.2540935384615385
-0.2509643076923077
-0.20986707692307693
-0.14707384615384617
-0.08135999999999999
-0.013768615384615384
0.04756430769230769
0.1028473846153846
0.14394461538461537
0.15103753846153847
0.143736
0.12016246153846154
0.09325107692307691
0.07927384615384615
0.05027630769230769
0.02357353846153846
-0.0022947692307692304
-0.021070153846153846
-0.026494153846153844
-0.04631261538461538
-0.07113784615384615
-0.09596307692307693
-0.11536430769230768
-0.11578153846153846
-0.10535076923076922
-0.07885661538461539
-0.045895384615384616
-0.03963692307692308
-0.03379569230769231
-0.04839876923076923
-0.07238953846153846
-0.11828492307692307
-0.18399876923076922
-0.22300984615384614
-0.2371956923076923
-0.1597993846153846
0.007510153846153846
0.24303692307692307
0.43058215384615384
0.6243858461538462
0.8188153846153846
0.9448190769230769
1.0151224615384615
0.877019076923077
0.62376
0.23448369230769228
-0.18712800000000002
-0.5582547692307692
-0.9404381538461539
-1.1882732307692307
-1.3480726153846154
-1.294249846153846
-1.0019796923076922
-0.553248
0.05736923076923077
0.627515076923077
1.1384141538461539
1.5283163076923076
1.6862381538461537
1.6411772307692307
1.3146941538461536
0.7793870769230768
0.1462393846153846
-0.5634701538461538
-1.1503052307692307
-1.5704566153846153
-1.8059833846153848
-1.7713532307692308
-1.5606516923076923
-1.1296523076923077
-0.5567944615384616
0.05507446153846154
0.6759138461538462
1.144464
1.4588473846153847
1.5950732307692306
1.5216406153846154
1.2811070769230768
0.8382166153846153
0.2822566153846154
-0.28392553846153845
-0.8117224615384615
-1.175964923076923
-1.4012695384615383
-1.4751193846153845
-1.353913846153846
-1.0977341538461538
-0.6999046153846153
-0.24282830769230768
0.20193969230769232
0.6248030769230769
0.9583790769230769
1.2012073846153846
1.3330523076923075
1.2998824615384617
1.1273575384615384
0.8192326153846154
0.42661846153846156
0.0025033846153846152
-0.4351716923076923
-0.8171464615384615
-1.1321556923076923
-1.3249163076923076
-1.364136
-1.2596196923076923
-0.9608824615384615
-0.536976
-0.0446436923076923
0.4965046153846154
0.9829956923076922
1.3868750769230769
1.630537846153846
1.6637076923076923
1.5047427692307693
1.1357021538461538
0.6667347692307692
0.1397723076923077
-0.4111809230769231
-0.8995495384615385
-1.2846535384615385
-1.4828381538461537
-1.4730332307692307
-1.2608713846153845
-0.8784793846153847
-0.38426953846153844
0.19067446153846154
0.7764664615384615
1.2854879999999997
1.6493132307692309
1.7943009230769231
1.7029273846153845
1.4094055384615383
0.9358486153846154
0.37196123076923077
-0.21654276923076923
-0.7762578461538461
-1.2114295384615386
-1.4918086153846155
-1.5704566153846153
-1.446539076923077
-1.159692923076923
-0.7395415384615384
-0.2674449230769231
0.20840676923076923
0.6339821538461539
0.9494086153846153
1.1323643076923076
1.1469673846153845
1.0092812307692307
0.7566479999999999
0.4145187692307692
0.049233230769230765
-0.31667815384615383
-0.6358596923076922
-0.8594953846153846
-0.9923833846153847
-0.994260923076923
-0.8889101538461538
-0.7074147692307692
-0.45686769230769225
-0.16501476923076921
0.1570873846153846
0.45978830769230766
0.7001132307692307
0.8532369230769231
0.9014270769230769
0.8576178461538461
0.7301538461538462
0.5261279999999999
0.27474646153846155
0.0014603076923076922
-0.260352
-0.47606030769230767
-0.6391975384615384
-0.7368295384615384
-0.7660356923076923
-0.7163852307692308
-0.5893384615384615
-0.40283630769230766
-0.17628
0.05319692307692307
0.2749550769230769
0.4775206153846153
0.6348166153846153
0.7261901538461538
0.7359950769230769
0.6615193846153845
0.5150713846153846
0.3156350769230769
0.08240307692307691
-0.15646153846153846
-0.3790541538461539
-0.551579076923077
-0.6496283076923076
-0.6667347692307692
-0.5839144615384615
-0.43621476923076924
-0.23656984615384613
-0.009804923076923077
0.20861538461538462
0.4214030769230769
0.5809938461538461
0.6809206153846155
0.7065803076923076
0.6473335384615384
0.5398966153846154
0.3909452307692307
0.2275993846153846
0.056951999999999996
-0.10243015384615384
-0.22008923076923076
-0.2897667692307692
-0.3072904615384615
-0.2853858461538461
-0.23844738461538462
-0.18170399999999998
-0.11223507692307692
-0.03337846153846154
0.050067692307692306
0.11286092307692308
0.13852061538461538
0.15333230769230768
0.143736
0.12621230769230768
0.10201292307692307
0.058829538461538454
0.012099692307692308
-0.05820369230769231
-0.12662953846153846
-0.1858763076923077
-0.24074215384615386
-0.2814221538461538
-0.32189353846153845
-0.34504984615384615
-0.3485963076923077
-0.32377107692307694
-0.2647329230769231
-0.19296923076923078
-0.10660246153846153
-0.011891076923076923
0.09137353846153846
0.19568123076923075
0.26681907692307694
0.3004061538461538
0.290184
0.2292683076923077
0.14185846153846154
0.035255999999999996
-0.08782707692307692
-0.2127876923076923
-0.3198073846153846
-0.37091815384615384
-0.3584012307692308
-0.28663753846153844
-0.168144
-0.03233538461538461
0.12162276923076921
0.27599815384615384
0.4076344615384615
0.5027630769230769
0.533220923076923
0.49733907692307694
0.40325353846153844
0.2699483076923077
0.12266584615384615
-0.023990769230769232
-0.14978584615384616
-0.2399076923076923
-0.2916443076923077
-0.2906012307692308
-0.24741784615384615
-0.1829556923076923
-0.1028473846153846
-0.023364923076923075
0.06133292307692308
0.132888
0.17231630769230769
0.19067446153846154
0.17481969230769231
0.1368516923076923
0.09491999999999999
0.04714707692307692
0.0018775384615384615
-0.04672984615384615
-0.10347323076923076
-0.14916
-0.17315076923076922
-0.17315076923076922
-0.14749107692307692
-0.10076123076923077
-0.04130584615384615
0.026076923076923077
0.10117846153846152
0.1710646153846154
0.2225926153846154
0.254928
0.25972615384615383
0.24720923076923076
0.22488738461538463
0.1858763076923077
0.13309661538461537
0.05507446153846154
-0.023990769230769232
-0.08720123076923077
-0.13455692307692307
-0.15333230769230768
-0.14936861538461538
-0.12433476923076923
-0.07468430769230769
-0.006467076923076923
0.0717636923076923
0.15291507692307693
0.206112
0.22718215384615387
0.21049292307692305
0.1652233846153846
0.09241661538461539
-0.011265230769230769
-0.11578153846153846
-0.21862892307692305
-0.2926873846153846
-0.32543999999999995
-0.31834707692307695
-0.2803790769230769
-0.22593046153846155
-0.14936861538461538
-0.05862092307692307
0.03671630769230769
0.12204
0.18232984615384615
0.20840676923076923
0.18942276923076923
0.1368516923076923
0.07614461538461538
0.004798153846153846
-0.08240307692307691
-0.16584923076923075
-0.22405292307692307
-0.24700061538461537
-0.22989415384615383
-0.19004861538461537
-0.11995384615384615
-0.026702769230769228
0.07468430769230769
0.1858763076923077
0.27453784615384613
0.3277347692307692
0.3346190769230769
0.2872633846153846
0.20652923076923077
0.0936683076923077
-0.031918153846153846
-0.1543753846153846
-0.26681907692307694
-0.33607938461538456
-0.36445107692307693
-0.34651015384615386
-0.28476
-0.18942276923076923
-0.06529661538461538
0.05820369230769231
0.16856123076923077
0.2628553846153846
0.3047870769230769
0.2837169230769231
0.21466523076923077
0.11098338461538461
-0.010639384615384617
-0.14686523076923075
-0.2561796923076923
-0.3314898461538462
-0.3650769230769231
-0.3383741538461538
-0.254928
-0.11494707692307692
0.037342153846153844
0.18545907692307692
0.31667815384615383
0.41535323076923075
0.4714707692307692
0.45603323076923075
0.3826006153846154
0.28017046153846153
0.16292861538461537
0.05277969230769231
-0.04735569230769231
-0.1358086153846154
-0.18858830769230767
-0.20819815384615384
-0.19171753846153847
-0.1316363076923077
-0.05507446153846154
0.035464615384615386
0.1314276923076923
0.22175815384615383
0.30061476923076924
0.3502652307692307
0.37050092307692306
0.35339446153846155
0.30270092307692303
0.2138307692307692
0.10764553846153846
0.0012516923076923076
-0.111192
-0.2021483076923077
-0.2626467692307692
-0.2822566153846154
-0.2638984615384615
-0.2207150769230769
-0.16584923076923075
-0.1070196923076923
-0.031709538461538456
0.049233230769230765
0.12725538461538463
0.1856676923076923
0.21737723076923077
0.22989415384615383
0.22280123076923075
0.20673784615384616
0.17023015384615386
0.11619876923076923
0.04839876923076923
-0.02232184615384615
-0.08156861538461539
-0.12975876923076923
-0.16438892307692307
-0.18629353846153843
-0.1842073846153846
-0.1543753846153846
-0.08845292307692308
0.003755076923076923
0.10514215384615383
0.19797599999999999
0.26911384615384615
0.3160523076923077
0.34066892307692304
0.33315876923076926
0.27850153846153847
0.19004861538461537
0.07218092307692307
-0.05799507692307692
-0.1787833846153846
-0.2791273846153846
-0.3440067692307692
-0.3727956923076923
-0.35965292307692304
-0.30270092307692303
-0.21091015384615383
-0.10472492307692308
-0.00855323076923077
0.07843938461538462
0.15604430769230768
0.21237046153846154
0.2503384615384615
0.25388492307692306
0.2154996923076923
0.15500123076923078
0.08219446153846154
0.018775384615384614
-0.03483876923076923
-0.08010830769230769
-0.10827138461538462
-0.1314276923076923
-0.12808984615384614
-0.09700615384615385
-0.05194523076923077
-0.0006258461538461538
0.041514461538461535
0.08010830769230769
0.11703323076923078
0.14832553846153845
0.16188553846153847
0.15103753846153847
0.11995384615384615
0.0798996923076923
0.03713353846153846
-0.0022947692307692304
-0.037967999999999995
-0.092208
-0.146448
-0.1860849230769231
-0.20694646153846152
-0.20840676923076923
-0.20423446153846153
-0.18274707692307693
-0.1585476923076923
-0.11432123076923076
-0.06717415384615384
-0.03296123076923077
0.008761846153846153
0.025659692307692307
0.032544
0.03692492307692308
0.03108369230769231
0.03609046153846154
0.04130584615384615
0.05048492307692308
0.10076123076923077
0.12412615384615384
0.08302892307692307
0.03400430769230769
-0.004798153846153846
-0.03755076923076923
-0.011473846153846154
-0.05590892307692308
-0.15520984615384617
-0.16271999999999998
-0.1718990769230769
-0.05757784615384615
0.05590892307692308
0.10430769230769231
0.17315076923076922
0.20819815384615384
0.3350363076923077
0.4222375384615385
0.4314166153846154
0.3483876923076923
0.1802436923076923
0.08740984615384616
-0.018983999999999997
-0.06571384615384615
-0.10117846153846152
-0.17252492307692308
-0.14477907692307693
-0.12621230769230768
-0.03609046153846154
0.10201292307692307
0.15124615384615384
0.2355267692307692
0.24303692307692307
0.17815753846153848
0.1923433846153846
0.16438892307692307
0.17169046153846151
0.16063384615384615
0.073224
0.03921969230769231
-0.0022947692307692304
0.0014603076923076922
0.01043076923076923
-0.043392
-0.09784061538461537
-0.14749107692307692
-0.1314276923076923
-0.07802215384615384
-0.06321046153846153
-0.033169846153846154
-0.009179076923076922
0.05298830769230769
0.17544553846153846
0.24470584615384613
0.2979027692307692
0.2997803076923077
0.25242461538461536
0.23615261538461538
0.17002153846153847
0.073224
-0.02357353846153846
-0.16084246153846155
-0.25138153846153843
-0.2897667692307692
-0.2883064615384615
-0.214248
-0.12433476923076923
-0.020027076923076922
0.08887015384615385
0.20027076923076922
0.2947735384615384
0.3440067692307692
0.3571495384615384
0.28350830769230767
0.1779489230769231
0.0771876923076923
-0.05090215384615384
-0.16042523076923076
-0.2822566153846154
-0.3819747692307692
-0.40054153846153845
-0.38593846153846156
-0.3114627692307692
-0.21654276923076923
-0.12370892307692308
0.004798153846153846
0.10743692307692307
0.16730953846153845
0.17231630769230769
0.12350030769230769
0.06633969230769231
-0.02357353846153846
-0.12204
-0.2127876923076923
-0.28476
-0.2830910769230769
-0.26640184615384616
-0.2125790769230769
-0.1136953846153846
-0.05507446153846154
0.018358153846153843
0.06070707692307692
0.05820369230769231
0.06988615384615385
0.04047138461538462
0.01668923076923077
0.0025033846153846152
-0.03671630769230769
-0.0448523076923077
-0.037342153846153844
-0.008970461538461538
0.029623384615384614
0.038176615384615385
0.04380923076923077
0.03692492307692308
0.03880246153846154
0.042974769230769226
0.015646153846153844
-0.017315076923076923
-0.07614461538461538
-0.11891076923076922
-0.11891076923076922
-0.12704676923076924
-0.11014892307692307
-0.10535076923076922
-0.10201292307692307
-0.027328615384615382
0.046104
0.10535076923076922
0.138312
0.12934153846153845
0.1136953846153846
0.07656184615384615
0.032544
-0.011265230769230769
-0.06529661538461538
-0.10597661538461538
-0.11807630769230769
-0.09137353846153846
-0.026911384615384615
0.042348923076923076
0.10576799999999999
0.14603076923076924
0.16209415384615386
0.18086953846153844
0.1777403076923077
0.17315076923076922
0.15124615384615384
0.084072
0.04819015384615385
0.030040615384615384
0.040054153846153843
0.08156861538461539
0.09074769230769231
0.10326461538461539
0.11870215384615385
0.130176
0.15103753846153847
0.13810338461538463
0.09846646153846153
0.04547815384615384
-0.011891076923076923
-0.033169846153846154
-0.05173661538461538
-0.06154153846153846
-0.04819015384615385
-0.028788923076923077
0.02357353846153846
0.07405846153846153
0.12662953846153846
0.17398523076923075
0.1733593846153846
0.15562707692307692
0.10785415384615385
0.04652123076923077
-0.01043076923076923
-0.09471138461538461
-0.18149538461538461
-0.25367630769230765
-0.29227015384615385
-0.27620676923076926
-0.23135446153846154
-0.15646153846153846
-0.06738276923076922
0.01981846153846154
0.10806276923076923
0.16710092307692306
0.19463815384615382
0.16981292307692308
0.09804923076923076
0.024199384615384616
-0.061124307692307686
-0.14018953846153845
-0.21174461538461536
-0.2659846153846154
-0.2680707692307692
-0.24199384615384617
-0.1829556923076923
-0.10347323076923076
-0.03692492307692308
0.02211323076923077
0.06592246153846154
0.08740984615384616
0.08428061538461538
0.06028984615384615
0.017940923076923077
-0.02524246153846154
-0.06008123076923077
-0.07843938461538462
-0.07259815384615384
-0.044435076923076924
0.006884307692307692
0.06383630769230769
0.1178676923076923
0.15354092307692307
0.16605784615384614
0.14582215384615385
0.10222153846153846
0.04714707692307692
-0.031709538461538456
-0.1045163076923077
-0.15187199999999998
-0.1693956923076923
-0.14582215384615385
-0.09012184615384615
-0.011891076923076923
0.078648
0.1691870769230769
0.25242461538461536
0.31834707692307695
0.35318584615384613
0.3387913846153846
0.2720344615384615
0.17669723076923077
0.06946892307692307
-0.03108369230769231
-0.10347323076923076
-0.16188553846153847
-0.18900553846153845
-0.1733593846153846
-0.119328
-0.021904615384615383
0.08490646153846154
0.18274707692307693
0.2492953846153846
0.2780843076923077
0.2807963076923077
0.2509643076923077
0.18066092307692305
0.07405846153846153
-0.052153846153846155
-0.16626646153846153
-0.24616615384615384
-0.290184
-0.29873723076923075
-0.2830910769230769
-0.23072861538461537
-0.14832553846153845
-0.044435076923076924
0.07051199999999999
0.15228923076923076
0.19568123076923075
0.19296923076923078
0.15374953846153847
0.10722830769230769
0.04860738461538461
-0.021070153846153846
-0.09325107692307691
-0.15145476923076923
-0.173568
-0.15416676923076922
-0.10535076923076922
-0.045895384615384616
0.01272553846153846
0.07760492307692309
0.15208061538461537
0.2194633846153846
0.26911384615384615
0.28434276923076923
0.268488
0.2342750769230769
0.19213476923076922
0.15562707692307692
0.1097316923076923
0.05757784615384615
0.012516923076923077
-0.018358153846153843
-0.01668923076923077
0.0004172307692307692
0.013560000000000001
0.027328615384615382
0.03921969230769231
0.05799507692307692
0.08386338461538462
0.09930092307692308
0.10117846153846152
0.08907876923076924
0.07343261538461537
0.07343261538461537
0.08094276923076923
0.08177723076923075
0.06759138461538462
0.03567323076923076
0.012934153846153845
-0.0016689230769230767
-0.006884307692307692
-0.001043076923076923
0.0002086153846153846
0.012099692307692308
0.029414769230769227
0.04839876923076923
0.06717415384615384
0.07092923076923077
0.06654830769230768
0.05611753846153846
0.047772923076923074
0.05444861538461539
0.06279323076923077
0.059038153846153844
0.05173661538461538
0.051528
0.05653476923076922
0.07489292307692308
0.08219446153846154
0.06717415384615384
0.04401784615384615
0.011473846153846154
-0.009179076923076922
-0.02586830769230769
-0.04422646153846154
-0.058412307692307694
-0.07364123076923076
-0.07364123076923076
-0.05298830769230769
-0.03233538461538461
-0.010848
0.017315076923076923
0.04714707692307692
0.07656184615384615
0.09909230769230769
0.10389046153846154
0.08594953846153845
0.05090215384615384
0.009179076923076922
-0.03504738461538461
-0.07656184615384615
-0.1207883076923077
-0.1635544615384615
-0.18316430769230768
-0.18066092307692305
-0.14206707692307693
-0.08010830769230769
-0.017523692307692306
0.040054153846153843
0.08574092307692306
0.12037107692307693
0.1358086153846154
0.12245723076923076
0.07009476923076922
0.002086153846153846
-0.06467076923076923
-0.11202646153846153
-0.13267938461538462
-0.13872923076923074
-0.13205353846153844
-0.11599015384615384
-0.07364123076923076
-0.0022947692307692304
0.06633969230769231
0.09930092307692308
0.10597661538461538
0.10263876923076923
0.08991323076923076
0.07301538461538462
0.05820369230769231
0.03588184615384615
0.0025033846153846152
-0.016063384615384615
-0.021278769230769233
-0.004589538461538461
0.02315630769230769
0.03692492307692308
0.03859384615384615
0.021904615384615383
0.0022947692307692304
-0.016897846153846156
-0.047981538461538464
-0.08636676923076922
-0.11953661538461538
-0.14811692307692306
-0.15687876923076924
-0.138312
-0.11452984615384615
-0.09158215384615384
-0.06571384615384615
-0.037342153846153844
-0.008136
0.016480615384615385
0.005841230769230769
-0.03921969230769231
-0.07823076923076923
-0.10639384615384614
-0.130176
-0.14707384615384617
-0.16084246153846155
-0.15917353846153848
-0.1368516923076923
-0.08115138461538463
0.0029206153846153843
0.086784
0.15813046153846153
0.20798953846153845
0.2482523076923077
0.27453784615384613
0.28017046153846153
0.2578486153846154
0.2073636923076923
0.1531236923076923
0.11035753846153845
0.08490646153846154
0.073224
0.0744756923076923
0.08094276923076923
0.09700615384615385
0.11348676923076922
0.12996738461538462
0.1422756923076923
0.11640738461538462
0.07551876923076924
0.02899753846153846
-0.011682461538461537
-0.03921969230769231
-0.06133292307692308
-0.05528307692307692
-0.04109723076923077
-0.022530461538461537
0.003129230769230769
0.021696
0.029414769230769227
0.013142769230769229
-0.015020307692307692
-0.04839876923076923
-0.08490646153846154
-0.12496061538461539
-0.17002153846153847
-0.21883753846153844
-0.2647329230769231
-0.301032
-0.32961230769230765
-0.34651015384615386
-0.31897292307692304
-0.19192615384615386
-0.018775384615384614
0.19046584615384615
0.38760738461538463
0.5392707692307692
0.6761224615384615
0.7238953846153846
0.7001132307692307
0.5484498461538461
0.30270092307692303
0.026911384615384615
-0.22947692307692308
-0.4451852307692308
-0.6619366153846153
-0.7616547692307691
-0.7894006153846154
-0.6817550769230768
-0.4453938461538462
-0.18775384615384613
0.10222153846153846
0.32961230769230765
0.5227901538461539
0.6243858461538462
0.6083224615384615
0.5083956923076923
0.30249230769230767
0.0717636923076923
-0.20319138461538463
-0.45373846153846153
-0.6177101538461538
-0.7136732307692307
-0.6802947692307691
-0.5780732307692308
-0.42411507692307693
-0.22655630769230767
-0.042348923076923076
0.16626646153846153
0.3193901538461538
0.37655076923076924
0.3949089230769231
0.3538116923076923
0.3193901538461538
0.2699483076923077
0.16793538461538463
0.05236246153846154
-0.09491999999999999
-0.21487384615384614
-0.29915446153846154
-0.3727956923076923
-0.4245323076923077
-0.44956615384615384
-0.404088
-0.3072904615384615
-0.1873366153846154
-0.050067692307692306
0.05653476923076922
0.16334584615384617
0.26640184615384616
0.3412947692307692
0.42015138461538465
0.4587452307692308
0.46020553846153844
0.43704923076923075
0.34317230769230767
0.20298276923076922
0.043600615384615383
-0.13622584615384614
-0.3072904615384615
-0.44977476923076926
-0.5123593846153845
-0.47668615384615387
-0.3536030769230769
-0.16251138461538459
0.05173661538461538
0.2851772307692308
0.49546153846153845
0.6540092307692308
0.7393329230769231
0.6930203076923077
0.540731076923077
0.33607938461538456
0.10597661538461538
-0.11578153846153846
-0.3243969230769231
-0.48565661538461535
-0.5703544615384616
-0.5812024615384616
-0.5073526153846153
-0.36966646153846155
-0.19505538461538463
0.0008344615384615384
0.19630707692307692
0.36403384615384615
0.47272246153846154
0.5154886153846154
0.48711692307692306
0.39741230769230773
0.27412061538461535
0.11724184615384614
-0.037967999999999995
-0.15500123076923078
-0.23844738461538462
-0.2701569230769231
-0.23636123076923077
-0.15333230769230768
-0.021070153846153846
0.12204
0.23928184615384615
0.3285692307692308
0.3713353846153846
0.3815575384615385
0.35339446153846155
0.2737033846153846
0.16856123076923077
0.06383630769230769
-0.018358153846153843
-0.06905169230769231
-0.0855323076923077
-0.08219446153846154
-0.07656184615384615
-0.05757784615384615
-0.027120000000000002
0.0004172307692307692
0.002086153846153846
-0.03588184615384615
-0.07948246153846153
-0.11202646153846153
-0.1314276923076923
-0.11891076923076922
-0.09158215384615384
-0.05069353846153846
0.01272553846153846
0.09304246153846155
0.18253846153846154
0.249504
0.2851772307692308
0.2774584615384615
0.22989415384615383
0.14916
0.03859384615384615
-0.07364123076923076
-0.18504184615384617
-0.2822566153846154
-0.3452584615384615
-0.3577753846153846
-0.3127144615384615
-0.2138307692307692
-0.09512861538461538
0.03045784615384615
0.16856123076923077
0.28788923076923073
0.38719015384615385
0.43663199999999996
0.4178566153846154
0.34338092307692303
0.22780799999999998
0.09992676923076924
-0.027745846153846152
-0.15124615384615384
-0.2572227692307692
-0.30833353846153844
-0.30416123076923074
-0.2399076923076923
-0.13643446153846153
-0.021904615384615383
0.10076123076923077
0.20131384615384615
0.27704123076923076
0.3133403076923077
0.31751261538461534
0.28434276923076923
0.21028430769230766
0.13455692307692307
0.05736923076923077
0.006675692307692307
-0.015854769230769228
-0.021278769230769233
-0.005424
0.011891076923076923
0.03504738461538461
0.04944184615384615
0.04130584615384615
0.009804923076923077
-0.040262769230769234
-0.09471138461538461
-0.13998092307692306
-0.15687876923076924
-0.15208061538461537
-0.12642092307692307
-0.07405846153846153
-0.010639384615384617
0.05716061538461538
0.12266584615384615
0.15520984615384617
0.14916
0.11140061538461538
0.04401784615384615
-0.027745846153846152
-0.11035753846153845
-0.19797599999999999
-0.26139507692307695
-0.2897667692307692
-0.27286892307692306
-0.21988061538461537
-0.1314276923076923
-0.02044430769230769
0.09825784615384614
0.20527753846153846
0.2832996923076923
0.33065538461538463
0.31500923076923076
0.24428861538461538
0.14686523076923075
0.020652923076923076
-0.10806276923076923
-0.22447015384615385
-0.31500923076923076
-0.3392086153846154
-0.3193901538461538
-0.2582658461538461
-0.16167692307692308
-0.06300184615384616
0.05069353846153846
0.1424843076923077
0.1977673846153846
0.2225926153846154
0.19839323076923077
0.14686523076923075
0.07092923076923077
-0.010848
-0.07051199999999999
-0.11098338461538461
-0.11891076923076922
-0.09950953846153845
-0.058412307692307694
0.002712
0.06633969230769231
0.12433476923076923
0.15750461538461538
0.15374953846153847
0.12370892307692308
0.08428061538461538
0.046104
0.009804923076923077
-0.027745846153846152
-0.05319692307692307
-0.04526953846153846
-0.0035464615384615383
0.06300184615384616
0.1356
0.19547261538461536
0.23886461538461537
0.2563883076923077
0.24408
0.20360861538461536
0.12370892307692308
0.015228923076923076
-0.0961716923076923
-0.19150892307692308
-0.2618123076923077
-0.3012406153846154
-0.3054129230769231
-0.28413415384615387
-0.22864246153846152
-0.15103753846153847
-0.056326153846153845
0.05090215384615384
0.13747753846153846
0.19985353846153847
0.22321846153846153
0.21070153846153844
0.17398523076923075
0.10514215384615383
0.013768615384615384
-0.086784
-0.17398523076923075
-0.22947692307692308
-0.25555384615384613
-0.25951753846153847
-0.2424110769230769
-0.20298276923076922
-0.13914646153846155
-0.05716061538461538
0.022947692307692308
0.08636676923076922
0.12767261538461538
0.14811692307692306
0.15395815384615386
0.15291507692307693
0.13372246153846154
0.09074769230769231
0.03379569230769231
-0.028163076923076923
-0.07259815384615384
-0.09763200000000001
-0.11286092307692308
-0.12266584615384615
-0.13789476923076924
-0.14102399999999998
-0.12725538461538463
-0.10806276923076923
-0.08574092307692306
-0.05590892307692308
-0.01272553846153846
0.03859384615384615
0.10535076923076922
0.16584923076923075
0.21341353846153846
0.2374043076923077
0.22342707692307692
0.19672430769230767
0.1449876923076923
0.06946892307692307
-0.020027076923076922
-0.11724184615384614
-0.20339999999999997
-0.268488
-0.2966510769230769
-0.279336
-0.22447015384615385
-0.13726892307692307
-0.020652923076923076
0.10681107692307691
0.22572184615384616
0.3148006153846154
0.36278215384615387
0.3692492307692308
0.3408775384615384
0.2789187692307692
0.17628
0.054240000000000003
-0.073224
-0.18399876923076922
-0.2582658461538461
-0.2997803076923077
-0.2951907692307692
-0.25659692307692306
-0.18232984615384615
-0.0678
0.06258461538461538
0.19442953846153843
0.2997803076923077
0.3600701538461538
0.3811403076923077
0.3590270769230769
0.28809784615384615
0.1800350769230769
0.04672984615384615
-0.08907876923076924
-0.20840676923076923
-0.2899753846153846
-0.33002953846153843
-0.3375396923076923
-0.3116713846153846
-0.26619323076923074
-0.19463815384615382
-0.11056615384615384
-0.030875076923076922
0.026076923076923077
0.042557538461538466
0.035464615384615386
0.015228923076923076
-0.0043809230769230765
-0.019609846153846155
-0.03963692307692308
-0.058829538461538454
-0.06300184615384616
-0.049233230769230765
-0.023782153846153845
0.0018775384615384615
0.016480615384615385
0.01814953846153846
0.009596307692307692
0.0004172307692307692
0.0016689230769230767
0.006884307692307692
0.016480615384615385
0.041514461538461535
0.09074769230769231
0.15917353846153848
0.22572184615384616
0.27412061538461535
0.28893230769230765
0.2768326153846154
0.24491446153846153
0.19171753846153847
0.12683815384615382
0.042557538461538466
-0.049233230769230765
-0.12350030769230769
-0.16793538461538463
-0.18191261538461537
-0.18066092307692305
-0.15520984615384617
-0.111192
-0.04380923076923077
0.05611753846153846
0.16772676923076923
0.2624381538461539
0.3062473846153846
0.30749907692307693
0.27328615384615385
0.2125790769230769
0.1207883076923077
-0.002086153846153846
-0.12850707692307692
-0.23949046153846154
-0.30144923076923075
-0.3087507692307692
-0.26932246153846157
-0.20027076923076922
-0.11682461538461539
-0.016897846153846156
0.0855323076923077
0.17586276923076924
0.23093723076923076
0.23531815384615382
0.21132738461538458
0.17315076923076922
0.13601723076923075
0.10785415384615385
0.07551876923076924
0.048816000000000005
0.030875076923076922
0.018983999999999997
0.03108369230769231
0.045895384615384616
0.04109723076923077
0.03296123076923077
0.02044430769230769
0.012934153846153845
0.016063384615384615
0.025659692307692307
0.03984553846153846
0.059038153846153844
0.08073415384615384
0.1136953846153846
0.15771323076923077
0.19004861538461537
0.19735015384615384
0.17085599999999998
0.13518276923076925
0.08824430769230769
0.030040615384615384
-0.03567323076923076
-0.11974523076923077
-0.19004861538461537
-0.24324553846153843
-0.25847446153846154
-0.23761292307692305
-0.20027076923076922
-0.13872923076923074
-0.058412307692307694
0.03275261538461539
0.11640738461538462
0.1656406153846154
0.143736
0.09554584615384615
0.032544
-0.03045784615384615
-0.10910584615384614
-0.20110523076923076
-0.27704123076923076
-0.31000246153846156
-0.2737033846153846
-0.132888
0.11953661538461538
0.17586276923076924
0.22864246153846152
0.30979384615384614
0.31250584615384613
0.4378836923076923
0.31646953846153847
0.11327815384615383
-0.10910584615384614
-0.3179298461538461
-0.2666104615384615
-0.26932246153846157
-0.21341353846153846
-0.21737723076923077
-0.17461107692307692
0.08135999999999999
0.2670276923076923
0.497964923076923
0.4923323076923077
0.3383741538461538
0.26619323076923074
0.09512861538461538
0.043600615384615383
-0.08240307692307691
-0.29227015384615385
-0.33816553846153846
-0.4698018461538461
-0.42995630769230764
-0.24887815384615386
-0.16063384615384615
0.04547815384615384
0.1218313846153846
0.17085599999999998
0.27182584615384614
0.2720344615384615
0.33941723076923075
0.28413415384615387
0.11995384615384615
-0.03379569230769231
-0.18525046153846153
-0.18212123076923076
-0.1883796923076923
-0.23156307692307693
-0.22342707692307692
-0.21696000000000001
-0.05528307692307692
0.13872923076923074
0.24053353846153847
0.3310726153846154
0.31542646153846154
0.3279433846153846
0.3805144615384615
0.317304
0.25555384615384613
0.14728246153846153
0.021904615384615383
0.009596307692307692
-0.01397723076923077
-0.028163076923076923
-0.044435076923076924
-0.08615815384615384
-0.07551876923076924
-0.06028984615384615
-0.022530461538461537
0.01043076923076923
0.04819015384615385
0.0936683076923077
0.0855323076923077
0.1316363076923077
0.17273353846153844
0.1760713846153846
0.19547261538461536
0.12788123076923075
0.05924676923076923
0.0016689230769230767
-0.08615815384615384
-0.12204
-0.200688
-0.27432923076923077
-0.2768326153846154
-0.2632726153846154
-0.20402584615384614
-0.15750461538461538
-0.09679753846153846
0.021696
0.13455692307692307
0.2238443076923077
0.23239753846153846
0.21007569230769232
0.19672430769230767
0.12308307692307692
0.03942830769230769
-0.09596307692307693
-0.2647329230769231
-0.34296369230769225
-0.3988726153846154
-0.38656430769230765
-0.3004061538461538
-0.22718215384615387
-0.0826116923076923
0.07092923076923077
0.21174461538461536
0.3684147692307692
0.4535298461538461
0.4873255384615384
0.44393353846153844
0.3333673846153846
0.1942209230769231
0.02482523076923077
-0.12266584615384615
-0.26118646153846153
-0.36382523076923073
-0.4080516923076923
-0.4178566153846154
-0.33670523076923076
-0.214248
-0.09095630769230768
0.06300184615384616
0.16876984615384616
0.25555384615384613
0.328152
0.31250584615384613
0.2482523076923077
0.12141415384615384
-0.03483876923076923
-0.14206707692307693
-0.23969907692307693
-0.32001599999999997
-0.38301784615384615
-0.425784
-0.38531261538461536
-0.30207507692307695
-0.1869193846153846
-0.0678
0.021070153846153846
0.119328
0.17711446153846155
0.21341353846153846
0.23761292307692305
0.20486030769230767
0.17982646153846152
0.1178676923076923
0.02899753846153846
-0.027328615384615382
-0.09471138461538461
-0.10347323076923076
-0.09784061538461537
-0.11494707692307692
-0.09074769230769231
-0.06300184615384616
-0.010222153846153844
0.065088
0.11098338461538461
0.1435273846153846
0.1612596923076923
0.17523692307692307
0.19442953846153843
0.18086953846153844
0.1531236923076923
0.10514215384615383
0.05277969230769231
0.01272553846153846
-0.043392
-0.07489292307692308
-0.09199938461538461
-0.09825784615384614
-0.08240307692307691
-0.07969107692307692
-0.051528
0.0025033846153846152
0.04902461538461538
0.09325107692307691
0.11411261538461538
0.13247076923076923
0.1656406153846154
0.19067446153846154
0.19609846153846153
0.1639716923076923
0.0988836923076923
0.027120000000000002
-0.02524246153846154
-0.06341907692307691
-0.11160923076923077
-0.15124615384615384
-0.16835261538461538
-0.15124615384615384
-0.09450276923076922
-0.03859384615384615
0.016272
0.07697907692307693
0.11745046153846153
0.15333230769230768
0.16856123076923077
0.14457046153846154
0.11181784615384616
0.050067692307692306
-0.017523692307692306
-0.07343261538461537
-0.12996738461538462
-0.16167692307692308
-0.18170399999999998
-0.19442953846153843
-0.19317784615384614
-0.16271999999999998
-0.10493353846153847
-0.0448523076923077
0.01043076923076923
0.043600615384615383
0.058829538461538454
0.07635323076923077
0.09053907692307692
0.10472492307692308
0.09909230769230769
0.059038153846153844
0.025033846153846153
0.0006258461538461538
-0.003963692307692307
0.002086153846153846
-0.01814953846153846
-0.03921969230769231
-0.05507446153846154
-0.06049846153846154
-0.040054153846153843
-0.019192615384615384
-0.0002086153846153846
0.010639384615384617
0.015020307692307692
0.035255999999999996
0.05757784615384615
0.07802215384615384
0.08699261538461538
0.07531015384615385
0.06404492307692307
0.054240000000000003
0.04860738461538461
0.04693846153846153
0.03859384615384615
0.03483876923076923
0.02795446153846154
0.029414769230769227
0.04714707692307692
0.059664
0.07009476923076922
0.06821723076923077
0.06404492307692307
0.07760492307692309
0.0934596923076923
0.10806276923076923
0.11599015384615384
0.12120553846153845
0.12767261538461538
0.12642092307692307
0.12204
0.10117846153846152
0.056326153846153845
0.009179076923076922
-0.03880246153846154
-0.07551876923076924
-0.10243015384615384
-0.12808984615384614
-0.12642092307692307
-0.10639384615384614
-0.06571384615384615
-0.015646153846153844
0.022947692307692308
0.05778646153846154
0.07489292307692308
0.08240307692307691
0.0880356923076923
0.09283384615384616
0.07948246153846153
0.04672984615384615
-0.0008344615384615384
-0.04965046153846154
-0.07739630769230768
-0.10472492307692308
-0.116616
-0.10535076923076922
-0.07259815384615384
-0.01668923076923077
0.0448523076923077
0.10263876923076923
0.14269292307692305
0.15938215384615384
0.15646153846153846
0.13601723076923075
0.092208
0.03379569230769231
-0.031709538461538456
-0.09262523076923077
-0.12934153846153845
-0.12955015384615384
-0.10389046153846154
-0.07197230769230768
-0.03421292307692308
-0.0018775384615384615
0.025659692307692307
0.03129230769230769
0.017523692307692306
-0.010013538461538461
-0.06028984615384615
-0.100344
-0.12287446153846153
-0.1356
-0.12621230769230768
-0.10013538461538461
-0.06633969230769231
-0.005424
0.07197230769230768
0.14457046153846154
0.19150892307692308
0.20277415384615383
0.19359507692307693
0.16105107692307694
0.11098338461538461
0.05403138461538461
0.0012516923076923076
-0.037967999999999995
-0.05277969230769231
-0.03713353846153846
-0.0018775384615384615
0.046104
0.09971815384615385
0.15604430769230768
0.20778092307692309
0.24011630769230768
0.24449723076923074
0.20548615384615385
0.132888
0.04756430769230769
-0.04193169230769231
-0.11578153846153846
-0.16730953846153845
-0.19046584615384615
-0.18796246153846152
-0.15896492307692306
-0.09158215384615384
-0.0029206153846153843
0.08010830769230769
0.13998092307692306
0.16584923076923075
0.1635544615384615
0.13476553846153844
0.0771876923076923
0.0006258461538461538
-0.09033046153846153
-0.1712732307692308
-0.2157083076923077
-0.22008923076923076
-0.18212123076923076
-0.119328
-0.0448523076923077
0.04819015384615385
0.14081538461538462
0.21925476923076925
0.2670276923076923
0.26494153846153845
0.22530461538461538
0.157296
0.08219446153846154
0.003755076923076923
-0.0678
-0.116616
-0.14415323076923076
-0.12600369230769232
-0.07113784615384615
-0.0022947692307692304
0.073224
0.12433476923076923
0.15604430769230768
0.1718990769230769
0.15416676923076922
0.116616
0.056951999999999996
-0.01814953846153846
-0.08073415384615384
-0.11828492307692307
-0.12391753846153845
-0.09846646153846153
-0.053614153846153846
0.005215384615384615
0.07405846153846153
0.14123261538461537
0.1881710769230769
0.20047938461538461
0.1800350769230769
0.13205353846153844
0.073224
0.015854769230769228
-0.045060923076923075
-0.10785415384615385
-0.16271999999999998
-0.1860849230769231
-0.168144
-0.12329169230769231
-0.06049846153846154
0.008344615384615384
0.07343261538461537
0.12120553846153845
0.14519630769230768
0.14582215384615385
0.10910584615384614
0.04109723076923077
-0.040679999999999994
-0.11599015384615384
-0.16689230769230767
-0.19442953846153843
-0.18900553846153845
-0.15646153846153846
-0.10117846153846152
-0.03066646153846154
0.03692492307692308
0.09930092307692308
0.13434830769230768
0.13789476923076924
0.11724184615384614
0.09074769230769231
0.06738276923076922
0.03775938461538462
0.012934153846153845
-0.017523692307692306
-0.03942830769230769
-0.05298830769230769
-0.06529661538461538
-0.065088
-0.06717415384615384
-0.05507446153846154
-0.03129230769230769
-0.00855323076923077
0.016272
0.028788923076923077
0.029832
0.028163076923076923
0.029206153846153847
0.025659692307692307
0.009596307692307692
-0.008970461538461538
-0.027328615384615382
-0.03984553846153846
-0.04172307692307692
-0.04318338461538461
-0.04109723076923077
-0.042974769230769226
-0.053405538461538456
-0.051319384615384614
-0.0446436923076923
-0.04422646153846154
-0.04631261538461538
-0.05090215384615384
-0.04902461538461538
-0.03129230769230769
-0.015228923076923076
0.008136
0.03567323076923076
0.056326153846153845
0.10722830769230769
0.1504116923076923
0.2601433846153846
0.33315876923076926
0.2680707692307692
0.24720923076923076
0.17961784615384613
0.12016246153846154
0.04735569230769231
-0.11140061538461538
-0.23782153846153845
-0.376968
-0.38426953846153844
-0.32585723076923073
-0.26786215384615386
-0.1612596923076923
-0.09179076923076923
0.0771876923076923
0.2670276923076923
0.42015138461538465
0.540731076923077
0.49024615384615383
0.39699507692307695
0.2703655384615385
0.08949599999999999
-0.06049846153846154
-0.26139507692307695
-0.4211944615384615
-0.5077698461538461
-0.5764043076923077
-0.48857723076923076
-0.3277347692307692
-0.14728246153846153
0.06487938461538462
0.21174461538461536
0.3448412307692308
0.42599261538461536
0.45102646153846154
0.45102646153846154
0.35568923076923076
0.22551323076923077
0.09262523076923077
-0.010848
-0.07030338461538461
-0.16730953846153845
-0.26097784615384617
-0.3285692307692308
-0.36778892307692307
-0.3275261538461538
-0.28204799999999997
-0.2292683076923077
-0.13455692307692307
-0.04756430769230769
0.078648
0.19609846153846153
0.2632726153846154
0.32043323076923075
0.3206418461538461
0.30290953846153845
0.27704123076923076
0.21111876923076925
0.11828492307692307
-0.008970461538461538
-0.13226215384615383
-0.25054707692307693
-0.3542289230769231
-0.41326707692307696
-0.43308553846153847
-0.3757163076923077
-0.2795446153846154
-0.15124615384615384
0.05048492307692308
0.24053353846153847
0.4120153846153846
0.5509532307692308
0.5995606153846154
0.5818283076923076
0.4647950769230769
0.2751636923076923
0.05507446153846154
-0.19359507692307693
-0.38948492307692306
-0.5265452307692308
-0.609156923076923
-0.6191704615384614
-0.5670166153846153
-0.41973415384615387
-0.22008923076923076
-0.018358153846153843
0.1639716923076923
0.2997803076923077
0.4128498461538462
0.469176
0.4418473846153846
0.3483876923076923
0.17648861538461538
-0.023364923076923075
-0.19797599999999999
-0.35339446153846155
-0.44810584615384613
-0.4779378461538461
-0.4585366153846154
-0.3671630769230769
-0.23782153846153845
-0.07343261538461537
0.09763200000000001
0.22843384615384613
0.3212676923076923
0.35297723076923077
0.33482769230769227
0.26911384615384615
0.18921415384615384
0.12245723076923076
0.04401784615384615
-0.011056615384615385
-0.03921969230769231
-0.053614153846153846
-0.04193169230769231
-0.03942830769230769
-0.03859384615384615
-0.015228923076923076
-0.009387692307692307
0.013560000000000001
0.03921969230769231
0.041514461538461535
0.05173661538461538
0.058412307692307694
0.09533723076923077
0.1489513846153846
0.184416
0.20798953846153845
0.20402584615384614
0.19213476923076922
0.17982646153846152
0.14060676923076923
0.08824430769230769
0.01272553846153846
-0.06133292307692308
-0.12141415384615384
-0.18754523076923074
-0.20548615384615385
-0.19526400000000002
-0.1639716923076923
-0.08720123076923077
0.0012516923076923076
0.10409907692307692
0.19964492307692308
0.2697396923076923
0.32898646153846156
0.3387913846153846
0.29498215384615384
0.23114584615384615
0.1506203076923077
0.06926030769230769
-0.013351384615384614
-0.08240307692307691
-0.11870215384615385
-0.12454338461538461
-0.08386338461538462
-0.026076923076923077
0.04693846153846153
0.13893784615384613
0.2008966153846154
0.25138153846153843
0.2726603076923077
0.2578486153846154
0.22780799999999998
0.1777403076923077
0.14269292307692305
0.10409907692307692
0.06863446153846153
0.04965046153846154
0.042557538461538466
0.049233230769230765
0.04965046153846154
0.05820369230769231
0.06863446153846153
0.06863446153846153
0.05090215384615384
0.003129230769230769
-0.06633969230769231
-0.13852061538461538
-0.19588984615384614
-0.21696000000000001
-0.20715507692307691
-0.19192615384615386
-0.15374953846153847
-0.09491999999999999
-0.02482523076923077
0.051528
0.10806276923076923
0.14394461538461537
0.14728246153846153
0.11035753846153845
0.049233230769230765
-0.037342153846153844
-0.132888
-0.214248
-0.2695310769230769
-0.2851772307692308
-0.25930892307692305
-0.18775384615384613
-0.08845292307692308
0.021278769230769233
0.13038461538461538
0.22280123076923075
0.30666461538461537
0.34463261538461537
0.330864
0.27453784615384613
0.15875630769230767
0.03504738461538461
-0.07677046153846154
-0.1639716923076923
-0.21362215384615382
-0.2503384615384615
-0.2480436923076923
-0.20527753846153846
-0.13810338461538463
-0.05444861538461539
0.012099692307692308
0.06404492307692307
0.09721476923076922
0.10201292307692307
0.09179076923076923
0.04965046153846154
-0.012099692307692308
-0.07677046153846154
-0.13643446153846153
-0.1612596923076923
-0.1635544615384615
-0.143736
-0.10430769230769231
-0.06967753846153846
-0.03838523076923077
0.0004172307692307692
0.04214030769230769
0.07614461538461538
0.09304246153846155
0.09137353846153846
0.07906523076923076
0.06592246153846154
0.06863446153846153
0.08490646153846154
0.11390399999999999
0.15187199999999998
0.1913003076923077
0.24053353846153847
0.2705741538461538
0.26368984615384616
0.2207150769230769
0.14936861538461538
0.07364123076923076
0.0016689230769230767
-0.052153846153846155
-0.09387692307692307
-0.12725538461538463
-0.13330523076923076
-0.10326461538461539
-0.043392
0.024408000000000003
0.08782707692307692
0.1422756923076923
0.18253846153846154
0.21091015384615383
0.21654276923076923
0.18983999999999998
0.1397723076923077
0.07030338461538461
-0.0022947692307692304
-0.06926030769230769
-0.12955015384615384
-0.17690584615384616
-0.206112
-0.20924123076923076
-0.18316430769230768
-0.12391753846153845
-0.047772923076923074
0.024408000000000003
0.08845292307692308
0.12788123076923075
0.14039815384615384
0.13518276923076925
0.10597661538461538
0.061124307692307686
0.012099692307692308
-0.03692492307692308
-0.06863446153846153
-0.08323753846153846
-0.09387692307692307
-0.09804923076923076
-0.09950953846153845
-0.08782707692307692
-0.06049846153846154
-0.03609046153846154
-0.024408000000000003
-0.029206153846153847
-0.03129230769230769
-0.021904615384615383
-0.0029206153846153843
0.02044430769230769
0.03588184615384615
0.04547815384615384
0.054657230769230764
0.06154153846153846
0.05820369230769231
0.037342153846153844
0.001043076923076923
-0.041514461538461535
-0.07510153846153846
-0.09930092307692308
-0.12329169230769231
-0.14686523076923075
-0.16167692307692308
-0.16105107692307694
-0.1395636923076923
-0.10222153846153846
-0.06863446153846153
-0.042557538461538466
-0.019609846153846155
0.008136
0.04276615384615385
0.08302892307692307
0.11056615384615384
0.11557292307692307
0.10952307692307692
0.08615815384615384
0.06404492307692307
0.03588184615384615
-0.017732307692307693
-0.0744756923076923
-0.119328
-0.13455692307692307
-0.12537784615384615
-0.09700615384615385
-0.05111076923076923
-0.005215384615384615
0.040262769230769234
0.09095630769230768
0.14457046153846154
0.18066092307692305
0.1794092307692308
0.15333230769230768
0.12329169230769231
0.09429415384615383
0.06258461538461538
0.01940123076923077
-0.03337846153846154
-0.08636676923076922
-0.13601723076923075
-0.16292861538461537
-0.17544553846153846
-0.1846246153846154
-0.18253846153846154
-0.16856123076923077
-0.12224861538461537
-0.05444861538461539
0.015228923076923076
0.07823076923076923
0.11703323076923078
0.14457046153846154
0.15479261538461536
0.14519630769230768
0.11035753846153845
0.045895384615384616
-0.026911384615384615
-0.09930092307692308
-0.15875630769230767
-0.19296923076923078
-0.21341353846153846
-0.22426153846153846
-0.21654276923076923
-0.1785747692307692
-0.09241661538461539
0.007301538461538462
0.10159569230769232
0.18921415384615384
0.25659692307692306
0.31188
0.3321156923076923
0.314592
0.2578486153846154
0.16501476923076921
0.06717415384615384
-0.03233538461538461
-0.11348676923076922
-0.1794092307692308
-0.23469230769230767
-0.2480436923076923
-0.21862892307692305
-0.14477907692307693
-0.045895384615384616
0.04422646153846154
0.13101046153846155
0.20339999999999997
0.25513661538461535
0.28768061538461537
0.279336
0.22843384615384613
0.1422756923076923
0.037342153846153844
-0.05528307692307692
-0.12120553846153845
-0.16751815384615384
-0.19380369230769232
-0.18963138461538462
-0.15228923076923076
-0.08657538461538461
-0.004172307692307692
0.07238953846153846
0.12913292307692306
0.16730953846153845
0.19651569230769228
0.22196676923076922
0.23656984615384613
0.23281476923076924
0.20402584615384614
0.1666836923076923
0.13518276923076925
0.11640738461538462
0.09950953846153845
0.06487938461538462
0.028163076923076923
-0.010639384615384617
-0.030875076923076922
-0.026702769230769228
-0.019609846153846155
-0.008344615384615384
-0.0033378461538461535
0.015646153846153844
0.04985907692307692
0.08323753846153846
0.10806276923076923
0.11703323076923078
0.1207883076923077
0.11014892307692307
0.08761846153846153
0.05653476923076922
0.005841230769230769
-0.06279323076923077
-0.12412615384615384
-0.1721076923076923
-0.20444307692307692
-0.21800307692307694
-0.21737723076923077
-0.19505538461538463
-0.16981292307692308
-0.1558356923076923
-0.14811692307692306
-0.15082892307692305
-0.19964492307692308
-0.22593046153846155
-0.18629353846153843
-0.10389046153846154
0.04819015384615385
0.21132738461538458
0.39261415384615383
0.5665993846153846
0.693228923076923
0.7725027692307692
0.7533101538461537
0.5958055384615384
0.36945784615384614
0.12913292307692306
-0.13184492307692308
-0.3179298461538461
-0.47960676923076917
-0.5991433846153846
-0.6293926153846153
-0.56952
-0.3861470769230769
-0.16626646153846153
0.07510153846153846
0.26076923076923075
0.3880246153846154
0.44914892307692306
0.3984553846153846
0.32085046153846153
0.12099692307692309
-0.11140061538461538
-0.2772498461538462
-0.4193169230769231
-0.4159790769230769
-0.34963938461538463
-0.2453316923076923
-0.06905169230769231
0.03921969230769231
0.14394461538461537
0.2238443076923077
0.1990190769230769
0.1570873846153846
0.06133292307692308
-0.005215384615384615
-0.003129230769230769
0.027745846153846152
0.12016246153846154
0.1693956923076923
0.1881710769230769
0.17169046153846151
0.10117846153846152
0.05194523076923077
-0.025659692307692307
-0.10430769230769231
-0.154584
-0.2154996923076923
-0.2221753846153846
-0.21362215384615382
-0.2157083076923077
-0.1691870769230769
-0.12955015384615384
-0.052153846153846155
0.07551876923076924
0.19735015384615384
0.33962584615384617
0.43579753846153846
0.45561599999999997
0.41681353846153846
0.3016578461538461
0.13205353846153844
-0.06759138461538462
-0.2482523076923077
-0.36257353846153845
-0.38990215384615384
-0.3216849230769231
-0.1860849230769231
0.0035464615384615383
0.20131384615384615
0.3577753846153846
0.47355692307692304
0.49921661538461537
0.43475446153846153
0.3373310769230769
0.20131384615384615
0.06279323076923077
-0.056951999999999996
-0.15959076923076923
-0.20673784615384616
-0.21716861538461538
-0.18796246153846152
-0.12391753846153845
-0.04693846153846153
0.040679999999999994
0.11348676923076922
0.17544553846153846
0.21237046153846154
0.21091015384615383
0.16835261538461538
0.07802215384615384
-0.015020307692307692
-0.08887015384615385
-0.1422756923076923
-0.14957723076923077
-0.12850707692307692
-0.08386338461538462
0.0077187692307692304
0.10660246153846153
0.2021483076923077
0.27599815384615384
0.28246523076923075
0.238656
0.14123261538461537
0.023990769230769232
-0.07405846153846153
-0.1639716923076923
-0.22780799999999998
-0.252216
-0.222384
-0.1462393846153846
-0.05173661538461538
0.05069353846153846
0.12808984615384614
0.1792006153846154
0.20131384615384615
0.18983999999999998
0.1597993846153846
0.08907876923076924
-0.004798153846153846
-0.08615815384615384
-0.157296
-0.20381723076923075
-0.21153599999999997
-0.20047938461538461
-0.1704387692307692
-0.13038461538461538
-0.08490646153846154
-0.03609046153846154
-0.006884307692307692
0.017523692307692306
0.015228923076923076
-0.0025033846153846152
-0.018358153846153843
-0.042348923076923076
-0.05236246153846154
-0.07760492307692309
-0.103056
-0.11640738461538462
-0.13080184615384613
-0.1151556923076923
-0.09971815384615385
-0.09554584615384615
-0.07489292307692308
-0.05924676923076923
-0.03984553846153846
-0.016897846153846156
-0.008136
0.013768615384615384
0.03650769230769231
0.06654830769230768
0.1136953846153846
0.16021661538461537
0.20486030769230767
0.2369870769230769
0.2563883076923077
0.24408
0.19505538461538463
0.124752
0.03150092307692308
-0.06383630769230769
-0.14060676923076923
-0.19568123076923075
-0.21174461538461536
-0.18337292307692307
-0.12412615384615384
-0.030875076923076922
0.07510153846153846
0.17732307692307692
0.2776670769230769
0.3473446153846154
0.38593846153846156
0.3886504615384615
0.3440067692307692
0.2503384615384615
0.11098338461538461
-0.04401784615384615
-0.19526400000000002
-0.317304
-0.39741230769230773
-0.4268270769230769
-0.4022104615384615
-0.33983446153846153
-0.22634769230769228
-0.07760492307692309
0.06759138461538462
0.18963138461538462
0.24574892307692306
0.2424110769230769
0.2073636923076923
0.13309661538461537
0.04109723076923077
-0.05945538461538461
-0.15333230769230768
-0.21174461538461536
-0.23239753846153846
-0.20506892307692307
-0.14540492307692307
-0.07134646153846153
0.006258461538461538
0.07593599999999999
0.14206707692307693
0.192552
0.20798953846153845
0.1800350769230769
0.11974523076923077
0.05319692307692307
-0.016272
-0.09012184615384615
-0.1489513846153846
-0.2021483076923077
-0.238656
-0.23844738461538462
-0.22113230769230768
-0.1760713846153846
-0.1207883076923077
-0.08636676923076922
-0.06300184615384616
-0.03942830769230769
-0.005424
0.015228923076923076
0.02044430769230769
0.016897846153846156
0.016063384615384615
0.029623384615384614
0.04172307692307692
0.04860738461538461
0.03921969230769231
0.019609846153846155
-0.0018775384615384615
-0.017315076923076923
-0.02545107692307692
-0.018775384615384614
-0.013351384615384614
-0.010848
0.01940123076923077
0.06988615384615385
0.14060676923076923
0.1992276923076923
0.24700061538461537
0.28163076923076924
0.2814221538461538
0.2578486153846154
0.19672430769230767
0.10138707692307691
-0.02044430769230769
-0.138312
-0.22822523076923076
-0.2768326153846154
-0.2776670769230769
-0.2399076923076923
-0.14811692307692306
-0.01940123076923077
0.11640738461538462
0.2374043076923077
0.3239796923076923
0.35610646153846154
0.33962584615384617
0.27474646153846155
0.1637630769230769
0.03421292307692308
-0.10472492307692308
-0.22968553846153844
-0.314592
-0.34296369230769225
-0.31083692307692307
-0.23072861538461537
-0.11870215384615385
0.02232184615384615
0.17481969230769231
0.31229723076923077
0.4182738461538461
0.466464
0.44122153846153844
0.3521427692307692
0.21779446153846155
0.06049846153846154
-0.09325107692307691
-0.23052
-0.3319070769230769
-0.37592492307692305
-0.3584012307692308
-0.2828824615384615
-0.16897846153846155
-0.04985907692307692
0.05799507692307692
0.14144123076923076
0.20339999999999997
0.23510953846153848
0.22154953846153846
0.18316430769230768
0.12391753846153845
0.06967753846153846
0.026285538461538457
-0.008344615384615384
-0.032544
-0.06341907692307691
-0.07948246153846153
-0.08156861538461539
-0.07030338461538461
-0.05778646153846154
-0.055491692307692304
-0.047981538461538464
-0.027328615384615382
0.018358153846153843
0.07551876923076924
0.12600369230769232
0.1666836923076923
0.19818461538461538
0.21904615384615383
0.22342707692307692
0.2056947692307692
0.15667015384615385
0.0855323076923077
0.005424
-0.07072061538461538
-0.12934153846153845
-0.16584923076923075
-0.17419384615384614
-0.15249784615384615
-0.09930092307692308
-0.020652923076923076
0.07405846153846153
0.17169046153846151
0.24095076923076922
0.2780843076923077
0.2926873846153846
0.2807963076923077
0.2507556923076923
0.18358153846153846
0.09095630769230768
0.002712
-0.07697907692307693
-0.11703323076923078
-0.12913292307692306
-0.12245723076923076
-0.08574092307692306
-0.021696
0.08448923076923077
0.19985353846153847
0.29581661538461534
0.35986153846153845
0.3748818461538461
0.3538116923076923
0.29602523076923076
0.20652923076923077
0.0853236923076923
-0.058412307692307694
-0.1881710769230769
-0.28663753846153844
-0.3421292307692308
-0.35297723076923077
-0.3323243076923077
-0.28100492307692304
-0.21070153846153844
-0.13476553846153844
-0.04839876923076923
0.023364923076923075
0.07364123076923076
0.09909230769230769
0.0988836923076923
0.08761846153846153
0.06049846153846154
0.02858030769230769
-0.009804923076923077
-0.04735569230769231
-0.06592246153846154
-0.06675692307692307
-0.05653476923076922
-0.044435076923076924
-0.043392
-0.04172307692307692
-0.03984553846153846
-0.03379569230769231
-0.014811692307692307
-0.007927384615384614
0.0016689230769230767
0.013351384615384614
0.03275261538461539
0.06216738461538462
0.08219446153846154
0.09137353846153846
0.07572738461538461
0.05069353846153846
0.023364923076923075
-0.015646153846153844
-0.06341907692307691
-0.11911938461538461
-0.1718990769230769
-0.20256553846153844
-0.2021483076923077
-0.184416
-0.14978584615384616
-0.11411261538461538
-0.06633969230769231
0.006884307692307692
0.07551876923076924
0.14185846153846154
0.18921415384615384
0.206112
0.19317784615384614
0.15750461538461538
0.111192
0.04526953846153846
-0.03504738461538461
-0.11640738461538462
-0.18650215384615382
-0.22801661538461537
-0.24053353846153847
-0.23093723076923076
-0.18712800000000002
-0.12350030769230769
-0.040262769230769234
0.05173661538461538
0.12662953846153846
0.18921415384615384
0.21800307692307694
0.22029784615384615
0.20423446153846153
0.16480615384615382
0.11077476923076923
0.03942830769230769
-0.03901107692307692
-0.11745046153846153
-0.1794092307692308
-0.208824
-0.2125790769230769
-0.19985353846153847
-0.1614683076923077
-0.0961716923076923
-0.00855323076923077
0.09387692307692307
0.18358153846153846
0.254928
0.30019753846153846
0.31626092307692305
0.3004061538461538
0.24408
0.157296
0.04547815384615384
-0.06633969230769231
-0.16188553846153847
-0.23469230769230767
-0.26681907692307694
-0.2822566153846154
-0.2814221538461538
-0.2620209230769231
-0.2436627692307692
-0.22801661538461537
-0.18066092307692305
-0.09325107692307691
0.01397723076923077
0.16271999999999998
0.3054129230769231
0.43475446153846153
0.5544996923076924
0.6045673846153846
0.5991433846153846
0.4879513846153846
0.30583015384615386
0.08094276923076923
-0.1531236923076923
-0.3448412307692308
-0.5484498461538461
-0.6398233846153846
-0.6592246153846153
-0.5628443076923076
-0.31354892307692306
-0.05924676923076923
0.24908676923076922
0.5204953846153846
0.7418363076923077
0.8709692307692307
0.8317495384615384
0.7036596923076923
0.4522781538461538
0.1476996923076923
-0.1718990769230769
-0.477312
-0.690516923076923
-0.8254910769230769
-0.8085932307692308
-0.6554695384615384
-0.4239064615384615
-0.13664307692307692
0.12850707692307692
0.3782196923076923
0.5661821538461538
0.6214652307692308
0.6083224615384615
0.508812923076923
0.3565236923076923
0.19317784615384614
-0.025033846153846153
-0.22551323076923077
-0.40679999999999994
-0.5453206153846154
-0.5968486153846153
-0.5991433846153846
-0.5336381538461539
-0.39866399999999996
-0.21967199999999998
-0.009387692307692307
0.18379015384615385
0.3373310769230769
0.4360061538461539
0.4896203076923077
0.5023458461538461
0.4368406153846153
0.33983446153846153
0.2238443076923077
0.10138707692307691
0.004589538461538461
-0.09763200000000001
-0.19964492307692308
-0.2709913846153846
-0.3252313846153846
-0.3573581538461538
-0.3483876923076923
-0.29769415384615383
-0.18316430769230768
-0.011891076923076923
0.18483323076923078
0.37926276923076924
0.5325950769230768
0.6181273846153846
0.6371113846153845
0.5807852307692307
0.4320424615384615
0.22342707692307692
-0.002086153846153846
-0.2209236923076923
-0.39741230769230773
-0.523416
-0.5741095384615384
-0.5198695384615385
-0.3972036923076923
-0.2125790769230769
0.014603076923076923
0.2374043076923077
0.4493575384615385
0.6212566153846153
0.7195144615384615
0.7216006153846153
0.6394061538461538
0.4743913846153846
0.23782153846153845
-0.02357353846153846
-0.30666461538461537
-0.5426086153846154
-0.6859273846153845
-0.7345347692307692
-0.6640227692307692
-0.5086043076923077
-0.28809784615384615
-0.017732307692307693
0.24846092307692308
0.4585366153846154
0.5893384615384615
0.6285581538461538
0.5782818461538461
0.4645864615384615
0.2870547692307692
0.08010830769230769
-0.12454338461538461
-0.30416123076923074
-0.4211944615384615
-0.46729846153846155
-0.4453938461538462
-0.3682061538461538
-0.2507556923076923
-0.10827138461538462
0.051528
0.20402584615384614
0.314592
0.37050092307692306
0.38239199999999995
0.34943076923076927
0.28121353846153846
0.18879692307692306
0.07468430769230769
-0.03859384615384615
-0.14290153846153844
-0.21591692307692306
-0.2517987692307692
-0.26160369230769226
-0.2426196923076923
-0.20673784615384616
-0.17440246153846153
-0.14749107692307692
-0.10806276923076923
-0.06487938461538462
-0.024616615384615383
0.018983999999999997
0.05382276923076923
0.08720123076923077
0.1341396923076923
0.1666836923076923
0.1733593846153846
0.15208061538461537
0.103056
0.06592246153846154
0.026494153846153844
-0.02753723076923077
-0.07906523076923076
-0.12767261538461538
-0.14999446153846155
-0.12913292307692306
-0.07656184615384615
-0.003963692307692307
0.08115138461538463
0.1558356923076923
0.214248
0.25242461538461536
0.25993476923076925
0.2342750769230769
0.16793538461538463
0.08240307692307691
-0.006675692307692307
-0.08720123076923077
-0.1356
-0.157296
-0.157296
-0.12704676923076924
-0.06738276923076922
0.018358153846153843
0.10722830769230769
0.17377661538461536
0.20152246153846154
0.18963138461538462
0.16063384615384615
0.11327815384615383
0.043600615384615383
-0.04380923076923077
-0.13622584615384614
-0.20256553846153844
-0.22676492307692306
-0.21132738461538458
-0.16626646153846153
-0.10222153846153846
-0.026076923076923077
0.059664
0.14164984615384615
0.20256553846153844
0.2292683076923077
0.208824
0.15145476923076923
0.07927384615384615
0.0002086153846153846
-0.08344615384615384
-0.16251138461538459
-0.2194633846153846
-0.23949046153846154
-0.21716861538461538
-0.1558356923076923
-0.07259815384615384
0.018775384615384614
0.10848000000000001
0.18650215384615382
0.23886461538461537
0.2559710769230769
0.23406646153846156
0.17648861538461538
0.09846646153846153
0.011891076923076923
-0.06967753846153846
-0.13330523076923076
-0.1693956923076923
-0.18900553846153845
-0.184416
-0.1462393846153846
-0.09512861538461538
-0.040054153846153843
0.0018775384615384615
0.034630153846153845
0.06926030769230769
0.10389046153846154
0.13622584615384614
0.1543753846153846
0.15750461538461538
0.14811692307692306
0.1316363076923077
0.1045163076923077
0.05924676923076923
-0.006049846153846154
-0.08386338461538462
-0.15959076923076923
-0.2194633846153846
-0.25346769230769234
-0.26306399999999996
-0.24595753846153845
-0.20256553846153844
-0.138312
-0.05674338461538461
0.03442153846153846
0.1178676923076923
0.1869193846153846
0.23531815384615382
0.2666104615384615
0.27620676923076926
0.25054707692307693
0.19985353846153847
0.12683815384615382
0.042974769230769226
-0.03921969230769231
-0.11599015384615384
-0.17502830769230768
-0.21320492307692307
-0.22572184615384616
-0.1990190769230769
-0.12621230769230768
-0.015437538461538461
0.09950953846153845
0.19735015384615384
0.27412061538461535
0.3148006153846154
0.31646953846153847
0.2730775384615384
0.18650215384615382
0.06967753846153846
-0.05319692307692307
-0.1506203076923077
-0.22551323076923077
-0.2674449230769231
-0.27432923076923077
-0.25701415384615384
-0.20673784615384616
-0.13664307692307692
-0.06216738461538462
-0.0016689230769230767
0.03755076923076923
0.06487938461538462
0.08386338461538462
0.09909230769230769
0.10952307692307692
0.10994030769230768
0.09450276923076922
0.07551876923076924
0.06216738461538462
0.051528
0.04276615384615385
0.02273907692307692
-0.008970461538461538
-0.03483876923076923
-0.056951999999999996
-0.08323753846153846
-0.10597661538461538
-0.132888
-0.15166338461538462
-0.14811692307692306
-0.11953661538461538
-0.06154153846153846
0.006884307692307692
0.06738276923076922
0.12141415384615384
0.17377661538461536
0.21320492307692307
0.22697353846153845
0.1990190769230769
0.12975876923076923
0.037967999999999995
-0.05590892307692308
-0.14290153846153844
-0.2236356923076923
-0.28768061538461537
-0.3216849230769231
-0.2999889230769231
-0.21800307692307694
-0.09784061538461537
0.046104
0.18149538461538461
0.2951907692307692
0.3821833846153846
0.4303735384615384
0.4326683076923077
0.37613353846153846
0.26348123076923075
0.12683815384615382
-0.006467076923076923
-0.12120553846153845
-0.208824
-0.27620676923076926
-0.30374399999999996
-0.28392553846153845
-0.2209236923076923
-0.11724184615384614
0.0
0.10430769230769231
0.18358153846153846
0.24554030769230767
0.295608
0.31855569230769226
0.3022836923076923
0.25430215384615384
0.18128676923076922
0.10138707692307691
0.02753723076923077
-0.03838523076923077
-0.09095630769230768
-0.132888
-0.1462393846153846
-0.12850707692307692
-0.09283384615384616
-0.04214030769230769
0.0014603076923076922
0.03713353846153846
0.06487938461538462
0.0828203076923077
0.09930092307692308
0.100344
0.08845292307692308
0.073224
0.06279323076923077
0.05507446153846154
0.05298830769230769
0.05236246153846154
0.030875076923076922
-0.010013538461538461
-0.05298830769230769
-0.09325107692307691
-0.1395636923076923
-0.1804523076923077
-0.2127876923076923
-0.22196676923076922
-0.1990190769230769
-0.13998092307692306
-0.06070707692307692
0.017315076923076923
0.09679753846153846
0.16230276923076925
0.21466523076923077
0.24616615384615384
0.24762646153846155
0.20632061538461538
0.12955015384615384
0.041514461538461535
-0.04965046153846154
-0.12099692307692309
-0.173568
-0.19839323076923077
-0.1858763076923077
-0.14331876923076922
-0.06550523076923077
0.027328615384615382
0.124752
0.21633415384615384
0.28663753846153844
0.3294036923076923
0.3377483076923077
0.31083692307692307
0.24574892307692306
0.14999446153846155
0.04902461538461538
-0.042974769230769226
-0.12120553846153845
-0.1712732307692308
-0.20444307692307692
-0.2059033846153846
-0.16876984615384616
-0.10910584615384614
-0.03442153846153846
0.03129230769230769
0.08177723076923075
0.11473846153846154
0.1287156923076923
0.12266584615384615
0.09909230769230769
0.052153846153846155
-0.006258461538461538
-0.05590892307692308
-0.07802215384615384
-0.07155507692307693
-0.05403138461538461
-0.01981846153846154
0.013768615384615384
0.050067692307692306
0.08887015384615385
0.11411261538461538
0.12767261538461538
0.10910584615384614
0.07134646153846153
0.030040615384615384
-0.013768615384615384
-0.04693846153846153
-0.07697907692307693
-0.09700615384615385
-0.092208
-0.06654830769230768
-0.02524246153846154
0.018775384615384614
0.042974769230769226
0.058412307692307694
0.06446215384615385
0.04756430769230769
0.01272553846153846
-0.03963692307692308
-0.09971815384615385
-0.15875630769230767
-0.19735015384615384
-0.18983999999999998
-0.15124615384615384
-0.09199938461538461
-0.021904615384615383
0.029623384615384614
0.07009476923076922
0.100344
0.10201292307692307
0.06738276923076922
0.03212676923076923
-0.003755076923076923
0.009179076923076922
0.05945538461538461
0.18775384615384613
0.34776184615384614
0.37425600000000003
0.47063630769230763
0.5217470769230769
0.5363501538461538
0.5474067692307693
0.384060923076923
0.2207150769230769
-0.030875076923076922
-0.22697353846153845
-0.36966646153846155
-0.55596
-0.6289753846153846
-0.7069975384615383
-0.6243858461538462
-0.42474092307692307
-0.1942209230769231
0.1289243076923077
0.33962584615384617
0.5426086153846154
0.6946892307692308
0.7180541538461538
0.7076233846153847
0.5188264615384615
0.27620676923076926
0.030875076923076922
-0.2864289230769231
-0.46250030769230766
-0.5786990769230769
-0.6475421538461539
-0.590172923076923
-0.5221643076923077
-0.35694092307692304
-0.15145476923076923
0.06070707692307692
0.3198073846153846
0.48816
0.593928
0.634608
0.5891298461538461
0.49817353846153845
0.28955815384615385
0.034630153846153845
-0.2236356923076923
-0.48106707692307693
-0.6285581538461538
-0.729528
-0.7662443076923077
-0.698027076923077
-0.5924676923076923
-0.4053396923076923
-0.2127876923076923
-0.04902461538461538
0.14206707692307693
0.2897667692307692
0.4291218461538462
0.5453206153846154
0.5789076923076923
0.5540824615384615
0.44643692307692306
0.28476
0.08824430769230769
-0.12955015384615384
-0.3269003076923077
-0.4850307692307692
-0.551579076923077
-0.5526221538461538
-0.4877427692307692
-0.30061476923076924
-0.07823076923076923
0.1787833846153846
0.44455938461538463
0.6421181538461538
0.7973279999999999
0.8496904615384615
0.8117224615384615
0.703451076923077
0.4873255384615384
0.23803015384615384
-0.02273907692307692
-0.2858030769230769
-0.5029716923076922
-0.6648572307692308
-0.7263987692307693
-0.6782086153846154
-0.5517876923076923
-0.3584012307692308
-0.13247076923076923
0.13080184615384613
0.38531261538461536
0.5647218461538461
0.6836326153846153
0.6809206153846155
0.5843316923076923
0.43704923076923075
0.21466523076923077
-0.005841230769230769
-0.2236356923076923
-0.42077723076923074
-0.5303003076923076
-0.5824541538461538
-0.5524135384615385
-0.43663199999999996
-0.28121353846153846
-0.08156861538461539
0.11745046153846153
0.2916443076923077
0.4115981538461538
0.46396061538461536
0.47001046153846154
0.41013784615384613
0.31188
0.1792006153846154
0.015020307692307692
-0.13393107692307693
-0.2818393846153846
-0.3882332307692308
-0.4405956923076923
-0.48064984615384615
-0.4606227692307692
-0.39595199999999997
-0.30854215384615385
-0.18921415384615384
-0.06487938461538462
0.07280676923076923
0.1992276923076923
0.2768326153846154
0.3195987692307692
0.3193901538461538
0.28246523076923075
0.222384
0.130176
0.02545107692307692
-0.07948246153846153
-0.17085599999999998
-0.2480436923076923
-0.3095852307692307
-0.33587076923076925
-0.3246055384615385
-0.2601433846153846
-0.1462393846153846
-0.026494153846153844
0.10055261538461538
0.2154996923076923
0.31626092307692305
0.40617415384615385
0.42953907692307686
0.38885907692307686
0.29498215384615384
0.15938215384615384
0.02211323076923077
-0.10368184615384615
-0.19985353846153847
-0.26097784615384617
-0.30186646153846153
-0.29498215384615384
-0.23761292307692305
-0.14269292307692305
-0.017732307692307693
0.09971815384615385
0.20715507692307691
0.2855944615384615
0.33023815384615385
0.3540203076923077
0.3323243076923077
0.2807963076923077
0.1923433846153846
0.09387692307692307
0.021696
-0.032544
-0.056326153846153845
-0.07051199999999999
-0.05820369230769231
-0.005841230769230769
0.06425353846153846
0.13747753846153846
0.173568
0.15896492307692306
0.10806276923076923
0.043600615384615383
-0.011265230769230769
-0.073224
-0.1424843076923077
-0.19818461538461538
-0.23052
-0.22008923076923076
-0.18483323076923078
-0.14436184615384615
-0.09658892307692307
-0.052571076923076915
-0.014603076923076923
0.02753723076923077
0.06884307692307692
0.09179076923076923
0.09012184615384615
0.06425353846153846
0.03024923076923077
-0.014603076923076923
-0.06404492307692307
-0.10910584615384614
-0.15500123076923078
-0.17377661538461536
-0.15082892307692305
-0.08219446153846154
0.01981846153846154
0.12516923076923075
0.22822523076923076
0.3114627692307692
0.360696
0.3740473846153846
0.3319070769230769
0.238656
0.10952307692307692
-0.034630153846153845
-0.15187199999999998
-0.2374043076923077
-0.28788923076923073
-0.2943563076923077
-0.25471938461538457
-0.165432
-0.04902461538461538
0.07781353846153846
0.1927606153846154
0.26765353846153844
0.301032
0.29498215384615384
0.25471938461538457
0.1777403076923077
0.06738276923076922
-0.04526953846153846
-0.1506203076923077
-0.241368
-0.28851507692307693
-0.30207507692307695
-0.2883064615384615
-0.23406646153846156
-0.15500123076923078
-0.04860738461538461
0.05799507692307692
0.15333230769230768
0.24053353846153847
0.29101846153846156
0.31542646153846154
0.30374399999999996
0.2582658461538461
0.18107815384615383
0.07405846153846153
-0.03692492307692308
-0.13601723076923075
-0.19505538461538463
-0.23510953846153848
-0.2591003076923077
-0.24679199999999998
-0.21237046153846154
-0.14311015384615386
-0.052153846153846155
0.03629907692307692
0.11286092307692308
0.168144
0.2059033846153846
0.23072861538461537
0.23490092307692306
0.21654276923076923
0.17273353846153844
0.1045163076923077
0.027745846153846152
-0.053614153846153846
-0.12996738461538462
-0.1927606153846154
-0.2290596923076923
-0.23135446153846154
-0.18754523076923074
-0.09971815384615385
0.0050067692307692304
0.11140061538461538
0.21216184615384615
0.29185292307692307
0.34296369230769225
0.3573581538461538
0.3131316923076923
0.22530461538461538
0.11140061538461538
-0.008344615384615384
-0.11682461538461539
-0.21195323076923075
-0.2853858461538461
-0.32836061538461536
-0.3269003076923077
-0.28246523076923075
-0.19818461538461538
-0.0892873846153846
0.024408000000000003
0.13643446153846153
0.2273907692307692
0.287472
0.3102110769230769
0.2849686153846154
0.21237046153846154
0.10681107692307691
-0.014185846153846153
-0.13080184615384613
-0.22551323076923077
-0.2951907692307692
-0.3239796923076923
-0.29456492307692306
-0.22280123076923075
-0.10827138461538462
0.033169846153846154
0.1666836923076923
0.28121353846153846
0.3437981538461538
0.3558978461538462
0.3229366153846154
0.23844738461538462
0.12496061538461539
-0.008136
-0.13476553846153844
-0.2374043076923077
-0.31062830769230765
-0.33983446153846153
-0.33002953846153843
-0.27850153846153847
-0.1927606153846154
-0.07405846153846153
0.05277969230769231
0.15333230769230768
0.22008923076923076
0.24908676923076922
0.2497126153846154
0.21925476923076925
0.16188553846153847
0.0771876923076923
-0.018358153846153843
-0.09930092307692308
-0.15416676923076922
-0.17732307692307692
-0.1721076923076923
-0.14060676923076923
-0.09053907692307692
-0.017940923076923077
0.05674338461538461
0.13059323076923077
0.19380369230769232
0.2330233846153846
0.26076923076923075
0.2586830769230769
0.24303692307692307
0.21111876923076925
0.14957723076923077
0.07885661538461539
0.002712
-0.06446215384615385
-0.1178676923076923
-0.15291507692307693
-0.17023015384615386
-0.17648861538461538
-0.16167692307692308
-0.12579507692307693
-0.07426707692307692
-0.005632615384615384
0.06341907692307691
0.12579507692307693
0.1787833846153846
0.21132738461538458
0.23510953846153848
0.23010276923076922
0.19380369230769232
0.13789476923076924
0.06404492307692307
-0.013560000000000001
-0.09283384615384616
-0.15792184615384616
-0.21028430769230766
-0.23969907692307693
-0.23281476923076924
-0.1977673846153846
-0.12913292307692306
-0.03296123076923077
0.07405846153846153
0.1783661538461538
0.2624381538461539
0.3229366153846154
0.3440067692307692
0.2989458461538462
0.22342707692307692
0.12516923076923075
0.010222153846153844
-0.09512861538461538
-0.19213476923076922
-0.25117292307692307
-0.2709913846153846
-0.2532590769230769
-0.18232984615384615
-0.08907876923076924
0.011473846153846154
0.10952307692307692
0.18232984615384615
0.2424110769230769
0.2705741538461538
0.26911384615384615
0.24574892307692306
0.19046584615384615
0.130176
0.055491692307692304
-0.021696
-0.0855323076923077
-0.14039815384615384
-0.1635544615384615
-0.15833907692307692
-0.12996738461538462
-0.0828203076923077
-0.03650769230769231
0.014603076923076923
0.07009476923076922
0.1207883076923077
0.1570873846153846
0.1691870769230769
0.1710646153846154
0.1652233846153846
0.13998092307692306
0.0974233846153846
0.05653476923076922
0.01814953846153846
-0.02586830769230769
-0.07051199999999999
-0.10201292307692307
-0.12454338461538461
-0.14603076923076924
-0.15938215384615384
-0.15959076923076923
-0.1356
-0.09867507692307692
-0.04944184615384615
0.0022947692307692304
0.04276615384615385
0.08448923076923077
0.10806276923076923
0.11599015384615384
0.10806276923076923
0.06550523076923077
0.011473846153846154
-0.05653476923076922
-0.12412615384615384
-0.18170399999999998
-0.23010276923076922
-0.24887815384615386
-0.2411593846153846
-0.19505538461538463
-0.12662953846153846
-0.04547815384615384
0.018358153846153843
0.05507446153846154
0.08574092307692306
0.10347323076923076
0.11014892307692307
0.08740984615384616
0.0448523076923077
-0.007301538461538462
-0.05194523076923077
-0.07969107692307692
-0.012934153846153845
0.016897846153846156
-0.04652123076923077
-0.03045784615384615
-0.06446215384615385
-0.01981846153846154
0.056326153846153845
0.004589538461538461
-0.03296123076923077
-0.10535076923076922
-0.059038153846153844
0.03921969230769231
0.07697907692307693
0.0961716923076923
0.03775938461538462
0.07343261538461537
0.13935507692307691
0.20673784615384616
0.25117292307692307
0.1449876923076923
0.07510153846153846
0.017523692307692306
-0.017940923076923077
0.02586830769230769
-0.006258461538461538
0.004798153846153846
0.017315076923076923
-0.014811692307692307
0.06842584615384616
0.10472492307692308
0.12224861538461537
0.14707384615384617
0.078648
0.045895384615384616
0.01940123076923077
0.01668923076923077
0.05799507692307692
0.03358707692307692
-0.0022947692307692304
-0.021278769230769233
-0.003963692307692307
0.05194523076923077
0.0448523076923077
-0.0018775384615384615
-0.07635323076923077
-0.12579507692307693
-0.08615815384615384
-0.06738276923076922
-0.06133292307692308
-0.06154153846153846
-0.07134646153846153
-0.0022947692307692304
0.06946892307692307
0.11953661538461538
0.16897846153846155
0.15124615384615384
0.15938215384615384
0.1856676923076923
0.1635544615384615
0.12141415384615384
0.029414769230769227
-0.06759138461538462
-0.14290153846153844
-0.18379015384615385
-0.1777403076923077
-0.146448
-0.08031692307692308
-0.028788923076923077
0.034630153846153845
0.13476553846153844
0.1990190769230769
0.2526332307692308
0.2632726153846154
0.20861538461538462
0.15103753846153847
0.07092923076923077
-0.005215384615384615
-0.086784
-0.18525046153846153
-0.22405292307692307
-0.21362215384615382
-0.1639716923076923
-0.09658892307692307
-0.05277969230769231
0.003755076923076923
0.07280676923076923
0.1207883076923077
0.12683815384615382
0.08720123076923077
0.04547815384615384
-0.0035464615384615383
-0.054657230769230764
-0.08699261538461538
-0.13998092307692306
-0.15562707692307692
-0.13476553846153844
-0.11432123076923076
-0.05277969230769231
-0.006258461538461538
0.02273907692307692
0.05319692307692307
0.04088861538461538
0.03629907692307692
0.04526953846153846
0.042557538461538466
0.040262769230769234
0.011056615384615385
-0.029206153846153847
-0.061124307692307686
-0.06133292307692308
-0.03337846153846154
-0.011891076923076923
0.006258461538461538
0.002086153846153846
0.0035464615384615383
0.03609046153846154
0.05736923076923077
0.08344615384615384
0.0853236923076923
0.050067692307692306
0.05090215384615384
0.05277969230769231
0.03588184615384615
-0.0006258461538461538
-0.06926030769230769
-0.10409907692307692
-0.09763200000000001
-0.08010830769230769
-0.06529661538461538
-0.08094276923076923
-0.09283384615384616
-0.08052553846153847
-0.04568676923076923
0.006049846153846154
0.03337846153846154
0.04756430769230769
0.04735569230769231
0.04631261538461538
0.065088
0.07051199999999999
0.08073415384615384
0.07092923076923077
0.021487384615384613
-0.018775384615384614
-0.051528
-0.05653476923076922
-0.043600615384615383
-0.053405538461538456
-0.044435076923076924
0.003755076923076923
0.08302892307692307
0.19171753846153847
0.2864289230769231
0.3448412307692308
0.36674584615384614
0.36319938461538465
0.35923569230769226
0.32231076923076923
0.23823876923076923
0.13080184615384613
0.02524246153846154
-0.04318338461538461
-0.08198584615384615
-0.08907876923076924
-0.065088
-0.028788923076923077
0.03984553846153846
0.11014892307692307
0.17982646153846152
0.24679199999999998
0.2695310769230769
0.26306399999999996
0.2261390769230769
0.1704387692307692
0.10931446153846153
0.029414769230769227
-0.058412307692307694
-0.14665661538461539
-0.22342707692307692
-0.2680707692307692
-0.2860116923076923
-0.2703655384615385
-0.23093723076923076
-0.1787833846153846
-0.10722830769230769
-0.027120000000000002
0.06049846153846154
0.12537784615384615
0.14123261538461537
0.13455692307692307
0.11745046153846153
0.07301538461538462
0.004172307692307692
-0.07885661538461539
-0.14477907692307693
-0.18525046153846153
-0.208824
-0.21007569230769232
-0.19025723076923076
-0.14853415384615384
-0.09554584615384615
-0.03692492307692308
0.017523692307692306
0.05862092307692307
0.08615815384615384
0.10159569230769232
0.10555938461538462
0.0936683076923077
0.06571384615384615
0.033169846153846154
-0.0004172307692307692
-0.03901107692307692
-0.06362769230769232
-0.09179076923076923
-0.12016246153846154
-0.11828492307692307
-0.11599015384615384
-0.10180430769230768
-0.07656184615384615
-0.05486584615384615
-0.02086153846153846
-0.0025033846153846152
0.01940123076923077
0.05277969230769231
0.07510153846153846
0.09158215384615384
0.09763200000000001
0.10222153846153846
0.10159569230769232
0.09763200000000001
0.09053907692307692
0.06133292307692308
0.021904615384615383
-0.012934153846153845
-0.040679999999999994
-0.04714707692307692
-0.04526953846153846
-0.03713353846153846
-0.019192615384615384
0.0033378461538461535
0.04672984615384615
0.09575446153846154
0.14749107692307692
0.18879692307692306
0.20193969230769232
0.1992276923076923
0.18066092307692305
0.14749107692307692
0.0853236923076923
0.005215384615384615
-0.06070707692307692
-0.10889723076923077
-0.12955015384615384
-0.12913292307692306
-0.10910584615384614
-0.06633969230769231
-0.014394461538461538
0.04568676923076923
0.10013538461538461
0.13121907692307694
0.1341396923076923
0.11682461538461539
0.09095630769230768
0.05486584615384615
0.01710646153846154
-0.016897846153846156
-0.054657230769230764
-0.0892873846153846
-0.10743692307692307
-0.10868861538461538
-0.09158215384615384
-0.06863446153846153
-0.04819015384615385
-0.020027076923076922
0.00855323076923077
0.03963692307692308
0.05590892307692308
0.04672984615384615
0.025033846153846153
-0.00855323076923077
-0.030875076923076922
-0.05298830769230769
-0.07697907692307693
-0.09095630769230768
-0.103056
-0.08949599999999999
-0.06467076923076923
-0.042974769230769226
-0.023364923076923075
-0.011891076923076923
0.0004172307692307692
0.021278769230769233
0.0448523076923077
0.06008123076923077
0.06446215384615385
0.06341907692307691
0.05820369230769231
0.04380923076923077
0.03713353846153846
0.02524246153846154
0.002712
-0.024199384615384616
-0.04276615384615385
-0.03442153846153846
-0.014603076923076923
0.020027076923076922
0.05799507692307692
0.09429415384615383
0.13622584615384614
0.17690584615384616
0.20819815384615384
0.20944984615384615
0.1718990769230769
0.10722830769230769
0.040054153846153843
-0.026702769230769228
-0.09053907692307692
-0.1435273846153846
-0.17961784615384613
-0.17419384615384614
-0.1289243076923077
-0.042348923076923076
0.06154153846153846
0.15750461538461538
0.24282830769230768
0.30520430769230766
0.3425464615384616
0.3269003076923077
0.2624381538461539
0.15124615384615384
0.008970461538461538
-0.127464
-0.24679199999999998
-0.3248141538461538
-0.3617390769230769
-0.34922215384615385
-0.27599815384615384
-0.15208061538461537
-0.002086153846153846
0.13914646153846155
0.23510953846153848
0.2699483076923077
0.24846092307692308
0.17419384615384614
0.07426707692307692
-0.05069353846153846
-0.18942276923076923
-0.30583015384615386
-0.3813489230769231
-0.39324
-0.3479704615384615
-0.26368984615384616
-0.15500123076923078
-0.03859384615384615
0.08219446153846154
0.19609846153846153
0.2830910769230769
0.32210215384615387
0.31062830769230765
0.26723630769230766
0.21049292307692305
0.15228923076923076
0.08991323076923076
0.01814953846153846
-0.04944184615384615
-0.09992676923076924
-0.12204
-0.116616
-0.09763200000000001
-0.0853236923076923
-0.0771876923076923
-0.06383630769230769
-0.050067692307692306
-0.024199384615384616
0.0070929230769230765
0.029623384615384614
0.043392
0.06216738461538462
0.08887015384615385
0.11223507692307692
0.11077476923076923
0.08094276923076923
0.03337846153846154
-0.02044430769230769
-0.06946892307692307
-0.12642092307692307
-0.18900553846153845
-0.2478350769230769
-0.27328615384615385
-0.2582658461538461
-0.19547261538461536
-0.09283384615384616
0.016272
0.1358086153846154
0.24908676923076922
0.3412947692307692
0.40033292307692303
0.40450523076923073
0.3517255384615385
0.25534523076923077
0.13101046153846155
0.012308307692307691
-0.10180430769230768
-0.21028430769230766
-0.2753723076923077
-0.30374399999999996
-0.27286892307692306
-0.1779489230769231
-0.045895384615384616
0.10055261538461538
0.21466523076923077
0.29227015384615385
0.3392086153846154
0.34296369230769225
0.301032
0.21341353846153846
0.09471138461538461
-0.026494153846153844
-0.12808984615384614
-0.19150892307692308
-0.22154953846153846
-0.22718215384615387
-0.1908830769230769
-0.12391753846153845
-0.028788923076923077
0.0717636923076923
0.15333230769230768
0.21654276923076923
0.24679199999999998
0.26118646153846153
0.2540935384615385
0.22447015384615385
0.18358153846153846
0.13455692307692307
0.09512861538461538
0.06675692307692307
0.04735569230769231
0.04672984615384615
0.04819015384615385
0.045060923076923075
0.04547815384615384
0.02858030769230769
0.016272
-0.006049846153846154
-0.03421292307692308
-0.05653476923076922
-0.09679753846153846
-0.12099692307692309
-0.16209415384615386
-0.1990190769230769
-0.23093723076923076
-0.21758584615384616
-0.10493353846153847
0.037967999999999995
0.22447015384615385
0.38301784615384615
0.5250849230769231
0.6414923076923077
0.6878049230769231
0.6740363076923077
0.5273796923076923
0.3102110769230769
0.06633969230769231
-0.116616
-0.28204799999999997
-0.431208
-0.4877427692307692
-0.4929581538461539
-0.3581926153846154
-0.1800350769230769
0.02232184615384615
0.2154996923076923
0.33566215384615383
0.43704923076923075
0.4205686153846153
0.32231076923076923
0.1504116923076923
-0.0853236923076923
-0.2962338461538461
-0.5067267692307692
-0.6383630769230769
-0.6727846153846154
-0.6296012307692308
-0.46375199999999994
-0.2737033846153846
-0.061124307692307686
0.13789476923076924
0.24762646153846155
0.3291950769230769
0.2906012307692308
0.17294215384615383
0.05069353846153846
-0.08594953846153845
-0.1397723076923077
-0.1710646153846154
-0.184416
-0.14978584615384616
-0.10681107692307691
-0.02044430769230769
0.05236246153846154
0.08094276923076923
0.08574092307692306
0.058829538461538454
0.04902461538461538
0.026702769230769228
-0.023990769230769232
-0.07051199999999999
-0.1356
-0.15228923076923076
-0.127464
-0.09179076923076923
-0.011056615384615385
0.06529661538461538
0.14999446153846155
0.23907323076923076
0.2647329230769231
0.23823876923076923
0.1422756923076923
-0.008970461538461538
-0.15604430769230768
-0.29832
-0.3746732307692308
-0.37091815384615384
-0.3062473846153846
-0.16856123076923077
0.0033378461538461535
0.19964492307692308
0.3798886153846154
0.5063095384615385
0.5638873846153847
0.5198695384615385
0.4211944615384615
0.2953993846153846
0.14331876923076922
0.004589538461538461
-0.12308307692307692
-0.21216184615384615
-0.23135446153846154
-0.20047938461538461
-0.12287446153846153
-0.03504738461538461
0.051319384615384614
0.14811692307692306
0.23260615384615385
0.28663753846153844
0.2814221538461538
0.2275993846153846
0.14018953846153845
0.03358707692307692
-0.06321046153846153
-0.15520984615384617
-0.222384
-0.24554030769230767
-0.23156307692307693
-0.1718990769230769
-0.0892873846153846
-0.009179076923076922
0.06926030769230769
0.11494707692307692
0.1207883076923077
0.0961716923076923
0.03609046153846154
-0.02753723076923077
-0.08740984615384616
-0.14081538461538462
-0.15646153846153846
-0.13706030769230768
-0.08156861538461539
0.002086153846153846
0.09095630769230768
0.1721076923076923
0.21049292307692305
0.2138307692307692
0.18483323076923078
0.10389046153846154
-0.010013538461538461
-0.146448
-0.26118646153846153
-0.32606584615384615
-0.3584012307692308
-0.33983446153846153
-0.28934953846153844
-0.21341353846153846
-0.0961716923076923
0.01814953846153846
0.10910584615384614
0.165432
0.1787833846153846
0.17523692307692307
0.13706030769230768
0.06028984615384615
-0.03671630769230769
-0.14311015384615386
-0.2209236923076923
-0.2734947692307692
-0.2951907692307692
-0.27975323076923075
-0.2422024615384615
-0.16042523076923076
-0.06154153846153846
0.0448523076923077
0.15166338461538462
0.22175815384615383
0.27620676923076926
0.2937304615384615
0.2764153846153846
0.24512307692307692
0.18754523076923074
0.13706030769230768
0.08866153846153846
0.03692492307692308
0.008344615384615384
-0.003755076923076923
0.0008344615384615384
0.006675692307692307
-0.0016689230769230767
-0.008136
-0.022530461538461537
-0.03963692307692308
-0.054240000000000003
-0.07364123076923076
-0.07238953846153846
-0.05111076923076923
-0.0077187692307692304
0.058829538461538454
0.11745046153846153
0.1785747692307692
0.23010276923076922
0.26452430769230767
0.2868461538461538
0.2641070769230769
0.19881046153846152
0.10201292307692307
-0.013560000000000001
-0.12725538461538463
-0.23677846153846152
-0.31667815384615383
-0.3513083076923077
-0.33607938461538456
-0.2624381538461539
-0.14728246153846153
-0.0014603076923076922
0.13872923076923074
0.24720923076923076
0.32335384615384616
0.34358953846153845
0.301032
0.20173107692307693
0.06341907692307691
-0.08699261538461538
-0.23615261538461538
-0.3506824615384615
-0.4072172307692307
-0.41556184615384617
-0.37196123076923077
-0.2851772307692308
-0.1652233846153846
-0.02023569230769231
0.12162276923076921
0.2288510769230769
0.2891409230769231
0.301032
0.2638984615384615
0.19547261538461536
0.10555938461538462
0.0002086153846153846
-0.10013538461538461
-0.17002153846153847
-0.18650215384615382
-0.14707384615384617
-0.07593599999999999
0.010013538461538461
0.092208
0.16438892307692307
0.22008923076923076
0.2411593846153846
0.2290596923076923
0.17502830769230768
0.09325107692307691
0.015228923076923076
-0.0448523076923077
-0.0855323076923077
-0.11098338461538461
-0.119328
-0.1028473846153846
-0.06487938461538462
-0.014394461538461538
0.040679999999999994
0.078648
0.0961716923076923
0.1028473846153846
0.09179076923076923
0.08073415384615384
0.06738276923076922
0.043600615384615383
0.02795446153846154
0.013351384615384614
0.01272553846153846
0.027120000000000002
0.0446436923076923
0.06425353846153846
0.08010830769230769
0.09408553846153846
0.10722830769230769
0.11828492307692307
0.12496061538461539
0.11473846153846154
0.09387692307692307
0.08949599999999999
0.0934596923076923
0.09763200000000001
0.09179076923076923
0.07218092307692307
0.05048492307692308
0.021696
0.0
-0.016063384615384615
-0.03859384615384615
-0.061124307692307686
-0.08448923076923077
-0.08323753846153846
-0.06216738461538462
-0.029623384615384614
0.012099692307692308
0.03921969230769231
0.07030338461538461
0.10514215384615383
0.1287156923076923
0.13309661538461537
0.10827138461538462
0.06613107692307692
0.017940923076923077
-0.028788923076923077
-0.06362769230769232
-0.09700615384615385
-0.12162276923076921
-0.12120553846153845
-0.10013538461538461
-0.059872615384615385
-0.008344615384615384
0.054240000000000003
0.11327815384615383
0.15374953846153847
0.17544553846153846
0.17648861538461538
0.16313723076923078
0.11703323076923078
0.04214030769230769
-0.03567323076923076
-0.11160923076923077
-0.17169046153846151
-0.21341353846153846
-0.22718215384615387
-0.20798953846153845
-0.17085599999999998
-0.11077476923076923
-0.03212676923076923
0.04860738461538461
0.1207883076923077
0.16230276923076925
0.18107815384615383
0.1869193846153846
0.16626646153846153
0.13038461538461538
0.08782707692307692
0.04672984615384615
0.02357353846153846
0.009804923076923077
0.006884307692307692
0.021070153846153846
0.03859384615384615
0.06633969230769231
0.09179076923076923
0.10868861538461538
0.12996738461538462
0.14081538461538462
0.14436184615384615
0.13372246153846154
0.11286092307692308
0.09700615384615385
0.07384984615384615
0.06008123076923077
0.05048492307692308
0.03421292307692308
0.028163076923076923
0.015437538461538461
0.008136
-0.005841230769230769
-0.034630153846153845
-0.05653476923076922
-0.07969107692307692
-0.09596307692307693
-0.10681107692307691
-0.10493353846153847
-0.0678
-0.009804923076923077
0.059664
0.13643446153846153
0.19505538461538463
0.23406646153846156
0.2480436923076923
0.238656
0.2073636923076923
0.14206707692307693
0.06195876923076923
-0.02482523076923077
-0.10055261538461538
-0.15896492307692306
-0.1990190769230769
-0.20798953846153845
-0.19192615384615386
-0.13768615384615385
-0.05945538461538461
0.02586830769230769
0.11056615384615384
0.1710646153846154
0.2090326153846154
0.22134092307692307
0.21174461538461536
0.17628
0.0963803076923077
-0.005841230769230769
-0.11599015384615384
-0.22113230769230768
-0.29832
-0.35256
-0.3648683076923077
-0.34588430769230766
-0.30019753846153846
-0.21320492307692307
-0.1151556923076923
-0.011682461538461537
0.07843938461538462
0.146448
0.20298276923076922
0.23072861538461537
0.2238443076923077
0.1867107692307692
0.12788123076923075
0.05945538461538461
-0.005841230769230769
-0.06133292307692308
-0.10597661538461538
-0.14081538461538462
-0.16438892307692307
-0.17502830769230768
-0.1656406153846154
-0.13455692307692307
-0.09012184615384615
-0.03421292307692308
0.022947692307692308
0.07969107692307692
0.12767261538461538
0.15750461538461538
0.17544553846153846
0.17148184615384612
0.13893784615384613
0.09596307692307693
0.044435076923076924
-0.01397723076923077
-0.07238953846153846
-0.12934153846153845
-0.16647507692307692
-0.18712800000000002
-0.1860849230769231
-0.15917353846153848
-0.1136953846153846
-0.04839876923076923
0.028371692307692306
0.10681107692307691
0.17169046153846151
0.21174461538461536
0.21320492307692307
0.18712800000000002
0.1397723076923077
0.07781353846153846
0.007927384615384614
-0.07051199999999999
-0.13309661538461537
-0.16730953846153845
-0.16730953846153845
-0.13393107692307693
-0.08490646153846154
-0.03045784615384615
0.02545107692307692
0.06759138461538462
0.09930092307692308
0.11745046153846153
0.10347323076923076
0.06008123076923077
0.0004172307692307692
-0.06279323076923077
-0.11202646153846153
-0.14206707692307693
-0.15604430769230768
-0.146448
-0.11974523076923077
-0.078648
-0.031709538461538456
0.011056615384615385
0.03963692307692308
0.0448523076923077
0.03337846153846154
0.004172307692307692
-0.02273907692307692
-0.054240000000000003
-0.08511507692307693
-0.12350030769230769
-0.15374953846153847
-0.14603076923076924
-0.15124615384615384
-0.13393107692307693
-0.10243015384615384
-0.06049846153846154
0.0006258461538461538
0.052153846153846155
0.08699261538461538
0.12704676923076924
0.14978584615384616
0.22968553846153844
0.35694092307692304
0.23406646153846156
0.12412615384615384
0.01043076923076923
-0.15228923076923076
-0.09179076923076923
-0.2436627692307692
-0.40513107692307687
-0.5071439999999999
-0.5774473846153846
-0.3375396923076923
-0.19797599999999999
-0.015020307692307692
0.09283384615384616
0.17002153846153847
0.44351630769230765
0.544068923076923
0.6621452307692308
0.5509532307692308
0.29185292307692307
0.18754523076923074
-0.042348923076923076
-0.1045163076923077
-0.2056947692307692
-0.38280923076923074
-0.32606584615384615
-0.41431015384615383
-0.33587076923076925
-0.12621230769230768
-0.04401784615384615
0.22029784615384615
0.3062473846153846
0.3344104615384615
0.4449766153846154
0.4072172307692307
0.485448
0.4472713846153846
0.26911384615384615
0.12558646153846154
-0.07739630769230768
-0.11724184615384614
-0.15187199999999998
-0.24908676923076922
-0.2860116923076923
-0.3611132307692308
-0.2655673846153846
-0.119328
-0.061750153846153844
0.04902461538461538
0.059664
0.12454338461538461
0.2701569230769231
0.3072904615384615
0.38948492307692306
0.38426953846153844
0.3179298461538461
0.3312812307692308
0.24720923076923076
0.15750461538461538
0.042557538461538466
-0.13434830769230768
-0.24470584615384613
-0.35694092307692304
-0.40325353846153844
-0.37780246153846153
-0.2862203076923077
-0.13476553846153844
-0.03129230769230769
0.14603076923076924
0.3133403076923077
0.41952553846153845
0.5227901538461539
0.44977476923076926
0.3383741538461538
0.22843384615384613
0.04568676923076923
-0.07635323076923077
-0.24679199999999998
-0.38948492307692306
-0.42787015384615384
-0.4443507692307692
-0.3567323076923076
-0.2624381538461539
-0.15291507692307693
0.03650769230769231
0.2056947692307692
0.35235138461538457
0.41973415384615387
0.444768
0.46625538461538457
0.38280923076923074
0.2722430769230769
0.10931446153846153
-0.08240307692307691
-0.17419384615384614
-0.28267384615384616
-0.33941723076923075
-0.31751261538461534
-0.3095852307692307
-0.19818461538461538
-0.08344615384615384
0.004589538461538461
0.1314276923076923
0.19839323076923077
0.2517987692307692
0.26640184615384616
0.21967199999999998
0.15374953846153847
0.06884307692307692
0.02482523076923077
-0.013768615384615384
-0.052153846153846155
-0.08615815384615384
-0.15208061538461537
-0.15228923076923076
-0.12829846153846153
-0.10535076923076922
-0.051319384615384614
-0.06049846153846154
-0.040262769230769234
0.03880246153846154
0.08866153846153846
0.14999446153846155
0.15875630769230767
0.1368516923076923
0.15896492307692306
0.15667015384615385
0.14957723076923077
0.1028473846153846
0.0077187692307692304
-0.06571384615384615
-0.13226215384615383
-0.1585476923076923
-0.16042523076923076
-0.15646153846153846
-0.12955015384615384
-0.11724184615384614
-0.073224
-0.0029206153846153843
0.059664
0.1462393846153846
0.173568
0.1543753846153846
0.143736
0.1045163076923077
0.0961716923076923
0.06070707692307692
-0.03275261538461539
-0.09199938461538461
-0.12829846153846153
-0.10681107692307691
-0.051319384615384614
-0.02524246153846154
0.0077187692307692304
0.05027630769230769
0.12266584615384615
0.20673784615384616
0.25659692307692306
0.2707827692307692
0.22780799999999998
0.17294215384615383
0.12120553846153845
0.052153846153846155
-0.0008344615384615384
-0.05653476923076922
-0.09137353846153846
-0.07948246153846153
-0.06195876923076923
-0.002086153846153846
0.07364123076923076
0.12141415384615384
0.15500123076923078
0.15374953846153847
0.1506203076923077
0.1368516923076923
0.08636676923076922
0.005841230769230769
-0.10222153846153846
-0.19672430769230767
-0.252216
-0.2540935384615385
-0.22780799999999998
-0.2056947692307692
-0.1558356923076923
-0.07405846153846153
0.030040615384615384
0.13726892307692307
0.19588984615384614
0.22175815384615383
0.2290596923076923
0.20173107692307693
0.16063384615384615
0.08761846153846153
-0.012934153846153845
-0.09283384615384616
-0.15562707692307692
-0.1873366153846154
-0.1800350769230769
-0.15479261538461536
-0.11286092307692308
-0.06133292307692308
-0.0077187692307692304
0.03901107692307692
0.06905169230769231
0.08302892307692307
0.0744756923076923
0.045895384615384616
-0.003129230769230769
-0.06300184615384616
-0.10597661538461538
-0.1368516923076923
-0.14206707692307693
-0.12308307692307692
-0.0974233846153846
-0.048816000000000005
0.011473846153846154
0.06946892307692307
0.11953661538461538
0.13205353846153844
0.11557292307692307
0.09053907692307692
0.040054153846153843
-0.005841230769230769
-0.04172307692307692
-0.06633969230769231
-0.06133292307692308
-0.041514461538461535
0.004798153846153846
0.06049846153846154
0.1178676923076923
0.1639716923076923
0.1704387692307692
0.15959076923076923
0.1287156923076923
0.08845292307692308
0.056951999999999996
0.014185846153846153
-0.026076923076923077
-0.06195876923076923
-0.09596307692307693
-0.09491999999999999
-0.07697907692307693
-0.052153846153846155
-0.021487384615384613
0.005424
0.05090215384615384
0.10347323076923076
0.13726892307692307
0.14394461538461537
0.13226215384615383
0.111192
0.09137353846153846
0.06988615384615385
0.042557538461538466
0.021904615384615383
0.006258461538461538
-0.003129230769230769
0.0012516923076923076
0.013560000000000001
0.022947692307692308
0.03358707692307692
0.032544
0.030875076923076922
0.04109723076923077
0.049233230769230765
0.05277969230769231
0.04276615384615385
0.030040615384615384
0.021696
0.017315076923076923
0.016897846153846156
0.0029206153846153843
-0.02232184615384615
-0.04985907692307692
-0.0717636923076923
-0.08866153846153846
-0.1045163076923077
-0.138312
-0.1800350769230769
-0.20486030769230767
-0.20840676923076923
-0.17419384615384614
-0.1356
-0.09784061538461537
-0.05924676923076923
-0.024408000000000003
0.025659692307692307
0.07280676923076923
0.09471138461538461
0.08344615384615384
0.04965046153846154
0.012308307692307691
-0.006258461538461538
-0.01981846153846154
-0.04735569230769231
-0.07134646153846153
-0.08115138461538463
-0.07051199999999999
-0.03400430769230769
0.018983999999999997
0.06154153846153846
0.09471138461538461
0.12266584615384615
0.14853415384615384
0.1639716923076923
0.14999446153846155
0.10889723076923077
0.040679999999999994
-0.030875076923076922
-0.0892873846153846
-0.12099692307692309
-0.14164984615384615
-0.15625292307692307
-0.1435273846153846
-0.11578153846153846
-0.05507446153846154
0.013142769230769229
0.061124307692307686
0.09199938461538461
0.09491999999999999
0.09512861538461538
0.09387692307692307
0.0771876923076923
0.044435076923076924
-0.005841230769230769
-0.05048492307692308
-0.07697907692307693
-0.0828203076923077
-0.07572738461538461
-0.07072061538461538
-0.051528
-0.01856676923076923
0.03212676923076923
0.0936683076923077
0.13476553846153844
0.15416676923076922
0.15520984615384617
0.143736
0.1207883076923077
0.08845292307692308
0.040679999999999994
-0.020652923076923076
-0.07551876923076924
-0.11056615384615384
-0.12496061538461539
-0.12683815384615382
-0.11745046153846153
-0.09804923076923076
-0.06070707692307692
-0.007927384615384614
0.05653476923076922
0.10514215384615383
0.12496061538461539
0.12683815384615382
0.11599015384615384
0.1136953846153846
0.10827138461538462
0.08344615384615384
0.05048492307692308
0.018358153846153843
0.002712
0.006675692307692307
0.015646153846153844
0.015020307692307692
-0.0006258461538461538
-0.012308307692307691
-0.008344615384615384
0.011265230769230769
0.030875076923076922
0.03150092307692308
0.019609846153846155
0.006675692307692307
0.005424
0.02899753846153846
0.052153846153846155
0.052153846153846155
0.03963692307692308
0.020652923076923076
0.012516923076923077
0.0043809230769230765
-0.021278769230769233
-0.06341907692307691
-0.12683815384615382
-0.17982646153846152
-0.20694646153846152
-0.2059033846153846
-0.17982646153846152
-0.13789476923076924
-0.07489292307692308
0.008136
0.11765907692307691
0.2225926153846154
0.29414769230769233
0.32377107692307694
0.30708184615384615
0.26452430769230767
0.1927606153846154
0.09700615384615385
-0.01981846153846154
-0.1476996923076923
-0.2497126153846154
-0.31104553846153843
-0.31918153846153846
-0.27850153846153847
-0.2073636923076923
-0.10785415384615385
0.007510153846153846
0.13184492307692308
0.23969907692307693
0.29602523076923076
0.30249230769230767
0.26160369230769226
0.19296923076923078
0.11348676923076922
0.016897846153846156
-0.08824430769230769
-0.1777403076923077
-0.23656984615384613
-0.25513661538461535
-0.23531815384615382
-0.1869193846153846
-0.12955015384615384
-0.06633969230769231
0.006675692307692307
0.06946892307692307
0.12141415384615384
0.157296
0.1718990769230769
0.17648861538461538
0.17169046153846151
0.16584923076923075
0.1558356923076923
0.13643446153846153
0.116616
0.09283384615384616
0.06654830769230768
0.0448523076923077
0.02086153846153846
-0.006049846153846154
-0.03066646153846154
-0.04214030769230769
-0.026911384615384615
0.0016689230769230767
0.037342153846153844
0.06926030769230769
0.10764553846153846
0.13080184615384613
0.12683815384615382
0.11265230769230769
0.06154153846153846
-0.003129230769230769
-0.09074769230769231
-0.16710092307692306
-0.21466523076923077
-0.2021483076923077
-0.130176
0.05528307692307692
0.26160369230769226
0.38990215384615384
0.6106172307692308
0.7309883076923077
0.8183981538461539
0.8209015384615383
0.6243858461538462
0.38030584615384616
-0.003755076923076923
-0.3269003076923077
-0.6506713846153847
-0.9523292307692308
-1.106496
-1.186812923076923
-0.9998935384615384
-0.6775827692307692
-0.23218892307692307
0.30207507692307695
0.7170110769230769
1.105452923076923
1.3059323076923077
1.308435692307692
1.168246153846154
0.7766750769230769
0.32335384615384616
-0.20256553846153844
-0.7453827692307692
-1.0852172307692307
-1.3157372307692308
-1.3363901538461538
-1.1638652307692308
-0.9126923076923076
-0.5108990769230769
-0.08845292307692308
0.37196123076923077
0.8158947692307691
1.1046184615384615
1.2731796923076923
1.262123076923077
1.1223507692307693
0.8670055384615385
0.45749353846153845
0.02044430769230769
-0.43412861538461534
-0.8229876923076923
-1.047875076923077
-1.1722098461538462
-1.1294436923076923
-0.9408553846153846
-0.6727846153846154
-0.30708184615384615
0.05194523076923077
0.37425600000000003
0.6719501538461539
0.8563661538461539
0.9719390769230769
0.9911316923076923
0.8824430769230769
0.7128387692307692
0.4360061538461539
0.11703323076923078
-0.22175815384615383
-0.5597150769230769
-0.8252824615384615
-1.0209636923076923
-1.0852172307692307
-1.0591403076923076
-0.9231230769230769
-0.6189618461538461
-0.2503384615384615
0.18212123076923076
0.6166670769230769
0.9615083076923076
1.217062153846154
1.3021772307692308
1.2385495384615384
1.0226326153846155
0.6487938461538462
0.22405292307692307
-0.23260615384615385
-0.6596418461538461
-1.0053175384615385
-1.2402184615384615
-1.2971704615384614
-1.1970350769230769
-0.955667076923077
-0.5976830769230769
-0.16438892307692307
0.3225193846153846
0.766452923076923
1.09836
1.2996738461538462
1.3080184615384616
1.1523913846153846
0.8603298461538461
0.43475446153846153
-0.020027076923076922
-0.47960676923076917
-0.8814
-1.1484276923076921
-1.2977963076923076
-1.2673384615384615
-1.0693624615384614
-0.7414190769230768
-0.3152178461538461
0.119328
0.5292572307692308
0.8473956923076923
1.0585144615384616
1.155937846153846
1.0971083076923076
0.9103975384615384
0.6054018461538461
0.2438713846153846
-0.11244369230769231
-0.4522781538461538
-0.7126301538461539
-0.8782707692307692
-0.9496172307692308
-0.886824
-0.7236867692307692
-0.49003753846153847
-0.2090326153846154
0.06654830769230768
0.33065538461538463
0.5611753846153846
0.7241040000000001
0.8029606153846153
0.782724923076923
0.6811292307692307
0.5167403076923076
0.31250584615384613
0.111192
-0.10138707692307691
-0.30520430769230766
-0.47355692307692304
-0.6066535384615385
-0.6510886153846154
-0.6266806153846154
-0.5313433846153847
-0.37300430769230764
-0.20652923076923077
0.004589538461538461
0.2369870769230769
0.47668615384615387
0.6978184615384615
0.8206929230769231
0.8586609230769231
0.8161033846153846
0.7019907692307692
0.5317606153846154
0.2943563076923077
0.016272
-0.26765353846153844
-0.5013027692307692
-0.6419095384615385
-0.7036596923076923
-0.6788344615384615
-0.5805766153846154
-0.41994276923076923
-0.1942209230769231
0.053614153846153846
0.30895938461538464
0.5182006153846154
0.6483766153846154
0.70512
0.6713243076923077
0.5726492307692308
0.41723076923076924
0.21174461538461536
-0.021278769230769233
-0.241368
-0.4017932307692308
-0.4892030769230769
-0.5010941538461539
-0.45373846153846153
-0.36549415384615386
-0.23510953846153848
-0.08574092307692306
0.04631261538461538
0.1543753846153846
0.214248
0.2275993846153846
0.22175815384615383
0.1927606153846154
0.14811692307692306
0.08615815384615384
0.011682461538461537
-0.04380923076923077
-0.09053907692307692
-0.12850707692307692
-0.14916
-0.18504184615384617
-0.2288510769230769
-0.2705741538461538
-0.292896
-0.2883064615384615
-0.2845513846153846
-0.2699483076923077
-0.23510953846153848
-0.1792006153846154
-0.10180430769230768
-0.011473846153846154
0.084072
0.16313723076923078
0.2138307692307692
0.23969907692307693
0.22154953846153846
0.15833907692307692
0.05194523076923077
-0.09241661538461539
-0.24053353846153847
-0.3698750769230769
-0.4641692307692307
-0.5050578461538461
-0.48586523076923077
-0.4113895384615384
-0.2799618461538461
-0.11140061538461538
0.07384984615384615
0.2601433846153846
0.41326707692307696
0.5131938461538461
0.5538738461538462
0.5290486153846153
0.43245969230769227
0.27850153846153847
0.09012184615384615
-0.09679753846153846
-0.2557624615384615
-0.3884418461538462
-0.4683415384615384
-0.48565661538461535
-0.4489403076923077
-0.3565236923076923
-0.2154996923076923
-0.040054153846153843
0.12537784615384615
0.26097784615384617
0.3648683076923077
0.43245969230769227
0.4599969230769231
0.43934399999999996
0.3836436923076923
0.301032
0.19797599999999999
0.09095630769230768
-0.015854769230769228
-0.1097316923076923
-0.1777403076923077
-0.22008923076923076
-0.2275993846153846
-0.18754523076923074
-0.11494707692307692
-0.021904615384615383
0.0853236923076923
0.18191261538461537
0.26494153846153845
0.32502276923076917
0.36319938461538465
0.37884553846153846
0.35694092307692304
0.2997803076923077
0.22113230769230768
0.13643446153846153
0.04756430769230769
-0.05090215384615384
-0.14290153846153844
-0.2236356923076923
-0.2814221538461538
-0.29685969230769227
-0.27286892307692306
-0.2073636923076923
-0.11557292307692307
-0.0033378461538461535
0.12120553846153845
0.23886461538461537
0.3206418461538461
0.3554806153846154
0.34317230769230767
0.29456492307692306
0.22300984615384614
0.11828492307692307
0.0043809230769230765
-0.11327815384615383
-0.2207150769230769
-0.2853858461538461
-0.3137575384615385
-0.30270092307692303
-0.24866953846153847
-0.16292861538461537
-0.04401784615384615
0.0855323076923077
0.20173107692307693
0.2891409230769231
0.3291950769230769
0.33002953846153843
0.2868461538461538
0.2138307692307692
0.11891076923076922
0.0012516923076923076
-0.10827138461538462
-0.19693292307692306
-0.2497126153846154
-0.24512307692307692
-0.20298276923076922
-0.12725538461538463
-0.03609046153846154
0.04985907692307692
0.13706030769230768
0.19004861538461537
0.20778092307692309
0.18921415384615384
0.13622584615384614
0.07572738461538461
0.01814953846153846
-0.01981846153846154
-0.04902461538461538
-0.05862092307692307
-0.04172307692307692
-0.002712
0.06216738461538462
0.12016246153846154
0.14853415384615384
0.14290153846153844
0.09784061538461537
0.031918153846153846
-0.037342153846153844
-0.12412615384615384
-0.19881046153846152
-0.24741784615384615
-0.265776
-0.23052
-0.15625292307692307
-0.04965046153846154
0.0609156923076923
0.16042523076923076
0.2480436923076923
0.30374399999999996
0.3202246153846154
0.2822566153846154
0.19881046153846152
0.08887015384615385
-0.03275261538461539
-0.13893784615384613
-0.22488738461538463
-0.28350830769230767
-0.2997803076923077
-0.2851772307692308
-0.21988061538461537
-0.10910584615384614
0.009596307692307692
0.11974523076923077
0.1908830769230769
0.22968553846153844
0.24574892307692306
0.22154953846153846
0.16042523076923076
0.06988615384615385
-0.018775384615384614
-0.07948246153846153
-0.10555938461538462
-0.09784061538461537
-0.0828203076923077
-0.061124307692307686
-0.03483876923076923
-0.010848
0.014811692307692307
0.016897846153846156
-0.0016689230769230767
-0.027745846153846152
-0.04860738461538461
-0.04756430769230769
-0.028163076923076923
0.014394461538461538
0.06592246153846154
0.1136953846153846
0.15667015384615385
0.1908830769230769
0.208824
0.1883796923076923
0.12725538461538463
0.03880246153846154
-0.04860738461538461
-0.11265230769230769
-0.15270646153846154
-0.16501476923076921
-0.15333230769230768
-0.1097316923076923
-0.027328615384615382
0.08386338461538462
0.19568123076923075
0.2849686153846154
0.3538116923076923
0.39344861538461534
0.40575692307692307
0.3821833846153846
0.30666461538461537
0.19526400000000002
0.059664
-0.0717636923076923
-0.1652233846153846
-0.22154953846153846
-0.24491446153846153
-0.23823876923076923
-0.19442953846153843
-0.11014892307692307
-0.0012516923076923076
0.10576799999999999
0.17440246153846153
0.206112
0.1990190769230769
0.17315076923076922
0.143736
0.09804923076923076
0.051319384615384614
-0.0006258461538461538
-0.03713353846153846
-0.04944184615384615
-0.05653476923076922
-0.06738276923076922
-0.09429415384615383
-0.12704676923076924
-0.14790830769230767
-0.16042523076923076
-0.1693956923076923
-0.17481969230769231
-0.18066092307692305
-0.17169046153846151
-0.14603076923076924
-0.09158215384615384
-0.014394461538461538
0.059664
0.12537784615384615
0.17169046153846151
0.20110523076923076
0.20423446153846153
0.15500123076923078
0.059664
-0.06550523076923077
-0.19380369230769232
-0.29414769230769233
-0.36319938461538465
-0.3863556923076923
-0.3615304615384615
-0.2814221538461538
-0.15896492307692306
-0.0070929230769230765
0.12496061538461539
0.19338646153846153
0.233232
0.2453316923076923
0.2503384615384615
0.2371956923076923
0.1779489230769231
0.1045163076923077
0.06133292307692308
0.05194523076923077
0.08991323076923076
0.07697907692307693
-0.018775384615384614
-0.09658892307692307
-0.18232984615384615
-0.14144123076923076
-0.13893784615384613
-0.20256553846153844
-0.21237046153846154
-0.2795446153846154
-0.168144
-0.05924676923076923
0.02586830769230769
0.111192
0.08657538461538461
0.19317784615384614
0.23510953846153848
0.25930892307692305
0.2342750769230769
0.04860738461538461
-0.062376
-0.22447015384615385
-0.31813846153846154
-0.3269003076923077
-0.37926276923076924
-0.2962338461538461
-0.21842030769230766
-0.111192
0.0988836923076923
0.23615261538461538
0.40679999999999994
0.4816929230769231
0.4211944615384615
0.38677292307692307
0.2737033846153846
0.22008923076923076
0.15646153846153846
-0.003755076923076923
-0.11640738461538462
-0.23469230769230767
-0.24470584615384613
-0.18650215384615382
-0.18107815384615383
-0.1504116923076923
-0.13247076923076923
-0.065088
0.06905169230769231
0.14686523076923075
0.20193969230769232
0.19588984615384614
0.17169046153846151
0.20715507692307691
0.200688
0.19380369230769232
0.16480615384615382
0.09325107692307691
0.055491692307692304
-0.008970461538461538
-0.07259815384615384
-0.13747753846153846
-0.25701415384615384
-0.3350363076923077
-0.3675803076923077
-0.3421292307692308
-0.23093723076923076
-0.0988836923076923
0.07280676923076923
0.23052
0.3711267692307692
0.5017199999999999
0.5455292307692308
0.5236246153846154
0.38719015384615385
0.1927606153846154
0.018983999999999997
-0.168144
-0.30270092307692303
-0.4151446153846154
-0.49733907692307694
-0.4814843076923077
-0.4170221538461538
-0.2814221538461538
-0.11473846153846154
0.040054153846153843
0.222384
0.3671630769230769
0.45728492307692303
0.4710535384615384
0.38948492307692306
0.2822566153846154
0.12725538461538463
-0.04985907692307692
-0.20819815384615384
-0.3577753846153846
-0.42494953846153843
-0.4268270769230769
-0.36549415384615386
-0.22008923076923076
-0.0717636923076923
0.11494707692307692
0.28663753846153844
0.3811403076923077
0.44122153846153844
0.41723076923076924
0.3544375384615384
0.25346769230769234
0.1045163076923077
-0.029832
-0.16438892307692307
-0.24908676923076922
-0.2776670769230769
-0.2776670769230769
-0.23177169230769232
-0.1829556923076923
-0.0961716923076923
0.015854769230769228
0.09658892307692307
0.1614683076923077
0.16710092307692306
0.15687876923076924
0.1435273846153846
0.103056
0.0771876923076923
0.02357353846153846
-0.03692492307692308
-0.05528307692307692
-0.058412307692307694
-0.03400430769230769
-0.011891076923076923
-0.005424
0.026285538461538457
0.05298830769230769
0.08907876923076924
0.12955015384615384
0.1476996923076923
0.1691870769230769
0.1706473846153846
0.1656406153846154
0.1779489230769231
0.1710646153846154
0.16793538461538463
0.14415323076923076
0.09283384615384616
0.045895384615384616
-0.021070153846153846
-0.05674338461538461
-0.09033046153846153
-0.1353913846153846
-0.14206707692307693
-0.13393107692307693
-0.07948246153846153
0.0008344615384615384
0.065088
0.12204
0.15103753846153847
0.15833907692307692
0.1531236923076923
0.10722830769230769
0.026702769230769228
-0.07405846153846153
-0.17690584615384616
-0.2497126153846154
-0.2989458461538462
-0.29748553846153847
-0.25534523076923077
-0.1846246153846154
-0.06738276923076922
0.055491692307692304
0.19046584615384615
0.3131316923076923
0.39866399999999996
0.43934399999999996
0.40450523076923073
0.31918153846153846
0.20778092307692309
0.07510153846153846
-0.065088
-0.1990190769230769
-0.301032
-0.3410861538461538
-0.31772123076923076
-0.23823876923076923
-0.11953661538461538
0.012308307692307691
0.14123261538461537
0.24074215384615386
0.30833353846153844
0.32543999999999995
0.2697396923076923
0.17899199999999998
0.062376
-0.05674338461538461
-0.16230276923076925
-0.24011630769230768
-0.25388492307692306
-0.22551323076923077
-0.15187199999999998
-0.05090215384615384
0.03692492307692308
0.11724184615384614
0.17523692307692307
0.19735015384615384
0.19046584615384615
0.15667015384615385
0.11181784615384616
0.06529661538461538
0.01272553846153846
-0.02899753846153846
-0.05319692307692307
-0.04756430769230769
-0.015646153846153844
0.031709538461538456
0.09095630769230768
0.13497415384615385
0.15333230769230768
0.13747753846153846
0.10785415384615385
0.06633969230769231
-0.003963692307692307
-0.07572738461538461
-0.12996738461538462
-0.15917353846153848
-0.15792184615384616
-0.12704676923076924
-0.07030338461538461
-0.0014603076923076922
0.06529661538461538
0.12913292307692306
0.17419384615384614
0.1927606153846154
0.17440246153846153
0.11265230769230769
0.03400430769230769
-0.05736923076923077
-0.12850707692307692
-0.16689230769230767
-0.1867107692307692
-0.16876984615384616
-0.12808984615384614
-0.05799507692307692
0.04214030769230769
0.1368516923076923
0.21737723076923077
0.2578486153846154
0.24574892307692306
0.20381723076923075
0.1368516923076923
0.05674338461538461
-0.029832
-0.1045163076923077
-0.14144123076923076
-0.14206707692307693
-0.11452984615384615
-0.07697907692307693
-0.03671630769230769
0.003755076923076923
0.038176615384615385
0.05924676923076923
0.05653476923076922
0.030875076923076922
-0.01397723076923077
-0.06967753846153846
-0.10827138461538462
-0.119328
-0.10618523076923077
-0.061750153846153844
-0.005215384615384615
0.05736923076923077
0.12433476923076923
0.1775316923076923
0.2059033846153846
0.1942209230769231
0.1435273846153846
0.05736923076923077
-0.03233538461538461
-0.10368184615384615
-0.16292861538461537
-0.208824
-0.23510953846153848
-0.20965846153846154
-0.15187199999999998
-0.07969107692307692
0.0
0.050067692307692306
0.08302892307692307
0.08845292307692308
0.06195876923076923
0.013560000000000001
-0.062376
-0.13872923076923074
-0.20632061538461538
-0.2517987692307692
-0.2559710769230769
-0.23448369230769228
-0.18775384615384613
-0.12266584615384615
-0.05319692307692307
0.021904615384615383
0.07656184615384615
0.10868861538461538
0.11056615384615384
0.08115138461538463
0.0446436923076923
0.0033378461538461535
-0.02211323076923077
-0.029832
-0.026702769230769228
-0.003129230769230769
0.04380923076923077
0.10910584615384614
0.1775316923076923
0.21883753846153844
0.23385784615384617
0.2209236923076923
0.1785747692307692
0.12704676923076924
0.04547815384615384
-0.04631261538461538
-0.12496061538461539
-0.17440246153846153
-0.1792006153846154
-0.15520984615384617
-0.10117846153846152
-0.03129230769230769
0.038176615384615385
0.10576799999999999
0.15917353846153848
0.1846246153846154
0.17231630769230769
0.10910584615384614
0.03045784615384615
-0.05090215384615384
-0.12767261538461538
-0.1652233846153846
-0.1794092307692308
-0.1612596923076923
-0.11035753846153845
-0.027745846153846152
0.08323753846153846
0.17815753846153848
0.2503384615384615
0.28663753846153844
0.29581661538461534
0.28788923076923073
0.24992123076923078
0.18504184615384617
0.092208
-0.0077187692307692304
-0.09304246153846155
-0.15249784615384615
-0.18775384615384613
-0.20715507692307691
-0.21195323076923075
-0.1860849230769231
-0.12662953846153846
-0.03921969230769231
0.061124307692307686
0.1358086153846154
0.18983999999999998
0.20944984615384615
0.18879692307692306
0.13852061538461538
0.051319384615384614
-0.04985907692307692
-0.154584
-0.23156307692307693
-0.2638984615384615
-0.2655673846153846
-0.2357353846153846
-0.1881710769230769
-0.12579507692307693
-0.049233230769230765
0.021070153846153846
0.07426707692307692
0.09784061538461537
0.09137353846153846
0.07656184615384615
0.05862092307692307
0.04985907692307692
0.041514461538461535
0.026285538461538457
0.01981846153846154
0.015228923076923076
0.01940123076923077
0.02482523076923077
0.018358153846153843
0.0018775384615384615
-0.01814953846153846
-0.029206153846153847
-0.026494153846153844
-0.017523692307692306
-0.011682461538461537
-0.007301538461538462
0.008344615384615384
0.04401784615384615
0.08907876923076924
0.13601723076923075
0.16501476923076921
0.16772676923076923
0.1612596923076923
0.14540492307692307
0.11974523076923077
0.08365476923076923
0.021278769230769233
-0.04819015384615385
-0.10222153846153846
-0.12662953846153846
-0.11098338461538461
-0.08031692307692308
-0.03400430769230769
0.031918153846153846
0.11807630769230769
0.2154996923076923
0.29456492307692306
0.33357600000000004
0.3246055384615385
0.2722430769230769
0.19505538461538463
0.10368184615384615
-0.008136
-0.12725538461538463
-0.23969907692307693
-0.3116713846153846
-0.3291950769230769
-0.29727692307692305
-0.22029784615384615
-0.12579507692307693
-0.012934153846153845
0.0988836923076923
0.19526400000000002
0.2624381538461539
0.27182584615384614
0.23844738461538462
0.17252492307692308
0.09846646153846153
0.024199384615384616
-0.046104
-0.100344
-0.13935507692307691
-0.15103753846153847
-0.12934153846153845
-0.07259815384615384
-0.0033378461538461535
0.05820369230769231
0.11265230769230769
0.15333230769230768
0.17023015384615386
0.15792184615384616
0.1028473846153846
0.009804923076923077
-0.11056615384615384
-0.16772676923076923
-0.12704676923076924
-0.02795446153846154
0.130176
0.2695310769230769
0.4287046153846154
0.5889212307692308
0.7007390769230769
0.7407932307692308
0.6175015384615384
0.4163963076923077
0.16856123076923077
-0.07551876923076924
-0.2947735384615384
-0.48857723076923076
-0.6066535384615385
-0.6671520000000001
-0.5849575384615384
-0.39261415384615383
-0.1489513846153846
0.12120553846153845
0.34171199999999996
0.4942098461538461
0.557628923076923
0.5138196923076923
0.37550769230769226
0.17502830769230768
-0.09325107692307691
-0.360696
-0.552204923076923
-0.6398233846153846
-0.5799507692307692
-0.4239064615384615
-0.21028430769230766
0.02023569230769231
0.2288510769230769
0.4017932307692308
0.4942098461538461
0.4656295384615385
0.32606584615384615
0.1316363076923077
-0.053614153846153846
-0.1858763076923077
-0.27453784615384613
-0.31500923076923076
-0.30249230769230767
-0.2275993846153846
-0.10681107692307691
0.026911384615384615
0.13622584615384614
0.19171753846153847
0.21925476923076925
0.206112
0.15103753846153847
0.06946892307692307
-0.04735569230769231
-0.15875630769230767
-0.2436627692307692
-0.2966510769230769
-0.29602523076923076
-0.2482523076923077
-0.14811692307692306
-0.007510153846153846
0.14311015384615386
0.2563883076923077
0.31229723076923077
0.3193901538461538
0.24866953846153847
0.11223507692307692
-0.05444861538461539
-0.21883753846153844
-0.3333673846153846
-0.3909452307692307
-0.3882332307692308
-0.30207507692307695
-0.17002153846153847
-0.004798153846153846
0.17419384615384614
0.2989458461538462
0.3565236923076923
0.35047384615384614
0.29832
0.21362215384615382
0.09658892307692307
-0.034630153846153845
-0.14540492307692307
-0.20047938461538461
-0.20527753846153846
-0.18149538461538461
-0.132888
-0.06425353846153846
0.02858030769230769
0.14039815384615384
0.22551323076923077
0.279336
0.2989458461538462
0.2680707692307692
0.22551323076923077
0.1506203076923077
0.05444861538461539
-0.03150092307692308
-0.11452984615384615
-0.15145476923076923
-0.1435273846153846
-0.10222153846153846
-0.02899753846153846
0.05757784615384615
0.12913292307692306
0.15896492307692306
0.1543753846153846
0.11724184615384614
0.05444861538461539
-0.03045784615384615
-0.12850707692307692
-0.2056947692307692
-0.25659692307692306
-0.2712
-0.22968553846153844
-0.15604430769230768
-0.07823076923076923
-0.0012516923076923076
0.06905169230769231
0.13080184615384613
0.16584923076923075
0.14582215384615385
0.09992676923076924
0.043600615384615383
-0.015020307692307692
-0.06362769230769232
-0.11265230769230769
-0.14081538461538462
-0.13309661538461537
-0.07802215384615384
0.015228923076923076
0.12037107692307693
0.21862892307692305
0.29352184615384613
0.3379569230769231
0.34275507692307694
0.2883064615384615
0.1867107692307692
0.05862092307692307
-0.08428061538461538
-0.2021483076923077
-0.2989458461538462
-0.35568923076923076
-0.34066892307692304
-0.27474646153846155
-0.15896492307692306
-0.01710646153846154
0.12391753846153845
0.2497126153846154
0.3321156923076923
0.35193415384615384
0.3114627692307692
0.22697353846153845
0.12266584615384615
0.007510153846153846
-0.11077476923076923
-0.20339999999999997
-0.26118646153846153
-0.2641070769230769
-0.21299630769230768
-0.12621230769230768
-0.018358153846153843
0.07823076923076923
0.17002153846153847
0.23510953846153848
0.24491446153846153
0.20924123076923076
0.132888
0.040054153846153843
-0.050067692307692306
-0.1356
-0.20256553846153844
-0.22655630769230767
-0.21132738461538458
-0.14749107692307692
-0.04693846153846153
0.061124307692307686
0.16480615384615382
0.23218892307692307
0.25930892307692305
0.2422024615384615
0.18128676923076922
0.08907876923076924
-0.016897846153846156
-0.1218313846153846
-0.20715507692307691
-0.2478350769230769
-0.24470584615384613
-0.19651569230769228
-0.11953661538461538
-0.026285538461538457
0.0717636923076923
0.15792184615384616
0.22342707692307692
0.24491446153846153
0.22113230769230768
0.16209415384615386
0.08720123076923077
0.006884307692307692
-0.07510153846153846
-0.14060676923076923
-0.1785747692307692
-0.1867107692307692
-0.1656406153846154
-0.1097316923076923
-0.04047138461538462
0.026285538461538457
0.07906523076923076
0.11348676923076922
0.13622584615384614
0.12558646153846154
0.08866153846153846
0.029623384615384614
-0.04214030769230769
-0.09533723076923077
-0.11348676923076922
-0.0974233846153846
-0.059038153846153844
-0.010222153846153844
0.03984553846153846
0.09116492307692307
0.13247076923076923
0.14457046153846154
0.12350030769230769
0.07572738461538461
0.004798153846153846
-0.054657230769230764
-0.09700615384615385
-0.12204
-0.11390399999999999
-0.09199938461538461
-0.040679999999999994
0.03296123076923077
0.11181784615384616
0.18316430769230768
0.21716861538461538
0.2140393846153846
0.1777403076923077
0.11160923076923077
0.020652923076923076
-0.07927384615384615
-0.17523692307692307
-0.25054707692307693
-0.29039261538461536
-0.2807963076923077
-0.22780799999999998
-0.14081538461538462
-0.023990769230769232
0.09533723076923077
0.20819815384615384
0.29039261538461536
0.3160523076923077
0.290184
0.21904615384615383
0.11765907692307691
0.007301538461538462
-0.10263876923076923
-0.20319138461538463
-0.2705741538461538
-0.28934953846153844
-0.25701415384615384
-0.17377661538461536
-0.06049846153846154
0.06571384615384615
0.1829556923076923
0.2680707692307692
0.32585723076923073
0.3419206153846154
0.3079163076923077
0.23135446153846154
0.12204
0.007301538461538462
-0.09700615384615385
-0.17732307692307692
-0.2261390769230769
-0.2438713846153846
-0.21341353846153846
-0.14999446153846155
-0.07051199999999999
0.015437538461538461
0.0853236923076923
0.1314276923076923
0.14832553846153845
0.13914646153846155
0.1178676923076923
0.08574092307692306
0.04422646153846154
0.003755076923076923
-0.037967999999999995
-0.06154153846153846
-0.07113784615384615
-0.07092923076923077
-0.05820369230769231
-0.04860738461538461
-0.030040615384615384
-0.0008344615384615384
0.02858030769230769
0.04672984615384615
0.05590892307692308
0.06049846153846154
0.056326153846153845
0.042974769230769226
0.028788923076923077
0.008136
-0.015228923076923076
-0.021904615384615383
-0.015854769230769228
0.010013538461538461
0.037967999999999995
0.059872615384615385
0.07885661538461539
0.09012184615384615
0.10722830769230769
0.11223507692307692
0.10409907692307692
0.0897046153846154
0.07030338461538461
0.056326153846153845
0.04714707692307692
0.0446436923076923
0.04839876923076923
0.061750153846153844
0.07760492307692309
0.09283384615384616
0.10764553846153846
0.11745046153846153
0.12245723076923076
0.11974523076923077
0.10889723076923077
0.0961716923076923
0.084072
0.07218092307692307
0.05319692307692307
0.03233538461538461
0.01814953846153846
0.010013538461538461
0.011265230769230769
0.0025033846153846152
-0.009179076923076922
-0.013768615384615384
-0.016063384615384615
0.0012516923076923076
0.020652923076923076
0.03275261538461539
0.04172307692307692
0.03650769230769231
0.027745846153846152
0.0070929230769230765
-0.022947692307692308
-0.06008123076923077
-0.10076123076923077
-0.1207883076923077
-0.12829846153846153
-0.1178676923076923
-0.09304246153846155
-0.058829538461538454
-0.015646153846153844
0.02524246153846154
0.06633969230769231
0.09074769230769231
0.08782707692307692
0.06362769230769232
0.03024923076923077
-0.006049846153846154
-0.042348923076923076
-0.08490646153846154
-0.12454338461538461
-0.14561353846153846
-0.15792184615384616
-0.1504116923076923
-0.13247076923076923
-0.11432123076923076
-0.09679753846153846
-0.07885661538461539
-0.04714707692307692
-0.015646153846153844
0.012308307692307691
0.016897846153846156
0.0022947692307692304
-0.006675692307692307
-0.018358153846153843
-0.015646153846153844
-0.011056615384615385
-0.01814953846153846
-0.026285538461538457
-0.04401784615384615
-0.04860738461538461
-0.045895384615384616
-0.05298830769230769
-0.05507446153846154
-0.05298830769230769
-0.03442153846153846
0.003755076923076923
0.058412307692307694
0.1151556923076923
0.157296
0.19380369230769232
0.21633415384615384
0.22467876923076924
0.21529107692307692
0.18316430769230768
0.1356
0.08574092307692306
0.042974769230769226
0.008761846153846153
-0.014185846153846153
-0.03337846153846154
-0.0448523076923077
-0.04047138461538462
-0.016063384615384615
0.030040615384615384
0.0771876923076923
0.1151556923076923
0.13747753846153846
0.1449876923076923
0.1476996923076923
0.12391753846153845
0.07092923076923077
-0.006675692307692307
-0.08720123076923077
-0.14582215384615385
-0.18504184615384617
-0.18942276923076923
-0.17690584615384616
-0.14957723076923077
-0.09325107692307691
-0.020652923076923076
0.065088
0.12934153846153845
0.15938215384615384
0.17231630769230769
0.16793538461538463
0.15625292307692307
0.13893784615384613
0.09950953846153845
0.05194523076923077
-0.002086153846153846
-0.05945538461538461
-0.09325107692307691
-0.12245723076923076
-0.14936861538461538
-0.17481969230769231
-0.18963138461538462
-0.17231630769230769
-0.1356
-0.07238953846153846
-0.0043809230769230765
0.053614153846153846
0.10535076923076922
0.13914646153846155
0.15479261538461536
0.14916
0.0974233846153846
0.02545107692307692
-0.03901107692307692
-0.119328
-0.15750461538461538
-0.1923433846153846
-0.18086953846153844
-0.119328
-0.0006258461538461538
0.20673784615384616
0.26452430769230767
0.33315876923076926
0.3838523076923077
0.37550769230769226
0.41305846153846154
0.2776670769230769
0.12725538461538463
-0.06592246153846154
-0.23177169230769232
-0.2578486153846154
-0.33002953846153843
-0.344424
-0.35568923076923076
-0.28768061538461537
-0.08177723076923075
0.09408553846153846
0.2912270769230769
0.38301784615384615
0.3798886153846154
0.3815575384615385
0.2872633846153846
0.20986707692307693
0.07927384615384615
-0.11035753846153845
-0.2221753846153846
-0.3855212307692308
-0.43934399999999996
-0.37967999999999996
-0.32043323076923075
-0.16251138461538459
-0.05862092307692307
0.04401784615384615
0.18066092307692305
0.2682793846153846
0.3896935384615384
0.4184824615384615
0.35005661538461535
0.2709913846153846
0.168144
0.11807630769230769
0.04172307692307692
-0.07531015384615385
-0.15896492307692306
-0.2355267692307692
-0.222384
-0.1693956923076923
-0.14728246153846153
-0.10076123076923077
-0.06946892307692307
-0.0008344615384615384
0.09512861538461538
0.1358086153846154
0.18337292307692307
0.19860184615384616
0.18483323076923078
0.20402584615384614
0.18253846153846154
0.1435273846153846
0.07364123076923076
-0.03024923076923077
-0.11327815384615383
-0.206112
-0.25513661538461535
-0.26681907692307694
-0.2509643076923077
-0.1990190769230769
-0.15187199999999998
-0.03629907692307692
0.11306953846153844
0.23531815384615382
0.34963938461538463
0.3949089230769231
0.404088
0.3832264615384615
0.30666461538461537
0.22280123076923075
0.08177723076923075
-0.06321046153846153
-0.15333230769230768
-0.22426153846153846
-0.24428861538461538
-0.25012984615384615
-0.225096
-0.1368516923076923
-0.03379569230769231
0.07489292307692308
0.15333230769230768
0.21529107692307692
0.26765353846153844
0.25701415384615384
0.21904615384615383
0.14060676923076923
0.02545107692307692
-0.06654830769230768
-0.1656406153846154
-0.23656984615384613
-0.2586830769230769
-0.2697396923076923
-0.2330233846153846
-0.18525046153846153
-0.13393107692307693
-0.042348923076923076
0.040054153846153843
0.1097316923076923
0.14582215384615385
0.1316363076923077
0.09575446153846154
0.03775938461538462
-0.009596307692307692
-0.040262769230769234
-0.07510153846153846
-0.09804923076923076
-0.11140061538461538
-0.09679753846153846
-0.059038153846153844
-0.03045784615384615
-0.0002086153846153846
0.006467076923076923
-0.0004172307692307692
0.008136
-0.009596307692307692
-0.054240000000000003
-0.11265230769230769
-0.16501476923076921
-0.17711446153846155
-0.17502830769230768
-0.15959076923076923
-0.12412615384615384
-0.08636676923076922
-0.022947692307692308
0.053614153846153846
0.13226215384615383
0.20486030769230767
0.24637476923076923
0.260352
0.23239753846153846
0.1858763076923077
0.13372246153846154
0.07051199999999999
0.026702769230769228
-0.019609846153846155
-0.06070707692307692
-0.06321046153846153
-0.037967999999999995
0.014394461538461538
0.06967753846153846
0.11327815384615383
0.17085599999999998
0.2292683076923077
0.2753723076923077
0.29748553846153847
0.2749550769230769
0.21737723076923077
0.13998092307692306
0.06821723076923077
0.0008344615384615384
-0.06988615384615385
-0.12266584615384615
-0.15959076923076923
-0.1639716923076923
-0.14060676923076923
-0.10931446153846153
-0.06717415384615384
-0.02211323076923077
0.029623384615384614
0.08574092307692306
0.12350030769230769
0.14102399999999998
0.14436184615384615
0.12579507692307693
0.09137353846153846
0.04735569230769231
0.012099692307692308
-0.011056615384615385
-0.03504738461538461
-0.05277969230769231
-0.07635323076923077
-0.10243015384615384
-0.11494707692307692
-0.11098338461538461
-0.09679753846153846
-0.08448923076923077
-0.06154153846153846
-0.021070153846153846
0.023782153846153845
0.06926030769230769
0.10117846153846152
0.12204
0.13226215384615383
0.11160923076923077
0.06654830769230768
0.003129230769230769
-0.07405846153846153
-0.14582215384615385
-0.19568123076923075
-0.22697353846153845
-0.23823876923076923
-0.23135446153846154
-0.20778092307692309
-0.15520984615384617
-0.09012184615384615
-0.02545107692307692
0.03880246153846154
0.0892873846153846
0.11056615384615384
0.10472492307692308
0.08073415384615384
0.033169846153846154
-0.023782153846153845
-0.07364123076923076
-0.10368184615384615
-0.10555938461538462
-0.09825784615384614
-0.06675692307692307
-0.014394461538461538
0.04380923076923077
0.09700615384615385
0.12245723076923076
0.12725538461538463
0.11056615384615384
0.0771876923076923
0.04088861538461538
0.0002086153846153846
-0.045060923076923075
-0.08073415384615384
-0.10138707692307691
-0.09304246153846155
-0.052153846153846155
0.0016689230769230767
0.06487938461538462
0.111192
0.14519630769230768
0.1693956923076923
0.17565415384615385
0.17502830769230768
0.143736
0.092208
0.026076923076923077
-0.04860738461538461
-0.09387692307692307
-0.10138707692307691
-0.07843938461538462
-0.04109723076923077
0.017523692307692306
0.09429415384615383
0.15938215384615384
0.20444307692307692
0.2261390769230769
0.22300984615384614
0.20298276923076922
0.16751815384615384
0.1205796923076923
0.06383630769230769
-0.002086153846153846
-0.054240000000000003
-0.0880356923076923
-0.09950953846153845
-0.09971815384615385
-0.10013538461538461
-0.0855323076923077
-0.06675692307692307
-0.03942830769230769
-0.002086153846153846
0.042348923076923076
0.08177723076923075
0.10368184615384615
0.12245723076923076
0.13455692307692307
0.1353913846153846
0.1178676923076923
0.0771876923076923
0.02357353846153846
-0.020652923076923076
-0.05048492307692308
-0.06550523076923077
-0.07134646153846153
-0.07572738461538461
-0.06926030769230769
-0.061124307692307686
-0.034630153846153845
0.0050067692307692304
0.03379569230769231
0.05486584615384615
0.07134646153846153
0.09325107692307691
0.11599015384615384
0.12934153846153845
0.1207883076923077
0.08323753846153846
0.03650769230769231
-0.004798153846153846
-0.04714707692307692
-0.08740984615384616
-0.124752
-0.15500123076923078
-0.157296
-0.13789476923076924
-0.10493353846153847
-0.06821723076923077
-0.04902461538461538
-0.03233538461538461
-0.014811692307692307
0.007510153846153846
0.03567323076923076
0.04130584615384615
0.042557538461538466
0.04109723076923077
0.04130584615384615
0.054657230769230764
0.05173661538461538
0.03942830769230769
0.013351384615384614
-0.01272553846153846
-0.024199384615384616
-0.03358707692307692
-0.027745846153846152
-0.027328615384615382
-0.02482523076923077
-0.0077187692307692304
0.017523692307692306
0.06300184615384616
0.11035753846153845
0.14978584615384616
0.18545907692307692
0.1992276923076923
0.19296923076923078
0.16418030769230768
0.09846646153846153
0.015020307692307692
-0.07113784615384615
-0.1395636923076923
-0.1858763076923077
-0.2090326153846154
-0.20944984615384615
-0.1883796923076923
-0.12725538461538463
-0.04172307692307692
0.051319384615384614
0.13455692307692307
0.184416
0.20173107692307693
0.19380369230769232
0.16647507692307692
0.116616
0.045060923076923075
-0.03713353846153846
-0.1097316923076923
-0.15687876923076924
-0.17273353846153844
-0.16042523076923076
-0.13622584615384614
-0.10013538461538461
-0.041514461538461535
0.028788923076923077
0.09179076923076923
0.13393107692307693
0.14999446153846155
0.14790830769230767
0.13601723076923075
0.12224861538461537
0.10848000000000001
0.08323753846153846
0.04109723076923077
-0.003129230769230769
-0.032544
-0.05090215384615384
-0.06467076923076923
-0.06821723076923077
-0.07238953846153846
-0.058412307692307694
-0.024199384615384616
0.017315076923076923
0.05736923076923077
0.073224
0.08490646153846154
0.09283384615384616
0.10555938461538462
0.11411261538461538
0.10576799999999999
0.0988836923076923
0.08177723076923075
0.06738276923076922
0.061124307692307686
0.04985907692307692
0.03024923076923077
0.001043076923076923
-0.026076923076923077
-0.03024923076923077
-0.018775384615384614
0.007927384615384614
0.0446436923076923
0.07656184615384615
0.11202646153846153
0.1368516923076923
0.14936861538461538
0.14206707692307693
0.10806276923076923
0.06884307692307692
0.040262769230769234
0.029832
0.03963692307692308
0.056326153846153845
0.058412307692307694
0.04902461538461538
0.0446436923076923
0.050067692307692306
0.05319692307692307
0.0448523076923077
0.03212676923076923
0.021278769230769233
0.022530461538461537
0.03671630769230769
0.051528
0.06258461538461538
0.06592246153846154
0.07259815384615384
0.07572738461538461
0.06967753846153846
0.04839876923076923
0.0006258461538461538
-0.04860738461538461
-0.09095630769230768
-0.12579507692307693
-0.15354092307692307
-0.17690584615384616
-0.19004861538461537
-0.19046584615384615
-0.17315076923076922
-0.1397723076923077
-0.09658892307692307
-0.059872615384615385
-0.03275261538461539
-0.00855323076923077
0.0025033846153846152
0.0012516923076923076
-0.007510153846153846
-0.028788923076923077
-0.06362769230769232
-0.10013538461538461
-0.12391753846153845
-0.1341396923076923
-0.1424843076923077
-0.15520984615384617
-0.16209415384615386
-0.1558356923076923
-0.13309661538461537
-0.08344615384615384
-0.040054153846153843
-0.010013538461538461
0.03504738461538461
0.07489292307692308
0.14978584615384616
0.1913003076923077
0.29227015384615385
0.3949089230769231
0.30186646153846153
0.273912
0.1846246153846154
0.09450276923076922
0.04547815384615384
-0.14540492307692307
-0.24992123076923078
-0.39115384615384613
-0.40679999999999994
-0.28851507692307693
-0.2342750769230769
-0.11181784615384616
-0.06258461538461538
0.08094276923076923
0.27850153846153847
0.38885907692307686
0.4837790769230769
0.37091815384615384
0.2436627692307692
0.12955015384615384
-0.042557538461538466
-0.12245723076923076
-0.2772498461538462
-0.37321292307692305
-0.3713353846153846
-0.41389292307692305
-0.2891409230769231
-0.13726892307692307
0.01043076923076923
0.21800307692307694
0.3187643076923077
0.4307907692307692
0.48106707692307693
0.46437784615384614
0.47960676923076917
0.38885907692307686
0.2705741538461538
0.14018953846153845
0.017940923076923077
-0.026076923076923077
-0.11828492307692307
-0.19442953846153843
-0.23761292307692305
-0.2601433846153846
-0.17002153846153847
-0.08386338461538462
0.006884307692307692
0.11599015384615384
0.168144
0.25534523076923077
0.3241883076923077
0.32272799999999996
0.31250584615384613
0.23010276923076922
0.1502030769230769
0.09429415384615383
-0.007927384615384614
-0.09575446153846154
-0.20277415384615383
-0.2828824615384615
-0.3148006153846154
-0.33315876923076926
-0.29227015384615385
-0.22572184615384616
-0.10806276923076923
0.00855323076923077
0.08740984615384616
0.20110523076923076
0.26619323076923074
0.2999889230769231
0.3102110769230769
0.2415766153846154
0.16042523076923076
0.04380923076923077
-0.06654830769230768
-0.13935507692307691
-0.22551323076923077
-0.25200738461538463
-0.23281476923076924
-0.20131384615384615
-0.13330523076923076
-0.0717636923076923
0.020027076923076922
0.13080184615384613
0.19818461538461538
0.23385784615384617
0.21842030769230766
0.20715507692307691
0.19526400000000002
0.13893784615384613
0.086784
0.003755076923076923
-0.06842584615384616
-0.09158215384615384
-0.124752
-0.11995384615384615
-0.10764553846153846
-0.09533723076923077
-0.03942830769230769
-0.01043076923076923
0.01981846153846154
0.047772923076923074
0.04401784615384615
0.03859384615384615
0.012934153846153845
-0.022947692307692308
-0.06446215384615385
-0.10576799999999999
-0.12016246153846154
-0.12099692307692309
-0.10848000000000001
-0.09679753846153846
-0.10201292307692307
-0.09512861538461538
-0.09179076923076923
-0.084072
-0.06675692307692307
-0.07677046153846154
-0.07364123076923076
-0.05757784615384615
-0.05194523076923077
-0.040679999999999994
-0.04214030769230769
-0.028371692307692306
0.011473846153846154
0.046104
0.07280676923076923
0.0897046153846154
0.09533723076923077
0.09533723076923077
0.09387692307692307
0.09241661538461539
0.09241661538461539
0.08761846153846153
0.08720123076923077
0.07510153846153846
0.07051199999999999
0.078648
0.09304246153846155
0.13080184615384613
0.13226215384615383
0.11348676923076922
0.08135999999999999
0.04756430769230769
0.04735569230769231
0.026702769230769228
-0.006258461538461538
-0.03212676923076923
-0.035464615384615386
-0.002086153846153846
0.037967999999999995
0.07384984615384615
0.09158215384615384
0.09471138461538461
0.10117846153846152
0.09721476923076922
0.08010830769230769
0.03880246153846154
-0.030040615384615384
-0.08887015384615385
-0.13080184615384613
-0.1462393846153846
-0.13664307692307692
-0.11619876923076923
-0.07739630769230768
-0.03296123076923077
0.024408000000000003
0.10326461538461539
0.1860849230769231
0.23823876923076923
0.24700061538461537
0.2225926153846154
0.1858763076923077
0.1397723076923077
0.06341907692307691
-0.03379569230769231
-0.13914646153846155
-0.21716861538461538
-0.24449723076923074
-0.22134092307692307
-0.17273353846153844
-0.12350030769230769
-0.05027630769230769
0.037967999999999995
0.1358086153846154
0.21904615384615383
0.23907323076923076
0.2221753846153846
0.1779489230769231
0.10848000000000001
0.03588184615384615
-0.051319384615384614
-0.14081538461538462
-0.2154996923076923
-0.27474646153846155
-0.2985286153846154
-0.2822566153846154
-0.23928184615384615
-0.1704387692307692
-0.09053907692307692
-0.0012516923076923076
0.09491999999999999
0.18754523076923074
0.2559710769230769
0.28017046153846153
0.2670276923076923
0.22405292307692307
0.16188553846153847
0.086784
-0.008344615384615384
-0.116616
-0.21445661538461538
-0.2805876923076923
-0.2868461538461538
-0.2578486153846154
-0.20840676923076923
-0.14018953846153845
-0.06696553846153847
0.0446436923076923
0.15792184615384616
0.24282830769230768
0.301032
0.3116713846153846
0.2993630769230769
0.2563883076923077
0.19526400000000002
0.11432123076923076
0.006258461538461538
-0.07739630769230768
-0.1506203076923077
-0.2056947692307692
-0.22634769230769228
-0.23469230769230767
-0.21487384615384614
-0.16876984615384616
-0.09846646153846153
0.002712
0.092208
0.16876984615384616
0.2290596923076923
0.2588916923076923
0.273912
0.23949046153846154
0.16793538461538463
0.073224
-0.0448523076923077
-0.14519630769230768
-0.22029784615384615
-0.24616615384615384
-0.22864246153846152
-0.19442953846153843
-0.116616
-0.023990769230769232
0.07551876923076924
0.1775316923076923
0.233232
0.25430215384615384
0.2426196923076923
0.20402584615384614
0.15500123076923078
0.08740984615384616
0.02357353846153846
-0.03275261538461539
-0.08010830769230769
-0.09116492307692307
-0.0853236923076923
-0.06425353846153846
-0.027328615384615382
0.006884307692307692
0.053405538461538456
0.09429415384615383
0.13038461538461538
0.15103753846153847
0.13872923076923074
0.11828492307692307
0.08198584615384615
0.033169846153846154
-0.016063384615384615
-0.06028984615384615
-0.07906523076923076
-0.08115138461538463
-0.06216738461538462
-0.018358153846153843
0.02753723076923077
0.065088
0.07948246153846153
0.08490646153846154
0.08156861538461539
0.05236246153846154
0.003755076923076923
-0.05444861538461539
-0.09846646153846153
-0.11745046153846153
-0.1136953846153846
-0.08615815384615384
-0.03775938461538462
0.018358153846153843
0.09262523076923077
0.168144
0.22113230769230768
0.25159015384615385
0.23510953846153848
0.1977673846153846
0.157296
0.10201292307692307
0.04839876923076923
-0.0035464615384615383
-0.041514461538461535
-0.054657230769230764
-0.06800861538461538
-0.07238953846153846
-0.059872615384615385
-0.04839876923076923
-0.03045784615384615
-0.007927384615384614
0.032544
0.07072061538461538
0.09199938461538461
0.10326461538461539
0.09450276923076922
0.08657538461538461
0.0744756923076923
0.053614153846153846
0.01814953846153846
-0.03921969230769231
-0.09533723076923077
-0.12496061538461539
-0.12850707692307692
-0.11411261538461538
-0.09387692307692307
-0.07426707692307692
-0.03358707692307692
0.019192615384615384
0.07384984615384615
0.12621230769230768
0.16730953846153845
0.19735015384615384
0.2127876923076923
0.22572184615384616
0.2221753846153846
0.18900553846153845
0.13080184615384613
0.04965046153846154
-0.023990769230769232
-0.092208
-0.14916
-0.18066092307692305
-0.2059033846153846
-0.21007569230769232
-0.18170399999999998
-0.12975876923076923
-0.051528
0.022947692307692308
0.07426707692307692
0.11682461538461539
0.14477907692307693
0.15604430769230768
0.14269292307692305
0.09658892307692307
0.03838523076923077
-0.017940923076923077
-0.06946892307692307
-0.11640738461538462
-0.154584
-0.1779489230769231
-0.1869193846153846
-0.1652233846153846
-0.1136953846153846
-0.053614153846153846
0.010013538461538461
0.05778646153846154
0.09930092307692308
0.14832553846153845
0.1800350769230769
0.19735015384615384
0.19171753846153847
0.15500123076923078
0.1097316923076923
0.056951999999999996
0.0043809230769230765
-0.044435076923076924
-0.10430769230769231
-0.14311015384615386
-0.15228923076923076
-0.13810338461538463
-0.10138707692307691
-0.06842584615384616
-0.026911384615384615
0.015228923076923076
0.06070707692307692
0.11557292307692307
0.15520984615384617
0.17586276923076924
0.17002153846153847
0.14936861538461538
0.12558646153846154
0.09053907692307692
0.046104
0.006258461538461538
-0.03713353846153846
-0.06717415384615384
-0.07927384615384615
-0.08469784615384615
-0.06967753846153846
-0.06028984615384615
-0.037967999999999995
0.01043076923076923
0.06592246153846154
0.12829846153846153
0.17502830769230768
0.20423446153846153
0.22300984615384614
0.23010276923076922
0.23385784615384617
0.21445661538461538
0.14936861538461538
0.059872615384615385
-0.034630153846153845
-0.11828492307692307
-0.1802436923076923
-0.2273907692307692
-0.2482523076923077
-0.24887815384615386
-0.22655630769230767
-0.1718990769230769
-0.11432123076923076
-0.06258461538461538
-0.026911384615384615
-0.002712
0.027745846153846152
0.04860738461538461
0.055491692307692304
0.03859384615384615
0.0035464615384615383
-0.03337846153846154
-0.05611753846153846
-0.06633969230769231
-0.07656184615384615
-0.10055261538461538
-0.12808984615384614
-0.14665661538461539
-0.16313723076923078
-0.18232984615384615
-0.20944984615384615
-0.2422024615384615
-0.2947735384615384
-0.24428861538461538
-0.10681107692307691
0.07969107692307692
0.30416123076923074
0.4758516923076923
0.6573470769230768
0.7902350769230769
0.8828603076923076
0.8601212307692307
0.6629796923076924
0.3811403076923077
0.05069353846153846
-0.2578486153846154
-0.533220923076923
-0.7341175384615384
-0.8567833846153845
-0.8645021538461538
-0.7263987692307693
-0.4746
-0.15541846153846153
0.15959076923076923
0.4318338461538461
0.6158326153846154
0.709500923076923
0.6673606153846153
0.5154886153846154
0.28163076923076924
-0.054657230769230764
-0.3740473846153846
-0.6371113846153845
-0.7747975384615384
-0.7468430769230768
-0.6312701538461538
-0.417648
-0.1710646153846154
0.058829538461538454
0.2970683076923077
0.452904
0.5182006153846154
0.4946270769230769
0.3746732307692308
0.2791273846153846
0.17982646153846152
0.08219446153846154
-0.01043076923076923
-0.13455692307692307
-0.20840676923076923
-0.2632726153846154
-0.3012406153846154
-0.31000246153846156
-0.31813846153846154
-0.27412061538461535
-0.21362215384615382
-0.15646153846153846
-0.08073415384615384
-0.04860738461538461
-0.027328615384615382
0.002712
0.026702769230769228
0.092208
0.15833907692307692
0.22113230769230768
0.2799618461538461
0.27975323076923075
0.22989415384615383
0.11056615384615384
-0.056951999999999996
-0.22697353846153845
-0.39219692307692305
-0.4896203076923077
-0.49692184615384616
-0.4124326153846154
-0.24011630769230768
-0.031709538461538456
0.20027076923076922
0.41618769230769226
0.5826627692307692
0.6830067692307692
0.6631883076923076
0.5499101538461538
0.376968
0.1652233846153846
-0.03963692307692308
-0.2436627692307692
-0.40596553846153843
-0.4785636923076923
-0.4577021538461538
-0.33962584615384617
-0.1869193846153846
-0.0012516923076923076
0.208824
0.40200184615384615
0.5839144615384615
0.6805033846153846
0.6853015384615384
0.604776
0.43433723076923075
0.24199384615384617
0.033169846153846154
-0.15374953846153847
-0.27704123076923076
-0.3448412307692308
-0.3141747692307692
-0.19505538461538463
-0.02211323076923077
0.18107815384615383
0.3490135384615385
0.45206953846153847
0.48753415384615384
0.4652123076923077
0.39908123076923074
0.2697396923076923
0.1028473846153846
-0.07697907692307693
-0.24345415384615382
-0.34630153846153844
-0.39303138461538456
-0.37655076923076924
-0.3148006153846154
-0.24866953846153847
-0.16480615384615382
-0.08845292307692308
-0.023782153846153845
0.023364923076923075
-0.0014603076923076922
-0.048816000000000005
-0.09304246153846155
-0.14144123076923076
-0.15687876923076924
-0.16751815384615384
-0.16897846153846155
-0.13226215384615383
-0.07072061538461538
0.01814953846153846
0.10514215384615383
0.16876984615384616
0.20256553846153844
0.1881710769230769
0.14916
0.07802215384615384
-0.014811692307692307
-0.09846646153846153
-0.1733593846153846
-0.20673784615384616
-0.19755876923076923
-0.15479261538461536
-0.07656184615384615
0.010848
0.11181784615384616
0.21320492307692307
0.2799618461538461
0.3170953846153846
0.30583015384615386
0.2436627692307692
0.16418030769230768
0.07426707692307692
0.014185846153846153
-0.017940923076923077
-0.03337846153846154
-0.019609846153846155
0.011473846153846154
0.073224
0.13330523076923076
0.1787833846153846
0.20632061538461538
0.19568123076923075
0.16313723076923078
0.11974523076923077
0.06279323076923077
-0.0004172307692307692
-0.058412307692307694
-0.08699261538461538
-0.06279323076923077
-0.011473846153846154
0.06133292307692308
0.14311015384615386
0.21487384615384614
0.2906012307692308
0.34504984615384615
0.3521427692307692
0.29727692307692305
0.1860849230769231
0.052153846153846155
-0.08761846153846153
-0.20965846153846154
-0.2997803076923077
-0.3473446153846154
-0.34066892307692304
-0.2789187692307692
-0.16167692307692308
-0.021278769230769233
0.11056615384615384
0.20924123076923076
0.2482523076923077
0.23677846153846152
0.18879692307692306
0.10994030769230768
0.0018775384615384615
-0.12350030769230769
-0.2369870769230769
-0.3141747692307692
-0.34046030769230773
-0.3143833846153846
-0.2426196923076923
-0.14457046153846154
-0.03066646153846154
0.09053907692307692
0.19735015384615384
0.2620209230769231
0.2620209230769231
0.20548615384615385
0.11077476923076923
0.007301538461538462
-0.09930092307692308
-0.20381723076923075
-0.28246523076923075
-0.3304467692307692
-0.32085046153846153
-0.2582658461538461
-0.17002153846153847
-0.07343261538461537
-0.0012516923076923076
0.047772923076923074
0.07635323076923077
0.08177723076923075
0.06341907692307691
0.011265230769230769
-0.04714707692307692
-0.0880356923076923
-0.10263876923076923
-0.06425353846153846
0.0014603076923076922
0.07510153846153846
0.15333230769230768
0.21028430769230766
0.25284184615384614
0.26118646153846153
0.23364923076923078
0.17586276923076924
0.08323753846153846
-0.0043809230769230765
-0.07364123076923076
-0.11745046153846153
-0.12204
-0.09658892307692307
-0.04109723076923077
0.026494153846153844
0.10681107692307691
0.18107815384615383
0.21800307692307694
0.22342707692307692
0.19380369230769232
0.14540492307692307
0.07656184615384615
-0.011473846153846154
-0.10263876923076923
-0.18107815384615383
-0.23469230769230767
-0.2540935384615385
-0.23677846153846152
-0.20986707692307693
-0.16710092307692306
-0.10785415384615385
-0.031918153846153846
0.05069353846153846
0.10868861538461538
0.14999446153846155
0.16105107692307694
0.14394461538461537
0.1178676923076923
0.08302892307692307
0.04985907692307692
0.016063384615384615
-0.013560000000000001
-0.03337846153846154
-0.040262769230769234
-0.035464615384615386
-0.026702769230769228
-0.015854769230769228
-0.0050067692307692304
-0.003755076923076923
-0.004798153846153846
-0.0014603076923076922
-0.008970461538461538
-0.021070153846153846
-0.034630153846153845
-0.03755076923076923
-0.02211323076923077
-0.006049846153846154
0.006049846153846154
0.010639384615384617
0.0016689230769230767
-0.011056615384615385
-0.02753723076923077
-0.05757784615384615
-0.092208
-0.13330523076923076
-0.17002153846153847
-0.1913003076923077
-0.19380369230769232
-0.17231630769230769
-0.12788123076923075
-0.06216738461538462
0.015854769230769228
0.100344
0.16793538461538463
0.20778092307692309
0.21091015384615383
0.1794092307692308
0.13038461538461538
0.06300184615384616
-0.0025033846153846152
-0.06279323076923077
-0.11870215384615385
-0.15875630769230767
-0.1733593846153846
-0.15562707692307692
-0.11098338461538461
-0.04547815384615384
0.03275261538461539
0.10994030769230768
0.17169046153846151
0.21675138461538462
0.225096
0.1913003076923077
0.12412615384615384
0.032544
-0.05945538461538461
-0.14665661538461539
-0.214248
-0.24741784615384615
-0.23469230769230767
-0.1652233846153846
-0.05653476923076922
0.06675692307692307
0.1829556923076923
0.2647329230769231
0.301032
0.2939390769230769
0.24512307692307692
0.157296
0.04693846153846153
-0.06028984615384615
-0.1435273846153846
-0.19150892307692308
-0.19213476923076922
-0.14978584615384616
-0.07197230769230768
0.03692492307692308
0.14102399999999998
0.23803015384615384
0.31834707692307695
0.34630153846153844
0.3277347692307692
0.2638984615384615
0.16209415384615386
0.04109723076923077
-0.08907876923076924
-0.20047938461538461
-0.28121353846153846
-0.31897292307692304
-0.30374399999999996
-0.2453316923076923
-0.14519630769230768
-0.025659692307692307
0.09784061538461537
0.21111876923076925
0.2849686153846154
0.32001599999999997
0.3049956923076923
0.2422024615384615
0.1597993846153846
0.07697907692307693
0.008136
-0.043600615384615383
-0.07802215384615384
-0.08156861538461539
-0.0609156923076923
-0.030875076923076922
0.007927384615384614
0.031918153846153846
0.042974769230769226
0.04944184615384615
0.04631261538461538
0.037967999999999995
0.018358153846153843
-0.01043076923076923
-0.03024923076923077
-0.04631261538461538
-0.05444861538461539
-0.04714707692307692
-0.03275261538461539
-0.011265230769230769
0.0029206153846153843
0.016272
0.026285538461538457
0.016897846153846156
-0.013351384615384614
-0.054657230769230764
-0.09241661538461539
-0.12516923076923075
-0.13747753846153846
-0.12683815384615382
-0.08302892307692307
-0.016063384615384615
0.065088
0.16292861538461537
0.2509643076923077
0.3235624615384615
0.34651015384615386
0.3179298461538461
0.26619323076923074
0.18191261538461537
0.08740984615384616
-0.013768615384615384
-0.12308307692307692
-0.20360861538461536
-0.2438713846153846
-0.23052
-0.17085599999999998
-0.0961716923076923
-0.0043809230769230765
0.086784
0.17023015384615386
0.24282830769230768
0.2701569230769231
0.260352
0.21779446153846155
0.15813046153846153
0.092208
0.013560000000000001
-0.06216738461538462
-0.13622584615384614
-0.18775384615384613
-0.20944984615384615
-0.20277415384615383
-0.15792184615384616
-0.09387692307692307
-0.02858030769230769
0.03296123076923077
0.08699261538461538
0.12704676923076924
0.14123261538461537
0.13351384615384615
0.10910584615384614
0.06926030769230769
0.03942830769230769
0.02753723076923077
0.029832
0.03483876923076923
0.03337846153846154
0.03024923076923077
0.022530461538461537
0.006467076923076923
-0.02315630769230769
-0.06383630769230769
-0.1178676923076923
-0.15604430769230768
-0.18483323076923078
-0.21174461538461536
-0.18858830769230767
-0.1435273846153846
-0.06946892307692307
0.03379569230769231
0.1397723076923077
0.26348123076923075
0.3738387692307692
0.4522781538461538
0.4424732307692308
0.3855212307692308
0.2906012307692308
0.11724184615384614
-0.07635323076923077
-0.2628553846153846
-0.37926276923076924
-0.48357046153846156
-0.5186178461538461
-0.47647753846153845
-0.41389292307692305
-0.24512307692307692
-0.03150092307692308
0.2021483076923077
0.4026276923076923
0.5503273846153846
0.6477507692307691
0.6433698461538462
0.5691027692307692
0.39699507692307695
0.16167692307692308
-0.07572738461538461
-0.2891409230769231
-0.417648
-0.49024615384615383
-0.500676923076923
-0.4222375384615385
-0.2772498461538462
-0.08344615384615384
0.12099692307692309
0.3068732307692308
0.45624184615384616
0.5184092307692307
0.5252935384615384
0.4983821538461538
0.40513107692307687
0.306456
0.1869193846153846
0.06133292307692308
-0.05820369230769231
-0.17899199999999998
-0.2369870769230769
-0.25200738461538463
-0.24908676923076922
-0.2194633846153846
-0.17419384615384614
-0.09846646153846153
-0.003129230769230769
0.08198584615384615
0.14790830769230767
0.17252492307692308
0.18796246153846152
0.20861538461538462
0.21216184615384615
0.2021483076923077
0.16710092307692306
0.10514215384615383
0.031709538461538456
-0.051319384615384614
-0.1358086153846154
-0.23907323076923076
-0.3419206153846154
-0.40575692307692307
-0.43663199999999996
-0.41660492307692304
-0.35694092307692304
-0.249504
-0.09471138461538461
0.07092923076923077
0.22447015384615385
0.34504984615384615
0.4280787692307692
0.43287692307692305
0.34922215384615385
0.22154953846153846
0.06049846153846154
-0.1151556923076923
-0.26118646153846153
-0.3686233846153846
-0.43809230769230767
-0.45707630769230767
-0.3988726153846154
-0.27182584615384614
-0.119328
0.04568676923076923
0.19985353846153847
0.3243969230769231
0.41076369230769233
0.4307907692307692
0.38009723076923074
0.27453784615384613
0.1353913846153846
-0.015020307692307692
-0.15687876923076924
-0.273912
-0.3412947692307692
-0.35193415384615384
-0.30290953846153845
-0.20110523076923076
-0.073224
0.06905169230769231
0.19004861538461537
0.27453784615384613
0.31000246153846156
0.29456492307692306
0.2374043076923077
0.13184492307692308
0.018983999999999997
-0.08386338461538462
-0.16313723076923078
-0.20360861538461536
-0.21842030769230766
-0.20152246153846154
-0.17398523076923075
-0.1353913846153846
-0.06654830769230768
-0.008344615384615384
0.029414769230769227
0.03692492307692308
0.006675692307692307
-0.035255999999999996
-0.09137353846153846
-0.12621230769230768
-0.13476553846153844
-0.14311015384615386
-0.130176
-0.09763200000000001
-0.04109723076923077
0.017940923076923077
0.04401784615384615
0.05090215384615384
0.029206153846153847
0.0016689230769230767
-0.02357353846153846
-0.05611753846153846
-0.07781353846153846
-0.09825784615384614
-0.09930092307692308
-0.07197230769230768
-0.023990769230769232
0.035464615384615386
0.08782707692307692
0.13330523076923076
0.16647507692307692
0.1783661538461538
0.17252492307692308
0.15124615384615384
0.10430769230769231
0.031918153846153846
-0.03337846153846154
-0.07218092307692307
-0.07489292307692308
-0.05590892307692308
-0.03421292307692308
0.005841230769230769
0.05528307692307692
0.1097316923076923
0.16105107692307694
0.18525046153846153
0.17085599999999998
0.12141415384615384
0.06425353846153846
0.010848
-0.04526953846153846
-0.09930092307692308
-0.1502030769230769
-0.17273353846153844
-0.1502030769230769
-0.09763200000000001
-0.024199384615384616
0.051528
0.13059323076923077
0.20527753846153846
0.26619323076923074
0.3016578461538461
0.290184
0.22551323076923077
0.1207883076923077
0.013351384615384614
-0.07948246153846153
-0.14686523076923075
-0.1883796923076923
-0.1992276923076923
-0.17440246153846153
-0.12621230769230768
-0.054240000000000003
0.029206153846153847
0.10430769230769231
0.15208061538461537
0.16835261538461538
0.17502830769230768
0.16438892307692307
0.12934153846153845
0.0855323076923077
0.03400430769230769
0.0006258461538461538
-0.011473846153846154
-0.015228923076923076
-0.017315076923076923
-0.02753723076923077
-0.027120000000000002
-0.018775384615384614
-0.008136
0.007510153846153846
0.012516923076923077
0.007510153846153846
0.003963692307692307
0.002712
0.009804923076923077
0.01814953846153846
0.021070153846153846
0.021696
0.03233538461538461
0.053614153846153846
0.07280676923076923
0.07802215384615384
0.059664
0.03442153846153846
-0.0002086153846153846
-0.03588184615384615
-0.06467076923076923
-0.10138707692307691
-0.12808984615384614
-0.14102399999999998
-0.12558646153846154
-0.08031692307692308
-0.028788923076923077
0.030875076923076922
0.086784
0.13309661538461537
0.17586276923076924
0.2056947692307692
0.20673784615384616
0.1704387692307692
0.11035753846153845
0.06008123076923077
0.017523692307692306
-0.01940123076923077
-0.03609046153846154
-0.050067692307692306
-0.042348923076923076
-0.0016689230769230767
0.06613107692307692
0.14603076923076924
0.20193969230769232
0.23239753846153846
0.24011630769230768
0.23782153846153845
0.22530461538461538
0.18525046153846153
0.11640738461538462
0.026285538461538457
-0.07030338461538461
-0.14582215384615385
-0.19046584615384615
-0.21591692307692306
-0.2207150769230769
-0.20444307692307692
-0.15291507692307693
-0.07802215384615384
0.0035464615384615383
0.07635323076923077
0.1097316923076923
0.1207883076923077
0.11432123076923076
0.08594953846153845
0.047981538461538464
-0.011891076923076923
-0.08386338461538462
-0.13768615384615385
-0.16105107692307694
-0.1424843076923077
-0.10222153846153846
-0.05111076923076923
0.013351384615384614
0.07739630769230768
0.14185846153846154
0.19463815384615382
0.21716861538461538
0.20339999999999997
0.16876984615384616
0.1289243076923077
0.08761846153846153
0.049233230769230765
0.010222153846153844
-0.03275261538461539
-0.06341907692307691
-0.07531015384615385
-0.06383630769230769
-0.03129230769230769
0.0043809230769230765
0.04422646153846154
0.084072
0.12245723076923076
0.15667015384615385
0.18086953846153844
0.1775316923076923
0.146448
0.10722830769230769
0.058829538461538454
0.009179076923076922
-0.045895384615384616
-0.10201292307692307
-0.14206707692307693
-0.16105107692307694
-0.15228923076923076
-0.11891076923076922
-0.07531015384615385
-0.02858030769230769
0.02273907692307692
0.08615815384615384
0.15520984615384617
0.20131384615384615
0.2073636923076923
0.1883796923076923
0.15103753846153847
0.09199938461538461
0.018775384615384614
-0.06717415384615384
-0.14832553846153845
-0.21779446153846155
-0.25367630769230765
-0.24512307692307692
-0.20861538461538462
-0.143736
-0.07238953846153846
0.007510153846153846
0.09679753846153846
0.16480615384615382
0.20861538461538462
0.21612553846153845
0.18149538461538461
0.1289243076923077
0.05799507692307692
-0.005215384615384615
-0.053614153846153846
-0.09930092307692308
-0.11849353846153846
-0.11599015384615384
-0.08156861538461539
-0.014603076923076923
0.05236246153846154
0.10597661538461538
0.14749107692307692
0.17273353846153844
0.18274707692307693
0.1597993846153846
0.10618523076923077
0.042557538461538466
-0.03212676923076923
-0.08031692307692308
-0.10576799999999999
-0.10868861538461538
-0.0880356923076923
-0.06821723076923077
-0.030040615384615384
0.017523692307692306
0.05298830769230769
0.06738276923076922
0.051319384615384614
0.019192615384615384
-0.016480615384615385
-0.06133292307692308
-0.09992676923076924
-0.12850707692307692
-0.143736
-0.12662953846153846
-0.08699261538461538
-0.03400430769230769
0.023782153846153845
0.0678
0.09095630769230768
0.09387692307692307
0.08302892307692307
0.06133292307692308
0.023990769230769232
-0.02023569230769231
-0.05570030769230769
-0.07134646153846153
-0.053614153846153846
-0.0077187692307692304
0.047981538461538464
0.10117846153846152
0.1462393846153846
0.17961784615384613
0.19568123076923075
0.19442953846153843
0.16209415384615386
0.09992676923076924
0.03150092307692308
-0.029623384615384614
-0.07802215384615384
-0.11995384615384615
-0.14540492307692307
-0.14978584615384616
-0.13038461538461538
-0.086784
-0.03421292307692308
0.023990769230769232
0.07280676923076923
0.10806276923076923
0.12642092307692307
0.11014892307692307
0.06133292307692308
-0.010222153846153844
-0.09074769230769231
-0.16021661538461537
-0.2021483076923077
-0.21195323076923075
-0.19651569230769228
-0.15520984615384617
-0.09325107692307691
-0.021278769230769233
0.05486584615384615
0.12245723076923076
0.1696043076923077
0.1913003076923077
0.17982646153846152
0.1506203076923077
0.124752
0.09325107692307691
0.05716061538461538
0.018775384615384614
-0.010013538461538461
-0.016272
-0.012308307692307691
-0.0016689230769230767
0.009596307692307692
0.009596307692307692
0.015228923076923076
0.029414769230769227
0.047981538461538464
0.05674338461538461
0.04422646153846154
0.03671630769230769
0.033169846153846154
0.04214030769230769
0.051319384615384614
0.06195876923076923
0.07551876923076924
0.07614461538461538
0.07489292307692308
0.05820369230769231
0.027745846153846152
-0.02524246153846154
-0.08094276923076923
-0.13059323076923077
-0.1760713846153846
-0.19818461538461538
-0.23177169230769232
-0.25659692307692306
-0.2699483076923077
-0.26306399999999996
-0.23198030769230768
-0.18858830769230767
-0.13038461538461538
-0.06905169230769231
0.03775938461538462
0.20715507692307691
0.4184824615384615
0.5728578461538462
0.7067889230769231
0.7927384615384615
0.8209015384615383
0.804420923076923
0.634608
0.3817661538461538
-0.0012516923076923076
-0.40742584615384614
-0.775632
-1.1281919999999999
-1.3391021538461536
-1.45092
-1.3514104615384614
-1.037652923076923
-0.5659735384615384
0.05757784615384615
0.6490024615384615
1.1774252307692308
1.5583569230769232
1.7093944615384615
1.6411772307692307
1.2994652307692307
0.7689563076923076
0.12016246153846154
-0.6012295384615385
-1.2108036923076921
-1.6399255384615385
-1.843116923076923
-1.7703101538461536
-1.5070375384615384
-1.042451076923077
-0.4539470769230769
0.18545907692307692
0.8359218461538461
1.3276283076923077
1.6190639999999998
1.6977119999999999
1.565449846153846
1.2786036923076922
0.8323753846153845
0.27599815384615384
-0.30332676923076923
-0.8373821538461538
-1.2235292307692307
-1.4440356923076922
-1.507872
-1.39668
-1.1467587692307692
-0.7725027692307692
-0.3114627692307692
0.16063384615384615
0.6043587692307693
0.9623427692307691
1.2118467692307693
1.3484898461538462
1.3336781538461537
1.1945316923076923
0.9256264615384615
0.5469895384615384
0.10743692307692307
-0.36027876923076924
-0.7852283076923077
-1.136953846153846
-1.381033846153846
-1.4945206153846153
-1.4386116923076921
-1.1807630769230768
-0.7462172307692307
-0.18754523076923074
0.42077723076923074
0.9950953846153846
1.4626024615384616
1.773648
1.8652301538461538
1.7016756923076923
1.287782769230769
0.6986529230769231
0.03275261538461539
-0.6331476923076923
-1.2103864615384614
-1.6415944615384617
-1.8666904615384614
-1.843116923076923
-1.5723341538461537
-1.085843076923077
-0.4516523076923077
0.2591003076923077
0.9565015384615385
1.5418763076923077
1.9378283076923075
2.086779692307692
1.961401846153846
1.5833907692307692
1.0147052307692306
0.3467187692307692
-0.3239796923076923
-0.9174904615384616
-1.3633015384615386
-1.6198984615384615
-1.6572406153846153
-1.465523076923077
-1.070196923076923
-0.5426086153846154
0.027328615384615382
0.5672252307692307
1.008864
1.3092701538461538
1.431310153846154
1.3601723076923078
1.106496
0.7136732307692307
0.2588916923076923
-0.192552
-0.5830799999999999
-0.8845292307692307
-1.0831310769230769
-1.1663686153846153
-1.1225593846153845
-0.950868923076923
-0.6965667692307692
-0.4042966153846154
-0.10576799999999999
0.1794092307692308
0.4524867692307692
0.6788344615384615
0.823404923076923
0.874307076923077
0.8254910769230769
0.703451076923077
0.5292572307692308
0.32627446153846157
0.1045163076923077
-0.1314276923076923
-0.3485963076923077
-0.5336381538461539
-0.6583901538461538
-0.7049113846153846
-0.6802947692307691
-0.5786990769230769
-0.4151446153846154
-0.19651569230769228
0.0678
0.34275507692307694
0.6024812307692308
0.8029606153846153
0.9216627692307693
0.956292923076923
0.8824430769230769
0.7103353846153846
0.45603323076923075
0.1489513846153846
-0.165432
-0.44998338461538456
-0.6556781538461539
-0.7733372307692308
-0.7998313846153845
-0.722435076923077
-0.561384
-0.3214763076923077
-0.04214030769230769
0.22676492307692306
0.4645864615384615
0.6366941538461539
0.7347433846153846
0.7518498461538461
0.6834239999999999
0.5497015384615385
0.37321292307692305
0.1787833846153846
0.0012516923076923076
-0.14331876923076922
-0.23636123076923077
-0.27599815384615384
-0.27453784615384613
-0.2355267692307692
-0.18858830769230767
-0.12850707692307692
-0.06696553846153847
-0.020652923076923076
0.018983999999999997
0.05048492307692308
0.09471138461538461
0.1449876923076923
0.19568123076923075
0.2532590769230769
0.2995716923076923
0.33524492307692305
0.35151692307692306
0.3239796923076923
0.2399076923076923
0.10347323076923076
-0.05507446153846154
-0.21612553846153845
-0.36319938461538465
-0.4781464615384615
-0.5449033846153846
-0.5392707692307692
-0.46312615384615385
-0.32001599999999997
-0.1314276923076923
0.07051199999999999
0.26139507692307695
0.41618769230769226
0.5146541538461539
0.5388535384615384
0.47355692307692304
0.31229723076923077
0.086784
-0.16710092307692306
-0.40930338461538457
-0.6095741538461538
-0.7476775384615384
-0.8002486153846153
-0.7578996923076923
-0.6154153846153846
-0.39657784615384617
-0.13852061538461538
0.12808984615384614
0.3554806153846154
0.5182006153846154
0.6099913846153846
0.6120775384615385
0.5298830769230769
0.3659113846153846
0.14582215384615385
-0.07072061538461538
-0.2517987692307692
-0.36778892307692307
-0.417648
-0.4124326153846154
-0.3473446153846154
-0.23448369230769228
-0.08782707692307692
0.07656184615384615
0.22113230769230768
0.3129230769230769
0.3473446153846154
0.34296369230769225
0.3160523076923077
0.26786215384615386
0.20486030769230767
0.13372246153846154
0.07343261538461537
0.030875076923076922
0.0018775384615384615
-0.023990769230769232
-0.06070707692307692
-0.10660246153846153
-0.14874276923076923
-0.1802436923076923
-0.20277415384615383
-0.20298276923076922
-0.18921415384615384
-0.15813046153846153
-0.10347323076923076
-0.030040615384615384
0.059872615384615385
0.13852061538461538
0.1992276923076923
0.2426196923076923
0.25659692307692306
0.24595753846153845
0.20402584615384614
0.12391753846153845
0.01710646153846154
-0.09700615384615385
-0.18796246153846152
-0.23656984615384613
-0.23907323076923076
-0.2073636923076923
-0.14290153846153844
-0.03379569230769231
0.10159569230769232
0.23364923076923078
0.33983446153846153
0.3886504615384615
0.37592492307692305
0.30749907692307693
0.1948467692307692
0.059664
-0.086784
-0.20861538461538462
-0.2868461538461538
-0.32189353846153845
-0.2970683076923077
-0.2194633846153846
-0.11327815384615383
-0.0029206153846153843
0.09763200000000001
0.19526400000000002
0.2540935384615385
0.2559710769230769
0.20465169230769228
0.09846646153846153
-0.01981846153846154
-0.13309661538461537
-0.2209236923076923
-0.26765353846153844
-0.2822566153846154
-0.2532590769230769
-0.17961784615384613
-0.07134646153846153
0.056951999999999996
0.16856123076923077
0.25159015384615385
0.306456
0.31813846153846154
0.29227015384615385
0.22300984615384614
0.10660246153846153
-0.02545107692307692
-0.14874276923076923
-0.2357353846153846
-0.2764153846153846
-0.2712
-0.21862892307692305
-0.13747753846153846
-0.021904615384615383
0.11807630769230769
0.24762646153846155
0.33962584615384617
0.37738523076923075
0.368832
0.3077076923076923
0.19025723076923076
0.05236246153846154
-0.09262523076923077
-0.24074215384615386
-0.3600701538461538
-0.43809230769230767
-0.4585366153846154
-0.4220289230769231
-0.3565236923076923
-0.252216
-0.11452984615384615
0.04130584615384615
0.19046584615384615
0.2997803076923077
0.360696
0.35318584615384613
0.2937304615384615
0.19463815384615382
0.059872615384615385
-0.08135999999999999
-0.2290596923076923
-0.3456756923076923
-0.4078430769230769
-0.4303735384615384
-0.40346215384615386
-0.3392086153846154
-0.24992123076923078
-0.13789476923076924
-0.019609846153846155
0.09533723076923077
0.18775384615384613
0.24595753846153845
0.2737033846153846
0.2730775384615384
0.25972615384615383
0.23052
0.16876984615384616
0.08615815384615384
-0.012099692307692308
-0.10180430769230768
-0.16730953846153845
-0.2125790769230769
-0.22488738461538463
-0.21633415384615384
-0.17669723076923077
-0.09992676923076924
0.001043076923076923
0.11265230769230769
0.20965846153846154
0.273912
0.3072904615384615
0.31000246153846156
0.2805876923076923
0.22154953846153846
0.12955015384615384
0.03129230769230769
-0.06446215384615385
-0.13810338461538463
-0.1794092307692308
-0.19192615384615386
-0.17377661538461536
-0.1424843076923077
-0.07343261538461537
0.019192615384615384
0.10514215384615383
0.1785747692307692
0.22467876923076924
0.24637476923076923
0.25054707692307693
0.23218892307692307
0.19714153846153845
0.1489513846153846
0.08219446153846154
0.03275261538461539
0.006258461538461538
0.0008344615384615384
0.012934153846153845
0.023364923076923075
0.04526953846153846
0.07593599999999999
0.11014892307692307
0.13998092307692306
0.15249784615384615
0.13789476923076924
0.09095630769230768
0.025659692307692307
-0.04172307692307692
-0.10076123076923077
-0.1356
-0.14540492307692307
-0.12350030769230769
-0.06341907692307691
0.017315076923076923
0.10889723076923077
0.18629353846153843
0.2371956923076923
0.26160369230769226
0.241368
0.18253846153846154
0.09596307692307693
-0.012099692307692308
-0.12767261538461538
-0.2399076923076923
-0.31500923076923076
-0.3456756923076923
-0.3412947692307692
-0.2962338461538461
-0.2157083076923077
-0.09825784615384614
0.0446436923076923
0.17961784615384613
0.28893230769230765
0.34588430769230766
0.3485963076923077
0.31918153846153846
0.24762646153846155
0.14290153846153844
0.016272
-0.12162276923076921
-0.23886461538461537
-0.30979384615384614
-0.3269003076923077
-0.3095852307692307
-0.25367630769230765
-0.1923433846153846
-0.12266584615384615
-0.023782153846153845
0.07030338461538461
0.16730953846153845
0.23928184615384615
0.2734947692307692
0.28434276923076923
0.2730775384615384
0.2626467692307692
0.2680707692307692
0.21007569230769232
0.044435076923076924
-0.09721476923076922
-0.23281476923076924
-0.30583015384615386
-0.28017046153846153
-0.38656430769230765
-0.4493575384615385
-0.4405956923076923
-0.35965292307692304
-0.124752
0.024408000000000003
0.15479261538461536
0.22551323076923077
0.31813846153846154
0.4873255384615384
0.5542910769230769
0.5555427692307692
0.37258707692307685
0.16042523076923076
0.017315076923076923
-0.15750461538461538
-0.23344061538461539
-0.3581926153846154
-0.4460196923076923
-0.3988726153846154
-0.34943076923076927
-0.14519630769230768
0.07113784615384615
0.23782153846153845
0.4478972307692307
0.511524923076923
0.546780923076923
0.5757784615384615
0.5075612307692308
0.4633347692307692
0.31855569230769226
0.12245723076923076
-0.028788923076923077
-0.1597993846153846
-0.18525046153846153
-0.20444307692307692
-0.23803015384615384
-0.23531815384615382
-0.20381723076923075
-0.06926030769230769
0.05945538461538461
0.13226215384615383
0.20381723076923075
0.22801661538461537
0.3012406153846154
0.36611999999999995
0.3508910769230769
0.34338092307692303
0.2753723076923077
0.19505538461538463
0.13330523076923076
0.0043809230769230765
-0.12141415384615384
-0.2532590769230769
-0.3838523076923077
-0.43433723076923075
-0.45957969230769224
-0.42348923076923073
-0.3114627692307692
-0.1612596923076923
0.013768615384615384
0.17377661538461536
0.3294036923076923
0.43642338461538455
0.5021372307692308
0.5159058461538462
0.4184824615384615
0.30019753846153846
0.15374953846153847
-0.02273907692307692
-0.1635544615384615
-0.31000246153846156
-0.39636923076923075
-0.4174393846153846
-0.39657784615384617
-0.2995716923076923
-0.1913003076923077
-0.035464615384615386
0.16063384615384615
0.30583015384615386
0.3886504615384615
0.3919883076923077
0.3565236923076923
0.2805876923076923
0.1368516923076923
-0.028163076923076923
-0.22154953846153846
-0.37008369230769234
-0.4262012307692308
-0.44581107692307687
-0.39219692307692305
-0.3133403076923077
-0.2438713846153846
-0.11807630769230769
-0.026285538461538457
0.037342153846153844
0.08699261538461538
0.06738276923076922
0.06321046153846153
0.0446436923076923
0.016480615384615385
0.014811692307692307
0.009179076923076922
0.03650769230769231
0.05862092307692307
0.08615815384615384
0.10910584615384614
0.09199938461538461
0.09137353846153846
0.05862092307692307
0.024616615384615383
-0.004172307692307692
-0.07468430769230769
-0.09199938461538461
-0.07927384615384615
-0.059038153846153844
-0.014185846153846153
0.01043076923076923
0.07280676923076923
0.16501476923076921
0.23114584615384615
0.2853858461538461
0.28768061538461537
0.25284184615384614
0.19755876923076923
0.09992676923076924
-0.0022947692307692304
-0.11640738461538462
-0.22488738461538463
-0.29602523076923076
-0.3508910769230769
-0.3392086153846154
-0.2799618461538461
-0.18483323076923078
-0.04714707692307692
0.051319384615384614
0.138312
0.21007569230769232
0.25659692307692306
0.29644246153846154
0.2601433846153846
0.1666836923076923
0.06654830769230768
-0.027120000000000002
-0.0771876923076923
-0.10660246153846153
-0.13643446153846153
-0.1543753846153846
-0.15959076923076923
-0.13121907692307694
-0.08219446153846154
-0.0446436923076923
-0.03400430769230769
-0.054240000000000003
-0.06654830769230768
-0.06425353846153846
-0.05820369230769231
-0.031709538461538456
-0.011891076923076923
0.011891076923076923
0.042557538461538466
0.06216738461538462
0.0936683076923077
0.10222153846153846
0.06654830769230768
0.0035464615384615383
-0.06258461538461538
-0.09930092307692308
-0.12204
-0.14457046153846154
-0.17252492307692308
-0.19296923076923078
-0.16897846153846155
-0.100344
0.0043809230769230765
0.10639384615384614
0.165432
0.208824
0.241368
0.26932246153846157
0.2699483076923077
0.20027076923076922
0.11181784615384616
0.015437538461538461
-0.06738276923076922
-0.10785415384615385
-0.1489513846153846
-0.1775316923076923
-0.17648861538461538
-0.14936861538461538
-0.08323753846153846
0.0022947692307692304
0.08094276923076923
0.13330523076923076
0.15333230769230768
0.16000799999999998
0.14686523076923075
0.12433476923076923
0.08031692307692308
-0.0033378461538461535
-0.07885661538461539
-0.14415323076923076
-0.1733593846153846
-0.15646153846153846
-0.13038461538461538
-0.07697907692307693
-0.021070153846153846
0.037967999999999995
0.11181784615384616
0.16438892307692307
0.19317784615384614
0.1800350769230769
0.14164984615384615
0.11578153846153846
0.09304246153846155
0.07614461538461538
0.05799507692307692
0.025659692307692307
0.0029206153846153843
-0.0012516923076923076
0.009596307692307692
0.02586830769230769
0.02023569230769231
0.016063384615384615
0.0043809230769230765
-0.012308307692307691
-0.021904615384615383
-0.05757784615384615
-0.08198584615384615
-0.09304246153846155
-0.09825784615384614
-0.07656184615384615
-0.05507446153846154
-0.035255999999999996
-0.007510153846153846
0.016063384615384615
0.051319384615384614
0.08386338461538462
0.0961716923076923
0.09992676923076924
0.08386338461538462
0.06216738461538462
0.04714707692307692
0.03483876923076923
0.02273907692307692
-0.004589538461538461
-0.042974769230769226
-0.07301538461538462
-0.084072
-0.06926030769230769
-0.0446436923076923
-0.015228923076923076
0.02273907692307692
0.0609156923076923
0.10514215384615383
0.127464
0.12099692307692309
0.09533723076923077
0.05069353846153846
0.015020307692307692
-0.02023569230769231
-0.061124307692307686
-0.10430769230769231
-0.15416676923076922
-0.19067446153846154
-0.2059033846153846
-0.19797599999999999
-0.16584923076923075
-0.1207883076923077
-0.06321046153846153
0.009179076923076922
0.073224
0.130176
0.17148184615384612
0.18775384615384613
0.19693292307692306
0.18128676923076922
0.15228923076923076
0.10931446153846153
0.04839876923076923
-0.0077187692307692304
-0.05444861538461539
-0.07885661538461539
-0.07510153846153846
-0.055491692307692304
-0.017315076923076923
0.03650769230769231
0.09658892307692307
0.1570873846153846
0.19693292307692306
0.222384
0.22780799999999998
0.21028430769230766
0.17690584615384616
0.12537784615384615
0.06717415384615384
0.005841230769230769
-0.04693846153846153
-0.08386338461538462
-0.09950953846153845
-0.103056
-0.10514215384615383
-0.09512861538461538
-0.07802215384615384
-0.04819015384615385
-0.01668923076923077
0.010222153846153844
0.04672984615384615
0.07677046153846154
0.10868861538461538
0.146448
0.18066092307692305
0.21758584615384616
0.24595753846153845
0.2563883076923077
0.26222953846153846
0.24762646153846155
0.20944984615384615
0.14832553846153845
0.06425353846153846
-0.0043809230769230765
-0.05736923076923077
-0.08511507692307693
-0.08845292307692308
-0.08198584615384615
-0.052153846153846155
-0.005632615384615384
0.05757784615384615
0.12975876923076923
0.18629353846153843
0.22488738461538463
0.23469230769230767
0.222384
0.17899199999999998
0.09909230769230769
-0.0002086153846153846
-0.11202646153846153
-0.2127876923076923
-0.28017046153846153
-0.30270092307692303
-0.29039261538461536
-0.2507556923076923
-0.18191261538461537
-0.09095630769230768
0.009596307692307692
0.10848000000000001
0.19046584615384615
0.238656
0.25284184615384614
0.24679199999999998
0.21821169230769227
0.17315076923076922
0.1028473846153846
0.010013538461538461
-0.06926030769230769
-0.13393107692307693
-0.17565415384615385
-0.20173107692307693
-0.21529107692307692
-0.21049292307692305
-0.19839323076923077
-0.16459753846153846
-0.11452984615384615
-0.06675692307692307
-0.02545107692307692
0.007510153846153846
0.04965046153846154
0.09784061538461537
0.13226215384615383
0.1424843076923077
0.1218313846153846
0.08636676923076922
0.03942830769230769
-0.016480615384615385
-0.07384984615384615
-0.13643446153846153
-0.19505538461538463
-0.23656984615384613
-0.241368
-0.2059033846153846
-0.14957723076923077
-0.07405846153846153
0.009179076923076922
0.10159569230769232
0.21091015384615383
0.30583015384615386
0.3684147692307692
0.385104
0.3521427692307692
0.2837169230769231
0.18629353846153843
0.07092923076923077
-0.05757784615384615
-0.18629353846153843
-0.2887236923076923
-0.3448412307692308
-0.35235138461538457
-0.3210590769230769
-0.26786215384615386
-0.19714153846153845
-0.10514215384615383
0.0022947692307692304
0.11724184615384614
0.19839323076923077
0.235944
0.2369870769230769
0.20402584615384614
0.16042523076923076
0.09930092307692308
0.02795446153846154
-0.0448523076923077
-0.10848000000000001
-0.14311015384615386
-0.14331876923076922
-0.11077476923076923
-0.06362769230769232
-0.008970461538461538
0.05194523076923077
0.11327815384615383
0.16438892307692307
0.20402584615384614
0.21883753846153844
0.19714153846153845
0.1597993846153846
0.12120553846153845
0.09429415384615383
0.06946892307692307
0.03483876923076923
-0.01272553846153846
-0.05820369230769231
-0.07948246153846153
-0.08636676923076922
-0.09408553846153846
-0.11411261538461538
-0.1314276923076923
-0.13101046153846155
-0.116616
-0.09408553846153846
-0.08511507692307693
-0.09763200000000001
-0.11619876923076923
-0.13455692307692307
-0.14290153846153844
-0.10326461538461539
-0.019192615384615384
0.078648
0.1913003076923077
0.2764153846153846
0.35965292307692304
0.42724430769230765
0.4351716923076923
0.3903193846153846
0.249504
0.09074769230769231
-0.07906523076923076
-0.19568123076923075
-0.29685969230769227
-0.4184824615384615
-0.4345458461538461
-0.4128498461538462
-0.26911384615384615
-0.08219446153846154
0.0855323076923077
0.254928
0.3412947692307692
0.4401784615384615
0.45311261538461534
0.3613218461538461
0.21362215384615382
-0.016897846153846156
-0.21028430769230766
-0.3913624615384615
-0.5171575384615384
-0.5469895384615384
-0.5305089230769231
-0.40617415384615385
-0.24074215384615386
-0.058412307692307694
0.11807630769230769
0.21883753846153844
0.31772123076923076
0.3473446153846154
0.30186646153846153
0.2624381538461539
0.18107815384615383
0.13476553846153844
0.10076123076923077
0.05048492307692308
0.03379569230769231
-0.0033378461538461535
-0.02795446153846154
-0.05507446153846154
-0.0974233846153846
-0.12808984615384614
-0.1639716923076923
-0.16000799999999998
-0.138312
-0.12850707692307692
-0.10076123076923077
-0.08323753846153846
-0.03671630769230769
0.026285538461538457
0.06425353846153846
0.1207883076923077
0.1706473846153846
0.21675138461538462
0.24428861538461538
0.19213476923076922
0.09721476923076922
-0.017940923076923077
-0.1506203076923077
-0.25430215384615384
-0.34692738461538464
-0.4036707692307692
-0.38760738461538463
-0.31041969230769234
-0.14477907692307693
0.050067692307692306
0.2426196923076923
0.41681353846153846
0.5305089230769231
0.593928
0.565764923076923
0.46375199999999994
0.3206418461538461
0.13267938461538462
-0.04172307692307692
-0.1883796923076923
-0.2883064615384615
-0.32606584615384615
-0.328152
-0.2722430769230769
-0.17982646153846152
-0.07259815384615384
0.059872615384615385
0.17481969230769231
0.24658338461538462
0.26348123076923075
0.24449723076923074
0.2154996923076923
0.16167692307692308
0.08574092307692306
-0.012934153846153845
-0.10597661538461538
-0.15374953846153847
-0.168144
-0.146448
-0.10660246153846153
-0.07343261538461537
-0.013142769230769229
0.04860738461538461
0.092208
0.12037107692307693
0.10868861538461538
0.09763200000000001
0.09137353846153846
0.08240307692307691
0.08469784615384615
0.07405846153846153
0.06362769230769232
0.06258461538461538
0.07113784615384615
0.08866153846153846
0.0880356923076923
0.07614461538461538
0.053614153846153846
0.010848
-0.03045784615384615
-0.07426707692307692
-0.10910584615384614
-0.13393107692307693
-0.15833907692307692
-0.13998092307692306
-0.09825784615384614
-0.03984553846153846
0.050067692307692306
0.1207883076923077
0.17252492307692308
0.208824
0.22342707692307692
0.23677846153846152
0.21111876923076925
0.14749107692307692
0.07927384615384615
0.015854769230769228
-0.012099692307692308
-0.026285538461538457
-0.03713353846153846
-0.031918153846153846
-0.018775384615384614
0.03066646153846154
0.08469784615384615
0.1178676923076923
0.13434830769230768
0.11578153846153846
0.11536430769230768
0.12579507692307693
0.11494707692307692
0.09971815384615385
0.06258461538461538
0.03838523076923077
0.03358707692307692
0.018358153846153843
0.016063384615384615
0.0022947692307692304
-0.026494153846153844
-0.051528
-0.07614461538461538
-0.08323753846153846
-0.0892873846153846
-0.10138707692307691
-0.10994030769230768
-0.11807630769230769
-0.09930092307692308
-0.06154153846153846
-0.021070153846153846
0.02273907692307692
0.04839876923076923
0.0826116923076923
0.12788123076923075
0.1718990769230769
0.20965846153846154
0.20152246153846154
0.1693956923076923
0.13080184615384613
0.08845292307692308
0.05069353846153846
-0.0077187692307692304
-0.06717415384615384
-0.10389046153846154
-0.11703323076923078
-0.10514215384615383
-0.07969107692307692
-0.0446436923076923
-0.008136
0.035255999999999996
0.08949599999999999
0.12579507692307693
0.12662953846153846
0.10055261538461538
0.06258461538461538
0.016897846153846156
-0.04401784615384615
-0.100344
-0.14436184615384615
-0.1860849230769231
-0.20423446153846153
-0.1792006153846154
-0.12350030769230769
-0.06487938461538462
-0.014603076923076923
0.02858030769230769
0.06633969230769231
0.0880356923076923
0.09554584615384615
0.0934596923076923
0.07197230769230768
0.028163076923076923
-0.01940123076923077
-0.05173661538461538
-0.06487938461538462
-0.05528307692307692
-0.042974769230769226
-0.024408000000000003
0.005841230769230769
0.03129230769230769
0.05298830769230769
0.05924676923076923
0.031709538461538456
-0.011265230769230769
-0.054657230769230764
-0.09575446153846154
-0.12579507692307693
-0.15792184615384616
-0.17419384615384614
-0.16209415384615386
-0.119328
-0.04860738461538461
0.022947692307692308
0.08949599999999999
0.13622584615384614
0.16271999999999998
0.16730953846153845
0.13309661538461537
0.0717636923076923
-0.008970461538461538
-0.0974233846153846
-0.17586276923076924
-0.2290596923076923
-0.23531815384615382
-0.21007569230769232
-0.1614683076923077
-0.08323753846153846
0.018983999999999997
0.12808984615384614
0.2125790769230769
0.26452430769230767
0.2737033846153846
0.2438713846153846
0.18942276923076923
0.12204
0.04672984615384615
-0.03775938461538462
-0.11473846153846154
-0.1696043076923077
-0.19797599999999999
-0.20173107692307693
-0.18316430769230768
-0.14686523076923075
-0.09679753846153846
-0.032544
0.03755076923076923
0.09971815384615385
0.1504116923076923
0.1775316923076923
0.1802436923076923
0.16856123076923077
0.14331876923076922
0.11014892307692307
0.06967753846153846
0.02586830769230769
-0.013560000000000001
-0.044435076923076924
-0.06425353846153846
-0.0717636923076923
-0.07092923076923077
-0.06675692307692307
-0.05111076923076923
-0.021070153846153846
0.022530461538461537
0.06717415384615384
0.09825784615384614
0.11807630769230769
0.12642092307692307
0.1178676923076923
0.092208
0.04693846153846153
-0.009804923076923077
-0.059664
-0.09909230769230769
-0.11411261538461538
-0.11014892307692307
-0.08636676923076922
-0.042557538461538466
0.0043809230769230765
0.07218092307692307
0.13038461538461538
0.16584923076923075
0.1858763076923077
0.17419384615384614
0.14519630769230768
0.0963803076923077
0.03692492307692308
-0.02211323076923077
-0.0771876923076923
-0.10576799999999999
-0.10243015384615384
-0.07697907692307693
-0.03442153846153846
0.014811692307692307
0.07030338461538461
0.130176
0.17982646153846152
0.21091015384615383
0.20360861538461536
0.165432
0.10263876923076923
0.024616615384615383
-0.047981538461538464
-0.11828492307692307
-0.16856123076923077
-0.18921415384615384
-0.17481969230769231
-0.11974523076923077
-0.041514461538461535
0.03650769230769231
0.09971815384615385
0.14081538461538462
0.15687876923076924
0.15124615384615384
0.11870215384615385
0.06529661538461538
0.005841230769230769
-0.05319692307692307
-0.09909230769230769
-0.12287446153846153
-0.13080184615384613
-0.1205796923076923
-0.0974233846153846
-0.06759138461538462
-0.02899753846153846
0.011473846153846154
0.04631261538461538
0.06404492307692307
0.0717636923076923
0.07572738461538461
0.06717415384615384
0.04714707692307692
0.010639384615384617
-0.035464615384615386
-0.07739630769230768
-0.1151556923076923
-0.14457046153846154
-0.1652233846153846
-0.17669723076923077
-0.17815753846153848
-0.1652233846153846
-0.1353913846153846
-0.09325107692307691
-0.048816000000000005
-0.015228923076923076
0.011891076923076923
0.03150092307692308
0.05111076923076923
0.06571384615384615
0.06028984615384615
0.03483876923076923
-0.0029206153846153843
-0.03629907692307692
-0.06133292307692308
-0.07218092307692307
-0.07614461538461538
-0.07259815384615384
-0.04902461538461538
-0.009596307692307692
0.045895384615384616
0.10931446153846153
0.1570873846153846
0.18900553846153845
0.2073636923076923
0.20819815384615384
0.200688
0.1792006153846154
0.1462393846153846
0.100344
0.05507446153846154
0.028371692307692306
0.012934153846153845
0.0012516923076923076
-0.010639384615384617
-0.009804923076923077
0.0033378461538461535
0.03421292307692308
0.07677046153846154
0.11202646153846153
0.13121907692307694
0.12788123076923075
0.11828492307692307
0.09575446153846154
0.04672984615384615
-0.020652923076923076
-0.09533723076923077
-0.14832553846153845
-0.16105107692307694
-0.14436184615384615
-0.10722830769230769
-0.05590892307692308
0.006258461538461538
0.07802215384615384
0.14728246153846153
0.20027076923076922
0.21675138461538462
0.18858830769230767
0.1397723076923077
0.07364123076923076
0.005215384615384615
-0.053614153846153846
-0.10681107692307691
-0.138312
-0.1476996923076923
-0.13059323076923077
-0.07760492307692309
-0.007301538461538462
0.06571384615384615
0.13622584615384614
0.19672430769230767
0.2503384615384615
0.28204799999999997
0.2849686153846154
0.25367630769230765
0.18191261538461537
0.10514215384615383
0.027328615384615382
-0.05528307692307692
-0.12788123076923075
-0.19463815384615382
-0.21967199999999998
-0.20444307692307692
-0.15270646153846154
-0.06008123076923077
0.035255999999999996
0.13518276923076925
0.23135446153846154
0.306456
0.3508910769230769
0.3369138461538461
0.27599815384615384
0.1718990769230769
0.035464615384615386
-0.08219446153846154
-0.20944984615384615
-0.30270092307692303
-0.34963938461538463
-0.3573581538461538
-0.317304
-0.2563883076923077
-0.16271999999999998
-0.03963692307692308
0.08469784615384615
0.2288510769230769
0.452904
0.46667261538461535
0.41660492307692304
0.37967999999999996
0.23281476923076924
0.21696000000000001
0.023364923076923075
-0.19735015384615384
-0.3826006153846154
-0.5615926153846154
-0.45561599999999997
-0.376968
-0.22780799999999998
-0.09763200000000001
0.030875076923076922
0.3321156923076923
0.5186178461538461
0.7211833846153846
0.7243126153846153
0.547824
0.4353803076923077
0.20360861538461536
0.06279323076923077
-0.1028473846153846
-0.3490135384615385
-0.41326707692307696
-0.5413569230769231
-0.5459464615384615
-0.3805144615384615
-0.29581661538461534
-0.09137353846153846
0.016272
0.07030338461538461
0.18921415384615384
0.21070153846153844
0.30708184615384615
0.3294036923076923
0.22968553846153844
0.13205353846153844
-0.015854769230769228
-0.059664
-0.10013538461538461
-0.2075723076923077
-0.28100492307692304
-0.39052800000000004
-0.3652855384615385
-0.26160369230769226
-0.20861538461538462
-0.10576799999999999
-0.059038153846153844
0.022947692307692308
0.17002153846153847
0.235944
0.3131316923076923
0.3275261538461538
0.27474646153846155
0.279336
0.23677846153846152
0.173568
0.07364123076923076
-0.078648
-0.1881710769230769
-0.2953993846153846
-0.347136
-0.3540203076923077
-0.3102110769230769
-0.20715507692307691
-0.13935507692307691
0.009596307692307692
0.1867107692307692
0.314592
0.44226461538461537
0.4389267692307692
0.37926276923076924
0.2981113846153846
0.15103753846153847
0.041514461538461535
-0.12120553846153845
-0.287472
-0.36778892307692307
-0.41305846153846154
-0.3646596923076923
-0.2872633846153846
-0.19380369230769232
-0.035464615384615386
0.12391753846153845
0.26869661538461537
0.34692738461538464
0.3721698461538462
0.3767593846153846
0.2979027692307692
0.19338646153846153
0.05611753846153846
-0.11411261538461538
-0.21591692307692306
-0.30436984615384616
-0.33899999999999997
-0.2860116923076923
-0.22175815384615383
-0.09784061538461537
0.021278769230769233
0.10952307692307692
0.2125790769230769
0.2701569230769231
0.2997803076923077
0.2774584615384615
0.19860184615384616
0.09304246153846155
-0.03504738461538461
-0.10889723076923077
-0.1543753846153846
-0.18379015384615385
-0.18545907692307692
-0.18629353846153843
-0.119328
-0.02357353846153846
0.06633969230769231
0.17002153846153847
0.20423446153846153
0.20486030769230767
0.2125790769230769
0.18754523076923074
0.14665661538461539
0.05173661538461538
-0.06341907692307691
-0.12037107692307693
-0.15374953846153847
-0.1504116923076923
-0.13872923076923074
-0.13768615384615385
-0.1136953846153846
-0.08720123076923077
-0.02899753846153846
0.028163076923076923
0.04819015384615385
0.05945538461538461
0.03483876923076923
0.024408000000000003
0.03901107692307692
0.042974769230769226
0.07238953846153846
0.06300184615384616
0.037967999999999995
0.03921969230769231
0.03504738461538461
0.07301538461538462
0.07969107692307692
0.02899753846153846
-0.019192615384615384
-0.06195876923076923
-0.054240000000000003
-0.02273907692307692
-0.010639384615384617
-0.003129230769230769
0.0016689230769230767
0.04693846153846153
0.12016246153846154
0.17419384615384614
0.20715507692307691
0.18525046153846153
0.14686523076923075
0.11098338461538461
0.05528307692307692
-0.0002086153846153846
-0.08636676923076922
-0.16313723076923078
-0.20527753846153846
-0.23782153846153845
-0.22300984615384614
-0.18253846153846154
-0.13935507692307691
-0.09304246153846155
-0.056951999999999996
-0.003129230769230769
0.05924676923076923
0.09095630769230768
0.0853236923076923
0.04693846153846153
-0.0033378461538461535
-0.050067692307692306
-0.06967753846153846
-0.06467076923076923
-0.0826116923076923
-0.10138707692307691
-0.09679753846153846
-0.058829538461538454
0.0022947692307692304
0.040262769230769234
0.07468430769230769
0.11432123076923076
0.14686523076923075
0.18754523076923074
0.2056947692307692
0.18337292307692307
0.15562707692307692
0.12329169230769231
0.10368184615384615
0.09471138461538461
0.06946892307692307
0.044435076923076924
0.015020307692307692
-0.012308307692307691
-0.029623384615384614
-0.04318338461538461
-0.05653476923076922
-0.08448923076923077
-0.1045163076923077
-0.10681107692307691
-0.09992676923076924
-0.07030338461538461
-0.028371692307692306
0.019609846153846155
0.06154153846153846
0.08657538461538461
0.11473846153846154
0.13226215384615383
0.127464
0.10660246153846153
0.0448523076923077
-0.02545107692307692
-0.08156861538461539
-0.13330523076923076
-0.16021661538461537
-0.17481969230769231
-0.1666836923076923
-0.13872923076923074
-0.09658892307692307
-0.024199384615384616
0.051319384615384614
0.130176
0.20006215384615383
0.235944
0.23844738461538462
0.2125790769230769
0.16772676923076923
0.103056
0.031709538461538456
-0.031709538461538456
-0.08636676923076922
-0.12433476923076923
-0.12996738461538462
-0.11035753846153845
-0.07489292307692308
-0.025659692307692307
0.02795446153846154
0.09763200000000001
0.16209415384615386
0.20339999999999997
0.23156307692307693
0.23510953846153848
0.22467876923076924
0.19568123076923075
0.14394461538461537
0.08845292307692308
0.016272
-0.049233230769230765
-0.10159569230769232
-0.14436184615384615
-0.15687876923076924
-0.15208061538461537
-0.10555938461538462
-0.03692492307692308
0.035464615384615386
0.11411261538461538
0.16584923076923075
0.19317784615384614
0.19046584615384615
0.15687876923076924
0.11578153846153846
0.06425353846153846
0.0006258461538461538
-0.06425353846153846
-0.143736
-0.21007569230769232
-0.23615261538461538
-0.23385784615384617
-0.19672430769230767
-0.14436184615384615
-0.08448923076923077
-0.011473846153846154
0.06425353846153846
0.13893784615384613
0.19442953846153843
0.21800307692307694
0.21591692307692306
0.19004861538461537
0.14290153846153844
0.08177723076923075
0.003755076923076923
-0.07697907692307693
-0.1316363076923077
-0.15124615384615384
-0.1353913846153846
-0.0974233846153846
-0.04860738461538461
0.0022947692307692304
0.05319692307692307
0.09575446153846154
0.124752
0.12808984615384614
0.09241661538461539
0.03650769230769231
-0.031918153846153846
-0.09074769230769231
-0.14206707692307693
-0.1804523076923077
-0.20131384615384615
-0.2056947692307692
-0.16626646153846153
-0.10493353846153847
-0.031918153846153846
0.024616615384615383
0.05319692307692307
0.07760492307692309
0.09095630769230768
0.10347323076923076
0.10618523076923077
0.078648
0.03629907692307692
-0.009387692307692307
-0.043600615384615383
-0.05611753846153846
-0.05778646153846154
-0.05069353846153846
-0.03859384615384615
-0.013768615384615384
0.018775384615384614
0.04860738461538461
0.08052553846153847
0.10347323076923076
0.11703323076923078
0.13247076923076923
0.15187199999999998
0.16605784615384614
0.16292861538461537
0.13768615384615385
0.11765907692307691
0.10117846153846152
0.08198584615384615
0.06592246153846154
0.027745846153846152
-0.01856676923076923
-0.06633969230769231
-0.10368184615384615
-0.11870215384615385
-0.13226215384615383
-0.1397723076923077
-0.14018953846153845
-0.12245723076923076
-0.08240307692307691
-0.026285538461538457
0.01981846153846154
0.040054153846153843
0.05945538461538461
0.06759138461538462
0.07489292307692308
0.07739630769230768
0.05111076923076923
0.010639384615384617
-0.042974769230769226
-0.0826116923076923
-0.09784061538461537
-0.10389046153846154
-0.09825784615384614
-0.08073415384615384
-0.04693846153846153
0.0006258461538461538
0.06571384615384615
0.12662953846153846
0.1693956923076923
0.19755876923076923
0.19797599999999999
0.18399876923076922
0.15875630769230767
0.11244369230769231
0.05236246153846154
-0.010222153846153844
-0.04756430769230769
-0.047981538461538464
-0.024616615384615383
0.004798153846153846
0.029623384615384614
0.06070707692307692
0.09325107692307691
0.132888
0.17085599999999998
0.18107815384615383
0.16647507692307692
0.13747753846153846
0.10827138461538462
0.08031692307692308
0.03901107692307692
-0.003129230769230769
-0.022530461538461537
-0.02524246153846154
-0.0018775384615384615
0.037967999999999995
0.06759138461538462
0.08824430769230769
0.09408553846153846
0.09491999999999999
0.09199938461538461
0.06946892307692307
0.02858030769230769
-0.034630153846153845
-0.10263876923076923
-0.13747753846153846
-0.1368516923076923
-0.10201292307692307
-0.04735569230769231
0.02086153846153846
0.09596307692307693
0.1597993846153846
0.21925476923076925
0.2415766153846154
0.21883753846153844
0.16021661538461537
0.073224
-0.006258461538461538
-0.07885661538461539
-0.14957723076923077
-0.1992276923076923
-0.23177169230769232
-0.22780799999999998
-0.17565415384615385
-0.10576799999999999
-0.023364923076923075
0.05027630769230769
0.10868861538461538
0.1639716923076923
0.20548615384615385
0.2275993846153846
0.22175815384615383
0.1787833846153846
0.10910584615384614
0.029832
-0.05736923076923077
-0.14540492307692307
-0.22634769230769228
-0.28434276923076923
-0.3060387692307692
-0.2962338461538461
-0.2568055384615385
-0.19735015384615384
-0.12245723076923076
-0.04526953846153846
0.02273907692307692
0.08636676923076922
0.11682461538461539
0.11348676923076922
0.09512861538461538
0.032544
-0.023990769230769232
-0.08094276923076923
-0.13434830769230768
-0.13789476923076924
-0.14394461538461537
-0.027745846153846152
0.05528307692307692
0.04672984615384615
0.11265230769230769
0.1045163076923077
0.14311015384615386
0.14477907692307693
0.05757784615384615
-0.022947692307692308
-0.1422756923076923
-0.11807630769230769
-0.06884307692307692
-0.02211323076923077
0.03942830769230769
0.04902461538461538
0.1710646153846154
0.2853858461538461
0.3836436923076923
0.4460196923076923
0.3379569230769231
0.23448369230769228
0.10347323076923076
-0.05194523076923077
-0.15896492307692306
-0.3212676923076923
-0.4036707692307692
-0.43809230769230767
-0.46083138461538464
-0.32314523076923074
-0.15875630769230767
0.037342153846153844
0.23677846153846152
0.3383741538461538
0.4118067692307692
0.39908123076923074
0.35256
0.2899753846153846
0.13101046153846155
-0.05382276923076923
-0.21737723076923077
-0.29769415384615383
-0.29227015384615385
-0.2906012307692308
-0.26494153846153845
-0.22321846153846153
-0.1570873846153846
-0.02023569230769231
0.09241661538461539
0.17148184615384612
0.2207150769230769
0.2125790769230769
0.22676492307692306
0.21675138461538462
0.17148184615384612
0.124752
0.03442153846153846
-0.02524246153846154
-0.05298830769230769
-0.07426707692307692
-0.08073415384615384
-0.10639384615384614
-0.12099692307692309
-0.1316363076923077
-0.12621230769230768
-0.09325107692307691
-0.05799507692307692
0.0
0.029414769230769227
0.05236246153846154
0.12996738461538462
0.19442953846153843
0.24846092307692308
0.26786215384615386
0.2238443076923077
0.17398523076923075
0.09179076923076923
0.01043076923076923
-0.059664
-0.14999446153846155
-0.19526400000000002
-0.19964492307692308
-0.16480615384615382
-0.0880356923076923
-0.014185846153846153
0.07677046153846154
0.17085599999999998
0.23406646153846156
0.2716172307692308
0.265776
0.2532590769230769
0.21466523076923077
0.12266584615384615
0.03838523076923077
-0.07134646153846153
-0.16334584615384617
-0.2125790769230769
-0.25555384615384613
-0.24095076923076922
-0.21487384615384614
-0.16418030769230768
-0.07343261538461537
-0.0035464615384615383
0.06946892307692307
0.12141415384615384
0.14936861538461538
0.14749107692307692
0.09596307692307693
0.03275261538461539
-0.05674338461538461
-0.13330523076923076
-0.1706473846153846
-0.1990190769230769
-0.19338646153846153
-0.17648861538461538
-0.15479261538461536
-0.10555938461538462
-0.06154153846153846
-0.014394461538461538
0.018358153846153843
0.01668923076923077
0.033169846153846154
0.04672984615384615
0.04088861538461538
0.021696
-0.015437538461538461
-0.027745846153846152
-0.021278769230769233
-0.008761846153846153
0.001043076923076923
-0.0014603076923076922
0.005841230769230769
0.007510153846153846
0.026285538461538457
0.061750153846153844
0.06300184615384616
0.058412307692307694
0.040679999999999994
0.01272553846153846
0.005841230769230769
-0.016063384615384615
-0.012934153846153845
0.011891076923076923
0.02273907692307692
0.04839876923076923
0.07280676923076923
0.11411261538461538
0.15416676923076922
0.15687876923076924
0.15354092307692307
0.143736
0.13184492307692308
0.11265230769230769
0.07051199999999999
0.01981846153846154
-0.04318338461538461
-0.0880356923076923
-0.09512861538461538
-0.0828203076923077
-0.053614153846153846
-0.025033846153846153
0.008970461538461538
0.06613107692307692
0.12245723076923076
0.16856123076923077
0.20298276923076922
0.21299630769230768
0.2073636923076923
0.17502830769230768
0.11891076923076922
0.06258461538461538
-0.0022947692307692304
-0.07113784615384615
-0.11828492307692307
-0.1314276923076923
-0.11327815384615383
-0.0717636923076923
-0.013768615384615384
0.052153846153846155
0.10994030769230768
0.15938215384615384
0.20193969230769232
0.2275993846153846
0.2205064615384615
0.17523692307692307
0.12120553846153845
0.06529661538461538
0.011265230769230769
-0.03692492307692308
-0.07927384615384615
-0.09450276923076922
-0.09074769230769231
-0.07885661538461539
-0.06028984615384615
-0.040262769230769234
-0.016897846153846156
0.016897846153846156
0.046104
0.05799507692307692
0.05653476923076922
0.033169846153846154
0.010639384615384617
-0.0006258461538461538
-0.0033378461538461535
-0.0008344615384615384
0.005424
0.018358153846153843
0.02545107692307692
0.02795446153846154
0.011265230769230769
-0.019609846153846155
-0.05048492307692308
-0.08448923076923077
-0.09930092307692308
-0.10493353846153847
-0.10347323076923076
-0.0853236923076923
-0.053614153846153846
-0.002712
0.05507446153846154
0.10055261538461538
0.12725538461538463
0.13789476923076924
0.12037107692307693
0.08720123076923077
0.04860738461538461
-0.007301538461538462
-0.0717636923076923
-0.12767261538461538
-0.15416676923076922
-0.15416676923076922
-0.130176
-0.09325107692307691
-0.053614153846153846
-0.008136
0.03713353846153846
0.08699261538461538
0.1207883076923077
0.124752
0.09930092307692308
0.04422646153846154
-0.012516923076923077
-0.05924676923076923
-0.09074769230769231
-0.10743692307692307
-0.12016246153846154
-0.11327815384615383
-0.08511507692307693
-0.03921969230769231
0.011265230769230769
0.04088861538461538
0.06154153846153846
0.07072061538461538
0.06404492307692307
0.059038153846153844
0.03880246153846154
0.010013538461538461
-0.011265230769230769
-0.023364923076923075
-0.009596307692307692
0.015020307692307692
0.040679999999999994
0.065088
0.07656184615384615
0.08866153846153846
0.10910584615384614
0.11974523076923077
0.111192
0.08031692307692308
0.03963692307692308
0.01043076923076923
-0.015646153846153844
-0.03671630769230769
-0.062376
-0.07823076923076923
-0.06362769230769232
-0.026285538461538457
0.03442153846153846
0.0936683076923077
0.13434830769230768
0.15917353846153848
0.16751815384615384
0.16188553846153847
0.14728246153846153
0.10743692307692307
0.04401784615384615
-0.025033846153846153
-0.08907876923076924
-0.12266584615384615
-0.12955015384615384
-0.11765907692307691
-0.09137353846153846
-0.05048492307692308
0.012934153846153845
0.08302892307692307
0.14519630769230768
0.1783661538461538
0.1794092307692308
0.16000799999999998
0.12913292307692306
0.09241661538461539
0.03609046153846154
-0.03713353846153846
-0.103056
-0.1368516923076923
-0.14164984615384615
-0.12037107692307693
-0.0936683076923077
-0.06446215384615385
-0.029206153846153847
0.0077187692307692304
0.059664
0.09950953846153845
0.11911938461538461
0.11953661538461538
0.10514215384615383
0.09533723076923077
0.08115138461538463
0.05820369230769231
0.021904615384615383
-0.02357353846153846
-0.05486584615384615
-0.07364123076923076
-0.08073415384615384
-0.08198584615384615
-0.08386338461538462
-0.09408553846153846
-0.1151556923076923
-0.12245723076923076
-0.11953661538461538
-0.12120553846153845
-0.11870215384615385
-0.10096984615384616
-0.06049846153846154
0.006675692307692307
0.07489292307692308
0.12913292307692306
0.168144
0.18545907692307692
0.18316430769230768
0.15625292307692307
0.09053907692307692
-0.006258461538461538
-0.10994030769230768
-0.20047938461538461
-0.252216
-0.2670276923076923
-0.25054707692307693
-0.19526400000000002
-0.10180430769230768
0.029832
0.1710646153846154
0.292896
0.36904061538461536
0.3903193846153846
0.3746732307692308
0.314592
0.21904615384615383
0.092208
-0.05757784615384615
-0.2073636923076923
-0.3321156923076923
-0.3957433846153846
-0.39511753846153846
-0.3510996923076923
-0.2814221538461538
-0.17273353846153844
-0.03609046153846154
0.09429415384615383
0.20861538461538462
0.2799618461538461
0.3031181538461538
0.27975323076923075
0.21737723076923077
0.14457046153846154
0.04839876923076923
-0.06884307692307692
-0.18358153846153846
-0.2638984615384615
-0.2695310769230769
-0.22551323076923077
-0.15124615384615384
-0.06154153846153846
0.02899753846153846
0.12850707692307692
0.20819815384615384
0.2709913846153846
0.29685969230769227
0.2674449230769231
0.21612553846153845
0.15228923076923076
0.10117846153846152
0.06154153846153846
0.013768615384615384
-0.018983999999999997
-0.029623384615384614
-0.022530461538461537
-0.004798153846153846
0.006884307692307692
0.014185846153846153
0.002086153846153846
-0.022530461538461537
-0.026494153846153844
-0.014603076923076923
0.006049846153846154
0.017315076923076923
0.02023569230769231
0.032544
0.05611753846153846
0.09596307692307693
0.13101046153846155
0.14394461538461537
0.14519630769230768
0.1341396923076923
0.11390399999999999
0.09408553846153846
0.058412307692307694
0.012308307692307691
-0.028163076923076923
-0.04860738461538461
-0.04401784615384615
-0.03108369230769231
-0.008970461538461538
0.025659692307692307
0.07614461538461538
0.13518276923076925
0.1867107692307692
0.22113230769230768
0.22718215384615387
0.20506892307692307
0.16042523076923076
0.10117846153846152
0.029206153846153847
-0.047981538461538464
-0.11557292307692307
-0.16647507692307692
-0.1990190769230769
-0.20819815384615384
-0.1802436923076923
-0.1462393846153846
-0.11891076923076922
-0.09408553846153846
-0.07802215384615384
-0.05194523076923077
-0.053614153846153846
-0.09700615384615385
-0.17523692307692307
-0.26619323076923074
-0.34504984615384615
-0.4320424615384615
-0.42369784615384615
-0.33670523076923076
-0.1860849230769231
0.06905169230769231
0.32669169230769235
0.5962227692307692
0.8129741538461538
0.9197852307692308
0.9458621538461538
0.8125569230769231
0.5340553846153846
0.21862892307692305
-0.12934153846153845
-0.41034646153846155
-0.6137464615384616
-0.770208
-0.7971193846153847
-0.7349519999999999
-0.5148627692307692
-0.21654276923076923
0.08782707692307692
0.376968
0.5338467692307692
0.6417009230769231
0.604776
0.4581193846153846
0.26494153846153845
-0.06717415384615384
-0.32606584615384615
-0.5211212307692308
-0.6245944615384615
-0.5294658461538462
-0.3805144615384615
-0.11953661538461538
0.15959076923076923
0.3350363076923077
0.5146541538461539
0.568476923076923
0.5106904615384615
0.40283630769230766
0.200688
0.06028984615384615
-0.03880246153846154
-0.06300184615384616
0.002712
0.029623384615384614
0.06425353846153846
0.06446215384615385
0.03838523076923077
0.031709538461538456
-0.03921969230769231
-0.11265230769230769
-0.19985353846153847
-0.30416123076923074
-0.3214763076923077
-0.3490135384615385
-0.3548547692307692
-0.3102110769230769
-0.26869661538461537
-0.14039815384615384
0.01668923076923077
0.17169046153846151
0.3321156923076923
0.3955347692307692
0.36904061538461536
0.25701415384615384
0.06675692307692307
-0.1558356923076923
-0.3913624615384615
-0.5699372307692308
-0.6581815384615385
-0.6222996923076923
-0.44810584615384613
-0.18483323076923078
0.13330523076923076
0.4214030769230769
0.6408664615384615
0.7843938461538461
0.7846024615384615
0.6759138461538462
0.47960676923076917
0.20861538461538462
-0.04318338461538461
-0.2716172307692308
-0.44414215384615385
-0.5323864615384615
-0.5540824615384615
-0.48106707692307693
-0.34046030769230773
-0.1341396923076923
0.1070196923076923
0.31855569230769226
0.4942098461538461
0.5812024615384616
0.5659735384615384
0.4547815384615384
0.25513661538461535
0.042557538461538466
-0.16981292307692308
-0.3573581538461538
-0.4541556923076923
-0.4850307692307692
-0.42494953846153843
-0.2647329230769231
-0.08073415384615384
0.1397723076923077
0.3319070769230769
0.45060923076923076
0.5113163076923077
0.46896738461538456
0.37050092307692306
0.23198030769230768
0.07238953846153846
-0.05444861538461539
-0.1543753846153846
-0.2127876923076923
-0.22697353846153845
-0.18900553846153845
-0.10138707692307691
-0.021278769230769233
0.054240000000000003
0.11140061538461538
0.12788123076923075
0.12621230769230768
0.07697907692307693
0.007301538461538462
-0.06383630769230769
-0.14519630769230768
-0.19547261538461536
-0.2127876923076923
-0.19881046153846152
-0.16209415384615386
-0.11911938461538461
-0.06550523076923077
-0.002712
0.042348923076923076
0.06383630769230769
0.05298830769230769
0.018775384615384614
-0.02899753846153846
-0.0826116923076923
-0.10722830769230769
-0.12621230769230768
-0.119328
-0.09763200000000001
-0.06654830769230768
0.003755076923076923
0.058412307692307694
0.10263876923076923
0.12725538461538463
0.10347323076923076
0.06529661538461538
0.015646153846153844
-0.041514461538461535
-0.08615815384615384
-0.1314276923076923
-0.15187199999999998
-0.12996738461538462
-0.06717415384615384
0.03629907692307692
0.13247076923076923
0.20652923076923077
0.24887815384615386
0.24992123076923078
0.2154996923076923
0.12996738461538462
0.019192615384615384
-0.10639384615384614
-0.22572184615384616
-0.2862203076923077
-0.2906012307692308
-0.24616615384615384
-0.16021661538461537
-0.050067692307692306
0.08469784615384615
0.22697353846153845
0.35047384615384614
0.4485230769230769
0.5008855384615384
0.48628246153846155
0.4214030769230769
0.31855569230769226
0.18629353846153843
0.03275261538461539
-0.13309661538461537
-0.2753723076923077
-0.3671630769230769
-0.40638276923076927
-0.39115384615384613
-0.31396615384615384
-0.20715507692307691
-0.09533723076923077
0.01710646153846154
0.11891076923076922
0.18358153846153846
0.19192615384615386
0.1531236923076923
0.08615815384615384
0.012308307692307691
-0.06613107692307692
-0.13601723076923075
-0.18963138461538462
-0.21925476923076925
-0.21028430769230766
-0.16313723076923078
-0.086784
-0.0008344615384615384
0.08323753846153846
0.13998092307692306
0.1706473846153846
0.1794092307692308
0.1506203076923077
0.10013538461538461
0.03108369230769231
-0.041514461538461535
-0.08594953846153845
-0.10722830769230769
-0.10472492307692308
-0.07510153846153846
-0.027328615384615382
0.03275261538461539
0.07948246153846153
0.10889723076923077
0.1136953846153846
0.08511507692307693
0.03859384615384615
-0.01814953846153846
-0.07238953846153846
-0.11578153846153846
-0.14269292307692305
-0.143736
-0.11181784615384616
-0.04276615384615385
0.050067692307692306
0.13935507692307691
0.214248
0.2647329230769231
0.279336
0.2628553846153846
0.206112
0.11995384615384615
0.021278769230769233
-0.07551876923076924
-0.13476553846153844
-0.15354092307692307
-0.13372246153846154
-0.07656184615384615
0.006049846153846154
0.10159569230769232
0.19651569230769228
0.2680707692307692
0.2981113846153846
0.30061476923076924
0.26118646153846153
0.1923433846153846
0.11140061538461538
0.03066646153846154
-0.037342153846153844
-0.09804923076923076
-0.13747753846153846
-0.14874276923076923
-0.12433476923076923
-0.08991323076923076
-0.05319692307692307
-0.017732307692307693
0.006884307692307692
0.031918153846153846
0.043600615384615383
0.033169846153846154
0.01043076923076923
-0.021904615384615383
-0.04047138461538462
-0.03400430769230769
-0.019192615384615384
0.010639384615384617
0.046104
0.08240307692307691
0.124752
0.15270646153846154
0.1656406153846154
0.1558356923076923
0.11348676923076922
0.05924676923076923
-0.004172307692307692
-0.054657230769230764
-0.0880356923076923
-0.11140061538461538
-0.10326461538461539
-0.07405846153846153
-0.021278769230769233
0.04193169230769231
0.0853236923076923
0.10722830769230769
0.10201292307692307
0.08469784615384615
0.06529661538461538
0.026285538461538457
-0.03212676923076923
-0.10639384615384614
-0.1718990769230769
-0.20131384615384615
-0.19651569230769228
-0.16209415384615386
-0.11202646153846153
-0.042974769230769226
0.04130584615384615
0.132888
0.2221753846153846
0.2703655384615385
0.27620676923076926
0.24992123076923078
0.20256553846153844
0.14853415384615384
0.08845292307692308
0.021278769230769233
-0.04214030769230769
-0.0826116923076923
-0.09575446153846154
-0.07551876923076924
-0.038176615384615385
-0.0002086153846153846
0.042348923076923076
0.08490646153846154
0.13226215384615383
0.1704387692307692
0.1846246153846154
0.16981292307692308
0.130176
0.07885661538461539
0.016063384615384615
-0.04526953846153846
-0.10514215384615383
-0.157296
-0.17982646153846152
-0.16897846153846155
-0.12162276923076921
-0.059664
-0.0070929230769230765
0.03775938461538462
0.07405846153846153
0.11202646153846153
0.14582215384615385
0.1489513846153846
0.12621230769230768
0.08010830769230769
0.040262769230769234
0.024408000000000003
0.023990769230769232
0.04547815384615384
0.06258461538461538
0.08720123076923077
0.12537784615384615
0.15875630769230767
0.18274707692307693
0.16313723076923078
0.11286092307692308
0.05069353846153846
-0.015646153846153844
-0.06258461538461538
-0.1045163076923077
-0.14665661538461539
-0.16772676923076923
-0.16605784615384614
-0.13518276923076925
-0.07927384615384615
-0.025659692307692307
0.01981846153846154
0.044435076923076924
0.06049846153846154
0.07051199999999999
0.061750153846153844
0.052571076923076915
0.018983999999999997
-0.021278769230769233
-0.045895384615384616
-0.06008123076923077
-0.05382276923076923
-0.052153846153846155
-0.053405538461538456
-0.042974769230769226
-0.022947692307692308
0.01272553846153846
0.03984553846153846
0.03984553846153846
0.026911384615384615
0.0022947692307692304
-0.013142769230769229
-0.01668923076923077
-0.03129230769230769
-0.05090215384615384
-0.07885661538461539
-0.09512861538461538
-0.0853236923076923
-0.07197230769230768
-0.059664
-0.056951999999999996
-0.06321046153846153
-0.07635323076923077
-0.08740984615384616
-0.09533723076923077
-0.11557292307692307
-0.14311015384615386
-0.16021661538461537
-0.15813046153846153
-0.13267938461538462
-0.0892873846153846
-0.04860738461538461
-0.0033378461538461535
0.029623384615384614
0.059038153846153844
0.08323753846153846
0.07259815384615384
0.03880246153846154
-0.025033846153846153
-0.07802215384615384
-0.10347323076923076
-0.11306953846153844
-0.10117846153846152
-0.08115138461538463
-0.04735569230769231
-0.0008344615384615384
0.065088
0.1358086153846154
0.17648861538461538
0.18274707692307693
0.1733593846153846
0.15291507692307693
0.12808984615384614
0.08907876923076924
0.020652923076923076
-0.04819015384615385
-0.11953661538461538
-0.16271999999999998
-0.1710646153846154
-0.16480615384615382
-0.1287156923076923
-0.08344615384615384
-0.016897846153846156
0.07468430769230769
0.15646153846153846
0.2127876923076923
0.22697353846153845
0.1908830769230769
0.12496061538461539
0.041514461538461535
-0.054657230769230764
-0.15646153846153846
-0.24449723076923074
-0.2872633846153846
-0.2837169230769231
-0.2399076923076923
-0.17690584615384616
-0.12120553846153845
-0.09930092307692308
-0.08177723076923075
-0.021904615384615383
0.05236246153846154
0.13664307692307692
0.2075723076923077
0.2647329230769231
0.3316984615384615
0.38343507692307693
0.4086775384615385
0.3713353846153846
0.26222953846153846
0.11390399999999999
-0.04672984615384615
-0.18316430769230768
-0.3379569230769231
-0.4577021538461538
-0.5167403076923076
-0.5198695384615385
-0.4026276923076923
-0.2574313846153846
-0.06195876923076923
0.15208061538461537
0.3314898461538462
0.4923323076923077
0.5601323076923077
0.580368
0.5094387692307691
0.3575667692307692
0.1710646153846154
-0.06863446153846153
-0.2670276923076923
-0.43329415384615383
-0.5169489230769231
-0.4879513846153846
-0.412224
-0.2578486153846154
-0.07593599999999999
0.11160923076923077
0.3039526153846154
0.4159790769230769
0.48711692307692306
0.5202867692307692
0.4914978461538461
0.4522781538461538
0.3456756923076923
0.19714153846153845
0.042348923076923076
-0.12433476923076923
-0.25242461538461536
-0.35798399999999997
-0.43329415384615383
-0.4558246153846154
-0.41305846153846154
-0.3016578461538461
-0.15500123076923078
0.0002086153846153846
0.15291507692307693
0.2953993846153846
0.4128498461538462
0.46625538461538457
0.45457292307692304
0.4030449230769231
0.3031181538461538
0.19067446153846154
0.06884307692307692
-0.07948246153846153
-0.19985353846153847
-0.30937661538461536
-0.4047138461538461
-0.4418473846153846
-0.43016492307692306
-0.3613218461538461
-0.24741784615384615
-0.0961716923076923
0.07802215384615384
0.23823876923076923
0.3682061538461538
0.4587452307692308
0.4912892307692307
0.4418473846153846
0.3304467692307692
0.19296923076923078
0.04193169230769231
-0.10660246153846153
-0.23677846153846152
-0.3377483076923077
-0.3846867692307692
-0.3744646153846154
-0.32627446153846157
-0.23907323076923076
-0.12642092307692307
-0.0002086153846153846
0.14457046153846154
0.2724516923076923
0.3650769230769231
0.4251581538461538
0.4353803076923077
0.39511753846153846
0.3079163076923077
0.18086953846153844
0.03880246153846154
-0.09074769230769231
-0.19985353846153847
-0.273912
-0.2926873846153846
-0.26932246153846157
-0.20632061538461538
-0.1097316923076923
-0.018358153846153843
0.07364123076923076
0.1693956923076923
0.23886461538461537
0.2914356923076923
0.3072904615384615
0.28851507692307693
0.254928
0.17628
0.08031692307692308
-0.020652923076923076
-0.11828492307692307
-0.1910916923076923
-0.2374043076923077
-0.23615261538461538
-0.19672430769230767
-0.13080184615384613
-0.046104
0.05069353846153846
0.14811692307692306
0.22300984615384614
0.2707827692307692
0.2849686153846154
0.2526332307692308
0.19025723076923076
0.1205796923076923
0.04088861538461538
-0.03379569230769231
-0.09158215384615384
-0.1289243076923077
-0.13852061538461538
-0.13768615384615385
-0.13184492307692308
-0.1097316923076923
-0.084072
-0.049233230769230765
-0.0033378461538461535
0.030875076923076922
0.058829538461538454
0.07614461538461538
0.08615815384615384
0.08574092307692306
0.073224
0.053614153846153846
0.019609846153846155
-0.016063384615384615
-0.054657230769230764
-0.08302892307692307
-0.08887015384615385
-0.09533723076923077
-0.08240307692307691
-0.05799507692307692
-0.04088861538461538
-0.009596307692307692
0.008970461538461538
0.020027076923076922
0.02086153846153846
0.005424
0.002712
0.007510153846153846
0.021278769230769233
0.03024923076923077
0.03692492307692308
0.044435076923076924
0.05590892307692308
0.08177723076923075
0.100344
0.10743692307692307
0.10722830769230769
0.10576799999999999
0.10785415384615385
0.10535076923076922
0.08594953846153845
0.05027630769230769
0.009387692307692307
-0.03692492307692308
-0.06946892307692307
-0.08490646153846154
-0.08887015384615385
-0.06988615384615385
-0.03921969230769231
0.014185846153846153
0.08720123076923077
0.14999446153846155
0.1990190769230769
0.22113230769230768
0.21654276923076923
0.19568123076923075
0.157296
0.10159569230769232
0.024616615384615383
-0.06195876923076923
-0.1368516923076923
-0.1867107692307692
-0.20548615384615385
-0.2021483076923077
-0.17419384615384614
-0.12204
-0.05048492307692308
0.0448523076923077
0.13664307692307692
0.20965846153846154
0.2532590769230769
0.2526332307692308
0.2292683076923077
0.1858763076923077
0.10535076923076922
0.0012516923076923076
-0.12016246153846154
-0.22947692307692308
-0.2989458461538462
-0.32606584615384615
-0.3047870769230769
-0.252216
-0.168144
-0.05924676923076923
0.06133292307692308
0.16897846153846155
0.23677846153846152
0.2638984615384615
0.25159015384615385
0.21132738461538458
0.15562707692307692
0.08636676923076922
0.006884307692307692
-0.06300184615384616
-0.12016246153846154
-0.15416676923076922
-0.16751815384615384
-0.17148184615384612
-0.15562707692307692
-0.12788123076923075
-0.0934596923076923
-0.04652123076923077
0.005841230769230769
0.05528307692307692
0.09867507692307692
0.12120553846153845
0.12370892307692308
0.11327815384615383
0.08866153846153846
0.05090215384615384
0.0004172307692307692
-0.05194523076923077
-0.08991323076923076
-0.09971815384615385
-0.09408553846153846
-0.08699261538461538
-0.0798996923076923
-0.07885661538461539
-0.0609156923076923
-0.03775938461538462
-0.01856676923076923
0.0035464615384615383
0.011891076923076923
0.026494153846153844
0.05570030769230769
0.08156861538461539
0.09596307692307693
0.10138707692307691
0.08511507692307693
0.061750153846153844
0.027328615384615382
-0.027328615384615382
-0.08135999999999999
-0.143736
-0.18504184615384617
-0.2008966153846154
-0.17899199999999998
-0.12433476923076923
-0.07280676923076923
-0.01710646153846154
0.023782153846153845
0.05507446153846154
0.07656184615384615
0.0744756923076923
0.058412307692307694
0.018983999999999997
-0.03296123076923077
-0.07572738461538461
-0.111192
-0.13393107692307693
-0.143736
-0.14436184615384615
-0.12391753846153845
-0.08198584615384615
-0.02858030769230769
0.02545107692307692
0.06446215384615385
0.09867507692307692
0.12350030769230769
0.13184492307692308
0.13768615384615385
0.12433476923076923
0.10368184615384615
0.08699261538461538
0.07384984615384615
0.0678
0.055491692307692304
0.04819015384615385
0.04214030769230769
0.03880246153846154
0.047981538461538464
0.05027630769230769
0.0446436923076923
0.037342153846153844
0.024199384615384616
0.016480615384615385
0.008136
-0.005841230769230769
-0.017315076923076923
-0.030875076923076922
-0.02482523076923077
0.0002086153846153846
0.026285538461538457
0.05570030769230769
0.06049846153846154
0.054240000000000003
0.04193169230769231
0.016480615384615385
-0.0035464615384615383
-0.03233538461538461
-0.0609156923076923
-0.08428061538461538
-0.084072
-0.05528307692307692
-0.02086153846153846
0.018983999999999997
0.058412307692307694
0.092208
0.11953661538461538
0.13768615384615385
0.12850707692307692
0.09763200000000001
0.05444861538461539
0.010639384615384617
-0.017523692307692306
-0.03984553846153846
-0.05444861538461539
-0.06341907692307691
-0.05507446153846154
-0.027745846153846152
0.002086153846153846
0.028371692307692306
0.043600615384615383
0.051319384615384614
0.04714707692307692
0.04214030769230769
0.034630153846153845
0.017523692307692306
-0.0070929230769230765
-0.03963692307692308
-0.06821723076923077
-0.08782707692307692
-0.09304246153846155
-0.09450276923076922
-0.09012184615384615
-0.0678
-0.027328615384615382
0.027120000000000002
0.0892873846153846
0.14144123076923076
0.16897846153846155
0.1775316923076923
0.17419384615384614
0.16105107692307694
0.12579507692307693
0.07343261538461537
0.015854769230769228
-0.03671630769230769
-0.07113784615384615
-0.08949599999999999
-0.09074769230769231
-0.08177723076923075
-0.055491692307692304
-0.005632615384615384
0.047981538461538464
0.10138707692307691
0.13893784615384613
0.14811692307692306
0.14164984615384615
0.127464
0.10347323076923076
0.06592246153846154
0.02586830769230769
-0.010222153846153844
-0.03942830769230769
-0.04318338461538461
-0.03129230769230769
-0.010639384615384617
0.014394461538461538
0.03775938461538462
0.07614461538461538
0.11244369230769231
0.14164984615384615
0.15103753846153847
0.13789476923076924
0.11953661538461538
0.08782707692307692
0.050067692307692306
0.008761846153846153
-0.03775938461538462
-0.08949599999999999
-0.13914646153846155
-0.16418030769230768
-0.16021661538461537
-0.14603076923076924
-0.13080184615384613
-0.111192
-0.08782707692307692
-0.053614153846153846
-0.01668923076923077
0.012099692307692308
0.02586830769230769
0.03150092307692308
0.04380923076923077
0.05528307692307692
0.06613107692307692
0.06362769230769232
0.05048492307692308
0.040262769230769234
0.03755076923076923
0.040679999999999994
0.03212676923076923
0.015646153846153844
0.0006258461538461538
0.002712
0.029414769230769227
0.065088
0.10201292307692307
0.1449876923076923
0.17169046153846151
0.18232984615384615
0.19672430769230767
0.19672430769230767
0.17419384615384614
0.12579507692307693
0.07092923076923077
0.02232184615384615
-0.03337846153846154
-0.07760492307692309
-0.11202646153846153
-0.13852061538461538
-0.14206707692307693
-0.1151556923076923
-0.06863446153846153
-0.03296123076923077
-0.005841230769230769
-0.004798153846153846
-0.019609846153846155
-0.053405538461538456
-0.084072
-0.1151556923076923
-0.13247076923076923
-0.10806276923076923
-0.02086153846153846
0.1531236923076923
0.22634769230769228
0.3346190769230769
0.4395526153846154
0.4762689230769231
0.5551255384615384
0.4758516923076923
0.3600701538461538
0.14290153846153844
-0.10222153846153846
-0.2768326153846154
-0.5182006153846154
-0.6619366153846153
-0.8060898461538462
-0.835296
-0.7038683076923077
-0.5184092307692307
-0.1706473846153846
0.12934153846153845
0.4174393846153846
0.6921858461538462
0.8167292307692307
0.8995495384615385
0.8161033846153846
0.6014381538461538
0.34171199999999996
-0.056951999999999996
-0.38948492307692306
-0.6419095384615385
-0.8496904615384615
-0.8945427692307693
-0.8926652307692308
-0.7679132307692308
-0.5263366153846154
-0.21988061538461537
0.1977673846153846
0.5570030769230769
0.8373821538461538
1.0182516923076923
1.057054153846154
1.0049003076923078
0.780012923076923
0.425784
0.020652923076923076
-0.4080516923076923
-0.7142990769230768
-0.9043476923076923
-0.9829956923076922
-0.9116492307692308
-0.7566479999999999
-0.49692184615384616
-0.17565415384615385
0.11578153846153846
0.4007501538461538
0.6062363076923076
0.7178455384615384
0.7814732307692308
0.7355778461538461
0.6110344615384615
0.4053396923076923
0.13893784615384613
-0.12913292307692306
-0.38760738461538463
-0.572232
-0.6846756923076923
-0.7063716923076923
-0.6421181538461538
-0.5225815384615384
-0.2943563076923077
-0.027328615384615382
0.23344061538461539
0.4848221538461538
0.6550523076923076
0.7699993846153846
0.8073415384615384
0.7633236923076923
0.6696553846153845
0.48106707692307693
0.25701415384615384
0.030875076923076922
-0.20173107692307693
-0.3980381538461538
-0.5643046153846153
-0.6596418461538461
-0.6627710769230769
-0.584123076923077
-0.4118067692307692
-0.18921415384615384
0.07051199999999999
0.33899999999999997
0.5505359999999999
0.7074147692307692
0.7570652307692307
0.6871790769230769
0.5355156923076922
0.2803790769230769
-0.0006258461538461538
-0.27599815384615384
-0.536976
-0.7266073846153845
-0.8555316923076923
-0.8788966153846154
-0.7716683076923077
-0.5720233846153846
-0.2939390769230769
0.006049846153846154
0.2966510769230769
0.5398966153846154
0.7036596923076923
0.7846024615384615
0.7401673846153847
0.5895470769230768
0.35694092307692304
0.07405846153846153
-0.19067446153846154
-0.42494953846153843
-0.6014381538461538
-0.6786258461538462
-0.6840498461538461
-0.5951796923076923
-0.4109723076923077
-0.18545907692307692
0.05570030769230769
0.2628553846153846
0.4297476923076923
0.5538738461538462
0.5928849230769231
0.5428172307692307
0.40992923076923077
0.2125790769230769
0.005632615384615384
-0.18316430769230768
-0.3216849230769231
-0.40554830769230765
-0.44581107692307687
-0.4251581538461538
-0.36215630769230767
-0.2557624615384615
-0.13726892307692307
-0.03483876923076923
0.05716061538461538
0.10076123076923077
0.1207883076923077
0.1341396923076923
0.13101046153846155
0.13726892307692307
0.12099692307692309
0.08991323076923076
0.07051199999999999
0.05048492307692308
0.049233230769230765
0.048816000000000005
0.040262769230769234
0.02586830769230769
-0.010013538461538461
-0.038176615384615385
-0.07009476923076922
-0.11452984615384615
-0.14665661538461539
-0.17544553846153846
-0.17899199999999998
-0.14311015384615386
-0.08386338461538462
-0.0025033846153846152
0.084072
0.17523692307692307
0.26640184615384616
0.32377107692307694
0.34296369230769225
0.32377107692307694
0.268488
0.19568123076923075
0.10618523076923077
0.023990769230769232
-0.04756430769230769
-0.10764553846153846
-0.13643446153846153
-0.14582215384615385
-0.12579507692307693
-0.09012184615384615
-0.0448523076923077
0.017523692307692306
0.07197230769230768
0.12788123076923075
0.17523692307692307
0.19964492307692308
0.20319138461538463
0.17169046153846151
0.12934153846153845
0.07906523076923076
0.008761846153846153
-0.061124307692307686
-0.13309661538461537
-0.19442953846153843
-0.22655630769230767
-0.2261390769230769
-0.1994363076923077
-0.15959076923076923
-0.10889723076923077
-0.05319692307692307
0.008344615384615384
0.06321046153846153
0.0961716923076923
0.10514215384615383
0.10076123076923077
0.08574092307692306
0.07092923076923077
0.06258461538461538
0.0448523076923077
0.027745846153846152
0.01043076923076923
-0.008136
-0.029832
-0.06550523076923077
-0.10243015384615384
-0.12642092307692307
-0.13372246153846154
-0.11682461538461539
-0.08740984615384616
-0.04047138461538462
0.017523692307692306
0.07155507692307693
0.13601723076923075
0.1860849230769231
0.208824
0.19693292307692306
0.14081538461538462
0.06487938461538462
-0.023990769230769232
-0.10743692307692307
-0.1794092307692308
-0.24762646153846155
-0.28163076923076924
-0.2828824615384615
-0.25471938461538457
-0.19004861538461537
-0.10576799999999999
-0.015020307692307692
0.07489292307692308
0.1558356923076923
0.2288510769230769
0.28267384615384616
0.2951907692307692
0.26869661538461537
0.21132738461538458
0.14290153846153844
0.07051199999999999
-0.0043809230769230765
-0.07697907692307693
-0.1314276923076923
-0.15813046153846153
-0.15354092307692307
-0.10868861538461538
-0.04380923076923077
0.03942830769230769
0.12537784615384615
0.19547261538461536
0.2482523076923077
0.2624381538461539
0.24408
0.19735015384615384
0.13622584615384614
0.08031692307692308
0.023364923076923075
-0.023782153846153845
-0.06487938461538462
-0.10430769230769231
-0.11578153846153846
-0.10535076923076922
-0.07927384615384615
-0.049233230769230765
-0.030875076923076922
-0.011473846153846154
0.011473846153846154
0.03942830769230769
0.06404492307692307
0.07551876923076924
0.06905169230769231
0.051319384615384614
0.03129230769230769
0.017732307692307693
0.01272553846153846
0.004172307692307692
-0.0033378461538461535
-0.005215384615384615
0.007927384615384614
0.03024923076923077
0.04985907692307692
0.061124307692307686
0.047772923076923074
0.03567323076923076
0.03692492307692308
0.03755076923076923
0.03921969230769231
0.02899753846153846
0.02482523076923077
0.03567323076923076
0.052571076923076915
0.08052553846153847
0.09450276923076922
0.09596307692307693
0.08574092307692306
0.06529661538461538
0.053405538461538456
0.03775938461538462
0.021070153846153846
0.011473846153846154
0.01814953846153846
0.040262769230769234
0.0717636923076923
0.1097316923076923
0.12808984615384614
0.1316363076923077
0.124752
0.09429415384615383
0.06195876923076923
0.02482523076923077
-0.03024923076923077
-0.08469784615384615
-0.1205796923076923
-0.12266584615384615
-0.09930092307692308
-0.06362769230769232
-0.027745846153846152
0.0077187692307692304
0.047772923076923074
0.08052553846153847
0.09491999999999999
0.08010830769230769
0.03504738461538461
-0.02524246153846154
-0.0771876923076923
-0.11807630769230769
-0.14874276923076923
-0.17231630769230769
-0.18149538461538461
-0.15604430769230768
-0.10597661538461538
-0.030875076923076922
0.04965046153846154
0.11181784615384616
0.16605784615384614
0.1992276923076923
0.2154996923076923
0.21132738461538458
0.16438892307692307
0.09491999999999999
0.016063384615384615
-0.06592246153846154
-0.12600369230769232
-0.16793538461538463
-0.19359507692307693
-0.20152246153846154
-0.18399876923076922
-0.13497415384615385
-0.07301538461538462
0.0022947692307692304
0.06717415384615384
0.11223507692307692
0.14519630769230768
0.16209415384615386
0.1656406153846154
0.1489513846153846
0.10597661538461538
0.0446436923076923
-0.012516923076923077
-0.04902461538461538
-0.06800861538461538
-0.08344615384615384
-0.09408553846153846
-0.09909230769230769
-0.09199938461538461
-0.07551876923076924
-0.06759138461538462
-0.07510153846153846
-0.08699261538461538
-0.08073415384615384
-0.056951999999999996
-0.021696
0.023990769230769232
0.07843938461538462
0.13226215384615383
0.17899199999999998
0.21612553846153845
0.23782153846153845
0.23156307692307693
0.18399876923076922
0.11473846153846154
0.03692492307692308
-0.03421292307692308
-0.0892873846153846
-0.12808984615384614
-0.1435273846153846
-0.12975876923076923
-0.08448923076923077
-0.012934153846153845
0.06759138461538462
0.14206707692307693
0.20423446153846153
0.2492953846153846
0.28204799999999997
0.2912270769230769
0.2618123076923077
0.18921415384615384
0.08574092307692306
-0.02545107692307692
-0.13080184615384613
-0.2194633846153846
-0.2845513846153846
-0.31834707692307695
-0.3160523076923077
-0.2703655384615385
-0.18483323076923078
-0.06738276923076922
0.050067692307692306
0.14916
0.2369870769230769
0.29832
0.3248141538461538
0.30833353846153844
0.25951753846153847
0.19317784615384614
0.11494707692307692
0.03942830769230769
-0.024199384615384616
-0.07489292307692308
-0.11974523076923077
-0.146448
-0.15646153846153846
-0.1476996923076923
-0.11828492307692307
-0.08240307692307691
-0.037342153846153844
0.010639384615384617
0.058829538461538454
0.10764553846153846
0.15103753846153847
0.1777403076923077
0.18149538461538461
0.16334584615384617
0.13622584615384614
0.0974233846153846
0.03984553846153846
-0.03504738461538461
-0.11953661538461538
-0.19067446153846154
-0.249504
-0.2837169230769231
-0.29602523076923076
-0.29414769230769233
-0.2799618461538461
-0.2638984615384615
-0.20715507692307691
-0.12642092307692307
-0.03942830769230769
0.042348923076923076
0.11077476923076923
0.1733593846153846
0.22822523076923076
0.24574892307692306
0.2666104615384615
0.25993476923076925
0.0936683076923077
-0.05277969230769231
-0.2090326153846154
-0.3375396923076923
-0.3707095384615384
-0.48941169230769227
-0.5434430769230769
-0.5720233846153846
-0.46667261538461535
-0.21842030769230766
-0.03233538461538461
0.17377661538461536
0.27453784615384613
0.3863556923076923
0.5127766153846154
0.5346812307692307
0.5167403076923076
0.29227015384615385
0.02858030769230769
-0.17565415384615385
-0.37237846153846155
-0.4245323076923077
-0.47355692307692304
-0.45665907692307695
-0.32543999999999995
-0.22801661538461537
-0.015646153846153844
0.19839323076923077
0.3410861538461538
0.4812756923076923
0.48586523076923077
0.45457292307692304
0.3836436923076923
0.26139507692307695
0.1792006153846154
0.04756430769230769
-0.09325107692307691
-0.2090326153846154
-0.28163076923076924
-0.25346769230769234
-0.2207150769230769
-0.18253846153846154
-0.13601723076923075
-0.09846646153846153
0.011473846153846154
0.10514215384615383
0.16021661538461537
0.20381723076923075
0.19588984615384614
0.21362215384615382
0.2288510769230769
0.19881046153846152
0.1829556923076923
0.13372246153846154
0.08574092307692306
0.07468430769230769
0.03880246153846154
0.003963692307692307
-0.05236246153846154
-0.10347323076923076
-0.1178676923076923
-0.11327815384615383
-0.07343261538461537
-0.020652923076923076
0.07092923076923077
0.15813046153846153
0.21091015384615383
0.27432923076923077
0.29873723076923075
0.3012406153846154
0.28434276923076923
0.20319138461538463
0.11056615384615384
-0.0008344615384615384
-0.10952307692307692
-0.1721076923076923
-0.2369870769230769
-0.25471938461538457
-0.21904615384615383
-0.15813046153846153
-0.062376
0.027120000000000002
0.12767261538461538
0.22488738461538463
0.28100492307692304
0.2768326153846154
0.19755876923076923
0.10827138461538462
0.014811692307692307
-0.10618523076923077
-0.20840676923076923
-0.306456
-0.3550633846153846
-0.29748553846153847
-0.19609846153846153
-0.04547815384615384
0.1070196923076923
0.21737723076923077
0.32272799999999996
0.3652855384615385
0.35610646153846154
0.3077076923076923
0.19442953846153843
0.05820369230769231
-0.09387692307692307
-0.22405292307692307
-0.31646953846153847
-0.34880492307692307
-0.2999889230769231
-0.20965846153846154
-0.07405846153846153
0.06529661538461538
0.18170399999999998
0.2931046153846154
0.3510996923076923
0.3609046153846154
0.3323243076923077
0.23177169230769232
0.10806276923076923
-0.015020307692307692
-0.13080184615384613
-0.20778092307692309
-0.25930892307692305
-0.26118646153846153
-0.19985353846153847
-0.10764553846153846
0.0018775384615384615
0.09679753846153846
0.17377661538461536
0.22968553846153844
0.2509643076923077
0.2422024615384615
0.18232984615384615
0.09846646153846153
-0.006884307692307692
-0.12704676923076924
-0.20694646153846152
-0.2638984615384615
-0.26640184615384616
-0.2125790769230769
-0.1693956923076923
-0.10138707692307691
-0.030875076923076922
0.02586830769230769
0.09262523076923077
0.10639384615384614
0.084072
0.04172307692307692
-0.009804923076923077
-0.023990769230769232
-0.019192615384615384
-0.010639384615384617
-0.015437538461538461
-0.020027076923076922
0.0029206153846153843
0.033169846153846154
0.06800861538461538
0.07969107692307692
0.05528307692307692
0.03567323076923076
0.015228923076923076
0.01043076923076923
0.032544
0.04944184615384615
0.07802215384615384
0.11056615384615384
0.14331876923076922
0.20006215384615383
0.24491446153846153
0.2557624615384615
0.2342750769230769
0.17982646153846152
0.12558646153846154
0.06759138461538462
0.0016689230769230767
-0.05945538461538461
-0.119328
-0.1558356923076923
-0.1543753846153846
-0.10493353846153847
-0.03379569230769231
0.01814953846153846
0.06362769230769232
0.11494707692307692
0.1777403076923077
0.2225926153846154
0.22154953846153846
0.1923433846153846
0.14665661538461539
0.09450276923076922
0.04714707692307692
0.0006258461538461538
-0.05924676923076923
-0.11557292307692307
-0.14686523076923075
-0.13768615384615385
-0.07823076923076923
0.0025033846153846152
0.08073415384615384
0.15374953846153847
0.22530461538461538
0.2912270769230769
0.33357600000000004
0.33295015384615384
0.2782929230769231
0.19067446153846154
0.08490646153846154
-0.01981846153846154
-0.10055261538461538
-0.1704387692307692
-0.22029784615384615
-0.24637476923076923
-0.24574892307692306
-0.20047938461538461
-0.13768615384615385
-0.07238953846153846
-0.003963692307692307
0.05048492307692308
0.10055261538461538
0.14164984615384615
0.15291507692307693
0.13184492307692308
0.08115138461538463
0.014394461538461538
-0.05653476923076922
-0.11891076923076922
-0.17002153846153847
-0.20652923076923077
-0.21111876923076925
-0.18545907692307692
-0.13330523076923076
-0.06654830769230768
-0.006675692307692307
0.051528
0.09512861538461538
0.12412615384615384
0.14749107692307692
0.14018953846153845
0.10096984615384616
0.052571076923076915
0.013142769230769229
-0.017523692307692306
-0.044435076923076924
-0.06446215384615385
-0.08010830769230769
-0.09241661538461539
-0.09825784615384614
-0.09596307692307693
-0.0855323076923077
-0.08949599999999999
-0.10681107692307691
-0.11327815384615383
-0.11244369230769231
-0.09804923076923076
-0.065088
-0.024199384615384616
0.012934153846153845
0.03942830769230769
0.054240000000000003
0.07468430769230769
0.086784
0.07218092307692307
0.038176615384615385
-0.008136
-0.04380923076923077
-0.06800861538461538
-0.08845292307692308
-0.11014892307692307
-0.10994030769230768
-0.092208
-0.06571384615384615
-0.03150092307692308
-0.005215384615384615
0.03337846153846154
0.06905169230769231
0.10806276923076923
0.13455692307692307
0.12579507692307693
0.09658892307692307
0.03650769230769231
-0.021904615384615383
-0.07405846153846153
-0.1314276923076923
-0.17523692307692307
-0.214248
-0.21967199999999998
-0.19338646153846153
-0.15208061538461537
-0.0853236923076923
-0.02232184615384615
0.042557538461538466
0.100344
0.14269292307692305
0.17565415384615385
0.1787833846153846
0.16751815384615384
0.14832553846153845
0.12037107692307693
0.10076123076923077
0.078648
0.05236246153846154
0.02858030769230769
-0.0002086153846153846
-0.005424
0.004589538461538461
0.015228923076923076
0.03337846153846154
0.04214030769230769
0.06613107692307692
0.09158215384615384
0.10681107692307691
0.11891076923076922
0.10138707692307691
0.08240307692307691
0.06738276923076922
0.054657230769230764
0.05236246153846154
0.03400430769230769
0.010848
-0.004798153846153846
-0.009179076923076922
0.006258461538461538
0.026494153846153844
0.03421292307692308
0.03066646153846154
0.018775384615384614
0.021278769230769233
0.02357353846153846
0.012099692307692308
-0.005215384615384615
-0.044435076923076924
-0.0717636923076923
-0.08302892307692307
-0.08115138461538463
-0.053405538461538456
-0.016272
0.020652923076923076
0.06446215384615385
0.11035753846153845
0.13789476923076924
0.14164984615384615
0.11056615384615384
0.059038153846153844
-0.008136
-0.07969107692307692
-0.14081538461538462
-0.20298276923076922
-0.25138153846153843
-0.27474646153846155
-0.25388492307692306
-0.1948467692307692
-0.1205796923076923
-0.042974769230769226
0.015228923076923076
0.06633969230769231
0.11098338461538461
0.14311015384615386
0.15354092307692307
0.13622584615384614
0.10138707692307691
0.054240000000000003
0.0012516923076923076
-0.04860738461538461
-0.09074769230769231
-0.1316363076923077
-0.15938215384615384
-0.16418030769230768
-0.14561353846153846
-0.10785415384615385
-0.0678
-0.03108369230769231
0.011891076923076923
0.06738276923076922
0.12955015384615384
0.18775384615384613
0.2290596923076923
0.24408
0.2411593846153846
0.21737723076923077
0.16271999999999998
0.08574092307692306
-0.017315076923076923
-0.13852061538461538
-0.25054707692307693
-0.3319070769230769
-0.3784283076923077
-0.39407446153846154
-0.37550769230769226
-0.3133403076923077
-0.20486030769230767
-0.06446215384615385
0.08991323076923076
0.23093723076923076
0.3350363076923077
0.38990215384615384
0.3896935384615384
0.330864
0.23093723076923076
0.09950953846153845
-0.05298830769230769
-0.19380369230769232
-0.31000246153846156
-0.3805144615384615
-0.4011673846153846
-0.37425600000000003
-0.2855944615384615
-0.1504116923076923
0.013142769230769229
0.1860849230769231
0.3350363076923077
0.44122153846153844
0.49108061538461534
0.4798153846153846
0.4174393846153846
0.30708184615384615
0.16105107692307694
0.005424
-0.13080184615384613
-0.22008923076923076
-0.25764
-0.2436627692307692
-0.18900553846153845
-0.11014892307692307
-0.010013538461538461
0.0892873846153846
0.17711446153846155
0.23114584615384615
0.2480436923076923
0.24074215384615386
0.2138307692307692
0.18191261538461537
0.13768615384615385
0.09533723076923077
0.056326153846153845
0.025033846153846153
0.015854769230769228
0.026702769230769228
0.05653476923076922
0.07614461538461538
0.08782707692307692
0.09804923076923076
0.09867507692307692
0.09429415384615383
0.073224
0.03755076923076923
-0.0016689230769230767
-0.034630153846153845
-0.05194523076923077
-0.07218092307692307
-0.05236246153846154
0.021487384615384613
0.11348676923076922
0.254928
0.38990215384615384
0.500676923076923
0.5720233846153846
0.5649304615384615
0.5100646153846153
0.3611132307692308
0.16793538461538463
-0.04318338461538461
-0.22280123076923075
-0.3698750769230769
-0.5092301538461538
-0.5229987692307692
-0.49108061538461534
-0.3473446153846154
-0.1368516923076923
0.052571076923076915
0.28017046153846153
0.42307199999999995
0.5505359999999999
0.5895470769230768
0.49692184615384616
0.3652855384615385
0.14707384615384617
-0.05090215384615384
-0.23907323076923076
-0.4078430769230769
-0.4866996923076923
-0.5150713846153846
-0.4262012307692308
-0.26911384615384615
-0.10535076923076922
0.05319692307692307
0.13497415384615385
0.208824
0.23239753846153846
0.165432
0.10368184615384615
0.009179076923076922
-0.04526953846153846
-0.050067692307692306
-0.058412307692307694
-0.028788923076923077
-0.021487384615384613
-0.016272
-0.014603076923076923
-0.04672984615384615
-0.08052553846153847
-0.12642092307692307
-0.16042523076923076
-0.1802436923076923
-0.1990190769230769
-0.18191261538461537
-0.15124615384615384
-0.09533723076923077
0.0035464615384615383
0.0961716923076923
0.2056947692307692
0.3116713846153846
0.38948492307692306
0.43704923076923075
0.38760738461538463
0.2632726153846154
0.10138707692307691
-0.1045163076923077
-0.29748553846153847
-0.45332123076923075
-0.5463636923076923
-0.5380190769230769
-0.4577021538461538
-0.2899753846153846
-0.07113784615384615
0.14603076923076924
0.35235138461538457
0.4987993846153846
0.5724406153846154
0.544068923076923
0.4220289230769231
0.25242461538461536
0.03859384615384615
-0.16167692307692308
-0.3229366153846154
-0.44393353846153844
-0.4848221538461538
-0.46396061538461536
-0.3675803076923077
-0.20256553846153844
-0.01710646153846154
0.184416
0.3454670769230769
0.4387181538461538
0.4685501538461538
0.4174393846153846
0.3081249230769231
0.16063384615384615
-0.008136
-0.16105107692307694
-0.2774584615384615
-0.32085046153846153
-0.29748553846153847
-0.2374043076923077
-0.13998092307692306
-0.03400430769230769
0.08031692307692308
0.1693956923076923
0.20277415384615383
0.19588984615384614
0.12537784615384615
0.027120000000000002
-0.05862092307692307
-0.14394461538461537
-0.20193969230769232
-0.23072861538461537
-0.23218892307692307
-0.1787833846153846
-0.08949599999999999
0.01981846153846154
0.124752
0.20027076923076922
0.2509643076923077
0.26494153846153845
0.24303692307692307
0.17461107692307692
0.0771876923076923
-0.02586830769230769
-0.12016246153846154
-0.16021661538461537
-0.15228923076923076
-0.10576799999999999
-0.02273907692307692
0.06425353846153846
0.15687876923076924
0.2369870769230769
0.2705741538461538
0.2666104615384615
0.20778092307692309
0.10681107692307691
-0.002086153846153846
-0.11035753846153845
-0.19150892307692308
-0.24992123076923078
-0.2751636923076923
-0.260352
-0.21007569230769232
-0.12037107692307693
-0.034630153846153845
0.03984553846153846
0.09846646153846153
0.11724184615384614
0.12308307692307692
0.10952307692307692
0.07051199999999999
0.016480615384615385
-0.04422646153846154
-0.07489292307692308
-0.07155507692307693
-0.04902461538461538
-0.009804923076923077
0.032544
0.07948246153846153
0.130176
0.15875630769230767
0.1612596923076923
0.13101046153846155
0.06717415384615384
-0.01043076923076923
-0.09116492307692307
-0.15667015384615385
-0.20486030769230767
-0.23364923076923078
-0.23052
-0.19693292307692306
-0.1205796923076923
-0.009179076923076922
0.11077476923076923
0.21842030769230766
0.29227015384615385
0.3212676923076923
0.3047870769230769
0.2424110769230769
0.12683815384615382
-0.021070153846153846
-0.1710646153846154
-0.2887236923076923
-0.35860984615384617
-0.3826006153846154
-0.3550633846153846
-0.2851772307692308
-0.18107815384615383
-0.04714707692307692
0.09471138461538461
0.2090326153846154
0.27975323076923075
0.2997803076923077
0.28809784615384615
0.25117292307692307
0.1883796923076923
0.10722830769230769
0.016063384615384615
-0.06383630769230769
-0.11578153846153846
-0.13080184615384613
-0.12308307692307692
-0.10055261538461538
-0.06863446153846153
-0.03129230769230769
0.01043076923076923
0.042348923076923076
0.05173661538461538
0.040054153846153843
0.008970461538461538
-0.026494153846153844
-0.05757784615384615
-0.07614461538461538
-0.07843938461538462
-0.07364123076923076
-0.054657230769230764
-0.02524246153846154
0.019609846153846155
0.05716061538461538
0.0717636923076923
0.06905169230769231
0.02795446153846154
-0.029623384615384614
-0.09116492307692307
-0.154584
-0.19860184615384616
-0.22801661538461537
-0.2157083076923077
-0.14999446153846155
-0.050067692307692306
0.07510153846153846
0.1940123076923077
0.29331323076923077
0.36257353846153845
0.3844781538461538
0.3567323076923076
0.2722430769230769
0.14665661538461539
0.004172307692307692
-0.12934153846153845
-0.235944
-0.2995716923076923
-0.3179298461538461
-0.2920615384615385
-0.21716861538461538
-0.10576799999999999
0.029832
0.15604430769230768
0.26097784615384617
0.33566215384615383
0.36215630769230767
0.3448412307692308
0.2897667692307692
0.21195323076923075
0.11432123076923076
0.010639384615384617
-0.07489292307692308
-0.12913292307692306
-0.1502030769230769
-0.14853415384615384
-0.12433476923076923
-0.07697907692307693
-0.013351384615384614
0.058412307692307694
0.12454338461538461
0.16772676923076923
0.1869193846153846
0.1858763076923077
0.17273353846153844
0.16105107692307694
0.14060676923076923
0.11619876923076923
0.100344
0.09658892307692307
0.10201292307692307
0.0988836923076923
0.0853236923076923
0.05444861538461539
0.006884307692307692
-0.043392
-0.09512861538461538
-0.1341396923076923
-0.15520984615384617
-0.16000799999999998
-0.13330523076923076
-0.0717636923076923
0.009596307692307692
0.09199938461538461
0.16981292307692308
0.235944
0.27599815384615384
0.2789187692307692
0.24866953846153847
0.1927606153846154
0.09679753846153846
-0.01981846153846154
-0.12412615384615384
-0.2127876923076923
-0.273912
-0.30207507692307695
-0.2899753846153846
-0.2275993846153846
-0.13372246153846154
-0.02357353846153846
0.09074769230769231
0.18232984615384615
0.24908676923076922
0.2795446153846154
0.26723630769230766
0.22822523076923076
0.15145476923076923
0.059038153846153844
-0.03609046153846154
-0.12350030769230769
-0.18149538461538461
-0.21299630769230768
-0.21362215384615382
-0.1942209230769231
-0.15291507692307693
-0.09784061538461537
-0.03984553846153846
0.027328615384615382
0.0892873846153846
0.13706030769230768
0.1777403076923077
0.21758584615384616
0.24345415384615382
0.2509643076923077
0.238656
0.20423446153846153
0.1635544615384615
0.11223507692307692
0.043600615384615383
-0.02357353846153846
-0.08511507692307693
-0.1356
-0.16710092307692306
-0.1775316923076923
-0.154584
-0.1151556923076923
-0.06842584615384616
-0.0004172307692307692
0.07468430769230769
0.14519630769230768
0.20506892307692307
0.23886461538461537
0.233232
0.19025723076923076
0.12266584615384615
0.035255999999999996
-0.06633969230769231
-0.17315076923076922
-0.26619323076923074
-0.3202246153846154
-0.3277347692307692
-0.29644246153846154
-0.23281476923076924
-0.15354092307692307
-0.05674338461538461
0.049233230769230765
0.1368516923076923
0.20444307692307692
0.23803015384615384
0.23823876923076923
0.20778092307692309
0.15124615384615384
0.08156861538461539
0.0070929230769230765
-0.059664
-0.10868861538461538
-0.12642092307692307
-0.1178676923076923
-0.08907876923076924
-0.0446436923076923
-0.002086153846153846
0.033169846153846154
0.06633969230769231
0.09137353846153846
0.11140061538461538
0.11160923076923077
0.09471138461538461
0.06884307692307692
0.03024923076923077
0.0029206153846153843
-0.03504738461538461
-0.07489292307692308
-0.09658892307692307
-0.11286092307692308
-0.10910584615384614
-0.0936683076923077
-0.06821723076923077
-0.03567323076923076
-0.014185846153846153
0.011265230769230769
0.04172307692307692
0.059872615384615385
0.06842584615384616
0.06592246153846154
0.058829538461538454
0.05382276923076923
0.0446436923076923
0.03859384615384615
0.021696
-0.0018775384615384615
-0.02211323076923077
-0.043600615384615383
-0.04693846153846153
-0.04380923076923077
-0.034630153846153845
-0.011891076923076923
0.021904615384615383
0.07364123076923076
0.12913292307692306
0.17565415384615385
0.20486030769230767
0.21091015384615383
0.20006215384615383
0.16710092307692306
0.11098338461538461
0.042557538461538466
-0.03400430769230769
-0.09784061538461537
-0.13434830769230768
-0.13768615384615385
-0.10201292307692307
-0.04672984615384615
0.02273907692307692
0.10159569230769232
0.17502830769230768
0.23364923076923078
0.26368984615384616
0.2641070769230769
0.23093723076923076
0.16021661538461537
0.06571384615384615
-0.04214030769230769
-0.15500123076923078
-0.25805723076923076
-0.3321156923076923
-0.36382523076923073
-0.3538116923076923
-0.2989458461538462
-0.214248
-0.10889723076923077
0.003129230769230769
0.11140061538461538
0.20193969230769232
0.24491446153846153
0.23823876923076923
0.18900553846153845
0.09971815384615385
-0.0035464615384615383
-0.11098338461538461
-0.21883753846153844
-0.28809784615384615
-0.35193415384615384
-0.37550769230769226
-0.33607938461538456
-0.25513661538461535
-0.13476553846153844
-0.0050067692307692304
0.1178676923076923
0.24720923076923076
0.3577753846153846
0.4746
0.6321046153846154
0.5688941538461538
0.40387938461538464
0.25388492307692306
0.022530461538461537
-0.07343261538461537
-0.18525046153846153
-0.43579753846153846
-0.6177101538461538
-0.7072061538461538
-0.5960141538461537
-0.36027876923076924
-0.15604430769230768
0.03275261538461539
0.16188553846153847
0.39282276923076925
0.6216738461538461
0.7391243076923076
0.6930203076923077
0.41389292307692305
0.19025723076923076
-0.03066646153846154
-0.21842030769230766
-0.31834707692307695
-0.5171575384615384
-0.5732750769230769
-0.5793249230769231
-0.5336381538461539
-0.2862203076923077
-0.13455692307692307
0.045895384615384616
0.23281476923076924
0.2845513846153846
0.3957433846153846
0.4622916923076923
0.4925409230769231
0.5211212307692308
0.3844781538461538
0.22801661538461537
0.07030338461538461
-0.05444861538461539
-0.10910584615384614
-0.23010276923076922
-0.32669169230769235
-0.4011673846153846
-0.3798886153846154
-0.22780799999999998
-0.1353913846153846
-0.04401784615384615
0.04088861538461538
0.0988836923076923
0.26348123076923075
0.3594443076923077
0.39052800000000004
0.40638276923076927
0.31855569230769226
0.29414769230769233
0.2480436923076923
0.11578153846153846
-0.015646153846153844
-0.18942276923076923
-0.32877784615384614
-0.40346215384615386
-0.4443507692307692
-0.42307199999999995
-0.3402516923076923
-0.19025723076923076
-0.03275261538461539
0.15604430769230768
0.35694092307692304
0.46625538461538457
0.5634701538461538
0.5651390769230769
0.4451852307692308
0.32001599999999997
0.12955015384615384
-0.06383630769230769
-0.24679199999999998
-0.4214030769230769
-0.471888
-0.45916246153846146
-0.3947003076923077
-0.2828824615384615
-0.1704387692307692
0.003129230769230769
0.1856676923076923
0.3131316923076923
0.36299076923076923
0.3369138461538461
0.30749907692307693
0.23761292307692305
0.14394461538461537
0.03108369230769231
-0.12955015384615384
-0.20861538461538462
-0.22196676923076922
-0.21696000000000001
-0.14290153846153844
-0.086784
-0.017315076923076923
0.10681107692307691
0.18796246153846152
0.2709913846153846
0.31083692307692307
0.2768326153846154
0.23782153846153845
0.16334584615384617
0.08699261538461538
0.022530461538461537
-0.03108369230769231
-0.055491692307692304
-0.06529661538461538
-0.04547815384615384
-0.03483876923076923
-0.011265230769230769
0.02858030769230769
0.037967999999999995
0.055491692307692304
0.03588184615384615
-0.008136
-0.008344615384615384
-0.024199384615384616
-0.04672984615384615
-0.04985907692307692
-0.06446215384615385
-0.031709538461538456
0.033169846153846154
0.078648
0.11327815384615383
0.10326461538461539
0.0853236923076923
0.07551876923076924
0.04214030769230769
0.0014603076923076922
-0.055491692307692304
-0.10243015384615384
-0.13914646153846155
-0.15875630769230767
-0.13518276923076925
-0.09596307692307693
-0.017315076923076923
0.06633969230769231
0.10368184615384615
0.12412615384615384
0.10055261538461538
0.06300184615384616
0.037967999999999995
-0.045060923076923075
-0.13455692307692307
-0.20360861538461536
-0.24345415384615382
-0.21341353846153846
-0.1696043076923077
-0.13038461538461538
-0.092208
-0.043392
0.02586830769230769
0.08490646153846154
0.12454338461538461
0.1207883076923077
0.08761846153846153
0.059038153846153844
0.016897846153846156
-0.014811692307692307
-0.03859384615384615
-0.061124307692307686
-0.06905169230769231
-0.07343261538461537
-0.03984553846153846
0.029623384615384614
0.09283384615384616
0.1449876923076923
0.16793538461538463
0.16418030769230768
0.16418030769230768
0.1637630769230769
0.1449876923076923
0.08177723076923075
-0.006675692307692307
-0.07092923076923077
-0.08574092307692306
-0.05757784615384615
-0.03337846153846154
-0.02211323076923077
-0.011056615384615385
0.01272553846153846
0.07009476923076922
0.11056615384615384
0.11056615384615384
0.09784061538461537
0.06946892307692307
0.059872615384615385
0.065088
0.04944184615384615
0.035255999999999996
0.027745846153846152
0.031709538461538456
0.05799507692307692
0.08302892307692307
0.0855323076923077
0.06717415384615384
0.031918153846153846
-0.002086153846153846
-0.01668923076923077
-0.018983999999999997
-0.018983999999999997
-0.020652923076923076
-0.015854769230769228
-0.003755076923076923
0.027745846153846152
0.07259815384615384
0.10597661538461538
0.11807630769230769
0.09429415384615383
0.06467076923076923
0.054240000000000003
0.04109723076923077
0.013768615384615384
-0.042974769230769226
-0.11494707692307692
-0.15667015384615385
-0.17002153846153847
-0.16084246153846155
-0.14164984615384615
-0.1205796923076923
-0.07134646153846153
-0.0035464615384615383
0.07843938461538462
0.14978584615384616
0.18525046153846153
0.19192615384615386
0.15270646153846154
0.0988836923076923
0.035464615384615386
-0.053405538461538456
-0.12788123076923075
-0.18629353846153843
-0.21466523076923077
-0.20277415384615383
-0.1704387692307692
-0.10994030769230768
-0.031918153846153846
0.042348923076923076
0.11202646153846153
0.168144
0.2021483076923077
0.21111876923076925
0.18191261538461537
0.12412615384615384
0.05799507692307692
-0.01981846153846154
-0.09387692307692307
-0.16418030769230768
-0.22488738461538463
-0.2492953846153846
-0.233232
-0.17377661538461536
-0.10180430769230768
-0.02482523076923077
0.059664
0.14999446153846155
0.24574892307692306
0.3141747692307692
0.33587076923076925
0.31229723076923077
0.26076923076923075
0.19672430769230767
0.12016246153846154
0.03504738461538461
-0.046104
-0.12016246153846154
-0.16271999999999998
-0.16730953846153845
-0.1422756923076923
-0.09074769230769231
-0.03504738461538461
0.02586830769230769
0.09033046153846153
0.13935507692307691
0.17023015384615386
0.1691870769230769
0.13601723076923075
0.08094276923076923
0.006258461538461538
-0.05862092307692307
-0.1218313846153846
-0.18379015384615385
-0.2209236923076923
-0.24428861538461538
-0.23823876923076923
-0.19881046153846152
-0.13872923076923074
-0.06446215384615385
0.006467076923076923
0.06613107692307692
0.11265230769230769
0.1368516923076923
0.14686523076923075
0.13789476923076924
0.10389046153846154
0.06821723076923077
0.03379569230769231
0.014185846153846153
0.0008344615384615384
-0.010013538461538461
-0.008761846153846153
-0.008136
0.004798153846153846
0.02211323076923077
0.03629907692307692
0.0448523076923077
0.041514461538461535
0.0448523076923077
0.05111076923076923
0.05757784615384615
0.07030338461538461
0.08198584615384615
0.09283384615384616
0.10117846153846152
0.10535076923076922
0.092208
0.062376
0.023990769230769232
-0.027328615384615382
-0.07843938461538462
-0.1205796923076923
-0.15750461538461538
-0.18545907692307692
-0.19213476923076922
-0.1794092307692308
-0.13643446153846153
-0.07364123076923076
0.0
0.08198584615384615
0.1502030769230769
0.20778092307692309
0.24032492307692307
0.25117292307692307
0.23052
0.168144
0.08302892307692307
-0.021696
-0.11098338461538461
-0.18629353846153843
-0.24720923076923076
-0.26640184615384616
-0.25555384615384613
-0.19588984615384614
-0.09700615384615385
0.008344615384615384
0.124752
0.21842030769230766
0.28434276923076923
0.327108923076923
0.32606584615384615
0.2897667692307692
0.21174461538461536
0.10639384615384614
-0.0014603076923076922
-0.09784061538461537
-0.1794092307692308
-0.23448369230769228
-0.249504
-0.22593046153846155
-0.16230276923076925
-0.07572738461538461
0.02273907692307692
0.11870215384615385
0.19672430769230767
0.2436627692307692
0.2626467692307692
0.2492953846153846
0.20944984615384615
0.15103753846153847
0.07426707692307692
0.0016689230769230767
-0.06717415384615384
-0.1178676923076923
-0.14665661538461539
-0.15228923076923076
-0.14060676923076923
-0.11870215384615385
-0.07969107692307692
-0.045895384615384616
-0.013560000000000001
0.013351384615384614
0.025033846153846153
0.03421292307692308
0.03609046153846154
0.03629907692307692
0.033169846153846154
0.02086153846153846
0.00855323076923077
0.0012516923076923076
-0.0043809230769230765
-0.012308307692307691
-0.013351384615384614
-0.008136
-0.007510153846153846
-0.01043076923076923
-0.006884307692307692
0.008344615384615384
0.03024923076923077
0.05862092307692307
0.08448923076923077
0.09846646153846153
0.10743692307692307
0.11098338461538461
0.11807630769230769
0.12558646153846154
0.116616
0.0963803076923077
0.06842584615384616
0.045895384615384616
0.03400430769230769
0.01814953846153846
-0.007927384615384614
-0.040679999999999994
-0.06654830769230768
-0.07572738461538461
-0.07343261538461537
-0.07030338461538461
-0.0717636923076923
-0.0880356923076923
-0.10952307692307692
-0.11765907692307691
-0.11995384615384615
-0.1205796923076923
-0.12829846153846153
-0.1316363076923077
-0.119328
-0.086784
-0.03045784615384615
0.031918153846153846
0.08177723076923075
0.11265230769230769
0.13518276923076925
0.15562707692307692
0.15875630769230767
0.13476553846153844
0.08490646153846154
0.016063384615384615
-0.04088861538461538
-0.0717636923076923
-0.08198584615384615
-0.08699261538461538
-0.07489292307692308
-0.07426707692307692
-0.05090215384615384
-0.010848
0.013142769230769229
0.03755076923076923
0.013768615384615384
-0.0012516923076923076
-0.009804923076923077
0.028788923076923077
0.1136953846153846
0.26869661538461537
0.37029230769230764
0.4015846153846154
0.5202867692307692
0.5638873846153847
0.6296012307692308
0.5795335384615384
0.38343507692307693
0.14394461538461537
-0.18212123076923076
-0.41681353846153846
-0.6875963076923076
-0.9199938461538462
-1.078750153846154
-1.136328
-0.9266695384615384
-0.6014381538461538
-0.12391753846153845
0.36027876923076924
0.750180923076923
1.1273575384615384
1.323456
1.3683083076923077
1.2105950769230769
0.8050467692307692
0.34046030769230773
-0.2125790769230769
-0.7276504615384615
-1.0666504615384615
-1.3157372307692308
-1.3459864615384614
-1.218313846153846
-0.9569187692307691
-0.5328036923076923
-0.09137353846153846
0.39928984615384616
0.8169378461538461
1.0954393846153845
1.264417846153846
1.2546129230769232
1.1275661538461539
0.8521938461538461
0.4178566153846154
-0.05298830769230769
-0.5419827692307692
-0.9283384615384614
-1.1815975384615385
-1.3397279999999998
-1.3134424615384614
-1.1438381538461537
-0.8384252307692308
-0.42077723076923074
-0.004589538461538461
0.40012430769230767
0.7585255384615385
1.0188775384615383
1.2051710769230768
1.2483544615384614
1.1344504615384614
0.8974633846153846
0.5611753846153846
0.1867107692307692
-0.2238443076923077
-0.6043587692307693
-0.9258350769230769
-1.1402916923076922
-1.1962006153846152
-1.1382055384615384
-0.9189507692307692
-0.5542910769230769
-0.11724184615384614
0.39052800000000004
0.8816086153846154
1.2884086153846155
1.5760892307692307
1.6522338461538462
1.5285249230769231
1.2120553846153845
0.742044923076923
0.21508246153846153
-0.3485963076923077
-0.8676313846153846
-1.2890344615384615
-1.5473003076923078
-1.5781753846153848
-1.4131606153846152
-1.0731175384615383
-0.6164584615384615
-0.07906523076923076
0.5075612307692308
1.0326461538461538
1.4244258461538462
1.6176036923076922
1.5579396923076922
1.3146941538461536
0.9170732307692308
0.4080516923076923
-0.12433476923076923
-0.6636055384615385
-1.109208
-1.3968886153846154
-1.5126701538461538
-1.4079452307692306
-1.13904
-0.7410018461538461
-0.25513661538461535
0.24428861538461538
0.7149249230769231
1.0804190769230768
1.3038461538461537
1.3605895384615383
1.2452252307692306
0.9978073846153847
0.6394061538461538
0.22822523076923076
-0.19296923076923078
-0.5947624615384616
-0.884112
-1.05768
-1.1060787692307692
-1.0003107692307691
-0.8006658461538461
-0.520704
-0.19296923076923078
0.14811692307692306
0.47355692307692304
0.7226436923076922
0.8647107692307693
0.8909963076923076
0.8169378461538461
0.6679864615384614
0.4487316923076923
0.18086953846153844
-0.10347323076923076
-0.37738523076923075
-0.5895470769230768
-0.7424621538461539
-0.8330012307692308
-0.8392596923076923
-0.7793870769230768
-0.6308529230769231
-0.41368430769230763
-0.17628
0.07364123076923076
0.2937304615384615
0.48649107692307686
0.6448301538461538
0.7170110769230769
0.7145076923076923
0.6270978461538461
0.47001046153846154
0.2791273846153846
0.06279323076923077
-0.14311015384615386
-0.3277347692307692
-0.4720966153846154
-0.5457378461538461
-0.5446947692307692
-0.4618744615384615
-0.3141747692307692
-0.13267938461538462
0.06362769230769232
0.24762646153846155
0.41723076923076924
0.5574203076923077
0.6343993846153846
0.6498369230769231
0.5891298461538461
0.47939815384615386
0.35235138461538457
0.19317784615384614
0.015854769230769228
-0.16251138461538459
-0.30666461538461537
-0.3809316923076923
-0.387816
-0.34317230769230767
-0.27328615384615385
-0.19213476923076922
-0.09971815384615385
-0.002086153846153846
0.09825784615384614
0.17586276923076924
0.21341353846153846
0.2221753846153846
0.2059033846153846
0.19359507692307693
0.1829556923076923
0.15124615384615384
0.11223507692307692
0.059664
0.005215384615384615
-0.037967999999999995
-0.08511507692307693
-0.12204
-0.14790830769230767
-0.1710646153846154
-0.16438892307692307
-0.12308307692307692
-0.058412307692307694
0.015437538461538461
0.07697907692307693
0.13747753846153846
0.20193969230769232
0.2559710769230769
0.29331323076923077
0.2891409230769231
0.24428861538461538
0.17231630769230769
0.07885661538461539
-0.0070929230769230765
-0.10243015384615384
-0.19651569230769228
-0.27975323076923075
-0.33962584615384617
-0.3323243076923077
-0.29644246153846154
-0.23385784615384617
-0.16292861538461537
-0.10076123076923077
-0.01981846153846154
0.046104
0.09596307692307693
0.12913292307692306
0.1207883076923077
0.07614461538461538
0.00855323076923077
-0.05674338461538461
-0.12579507692307693
-0.20673784615384616
-0.2638984615384615
-0.3072904615384615
-0.33816553846153846
-0.34296369230769225
-0.33002953846153843
-0.28851507692307693
-0.23782153846153845
-0.1846246153846154
-0.11306953846153844
-0.0448523076923077
0.020027076923076922
0.07489292307692308
0.11223507692307692
0.15082892307692305
0.1787833846153846
0.19797599999999999
0.20110523076923076
0.1718990769230769
0.12433476923076923
0.05674338461538461
-0.019609846153846155
-0.08594953846153845
-0.15333230769230768
-0.20047938461538461
-0.22321846153846153
-0.20715507692307691
-0.143736
-0.06821723076923077
0.030040615384615384
0.132888
0.22634769230769228
0.30979384615384614
0.36215630769230767
0.3767593846153846
0.3502652307692307
0.28267384615384616
0.19735015384615384
0.09596307692307693
-0.015020307692307692
-0.11098338461538461
-0.1910916923076923
-0.23072861538461537
-0.23114584615384615
-0.19359507692307693
-0.1289243076923077
-0.04735569230769231
0.052153846153846155
0.143736
0.2225926153846154
0.26932246153846157
0.2818393846153846
0.265776
0.22113230769230768
0.1704387692307692
0.12266584615384615
0.06967753846153846
0.012308307692307691
-0.035464615384615386
-0.06946892307692307
-0.0798996923076923
-0.07030338461538461
-0.03859384615384615
0.01272553846153846
0.065088
0.12725538461538463
0.1858763076923077
0.23782153846153845
0.2724516923076923
0.28017046153846153
0.2709913846153846
0.23886461538461537
0.19317784615384614
0.13121907692307694
0.06487938461538462
-0.004798153846153846
-0.07510153846153846
-0.12704676923076924
-0.15228923076923076
-0.16105107692307694
-0.16209415384615386
-0.143736
-0.116616
-0.07405846153846153
-0.02482523076923077
0.01981846153846154
0.05820369230769231
0.07823076923076923
0.09450276923076922
0.10493353846153847
0.10576799999999999
0.092208
0.06300184615384616
0.03066646153846154
-0.005424
-0.032544
-0.05736923076923077
-0.0880356923076923
-0.11703323076923078
-0.13706030769230768
-0.1397723076923077
-0.11619876923076923
-0.07489292307692308
-0.03024923076923077
0.027745846153846152
0.08177723076923075
0.13080184615384613
0.18483323076923078
0.22676492307692306
0.2540935384615385
0.2540935384615385
0.22530461538461538
0.18545907692307692
0.1289243076923077
0.05653476923076922
-0.026076923076923077
-0.11181784615384616
-0.1846246153846154
-0.2357353846153846
-0.24658338461538462
-0.22864246153846152
-0.18525046153846153
-0.11265230769230769
-0.028163076923076923
0.06696553846153847
0.16209415384615386
0.233232
0.26723630769230766
0.25701415384615384
0.20778092307692309
0.13455692307692307
0.03233538461538461
-0.07572738461538461
-0.1712732307692308
-0.24574892307692306
-0.2814221538461538
-0.2828824615384615
-0.24512307692307692
-0.18232984615384615
-0.103056
-0.014603076923076923
0.07134646153846153
0.14164984615384615
0.18483323076923078
0.20298276923076922
0.18650215384615382
0.14916
0.09825784615384614
0.03629907692307692
-0.03108369230769231
-0.09575446153846154
-0.1435273846153846
-0.17294215384615383
-0.17732307692307692
-0.1718990769230769
-0.1502030769230769
-0.1028473846153846
-0.0448523076923077
0.023990769230769232
0.08824430769230769
0.13434830769230768
0.154584
0.14957723076923077
0.13601723076923075
0.12308307692307692
0.09679753846153846
0.05757784615384615
0.018983999999999997
-0.01814953846153846
-0.04380923076923077
-0.05590892307692308
-0.054657230769230764
-0.047772923076923074
-0.03358707692307692
-0.006467076923076923
0.021278769230769233
0.056951999999999996
0.08740984615384616
0.10722830769230769
0.12955015384615384
0.15103753846153847
0.16876984615384616
0.17586276923076924
0.16501476923076921
0.1422756923076923
0.12600369230769232
0.10347323076923076
0.08615815384615384
0.07343261538461537
0.05590892307692308
0.04130584615384615
0.011265230769230769
-0.015854769230769228
-0.027745846153846152
-0.03567323076923076
-0.03921969230769231
-0.03963692307692308
-0.020652923076923076
0.017315076923076923
0.05319692307692307
0.07468430769230769
0.07468430769230769
0.06821723076923077
0.061124307692307686
0.05090215384615384
0.03880246153846154
0.016897846153846156
-0.01272553846153846
-0.03129230769230769
-0.043392
-0.05528307692307692
-0.0744756923076923
-0.10618523076923077
-0.12350030769230769
-0.132888
-0.1316363076923077
-0.11870215384615385
-0.11599015384615384
-0.11390399999999999
-0.09575446153846154
-0.103056
-0.12683815384615382
-0.12350030769230769
-0.10910584615384614
-0.06863446153846153
-0.021278769230769233
0.04318338461538461
0.1489513846153846
0.2624381538461539
0.3623649230769231
0.4282873846153846
0.3752990769230769
0.24470584615384613
0.08511507692307693
-0.05799507692307692
-0.13789476923076924
-0.31250584615384613
-0.4253667692307692
-0.48398769230769234
-0.4581193846153846
-0.2620209230769231
-0.11140061538461538
0.09825784615384614
0.24282830769230768
0.37780246153846153
0.5409396923076923
0.5486584615384615
0.5198695384615385
0.3229366153846154
0.06258461538461538
-0.16334584615384617
-0.4214030769230769
-0.5442775384615385
-0.641075076923077
-0.6615193846153845
-0.5259193846153846
-0.3813489230769231
-0.14436184615384615
0.09763200000000001
0.30562153846153844
0.5219556923076923
0.5645132307692308
0.5453206153846154
0.471888
0.3116713846153846
0.19192615384615386
0.004589538461538461
-0.16626646153846153
-0.2995716923076923
-0.4141015384615384
-0.3949089230769231
-0.3383741538461538
-0.2507556923076923
-0.119328
0.0043809230769230765
0.16480615384615382
0.2805876923076923
0.31772123076923076
0.3158436923076923
0.24720923076923076
0.18107815384615383
0.09971815384615385
0.006884307692307692
-0.026494153846153844
-0.04631261538461538
-0.03692492307692308
-0.015854769230769228
-0.014603076923076923
-0.006467076923076923
-0.03942830769230769
-0.09429415384615383
-0.13852061538461538
-0.1990190769230769
-0.2275993846153846
-0.21508246153846153
-0.15270646153846154
-0.04839876923076923
0.04547815384615384
0.14916
0.23156307692307693
0.2906012307692308
0.31751261538461534
0.27787569230769227
0.2209236923076923
0.12162276923076921
0.003129230769230769
-0.09679753846153846
-0.19526400000000002
-0.24658338461538462
-0.27975323076923075
-0.2828824615384615
-0.21883753846153844
-0.12850707692307692
0.018775384615384614
0.18191261538461537
0.3054129230769231
0.3903193846153846
0.3957433846153846
0.3588184615384616
0.28955815384615385
0.16626646153846153
0.012099692307692308
-0.16271999999999998
-0.30416123076923074
-0.3740473846153846
-0.39115384615384613
-0.3342018461538461
-0.2275993846153846
-0.08845292307692308
0.09095630769230768
0.2503384615384615
0.3844781538461538
0.47021907692307696
0.48690830769230764
0.4535298461538461
0.3550633846153846
0.21821169230769227
0.06654830769230768
-0.08782707692307692
-0.1942209230769231
-0.24846092307692308
-0.24908676923076922
-0.19818461538461538
-0.12016246153846154
0.0016689230769230767
0.12767261538461538
0.23448369230769228
0.31229723076923077
0.3229366153846154
0.28434276923076923
0.20360861538461536
0.09971815384615385
-0.002086153846153846
-0.10368184615384615
-0.17148184615384612
-0.19067446153846154
-0.1779489230769231
-0.13038461538461538
-0.06842584615384616
-0.0025033846153846152
0.059038153846153844
0.08782707692307692
0.10576799999999999
0.0974233846153846
0.06028984615384615
0.015646153846153844
-0.06529661538461538
-0.12913292307692306
-0.15479261538461536
-0.14457046153846154
-0.09012184615384615
-0.043600615384615383
0.003963692307692307
0.05486584615384615
0.10117846153846152
0.15646153846153846
0.17169046153846151
0.1314276923076923
0.05945538461538461
-0.040054153846153843
-0.11244369230769231
-0.1585476923076923
-0.20131384615384615
-0.214248
-0.20339999999999997
-0.14436184615384615
-0.04819015384615385
0.03775938461538462
0.11035753846153845
0.13455692307692307
0.11557292307692307
0.08010830769230769
0.018775384615384614
-0.04985907692307692
-0.13998092307692306
-0.23010276923076922
-0.2791273846153846
-0.2828824615384615
-0.2225926153846154
-0.1207883076923077
-0.0043809230769230765
0.11390399999999999
0.20861538461538462
0.2926873846153846
0.3473446153846154
0.3412947692307692
0.273912
0.15562707692307692
0.03045784615384615
-0.0855323076923077
-0.16835261538461538
-0.20673784615384616
-0.22321846153846153
-0.20986707692307693
-0.14394461538461537
-0.02899753846153846
0.10159569230769232
0.2073636923076923
0.26368984615384616
0.28017046153846153
0.260352
0.21529107692307692
0.14185846153846154
0.043392
-0.05069353846153846
-0.12579507692307693
-0.15875630769230767
-0.1489513846153846
-0.10764553846153846
-0.050067692307692306
0.007927384615384614
0.0717636923076923
0.12496061538461539
0.15333230769230768
0.14540492307692307
0.08699261538461538
0.007301538461538462
-0.07134646153846153
-0.13080184615384613
-0.15604430769230768
-0.14978584615384616
-0.09679753846153846
-0.01981846153846154
0.07802215384615384
0.1860849230769231
0.27474646153846155
0.3344104615384615
0.32836061538461536
0.26765353846153844
0.168144
0.04130584615384615
-0.0826116923076923
-0.19296923076923078
-0.2789187692307692
-0.31751261538461534
-0.2997803076923077
-0.22864246153846152
-0.11557292307692307
0.006675692307692307
0.1316363076923077
0.2374043076923077
0.31041969230769234
0.3419206153846154
0.3102110769230769
0.2288510769230769
0.09721476923076922
-0.05862092307692307
-0.200688
-0.3195987692307692
-0.39219692307692305
-0.40095876923076923
-0.34630153846153844
-0.22780799999999998
-0.07635323076923077
0.07697907692307693
0.21821169230769227
0.31834707692307695
0.3775938461538461
0.3884418461538462
0.34651015384615386
0.2737033846153846
0.16730953846153845
0.04214030769230769
-0.06738276923076922
-0.15082892307692305
-0.20632061538461538
-0.22968553846153844
-0.22342707692307692
-0.1881710769230769
-0.130176
-0.05027630769230769
0.03483876923076923
0.1028473846153846
0.1558356923076923
0.17982646153846152
0.18983999999999998
0.19463815384615382
0.17315076923076922
0.13080184615384613
0.078648
0.046104
0.02273907692307692
-0.010848
-0.04547815384615384
-0.08010830769230769
-0.10868861538461538
-0.12767261538461538
-0.13101046153846155
-0.12579507692307693
-0.10660246153846153
-0.07364123076923076
-0.028163076923076923
0.03379569230769231
0.086784
0.11995384615384615
0.13121907692307694
0.12433476923076923
0.1070196923076923
0.06446215384615385
0.001043076923076923
-0.07113784615384615
-0.14811692307692306
-0.20944984615384615
-0.2480436923076923
-0.2655673846153846
-0.25451076923076926
-0.222384
-0.18399876923076922
-0.14102399999999998
-0.08761846153846153
-0.029832
0.011265230769230769
0.030040615384615384
0.033169846153846154
0.024616615384615383
0.010013538461538461
-0.010013538461538461
-0.02899753846153846
-0.03838523076923077
-0.03671630769230769
-0.019609846153846155
0.018358153846153843
0.06258461538461538
0.10326461538461539
0.13038461538461538
0.14540492307692307
0.1635544615384615
0.16835261538461538
0.15354092307692307
0.11891076923076922
0.07426707692307692
0.04693846153846153
0.03379569230769231
0.029414769230769227
0.04109723076923077
0.058829538461538454
0.07635323076923077
0.08720123076923077
0.09074769230769231
0.0853236923076923
0.04965046153846154
0.009596307692307692
-0.028371692307692306
-0.06592246153846154
-0.09158215384615384
-0.11452984615384615
-0.11265230769230769
-0.09512861538461538
-0.06905169230769231
-0.03045784615384615
0.012308307692307691
0.05382276923076923
0.08907876923076924
0.11014892307692307
0.12037107692307693
0.12767261538461538
0.12788123076923075
0.12808984615384614
0.1178676923076923
0.10430769230769231
0.09262523076923077
0.07426707692307692
0.05653476923076922
0.032544
0.015646153846153844
0.01940123076923077
0.043600615384615383
0.07697907692307693
0.10514215384615383
0.12350030769230769
0.13309661538461537
0.13393107692307693
0.12245723076923076
0.0936683076923077
0.04819015384615385
-0.005215384615384615
-0.06654830769230768
-0.11035753846153845
-0.13330523076923076
-0.1489513846153846
-0.14811692307692306
-0.14102399999999998
-0.1207883076923077
-0.08907876923076924
-0.056951999999999996
-0.023990769230769232
-0.008344615384615384
-0.005424
-0.0006258461538461538
0.0016689230769230767
0.004172307692307692
-0.006884307692307692
-0.028788923076923077
-0.05090215384615384
-0.06821723076923077
-0.061124307692307686
-0.05444861538461539
-0.049233230769230765
-0.04526953846153846
-0.04568676923076923
-0.034630153846153845
-0.017940923076923077
-0.0029206153846153843
0.010639384615384617
0.02086153846153846
0.03713353846153846
0.06049846153846154
0.07969107692307692
0.08386338461538462
0.06195876923076923
0.030875076923076922
0.009179076923076922
0.0002086153846153846
-0.0006258461538461538
-0.005424
-0.018358153846153843
-0.02232184615384615
-0.014394461538461538
0.016897846153846156
0.05820369230769231
0.08699261538461538
0.1207883076923077
0.15479261538461536
0.19672430769230767
0.23782153846153845
0.25805723076923076
0.25471938461538457
0.21821169230769227
0.17169046153846151
0.1287156923076923
0.07364123076923076
0.010639384615384617
-0.053614153846153846
-0.10639384615384614
-0.11891076923076922
-0.09283384615384616
-0.043392
0.015020307692307692
0.06195876923076923
0.10243015384615384
0.13205353846153844
0.14853415384615384
0.14603076923076924
0.10368184615384615
0.03442153846153846
-0.04756430769230769
-0.11599015384615384
-0.15833907692307692
-0.19296923076923078
-0.20632061538461538
-0.2059033846153846
-0.18900553846153845
-0.14123261538461537
-0.078648
-0.016897846153846156
0.019609846153846155
0.030875076923076922
0.03400430769230769
0.03024923076923077
0.0070929230769230765
0.0002086153846153846
0.030875076923076922
0.08073415384615384
0.1656406153846154
0.2509643076923077
0.33649661538461534
0.4170221538461538
0.4616658461538461
0.46959323076923076
0.4105550769230769
0.3129230769230769
0.17669723076923077
0.06717415384615384
-0.04985907692307692
-0.1923433846153846
-0.24428861538461538
-0.27474646153846155
-0.2205064615384615
-0.10827138461538462
0.0012516923076923076
0.1422756923076923
0.23886461538461537
0.3383741538461538
0.37091815384615384
0.3072904615384615
0.19568123076923075
0.018775384615384614
-0.13789476923076924
-0.309168
-0.45040061538461534
-0.5173661538461538
-0.5411483076923076
-0.4453938461538462
-0.29581661538461534
-0.12412615384615384
0.05611753846153846
0.1800350769230769
0.29644246153846154
0.3412947692307692
0.2887236923076923
0.20360861538461536
0.06300184615384616
-0.05319692307692307
-0.13330523076923076
-0.19985353846153847
-0.22634769230769228
-0.24720923076923076
-0.22405292307692307
-0.1693956923076923
-0.11327815384615383
-0.051528
-0.01397723076923077
0.026076923076923077
0.055491692307692304
0.06279323076923077
0.06675692307692307
0.031709538461538456
-0.001043076923076923
-0.03129230769230769
-0.07781353846153846
-0.0853236923076923
-0.07656184615384615
-0.041514461538461535
0.011056615384615385
0.026285538461538457
0.031918153846153846
0.028371692307692306
0.003755076923076923
-0.02211323076923077
-0.06216738461538462
-0.10138707692307691
-0.11640738461538462
-0.09512861538461538
-0.028371692307692306
0.04276615384615385
0.0974233846153846
0.12829846153846153
0.14081538461538462
0.15124615384615384
0.12162276923076921
0.05382276923076923
-0.027120000000000002
-0.11911938461538461
-0.1777403076923077
-0.20527753846153846
-0.20506892307692307
-0.16334584615384617
-0.11724184615384614
-0.04839876923076923
0.044435076923076924
0.13497415384615385
0.21737723076923077
0.26306399999999996
0.2695310769230769
0.2238443076923077
0.14790830769230767
0.06863446153846153
-0.02044430769230769
-0.10472492307692308
-0.18107815384615383
-0.225096
-0.19296923076923078
-0.11202646153846153
-0.007301538461538462
0.11953661538461538
0.22572184615384616
0.3241883076923077
0.3907366153846154
0.4007501538461538
0.37300430769230764
0.2753723076923077
0.14457046153846154
0.02044430769230769
-0.09241661538461539
-0.17628
-0.24491446153846153
-0.28350830769230767
-0.2720344615384615
-0.2127876923076923
-0.12934153846153845
-0.05862092307692307
0.003963692307692307
0.05945538461538461
0.09992676923076924
0.12516923076923075
0.12204
0.08720123076923077
0.027328615384615382
-0.053614153846153846
-0.12642092307692307
-0.1783661538461538
-0.2073636923076923
-0.20632061538461538
-0.19150892307692308
-0.15333230769230768
-0.09825784615384614
-0.040262769230769234
0.028163076923076923
0.08198584615384615
0.10222153846153846
0.1028473846153846
0.09512861538461538
0.08594953846153845
0.06383630769230769
0.02273907692307692
-0.020027076923076922
-0.05194523076923077
-0.05173661538461538
-0.040262769230769234
-0.02524246153846154
0.0002086153846153846
0.015646153846153844
0.04965046153846154
0.08949599999999999
0.11807630769230769
0.13351384615384615
0.11181784615384616
0.09053907692307692
0.07885661538461539
0.056951999999999996
0.03233538461538461
0.0
-0.03421292307692308
-0.06154153846153846
-0.0853236923076923
-0.10263876923076923
-0.119328
-0.12433476923076923
-0.11327815384615383
-0.08866153846153846
-0.027745846153846152
0.042974769230769226
0.10952307692307692
0.17398523076923075
0.2073636923076923
0.22697353846153845
0.23156307692307693
0.21299630769230768
0.17481969230769231
0.10848000000000001
0.03629907692307692
-0.02753723076923077
-0.07969107692307692
-0.12037107692307693
-0.15875630769230767
-0.17252492307692308
-0.1489513846153846
-0.09596307692307693
-0.012934153846153845
0.07927384615384615
0.17148184615384612
0.24992123076923078
0.301032
0.3269003076923077
0.31208861538461535
0.25555384615384613
0.16292861538461537
0.05173661538461538
-0.05403138461538461
-0.14916
-0.2207150769230769
-0.2532590769230769
-0.25117292307692307
-0.19588984615384614
-0.09658892307692307
0.017940923076923077
0.146448
0.25367630769230765
0.3279433846153846
0.3609046153846154
0.3454670769230769
0.2920615384615385
0.19818461538461538
0.08177723076923075
-0.043600615384615383
-0.1656406153846154
-0.26494153846153845
-0.33065538461538463
-0.34358953846153845
-0.3127144615384615
-0.2426196923076923
-0.13393107692307693
-0.011682461538461537
0.11432123076923076
0.2209236923076923
0.28663753846153844
0.3133403076923077
0.3031181538461538
0.25367630769230765
0.16772676923076923
0.06195876923076923
-0.03567323076923076
-0.10743692307692307
-0.14749107692307692
-0.15667015384615385
-0.14603076923076924
-0.11411261538461538
-0.06383630769230769
-0.009179076923076922
0.04965046153846154
0.09909230769230769
0.13852061538461538
0.168144
0.18212123076923076
0.18754523076923074
0.16584923076923075
0.12496061538461539
0.07677046153846154
0.025033846153846153
-0.01710646153846154
-0.061124307692307686
-0.10514215384615383
-0.14290153846153844
-0.16835261538461538
-0.165432
-0.14978584615384616
-0.12016246153846154
-0.078648
-0.04318338461538461
-0.003755076923076923
0.03275261538461539
0.06550523076923077
0.08428061538461538
0.07510153846153846
0.049233230769230765
0.011265230769230769
-0.018775384615384614
-0.04380923076923077
-0.07426707692307692
-0.09137353846153846
-0.08866153846153846
-0.058829538461538454
-0.003755076923076923
0.06487938461538462
0.1341396923076923
0.18921415384615384
0.22780799999999998
0.249504
0.25430215384615384
0.23886461538461537
0.19380369230769232
0.12308307692307692
0.053614153846153846
-0.008970461538461538
-0.04526953846153846
-0.05799507692307692
-0.059872615384615385
-0.03024923076923077
0.01940123076923077
0.07760492307692309
0.12683815384615382
0.15228923076923076
0.14811692307692306
0.11390399999999999
0.06279323076923077
-0.005424
-0.08115138461538463
-0.14477907692307693
-0.20047938461538461
-0.23281476923076924
-0.22175815384615383
-0.17586276923076924
-0.09784061538461537
-0.022530461538461537
0.04380923076923077
0.10076123076923077
0.13038461538461538
0.14519630769230768
0.11891076923076922
0.04985907692307692
-0.029414769230769227
-0.10952307692307692
-0.16209415384615386
-0.18316430769230768
-0.17669723076923077
-0.1316363076923077
-0.06487938461538462
0.023990769230769232
0.11995384615384615
0.20277415384615383
0.26139507692307695
0.2753723076923077
0.25346769230769234
0.20381723076923075
0.13768615384615385
0.06133292307692308
-0.02023569230769231
-0.09387692307692307
-0.1397723076923077
-0.1504116923076923
-0.12829846153846153
-0.08386338461538462
-0.03650769230769231
0.021904615384615383
0.0717636923076923
0.11327815384615383
0.14832553846153845
0.16292861538461537
0.16438892307692307
0.13998092307692306
0.10576799999999999
0.06800861538461538
0.02357353846153846
-0.019609846153846155
-0.06070707692307692
-0.08490646153846154
-0.08949599999999999
-0.08240307692307691
-0.061124307692307686
-0.03275261538461539
-0.003129230769230769
0.038176615384615385
0.07781353846153846
0.10868861538461538
0.11223507692307692
0.07969107692307692
0.04109723076923077
-0.006675692307692307
-0.05048492307692308
-0.08761846153846153
-0.12996738461538462
-0.1504116923076923
-0.14665661538461539
-0.11765907692307691
-0.06425353846153846
-0.0043809230769230765
0.06216738461538462
0.11765907692307691
0.16251138461538459
0.20235692307692305
0.21904615384615383
0.21216184615384615
0.17294215384615383
0.11557292307692307
0.04902461538461538
-0.021278769230769233
-0.08094276923076923
-0.138312
-0.18379015384615385
-0.208824
-0.20444307692307692
-0.17315076923076922
-0.12558646153846154
-0.08010830769230769
-0.044435076923076924
-0.011473846153846154
0.013768615384615384
0.029414769230769227
0.01981846153846154
-0.024408000000000003
-0.08240307692307691
-0.13601723076923075
-0.17815753846153848
-0.20193969230769232
-0.21007569230769232
-0.21153599999999997
-0.20444307692307692
-0.1787833846153846
-0.13664307692307692
-0.09575446153846154
-0.06383630769230769
-0.046104
-0.028788923076923077
0.0002086153846153846
0.040262769230769234
0.09158215384615384
0.13247076923076923
0.16835261538461538
0.19192615384615386
0.20798953846153845
0.21487384615384614
0.18775384615384613
0.1424843076923077
0.07802215384615384
0.02545107692307692
0.003129230769230769
-0.0014603076923076922
0.021904615384615383
0.051528
0.08824430769230769
0.1422756923076923
0.19296923076923078
0.23052
0.2330233846153846
0.19630707692307692
0.1422756923076923
0.08156861538461539
0.021070153846153846
-0.037967999999999995
-0.092208
-0.12558646153846154
-0.13330523076923076
-0.12162276923076921
-0.08824430769230769
-0.04756430769230769
-0.009804923076923077
0.02044430769230769
0.0448523076923077
0.06592246153846154
0.07238953846153846
0.059872615384615385
0.024408000000000003
-0.026494153846153844
-0.08386338461538462
-0.13726892307692307
-0.1691870769230769
-0.1721076923076923
-0.15166338461538462
-0.10535076923076922
-0.03379569230769231
0.04965046153846154
0.12266584615384615
0.16584923076923075
0.17419384615384614
0.14311015384615386
0.07969107692307692
-0.006884307692307692
-0.0853236923076923
-0.184416
-0.2695310769230769
-0.3004061538461538
-0.2853858461538461
-0.1779489230769231
-0.034630153846153845
0.20047938461538461
0.36778892307692307
0.4345458461538461
0.5415655384615384
0.5202867692307692
0.4848221538461538
0.34004307692307695
0.07551876923076924
-0.1635544615384615
-0.42015138461538465
-0.5190350769230769
-0.5764043076923077
-0.5862092307692308
-0.49108061538461534
-0.3615304615384615
-0.07155507692307693
0.21821169230769227
0.46354338461538463
0.6421181538461538
0.6437870769230769
0.6112430769230769
0.4866996923076923
0.2860116923076923
0.0744756923076923
-0.20924123076923076
-0.41076369230769233
-0.5647218461538461
-0.6786258461538462
-0.6245944615384615
-0.5265452307692308
-0.3575667692307692
-0.13914646153846155
0.04109723076923077
0.24032492307692307
0.3780110769230769
0.4798153846153846
0.5486584615384615
0.49921661538461537
0.40700861538461536
0.2803790769230769
0.14874276923076923
0.04672984615384615
-0.08824430769230769
-0.19547261538461536
-0.268488
-0.28809784615384615
-0.22300984615384614
-0.16793538461538463
-0.08469784615384615
0.021278769230769233
0.11140061538461538
0.22718215384615387
0.29873723076923075
0.34066892307692304
0.38072307692307694
0.37196123076923077
0.3673716923076923
0.33065538461538463
0.24554030769230767
0.14603076923076924
-0.0014603076923076922
-0.14561353846153846
-0.28788923076923073
-0.41618769230769226
-0.5002596923076923
-0.5336381538461539
-0.4758516923076923
-0.38698153846153843
-0.25513661538461535
-0.05403138461538461
0.13998092307692306
0.33065538461538463
0.4752258461538461
0.5317606153846154
0.52884
0.4276615384615384
0.27182584615384614
0.084072
-0.12996738461538462
-0.28476
-0.40012430769230767
-0.46396061538461536
-0.4493575384615385
-0.3711267692307692
-0.20673784615384616
0.0012516923076923076
0.200688
0.37738523076923075
0.5002596923076923
0.5882953846153847
0.6072793846153846
0.5307175384615385
0.4053396923076923
0.21341353846153846
0.023990769230769232
-0.13330523076923076
-0.2734947692307692
-0.3402516923076923
-0.3611132307692308
-0.3198073846153846
-0.2140393846153846
-0.0934596923076923
0.05319692307692307
0.1777403076923077
0.26306399999999996
0.31083692307692307
0.29227015384615385
0.22843384615384613
0.1178676923076923
-0.006675692307692307
-0.11202646153846153
-0.1977673846153846
-0.2422024615384615
-0.26681907692307694
-0.2540935384615385
-0.18399876923076922
-0.10722830769230769
-0.014603076923076923
0.06988615384615385
0.11494707692307692
0.15374953846153847
0.1635544615384615
0.13747753846153846
0.08010830769230769
0.0
-0.061124307692307686
-0.10222153846153846
-0.13309661538461537
-0.14603076923076924
-0.14665661538461539
-0.1289243076923077
-0.09575446153846154
-0.056951999999999996
-0.0018775384615384615
0.03880246153846154
0.06592246153846154
0.06884307692307692
0.03859384615384615
0.017732307692307693
-0.004798153846153846
-0.006049846153846154
0.008344615384615384
-0.0002086153846153846
0.0018775384615384615
0.014394461538461538
0.046104
0.09325107692307691
0.1045163076923077
0.10472492307692308
0.0988836923076923
0.086784
0.09387692307692307
0.09074769230769231
0.07885661538461539
0.05528307692307692
0.031709538461538456
0.042974769230769226
0.05653476923076922
0.07551876923076924
0.09137353846153846
0.08198584615384615
0.08386338461538462
0.07510153846153846
0.06592246153846154
0.05862092307692307
0.02795446153846154
0.007927384615384614
-0.016272
-0.032544
-0.023364923076923075
-0.015228923076923076
-0.0025033846153846152
0.010013538461538461
0.03921969230769231
0.0974233846153846
0.15541846153846153
0.20110523076923076
0.21779446153846155
0.2021483076923077
0.18149538461538461
0.15813046153846153
0.1316363076923077
0.08428061538461538
0.008970461538461538
-0.050067692307692306
-0.08866153846153846
-0.09784061538461537
-0.07739630769230768
-0.05945538461538461
-0.021278769230769233
0.027328615384615382
0.07656184615384615
0.13226215384615383
0.15124615384615384
0.14436184615384615
0.11265230769230769
0.05507446153846154
-0.005424
-0.0826116923076923
-0.1612596923076923
-0.23406646153846156
-0.2891409230769231
-0.30708184615384615
-0.2912270769230769
-0.2371956923076923
-0.173568
-0.10535076923076922
-0.03150092307692308
0.03150092307692308
0.09116492307692307
0.13038461538461538
0.13184492307692308
0.10827138461538462
0.06446215384615385
0.019609846153846155
-0.009387692307692307
-0.03942830769230769
-0.05194523076923077
-0.04839876923076923
-0.03045784615384615
0.014603076923076923
0.05653476923076922
0.09304246153846155
0.11056615384615384
0.11682461538461539
0.1218313846153846
0.11014892307692307
0.10201292307692307
0.07614461538461538
0.03504738461538461
0.008136
-0.027328615384615382
-0.05382276923076923
-0.0609156923076923
-0.07134646153846153
-0.06967753846153846
-0.05674338461538461
-0.040054153846153843
-0.02899753846153846
-0.03880246153846154
-0.05444861538461539
-0.07364123076923076
-0.0897046153846154
-0.10326461538461539
-0.11473846153846154
-0.11557292307692307
-0.11432123076923076
-0.10201292307692307
-0.07697907692307693
-0.03296123076923077
0.016063384615384615
0.05319692307692307
0.08177723076923075
0.103056
0.12600369230769232
0.14081538461538462
0.1462393846153846
0.13184492307692308
0.10055261538461538
0.06759138461538462
0.037967999999999995
0.01940123076923077
-0.002712
-0.025033846153846153
-0.03629907692307692
-0.027120000000000002
-0.0016689230769230767
0.02545107692307692
0.04735569230769231
0.05570030769230769
0.05382276923076923
0.042974769230769226
0.022947692307692308
-0.009179076923076922
-0.05507446153846154
-0.09387692307692307
-0.11223507692307692
-0.10618523076923077
-0.0744756923076923
-0.03880246153846154
0.0008344615384615384
0.03650769230769231
0.05778646153846154
0.07051199999999999
0.05653476923076922
0.021070153846153846
-0.03880246153846154
-0.10535076923076922
-0.15187199999999998
-0.1873366153846154
-0.19359507692307693
-0.17023015384615386
-0.12141415384615384
-0.03880246153846154
0.05611753846153846
0.15646153846153846
0.24345415384615382
0.2899753846153846
0.2985286153846154
0.2632726153846154
0.19693292307692306
0.10868861538461538
-0.003755076923076923
-0.11348676923076922
-0.20632061538461538
-0.2517987692307692
-0.2438713846153846
-0.1994363076923077
-0.11056615384615384
-0.006884307692307692
0.09763200000000001
0.19505538461538463
0.26160369230769226
0.2862203076923077
0.2620209230769231
0.19755876923076923
0.11181784615384616
0.02044430769230769
-0.07405846153846153
-0.16167692307692308
-0.23114584615384615
-0.26681907692307694
-0.26368984615384616
-0.21633415384615384
-0.1368516923076923
-0.05236246153846154
0.02858030769230769
0.09471138461538461
0.14811692307692306
0.1787833846153846
0.1718990769230769
0.1314276923076923
0.062376
-0.012308307692307691
-0.07739630769230768
-0.13038461538461538
-0.16605784615384614
-0.1785747692307692
-0.16793538461538463
-0.1353913846153846
-0.0798996923076923
-0.021278769230769233
0.023364923076923075
0.05194523076923077
0.06863446153846153
0.07739630769230768
0.07885661538461539
0.07384984615384615
0.06008123076923077
0.05298830769230769
0.05653476923076922
0.07572738461538461
0.10493353846153847
0.12391753846153845
0.12955015384615384
0.11703323076923078
0.10201292307692307
0.08845292307692308
0.06821723076923077
0.0446436923076923
0.02044430769230769
0.013768615384615384
0.03108369230769231
0.058829538461538454
0.09158215384615384
0.11265230769230769
0.12016246153846154
0.12808984615384614
0.1287156923076923
0.11953661538461538
0.09491999999999999
0.05298830769230769
0.008761846153846153
-0.03066646153846154
-0.06842584615384616
-0.10117846153846152
-0.13330523076923076
-0.16501476923076921
-0.1712732307692308
-0.14728246153846153
-0.10159569230769232
-0.04214030769230769
0.025033846153846153
0.08031692307692308
0.12662953846153846
0.1597993846153846
0.16167692307692308
0.13309661538461537
0.06967753846153846
-0.0018775384615384615
-0.06300184615384616
-0.092208
-0.0880356923076923
-0.06216738461538462
-0.019609846153846155
0.03108369230769231
0.09533723076923077
0.16021661538461537
0.20778092307692309
0.2154996923076923
0.19046584615384615
0.15145476923076923
0.10910584615384614
0.06300184615384616
0.002712
-0.06279323076923077
-0.12016246153846154
-0.15082892307692305
-0.13872923076923074
-0.09512861538461538
-0.04735569230769231
-0.0002086153846153846
0.053405538461538456
0.11911938461538461
0.18545907692307692
0.22154953846153846
0.22113230769230768
0.1777403076923077
0.10368184615384615
0.02357353846153846
-0.05653476923076922
-0.12850707692307692
-0.19359507692307693
-0.2292683076923077
-0.22718215384615387
-0.17481969230769231
-0.08156861538461539
0.02357353846153846
0.12934153846153845
0.20778092307692309
0.26869661538461537
0.314592
0.3321156923076923
0.30207507692307695
0.21883753846153844
0.10096984615384616
-0.018358153846153843
-0.1097316923076923
-0.1783661538461538
-0.22447015384615385
-0.2507556923076923
-0.23656984615384613
-0.17502830769230768
-0.08469784615384615
0.009596307692307692
0.06967753846153846
0.12496061538461539
0.17481969230769231
0.18942276923076923
0.18629353846153843
0.13789476923076924
0.08991323076923076
0.03755076923076923
-0.004172307692307692
-0.030875076923076922
-0.03379569230769231
0.03379569230769231
-0.027328615384615382
-0.06613107692307692
-0.09074769230769231
-0.15479261538461536
-0.10868861538461538
-0.12642092307692307
-0.1558356923076923
-0.21028430769230766
-0.19213476923076922
-0.054657230769230764
0.04422646153846154
0.15208061538461537
0.1775316923076923
0.1785747692307692
0.22989415384615383
0.2588916923076923
0.26640184615384616
0.138312
-0.04839876923076923
-0.1666836923076923
-0.2497126153846154
-0.24428861538461538
-0.23156307692307693
-0.2290596923076923
-0.15208061538461537
-0.08177723076923075
0.0448523076923077
0.19797599999999999
0.2651501538461538
0.32585723076923073
0.32564861538461537
0.2680707692307692
0.1923433846153846
0.09137353846153846
0.012308307692307691
-0.07843938461538462
-0.16793538461538463
-0.21758584615384616
-0.21800307692307694
-0.14457046153846154
-0.05173661538461538
0.034630153846153845
0.0963803076923077
0.11953661538461538
0.18066092307692305
0.22780799999999998
0.20548615384615385
0.15145476923076923
0.07593599999999999
0.02545107692307692
0.02086153846153846
0.004589538461538461
-0.0012516923076923076
-0.0070929230769230765
-0.015854769230769228
0.03775938461538462
0.07614461538461538
0.07364123076923076
0.03942830769230769
-0.012516923076923077
-0.0448523076923077
-0.0609156923076923
-0.05820369230769231
-0.05444861538461539
-0.02023569230769231
0.04088861538461538
0.09095630769230768
0.1635544615384615
0.2221753846153846
0.23907323076923076
0.2509643076923077
0.21800307692307694
0.15562707692307692
0.08615815384615384
0.0
-0.07489292307692308
-0.1656406153846154
-0.23156307692307693
-0.23886461538461537
-0.22572184615384616
-0.18191261538461537
-0.12934153846153845
-0.061124307692307686
0.035464615384615386
0.13706030769230768
0.20778092307692309
0.21132738461538458
0.1800350769230769
0.13643446153846153
0.07531015384615385
0.0035464615384615383
-0.09512861538461538
-0.20840676923076923
-0.2699483076923077
-0.28768061538461537
-0.2561796923076923
-0.17231630769230769
-0.08824430769230769
0.016272
0.13247076923076923
0.23448369230769228
0.32564861538461537
0.36799753846153843
0.35339446153846155
0.2962338461538461
0.20965846153846154
0.11411261538461538
0.018358153846153843
-0.052571076923076915
-0.10389046153846154
-0.1314276923076923
-0.12496061538461539
-0.10848000000000001
-0.06675692307692307
-0.015020307692307692
0.03150092307692308
0.08344615384615384
0.10222153846153846
0.09909230769230769
0.10910584615384614
0.09074769230769231
0.042348923076923076
-0.029414769230769227
-0.12266584615384615
-0.18170399999999998
-0.22300984615384614
-0.2526332307692308
-0.2776670769230769
-0.30374399999999996
-0.2832996923076923
-0.23782153846153845
-0.1775316923076923
-0.12725538461538463
-0.10368184615384615
-0.07885661538461539
-0.06258461538461538
-0.03400430769230769
-0.010848
-0.01043076923076923
0.008761846153846153
0.017940923076923077
0.012934153846153845
0.01397723076923077
-0.005424
-0.014185846153846153
-0.016272
-0.03212676923076923
-0.03233538461538461
-0.03233538461538461
-0.013768615384615384
0.028163076923076923
0.06216738461538462
0.09471138461538461
0.10493353846153847
0.11599015384615384
0.13393107692307693
0.12245723076923076
0.09763200000000001
0.05403138461538461
0.015646153846153844
-0.009387692307692307
-0.03692492307692308
-0.03942830769230769
-0.029832
-0.008970461538461538
0.020652923076923076
0.042974769230769226
0.07384984615384615
0.1028473846153846
0.11953661538461538
0.11244369230769231
0.0828203076923077
0.04902461538461538
0.011265230769230769
-0.017523692307692306
-0.035464615384615386
-0.051319384615384614
-0.06550523076923077
-0.06070707692307692
-0.020652923076923076
0.04130584615384615
0.10096984615384616
0.1570873846153846
0.20861538461538462
0.24658338461538462
0.2722430769230769
0.2605606153846154
0.21633415384615384
0.15395815384615386
0.07614461538461538
0.00855323076923077
-0.04526953846153846
-0.08949599999999999
-0.10994030769230768
-0.10535076923076922
-0.07843938461538462
-0.031709538461538456
0.03045784615384615
0.09700615384615385
0.1462393846153846
0.18086953846153844
0.19338646153846153
0.18775384615384613
0.1783661538461538
0.1476996923076923
0.09325107692307691
0.020027076923076922
-0.06571384615384615
-0.13351384615384615
-0.18232984615384615
-0.21195323076923075
-0.22447015384615385
-0.24074215384615386
-0.22676492307692306
-0.17544553846153846
-0.10368184615384615
-0.02482523076923077
0.026702769230769228
0.06279323076923077
0.09450276923076922
0.11140061538461538
0.10326461538461539
0.06362769230769232
-0.007927384615384614
-0.09971815384615385
-0.17982646153846152
-0.23406646153846156
-0.25951753846153847
-0.25701415384615384
-0.22989415384615383
-0.1842073846153846
-0.10910584615384614
-0.014394461538461538
0.06571384615384615
0.12829846153846153
0.165432
0.1800350769230769
0.17169046153846151
0.14331876923076922
0.11599015384615384
0.07781353846153846
0.021278769230769233
-0.02357353846153846
-0.053614153846153846
-0.07134646153846153
-0.07677046153846154
-0.08302892307692307
-0.07405846153846153
-0.050067692307692306
-0.015646153846153844
0.03504738461538461
0.08574092307692306
0.12454338461538461
0.15646153846153846
0.17544553846153846
0.17711446153846155
0.14916
0.0974233846153846
0.032544
-0.03108369230769231
-0.07614461538461538
-0.11870215384615385
-0.14415323076923076
-0.15896492307692306
-0.1597993846153846
-0.12558646153846154
-0.08094276923076923
-0.029623384615384614
0.022947692307692308
0.06362769230769232
0.10326461538461539
0.1353913846153846
0.165432
0.19672430769230767
0.19735015384615384
0.1710646153846154
0.12955015384615384
0.0855323076923077
0.04985907692307692
0.0029206153846153843
-0.04860738461538461
-0.08949599999999999
-0.11911938461538461
-0.10952307692307692
-0.073224
-0.021487384615384613
0.04172307692307692
0.08845292307692308
0.14123261538461537
0.1883796923076923
0.21779446153846155
0.22300984615384614
0.1860849230769231
0.130176
0.06487938461538462
0.006258461538461538
-0.040054153846153843
-0.07802215384615384
-0.09700615384615385
-0.1028473846153846
-0.08761846153846153
-0.04902461538461538
-0.007927384615384614
0.026285538461538457
0.047981538461538464
0.07155507692307693
0.09930092307692308
0.1136953846153846
0.12120553846153845
0.10430769230769231
0.08073415384615384
0.06654830769230768
0.06154153846153846
0.07572738461538461
0.0853236923076923
0.092208
0.10117846153846152
0.11891076923076922
0.1476996923076923
0.1718990769230769
0.17711446153846155
0.15938215384615384
0.12725538461538463
0.09053907692307692
0.05528307692307692
0.02044430769230769
-0.010013538461538461
-0.026285538461538457
-0.018983999999999997
0.01043076923076923
0.054240000000000003
0.09262523076923077
0.11306953846153844
0.1218313846153846
0.11327815384615383
0.09408553846153846
0.061124307692307686
0.012099692307692308
-0.03775938461538462
-0.0934596923076923
-0.13267938461538462
-0.146448
-0.14394461538461537
-0.13184492307692308
-0.11390399999999999
-0.0798996923076923
-0.03984553846153846
-0.005215384615384615
0.02273907692307692
0.04380923076923077
0.059872615384615385
0.06905169230769231
0.07092923076923077
0.07009476923076922
0.06049846153846154
0.045895384615384616
0.026702769230769228
0.0006258461538461538
-0.016897846153846156
-0.03838523076923077
-0.06529661538461538
-0.09596307692307693
-0.11494707692307692
-0.10952307692307692
-0.1045163076923077
-0.08490646153846154
-0.05757784615384615
-0.024408000000000003
0.015020307692307692
0.051319384615384614
0.08907876923076924
0.10535076923076922
0.11390399999999999
0.11849353846153846
0.11327815384615383
0.08720123076923077
0.03421292307692308
-0.03066646153846154
-0.09867507692307692
-0.15291507692307693
-0.18942276923076923
-0.20423446153846153
-0.20256553846153844
-0.1783661538461538
-0.12621230769230768
-0.05444861538461539
0.033169846153846154
0.11390399999999999
0.17252492307692308
0.21049292307692305
0.21716861538461538
0.1867107692307692
0.13601723076923075
0.06613107692307692
-0.021696
-0.11202646153846153
-0.1873366153846154
-0.2273907692307692
-0.23072861538461537
-0.19964492307692308
-0.14311015384615386
-0.06842584615384616
0.021904615384615383
0.1178676923076923
0.20298276923076922
0.25701415384615384
0.26619323076923074
0.23615261538461538
0.19755876923076923
0.14164984615384615
0.0744756923076923
0.011265230769230769
-0.042974769230769226
-0.07739630769230768
-0.100344
-0.09721476923076922
-0.08323753846153846
-0.059038153846153844
-0.01856676923076923
0.025659692307692307
0.07697907692307693
0.11265230769230769
0.12579507692307693
0.11098338461538461
0.07677046153846154
0.040679999999999994
-0.0025033846153846152
-0.044435076923076924
-0.09930092307692308
-0.15333230769230768
-0.1846246153846154
-0.18921415384615384
-0.1733593846153846
-0.15520984615384617
-0.1341396923076923
-0.1136953846153846
-0.08866153846153846
-0.05611753846153846
-0.027745846153846152
-0.013142769230769229
-0.021070153846153846
-0.05444861538461539
-0.10430769230769231
-0.1652233846153846
-0.23281476923076924
-0.30416123076923074
-0.2851772307692308
-0.19964492307692308
-0.04902461538461538
0.19046584615384615
0.39741230769230773
0.625428923076923
0.7969107692307692
0.9043476923076923
0.9239575384615385
0.7764664615384615
0.5730664615384615
0.2926873846153846
-0.009804923076923077
-0.2805876923076923
-0.499008
-0.6273064615384616
-0.6713243076923077
-0.5976830769230769
-0.4253667692307692
-0.192552
0.08866153846153846
0.3410861538461538
0.508812923076923
0.5739009230769231
0.4923323076923077
0.3577753846153846
0.1635544615384615
-0.11035753846153845
-0.3475532307692307
-0.574944
-0.6782086153846154
-0.625428923076923
-0.497964923076923
-0.27850153846153847
-0.09074769230769231
0.06738276923076922
0.21508246153846153
0.2868461538461538
0.2970683076923077
0.2290596923076923
0.11849353846153846
0.042348923076923076
-0.005424
-0.018358153846153843
-0.024408000000000003
-0.043392
-0.04547815384615384
-0.07238953846153846
-0.09554584615384615
-0.11640738461538462
-0.14999446153846155
-0.14916
-0.1597993846153846
-0.16981292307692308
-0.16042523076923076
-0.1712732307692308
-0.16000799999999998
-0.14436184615384615
-0.12913292307692306
-0.055491692307692304
0.04547815384615384
0.17023015384615386
0.2832996923076923
0.32836061538461536
0.3047870769230769
0.214248
0.08615815384615384
-0.07677046153846154
-0.25200738461538463
-0.3873987692307692
-0.4539470769230769
-0.4017932307692308
-0.2670276923076923
-0.08887015384615385
0.12120553846153845
0.29644246153846154
0.45060923076923076
0.5505359999999999
0.5544996923076924
0.49108061538461534
0.36632861538461536
0.21654276923076923
0.06592246153846154
-0.0828203076923077
-0.20339999999999997
-0.2858030769230769
-0.3229366153846154
-0.31751261538461534
-0.27620676923076926
-0.19296923076923078
-0.092208
0.023364923076923075
0.13080184615384613
0.20360861538461536
0.25659692307692306
0.2632726153846154
0.2342750769230769
0.17252492307692308
0.06675692307692307
-0.010013538461538461
-0.040679999999999994
-0.03588184615384615
0.006675692307692307
0.058412307692307694
0.12308307692307692
0.1927606153846154
0.24846092307692308
0.27850153846153847
0.2705741538461538
0.22822523076923076
0.16209415384615386
0.09596307692307693
0.03880246153846154
-0.00855323076923077
-0.03650769230769231
-0.04047138461538462
-0.01668923076923077
0.04631261538461538
0.11223507692307692
0.15228923076923076
0.1783661538461538
0.16292861538461537
0.13059323076923077
0.07739630769230768
-0.010639384615384617
-0.09554584615384615
-0.1883796923076923
-0.26452430769230767
-0.31041969230769234
-0.3241883076923077
-0.2891409230769231
-0.22697353846153845
-0.13747753846153846
-0.020027076923076922
0.11098338461538461
0.238656
0.3291950769230769
0.3669544615384615
0.3502652307692307
0.2799618461538461
0.19380369230769232
0.09283384615384616
-0.021696
-0.11682461538461539
-0.2073636923076923
-0.2478350769230769
-0.2157083076923077
-0.13872923076923074
-0.019192615384615384
0.09533723076923077
0.19735015384615384
0.28809784615384615
0.3475532307692307
0.3752990769230769
0.360696
0.31188
0.24637476923076923
0.16730953846153845
0.08636676923076922
0.0012516923076923076
-0.08636676923076922
-0.16105107692307694
-0.2207150769230769
-0.24303692307692307
-0.24720923076923076
-0.252216
-0.22947692307692308
-0.19881046153846152
-0.15416676923076922
-0.08177723076923075
-0.008136
0.06884307692307692
0.138312
0.18796246153846152
0.23281476923076924
0.2659846153846154
0.28893230769230765
0.2997803076923077
0.2753723076923077
0.22572184615384616
0.15500123076923078
0.06154153846153846
-0.04860738461538461
-0.16501476923076921
-0.2666104615384615
-0.33295015384615384
-0.3383741538461538
-0.28788923076923073
-0.19985353846153847
-0.0798996923076923
0.05069353846153846
0.17481969230769231
0.2720344615384615
0.3114627692307692
0.301032
0.24428861538461538
0.1504116923076923
0.04380923076923077
-0.07218092307692307
-0.18712800000000002
-0.2858030769230769
-0.3510996923076923
-0.36904061538461536
-0.33023815384615385
-0.24303692307692307
-0.13080184615384613
-0.004798153846153846
0.11828492307692307
0.22551323076923077
0.30416123076923074
0.3304467692307692
0.30186646153846153
0.22780799999999998
0.12788123076923075
0.02211323076923077
-0.07760492307692309
-0.15959076923076923
-0.21445661538461538
-0.23844738461538462
-0.23072861538461537
-0.19067446153846154
-0.130176
-0.06717415384615384
-0.010639384615384617
0.03275261538461539
0.06216738461538462
0.07948246153846153
0.07384984615384615
0.04568676923076923
0.005215384615384615
-0.03984553846153846
-0.065088
-0.06613107692307692
-0.05820369230769231
-0.047981538461538464
-0.04547815384615384
-0.05048492307692308
-0.054240000000000003
-0.05507446153846154
-0.05653476923076922
-0.06008123076923077
-0.05611753846153846
-0.026911384615384615
0.023364923076923075
0.08866153846153846
0.1543753846153846
0.19735015384615384
0.22342707692307692
0.2330233846153846
0.22780799999999998
0.19735015384615384
0.13330523076923076
0.04902461538461538
-0.03504738461538461
-0.09867507692307692
-0.13497415384615385
-0.143736
-0.1368516923076923
-0.11077476923076923
-0.06654830769230768
-0.011473846153846154
0.04526953846153846
0.08824430769230769
0.111192
0.10848000000000001
0.07843938461538462
0.02795446153846154
-0.03400430769230769
-0.10263876923076923
-0.1506203076923077
-0.17481969230769231
-0.17273353846153844
-0.1353913846153846
-0.07781353846153846
-0.005841230769230769
0.06154153846153846
0.13101046153846155
0.19839323076923077
0.24866953846153847
0.2751636923076923
0.2655673846153846
0.23239753846153846
0.1783661538461538
0.11140061538461538
0.050067692307692306
-0.015228923076923076
-0.07051199999999999
-0.10493353846153847
-0.11682461538461539
-0.09909230769230769
-0.07301538461538462
-0.04318338461538461
-0.012934153846153845
0.014185846153846153
0.04819015384615385
0.06884307692307692
0.06550523076923077
0.03880246153846154
-0.010639384615384617
-0.05444861538461539
-0.08866153846153846
-0.11286092307692308
-0.12287446153846153
-0.13872923076923074
-0.13998092307692306
-0.130176
-0.11578153846153846
-0.09533723076923077
-0.09408553846153846
-0.09012184615384615
-0.0798996923076923
-0.05862092307692307
-0.027328615384615382
0.004589538461538461
0.04401784615384615
0.07280676923076923
0.10159569230769232
0.12537784615384615
0.12725538461538463
0.11390399999999999
0.07531015384615385
0.021696
-0.02232184615384615
-0.061750153846153844
-0.0880356923076923
-0.10910584615384614
-0.1353913846153846
-0.154584
-0.15938215384615384
-0.13914646153846155
-0.1070196923076923
-0.07280676923076923
-0.03108369230769231
0.026076923076923077
0.09784061538461537
0.15875630769230767
0.19839323076923077
0.200688
0.15896492307692306
0.09763200000000001
0.023364923076923075
-0.050067692307692306
-0.11745046153846153
-0.17023015384615386
-0.19046584615384615
-0.165432
-0.09992676923076924
-0.008970461538461538
0.10535076923076922
0.2194633846153846
0.31897292307692304
0.3890676923076923
0.4188996923076923
0.40346215384615386
0.33378461538461535
0.22280123076923075
0.08824430769230769
-0.05590892307692308
-0.18858830769230767
-0.29685969230769227
-0.37738523076923075
-0.4147273846153846
-0.3949089230769231
-0.31041969230769234
-0.1804523076923077
-0.028371692307692306
0.11640738461538462
0.24303692307692307
0.347136
0.4036707692307692
0.41076369230769233
0.3613218461538461
0.26723630769230766
0.1506203076923077
0.020652923076923076
-0.0961716923076923
-0.19609846153846153
-0.2734947692307692
-0.306456
-0.3031181538461538
-0.2563883076923077
-0.1666836923076923
-0.045895384615384616
0.07969107692307692
0.1927606153846154
0.29727692307692305
0.3790541538461539
0.4262012307692308
0.42265476923076917
0.376968
0.28768061538461537
0.15270646153846154
0.003129230769230769
-0.14603076923076924
-0.2751636923076923
-0.3775938461538461
-0.43663199999999996
-0.428496
-0.37425600000000003
-0.2860116923076923
-0.1785747692307692
-0.058829538461538454
0.08574092307692306
0.22405292307692307
0.33315876923076926
0.39282276923076925
0.37926276923076924
0.31229723076923077
0.21070153846153844
0.09095630769230768
-0.030040615384615384
-0.1558356923076923
-0.2643156923076923
-0.3210590769230769
-0.31396615384615384
-0.24658338461538462
-0.1476996923076923
-0.02044430769230769
0.11703323076923078
0.24866953846153847
0.3636166153846153
0.4376750769230769
0.4647950769230769
0.4239064615384615
0.33295015384615384
0.22321846153846153
0.09930092307692308
-0.010222153846153844
-0.09846646153846153
-0.17148184615384612
-0.20277415384615383
-0.1994363076923077
-0.16188553846153847
-0.09450276923076922
-0.020027076923076922
0.06154153846153846
0.12245723076923076
0.17231630769230769
0.21779446153846155
0.23782153846153845
0.23010276923076922
0.18545907692307692
0.124752
0.058829538461538454
-0.018775384615384614
-0.09325107692307691
-0.15687876923076924
-0.19651569230769228
-0.1942209230769231
-0.16167692307692308
-0.09012184615384615
-0.002086153846153846
0.06467076923076923
0.12913292307692306
0.17461107692307692
0.21195323076923075
0.22300984615384614
0.19338646153846153
0.12037107692307693
-0.0012516923076923076
-0.09763200000000001
-0.17419384615384614
-0.21362215384615382
-0.21508246153846153
-0.19463815384615382
-0.11432123076923076
0.009387692307692307
0.18358153846153846
0.30979384615384614
0.37926276923076924
0.4072172307692307
0.35568923076923076
0.2699483076923077
0.14290153846153844
0.013351384615384614
-0.16793538461538463
-0.3252313846153846
-0.40888615384615384
-0.4641692307692307
-0.4170221538461538
-0.33065538461538463
-0.19296923076923078
-0.016480615384615385
0.17023015384615386
0.3740473846153846
0.5017199999999999
0.5553341538461538
0.5202867692307692
0.3988726153846154
0.23531815384615382
0.03713353846153846
-0.13893784615384613
-0.30249230769230767
-0.4476886153846154
-0.5140283076923077
-0.5067267692307692
-0.4178566153846154
-0.2814221538461538
-0.1358086153846154
0.02273907692307692
0.11891076923076922
0.18796246153846152
0.2503384615384615
0.260352
0.2436627692307692
0.18107815384615383
0.111192
0.03963692307692308
-0.04422646153846154
-0.103056
-0.14269292307692305
-0.15750461538461538
-0.14164984615384615
-0.09846646153846153
-0.034630153846153845
0.02482523076923077
0.07364123076923076
0.116616
0.13497415384615385
0.1489513846153846
0.16876984615384616
0.18942276923076923
0.21195323076923075
0.22822523076923076
0.2411593846153846
0.2369870769230769
0.21487384615384614
0.1829556923076923
0.11974523076923077
0.033169846153846154
-0.05716061538461538
-0.1462393846153846
-0.21779446153846155
-0.268488
-0.28955815384615385
-0.2638984615384615
-0.1910916923076923
-0.10263876923076923
-0.017315076923076923
0.06529661538461538
0.12704676923076924
0.154584
0.15520984615384617
0.12642092307692307
0.053405538461538456
-0.030875076923076922
-0.10722830769230769
-0.18525046153846153
-0.25972615384615383
-0.30583015384615386
-0.29915446153846154
-0.24449723076923074
-0.1476996923076923
-0.03233538461538461
0.08115138461538463
0.1908830769230769
0.2776670769230769
0.32627446153846157
0.3319070769230769
0.2920615384615385
0.20465169230769228
0.08344615384615384
-0.03629907692307692
-0.1356
-0.20402584615384614
-0.23156307692307693
-0.21341353846153846
-0.15750461538461538
-0.06529661538461538
0.043600615384615383
0.14561353846153846
0.22593046153846155
0.25659692307692306
0.25117292307692307
0.2127876923076923
0.14311015384615386
0.07051199999999999
0.003755076923076923
-0.054657230769230764
-0.09846646153846153
-0.12662953846153846
-0.13038461538461538
-0.11035753846153845
-0.07843938461538462
-0.029414769230769227
0.016897846153846156
0.05653476923076922
0.08177723076923075
0.06821723076923077
0.03588184615384615
-0.011682461538461537
-0.05507446153846154
-0.08240307692307691
-0.10806276923076923
-0.11432123076923076
-0.10555938461538462
-0.09053907692307692
-0.07009476923076922
-0.048816000000000005
-0.028163076923076923
-0.02211323076923077
-0.018358153846153843
-0.013560000000000001
-0.02211323076923077
-0.03483876923076923
-0.049233230769230765
-0.05382276923076923
-0.044435076923076924
-0.02357353846153846
0.007301538461538462
0.03483876923076923
0.05507446153846154
0.06800861538461538
0.07280676923076923
0.07468430769230769
0.06133292307692308
0.03400430769230769
-0.0006258461538461538
-0.0446436923076923
-0.07426707692307692
-0.08991323076923076
-0.09137353846153846
-0.08052553846153847
-0.06550523076923077
-0.044435076923076924
-0.010013538461538461
0.03629907692307692
0.06633969230769231
0.07030338461538461
0.05611753846153846
0.026702769230769228
-0.005424
-0.03296123076923077
-0.06988615384615385
-0.11599015384615384
-0.15917353846153848
-0.18337292307692307
-0.1760713846153846
-0.14436184615384615
-0.09554584615384615
-0.040262769230769234
0.016897846153846156
0.07802215384615384
0.13038461538461538
0.15959076923076923
0.15917353846153848
0.1316363076923077
0.09241661538461539
0.054657230769230764
0.028163076923076923
0.013560000000000001
0.0016689230769230767
0.009596307692307692
0.03671630769230769
0.0892873846153846
0.16271999999999998
0.22405292307692307
0.2655673846153846
0.2768326153846154
0.26619323076923074
0.2436627692307692
0.20319138461538463
0.14540492307692307
0.07092923076923077
-0.006049846153846154
-0.06571384615384615
-0.09596307692307693
-0.10263876923076923
-0.08845292307692308
-0.05382276923076923
-0.004798153846153846
0.06133292307692308
0.13893784615384613
0.20360861538461536
0.23177169230769232
0.21696000000000001
0.1706473846153846
0.100344
0.013351384615384614
-0.08344615384615384
-0.1860849230769231
-0.26640184615384616
-0.30520430769230766
-0.2853858461538461
-0.21445661538461538
-0.11599015384615384
-0.0035464615384615383
0.10263876923076923
0.1942209230769231
0.2628553846153846
0.2868461538461538
0.25138153846153843
0.15875630769230767
0.040262769230769234
-0.06341907692307691
-0.15145476923076923
-0.2154996923076923
-0.25117292307692307
-0.26535876923076923
-0.24720923076923076
-0.18921415384615384
-0.09450276923076922
0.004798153846153846
0.08594953846153845
0.14749107692307692
0.18858830769230767
0.214248
0.21800307692307694
0.184416
0.11640738461538462
0.03921969230769231
-0.03567323076923076
-0.09283384615384616
-0.12725538461538463
-0.1422756923076923
-0.13393107692307693
-0.0988836923076923
-0.025659692307692307
0.06195876923076923
0.1397723076923077
0.18858830769230767
0.20298276923076922
0.200688
0.18086953846153844
0.1422756923076923
0.092208
0.027328615384615382
-0.03838523076923077
-0.07656184615384615
-0.07572738461538461
-0.040262769230769234
0.004589538461538461
0.04172307692307692
0.073224
0.09596307692307693
0.11056615384615384
0.11056615384615384
0.07927384615384615
0.025659692307692307
-0.028788923076923077
-0.06300184615384616
-0.07072061538461538
-0.05653476923076922
-0.026076923076923077
0.011056615384615385
0.052571076923076915
0.09512861538461538
0.143736
0.1785747692307692
0.1856676923076923
0.16793538461538463
0.1314276923076923
0.08490646153846154
0.02858030769230769
-0.02315630769230769
-0.06738276923076922
-0.10263876923076923
-0.11703323076923078
-0.10389046153846154
-0.07426707692307692
-0.04318338461538461
-0.01397723076923077
0.01710646153846154
0.04839876923076923
0.06988615384615385
0.07468430769230769
0.04214030769230769
-0.013142769230769229
-0.07238953846153846
-0.11599015384615384
-0.13330523076923076
-0.14582215384615385
-0.14811692307692306
-0.12662953846153846
-0.08448923076923077
-0.026285538461538457
0.037342153846153844
0.08615815384615384
0.11327815384615383
0.10868861538461538
0.08240307692307691
0.042974769230769226
-0.012308307692307691
-0.06800861538461538
-0.11348676923076922
-0.12996738461538462
-0.11056615384615384
-0.06404492307692307
0.004798153846153846
0.0853236923076923
0.16292861538461537
0.23782153846153845
0.2943563076923077
0.32314523076923074
0.31188
0.2480436923076923
0.15938215384615384
0.06049846153846154
-0.029623384615384614
-0.09784061538461537
-0.14164984615384615
-0.15687876923076924
-0.14311015384615386
-0.09179076923076923
-0.01856676923076923
0.05194523076923077
0.10493353846153847
0.13622584615384614
0.14665661538461539
0.1368516923076923
0.11536430769230768
0.08302892307692307
0.027745846153846152
-0.028371692307692306
-0.05820369230769231
-0.07551876923076924
-0.07802215384615384
-0.07051199999999999
-0.05757784615384615
-0.027328615384615382
0.007510153846153846
0.03963692307692308
0.06404492307692307
0.06967753846153846
0.06592246153846154
0.05778646153846154
0.05570030769230769
0.06008123076923077
0.06675692307692307
0.08428061538461538
0.09304246153846155
0.10535076923076922
0.12016246153846154
0.11348676923076922
0.08824430769230769
0.035255999999999996
-0.040054153846153843
-0.124752
-0.20652923076923077
-0.268488
-0.3170953846153846
-0.3412947692307692
-0.3137575384615385
-0.24449723076923074
-0.13872923076923074
-0.008761846153846153
0.11828492307692307
0.21925476923076925
0.2837169230769231
0.31626092307692305
0.295608
0.21529107692307692
0.09721476923076922
-0.04839876923076923
-0.18483323076923078
-0.2924787692307692
-0.36027876923076924
-0.36904061538461536
-0.32836061538461536
-0.22467876923076924
-0.07343261538461537
0.08615815384615384
0.24074215384615386
0.3573581538461538
0.42787015384615384
0.4541556923076923
0.42494953846153843
0.3508910769230769
0.2355267692307692
0.09700615384615385
-0.04047138461538462
-0.1585476923076923
-0.2426196923076923
-0.2962338461538461
-0.30895938461538464
-0.273912
-0.20027076923076922
-0.09909230769230769
0.017940923076923077
0.12683815384615382
0.21320492307692307
0.2655673846153846
0.2858030769230769
0.2849686153846154
0.24345415384615382
0.1804523076923077
0.10055261538461538
0.014394461538461538
-0.04401784615384615
-0.08094276923076923
-0.08574092307692306
-0.08302892307692307
-0.08428061538461538
-0.06592246153846154
-0.04756430769230769
-0.02524246153846154
-0.0043809230769230765
0.004798153846153846
0.018775384615384614
0.024616615384615383
0.043600615384615383
0.059872615384615385
0.05799507692307692
0.061750153846153844
0.04965046153846154
0.04109723076923077
0.026702769230769228
-0.008136
-0.04318338461538461
-0.09554584615384615
-0.14477907692307693
-0.17565415384615385
-0.18858830769230767
-0.1794092307692308
-0.15124615384615384
-0.11452984615384615
-0.06404492307692307
-0.02858030769230769
0.002086153846153846
0.018983999999999997
0.005215384615384615
-0.018775384615384614
-0.08052553846153847
-0.10222153846153846
-0.11035753846153845
-0.06905169230769231
0.03755076923076923
0.21779446153846155
0.4128498461538462
0.5547083076923077
0.7472603076923077
0.8544886153846153
0.9272953846153846
0.8617901538461538
0.6377372307692307
0.34963938461538463
-0.059038153846153844
-0.40930338461538457
-0.7881489230769231
-1.103158153846154
-1.2763089230769231
-1.3286713846153846
-1.1188043076923078
-0.7743803076923077
-0.27599815384615384
0.2822566153846154
0.7593599999999999
1.1807630769230768
1.4073193846153846
1.4377772307692307
1.2519009230769231
0.8221532307692307
0.3072904615384615
-0.29101846153846156
-0.8768104615384615
-1.2848621538461538
-1.564824
-1.6023747692307693
-1.430892923076923
-1.110251076923077
-0.6095741538461538
-0.07739630769230768
0.4977563076923077
1.0236756923076924
1.3797821538461539
1.5662843076923076
1.5385384615384614
1.3343040000000002
0.973608
0.48398769230769234
-0.042348923076923076
-0.5661821538461538
-0.9913403076923076
-1.2606627692307693
-1.3835372307692306
-1.329505846153846
-1.1311126153846154
-0.808176
-0.39595199999999997
0.018775384615384614
0.41681353846153846
0.7535187692307692
0.9631772307692307
1.0887636923076924
1.0923101538461537
0.9767372307692308
0.7725027692307692
0.47063630769230763
0.13768615384615385
-0.2290596923076923
-0.5789076923076923
-0.8728467692307691
-1.0789587692307692
-1.1680375384615385
-1.1657427692307691
-1.015331076923077
-0.7280676923076923
-0.34463261538461537
0.12725538461538463
0.5981003076923076
1.0188775384615383
1.3449433846153847
1.5107926153846154
1.517051076923077
1.3247076923076921
0.9531636923076923
0.47647753846153845
-0.06675692307692307
-0.5930935384615384
-1.0434941538461537
-1.373315076923077
-1.5291507692307693
-1.4968153846153847
-1.27464
-0.8834861538461539
-0.36027876923076924
0.23677846153846152
0.8067156923076922
1.2731796923076923
1.5835993846153844
1.6789366153846155
1.5662843076923076
1.2408443076923077
0.747468923076923
0.18983999999999998
-0.3784283076923077
-0.8632504615384615
-1.2189396923076923
-1.422131076923077
-1.4258861538461538
-1.2479372307692307
-0.9055993846153846
-0.4460196923076923
0.05382276923076923
0.5250849230769231
0.8955858461538462
1.1400830769230768
1.2429304615384615
1.1863956923076922
0.9746510769230768
0.6331476923076923
0.2275993846153846
-0.18086953846153844
-0.5378104615384616
-0.8008744615384615
-0.9690184615384615
-1.034940923076923
-0.9894627692307691
-0.8338356923076924
-0.5960141538461537
-0.31354892307692306
-0.02858030769230769
0.23135446153846154
0.4518609230769231
0.6008123076923076
0.680712
0.680712
0.6028984615384615
0.4754344615384615
0.30583015384615386
0.13372246153846154
-0.03942830769230769
-0.21341353846153846
-0.37258707692307685
-0.5021372307692308
-0.5691027692307692
-0.576612923076923
-0.513611076923077
-0.4026276923076923
-0.26640184615384616
-0.0936683076923077
0.10535076923076922
0.3291950769230769
0.5350984615384615
0.673619076923077
0.737664
0.7149249230769231
0.6245944615384615
0.48294461538461536
0.2845513846153846
0.054240000000000003
-0.18900553846153845
-0.39678646153846153
-0.5294658461538462
-0.5987261538461538
-0.5970572307692308
-0.52884
-0.40513107692307687
-0.22113230769230768
0.0
0.22655630769230767
0.4211944615384615
0.5524135384615385
0.626472
0.6314787692307692
0.5759870769230769
0.4762689230769231
0.31855569230769226
0.1368516923076923
-0.037967999999999995
-0.16710092307692306
-0.2238443076923077
-0.23406646153846156
-0.20444307692307692
-0.14978584615384616
-0.07885661538461539
0.009596307692307692
0.0936683076923077
0.14832553846153845
0.16188553846153847
0.14603076923076924
0.12579507692307693
0.11035753846153845
0.10201292307692307
0.0892873846153846
0.0771876923076923
0.08386338461538462
0.09325107692307691
0.10493353846153847
0.10368184615384615
0.07030338461538461
0.01272553846153846
-0.05319692307692307
-0.11035753846153845
-0.15208061538461537
-0.17732307692307692
-0.18253846153846154
-0.1612596923076923
-0.1136953846153846
-0.021904615384615383
0.09971815384615385
0.21842030769230766
0.31772123076923076
0.3734215384615384
0.3924055384615385
0.3692492307692308
0.2981113846153846
0.1846246153846154
0.030875076923076922
-0.13247076923076923
-0.27620676923076926
-0.376968
-0.4159790769230769
-0.4134756923076923
-0.3642424615384615
-0.25972615384615383
-0.11974523076923077
0.042974769230769226
0.18525046153846153
0.2822566153846154
0.3241883076923077
0.3047870769230769
0.235944
0.12308307692307692
-0.027328615384615382
-0.1927606153846154
-0.34358953846153845
-0.4443507692307692
-0.48419630769230765
-0.469176
-0.3972036923076923
-0.28851507692307693
-0.14582215384615385
0.003963692307692307
0.13726892307692307
0.23239753846153846
0.26348123076923075
0.2588916923076923
0.2236356923076923
0.16271999999999998
0.0974233846153846
0.02232184615384615
-0.041514461538461535
-0.086784
-0.12245723076923076
-0.11828492307692307
-0.09554584615384615
-0.06487938461538462
-0.018775384615384614
0.021904615384615383
0.07051199999999999
0.11432123076923076
0.1462393846153846
0.16897846153846155
0.15792184615384616
0.1353913846153846
0.10952307692307692
0.08386338461538462
0.06800861538461538
0.035464615384615386
0.011891076923076923
0.003755076923076923
0.005215384615384615
0.008761846153846153
-0.005424
-0.011891076923076923
-0.01856676923076923
-0.02044430769230769
-0.0050067692307692304
0.014394461538461538
0.04401784615384615
0.08887015384615385
0.14519630769230768
0.19609846153846153
0.22843384615384613
0.23656984615384613
0.21821169230769227
0.154584
0.07384984615384615
-0.003129230769230769
-0.08824430769230769
-0.16042523076923076
-0.21633415384615384
-0.2275993846153846
-0.19860184615384616
-0.1356
-0.035464615384615386
0.06967753846153846
0.17440246153846153
0.25930892307692305
0.3152178461538461
0.33587076923076925
0.29581661538461534
0.1990190769230769
0.07802215384615384
-0.047772923076923074
-0.15333230769230768
-0.23010276923076922
-0.28267384615384616
-0.29039261538461536
-0.2578486153846154
-0.16730953846153845
-0.033169846153846154
0.10576799999999999
0.24032492307692307
0.3346190769230769
0.3848953846153846
0.39344861538461534
0.347136
0.24199384615384617
0.09679753846153846
-0.05820369230769231
-0.19839323076923077
-0.3133403076923077
-0.3944916923076923
-0.4214030769230769
-0.384060923076923
-0.2979027692307692
-0.1733593846153846
-0.0070929230769230765
0.1558356923076923
0.28893230769230765
0.371544
0.3909452307692307
0.36549415384615386
0.2851772307692308
0.16501476923076921
0.016897846153846156
-0.14290153846153844
-0.2845513846153846
-0.3838523076923077
-0.41994276923076923
-0.3919883076923077
-0.31542646153846154
-0.19463815384615382
-0.03233538461538461
0.14999446153846155
0.3246055384615385
0.4456024615384615
0.5096473846153846
0.5106904615384615
0.4547815384615384
0.35986153846153845
0.21883753846153844
0.06487938461538462
-0.0963803076923077
-0.2399076923076923
-0.32982092307692307
-0.3775938461538461
-0.38593846153846156
-0.3682061538461538
-0.3291950769230769
-0.268488
-0.18983999999999998
-0.09450276923076922
0.0002086153846153846
0.08177723076923075
0.1368516923076923
0.16438892307692307
0.17523692307692307
0.16188553846153847
0.11181784615384616
0.03629907692307692
-0.06195876923076923
-0.16021661538461537
-0.24199384615384617
-0.3160523076923077
-0.3611132307692308
-0.39261415384615383
-0.3890676923076923
-0.33587076923076925
-0.249504
-0.13101046153846155
-0.012308307692307691
0.09679753846153846
0.19651569230769228
0.28163076923076924
0.3385827692307692
0.3558978461538462
0.31688676923076925
0.23490092307692306
0.12370892307692308
-0.001043076923076923
-0.11286092307692308
-0.22634769230769228
-0.30937661538461536
-0.3510996923076923
-0.3448412307692308
-0.2722430769230769
-0.16167692307692308
-0.02211323076923077
0.11953661538461538
0.2503384615384615
0.3698750769230769
0.4383009230769231
0.44998338461538456
0.40033292307692303
0.2926873846153846
0.16271999999999998
0.015020307692307692
-0.11765907692307691
-0.2225926153846154
-0.29414769230769233
-0.29873723076923075
-0.2526332307692308
-0.1502030769230769
-0.004589538461538461
0.14081538461538462
0.2764153846153846
0.3746732307692308
0.4353803076923077
0.4587452307692308
0.42953907692307686
0.3665372307692307
0.27620676923076926
0.17690584615384616
0.09158215384615384
0.02545107692307692
-0.013560000000000001
-0.028371692307692306
-0.029206153846153847
-0.010013538461538461
0.026494153846153844
0.065088
0.0963803076923077
0.10555938461538462
0.10055261538461538
0.08782707692307692
0.0678
0.06028984615384615
0.05403138461538461
0.04380923076923077
0.03421292307692308
0.03150092307692308
0.04985907692307692
0.06592246153846154
0.07343261538461537
0.06425353846153846
0.03755076923076923
0.0
-0.05277969230769231
-0.10806276923076923
-0.15374953846153847
-0.1794092307692308
-0.17315076923076922
-0.14394461538461537
-0.10201292307692307
-0.05236246153846154
-0.03108369230769231
0.002086153846153846
0.042974769230769226
0.07927384615384615
0.09784061538461537
0.0771876923076923
0.046104
0.027328615384615382
0.016480615384615385
0.052153846153846155
0.15333230769230768
0.08344615384615384
-0.010848
-0.03504738461538461
-0.11390399999999999
-0.03442153846153846
-0.04672984615384615
-0.19213476923076922
-0.2628553846153846
-0.3383741538461538
-0.20861538461538462
-0.07364123076923076
-0.026911384615384615
0.006884307692307692
-0.02273907692307692
0.12037107692307693
0.2601433846153846
0.35318584615384613
0.32377107692307694
0.11327815384615383
0.01856676923076923
-0.10013538461538461
-0.16105107692307694
-0.17982646153846152
-0.3312812307692308
-0.32898646153846156
-0.35339446153846155
-0.3248141538461538
-0.11703323076923078
-0.05820369230769231
0.07113784615384615
0.17461107692307692
0.1558356923076923
0.24428861538461538
0.24303692307692307
0.25117292307692307
0.2647329230769231
0.11891076923076922
0.017315076923076923
-0.08949599999999999
-0.13726892307692307
-0.12120553846153845
-0.18983999999999998
-0.22342707692307692
-0.2436627692307692
-0.16188553846153847
0.0022947692307692304
0.06926030769230769
0.14018953846153845
0.17023015384615386
0.1908830769230769
0.2995716923076923
0.3241883076923077
0.33002953846153843
0.3116713846153846
0.21988061538461537
0.22572184615384616
0.19651569230769228
0.10222153846153846
0.023782153846153845
-0.10994030769230768
-0.19150892307692308
-0.21800307692307694
-0.2422024615384615
-0.21237046153846154
-0.14811692307692306
-0.05048492307692308
0.034630153846153845
0.13998092307692306
0.2415766153846154
0.26619323076923074
0.2993630769230769
0.25534523076923077
0.1637630769230769
0.09846646153846153
-0.016272
-0.10368184615384615
-0.19547261538461536
-0.2774584615384615
-0.2651501538461538
-0.25159015384615385
-0.20402584615384614
-0.12496061538461539
-0.06383630769230769
0.06070707692307692
0.19609846153846153
0.29352184615384613
0.3402516923076923
0.33065538461538463
0.3327415384615385
0.29727692307692305
0.2369870769230769
0.14018953846153845
-0.01397723076923077
-0.08365476923076923
-0.119328
-0.12683815384615382
-0.06049846153846154
-0.03713353846153846
0.013768615384615384
0.08824430769230769
0.10764553846153846
0.15228923076923076
0.15208061538461537
0.09825784615384614
0.05611753846153846
-0.013351384615384614
-0.06279323076923077
-0.09012184615384615
-0.10117846153846152
-0.08991323076923076
-0.07426707692307692
-0.0446436923076923
-0.044435076923076924
-0.04109723076923077
-0.03504738461538461
-0.06383630769230769
-0.07948246153846153
-0.11223507692307692
-0.14164984615384615
-0.11891076923076922
-0.1151556923076923
-0.11014892307692307
-0.09053907692307692
-0.08490646153846154
-0.016897846153846156
0.07092923076923077
0.11828492307692307
0.15520984615384617
0.143736
0.13893784615384613
0.1489513846153846
0.12412615384615384
0.09533723076923077
0.03650769230769231
-0.021904615384615383
-0.06863446153846153
-0.10868861538461538
-0.11411261538461538
-0.11327815384615383
-0.07572738461538461
-0.02211323076923077
0.0029206153846153843
0.053614153846153846
0.08010830769230769
0.0988836923076923
0.13101046153846155
0.0936683076923077
0.051528
0.0012516923076923076
-0.05486584615384615
-0.05528307692307692
-0.06383630769230769
-0.07405846153846153
-0.06633969230769231
-0.05736923076923077
-0.028788923076923077
-0.016063384615384615
-0.02211323076923077
-0.05590892307692308
-0.12308307692307692
-0.1710646153846154
-0.20339999999999997
-0.20047938461538461
-0.16313723076923078
-0.11953661538461538
-0.03713353846153846
0.0448523076923077
0.1218313846153846
0.20235692307692305
0.2261390769230769
0.21049292307692305
0.14603076923076924
0.03984553846153846
-0.05382276923076923
-0.14164984615384615
-0.222384
-0.28893230769230765
-0.33002953846153843
-0.30979384615384614
-0.21862892307692305
-0.08636676923076922
0.04672984615384615
0.157296
0.23782153846153845
0.2997803076923077
0.34630153846153844
0.3412947692307692
0.2864289230769231
0.20339999999999997
0.10326461538461539
0.015646153846153844
-0.04631261538461538
-0.09992676923076924
-0.12704676923076924
-0.12016246153846154
-0.09304246153846155
-0.030875076923076922
0.0448523076923077
0.11724184615384614
0.1733593846153846
0.18858830769230767
0.1777403076923077
0.15917353846153848
0.12245723076923076
0.07051199999999999
0.013768615384615384
-0.047772923076923074
-0.0892873846153846
-0.08720123076923077
-0.047981538461538464
0.010639384615384617
0.06154153846153846
0.0855323076923077
0.09846646153846153
0.10910584615384614
0.11160923076923077
0.10013538461538461
0.04631261538461538
-0.026911384615384615
-0.07113784615384615
-0.08135999999999999
-0.06300184615384616
-0.03713353846153846
-0.005215384615384615
0.027745846153846152
0.07197230769230768
0.13309661538461537
0.1779489230769231
0.1923433846153846
0.15520984615384617
0.07948246153846153
-0.003129230769230769
-0.078648
-0.14123261538461537
-0.18796246153846152
-0.22008923076923076
-0.22864246153846152
-0.19714153846153845
-0.14039815384615384
-0.04526953846153846
0.053614153846153846
0.11953661538461538
0.16772676923076923
0.17565415384615385
0.16251138461538459
0.12934153846153845
0.06279323076923077
-0.014394461538461538
-0.08845292307692308
-0.13768615384615385
-0.1558356923076923
-0.14749107692307692
-0.12516923076923075
-0.09387692307692307
-0.035464615384615386
0.0446436923076923
0.12162276923076921
0.19463815384615382
0.2355267692307692
0.24428861538461538
0.24408
0.21132738461538458
0.16730953846153845
0.10681107692307691
0.03400430769230769
-0.007301538461538462
-0.03442153846153846
-0.042557538461538466
-0.03588184615384615
-0.024616615384615383
-0.0050067692307692304
0.019192615384615384
0.04401784615384615
0.06279323076923077
0.06759138461538462
0.050067692307692306
0.02586830769230769
-0.002712
-0.021904615384615383
-0.025659692307692307
-0.025033846153846153
-0.01981846153846154
-0.021070153846153846
-0.010639384615384617
0.0022947692307692304
0.008761846153846153
0.025659692307692307
0.029832
0.03045784615384615
0.03421292307692308
0.03713353846153846
0.05194523076923077
0.05820369230769231
0.06216738461538462
0.07197230769230768
0.08240307692307691
0.09137353846153846
0.08386338461538462
0.05611753846153846
0.018358153846153843
-0.024616615384615383
-0.06487938461538462
-0.09784061538461537
-0.11452984615384615
-0.1097316923076923
-0.10117846153846152
-0.07760492307692309
-0.04735569230769231
-0.03066646153846154
-0.01668923076923077
-0.016063384615384615
-0.02023569230769231
-0.02023569230769231
-0.03629907692307692
-0.05736923076923077
-0.08094276923076923
-0.10681107692307691
-0.11223507692307692
-0.10159569230769232
-0.08386338461538462
-0.054240000000000003
-0.021487384615384613
0.014185846153846153
0.05090215384615384
0.08052553846153847
0.09658892307692307
0.09450276923076922
0.08302892307692307
0.06863446153846153
0.06133292307692308
0.054657230769230764
0.05444861538461539
0.07468430769230769
0.10806276923076923
0.15416676923076922
0.21320492307692307
0.2586830769230769
0.27975323076923075
0.2789187692307692
0.2480436923076923
0.19588984615384614
0.12370892307692308
0.04422646153846154
-0.03859384615384615
-0.11578153846153846
-0.16167692307692308
-0.16981292307692308
-0.13810338461538463
-0.08052553846153847
-0.006049846153846154
0.07426707692307692
0.14457046153846154
0.2056947692307692
0.23385784615384617
0.23177169230769232
0.20423446153846153
0.13247076923076923
0.05611753846153846
-0.010013538461538461
-0.06487938461538462
-0.0936683076923077
-0.10117846153846152
-0.07301538461538462
-0.02545107692307692
0.017523692307692306
0.052571076923076915
0.07572738461538461
0.08574092307692306
0.07739630769230768
0.04819015384615385
0.006258461538461538
-0.03984553846153846
-0.07739630769230768
-0.10055261538461538
-0.11411261538461538
-0.103056
-0.09074769230769231
-0.08386338461538462
-0.06821723076923077
-0.06362769230769232
-0.06195876923076923
-0.06759138461538462
-0.09387692307692307
-0.12099692307692309
-0.14811692307692306
-0.17628
-0.1867107692307692
-0.18253846153846154
-0.15374953846153847
-0.10931446153846153
-0.05236246153846154
0.02086153846153846
0.08490646153846154
0.1314276923076923
0.13998092307692306
0.119328
0.08240307692307691
0.030040615384615384
-0.019609846153846155
-0.06571384615384615
-0.10138707692307691
-0.1028473846153846
-0.07948246153846153
-0.03650769230769231
0.023364923076923075
0.07572738461538461
0.13080184615384613
0.1721076923076923
0.19735015384615384
0.19630707692307692
0.1585476923076923
0.11056615384615384
0.05027630769230769
-0.0006258461538461538
-0.04130584615384615
-0.08156861538461539
-0.10430769230769231
-0.11035753846153845
-0.09658892307692307
-0.06821723076923077
-0.032544
0.009804923076923077
0.03713353846153846
0.04547815384615384
0.04047138461538462
0.023990769230769232
0.003963692307692307
-0.029206153846153847
-0.07280676923076923
-0.10743692307692307
-0.11306953846153844
-0.0798996923076923
-0.02357353846153846
0.031709538461538456
0.08010830769230769
0.12350030769230769
0.16105107692307694
0.18149538461538461
0.17002153846153847
0.11557292307692307
0.02482523076923077
-0.07197230769230768
-0.1597993846153846
-0.23385784615384617
-0.2989458461538462
-0.3544375384615384
-0.38698153846153843
-0.39407446153846154
-0.3214763076923077
-0.16856123076923077
0.0025033846153846152
0.20715507692307691
0.3698750769230769
0.5052664615384616
0.6227169230769231
0.6508799999999999
0.6256375384615384
0.47376553846153846
0.249504
0.010639384615384617
-0.1913003076923077
-0.3540203076923077
-0.5123593846153845
-0.5732750769230769
-0.5880867692307692
-0.4720966153846154
-0.2526332307692308
-0.018358153846153843
0.2355267692307692
0.4141015384615384
0.5649304615384615
0.6423267692307693
0.6099913846153846
0.4946270769230769
0.2789187692307692
0.03567323076923076
-0.20861538461538462
-0.4047138461538461
-0.5394793846153846
-0.6001864615384616
-0.5605495384615384
-0.4606227692307692
-0.2916443076923077
-0.09909230769230769
0.07551876923076924
0.23510953846153848
0.31125415384615385
0.32189353846153845
0.301032
0.23907323076923076
0.19860184615384616
0.15374953846153847
0.09596307692307693
0.0446436923076923
-0.013142769230769229
-0.04380923076923077
-0.05757784615384615
-0.06967753846153846
-0.08428061538461538
-0.08866153846153846
-0.05277969230769231
-0.005424
0.03775938461538462
0.058829538461538454
0.04693846153846153
0.06675692307692307
0.09700615384615385
0.11891076923076922
0.15354092307692307
0.1639716923076923
0.17398523076923075
0.18983999999999998
0.16313723076923078
0.0988836923076923
-0.010222153846153844
-0.14582215384615385
-0.2638984615384615
-0.36632861538461536
-0.4282873846153846
-0.442056
-0.39636923076923075
-0.28809784615384615
-0.14018953846153845
0.03629907692307692
0.19609846153846153
0.33002953846153843
0.41326707692307696
0.42787015384615384
0.3980381538461538
0.31772123076923076
0.20319138461538463
0.07343261538461537
-0.06967753846153846
-0.18483323076923078
-0.24345415384615382
-0.24574892307692306
-0.1923433846153846
-0.11181784615384616
-0.006467076923076923
0.12850707692307692
0.2776670769230769
0.39595199999999997
0.44309907692307693
0.42933046153846155
0.3584012307692308
0.26681907692307694
0.16751815384615384
0.054657230769230764
-0.04693846153846153
-0.12850707692307692
-0.16710092307692306
-0.14311015384615386
-0.07280676923076923
0.009387692307692307
0.08761846153846153
0.13872923076923074
0.16042523076923076
0.16710092307692306
0.14519630769230768
0.100344
0.035464615384615386
-0.03483876923076923
-0.08344615384615384
-0.09700615384615385
-0.07551876923076924
-0.03984553846153846
0.006675692307692307
0.053405538461538456
0.09596307692307693
0.1368516923076923
0.143736
0.12579507692307693
0.07343261538461537
-0.027120000000000002
-0.12016246153846154
-0.20298276923076922
-0.26640184615384616
-0.2947735384615384
-0.3114627692307692
-0.2780843076923077
-0.1804523076923077
-0.04944184615384615
0.09283384615384616
0.206112
0.2764153846153846
0.3047870769230769
0.28017046153846153
0.208824
0.0798996923076923
-0.08240307692307691
-0.24303692307692307
-0.36904061538461536
-0.41910830769230767
-0.41681353846153846
-0.34984799999999994
-0.2207150769230769
-0.06362769230769232
0.11286092307692308
0.2720344615384615
0.3919883076923077
0.46396061538461536
0.4798153846153846
0.43433723076923075
0.35318584615384613
0.24679199999999998
0.12934153846153845
0.027120000000000002
-0.06738276923076922
-0.12704676923076924
-0.15750461538461538
-0.15291507692307693
-0.11578153846153846
-0.07364123076923076
-0.02357353846153846
0.019609846153846155
0.06216738461538462
0.09179076923076923
0.10117846153846152
0.09825784615384614
0.08177723076923075
0.06967753846153846
0.06425353846153846
0.0446436923076923
0.023782153846153845
0.01668923076923077
0.02586830769230769
0.06571384615384615
0.09325107692307691
0.10472492307692308
0.10076123076923077
0.06759138461538462
0.042348923076923076
0.0033378461538461535
-0.041514461538461535
-0.07697907692307693
-0.10639384615384614
-0.09596307692307693
-0.05069353846153846
0.0070929230769230765
0.06821723076923077
0.13476553846153844
0.1858763076923077
0.20798953846153845
0.21070153846153844
0.18274707692307693
0.11870215384615385
0.033169846153846154
-0.05757784615384615
-0.13455692307692307
-0.1883796923076923
-0.21800307692307694
-0.2127876923076923
-0.18253846153846154
-0.13247076923076923
-0.06133292307692308
0.015228923076923076
0.0892873846153846
0.12725538461538463
0.12245723076923076
0.10389046153846154
0.07009476923076922
0.035464615384615386
-0.020652923076923076
-0.092208
-0.15374953846153847
-0.20131384615384615
-0.18963138461538462
-0.143736
-0.08720123076923077
-0.021070153846153846
0.030040615384615384
0.08511507692307693
0.13247076923076923
0.14749107692307692
0.13184492307692308
0.07656184615384615
0.0014603076923076922
-0.07593599999999999
-0.14811692307692306
-0.19213476923076922
-0.200688
-0.1787833846153846
-0.13038461538461538
-0.053405538461538456
0.031918153846153846
0.10764553846153846
0.15792184615384616
0.16167692307692308
0.12788123076923075
0.06759138461538462
-0.015020307692307692
-0.11014892307692307
-0.2056947692307692
-0.28768061538461537
-0.33816553846153846
-0.3321156923076923
-0.26640184615384616
-0.15374953846153847
-0.023364923076923075
0.10722830769230769
0.238656
0.33524492307692305
0.37884553846153846
0.3565236923076923
0.27432923076923077
0.1652233846153846
0.03650769230769231
-0.08574092307692306
-0.18942276923076923
-0.2605606153846154
-0.28934953846153844
-0.2768326153846154
-0.21612553846153845
-0.1178676923076923
-0.006049846153846154
0.09387692307692307
0.18066092307692305
0.23469230769230767
0.254928
0.24512307692307692
0.20006215384615383
0.13226215384615383
0.049233230769230765
-0.026076923076923077
-0.08991323076923076
-0.1316363076923077
-0.1489513846153846
-0.14728246153846153
-0.1205796923076923
-0.08135999999999999
-0.03880246153846154
-0.008136
0.011265230769230769
0.03108369230769231
0.05069353846153846
0.07218092307692307
0.09304246153846155
0.11035753846153845
0.12579507692307693
0.12808984615384614
0.12350030769230769
0.12308307692307692
0.11202646153846153
0.08177723076923075
0.03650769230769231
-0.013142769230769229
-0.05924676923076923
-0.0988836923076923
-0.13267938461538462
-0.15333230769230768
-0.14832553846153845
-0.11432123076923076
-0.04902461538461538
0.026285538461538457
0.09095630769230768
0.14039815384615384
0.16021661538461537
0.16876984615384616
0.14957723076923077
0.09596307692307693
0.018983999999999997
-0.08699261538461538
-0.1779489230769231
-0.24449723076923074
-0.2774584615384615
-0.2737033846153846
-0.24282830769230768
-0.173568
-0.07593599999999999
0.050067692307692306
0.1800350769230769
0.2789187692307692
0.3344104615384615
0.3402516923076923
0.31000246153846156
0.24846092307692308
0.15792184615384616
0.04714707692307692
-0.06529661538461538
-0.15750461538461538
-0.22008923076923076
-0.23886461538461537
-0.21696000000000001
-0.17002153846153847
-0.10722830769230769
-0.03775938461538462
0.04214030769230769
0.12704676923076924
0.1908830769230769
0.22154953846153846
0.22008923076923076
0.20173107692307693
0.17648861538461538
0.1395636923076923
0.09763200000000001
0.04693846153846153
0.0004172307692307692
-0.028163076923076923
-0.03942830769230769
-0.021904615384615383
0.0004172307692307692
0.020027076923076922
0.043392
0.06195876923076923
0.08031692307692308
0.08469784615384615
0.07072061538461538
0.04839876923076923
0.023990769230769232
0.014394461538461538
0.022530461538461537
0.03442153846153846
0.04839876923076923
0.06487938461538462
0.08094276923076923
0.09283384615384616
0.0855323076923077
0.062376
0.020652923076923076
-0.03901107692307692
-0.0892873846153846
-0.1353913846153846
-0.17231630769230769
-0.19463815384615382
-0.20256553846153844
-0.18858830769230767
-0.14916
-0.078648
0.006884307692307692
0.09679753846153846
0.16710092307692306
0.21007569230769232
0.23281476923076924
0.21904615384615383
0.16334584615384617
0.073224
-0.03296123076923077
-0.13893784615384613
-0.22321846153846153
-0.2701569230769231
-0.279336
-0.25659692307692306
-0.19651569230769228
-0.09992676923076924
0.017732307692307693
0.12850707692307692
0.20965846153846154
0.25930892307692305
0.2716172307692308
0.25930892307692305
0.2225926153846154
0.15646153846153846
0.07134646153846153
-0.021070153846153846
-0.10430769230769231
-0.1639716923076923
-0.20047938461538461
-0.21466523076923077
-0.20131384615384615
-0.16897846153846155
-0.10848000000000001
-0.03504738461538461
0.04088861538461538
0.11724184615384614
0.17169046153846151
0.21737723076923077
0.24595753846153845
0.25847446153846154
0.2572227692307692
0.2225926153846154
0.18066092307692305
0.13247076923076923
0.09158215384615384
0.06717415384615384
0.03421292307692308
0.012308307692307691
-0.014394461538461538
-0.03901107692307692
-0.042557538461538466
-0.05194523076923077
-0.04276615384615385
-0.021487384615384613
0.012516923076923077
0.07551876923076924
0.13789476923076924
0.20277415384615383
0.2526332307692308
0.27599815384615384
0.28121353846153846
0.25451076923076926
0.1927606153846154
0.09429415384615383
-0.02586830769230769
-0.14311015384615386
-0.24992123076923078
-0.3160523076923077
-0.33315876923076926
-0.31104553846153843
-0.2369870769230769
-0.13205353846153844
-0.006049846153846154
0.12767261538461538
0.23844738461538462
0.3045784615384615
0.3248141538461538
0.2655673846153846
0.1693956923076923
0.07092923076923077
-0.030875076923076922
-0.12204
-0.222384
-0.2776670769230769
-0.287472
-0.22822523076923076
-0.12767261538461538
0.092208
0.23156307692307693
0.21925476923076925
0.3072904615384615
0.28413415384615387
0.32543999999999995
0.27453784615384613
0.031709538461538456
-0.143736
-0.384060923076923
-0.3978295384615384
-0.3565236923076923
-0.33587076923076925
-0.24658338461538462
-0.21529107692307692
0.03400430769230769
0.26494153846153845
0.4733483076923077
0.6081138461538461
0.4729310769230769
0.3947003076923077
0.2357353846153846
0.06967753846153846
-0.027745846153846152
-0.2655673846153846
-0.35235138461538457
-0.4113895384615384
-0.45624184615384616
-0.25951753846153847
-0.12120553846153845
0.0771876923076923
0.25847446153846154
0.30144923076923075
0.4053396923076923
0.38760738461538463
0.36549415384615386
0.3425464615384616
0.17315076923076922
0.010848
-0.16856123076923077
-0.25659692307692306
-0.24908676923076922
-0.2993630769230769
-0.2962338461538461
-0.29331323076923077
-0.2342750769230769
-0.07134646153846153
0.018358153846153843
0.10681107692307691
0.15604430769230768
0.15249784615384615
0.2021483076923077
0.1858763076923077
0.14081538461538462
0.10994030769230768
0.018775384615384614
-0.0077187692307692304
-0.008136
-0.03442153846153846
-0.03984553846153846
-0.08594953846153845
-0.11056615384615384
-0.12996738461538462
-0.16188553846153847
-0.165432
-0.16063384615384615
-0.11265230769230769
-0.09909230769230769
-0.078648
0.003755076923076923
0.05820369230769231
0.143736
0.18483323076923078
0.16438892307692307
0.1504116923076923
0.07259815384615384
0.010013538461538461
-0.065088
-0.18337292307692307
-0.2509643076923077
-0.31083692307692307
-0.32627446153846157
-0.29352184615384613
-0.23969907692307693
-0.1136953846153846
0.03629907692307692
0.17544553846153846
0.27975323076923075
0.3402516923076923
0.40325353846153844
0.4090947692307692
0.3369138461538461
0.2221753846153846
0.04672984615384615
-0.09241661538461539
-0.184416
-0.26452430769230767
-0.2574313846153846
-0.22530461538461538
-0.15687876923076924
-0.022947692307692308
0.08720123076923077
0.20486030769230767
0.2931046153846154
0.32731753846153844
0.330864
0.2659846153846154
0.1760713846153846
0.055491692307692304
-0.07009476923076922
-0.16689230769230767
-0.25054707692307693
-0.2860116923076923
-0.3062473846153846
-0.30186646153846153
-0.24616615384615384
-0.17690584615384616
-0.06738276923076922
0.03838523076923077
0.09950953846153845
0.16710092307692306
0.19630707692307692
0.1787833846153846
0.12788123076923075
0.030875076923076922
-0.04172307692307692
-0.09596307692307693
-0.14060676923076923
-0.14728246153846153
-0.14728246153846153
-0.11703323076923078
-0.07092923076923077
-0.021904615384615383
0.047772923076923074
0.09512861538461538
0.12788123076923075
0.12913292307692306
0.09074769230769231
0.06738276923076922
0.02482523076923077
0.002712
0.002712
-0.03379569230769231
-0.03921969230769231
-0.04714707692307692
-0.02795446153846154
0.03129230769230769
0.03275261538461539
0.01397723076923077
-0.008136
-0.017940923076923077
0.012934153846153845
0.028788923076923077
0.03755076923076923
0.04401784615384615
0.05382276923076923
0.11014892307692307
0.16647507692307692
0.22113230769230768
0.2415766153846154
0.20965846153846154
0.18066092307692305
0.12808984615384614
0.0826116923076923
0.040054153846153843
-0.02482523076923077
-0.06571384615384615
-0.10368184615384615
-0.11202646153846153
-0.06696553846153847
-0.016480615384615385
0.03692492307692308
0.07802215384615384
0.11828492307692307
0.17252492307692308
0.20277415384615383
0.19797599999999999
0.1422756923076923
0.041514461538461535
-0.056951999999999996
-0.1356
-0.18358153846153846
-0.21967199999999998
-0.24908676923076922
-0.23907323076923076
-0.1869193846153846
-0.08824430769230769
0.018775384615384614
0.10201292307692307
0.18358153846153846
0.23823876923076923
0.2772498461538462
0.292896
0.2557624615384615
0.19735015384615384
0.119328
0.04568676923076923
-0.012308307692307691
-0.058829538461538454
-0.08177723076923075
-0.09930092307692308
-0.10889723076923077
-0.0936683076923077
-0.059872615384615385
-0.008136
0.037967999999999995
0.06696553846153847
0.0897046153846154
0.09450276923076922
0.09867507692307692
0.09053907692307692
0.06529661538461538
0.029832
-0.026911384615384615
-0.07635323076923077
-0.11140061538461538
-0.13726892307692307
-0.14811692307692306
-0.16251138461538459
-0.1800350769230769
-0.1704387692307692
-0.1502030769230769
-0.1218313846153846
-0.08887015384615385
-0.06633969230769231
-0.03379569230769231
-0.009179076923076922
0.02086153846153846
0.05799507692307692
0.08344615384615384
0.11974523076923077
0.138312
0.1368516923076923
0.12683815384615382
0.09596307692307693
0.06654830769230768
0.03400430769230769
0.004172307692307692
-0.021696
-0.053405538461538456
-0.06884307692307692
-0.06675692307692307
-0.042557538461538466
-0.008136
0.026911384615384615
0.07218092307692307
0.119328
0.16584923076923075
0.19463815384615382
0.2090326153846154
0.20632061538461538
0.1829556923076923
0.14916
0.09721476923076922
0.03859384615384615
-0.026702769230769228
-0.09199938461538461
-0.14728246153846153
-0.18399876923076922
-0.18170399999999998
-0.14123261538461537
-0.06529661538461538
0.02086153846153846
0.10096984615384616
0.1706473846153846
0.2207150769230769
0.2559710769230769
0.2680707692307692
0.24282830769230768
0.18858830769230767
0.12037107692307693
0.043600615384615383
-0.030875076923076922
-0.10076123076923077
-0.14978584615384616
-0.17711446153846155
-0.17252492307692308
-0.13080184615384613
-0.08386338461538462
-0.03233538461538461
0.011265230769230769
0.05486584615384615
0.09283384615384616
0.111192
0.11745046153846153
0.09491999999999999
0.059872615384615385
0.02211323076923077
-0.005215384615384615
-0.017940923076923077
-0.03129230769230769
-0.03692492307692308
-0.027328615384615382
-0.0014603076923076922
0.03233538461538461
0.05862092307692307
0.07551876923076924
0.07697907692307693
0.05528307692307692
0.03859384615384615
0.02357353846153846
0.0012516923076923076
-0.01668923076923077
-0.037967999999999995
-0.03588184615384615
-0.007927384615384614
0.03275261538461539
0.0828203076923077
0.11974523076923077
0.1397723076923077
0.13998092307692306
0.11578153846153846
0.06133292307692308
-0.017940923076923077
-0.10430769230769231
-0.192552
-0.25138153846153843
-0.27140861538461536
-0.2655673846153846
-0.22718215384615387
-0.1696043076923077
-0.0853236923076923
0.018983999999999997
0.11286092307692308
0.19317784615384614
0.23886461538461537
0.23156307692307693
0.19359507692307693
0.13309661538461537
0.05027630769230769
-0.03629907692307692
-0.1136953846153846
-0.1558356923076923
-0.16063384615384615
-0.12955015384615384
-0.06258461538461538
0.013560000000000001
0.09575446153846154
0.17023015384615386
0.22551323076923077
0.25534523076923077
0.24866953846153847
0.20632061538461538
0.12642092307692307
0.03942830769230769
-0.03713353846153846
-0.10493353846153847
-0.1397723076923077
-0.14728246153846153
-0.13121907692307694
-0.0828203076923077
-0.01940123076923077
0.052153846153846155
0.11181784615384616
0.14164984615384615
0.15270646153846154
0.13852061538461538
0.09784061538461537
0.03942830769230769
-0.03358707692307692
-0.10430769230769231
-0.15124615384615384
-0.16793538461538463
-0.15917353846153848
-0.1287156923076923
-0.07384984615384615
-0.015646153846153844
0.03337846153846154
0.09512861538461538
0.15187199999999998
0.1787833846153846
0.1706473846153846
0.12955015384615384
0.07614461538461538
0.015020307692307692
-0.04965046153846154
-0.103056
-0.14728246153846153
-0.16334584615384617
-0.14457046153846154
-0.10263876923076923
-0.04172307692307692
0.005632615384615384
0.03921969230769231
0.0678
0.08720123076923077
0.10201292307692307
0.09241661538461539
0.059038153846153844
0.028163076923076923
-0.0029206153846153843
-0.021070153846153846
-0.02211323076923077
-0.020652923076923076
-0.016897846153846156
-0.017315076923076923
-0.01043076923076923
0.0
0.005424
0.007301538461538462
0.0008344615384615384
0.0025033846153846152
0.018983999999999997
0.03045784615384615
0.037967999999999995
0.03629907692307692
0.03275261538461539
0.04693846153846153
0.06404492307692307
0.086784
0.10368184615384615
0.09658892307692307
0.084072
0.06633969230769231
0.041514461538461535
0.010013538461538461
-0.04088861538461538
-0.09408553846153846
-0.13601723076923075
-0.15124615384615384
-0.1314276923076923
-0.08782707692307692
-0.025033846153846153
0.03504738461538461
0.0974233846153846
0.16021661538461537
0.20652923076923077
0.22572184615384616
0.18900553846153845
0.11494707692307692
0.03609046153846154
-0.03337846153846154
-0.08302892307692307
-0.11974523076923077
-0.14144123076923076
-0.14123261538461537
-0.10868861538461538
-0.04568676923076923
0.02795446153846154
0.0892873846153846
0.12788123076923075
0.14999446153846155
0.15374953846153847
0.13664307692307692
0.10055261538461538
0.042974769230769226
-0.027745846153846152
-0.09137353846153846
-0.13393107692307693
-0.16084246153846155
-0.17002153846153847
-0.18086953846153844
-0.18921415384615384
-0.16689230769230767
-0.13601723076923075
-0.06341907692307691
-0.010013538461538461
0.08490646153846154
0.21049292307692305
0.19526400000000002
0.2127876923076923
0.19192615384615386
0.13247076923076923
0.07739630769230768
-0.07593599999999999
-0.20965846153846154
-0.36904061538461536
-0.4222375384615385
-0.37884553846153846
-0.3385827692307692
-0.24074215384615386
-0.1696043076923077
-0.015854769230769228
0.1785747692307692
0.32648307692307693
0.46437784615384614
0.46041415384615386
0.3942830769230769
0.3327415384615385
0.20632061538461538
0.08740984615384616
-0.0717636923076923
-0.23156307692307693
-0.30937661538461536
-0.39595199999999997
-0.3917796923076923
-0.3137575384615385
-0.22843384615384613
-0.07051199999999999
0.059038153846153844
0.17461107692307692
0.2641070769230769
0.2995716923076923
0.3485963076923077
0.33962584615384617
0.2751636923076923
0.18879692307692306
0.09387692307692307
0.04109723076923077
-0.022947692307692308
-0.09408553846153846
-0.14832553846153845
-0.21091015384615383
-0.20465169230769228
-0.1635544615384615
-0.12308307692307692
-0.04172307692307692
0.026911384615384615
0.11140061538461538
0.19964492307692308
0.25430215384615384
0.31918153846153846
0.347136
0.3452584615384615
0.32627446153846157
0.25847446153846154
0.1639716923076923
0.03880246153846154
-0.08615815384615384
-0.20819815384615384
-0.3291950769230769
-0.40095876923076923
-0.4243236923076923
-0.3617390769230769
-0.24574892307692306
-0.12329169230769231
0.052153846153846155
0.23010276923076922
0.38990215384615384
0.5227901538461539
0.5691027692307692
0.539688
0.42661846153846156
0.254928
0.084072
-0.09679753846153846
-0.25534523076923077
-0.35464615384615383
-0.39595199999999997
-0.3590270769230769
-0.25972615384615383
-0.10096984615384616
0.0897046153846154
0.25847446153846154
0.39303138461538456
0.4775206153846153
0.519660923076923
0.5096473846153846
0.4222375384615385
0.28350830769230767
0.10243015384615384
-0.09158215384615384
-0.225096
-0.31918153846153846
-0.36904061538461536
-0.35235138461538457
-0.2906012307692308
-0.15875630769230767
-0.003129230769230769
0.146448
0.27620676923076926
0.34338092307692303
0.35798399999999997
0.3133403076923077
0.2290596923076923
0.11181784615384616
-0.02795446153846154
-0.13643446153846153
-0.21237046153846154
-0.23531815384615382
-0.21800307692307694
-0.19317784615384614
-0.1368516923076923
-0.07885661538461539
-0.016897846153846156
0.04860738461538461
0.07301538461538462
0.07468430769230769
0.07343261538461537
0.05319692307692307
0.027745846153846152
0.002712
-0.023364923076923075
-0.02795446153846154
-0.03108369230769231
-0.02211323076923077
-0.015020307692307692
-0.03233538461538461
-0.049233230769230765
-0.07134646153846153
-0.09241661538461539
-0.12162276923076921
-0.15145476923076923
-0.16209415384615386
-0.17419384615384614
-0.17023015384615386
-0.13476553846153844
-0.07635323076923077
0.00855323076923077
0.07510153846153846
0.11891076923076922
0.1489513846153846
0.14999446153846155
0.14102399999999998
0.09825784615384614
0.03233538461538461
-0.03588184615384615
-0.09450276923076922
-0.11911938461538461
-0.1218313846153846
-0.0988836923076923
-0.07343261538461537
-0.03838523076923077
0.03775938461538462
0.11536430769230768
0.17565415384615385
0.20256553846153844
0.1777403076923077
0.13080184615384613
0.07948246153846153
0.03296123076923077
-0.0035464615384615383
-0.042348923076923076
-0.07384984615384615
-0.08073415384615384
-0.059038153846153844
-0.008970461538461538
0.04902461538461538
0.09867507692307692
0.12558646153846154
0.13726892307692307
0.1449876923076923
0.132888
0.103056
0.04756430769230769
-0.025033846153846153
-0.07405846153846153
-0.09241661538461539
-0.07259815384615384
-0.025033846153846153
0.010639384615384617
0.056951999999999996
0.11745046153846153
0.18086953846153844
0.24074215384615386
0.254928
0.2424110769230769
0.20256553846153844
0.13664307692307692
0.07885661538461539
0.01856676923076923
-0.029414769230769227
-0.06487938461538462
-0.06905169230769231
-0.03233538461538461
0.011473846153846154
0.058412307692307694
0.08469784615384615
0.09053907692307692
0.09325107692307691
0.0826116923076923
0.07113784615384615
0.04756430769230769
-0.0014603076923076922
-0.047772923076923074
-0.08031692307692308
-0.09158215384615384
-0.08302892307692307
-0.07614461538461538
-0.058412307692307694
-0.03609046153846154
-0.014811692307692307
0.01043076923076923
0.031918153846153846
0.043600615384615383
0.02586830769230769
-0.0014603076923076922
-0.03358707692307692
-0.08302892307692307
-0.12704676923076924
-0.16897846153846155
-0.20152246153846154
-0.19839323076923077
-0.16772676923076923
-0.10055261538461538
-0.01940123076923077
0.05319692307692307
0.12245723076923076
0.15750461538461538
0.16730953846153845
0.15103753846153847
0.10430769230769231
0.03921969230769231
-0.045060923076923075
-0.1205796923076923
-0.1787833846153846
-0.22530461538461538
-0.24074215384615386
-0.22405292307692307
-0.1656406153846154
-0.07197230769230768
0.020652923076923076
0.11578153846153846
0.184416
0.2288510769230769
0.2503384615384615
0.23364923076923078
0.2021483076923077
0.13518276923076925
0.04902461538461538
-0.03045784615384615
-0.10368184615384615
-0.15270646153846154
-0.17669723076923077
-0.18483323076923078
-0.16793538461538463
-0.12704676923076924
-0.07009476923076922
-0.012934153846153845
0.027120000000000002
0.05048492307692308
0.06133292307692308
0.07364123076923076
0.07969107692307692
0.07405846153846153
0.05653476923076922
0.02273907692307692
-0.003963692307692307
-0.02232184615384615
-0.03880246153846154
-0.05277969230769231
-0.07030338461538461
-0.084072
-0.09387692307692307
-0.09137353846153846
-0.07781353846153846
-0.059038153846153844
-0.03108369230769231
-0.002712
0.03629907692307692
0.08469784615384615
0.12558646153846154
0.15416676923076922
0.16063384615384615
0.14978584615384616
0.13726892307692307
0.11870215384615385
0.09137353846153846
0.051528
0.0022947692307692304
-0.03358707692307692
-0.04631261538461538
-0.03775938461538462
-0.023990769230769232
-0.014603076923076923
-0.004798153846153846
0.008344615384615384
0.027745846153846152
0.046104
0.058829538461538454
0.058829538461538454
0.042557538461538466
0.03108369230769231
0.01940123076923077
0.005841230769230769
-0.010222153846153844
-0.03629907692307692
-0.05277969230769231
-0.06133292307692308
-0.06216738461538462
-0.054240000000000003
-0.04547815384615384
-0.027328615384615382
-0.013768615384615384
-0.006884307692307692
0.009596307692307692
0.016063384615384615
0.015646153846153844
0.010222153846153844
0.0077187692307692304
0.033169846153846154
0.06070707692307692
0.08761846153846153
0.11077476923076923
0.11223507692307692
0.11327815384615383
0.1045163076923077
0.08636676923076922
0.058412307692307694
0.010013538461538461
-0.033169846153846154
-0.06842584615384616
-0.09199938461538461
-0.10347323076923076
-0.10931446153846153
-0.09846646153846153
-0.06863446153846153
-0.02023569230769231
0.03567323076923076
0.07697907692307693
0.10201292307692307
0.10785415384615385
0.09450276923076922
0.07384984615384615
0.03504738461538461
-0.014603076923076923
-0.06675692307692307
-0.12767261538461538
-0.165432
-0.17231630769230769
-0.15813046153846153
-0.1289243076923077
-0.09971815384615385
-0.05778646153846154
-0.011473846153846154
0.021904615384615383
0.03838523076923077
0.046104
0.04214030769230769
0.021278769230769233
0.005424
-0.009596307692307692
-0.026285538461538457
-0.047772923076923074
-0.07280676923076923
-0.07259815384615384
-0.04985907692307692
-0.016480615384615385
0.010013538461538461
0.021278769230769233
0.031709538461538456
0.037967999999999995
0.03066646153846154
0.005424
-0.031709538461538456
-0.07802215384615384
-0.10868861538461538
-0.10681107692307691
-0.08636676923076922
-0.04214030769230769
0.010222153846153844
0.06592246153846154
0.13184492307692308
0.1908830769230769
0.22718215384615387
0.2369870769230769
0.21529107692307692
0.16626646153846153
0.10076123076923077
0.033169846153846154
-0.011891076923076923
-0.04860738461538461
-0.07030338461538461
-0.06988615384615385
-0.04652123076923077
0.0012516923076923076
0.05069353846153846
0.11035753846153845
0.1656406153846154
0.21195323076923075
0.24908676923076922
0.25930892307692305
0.254928
0.22405292307692307
0.1733593846153846
0.119328
0.065088
0.02044430769230769
-0.021487384615384613
-0.04839876923076923
-0.04526953846153846
-0.02211323076923077
0.015020307692307692
0.05486584615384615
0.08991323076923076
0.1205796923076923
0.13768615384615385
0.14582215384615385
0.14102399999999998
0.11181784615384616
0.07614461538461538
0.03984553846153846
0.020027076923076922
0.02545107692307692
0.02899753846153846
0.04819015384615385
0.07009476923076922
0.08302892307692307
0.0974233846153846
0.09450276923076922
0.08365476923076923
0.05799507692307692
0.013351384615384614
-0.022530461538461537
-0.044435076923076924
-0.05736923076923077
-0.06049846153846154
-0.06070707692307692
-0.04547815384615384
-0.014811692307692307
0.022947692307692308
0.03942830769230769
0.014394461538461538
-0.053405538461538456
-0.15687876923076924
-0.2916443076923077
-0.404088
-0.4113895384615384
-0.37258707692307685
-0.23469230769230767
-0.017523692307692306
0.22321846153846153
0.4975476923076923
0.7130473846153846
0.8609556923076923
0.9064338461538461
0.8117224615384615
0.5983089230769231
0.33545353846153847
0.034630153846153845
-0.24282830769230768
-0.46896738461538456
-0.6467076923076923
-0.7113784615384615
-0.6667347692307692
-0.49379261538461533
-0.26306399999999996
-0.0077187692307692304
0.20819815384615384
0.3479704615384615
0.4414301538461538
0.41305846153846154
0.33649661538461534
0.16418030769230768
-0.08720123076923077
-0.2643156923076923
-0.4216116923076923
-0.45603323076923075
-0.36799753846153843
-0.2330233846153846
-0.006049846153846154
0.18191261538461537
0.31855569230769226
0.42891323076923077
0.4120153846153846
0.3350363076923077
0.21216184615384615
0.05507446153846154
-0.04672984615384615
-0.11327815384615383
-0.0963803076923077
-0.02545107692307692
0.04819015384615385
0.12975876923076923
0.16480615384615382
0.20652923076923077
0.23928184615384615
0.22008923076923076
0.1846246153846154
0.07238953846153846
-0.05173661538461538
-0.1635544615384615
-0.3047870769230769
-0.3907366153846154
-0.45436430769230773
-0.4714707692307692
-0.3949089230769231
-0.26911384615384615
-0.09325107692307691
0.09763200000000001
0.23510953846153848
0.3054129230769231
0.30416123076923074
0.22008923076923076
0.07510153846153846
-0.09846646153846153
-0.25701415384615384
-0.37592492307692305
-0.4193169230769231
-0.37091815384615384
-0.24282830769230768
-0.07614461538461538
0.06800861538461538
0.20173107692307693
0.2970683076923077
0.3327415384615385
0.3517255384615385
0.3269003076923077
0.2703655384615385
0.20819815384615384
0.12704676923076924
0.06759138461538462
0.02273907692307692
-0.01814953846153846
-0.0446436923076923
-0.061124307692307686
-0.04130584615384615
-0.0043809230769230765
0.04172307692307692
0.08699261538461538
0.09763200000000001
0.09471138461538461
0.055491692307692304
-0.008344615384615384
-0.06800861538461538
-0.14582215384615385
-0.19985353846153847
-0.22321846153846153
-0.22405292307692307
-0.16209415384615386
-0.06446215384615385
0.045895384615384616
0.14853415384615384
0.19818461538461538
0.20402584615384614
0.168144
0.09137353846153846
0.0022947692307692304
-0.07656184615384615
-0.12913292307692306
-0.14540492307692307
-0.13080184615384613
-0.09158215384615384
-0.03713353846153846
0.041514461538461535
0.12204
0.1829556923076923
0.23072861538461537
0.23239753846153846
0.20360861538461536
0.13935507692307691
0.04714707692307692
-0.03650769230769231
-0.13393107692307693
-0.21174461538461536
-0.25117292307692307
-0.25117292307692307
-0.21466523076923077
-0.1666836923076923
-0.10722830769230769
-0.04547815384615384
0.011473846153846154
0.05653476923076922
0.07051199999999999
0.04965046153846154
0.0033378461538461535
-0.06738276923076922
-0.12955015384615384
-0.18086953846153844
-0.21633415384615384
-0.21779446153846155
-0.21174461538461536
-0.17148184615384612
-0.10117846153846152
-0.016897846153846156
0.07885661538461539
0.15082892307692305
0.19359507692307693
0.20673784615384616
0.19505538461538463
0.1733593846153846
0.13434830769230768
0.07927384615384615
0.023364923076923075
-0.009804923076923077
-0.005215384615384615
0.02858030769230769
0.07051199999999999
0.09387692307692307
0.086784
0.06613107692307692
0.03650769230769231
-0.006675692307692307
-0.0609156923076923
-0.13267938461538462
-0.19755876923076923
-0.22551323076923077
-0.21445661538461538
-0.16292861538461537
-0.08740984615384616
-0.0018775384615384615
0.09930092307692308
0.19150892307692308
0.2703655384615385
0.3193901538461538
0.31125415384615385
0.26222953846153846
0.17315076923076922
0.07238953846153846
-0.02524246153846154
-0.1097316923076923
-0.16710092307692306
-0.20277415384615383
-0.20193969230769232
-0.15500123076923078
-0.06383630769230769
0.03942830769230769
0.12850707692307692
0.18629353846153843
0.21174461538461536
0.20798953846153845
0.1777403076923077
0.12037107692307693
0.03838523076923077
-0.04193169230769231
-0.12308307692307692
-0.1829556923076923
-0.20965846153846154
-0.22780799999999998
-0.22196676923076922
-0.19004861538461537
-0.13518276923076925
-0.061124307692307686
0.015020307692307692
0.08156861538461539
0.12245723076923076
0.14853415384615384
0.15667015384615385
0.14978584615384616
0.1205796923076923
0.06300184615384616
0.0008344615384615384
-0.06592246153846154
-0.1218313846153846
-0.1543753846153846
-0.17252492307692308
-0.16793538461538463
-0.13789476923076924
-0.08887015384615385
-0.01397723076923077
0.06300184615384616
0.13393107692307693
0.19317784615384614
0.22572184615384616
0.23907323076923076
0.22676492307692306
0.1883796923076923
0.12808984615384614
0.05277969230769231
-0.02858030769230769
-0.1045163076923077
-0.16793538461538463
-0.20506892307692307
-0.2207150769230769
-0.21487384615384614
-0.1760713846153846
-0.12016246153846154
-0.053614153846153846
0.010848
0.08156861538461539
0.16063384615384615
0.23218892307692307
0.2868461538461538
0.31229723076923077
0.29915446153846154
0.2497126153846154
0.18316430769230768
0.11703323076923078
0.05611753846153846
-0.0012516923076923076
-0.03984553846153846
-0.05382276923076923
-0.03859384615384615
0.012099692307692308
0.07843938461538462
0.1424843076923077
0.1881710769230769
0.21779446153846155
0.23656984615384613
0.2290596923076923
0.19505538461538463
0.13372246153846154
0.05444861538461539
-0.020027076923076922
-0.08198584615384615
-0.124752
-0.14832553846153845
-0.1506203076923077
-0.13226215384615383
-0.09930092307692308
-0.05236246153846154
0.001043076923076923
0.0446436923076923
0.06884307692307692
0.08490646153846154
0.09241661538461539
0.08594953846153845
0.0609156923076923
0.024199384615384616
-0.008136
-0.040054153846153843
-0.051319384615384614
-0.03713353846153846
-0.021487384615384613
-0.01272553846153846
-0.01043076923076923
-0.0077187692307692304
-0.0012516923076923076
0.007927384615384614
0.011473846153846154
0.005841230769230769
-0.001043076923076923
0.004589538461538461
0.026911384615384615
0.05048492307692308
0.06446215384615385
0.07051199999999999
0.06717415384615384
0.058412307692307694
0.040679999999999994
0.011682461538461537
-0.028371692307692306
-0.08115138461538463
-0.1205796923076923
-0.13372246153846154
-0.12850707692307692
-0.111192
-0.08344615384615384
-0.0446436923076923
0.005841230769230769
0.06884307692307692
0.12621230769230768
0.16459753846153846
0.18170399999999998
0.17711446153846155
0.16418030769230768
0.1356
0.0974233846153846
0.061124307692307686
0.02273907692307692
0.008761846153846153
0.024199384615384616
0.06446215384615385
0.11494707692307692
0.14728246153846153
0.16480615384615382
0.16501476923076921
0.15187199999999998
0.12350030769230769
0.06946892307692307
-0.003963692307692307
-0.08240307692307691
-0.1422756923076923
-0.1777403076923077
-0.1908830769230769
-0.18253846153846154
-0.16000799999999998
-0.11327815384615383
-0.03775938461538462
0.04839876923076923
0.12996738461538462
0.1883796923076923
0.21842030769230766
0.2355267692307692
0.23677846153846152
0.22405292307692307
0.19380369230769232
0.14603076923076924
0.09992676923076924
0.06341907692307691
0.03713353846153846
0.016063384615384615
-0.010222153846153844
-0.04318338461538461
-0.07551876923076924
-0.0934596923076923
-0.09387692307692307
-0.08365476923076923
-0.05924676923076923
-0.023782153846153845
0.026911384615384615
0.08991323076923076
0.15228923076923076
0.19693292307692306
0.20027076923076922
0.17252492307692308
0.12162276923076921
0.05674338461538461
-0.014394461538461538
-0.09554584615384615
-0.17628
-0.24282830769230768
-0.28350830769230767
-0.2887236923076923
-0.2632726153846154
-0.22008923076923076
-0.1652233846153846
-0.09846646153846153
-0.012308307692307691
0.07969107692307692
0.157296
0.21111876923076925
0.225096
0.20715507692307691
0.16209415384615386
0.09533723076923077
0.012516923076923077
-0.08094276923076923
-0.16793538461538463
-0.2342750769230769
-0.2572227692307692
-0.23510953846153848
-0.18149538461538461
-0.10597661538461538
-0.010639384615384617
0.08991323076923076
0.18107815384615383
0.2526332307692308
0.27620676923076926
0.2563883076923077
0.20527753846153846
0.14102399999999998
0.07802215384615384
0.010013538461538461
-0.06279323076923077
-0.12934153846153845
-0.18191261538461537
-0.21967199999999998
-0.24282830769230768
-0.2601433846153846
-0.25993476923076925
-0.23886461538461537
-0.19296923076923078
-0.11244369230769231
-0.011682461538461537
0.0936683076923077
0.18399876923076922
0.254928
0.3039526153846154
0.3239796923076923
0.30833353846153844
0.2497126153846154
0.1635544615384615
0.06946892307692307
-0.02753723076923077
-0.11140061538461538
-0.18086953846153844
-0.238656
-0.2782929230769231
-0.2939390769230769
-0.26723630769230766
-0.21028430769230766
-0.1353913846153846
-0.045895384615384616
0.05111076923076923
0.1570873846153846
0.25451076923076926
0.32085046153846153
0.34338092307692303
0.3131316923076923
0.23531815384615382
0.11411261538461538
-0.025659692307692307
-0.16209415384615386
-0.2943563076923077
-0.39741230769230773
-0.4514436923076923
-0.45102646153846154
-0.40596553846153843
-0.33712246153846154
-0.26452430769230767
-0.15291507692307693
0.006675692307692307
0.1779489230769231
0.3609046153846154
0.4977563076923077
0.5853747692307693
0.6500455384615383
0.6548436923076923
0.604776
0.45332123076923075
0.22300984615384614
-0.018775384615384614
-0.26348123076923075
-0.47313969230769226
-0.6519230769230768
-0.7337003076923077
-0.7359950769230769
-0.6485852307692307
-0.43350276923076925
-0.1881710769230769
0.08636676923076922
0.3410861538461538
0.5428172307692307
0.6727846153846154
0.6727846153846154
0.5797421538461539
0.39052800000000004
0.13455692307692307
-0.15208061538461537
-0.43642338461538455
-0.6475421538461539
-0.7712510769230768
-0.7618633846153846
-0.646499076923077
-0.46145723076923073
-0.20527753846153846
0.06300184615384616
0.330864
0.5453206153846154
0.6615193846153845
0.7195144615384615
0.7057458461538462
0.6433698461538462
0.5403138461538461
0.371544
0.18754523076923074
-0.0002086153846153846
-0.16584923076923075
-0.29644246153846154
-0.40930338461538457
-0.4906633846153846
-0.5163230769230769
-0.4587452307692308
-0.3342018461538461
-0.16730953846153845
0.012308307692307691
0.17169046153846151
0.3195987692307692
0.4360061538461539
0.49316676923076924
0.5092301538461538
0.4652123076923077
0.3673716923076923
0.23928184615384615
0.07948246153846153
-0.100344
-0.2749550769230769
-0.4291218461538462
-0.540731076923077
-0.5778646153846153
-0.5317606153846154
-0.39344861538461534
-0.18337292307692307
0.059038153846153844
0.2993630769230769
0.5200781538461539
0.6853015384615384
0.7699993846153846
0.7451741538461537
0.5895470769230768
0.3615304615384615
0.09992676923076924
-0.16063384615384615
-0.38280923076923074
-0.5509532307692308
-0.6279323076923077
-0.6016467692307692
-0.48357046153846156
-0.29581661538461534
-0.07781353846153846
0.14519630769230768
0.3387913846153846
0.485448
0.56952
0.5592978461538461
0.4720966153846154
0.3152178461538461
0.09825784615384614
-0.12037107692307693
-0.31500923076923076
-0.44289046153846157
-0.4821101538461538
-0.4710535384615384
-0.385104
-0.23010276923076922
-0.03442153846153846
0.1794092307692308
0.34588430769230766
0.4383009230769231
0.4622916923076923
0.41910830769230767
0.32898646153846156
0.21195323076923075
0.07030338461538461
-0.06529661538461538
-0.17377661538461536
-0.23615261538461538
-0.2330233846153846
-0.20152246153846154
-0.15896492307692306
-0.11181784615384616
-0.05716061538461538
0.006049846153846154
0.061124307692307686
0.10117846153846152
0.10493353846153847
0.09554584615384615
0.08866153846153846
0.07009476923076922
0.054657230769230764
0.03024923076923077
-0.0014603076923076922
-0.016897846153846156
-0.023782153846153845
-0.01668923076923077
-0.0012516923076923076
0.007510153846153846
0.017940923076923077
0.02545107692307692
0.024616615384615383
0.023782153846153845
0.028788923076923077
0.03045784615384615
0.022947692307692308
0.02023569230769231
0.021904615384615383
0.03400430769230769
0.04714707692307692
0.03650769230769231
0.016897846153846156
-0.008970461538461538
-0.04547815384615384
-0.08031692307692308
-0.11432123076923076
-0.1422756923076923
-0.14811692307692306
-0.13393107692307693
-0.0934596923076923
-0.029623384615384614
0.031918153846153846
0.08699261538461538
0.1341396923076923
0.16480615384615382
0.1779489230769231
0.15667015384615385
0.09763200000000001
0.015854769230769228
-0.07134646153846153
-0.14916
-0.2075723076923077
-0.22405292307692307
-0.20319138461538463
-0.14436184615384615
-0.04819015384615385
0.06008123076923077
0.18086953846153844
0.29456492307692306
0.37947138461538454
0.43704923076923075
0.44268184615384615
0.40200184615384615
0.31688676923076925
0.1792006153846154
0.027745846153846152
-0.11557292307692307
-0.2261390769230769
-0.2845513846153846
-0.2979027692307692
-0.26869661538461537
-0.1992276923076923
-0.09679753846153846
0.031709538461538456
0.16063384615384615
0.2638984615384615
0.3195987692307692
0.330864
0.30749907692307693
0.24470584615384613
0.1696043076923077
0.07551876923076924
-0.02586830769230769
-0.10243015384615384
-0.15646153846153846
-0.1721076923076923
-0.17273353846153844
-0.15771323076923077
-0.11411261538461538
-0.06195876923076923
0.011891076923076923
0.084072
0.14394461538461537
0.18942276923076923
0.21028430769230766
0.22426153846153846
0.21341353846153846
0.18086953846153844
0.12412615384615384
0.037967999999999995
-0.04714707692307692
-0.12704676923076924
-0.19797599999999999
-0.24846092307692308
-0.28204799999999997
-0.2868461538461538
-0.25764
-0.20360861538461536
-0.13309661538461537
-0.059664
0.01043076923076923
0.07092923076923077
0.12829846153846153
0.1721076923076923
0.1883796923076923
0.17502830769230768
0.1287156923076923
0.06154153846153846
-0.020027076923076922
-0.10722830769230769
-0.18629353846153843
-0.25367630769230765
-0.30374399999999996
-0.317304
-0.28350830769230767
-0.20840676923076923
-0.10514215384615383
0.004589538461538461
0.09846646153846153
0.1718990769230769
0.21821169230769227
0.22676492307692306
0.19338646153846153
0.12788123076923075
0.04526953846153846
-0.03400430769230769
-0.09700615384615385
-0.1489513846153846
-0.18066092307692305
-0.18921415384615384
-0.1656406153846154
-0.10952307692307692
-0.037967999999999995
0.035464615384615386
0.09512861538461538
0.1424843076923077
0.1792006153846154
0.20548615384615385
0.21821169230769227
0.2021483076923077
0.16209415384615386
0.1097316923076923
0.05403138461538461
0.012099692307692308
-0.018983999999999997
-0.042974769230769226
-0.04631261538461538
-0.03150092307692308
0.003963692307692307
0.053614153846153846
0.09137353846153846
0.11599015384615384
0.11473846153846154
0.10117846153846152
0.07969107692307692
0.04172307692307692
0.002086153846153846
-0.04839876923076923
-0.08907876923076924
-0.11348676923076922
-0.11724184615384614
-0.09971815384615385
-0.08323753846153846
-0.065088
-0.04547815384615384
-0.024199384615384616
-0.0029206153846153843
0.001043076923076923
-0.016063384615384615
-0.04693846153846153
-0.08344615384615384
-0.103056
-0.10222153846153846
-0.08907876923076924
-0.06446215384615385
-0.031709538461538456
0.013142769230769229
0.06884307692307692
0.12370892307692308
0.16105107692307694
0.16292861538461537
0.14311015384615386
0.1151556923076923
0.08219446153846154
0.0448523076923077
0.006467076923076923
-0.03045784615384615
-0.06738276923076922
-0.08907876923076924
-0.09304246153846155
-0.078648
-0.054657230769230764
-0.027745846153846152
-0.0016689230769230767
0.03108369230769231
0.06884307692307692
0.09471138461538461
0.10660246153846153
0.09930092307692308
0.08866153846153846
0.06341907692307691
0.02858030769230769
-0.006258461538461538
-0.05403138461538461
-0.0936683076923077
-0.11703323076923078
-0.11557292307692307
-0.09596307692307693
-0.07677046153846154
-0.050067692307692306
-0.013560000000000001
0.040679999999999994
0.09909230769230769
0.1397723076923077
0.1656406153846154
0.1777403076923077
0.18545907692307692
0.19380369230769232
0.19651569230769228
0.1804523076923077
0.14457046153846154
0.09992676923076924
0.04839876923076923
-0.002086153846153846
-0.05507446153846154
-0.11265230769230769
-0.16292861538461537
-0.18650215384615382
-0.17628
-0.14436184615384615
-0.08615815384615384
-0.013351384615384614
0.05298830769230769
0.11223507692307692
0.157296
0.18191261538461537
0.1760713846153846
0.13497415384615385
0.08615815384615384
0.029623384615384614
-0.029414769230769227
-0.08302892307692307
-0.13872923076923074
-0.17294215384615383
-0.1860849230769231
-0.16438892307692307
-0.10785415384615385
-0.047981538461538464
0.010639384615384617
0.06154153846153846
0.11411261538461538
0.17377661538461536
0.214248
0.22426153846153846
0.20277415384615383
0.1570873846153846
0.10076123076923077
0.029414769230769227
-0.05090215384615384
-0.143736
-0.22947692307692308
-0.28350830769230767
-0.30416123076923074
-0.27432923076923077
-0.22008923076923076
-0.1422756923076923
-0.042348923076923076
0.06425353846153846
0.17732307692307692
0.2701569230769231
0.327108923076923
0.3323243076923077
0.2924787692307692
0.22300984615384614
0.1397723076923077
0.05736923076923077
-0.017523692307692306
-0.08469784615384615
-0.13309661538461537
-0.15145476923076923
-0.14686523076923075
-0.11056615384615384
-0.06550523076923077
-0.014603076923076923
0.049233230769230765
0.11494707692307692
0.18399876923076922
0.23156307692307693
0.2438713846153846
0.22530461538461538
0.1777403076923077
0.11995384615384615
0.059872615384615385
-0.019192615384615384
-0.103056
-0.17252492307692308
-0.21779446153846155
-0.22551323076923077
-0.20715507692307691
-0.165432
-0.111192
-0.04380923076923077
0.028788923076923077
0.08907876923076924
0.14039815384615384
0.16856123076923077
0.17544553846153846
0.16856123076923077
0.16438892307692307
0.15917353846153848
0.13101046153846155
0.09408553846153846
0.053405538461538456
0.021904615384615383
0.008970461538461538
0.006884307692307692
0.010222153846153844
0.008761846153846153
0.016480615384615385
0.037967999999999995
0.07113784615384615
0.10910584615384614
0.13893784615384613
0.15500123076923078
0.16271999999999998
0.1422756923076923
0.09721476923076922
0.030040615384615384
-0.06675692307692307
-0.16042523076923076
-0.2582658461538461
-0.30749907692307693
-0.3202246153846154
-0.2643156923076923
-0.15604430769230768
0.03650769230769231
0.2670276923076923
0.38677292307692307
0.5782818461538461
0.6713243076923077
0.703451076923077
0.6821723076923076
0.47418276923076924
0.26452430769230767
-0.06049846153846154
-0.32585723076923073
-0.565764923076923
-0.8240307692307692
-0.9452363076923076
-1.034315076923077
-0.9116492307692308
-0.6709070769230769
-0.3467187692307692
0.08135999999999999
0.4109723076923077
0.7453827692307692
0.9744424615384616
1.040364923076923
1.0107415384615386
0.7562307692307693
0.425784
0.05090215384615384
-0.40346215384615386
-0.7163852307692308
-0.9610910769230769
-1.0827138461538461
-1.0345236923076921
-0.9331366153846153
-0.6729932307692307
-0.3577753846153846
0.006467076923076923
0.41681353846153846
0.7245212307692307
0.9577532307692307
1.0591403076923076
1.0286824615384615
0.9008012307692307
0.6068621538461538
0.2438713846153846
-0.15500123076923078
-0.5413569230769231
-0.7952418461538461
-0.9644289230769231
-1.0032313846153846
-0.9012184615384615
-0.7117956923076924
-0.41973415384615387
-0.10576799999999999
0.20339999999999997
0.5138196923076923
0.742044923076923
0.9022615384615383
0.9811181538461538
0.9402295384615384
0.8017089230769231
0.5436516923076923
0.21925476923076925
-0.14164984615384615
-0.49337538461538455
-0.7649926153846154
-0.9533723076923077
-1.0046916923076923
-0.9489913846153846
-0.7866886153846154
-0.47918953846153844
-0.12913292307692306
0.25242461538461536
0.6206307692307692
0.8889101538461538
1.0777070769230768
1.1286092307692306
1.0591403076923076
0.8740984615384615
0.5601323076923077
0.22113230769230768
-0.1422756923076923
-0.47272246153846154
-0.7184713846153845
-0.8855723076923077
-0.9145698461538461
-0.8223618461538462
-0.6166670769230769
-0.31396615384615384
0.03150092307692308
0.40930338461538457
0.7320313846153846
0.9391864615384615
1.0443286153846154
0.9857076923076923
0.8037950769230768
0.5373932307692307
0.1802436923076923
-0.17481969230769231
-0.5031803076923077
-0.762072
-0.9072683076923076
-0.9715218461538461
-0.9164473846153846
-0.7393329230769231
-0.48023261538461537
-0.168144
0.14123261538461537
0.4049224615384615
0.587460923076923
0.6967753846153846
0.7245212307692307
0.6500455384615383
0.497964923076923
0.27328615384615385
0.013560000000000001
-0.2221753846153846
-0.42640984615384614
-0.5584633846153846
-0.6187532307692307
-0.6252203076923077
-0.5492843076923076
-0.4105550769230769
-0.2275993846153846
-0.027120000000000002
0.16459753846153846
0.3327415384615385
0.4679243076923077
0.5555427692307692
0.5843316923076923
0.5426086153846154
0.42661846153846156
0.2626467692307692
0.07426707692307692
-0.10055261538461538
-0.25659692307692306
-0.37967999999999996
-0.47272246153846154
-0.52884
-0.5177833846153846
-0.45311261538461534
-0.3375396923076923
-0.19755876923076923
-0.05736923076923077
0.08240307692307691
0.21925476923076925
0.3437981538461538
0.43579753846153846
0.46354338461538463
0.4243236923076923
0.3421292307692308
0.23218892307692307
0.11724184615384614
0.005215384615384615
-0.11056615384615384
-0.20861538461538462
-0.265776
-0.2695310769230769
-0.2261390769230769
-0.16021661538461537
-0.08094276923076923
-0.009804923076923077
0.06425353846153846
0.13267938461538462
0.18775384615384613
0.222384
0.21341353846153846
0.1908830769230769
0.15520984615384617
0.11432123076923076
0.07885661538461539
0.03775938461538462
-0.008970461538461538
-0.04902461538461538
-0.05528307692307692
-0.026702769230769228
0.019609846153846155
0.05945538461538461
0.08219446153846154
0.0880356923076923
0.08386338461538462
0.07843938461538462
0.06529661538461538
0.037967999999999995
-0.0043809230769230765
-0.03504738461538461
-0.042974769230769226
-0.028163076923076923
0.0077187692307692304
0.04193169230769231
0.08636676923076922
0.13852061538461538
0.18483323076923078
0.21320492307692307
0.1977673846153846
0.14206707692307693
0.06571384615384615
-0.013560000000000001
-0.08866153846153846
-0.14916
-0.20235692307692305
-0.24032492307692307
-0.23406646153846156
-0.1869193846153846
-0.10535076923076922
-0.011265230769230769
0.07280676923076923
0.14603076923076924
0.20110523076923076
0.23093723076923076
0.22572184615384616
0.17899199999999998
0.09387692307692307
-0.02023569230769231
-0.13455692307692307
-0.2288510769230769
-0.2997803076923077
-0.3412947692307692
-0.35568923076923076
-0.3294036923076923
-0.25534523076923077
-0.14477907692307693
-0.016480615384615385
0.09471138461538461
0.18066092307692305
0.23844738461538462
0.25284184615384614
0.21842030769230766
0.14811692307692306
0.04652123076923077
-0.07343261538461537
-0.17002153846153847
-0.2438713846153846
-0.2981113846153846
-0.32543999999999995
-0.3342018461538461
-0.31083692307692307
-0.2532590769230769
-0.17544553846153846
-0.08845292307692308
-0.016272
0.03838523076923077
0.08720123076923077
0.12579507692307693
0.1502030769230769
0.15750461538461538
0.14123261538461537
0.10994030769230768
0.06863446153846153
0.02315630769230769
-0.03129230769230769
-0.08845292307692308
-0.13267938461538462
-0.16042523076923076
-0.14853415384615384
-0.1028473846153846
-0.037342153846153844
0.04214030769230769
0.11703323076923078
0.1881710769230769
0.2582658461538461
0.30937661538461536
0.33295015384615384
0.3072904615384615
0.24408
0.1696043076923077
0.084072
0.006049846153846154
-0.06863446153846153
-0.13372246153846154
-0.17002153846153847
-0.16084246153846155
-0.10430769230769231
-0.025033846153846153
0.05945538461538461
0.14081538461538462
0.20673784615384616
0.2588916923076923
0.2906012307692308
0.27599815384615384
0.21654276923076923
0.12245723076923076
0.01981846153846154
-0.059872615384615385
-0.12433476923076923
-0.17002153846153847
-0.19171753846153847
-0.19004861538461537
-0.14018953846153845
-0.05590892307692308
0.040262769230769234
0.132888
0.20110523076923076
0.25805723076923076
0.2914356923076923
0.2883064615384615
0.24720923076923076
0.1597993846153846
0.05444861538461539
-0.040262769230769234
-0.11599015384615384
-0.1712732307692308
-0.20778092307692309
-0.2194633846153846
-0.20047938461538461
-0.15166338461538462
-0.06967753846153846
0.031918153846153846
0.13205353846153844
0.21487384615384614
0.26076923076923075
0.28246523076923075
0.28017046153846153
0.24428861538461538
0.18379015384615385
0.08866153846153846
-0.011891076923076923
-0.08866153846153846
-0.14582215384615385
-0.1785747692307692
-0.19568123076923075
-0.18963138461538462
-0.15500123076923078
-0.0855323076923077
0.006884307692307692
0.09679753846153846
0.18483323076923078
0.2526332307692308
0.3045784615384615
0.3375396923076923
0.3314898461538462
0.2853858461538461
0.19630707692307692
0.08782707692307692
-0.019192615384615384
-0.11160923076923077
-0.1802436923076923
-0.2225926153846154
-0.23114584615384615
-0.19693292307692306
-0.12516923076923075
-0.031918153846153846
0.06404492307692307
0.14978584615384616
0.22134092307692307
0.2757895384615385
0.3077076923076923
0.30270092307692303
0.2680707692307692
0.20423446153846153
0.11432123076923076
0.01710646153846154
-0.07948246153846153
-0.16501476923076921
-0.23448369230769228
-0.2803790769230769
-0.2830910769230769
-0.23782153846153845
-0.16271999999999998
-0.06675692307692307
0.03504738461538461
0.12579507692307693
0.2059033846153846
0.2680707692307692
0.29456492307692306
0.2707827692307692
0.19359507692307693
0.08636676923076922
-0.012099692307692308
-0.08782707692307692
-0.15416676923076922
-0.21091015384615383
-0.24345415384615382
-0.24658338461538462
-0.22989415384615383
-0.20131384615384615
-0.1656406153846154
-0.130176
-0.09700615384615385
-0.06675692307692307
-0.02524246153846154
0.021487384615384613
0.054240000000000003
0.0798996923076923
0.09137353846153846
0.09137353846153846
0.08490646153846154
0.058412307692307694
0.017940923076923077
-0.032544
-0.0826116923076923
-0.10910584615384614
-0.11244369230769231
-0.09700615384615385
-0.06362769230769232
-0.03150092307692308
0.007927384615384614
0.06133292307692308
0.11432123076923076
0.1614683076923077
0.18316430769230768
0.19881046153846152
0.21967199999999998
0.23510953846153848
0.24095076923076922
0.21508246153846153
0.15959076923076923
0.08845292307692308
0.017940923076923077
-0.03442153846153846
-0.08094276923076923
-0.14039815384615384
-0.19526400000000002
-0.21007569230769232
-0.17690584615384616
-0.111192
-0.026494153846153844
0.06946892307692307
0.15228923076923076
0.2209236923076923
0.27704123076923076
0.30061476923076924
0.2899753846153846
0.23844738461538462
0.165432
0.08949599999999999
0.014394461538461538
-0.05924676923076923
-0.13101046153846155
-0.1881710769230769
-0.2225926153846154
-0.21132738461538458
-0.15813046153846153
-0.07510153846153846
0.023782153846153845
0.1136953846153846
0.19338646153846153
0.2666104615384615
0.31855569230769226
0.32502276923076917
0.2851772307692308
0.19526400000000002
0.08845292307692308
-0.014603076923076923
-0.11807630769230769
-0.20339999999999997
-0.2751636923076923
-0.31104553846153843
-0.30583015384615386
-0.2497126153846154
-0.1637630769230769
-0.07551876923076924
-0.008970461538461538
0.03859384615384615
0.10806276923076923
0.15500123076923078
0.18921415384615384
0.17315076923076922
0.11891076923076922
0.06028984615384615
0.007510153846153846
-0.024408000000000003
-0.027120000000000002
0.009387692307692307
-0.07843938461538462
-0.14728246153846153
-0.1802436923076923
-0.23072861538461537
-0.1846246153846154
-0.23072861538461537
-0.3031181538461538
-0.34504984615384615
-0.33649661538461534
-0.19296923076923078
-0.07364123076923076
0.011891076923076923
0.051319384615384614
0.08574092307692306
0.1992276923076923
0.28476
0.3072904615384615
0.17669723076923077
-0.034630153846153845
-0.16480615384615382
-0.2716172307692308
-0.28413415384615387
-0.28017046153846153
-0.30144923076923075
-0.21737723076923077
-0.15562707692307692
-0.024408000000000003
0.14749107692307692
0.19463815384615382
0.24908676923076922
0.23615261538461538
0.17398523076923075
0.14185846153846154
0.07134646153846153
0.04380923076923077
0.012308307692307691
-0.05298830769230769
-0.07593599999999999
-0.07885661538461539
-0.031709538461538456
0.006675692307692307
-0.004589538461538461
-0.027328615384615382
-0.06195876923076923
-0.026702769230769228
0.015020307692307692
0.0
-0.008970461538461538
-0.054240000000000003
-0.0678
-0.02086153846153846
-0.007927384615384614
0.03400430769230769
0.05528307692307692
0.05319692307692307
0.11557292307692307
0.1356
0.11056615384615384
0.06195876923076923
-0.0016689230769230767
-0.03379569230769231
-0.06279323076923077
-0.08448923076923077
-0.09012184615384615
-0.06279323076923077
-0.010848
0.03984553846153846
0.12788123076923075
0.20506892307692307
0.25430215384615384
0.31188
0.3143833846153846
0.29727692307692305
0.2563883076923077
0.17544553846153846
0.12266584615384615
0.050067692307692306
-0.01043076923076923
-0.023782153846153845
-0.040262769230769234
-0.03775938461538462
-0.026702769230769228
-0.005841230769230769
0.05820369230769231
0.12224861538461537
0.15938215384615384
0.15667015384615385
0.13101046153846155
0.11411261538461538
0.07697907692307693
0.030875076923076922
-0.03901107692307692
-0.11765907692307691
-0.1368516923076923
-0.14436184615384615
-0.12204
-0.06529661538461538
-0.03838523076923077
0.015228923076923076
0.05862092307692307
0.07426707692307692
0.10409907692307692
0.09137353846153846
0.05173661538461538
-0.002086153846153846
-0.06717415384615384
-0.11035753846153845
-0.13935507692307691
-0.14060676923076923
-0.12996738461538462
-0.10681107692307691
-0.056951999999999996
-0.02315630769230769
0.02211323076923077
0.06279323076923077
0.08135999999999999
0.10430769230769231
0.07948246153846153
0.048816000000000005
0.03400430769230769
-0.0022947692307692304
-0.03379569230769231
-0.07760492307692309
-0.11807630769230769
-0.11265230769230769
-0.09137353846153846
-0.06446215384615385
-0.03483876923076923
-0.021070153846153846
0.0077187692307692304
0.04735569230769231
0.0853236923076923
0.11953661538461538
0.11974523076923077
0.0963803076923077
0.05048492307692308
0.006049846153846154
-0.029623384615384614
-0.07238953846153846
-0.084072
-0.092208
-0.09784061538461537
-0.08448923076923077
-0.0744756923076923
-0.034630153846153845
0.0018775384615384615
0.0077187692307692304
0.01940123076923077
0.03337846153846154
0.06446215384615385
0.10430769230769231
0.11870215384615385
0.11599015384615384
0.09679753846153846
0.07656184615384615
0.06717415384615384
0.05090215384615384
0.023990769230769232
-0.026702769230769228
-0.07927384615384615
-0.10660246153846153
-0.11223507692307692
-0.08782707692307692
-0.059872615384615385
-0.017315076923076923
0.042974769230769226
0.103056
0.184416
0.2532590769230769
0.29185292307692307
0.2993630769230769
0.2601433846153846
0.20006215384615383
0.1314276923076923
0.054657230769230764
-0.024616615384615383
-0.12037107692307693
-0.19192615384615386
-0.21758584615384616
-0.19985353846153847
-0.1476996923076923
-0.09846646153846153
-0.03984553846153846
0.024616615384615383
0.09137353846153846
0.16418030769230768
0.21320492307692307
0.22551323076923077
0.20423446153846153
0.15374953846153847
0.11223507692307692
0.06341907692307691
-0.0070929230769230765
-0.07301538461538462
-0.1368516923076923
-0.1656406153846154
-0.1666836923076923
-0.14832553846153845
-0.10952307692307692
-0.07343261538461537
-0.02899753846153846
0.02753723076923077
0.09158215384615384
0.1502030769230769
0.1710646153846154
0.16856123076923077
0.15938215384615384
0.14728246153846153
0.13747753846153846
0.11202646153846153
0.08720123076923077
0.051319384615384614
-0.0018775384615384615
-0.031918153846153846
-0.054240000000000003
-0.065088
-0.0717636923076923
-0.0880356923076923
-0.07635323076923077
-0.04652123076923077
-0.003755076923076923
0.043600615384615383
0.06967753846153846
0.09179076923076923
0.10868861538461538
0.11724184615384614
0.12016246153846154
0.10117846153846152
0.06049846153846154
0.004589538461538461
-0.04672984615384615
-0.08115138461538463
-0.10910584615384614
-0.12704676923076924
-0.12829846153846153
-0.10493353846153847
-0.05945538461538461
-0.0022947692307692304
0.06133292307692308
0.11348676923076922
0.14728246153846153
0.16710092307692306
0.17544553846153846
0.1721076923076923
0.1449876923076923
0.1028473846153846
0.05194523076923077
-0.009596307692307692
-0.05799507692307692
-0.09804923076923076
-0.12725538461538463
-0.14457046153846154
-0.1543753846153846
-0.13080184615384613
-0.08198584615384615
-0.025033846153846153
0.026911384615384615
0.06321046153846153
0.0961716923076923
0.12808984615384614
0.14436184615384615
0.13309661538461537
0.07927384615384615
0.017732307692307693
-0.021070153846153846
-0.04672984615384615
-0.04819015384615385
-0.053405538461538456
-0.06362769230769232
-0.06049846153846154
-0.050067692307692306
-0.01814953846153846
0.023782153846153845
0.054657230769230764
0.08010830769230769
0.10263876923076923
0.13205353846153844
0.15667015384615385
0.16438892307692307
0.15875630769230767
0.11828492307692307
0.07155507692307693
0.02273907692307692
-0.03108369230769231
-0.073224
-0.12934153846153845
-0.16480615384615382
-0.16209415384615386
-0.13789476923076924
-0.07739630769230768
-0.010639384615384617
0.04318338461538461
0.0892873846153846
0.11286092307692308
0.1289243076923077
0.12287446153846153
0.07134646153846153
0.004798153846153846
-0.07030338461538461
-0.1358086153846154
-0.1787833846153846
-0.208824
-0.20131384615384615
-0.16856123076923077
-0.10472492307692308
-0.011265230769230769
0.08824430769230769
0.1881710769230769
0.2492953846153846
0.2707827692307692
0.2591003076923077
0.20465169230769228
0.12600369230769232
0.02315630769230769
-0.09554584615384615
-0.18963138461538462
-0.25513661538461535
-0.268488
-0.23052
-0.17628
-0.086784
0.019192615384615384
0.1218313846153846
0.2073636923076923
0.24762646153846155
0.241368
0.18983999999999998
0.1045163076923077
0.0016689230769230767
-0.10931446153846153
-0.21445661538461538
-0.29727692307692305
-0.3379569230769231
-0.3269003076923077
-0.26911384615384615
-0.16271999999999998
-0.03775938461538462
0.08073415384615384
0.1858763076923077
0.2618123076923077
0.31104553846153843
0.32231076923076923
0.28267384615384616
0.21341353846153846
0.13038461538461538
0.043600615384615383
-0.03275261538461539
-0.09909230769230769
-0.1422756923076923
-0.15792184615384616
-0.14477907692307693
-0.10931446153846153
-0.06529661538461538
-0.013768615384615384
0.030875076923076922
0.07384984615384615
0.10910584615384614
0.13184492307692308
0.14686523076923075
0.14916
0.13080184615384613
0.09679753846153846
0.058829538461538454
0.0050067692307692304
-0.05277969230769231
-0.1151556923076923
-0.16710092307692306
-0.19735015384615384
-0.20986707692307693
-0.19755876923076923
-0.1733593846153846
-0.12412615384615384
-0.059872615384615385
0.014603076923076923
0.09825784615384614
0.1718990769230769
0.22634769230769228
0.2517987692307692
0.26076923076923075
0.24658338461538462
0.20402584615384614
0.1316363076923077
0.03045784615384615
-0.07885661538461539
-0.17982646153846152
-0.25951753846153847
-0.30290953846153845
-0.30666461538461537
-0.2697396923076923
-0.17982646153846152
-0.061750153846153844
0.06425353846153846
0.18316430769230768
0.2626467692307692
0.30332676923076923
0.3016578461538461
0.25200738461538463
0.1691870769230769
0.046104
-0.09074769230769231
-0.21299630769230768
-0.32001599999999997
-0.38426953846153844
-0.40575692307692307
-0.3734215384615384
-0.2858030769230769
-0.168144
-0.01814953846153846
0.12788123076923075
0.24866953846153847
0.33545353846153847
0.35986153846153845
0.3442153846153846
0.29832
0.21320492307692307
0.11160923076923077
-0.003129230769230769
-0.10514215384615383
-0.16188553846153847
-0.1846246153846154
-0.15750461538461538
-0.10389046153846154
-0.03755076923076923
0.043600615384615383
0.11724184615384614
0.1867107692307692
0.21508246153846153
0.20423446153846153
0.16105107692307694
0.08949599999999999
0.029623384615384614
-0.021070153846153846
-0.05653476923076922
-0.0826116923076923
-0.10096984615384616
-0.0853236923076923
-0.03775938461538462
0.023990769230769232
0.07969107692307692
0.10910584615384614
0.119328
0.1218313846153846
0.11098338461538461
0.100344
0.06362769230769232
-0.003755076923076923
-0.078648
-0.14790830769230767
-0.21445661538461538
-0.25054707692307693
-0.18942276923076923
-0.08490646153846154
0.07405846153846153
0.25242461538461536
0.4355889230769231
0.615624
0.7099181538461539
0.7293193846153846
0.6139550769230769
0.4216116923076923
0.19192615384615386
-0.04819015384615385
-0.2795446153846154
-0.4892030769230769
-0.5987261538461538
-0.627515076923077
-0.5303003076923076
-0.3558978461538462
-0.15166338461538462
0.06258461538461538
0.24428861538461538
0.39657784615384617
0.46625538461538457
0.4389267692307692
0.3198073846153846
0.15875630769230767
-0.010639384615384617
-0.18149538461538461
-0.30979384615384614
-0.3821833846153846
-0.36570276923076916
-0.2532590769230769
-0.0855323076923077
0.10472492307692308
0.25847446153846154
0.3481790769230769
0.3913624615384615
0.3508910769230769
0.2517987692307692
0.12329169230769231
-0.011473846153846154
-0.0934596923076923
-0.13121907692307694
-0.1097316923076923
-0.04526953846153846
0.02753723076923077
0.10076123076923077
0.14477907692307693
0.14164984615384615
0.0897046153846154
0.006258461538461538
-0.08177723076923075
-0.19463815384615382
-0.30833353846153844
-0.38948492307692306
-0.44351630769230765
-0.4239064615384615
-0.3588184615384616
-0.25805723076923076
-0.10117846153846152
0.08177723076923075
0.27787569230769227
0.4389267692307692
0.520704
0.5138196923076923
0.41681353846153846
0.2480436923076923
0.04714707692307692
-0.16647507692307692
-0.3467187692307692
-0.45040061538461534
-0.4720966153846154
-0.3919883076923077
-0.2438713846153846
-0.06633969230769231
0.11745046153846153
0.279336
0.3944916923076923
0.431208
0.40638276923076927
0.32606584615384615
0.19797599999999999
0.06008123076923077
-0.06654830769230768
-0.16251138461538459
-0.22593046153846155
-0.25701415384615384
-0.25701415384615384
-0.22530461538461538
-0.1543753846153846
-0.058829538461538454
0.03901107692307692
0.10347323076923076
0.12537784615384615
0.12767261538461538
0.11223507692307692
0.07364123076923076
0.012516923076923077
-0.05757784615384615
-0.10576799999999999
-0.11891076923076922
-0.10263876923076923
-0.06049846153846154
-0.012099692307692308
0.03108369230769231
0.06800861538461538
0.09095630769230768
0.08073415384615384
0.03483876923076923
-0.03859384615384615
-0.12120553846153845
-0.1860849230769231
-0.23218892307692307
-0.24095076923076922
-0.21320492307692307
-0.16292861538461537
-0.08344615384615384
0.017940923076923077
0.11703323076923078
0.18858830769230767
0.22175815384615383
0.2056947692307692
0.14686523076923075
0.06028984615384615
-0.045895384615384616
-0.15291507692307693
-0.24741784615384615
-0.31834707692307695
-0.34046030769230773
-0.3016578461538461
-0.21716861538461538
-0.09053907692307692
0.05611753846153846
0.19568123076923075
0.3252313846153846
0.4253667692307692
0.4758516923076923
0.4577021538461538
0.3652855384615385
0.22780799999999998
0.07823076923076923
-0.06863446153846153
-0.19714153846153845
-0.29414769230769233
-0.35318584615384613
-0.35798399999999997
-0.2966510769230769
-0.19359507692307693
-0.07927384615384615
0.02482523076923077
0.10785415384615385
0.17586276923076924
0.2140393846153846
0.21737723076923077
0.18900553846153845
0.1287156923076923
0.06487938461538462
0.01668923076923077
-0.015854769230769228
-0.025659692307692307
-0.02044430769230769
-0.0035464615384615383
0.026494153846153844
0.05736923076923077
0.084072
0.09554584615384615
0.0934596923076923
0.07405846153846153
0.05027630769230769
0.04714707692307692
0.05778646153846154
0.07531015384615385
0.09074769230769231
0.11098338461538461
0.15249784615384615
0.20548615384615385
0.25346769230769234
0.2799618461538461
0.26786215384615386
0.21800307692307694
0.1504116923076923
0.06362769230769232
-0.037342153846153844
-0.14561353846153846
-0.24887815384615386
-0.30666461538461537
-0.3079163076923077
-0.249504
-0.15333230769230768
-0.04422646153846154
0.06967753846153846
0.1710646153846154
0.2453316923076923
0.27140861538461536
0.2374043076923077
0.14853415384615384
0.03421292307692308
-0.07259815384615384
-0.15896492307692306
-0.2138307692307692
-0.23448369230769228
-0.22467876923076924
-0.1779489230769231
-0.09512861538461538
0.013560000000000001
0.12287446153846153
0.2138307692307692
0.25951753846153847
0.26306399999999996
0.2426196923076923
0.1860849230769231
0.10889723076923077
0.008136
-0.10493353846153847
-0.1923433846153846
-0.25138153846153843
-0.2674449230769231
-0.24011630769230768
-0.19046584615384615
-0.11244369230769231
-0.015437538461538461
0.09137353846153846
0.1883796923076923
0.24762646153846155
0.2618123076923077
0.23448369230769228
0.1787833846153846
0.10013538461538461
0.0016689230769230767
-0.09992676923076924
-0.18358153846153846
-0.23615261538461538
-0.2330233846153846
-0.1856676923076923
-0.111192
-0.020027076923076922
0.06633969230769231
0.14999446153846155
0.21445661538461538
0.24282830769230768
0.22697353846153845
0.1718990769230769
0.09512861538461538
0.013560000000000001
-0.07009476923076922
-0.143736
-0.18796246153846152
-0.21049292307692305
-0.21362215384615382
-0.19046584615384615
-0.13372246153846154
-0.06362769230769232
-0.0043809230769230765
0.04318338461538461
0.08115138461538463
0.11411261538461538
0.13351384615384615
0.13893784615384613
0.12975876923076923
0.09721476923076922
0.055491692307692304
0.02023569230769231
-0.015437538461538461
-0.041514461538461535
-0.06425353846153846
-0.07426707692307692
-0.04839876923076923
-0.010639384615384617
0.04526953846153846
0.10055261538461538
0.1489513846153846
0.19672430769230767
0.22300984615384614
0.24011630769230768
0.23239753846153846
0.20444307692307692
0.168144
0.13080184615384613
0.1028473846153846
0.07197230769230768
0.029414769230769227
-0.02023569230769231
-0.058412307692307694
-0.08073415384615384
-0.09074769230769231
-0.09450276923076922
-0.09012184615384615
-0.07468430769230769
-0.05048492307692308
-0.014394461538461538
0.029206153846153847
0.05820369230769231
0.06633969230769231
0.06863446153846153
0.06425353846153846
0.061124307692307686
0.050067692307692306
0.019609846153846155
-0.010848
-0.03692492307692308
-0.05507446153846154
-0.05945538461538461
-0.04985907692307692
-0.026702769230769228
0.002086153846153846
0.03588184615384615
0.08323753846153846
0.1287156923076923
0.15270646153846154
0.15833907692307692
0.1341396923076923
0.09679753846153846
0.058412307692307694
0.015228923076923076
-0.02586830769230769
-0.06321046153846153
-0.0826116923076923
-0.08135999999999999
-0.052153846153846155
-0.013768615384615384
0.007301538461538462
0.02023569230769231
0.03045784615384615
0.040679999999999994
0.04547815384615384
0.03358707692307692
0.0043809230769230765
-0.028163076923076923
-0.058412307692307694
-0.07572738461538461
-0.08010830769230769
-0.0717636923076923
-0.04568676923076923
-0.021070153846153846
0.00855323076923077
0.04172307692307692
0.06592246153846154
0.07238953846153846
0.05820369230769231
0.03567323076923076
0.004798153846153846
-0.02211323076923077
-0.03275261538461539
-0.03838523076923077
-0.035464615384615386
-0.02211323076923077
0.006258461538461538
0.05611753846153846
0.11035753846153845
0.15291507692307693
0.17294215384615383
0.17231630769230769
0.15500123076923078
0.10722830769230769
0.03775938461538462
-0.04756430769230769
-0.12850707692307692
-0.18942276923076923
-0.23385784615384617
-0.24762646153846155
-0.24032492307692307
-0.20339999999999997
-0.13643446153846153
-0.05528307692307692
0.03483876923076923
0.10868861538461538
0.15354092307692307
0.1656406153846154
0.14519630769230768
0.0961716923076923
0.03358707692307692
-0.03609046153846154
-0.10910584615384614
-0.1733593846153846
-0.21716861538461538
-0.22634769230769228
-0.20632061538461538
-0.16897846153846155
-0.12412615384615384
-0.07656184615384615
-0.024616615384615383
0.020652923076923076
0.05236246153846154
0.06633969230769231
0.06028984615384615
0.04735569230769231
0.020027076923076922
-0.009387692307692307
-0.03650769230769231
-0.07885661538461539
-0.12391753846153845
-0.1637630769230769
-0.18399876923076922
-0.18712800000000002
-0.17315076923076922
-0.1397723076923077
-0.09554584615384615
-0.035464615384615386
0.029414769230769227
0.09116492307692307
0.1395636923076923
0.16292861538461537
0.16626646153846153
0.16334584615384617
0.15291507692307693
0.12266584615384615
0.07426707692307692
0.006049846153846154
-0.05674338461538461
-0.10618523076923077
-0.13852061538461538
-0.14290153846153844
-0.1287156923076923
-0.08594953846153845
-0.021696
0.0609156923076923
0.15082892307692305
0.21821169230769227
0.25138153846153843
0.25242461538461536
0.22008923076923076
0.16584923076923075
0.09825784615384614
0.015854769230769228
-0.061124307692307686
-0.11452984615384615
-0.12683815384615382
-0.10055261538461538
-0.05319692307692307
0.013351384615384614
0.07802215384615384
0.14102399999999998
0.20673784615384616
0.25367630769230765
0.2757895384615385
0.25764
0.21216184615384615
0.14519630769230768
0.06404492307692307
-0.009596307692307692
-0.08010830769230769
-0.13789476923076924
-0.17502830769230768
-0.1829556923076923
-0.16021661538461537
-0.11536430769230768
-0.05570030769230769
0.008136
0.06967753846153846
0.12308307692307692
0.16063384615384615
0.17690584615384616
0.168144
0.13038461538461538
0.07927384615384615
0.016272
-0.04756430769230769
-0.09784061538461537
-0.17648861538461538
-0.22989415384615383
-0.24908676923076922
-0.23490092307692306
-0.18107815384615383
-0.12496061538461539
-0.06133292307692308
0.026076923076923077
0.12496061538461539
0.25054707692307693
0.45373846153846153
0.44038707692307694
0.34296369230769225
0.2849686153846154
0.10743692307692307
0.04547815384615384
-0.06926030769230769
-0.32272799999999996
-0.545112
-0.686136
-0.6135378461538461
-0.4214030769230769
-0.23177169230769232
-0.06446215384615385
0.08490646153846154
0.3252313846153846
0.566808
0.7384984615384615
0.7353692307692308
0.4956701538461538
0.2695310769230769
0.03421292307692308
-0.16084246153846155
-0.2753723076923077
-0.4775206153846153
-0.5499101538461538
-0.5736923076923076
-0.5380190769230769
-0.28163076923076924
-0.1045163076923077
0.09784061538461537
0.2993630769230769
0.3513083076923077
0.4449766153846154
0.48816
0.4917064615384615
0.4781464615384615
0.3081249230769231
0.11870215384615385
-0.05236246153846154
-0.16418030769230768
-0.20235692307692305
-0.2716172307692308
-0.32043323076923075
-0.3671630769230769
-0.32043323076923075
-0.15750461538461538
-0.051319384615384614
0.03212676923076923
0.08219446153846154
0.0961716923076923
0.1990190769230769
0.24345415384615382
0.2371956923076923
0.23656984615384613
0.1531236923076923
0.13372246153846154
0.12558646153846154
0.05486584615384615
-0.012934153846153845
-0.12037107692307693
-0.21883753846153844
-0.2641070769230769
-0.2887236923076923
-0.2799618461538461
-0.22405292307692307
-0.12516923076923075
-0.02899753846153846
0.10681107692307691
0.2726603076923077
0.37363015384615383
0.47418276923076924
0.4914978461538461
0.4053396923076923
0.32502276923076917
0.1923433846153846
0.05862092307692307
-0.07510153846153846
-0.23093723076923076
-0.301032
-0.33002953846153843
-0.3158436923076923
-0.23969907692307693
-0.15520984615384617
-0.012099692307692308
0.15938215384615384
0.29227015384615385
0.35694092307692304
0.34880492307692307
0.3239796923076923
0.25993476923076925
0.1704387692307692
0.051319384615384614
-0.12162276923076921
-0.22947692307692308
-0.2772498461538462
-0.2916443076923077
-0.2292683076923077
-0.16897846153846155
-0.09325107692307691
0.03024923076923077
0.12037107692307693
0.22113230769230768
0.29873723076923075
0.30583015384615386
0.2979027692307692
0.24345415384615382
0.165432
0.0798996923076923
0.006049846153846154
-0.04839876923076923
-0.09721476923076922
-0.10743692307692307
-0.119328
-0.09763200000000001
-0.040262769230769234
-0.0006258461538461538
0.06154153846153846
0.08761846153846153
0.08219446153846154
0.10660246153846153
0.09763200000000001
0.06863446153846153
0.03775938461538462
-0.01981846153846154
-0.03421292307692308
-0.016063384615384615
-0.010639384615384617
-0.011056615384615385
-0.035464615384615386
-0.04130584615384615
-0.026494153846153844
-0.012934153846153845
-0.0070929230769230765
-0.01710646153846154
-0.027120000000000002
-0.04109723076923077
-0.037967999999999995
-0.014603076923076923
0.01043076923076923
0.06341907692307691
0.12370892307692308
0.1422756923076923
0.15270646153846154
0.13267938461538462
0.092208
0.06550523076923077
-0.004798153846153846
-0.078648
-0.13601723076923075
-0.17461107692307692
-0.15333230769230768
-0.11953661538461538
-0.0897046153846154
-0.0448523076923077
0.008970461538461538
0.07635323076923077
0.12934153846153845
0.168144
0.17440246153846153
0.13643446153846153
0.0974233846153846
0.044435076923076924
-0.009179076923076922
-0.06133292307692308
-0.10931446153846153
-0.12391753846153845
-0.12704676923076924
-0.1045163076923077
-0.03442153846153846
0.05048492307692308
0.1178676923076923
0.16793538461538463
0.1948467692307692
0.21132738461538458
0.22154953846153846
0.18858830769230767
0.1136953846153846
0.0025033846153846152
-0.09992676923076924
-0.13872923076923074
-0.13497415384615385
-0.11265230769230769
-0.08699261538461538
-0.051528
0.003755076923076923
0.07677046153846154
0.14081538461538462
0.1585476923076923
0.1316363076923077
0.06133292307692308
-0.02273907692307692
-0.09471138461538461
-0.16772676923076923
-0.22175815384615383
-0.23928184615384615
-0.23907323076923076
-0.19714153846153845
-0.12808984615384614
-0.06279323076923077
0.0016689230769230767
0.03504738461538461
0.04652123076923077
0.04380923076923077
0.029623384615384614
0.008970461538461538
-0.022530461538461537
-0.05924676923076923
-0.10159569230769232
-0.1151556923076923
-0.09846646153846153
-0.06550523076923077
-0.026494153846153844
-0.009179076923076922
0.01272553846153846
0.05778646153846154
0.10681107692307691
0.14603076923076924
0.1422756923076923
0.10201292307692307
0.06216738461538462
0.02357353846153846
-0.010639384615384617
-0.044435076923076924
-0.09033046153846153
-0.12767261538461538
-0.13038461538461538
-0.09137353846153846
-0.03275261538461539
0.025659692307692307
0.07614461538461538
0.09846646153846153
0.10681107692307691
0.10597661538461538
0.08073415384615384
0.05048492307692308
0.008761846153846153
-0.03838523076923077
-0.07113784615384615
-0.08198584615384615
-0.06717415384615384
-0.04714707692307692
-0.022947692307692308
0.006258461538461538
0.03692492307692308
0.07134646153846153
0.10201292307692307
0.11035753846153845
0.09053907692307692
0.06049846153846154
0.03713353846153846
0.024408000000000003
0.010639384615384617
-0.017523692307692306
-0.05277969230769231
-0.07155507692307693
-0.06759138461538462
-0.05590892307692308
-0.05486584615384615
-0.05924676923076923
-0.05799507692307692
-0.03963692307692308
-0.011891076923076923
0.013560000000000001
0.032544
0.038176615384615385
0.04631261538461538
0.06195876923076923
0.08386338461538462
0.09992676923076924
0.10138707692307691
0.08991323076923076
0.06675692307692307
0.04526953846153846
0.02482523076923077
0.007510153846153846
-0.010639384615384617
-0.035464615384615386
-0.05298830769230769
-0.05590892307692308
-0.0446436923076923
-0.01940123076923077
0.012308307692307691
0.043600615384615383
0.07677046153846154
0.11181784615384616
0.13455692307692307
0.1358086153846154
0.11494707692307692
0.06216738461538462
-0.0018775384615384615
-0.053614153846153846
-0.10368184615384615
-0.14144123076923076
-0.16793538461538463
-0.1800350769230769
-0.16271999999999998
-0.12496061538461539
-0.06946892307692307
-0.013560000000000001
0.029623384615384614
0.06821723076923077
0.09596307692307693
0.11390399999999999
0.11640738461538462
0.10535076923076922
0.07656184615384615
0.03504738461538461
0.005215384615384615
-0.02357353846153846
-0.0446436923076923
-0.05590892307692308
-0.06300184615384616
-0.05173661538461538
-0.02524246153846154
0.011473846153846154
0.058412307692307694
0.092208
0.11828492307692307
0.14916
0.1637630769230769
0.17252492307692308
0.1635544615384615
0.12683815384615382
0.08156861538461539
0.026494153846153844
-0.03400430769230769
-0.092208
-0.14331876923076922
-0.1846246153846154
-0.19818461538461538
-0.17461107692307692
-0.11452984615384615
-0.03755076923076923
0.028163076923076923
0.08594953846153845
0.1422756923076923
0.18379015384615385
0.1940123076923077
0.17648861538461538
0.12537784615384615
0.05090215384615384
-0.021696
-0.08594953846153845
-0.13247076923076923
-0.16271999999999998
-0.1800350769230769
-0.16188553846153847
-0.10931446153846153
-0.03984553846153846
0.04756430769230769
0.12245723076923076
0.17711446153846155
0.21862892307692305
0.23823876923076923
0.24720923076923076
0.23636123076923077
0.19150892307692308
0.13080184615384613
0.059664
-0.003963692307692307
-0.04631261538461538
-0.08198584615384615
-0.103056
-0.12037107692307693
-0.11911938461538461
-0.09784061538461537
-0.07051199999999999
-0.022530461538461537
0.01668923076923077
0.04985907692307692
0.0771876923076923
0.09471138461538461
0.12099692307692309
0.1356
0.13768615384615385
0.12829846153846153
0.10347323076923076
0.07677046153846154
0.04902461538461538
0.019609846153846155
-0.016480615384615385
-0.05924676923076923
-0.10430769230769231
-0.13622584615384614
-0.14144123076923076
-0.12788123076923075
-0.08699261538461538
-0.03129230769230769
0.01814953846153846
0.06675692307692307
0.11473846153846154
0.15291507692307693
0.17085599999999998
0.165432
0.12704676923076924
0.06821723076923077
-0.006884307692307692
-0.08720123076923077
-0.14582215384615385
-0.18942276923076923
-0.20047938461538461
-0.1777403076923077
-0.1289243076923077
-0.054240000000000003
0.026702769230769228
0.10347323076923076
0.16876984615384616
0.2140393846153846
0.23156307692307693
0.22676492307692306
0.19735015384615384
0.15187199999999998
0.10889723076923077
0.06884307692307692
0.03483876923076923
0.014394461538461538
0.002712
-0.010013538461538461
-0.012934153846153845
-0.0043809230769230765
0.014603076923076923
0.041514461538461535
0.058412307692307694
0.0717636923076923
0.08177723076923075
0.08949599999999999
0.09992676923076924
0.09971815384615385
0.08323753846153846
0.05757784615384615
0.03421292307692308
0.015437538461538461
0.009179076923076922
0.006884307692307692
-0.014185846153846153
-0.03629907692307692
-0.05611753846153846
-0.065088
-0.06487938461538462
-0.06571384615384615
-0.05507446153846154
-0.047772923076923074
-0.02524246153846154
-0.0004172307692307692
0.032544
0.051319384615384614
0.03650769230769231
0.021696
-0.02211323076923077
-0.062376
-0.12162276923076921
-0.173568
-0.21070153846153844
-0.20423446153846153
-0.12579507692307693
0.046104
0.25764
0.33670523076923076
0.4743913846153846
0.546780923076923
0.554916923076923
0.5542910769230769
0.3584012307692308
0.13914646153846155
-0.18379015384615385
-0.4418473846153846
-0.6197963076923076
-0.8223618461538462
-0.8905790769230769
-0.9343883076923076
-0.7843938461538461
-0.5010941538461539
-0.16167692307692308
0.26786215384615386
0.5449033846153846
0.7768836923076924
0.9110233846153847
0.8799396923076923
0.784811076923077
0.49358399999999997
0.14832553846153845
-0.20673784615384616
-0.6051932307692307
-0.8015003076923076
-0.8947513846153846
-0.8763932307692307
-0.6921858461538462
-0.4921236923076923
-0.18712800000000002
0.1218313846153846
0.40596553846153843
0.6800861538461539
0.7975366153846153
0.8311236923076923
0.7823076923076923
0.6702812307692307
0.5328036923076923
0.2789187692307692
-0.015020307692307692
-0.31396615384615384
-0.5753612307692307
-0.6986529230769231
-0.7695821538461539
-0.7712510769230768
-0.6873876923076924
-0.5544996923076924
-0.3216849230769231
-0.07238953846153846
0.14311015384615386
0.3538116923076923
0.49963384615384615
0.6243858461538462
0.7238953846153846
0.7236867692307692
0.6437870769230769
0.45603323076923075
0.21925476923076925
-0.029414769230769227
-0.2870547692307692
-0.4917064615384615
-0.6544264615384615
-0.720348923076923
-0.6967753846153846
-0.5824541538461538
-0.32585723076923073
-0.03296123076923077
0.28017046153846153
0.5876695384615385
0.8142258461538462
0.9802836923076922
1.0276393846153846
0.9487827692307692
0.7687476923076924
0.4783550769230769
0.16626646153846153
-0.14290153846153844
-0.4395526153846154
-0.6677778461538462
-0.8286203076923077
-0.8693003076923077
-0.775632
-0.5797421538461539
-0.3079163076923077
-0.010013538461538461
0.3072904615384615
0.5895470769230768
0.7883575384615383
0.8957944615384614
0.8553230769230769
0.6832153846153847
0.4408043076923077
0.14540492307692307
-0.13121907692307694
-0.37613353846153846
-0.5933021538461538
-0.7163852307692308
-0.7622806153846154
-0.7011563076923077
-0.5225815384615384
-0.2979027692307692
-0.05027630769230769
0.16793538461538463
0.34776184615384614
0.482736
0.5567944615384616
0.576612923076923
0.5108990769230769
0.38531261538461536
0.21633415384615384
0.027328615384615382
-0.13309661538461537
-0.28788923076923073
-0.41556184615384617
-0.4877427692307692
-0.5173661538461538
-0.46708984615384613
-0.3554806153846154
-0.2357353846153846
-0.10827138461538462
0.007510153846153846
0.13372246153846154
0.2703655384615385
0.37091815384615384
0.4209858461538461
0.4011673846153846
0.3379569230769231
0.25972615384615383
0.16772676923076923
0.06633969230769231
-0.062376
-0.20778092307692309
-0.34588430769230766
-0.45791076923076923
-0.5104818461538462
-0.5298830769230769
-0.5102732307692307
-0.4307907692307692
-0.3225193846153846
-0.1639716923076923
0.02753723076923077
0.21341353846153846
0.37926276923076924
0.47689476923076923
0.5150713846153846
0.49733907692307694
0.41305846153846154
0.2789187692307692
0.09137353846153846
-0.10764553846153846
-0.292896
-0.43433723076923075
-0.500676923076923
-0.5150713846153846
-0.45895384615384616
-0.34046030769230773
-0.18066092307692305
0.015228923076923076
0.19150892307692308
0.3312812307692308
0.43016492307692306
0.47647753846153845
0.4942098461538461
0.4687587692307692
0.38990215384615384
0.2837169230769231
0.16209415384615386
0.04902461538461538
-0.03880246153846154
-0.0974233846153846
-0.12496061538461539
-0.1316363076923077
-0.11348676923076922
-0.07489292307692308
-0.028163076923076923
0.00855323076923077
0.025033846153846153
0.04380923076923077
0.05674338461538461
0.05173661538461538
0.04318338461538461
0.03066646153846154
0.026494153846153844
0.03775938461538462
0.05173661538461538
0.09012184615384615
0.12996738461538462
0.13226215384615383
0.11140061538461538
0.05194523076923077
-0.026076923076923077
-0.10180430769230768
-0.1869193846153846
-0.2507556923076923
-0.2837169230769231
-0.2774584615384615
-0.21049292307692305
-0.10222153846153846
0.02858030769230769
0.16730953846153845
0.29727692307692305
0.41305846153846154
0.49274953846153846
0.5146541538461539
0.45957969230769224
0.3275261538461538
0.16418030769230768
-0.008136
-0.16480615384615382
-0.3004061538461538
-0.39928984615384616
-0.42348923076923073
-0.39261415384615383
-0.292896
-0.13267938461538462
0.03650769230769231
0.18879692307692306
0.3114627692307692
0.40617415384615385
0.4547815384615384
0.42995630769230764
0.34046030769230773
0.2090326153846154
0.06049846153846154
-0.08323753846153846
-0.2073636923076923
-0.29101846153846156
-0.3481790769230769
-0.37926276923076924
-0.36257353846153845
-0.3016578461538461
-0.1992276923076923
-0.08219446153846154
0.018983999999999997
0.10618523076923077
0.1612596923076923
0.18879692307692306
0.19818461538461538
0.17252492307692308
0.13476553846153844
0.086784
0.04214030769230769
0.008136
-0.02753723076923077
-0.061750153846153844
-0.10597661538461538
-0.14123261538461537
-0.15625292307692307
-0.1639716923076923
-0.15959076923076923
-0.14686523076923075
-0.11870215384615385
-0.06487938461538462
0.003129230769230769
0.09095630769230768
0.17711446153846155
0.2411593846153846
0.28663753846153844
0.3047870769230769
0.2914356923076923
0.23156307692307693
0.13038461538461538
0.0012516923076923076
-0.12955015384615384
-0.2399076923076923
-0.32314523076923074
-0.36257353846153845
-0.3619476923076923
-0.314592
-0.22113230769230768
-0.08428061538461538
0.07134646153846153
0.20694646153846152
0.3035353846153846
0.3410861538461538
0.3346190769230769
0.2734947692307692
0.16876984615384616
0.04819015384615385
-0.0961716923076923
-0.21842030769230766
-0.306456
-0.35464615384615383
-0.3412947692307692
-0.2966510769230769
-0.21988061538461537
-0.11244369230769231
0.010013538461538461
0.14394461538461537
0.24658338461538462
0.30749907692307693
0.32606584615384615
0.2999889230769231
0.25430215384615384
0.18274707692307693
0.10827138461538462
0.02273907692307692
-0.06821723076923077
-0.11452984615384615
-0.12662953846153846
-0.0963803076923077
-0.03567323076923076
0.027328615384615382
0.10243015384615384
0.17148184615384612
0.2209236923076923
0.24491446153846153
0.22593046153846155
0.17481969230769231
0.10848000000000001
0.040679999999999994
-0.005424
-0.032544
-0.035464615384615386
-0.023364923076923075
-0.0025033846153846152
0.04860738461538461
0.09575446153846154
0.12808984615384614
0.13768615384615385
0.11327815384615383
0.08010830769230769
0.017940923076923077
-0.04985907692307692
-0.09930092307692308
-0.15604430769230768
-0.1760713846153846
-0.16292861538461537
-0.12162276923076921
-0.03755076923076923
0.038176615384615385
0.10994030769230768
0.1721076923076923
0.20944984615384615
0.2290596923076923
0.21675138461538462
0.17815753846153848
0.11432123076923076
0.04130584615384615
-0.017315076923076923
-0.05736923076923077
-0.07259815384615384
-0.07551876923076924
-0.06571384615384615
-0.03942830769230769
-0.0018775384615384615
0.04130584615384615
0.06696553846153847
0.06133292307692308
0.042348923076923076
0.020027076923076922
-0.0029206153846153843
-0.019192615384615384
-0.040054153846153843
-0.05757784615384615
-0.06195876923076923
-0.05069353846153846
-0.020652923076923076
0.008970461538461538
0.021904615384615383
0.017523692307692306
0.0008344615384615384
-0.030040615384615384
-0.07134646153846153
-0.11557292307692307
-0.15500123076923078
-0.18149538461538461
-0.1804523076923077
-0.15270646153846154
-0.10347323076923076
-0.03504738461538461
0.03880246153846154
0.11181784615384616
0.17398523076923075
0.21904615384615383
0.2355267692307692
0.20506892307692307
0.1287156923076923
0.024199384615384616
-0.08866153846153846
-0.18775384615384613
-0.25930892307692305
-0.2924787692307692
-0.2774584615384615
-0.21696000000000001
-0.11619876923076923
0.006258461538461538
0.12245723076923076
0.2138307692307692
0.27140861538461536
0.28246523076923075
0.2540935384615385
0.1856676923076923
0.08240307692307691
-0.030875076923076922
-0.13893784615384613
-0.21091015384615383
-0.2371956923076923
-0.22196676923076922
-0.17377661538461536
-0.10868861538461538
-0.01814953846153846
0.07697907692307693
0.1506203076923077
0.20339999999999997
0.21904615384615383
0.1881710769230769
0.12808984615384614
0.049233230769230765
-0.018983999999999997
-0.07113784615384615
-0.11640738461538462
-0.12350030769230769
-0.09304246153846155
-0.02795446153846154
0.04672984615384615
0.10868861538461538
0.1506203076923077
0.15687876923076924
0.14457046153846154
0.11265230769230769
0.06154153846153846
0.0043809230769230765
-0.059664
-0.09930092307692308
-0.09867507692307692
-0.07238953846153846
-0.020652923076923076
0.03838523076923077
0.10910584615384614
0.1856676923076923
0.23907323076923076
0.2624381538461539
0.24282830769230768
0.17982646153846152
0.09554584615384615
-0.005632615384615384
-0.10931446153846153
-0.20298276923076922
-0.2768326153846154
-0.31041969230769234
-0.3072904615384615
-0.24741784615384615
-0.1543753846153846
-0.05736923076923077
0.012308307692307691
0.01397723076923077
0.013560000000000001
0.017940923076923077
0.012099692307692308
0.015020307692307692
-0.0022947692307692304
-0.0012516923076923076
0.04693846153846153
0.13893784615384613
0.2753723076923077
0.2970683076923077
0.2154996923076923
0.11098338461538461
-0.0014603076923076922
-0.026076923076923077
-0.16188553846153847
-0.3116713846153846
-0.41431015384615383
-0.49003753846153847
-0.3517255384615385
-0.2209236923076923
-0.03880246153846154
0.1178676923076923
0.22467876923076924
0.444768
0.5446947692307692
0.6039415384615384
0.5211212307692308
0.28100492307692304
0.08782707692307692
-0.1570873846153846
-0.31772123076923076
-0.43996984615384616
-0.5430258461538462
-0.4883686153846154
-0.42411507692307693
-0.2632726153846154
-0.02858030769230769
0.157296
0.3671630769230769
0.44268184615384615
0.43809230769230767
0.4243236923076923
0.32898646153846156
0.28246523076923075
0.17628
0.012308307692307691
-0.12308307692307692
-0.26765353846153844
-0.30666461538461537
-0.31229723076923077
-0.34233784615384616
-0.3229366153846154
-0.2689052307692308
-0.13351384615384615
0.03379569230769231
0.14561353846153846
0.2374043076923077
0.27704123076923076
0.30854215384615385
0.33670523076923076
0.29456492307692306
0.23782153846153845
0.1502030769230769
0.06383630769230769
0.022530461538461537
-0.03442153846153846
-0.08031692307692308
-0.12975876923076923
-0.200688
-0.22300984615384614
-0.22989415384615383
-0.19714153846153845
-0.11056615384615384
-0.011473846153846154
0.1207883076923077
0.2290596923076923
0.32836061538461536
0.4049224615384615
0.40742584615384614
0.3609046153846154
0.23531815384615382
0.09658892307692307
-0.02753723076923077
-0.17461107692307692
-0.28350830769230767
-0.36904061538461536
-0.40325353846153844
-0.35318584615384613
-0.2707827692307692
-0.13393107692307693
0.017315076923076923
0.16167692307692308
0.3229366153846154
0.4282873846153846
0.4620830769230769
0.4115981538461538
0.29873723076923075
0.18942276923076923
0.05069353846153846
-0.10201292307692307
-0.2422024615384615
-0.3540203076923077
-0.3798886153846154
-0.3479704615384615
-0.26097784615384617
-0.13601723076923075
-0.027120000000000002
0.10389046153846154
0.206112
0.2751636923076923
0.32564861538461537
0.31083692307692307
0.2774584615384615
0.20486030769230767
0.09909230769230769
0.004589538461538461
-0.09512861538461538
-0.16751815384615384
-0.21195323076923075
-0.22801661538461537
-0.1977673846153846
-0.14957723076923077
-0.06216738461538462
0.042348923076923076
0.1341396923076923
0.2207150769230769
0.2647329230769231
0.29602523076923076
0.3068732307692308
0.2751636923076923
0.23177169230769232
0.16209415384615386
0.09971815384615385
0.06195876923076923
0.013560000000000001
-0.024408000000000003
-0.06821723076923077
-0.10201292307692307
-0.08782707692307692
-0.0798996923076923
-0.06487938461538462
-0.050067692307692306
-0.029414769230769227
0.03212676923076923
0.06842584615384616
0.092208
0.10597661538461538
0.09658892307692307
0.09387692307692307
0.05799507692307692
0.005424
-0.04944184615384615
-0.11911938461538461
-0.146448
-0.14811692307692306
-0.14519630769230768
-0.11244369230769231
-0.0826116923076923
-0.021278769230769233
0.05862092307692307
0.12370892307692308
0.1942209230769231
0.22572184615384616
0.23114584615384615
0.2138307692307692
0.17315076923076922
0.1397723076923077
0.08198584615384615
0.007301538461538462
-0.06759138461538462
-0.13998092307692306
-0.17315076923076922
-0.1706473846153846
-0.14603076923076924
-0.10222153846153846
-0.06383630769230769
-0.0043809230769230765
0.07364123076923076
0.14290153846153844
0.20027076923076922
0.20715507692307691
0.19213476923076922
0.17169046153846151
0.13309661538461537
0.09554584615384615
0.024408000000000003
-0.055491692307692304
-0.11953661538461538
-0.1666836923076923
-0.168144
-0.15646153846153846
-0.13914646153846155
-0.1070196923076923
-0.05862092307692307
0.015228923076923076
0.07906523076923076
0.12370892307692308
0.1543753846153846
0.15959076923076923
0.16042523076923076
0.1543753846153846
0.13476553846153844
0.10785415384615385
0.05528307692307692
-0.006675692307692307
-0.07238953846153846
-0.1353913846153846
-0.18358153846153846
-0.22697353846153845
-0.25367630769230765
-0.2540935384615385
-0.22530461538461538
-0.17294215384615383
-0.10827138461538462
-0.045895384615384616
-0.002086153846153846
0.03629907692307692
0.07405846153846153
0.10743692307692307
0.11870215384615385
0.08115138461538463
0.020652923076923076
-0.04109723076923077
-0.09554584615384615
-0.12516923076923075
-0.14916
-0.165432
-0.15750461538461538
-0.12767261538461538
-0.06028984615384615
0.02273907692307692
0.10076123076923077
0.17148184615384612
0.21487384615384614
0.24303692307692307
0.24679199999999998
0.22780799999999998
0.1802436923076923
0.09867507692307692
0.015854769230769228
-0.06529661538461538
-0.12454338461538461
-0.1558356923076923
-0.17440246153846153
-0.17711446153846155
-0.16251138461538459
-0.12308307692307692
-0.06633969230769231
-0.011891076923076923
0.026076923076923077
0.04819015384615385
0.05862092307692307
0.05799507692307692
0.061750153846153844
0.059872615384615385
0.05090215384615384
0.04401784615384615
0.042974769230769226
0.06258461538461538
0.08323753846153846
0.09825784615384614
0.10243015384615384
0.09867507692307692
0.0961716923076923
0.09095630769230768
0.08344615384615384
0.056951999999999996
0.014394461538461538
-0.01856676923076923
-0.02315630769230769
-0.0070929230769230765
0.013560000000000001
0.040679999999999994
0.06863446153846153
0.09325107692307691
0.11265230769230769
0.11640738461538462
0.09658892307692307
0.04985907692307692
-0.013768615384615384
-0.07510153846153846
-0.11995384615384615
-0.14686523076923075
-0.1666836923076923
-0.16897846153846155
-0.1395636923076923
-0.09158215384615384
-0.031709538461538456
0.015646153846153844
0.040262769230769234
0.0448523076923077
0.018983999999999997
-0.013351384615384614
-0.05444861538461539
-0.1045163076923077
-0.1422756923076923
-0.17169046153846151
-0.1733593846153846
-0.14477907692307693
-0.09095630769230768
-0.023782153846153845
0.03650769230769231
0.09971815384615385
0.14144123076923076
0.1558356923076923
0.1397723076923077
0.08156861538461539
0.002086153846153846
-0.08657538461538461
-0.16438892307692307
-0.21654276923076923
-0.24512307692307692
-0.2415766153846154
-0.208824
-0.1476996923076923
-0.046104
0.06633969230769231
0.16292861538461537
0.2275993846153846
0.24679199999999998
0.22947692307692308
0.184416
0.111192
0.02858030769230769
-0.050067692307692306
-0.11306953846153844
-0.13747753846153846
-0.1316363076923077
-0.09095630769230768
-0.03504738461538461
0.03859384615384615
0.12704676923076924
0.20047938461538461
0.25367630769230765
0.26452430769230767
0.24679199999999998
0.20193969230769232
0.1316363076923077
0.05590892307692308
-0.015228923076923076
-0.0717636923076923
-0.10722830769230769
-0.1205796923076923
-0.11160923076923077
-0.06884307692307692
-0.0043809230769230765
0.06675692307692307
0.1207883076923077
0.15875630769230767
0.18128676923076922
0.17085599999999998
0.130176
0.059038153846153844
-0.021696
-0.09450276923076922
-0.14853415384615384
-0.17002153846153847
-0.17085599999999998
-0.15625292307692307
-0.11724184615384614
-0.05924676923076923
0.009596307692307692
0.07614461538461538
0.12725538461538463
0.15270646153846154
0.14665661538461539
0.12266584615384615
0.08907876923076924
0.048816000000000005
0.009596307692307692
-0.01814953846153846
-0.02086153846153846
-0.004589538461538461
0.027328615384615382
0.06926030769230769
0.10347323076923076
0.13080184615384613
0.14603076923076924
0.14874276923076923
0.13393107692307693
0.09179076923076923
0.02545107692307692
-0.04693846153846153
-0.11411261538461538
-0.15959076923076923
-0.17628
-0.17461107692307692
-0.14707384615384617
-0.09992676923076924
-0.04088861538461538
0.027120000000000002
0.0853236923076923
0.11494707692307692
0.11953661538461538
0.10222153846153846
0.0717636923076923
0.032544
-0.008761846153846153
-0.046104
-0.07614461538461538
-0.0744756923076923
-0.040679999999999994
0.021696
0.09700615384615385
0.16313723076923078
0.2125790769230769
0.23782153846153845
0.2355267692307692
0.19735015384615384
0.12516923076923075
0.03588184615384615
-0.06341907692307691
-0.15124615384615384
-0.2140393846153846
-0.24554030769230767
-0.2275993846153846
-0.16793538461538463
-0.07572738461538461
0.038176615384615385
0.15228923076923076
0.24303692307692307
0.29581661538461534
0.314592
0.29227015384615385
0.23969907692307693
0.1639716923076923
0.06654830769230768
-0.03483876923076923
-0.1314276923076923
-0.1913003076923077
-0.20798953846153845
-0.18775384615384613
-0.12829846153846153
-0.04318338461538461
0.06300184615384616
0.1696043076923077
0.2632726153846154
0.3277347692307692
0.34504984615384615
0.3275261538461538
0.2789187692307692
0.20673784615384616
0.12516923076923075
0.03504738461538461
-0.04902461538461538
-0.10618523076923077
-0.1353913846153846
-0.13518276923076925
-0.10868861538461538
-0.06926030769230769
-0.026702769230769228
0.005841230769230769
0.03275261538461539
0.042974769230769226
0.029206153846153847
-0.014185846153846153
-0.08574092307692306
-0.1635544615384615
-0.23281476923076924
-0.22801661538461537
-0.15813046153846153
-0.0446436923076923
0.10263876923076923
0.23198030769230768
0.3750904615384615
0.48002399999999995
0.5167403076923076
0.4750172307692308
0.33587076923076925
0.16418030769230768
-0.011473846153846154
-0.14144123076923076
-0.2906012307692308
-0.39511753846153846
-0.4170221538461538
-0.3811403076923077
-0.20298276923076922
-0.003963692307692307
0.20944984615384615
0.38990215384615384
0.5004683076923077
0.5757784615384615
0.519660923076923
0.3752990769230769
0.14081538461538462
-0.1358086153846154
-0.3819747692307692
-0.6062363076923076
-0.7236867692307692
-0.7483033846153846
-0.6550523076923076
-0.4353803076923077
-0.16793538461538463
0.14164984615384615
0.40387938461538464
0.585792
0.6936461538461538
0.6579729230769231
0.52884
0.3440067692307692
0.119328
-0.06884307692307692
-0.23135446153846154
-0.3387913846153846
-0.38072307692307694
-0.37550769230769226
-0.31041969230769234
-0.222384
-0.12099692307692309
-0.023364923076923075
0.07218092307692307
0.1570873846153846
0.1883796923076923
0.1873366153846154
0.15103753846153847
0.09033046153846153
0.053614153846153846
0.012516923076923077
-0.01043076923076923
0.0006258461538461538
0.013768615384615384
0.054657230769230764
0.09095630769230768
0.07551876923076924
0.022947692307692308
-0.06154153846153846
-0.157296
-0.233232
-0.2937304615384615
-0.3079163076923077
-0.26118646153846153
-0.14728246153846153
0.028788923076923077
0.22342707692307692
0.40513107692307687
0.5294658461538462
0.591216
0.5665993846153846
0.4453938461538462
0.27599815384615384
0.07134646153846153
-0.13747753846153846
-0.3170953846153846
-0.4508178461538461
-0.5048492307692307
-0.48565661538461535
-0.4141015384615384
-0.2951907692307692
-0.14164984615384615
0.042557538461538466
0.23448369230769228
0.38760738461538463
0.45916246153846146
0.4387181538461538
0.35318584615384613
0.21299630769230768
0.02023569230769231
-0.20277415384615383
-0.4205686153846153
-0.584123076923077
-0.6686123076923077
-0.6646486153846154
-0.5486584615384615
-0.3727956923076923
-0.17565415384615385
0.04902461538461538
0.2411593846153846
0.3836436923076923
0.45332123076923075
0.42244615384615386
0.3412947692307692
0.21800307692307694
0.07489292307692308
-0.03755076923076923
-0.12642092307692307
-0.1693956923076923
-0.17273353846153844
-0.1502030769230769
-0.09596307692307693
-0.04109723076923077
0.014811692307692307
0.05194523076923077
0.06321046153846153
0.05069353846153846
0.014603076923076923
-0.019192615384615384
-0.051319384615384614
-0.07489292307692308
-0.07969107692307692
-0.07092923076923077
-0.03275261538461539
0.031918153846153846
0.09179076923076923
0.1504116923076923
0.19526400000000002
0.22029784615384615
0.21883753846153844
0.16167692307692308
0.056951999999999996
-0.07551876923076924
-0.19860184615384616
-0.29832
-0.36674584615384614
-0.37592492307692305
-0.34066892307692304
-0.25054707692307693
-0.1151556923076923
0.03379569230769231
0.19067446153846154
0.2989458461538462
0.35860984615384617
0.37884553846153846
0.33357600000000004
0.24574892307692306
0.12245723076923076
-0.028788923076923077
-0.16334584615384617
-0.27328615384615385
-0.3379569230769231
-0.3425464615384616
-0.3045784615384615
-0.21883753846153844
-0.11348676923076922
0.0006258461538461538
0.10827138461538462
0.17961784615384613
0.21862892307692305
0.21111876923076925
0.1794092307692308
0.14081538461538462
0.08010830769230769
0.024408000000000003
-0.028371692307692306
-0.07384984615384615
-0.084072
-0.0678
-0.027120000000000002
0.02273907692307692
0.05799507692307692
0.09012184615384615
0.11682461538461539
0.12704676923076924
0.12037107692307693
0.08845292307692308
0.047772923076923074
0.007301538461538462
-0.01814953846153846
-0.014603076923076923
0.008344615384615384
0.044435076923076924
0.0771876923076923
0.11452984615384615
0.14603076923076924
0.14582215384615385
0.11724184615384614
0.06070707692307692
-0.01043076923076923
-0.07551876923076924
-0.13038461538461538
-0.16230276923076925
-0.16209415384615386
-0.14457046153846154
-0.10368184615384615
-0.03629907692307692
0.040054153846153843
0.12370892307692308
0.18921415384615384
0.22822523076923076
0.2422024615384615
0.21925476923076925
0.18066092307692305
0.119328
0.03588184615384615
-0.051528
-0.13059323076923077
-0.16313723076923078
-0.15687876923076924
-0.11432123076923076
-0.03713353846153846
0.03859384615384615
0.12642092307692307
0.2008966153846154
0.24887815384615386
0.2670276923076923
0.22801661538461537
0.15562707692307692
0.056326153846153845
-0.04652123076923077
-0.1287156923076923
-0.18629353846153843
-0.20235692307692305
-0.16042523076923076
-0.06967753846153846
0.04714707692307692
0.15833907692307692
0.23677846153846152
0.27850153846153847
0.27599815384615384
0.23385784615384617
0.14206707692307693
0.015646153846153844
-0.11849353846153846
-0.24303692307692307
-0.31229723076923077
-0.32564861538461537
-0.2780843076923077
-0.17502830769230768
-0.05319692307692307
0.0892873846153846
0.22134092307692307
0.32627446153846157
0.3882332307692308
0.37738523076923075
0.3133403076923077
0.2056947692307692
0.06863446153846153
-0.0771876923076923
-0.22154953846153846
-0.3321156923076923
-0.39699507692307695
-0.40200184615384615
-0.3392086153846154
-0.23510953846153848
-0.10117846153846152
0.03588184615384615
0.15416676923076922
0.24700061538461537
0.295608
0.2989458461538462
0.2559710769230769
0.16063384615384615
0.05653476923076922
-0.0448523076923077
-0.13247076923076923
-0.18921415384615384
-0.22968553846153844
-0.22551323076923077
-0.1883796923076923
-0.1289243076923077
-0.056326153846153845
0.010013538461538461
0.07426707692307692
0.12808984615384614
0.17169046153846151
0.20027076923076922
0.20256553846153844
0.1881710769230769
0.16042523076923076
0.11244369230769231
0.07280676923076923
0.03066646153846154
-0.011473846153846154
-0.054657230769230764
-0.10785415384615385
-0.13226215384615383
-0.15291507692307693
-0.16626646153846153
-0.15750461538461538
-0.14311015384615386
-0.10868861538461538
-0.05486584615384615
0.010639384615384617
0.07635323076923077
0.12308307692307692
0.15270646153846154
0.16063384615384615
0.14936861538461538
0.12934153846153845
0.07677046153846154
0.011265230769230769
-0.0448523076923077
-0.09533723076923077
-0.11411261538461538
-0.1070196923076923
-0.07885661538461539
-0.025659692307692307
0.03755076923076923
0.11745046153846153
0.20360861538461536
0.268488
0.31250584615384613
0.3243969230769231
0.309168
0.28246523076923075
0.23052
0.17148184615384612
0.11181784615384616
0.052153846153846155
0.013768615384615384
-0.009179076923076922
-0.012934153846153845
-0.015854769230769228
-0.023990769230769232
-0.02273907692307692
-0.02273907692307692
-0.006675692307692307
0.006884307692307692
0.010013538461538461
0.02211323076923077
0.03108369230769231
0.05653476923076922
0.09179076923076923
0.11745046153846153
0.1314276923076923
0.11473846153846154
0.08302892307692307
0.04714707692307692
0.004589538461538461
-0.03901107692307692
-0.08866153846153846
-0.13726892307692307
-0.16689230769230767
-0.1775316923076923
-0.16626646153846153
-0.14060676923076923
-0.10597661538461538
-0.06884307692307692
-0.03942830769230769
0.0018775384615384615
0.030040615384615384
0.03421292307692308
0.027328615384615382
0.006675692307692307
-0.00855323076923077
-0.02315630769230769
-0.03984553846153846
-0.04985907692307692
-0.06800861538461538
-0.08344615384615384
-0.07781353846153846
-0.05799507692307692
-0.03024923076923077
-0.006675692307692307
0.01043076923076923
0.029414769230769227
0.05653476923076922
0.08219446153846154
0.09158215384615384
0.08949599999999999
0.08031692307692308
0.07572738461538461
0.07489292307692308
0.0744756923076923
0.06613107692307692
0.045060923076923075
0.023990769230769232
0.005424
-0.014394461538461538
-0.047981538461538464
-0.0855323076923077
-0.11557292307692307
-0.14060676923076923
-0.13747753846153846
-0.11098338461538461
-0.06905169230769231
-0.011891076923076923
0.04547815384615384
0.10827138461538462
0.15562707692307692
0.17565415384615385
0.16042523076923076
0.0963803076923077
0.013768615384615384
-0.07092923076923077
-0.13998092307692306
-0.18525046153846153
-0.20924123076923076
-0.20131384615384615
-0.16876984615384616
-0.10535076923076922
-0.018775384615384614
0.065088
0.1314276923076923
0.17628
0.21007569230769232
0.23135446153846154
0.24053353846153847
0.2369870769230769
0.2157083076923077
0.18545907692307692
0.15354092307692307
0.11807630769230769
0.08636676923076922
0.04902461538461538
0.009179076923076922
-0.01856676923076923
-0.037967999999999995
-0.040054153846153843
-0.026911384615384615
-0.008136
0.017315076923076923
0.03483876923076923
0.04214030769230769
0.04652123076923077
0.03775938461538462
0.022947692307692308
0.008136
-0.006049846153846154
-0.012099692307692308
-0.03108369230769231
-0.054657230769230764
-0.08782707692307692
-0.132888
-0.17148184615384612
-0.21195323076923075
-0.22405292307692307
-0.22113230769230768
-0.21070153846153844
-0.16605784615384614
-0.09325107692307691
-0.0002086153846153846
0.08949599999999999
0.14331876923076922
0.16438892307692307
0.1506203076923077
0.11953661538461538
0.06967753846153846
-0.02482523076923077
-0.10806276923076923
-0.19964492307692308
-0.2209236923076923
-0.1858763076923077
-0.04568676923076923
0.1205796923076923
0.13455692307692307
0.23886461538461537
0.29498215384615384
0.3565236923076923
0.39991569230769225
0.249504
0.10931446153846153
-0.10493353846153847
-0.21049292307692305
-0.24679199999999998
-0.32669169230769235
-0.32627446153846157
-0.35568923076923076
-0.23260615384615385
-0.02482523076923077
0.15208061538461537
0.3314898461538462
0.3350363076923077
0.3214763076923077
0.2920615384615385
0.18086953846153844
0.11181784615384616
-0.05194523076923077
-0.19150892307692308
-0.27182584615384614
-0.3838523076923077
-0.3225193846153846
-0.23072861538461537
-0.14749107692307692
-0.028788923076923077
0.007927384615384614
0.08386338461538462
0.1287156923076923
0.14311015384615386
0.1775316923076923
0.11765907692307691
0.03755076923076923
-0.03400430769230769
-0.07238953846153846
-0.05236246153846154
-0.08761846153846153
-0.12099692307692309
-0.11974523076923077
-0.09554584615384615
0.006258461538461538
0.07134646153846153
0.10117846153846152
0.12850707692307692
0.11995384615384615
0.14582215384615385
0.14290153846153844
0.09825784615384614
0.09512861538461538
0.0771876923076923
0.09846646153846153
0.1792006153846154
0.23469230769230767
0.2849686153846154
0.2851772307692308
0.25972615384615383
0.2275993846153846
0.1476996923076923
0.05757784615384615
-0.04944184615384615
-0.13726892307692307
-0.2090326153846154
-0.26640184615384616
-0.23803015384615384
-0.17648861538461538
-0.09658892307692307
0.006675692307692307
0.0853236923076923
0.1802436923076923
0.24700061538461537
0.2643156923076923
0.24595753846153845
0.16167692307692308
0.07531015384615385
-0.023990769230769232
-0.14102399999999998
-0.24908676923076922
-0.3425464615384616
-0.3682061538461538
-0.3179298461538461
-0.22947692307692308
-0.13267938461538462
-0.03504738461538461
0.08156861538461539
0.20798953846153845
0.2906012307692308
0.33357600000000004
0.3143833846153846
0.24616615384615384
0.1792006153846154
0.08302892307692307
0.0008344615384615384
-0.07072061538461538
-0.13789476923076924
-0.15625292307692307
-0.1612596923076923
-0.12412615384615384
-0.05382276923076923
0.006049846153846154
0.05799507692307692
0.08699261538461538
0.1028473846153846
0.09658892307692307
0.06675692307692307
0.030875076923076922
-0.01668923076923077
-0.05590892307692308
-0.08031692307692308
-0.08949599999999999
-0.06967753846153846
-0.061124307692307686
-0.040679999999999994
-0.006049846153846154
0.003129230769230769
0.02273907692307692
0.029832
0.01043076923076923
-0.021696
-0.06759138461538462
-0.09158215384615384
-0.09199938461538461
-0.08782707692307692
-0.06383630769230769
-0.03692492307692308
0.01043076923076923
0.08594953846153845
0.14999446153846155
0.21091015384615383
0.2424110769230769
0.24428861538461538
0.2140393846153846
0.14436184615384615
0.07781353846153846
-0.002086153846153846
-0.07072061538461538
-0.10076123076923077
-0.12162276923076921
-0.11619876923076923
-0.0892873846153846
-0.03775938461538462
0.046104
0.11870215384615385
0.1794092307692308
0.2261390769230769
0.2426196923076923
0.23761292307692305
0.20798953846153845
0.15562707692307692
0.07969107692307692
-0.003963692307692307
-0.06258461538461538
-0.10764553846153846
-0.1314276923076923
-0.1316363076923077
-0.1205796923076923
-0.09012184615384615
-0.05736923076923077
-0.01043076923076923
0.040679999999999994
0.08302892307692307
0.12224861538461537
0.13518276923076925
0.1314276923076923
0.11724184615384614
0.09596307692307693
0.06967753846153846
0.023782153846153845
-0.021904615384615383
-0.04944184615384615
-0.05507446153846154
-0.05194523076923077
-0.05173661538461538
-0.049233230769230765
-0.050067692307692306
-0.042348923076923076
-0.011891076923076923
0.014394461538461538
0.02524246153846154
0.034630153846153845
0.05069353846153846
0.084072
0.1151556923076923
0.13038461538461538
0.13372246153846154
0.11724184615384614
0.0826116923076923
0.043600615384615383
0.007510153846153846
-0.024616615384615383
-0.05444861538461539
-0.07510153846153846
-0.08469784615384615
-0.07614461538461538
-0.04860738461538461
-0.026911384615384615
-0.0077187692307692304
0.004172307692307692
0.013768615384615384
0.03129230769230769
0.03337846153846154
0.02044430769230769
-0.011891076923076923
-0.05069353846153846
-0.07531015384615385
-0.09053907692307692
-0.09012184615384615
-0.09053907692307692
-0.09804923076923076
-0.0963803076923077
-0.07405846153846153
-0.024199384615384616
0.03233538461538461
0.07531015384615385
0.10347323076923076
0.12433476923076923
0.13768615384615385
0.14081538461538462
0.12913292307692306
0.10681107692307691
0.08031692307692308
0.051319384615384614
0.04214030769230769
0.0446436923076923
0.043600615384615383
0.047981538461538464
0.05716061538461538
0.07113784615384615
0.09304246153846155
0.10952307692307692
0.111192
0.10222153846153846
0.08323753846153846
0.059664
0.03379569230769231
0.006884307692307692
-0.021070153846153846
-0.04860738461538461
-0.07739630769230768
-0.10430769230769231
-0.10743692307692307
-0.10055261538461538
-0.09596307692307693
-0.084072
-0.06613107692307692
-0.029206153846153847
0.011265230769230769
0.042348923076923076
0.06008123076923077
0.05716061538461538
0.04672984615384615
0.032544
0.01043076923076923
-0.019609846153846155
-0.058412307692307694
-0.09804923076923076
-0.11870215384615385
-0.124752
-0.11452984615384615
-0.08699261538461538
-0.05319692307692307
0.0070929230769230765
0.0855323076923077
0.1639716923076923
0.23969907692307693
0.2887236923076923
0.30937661538461536
0.29644246153846154
0.24303692307692307
0.16647507692307692
0.06341907692307691
-0.049233230769230765
-0.14978584615384616
-0.23198030769230768
-0.2666104615384615
-0.26306399999999996
-0.23093723076923076
-0.16584923076923075
-0.09262523076923077
-0.010848
0.06967753846153846
0.12996738461538462
0.16730953846153845
0.17085599999999998
0.13914646153846155
0.08073415384615384
0.009804923076923077
-0.06216738461538462
-0.13038461538461538
-0.1794092307692308
-0.19714153846153845
-0.17502830769230768
-0.11995384615384615
-0.051528
0.021278769230769233
0.0826116923076923
0.13038461538461538
0.16418030769230768
0.173568
0.15604430769230768
0.12266584615384615
0.08156861538461539
0.04714707692307692
0.035255999999999996
0.026494153846153844
0.025659692307692307
0.03045784615384615
0.034630153846153845
0.047772923076923074
0.06049846153846154
0.06905169230769231
0.06446215384615385
0.06028984615384615
0.05778646153846154
0.058412307692307694
0.06321046153846153
0.06258461538461538
0.06341907692307691
0.0609156923076923
0.06842584615384616
0.0853236923076923
0.09596307692307693
0.09512861538461538
0.07739630769230768
0.04860738461538461
0.016063384615384615
-0.016480615384615385
-0.04985907692307692
-0.078648
-0.09763200000000001
-0.10618523076923077
-0.09241661538461539
-0.061124307692307686
-0.033169846153846154
-0.007510153846153846
0.009804923076923077
0.02586830769230769
0.040262769230769234
0.03901107692307692
0.02211323076923077
-0.021696
-0.07426707692307692
-0.11473846153846154
-0.13810338461538463
-0.14749107692307692
-0.15813046153846153
-0.15667015384615385
-0.13852061538461538
-0.10013538461538461
-0.04318338461538461
0.006884307692307692
0.04214030769230769
0.050067692307692306
0.05069353846153846
0.05799507692307692
0.061124307692307686
0.06321046153846153
0.05653476923076922
0.05194523076923077
0.04693846153846153
0.05027630769230769
0.054240000000000003
0.044435076923076924
0.026702769230769228
0.003755076923076923
-0.009804923076923077
-0.017940923076923077
-0.021278769230769233
-0.01981846153846154
-0.012934153846153845
-0.002086153846153846
0.011891076923076923
0.017940923076923077
0.013351384615384614
0.0008344615384615384
-0.02524246153846154
-0.04401784615384615
-0.048816000000000005
-0.03713353846153846
-0.02858030769230769
-0.032544
-0.03859384615384615
-0.05319692307692307
-0.06049846153846154
-0.06258461538461538
-0.07134646153846153
-0.08302892307692307
-0.08135999999999999
-0.05716061538461538
-0.021696
0.019192615384615384
0.05528307692307692
0.08240307692307691
0.10514215384615383
0.130176
0.1597993846153846
0.17023015384615386
0.15750461538461538
0.12767261538461538
0.0934596923076923
0.06362769230769232
0.02482523076923077
-0.012308307692307691
-0.04756430769230769
-0.07197230769230768
-0.07072061538461538
-0.05090215384615384
-0.008136
0.04693846153846153
0.1097316923076923
0.18149538461538461
0.24846092307692308
0.29498215384615384
0.30270092307692303
0.27286892307692306
0.20798953846153845
0.11891076923076922
0.022530461538461537
-0.0717636923076923
-0.1612596923076923
-0.23969907692307693
-0.2803790769230769
-0.2737033846153846
-0.21320492307692307
-0.11578153846153846
-0.0035464615384615383
0.12016246153846154
0.22676492307692306
0.31062830769230765
0.36799753846153843
0.3692492307692308
0.32189353846153845
0.23156307692307693
0.12245723076923076
0.017315076923076923
-0.08720123076923077
-0.16459753846153846
-0.2073636923076923
-0.2056947692307692
-0.17023015384615386
-0.11286092307692308
-0.042557538461538466
0.024408000000000003
0.09095630769230768
0.13518276923076925
0.16438892307692307
0.18942276923076923
0.19609846153846153
0.214248
0.20527753846153846
0.26932246153846157
0.3310726153846154
0.22530461538461538
0.16271999999999998
0.03942830769230769
-0.054240000000000003
-0.10389046153846154
-0.2697396923076923
-0.3483876923076923
-0.45102646153846154
-0.428496
-0.3047870769230769
-0.2225926153846154
-0.07113784615384615
-0.0077187692307692304
0.12162276923076921
0.2588916923076923
0.32982092307692307
0.4030449230769231
0.2782929230769231
0.15103753846153847
0.02357353846153846
-0.130176
-0.17815753846153848
-0.2953993846153846
-0.3387913846153846
-0.31897292307692304
-0.3623649230769231
-0.2503384615384615
-0.12516923076923075
0.003129230769230769
0.16021661538461537
0.18545907692307692
0.23928184615384615
0.23886461538461537
0.21487384615384614
0.2480436923076923
0.18775384615384613
0.11724184615384614
0.026911384615384615
-0.04088861538461538
-0.024199384615384616
-0.06049846153846154
-0.10743692307692307
-0.15604430769230768
-0.19672430769230767
-0.12662953846153846
-0.07405846153846153
-0.026494153846153844
0.02273907692307692
0.013351384615384614
0.065088
0.10347323076923076
0.1207883076923077
0.1639716923076923
0.146448
0.14206707692307693
0.15520984615384617
0.14603076923076924
0.138312
0.07635323076923077
0.003129230769230769
-0.05862092307692307
-0.11557292307692307
-0.1287156923076923
-0.11286092307692308
-0.04172307692307692
0.023990769230769232
0.06967753846153846
0.1637630769230769
0.22676492307692306
0.2695310769230769
0.2730775384615384
0.21111876923076925
0.1706473846153846
0.10681107692307691
0.06028984615384615
0.04568676923076923
-0.0006258461538461538
-0.004589538461538461
0.0077187692307692304
0.02586830769230769
0.053614153846153846
0.04088861538461538
0.04380923076923077
0.05236246153846154
0.05069353846153846
0.040054153846153843
0.007510153846153846
0.005632615384615384
0.006258461538461538
-0.012308307692307691
-0.010639384615384617
-0.03045784615384615
-0.04172307692307692
-0.035464615384615386
-0.06216738461538462
-0.05298830769230769
-0.03504738461538461
-0.025659692307692307
-0.0033378461538461535
-0.026285538461538457
-0.05570030769230769
-0.07364123076923076
-0.09596307692307693
-0.10555938461538462
-0.11870215384615385
-0.12370892307692308
-0.11432123076923076
-0.08219446153846154
-0.017523692307692306
0.04819015384615385
0.10430769230769231
0.130176
0.1316363076923077
0.13330523076923076
0.10743692307692307
0.06946892307692307
0.028163076923076923
-0.035464615384615386
-0.0678
-0.06195876923076923
-0.044435076923076924
-0.01397723076923077
0.0012516923076923076
0.024616615384615383
0.07656184615384615
0.1151556923076923
0.13768615384615385
0.12496061538461539
0.07614461538461538
0.02795446153846154
-0.013768615384615384
-0.03504738461538461
-0.056326153846153845
-0.07656184615384615
-0.09095630769230768
-0.10597661538461538
-0.09241661538461539
-0.06696553846153847
-0.03942830769230769
-0.02357353846153846
-0.04735569230769231
-0.07280676923076923
-0.09053907692307692
-0.09721476923076922
-0.08615815384615384
-0.09533723076923077
-0.1070196923076923
-0.10472492307692308
-0.07593599999999999
-0.013768615384615384
0.052153846153846155
0.100344
0.12016246153846154
0.12621230769230768
0.12955015384615384
0.11202646153846153
0.06216738461538462
-0.010013538461538461
-0.09512861538461538
-0.15667015384615385
-0.19192615384615386
-0.20360861538461536
-0.18128676923076922
-0.14477907692307693
-0.07426707692307692
0.02044430769230769
0.12350030769230769
0.2236356923076923
0.2864289230769231
0.30562153846153844
0.27620676923076926
0.22467876923076924
0.1635544615384615
0.07802215384615384
-0.021904615384615383
-0.12996738461538462
-0.222384
-0.27787569230769227
-0.29352184615384613
-0.26118646153846153
-0.20298276923076922
-0.1289243076923077
-0.026494153846153844
0.078648
0.1787833846153846
0.2480436923076923
0.26640184615384616
0.2647329230769231
0.23949046153846154
0.1992276923076923
0.14811692307692306
0.07155507692307693
-0.01043076923076923
-0.07781353846153846
-0.11974523076923077
-0.12913292307692306
-0.12955015384615384
-0.12537784615384615
-0.11411261538461538
-0.09053907692307692
-0.040679999999999994
0.019609846153846155
0.08344615384615384
0.13393107692307693
0.17544553846153846
0.22029784615384615
0.25159015384615385
0.2638984615384615
0.2453316923076923
0.19735015384615384
0.14269292307692305
0.06842584615384616
-0.01397723076923077
-0.07927384615384615
-0.14290153846153844
-0.18253846153846154
-0.19526400000000002
-0.18337292307692307
-0.13101046153846155
-0.06863446153846153
0.008344615384615384
0.08991323076923076
0.16647507692307692
0.23218892307692307
0.24846092307692308
0.23177169230769232
0.1779489230769231
0.08907876923076924
-0.005424
-0.10889723076923077
-0.20423446153846153
-0.2703655384615385
-0.32627446153846157
-0.3375396923076923
-0.2951907692307692
-0.233232
-0.14603076923076924
-0.06884307692307692
0.012934153846153845
0.10201292307692307
0.16730953846153845
0.20486030769230767
0.20193969230769232
0.168144
0.12120553846153845
0.06300184615384616
-0.0025033846153846152
-0.06425353846153846
-0.11870215384615385
-0.15208061538461537
-0.15145476923076923
-0.11077476923076923
-0.056951999999999996
-0.007927384615384614
0.04756430769230769
0.09283384615384616
0.13643446153846153
0.168144
0.16438892307692307
0.14269292307692305
0.10514215384615383
0.06070707692307692
0.025659692307692307
-0.006049846153846154
-0.02795446153846154
-0.042974769230769226
-0.05924676923076923
-0.05820369230769231
-0.03859384615384615
-0.02315630769230769
-0.02023569230769231
-0.03421292307692308
-0.051528
-0.061750153846153844
-0.07155507692307693
-0.07259815384615384
-0.07113784615384615
-0.06592246153846154
-0.04547815384615384
-0.00855323076923077
0.051528
0.10576799999999999
0.13330523076923076
0.14144123076923076
0.13998092307692306
0.13852061538461538
0.12808984615384614
0.10618523076923077
0.07426707692307692
0.04860738461538461
0.042974769230769226
0.049233230769230765
0.051528
0.042974769230769226
0.01981846153846154
0.004798153846153846
0.019192615384615384
0.053614153846153846
0.084072
0.09325107692307691
0.10055261538461538
0.10764553846153846
0.1178676923076923
0.12391753846153845
0.10910584615384614
0.08031692307692308
0.042348923076923076
0.0077187692307692304
-0.0070929230769230765
-0.016272
-0.028371692307692306
-0.03629907692307692
-0.04193169230769231
-0.03024923076923077
-0.005215384615384615
0.019609846153846155
0.04109723076923077
0.05924676923076923
0.08302892307692307
0.11974523076923077
0.17419384615384614
0.21842030769230766
0.2342750769230769
0.22447015384615385
0.1977673846153846
0.17732307692307692
0.1449876923076923
0.09283384615384616
0.03629907692307692
-0.02044430769230769
-0.06154153846153846
-0.07885661538461539
-0.0826116923076923
-0.0771876923076923
-0.06070707692307692
-0.02482523076923077
0.034630153846153845
0.09596307692307693
0.13455692307692307
0.14477907692307693
0.13706030769230768
0.11974523076923077
0.09491999999999999
0.05924676923076923
0.0029206153846153843
-0.07426707692307692
-0.14853415384615384
-0.214248
-0.25200738461538463
-0.25534523076923077
-0.24908676923076922
-0.23072861538461537
-0.19171753846153847
-0.12224861538461537
-0.02315630769230769
0.07927384615384615
0.16605784615384614
0.23761292307692305
0.2803790769230769
0.2962338461538461
0.2851772307692308
0.22342707692307692
0.12516923076923075
0.005841230769230769
-0.10055261538461538
-0.1652233846153846
-0.20673784615384616
-0.22551323076923077
-0.2221753846153846
-0.19046584615384615
-0.12579507692307693
-0.03400430769230769
0.065088
0.14269292307692305
0.19839323076923077
0.2330233846153846
0.24700061538461537
0.24303692307692307
0.19964492307692308
0.11953661538461538
0.03045784615384615
-0.06341907692307691
-0.14018953846153845
-0.1881710769230769
-0.21716861538461538
-0.22154953846153846
-0.20256553846153844
-0.1506203076923077
-0.06133292307692308
0.03504738461538461
0.12579507692307693
0.19588984615384614
0.24074215384615386
0.2626467692307692
0.26348123076923075
0.24720923076923076
0.19359507692307693
0.111192
0.017940923076923077
-0.05820369230769231
-0.11640738461538462
-0.16584923076923075
-0.20527753846153846
-0.23218892307692307
-0.23072861538461537
-0.19505538461538463
-0.12996738461538462
-0.07113784615384615
-0.01710646153846154
0.03755076923076923
0.09554584615384615
0.16605784615384614
0.21216184615384615
0.22551323076923077
0.19881046153846152
0.13372246153846154
0.06613107692307692
0.003129230769230769
-0.05444861538461539
-0.11327815384615383
-0.16438892307692307
-0.18232984615384615
-0.16501476923076921
-0.11974523076923077
-0.06049846153846154
-0.003963692307692307
0.04568676923076923
0.09471138461538461
0.1356
0.16647507692307692
0.16647507692307692
0.13372246153846154
0.08323753846153846
0.018358153846153843
-0.03150092307692308
-0.07885661538461539
-0.1358086153846154
-0.19046584615384615
-0.23823876923076923
-0.25701415384615384
-0.2497126153846154
-0.23844738461538462
-0.24449723076923074
-0.2641070769230769
-0.2966510769230769
-0.30854215384615385
-0.23364923076923078
-0.12788123076923075
0.035464615384615386
0.2059033846153846
0.36027876923076924
0.5551255384615384
0.6890566153846153
0.7823076923076923
0.7351606153846154
0.5703544615384616
0.3513083076923077
0.116616
-0.08907876923076924
-0.34004307692307695
-0.5008855384615384
-0.6097827692307692
-0.6054018461538461
-0.4485230769230769
-0.2422024615384615
0.034630153846153845
0.2926873846153846
0.5319692307692307
0.713256
0.7758406153846154
0.7092923076923077
0.5192436923076923
0.25555384615384613
-0.06884307692307692
-0.35318584615384613
-0.5795335384615384
-0.722435076923077
-0.7128387692307692
-0.6043587692307693
-0.40679999999999994
-0.18796246153846152
0.007510153846153846
0.20277415384615383
0.3193901538461538
0.3550633846153846
0.34630153846153844
0.27787569230769227
0.21111876923076925
0.13914646153846155
0.05736923076923077
-0.02273907692307692
-0.12120553846153845
-0.1858763076923077
-0.24303692307692307
-0.28809784615384615
-0.3031181538461538
-0.30436984615384616
-0.24345415384615382
-0.17148184615384612
-0.11974523076923077
-0.06467076923076923
-0.050067692307692306
-0.017732307692307693
0.02586830769230769
0.051319384615384614
0.0961716923076923
0.13038461538461538
0.1718990769230769
0.21508246153846153
0.2021483076923077
0.119328
-0.0014603076923076922
-0.1462393846153846
-0.2782929230769231
-0.371544
-0.4124326153846154
-0.38593846153846156
-0.2828824615384615
-0.10868861538461538
0.09971815384615385
0.3193901538461538
0.4975476923076923
0.6102
0.6398233846153846
0.5636787692307692
0.42369784615384615
0.24887815384615386
0.05069353846153846
-0.13247076923076923
-0.2872633846153846
-0.38009723076923074
-0.3767593846153846
-0.3072904615384615
-0.184416
-0.0448523076923077
0.08824430769230769
0.2292683076923077
0.3609046153846154
0.45707630769230767
0.46020553846153844
0.38572984615384615
0.25284184615384614
0.06654830769230768
-0.119328
-0.2943563076923077
-0.42035999999999996
-0.4739741538461538
-0.4627089230769231
-0.37008369230769234
-0.2127876923076923
-0.029623384615384614
0.15479261538461536
0.30207507692307695
0.38990215384615384
0.4180652307692308
0.3684147692307692
0.26306399999999996
0.13038461538461538
-0.018983999999999997
-0.15208061538461537
-0.2482523076923077
-0.287472
-0.2737033846153846
-0.2075723076923077
-0.10347323076923076
-0.0006258461538461538
0.11911938461538461
0.2157083076923077
0.2674449230769231
0.2818393846153846
0.23803015384615384
0.17315076923076922
0.08699261538461538
-0.012308307692307691
-0.09512861538461538
-0.1639716923076923
-0.20027076923076922
-0.1846246153846154
-0.1316363076923077
-0.05382276923076923
0.03296123076923077
0.10910584615384614
0.1779489230769231
0.21800307692307694
0.2238443076923077
0.1867107692307692
0.11974523076923077
0.05236246153846154
-0.02211323076923077
-0.07677046153846154
-0.11181784615384616
-0.11557292307692307
-0.06362769230769232
0.018358153846153843
0.11140061538461538
0.2021483076923077
0.26097784615384617
0.29080984615384614
0.29644246153846154
0.265776
0.22488738461538463
0.1696043076923077
0.11035753846153845
0.08198584615384615
0.07092923076923077
0.07364123076923076
0.08720123076923077
0.09700615384615385
0.10430769230769231
0.09554584615384615
0.06487938461538462
0.026702769230769228
-0.022530461538461537
-0.0771876923076923
-0.12955015384615384
-0.1656406153846154
-0.16647507692307692
-0.13706030769230768
-0.07969107692307692
-0.020027076923076922
0.042557538461538466
0.12350030769230769
0.20423446153846153
0.2807963076923077
0.3214763076923077
0.3031181538461538
0.2478350769230769
0.1597993846153846
0.052153846153846155
-0.05862092307692307
-0.16897846153846155
-0.2436627692307692
-0.2737033846153846
-0.25513661538461535
-0.18316430769230768
-0.08574092307692306
0.017523692307692306
0.1070196923076923
0.17481969230769231
0.2056947692307692
0.18483323076923078
0.1289243076923077
0.040262769230769234
-0.06279323076923077
-0.1585476923076923
-0.24074215384615386
-0.2757895384615385
-0.2768326153846154
-0.25138153846153843
-0.1942209230769231
-0.12725538461538463
-0.0448523076923077
0.028163076923076923
0.07843938461538462
0.09971815384615385
0.08991323076923076
0.06821723076923077
0.026702769230769228
-0.011265230769230769
-0.047772923076923074
-0.08010830769230769
-0.08052553846153847
-0.05528307692307692
-0.0025033846153846152
0.05611753846153846
0.10222153846153846
0.14081538461538462
0.16501476923076921
0.16689230769230767
0.14936861538461538
0.1028473846153846
0.03880246153846154
-0.02044430769230769
-0.07843938461538462
-0.11411261538461538
-0.13184492307692308
-0.13184492307692308
-0.10013538461538461
-0.05090215384615384
0.017732307692307693
0.07572738461538461
0.10138707692307691
0.10159569230769232
0.0717636923076923
0.02357353846153846
-0.033169846153846154
-0.10138707692307691
-0.16584923076923075
-0.22947692307692308
-0.2768326153846154
-0.2695310769230769
-0.21967199999999998
-0.130176
-0.03755076923076923
0.04380923076923077
0.12162276923076921
0.18066092307692305
0.21633415384615384
0.21028430769230766
0.17294215384615383
0.10743692307692307
0.03337846153846154
-0.02315630769230769
-0.078648
-0.124752
-0.15208061538461537
-0.15792184615384616
-0.12287446153846153
-0.06717415384615384
-0.008970461538461538
0.04714707692307692
0.07301538461538462
0.08302892307692307
0.08302892307692307
0.06550523076923077
0.049233230769230765
0.024408000000000003
0.006884307692307692
0.010639384615384617
0.028788923076923077
0.06028984615384615
0.084072
0.09930092307692308
0.10243015384615384
0.09429415384615383
0.08615815384615384
0.065088
0.03233538461538461
0.003963692307692307
-0.019609846153846155
-0.01043076923076923
0.02795446153846154
0.07009476923076922
0.11244369230769231
0.1358086153846154
0.15395815384615386
0.17398523076923075
0.18212123076923076
0.1696043076923077
0.13330523076923076
0.07739630769230768
0.021696
-0.030875076923076922
-0.08448923076923077
-0.12704676923076924
-0.16334584615384617
-0.16835261538461538
-0.13747753846153846
-0.08386338461538462
-0.015228923076923076
0.044435076923076924
0.0936683076923077
0.11557292307692307
0.11098338461538461
0.08448923076923077
0.021278769230769233
-0.06133292307692308
-0.14728246153846153
-0.21696000000000001
-0.2426196923076923
-0.22530461538461538
-0.16689230769230767
-0.07593599999999999
0.02795446153846154
0.14394461538461537
0.2503384615384615
0.3312812307692308
0.3650769230769231
0.336288
0.26306399999999996
0.16876984615384616
0.07072061538461538
-0.03400430769230769
-0.13038461538461538
-0.2073636923076923
-0.2509643076923077
-0.24887815384615386
-0.20423446153846153
-0.12913292307692306
-0.04318338461538461
0.03775938461538462
0.11056615384615384
0.16584923076923075
0.19463815384615382
0.18232984615384615
0.13101046153846155
0.07030338461538461
0.0035464615384615383
-0.05382276923076923
-0.10013538461538461
-0.1314276923076923
-0.138312
-0.12662953846153846
-0.07843938461538462
-0.006675692307692307
0.06216738461538462
0.11411261538461538
0.1353913846153846
0.1358086153846154
0.11473846153846154
0.07906523076923076
0.03024923076923077
-0.03150092307692308
-0.08428061538461538
-0.11306953846153844
-0.10368184615384615
-0.07113784615384615
-0.02899753846153846
0.018983999999999997
0.06154153846153846
0.10514215384615383
0.14102399999999998
0.14686523076923075
0.11807630769230769
0.05298830769230769
-0.026911384615384615
-0.09033046153846153
-0.12788123076923075
-0.1353913846153846
-0.11181784615384616
-0.07197230769230768
-0.017940923076923077
0.059038153846153844
0.14081538461538462
0.19004861538461537
0.19735015384615384
0.17273353846153844
0.11682461538461539
0.04047138461538462
-0.03901107692307692
-0.10910584615384614
-0.1710646153846154
-0.208824
-0.20193969230769232
-0.14603076923076924
-0.06633969230769231
0.010848
0.07906523076923076
0.13038461538461538
0.17690584615384616
0.19442953846153843
0.1792006153846154
0.12975876923076923
0.045895384615384616
-0.042348923076923076
-0.12350030769230769
-0.1652233846153846
-0.18170399999999998
-0.18107815384615383
-0.15124615384615384
-0.09512861538461538
-0.006258461538461538
0.08991323076923076
0.1597993846153846
0.19588984615384614
0.19004861538461537
0.15354092307692307
0.10660246153846153
0.0448523076923077
-0.02357353846153846
-0.09283384615384616
-0.13789476923076924
-0.12558646153846154
-0.07030338461538461
0.014603076923076923
0.11286092307692308
0.19797599999999999
0.27558092307692306
0.32648307692307693
0.328152
0.2926873846153846
0.222384
0.13393107692307693
0.04401784615384615
-0.030040615384615384
-0.07301538461538462
-0.086784
-0.078648
-0.04693846153846153
0.01397723076923077
0.0892873846153846
0.15833907692307692
0.2008966153846154
0.2194633846153846
0.20298276923076922
0.1612596923076923
0.111192
0.04693846153846153
-0.015646153846153844
-0.08490646153846154
-0.13518276923076925
-0.14999446153846155
-0.14206707692307693
-0.10597661538461538
-0.06800861538461538
-0.024199384615384616
0.022530461538461537
0.05027630769230769
0.061124307692307686
0.04318338461538461
0.015854769230769228
-0.009596307692307692
-0.04214030769230769
-0.059038153846153844
-0.084072
-0.11619876923076923
-0.11807630769230769
-0.10138707692307691
-0.047981538461538464
0.016272
0.08010830769230769
0.14394461538461537
0.19588984615384614
0.2707827692307692
0.2962338461538461
0.2655673846153846
0.1706473846153846
0.032544
-0.09137353846153846
-0.18128676923076922
-0.22342707692307692
-0.31855569230769226
-0.376968
-0.3744646153846154
-0.30374399999999996
-0.14457046153846154
-0.006258461538461538
0.12934153846153845
0.2261390769230769
0.32335384615384616
0.4086775384615385
0.42891323076923077
0.39365723076923076
0.25284184615384614
0.09554584615384615
-0.04985907692307692
-0.1787833846153846
-0.24574892307692306
-0.3068732307692308
-0.3383741538461538
-0.31918153846153846
-0.25972615384615383
-0.1341396923076923
-0.0008344615384615384
0.116616
0.20819815384615384
0.21132738461538458
0.2056947692307692
0.19881046153846152
0.15938215384615384
0.11348676923076922
0.01272553846153846
-0.0934596923076923
-0.18921415384615384
-0.2559710769230769
-0.26494153846153845
-0.2774584615384615
-0.28100492307692304
-0.25659692307692306
-0.19046584615384615
-0.08031692307692308
0.021904615384615383
0.09804923076923076
0.15145476923076923
0.1860849230769231
0.23135446153846154
0.26118646153846153
0.24887815384615386
0.20861538461538462
0.1422756923076923
0.07364123076923076
0.018358153846153843
-0.034630153846153845
-0.07593599999999999
-0.11682461538461539
-0.14728246153846153
-0.14477907692307693
-0.1218313846153846
-0.06216738461538462
0.014603076923076923
0.09575446153846154
0.1860849230769231
0.268488
0.3285692307692308
0.3312812307692308
0.2912270769230769
0.20402584615384614
0.078648
-0.027120000000000002
-0.13330523076923076
-0.235944
-0.3016578461538461
-0.33315876923076926
-0.3202246153846154
-0.26869661538461537
-0.1873366153846154
-0.08615815384615384
0.0033378461538461535
0.09554584615384615
0.184416
0.23969907692307693
0.25284184615384614
0.21758584615384616
0.16438892307692307
0.09909230769230769
0.019609846153846155
-0.06571384615384615
-0.15917353846153848
-0.22780799999999998
-0.2588916923076923
-0.2492953846153846
-0.1846246153846154
-0.10555938461538462
-0.024408000000000003
0.062376
0.12725538461538463
0.18170399999999998
0.21967199999999998
0.2236356923076923
0.20027076923076922
0.1449876923076923
0.078648
0.033169846153846154
0.0002086153846153846
-0.028788923076923077
-0.06133292307692308
-0.09137353846153846
-0.11432123076923076
-0.12120553846153845
-0.09533723076923077
-0.06487938461538462
-0.035255999999999996
-0.00855323076923077
0.015437538461538461
0.05736923076923077
0.09658892307692307
0.12099692307692309
0.13205353846153844
0.12788123076923075
0.13330523076923076
0.14311015384615386
0.13810338461538463
0.10639384615384614
0.05674338461538461
0.007510153846153846
-0.02899753846153846
-0.05048492307692308
-0.07197230769230768
-0.08907876923076924
-0.10222153846153846
-0.09471138461538461
-0.059664
-0.003755076923076923
0.06884307692307692
0.13789476923076924
0.18963138461538462
0.21696000000000001
0.23406646153846156
0.238656
0.21132738461538458
0.1597993846153846
0.08365476923076923
-0.0002086153846153846
-0.06341907692307691
-0.10555938461538462
-0.1136953846153846
-0.10326461538461539
-0.07969107692307692
-0.028371692307692306
0.03859384615384615
0.11286092307692308
0.17377661538461536
0.20506892307692307
0.20444307692307692
0.17711446153846155
0.13476553846153844
0.07134646153846153
0.0004172307692307692
-0.06654830769230768
-0.13038461538461538
-0.1696043076923077
-0.1948467692307692
-0.1942209230769231
-0.1691870769230769
-0.13998092307692306
-0.0988836923076923
-0.06404492307692307
-0.03963692307692308
-0.03379569230769231
-0.03692492307692308
-0.04860738461538461
-0.07280676923076923
-0.09283384615384616
-0.11599015384615384
-0.12537784615384615
-0.12808984615384614
-0.13205353846153844
-0.12245723076923076
-0.10889723076923077
-0.08302892307692307
-0.056951999999999996
-0.03984553846153846
-0.01981846153846154
-0.0035464615384615383
0.011056615384615385
0.018983999999999997
0.027745846153846152
0.034630153846153845
0.049233230769230765
0.08115138461538463
0.10430769230769231
0.12808984615384614
0.138312
0.1358086153846154
0.1316363076923077
0.10535076923076922
0.06863446153846153
0.02211323076923077
-0.014185846153846153
-0.02858030769230769
-0.029623384615384614
-0.015646153846153844
-0.003129230769230769
0.013768615384615384
0.03942830769230769
0.06529661538461538
0.09554584615384615
0.10994030769230768
0.09804923076923076
0.08073415384615384
0.059664
0.05069353846153846
0.04631261538461538
0.03588184615384615
0.03483876923076923
0.029206153846153847
0.03275261538461539
0.04735569230769231
0.06362769230769232
0.08219446153846154
0.0853236923076923
0.08740984615384616
0.09283384615384616
0.09554584615384615
0.103056
0.0974233846153846
0.0897046153846154
0.08428061538461538
0.07405846153846153
0.07572738461538461
0.06905169230769231
0.055491692307692304
0.04756430769230769
0.03609046153846154
0.04172307692307692
0.06028984615384615
0.07468430769230769
0.08490646153846154
0.08094276923076923
0.07197230769230768
0.07072061538461538
0.06070707692307692
0.043392
0.015228923076923076
-0.01814953846153846
-0.04422646153846154
-0.06195876923076923
-0.06133292307692308
-0.05778646153846154
-0.04526953846153846
-0.01981846153846154
0.00855323076923077
0.03859384615384615
0.059872615384615385
0.06404492307692307
0.05611753846153846
0.04735569230769231
0.04672984615384615
0.044435076923076924
0.026494153846153844
0.011473846153846154
-0.005215384615384615
-0.013560000000000001
-0.01272553846153846
-0.019609846153846155
-0.02899753846153846
-0.04756430769230769
-0.058829538461538454
-0.056951999999999996
-0.042974769230769226
-0.021070153846153846
0.0014603076923076922
0.027328615384615382
0.052153846153846155
0.07802215384615384
0.09658892307692307
0.09053907692307692
0.06300184615384616
0.021070153846153846
-0.02232184615384615
-0.04735569230769231
-0.06425353846153846
-0.07489292307692308
-0.08177723076923075
-0.07823076923076923
-0.05194523076923077
-0.008970461538461538
0.042974769230769226
0.08135999999999999
0.1045163076923077
0.1287156923076923
0.14540492307692307
0.14206707692307693
0.1151556923076923
0.06133292307692308
0.001043076923076923
-0.06821723076923077
-0.13476553846153844
-0.1802436923076923
-0.225096
-0.24866953846153847
-0.2399076923076923
-0.18900553846153845
-0.10055261538461538
-0.012099692307692308
0.06988615384615385
0.12245723076923076
0.13768615384615385
0.1341396923076923
0.09450276923076922
0.025659692307692307
-0.056951999999999996
-0.14916
-0.20944984615384615
-0.22551323076923077
-0.20047938461538461
-0.13247076923076923
-0.03567323076923076
0.0826116923076923
0.20632061538461538
0.31188
0.37967999999999996
0.38760738461538463
0.3419206153846154
0.26222953846153846
0.15687876923076924
0.050067692307692306
-0.04693846153846153
-0.12934153846153845
-0.18128676923076922
-0.1940123076923077
-0.14394461538461537
-0.056951999999999996
0.025033846153846153
0.10472492307692308
0.16292861538461537
0.20632061538461538
0.225096
0.19046584615384615
0.12120553846153845
0.01668923076923077
-0.09450276923076922
-0.1800350769230769
-0.23677846153846152
-0.2497126153846154
-0.2355267692307692
-0.19755876923076923
-0.12662953846153846
-0.040262769230769234
0.0446436923076923
0.10576799999999999
0.130176
0.1218313846153846
0.08740984615384616
0.049233230769230765
0.012308307692307691
-0.021487384615384613
-0.04547815384615384
-0.05570030769230769
-0.032544
0.014811692307692307
0.07051199999999999
0.119328
0.14436184615384615
0.14603076923076924
0.12975876923076923
0.09971815384615385
0.048816000000000005
-0.02357353846153846
-0.09763200000000001
-0.14603076923076924
-0.15792184615384616
-0.13184492307692308
-0.08490646153846154
-0.024199384615384616
0.04526953846153846
0.11390399999999999
0.17565415384615385
0.19609846153846153
0.1666836923076923
0.09012184615384615
-0.011265230769230769
-0.10806276923076923
-0.1942209230769231
-0.2532590769230769
-0.2858030769230769
-0.28350830769230767
-0.2355267692307692
-0.14728246153846153
-0.03880246153846154
0.062376
0.1422756923076923
0.19213476923076922
0.214248
0.20298276923076922
0.1570873846153846
0.08448923076923077
-0.007510153846153846
-0.10222153846153846
-0.17648861538461538
-0.208824
-0.20715507692307691
-0.17023015384615386
-0.10493353846153847
-0.03066646153846154
0.06049846153846154
0.1476996923076923
0.21779446153846155
0.25367630769230765
0.23761292307692305
0.19442953846153843
0.14477907692307693
0.09658892307692307
0.052153846153846155
0.019192615384615384
0.008761846153846153
0.02211323076923077
0.06592246153846154
0.11974523076923077
0.15959076923076923
0.1760713846153846
0.1710646153846154
0.15896492307692306
0.12621230769230768
0.07468430769230769
0.013351384615384614
-0.04860738461538461
-0.09325107692307691
-0.116616
-0.10576799999999999
-0.07551876923076924
-0.03421292307692308
0.017732307692307693
0.0678
0.10764553846153846
0.11891076923076922
0.09846646153846153
0.04735569230769231
-0.03108369230769231
-0.1207883076923077
-0.19609846153846153
-0.25451076923076926
-0.2920615384615385
-0.3243969230769231
-0.3304467692307692
-0.3102110769230769
-0.26681907692307694
-0.21049292307692305
-0.1718990769230769
-0.11411261538461538
-0.05507446153846154
0.05403138461538461
0.19526400000000002
0.3988726153846154
0.5328036923076923
0.5995606153846154
0.7201403076923076
0.7407932307692308
0.782724923076923
0.6673606153846153
0.4211944615384615
0.1424843076923077
-0.22989415384615383
-0.4720966153846154
-0.7503895384615384
-0.9494086153846153
-1.023467076923077
-1.0199206153846154
-0.7652012307692307
-0.42724430769230765
0.04652123076923077
0.5244590769230769
0.8791052307692307
1.1920283076923075
1.3063495384615385
1.269841846153846
1.0443286153846154
0.6068621538461538
0.130176
-0.42891323076923077
-0.9391864615384615
-1.2566990769230768
-1.4755366153846154
-1.4767883076923076
-1.3242904615384616
-1.04412
-0.5849575384615384
-0.09804923076923076
0.4337113846153846
0.893916923076923
1.1982867692307693
1.376027076923077
1.3791563076923077
1.240427076923077
0.9356399999999999
0.48628246153846155
-0.005215384615384615
-0.5054750769230769
-0.9033046153846154
-1.1642824615384615
-1.3094787692307692
-1.2713021538461537
-1.0839655384615383
-0.7647839999999999
-0.3312812307692308
0.11223507692307692
0.5444861538461538
0.9233316923076922
1.1784683076923077
1.3505759999999998
1.371854769230769
1.2337513846153845
0.9679753846153847
0.5659735384615384
0.13059323076923077
-0.32231076923076923
-0.7276504615384615
-1.0372356923076922
-1.2368806153846152
-1.267547076923077
-1.1720012307692307
-0.9066424615384615
-0.5002596923076923
-0.043392
0.45686769230769225
0.9016356923076922
1.253569846153846
1.470529846153846
1.4838812307692308
1.3313833846153844
1.0011452307692308
0.546780923076923
0.06154153846153846
-0.44455938461538463
-0.8849464615384616
-1.2181052307692306
-1.4085710769230768
-1.397931692307692
-1.2128898461538462
-0.8811913846153846
-0.4478972307692307
0.04860738461538461
0.570563076923077
1.0182516923076923
1.3261679999999998
1.467817846153846
1.3996006153846152
1.1680375384615385
0.8040036923076923
0.3540203076923077
-0.0897046153846154
-0.5250849230769231
-0.8738898461538461
-1.0975255384615386
-1.1901507692307691
-1.09836
-0.8799396923076923
-0.5626356923076923
-0.18316430769230768
0.19609846153846153
0.5555427692307692
0.8403027692307693
1.0211723076923076
1.0781243076923075
0.994260923076923
0.8010830769230769
0.5204953846153846
0.18900553846153845
-0.15270646153846154
-0.484404923076923
-0.7391243076923076
-0.9078941538461538
-0.9821612307692307
-0.9327193846153846
-0.7954504615384616
-0.5849575384615384
-0.32836061538461536
-0.04965046153846154
0.22801661538461537
0.45040061538461534
0.5976830769230769
0.6602676923076923
0.6398233846153846
0.552204923076923
0.3980381538461538
0.2021483076923077
-0.014394461538461538
-0.22530461538461538
-0.3903193846153846
-0.5186178461538461
-0.5849575384615384
-0.5855833846153846
-0.5290486153846153
-0.39908123076923074
-0.22780799999999998
-0.033169846153846154
0.16438892307692307
0.3387913846153846
0.4877427692307692
0.5935107692307693
0.6364855384615384
0.6204221538461538
0.5325950769230768
0.3984553846153846
0.24282830769230768
0.078648
-0.06633969230769231
-0.20715507692307691
-0.3137575384615385
-0.37655076923076924
-0.3947003076923077
-0.35193415384615384
-0.28934953846153844
-0.21091015384615383
-0.12391753846153845
-0.03984553846153846
0.05736923076923077
0.14164984615384615
0.20652923076923077
0.24282830769230768
0.23844738461538462
0.2225926153846154
0.19693292307692306
0.1639716923076923
0.10827138461538462
0.027328615384615382
-0.044435076923076924
-0.09804923076923076
-0.130176
-0.14749107692307692
-0.16292861538461537
-0.17690584615384616
-0.17461107692307692
-0.1449876923076923
-0.0892873846153846
-0.028163076923076923
0.027120000000000002
0.08094276923076923
0.12788123076923075
0.1792006153846154
0.22551323076923077
0.24741784615384615
0.24282830769230768
0.1992276923076923
0.13768615384615385
0.06633969230769231
-0.010222153846153844
-0.07677046153846154
-0.14436184615384615
-0.19380369230769232
-0.21487384615384614
-0.2021483076923077
-0.15082892307692305
-0.08448923076923077
-0.011473846153846154
0.06425353846153846
0.14728246153846153
0.23260615384615385
0.2872633846153846
0.29331323076923077
0.2478350769230769
0.1704387692307692
0.09053907692307692
0.013768615384615384
-0.05757784615384615
-0.12788123076923075
-0.18983999999999998
-0.21904615384615383
-0.20152246153846154
-0.13330523076923076
-0.037967999999999995
0.05194523076923077
0.13184492307692308
0.20444307692307692
0.26640184615384616
0.30332676923076923
0.2997803076923077
0.25471938461538457
0.17815753846153848
0.10430769230769231
0.04276615384615385
-0.014394461538461538
-0.06821723076923077
-0.11599015384615384
-0.14477907692307693
-0.14060676923076923
-0.10597661538461538
-0.06654830769230768
-0.026911384615384615
0.008761846153846153
0.03671630769230769
0.05590892307692308
0.06884307692307692
0.07259815384615384
0.055491692307692304
0.028788923076923077
0.008970461538461538
-0.0006258461538461538
-0.0014603076923076922
-0.011265230769230769
-0.040054153846153843
-0.07823076923076923
-0.119328
-0.1449876923076923
-0.16626646153846153
-0.18232984615384615
-0.19380369230769232
-0.19547261538461536
-0.1656406153846154
-0.12204
-0.07280676923076923
-0.03650769230769231
-0.00855323076923077
0.0035464615384615383
-0.0016689230769230767
-0.00855323076923077
-0.03567323076923076
-0.07113784615384615
-0.10389046153846154
-0.12621230769230768
-0.12725538461538463
-0.10910584615384614
-0.07343261538461537
-0.034630153846153845
0.0016689230769230767
0.05090215384615384
0.10201292307692307
0.12704676923076924
0.12329169230769231
0.09074769230769231
0.042974769230769226
-0.015854769230769228
-0.07927384615384615
-0.11557292307692307
-0.13476553846153844
-0.13872923076923074
-0.10764553846153846
-0.04401784615384615
0.041514461538461535
0.11703323076923078
0.16835261538461538
0.20819815384615384
0.23135446153846154
0.23135446153846154
0.21237046153846154
0.16042523076923076
0.08615815384615384
0.0008344615384615384
-0.08323753846153846
-0.13747753846153846
-0.1696043076923077
-0.18170399999999998
-0.1639716923076923
-0.11578153846153846
-0.03483876923076923
0.06404492307692307
0.15291507692307693
0.222384
0.2720344615384615
0.3004061538461538
0.3087507692307692
0.28809784615384615
0.24282830769230768
0.18274707692307693
0.09804923076923076
0.015020307692307692
-0.04839876923076923
-0.09992676923076924
-0.13393107692307693
-0.14686523076923075
-0.12391753846153845
-0.06988615384615385
0.008970461538461538
0.10368184615384615
0.19442953846153843
0.27182584615384614
0.31772123076923076
0.33253292307692306
0.31542646153846154
0.25242461538461536
0.15187199999999998
0.021904615384615383
-0.10514215384615383
-0.2073636923076923
-0.29227015384615385
-0.34504984615384615
-0.3609046153846154
-0.327108923076923
-0.2399076923076923
-0.1136953846153846
0.03212676923076923
0.16897846153846155
0.28476
0.3684147692307692
0.4124326153846154
0.40679999999999994
0.33670523076923076
0.206112
0.03963692307692308
-0.13601723076923075
-0.29581661538461534
-0.4159790769230769
-0.48941169230769227
-0.5017199999999999
-0.4541556923076923
-0.34630153846153844
-0.17628
0.017315076923076923
0.20632061538461538
0.36340799999999995
0.4660467692307692
0.511524923076923
0.48649107692307686
0.39636923076923075
0.25972615384615383
0.0826116923076923
-0.09679753846153846
-0.2601433846153846
-0.3882332307692308
-0.45749353846153845
-0.47418276923076924
-0.4228633846153846
-0.3141747692307692
-0.16021661538461537
0.016272
0.1785747692307692
0.3072904615384615
0.3836436923076923
0.40387938461538464
0.36674584615384614
0.2776670769230769
0.143736
-0.011056615384615385
-0.1612596923076923
-0.2774584615384615
-0.3479704615384615
-0.36549415384615386
-0.3314898461538462
-0.25972615384615383
-0.15228923076923076
-0.029623384615384614
0.08720123076923077
0.17502830769230768
0.22572184615384616
0.23656984615384613
0.20861538461538462
0.14331876923076922
0.058412307692307694
-0.03567323076923076
-0.12224861538461537
-0.17419384615384614
-0.19735015384615384
-0.184416
-0.14039815384615384
-0.08115138461538463
-0.00855323076923077
0.06404492307692307
0.12642092307692307
0.17669723076923077
0.20694646153846152
0.21737723076923077
0.20798953846153845
0.18253846153846154
0.1368516923076923
0.07760492307692309
0.013768615384615384
-0.04214030769230769
-0.07280676923076923
-0.07781353846153846
-0.04902461538461538
0.0004172307692307692
0.06133292307692308
0.13309661538461537
0.20277415384615383
0.2586830769230769
0.30207507692307695
0.3212676923076923
0.3060387692307692
0.2568055384615385
0.17815753846153848
0.09033046153846153
-0.0043809230769230765
-0.08949599999999999
-0.15520984615384617
-0.19150892307692308
-0.18066092307692305
-0.13768615384615385
-0.06988615384615385
0.015854769230769228
0.11181784615384616
0.20402584615384614
0.2722430769230769
0.30186646153846153
0.287472
0.22822523076923076
0.13080184615384613
0.020652923076923076
-0.092208
-0.184416
-0.25930892307692305
-0.30290953846153845
-0.3179298461538461
-0.2939390769230769
-0.23677846153846152
-0.18170399999999998
-0.08386338461538462
0.022947692307692308
0.13935507692307691
0.24491446153846153
0.29685969230769227
0.3195987692307692
0.3127144615384615
0.27871015384615383
0.3060387692307692
0.28246523076923075
0.07614461538461538
-0.08073415384615384
-0.2503384615384615
-0.314592
-0.24282830769230768
-0.3673716923076923
-0.41305846153846154
-0.43412861538461534
-0.33670523076923076
-0.05111076923076923
0.09784061538461537
0.25346769230769234
0.26306399999999996
0.3319070769230769
0.4816929230769231
0.48336184615384614
0.4831532307692308
0.23239753846153846
-0.015228923076923076
-0.17481969230769231
-0.37237846153846155
-0.37091815384615384
-0.4443507692307692
-0.45269538461538456
-0.3246055384615385
-0.2947735384615384
-0.06592246153846154
0.14144123076923076
0.26494153846153845
0.46104
0.42599261538461536
0.3957433846153846
0.3782196923076923
0.2768326153846154
0.2837169230769231
0.15270646153846154
-0.02044430769230769
-0.15270646153846154
-0.2695310769230769
-0.23677846153846152
-0.260352
-0.31000246153846156
-0.32314523076923074
-0.31626092307692305
-0.14832553846153845
0.0014603076923076922
0.10159569230769232
0.20673784615384616
0.2261390769230769
0.3252313846153846
0.412224
0.40742584615384614
0.417648
0.314592
0.21633415384615384
0.16835261538461538
0.0448523076923077
-0.054240000000000003
-0.19588984615384614
-0.3412947692307692
-0.39407446153846154
-0.42182030769230766
-0.3648683076923077
-0.25346769230769234
-0.09095630769230768
0.07572738461538461
0.21341353846153846
0.38948492307692306
0.49316676923076924
0.546780923076923
0.5190350769230769
0.34588430769230766
0.1923433846153846
0.011473846153846154
-0.18712800000000002
-0.33002953846153843
-0.4960873846153846
-0.5682683076923077
-0.5601323076923077
-0.5048492307692307
-0.3565236923076923
-0.2453316923076923
-0.10076123076923077
0.08323753846153846
0.2154996923076923
0.3114627692307692
0.30436984615384616
0.28100492307692304
0.2517987692307692
0.15166338461538462
0.059872615384615385
-0.08010830769230769
-0.184416
-0.19714153846153845
-0.2357353846153846
-0.19296923076923078
-0.13038461538461538
-0.07593599999999999
0.042557538461538466
0.0934596923076923
0.14561353846153846
0.2021483076923077
0.2008966153846154
0.20152246153846154
0.14936861538461538
0.08073415384615384
0.027328615384615382
-0.015854769230769228
0.005215384615384615
0.023990769230769232
0.03713353846153846
0.031709538461538456
0.0022947692307692304
0.01710646153846154
-0.005215384615384615
-0.040054153846153843
-0.07510153846153846
-0.154584
-0.1612596923076923
-0.12934153846153845
-0.08887015384615385
-0.018983999999999997
0.006258461538461538
0.06216738461538462
0.16188553846153847
0.2374043076923077
0.28204799999999997
0.2436627692307692
0.16063384615384615
0.09158215384615384
0.012934153846153845
-0.040054153846153843
-0.09179076923076923
-0.14561353846153846
-0.17377661538461536
-0.19839323076923077
-0.15208061538461537
-0.07802215384615384
-0.004798153846153846
0.08115138461538463
0.11265230769230769
0.14311015384615386
0.1704387692307692
0.1733593846153846
0.18754523076923074
0.130176
0.029414769230769227
-0.040262769230769234
-0.0974233846153846
-0.10535076923076922
-0.11599015384615384
-0.15416676923076922
-0.15917353846153848
-0.14185846153846154
-0.07656184615384615
0.0
0.045895384615384616
0.07030338461538461
0.04693846153846153
0.03880246153846154
0.03713353846153846
0.02044430769230769
0.014603076923076923
-0.02273907692307692
-0.03713353846153846
-0.022947692307692308
-0.007510153846153846
0.03650769230769231
0.05945538461538461
0.058829538461538454
0.03963692307692308
0.0014603076923076922
-0.01981846153846154
-0.052571076923076915
-0.1151556923076923
-0.1908830769230769
-0.24992123076923078
-0.2572227692307692
-0.21967199999999998
-0.14603076923076924
-0.06487938461538462
-0.0022947692307692304
0.06195876923076923
0.12016246153846154
0.16626646153846153
0.17628
0.12329169230769231
0.055491692307692304
-0.009596307692307692
-0.06946892307692307
-0.10952307692307692
-0.1570873846153846
-0.18253846153846154
-0.16063384615384615
-0.10430769230769231
-0.009596307692307692
0.0828203076923077
0.15166338461538462
0.19568123076923075
0.21800307692307694
0.22488738461538463
0.2140393846153846
0.18399876923076922
0.11745046153846153
0.03671630769230769
-0.03337846153846154
-0.08323753846153846
-0.09909230769230769
-0.08824430769230769
-0.05799507692307692
0.002712
0.06884307692307692
0.1218313846153846
0.17648861538461538
0.20152246153846154
0.20861538461538462
0.18963138461538462
0.13372246153846154
0.08323753846153846
0.017523692307692306
-0.052153846153846155
-0.10055261538461538
-0.11745046153846153
-0.0892873846153846
-0.03984553846153846
0.031709538461538456
0.11327815384615383
0.18086953846153844
0.24595753846153845
0.27850153846153847
0.26869661538461537
0.23469230769230767
0.15938215384615384
0.07593599999999999
-0.0035464615384615383
-0.08699261538461538
-0.14039815384615384
-0.1710646153846154
-0.1635544615384615
-0.10472492307692308
-0.01814953846153846
0.08490646153846154
0.16856123076923077
0.22989415384615383
0.27558092307692306
0.29101846153846156
0.27704123076923076
0.22593046153846155
0.14436184615384615
0.05111076923076923
-0.04380923076923077
-0.12162276923076921
-0.18232984615384615
-0.2207150769230769
-0.2194633846153846
-0.18149538461538461
-0.10013538461538461
-0.0035464615384615383
0.08115138461538463
0.15500123076923078
0.20527753846153846
0.23761292307692305
0.2426196923076923
0.22447015384615385
0.18796246153846152
0.12120553846153845
0.04214030769230769
-0.026702769230769228
-0.06926030769230769
-0.08511507692307693
-0.08615815384615384
-0.07927384615384615
-0.05173661538461538
-0.010639384615384617
0.028163076923076923
0.054240000000000003
0.05319692307692307
0.044435076923076924
0.03024923076923077
0.018775384615384614
0.021278769230769233
0.015228923076923076
0.0008344615384615384
-0.01940123076923077
-0.03942830769230769
-0.04631261538461538
-0.04756430769230769
-0.06341907692307691
-0.08949599999999999
-0.10368184615384615
-0.09763200000000001
-0.07468430769230769
-0.056951999999999996
-0.047981538461538464
-0.03108369230769231
-0.009179076923076922
0.02795446153846154
0.07426707692307692
0.10931446153846153
0.1207883076923077
0.11599015384615384
0.12141415384615384
0.12558646153846154
0.11974523076923077
0.100344
0.06154153846153846
0.023782153846153845
-0.0008344615384615384
-0.013768615384615384
-0.012308307692307691
-0.021904615384615383
-0.03755076923076923
-0.03400430769230769
-0.024408000000000003
0.0
0.027745846153846152
0.041514461538461535
0.049233230769230765
0.04819015384615385
0.04965046153846154
0.04714707692307692
0.02273907692307692
-0.015854769230769228
-0.059664
-0.09053907692307692
-0.09930092307692308
-0.09512861538461538
-0.09095630769230768
-0.09408553846153846
-0.09179076923076923
-0.07489292307692308
-0.037342153846153844
0.007510153846153846
0.04756430769230769
0.07969107692307692
0.11098338461538461
0.15124615384615384
0.18545907692307692
0.19818461538461538
0.18149538461538461
0.13935507692307691
0.08845292307692308
0.04401784615384615
0.006467076923076923
-0.03504738461538461
-0.06926030769230769
-0.08469784615384615
-0.08949599999999999
-0.06362769230769232
-0.013142769230769229
0.031709538461538456
0.07343261538461537
0.11348676923076922
0.157296
0.19192615384615386
0.18712800000000002
0.14832553846153845
0.08574092307692306
0.005841230769230769
-0.06321046153846153
-0.11745046153846153
-0.15270646153846154
-0.16897846153846155
-0.17461107692307692
-0.14936861538461538
-0.09387692307692307
-0.02273907692307692
0.03755076923076923
0.07259815384615384
0.09095630769230768
0.09763200000000001
0.10013538461538461
0.09658892307692307
0.078648
0.04547815384615384
0.0035464615384615383
-0.03942830769230769
-0.06905169230769231
-0.09554584615384615
-0.11765907692307691
-0.13706030769230768
-0.154584
-0.14060676923076923
-0.10952307692307692
-0.07802215384615384
-0.05528307692307692
-0.040054153846153843
-0.016480615384615385
0.0033378461538461535
0.025033846153846153
0.033169846153846154
0.022947692307692308
0.010639384615384617
-0.01043076923076923
-0.02315630769230769
-0.03859384615384615
-0.06738276923076922
-0.09554584615384615
-0.12099692307692309
-0.119328
-0.08949599999999999
-0.05507446153846154
-0.009179076923076922
0.047772923076923074
0.11202646153846153
0.18796246153846152
0.2492953846153846
0.28392553846153845
0.2851772307692308
0.2422024615384615
0.17690584615384616
0.100344
0.02899753846153846
-0.03692492307692308
-0.09533723076923077
-0.12016246153846154
-0.11870215384615385
-0.09137353846153846
-0.05111076923076923
-0.005841230769230769
0.03942830769230769
0.07197230769230768
0.10806276923076923
0.13247076923076923
0.13372246153846154
0.11724184615384614
0.07948246153846153
0.02795446153846154
-0.02273907692307692
-0.05924676923076923
-0.08740984615384616
-0.1045163076923077
-0.10535076923076922
-0.08511507692307693
-0.04672984615384615
-0.0035464615384615383
0.03713353846153846
0.06905169230769231
0.0880356923076923
0.09658892307692307
0.09429415384615383
0.07051199999999999
0.03483876923076923
-0.009179076923076922
-0.05736923076923077
-0.10681107692307691
-0.14728246153846153
-0.18775384615384613
-0.19755876923076923
-0.16063384615384615
-0.09095630769230768
0.03045784615384615
0.12412615384615384
0.20944984615384615
0.2887236923076923
0.3170953846153846
0.3277347692307692
0.25242461538461536
0.13455692307692307
-0.013142769230769229
-0.14707384615384617
-0.20673784615384616
-0.3216849230769231
-0.368832
-0.39052800000000004
-0.3744646153846154
-0.23531815384615382
-0.11286092307692308
0.06696553846153847
0.18232984615384615
0.26765353846153844
0.35276861538461535
0.3195987692307692
0.28893230769230765
0.17419384615384614
0.03504738461538461
-0.07677046153846154
-0.22801661538461537
-0.28121353846153846
-0.30708184615384615
-0.29039261538461536
-0.20256553846153844
-0.13789476923076924
-0.03233538461538461
0.045895384615384616
0.11056615384615384
0.18963138461538462
0.17982646153846152
0.1696043076923077
0.15228923076923076
0.12600369230769232
0.15520984615384617
0.14060676923076923
0.09950953846153845
0.03212676923076923
-0.061124307692307686
-0.10117846153846152
-0.14081538461538462
-0.17690584615384616
-0.1913003076923077
-0.19004861538461537
-0.12391753846153845
-0.03650769230769231
0.05674338461538461
0.15687876923076924
0.21800307692307694
0.295608
0.3565236923076923
0.3890676923076923
0.4120153846153846
0.3659113846153846
0.3072904615384615
0.22029784615384615
0.09241661538461539
-0.018983999999999997
-0.1449876923076923
-0.249504
-0.31083692307692307
-0.3350363076923077
-0.26869661538461537
-0.16188553846153847
-0.02858030769230769
0.11870215384615385
0.22300984615384614
0.3072904615384615
0.34171199999999996
0.3346190769230769
0.279336
0.14686523076923075
0.01940123076923077
-0.10326461538461539
-0.20444307692307692
-0.26222953846153846
-0.31855569230769226
-0.33357600000000004
-0.3141747692307692
-0.2659846153846154
-0.17231630769230769
-0.07238953846153846
0.03942830769230769
0.15938215384615384
0.26348123076923075
0.3481790769230769
0.38301784615384615
0.376968
0.32648307692307693
0.222384
0.1045163076923077
-0.022530461538461537
-0.12558646153846154
-0.19359507692307693
-0.24887815384615386
-0.25117292307692307
-0.21132738461538458
-0.13789476923076924
-0.034630153846153845
0.03755076923076923
0.100344
0.15500123076923078
0.19171753846153847
0.2369870769230769
0.2453316923076923
0.23239753846153846
0.20235692307692305
0.13622584615384614
0.07301538461538462
-0.0035464615384615383
-0.08386338461538462
-0.16021661538461537
-0.23218892307692307
-0.25284184615384614
-0.23239753846153846
-0.16647507692307692
-0.08115138461538463
-0.0029206153846153843
0.09471138461538461
0.18128676923076922
0.2674449230769231
0.33962584615384617
0.35005661538461535
0.3277347692307692
0.2791273846153846
0.2273907692307692
0.17982646153846152
0.10910584615384614
0.03942830769230769
-0.02899753846153846
-0.092208
-0.13226215384615383
-0.165432
-0.18086953846153844
-0.1718990769230769
-0.15082892307692305
-0.09137353846153846
-0.013768615384615384
0.07030338461538461
0.1597993846153846
0.21174461538461536
0.24658338461538462
0.25012984615384615
0.2205064615384615
0.1802436923076923
0.10013538461538461
0.008344615384615384
-0.07927384615384615
-0.154584
-0.17461107692307692
-0.1666836923076923
-0.14519630769230768
-0.10222153846153846
-0.05570030769230769
0.015020307692307692
0.08991323076923076
0.13998092307692306
0.16772676923076923
0.1652233846153846
0.154584
0.13852061538461538
0.10535076923076922
0.07072061538461538
0.026702769230769228
-0.019192615384615384
-0.05090215384615384
-0.0678
-0.059664
-0.03942830769230769
-0.008970461538461538
0.028788923076923077
0.0609156923076923
0.08490646153846154
0.08824430769230769
0.07572738461538461
0.040679999999999994
-0.018358153846153843
-0.06216738461538462
-0.09658892307692307
-0.13852061538461538
-0.15520984615384617
-0.14582215384615385
-0.10639384615384614
-0.03880246153846154
0.03567323076923076
0.11703323076923078
0.16188553846153847
0.17148184615384612
0.17085599999999998
0.14519630769230768
0.1045163076923077
0.03400430769230769
-0.043600615384615383
-0.0897046153846154
-0.12433476923076923
-0.12850707692307692
-0.11473846153846154
-0.09491999999999999
-0.051528
-0.0043809230769230765
0.053405538461538456
0.10889723076923077
0.14144123076923076
0.15145476923076923
0.13393107692307693
0.09867507692307692
0.050067692307692306
-0.009179076923076922
-0.058412307692307694
-0.10159569230769232
-0.13184492307692308
-0.13768615384615385
-0.132888
-0.1097316923076923
-0.07030338461538461
-0.019609846153846155
0.04130584615384615
0.09533723076923077
0.138312
0.15813046153846153
0.14749107692307692
0.12266584615384615
0.0963803076923077
0.07614461538461538
0.0448523076923077
0.003755076923076923
-0.026911384615384615
-0.05444861538461539
-0.07426707692307692
-0.08428061538461538
-0.08887015384615385
-0.08740984615384616
-0.09825784615384614
-0.10409907692307692
-0.09825784615384614
-0.10076123076923077
-0.09575446153846154
-0.09700615384615385
-0.08240307692307691
-0.05027630769230769
-0.017523692307692306
0.03045784615384615
0.05653476923076922
0.06926030769230769
0.06738276923076922
0.04631261538461538
0.015020307692307692
-0.040262769230769234
-0.10806276923076923
-0.17711446153846155
-0.22593046153846155
-0.24741784615384615
-0.24449723076923074
-0.21487384615384614
-0.15813046153846153
-0.0771876923076923
0.02232184615384615
0.12329169230769231
0.200688
0.2588916923076923
0.28392553846153845
0.27558092307692306
0.23907323076923076
0.16438892307692307
0.06738276923076922
-0.04652123076923077
-0.16271999999999998
-0.2588916923076923
-0.31834707692307695
-0.3419206153846154
-0.31772123076923076
-0.2568055384615385
-0.16751815384615384
-0.045895384615384616
0.07405846153846153
0.1990190769230769
0.2807963076923077
0.31125415384615385
0.314592
0.27182584615384614
0.20173107692307693
0.09199938461538461
-0.040679999999999994
-0.17023015384615386
-0.2807963076923077
-0.3448412307692308
-0.35694092307692304
-0.32731753846153844
-0.25555384615384613
-0.14957723076923077
-0.015854769230769228
0.13247076923076923
0.2517987692307692
0.3379569230769231
0.3721698461538462
0.3600701538461538
0.3143833846153846
0.23093723076923076
0.1353913846153846
0.02232184615384615
-0.07906523076923076
-0.14457046153846154
-0.18086953846153844
-0.17023015384615386
-0.13351384615384615
-0.0880356923076923
-0.027745846153846152
0.04088861538461538
0.11557292307692307
0.1787833846153846
0.21320492307692307
0.22718215384615387
0.2209236923076923
0.19192615384615386
0.15187199999999998
0.09867507692307692
0.04631261538461538
-0.010639384615384617
-0.06467076923076923
-0.08636676923076922
-0.09116492307692307
-0.07969107692307692
-0.06675692307692307
-0.055491692307692304
-0.03650769230769231
-0.01272553846153846
0.011265230769230769
0.020652923076923076
0.01814953846153846
0.0022947692307692304
-0.009387692307692307
-0.011265230769230769
-0.011682461538461537
-0.01043076923076923
-0.01397723076923077
-0.015228923076923076
-0.0077187692307692304
0.009179076923076922
0.016272
0.0
-0.03421292307692308
-0.06446215384615385
-0.07426707692307692
-0.06863446153846153
-0.04902461538461538
-0.026702769230769228
0.0022947692307692304
0.03838523076923077
0.07697907692307693
0.11306953846153844
0.13309661538461537
0.13497415384615385
0.11640738461538462
0.09930092307692308
0.09909230769230769
0.11140061538461538
0.127464
0.130176
0.12913292307692306
0.13121907692307694
0.13267938461538462
0.13518276923076925
0.12725538461538463
0.10889723076923077
0.08302892307692307
0.05757784615384615
0.04214030769230769
0.01940123076923077
-0.009179076923076922
-0.03588184615384615
-0.051528
-0.04756430769230769
-0.022947692307692308
0.023364923076923075
0.07301538461538462
0.11578153846153846
0.15479261538461536
0.18107815384615383
0.1785747692307692
0.1368516923076923
0.065088
-0.02482523076923077
-0.11348676923076922
-0.17690584615384616
-0.21445661538461538
-0.2194633846153846
-0.1990190769230769
-0.1506203076923077
-0.06154153846153846
0.040679999999999994
0.14394461538461537
0.22634769230769228
0.26097784615384617
0.2670276923076923
0.241368
0.18086953846153844
0.10055261538461538
-0.0022947692307692304
-0.0974233846153846
-0.16793538461538463
-0.20819815384615384
-0.21362215384615382
-0.1883796923076923
-0.1353913846153846
-0.0609156923076923
0.034630153846153845
0.12600369230769232
0.19818461538461538
0.23907323076923076
0.24345415384615382
0.2127876923076923
0.14394461538461537
0.058829538461538454
-0.03859384615384615
-0.12934153846153845
-0.20027076923076922
-0.23448369230769228
-0.21466523076923077
-0.16501476923076921
-0.08490646153846154
0.004798153846153846
0.092208
0.1785747692307692
0.23782153846153845
0.2626467692307692
0.24637476923076923
0.19526400000000002
0.13226215384615383
0.06675692307692307
0.007927384615384614
-0.03650769230769231
-0.07238953846153846
-0.08949599999999999
-0.08887015384615385
-0.06946892307692307
-0.03609046153846154
-0.009179076923076922
0.016897846153846156
0.03483876923076923
0.04547815384615384
0.061124307692307686
0.06487938461538462
0.05862092307692307
0.042348923076923076
0.022530461538461537
0.018983999999999997
0.004589538461538461
-0.015020307692307692
-0.061750153846153844
-0.10535076923076922
-0.11494707692307692
-0.10222153846153846
-0.06988615384615385
-0.04631261538461538
-0.016897846153846156
0.024408000000000003
0.09095630769230768
0.17711446153846155
0.3698750769230769
0.39511753846153846
0.2939390769230769
0.27620676923076926
0.16042523076923076
0.18399876923076922
0.08156861538461539
-0.1422756923076923
-0.29832
-0.49274953846153846
-0.40554830769230765
-0.31646953846153847
-0.23344061538461539
-0.13914646153846155
-0.11452984615384615
0.13455692307692307
0.3243969230769231
0.508187076923077
0.5703544615384616
0.38426953846153844
0.29080984615384614
0.11014892307692307
-0.018983999999999997
-0.10493353846153847
-0.32982092307692307
-0.38927630769230764
-0.4837790769230769
-0.5150713846153846
-0.317304
-0.21362215384615382
-0.018775384615384614
0.13518276923076925
0.19442953846153843
0.33816553846153846
0.3744646153846154
0.4416387692307692
0.46083138461538464
0.3216849230769231
0.19359507692307693
0.03379569230769231
-0.034630153846153845
-0.05799507692307692
-0.16897846153846155
-0.22342707692307692
-0.2830910769230769
-0.2453316923076923
-0.10201292307692307
-0.043600615384615383
0.04526953846153846
0.09596307692307693
0.14185846153846154
0.2737033846153846
0.309168
0.31855569230769226
0.2920615384615385
0.19735015384615384
0.18483323076923078
0.14978584615384616
0.09241661538461539
0.024408000000000003
-0.09491999999999999
-0.15813046153846153
-0.21132738461538458
-0.23615261538461538
-0.22008923076923076
-0.18754523076923074
-0.09700615384615385
-0.04088861538461538
0.05194523076923077
0.17690584615384616
0.2290596923076923
0.2920615384615385
0.27286892307692306
0.19985353846153847
0.14561353846153846
0.032544
-0.05298830769230769
-0.1666836923076923
-0.29414769230769233
-0.33253292307692306
-0.3623649230769231
-0.34588430769230766
-0.3216849230769231
-0.295608
-0.19171753846153847
-0.07030338461538461
0.05757784615384615
0.13914646153846155
0.17899199999999998
0.23677846153846152
0.23510953846153848
0.19818461538461538
0.116616
-0.04819015384615385
-0.168144
-0.2703655384615385
-0.3344104615384615
-0.30854215384615385
-0.2858030769230769
-0.20047938461538461
-0.08219446153846154
0.01981846153846154
0.16793538461538463
0.279336
0.34776184615384614
0.35923569230769226
0.3039526153846154
0.23844738461538462
0.1356
0.04985907692307692
-0.025659692307692307
-0.10764553846153846
-0.15416676923076922
-0.208824
-0.21237046153846154
-0.16981292307692308
-0.14415323076923076
-0.07489292307692308
-0.02524246153846154
0.029206153846153847
0.13309661538461537
0.19338646153846153
0.22843384615384613
0.20632061538461538
0.13267938461538462
0.092208
0.04109723076923077
-0.021904615384615383
-0.09429415384615383
-0.18066092307692305
-0.21633415384615384
-0.21716861538461538
-0.17544553846153846
-0.09658892307692307
-0.03129230769230769
0.048816000000000005
0.10722830769230769
0.15374953846153847
0.20715507692307691
0.21174461538461536
0.2261390769230769
0.21007569230769232
0.14164984615384615
0.08699261538461538
0.015437538461538461
-0.021904615384615383
-0.047772923076923074
-0.11452984615384615
-0.15354092307692307
-0.17315076923076922
-0.16647507692307692
-0.11306953846153844
-0.059664
-0.002712
0.044435076923076924
0.09053907692307692
0.15500123076923078
0.1842073846153846
0.1873366153846154
0.15833907692307692
0.09596307692307693
0.03775938461538462
-0.030875076923076922
-0.0855323076923077
-0.12808984615384614
-0.1639716923076923
-0.1706473846153846
-0.17440246153846153
-0.15208061538461537
-0.08782707692307692
-0.011682461538461537
0.059872615384615385
0.1045163076923077
0.1504116923076923
0.20965846153846154
0.24658338461538462
0.25117292307692307
0.20673784615384616
0.12162276923076921
0.02086153846153846
-0.06696553846153847
-0.11974523076923077
-0.173568
-0.23364923076923078
-0.2647329230769231
-0.2561796923076923
-0.20381723076923075
-0.13914646153846155
-0.07948246153846153
-0.0050067692307692304
0.06529661538461538
0.1368516923076923
0.20006215384615383
0.2238443076923077
0.22697353846153845
0.19714153846153845
0.143736
0.09700615384615385
0.0446436923076923
-0.0006258461538461538
-0.05277969230769231
-0.10389046153846154
-0.12934153846153845
-0.13455692307692307
-0.09846646153846153
-0.05069353846153846
-0.005632615384615384
0.03838523076923077
0.07656184615384615
0.1356
0.1927606153846154
0.2303113846153846
0.24282830769230768
0.20298276923076922
0.14957723076923077
0.10347323076923076
0.04965046153846154
-0.007301538461538462
-0.09137353846153846
-0.17711446153846155
-0.22134092307692307
-0.23198030769230768
-0.20673784615384616
-0.16271999999999998
-0.12329169230769231
-0.07113784615384615
-0.009179076923076922
0.06967753846153846
0.1462393846153846
0.1913003076923077
0.21508246153846153
0.1927606153846154
0.14853415384615384
0.10827138461538462
0.052153846153846155
0.003129230769230769
-0.04819015384615385
-0.0961716923076923
-0.10764553846153846
-0.10806276923076923
-0.07885661538461539
-0.03504738461538461
0.012934153846153845
0.08490646153846154
0.14540492307692307
0.21007569230769232
0.25951753846153847
0.27286892307692306
0.2638984615384615
0.23656984615384613
0.21737723076923077
0.18399876923076922
0.12996738461538462
0.07009476923076922
-0.007927384615384614
-0.07364123076923076
-0.1218313846153846
-0.16084246153846155
-0.17502830769230768
-0.18128676923076922
-0.16167692307692308
-0.10743692307692307
-0.04526953846153846
0.02315630769230769
0.06905169230769231
0.09262523076923077
0.10848000000000001
0.1045163076923077
0.09137353846153846
0.05570030769230769
-0.006884307692307692
-0.07259815384615384
-0.13038461538461538
-0.15833907692307692
-0.15667015384615385
-0.14686523076923075
-0.11849353846153846
-0.0828203076923077
-0.031709538461538456
0.04172307692307692
0.09554584615384615
0.1395636923076923
0.15416676923076922
0.13309661538461537
0.10076123076923077
0.042557538461538466
-0.026285538461538457
-0.103056
-0.1704387692307692
-0.21111876923076925
-0.2157083076923077
-0.16459753846153846
-0.08073415384615384
0.014185846153846153
0.10618523076923077
0.19505538461538463
0.27850153846153847
0.32627446153846157
0.3316984615384615
0.29456492307692306
0.2090326153846154
0.09909230769230769
-0.0043809230769230765
-0.09763200000000001
-0.16793538461538463
-0.20173107692307693
-0.19526400000000002
-0.1353913846153846
-0.03024923076923077
0.0974233846153846
0.2236356923076923
0.3229366153846154
0.3821833846153846
0.4017932307692308
0.38301784615384615
0.31772123076923076
0.20944984615384615
0.07927384615384615
-0.04652123076923077
-0.14832553846153845
-0.22300984615384614
-0.26076923076923075
-0.2572227692307692
-0.2125790769230769
-0.13497415384615385
-0.044435076923076924
0.04714707692307692
0.12329169230769231
0.17419384615384614
0.19797599999999999
0.19442953846153843
0.16292861538461537
0.11077476923076923
0.05173661538461538
-0.011891076923076923
-0.06487938461538462
-0.08386338461538462
-0.0717636923076923
-0.03880246153846154
0.004798153846153846
0.040054153846153843
0.07197230769230768
0.10117846153846152
0.11807630769230769
0.1207883076923077
0.10055261538461538
0.06884307692307692
0.03588184615384615
0.009804923076923077
-0.006675692307692307
-0.01710646153846154
-0.015437538461538461
0.0043809230769230765
0.04318338461538461
0.08219446153846154
0.10868861538461538
0.10660246153846153
0.07197230769230768
0.02482523076923077
-0.03024923076923077
-0.0855323076923077
-0.13330523076923076
-0.16876984615384616
-0.18483323076923078
-0.17628
-0.1435273846153846
-0.08782707692307692
-0.01668923076923077
0.0446436923076923
0.09450276923076922
0.1314276923076923
0.14582215384615385
0.1395636923076923
0.10868861538461538
0.06133292307692308
0.017523692307692306
-0.014185846153846153
-0.03859384615384615
-0.04568676923076923
-0.042348923076923076
-0.022947692307692308
0.019609846153846155
0.07384984615384615
0.12642092307692307
0.15416676923076922
0.15541846153846153
0.12662953846153846
0.07781353846153846
0.016272
-0.05444861538461539
-0.11578153846153846
-0.157296
-0.16626646153846153
-0.13810338461538463
-0.08991323076923076
-0.03483876923076923
0.01940123076923077
0.05528307692307692
0.07656184615384615
0.07468430769230769
0.045895384615384616
0.003755076923076923
-0.059664
-0.12767261538461538
-0.19380369230769232
-0.2492953846153846
-0.2680707692307692
-0.2572227692307692
-0.21153599999999997
-0.13622584615384614
-0.03984553846153846
0.07072061538461538
0.1783661538461538
0.2709913846153846
0.32001599999999997
0.32669169230769235
0.2995716923076923
0.22551323076923077
0.11432123076923076
-0.015437538461538461
-0.13872923076923074
-0.22780799999999998
-0.2803790769230769
-0.29080984615384614
-0.26494153846153845
-0.2138307692307692
-0.12683815384615382
-0.014394461538461538
0.09825784615384614
0.18525046153846153
0.23344061538461539
0.25513661538461535
0.25388492307692306
0.2290596923076923
0.18232984615384615
0.10952307692307692
0.019192615384615384
-0.06592246153846154
-0.12788123076923075
-0.16835261538461538
-0.19380369230769232
-0.1940123076923077
-0.18483323076923078
-0.1597993846153846
-0.09992676923076924
-0.029414769230769227
0.03504738461538461
0.09033046153846153
0.130176
0.15208061538461537
0.1860849230769231
0.18650215384615382
0.16480615384615382
0.13810338461538463
0.0892873846153846
0.08594953846153845
0.06216738461538462
0.1341396923076923
0.17231630769230769
0.05736923076923077
0.030875076923076922
-0.04193169230769231
-0.05298830769230769
-0.05570030769230769
-0.15959076923076923
-0.22989415384615383
-0.33587076923076925
-0.2709913846153846
-0.12350030769230769
0.009387692307692307
0.14728246153846153
0.18754523076923074
0.31000246153846156
0.4239064615384615
0.48106707692307693
0.4746
0.2561796923076923
0.021070153846153846
-0.18712800000000002
-0.37738523076923075
-0.47001046153846154
-0.5947624615384616
-0.6358596923076922
-0.5709803076923077
-0.4960873846153846
-0.2626467692307692
-0.014185846153846153
0.19067446153846154
0.3707095384615384
0.4151446153846154
0.4280787692307692
0.37050092307692306
0.24908676923076922
0.12913292307692306
-0.061124307692307686
-0.25200738461538463
-0.39261415384615383
-0.44122153846153844
-0.3942830769230769
-0.3542289230769231
-0.30249230769230767
-0.2209236923076923
-0.11035753846153845
0.06070707692307692
0.19338646153846153
0.2670276923076923
0.3077076923076923
0.2912270769230769
0.29456492307692306
0.28121353846153846
0.21758584615384616
0.15792184615384616
0.07072061538461538
0.024199384615384616
0.033169846153846154
0.03671630769230769
0.045060923076923075
0.025659692307692307
0.0043809230769230765
-0.0077187692307692304
-0.024616615384615383
-0.02858030769230769
-0.03483876923076923
-0.005632615384615384
0.030875076923076922
0.06404492307692307
0.15228923076923076
0.21508246153846153
0.2591003076923077
0.2872633846153846
0.235944
0.16647507692307692
0.051528
-0.086784
-0.20819815384615384
-0.3448412307692308
-0.4205686153846153
-0.444768
-0.4314166153846154
-0.3550633846153846
-0.25430215384615384
-0.09909230769230769
0.08845292307692308
0.2492953846153846
0.3575667692307692
0.385104
0.3919883076923077
0.37029230769230764
0.2789187692307692
0.15959076923076923
0.0002086153846153846
-0.1462393846153846
-0.23072861538461537
-0.28768061538461537
-0.27432923076923077
-0.2238443076923077
-0.14916
-0.02023569230769231
0.1097316923076923
0.25200738461538463
0.3675803076923077
0.42035999999999996
0.4214030769230769
0.3571495384615384
0.2689052307692308
0.1504116923076923
0.033169846153846154
-0.06028984615384615
-0.14957723076923077
-0.18337292307692307
-0.18232984615384615
-0.14394461538461537
-0.06967753846153846
-0.010848
0.05611753846153846
0.10994030769230768
0.12120553846153845
0.1207883076923077
0.0963803076923077
0.05048492307692308
0.006675692307692307
-0.03713353846153846
-0.03942830769230769
-0.006884307692307692
0.02899753846153846
0.06529661538461538
0.08991323076923076
0.12913292307692306
0.16710092307692306
0.18629353846153843
0.1775316923076923
0.12913292307692306
0.07051199999999999
-0.0022947692307692304
-0.07197230769230768
-0.11557292307692307
-0.13768615384615385
-0.12767261538461538
-0.0771876923076923
-0.009804923076923077
0.06926030769230769
0.1506203076923077
0.21153599999999997
0.26723630769230766
0.28350830769230767
0.25930892307692305
0.20506892307692307
0.11140061538461538
0.007301538461538462
-0.09992676923076924
-0.19296923076923078
-0.25701415384615384
-0.2830910769230769
-0.26786215384615386
-0.2236356923076923
-0.1502030769230769
-0.06967753846153846
-0.009596307692307692
0.03650769230769231
0.06008123076923077
0.06800861538461538
0.06321046153846153
0.03108369230769231
-0.00855323076923077
-0.05924676923076923
-0.11223507692307692
-0.13622584615384614
-0.13393107692307693
-0.11911938461538461
-0.10096984615384616
-0.07551876923076924
-0.04214030769230769
-0.0018775384615384615
0.03421292307692308
0.04756430769230769
0.03337846153846154
-0.0077187692307692304
-0.04693846153846153
-0.06195876923076923
-0.06300184615384616
-0.050067692307692306
-0.019609846153846155
0.035255999999999996
0.11265230769230769
0.19881046153846152
0.27412061538461535
0.32001599999999997
0.3212676923076923
0.27286892307692306
0.19964492307692308
0.11223507692307692
0.018775384615384614
-0.05382276923076923
-0.10889723076923077
-0.13664307692307692
-0.11828492307692307
-0.05757784615384615
0.03024923076923077
0.12204
0.20256553846153844
0.2751636923076923
0.3277347692307692
0.33649661538461534
0.30207507692307695
0.22029784615384615
0.10889723076923077
0.002712
-0.078648
-0.1289243076923077
-0.16063384615384615
-0.17231630769230769
-0.15270646153846154
-0.10076123076923077
-0.015020307692307692
0.08845292307692308
0.17502830769230768
0.22572184615384616
0.23406646153846156
0.2157083076923077
0.165432
0.09137353846153846
0.015646153846153844
-0.06633969230769231
-0.12704676923076924
-0.14519630769230768
-0.10764553846153846
-0.033169846153846154
0.0448523076923077
0.11411261538461538
0.16480615384615382
0.20256553846153844
0.20632061538461538
0.17002153846153847
0.100344
-0.0033378461538461535
-0.1045163076923077
-0.18900553846153845
-0.23510953846153848
-0.23615261538461538
-0.20486030769230767
-0.14603076923076924
-0.06863446153846153
0.03567323076923076
0.13372246153846154
0.19568123076923075
0.21237046153846154
0.18650215384615382
0.12850707692307692
0.03775938461538462
-0.07155507692307693
-0.18650215384615382
-0.2868461538461538
-0.35339446153846155
-0.3619476923076923
-0.31688676923076925
-0.23469230769230767
-0.12955015384615384
-0.029206153846153847
0.07092923076923077
0.1612596923076923
0.21737723076923077
0.2436627692307692
0.22467876923076924
0.16480615384615382
0.08448923076923077
-0.007510153846153846
-0.08991323076923076
-0.157296
-0.20652923076923077
-0.23156307692307693
-0.22342707692307692
-0.1829556923076923
-0.11724184615384614
-0.04839876923076923
0.002086153846153846
0.043600615384615383
0.07218092307692307
0.084072
0.07885661538461539
0.05674338461538461
0.019609846153846155
-0.015646153846153844
-0.03066646153846154
-0.042348923076923076
-0.04401784615384615
-0.038176615384615385
-0.043392
-0.04693846153846153
-0.046104
-0.03963692307692308
-0.03066646153846154
-0.03504738461538461
-0.04318338461538461
-0.03567323076923076
-0.015646153846153844
0.01043076923076923
0.03921969230769231
0.07092923076923077
0.09930092307692308
0.127464
0.1476996923076923
0.1506203076923077
0.138312
0.10243015384615384
0.05486584615384615
0.004798153846153846
-0.03775938461538462
-0.07405846153846153
-0.11035753846153845
-0.13080184615384613
-0.124752
-0.08720123076923077
-0.02858030769230769
0.03942830769230769
0.10535076923076922
0.15667015384615385
0.19526400000000002
0.2090326153846154
0.19755876923076923
0.16438892307692307
0.09846646153846153
0.017315076923076923
-0.05778646153846154
-0.11870215384615385
-0.15604430769230768
-0.165432
-0.14603076923076924
-0.0880356923076923
-0.005424
0.08720123076923077
0.17961784615384613
0.24658338461538462
0.2780843076923077
0.28204799999999997
0.26765353846153844
0.22342707692307692
0.14144123076923076
0.03400430769230769
-0.07051199999999999
-0.15479261538461536
-0.21049292307692305
-0.23385784615384617
-0.23218892307692307
-0.20444307692307692
-0.14144123076923076
-0.05027630769230769
0.03880246153846154
0.11724184615384614
0.17461107692307692
0.19004861538461537
0.17002153846153847
0.12934153846153845
0.07238953846153846
-0.0077187692307692304
-0.10618523076923077
-0.19588984615384614
-0.25159015384615385
-0.2620209230769231
-0.2369870769230769
-0.18712800000000002
-0.11870215384615385
-0.04714707692307692
0.029623384615384614
0.09199938461538461
0.13267938461538462
0.15750461538461538
0.14519630769230768
0.11014892307692307
0.07155507692307693
0.03233538461538461
-0.008761846153846153
-0.05611753846153846
-0.09700615384615385
-0.12579507692307693
-0.14018953846153845
-0.14123261538461537
-0.1289243076923077
-0.10785415384615385
-0.09137353846153846
-0.07030338461538461
-0.0448523076923077
-0.015020307692307692
0.003963692307692307
0.0035464615384615383
0.003129230769230769
0.0002086153846153846
-0.0016689230769230767
-0.003755076923076923
-0.003963692307692307
0.0025033846153846152
0.014185846153846153
0.02795446153846154
0.03942830769230769
0.047981538461538464
0.050067692307692306
0.04172307692307692
0.03337846153846154
0.035464615384615386
0.043600615384615383
0.061124307692307686
0.08866153846153846
0.12162276923076921
0.15374953846153847
0.1794092307692308
0.19588984615384614
0.19588984615384614
0.17148184615384612
0.13267938461538462
0.08991323076923076
0.04547815384615384
-0.0002086153846153846
-0.03942830769230769
-0.053405538461538456
-0.04819015384615385
-0.022947692307692308
0.0043809230769230765
0.02524246153846154
0.05069353846153846
0.05570030769230769
0.056951999999999996
0.04214030769230769
0.004798153846153846
-0.03504738461538461
-0.08386338461538462
-0.11035753846153845
-0.12433476923076923
-0.12558646153846154
-0.10514215384615383
-0.06529661538461538
-0.0012516923076923076
0.07259815384615384
0.14457046153846154
0.19609846153846153
0.21508246153846153
0.1990190769230769
0.15124615384615384
0.07802215384615384
-0.003129230769230769
-0.08761846153846153
-0.15875630769230767
-0.20819815384615384
-0.23385784615384617
-0.2411593846153846
-0.252216
-0.2632726153846154
-0.292896
-0.23928184615384615
-0.10576799999999999
0.06425353846153846
0.306456
0.5192436923076923
0.7247298461538462
0.8964203076923077
0.9752769230769229
0.9761113846153845
0.8307064615384615
0.5411483076923076
0.2221753846153846
-0.09012184615384615
-0.34504984615384615
-0.497964923076923
-0.6014381538461538
-0.6160412307692308
-0.5507446153846154
-0.3588184615384616
-0.08594953846153845
0.16856123076923077
0.3890676923076923
0.482736
0.5419827692307692
0.5194523076923077
0.417648
0.29748553846153847
0.03567323076923076
-0.1881710769230769
-0.3425464615384616
-0.43704923076923075
-0.36904061538461536
-0.2807963076923077
-0.14582215384615385
0.015437538461538461
0.100344
0.21132738461538458
0.26118646153846153
0.21362215384615382
0.15187199999999998
0.03671630769230769
-0.009804923076923077
0.0002086153846153846
0.038176615384615385
0.1287156923076923
0.14978584615384616
0.14832553846153845
0.11348676923076922
0.04631261538461538
0.0022947692307692304
-0.09053907692307692
-0.1706473846153846
-0.23469230769230767
-0.29727692307692305
-0.27412061538461535
-0.2497126153846154
-0.22196676923076922
-0.14436184615384615
-0.07969107692307692
0.030040615384615384
0.16063384615384615
0.25471938461538457
0.33962584615384617
0.34943076923076927
0.2870547692307692
0.17544553846153846
-0.014603076923076923
-0.24053353846153847
-0.47918953846153844
-0.6473335384615384
-0.6923944615384616
-0.6197963076923076
-0.4193169230769231
-0.16000799999999998
0.1289243076923077
0.3826006153846154
0.5501187692307692
0.6408664615384615
0.5878781538461538
0.4349630769230769
0.252216
0.037967999999999995
-0.13497415384615385
-0.26619323076923074
-0.3581926153846154
-0.3573581538461538
-0.3004061538461538
-0.1873366153846154
-0.045895384615384616
0.08782707692307692
0.21779446153846155
0.30061476923076924
0.3538116923076923
0.3673716923076923
0.3291950769230769
0.2517987692307692
0.11411261538461538
-0.02795446153846154
-0.14999446153846155
-0.25012984615384615
-0.2822566153846154
-0.28893230769230765
-0.254928
-0.14039815384615384
-0.01814953846153846
0.1136953846153846
0.2138307692307692
0.2292683076923077
0.19985353846153847
0.116616
0.01668923076923077
-0.0744756923076923
-0.16418030769230768
-0.22801661538461537
-0.252216
-0.2209236923076923
-0.15374953846153847
-0.058412307692307694
0.026494153846153844
0.07030338461538461
0.10138707692307691
0.11014892307692307
0.09450276923076922
0.07009476923076922
0.021696
-0.03045784615384615
-0.05778646153846154
-0.07405846153846153
-0.05570030769230769
-0.021696
0.011473846153846154
0.05820369230769231
0.09596307692307693
0.13101046153846155
0.1506203076923077
0.13872923076923074
0.09658892307692307
0.023990769230769232
-0.04860738461538461
-0.11327815384615383
-0.15959076923076923
-0.17481969230769231
-0.17565415384615385
-0.14519630769230768
-0.08991323076923076
-0.024199384615384616
0.059872615384615385
0.12266584615384615
0.15667015384615385
0.1860849230769231
0.18399876923076922
0.1570873846153846
0.11578153846153846
0.05820369230769231
0.010848
-0.026076923076923077
-0.033169846153846154
-0.0035464615384615383
0.0446436923076923
0.11202646153846153
0.1883796923076923
0.2507556923076923
0.2805876923076923
0.27474646153846155
0.2236356923076923
0.13914646153846155
0.03901107692307692
-0.07030338461538461
-0.1775316923076923
-0.25555384615384613
-0.28893230769230765
-0.27850153846153847
-0.2194633846153846
-0.12621230769230768
-0.016480615384615385
0.10722830769230769
0.21445661538461538
0.2920615384615385
0.3369138461538461
0.3225193846153846
0.25951753846153847
0.143736
-0.0043809230769230765
-0.15103753846153847
-0.2822566153846154
-0.3763421538461538
-0.4255753846153846
-0.40554830769230765
-0.32210215384615387
-0.19630707692307692
-0.04860738461538461
0.07802215384615384
0.16501476923076921
0.20193969230769232
0.18796246153846152
0.14081538461538462
0.06967753846153846
-0.013768615384615384
-0.10263876923076923
-0.1787833846153846
-0.22008923076923076
-0.22551323076923077
-0.20173107692307693
-0.1597993846153846
-0.10827138461538462
-0.04985907692307692
-0.0014603076923076922
0.025659692307692307
0.03150092307692308
0.01710646153846154
-0.016480615384615385
-0.055491692307692304
-0.0771876923076923
-0.08636676923076922
-0.08574092307692306
-0.06884307692307692
-0.03296123076923077
0.02023569230769231
0.08740984615384616
0.14436184615384615
0.1783661538461538
0.18253846153846154
0.14749107692307692
0.0934596923076923
0.02545107692307692
-0.03504738461538461
-0.08302892307692307
-0.11891076923076922
-0.12642092307692307
-0.09471138461538461
-0.01043076923076923
0.09909230769230769
0.2073636923076923
0.2966510769230769
0.35965292307692304
0.3890676923076923
0.3811403076923077
0.32627446153846157
0.21779446153846155
0.07614461538461538
-0.08219446153846154
-0.20444307692307692
-0.2799618461538461
-0.3114627692307692
-0.29581661538461534
-0.24011630769230768
-0.13518276923076925
-0.0077187692307692304
0.11640738461538462
0.2127876923076923
0.26932246153846157
0.2818393846153846
0.24741784615384615
0.1785747692307692
0.092208
0.0012516923076923076
-0.07405846153846153
-0.1207883076923077
-0.12725538461538463
-0.08782707692307692
-0.027745846153846152
0.04214030769230769
0.11202646153846153
0.17294215384615383
0.22321846153846153
0.241368
0.21800307692307694
0.16042523076923076
0.0798996923076923
0.011265230769230769
-0.03671630769230769
-0.06008123076923077
-0.056951999999999996
-0.04214030769230769
0.005424
0.07364123076923076
0.1476996923076923
0.21988061538461537
0.24512307692307692
0.2209236923076923
0.15500123076923078
0.05945538461538461
-0.037342153846153844
-0.1218313846153846
-0.1800350769230769
-0.20110523076923076
-0.1846246153846154
-0.12496061538461539
-0.034630153846153845
0.06341907692307691
0.14811692307692306
0.2008966153846154
0.22947692307692308
0.2288510769230769
0.19672430769230767
0.1358086153846154
0.047772923076923074
-0.045895384615384616
-0.12621230769230768
-0.18316430769230768
-0.21612553846153845
-0.22447015384615385
-0.20423446153846153
-0.15082892307692305
-0.07405846153846153
0.017315076923076923
0.0961716923076923
0.143736
0.1614683076923077
0.14436184615384615
0.11202646153846153
0.06070707692307692
-0.002712
-0.06529661538461538
-0.12141415384615384
-0.14144123076923076
-0.13121907692307694
-0.0936683076923077
-0.03713353846153846
0.0077187692307692304
0.045895384615384616
0.08010830769230769
0.10138707692307691
0.11745046153846153
0.10576799999999999
0.07280676923076923
0.029414769230769227
-0.01856676923076923
-0.04130584615384615
-0.06216738461538462
-0.0771876923076923
-0.07843938461538462
-0.07343261538461537
-0.04652123076923077
-0.009387692307692307
0.021278769230769233
0.03337846153846154
0.029414769230769227
0.02357353846153846
0.013351384615384614
-0.0006258461538461538
-0.019192615384615384
-0.045060923076923075
-0.05820369230769231
-0.05194523076923077
-0.027745846153846152
0.0022947692307692304
0.021070153846153846
0.03838523076923077
0.05090215384615384
0.06321046153846153
0.07948246153846153
0.07781353846153846
0.06550523076923077
0.03859384615384615
0.006049846153846154
-0.003963692307692307
-0.006675692307692307
0.0006258461538461538
0.010222153846153844
0.017732307692307693
0.043600615384615383
0.07969107692307692
0.12162276923076921
0.15896492307692306
0.17690584615384616
0.17690584615384616
0.16438892307692307
0.14311015384615386
0.11452984615384615
0.06738276923076922
0.011891076923076923
-0.03921969230769231
-0.07426707692307692
-0.07635323076923077
-0.06258461538461538
-0.04318338461538461
-0.026911384615384615
-0.015020307692307692
-0.0016689230769230767
0.003129230769230769
-0.007927384615384614
-0.03901107692307692
-0.08511507692307693
-0.130176
-0.1614683076923077
-0.1760713846153846
-0.17586276923076924
-0.1712732307692308
-0.14957723076923077
-0.10827138461538462
-0.06613107692307692
-0.02482523076923077
-0.0035464615384615383
-0.003755076923076923
-0.004798153846153846
-0.0077187692307692304
-0.009179076923076922
-0.012934153846153845
-0.029414769230769227
-0.043600615384615383
-0.05111076923076923
-0.047981538461538464
-0.029832
-0.005841230769230769
0.026076923076923077
0.05298830769230769
0.08240307692307691
0.11953661538461538
0.14206707692307693
0.157296
0.14916
0.11432123076923076
0.07364123076923076
0.026494153846153844
-0.010222153846153844
-0.03567323076923076
-0.05736923076923077
-0.05757784615384615
-0.029623384615384614
0.018358153846153843
0.0744756923076923
0.12433476923076923
0.15875630769230767
0.17565415384615385
0.17961784615384613
0.16438892307692307
0.12850707692307692
0.08156861538461539
0.03108369230769231
-0.011473846153846154
-0.03504738461538461
-0.04109723076923077
-0.03421292307692308
-0.01856676923076923
0.0008344615384615384
0.023990769230769232
0.05090215384615384
0.07489292307692308
0.084072
0.07885661538461539
0.065088
0.041514461538461535
0.010222153846153844
-0.027120000000000002
-0.06592246153846154
-0.08699261538461538
-0.10493353846153847
-0.1070196923076923
-0.09012184615384615
-0.08448923076923077
-0.08198584615384615
-0.07489292307692308
-0.08386338461538462
-0.09512861538461538
-0.07802215384615384
-0.0446436923076923
0.02023569230769231
0.10326461538461539
0.1923433846153846
0.28476
0.3767593846153846
0.425784
0.4245323076923077
0.37550769230769226
0.2680707692307692
0.12537784615384615
-0.011682461538461537
-0.14144123076923076
-0.2768326153846154
-0.34504984615384615
-0.3961606153846154
-0.37237846153846155
-0.2868461538461538
-0.19630707692307692
-0.043392
0.08845292307692308
0.23093723076923076
0.30583015384615386
0.2937304615384615
0.2638984615384615
0.15833907692307692
0.04714707692307692
-0.10952307692307692
-0.2705741538461538
-0.37926276923076924
-0.4647950769230769
-0.4478972307692307
-0.3848953846153846
-0.28955815384615385
-0.15270646153846154
-0.02482523076923077
0.12808984615384614
0.25284184615384614
0.31229723076923077
0.34275507692307694
0.301032
0.23949046153846154
0.1760713846153846
0.08219446153846154
0.007510153846153846
-0.07697907692307693
-0.14477907692307693
-0.17419384615384614
-0.18900553846153845
-0.15833907692307692
-0.09763200000000001
-0.017523692307692306
0.07113784615384615
0.15166338461538462
0.23239753846153846
0.27787569230769227
0.2916443076923077
0.27412061538461535
0.21612553846153845
0.14957723076923077
0.08219446153846154
0.024408000000000003
-0.02044430769230769
-0.07906523076923076
-0.13121907692307694
-0.14561353846153846
-0.16021661538461537
-0.15896492307692306
-0.14582215384615385
-0.13247076923076923
-0.08845292307692308
-0.026702769230769228
0.049233230769230765
0.11891076923076922
0.1635544615384615
0.1927606153846154
0.20339999999999997
0.19755876923076923
0.16501476923076921
0.10096984615384616
0.03942830769230769
-0.029832
-0.0853236923076923
-0.11140061538461538
-0.12558646153846154
-0.111192
-0.092208
-0.05486584615384615
0.014603076923076923
0.08991323076923076
0.184416
0.27182584615384614
0.32272799999999996
0.347136
0.3312812307692308
0.27558092307692306
0.17398523076923075
0.03671630769230769
-0.10389046153846154
-0.22488738461538463
-0.2981113846153846
-0.32606584615384615
-0.3102110769230769
-0.2509643076923077
-0.16438892307692307
-0.037967999999999995
0.11202646153846153
0.23385784615384617
0.3225193846153846
0.3588184615384616
0.3508910769230769
0.31855569230769226
0.23844738461538462
0.14102399999999998
0.024199384615384616
-0.09930092307692308
-0.18858830769230767
-0.2480436923076923
-0.2764153846153846
-0.2891409230769231
-0.27474646153846155
-0.22154953846153846
-0.1356
-0.043392
0.03859384615384615
0.10514215384615383
0.1489513846153846
0.17440246153846153
0.19046584615384615
0.19693292307692306
0.17565415384615385
0.1449876923076923
0.09262523076923077
0.029414769230769227
-0.018358153846153843
-0.06321046153846153
-0.08073415384615384
-0.09241661538461539
-0.10618523076923077
-0.09846646153846153
-0.08323753846153846
-0.05069353846153846
-0.013351384615384614
0.022530461538461537
0.07301538461538462
0.12642092307692307
0.1873366153846154
0.2369870769230769
0.25451076923076926
0.24720923076923076
0.20527753846153846
0.16209415384615386
0.11286092307692308
0.040679999999999994
-0.026702769230769228
-0.0988836923076923
-0.15374953846153847
-0.18545907692307692
-0.1990190769230769
-0.184416
-0.15354092307692307
-0.11327815384615383
-0.06028984615384615
-0.01043076923076923
0.02899753846153846
0.05757784615384615
0.056326153846153845
0.042348923076923076
0.02086153846153846
-0.0008344615384615384
-0.019609846153846155
-0.05069353846153846
-0.07572738461538461
-0.09283384615384616
-0.08594953846153845
-0.052153846153846155
-0.014185846153846153
0.029414769230769227
0.05716061538461538
0.06571384615384615
0.06759138461538462
0.06258461538461538
0.05611753846153846
0.03629907692307692
0.01043076923076923
0.0012516923076923076
0.003129230769230769
0.020652923076923076
0.042557538461538466
0.05570030769230769
0.06738276923076922
0.07134646153846153
0.07405846153846153
0.05757784615384615
0.012099692307692308
-0.047772923076923074
-0.11327815384615383
-0.16418030769230768
-0.19547261538461536
-0.20673784615384616
-0.18483323076923078
-0.1353913846153846
-0.07092923076923077
0.012099692307692308
0.09512861538461538
0.16084246153846155
0.20027076923076922
0.20423446153846153
0.184416
0.14290153846153844
0.08574092307692306
0.016063384615384615
-0.059872615384615385
-0.12516923076923075
-0.16292861538461537
-0.16438892307692307
-0.13872923076923074
-0.08302892307692307
-0.015437538461538461
0.06008123076923077
0.14978584615384616
0.22780799999999998
0.2853858461538461
0.314592
0.31041969230769234
0.2849686153846154
0.24449723076923074
0.18775384615384613
0.12204
0.050067692307692306
-0.017523692307692306
-0.06446215384615385
-0.09283384615384616
-0.10660246153846153
-0.11181784615384616
-0.10806276923076923
-0.0961716923076923
-0.08219446153846154
-0.06821723076923077
-0.05778646153846154
-0.045060923076923075
-0.02524246153846154
-0.003129230769230769
0.026494153846153844
0.059664
0.08866153846153846
0.11202646153846153
0.12099692307692309
0.11327815384615383
0.09179076923076923
0.04672984615384615
-0.024408000000000003
-0.1028473846153846
-0.18066092307692305
-0.2424110769230769
-0.27850153846153847
-0.2872633846153846
-0.2632726153846154
-0.2221753846153846
-0.16042523076923076
-0.08073415384615384
-0.0014603076923076922
0.07051199999999999
0.12245723076923076
0.14978584615384616
0.16063384615384615
0.14331876923076922
0.09262523076923077
0.023990769230769232
-0.059872615384615385
-0.13601723076923075
-0.1881710769230769
-0.21696000000000001
-0.21487384615384614
-0.1908830769230769
-0.1353913846153846
-0.0448523076923077
0.05507446153846154
0.15208061538461537
0.22530461538461538
0.2726603076923077
0.29602523076923076
0.2845513846153846
0.24616615384615384
0.18232984615384615
0.09763200000000001
0.003129230769230769
-0.08782707692307692
-0.15291507692307693
-0.18232984615384615
-0.18212123076923076
-0.16021661538461537
-0.12725538461538463
-0.07843938461538462
-0.01814953846153846
0.045060923076923075
0.09846646153846153
0.1287156923076923
0.14457046153846154
0.14707384615384617
0.14457046153846154
0.14039815384615384
0.12204
0.09304246153846155
0.05799507692307692
0.01940123076923077
-0.014394461538461538
-0.04380923076923077
-0.07593599999999999
-0.10430769230769231
-0.11745046153846153
-0.11244369230769231
-0.08302892307692307
-0.040054153846153843
0.006884307692307692
0.05820369230769231
0.11432123076923076
0.17481969230769231
0.21800307692307694
0.24282830769230768
0.24032492307692307
0.20444307692307692
0.14957723076923077
0.08052553846153847
0.011891076923076923
-0.06571384615384615
-0.14686523076923075
-0.21341353846153846
-0.25388492307692306
-0.2559710769230769
-0.23844738461538462
-0.21111876923076925
-0.1718990769230769
-0.11891076923076922
-0.04714707692307692
0.029623384615384614
0.09596307692307693
0.13643446153846153
0.14457046153846154
0.1314276923076923
0.10159569230769232
0.05090215384615384
-0.017940923076923077
-0.09429415384615383
-0.15500123076923078
-0.18629353846153843
-0.18128676923076922
-0.14039815384615384
-0.08010830769230769
-0.004589538461538461
0.07948246153846153
0.16292861538461537
0.2411593846153846
0.3045784615384615
0.3304467692307692
0.3206418461538461
0.2897667692307692
0.23928184615384615
0.18358153846153846
0.11724184615384614
0.0446436923076923
-0.013142769230769229
-0.04944184615384615
-0.046104
-0.014185846153846153
0.022530461538461537
0.05820369230769231
0.0936683076923077
0.1314276923076923
0.1612596923076923
0.1785747692307692
0.16772676923076923
0.12454338461538461
0.07551876923076924
0.028371692307692306
-0.014394461538461538
-0.05111076923076923
-0.0855323076923077
-0.10889723076923077
-0.10159569230769232
-0.06571384615384615
-0.010639384615384617
0.0448523076923077
0.08428061538461538
0.11557292307692307
0.13226215384615383
0.12662953846153846
0.09846646153846153
0.03921969230769231
-0.05048492307692308
-0.14039815384615384
-0.21362215384615382
-0.24846092307692308
-0.2371956923076923
-0.20152246153846154
-0.1358086153846154
-0.04631261538461538
0.04526953846153846
0.12704676923076924
0.1802436923076923
0.1908830769230769
0.16271999999999998
0.10368184615384615
0.03650769230769231
-0.025659692307692307
-0.08386338461538462
-0.14749107692307692
-0.19442953846153843
-0.19505538461538463
-0.16063384615384615
-0.09283384615384616
-0.016897846153846156
0.05507446153846154
0.12120553846153845
0.1800350769230769
0.23803015384615384
0.2682793846153846
0.2655673846153846
0.2288510769230769
0.16480615384615382
0.09137353846153846
0.018775384615384614
-0.04839876923076923
-0.10576799999999999
-0.13747753846153846
-0.1289243076923077
-0.08594953846153845
-0.026911384615384615
0.03024923076923077
0.07510153846153846
0.10493353846153847
0.11432123076923076
0.10618523076923077
0.08177723076923075
0.04047138461538462
-0.012099692307692308
-0.059872615384615385
-0.08636676923076922
-0.09074769230769231
-0.07739630769230768
-0.053614153846153846
-0.029832
-0.011891076923076923
0.0025033846153846152
0.01710646153846154
0.01981846153846154
0.010222153846153844
-0.0014603076923076922
-0.0029206153846153843
0.016480615384615385
0.0446436923076923
0.08302892307692307
0.09804923076923076
0.09283384615384616
0.07572738461538461
0.04109723076923077
0.0002086153846153846
-0.07238953846153846
-0.1356
-0.17565415384615385
-0.14853415384615384
-0.07280676923076923
0.10472492307692308
0.30061476923076924
0.3913624615384615
0.5570030769230769
0.6339821538461539
0.6823809230769231
0.6613107692307693
0.4616658461538461
0.25534523076923077
-0.07364123076923076
-0.3387913846153846
-0.5958055384615384
-0.8645021538461538
-1.017625846153846
-1.1440467692307692
-1.0466233846153845
-0.8302892307692308
-0.5073526153846153
-0.07885661538461539
0.26452430769230767
0.63732
0.9135267692307691
1.055593846153846
1.0948135384615385
0.884112
0.5891298461538461
0.20110523076923076
-0.2674449230769231
-0.5933021538461538
-0.8707606153846154
-1.024718769230769
-1.015956923076923
-0.9266695384615384
-0.6625624615384615
-0.33253292307692306
0.05403138461538461
0.4758516923076923
0.7906523076923075
1.0211723076923076
1.110251076923077
1.0639384615384615
0.9070596923076922
0.5824541538461538
0.2008966153846154
-0.19881046153846152
-0.5680596923076923
-0.804420923076923
-0.9608824615384615
-0.9804923076923077
-0.8642935384615384
-0.6663175384615385
-0.37363015384615383
-0.09429415384615383
0.16605784615384614
0.41326707692307696
0.584123076923077
0.7128387692307692
0.7727113846153846
0.7368295384615384
0.629184
0.4389267692307692
0.21696000000000001
-0.03108369230769231
-0.279336
-0.4912892307692307
-0.6565126153846153
-0.7113784615384615
-0.7086664615384615
-0.628140923076923
-0.44685415384615385
-0.24408
0.011056615384615385
0.2703655384615385
0.48857723076923076
0.6746621538461538
0.7572738461538462
0.775632
0.7165938461538461
0.5501187692307692
0.35047384615384614
0.09596307692307693
-0.17648861538461538
-0.4378836923076923
-0.6619366153846153
-0.7714596923076923
-0.7741716923076923
-0.6717415384615385
-0.4812756923076923
-0.22134092307692307
0.11286092307692308
0.4476886153846154
0.7263987692307693
0.9204110769230769
0.9600479999999999
0.8897446153846154
0.7293193846153846
0.47063630769230763
0.18232984615384615
-0.13914646153846155
-0.43621476923076924
-0.6517144615384615
-0.7900264615384615
-0.8025433846153845
-0.7042855384615384
-0.527171076923077
-0.2845513846153846
-0.021696
0.235944
0.444768
0.5716061538461538
0.614580923076923
0.5547083076923077
0.4211944615384615
0.23072861538461537
0.006258461538461538
-0.19839323076923077
-0.38343507692307693
-0.4994252307692308
-0.5323864615384615
-0.5073526153846153
-0.4072172307692307
-0.273912
-0.1287156923076923
0.021278769230769233
0.15416676923076922
0.27871015384615383
0.3617390769230769
0.3909452307692307
0.3763421538461538
0.3229366153846154
0.2517987692307692
0.165432
0.07343261538461537
-0.003963692307692307
-0.07259815384615384
-0.11953661538461538
-0.14936861538461538
-0.17544553846153846
-0.1792006153846154
-0.1867107692307692
-0.17252492307692308
-0.12934153846153845
-0.09325107692307691
-0.04672984615384615
-0.001043076923076923
0.052153846153846155
0.11870215384615385
0.17565415384615385
0.21633415384615384
0.22864246153846152
0.2138307692307692
0.1777403076923077
0.12287446153846153
0.05674338461538461
-0.02357353846153846
-0.11098338461538461
-0.1792006153846154
-0.22864246153846152
-0.23281476923076924
-0.1942209230769231
-0.1397723076923077
-0.05194523076923077
0.03337846153846154
0.1287156923076923
0.23636123076923077
0.32001599999999997
0.38426953846153844
0.39928984615384616
0.3784283076923077
0.34046030769230773
0.27704123076923076
0.19380369230769232
0.08991323076923076
-0.010639384615384617
-0.08156861538461539
-0.11974523076923077
-0.12704676923076924
-0.11891076923076922
-0.10868861538461538
-0.09095630769230768
-0.06154153846153846
-0.014185846153846153
0.026076923076923077
0.03775938461538462
0.03045784615384615
-0.0002086153846153846
-0.030875076923076922
-0.04839876923076923
-0.073224
-0.07823076923076923
-0.0771876923076923
-0.07656184615384615
-0.04902461538461538
-0.018775384615384614
0.004798153846153846
0.014603076923076923
0.006049846153846154
-0.0043809230769230765
-0.013768615384615384
-0.022530461538461537
-0.04214030769230769
-0.07092923076923077
-0.08240307692307691
-0.07510153846153846
-0.033169846153846154
0.03442153846153846
0.08469784615384615
0.12996738461538462
0.1506203076923077
0.16105107692307694
0.16418030769230768
0.12767261538461538
0.073224
-0.01981846153846154
-0.11452984615384615
-0.17419384615384614
-0.2157083076923077
-0.22989415384615383
-0.21967199999999998
-0.18253846153846154
-0.10430769230769231
0.009179076923076922
0.12579507692307693
0.22676492307692306
0.2926873846153846
0.31229723076923077
0.28809784615384615
0.2303113846153846
0.13789476923076924
0.015020307692307692
-0.10743692307692307
-0.21925476923076925
-0.30186646153846153
-0.32982092307692307
-0.31083692307692307
-0.25284184615384614
-0.15771323076923077
-0.03775938461538462
0.09450276923076922
0.21612553846153845
0.2947735384615384
0.3216849230769231
0.3016578461538461
0.2497126153846154
0.18212123076923076
0.10243015384615384
0.010639384615384617
-0.08615815384615384
-0.1712732307692308
-0.21862892307692305
-0.21091015384615383
-0.1783661538461538
-0.13393107692307693
-0.08428061538461538
-0.028163076923076923
0.042974769230769226
0.10868861538461538
0.15416676923076922
0.16334584615384617
0.13601723076923075
0.09137353846153846
0.052571076923076915
0.02273907692307692
-0.014603076923076923
-0.059664
-0.10263876923076923
-0.12683815384615382
-0.12412615384615384
-0.111192
-0.09700615384615385
-0.08594953846153845
-0.07969107692307692
-0.061124307692307686
-0.03045784615384615
-0.006049846153846154
0.005215384615384615
0.004589538461538461
0.0016689230769230767
0.011891076923076923
0.02482523076923077
0.028788923076923077
0.023990769230769232
0.003963692307692307
-0.008136
-0.00855323076923077
-0.016063384615384615
-0.03984553846153846
-0.07843938461538462
-0.09992676923076924
-0.0961716923076923
-0.06446215384615385
-0.010013538461538461
0.04693846153846153
0.11327815384615383
0.17231630769230769
0.2238443076923077
0.2638984615384615
0.2726603076923077
0.25451076923076926
0.20298276923076922
0.14081538461538462
0.08010830769230769
0.026076923076923077
-0.015854769230769228
-0.05444861538461539
-0.07343261538461537
-0.06467076923076923
-0.02357353846153846
0.04819015384615385
0.11765907692307691
0.17502830769230768
0.21320492307692307
0.21925476923076925
0.21529107692307692
0.17502830769230768
0.10076123076923077
0.016480615384615385
-0.08302892307692307
-0.157296
-0.20027076923076922
-0.22864246153846152
-0.23656984615384613
-0.22113230769230768
-0.17377661538461536
-0.09992676923076924
-0.018983999999999997
0.051319384615384614
0.0961716923076923
0.12329169230769231
0.14728246153846153
0.15416676923076922
0.138312
0.09429415384615383
0.03901107692307692
-0.006258461538461538
-0.033169846153846154
-0.03045784615384615
-0.009804923076923077
0.032544
0.08907876923076924
0.15228923076923076
0.21466523076923077
0.25471938461538457
0.26932246153846157
0.25388492307692306
0.20924123076923076
0.15374953846153847
0.10055261538461538
0.04860738461538461
0.004589538461538461
-0.03045784615384615
-0.04756430769230769
-0.04380923076923077
-0.01981846153846154
-0.004798153846153846
-0.014603076923076923
-0.032544
-0.06049846153846154
-0.06946892307692307
-0.07259815384615384
-0.08115138461538463
-0.07843938461538462
-0.06946892307692307
-0.042974769230769226
-0.0050067692307692304
0.03650769230769231
0.07531015384615385
0.09533723076923077
0.09804923076923076
0.09950953846153845
0.09283384615384616
0.06738276923076922
0.015646153846153844
-0.053405538461538456
-0.11181784615384616
-0.16438892307692307
-0.19818461538461538
-0.21341353846153846
-0.21320492307692307
-0.17315076923076922
-0.11098338461538461
-0.017315076923076923
0.10138707692307691
0.19442953846153843
0.25805723076923076
0.28017046153846153
0.2559710769230769
0.19839323076923077
0.09971815384615385
-0.02545107692307692
-0.15771323076923077
-0.2772498461538462
-0.3467187692307692
-0.36319938461538465
-0.3437981538461538
-0.2906012307692308
-0.21487384615384614
-0.11870215384615385
-0.003963692307692307
0.103056
0.16981292307692308
0.18754523076923074
0.17085599999999998
0.1356
0.078648
-0.003755076923076923
-0.09095630769230768
-0.17023015384615386
-0.23406646153846156
-0.26786215384615386
-0.2620209230769231
-0.2330233846153846
-0.1942209230769231
-0.1489513846153846
-0.0771876923076923
0.014603076923076923
0.09930092307692308
0.17023015384615386
0.21111876923076925
0.233232
0.2371956923076923
0.22551323076923077
0.21111876923076925
0.1867107692307692
0.14916
0.10389046153846154
0.06133292307692308
0.028163076923076923
0.0006258461538461538
-0.03129230769230769
-0.05486584615384615
-0.06717415384615384
-0.05507446153846154
-0.013142769230769229
0.03650769230769231
0.09116492307692307
0.1397723076923077
0.20193969230769232
0.27182584615384614
0.3229366153846154
0.33899999999999997
0.30186646153846153
0.2292683076923077
0.13330523076923076
0.03108369230769231
-0.06967753846153846
-0.16480615384615382
-0.2422024615384615
-0.27975323076923075
-0.27286892307692306
-0.21654276923076923
-0.1422756923076923
-0.06300184615384616
0.05382276923076923
0.16584923076923075
0.28246523076923075
0.36611999999999995
0.4026276923076923
0.39636923076923075
0.34880492307692307
0.27850153846153847
0.21007569230769232
0.16292861538461537
-0.0029206153846153843
-0.15249784615384615
-0.265776
-0.35798399999999997
-0.3062473846153846
-0.2799618461538461
-0.265776
-0.23385784615384617
-0.1489513846153846
0.05027630769230769
0.23198030769230768
0.34880492307692307
0.37655076923076924
0.35923569230769226
0.36570276923076916
0.3540203076923077
0.2858030769230769
0.0826116923076923
-0.1942209230769231
-0.40095876923076923
-0.5359329230769231
-0.5524135384615385
-0.5140283076923077
-0.4729310769230769
-0.34296369230769225
-0.21633415384615384
-0.03379569230769231
0.19547261538461536
0.3143833846153846
0.3949089230769231
0.37613353846153846
0.26619323076923074
0.16647507692307692
0.035464615384615386
-0.05924676923076923
-0.13393107692307693
-0.23886461538461537
-0.29227015384615385
-0.287472
-0.21111876923076925
-0.11557292307692307
-0.052153846153846155
-0.0006258461538461538
0.03859384615384615
0.12955015384615384
0.23010276923076922
0.26869661538461537
0.25951753846153847
0.18983999999999998
0.12829846153846153
0.12266584615384615
0.0897046153846154
0.061124307692307686
0.011473846153846154
-0.059038153846153844
-0.04902461538461538
-0.04756430769230769
-0.06300184615384616
-0.08490646153846154
-0.13706030769230768
-0.16063384615384615
-0.15771323076923077
-0.13393107692307693
-0.08782707692307692
-0.031709538461538456
0.016480615384615385
0.04839876923076923
0.10409907692307692
0.1356
0.11640738461538462
0.08448923076923077
0.003129230769230769
-0.07969107692307692
-0.14290153846153844
-0.19296923076923078
-0.1927606153846154
-0.1940123076923077
-0.1779489230769231
-0.10576799999999999
-0.023364923076923075
0.06070707692307692
0.12329169230769231
0.15750461538461538
0.19797599999999999
0.22488738461538463
0.19672430769230767
0.1218313846153846
0.03838523076923077
-0.03275261538461539
-0.07843938461538462
-0.09512861538461538
-0.10180430769230768
-0.09471138461538461
-0.040262769230769234
0.03963692307692308
0.130176
0.22300984615384614
0.2705741538461538
0.2953993846153846
0.2858030769230769
0.23010276923076922
0.17669723076923077
0.10243015384615384
0.015228923076923076
-0.06049846153846154
-0.1207883076923077
-0.14060676923076923
-0.10910584615384614
-0.03984553846153846
0.04944184615384615
0.13789476923076924
0.20924123076923076
0.2624381538461539
0.2906012307692308
0.2828824615384615
0.22572184615384616
0.13601723076923075
0.02232184615384615
-0.0853236923076923
-0.13872923076923074
-0.16584923076923075
-0.16793538461538463
-0.14018953846153845
-0.08949599999999999
0.018358153846153843
0.14311015384615386
0.24345415384615382
0.30708184615384615
0.3079163076923077
0.2764153846153846
0.23907323076923076
0.18545907692307692
0.10618523076923077
0.0004172307692307692
-0.10389046153846154
-0.17315076923076922
-0.20047938461538461
-0.18900553846153845
-0.1435273846153846
-0.06800861538461538
0.006258461538461538
0.07092923076923077
0.1422756923076923
0.1860849230769231
0.21028430769230766
0.19797599999999999
0.1314276923076923
0.06154153846153846
-0.011265230769230769
-0.07551876923076924
-0.11995384615384615
-0.1666836923076923
-0.19693292307692306
-0.20256553846153844
-0.18253846153846154
-0.13393107692307693
-0.09491999999999999
-0.07593599999999999
-0.06967753846153846
-0.07197230769230768
-0.06759138461538462
-0.07259815384615384
-0.08949599999999999
-0.11828492307692307
-0.13914646153846155
-0.13184492307692308
-0.11995384615384615
-0.09429415384615383
-0.054657230769230764
-0.024199384615384616
0.002086153846153846
0.010639384615384617
0.010013538461538461
0.0006258461538461538
-0.038176615384615385
-0.078648
-0.11265230769230769
-0.13205353846153844
-0.12454338461538461
-0.09450276923076922
-0.04047138461538462
0.017523692307692306
0.073224
0.12955015384615384
0.17982646153846152
0.21675138461538462
0.21237046153846154
0.17648861538461538
0.12850707692307692
0.06049846153846154
-0.008761846153846153
-0.08490646153846154
-0.16000799999999998
-0.20819815384615384
-0.22300984615384614
-0.20652923076923077
-0.1614683076923077
-0.09429415384615383
-0.015228923076923076
0.06571384615384615
0.13601723076923075
0.20027076923076922
0.2261390769230769
0.2138307692307692
0.1733593846153846
0.103056
0.026702769230769228
-0.05319692307692307
-0.11181784615384616
-0.13497415384615385
-0.124752
-0.08720123076923077
-0.03483876923076923
0.03567323076923076
0.11557292307692307
0.1927606153846154
0.26160369230769226
0.2970683076923077
0.30019753846153846
0.2782929230769231
0.2303113846153846
0.1785747692307692
0.12037107692307693
0.058412307692307694
0.007510153846153846
-0.028371692307692306
-0.03504738461538461
-0.01981846153846154
0.0008344615384615384
0.029414769230769227
0.04109723076923077
0.03629907692307692
0.03567323076923076
0.03296123076923077
0.03629907692307692
0.03421292307692308
0.029623384615384614
0.035255999999999996
0.03713353846153846
0.043600615384615383
0.05319692307692307
0.050067692307692306
0.029206153846153847
0.0014603076923076922
-0.016272
-0.03483876923076923
-0.06571384615384615
-0.10472492307692308
-0.13998092307692306
-0.15103753846153847
-0.13914646153846155
-0.1205796923076923
-0.09429415384615383
-0.07113784615384615
-0.032544
0.016897846153846156
0.06383630769230769
0.10535076923076922
0.111192
0.09325107692307691
0.05444861538461539
0.004172307692307692
-0.042974769230769226
-0.09825784615384614
-0.14477907692307693
-0.17023015384615386
-0.1652233846153846
-0.12120553846153845
-0.06258461538461538
0.003129230769230769
0.05611753846153846
0.08824430769230769
0.12245723076923076
0.13852061538461538
0.12913292307692306
0.0897046153846154
0.021696
-0.03650769230769231
-0.07030338461538461
-0.08156861538461539
-0.07614461538461538
-0.06696553846153847
-0.05444861538461539
-0.03421292307692308
-0.0006258461538461538
0.04276615384615385
0.07238953846153846
0.07280676923076923
0.058412307692307694
0.049233230769230765
0.04526953846153846
0.04526953846153846
0.047772923076923074
0.04088861538461538
0.029623384615384614
0.029414769230769227
0.041514461538461535
0.056951999999999996
0.05444861538461539
0.032544
0.0029206153846153843
-0.01668923076923077
-0.021904615384615383
-0.013768615384615384
-0.0008344615384615384
0.009387692307692307
0.04130584615384615
0.08991323076923076
0.14811692307692306
0.18086953846153844
0.1779489230769231
0.14999446153846155
0.10201292307692307
0.052571076923076915
-0.017940923076923077
-0.0934596923076923
-0.168144
-0.225096
-0.233232
-0.20673784615384616
-0.14561353846153846
-0.07134646153846153
-0.0022947692307692304
0.07551876923076924
0.1356
0.168144
0.1775316923076923
0.13872923076923074
0.05799507692307692
-0.04276615384615385
-0.14436184615384615
-0.2236356923076923
-0.2864289230769231
-0.32836061538461536
-0.3285692307692308
-0.28204799999999997
-0.19296923076923078
-0.08135999999999999
0.03150092307692308
0.12016246153846154
0.17628
0.2021483076923077
0.1923433846153846
0.14853415384615384
0.07468430769230769
-0.011891076923076923
-0.07948246153846153
-0.11640738461538462
-0.1218313846153846
-0.09533723076923077
-0.058412307692307694
-0.008344615384615384
0.06487938461538462
0.1435273846153846
0.2138307692307692
0.25847446153846154
0.2707827692307692
0.2655673846153846
0.24303692307692307
0.21091015384615383
0.1718990769230769
0.11953661538461538
0.05757784615384615
-0.007301538461538462
-0.05444861538461539
-0.0828203076923077
-0.09158215384615384
-0.09429415384615383
-0.0988836923076923
-0.08574092307692306
-0.06195876923076923
-0.03296123076923077
0.006675692307692307
0.04318338461538461
0.06905169230769231
0.09262523076923077
0.10994030769230768
0.124752
0.12913292307692306
0.130176
0.1316363076923077
0.12496061538461539
0.11035753846153845
0.07426707692307692
0.02273907692307692
-0.037342153846153844
-0.0855323076923077
-0.11056615384615384
-0.12162276923076921
-0.10326461538461539
-0.06633969230769231
0.0029206153846153843
0.09283384615384616
0.16897846153846155
0.23823876923076923
0.2720344615384615
0.2716172307692308
0.24095076923076922
0.1777403076923077
0.10076123076923077
0.009387692307692307
-0.0855323076923077
-0.1612596923076923
-0.21091015384615383
-0.21862892307692305
-0.18942276923076923
-0.13184492307692308
-0.04860738461538461
0.03504738461538461
0.12996738461538462
0.2140393846153846
0.2689052307692308
0.2864289230769231
0.25346769230769234
0.19714153846153845
0.11870215384615385
0.042557538461538466
-0.03233538461538461
-0.09533723076923077
-0.1314276923076923
-0.14415323076923076
-0.10660246153846153
-0.05090215384615384
0.01856676923076923
0.08469784615384615
0.13184492307692308
0.17565415384615385
0.18712800000000002
0.1691870769230769
0.12642092307692307
0.054657230769230764
-0.01981846153846154
-0.08240307692307691
-0.12934153846153845
-0.14707384615384617
-0.14060676923076923
-0.11014892307692307
-0.058412307692307694
0.0
0.05757784615384615
0.09325107692307691
0.10368184615384615
0.09074769230769231
0.05444861538461539
0.006258461538461538
-0.05298830769230769
-0.11891076923076922
-0.18212123076923076
-0.25513661538461535
-0.25951753846153847
-0.16271999999999998
-0.03212676923076923
0.15270646153846154
0.3216849230769231
0.48690830769230764
0.6483766153846154
0.7211833846153846
0.722435076923077
0.5814110769230769
0.3573581538461538
0.09930092307692308
-0.14102399999999998
-0.34984799999999994
-0.5574203076923077
-0.6573470769230768
-0.6971926153846154
-0.5951796923076923
-0.3978295384615384
-0.1913003076923077
0.049233230769230765
0.2225926153846154
0.3826006153846154
0.4593710769230769
0.40596553846153843
0.2805876923076923
0.07969107692307692
-0.13101046153846155
-0.33607938461538456
-0.49984246153846157
-0.5764043076923077
-0.5814110769230769
-0.484404923076923
-0.31772123076923076
-0.124752
0.0892873846153846
0.2503384615384615
0.37926276923076924
0.45040061538461534
0.42348923076923073
0.3863556923076923
0.31626092307692305
0.2568055384615385
0.22342707692307692
0.16313723076923078
0.12725538461538463
0.09575446153846154
0.08115138461538463
0.07697907692307693
0.03859384615384615
-0.004172307692307692
-0.03108369230769231
-0.031709538461538456
-0.022530461538461537
-0.029832
-0.03838523076923077
-0.047772923076923074
-0.041514461538461535
0.002712
0.04693846153846153
0.09596307692307693
0.13706030769230768
0.16271999999999998
0.19839323076923077
0.1787833846153846
0.09992676923076924
-0.012099692307692308
-0.16793538461538463
-0.30562153846153844
-0.40742584615384614
-0.46250030769230766
-0.4389267692307692
-0.3544375384615384
-0.20715507692307691
-0.02273907692307692
0.1639716923076923
0.32898646153846156
0.4349630769230769
0.46312615384615385
0.3982467692307692
0.2774584615384615
0.14039815384615384
-0.017940923076923077
-0.16271999999999998
-0.2906012307692308
-0.3821833846153846
-0.3907366153846154
-0.35464615384615383
-0.2791273846153846
-0.18212123076923076
-0.08490646153846154
0.03337846153846154
0.13747753846153846
0.20152246153846154
0.21487384615384614
0.1706473846153846
0.08991323076923076
-0.012308307692307691
-0.11599015384615384
-0.2127876923076923
-0.2803790769230769
-0.2868461538461538
-0.24199384615384617
-0.15354092307692307
-0.04109723076923077
0.06049846153846154
0.15354092307692307
0.2059033846153846
0.1992276923076923
0.1635544615384615
0.08156861538461539
-0.009179076923076922
-0.08907876923076924
-0.16793538461538463
-0.20277415384615383
-0.20298276923076922
-0.173568
-0.119328
-0.06696553846153847
-0.014185846153846153
0.03609046153846154
0.07572738461538461
0.09763200000000001
0.09158215384615384
0.055491692307692304
0.0008344615384615384
-0.049233230769230765
-0.09408553846153846
-0.13372246153846154
-0.15124615384615384
-0.14728246153846153
-0.10597661538461538
-0.02899753846153846
0.05173661538461538
0.12496061538461539
0.17899199999999998
0.20819815384615384
0.22593046153846155
0.22488738461538463
0.18879692307692306
0.12955015384615384
0.05507446153846154
-0.008970461538461538
-0.04193169230769231
-0.06028984615384615
-0.054240000000000003
-0.023364923076923075
0.022947692307692308
0.08031692307692308
0.14164984615384615
0.1908830769230769
0.20298276923076922
0.18483323076923078
0.143736
0.08073415384615384
0.013768615384615384
-0.052571076923076915
-0.1097316923076923
-0.14540492307692307
-0.16710092307692306
-0.154584
-0.10660246153846153
-0.05277969230769231
-0.002712
0.025033846153846153
0.037342153846153844
0.04193169230769231
0.021278769230769233
-0.016480615384615385
-0.0771876923076923
-0.14206707692307693
-0.18545907692307692
-0.19964492307692308
-0.17377661538461536
-0.12350030769230769
-0.04652123076923077
0.05048492307692308
0.157296
0.2716172307692308
0.35151692307692306
0.3748818461538461
0.35005661538461535
0.28121353846153846
0.1869193846153846
0.06821723076923077
-0.055491692307692304
-0.15354092307692307
-0.22405292307692307
-0.24491446153846153
-0.21508246153846153
-0.1424843076923077
-0.031709538461538456
0.07364123076923076
0.16897846153846155
0.23448369230769228
0.25805723076923076
0.2509643076923077
0.1910916923076923
0.10535076923076922
0.003755076923076923
-0.09512861538461538
-0.15354092307692307
-0.17732307692307692
-0.16418030769230768
-0.12370892307692308
-0.07072061538461538
0.006675692307692307
0.0771876923076923
0.11974523076923077
0.13601723076923075
0.11891076923076922
0.0936683076923077
0.06133292307692308
0.032544
0.0006258461538461538
-0.030875076923076922
-0.04109723076923077
-0.029623384615384614
0.009596307692307692
0.05486584615384615
0.08574092307692306
0.09700615384615385
0.09679753846153846
0.08866153846153846
0.07238953846153846
0.04047138461538462
-0.008344615384615384
-0.05945538461538461
-0.10138707692307691
-0.11098338461538461
-0.09721476923076922
-0.06946892307692307
-0.021070153846153846
0.03859384615384615
0.11265230769230769
0.18399876923076922
0.235944
0.25534523076923077
0.23656984615384613
0.1910916923076923
0.12266584615384615
0.053614153846153846
-0.010013538461538461
-0.07781353846153846
-0.13455692307692307
-0.16271999999999998
-0.14957723076923077
-0.09867507692307692
-0.034630153846153845
0.03483876923076923
0.09512861538461538
0.13518276923076925
0.154584
0.15520984615384617
0.1287156923076923
0.06946892307692307
0.0012516923076923076
-0.059664
-0.09909230769230769
-0.12266584615384615
-0.13768615384615385
-0.14102399999999998
-0.13184492307692308
-0.10764553846153846
-0.07113784615384615
-0.03129230769230769
-0.006049846153846154
0.005215384615384615
0.014185846153846153
0.026285538461538457
0.04401784615384615
0.054657230769230764
0.05111076923076923
0.052153846153846155
0.06049846153846154
0.08094276923076923
0.10138707692307691
0.10722830769230769
0.1097316923076923
0.0961716923076923
0.07614461538461538
0.06028984615384615
0.046104
0.029623384615384614
0.007301538461538462
0.004589538461538461
0.03045784615384615
0.06529661538461538
0.0974233846153846
0.12204
0.1314276923076923
0.13101046153846155
0.12662953846153846
0.11745046153846153
0.10555938461538462
0.07134646153846153
0.027745846153846152
-0.011473846153846154
-0.04714707692307692
-0.05736923076923077
-0.08156861538461539
-0.11181784615384616
-0.12204
-0.1205796923076923
-0.0853236923076923
-0.050067692307692306
-0.009179076923076922
0.03504738461538461
0.073224
0.12391753846153845
0.15687876923076924
0.17628
0.1639716923076923
0.12704676923076924
0.103056
0.08636676923076922
0.08115138461538463
0.07948246153846153
0.07739630769230768
0.07927384615384615
0.08469784615384615
0.0934596923076923
0.09950953846153845
0.09053907692307692
0.06821723076923077
0.03942830769230769
0.017315076923076923
0.009179076923076922
0.006467076923076923
0.005424
0.0012516923076923076
0.001043076923076923
0.0043809230769230765
-0.0002086153846153846
-0.005215384615384615
-0.026285538461538457
-0.06279323076923077
-0.09825784615384614
-0.13205353846153844
-0.14436184615384615
-0.15228923076923076
-0.15270646153846154
-0.13789476923076924
-0.11202646153846153
-0.05236246153846154
0.007510153846153846
0.058412307692307694
0.0936683076923077
0.10848000000000001
0.11953661538461538
0.10931446153846153
0.08845292307692308
0.04714707692307692
-0.014394461538461538
-0.06446215384615385
-0.10347323076923076
-0.12037107692307693
-0.116616
-0.10931446153846153
-0.08386338461538462
-0.04047138461538462
0.015020307692307692
0.08615815384615384
0.14749107692307692
0.19588984615384614
0.2209236923076923
0.21967199999999998
0.19860184615384616
0.14269292307692305
0.062376
-0.03650769230769231
-0.12767261538461538
-0.1860849230769231
-0.21132738461538458
-0.19985353846153847
-0.1614683076923077
-0.10618523076923077
-0.034630153846153845
0.045060923076923075
0.12245723076923076
0.1860849230769231
0.21341353846153846
0.20778092307692309
0.1802436923076923
0.13747753846153846
0.07969107692307692
0.006258461538461538
-0.06905169230769231
-0.1422756923076923
-0.19296923076923078
-0.21216184615384615
-0.2125790769230769
-0.19651569230769228
-0.1712732307692308
-0.12370892307692308
-0.051528
0.028163076923076923
0.09846646153846153
0.1397723076923077
0.15354092307692307
0.1449876923076923
0.11974523076923077
0.08615815384615384
0.03609046153846154
-0.02357353846153846
-0.08177723076923075
-0.13518276923076925
-0.16835261538461538
-0.1775316923076923
-0.16793538461538463
-0.14853415384615384
-0.116616
-0.06446215384615385
-0.0012516923076923076
0.062376
0.11578153846153846
0.15333230769230768
0.18253846153846154
0.19839323076923077
0.18712800000000002
0.1462393846153846
0.06717415384615384
-0.029623384615384614
-0.1218313846153846
-0.1908830769230769
-0.2292683076923077
-0.25471938461538457
-0.24992123076923078
-0.21049292307692305
-0.13935507692307691
-0.04902461538461538
0.040262769230769234
0.1136953846153846
0.15103753846153847
0.16042523076923076
0.13393107692307693
0.06821723076923077
-0.018358153846153843
-0.12224861538461537
-0.22634769230769228
-0.306456
-0.34943076923076927
-0.34233784615384616
-0.2862203076923077
-0.20506892307692307
-0.09450276923076922
0.03838523076923077
0.17231630769230769
0.29581661538461534
0.37425600000000003
0.3994984615384615
0.3750904615384615
0.31041969230769234
0.21508246153846153
0.10931446153846153
0.0025033846153846152
-0.09554584615384615
-0.1693956923076923
-0.19609846153846153
-0.19547261538461536
-0.1760713846153846
-0.1136953846153846
-0.035255999999999996
0.07343261538461537
0.1706473846153846
0.24887815384615386
0.3045784615384615
0.3415033846153846
0.34463261538461537
0.4105550769230769
0.4163963076923077
0.21466523076923077
0.0974233846153846
-0.07468430769230769
-0.19338646153846153
-0.19526400000000002
-0.35256
-0.46667261538461535
-0.5574203076923077
-0.5131938461538461
-0.3045784615384615
-0.14039815384615384
0.03901107692307692
0.13455692307692307
0.2753723076923077
0.4675070769230769
0.5759870769230769
0.6166670769230769
0.4188996923076923
0.17961784615384613
-0.015854769230769228
-0.2261390769230769
-0.3077076923076923
-0.44622830769230765
-0.5376018461538461
-0.4965046153846154
-0.4977563076923077
-0.2899753846153846
-0.04860738461538461
0.12767261538461538
0.37363015384615383
0.4599969230769231
0.5348898461538462
0.6031070769230769
0.587460923076923
0.5953883076923077
0.4752258461538461
0.2701569230769231
0.06863446153846153
-0.10535076923076922
-0.17294215384615383
-0.25471938461538457
-0.3294036923076923
-0.3692492307692308
-0.3669544615384615
-0.214248
-0.06613107692307692
0.052571076923076915
0.17398523076923075
0.2157083076923077
0.3179298461538461
0.4151446153846154
0.41660492307692304
0.4118067692307692
0.3039526153846154
0.18128676923076922
0.10576799999999999
-0.02524246153846154
-0.15562707692307692
-0.29727692307692305
-0.4401784615384615
-0.5211212307692308
-0.5449033846153846
-0.5090215384615385
-0.4178566153846154
-0.26160369230769226
-0.09658892307692307
0.06154153846153846
0.26306399999999996
0.39699507692307695
0.47772923076923074
0.5094387692307691
0.4109723076923077
0.2966510769230769
0.14790830769230767
-0.021278769230769233
-0.16084246153846155
-0.33712246153846154
-0.4456024615384615
-0.46667261538461535
-0.43329415384615383
-0.3198073846153846
-0.1942209230769231
-0.041514461538461535
0.14957723076923077
0.3131316923076923
0.41577046153846153
0.43350276923076925
0.4184824615384615
0.37029230769230764
0.2601433846153846
0.14123261538461537
-0.03379569230769231
-0.19672430769230767
-0.28017046153846153
-0.35256
-0.3425464615384616
-0.2931046153846154
-0.24574892307692306
-0.1314276923076923
-0.037342153846153844
0.05799507692307692
0.16501476923076921
0.21487384615384614
0.24303692307692307
0.2261390769230769
0.17628
0.11432123076923076
0.054240000000000003
0.01397723076923077
-0.03838523076923077
-0.07280676923076923
-0.10827138461538462
-0.13101046153846155
-0.09304246153846155
-0.06049846153846154
0.0002086153846153846
0.06759138461538462
0.08740984615384616
0.16063384615384615
0.24887815384615386
0.3062473846153846
0.3452584615384615
0.31751261538461534
0.2799618461538461
0.25701415384615384
0.21111876923076925
0.15959076923076923
0.07238953846153846
-0.022530461538461537
-0.07697907692307693
-0.09658892307692307
-0.07885661538461539
-0.0609156923076923
-0.04672984615384615
-0.030875076923076922
-0.008970461538461538
0.05090215384615384
0.10493353846153847
0.14540492307692307
0.1829556923076923
0.15896492307692306
0.12162276923076921
0.08073415384615384
0.018358153846153843
-0.019609846153846155
-0.09074769230769231
-0.17419384615384614
-0.20673784615384616
-0.20694646153846152
-0.1506203076923077
-0.06800861538461538
-0.005841230769230769
0.04672984615384615
0.08720123076923077
0.13205353846153844
0.15813046153846153
0.14457046153846154
0.08866153846153846
-0.006884307692307692
-0.08177723076923075
-0.14457046153846154
-0.19171753846153847
-0.2138307692307692
-0.2292683076923077
-0.20402584615384614
-0.15333230769230768
-0.09074769230769231
-0.011056615384615385
0.06341907692307691
0.12704676923076924
0.17481969230769231
0.20778092307692309
0.22321846153846153
0.2157083076923077
0.1802436923076923
0.11765907692307691
0.04109723076923077
-0.03942830769230769
-0.10347323076923076
-0.13872923076923074
-0.15813046153846153
-0.16251138461538459
-0.13247076923076923
-0.07343261538461537
0.016063384615384615
0.11286092307692308
0.18337292307692307
0.23823876923076923
0.2605606153846154
0.24887815384615386
0.21716861538461538
0.1462393846153846
0.04401784615384615
-0.04965046153846154
-0.12496061538461539
-0.17711446153846155
-0.20047938461538461
-0.21111876923076925
-0.20715507692307691
-0.18107815384615383
-0.14290153846153844
-0.09304246153846155
-0.030040615384615384
0.026702769230769228
0.07572738461538461
0.12204
0.14832553846153845
0.1612596923076923
0.1639716923076923
0.15750461538461538
0.14665661538461539
0.1070196923076923
0.0448523076923077
-0.01710646153846154
-0.06717415384615384
-0.09095630769230768
-0.09283384615384616
-0.08845292307692308
-0.06863446153846153
-0.03045784615384615
0.027120000000000002
0.0963803076923077
0.15750461538461538
0.20027076923076922
0.21842030769230766
0.23385784615384617
0.22822523076923076
0.2021483076923077
0.16730953846153845
0.09533723076923077
-0.005215384615384615
-0.10138707692307691
-0.18337292307692307
-0.24324553846153843
-0.27558092307692306
-0.2906012307692308
-0.2703655384615385
-0.2330233846153846
-0.16856123076923077
-0.06258461538461538
0.04735569230769231
0.14519630769230768
0.20131384615384615
0.2275993846153846
0.23907323076923076
0.22008923076923076
0.16710092307692306
0.0771876923076923
-0.021904615384615383
-0.10514215384615383
-0.1637630769230769
-0.19797599999999999
-0.21174461538461536
-0.19588984615384614
-0.1422756923076923
-0.07009476923076922
0.015228923076923076
0.09763200000000001
0.15249784615384615
0.1908830769230769
0.19881046153846152
0.18149538461538461
0.14686523076923075
0.08302892307692307
0.012099692307692308
-0.05674338461538461
-0.11974523076923077
-0.16167692307692308
-0.18504184615384617
-0.19296923076923078
-0.18963138461538462
-0.1614683076923077
-0.1028473846153846
-0.03609046153846154
0.037967999999999995
0.09596307692307693
0.1207883076923077
0.12850707692307692
0.10764553846153846
0.07635323076923077
0.03901107692307692
-0.016897846153846156
-0.06425353846153846
-0.09909230769230769
-0.10806276923076923
-0.08845292307692308
-0.058829538461538454
-0.02858030769230769
-0.006049846153846154
0.026076923076923077
0.06675692307692307
0.09825784615384614
0.10931446153846153
0.09700615384615385
0.08365476923076923
0.07426707692307692
0.06613107692307692
0.06216738461538462
0.04109723076923077
0.012308307692307691
-0.012099692307692308
-0.03379569230769231
-0.03984553846153846
-0.03650769230769231
-0.037967999999999995
-0.037342153846153844
-0.025033846153846153
0.0
0.03045784615384615
0.050067692307692306
0.05674338461538461
0.06195876923076923
0.07468430769230769
0.09012184615384615
0.1070196923076923
0.11202646153846153
0.09429415384615383
0.07531015384615385
0.059872615384615385
0.05277969230769231
0.05528307692307692
0.0446436923076923
0.01814953846153846
-0.009596307692307692
-0.03859384615384615
-0.05590892307692308
-0.061750153846153844
-0.07072061538461538
-0.06487938461538462
-0.04422646153846154
-0.008761846153846153
0.042557538461538466
0.08344615384615384
0.10159569230769232
0.10430769230769231
0.09179076923076923
0.06675692307692307
0.03296123076923077
-0.026076923076923077
-0.09408553846153846
-0.1502030769230769
-0.18212123076923076
-0.18274707692307693
-0.15896492307692306
-0.11745046153846153
-0.058412307692307694
0.02044430769230769
0.10076123076923077
0.1794092307692308
0.2399076923076923
0.2605606153846154
0.25430215384615384
0.22113230769230768
0.15416676923076922
0.07697907692307693
-0.012308307692307691
-0.10618523076923077
-0.17169046153846151
-0.20173107692307693
-0.18170399999999998
-0.12829846153846153
-0.06383630769230769
0.005841230769230769
0.06154153846153846
0.10931446153846153
0.13789476923076924
0.14311015384615386
0.12016246153846154
0.06341907692307691
-0.0016689230769230767
-0.058412307692307694
-0.10576799999999999
-0.14978584615384616
-0.18170399999999998
-0.18316430769230768
-0.15374953846153847
-0.09721476923076922
-0.025033846153846153
0.040262769230769234
0.08720123076923077
0.1218313846153846
0.14519630769230768
0.1504116923076923
0.14603076923076924
0.11286092307692308
0.059872615384615385
0.01940123076923077
-0.004589538461538461
0.0008344615384615384
0.028788923076923077
0.06654830769230768
0.10493353846153847
0.14457046153846154
0.17982646153846152
0.20486030769230767
0.20047938461538461
0.1558356923076923
0.0897046153846154
0.01981846153846154
-0.03024923076923077
-0.056951999999999996
-0.07030338461538461
-0.07760492307692309
-0.07051199999999999
-0.05048492307692308
-0.008136
0.04380923076923077
0.06613107692307692
0.06258461538461538
0.040054153846153843
0.011682461538461537
-0.009804923076923077
-0.028788923076923077
-0.04860738461538461
-0.06821723076923077
-0.06967753846153846
-0.05069353846153846
-0.016480615384615385
0.017315076923076923
0.028788923076923077
0.030040615384615384
0.025659692307692307
0.02211323076923077
0.02545107692307692
0.021070153846153846
0.008344615384615384
-0.008136
-0.016272
0.0014603076923076922
0.03921969230769231
0.08949599999999999
0.13747753846153846
0.17440246153846153
0.20027076923076922
0.2056947692307692
0.19547261538461536
0.15374953846153847
0.08469784615384615
-0.0008344615384615384
-0.0855323076923077
-0.14582215384615385
-0.1802436923076923
-0.18379015384615385
-0.1656406153846154
-0.11223507692307692
-0.045060923076923075
0.04214030769230769
0.11911938461538461
0.1597993846153846
0.15833907692307692
0.11223507692307692
0.06926030769230769
0.024199384615384616
0.01668923076923077
0.04985907692307692
0.1804523076923077
0.2290596923076923
0.23052
0.31772123076923076
0.2989458461538462
0.32585723076923073
0.2572227692307692
0.09784061538461537
-0.05945538461538461
-0.2807963076923077
-0.36778892307692307
-0.4812756923076923
-0.5565858461538462
-0.5655563076923077
-0.5350984615384615
-0.31918153846153846
-0.10138707692307691
0.18712800000000002
0.43392000000000003
0.5317606153846154
0.6394061538461538
0.6001864615384616
0.4975476923076923
0.3383741538461538
0.043600615384615383
-0.18483323076923078
-0.458328
-0.6779999999999999
-0.6951064615384615
-0.6754966153846154
-0.5113163076923077
-0.2914356923076923
-0.08198584615384615
0.18170399999999998
0.38072307692307694
0.5899643076923077
0.7380812307692307
0.7472603076923077
0.6986529230769231
0.5497015384615385
0.38990215384615384
0.19463815384615382
-0.08198584615384615
-0.3235624615384615
-0.5649304615384615
-0.701364923076923
-0.7080406153846154
-0.6752879999999999
-0.540731076923077
-0.3813489230769231
-0.19818461538461538
0.03629907692307692
0.2207150769230769
0.3957433846153846
0.5359329230769231
0.5843316923076923
0.6177101538461538
0.5832886153846154
0.47063630769230763
0.2953993846153846
0.04839876923076923
-0.2056947692307692
-0.4714707692307692
-0.6782086153846154
-0.8015003076923076
-0.835296
-0.7387070769230768
-0.588504
-0.3312812307692308
0.014811692307692307
0.34963938461538463
0.6880135384615385
0.9314676923076922
1.0472492307692307
1.0480836923076924
0.899340923076923
0.672576
0.3588184615384616
-0.006258461538461538
-0.3408775384615384
-0.6483766153846154
-0.8707606153846154
-0.9965556923076923
-1.0057347692307692
-0.8642935384615384
-0.6168756923076922
-0.2845513846153846
0.08177723076923075
0.441012923076923
0.768121846153846
0.9731907692307692
1.0451630769230769
0.9857076923076923
0.7658270769230768
0.4750172307692308
0.12099692307692309
-0.26494153846153845
-0.5793249230769231
-0.8346701538461537
-0.9719390769230769
-0.9754855384615384
-0.8782707692307692
-0.6469163076923078
-0.3321156923076923
0.02044430769230769
0.3692492307692308
0.6611021538461538
0.865128
0.9642203076923076
0.9700615384615384
0.8709692307692307
0.6746621538461538
0.4120153846153846
0.09429415384615383
-0.21216184615384615
-0.46771569230769233
-0.6669433846153846
-0.7558135384615385
-0.7666615384615384
-0.6992787692307693
-0.5232073846153845
-0.29769415384615383
-0.03233538461538461
0.2238443076923077
0.43162523076923076
0.6060276923076923
0.7038683076923077
0.7163852307692308
0.6408664615384615
0.4748086153846154
0.2703655384615385
0.04380923076923077
-0.1597993846153846
-0.3193901538461538
-0.4516523076923077
-0.5225815384615384
-0.5555427692307692
-0.5244590769230769
-0.41013784615384613
-0.2716172307692308
-0.09784061538461537
0.07030338461538461
0.20319138461538463
0.33649661538461534
0.4291218461538462
0.4950443076923077
0.5167403076923076
0.4443507692307692
0.33607938461538456
0.19964492307692308
0.053614153846153846
-0.08344615384615384
-0.24032492307692307
-0.38719015384615385
-0.49921661538461537
-0.544068923076923
-0.5083956923076923
-0.4318338461538461
-0.3129230769230769
-0.1858763076923077
-0.059038153846153844
0.08115138461538463
0.1940123076923077
0.2730775384615384
0.29727692307692305
0.26723630769230766
0.21591692307692306
0.12788123076923075
0.02795446153846154
-0.06613107692307692
-0.17023015384615386
-0.25200738461538463
-0.2979027692307692
-0.2937304615384615
-0.24908676923076922
-0.1883796923076923
-0.11286092307692308
-0.03859384615384615
0.035464615384615386
0.11473846153846154
0.17711446153846155
0.21028430769230766
0.20298276923076922
0.16876984615384616
0.130176
0.073224
0.017315076923076923
-0.037342153846153844
-0.086784
-0.09700615384615385
-0.09387692307692307
-0.07113784615384615
-0.03150092307692308
-0.008344615384615384
0.028163076923076923
0.07092923076923077
0.1151556923076923
0.15667015384615385
0.16626646153846153
0.15875630769230767
0.13747753846153846
0.116616
0.103056
0.07948246153846153
0.06049846153846154
0.0448523076923077
0.03275261538461539
0.030040615384615384
0.016063384615384615
-0.0025033846153846152
-0.026285538461538457
-0.031918153846153846
-0.0006258461538461538
0.021278769230769233
0.03483876923076923
0.05048492307692308
0.062376
0.08156861538461539
0.08761846153846153
0.08323753846153846
0.07551876923076924
0.04380923076923077
0.008970461538461538
-0.011265230769230769
-0.011056615384615385
-0.0033378461538461535
0.006258461538461538
0.03108369230769231
0.06258461538461538
0.09533723076923077
0.11619876923076923
0.10326461538461539
0.06404492307692307
0.014603076923076923
-0.03504738461538461
-0.06341907692307691
-0.08198584615384615
-0.08782707692307692
-0.08761846153846153
-0.08135999999999999
-0.03859384615384615
0.021278769230769233
0.0826116923076923
0.12996738461538462
0.15833907692307692
0.1794092307692308
0.1869193846153846
0.18253846153846154
0.15604430769230768
0.09700615384615385
0.017940923076923077
-0.06592246153846154
-0.12788123076923075
-0.1704387692307692
-0.208824
-0.23239753846153846
-0.2355267692307692
-0.21091015384615383
-0.15187199999999998
-0.07468430769230769
0.006675692307692307
0.078648
0.13101046153846155
0.1710646153846154
0.19150892307692308
0.18963138461538462
0.1531236923076923
0.08344615384615384
0.005632615384615384
-0.06738276923076922
-0.12245723076923076
-0.16063384615384615
-0.17544553846153846
-0.16438892307692307
-0.12370892307692308
-0.047772923076923074
0.04756430769230769
0.13893784615384613
0.21195323076923075
0.26348123076923075
0.2943563076923077
0.31250584615384613
0.3049956923076923
0.2628553846153846
0.19338646153846153
0.10263876923076923
0.008344615384615384
-0.07551876923076924
-0.13643446153846153
-0.1802436923076923
-0.21174461538461536
-0.20047938461538461
-0.15166338461538462
-0.0771876923076923
0.007301538461538462
0.07405846153846153
0.12767261538461538
0.1612596923076923
0.17815753846153848
0.1691870769230769
0.1218313846153846
0.04652123076923077
-0.04756430769230769
-0.13247076923076923
-0.19359507692307693
-0.2292683076923077
-0.23928184615384615
-0.2209236923076923
-0.17711446153846155
-0.11140061538461538
-0.031709538461538456
0.03942830769230769
0.0961716923076923
0.132888
0.16021661538461537
0.1775316923076923
0.1858763076923077
0.18796246153846152
0.17169046153846151
0.15416676923076922
0.13810338461538463
0.12662953846153846
0.11953661538461538
0.10201292307692307
0.07134646153846153
0.03275261538461539
-0.0077187692307692304
-0.037342153846153844
-0.06592246153846154
-0.09074769230769231
-0.09679753846153846
-0.08386338461538462
-0.03838523076923077
0.029623384615384614
0.11223507692307692
0.19463815384615382
0.26118646153846153
0.31354892307692306
0.33607938461538456
0.32669169230769235
0.2722430769230769
0.1635544615384615
0.034630153846153845
-0.09283384615384616
-0.1992276923076923
-0.27975323076923075
-0.3275261538461538
-0.32231076923076923
-0.27140861538461536
-0.1666836923076923
-0.024408000000000003
0.12329169230769231
0.2561796923076923
0.3452584615384615
0.3873987692307692
0.3890676923076923
0.3385827692307692
0.24032492307692307
0.10389046153846154
-0.05090215384615384
-0.1867107692307692
-0.28476
-0.3291950769230769
-0.32189353846153845
-0.2722430769230769
-0.18107815384615383
-0.061750153846153844
0.073224
0.20256553846153844
0.2912270769230769
0.3246055384615385
0.31041969230769234
0.2588916923076923
0.18316430769230768
0.08845292307692308
-0.01272553846153846
-0.11578153846153846
-0.19588984615384614
-0.23198030769230768
-0.23782153846153845
-0.21466523076923077
-0.18379015384615385
-0.14853415384615384
-0.10785415384615385
-0.07009476923076922
-0.03066646153846154
0.002086153846153846
0.021278769230769233
0.029414769230769227
0.04047138461538462
0.04944184615384615
0.053614153846153846
0.05048492307692308
0.027745846153846152
-0.0004172307692307692
-0.02858030769230769
-0.05382276923076923
-0.07781353846153846
-0.10952307692307692
-0.13184492307692308
-0.14457046153846154
-0.14331876923076922
-0.1218313846153846
-0.09533723076923077
-0.06633969230769231
-0.03483876923076923
0.0022947692307692304
0.052153846153846155
0.09971815384615385
0.12850707692307692
0.13226215384615383
0.10472492307692308
0.07051199999999999
0.03108369230769231
-0.0070929230769230765
-0.03233538461538461
-0.06258461538461538
-0.07426707692307692
-0.06404492307692307
-0.031709538461538456
0.0002086153846153846
0.009596307692307692
0.009804923076923077
0.004589538461538461
0.004589538461538461
-0.007510153846153846
-0.029623384615384614
-0.06341907692307691
-0.10159569230769232
-0.11995384615384615
-0.11891076923076922
-0.10138707692307691
-0.07593599999999999
-0.04672984615384615
-0.01272553846153846
0.028371692307692306
0.07426707692307692
0.12204
0.13664307692307692
0.11223507692307692
0.07134646153846153
0.017523692307692306
-0.033169846153846154
-0.08615815384615384
-0.12120553846153845
-0.12266584615384615
-0.11056615384615384
-0.06654830769230768
-0.004798153846153846
0.02545107692307692
0.05298830769230769
0.08135999999999999
0.11619876923076923
0.1696043076923077
0.20110523076923076
0.21716861538461538
0.2374043076923077
0.26681907692307694
0.31250584615384613
0.3087507692307692
0.19964492307692308
0.06717415384615384
-0.08115138461538463
-0.14936861538461538
-0.19881046153846152
-0.29581661538461534
-0.30562153846153844
-0.32543999999999995
-0.21153599999999997
-0.04422646153846154
0.08720123076923077
0.22655630769230767
0.22843384615384613
0.28121353846153846
0.2734947692307692
0.18921415384615384
0.103056
-0.11703323076923078
-0.2753723076923077
-0.4174393846153846
-0.49337538461538455
-0.4245323076923077
-0.3588184615384616
-0.1718990769230769
0.04172307692307692
0.21779446153846155
0.42995630769230764
0.5390621538461537
0.5989347692307692
0.5626356923076923
0.3686233846153846
0.1858763076923077
-0.032544
-0.17961784615384613
-0.235944
-0.3072904615384615
-0.2912270769230769
-0.2453316923076923
-0.12955015384615384
0.042348923076923076
0.1422756923076923
0.20819815384615384
0.20778092307692309
0.16584923076923075
0.1476996923076923
0.0771876923076923
-0.012099692307692308
-0.11014892307692307
-0.20423446153846153
-0.2154996923076923
-0.21070153846153844
-0.18086953846153844
-0.12266584615384615
-0.07259815384615384
0.010222153846153844
0.06362769230769232
0.08344615384615384
0.08010830769230769
-0.01043076923076923
-0.11140061538461538
-0.20861538461538462
-0.2849686153846154
-0.29227015384615385
-0.268488
-0.17899199999999998
-0.06049846153846154
0.06905169230769231
0.21883753846153844
0.3133403076923077
0.36945784615384614
0.35318584615384613
0.26911384615384615
0.17732307692307692
0.042974769230769226
-0.08907876923076924
-0.21925476923076925
-0.32564861538461537
-0.34275507692307694
-0.31041969230769234
-0.20924123076923076
-0.08031692307692308
0.047772923076923074
0.20173107692307693
0.3304467692307692
0.4291218461538462
0.44810584615384613
0.37613353846153846
0.25847446153846154
0.10889723076923077
-0.03859384615384615
-0.17398523076923075
-0.2799618461538461
-0.3285692307692308
-0.3143833846153846
-0.2399076923076923
-0.10868861538461538
0.031709538461538456
0.1718990769230769
0.279336
0.3202246153846154
0.33357600000000004
0.30583015384615386
0.254928
0.18337292307692307
0.09012184615384615
0.012308307692307691
-0.047981538461538464
-0.06946892307692307
-0.058829538461538454
-0.035464615384615386
-0.009596307692307692
0.009804923076923077
0.040262769230769234
0.08240307692307691
0.09804923076923076
0.0826116923076923
0.04860738461538461
0.00855323076923077
-0.0029206153846153843
0.006258461538461538
0.040679999999999994
0.06884307692307692
0.09304246153846155
0.16292861538461537
0.2411593846153846
0.3077076923076923
0.33357600000000004
0.2997803076923077
0.23782153846153845
0.14311015384615386
0.035464615384615386
-0.06884307692307692
-0.1785747692307692
-0.252216
-0.2791273846153846
-0.2563883076923077
-0.16438892307692307
-0.044435076923076924
0.08824430769230769
0.21633415384615384
0.2914356923076923
0.3304467692307692
0.3156350769230769
0.24637476923076923
0.130176
-0.03838523076923077
-0.19150892307692308
-0.3156350769230769
-0.37926276923076924
-0.3698750769230769
-0.3243969230769231
-0.2303113846153846
-0.10660246153846153
0.033169846153846154
0.16981292307692308
0.25993476923076925
0.2981113846153846
0.290184
0.23907323076923076
0.165432
0.07134646153846153
-0.035464615384615386
-0.12975876923076923
-0.19693292307692306
-0.2154996923076923
-0.18775384615384613
-0.127464
-0.04756430769230769
0.04380923076923077
0.14018953846153845
0.2073636923076923
0.23093723076923076
0.21800307692307694
0.1693956923076923
0.09658892307692307
0.011473846153846154
-0.06863446153846153
-0.12016246153846154
-0.1397723076923077
-0.11724184615384614
-0.06300184615384616
-0.0006258461538461538
0.07426707692307692
0.13622584615384614
0.16626646153846153
0.15520984615384617
0.09179076923076923
0.017940923076923077
-0.05653476923076922
-0.12496061538461539
-0.16292861538461537
-0.1666836923076923
-0.11432123076923076
-0.013768615384615384
0.11306953846153844
0.23928184615384615
0.3310726153846154
0.3767593846153846
0.37655076923076924
0.3275261538461538
0.21883753846153844
0.059038153846153844
-0.10910584615384614
-0.2568055384615385
-0.3686233846153846
-0.4287046153846154
-0.4355889230769231
-0.3748818461538461
-0.2509643076923077
-0.08177723076923075
0.10263876923076923
0.2620209230769231
0.3782196923076923
0.4349630769230769
0.43287692307692305
0.36215630769230767
0.21341353846153846
0.017940923076923077
-0.18399876923076922
-0.36445107692307693
-0.4873255384615384
-0.5303003076923076
-0.4946270769230769
-0.3886504615384615
-0.23093723076923076
-0.040054153846153843
0.1558356923076923
0.3323243076923077
0.46291753846153844
0.5156972307692308
0.48982892307692305
0.3913624615384615
0.24282830769230768
0.07572738461538461
-0.09700615384615385
-0.25012984615384615
-0.36257353846153845
-0.40888615384615384
-0.3863556923076923
-0.31125415384615385
-0.20193969230769232
-0.08636676923076922
0.02753723076923077
0.12308307692307692
0.19964492307692308
0.23656984615384613
0.2261390769230769
0.18504184615384617
0.124752
0.06884307692307692
0.011891076923076923
-0.035464615384615386
-0.08156861538461539
-0.124752
-0.14811692307692306
-0.16251138461538459
-0.1693956923076923
-0.17982646153846152
-0.17961784615384613
-0.16334584615384617
-0.12287446153846153
-0.04902461538461538
0.035464615384615386
0.12120553846153845
0.19526400000000002
0.2574313846153846
0.31667815384615383
0.3548547692307692
0.3506824615384615
0.2966510769230769
0.19985353846153847
0.07843938461538462
-0.04693846153846153
-0.154584
-0.23886461538461537
-0.28893230769230765
-0.2947735384615384
-0.25346769230769234
-0.1635544615384615
-0.04526953846153846
0.07510153846153846
0.17377661538461536
0.24199384615384617
0.27620676923076926
0.2647329230769231
0.19672430769230767
0.07948246153846153
-0.056951999999999996
-0.18754523076923074
-0.2891409230769231
-0.3379569230769231
-0.3350363076923077
-0.28851507692307693
-0.21007569230769232
-0.10848000000000001
0.016063384615384615
0.13101046153846155
0.21779446153846155
0.2540935384615385
0.23969907692307693
0.19797599999999999
0.12955015384615384
0.04985907692307692
-0.04276615384615385
-0.12767261538461538
-0.17628
-0.1856676923076923
-0.15249784615384615
-0.10096984615384616
-0.049233230769230765
-0.0004172307692307692
0.03692492307692308
0.07405846153846153
0.09867507692307692
0.08490646153846154
0.04631261538461538
-0.006884307692307692
-0.05862092307692307
-0.0988836923076923
-0.13330523076923076
-0.13998092307692306
-0.1314276923076923
-0.11452984615384615
-0.07927384615384615
-0.03400430769230769
0.01940123076923077
0.05319692307692307
0.07656184615384615
0.08636676923076922
0.08094276923076923
0.07906523076923076
0.05528307692307692
0.014185846153846153
-0.030875076923076922
-0.06571384615384615
-0.06717415384615384
-0.043600615384615383
-0.006049846153846154
0.03567323076923076
0.06821723076923077
0.10535076923076922
0.14811692307692306
0.17502830769230768
0.17628
0.143736
0.09283384615384616
0.032544
-0.028371692307692306
-0.08156861538461539
-0.14123261538461537
-0.1923433846153846
-0.21654276923076923
-0.20047938461538461
-0.13914646153846155
-0.06070707692307692
0.016897846153846156
0.09137353846153846
0.14582215384615385
0.1860849230769231
0.21028430769230766
0.20047938461538461
0.16063384615384615
0.09471138461538461
0.027328615384615382
-0.026285538461538457
-0.058829538461538454
-0.07301538461538462
-0.07092923076923077
-0.05048492307692308
-0.014185846153846153
0.0446436923076923
0.09784061538461537
0.14123261538461537
0.16167692307692308
0.15416676923076922
0.14540492307692307
0.13205353846153844
0.11140061538461538
0.07238953846153846
0.016272
-0.03379569230769231
-0.061750153846153844
-0.06487938461538462
-0.05194523076923077
-0.03609046153846154
-0.02211323076923077
-0.013560000000000001
-0.0043809230769230765
0.0029206153846153843
-0.004172307692307692
-0.02023569230769231
-0.034630153846153845
-0.03358707692307692
-0.017315076923076923
0.01981846153846154
0.06633969230769231
0.11640738461538462
0.1704387692307692
0.2125790769230769
0.2557624615384615
0.2764153846153846
0.2526332307692308
0.19588984615384614
0.111192
0.028163076923076923
-0.032544
-0.06946892307692307
-0.08636676923076922
-0.08949599999999999
-0.06258461538461538
-0.006049846153846154
0.06592246153846154
0.1356
0.17398523076923075
0.18128676923076922
0.16730953846153845
0.1341396923076923
0.08115138461538463
0.005632615384615384
-0.08323753846153846
-0.1639716923076923
-0.22572184615384616
-0.2572227692307692
-0.2618123076923077
-0.24345415384615382
-0.19317784615384614
-0.12266584615384615
-0.028788923076923077
0.06383630769230769
0.143736
0.21111876923076925
0.23949046153846154
0.2355267692307692
0.20277415384615383
0.14936861538461538
0.09137353846153846
0.033169846153846154
-0.017732307692307693
-0.051319384615384614
-0.06362769230769232
-0.04756430769230769
-0.021070153846153846
0.01043076923076923
0.04193169230769231
0.04819015384615385
0.03212676923076923
-0.024408000000000003
-0.10681107692307691
-0.21007569230769232
-0.26076923076923075
-0.21487384615384614
-0.11974523076923077
0.04422646153846154
0.20798953846153845
0.38719015384615385
0.5682683076923077
0.6900996923076923
0.743088
0.6442043076923077
0.45373846153846153
0.2275993846153846
-0.011056615384615385
-0.249504
-0.466464
-0.6127033846153845
-0.6848843076923077
-0.6158326153846154
-0.43392000000000003
-0.19547261538461536
0.05924676923076923
0.2849686153846154
0.46771569230769233
0.5649304615384615
0.5553341538461538
0.4351716923076923
0.2453316923076923
-0.021696
-0.31229723076923077
-0.5499101538461538
-0.7130473846153846
-0.7316141538461538
-0.6433698461538462
-0.4622916923076923
-0.2125790769230769
0.03045784615384615
0.2701569230769231
0.4518609230769231
0.5159058461538462
0.4704276923076923
0.336288
0.17377661538461536
0.028163076923076923
-0.1097316923076923
-0.22634769230769228
-0.31396615384615384
-0.3442153846153846
-0.30708184615384615
-0.23469230769230767
-0.13059323076923077
-0.028788923076923077
0.08448923076923077
0.20381723076923075
0.2774584615384615
0.31834707692307695
0.28663753846153844
0.20027076923076922
0.10660246153846153
-0.004798153846153846
-0.08845292307692308
-0.14102399999999998
-0.16063384615384615
-0.12767261538461538
-0.073224
-0.018775384615384614
0.018983999999999997
0.03692492307692308
0.030040615384615384
-0.020652923076923076
-0.092208
-0.15687876923076924
-0.18337292307692307
-0.16021661538461537
-0.11327815384615383
-0.02753723076923077
0.06821723076923077
0.15395815384615386
0.23218892307692307
0.2509643076923077
0.22280123076923075
0.17565415384615385
0.12308307692307692
0.08156861538461539
0.03233538461538461
-0.014185846153846153
-0.03129230769230769
-0.016272
0.026702769230769228
0.06028984615384615
0.08365476923076923
0.12162276923076921
0.1652233846153846
0.20965846153846154
0.22634769230769228
0.21758584615384616
0.19714153846153845
0.1476996923076923
0.08991323076923076
0.027120000000000002
-0.051319384615384614
-0.11578153846153846
-0.16063384615384615
-0.17315076923076922
-0.13789476923076924
-0.0826116923076923
-0.006884307692307692
0.07823076923076923
0.14018953846153845
0.16042523076923076
0.12704676923076924
0.05653476923076922
-0.02858030769230769
-0.12433476923076923
-0.2207150769230769
-0.2883064615384615
-0.3137575384615385
-0.29685969230769227
-0.23469230769230767
-0.13852061538461538
-0.03400430769230769
0.06759138461538462
0.16605784615384614
0.2374043076923077
0.27140861538461536
0.2453316923076923
0.17148184615384612
0.09533723076923077
0.005215384615384615
-0.084072
-0.16334584615384617
-0.22154953846153846
-0.2290596923076923
-0.1942209230769231
-0.11849353846153846
-0.02899753846153846
0.06633969230769231
0.17002153846153847
0.2540935384615385
0.3160523076923077
0.32210215384615387
0.27787569230769227
0.19964492307692308
0.08219446153846154
-0.031918153846153846
-0.1424843076923077
-0.25138153846153843
-0.3143833846153846
-0.3383741538461538
-0.3179298461538461
-0.23469230769230767
-0.12955015384615384
0.003963692307692307
0.14394461538461537
0.25471938461538457
0.3410861538461538
0.3782196923076923
0.37300430769230764
0.3269003076923077
0.23385784615384617
0.12016246153846154
0.007927384615384614
-0.08782707692307692
-0.168144
-0.23114584615384615
-0.2641070769230769
-0.2789187692307692
-0.2659846153846154
-0.22029784615384615
-0.17315076923076922
-0.11286092307692308
-0.040262769230769234
0.02858030769230769
0.10493353846153847
0.15792184615384616
0.18232984615384615
0.1940123076923077
0.17815753846153848
0.16021661538461537
0.14164984615384615
0.0963803076923077
0.03629907692307692
-0.03212676923076923
-0.092208
-0.12955015384615384
-0.1502030769230769
-0.15208061538461537
-0.13998092307692306
-0.11244369230769231
-0.06195876923076923
0.006675692307692307
0.08115138461538463
0.15959076923076923
0.23198030769230768
0.2818393846153846
0.2997803076923077
0.2855944615384615
0.24303692307692307
0.16689230769230767
0.065088
-0.045060923076923075
-0.14060676923076923
-0.2073636923076923
-0.24449723076923074
-0.2497126153846154
-0.2275993846153846
-0.17315076923076922
-0.08949599999999999
0.011056615384615385
0.11327815384615383
0.1846246153846154
0.22113230769230768
0.22864246153846152
0.20965846153846154
0.16459753846153846
0.08636676923076922
-0.014394461538461538
-0.11348676923076922
-0.18107815384615383
-0.20673784615384616
-0.19839323076923077
-0.15813046153846153
-0.09012184615384615
-0.0029206153846153843
0.103056
0.21320492307692307
0.2951907692307692
0.3344104615384615
0.31626092307692305
0.24887815384615386
0.1656406153846154
0.08156861538461539
-0.003755076923076923
-0.08219446153846154
-0.14957723076923077
-0.19505538461538463
-0.1927606153846154
-0.15291507692307693
-0.09158215384615384
-0.018983999999999997
0.03755076923076923
0.08636676923076922
0.12287446153846153
0.1314276923076923
0.111192
0.05757784615384615
-0.008136
-0.07092923076923077
-0.12350030769230769
-0.1666836923076923
-0.20486030769230767
-0.22342707692307692
-0.21341353846153846
-0.17732307692307692
-0.11348676923076922
-0.040054153846153843
0.023990769230769232
0.07760492307692309
0.11807630769230769
0.14164984615384615
0.14206707692307693
0.11265230769230769
0.05507446153846154
-0.01981846153846154
-0.08761846153846153
-0.13372246153846154
-0.16793538461538463
-0.18212123076923076
-0.1785747692307692
-0.15228923076923076
-0.0936683076923077
-0.017315076923076923
0.06821723076923077
0.143736
0.19588984615384614
0.2355267692307692
0.2605606153846154
0.2605606153846154
0.23886461538461537
0.18483323076923078
0.11807630769230769
0.04214030769230769
-0.02524246153846154
-0.06633969230769231
-0.10117846153846152
-0.10597661538461538
-0.08991323076923076
-0.04193169230769231
0.03504738461538461
0.10931446153846153
0.1792006153846154
0.22822523076923076
0.2532590769230769
0.25513661538461535
0.24011630769230768
0.200688
0.13372246153846154
0.04631261538461538
-0.04214030769230769
-0.111192
-0.16292861538461537
-0.19442953846153843
-0.21111876923076925
-0.20339999999999997
-0.16438892307692307
-0.10868861538461538
-0.04672984615384615
0.003963692307692307
0.03901107692307692
0.06300184615384616
0.07802215384615384
0.0855323076923077
0.07009476923076922
0.032544
-0.014394461538461538
-0.05570030769230769
-0.07405846153846153
-0.07948246153846153
-0.06967753846153846
-0.0448523076923077
-0.016897846153846156
0.016272
0.048816000000000005
0.07781353846153846
0.09450276923076922
0.09325107692307691
0.08761846153846153
0.07697907692307693
0.06905169230769231
0.06070707692307692
0.04693846153846153
0.04380923076923077
0.04985907692307692
0.07009476923076922
0.09700615384615385
0.11077476923076923
0.1045163076923077
0.07343261538461537
0.03442153846153846
0.0014603076923076922
-0.03024923076923077
-0.06154153846153846
-0.08699261538461538
-0.100344
-0.08991323076923076
-0.050067692307692306
0.0016689230769230767
0.045895384615384616
0.07092923076923077
0.0853236923076923
0.09241661538461539
0.09179076923076923
0.0826116923076923
0.04693846153846153
-0.0014603076923076922
-0.04965046153846154
-0.08073415384615384
-0.08740984615384616
-0.08219446153846154
-0.05778646153846154
-0.031709538461538456
-0.0025033846153846152
0.03755076923076923
0.07656184615384615
0.10827138461538462
0.11953661538461538
0.10389046153846154
0.08031692307692308
0.05277969230769231
0.012934153846153845
-0.030040615384615384
-0.07197230769230768
-0.09429415384615383
-0.08720123076923077
-0.05945538461538461
-0.02357353846153846
0.007510153846153846
0.035464615384615386
0.056326153846153845
0.06842584615384616
0.06404492307692307
0.03066646153846154
-0.022530461538461537
-0.0826116923076923
-0.1314276923076923
-0.15687876923076924
-0.16042523076923076
-0.14123261538461537
-0.10222153846153846
-0.04860738461538461
0.020652923076923076
0.09554584615384615
0.15124615384615384
0.1783661538461538
0.1712732307692308
0.1368516923076923
0.08991323076923076
0.04088861538461538
-0.008761846153846153
-0.05570030769230769
-0.09408553846153846
-0.12725538461538463
-0.13747753846153846
-0.12120553846153845
-0.0974233846153846
-0.06404492307692307
-0.023782153846153845
0.019192615384615384
0.06425353846153846
0.10055261538461538
0.12496061538461539
0.12412615384615384
0.10159569230769232
0.07510153846153846
0.03671630769230769
-0.006258461538461538
-0.05277969230769231
-0.09533723076923077
-0.1151556923076923
-0.10326461538461539
-0.065088
-0.015020307692307692
0.03358707692307692
0.07614461538461538
0.1205796923076923
0.1395636923076923
0.13935507692307691
0.12037107692307693
0.08386338461538462
0.06195876923076923
0.043392
0.040262769230769234
0.033169846153846154
0.014811692307692307
-0.002086153846153846
-0.02023569230769231
-0.024616615384615383
-0.03108369230769231
-0.03650769230769231
-0.040262769230769234
-0.04526953846153846
-0.042348923076923076
-0.031709538461538456
-0.013142769230769229
-0.0006258461538461538
0.0022947692307692304
0.0006258461538461538
0.0043809230769230765
0.014185846153846153
0.026702769230769228
0.030875076923076922
0.03045784615384615
0.028788923076923077
0.02586830769230769
0.022530461538461537
-0.007927384615384614
-0.041514461538461535
-0.08115138461538463
-0.09784061538461537
-0.1045163076923077
-0.09074769230769231
-0.05444861538461539
-0.008136
0.07906523076923076
0.1775316923076923
0.37613353846153846
0.41994276923076923
0.3873987692307692
0.3903193846153846
0.2822566153846154
0.2707827692307692
0.12141415384615384
-0.08323753846153846
-0.27286892307692306
-0.47918953846153844
-0.47313969230769226
-0.46354338461538463
-0.3957433846153846
-0.3102110769230769
-0.20944984615384615
0.05799507692307692
0.28204799999999997
0.5144455384615384
0.6327304615384615
0.5707716923076922
0.5054750769230769
0.33482769230769227
0.17461107692307692
0.0077187692307692304
-0.24324553846153843
-0.3805144615384615
-0.523416
-0.5818283076923076
-0.4508178461538461
-0.32669169230769235
-0.11911938461538461
0.051528
0.17148184615384612
0.3379569230769231
0.4322510769230769
0.5392707692307692
0.5757784615384615
0.47689476923076923
0.3419206153846154
0.17523692307692307
0.06571384615384615
-0.04819015384615385
-0.2207150769230769
-0.35464615384615383
-0.46896738461538456
-0.4681329230769231
-0.37363015384615383
-0.29331323076923077
-0.17815753846153848
-0.07781353846153846
0.03671630769230769
0.1994363076923077
0.29727692307692305
0.360696
0.37363015384615383
0.31751261538461534
0.2989458461538462
0.24679199999999998
0.1612596923076923
0.05403138461538461
-0.09137353846153846
-0.2090326153846154
-0.30562153846153844
-0.35276861538461535
-0.3550633846153846
-0.30979384615384614
-0.21049292307692305
-0.11348676923076922
0.040679999999999994
0.23198030769230768
0.3652855384615385
0.4746
0.5002596923076923
0.466464
0.41326707692307696
0.2858030769230769
0.1489513846153846
-0.03358707692307692
-0.2225926153846154
-0.3342018461538461
-0.40200184615384615
-0.40450523076923073
-0.37237846153846155
-0.30583015384615386
-0.1666836923076923
0.0035464615384615383
0.1656406153846154
0.27620676923076926
0.33482769230769227
0.3671630769230769
0.33962584615384617
0.27453784615384613
0.17711446153846155
0.030875076923076922
-0.07969107692307692
-0.17586276923076924
-0.23782153846153845
-0.22029784615384615
-0.19839323076923077
-0.1356
-0.06467076923076923
-0.009179076923076922
0.084072
0.1612596923076923
0.21487384615384614
0.22300984615384614
0.1783661538461538
0.11640738461538462
0.03755076923076923
-0.026911384615384615
-0.08991323076923076
-0.154584
-0.19755876923076923
-0.2238443076923077
-0.1940123076923077
-0.13455692307692307
-0.08615815384615384
-0.028788923076923077
0.0029206153846153843
0.024616615384615383
0.06675692307692307
0.08594953846153845
0.07927384615384615
0.03609046153846154
-0.024616615384615383
-0.045895384615384616
-0.053405538461538456
-0.052153846153846155
-0.04276615384615385
-0.040262769230769234
-0.014185846153846153
0.033169846153846154
0.09450276923076922
0.15667015384615385
0.18754523076923074
0.19296923076923078
0.1704387692307692
0.14185846153846154
0.12829846153846153
0.09450276923076922
0.07218092307692307
0.040054153846153843
-0.002712
-0.011891076923076923
-0.021904615384615383
0.0
0.023990769230769232
0.020652923076923076
0.03483876923076923
0.043392
0.06070707692307692
0.07218092307692307
0.04631261538461538
0.01397723076923077
-0.03692492307692308
-0.07677046153846154
-0.09909230769230769
-0.13267938461538462
-0.14811692307692306
-0.16063384615384615
-0.14686523076923075
-0.10013538461538461
-0.05924676923076923
-0.004589538461538461
0.03421292307692308
0.062376
0.09241661538461539
0.09429415384615383
0.09241661538461539
0.08636676923076922
0.06467076923076923
0.03609046153846154
-0.001043076923076923
-0.029206153846153847
-0.03629907692307692
-0.04172307692307692
-0.03942830769230769
-0.037967999999999995
-0.04318338461538461
-0.04214030769230769
-0.03880246153846154
-0.021487384615384613
-0.018775384615384614
-0.02482523076923077
-0.01814953846153846
-0.006467076923076923
0.020652923076923076
0.029206153846153847
0.029832
0.04547815384615384
0.046104
0.03755076923076923
0.019609846153846155
-0.015437538461538461
-0.04631261538461538
-0.07197230769230768
-0.0853236923076923
-0.08511507692307693
-0.07343261538461537
-0.037342153846153844
0.009179076923076922
0.065088
0.1178676923076923
0.15082892307692305
0.16793538461538463
0.16334584615384617
0.14999446153846155
0.12245723076923076
0.07593599999999999
0.03045784615384615
-0.011473846153846154
-0.03984553846153846
-0.06362769230769232
-0.09095630769230768
-0.09429415384615383
-0.07238953846153846
-0.03379569230769231
0.02273907692307692
0.06759138461538462
0.09491999999999999
0.1028473846153846
0.09116492307692307
0.08115138461538463
0.05277969230769231
0.011891076923076923
-0.03483876923076923
-0.08636676923076922
-0.11745046153846153
-0.1205796923076923
-0.08594953846153845
-0.029832
0.024616615384615383
0.08094276923076923
0.13080184615384613
0.17002153846153847
0.19463815384615382
0.1869193846153846
0.15520984615384617
0.10076123076923077
0.026285538461538457
-0.03713353846153846
-0.08636676923076922
-0.116616
-0.13038461538461538
-0.12579507692307693
-0.09241661538461539
-0.04902461538461538
-0.0012516923076923076
0.03942830769230769
0.06529661538461538
0.07259815384615384
0.062376
0.038176615384615385
-0.01043076923076923
-0.07489292307692308
-0.1353913846153846
-0.17502830769230768
-0.1881710769230769
-0.1760713846153846
-0.14457046153846154
-0.09429415384615383
-0.03629907692307692
0.024199384615384616
0.084072
0.12120553846153845
0.13893784615384613
0.13455692307692307
0.10806276923076923
0.0771876923076923
0.053614153846153846
0.04088861538461538
0.03400430769230769
0.03609046153846154
0.04652123076923077
0.06759138461538462
0.10138707692307691
0.1316363076923077
0.15959076923076923
0.18399876923076922
0.19317784615384614
0.19192615384615386
0.17002153846153847
0.13810338461538463
0.09241661538461539
0.03212676923076923
-0.008136
-0.04214030769230769
-0.05799507692307692
-0.05674338461538461
-0.052571076923076915
-0.027120000000000002
0.011682461538461537
0.06028984615384615
0.10430769230769231
0.12913292307692306
0.14164984615384615
0.13747753846153846
0.12120553846153845
0.09241661538461539
0.03233538461538461
-0.043600615384615383
-0.12955015384615384
-0.20339999999999997
-0.24428861538461538
-0.2624381538461539
-0.25117292307692307
-0.21132738461538458
-0.1353913846153846
-0.031918153846153846
0.08469784615384615
0.1927606153846154
0.25847446153846154
0.2814221538461538
0.26306399999999996
0.20861538461538462
0.12496061538461539
0.019609846153846155
-0.08845292307692308
-0.18921415384615384
-0.2618123076923077
-0.29414769230769233
-0.28017046153846153
-0.23072861538461537
-0.15959076923076923
-0.06362769230769232
0.03942830769230769
0.13789476923076924
0.21612553846153845
0.25367630769230765
0.24908676923076922
0.20527753846153846
0.14728246153846153
0.08740984615384616
0.018775384615384614
-0.04860738461538461
-0.10952307692307692
-0.14582215384615385
-0.14060676923076923
-0.10618523076923077
-0.056951999999999996
-0.015437538461538461
0.022947692307692308
0.07030338461538461
0.11473846153846154
0.15208061538461537
0.1612596923076923
0.1356
0.0936683076923077
0.05194523076923077
0.023364923076923075
0.004589538461538461
-0.01272553846153846
-0.03421292307692308
-0.0448523076923077
-0.04714707692307692
-0.03880246153846154
-0.03337846153846154
-0.045895384615384616
-0.06884307692307692
-0.0855323076923077
-0.06967753846153846
-0.040054153846153843
-0.004798153846153846
0.022947692307692308
0.051319384615384614
0.09053907692307692
0.12662953846153846
0.14936861538461538
0.1397723076923077
0.09554584615384615
0.03421292307692308
-0.021070153846153846
-0.06195876923076923
-0.07906523076923076
-0.09012184615384615
-0.0988836923076923
-0.09095630769230768
-0.07134646153846153
-0.028788923076923077
0.008970461538461538
0.026494153846153844
0.04547815384615384
0.06195876923076923
0.07927384615384615
0.08720123076923077
0.07468430769230769
0.03650769230769231
-0.01814953846153846
-0.06592246153846154
-0.10535076923076922
-0.119328
-0.12558646153846154
-0.1358086153846154
-0.12224861538461537
-0.08949599999999999
-0.03609046153846154
0.021904615384615383
0.05799507692307692
0.07113784615384615
0.05778646153846154
0.04088861538461538
0.02545107692307692
-0.007301538461538462
-0.05611753846153846
-0.11140061538461538
-0.1504116923076923
-0.15896492307692306
-0.13330523076923076
-0.09012184615384615
-0.04526953846153846
0.0035464615384615383
0.06154153846153846
0.12955015384615384
0.1940123076923077
0.2355267692307692
0.2371956923076923
0.21007569230769232
0.1696043076923077
0.1207883076923077
0.07030338461538461
0.016063384615384615
-0.03442153846153846
-0.0678
-0.07927384615384615
-0.06571384615384615
-0.0448523076923077
-0.018983999999999997
0.017315076923076923
0.05173661538461538
0.0974233846153846
0.143736
0.1777403076923077
0.1927606153846154
0.18942276923076923
0.17899199999999998
0.15562707692307692
0.12496061538461539
0.07238953846153846
0.005841230769230769
-0.05298830769230769
-0.0897046153846154
-0.08761846153846153
-0.05862092307692307
-0.021696
0.02586830769230769
0.07551876923076924
0.11578153846153846
0.15792184615384616
0.17023015384615386
0.14916
0.12913292307692306
0.10138707692307691
0.07802215384615384
0.06404492307692307
0.04214030769230769
0.11306953846153844
0.13101046153846155
0.06633969230769231
0.08636676923076922
0.034630153846153845
0.03442153846153846
0.008761846153846153
-0.09533723076923077
-0.14457046153846154
-0.23364923076923078
-0.17023015384615386
-0.07697907692307693
-0.016272
0.06863446153846153
0.08448923076923077
0.20465169230769228
0.2837169230769231
0.31396615384615384
0.3079163076923077
0.1356
0.029832
-0.08073415384615384
-0.18066092307692305
-0.18504184615384617
-0.25471938461538457
-0.21737723076923077
-0.15792184615384616
-0.13601723076923075
0.010848
0.08949599999999999
0.1787833846153846
0.26869661538461537
0.252216
0.25388492307692306
0.17398523076923075
0.10952307692307692
0.09095630769230768
-0.0070929230769230765
-0.08887015384615385
-0.17982646153846152
-0.23072861538461537
-0.2125790769230769
-0.23886461538461537
-0.22029784615384615
-0.1977673846153846
-0.17023015384615386
-0.07197230769230768
-0.032544
0.003129230769230769
0.02482523076923077
-0.007301538461538462
0.012516923076923077
0.006258461538461538
-0.011891076923076923
-0.003129230769230769
-0.029623384615384614
-0.003129230769230769
0.028788923076923077
0.027120000000000002
0.025659692307692307
-0.029206153846153847
-0.08699261538461538
-0.16167692307692308
-0.23969907692307693
-0.2730775384615384
-0.2776670769230769
-0.21111876923076925
-0.1462393846153846
-0.07468430769230769
0.04672984615384615
0.12725538461538463
0.21320492307692307
0.2601433846153846
0.23156307692307693
0.19380369230769232
0.10889723076923077
0.03588184615384615
-0.030040615384615384
-0.12350030769230769
-0.16292861538461537
-0.1802436923076923
-0.16730953846153845
-0.12454338461538461
-0.0853236923076923
0.008970461538461538
0.11035753846153845
0.19213476923076922
0.2509643076923077
0.2709913846153846
0.309168
0.3152178461538461
0.2751636923076923
0.22342707692307692
0.12016246153846154
0.04401784615384615
-0.016480615384615385
-0.08907876923076924
-0.09137353846153846
-0.08344615384615384
-0.04714707692307692
0.027328615384615382
0.07009476923076922
0.12683815384615382
0.17377661538461536
0.19818461538461538
0.21842030769230766
0.19609846153846153
0.15896492307692306
0.09992676923076924
0.04193169230769231
0.014185846153846153
-0.015854769230769228
-0.021278769230769233
-0.04047138461538462
-0.06362769230769232
-0.06028984615384615
-0.07051199999999999
-0.05924676923076923
-0.05570030769230769
-0.07134646153846153
-0.05444861538461539
-0.030875076923076922
-0.0002086153846153846
0.029623384615384614
0.04172307692307692
0.07843938461538462
0.12245723076923076
0.15833907692307692
0.19192615384615386
0.1846246153846154
0.15917353846153848
0.11432123076923076
0.051319384615384614
0.0022947692307692304
-0.05528307692307692
-0.0974233846153846
-0.13622584615384614
-0.16897846153846155
-0.15249784615384615
-0.12287446153846153
-0.06529661538461538
0.0035464615384615383
0.037967999999999995
0.07259815384615384
0.09700615384615385
0.11703323076923078
0.14206707692307693
0.11014892307692307
0.04714707692307692
-0.013560000000000001
-0.06571384615384615
-0.0853236923076923
-0.10389046153846154
-0.11703323076923078
-0.12662953846153846
-0.12537784615384615
-0.08740984615384616
-0.051528
-0.01272553846153846
0.009387692307692307
0.0035464615384615383
0.0012516923076923076
-0.010013538461538461
-0.02023569230769231
-0.034630153846153845
-0.062376
-0.07927384615384615
-0.08636676923076922
-0.07614461538461538
-0.04422646153846154
-0.015228923076923076
0.0029206153846153843
0.0043809230769230765
0.009596307692307692
0.028788923076923077
0.03233538461538461
0.012308307692307691
-0.03755076923076923
-0.08490646153846154
-0.1178676923076923
-0.12975876923076923
-0.10576799999999999
-0.0828203076923077
-0.04902461538461538
0.004589538461538461
0.06675692307692307
0.13747753846153846
0.17481969230769231
0.1760713846153846
0.15625292307692307
0.11098338461538461
0.05924676923076923
0.010848
-0.04693846153846153
-0.10806276923076923
-0.1585476923076923
-0.1867107692307692
-0.1706473846153846
-0.12621230769230768
-0.06571384615384615
-0.0035464615384615383
0.05486584615384615
0.12224861538461537
0.17690584615384616
0.21696000000000001
0.22551323076923077
0.19797599999999999
0.14811692307692306
0.07614461538461538
0.008344615384615384
-0.06154153846153846
-0.13038461538461538
-0.1856676923076923
-0.22134092307692307
-0.21195323076923075
-0.1656406153846154
-0.09825784615384614
-0.02211323076923077
0.05507446153846154
0.13393107692307693
0.20965846153846154
0.26619323076923074
0.2970683076923077
0.2997803076923077
0.2705741538461538
0.22029784615384615
0.1635544615384615
0.10848000000000001
0.041514461538461535
-0.025033846153846153
-0.07197230769230768
-0.10055261538461538
-0.10889723076923077
-0.10222153846153846
-0.07697907692307693
-0.031709538461538456
0.03024923076923077
0.11014892307692307
0.18483323076923078
0.23281476923076924
0.25305046153846156
0.24762646153846155
0.22447015384615385
0.1792006153846154
0.11327815384615383
0.035464615384615386
-0.04944184615384615
-0.12496061538461539
-0.18170399999999998
-0.21591692307692306
-0.22780799999999998
-0.22447015384615385
-0.18921415384615384
-0.12642092307692307
-0.05319692307692307
0.031709538461538456
0.11327815384615383
0.1775316923076923
0.21132738461538458
0.21111876923076925
0.1940123076923077
0.14832553846153845
0.07009476923076922
-0.021696
-0.11452984615384615
-0.18650215384615382
-0.23406646153846156
-0.249504
-0.23135446153846154
-0.18232984615384615
-0.11494707692307692
-0.03379569230769231
0.06446215384615385
0.14540492307692307
0.20423446153846153
0.22655630769230767
0.22008923076923076
0.19442953846153843
0.13330523076923076
0.06133292307692308
-0.015020307692307692
-0.08010830769230769
-0.12162276923076921
-0.13726892307692307
-0.13664307692307692
-0.12955015384615384
-0.10681107692307691
-0.07134646153846153
-0.017315076923076923
0.03963692307692308
0.078648
0.10055261538461538
0.11891076923076922
0.1341396923076923
0.132888
0.10576799999999999
0.06988615384615385
0.03775938461538462
-0.004798153846153846
-0.03129230769230769
-0.04318338461538461
-0.0446436923076923
-0.02753723076923077
-0.005424
0.025659692307692307
0.04693846153846153
0.06133292307692308
0.06759138461538462
0.054240000000000003
0.035464615384615386
0.008344615384615384
-0.018775384615384614
-0.040054153846153843
-0.054240000000000003
-0.05528307692307692
-0.04672984615384615
-0.015228923076923076
0.02858030769230769
0.05778646153846154
0.06967753846153846
0.06487938461538462
0.06049846153846154
0.058412307692307694
0.0446436923076923
0.021278769230769233
-0.014185846153846153
-0.0446436923076923
-0.059872615384615385
-0.05528307692307692
-0.03045784615384615
-0.017523692307692306
-0.004172307692307692
0.02023569230769231
0.050067692307692306
0.08824430769230769
0.11244369230769231
0.12454338461538461
0.12558646153846154
0.11140061538461538
0.09408553846153846
0.07280676923076923
0.03755076923076923
-0.005215384615384615
-0.04547815384615384
-0.06800861538461538
-0.06633969230769231
-0.056326153846153845
-0.040054153846153843
-0.026702769230769228
-0.01668923076923077
0.0004172307692307692
0.021278769230769233
0.03337846153846154
0.03045784615384615
0.008970461538461538
-0.014603076923076923
-0.015228923076923076
0.003129230769230769
0.03713353846153846
0.058829538461538454
0.06467076923076923
0.07051199999999999
0.07531015384615385
0.08115138461538463
0.06592246153846154
0.03150092307692308
-0.012099692307692308
-0.042557538461538466
-0.03755076923076923
-0.017315076923076923
0.009596307692307692
0.03880246153846154
0.07593599999999999
0.1368516923076923
0.19651569230769228
0.23823876923076923
0.2532590769230769
0.22488738461538463
0.18086953846153844
0.124752
0.06216738461538462
0.0035464615384615383
-0.07134646153846153
-0.13205353846153844
-0.16480615384615382
-0.17023015384615386
-0.14018953846153845
-0.09679753846153846
-0.04130584615384615
0.023364923076923075
0.08720123076923077
0.1502030769230769
0.19526400000000002
0.20444307692307692
0.17899199999999998
0.12454338461538461
0.06592246153846154
0.015646153846153844
-0.03963692307692308
-0.08490646153846154
-0.12767261538461538
-0.14206707692307693
-0.10430769230769231
-0.05090215384615384
0.011056615384615385
0.05298830769230769
0.07155507692307693
0.07656184615384615
0.06195876923076923
0.04318338461538461
-0.003963692307692307
-0.06550523076923077
-0.12308307692307692
-0.15792184615384616
-0.15520984615384617
-0.14102399999999998
-0.12120553846153845
-0.10222153846153846
-0.07280676923076923
-0.03629907692307692
-0.0004172307692307692
0.02273907692307692
0.017523692307692306
-0.012099692307692308
-0.045895384615384616
-0.06300184615384616
-0.06884307692307692
-0.05486584615384615
-0.03337846153846154
-0.005841230769230769
0.040679999999999994
0.09450276923076922
0.14957723076923077
0.19150892307692308
0.20486030769230767
0.19714153846153845
0.1777403076923077
0.15103753846153847
0.1178676923076923
0.0678
0.0012516923076923076
-0.05736923076923077
-0.10952307692307692
-0.1489513846153846
-0.19463815384615382
-0.24866953846153847
-0.3114627692307692
-0.3550633846153846
-0.2782929230769231
-0.15750461538461538
0.028163076923076923
0.21883753846153844
0.3590270769230769
0.527171076923077
0.6273064615384616
0.6859273846153845
0.6212566153846153
0.4282873846153846
0.19714153846153845
-0.054657230769230764
-0.29832
-0.5284227692307693
-0.6809206153846155
-0.7835593846153845
-0.7668701538461539
-0.6076966153846154
-0.3717526153846154
-0.08907876923076924
0.18212123076923076
0.4170221538461538
0.585792
0.6694467692307693
0.6175015384615384
0.482736
0.25972615384615383
-0.031918153846153846
-0.2703655384615385
-0.4983821538461538
-0.6049846153846153
-0.584748923076923
-0.5071439999999999
-0.3246055384615385
-0.1462393846153846
0.034630153846153845
0.20840676923076923
0.290184
0.3225193846153846
0.29101846153846156
0.23239753846153846
0.1992276923076923
0.15354092307692307
0.12266584615384615
0.06592246153846154
0.0014603076923076922
-0.03629907692307692
-0.09095630769230768
-0.12725538461538463
-0.1785747692307692
-0.2238443076923077
-0.20527753846153846
-0.19067446153846154
-0.15833907692307692
-0.12537784615384615
-0.12516923076923075
-0.07155507692307693
-0.004589538461538461
0.08135999999999999
0.20298276923076922
0.3143833846153846
0.4253667692307692
0.5096473846153846
0.5311347692307692
0.4622916923076923
0.3141747692307692
0.10931446153846153
-0.11682461538461539
-0.31646953846153847
-0.4564504615384615
-0.5117335384615385
-0.4620830769230769
-0.33253292307692306
-0.14060676923076923
0.09784061538461537
0.317304
0.5073526153846153
0.6204221538461538
0.6250116923076923
0.5626356923076923
0.43976123076923074
0.2822566153846154
0.11390399999999999
-0.06717415384615384
-0.2275993846153846
-0.3235624615384615
-0.3611132307692308
-0.34922215384615385
-0.29414769230769233
-0.1881710769230769
-0.03963692307692308
0.13038461538461538
0.28893230769230765
0.38948492307692306
0.4337113846153846
0.3988726153846154
0.3087507692307692
0.19380369230769232
0.046104
-0.08949599999999999
-0.20778092307692309
-0.29039261538461536
-0.29832
-0.254928
-0.18191261538461537
-0.08949599999999999
-0.005424
0.049233230769230765
0.08073415384615384
0.086784
0.06008123076923077
0.009596307692307692
-0.053614153846153846
-0.11578153846153846
-0.1502030769230769
-0.14874276923076923
-0.1218313846153846
-0.06529661538461538
-0.006884307692307692
0.050067692307692306
0.10952307692307692
0.13622584615384614
0.14039815384615384
0.11181784615384616
0.03421292307692308
-0.04902461538461538
-0.13184492307692308
-0.1992276923076923
-0.22697353846153845
-0.2330233846153846
-0.1990190769230769
-0.1136953846153846
0.00855323076923077
0.13372246153846154
0.2374043076923077
0.31834707692307695
0.36215630769230767
0.36904061538461536
0.31688676923076925
0.20402584615384614
0.07280676923076923
-0.0717636923076923
-0.20715507692307691
-0.29456492307692306
-0.3473446153846154
-0.34358953846153845
-0.2730775384615384
-0.16710092307692306
-0.015854769230769228
0.14018953846153845
0.2624381538461539
0.3617390769230769
0.4147273846153846
0.4216116923076923
0.38593846153846156
0.31396615384615384
0.2273907692307692
0.13226215384615383
0.046104
-0.022530461538461537
-0.06195876923076923
-0.07405846153846153
-0.07197230769230768
-0.05528307692307692
-0.03442153846153846
-0.0043809230769230765
0.04547815384615384
0.08010830769230769
0.09596307692307693
0.10848000000000001
0.09909230769230769
0.10263876923076923
0.10722830769230769
0.08594953846153845
0.065088
0.03901107692307692
0.03150092307692308
0.04568676923076923
0.04652123076923077
0.029623384615384614
-0.011473846153846154
-0.07677046153846154
-0.14603076923076924
-0.20173107692307693
-0.23803015384615384
-0.2503384615384615
-0.22113230769230768
-0.15646153846153846
-0.053405538461538456
0.07197230769230768
0.18232984615384615
0.279336
0.3323243076923077
0.3246055384615385
0.2749550769230769
0.18525046153846153
0.06258461538461538
-0.07343261538461537
-0.20632061538461538
-0.3081249230769231
-0.3565236923076923
-0.3577753846153846
-0.3049956923076923
-0.20986707692307693
-0.09074769230769231
0.054240000000000003
0.18942276923076923
0.28893230769230765
0.33670523076923076
0.31626092307692305
0.24449723076923074
0.13455692307692307
0.007927384615384614
-0.12329169230769231
-0.24866953846153847
-0.3377483076923077
-0.3819747692307692
-0.36611999999999995
-0.30374399999999996
-0.21904615384615383
-0.111192
-0.005215384615384615
0.0974233846153846
0.192552
0.2532590769230769
0.2705741538461538
0.2497126153846154
0.19839323076923077
0.13038461538461538
0.059664
-0.00855323076923077
-0.06404492307692307
-0.10555938461538462
-0.13121907692307694
-0.13622584615384614
-0.1218313846153846
-0.10117846153846152
-0.07677046153846154
-0.04944184615384615
-0.023990769230769232
-0.0002086153846153846
0.014811692307692307
0.020027076923076922
0.017523692307692306
0.018775384615384614
0.028163076923076923
0.04422646153846154
0.05173661538461538
0.03921969230769231
0.015854769230769228
-0.016480615384615385
-0.0446436923076923
-0.06863446153846153
-0.10076123076923077
-0.13622584615384614
-0.16063384615384615
-0.15938215384615384
-0.13038461538461538
-0.07948246153846153
-0.026285538461538457
0.025659692307692307
0.08240307692307691
0.13810338461538463
0.18379015384615385
0.1927606153846154
0.1652233846153846
0.11181784615384616
0.03692492307692308
-0.03942830769230769
-0.10660246153846153
-0.1639716923076923
-0.21341353846153846
-0.24074215384615386
-0.23218892307692307
-0.1787833846153846
-0.09429415384615383
-0.0008344615384615384
0.07531015384615385
0.13080184615384613
0.17023015384615386
0.17690584615384616
0.1637630769230769
0.116616
0.04714707692307692
-0.022947692307692308
-0.09053907692307692
-0.12808984615384614
-0.15354092307692307
-0.16730953846153845
-0.15938215384615384
-0.12934153846153845
-0.06696553846153847
0.010848
0.08907876923076924
0.154584
0.19818461538461538
0.22572184615384616
0.23531815384615382
0.22175815384615383
0.1881710769230769
0.12412615384615384
0.046104
-0.012934153846153845
-0.04693846153846153
-0.058412307692307694
-0.05590892307692308
-0.037967999999999995
-0.018775384615384614
-0.0070929230769230765
0.003755076923076923
0.007301538461538462
-0.0014603076923076922
-0.02211323076923077
-0.03483876923076923
-0.03609046153846154
-0.01814953846153846
0.01043076923076923
0.03275261538461539
0.06404492307692307
0.08887015384615385
0.1097316923076923
0.11849353846153846
0.09596307692307693
0.04735569230769231
-0.014603076923076923
-0.06988615384615385
-0.11202646153846153
-0.13080184615384613
-0.1368516923076923
-0.11953661538461538
-0.059664
0.029623384615384614
0.1353913846153846
0.22864246153846152
0.29414769230769233
0.32731753846153844
0.3206418461538461
0.2799618461538461
0.21362215384615382
0.11724184615384614
-0.006049846153846154
-0.12767261538461538
-0.22405292307692307
-0.2724516923076923
-0.2749550769230769
-0.2426196923076923
-0.17461107692307692
-0.06821723076923077
0.06613107692307692
0.20861538461538462
0.3327415384615385
0.4113895384615384
0.4405956923076923
0.41368430769230763
0.33378461538461535
0.21466523076923077
0.06258461538461538
-0.10952307692307692
-0.26869661538461537
-0.38656430769230765
-0.4414301538461538
-0.4280787692307692
-0.3550633846153846
-0.2330233846153846
-0.07969107692307692
0.09179076923076923
0.2626467692307692
0.4047138461538461
0.4775206153846153
0.4725138461538462
0.412224
0.3131316923076923
0.1792006153846154
0.02357353846153846
-0.127464
-0.2572227692307692
-0.3369138461538461
-0.3594443076923077
-0.32606584615384615
-0.25054707692307693
-0.17315076923076922
-0.07885661538461539
0.03400430769230769
0.14311015384615386
0.24470584615384613
0.3081249230769231
0.33378461538461535
0.3198073846153846
0.25367630769230765
0.17502830769230768
0.0853236923076923
-0.012099692307692308
-0.10138707692307691
-0.19067446153846154
-0.23344061538461539
-0.23072861538461537
-0.1923433846153846
-0.12245723076923076
-0.05716061538461538
0.022530461538461537
0.1028473846153846
0.18149538461538461
0.2507556923076923
0.2780843076923077
0.2776670769230769
0.2540935384615385
0.21654276923076923
0.17523692307692307
0.10493353846153847
0.017315076923076923
-0.07092923076923077
-0.15166338461538462
-0.20715507692307691
-0.24887815384615386
-0.2701569230769231
-0.2689052307692308
-0.23761292307692305
-0.168144
-0.07739630769230768
0.023990769230769232
0.13038461538461538
0.21487384615384614
0.2674449230769231
0.28851507692307693
0.2720344615384615
0.21842030769230766
0.12788123076923075
0.034630153846153845
-0.051319384615384614
-0.12329169230769231
-0.16271999999999998
-0.16501476923076921
-0.13267938461538462
-0.073224
-0.0006258461538461538
0.08636676923076922
0.17481969230769231
0.23803015384615384
0.2822566153846154
0.292896
0.27599815384615384
0.22989415384615383
0.15124615384615384
0.05674338461538461
-0.03838523076923077
-0.10994030769230768
-0.1506203076923077
-0.16063384615384615
-0.14999446153846155
-0.11745046153846153
-0.05924676923076923
0.010013538461538461
0.073224
0.116616
0.130176
0.12621230769230768
0.10055261538461538
0.05507446153846154
-0.009596307692307692
-0.10013538461538461
-0.16209415384615386
-0.19171753846153847
-0.18066092307692305
-0.11807630769230769
-0.028163076923076923
0.08386338461538462
0.21237046153846154
0.3536030769230769
0.4268270769230769
0.4466455384615384
0.39282276923076925
0.24554030769230767
0.07113784615384615
-0.10430769230769231
-0.24449723076923074
-0.41305846153846154
-0.5140283076923077
-0.5386449230769231
-0.5067267692307692
-0.3648683076923077
-0.20110523076923076
-0.0008344615384615384
0.16626646153846153
0.31229723076923077
0.43329415384615383
0.46583815384615385
0.4483144615384615
0.32001599999999997
0.14269292307692305
-0.04944184615384615
-0.23782153846153845
-0.3385827692307692
-0.40033292307692303
-0.40575692307692307
-0.3483876923076923
-0.25054707692307693
-0.09179076923076923
0.07635323076923077
0.23072861538461537
0.3392086153846154
0.344424
0.3193901538461538
0.2780843076923077
0.20339999999999997
0.12308307692307692
0.013768615384615384
-0.08636676923076922
-0.17002153846153847
-0.22196676923076922
-0.20965846153846154
-0.17565415384615385
-0.1435273846153846
-0.11432123076923076
-0.08156861538461539
-0.03379569230769231
0.006884307692307692
0.024616615384615383
0.024199384615384616
0.0043809230769230765
-0.0029206153846153843
0.01043076923076923
0.03066646153846154
0.05820369230769231
0.07551876923076924
0.08594953846153845
0.09554584615384615
0.09137353846153846
0.07259815384615384
0.003755076923076923
-0.10201292307692307
-0.19004861538461537
-0.2578486153846154
-0.2851772307692308
-0.2737033846153846
-0.23218892307692307
-0.14603076923076924
-0.030875076923076922
0.09408553846153846
0.20986707692307693
0.2912270769230769
0.3198073846153846
0.28163076923076924
0.20673784615384616
0.10368184615384615
-0.026911384615384615
-0.14686523076923075
-0.2526332307692308
-0.3285692307692308
-0.3550633846153846
-0.32648307692307693
-0.24679199999999998
-0.14519630769230768
-0.034630153846153845
0.073224
0.157296
0.2154996923076923
0.23469230769230767
0.20632061538461538
0.14811692307692306
0.06258461538461538
-0.03692492307692308
-0.12975876923076923
-0.20298276923076922
-0.23969907692307693
-0.23907323076923076
-0.18921415384615384
-0.09137353846153846
0.024199384615384616
0.13893784615384613
0.22008923076923076
0.2618123076923077
0.27704123076923076
0.2438713846153846
0.17982646153846152
0.08594953846153845
-0.016897846153846156
-0.08344615384615384
-0.1207883076923077
-0.11703323076923078
-0.09575446153846154
-0.07092923076923077
-0.030040615384615384
0.016272
0.07614461538461538
0.12350030769230769
0.13247076923076923
0.10639384615384614
0.05236246153846154
-0.002712
-0.052153846153846155
-0.08845292307692308
-0.10931446153846153
-0.11807630769230769
-0.0988836923076923
-0.04318338461538461
0.03901107692307692
0.11953661538461538
0.18232984615384615
0.21466523076923077
0.2194633846153846
0.19609846153846153
0.15208061538461537
0.09846646153846153
0.02273907692307692
-0.05444861538461539
-0.11557292307692307
-0.13852061538461538
-0.11056615384615384
-0.06383630769230769
-0.009596307692307692
0.0446436923076923
0.09179076923076923
0.14039815384615384
0.16459753846153846
0.15917353846153848
0.11682461538461539
0.04172307692307692
-0.03129230769230769
-0.09784061538461537
-0.1353913846153846
-0.15520984615384617
-0.16710092307692306
-0.13935507692307691
-0.08469784615384615
-0.010013538461538461
0.07113784615384615
0.13309661538461537
0.16480615384615382
0.15833907692307692
0.13601723076923075
0.09116492307692307
0.023364923076923075
-0.050067692307692306
-0.12496061538461539
-0.1704387692307692
-0.17899199999999998
-0.14477907692307693
-0.07405846153846153
0.011473846153846154
0.10576799999999999
0.19025723076923076
0.25430215384615384
0.28663753846153844
0.2724516923076923
0.20944984615384615
0.09846646153846153
-0.027745846153846152
-0.14582215384615385
-0.241368
-0.30019753846153846
-0.3202246153846154
-0.2906012307692308
-0.21758584615384616
-0.10368184615384615
0.03150092307692308
0.1597993846153846
0.26139507692307695
0.3206418461538461
0.3383741538461538
0.30583015384615386
0.2261390769230769
0.11807630769230769
0.0022947692307692304
-0.09241661538461539
-0.15667015384615385
-0.18316430769230768
-0.16897846153846155
-0.132888
-0.062376
0.026494153846153844
0.11411261538461538
0.19359507692307693
0.23928184615384615
0.25471938461538457
0.23761292307692305
0.19046584615384615
0.12662953846153846
0.05277969230769231
-0.01856676923076923
-0.08574092307692306
-0.14477907692307693
-0.17628
-0.1829556923076923
-0.16626646153846153
-0.13184492307692308
-0.08887015384615385
-0.034630153846153845
0.013351384615384614
0.047772923076923074
0.065088
0.0678
0.058412307692307694
0.031918153846153846
0.004798153846153846
-0.01710646153846154
-0.03650769230769231
-0.04109723076923077
-0.028163076923076923
-0.004172307692307692
0.03150092307692308
0.06133292307692308
0.08156861538461539
0.09387692307692307
0.09137353846153846
0.08219446153846154
0.053614153846153846
0.017523692307692306
-0.01043076923076923
-0.03442153846153846
-0.03942830769230769
-0.01710646153846154
0.02357353846153846
0.0744756923076923
0.1218313846153846
0.16251138461538459
0.18983999999999998
0.1881710769230769
0.15959076923076923
0.10681107692307691
0.03880246153846154
-0.042348923076923076
-0.11891076923076922
-0.17481969230769231
-0.20798953846153845
-0.2059033846153846
-0.17648861538461538
-0.11557292307692307
-0.03713353846153846
0.03150092307692308
0.09971815384615385
0.15187199999999998
0.18858830769230767
0.20381723076923075
0.18483323076923078
0.14457046153846154
0.08866153846153846
0.04214030769230769
0.008970461538461538
-0.015020307692307692
-0.029832
-0.040262769230769234
-0.03233538461538461
-0.006049846153846154
0.03942830769230769
0.09533723076923077
0.13601723076923075
0.15833907692307692
0.1612596923076923
0.14477907692307693
0.11098338461538461
0.06028984615384615
-0.003755076923076923
-0.06946892307692307
-0.1205796923076923
-0.13914646153846155
-0.12558646153846154
-0.0934596923076923
-0.03942830769230769
0.027328615384615382
0.09700615384615385
0.15500123076923078
0.1923433846153846
0.19609846153846153
0.16251138461538459
0.111192
0.056951999999999996
0.011891076923076923
-0.02858030769230769
-0.06279323076923077
-0.086784
-0.09158215384615384
-0.07384984615384615
-0.034630153846153845
0.015646153846153844
0.052153846153846155
0.084072
0.10931446153846153
0.12850707692307692
0.14331876923076922
0.13643446153846153
0.11035753846153845
0.06633969230769231
0.02211323076923077
-0.010848
-0.04172307692307692
-0.07781353846153846
-0.11181784615384616
-0.13184492307692308
-0.13872923076923074
-0.1178676923076923
-0.07468430769230769
-0.020027076923076922
0.042348923076923076
0.10555938461538462
0.16876984615384616
0.22029784615384615
0.24846092307692308
0.23886461538461537
0.19797599999999999
0.14206707692307693
0.07927384615384615
0.02273907692307692
-0.029414769230769227
-0.07843938461538462
-0.11056615384615384
-0.11891076923076922
-0.09387692307692307
-0.04109723076923077
0.01710646153846154
0.07531015384615385
0.12934153846153845
0.18066092307692305
0.22134092307692307
0.2342750769230769
0.21049292307692305
0.15249784615384615
0.07030338461538461
-0.022530461538461537
-0.119328
-0.20965846153846154
-0.2845513846153846
-0.3387913846153846
-0.3548547692307692
-0.328152
-0.26368984615384616
-0.17711446153846155
-0.0798996923076923
0.01856676923076923
0.11891076923076922
0.20277415384615383
0.25200738461538463
0.2620209230769231
0.21737723076923077
0.1462393846153846
0.06049846153846154
-0.029623384615384614
-0.1151556923076923
-0.20235692307692305
-0.26160369230769226
-0.2799618461538461
-0.25659692307692306
-0.18963138461538462
-0.10159569230769232
-0.01668923076923077
0.06821723076923077
0.15395815384615386
0.2355267692307692
0.29748553846153847
0.3210590769230769
0.30290953846153845
0.24908676923076922
0.17023015384615386
0.078648
-0.021904615384615383
-0.1368516923076923
-0.24053353846153847
-0.30583015384615386
-0.3235624615384615
-0.2947735384615384
-0.22989415384615383
-0.14540492307692307
-0.04860738461538461
0.058829538461538454
0.15416676923076922
0.2292683076923077
0.260352
0.23886461538461537
0.17982646153846152
0.09283384615384616
0.0016689230769230767
-0.08782707692307692
-0.1712732307692308
-0.24554030769230767
-0.29727692307692305
-0.31041969230769234
-0.27328615384615385
-0.19881046153846152
-0.11098338461538461
-0.017940923076923077
0.07843938461538462
0.17169046153846151
0.2507556923076923
0.30436984615384616
0.3004061538461538
0.24595753846153845
0.15959076923076923
0.0678
-0.01856676923076923
-0.10743692307692307
-0.18212123076923076
-0.23364923076923078
-0.2399076923076923
-0.20423446153846153
-0.14603076923076924
-0.07384984615384615
-0.0077187692307692304
0.059872615384615385
0.12683815384615382
0.17419384615384614
0.20444307692307692
0.19985353846153847
0.17231630769230769
0.138312
0.09804923076923076
0.07259815384615384
0.042557538461538466
0.011056615384615385
-0.006258461538461538
-0.018358153846153843
-0.009804923076923077
-0.003963692307692307
0.002712
0.007301538461538462
-0.002086153846153846
0.004798153846153846
0.01272553846153846
0.018358153846153843
-0.006258461538461538
-0.055491692307692304
-0.11432123076923076
-0.16981292307692308
-0.22008923076923076
-0.27599815384615384
-0.30207507692307695
-0.3062473846153846
-0.2330233846153846
-0.06800861538461538
0.1804523076923077
0.38677292307692307
0.5691027692307692
0.7601944615384615
0.8676313846153846
0.9485741538461537
0.8363390769230769
0.584748923076923
0.21862892307692305
-0.22530461538461538
-0.5918418461538462
-0.9867507692307691
-1.262123076923077
-1.4179587692307691
-1.4012695384615383
-1.1121286153846153
-0.6782086153846154
-0.06529661538461538
0.5417741538461538
1.0601833846153845
1.4784572307692307
1.6536941538461538
1.6242793846153845
1.3253335384615383
0.8006658461538461
0.1842073846153846
-0.5204953846153846
-1.1206818461538461
-1.5205975384615384
-1.7494486153846154
-1.709811692307692
-1.4888879999999998
-1.0906412307692308
-0.527796923076923
0.06487938461538462
0.6763310769230769
1.1526
1.428806769230769
1.5283163076923076
1.4248430769230769
1.1830578461538461
0.7839766153846154
0.27328615384615385
-0.25284184615384614
-0.7570652307692307
-1.1183870769230768
-1.3330523076923075
-1.4014781538461538
-1.3015513846153846
-1.072908923076923
-0.7086664615384615
-0.26368984615384616
0.18545907692307692
0.6068621538461538
0.950868923076923
1.1884818461538462
1.3365987692307693
1.347238153846154
1.2174793846153846
0.9610910769230769
0.591216
0.17419384615384614
-0.2659846153846154
-0.6800861538461539
-1.0274307692307691
-1.2725538461538461
-1.3791563076923077
-1.3307575384615384
-1.0960652307692307
-0.6988615384615385
-0.18879692307692306
0.38677292307692307
0.931884923076923
1.4018953846153845
1.7315076923076922
1.8324775384615384
1.7100203076923075
1.3447347692307692
0.8096363076923077
0.2021483076923077
-0.4326683076923077
-0.9971815384615385
-1.4459132307692308
-1.7093944615384615
-1.740060923076923
-1.5418763076923077
-1.1331987692307692
-0.576612923076923
0.08094276923076923
0.753936
1.3384763076923076
1.7563329230769231
1.9436695384615383
1.8608492307692308
1.534366153846154
1.0082381538461538
0.37050092307692306
-0.2737033846153846
-0.8699261538461538
-1.3242904615384616
-1.5954904615384615
-1.664542153846154
-1.4980670769230768
-1.13904
-0.6437870769230769
-0.0853236923076923
0.4512350769230769
0.9187421538461538
1.2500233846153845
1.4094055384615383
1.3970972307692306
1.1991212307692307
0.8592867692307692
0.4351716923076923
-0.014811692307692307
-0.4280787692307692
-0.7764664615384615
-1.017
-1.1258972307692308
-1.1029495384615384
-0.9398123076923076
-0.6811292307692307
-0.3692492307692308
-0.03129230769230769
0.2920615384615385
0.5972658461538461
0.8294547692307692
0.9487827692307692
0.9729821538461537
0.8791052307692307
0.7097095384615384
0.48649107692307686
0.2207150769230769
-0.040054153846153843
-0.30290953846153845
-0.527171076923077
-0.695940923076923
-0.8050467692307692
-0.8223618461538462
-0.7683304615384615
-0.6375286153846154
-0.441012923076923
-0.20506892307692307
0.07197230769230768
0.3479704615384615
0.593928
0.787523076923077
0.8784793846153847
0.8763932307692307
0.7714596923076923
0.5645132307692308
0.29644246153846154
-0.012934153846153845
-0.30854215384615385
-0.5592978461538461
-0.7387070769230768
-0.8227790769230768
-0.8131827692307693
-0.6951064615384615
-0.49337538461538455
-0.241368
0.03629907692307692
0.29101846153846156
0.5038061538461538
0.6454559999999999
0.701364923076923
0.6686123076923077
0.5363501538461538
0.3510996923076923
0.13852061538461538
-0.0717636923076923
-0.24866953846153847
-0.38760738461538463
-0.4606227692307692
-0.46729846153846155
-0.41660492307692304
-0.31396615384615384
-0.19025723076923076
-0.07051199999999999
0.03775938461538462
0.1207883076923077
0.17002153846153847
0.19025723076923076
0.18358153846153846
0.1656406153846154
0.1462393846153846
0.13914646153846155
0.14164984615384615
0.14519630769230768
0.15541846153846153
0.14081538461538462
0.103056
0.05194523076923077
-0.015646153846153844
-0.08574092307692306
-0.15959076923076923
-0.22947692307692308
-0.27412061538461535
-0.279336
-0.2330233846153846
-0.13810338461538463
-0.010848
0.14519630769230768
0.3016578461538461
0.4372578461538461
0.52884
0.5482412307692307
0.49671323076923074
0.3675803076923077
0.18983999999999998
-0.016063384615384615
-0.22843384615384613
-0.41076369230769233
-0.5538738461538462
-0.6191704615384614
-0.5899643076923077
-0.47021907692307696
-0.26619323076923074
-0.030875076923076922
0.20423446153846153
0.41994276923076923
0.5855833846153846
0.6884307692307692
0.7011563076923077
0.6177101538461538
0.45707630769230767
0.24282830769230768
0.024199384615384616
-0.17085599999999998
-0.330864
-0.4355889230769231
-0.48064984615384615
-0.45749353846153845
-0.3548547692307692
-0.20486030769230767
-0.035255999999999996
0.12391753846153845
0.249504
0.3383741538461538
0.3721698461538462
0.3673716923076923
0.31855569230769226
0.22467876923076924
0.12162276923076921
0.017732307692307693
-0.05236246153846154
-0.10117846153846152
-0.13789476923076924
-0.15750461538461538
-0.17085599999999998
-0.15479261538461536
-0.12850707692307692
-0.10827138461538462
-0.09387692307692307
-0.08699261538461538
-0.06571384615384615
-0.011891076923076923
0.056326153846153845
0.124752
0.17481969230769231
0.20506892307692307
0.22634769230769228
0.21883753846153844
0.18545907692307692
0.1097316923076923
-0.009179076923076922
-0.14206707692307693
-0.25764
-0.3319070769230769
-0.37550769230769226
-0.38280923076923074
-0.33649661538461534
-0.24720923076923076
-0.1218313846153846
0.02545107692307692
0.1570873846153846
0.2424110769230769
0.26535876923076923
0.2374043076923077
0.1696043076923077
0.06696553846153847
-0.059038153846153844
-0.19505538461538463
-0.31041969230769234
-0.387816
-0.4120153846153846
-0.3717526153846154
-0.29080984615384614
-0.18086953846153844
-0.056326153846153845
0.07551876923076924
0.20173107692307693
0.290184
0.32231076923076923
0.28476
0.19568123076923075
0.08615815384615384
-0.03609046153846154
-0.16313723076923078
-0.2782929230769231
-0.36027876923076924
-0.3782196923076923
-0.3291950769230769
-0.22530461538461538
-0.0880356923076923
0.04714707692307692
0.1635544615384615
0.26306399999999996
0.3383741538461538
0.35610646153846154
0.30749907692307693
0.21195323076923075
0.092208
-0.035464615384615386
-0.15145476923076923
-0.23928184615384615
-0.295608
-0.3137575384615385
-0.2872633846153846
-0.208824
-0.07948246153846153
0.06654830769230768
0.19797599999999999
0.30416123076923074
0.38426953846153844
0.427452923076923
0.4193169230769231
0.36027876923076924
0.25242461538461536
0.11494707692307692
-0.028163076923076923
-0.14686523076923075
-0.23052
-0.28413415384615387
-0.29498215384615384
-0.25534523076923077
-0.16751815384615384
-0.04547815384615384
0.09033046153846153
0.2238443076923077
0.3373310769230769
0.4182738461538461
0.45457292307692304
0.43704923076923075
0.3750904615384615
0.26640184615384616
0.13518276923076925
0.016272
-0.09262523076923077
-0.18128676923076922
-0.2492953846153846
-0.292896
-0.2981113846153846
-0.2724516923076923
-0.214248
-0.1368516923076923
-0.054657230769230764
0.03609046153846154
0.12537784615384615
0.2059033846153846
0.27599815384615384
0.32335384615384616
0.3327415384615385
0.3008233846153846
0.22947692307692308
0.13247076923076923
0.016272
-0.1151556923076923
-0.233232
-0.3235624615384615
-0.3750904615384615
-0.3748818461538461
-0.3187643076923077
-0.22029784615384615
-0.09679753846153846
0.04693846153846153
0.18629353846153843
0.30290953846153845
0.38656430769230765
0.40846892307692306
0.37655076923076924
0.30144923076923075
0.1846246153846154
0.04819015384615385
-0.10681107692307691
-0.24992123076923078
-0.3617390769230769
-0.4303735384615384
-0.42599261538461536
-0.3721698461538462
-0.27474646153846155
-0.1476996923076923
-0.0022947692307692304
0.15833907692307692
0.2883064615384615
0.38072307692307694
0.4193169230769231
0.39115384615384613
0.32585723076923073
0.21529107692307692
0.078648
-0.06633969230769231
-0.2127876923076923
-0.32585723076923073
-0.40346215384615386
-0.42599261538461536
-0.3882332307692308
-0.32210215384615387
-0.21696000000000001
-0.08949599999999999
0.03483876923076923
0.15103753846153847
0.22300984615384614
0.2540935384615385
0.24992123076923078
0.21091015384615383
0.15750461538461538
0.092208
0.026702769230769228
-0.03567323076923076
-0.0892873846153846
-0.11306953846153844
-0.10848000000000001
-0.09241661538461539
-0.07635323076923077
-0.06300184615384616
-0.03483876923076923
0.007510153846153846
0.0446436923076923
0.08344615384615384
0.1045163076923077
0.11265230769230769
0.12579507692307693
0.13455692307692307
0.1531236923076923
0.1635544615384615
0.16480615384615382
0.15562707692307692
0.12850707692307692
0.09909230769230769
0.06383630769230769
0.01940123076923077
-0.030040615384615384
-0.07426707692307692
-0.10117846153846152
-0.09971815384615385
-0.0717636923076923
-0.024199384615384616
0.018775384615384614
0.06654830769230768
0.09575446153846154
0.10868861538461538
0.12412615384615384
0.11411261538461538
0.09804923076923076
0.07364123076923076
0.043600615384615383
0.02858030769230769
0.029832
0.06905169230769231
0.1721076923076923
0.214248
0.16105107692307694
0.13393107692307693
0.08636676923076922
0.0853236923076923
0.124752
-0.009387692307692307
-0.12329169230769231
-0.19380369230769232
-0.19192615384615386
-0.05820369230769231
-0.010013538461538461
0.05194523076923077
0.0771876923076923
0.17398523076923075
0.3448412307692308
0.4253667692307692
0.46396061538461536
0.3133403076923077
0.16230276923076925
0.05674338461538461
-0.08740984615384616
-0.1397723076923077
-0.2726603076923077
-0.3481790769230769
-0.3243969230769231
-0.3279433846153846
-0.16438892307692307
-0.01940123076923077
0.0934596923076923
0.2620209230769231
0.26869661538461537
0.2782929230769231
0.290184
0.23531815384615382
0.22947692307692308
0.1028473846153846
-0.04568676923076923
-0.14957723076923077
-0.23844738461538462
-0.22196676923076922
-0.24011630769230768
-0.2674449230769231
-0.2709913846153846
-0.2540935384615385
-0.12683815384615382
-0.02899753846153846
0.027745846153846152
0.08699261538461538
0.08907876923076924
0.1543753846153846
0.20861538461538462
0.20110523076923076
0.2221753846153846
0.17565415384615385
0.13622584615384614
0.12350030769230769
0.04193169230769231
-0.021070153846153846
-0.10743692307692307
-0.20798953846153845
-0.24887815384615386
-0.2853858461538461
-0.26869661538461537
-0.20047938461538461
-0.11578153846153846
-0.015854769230769228
0.09053907692307692
0.22154953846153846
0.3152178461538461
0.3784283076923077
0.39741230769230773
0.31500923076923076
0.21320492307692307
0.08198584615384615
-0.061124307692307686
-0.18149538461538461
-0.3225193846153846
-0.4017932307692308
-0.4180652307692308
-0.3855212307692308
-0.2914356923076923
-0.19067446153846154
-0.04944184615384615
0.11536430769230768
0.22843384615384613
0.28434276923076923
0.2868461538461538
0.2682793846153846
0.2238443076923077
0.12829846153846153
0.011682461538461537
-0.12162276923076921
-0.21049292307692305
-0.23615261538461538
-0.25930892307692305
-0.23177169230769232
-0.18316430769230768
-0.130176
-0.02482523076923077
0.05403138461538461
0.11432123076923076
0.1585476923076923
0.15354092307692307
0.15646153846153846
0.1353913846153846
0.08094276923076923
0.03880246153846154
0.015228923076923076
0.013768615384615384
0.022947692307692308
0.042557538461538466
0.05194523076923077
0.053405538461538456
0.06884307692307692
0.06863446153846153
0.05382276923076923
0.017523692307692306
-0.050067692307692306
-0.08615815384615384
-0.0961716923076923
-0.09053907692307692
-0.05653476923076922
-0.030040615384615384
0.01981846153846154
0.10326461538461539
0.1693956923076923
0.21696000000000001
0.22008923076923076
0.17231630769230769
0.10764553846153846
0.018358153846153843
-0.06049846153846154
-0.12433476923076923
-0.18629353846153843
-0.2221753846153846
-0.23636123076923077
-0.20632061538461538
-0.13476553846153844
-0.04568676923076923
0.047772923076923074
0.08866153846153846
0.09554584615384615
0.0974233846153846
0.08511507692307693
0.08031692307692308
0.02858030769230769
-0.04839876923076923
-0.09554584615384615
-0.13121907692307694
-0.11995384615384615
-0.09512861538461538
-0.09325107692307691
-0.08594953846153845
-0.07364123076923076
-0.03629907692307692
0.008344615384615384
0.028788923076923077
0.01668923076923077
-0.03504738461538461
-0.07510153846153846
-0.09930092307692308
-0.11745046153846153
-0.11411261538461538
-0.11640738461538462
-0.10138707692307691
-0.06696553846153847
-0.02273907692307692
0.05194523076923077
0.10806276923076923
0.1289243076923077
0.12579507692307693
0.10514215384615383
0.08490646153846154
0.04902461538461538
-0.0043809230769230765
-0.073224
-0.13372246153846154
-0.15270646153846154
-0.11870215384615385
-0.048816000000000005
0.01272553846153846
0.05716061538461538
0.10597661538461538
0.16021661538461537
0.2056947692307692
0.2140393846153846
0.17461107692307692
0.1207883076923077
0.058829538461538454
0.008970461538461538
-0.02044430769230769
-0.055491692307692304
-0.07802215384615384
-0.0717636923076923
-0.04214030769230769
0.010848
0.06049846153846154
0.09533723076923077
0.12204
0.1435273846153846
0.16292861538461537
0.18066092307692305
0.18963138461538462
0.16710092307692306
0.12558646153846154
0.08782707692307692
0.05382276923076923
0.03755076923076923
0.03024923076923077
0.02315630769230769
0.02211323076923077
0.011473846153846154
0.010848
0.02086153846153846
0.02586830769230769
0.03921969230769231
0.035255999999999996
0.026494153846153844
0.018983999999999997
-0.0008344615384615384
-0.014603076923076923
-0.027120000000000002
-0.026285538461538457
-0.02023569230769231
-0.020652923076923076
-0.02795446153846154
-0.04819015384615385
-0.06988615384615385
-0.07885661538461539
-0.08782707692307692
-0.10785415384615385
-0.12266584615384615
-0.14686523076923075
-0.15187199999999998
-0.1368516923076923
-0.11891076923076922
-0.07906523076923076
-0.03775938461538462
0.01940123076923077
0.09012184615384615
0.15145476923076923
0.19672430769230767
0.20193969230769232
0.1704387692307692
0.12558646153846154
0.08010830769230769
0.04088861538461538
0.008970461538461538
-0.015228923076923076
-0.034630153846153845
-0.04672984615384615
-0.03984553846153846
-0.02357353846153846
-0.001043076923076923
0.02482523076923077
0.04652123076923077
0.07802215384615384
0.0988836923076923
0.11599015384615384
0.127464
0.11223507692307692
0.0892873846153846
0.054657230769230764
0.02795446153846154
-0.006049846153846154
-0.04944184615384615
-0.08949599999999999
-0.12245723076923076
-0.1136953846153846
-0.08177723076923075
-0.03942830769230769
0.010013538461538461
0.06571384615384615
0.13101046153846155
0.19442953846153843
0.25367630769230765
0.29039261538461536
0.29727692307692305
0.27599815384615384
0.2303113846153846
0.184416
0.12162276923076921
0.04214030769230769
-0.02795446153846154
-0.09241661538461539
-0.12454338461538461
-0.124752
-0.11745046153846153
-0.09471138461538461
-0.06759138461538462
-0.029206153846153847
0.03713353846153846
0.10389046153846154
0.15938215384615384
0.1869193846153846
0.1775316923076923
0.15750461538461538
0.12016246153846154
0.06988615384615385
0.009387692307692307
-0.059664
-0.11745046153846153
-0.14665661538461539
-0.14436184615384615
-0.12016246153846154
-0.08720123076923077
-0.04944184615384615
-0.005215384615384615
0.03504738461538461
0.07906523076923076
0.10243015384615384
0.10472492307692308
0.09533723076923077
0.07677046153846154
0.06967753846153846
0.06425353846153846
0.05757784615384615
0.05528307692307692
0.050067692307692306
0.044435076923076924
0.04819015384615385
0.046104
0.031918153846153846
-0.009596307692307692
-0.05924676923076923
-0.09554584615384615
-0.1218313846153846
-0.12725538461538463
-0.11974523076923077
-0.09784061538461537
-0.06425353846153846
-0.011473846153846154
0.04839876923076923
0.09491999999999999
0.12621230769230768
0.12808984615384614
0.11348676923076922
0.09199938461538461
0.05507446153846154
0.0016689230769230767
-0.05277969230769231
-0.10368184615384615
-0.1341396923076923
-0.1218313846153846
-0.09095630769230768
-0.050067692307692306
-0.006675692307692307
0.040054153846153843
0.09846646153846153
0.1397723076923077
0.1502030769230769
0.1358086153846154
0.08845292307692308
0.02586830769230769
-0.027328615384615382
-0.07885661538461539
-0.1218313846153846
-0.16084246153846155
-0.18921415384615384
-0.18545907692307692
-0.14916
-0.09095630769230768
-0.032544
0.019192615384615384
0.05820369230769231
0.09387692307692307
0.11557292307692307
0.11348676923076922
0.08115138461538463
0.014394461538461538
-0.04735569230769231
-0.09387692307692307
-0.11745046153846153
-0.11390399999999999
-0.0897046153846154
-0.05277969230769231
-0.002086153846153846
0.07343261538461537
0.14436184615384615
0.19046584615384615
0.20381723076923075
0.18170399999999998
0.14853415384615384
0.11140061538461538
0.06967753846153846
0.026285538461538457
-0.013768615384615384
-0.04526953846153846
-0.050067692307692306
-0.027120000000000002
0.004589538461538461
0.03504738461538461
0.04735569230769231
0.05194523076923077
0.06028984615384615
0.06133292307692308
0.04547815384615384
0.006467076923076923
-0.037967999999999995
-0.07343261538461537
-0.09429415384615383
-0.10493353846153847
-0.11557292307692307
-0.11703323076923078
-0.11452984615384615
-0.08845292307692308
-0.042557538461538466
-0.0018775384615384615
0.027745846153846152
0.03963692307692308
0.054240000000000003
0.07197230769230768
0.0961716923076923
0.1151556923076923
0.12412615384615384
0.13038461538461538
0.12370892307692308
0.12120553846153845
0.11348676923076922
0.08720123076923077
0.050067692307692306
-0.004798153846153846
-0.05611753846153846
-0.0934596923076923
-0.12621230769230768
-0.14749107692307692
-0.1652233846153846
-0.16897846153846155
-0.13872923076923074
-0.07927384615384615
-0.0043809230769230765
0.061124307692307686
0.10243015384615384
0.12266584615384615
0.13080184615384613
0.124752
0.08490646153846154
0.020652923076923076
-0.06675692307692307
-0.16647507692307692
-0.24345415384615382
-0.29498215384615384
-0.3081249230769231
-0.29331323076923077
-0.254928
-0.19296923076923078
-0.11911938461538461
-0.05611753846153846
-0.011265230769230769
0.055491692307692304
0.13747753846153846
0.23156307692307693
0.32085046153846153
0.3684147692307692
0.3957433846153846
0.3924055384615385
0.34338092307692303
0.268488
0.12579507692307693
-0.031918153846153846
-0.19046584615384615
-0.29414769230769233
-0.3387913846153846
-0.39908123076923074
-0.36027876923076924
-0.30332676923076923
-0.17419384615384614
0.017315076923076923
0.17815753846153848
0.3473446153846154
0.4151446153846154
0.4616658461538461
0.44581107692307687
0.33524492307692305
0.21320492307692307
0.012934153846153845
-0.16751815384615384
-0.3375396923076923
-0.4743913846153846
-0.4892030769230769
-0.4633347692307692
-0.34358953846153845
-0.1846246153846154
-0.03629907692307692
0.127464
0.2342750769230769
0.32731753846153844
0.3752990769230769
0.3206418461538461
0.25972615384615383
0.17711446153846155
0.10159569230769232
0.05277969230769231
-0.03483876923076923
-0.10848000000000001
-0.19714153846153845
-0.268488
-0.2906012307692308
-0.3143833846153846
-0.32210215384615387
-0.32231076923076923
-0.28955815384615385
-0.21028430769230766
-0.12496061538461539
-0.03421292307692308
0.042348923076923076
0.09825784615384614
0.1704387692307692
0.2275993846153846
0.2828824615384615
0.3248141538461538
0.31354892307692306
0.27620676923076926
0.19213476923076922
0.08073415384615384
-0.022947692307692308
-0.14206707692307693
-0.23448369230769228
-0.2953993846153846
-0.3062473846153846
-0.22175815384615383
-0.08866153846153846
0.08991323076923076
0.26494153846153845
0.41681353846153846
0.5409396923076923
0.5972658461538461
0.6045673846153846
0.519660923076923
0.3594443076923077
0.18232984615384615
-0.01272553846153846
-0.17523692307692307
-0.3016578461538461
-0.4053396923076923
-0.4374664615384615
-0.42494953846153843
-0.3588184615384616
-0.23510953846153848
-0.10117846153846152
0.04652123076923077
0.1792006153846154
0.28434276923076923
0.35631507692307696
0.37780246153846153
0.36611999999999995
0.31000246153846156
0.21716861538461538
0.11640738461538462
0.014603076923076923
-0.05924676923076923
-0.10868861538461538
-0.13309661538461537
-0.10827138461538462
-0.07092923076923077
-0.023782153846153845
0.03045784615384615
0.04631261538461538
0.05048492307692308
0.04401784615384615
0.03483876923076923
0.047981538461538464
0.052153846153846155
0.06738276923076922
0.09012184615384615
0.10952307692307692
0.13434830769230768
0.13643446153846153
0.12287446153846153
0.0771876923076923
0.0014603076923076922
-0.0678
-0.1397723076923077
-0.19755876923076923
-0.249504
-0.2853858461538461
-0.2701569230769231
-0.2209236923076923
-0.13226215384615383
-0.02795446153846154
0.06633969230769231
0.15792184615384616
0.23260615384615385
0.2899753846153846
0.31772123076923076
0.301032
0.2436627692307692
0.16042523076923076
0.06800861538461538
-0.023782153846153845
-0.10868861538461538
-0.18900553846153845
-0.25138153846153843
-0.2749550769230769
-0.2563883076923077
-0.20277415384615383
-0.12016246153846154
-0.02482523076923077
0.05757784615384615
0.12725538461538463
0.18358153846153846
0.23010276923076922
0.26160369230769226
0.24720923076923076
0.20152246153846154
0.143736
0.0897046153846154
0.051319384615384614
0.014185846153846153
-0.02524246153846154
-0.05298830769230769
-0.06884307692307692
-0.06633969230769231
-0.04714707692307692
-0.03567323076923076
-0.027328615384615382
-0.017315076923076923
0.011891076923076923
0.05319692307692307
0.09053907692307692
0.12099692307692309
0.1287156923076923
0.12913292307692306
0.12579507692307693
0.12287446153846153
0.13080184615384613
0.127464
0.10368184615384615
0.07343261538461537
0.0446436923076923
0.015646153846153844
-0.019609846153846155
-0.059872615384615385
-0.09909230769230769
-0.13789476923076924
-0.15562707692307692
-0.1506203076923077
-0.13622584615384614
-0.11703323076923078
-0.09095630769230768
-0.03609046153846154
0.03671630769230769
0.11599015384615384
0.1783661538461538
0.19588984615384614
0.19296923076923078
0.16730953846153845
0.12287446153846153
0.07468430769230769
0.008136
-0.044435076923076924
-0.08010830769230769
-0.09575446153846154
-0.06613107692307692
-0.026702769230769228
0.02753723076923077
0.09095630769230768
0.143736
0.19067446153846154
0.20798953846153845
0.1977673846153846
0.1612596923076923
0.10764553846153846
0.05277969230769231
-0.004589538461538461
-0.053614153846153846
-0.09512861538461538
-0.1205796923076923
-0.1287156923076923
-0.1287156923076923
-0.11578153846153846
-0.09909230769230769
-0.0892873846153846
-0.08156861538461539
-0.08177723076923075
-0.09137353846153846
-0.10618523076923077
-0.12662953846153846
-0.13080184615384613
-0.11599015384615384
-0.08448923076923077
-0.037967999999999995
0.014185846153846153
0.05590892307692308
0.06800861538461538
0.07551876923076924
0.07113784615384615
0.047772923076923074
0.011682461538461537
-0.04714707692307692
-0.10952307692307692
-0.16605784615384614
-0.21237046153846154
-0.23490092307692306
-0.23448369230769228
-0.21153599999999997
-0.15792184615384616
-0.07197230769230768
0.03483876923076923
0.1314276923076923
0.1856676923076923
0.20360861538461536
0.1923433846153846
0.16021661538461537
0.103056
0.021278769230769233
-0.06300184615384616
-0.13309661538461537
-0.16334584615384617
-0.165432
-0.14957723076923077
-0.12287446153846153
-0.09554584615384615
-0.059872615384615385
-0.016272
0.02023569230769231
0.04318338461538461
0.05298830769230769
0.05528307692307692
0.06675692307692307
0.07802215384615384
0.09429415384615383
0.10910584615384614
0.11202646153846153
0.10597661538461538
0.08761846153846153
0.06905169230769231
0.0446436923076923
0.003963692307692307
-0.05090215384615384
-0.10722830769230769
-0.14185846153846154
-0.15270646153846154
-0.146448
-0.1151556923076923
-0.06759138461538462
-0.011056615384615385
0.06279323076923077
0.13893784615384613
0.19839323076923077
0.21925476923076925
0.20715507692307691
0.17023015384615386
0.11494707692307692
0.04965046153846154
-0.023782153846153845
-0.08991323076923076
-0.15333230769230768
-0.19046584615384615
-0.18921415384615384
-0.15541846153846153
-0.09199938461538461
-0.015854769230769228
0.06571384615384615
0.13998092307692306
0.19693292307692306
0.2225926153846154
0.2140393846153846
0.17377661538461536
0.11327815384615383
0.05048492307692308
-0.017940923076923077
-0.08240307692307691
-0.13184492307692308
-0.1718990769230769
-0.19296923076923078
-0.18379015384615385
-0.15124615384615384
-0.09512861538461538
-0.03483876923076923
0.01397723076923077
0.06383630769230769
0.10430769230769231
0.130176
0.13455692307692307
0.11557292307692307
0.08949599999999999
0.058412307692307694
0.033169846153846154
0.015228923076923076
0.0008344615384615384
-0.009179076923076922
-0.015228923076923076
-0.011473846153846154
-0.0070929230769230765
-0.011265230769230769
-0.025659692307692307
-0.04088861538461538
-0.047772923076923074
-0.03650769230769231
-0.0070929230769230765
0.029832
0.08386338461538462
0.1435273846153846
0.20339999999999997
0.25242461538461536
0.2682793846153846
0.2568055384615385
0.21132738461538458
0.1397723076923077
0.05862092307692307
-0.026911384615384615
-0.10827138461538462
-0.17502830769230768
-0.22008923076923076
-0.23490092307692306
-0.21508246153846153
-0.1712732307692308
-0.10848000000000001
-0.03629907692307692
0.038176615384615385
0.11494707692307692
0.18170399999999998
0.22634769230769228
0.2357353846153846
0.20778092307692309
0.15187199999999998
0.07635323076923077
-0.008344615384615384
-0.09867507692307692
-0.17544553846153846
-0.21925476923076925
-0.23218892307692307
-0.19818461538461538
-0.13121907692307694
-0.04672984615384615
0.05236246153846154
0.12808984615384614
0.18900553846153845
0.23135446153846154
0.23072861538461537
0.20173107692307693
0.14832553846153845
0.08177723076923075
0.008344615384615384
-0.05820369230769231
-0.10952307692307692
-0.14728246153846153
-0.16105107692307694
-0.14978584615384616
-0.11202646153846153
-0.05444861538461539
0.005215384615384615
0.054657230769230764
0.0880356923076923
0.11473846153846154
0.13622584615384614
0.14603076923076924
0.1356
0.10639384615384614
0.06988615384615385
0.03692492307692308
0.02211323076923077
0.011682461538461537
0.003755076923076923
0.0035464615384615383
0.006258461538461538
0.018358153846153843
0.027328615384615382
0.022530461538461537
0.010639384615384617
-0.009596307692307692
-0.027328615384615382
-0.03400430769230769
-0.03337846153846154
-0.02044430769230769
-0.009596307692307692
0.003129230769230769
0.023364923076923075
0.0448523076923077
0.06467076923076923
0.06425353846153846
0.04214030769230769
0.006258461538461538
-0.03066646153846154
-0.06154153846153846
-0.08699261538461538
-0.10055261538461538
-0.09679753846153846
-0.07802215384615384
-0.03984553846153846
0.01397723076923077
0.06529661538461538
0.11202646153846153
0.14916
0.1777403076923077
0.18629353846153843
0.16605784615384614
0.12454338461538461
0.06133292307692308
-0.005841230769230769
-0.06592246153846154
-0.11452984615384615
-0.14665661538461539
-0.1656406153846154
-0.15896492307692306
-0.12329169230769231
-0.05736923076923077
0.023364923076923075
0.10430769230769231
0.17377661538461536
0.22029784615384615
0.23093723076923076
0.20006215384615383
0.12725538461538463
0.004589538461538461
-0.11870215384615385
-0.22551323076923077
-0.28663753846153844
-0.3131316923076923
-0.29227015384615385
-0.24011630769230768
-0.14269292307692305
-0.009596307692307692
0.18900553846153845
0.44643692307692306
0.4606227692307692
0.45686769230769225
0.4113895384615384
0.31626092307692305
0.31354892307692306
0.09825784615384614
-0.09053907692307692
-0.3102110769230769
-0.4355889230769231
-0.33357600000000004
-0.2962338461538461
-0.16209415384615386
-0.11181784615384616
0.01940123076923077
0.27787569230769227
0.42494953846153843
0.6120775384615385
0.5426086153846154
0.3805144615384615
0.26222953846153846
0.041514461538461535
-0.045895384615384616
-0.2075723076923077
-0.36570276923076916
-0.3675803076923077
-0.450192
-0.35193415384615384
-0.18379015384615385
-0.07051199999999999
0.12850707692307692
0.1558356923076923
0.1787833846153846
0.19672430769230767
0.1489513846153846
0.18879692307692306
0.10868861538461538
-0.01814953846153846
-0.12537784615384615
-0.20506892307692307
-0.13455692307692307
-0.09408553846153846
-0.08448923076923077
-0.06821723076923077
-0.09033046153846153
-0.005215384615384615
0.056951999999999996
0.04318338461538461
0.028163076923076923
-0.05277969230769231
-0.06300184615384616
-0.03337846153846154
-0.05486584615384615
-0.021904615384615383
-0.019192615384615384
-0.0004172307692307692
0.09471138461538461
0.14728246153846153
0.18629353846153843
0.14936861538461538
0.06633969230769231
0.0
-0.10222153846153846
-0.16897846153846155
-0.2236356923076923
-0.23052
-0.19526400000000002
-0.1783661538461538
-0.054657230769230764
0.0934596923076923
0.22968553846153844
0.3669544615384615
0.40200184615384615
0.4141015384615384
0.3746732307692308
0.2858030769230769
0.1994363076923077
0.03775938461538462
-0.10013538461538461
-0.1856676923076923
-0.24408
-0.24095076923076922
-0.23156307692307693
-0.17544553846153846
-0.06300184615384616
0.062376
0.18253846153846154
0.24679199999999998
0.28768061538461537
0.3141747692307692
0.26911384615384615
0.19296923076923078
0.06321046153846153
-0.09679753846153846
-0.2059033846153846
-0.30708184615384615
-0.3383741538461538
-0.30186646153846153
-0.24679199999999998
-0.12558646153846154
-0.001043076923076923
0.11828492307692307
0.24741784615384615
0.32564861538461537
0.35235138461538457
0.309168
0.2125790769230769
0.09012184615384615
-0.042348923076923076
-0.12996738461538462
-0.19192615384615386
-0.22029784615384615
-0.21049292307692305
-0.18253846153846154
-0.0936683076923077
0.0002086153846153846
0.0798996923076923
0.15124615384615384
0.16105107692307694
0.1558356923076923
0.1476996923076923
0.10868861538461538
0.04672984615384615
-0.040054153846153843
-0.10368184615384615
-0.11056615384615384
-0.103056
-0.09033046153846153
-0.08845292307692308
-0.09304246153846155
-0.0609156923076923
-0.018775384615384614
0.027745846153846152
0.05653476923076922
0.05611753846153846
0.04985907692307692
0.016480615384615385
0.006049846153846154
0.006467076923076923
-0.004589538461538461
0.018983999999999997
0.021904615384615383
0.03212676923076923
0.05820369230769231
0.07802215384615384
0.12412615384615384
0.12266584615384615
0.07384984615384615
0.026285538461538457
-0.018775384615384614
-0.03901107692307692
-0.05069353846153846
-0.06571384615384615
-0.06133292307692308
-0.03567323076923076
0.02357353846153846
0.08699261538461538
0.12245723076923076
0.14039815384615384
0.1178676923076923
0.08657538461538461
0.035464615384615386
-0.056951999999999996
-0.1422756923076923
-0.22947692307692308
-0.27453784615384613
-0.27286892307692306
-0.2540935384615385
-0.1883796923076923
-0.09596307692307693
0.016063384615384615
0.11014892307692307
0.17502830769230768
0.22989415384615383
0.249504
0.23093723076923076
0.17273353846153844
0.08448923076923077
-0.013768615384615384
-0.10430769230769231
-0.1585476923076923
-0.17481969230769231
-0.18086953846153844
-0.1612596923076923
-0.11640738461538462
-0.05277969230769231
0.026702769230769228
0.08302892307692307
0.13893784615384613
0.184416
0.1927606153846154
0.1779489230769231
0.12808984615384614
0.06321046153846153
0.002086153846153846
-0.05277969230769231
-0.10222153846153846
-0.14874276923076923
-0.168144
-0.1476996923076923
-0.10910584615384614
-0.06070707692307692
-0.01710646153846154
0.02023569230769231
0.06383630769230769
0.0892873846153846
0.10535076923076922
0.09784061538461537
0.059038153846153844
0.03066646153846154
0.015437538461538461
0.02795446153846154
0.05444861538461539
0.06675692307692307
0.086784
0.10660246153846153
0.12913292307692306
0.14853415384615384
0.13768615384615385
0.10597661538461538
0.05611753846153846
0.007301538461538462
-0.01814953846153846
-0.03275261538461539
-0.03233538461538461
-0.03337846153846154
-0.02899753846153846
0.003129230769230769
0.047772923076923074
0.11098338461538461
0.14665661538461539
0.1368516923076923
0.11098338461538461
0.07551876923076924
0.0448523076923077
0.01043076923076923
-0.044435076923076924
-0.10889723076923077
-0.16501476923076921
-0.19818461538461538
-0.1881710769230769
-0.143736
-0.08782707692307692
-0.03129230769230769
0.03045784615384615
0.10639384615384614
0.17461107692307692
0.214248
0.22029784615384615
0.1994363076923077
0.16188553846153847
0.11035753846153845
0.05236246153846154
-0.014603076923076923
-0.08907876923076924
-0.14144123076923076
-0.1639716923076923
-0.15792184615384616
-0.12391753846153845
-0.08386338461538462
-0.04109723076923077
-0.0029206153846153843
0.027745846153846152
0.061124307692307686
0.08156861538461539
0.0771876923076923
0.05048492307692308
0.013351384615384614
-0.013142769230769229
-0.027328615384615382
-0.04380923076923077
-0.06759138461538462
-0.09554584615384615
-0.11035753846153845
-0.10201292307692307
-0.08031692307692308
-0.048816000000000005
-0.026702769230769228
-0.008136
0.015228923076923076
0.035255999999999996
0.059872615384615385
0.06529661538461538
0.058829538461538454
0.04839876923076923
0.024199384615384616
0.005841230769230769
-0.016063384615384615
-0.04839876923076923
-0.0826116923076923
-0.10618523076923077
-0.10159569230769232
-0.07927384615384615
-0.0448523076923077
-0.009596307692307692
0.02044430769230769
0.05799507692307692
0.08845292307692308
0.11056615384615384
0.10576799999999999
0.06425353846153846
0.01940123076923077
-0.02273907692307692
-0.051528
-0.06258461538461538
-0.07051199999999999
-0.06863446153846153
-0.051528
-0.017523692307692306
0.03775938461538462
0.08323753846153846
0.10660246153846153
0.11619876923076923
0.11640738461538462
0.11703323076923078
0.10597661538461538
0.09450276923076922
0.07051199999999999
0.04318338461538461
0.037967999999999995
0.03901107692307692
0.05799507692307692
0.07238953846153846
0.06821723076923077
0.06654830769230768
0.052571076923076915
0.03629907692307692
0.02044430769230769
-0.010848
-0.03713353846153846
-0.05736923076923077
-0.05611753846153846
-0.03066646153846154
-0.006675692307692307
0.021696
0.037342153846153844
0.059872615384615385
0.09179076923076923
0.10597661538461538
0.10868861538461538
0.08344615384615384
0.05236246153846154
0.03045784615384615
0.01272553846153846
0.00855323076923077
-0.006675692307692307
-0.029623384615384614
-0.03775938461538462
-0.03400430769230769
-0.013142769230769229
0.021904615384615383
0.05298830769230769
0.09241661538461539
0.1353913846153846
0.1696043076923077
0.19171753846153847
0.1792006153846154
0.14707384615384617
0.09909230769230769
0.03421292307692308
-0.021696
-0.06884307692307692
-0.09992676923076924
-0.12224861538461537
-0.1316363076923077
-0.11140061538461538
-0.0717636923076923
-0.016272
0.029206153846153847
0.05570030769230769
0.07197230769230768
0.08010830769230769
0.08594953846153845
0.0826116923076923
0.05799507692307692
0.011682461538461537
-0.040262769230769234
-0.08636676923076922
-0.12120553846153845
-0.15187199999999998
-0.17273353846153844
-0.17169046153846151
-0.14060676923076923
-0.07948246153846153
-0.0035464615384615383
0.06905169230769231
0.1218313846153846
0.15374953846153847
0.1712732307692308
0.17419384615384614
0.15249784615384615
0.10514215384615383
0.05194523076923077
0.006049846153846154
-0.023990769230769232
-0.037967999999999995
-0.05069353846153846
-0.06571384615384615
-0.08302892307692307
-0.09012184615384615
-0.08198584615384615
-0.06863446153846153
-0.052571076923076915
-0.04526953846153846
-0.040679999999999994
-0.024616615384615383
0.006675692307692307
0.042557538461538466
0.061124307692307686
0.059664
0.046104
0.03483876923076923
0.03045784615384615
0.026702769230769228
0.012308307692307691
-0.019192615384615384
-0.04380923076923077
-0.05090215384615384
-0.03859384615384615
-0.020652923076923076
-0.016897846153846156
-0.004798153846153846
0.02273907692307692
0.06529661538461538
0.10827138461538462
0.13747753846153846
0.14749107692307692
0.13101046153846155
0.10848000000000001
0.08323753846153846
0.053405538461538456
0.026702769230769228
-0.009179076923076922
-0.037342153846153844
-0.0448523076923077
-0.0448523076923077
-0.02545107692307692
-0.003755076923076923
0.015646153846153844
0.03650769230769231
0.05570030769230769
0.08428061538461538
0.10117846153846152
0.09658892307692307
0.09074769230769231
0.08490646153846154
0.07468430769230769
0.073224
0.04985907692307692
0.005215384615384615
-0.033169846153846154
-0.08824430769230769
-0.11390399999999999
-0.12767261538461538
-0.12996738461538462
-0.07885661538461539
-0.026911384615384615
0.14853415384615384
0.29227015384615385
0.32314523076923074
0.4042966153846154
0.39052800000000004
0.39052800000000004
0.32606584615384615
0.14519630769230768
-0.0446436923076923
-0.2951907692307692
-0.3913624615384615
-0.428496
-0.4326683076923077
-0.360696
-0.29748553846153847
-0.09158215384615384
0.13455692307692307
0.3619476923076923
0.5584633846153846
0.5626356923076923
0.5265452307692308
0.4262012307692308
0.2620209230769231
0.1097316923076923
-0.1151556923076923
-0.28768061538461537
-0.41681353846153846
-0.5371846153846154
-0.48982892307692305
-0.3836436923076923
-0.24053353846153847
-0.06258461538461538
0.050067692307692306
0.16710092307692306
0.23823876923076923
0.2791273846153846
0.31751261538461534
0.2586830769230769
0.14832553846153845
0.021278769230769233
-0.0744756923076923
-0.1287156923076923
-0.22551323076923077
-0.31751261538461534
-0.38990215384615384
-0.42995630769230764
-0.38593846153846156
-0.33545353846153847
-0.2703655384615385
-0.19547261538461536
-0.13643446153846153
-0.022530461538461537
0.08010830769230769
0.1543753846153846
0.20986707692307693
0.20047938461538461
0.19651569230769228
0.18149538461538461
0.14582215384615385
0.09491999999999999
-0.0006258461538461538
-0.08761846153846153
-0.1800350769230769
-0.24762646153846155
-0.2768326153846154
-0.2851772307692308
-0.233232
-0.16418030769230768
-0.05319692307692307
0.12204
0.28893230769230765
0.4318338461538461
0.5182006153846154
0.5204953846153846
0.4698018461538461
0.35276861538461535
0.19442953846153843
0.015228923076923076
-0.18525046153846153
-0.33607938461538456
-0.41577046153846153
-0.425784
-0.38677292307692307
-0.31041969230769234
-0.16438892307692307
0.010639384615384617
0.1710646153846154
0.2830910769230769
0.3377483076923077
0.37050092307692306
0.35568923076923076
0.295608
0.20924123076923076
0.07802215384615384
-0.04214030769230769
-0.13518276923076925
-0.21028430769230766
-0.22530461538461538
-0.20423446153846153
-0.154584
-0.07113784615384615
0.01814953846153846
0.11390399999999999
0.20173107692307693
0.2670276923076923
0.2899753846153846
0.27412061538461535
0.23490092307692306
0.16730953846153845
0.11682461538461539
0.07238953846153846
0.022530461538461537
-0.010639384615384617
-0.031918153846153846
-0.014394461538461538
0.024616615384615383
0.05820369230769231
0.09199938461538461
0.10514215384615383
0.08949599999999999
0.08219446153846154
0.08469784615384615
0.06341907692307691
0.020652923076923076
-0.025659692307692307
-0.04214030769230769
-0.026702769230769228
-0.015228923076923076
-0.008136
-0.0077187692307692304
-0.0006258461538461538
0.01710646153846154
0.04318338461538461
0.06300184615384616
0.04401784615384615
0.014603076923076923
-0.02858030769230769
-0.06300184615384616
-0.07113784615384615
-0.08031692307692308
-0.07656184615384615
-0.06529661538461538
-0.06049846153846154
-0.03650769230769231
0.0035464615384615383
0.0448523076923077
0.0828203076923077
0.0826116923076923
0.07510153846153846
0.07760492307692309
0.078648
0.0771876923076923
0.05757784615384615
0.029623384615384614
-0.0016689230769230767
-0.017940923076923077
-0.022530461538461537
-0.03671630769230769
-0.05027630769230769
-0.061750153846153844
-0.059038153846153844
-0.03400430769230769
-0.008136
0.021696
0.05194523076923077
0.08010830769230769
0.10263876923076923
0.09930092307692308
0.08344615384615384
0.05528307692307692
0.011891076923076923
-0.03838523076923077
-0.09825784615384614
-0.14603076923076924
-0.1718990769230769
-0.18399876923076922
-0.17648861538461538
-0.15896492307692306
-0.13226215384615383
-0.09992676923076924
-0.07238953846153846
-0.03942830769230769
-0.023990769230769232
-0.021696
-0.01397723076923077
-0.010222153846153844
-0.0016689230769230767
-0.011682461538461537
-0.03066646153846154
-0.032544
-0.040262769230769234
-0.04631261538461538
-0.053614153846153846
-0.06425353846153846
-0.05382276923076923
-0.02899753846153846
0.006675692307692307
0.03421292307692308
0.058829538461538454
0.08636676923076922
0.10409907692307692
0.1316363076923077
0.14477907692307693
0.1476996923076923
0.14916
0.13768615384615385
0.12412615384615384
0.09700615384615385
0.06070707692307692
0.03108369230769231
0.010848
0.0014603076923076922
0.0029206153846153843
-0.003129230769230769
-0.005424
0.006675692307692307
0.033169846153846154
0.06571384615384615
0.09158215384615384
0.11014892307692307
0.10159569230769232
0.07739630769230768
0.04631261538461538
0.016480615384615385
-0.002712
-0.03504738461538461
-0.07280676923076923
-0.08657538461538461
-0.0855323076923077
-0.05862092307692307
-0.014603076923076923
0.028163076923076923
0.07948246153846153
0.11265230769230769
0.13643446153846153
0.15750461538461538
0.15291507692307693
0.12558646153846154
0.08031692307692308
0.030875076923076922
-0.006049846153846154
-0.026494153846153844
-0.027745846153846152
-0.029832
-0.026494153846153844
-0.0035464615384615383
0.019192615384615384
0.05069353846153846
0.06738276923076922
0.06905169230769231
0.06738276923076922
0.04985907692307692
0.03880246153846154
0.023990769230769232
-0.0022947692307692304
-0.02545107692307692
-0.04401784615384615
-0.05236246153846154
-0.058829538461538454
-0.06613107692307692
-0.06487938461538462
-0.06133292307692308
-0.052153846153846155
-0.03567323076923076
-0.02086153846153846
-0.006467076923076923
-0.002086153846153846
-0.004172307692307692
-0.006258461538461538
-0.009387692307692307
-0.008344615384615384
-0.021696
-0.04568676923076923
-0.07113784615384615
-0.08657538461538461
-0.07781353846153846
-0.05611753846153846
-0.030040615384615384
-0.0077187692307692304
0.014394461538461538
0.03233538461538461
0.046104
0.055491692307692304
0.05820369230769231
0.05611753846153846
0.045060923076923075
0.03400430769230769
0.024616615384615383
0.009804923076923077
-0.013560000000000001
-0.033169846153846154
-0.03567323076923076
-0.022947692307692308
-0.008136
0.009179076923076922
0.02899753846153846
0.04652123076923077
0.07426707692307692
0.09554584615384615
0.10368184615384615
0.09596307692307693
0.07009476923076922
0.04819015384615385
0.026702769230769228
0.016480615384615385
0.010848
0.0
0.003963692307692307
0.01668923076923077
0.026494153846153844
0.03671630769230769
0.03609046153846154
0.028163076923076923
0.01981846153846154
-0.0014603076923076922
-0.017940923076923077
-0.029206153846153847
-0.03692492307692308
-0.04109723076923077
-0.03859384615384615
-0.017940923076923077
0.006467076923076923
0.03296123076923077
0.05403138461538461
0.06425353846153846
0.07238953846153846
0.06362769230769232
0.042348923076923076
0.012099692307692308
-0.030040615384615384
-0.06529661538461538
-0.08866153846153846
-0.0963803076923077
-0.09012184615384615
-0.073224
-0.04088861538461538
0.014603076923076923
0.08115138461538463
0.14290153846153844
0.18483323076923078
0.1883796923076923
0.16793538461538463
0.13330523076923076
0.08115138461538463
0.01814953846153846
-0.04631261538461538
-0.10576799999999999
-0.14728246153846153
-0.16418030769230768
-0.14415323076923076
-0.09074769230769231
-0.028788923076923077
0.03504738461538461
0.0974233846153846
0.15813046153846153
0.19609846153846153
0.19463815384615382
0.1597993846153846
0.09053907692307692
0.005215384615384615
-0.07969107692307692
-0.15416676923076922
-0.19755876923076923
-0.21320492307692307
-0.1992276923076923
-0.14144123076923076
-0.05778646153846154
0.03650769230769231
0.12162276923076921
0.18066092307692305
0.22321846153846153
0.24595753846153845
0.24053353846153847
0.2021483076923077
0.132888
0.05382276923076923
-0.02232184615384615
-0.08094276923076923
-0.10576799999999999
-0.11202646153846153
-0.11035753846153845
-0.09512861538461538
-0.04714707692307692
0.023364923076923075
0.08636676923076922
0.13434830769230768
0.14686523076923075
0.13789476923076924
0.10618523076923077
0.06133292307692308
0.010848
-0.054657230769230764
-0.10681107692307691
-0.13935507692307691
-0.13935507692307691
-0.10931446153846153
-0.06946892307692307
-0.03108369230769231
0.0004172307692307692
0.028788923076923077
0.05736923076923077
0.07697907692307693
0.07927384615384615
0.05736923076923077
0.013560000000000001
-0.026702769230769228
-0.04860738461538461
-0.045895384615384616
-0.03379569230769231
-0.018358153846153843
0.016480615384615385
0.06717415384615384
0.1136953846153846
0.14957723076923077
0.16063384615384615
0.14269292307692305
0.11390399999999999
0.08031692307692308
0.04693846153846153
-0.0029206153846153843
-0.06446215384615385
-0.1136953846153846
-0.13998092307692306
-0.12579507692307693
-0.09679753846153846
-0.05277969230769231
-0.0033378461538461535
0.02858030769230769
0.06258461538461538
0.09053907692307692
0.10806276923076923
0.10347323076923076
0.07030338461538461
0.01981846153846154
-0.03024923076923077
-0.07030338461538461
-0.103056
-0.1368516923076923
-0.16584923076923075
-0.16584923076923075
-0.14018953846153845
-0.08469784615384615
-0.016480615384615385
0.03901107692307692
0.06967753846153846
0.06383630769230769
0.027328615384615382
-0.03567323076923076
-0.16209415384615386
-0.25555384615384613
-0.25200738461538463
-0.18942276923076923
-0.011056615384615385
0.20110523076923076
0.43704923076923075
0.6775827692307692
0.8576178461538461
0.9873766153846154
0.9865421538461538
0.8127655384615385
0.5227901538461539
0.184416
-0.14519630769230768
-0.39219692307692305
-0.5839144615384615
-0.6846756923076923
-0.6800861538461539
-0.5536652307692308
-0.301032
-0.017315076923076923
0.265776
0.4391353846153846
0.5282141538461538
0.5282141538461538
0.41660492307692304
0.2872633846153846
0.04047138461538462
-0.21028430769230766
-0.37050092307692306
-0.46625538461538457
-0.38280923076923074
-0.22634769230769228
-0.02858030769230769
0.19735015384615384
0.3198073846153846
0.4134756923076923
0.43663199999999996
0.3327415384615385
0.1842073846153846
-0.03901107692307692
-0.2221753846153846
-0.31000246153846156
-0.32543999999999995
-0.23448369230769228
-0.14436184615384615
-0.05069353846153846
0.042974769230769226
0.10618523076923077
0.17294215384615383
0.173568
0.1097316923076923
0.011891076923076923
-0.1449876923076923
-0.26786215384615386
-0.37321292307692305
-0.4921236923076923
-0.5565858461538462
-0.5853747692307693
-0.5138196923076923
-0.3344104615384615
-0.10201292307692307
0.18337292307692307
0.43663199999999996
0.6079052307692308
0.688848
0.6477507692307691
0.4781464615384615
0.19380369230769232
-0.12391753846153845
-0.3994984615384615
-0.5743181538461538
-0.6185446153846154
-0.5588806153846154
-0.39595199999999997
-0.1783661538461538
0.04214030769230769
0.26723630769230766
0.4178566153846154
0.4683415384615384
0.45624184615384616
0.37196123076923077
0.2699483076923077
0.14665661538461539
0.015646153846153844
-0.08490646153846154
-0.17169046153846151
-0.21070153846153844
-0.214248
-0.1779489230769231
-0.10952307692307692
-0.04902461538461538
0.028163076923076923
0.10639384615384614
0.17502830769230768
0.2221753846153846
0.19714153846153845
0.13455692307692307
0.062376
-0.019192615384615384
-0.06383630769230769
-0.08845292307692308
-0.09992676923076924
-0.05507446153846154
0.01668923076923077
0.1151556923076923
0.20444307692307692
0.23510953846153848
0.2225926153846154
0.13747753846153846
0.03024923076923077
-0.06279323076923077
-0.15270646153846154
-0.2238443076923077
-0.2753723076923077
-0.268488
-0.2140393846153846
-0.11619876923076923
0.01814953846153846
0.1205796923076923
0.18483323076923078
0.20840676923076923
0.18629353846153843
0.14269292307692305
0.04526953846153846
-0.08594953846153845
-0.20861538461538462
-0.3141747692307692
-0.36257353846153845
-0.35798399999999997
-0.31083692307692307
-0.23218892307692307
-0.14144123076923076
-0.03379569230769231
0.08365476923076923
0.1829556923076923
0.2357353846153846
0.22822523076923076
0.17544553846153846
0.09909230769230769
0.003755076923076923
-0.08094276923076923
-0.16689230769230767
-0.24032492307692307
-0.2680707692307692
-0.2680707692307692
-0.2090326153846154
-0.12016246153846154
-0.037967999999999995
0.053614153846153846
0.11452984615384615
0.15479261538461536
0.17315076923076922
0.15208061538461537
0.12391753846153845
0.08469784615384615
0.05611753846153846
0.053405538461538456
0.06362769230769232
0.0892873846153846
0.11265230769230769
0.13726892307692307
0.16730953846153845
0.18399876923076922
0.19568123076923075
0.18650215384615382
0.15395815384615386
0.11891076923076922
0.059664
0.012934153846153845
-0.012516923076923077
-0.04109723076923077
-0.03358707692307692
-0.0014603076923076922
0.05611753846153846
0.13205353846153844
0.19505538461538463
0.26681907692307694
0.32627446153846157
0.3554806153846154
0.3452584615384615
0.27286892307692306
0.1543753846153846
0.001043076923076923
-0.16063384615384615
-0.2989458461538462
-0.3994984615384615
-0.4451852307692308
-0.4405956923076923
-0.3815575384615385
-0.26076923076923075
-0.11327815384615383
0.032544
0.15520984615384617
0.24032492307692307
0.2868461538461538
0.2883064615384615
0.24658338461538462
0.15792184615384616
0.032544
-0.09554584615384615
-0.20152246153846154
-0.268488
-0.2832996923076923
-0.26535876923076923
-0.21132738461538458
-0.12350030769230769
-0.020027076923076922
0.10409907692307692
0.20360861538461536
0.25930892307692305
0.2674449230769231
0.22843384615384613
0.16626646153846153
0.07092923076923077
-0.037342153846153844
-0.13998092307692306
-0.22342707692307692
-0.26640184615384616
-0.26723630769230766
-0.21862892307692305
-0.14832553846153845
-0.07677046153846154
-0.0025033846153846152
0.06863446153846153
0.14144123076923076
0.19797599999999999
0.21487384615384614
0.19192615384615386
0.13893784615384613
0.07468430769230769
0.021487384615384613
-0.018983999999999997
-0.04672984615384615
-0.062376
-0.05924676923076923
-0.012516923076923077
0.058829538461538454
0.124752
0.16459753846153846
0.17711446153846155
0.17002153846153847
0.1504116923076923
0.12704676923076924
0.08845292307692308
0.04526953846153846
0.008136
-0.014185846153846153
-0.017732307692307693
-0.011265230769230769
-0.004589538461538461
-0.004798153846153846
-0.012308307692307691
-0.01397723076923077
-0.008136
-0.0043809230769230765
-0.0008344615384615384
-0.006675692307692307
-0.0077187692307692304
0.004589538461538461
0.02273907692307692
0.03901107692307692
0.03775938461538462
0.03337846153846154
0.028788923076923077
0.023364923076923075
0.01814953846153846
0.010848
-0.0022947692307692304
-0.01981846153846154
-0.026285538461538457
-0.027328615384615382
-0.01668923076923077
-0.0002086153846153846
0.02545107692307692
0.06321046153846153
0.10785415384615385
0.16042523076923076
0.20256553846153844
0.2225926153846154
0.21091015384615383
0.17398523076923075
0.116616
0.052153846153846155
-0.011265230769230769
-0.07635323076923077
-0.12725538461538463
-0.15625292307692307
-0.1502030769230769
-0.11452984615384615
-0.06967753846153846
-0.02482523076923077
0.014394461538461538
0.054240000000000003
0.09179076923076923
0.11223507692307692
0.11807630769230769
0.10409907692307692
0.06842584615384616
0.03379569230769231
0.0016689230769230767
-0.02899753846153846
-0.06049846153846154
-0.08699261538461538
-0.0880356923076923
-0.06321046153846153
-0.013142769230769229
0.05194523076923077
0.12245723076923076
0.18900553846153845
0.23907323076923076
0.28204799999999997
0.3054129230769231
0.2939390769230769
0.24908676923076922
0.1800350769230769
0.103056
0.023364923076923075
-0.04944184615384615
-0.10952307692307692
-0.15875630769230767
-0.1867107692307692
-0.1842073846153846
-0.15187199999999998
-0.0963803076923077
-0.03942830769230769
0.01043076923076923
0.04944184615384615
0.07531015384615385
0.09304246153846155
0.08949599999999999
0.06967753846153846
0.03921969230769231
0.006258461538461538
-0.017315076923076923
-0.03838523076923077
-0.05924676923076923
-0.08073415384615384
-0.10201292307692307
-0.10785415384615385
-0.09304246153846155
-0.07739630769230768
-0.06425353846153846
-0.05653476923076922
-0.054657230769230764
-0.040054153846153843
-0.013768615384615384
0.018983999999999997
0.052153846153846155
0.07551876923076924
0.10576799999999999
0.1435273846153846
0.16730953846153845
0.16981292307692308
0.13935507692307691
0.07781353846153846
-0.0002086153846153846
-0.08574092307692306
-0.1691870769230769
-0.23886461538461537
-0.28809784615384615
-0.3081249230769231
-0.2805876923076923
-0.20256553846153844
-0.09763200000000001
0.021904615384615383
0.13080184615384613
0.21862892307692305
0.287472
0.3137575384615385
0.2920615384615385
0.2207150769230769
0.11682461538461539
0.005215384615384615
-0.09950953846153845
-0.184416
-0.24574892307692306
-0.273912
-0.26619323076923074
-0.2154996923076923
-0.12725538461538463
-0.026285538461538457
0.06633969230769231
0.13101046153846155
0.16459753846153846
0.17023015384615386
0.1504116923076923
0.10889723076923077
0.04172307692307692
-0.03921969230769231
-0.1178676923076923
-0.1802436923076923
-0.22530461538461538
-0.26160369230769226
-0.2768326153846154
-0.273912
-0.24345415384615382
-0.1860849230769231
-0.12350030769230769
-0.05528307692307692
0.003129230769230769
0.04193169230769231
0.08010830769230769
0.1136953846153846
0.132888
0.13267938461538462
0.11265230769230769
0.092208
0.07510153846153846
0.058412307692307694
0.03942830769230769
0.015437538461538461
-0.02044430769230769
-0.061124307692307686
-0.08949599999999999
-0.10764553846153846
-0.11494707692307692
-0.11870215384615385
-0.10764553846153846
-0.06571384615384615
-0.004589538461538461
0.06613107692307692
0.13372246153846154
0.18879692307692306
0.2207150769230769
0.22697353846153845
0.20694646153846152
0.15792184615384616
0.09095630769230768
0.003963692307692307
-0.0828203076923077
-0.143736
-0.1760713846153846
-0.16981292307692308
-0.13768615384615385
-0.078648
0.00855323076923077
0.11432123076923076
0.21904615384615383
0.2943563076923077
0.32982092307692307
0.32043323076923075
0.2791273846153846
0.208824
0.116616
0.009804923076923077
-0.09763200000000001
-0.1910916923076923
-0.24345415384615382
-0.25367630769230765
-0.23615261538461538
-0.19547261538461536
-0.15374953846153847
-0.11327815384615383
-0.09533723076923077
-0.04380923076923077
0.04422646153846154
0.11181784615384616
0.20861538461538462
0.2947735384615384
0.37926276923076924
0.4752258461538461
0.5061009230769231
0.504432
0.3949089230769231
0.2342750769230769
0.05924676923076923
-0.15270646153846154
-0.3054129230769231
-0.48190153846153844
-0.5818283076923076
-0.5930935384615384
-0.5236246153846154
-0.3321156923076923
-0.13184492307692308
0.13080184615384613
0.38948492307692306
0.5930935384615384
0.7353692307692308
0.7370381538461539
0.647124923076923
0.46625538461538457
0.20778092307692309
-0.07384984615384615
-0.3652855384615385
-0.6014381538461538
-0.7485120000000001
-0.7889833846153846
-0.7057458461538462
-0.5415655384615384
-0.31667815384615383
-0.06383630769230769
0.1779489230769231
0.3844781538461538
0.4994252307692308
0.5444861538461538
0.5250849230769231
0.4345458461538461
0.30708184615384615
0.13935507692307691
-0.03859384615384615
-0.20548615384615385
-0.36445107692307693
-0.4919150769230769
-0.5688941538461538
-0.5782818461538461
-0.5069353846153847
-0.3717526153846154
-0.19881046153846152
-0.009179076923076922
0.17023015384615386
0.3321156923076923
0.469176
0.5446947692307692
0.5465723076923077
0.4848221538461538
0.37884553846153846
0.2438713846153846
0.0826116923076923
-0.10201292307692307
-0.2981113846153846
-0.45102646153846154
-0.5403138461538461
-0.5626356923076923
-0.5077698461538461
-0.39365723076923076
-0.22321846153846153
-0.012516923076923077
0.21612553846153845
0.4383009230769231
0.6039415384615384
0.6832153846153847
0.6700726153846154
0.5632615384615385
0.3798886153846154
0.15249784615384615
-0.08386338461538462
-0.2926873846153846
-0.4489403076923077
-0.5296744615384615
-0.5213298461538461
-0.43245969230769227
-0.2914356923076923
-0.12308307692307692
0.06383630769230769
0.24595753846153845
0.4080516923076923
0.531552
0.5907987692307692
0.5707716923076922
0.4906633846153846
0.355272
0.18504184615384617
0.012308307692307691
-0.157296
-0.2897667692307692
-0.3682061538461538
-0.3811403076923077
-0.3314898461538462
-0.23281476923076924
-0.0961716923076923
0.06300184615384616
0.2238443076923077
0.3508910769230769
0.43058215384615384
0.444768
0.4011673846153846
0.3350363076923077
0.24908676923076922
0.15291507692307693
0.04860738461538461
-0.05674338461538461
-0.1397723076923077
-0.1908830769230769
-0.2073636923076923
-0.19964492307692308
-0.1637630769230769
-0.10076123076923077
-0.01814953846153846
0.07635323076923077
0.15270646153846154
0.2125790769230769
0.2426196923076923
0.23803015384615384
0.2154996923076923
0.168144
0.10743692307692307
0.027328615384615382
-0.06133292307692308
-0.1422756923076923
-0.20506892307692307
-0.233232
-0.2292683076923077
-0.1977673846153846
-0.15875630769230767
-0.11724184615384614
-0.06487938461538462
-0.0043809230769230765
0.051528
0.08740984615384616
0.10159569230769232
0.10514215384615383
0.10430769230769231
0.09074769230769231
0.05048492307692308
-0.007510153846153846
-0.06717415384615384
-0.10722830769230769
-0.11974523076923077
-0.11640738461538462
-0.10785415384615385
-0.09512861538461538
-0.06800861538461538
-0.027120000000000002
0.03108369230769231
0.09241661538461539
0.14144123076923076
0.1691870769230769
0.17023015384615386
0.15249784615384615
0.1151556923076923
0.05799507692307692
-0.01272553846153846
-0.08845292307692308
-0.15124615384615384
-0.18170399999999998
-0.18525046153846153
-0.16063384615384615
-0.11098338461538461
-0.047772923076923074
0.031918153846153846
0.11891076923076922
0.20673784615384616
0.2814221538461538
0.3114627692307692
0.2997803076923077
0.25138153846153843
0.1775316923076923
0.09074769230769231
-0.013560000000000001
-0.11327815384615383
-0.1923433846153846
-0.24053353846153847
-0.24658338461538462
-0.21967199999999998
-0.16605784615384614
-0.09179076923076923
0.003129230769230769
0.10910584615384614
0.19526400000000002
0.2526332307692308
0.26786215384615386
0.23344061538461539
0.1637630769230769
0.06905169230769231
-0.03296123076923077
-0.1422756923076923
-0.25012984615384615
-0.33607938461538456
-0.3907366153846154
-0.39115384615384613
-0.3419206153846154
-0.25972615384615383
-0.15228923076923076
-0.03692492307692308
0.07635323076923077
0.17231630769230769
0.23844738461538462
0.25972615384615383
0.2221753846153846
0.14436184615384615
0.058412307692307694
-0.028788923076923077
-0.11452984615384615
-0.1913003076923077
-0.25012984615384615
-0.2782929230769231
-0.2716172307692308
-0.22634769230769228
-0.15959076923076923
-0.08490646153846154
-0.004589538461538461
0.07948246153846153
0.15917353846153848
0.21091015384615383
0.23156307692307693
0.22864246153846152
0.20319138461538463
0.16605784615384614
0.11599015384615384
0.04860738461538461
-0.02795446153846154
-0.10910584615384614
-0.1775316923076923
-0.21696000000000001
-0.22989415384615383
-0.21800307692307694
-0.1860849230769231
-0.1397723076923077
-0.07531015384615385
0.002086153846153846
0.0853236923076923
0.1635544615384615
0.22280123076923075
0.2563883076923077
0.2618123076923077
0.24491446153846153
0.208824
0.1462393846153846
0.06446215384615385
-0.014603076923076923
-0.08031692307692308
-0.12037107692307693
-0.13810338461538463
-0.13893784615384613
-0.12099692307692309
-0.07906523076923076
-0.010013538461538461
0.06926030769230769
0.14582215384615385
0.19651569230769228
0.21842030769230766
0.22405292307692307
0.20486030769230767
0.1570873846153846
0.09074769230769231
0.017523692307692306
-0.05236246153846154
-0.10493353846153847
-0.13852061538461538
-0.15270646153846154
-0.14519630769230768
-0.12308307692307692
-0.08031692307692308
-0.027745846153846152
0.031709538461538456
0.08845292307692308
0.12662953846153846
0.14665661538461539
0.14081538461538462
0.12725538461538463
0.09971815384615385
0.05820369230769231
0.019609846153846155
-0.021278769230769233
-0.04631261538461538
-0.04985907692307692
-0.042974769230769226
-0.027745846153846152
-0.013142769230769229
0.003755076923076923
0.015646153846153844
0.01043076923076923
-0.011682461538461537
-0.049233230769230765
-0.0855323076923077
-0.11432123076923076
-0.12579507692307693
-0.11578153846153846
-0.0936683076923077
-0.06675692307692307
-0.03337846153846154
0.005841230769230769
0.0446436923076923
0.07885661538461539
0.09408553846153846
0.09304246153846155
0.0826116923076923
0.06467076923076923
0.044435076923076924
0.023782153846153845
0.0022947692307692304
-0.017940923076923077
-0.030875076923076922
-0.02482523076923077
0.004589538461538461
0.03379569230769231
0.06300184615384616
0.0963803076923077
0.12621230769230768
0.15875630769230767
0.1842073846153846
0.18879692307692306
0.17002153846153847
0.13643446153846153
0.09491999999999999
0.0448523076923077
-0.015437538461538461
-0.07781353846153846
-0.13330523076923076
-0.1718990769230769
-0.18358153846153846
-0.18316430769230768
-0.168144
-0.14039815384615384
-0.10389046153846154
-0.05382276923076923
0.0002086153846153846
0.054240000000000003
0.09199938461538461
0.10994030769230768
0.11160923076923077
0.10076123076923077
0.08949599999999999
0.06028984615384615
0.009804923076923077
-0.04672984615384615
-0.103056
-0.13852061538461538
-0.14853415384615384
-0.1341396923076923
-0.09784061538461537
-0.054657230769230764
0.0002086153846153846
0.06613107692307692
0.1356
0.19505538461538463
0.23239753846153846
0.25451076923076926
0.2626467692307692
0.2563883076923077
0.22989415384615383
0.1693956923076923
0.08636676923076922
0.0029206153846153843
-0.06800861538461538
-0.1070196923076923
-0.11828492307692307
-0.11014892307692307
-0.09158215384615384
-0.054657230769230764
0.006049846153846154
0.06821723076923077
0.116616
0.14290153846153844
0.15124615384615384
0.13935507692307691
0.1151556923076923
0.08156861538461539
0.03483876923076923
-0.01940123076923077
-0.073224
-0.10368184615384615
-0.10868861538461538
-0.10138707692307691
-0.0974233846153846
-0.08636676923076922
-0.05716061538461538
-0.014394461538461538
0.040262769230769234
0.08720123076923077
0.11891076923076922
0.13497415384615385
0.12913292307692306
0.11557292307692307
0.09074769230769231
0.04547815384615384
-0.01043076923076923
-0.06633969230769231
-0.10576799999999999
-0.12120553846153845
-0.11682461538461539
-0.09700615384615385
-0.06049846153846154
-0.007510153846153846
0.056951999999999996
0.12829846153846153
0.1787833846153846
0.192552
0.1760713846153846
0.13121907692307694
0.09012184615384615
0.06008123076923077
0.02753723076923077
0.001043076923076923
-0.021696
-0.029623384615384614
-0.006884307692307692
0.02858030769230769
0.05924676923076923
0.07927384615384615
0.09304246153846155
0.10639384615384614
0.12037107692307693
0.13622584615384614
0.13518276923076925
0.11494707692307692
0.08699261538461538
0.06028984615384615
0.038176615384615385
0.01272553846153846
-0.021070153846153846
-0.06446215384615385
-0.09408553846153846
-0.10076123076923077
-0.09033046153846153
-0.06967753846153846
-0.05298830769230769
-0.03108369230769231
-0.01814953846153846
-0.012308307692307691
-0.015437538461538461
-0.03066646153846154
-0.05319692307692307
-0.07885661538461539
-0.08782707692307692
-0.07489292307692308
-0.056951999999999996
-0.05507446153846154
-0.05590892307692308
-0.06592246153846154
-0.06633969230769231
-0.08052553846153847
-0.0853236923076923
-0.07948246153846153
-0.03129230769230769
0.07781353846153846
0.24887815384615386
0.48461353846153843
0.5753612307692307
0.6802947692307691
0.7499723076923077
0.7314055384615383
0.7222264615384616
0.5202867692307692
0.2774584615384615
-0.051319384615384614
-0.36778892307692307
-0.5832886153846154
-0.8229876923076923
-0.9448190769230769
-1.040364923076923
-0.9877938461538461
-0.7658270769230768
-0.4746
-0.059038153846153844
0.2805876923076923
0.5830799999999999
0.8377993846153846
0.9452363076923076
0.9930092307692308
0.8480215384615384
0.5574203076923077
0.22488738461538463
-0.2273907692307692
-0.5839144615384615
-0.8457267692307692
-1.0578886153846152
-1.093561846153846
-1.0645643076923077
-0.8818172307692307
-0.5603409230769231
-0.1800350769230769
0.2860116923076923
0.672576
0.9711046153846153
1.173252923076923
1.2324996923076923
1.1838923076923078
0.9352227692307692
0.5426086153846154
0.09825784615384614
-0.3744646153846154
-0.7241040000000001
-0.9681839999999999
-1.1085821538461538
-1.0835483076923076
-0.9560843076923077
-0.6875963076923076
-0.3327415384615385
0.014811692307692307
0.37425600000000003
0.656304
0.8709692307692307
1.0303513846153844
1.0480836923076924
0.946488
0.696984
0.35798399999999997
-0.0018775384615384615
-0.3711267692307692
-0.6740363076923077
-0.916656
-1.0470406153846155
-1.0530904615384615
-0.9466966153846154
-0.6681950769230769
-0.3187643076923077
0.06279323076923077
0.4616658461538461
0.7710424615384616
1.0069864615384616
1.1140061538461539
1.0789587692307692
0.9335538461538462
0.6414923076923077
0.2993630769230769
-0.06300184615384616
-0.4220289230769231
-0.7270246153846154
-0.9767372307692308
-1.100654769230769
-1.0806276923076923
-0.9187421538461538
-0.6312701538461538
-0.2764153846153846
0.12537784615384615
0.52884
0.8645021538461538
1.1150492307692308
1.2064227692307692
1.1196387692307692
0.9095630769230768
0.5691027692307692
0.19296923076923078
-0.18525046153846153
-0.5474067692307693
-0.8123483076923077
-0.9978073846153847
-1.0466233846153845
-0.9404381538461539
-0.7226436923076922
-0.4078430769230769
-0.06383630769230769
0.28267384615384616
0.588504
0.8186067692307691
0.9713132307692307
0.9771544615384615
0.8484387692307691
0.5997692307692307
0.2526332307692308
-0.0974233846153846
-0.4478972307692307
-0.7397501538461538
-0.9300073846153846
-1.034940923076923
-0.98988
-0.8231963076923076
-0.5797421538461539
-0.27975323076923075
0.023990769230769232
0.33002953846153843
0.6039415384615384
0.7935729230769231
0.8753501538461538
0.8225704615384615
0.6675692307692307
0.44622830769230765
0.18149538461538461
-0.07593599999999999
-0.3246055384615385
-0.52884
-0.6615193846153845
-0.721392
-0.6652744615384616
-0.5321778461538461
-0.34463261538461537
-0.11223507692307692
0.10576799999999999
0.3087507692307692
0.4783550769230769
0.5843316923076923
0.634608
0.5876695384615385
0.46312615384615385
0.29873723076923075
0.10430769230769231
-0.07280676923076923
-0.2436627692307692
-0.38072307692307694
-0.4752258461538461
-0.5275883076923077
-0.5033889230769231
-0.4353803076923077
-0.32377107692307694
-0.1794092307692308
-0.03629907692307692
0.11473846153846154
0.2371956923076923
0.31855569230769226
0.37091815384615384
0.37363015384615383
0.3483876923076923
0.29185292307692307
0.20277415384615383
0.11306953846153844
0.025033846153846153
-0.040262769230769234
-0.07739630769230768
-0.08135999999999999
-0.043600615384615383
0.004798153846153846
0.06383630769230769
0.11682461538461539
0.14394461538461537
0.1489513846153846
0.13101046153846155
0.1097316923076923
0.08010830769230769
0.03942830769230769
0.011265230769230769
-0.008970461538461538
-0.02023569230769231
-0.02044430769230769
-0.024199384615384616
-0.0077187692307692304
0.013768615384615384
0.023782153846153845
0.026076923076923077
-0.0002086153846153846
-0.030875076923076922
-0.05924676923076923
-0.09283384615384616
-0.11974523076923077
-0.15291507692307693
-0.1696043076923077
-0.16605784615384614
-0.15291507692307693
-0.10660246153846153
-0.05716061538461538
0.0025033846153846152
0.06675692307692307
0.11348676923076922
0.16418030769230768
0.1785747692307692
0.16501476923076921
0.13893784615384613
0.09053907692307692
0.04631261538461538
-0.008344615384615384
-0.07489292307692308
-0.13038461538461538
-0.17315076923076922
-0.1883796923076923
-0.17586276923076924
-0.14311015384615386
-0.08344615384615384
0.0004172307692307692
0.09846646153846153
0.1992276923076923
0.2803790769230769
0.32606584615384615
0.32585723076923073
0.2920615384615385
0.23198030769230768
0.1504116923076923
0.06467076923076923
-0.030875076923076922
-0.13059323076923077
-0.21195323076923075
-0.260352
-0.26640184615384616
-0.2261390769230769
-0.15667015384615385
-0.06133292307692308
0.04860738461538461
0.16042523076923076
0.2712
0.3611132307692308
0.4090947692307692
0.4090947692307692
0.36632861538461536
0.29185292307692307
0.1942209230769231
0.07384984615384615
-0.052153846153846155
-0.16292861538461537
-0.24074215384615386
-0.2751636923076923
-0.26160369230769226
-0.208824
-0.12662953846153846
-0.020652923076923076
0.09930092307692308
0.22196676923076922
0.32377107692307694
0.39282276923076925
0.41973415384615387
0.39928984615384616
0.3375396923076923
0.238656
0.11452984615384615
-0.027745846153846152
-0.16209415384615386
-0.26097784615384617
-0.3202246153846154
-0.31813846153846154
-0.26869661538461537
-0.19609846153846153
-0.08866153846153846
0.03337846153846154
0.15604430769230768
0.25972615384615383
0.3102110769230769
0.30207507692307695
0.2415766153846154
0.15082892307692305
0.046104
-0.06592246153846154
-0.1792006153846154
-0.279336
-0.3410861538461538
-0.371544
-0.3707095384615384
-0.3385827692307692
-0.29227015384615385
-0.2209236923076923
-0.13101046153846155
-0.035464615384615386
0.052571076923076915
0.11599015384615384
0.14728246153846153
0.14749107692307692
0.127464
0.09241661538461539
0.040262769230769234
-0.023364923076923075
-0.08365476923076923
-0.1316363076923077
-0.1506203076923077
-0.14582215384615385
-0.11599015384615384
-0.05799507692307692
0.00855323076923077
0.09596307692307693
0.18650215384615382
0.265776
0.3229366153846154
0.327108923076923
0.3012406153846154
0.2578486153846154
0.19442953846153843
0.12496061538461539
0.038176615384615385
-0.05507446153846154
-0.12496061538461539
-0.1712732307692308
-0.1829556923076923
-0.16710092307692306
-0.14123261538461537
-0.09554584615384615
-0.03296123076923077
0.04088861538461538
0.111192
0.15604430769230768
0.17398523076923075
0.1639716923076923
0.1356
0.09554584615384615
0.028788923076923077
-0.05799507692307692
-0.15208061538461537
-0.22718215384615387
-0.2517987692307692
-0.2342750769230769
-0.17502830769230768
-0.09491999999999999
-0.008136
0.09658892307692307
0.200688
0.2920615384615385
0.3538116923076923
0.3615304615384615
0.3206418461538461
0.24887815384615386
0.1614683076923077
0.06529661538461538
-0.03755076923076923
-0.13038461538461538
-0.20047938461538461
-0.2273907692307692
-0.21654276923076923
-0.17481969230769231
-0.10389046153846154
-0.021904615384615383
0.08115138461538463
0.1846246153846154
0.2814221538461538
0.36215630769230767
0.38760738461538463
0.35798399999999997
0.29748553846153847
0.21111876923076925
0.1070196923076923
-0.010639384615384617
-0.14144123076923076
-0.2411593846153846
-0.306456
-0.32585723076923073
-0.2914356923076923
-0.2374043076923077
-0.16188553846153847
-0.07405846153846153
0.018983999999999997
0.11953661538461538
0.19588984615384614
0.23260615384615385
0.23364923076923078
0.21299630769230768
0.18900553846153845
0.15103753846153847
0.10347323076923076
0.040679999999999994
-0.03609046153846154
-0.09804923076923076
-0.14477907692307693
-0.16856123076923077
-0.18149538461538461
-0.19067446153846154
-0.1777403076923077
-0.13330523076923076
-0.05590892307692308
0.029623384615384614
0.10576799999999999
0.16981292307692308
0.22676492307692306
0.26494153846153845
0.2768326153846154
0.26452430769230767
0.20506892307692307
0.09784061538461537
-0.026076923076923077
-0.1314276923076923
-0.2194633846153846
-0.2926873846153846
-0.3481790769230769
-0.37926276923076924
-0.3684147692307692
-0.3179298461538461
-0.23239753846153846
-0.12955015384615384
-0.026285538461538457
0.06946892307692307
0.14978584615384616
0.21153599999999997
0.23907323076923076
0.2194633846153846
0.15604430769230768
0.06258461538461538
-0.03671630769230769
-0.13080184615384613
-0.21675138461538462
-0.2897667692307692
-0.3419206153846154
-0.3575667692307692
-0.32231076923076923
-0.24574892307692306
-0.14686523076923075
-0.045895384615384616
0.04756430769230769
0.132888
0.19651569230769228
0.2303113846153846
0.22676492307692306
0.19025723076923076
0.13330523076923076
0.06738276923076922
0.002086153846153846
-0.05486584615384615
-0.0961716923076923
-0.12412615384615384
-0.13309661538461537
-0.11244369230769231
-0.0798996923076923
-0.042557538461538466
-0.011056615384615385
0.016063384615384615
0.031709538461538456
0.03212676923076923
0.05611753846153846
0.07885661538461539
0.10597661538461538
0.11974523076923077
0.124752
0.14331876923076922
0.1693956923076923
0.19046584615384615
0.2290596923076923
0.2883064615384615
0.20319138461538463
0.11599015384615384
0.035255999999999996
-0.06321046153846153
-0.049233230769230765
-0.1422756923076923
-0.22551323076923077
-0.28100492307692304
-0.29185292307692307
-0.14018953846153845
-0.037342153846153844
0.08782707692307692
0.16313723076923078
0.2330233846153846
0.3821833846153846
0.44977476923076926
0.49045476923076925
0.3617390769230769
0.14206707692307693
-0.014394461538461538
-0.19046584615384615
-0.2578486153846154
-0.3210590769230769
-0.3811403076923077
-0.32231076923076923
-0.2939390769230769
-0.15959076923076923
0.03150092307692308
0.1397723076923077
0.2780843076923077
0.29727692307692305
0.24512307692307692
0.200688
0.10138707692307691
0.06279323076923077
-0.005215384615384615
-0.11494707692307692
-0.18858830769230767
-0.24574892307692306
-0.21508246153846153
-0.1706473846153846
-0.15082892307692305
-0.12141415384615384
-0.11223507692307692
-0.03275261538461539
0.05757784615384615
0.07927384615384615
0.09012184615384615
0.047772923076923074
0.024408000000000003
0.04401784615384615
0.027328615384615382
0.038176615384615385
0.03921969230769231
0.023364923076923075
0.07009476923076922
0.09700615384615385
0.10389046153846154
0.09241661538461539
0.03838523076923077
-0.0050067692307692304
-0.05319692307692307
-0.08156861538461539
-0.08574092307692306
-0.05757784615384615
-0.009596307692307692
0.029832
0.11432123076923076
0.19380369230769232
0.2507556923076923
0.29414769230769233
0.260352
0.19755876923076923
0.11953661538461538
0.02482523076923077
-0.04547815384615384
-0.138312
-0.21612553846153845
-0.23969907692307693
-0.23281476923076924
-0.1794092307692308
-0.1136953846153846
-0.03296123076923077
0.07259815384615384
0.16793538461538463
0.23010276923076922
0.23677846153846152
0.21195323076923075
0.16251138461538459
0.07635323076923077
-0.02211323076923077
-0.13226215384615383
-0.22676492307692306
-0.25138153846153843
-0.24616615384615384
-0.19630707692307692
-0.08699261538461538
0.02023569230769231
0.14999446153846155
0.25284184615384614
0.3035353846153846
0.3467187692307692
0.33587076923076925
0.2849686153846154
0.1990190769230769
0.07572738461538461
-0.04819015384615385
-0.15604430769230768
-0.21070153846153844
-0.2194633846153846
-0.1927606153846154
-0.14477907692307693
-0.08386338461538462
0.012099692307692308
0.11327815384615383
0.208824
0.27850153846153847
0.2805876923076923
0.24720923076923076
0.20402584615384614
0.14164984615384615
0.06905169230769231
-0.01272553846153846
-0.08469784615384615
-0.11682461538461539
-0.11703323076923078
-0.09325107692307691
-0.0678
-0.06300184615384616
-0.046104
-0.012308307692307691
0.027120000000000002
0.05736923076923077
0.06404492307692307
0.053405538461538456
0.02482523076923077
0.013768615384615384
0.021487384615384613
0.03942830769230769
0.07259815384615384
0.07238953846153846
0.052571076923076915
0.04401784615384615
0.040054153846153843
0.05194523076923077
0.03859384615384615
-0.014603076923076923
-0.06133292307692308
-0.08490646153846154
-0.065088
-0.003755076923076923
0.04985907692307692
0.09909230769230769
0.15291507692307693
0.22008923076923076
0.29581661538461534
0.33941723076923075
0.33607938461538456
0.26452430769230767
0.16730953846153845
0.07656184615384615
-0.021696
-0.11202646153846153
-0.1992276923076923
-0.2620209230769231
-0.2814221538461538
-0.27474646153846155
-0.21737723076923077
-0.12099692307692309
-0.03337846153846154
0.04526953846153846
0.11703323076923078
0.18545907692307692
0.23406646153846156
0.22864246153846152
0.17732307692307692
0.09325107692307691
-0.005632615384615384
-0.08845292307692308
-0.14978584615384616
-0.19359507692307693
-0.22634769230769228
-0.23782153846153845
-0.20131384615384615
-0.11891076923076922
-0.017315076923076923
0.06946892307692307
0.1395636923076923
0.2125790769230769
0.2768326153846154
0.32669169230769235
0.33941723076923075
0.2979027692307692
0.2374043076923077
0.16042523076923076
0.08031692307692308
0.015437538461538461
-0.054657230769230764
-0.12204
-0.1712732307692308
-0.17273353846153844
-0.12642092307692307
-0.06195876923076923
0.00855323076923077
0.06362769230769232
0.10430769230769231
0.13372246153846154
0.14728246153846153
0.14123261538461537
0.10180430769230768
0.04276615384615385
-0.026494153846153844
-0.09554584615384615
-0.1449876923076923
-0.18086953846153844
-0.20339999999999997
-0.20256553846153844
-0.18212123076923076
-0.13852061538461538
-0.07510153846153846
-0.01272553846153846
0.03713353846153846
0.06195876923076923
0.06946892307692307
0.07259815384615384
0.06988615384615385
0.05507446153846154
0.02899753846153846
0.015228923076923076
0.006049846153846154
-0.01272553846153846
-0.031918153846153846
-0.05444861538461539
-0.07614461538461538
-0.0853236923076923
-0.086784
-0.07468430769230769
-0.065088
-0.06884307692307692
-0.05486584615384615
-0.022947692307692308
0.01814953846153846
0.05111076923076923
0.06341907692307691
0.06633969230769231
0.054240000000000003
0.03984553846153846
0.02545107692307692
0.006258461538461538
-0.01043076923076923
-0.043392
-0.08448923076923077
-0.12037107692307693
-0.14540492307692307
-0.138312
-0.11494707692307692
-0.07823076923076923
-0.01397723076923077
0.06425353846153846
0.15354092307692307
0.22947692307692308
0.26765353846153844
0.2818393846153846
0.2563883076923077
0.20715507692307691
0.1356
0.03337846153846154
-0.05924676923076923
-0.14123261538461537
-0.1860849230769231
-0.18983999999999998
-0.1691870769230769
-0.10326461538461539
-0.02023569230769231
0.06800861538461538
0.1531236923076923
0.19797599999999999
0.2125790769230769
0.1846246153846154
0.12204
0.05382276923076923
-0.03233538461538461
-0.1151556923076923
-0.18942276923076923
-0.24658338461538462
-0.2588916923076923
-0.24074215384615386
-0.18191261538461537
-0.09575446153846154
-0.003755076923076923
0.10138707692307691
0.19338646153846153
0.2722430769230769
0.31918153846153846
0.31667815384615383
0.28434276923076923
0.21654276923076923
0.12829846153846153
0.03400430769230769
-0.07051199999999999
-0.1635544615384615
-0.2342750769230769
-0.2689052307692308
-0.24512307692307692
-0.192552
-0.11974523076923077
-0.03421292307692308
0.04526953846153846
0.12496061538461539
0.18379015384615385
0.20778092307692309
0.19067446153846154
0.13476553846153844
0.06467076923076923
-0.008344615384615384
-0.08031692307692308
-0.1531236923076923
-0.21633415384615384
-0.24595753846153845
-0.23886461538461537
-0.19463815384615382
-0.12788123076923075
-0.05444861538461539
0.01043076923076923
0.065088
0.11223507692307692
0.14519630769230768
0.15354092307692307
0.12162276923076921
0.07280676923076923
0.01397723076923077
-0.04172307692307692
-0.08115138461538463
-0.11452984615384615
-0.13768615384615385
-0.1506203076923077
-0.14519630769230768
-0.11265230769230769
-0.06738276923076922
-0.03045784615384615
-0.004589538461538461
0.017940923076923077
0.04318338461538461
0.06321046153846153
0.062376
0.026285538461538457
-0.03713353846153846
-0.09179076923076923
-0.11870215384615385
-0.11578153846153846
-0.09763200000000001
-0.07635323076923077
-0.04860738461538461
-0.01710646153846154
0.018983999999999997
0.04819015384615385
0.06988615384615385
0.08156861538461539
0.08115138461538463
0.09387692307692307
0.12037107692307693
0.14999446153846155
0.16981292307692308
0.15938215384615384
0.1356
0.11390399999999999
0.08574092307692306
0.05069353846153846
0.0006258461538461538
-0.058829538461538454
-0.09909230769230769
-0.10201292307692307
-0.06821723076923077
-0.014811692307692307
0.031709538461538456
0.06675692307692307
0.10660246153846153
0.14978584615384616
0.18650215384615382
0.19359507692307693
0.14811692307692306
0.07009476923076922
-0.010848
-0.08761846153846153
-0.157296
-0.21988061538461537
-0.26494153846153845
-0.26640184615384616
-0.21842030769230766
-0.11870215384615385
0.010639384615384617
0.13476553846153844
0.25346769230769234
0.35318584615384613
0.4314166153846154
0.47960676923076917
0.47126215384615383
0.4017932307692308
0.2828824615384615
0.13643446153846153
-0.0025033846153846152
-0.12287446153846153
-0.22175815384615383
-0.2805876923076923
-0.2966510769230769
-0.2424110769230769
-0.12704676923076924
0.023990769230769232
0.18128676923076922
0.2906012307692308
0.3692492307692308
0.40930338461538457
0.40200184615384615
0.3517255384615385
0.2369870769230769
0.08991323076923076
-0.06571384615384615
-0.19818461538461538
-0.2855944615384615
-0.33607938461538456
-0.3467187692307692
-0.314592
-0.23052
-0.1178676923076923
0.010222153846153844
0.12704676923076924
0.20131384615384615
0.24512307692307692
0.2582658461538461
0.25305046153846156
0.22718215384615387
0.18107815384615383
0.1218313846153846
0.048816000000000005
-0.015020307692307692
-0.06446215384615385
-0.0892873846153846
-0.09867507692307692
-0.1151556923076923
-0.12579507692307693
-0.12913292307692306
-0.11056615384615384
-0.09241661538461539
-0.09408553846153846
-0.09450276923076922
-0.103056
-0.10931446153846153
-0.1178676923076923
-0.1368516923076923
-0.17023015384615386
-0.15270646153846154
-0.065088
0.05653476923076922
0.2209236923076923
0.35631507692307696
0.48628246153846155
0.585792
0.6341907692307692
0.6287667692307692
0.4942098461538461
0.31250584615384613
0.10535076923076922
-0.08115138461538463
-0.2497126153846154
-0.39970707692307694
-0.46375199999999994
-0.4647950769230769
-0.34296369230769225
-0.15646153846153846
0.055491692307692304
0.28955815384615385
0.46667261538461535
0.5910073846153846
0.618336
0.539688
0.38343507692307693
0.15813046153846153
-0.09679753846153846
-0.3575667692307692
-0.5709803076923077
-0.7005304615384614
-0.7226436923076922
-0.6396147692307692
-0.48711692307692306
-0.2828824615384615
-0.08386338461538462
0.09825784615384614
0.25513661538461535
0.3235624615384615
0.31229723076923077
0.25951753846153847
0.1992276923076923
0.16772676923076923
0.138312
0.09283384615384616
0.04422646153846154
0.0022947692307692304
-0.02086153846153846
-0.04547815384615384
-0.08720123076923077
-0.14457046153846154
-0.184416
-0.18629353846153843
-0.15813046153846153
-0.10952307692307692
-0.07197230769230768
-0.03921969230769231
0.014394461538461538
0.08177723076923075
0.15187199999999998
0.22843384615384613
0.2897667692307692
0.32648307692307693
0.33816553846153846
0.2807963076923077
0.16626646153846153
0.006884307692307692
-0.18712800000000002
-0.3767593846153846
-0.5394793846153846
-0.6197963076923076
-0.6016467692307692
-0.4985907692307692
-0.32001599999999997
-0.09804923076923076
0.1422756923076923
0.37884553846153846
0.565764923076923
0.6508799999999999
0.6206307692307692
0.5019286153846154
0.34275507692307694
0.15938215384615384
-0.02858030769230769
-0.20715507692307691
-0.35047384615384614
-0.42077723076923074
-0.41389292307692305
-0.33649661538461534
-0.21800307692307694
-0.07426707692307692
0.08469784615384615
0.23677846153846152
0.35318584615384613
0.40992923076923077
0.3944916923076923
0.32585723076923073
0.22175815384615383
0.09179076923076923
-0.03671630769230769
-0.13768615384615385
-0.19755876923076923
-0.21508246153846153
-0.1881710769230769
-0.12329169230769231
-0.040679999999999994
0.042557538461538466
0.0961716923076923
0.09825784615384614
0.065088
0.0016689230769230767
-0.06717415384615384
-0.11828492307692307
-0.16084246153846155
-0.17481969230769231
-0.14916
-0.078648
0.029206153846153847
0.13601723076923075
0.21904615384615383
0.26118646153846153
0.26681907692307694
0.241368
0.165432
0.03567323076923076
-0.12266584615384615
-0.27620676923076926
-0.3982467692307692
-0.4645864615384615
-0.46625538461538457
-0.41556184615384617
-0.32001599999999997
-0.1718990769230769
0.0077187692307692304
0.1800350769230769
0.3239796923076923
0.4141015384615384
0.43976123076923074
0.3947003076923077
0.2799618461538461
0.12537784615384615
-0.04714707692307692
-0.21111876923076925
-0.33983446153846153
-0.41973415384615387
-0.4387181538461538
-0.38593846153846156
-0.27975323076923075
-0.1435273846153846
0.01668923076923077
0.18170399999999998
0.3323243076923077
0.4443507692307692
0.49087200000000003
0.46729846153846155
0.3942830769230769
0.29832
0.18921415384615384
0.078648
-0.03379569230769231
-0.12955015384615384
-0.192552
-0.22718215384615387
-0.22280123076923075
-0.20465169230769228
-0.17628
-0.13810338461538463
-0.09137353846153846
-0.03942830769230769
0.0035464615384615383
0.04965046153846154
0.08428061538461538
0.11557292307692307
0.14811692307692306
0.16501476923076921
0.16856123076923077
0.16063384615384615
0.14582215384615385
0.12642092307692307
0.0934596923076923
0.05173661538461538
0.005841230769230769
-0.058412307692307694
-0.130176
-0.19609846153846153
-0.24053353846153847
-0.2517987692307692
-0.22467876923076924
-0.16251138461538459
-0.07489292307692308
0.040679999999999994
0.16480615384615382
0.2864289230769231
0.376968
0.4076344615384615
0.38885907692307686
0.3160523076923077
0.20319138461538463
0.05611753846153846
-0.1178676923076923
-0.2776670769230769
-0.39344861538461534
-0.45060923076923076
-0.43976123076923074
-0.36299076923076923
-0.23782153846153845
-0.07885661538461539
0.09429415384615383
0.25117292307692307
0.36340799999999995
0.40972061538461535
0.385104
0.3133403076923077
0.2075723076923077
0.078648
-0.043392
-0.15416676923076922
-0.2238443076923077
-0.23907323076923076
-0.21153599999999997
-0.14519630769230768
-0.0678
0.01272553846153846
0.08469784615384615
0.1397723076923077
0.17231630769230769
0.16981292307692308
0.13247076923076923
0.06967753846153846
0.0029206153846153843
-0.05382276923076923
-0.08720123076923077
-0.10013538461538461
-0.08782707692307692
-0.05653476923076922
-0.007510153846153846
0.06571384615384615
0.11891076923076922
0.1435273846153846
0.13080184615384613
0.084072
0.02586830769230769
-0.05382276923076923
-0.13393107692307693
-0.1992276923076923
-0.24011630769230768
-0.23677846153846152
-0.18066092307692305
-0.08115138461538463
0.04380923076923077
0.1704387692307692
0.2799618461538461
0.3648683076923077
0.40930338461538457
0.4030449230769231
0.3392086153846154
0.2290596923076923
0.10201292307692307
-0.016897846153846156
-0.11202646153846153
-0.1783661538461538
-0.21237046153846154
-0.2221753846153846
-0.19985353846153847
-0.1368516923076923
-0.05590892307692308
0.026076923076923077
0.09033046153846153
0.13038461538461538
0.157296
0.165432
0.15249784615384615
0.12725538461538463
0.08010830769230769
0.016480615384615385
-0.030040615384615384
-0.048816000000000005
-0.05277969230769231
-0.05674338461538461
-0.06529661538461538
-0.06633969230769231
-0.06195876923076923
-0.056951999999999996
-0.043600615384615383
-0.037967999999999995
-0.03275261538461539
-0.02211323076923077
0.0035464615384615383
0.05799507692307692
0.111192
0.15208061538461537
0.1704387692307692
0.17586276923076924
0.18399876923076922
0.1775316923076923
0.14978584615384616
0.09283384615384616
0.012099692307692308
-0.06967753846153846
-0.13914646153846155
-0.19296923076923078
-0.22989415384615383
-0.24408
-0.225096
-0.1585476923076923
-0.05570030769230769
0.054657230769230764
0.15500123076923078
0.22697353846153845
0.27140861538461536
0.28809784615384615
0.2670276923076923
0.20778092307692309
0.11724184615384614
0.018358153846153843
-0.06884307692307692
-0.12788123076923075
-0.15082892307692305
-0.14123261538461537
-0.11244369230769231
-0.0678
-0.008344615384615384
0.05674338461538461
0.10910584615384614
0.12975876923076923
0.1289243076923077
0.10868861538461538
0.07739630769230768
0.05069353846153846
0.03567323076923076
0.03045784615384615
0.032544
0.04568676923076923
0.07030338461538461
0.08845292307692308
0.08344615384615384
0.05069353846153846
-0.007510153846153846
-0.073224
-0.12516923076923075
-0.17023015384615386
-0.20423446153846153
-0.214248
-0.2056947692307692
-0.15479261538461536
-0.07072061538461538
0.026494153846153844
0.11891076923076922
0.18983999999999998
0.24992123076923078
0.28017046153846153
0.2868461538461538
0.2563883076923077
0.18253846153846154
0.09429415384615383
-0.006675692307692307
-0.09262523076923077
-0.15813046153846153
-0.21779446153846155
-0.2532590769230769
-0.25367630769230765
-0.21800307692307694
-0.1356
-0.03942830769230769
0.05820369230769231
0.15333230769230768
0.21612553846153845
0.2618123076923077
0.2722430769230769
0.23490092307692306
0.16981292307692308
0.07197230769230768
-0.03296123076923077
-0.12099692307692309
-0.18983999999999998
-0.22634769230769228
-0.24720923076923076
-0.2422024615384615
-0.20131384615384615
-0.143736
-0.06487938461538462
0.004589538461538461
0.06070707692307692
0.10910584615384614
0.14561353846153846
0.18775384615384613
0.20444307692307692
0.1940123076923077
0.15687876923076924
0.09053907692307692
0.026911384615384615
-0.03921969230769231
-0.10117846153846152
-0.15187199999999998
-0.18796246153846152
-0.1881710769230769
-0.1597993846153846
-0.10868861538461538
-0.04631261538461538
0.007301538461538462
0.05486584615384615
0.09658892307692307
0.1341396923076923
0.15750461538461538
0.15520984615384617
0.13476553846153844
0.09512861538461538
0.04839876923076923
0.01043076923076923
-0.028788923076923077
-0.06633969230769231
-0.103056
-0.1316363076923077
-0.1395636923076923
-0.12621230769230768
-0.08636676923076922
-0.04109723076923077
-0.0012516923076923076
0.040679999999999994
0.0826116923076923
0.1070196923076923
0.10681107692307691
0.08720123076923077
0.05611753846153846
0.027328615384615382
-0.003963692307692307
-0.03775938461538462
-0.06800861538461538
-0.08824430769230769
-0.09721476923076922
-0.09158215384615384
-0.0771876923076923
-0.06300184615384616
-0.042974769230769226
-0.026702769230769228
-0.021904615384615383
-0.02044430769230769
-0.027120000000000002
-0.044435076923076924
-0.06884307692307692
-0.10222153846153846
-0.12391753846153845
-0.13330523076923076
-0.1356
-0.12558646153846154
-0.11056615384615384
-0.08094276923076923
-0.03609046153846154
0.012308307692307691
0.052153846153846155
0.07405846153846153
0.07468430769230769
0.07113784615384615
0.06571384615384615
0.055491692307692304
0.04693846153846153
0.014811692307692307
-0.0043809230769230765
-0.03275261538461539
-0.04985907692307692
-0.029206153846153847
-0.0016689230769230767
0.05277969230769231
0.10117846153846152
0.154584
0.2194633846153846
0.2774584615384615
0.3321156923076923
0.47939815384615386
0.47272246153846154
0.3116713846153846
0.22593046153846155
0.028788923076923077
-0.029623384615384614
-0.06821723076923077
-0.30019753846153846
-0.43433723076923075
-0.5553341538461538
-0.4710535384615384
-0.252216
-0.11286092307692308
0.04860738461538461
0.10243015384615384
0.2979027692307692
0.5063095384615385
0.6083224615384615
0.6314787692307692
0.35986153846153845
0.16292861538461537
-0.027745846153846152
-0.23469230769230767
-0.2970683076923077
-0.509856
-0.5588806153846154
-0.5211212307692308
-0.513611076923077
-0.23886461538461537
-0.07155507692307693
0.11682461538461539
0.3485963076923077
0.3636166153846153
0.44309907692307693
0.44414215384615385
0.40679999999999994
0.42411507692307693
0.26348123076923075
0.09825784615384614
-0.07343261538461537
-0.1927606153846154
-0.18483323076923078
-0.25513661538461535
-0.29352184615384613
-0.3239796923076923
-0.29456492307692306
-0.10806276923076923
-0.0004172307692307692
0.10201292307692307
0.18149538461538461
0.1804523076923077
0.2899753846153846
0.3312812307692308
0.3156350769230769
0.32335384615384616
0.222384
0.18963138461538462
0.17628
0.09804923076923076
0.04756430769230769
-0.059038153846153844
-0.1639716923076923
-0.23636123076923077
-0.30562153846153844
-0.3137575384615385
-0.27474646153846155
-0.16584923076923075
-0.06905169230769231
0.04109723076923077
0.20632061538461538
0.28851507692307693
0.3838523076923077
0.4147273846153846
0.3248141538461538
0.2572227692307692
0.12725538461538463
0.005841230769230769
-0.09700615384615385
-0.24595753846153845
-0.30290953846153845
-0.31500923076923076
-0.29039261538461536
-0.19588984615384614
-0.11098338461538461
0.035255999999999996
0.21842030769230766
0.35631507692307696
0.4408043076923077
0.4478972307692307
0.4476886153846154
0.4053396923076923
0.29832
0.17419384615384614
-0.021070153846153846
-0.14832553846153845
-0.20381723076923075
-0.27182584615384614
-0.24282830769230768
-0.2290596923076923
-0.19609846153846153
-0.08386338461538462
-0.026494153846153844
0.04839876923076923
0.10430769230769231
0.10076123076923077
0.10013538461538461
0.056326153846153845
-0.0012516923076923076
-0.065088
-0.12496061538461539
-0.15187199999999998
-0.18086953846153844
-0.1718990769230769
-0.1783661538461538
-0.1710646153846154
-0.11578153846153846
-0.09283384615384616
-0.05319692307692307
-0.052153846153846155
-0.08866153846153846
-0.06821723076923077
-0.05048492307692308
-0.037342153846153844
-0.012099692307692308
-0.021696
0.005632615384615384
0.06467076923076923
0.10493353846153847
0.14477907692307693
0.1397723076923077
0.1287156923076923
0.12162276923076921
0.09825784615384614
0.08010830769230769
0.04130584615384615
0.0016689230769230767
-0.04985907692307692
-0.09909230769230769
-0.09721476923076922
-0.08574092307692306
-0.028371692307692306
0.045895384615384616
0.061124307692307686
0.0961716923076923
0.1151556923076923
0.12370892307692308
0.14936861538461538
0.08574092307692306
-0.0035464615384615383
-0.07948246153846153
-0.13789476923076924
-0.12558646153846154
-0.10389046153846154
-0.08657538461538461
-0.06279323076923077
-0.024616615384615383
0.04902461538461538
0.11327815384615383
0.15667015384615385
0.15667015384615385
0.11265230769230769
0.07802215384615384
0.040054153846153843
0.018983999999999997
0.008136
-0.02023569230769231
-0.026076923076923077
-0.029414769230769227
-0.01043076923076923
0.042974769230769226
0.07134646153846153
0.07468430769230769
0.04985907692307692
0.01981846153846154
0.021696
0.02899753846153846
0.027745846153846152
0.0016689230769230767
-0.03713353846153846
-0.04714707692307692
-0.014394461538461538
0.045895384615384616
0.08323753846153846
0.08636676923076922
0.08720123076923077
0.09491999999999999
0.11703323076923078
0.119328
0.0771876923076923
0.03609046153846154
-0.004172307692307692
-0.03024923076923077
-0.03066646153846154
-0.05674338461538461
-0.08219446153846154
-0.08031692307692308
-0.05799507692307692
0.0012516923076923076
0.056951999999999996
0.09241661538461539
0.10493353846153847
0.08720123076923077
0.06571384615384615
0.03775938461538462
0.0016689230769230767
-0.05736923076923077
-0.12934153846153845
-0.18212123076923076
-0.21007569230769232
-0.1940123076923077
-0.13789476923076924
-0.06946892307692307
0.005841230769230769
0.06613107692307692
0.11953661538461538
0.17544553846153846
0.19797599999999999
0.1913003076923077
0.14832553846153845
0.08031692307692308
0.03483876923076923
-0.0014603076923076922
-0.03609046153846154
-0.058829538461538454
-0.07238953846153846
-0.05507446153846154
-0.017732307692307693
0.03337846153846154
0.09074769230769231
0.12662953846153846
0.16167692307692308
0.16856123076923077
0.157296
0.1424843076923077
0.09262523076923077
0.04860738461538461
-0.0029206153846153843
-0.05674338461538461
-0.08991323076923076
-0.13080184615384613
-0.15938215384615384
-0.17377661538461536
-0.168144
-0.14123261538461537
-0.11870215384615385
-0.09095630769230768
-0.059038153846153844
-0.02044430769230769
0.015020307692307692
0.031709538461538456
0.03713353846153846
0.02232184615384615
-0.005424
-0.027328615384615382
-0.05027630769230769
-0.06133292307692308
-0.05820369230769231
-0.05924676923076923
-0.04130584615384615
-0.017523692307692306
0.007301538461538462
0.04276615384615385
0.054240000000000003
0.06216738461538462
0.07030338461538461
0.08052553846153847
0.1097316923076923
0.1218313846153846
0.13080184615384613
0.12996738461538462
0.11494707692307692
0.10660246153846153
0.07301538461538462
0.032544
-0.014394461538461538
-0.06675692307692307
-0.086784
-0.092208
-0.09116492307692307
-0.08031692307692308
-0.07259815384615384
-0.05194523076923077
-0.019609846153846155
0.009596307692307692
0.03421292307692308
0.032544
0.015228923076923076
0.011473846153846154
0.014185846153846153
0.014394461538461538
0.010848
-0.0022947692307692304
-0.009179076923076922
-0.007510153846153846
-0.0006258461538461538
-0.0006258461538461538
-0.016480615384615385
-0.02858030769230769
-0.03400430769230769
-0.015646153846153844
0.013351384615384614
0.035255999999999996
0.06216738461538462
0.07280676923076923
0.08344615384615384
0.100344
0.09325107692307691
0.07405846153846153
0.037967999999999995
-0.006258461538461538
-0.03588184615384615
-0.061124307692307686
-0.06884307692307692
-0.06592246153846154
-0.06070707692307692
-0.03942830769230769
-0.007510153846153846
0.030875076923076922
0.06279323076923077
0.08115138461538463
0.09304246153846155
0.09825784615384614
0.11181784615384616
0.12412615384615384
0.11181784615384616
0.0855323076923077
0.04714707692307692
0.015437538461538461
0.0008344615384615384
-0.024199384615384616
-0.050067692307692306
-0.07510153846153846
-0.09262523076923077
-0.06946892307692307
-0.035255999999999996
-0.0022947692307692304
0.03963692307692308
0.0771876923076923
0.11870215384615385
0.14916
0.15750461538461538
0.13622584615384614
0.08448923076923077
0.026494153846153844
-0.03421292307692308
-0.0826116923076923
-0.12621230769230768
-0.168144
-0.18337292307692307
-0.18170399999999998
-0.13518276923076925
-0.061124307692307686
0.0043809230769230765
0.07593599999999999
0.12579507692307693
0.16876984615384616
0.21049292307692305
0.2209236923076923
0.21091015384615383
0.1721076923076923
0.10952307692307692
0.049233230769230765
0.0018775384615384615
-0.02795446153846154
-0.05298830769230769
-0.0771876923076923
-0.086784
-0.06654830769230768
-0.017732307692307693
0.03609046153846154
0.07405846153846153
0.09179076923076923
0.08574092307692306
0.07614461538461538
0.07155507692307693
0.05382276923076923
0.02545107692307692
-0.02524246153846154
-0.07927384615384615
-0.1136953846153846
-0.14582215384615385
-0.1656406153846154
-0.18128676923076922
-0.19505538461538463
-0.18712800000000002
-0.157296
-0.11035753846153845
-0.05653476923076922
-0.004589538461538461
0.042348923076923076
0.08344615384615384
0.12204
0.15166338461538462
0.16084246153846155
0.15354092307692307
0.12370892307692308
0.09387692307692307
0.06821723076923077
0.03296123076923077
0.005424
-0.024616615384615383
-0.05048492307692308
-0.05528307692307692
-0.03775938461538462
-0.010013538461538461
0.014811692307692307
0.03963692307692308
0.07280676923076923
0.11953661538461538
0.165432
0.18525046153846153
0.1792006153846154
0.1543753846153846
0.11724184615384614
0.08198584615384615
0.031709538461538456
-0.028163076923076923
-0.092208
-0.157296
-0.1942209230769231
-0.21341353846153846
-0.21967199999999998
-0.20778092307692309
-0.18525046153846153
-0.15208061538461537
-0.10597661538461538
-0.05236246153846154
-0.004589538461538461
0.026494153846153844
0.03609046153846154
0.04401784615384615
0.05590892307692308
0.07009476923076922
0.06717415384615384
0.04526953846153846
0.012934153846153845
-0.02753723076923077
-0.05403138461538461
-0.06300184615384616
-0.06070707692307692
-0.051319384615384614
-0.03275261538461539
0.0
0.048816000000000005
0.09387692307692307
0.13476553846153844
0.16063384615384615
0.18629353846153843
0.19025723076923076
0.17023015384615386
0.13914646153846155
0.07843938461538462
0.014394461538461538
-0.07510153846153846
-0.13309661538461537
-0.16042523076923076
-0.12850707692307692
-0.03775938461538462
0.15187199999999998
0.3392086153846154
0.43579753846153846
0.6181273846153846
0.693228923076923
0.7476775384615384
0.7174283076923077
0.5096473846153846
0.2814221538461538
-0.06383630769230769
-0.3137575384615385
-0.5688941538461538
-0.8096363076923077
-0.9181163076923077
-0.9767372307692308
-0.7923212307692308
-0.5202867692307692
-0.14999446153846155
0.27975323076923075
0.576612923076923
0.8805655384615384
1.033272
1.034315076923077
0.9281298461538462
0.6016467692307692
0.2532590769230769
-0.15604430769230768
-0.5812024615384616
-0.8192326153846154
-0.9932178461538462
-0.9988504615384616
-0.8609556923076923
-0.6838412307692308
-0.37967999999999996
-0.08198584615384615
0.25242461538461536
0.5816196923076923
0.7777181538461537
0.898715076923077
0.8897446153846154
0.7956590769230768
0.6258461538461538
0.3319070769230769
0.013351384615384614
-0.32836061538461536
-0.6187532307692307
-0.7814732307692308
-0.8818172307692307
-0.8611643076923077
-0.7543532307692307
-0.6016467692307692
-0.36299076923076923
-0.13080184615384613
0.10806276923076923
0.35986153846153845
0.5365587692307692
0.6867618461538461
0.7635323076923076
0.7445483076923076
0.6527575384615384
0.44810584615384613
0.192552
-0.12245723076923076
-0.4424732307692308
-0.7099181538461539
-0.9122750769230769
-0.9767372307692308
-0.9548326153846154
-0.8075501538461538
-0.5117335384615385
-0.15813046153846153
0.2632726153846154
0.6596418461538461
0.9629686153846154
1.1767993846153846
1.2327083076923075
1.1582326153846154
0.9527464615384614
0.6154153846153846
0.2236356923076923
-0.19693292307692306
-0.5812024615384616
-0.8791052307692307
-1.0628953846153846
-1.0833396923076923
-0.9565015384615385
-0.6974012307692307
-0.3375396923076923
0.07885661538461539
0.5240418461538462
0.9095630769230768
1.1751304615384615
1.2955015384615383
1.225406769230769
1.0138707692307694
0.6867618461538461
0.25993476923076925
-0.1656406153846154
-0.5699372307692308
-0.8918307692307692
-1.0752036923076922
-1.1475932307692307
-1.063729846153846
-0.8536541538461538
-0.5590892307692308
-0.20047938461538461
0.15333230769230768
0.46959323076923076
0.7021993846153846
0.8413458461538461
0.8807741538461539
0.8052553846153846
0.6398233846153846
0.39261415384615383
0.11348676923076922
-0.16084246153846155
-0.4220289230769231
-0.6160412307692308
-0.7472603076923077
-0.8171464615384615
-0.7785526153846153
-0.6565126153846153
-0.47126215384615383
-0.22947692307692308
0.014811692307692307
0.254928
0.471888
0.6266806153846154
0.7103353846153846
0.6990701538461538
0.6076966153846154
0.44914892307692306
0.25471938461538457
0.058412307692307694
-0.14477907692307693
-0.32585723076923073
-0.48190153846153844
-0.59664
-0.6348166153846153
-0.6083224615384615
-0.5069353846153847
-0.3542289230769231
-0.1846246153846154
0.01814953846153846
0.2288510769230769
0.43350276923076925
0.609156923076923
0.6976098461538461
0.711169846153846
0.6483766153846154
0.5229987692307692
0.360696
0.15333230769230768
-0.06967753846153846
-0.279336
-0.42661846153846156
-0.49003753846153847
-0.48857723076923076
-0.4253667692307692
-0.32543999999999995
-0.19505538461538463
-0.03129230769230769
0.13601723076923075
0.28246523076923075
0.38677292307692307
0.43621476923076924
0.4395526153846154
0.39741230769230773
0.32085046153846153
0.23218892307692307
0.13205353846153844
0.014811692307692307
-0.10263876923076923
-0.18379015384615385
-0.23052
-0.26076923076923075
-0.28476
-0.2947735384615384
-0.27558092307692306
-0.2415766153846154
-0.1829556923076923
-0.10764553846153846
-0.04944184615384615
-0.005841230769230769
0.04214030769230769
0.10222153846153846
0.1666836923076923
0.20047938461538461
0.1873366153846154
0.14832553846153845
0.08615815384615384
0.005632615384615384
-0.09074769230769231
-0.21028430769230766
-0.3323243076923077
-0.42077723076923074
-0.45686769230769225
-0.4385095384615385
-0.37780246153846153
-0.2887236923076923
-0.17002153846153847
-0.02753723076923077
0.1341396923076923
0.2912270769230769
0.4047138461538461
0.45269538461538456
0.4389267692307692
0.37321292307692305
0.24866953846153847
0.0936683076923077
-0.07405846153846153
-0.24345415384615382
-0.38343507692307693
-0.4752258461538461
-0.49024615384615383
-0.42724430769230765
-0.3062473846153846
-0.13998092307692306
0.053614153846153846
0.2478350769230769
0.40575692307692307
0.5058923076923076
0.5307175384615385
0.4892030769230769
0.4015846153846154
0.27412061538461535
0.13226215384615383
-0.009596307692307692
-0.13664307692307692
-0.22718215384615387
-0.2709913846153846
-0.26869661538461537
-0.2399076923076923
-0.19505538461538463
-0.13267938461538462
-0.05757784615384615
0.032544
0.11452984615384615
0.1846246153846154
0.23239753846153846
0.25117292307692307
0.2670276923076923
0.2707827692307692
0.2655673846153846
0.23469230769230767
0.17502830769230768
0.10743692307692307
0.037967999999999995
-0.02044430769230769
-0.07072061538461538
-0.10827138461538462
-0.12808984615384614
-0.12913292307692306
-0.10764553846153846
-0.06321046153846153
-0.0029206153846153843
0.05382276923076923
0.10576799999999999
0.16188553846153847
0.21466523076923077
0.25471938461538457
0.26118646153846153
0.22551323076923077
0.1597993846153846
0.06821723076923077
-0.025659692307692307
-0.1218313846153846
-0.2154996923076923
-0.28204799999999997
-0.3137575384615385
-0.29185292307692307
-0.2275993846153846
-0.13768615384615385
-0.03692492307692308
0.05799507692307692
0.13768615384615385
0.19067446153846154
0.21174461538461536
0.18316430769230768
0.11432123076923076
0.021070153846153846
-0.07259815384615384
-0.13622584615384614
-0.17586276923076924
-0.19317784615384614
-0.1860849230769231
-0.15604430769230768
-0.09679753846153846
-0.016272
0.05924676923076923
0.11599015384615384
0.1502030769230769
0.1635544615384615
0.15896492307692306
0.13935507692307691
0.1045163076923077
0.05507446153846154
0.006258461538461538
-0.03233538461538461
-0.04860738461538461
-0.05507446153846154
-0.05924676923076923
-0.049233230769230765
-0.029623384615384614
0.0029206153846153843
0.044435076923076924
0.07468430769230769
0.08386338461538462
0.07572738461538461
0.05069353846153846
0.018983999999999997
-0.015646153846153844
-0.052153846153846155
-0.08469784615384615
-0.1151556923076923
-0.12391753846153845
-0.09846646153846153
-0.059038153846153844
-0.01814953846153846
0.02273907692307692
0.05736923076923077
0.09199938461538461
0.124752
0.14164984615384615
0.14123261538461537
0.119328
0.07781353846153846
0.03045784615384615
-0.009179076923076922
-0.04819015384615385
-0.07948246153846153
-0.103056
-0.11745046153846153
-0.10013538461538461
-0.06738276923076922
-0.020652923076923076
0.033169846153846154
0.09825784615384614
0.17273353846153844
0.23469230769230767
0.28663753846153844
0.3054129230769231
0.29685969230769227
0.2638984615384615
0.20798953846153845
0.13935507692307691
0.050067692307692306
-0.040262769230769234
-0.12162276923076921
-0.18191261538461537
-0.20360861538461536
-0.19860184615384616
-0.16876984615384616
-0.10806276923076923
-0.030875076923076922
0.059872615384615385
0.15917353846153848
0.2438713846153846
0.30562153846153844
0.3312812307692308
0.31542646153846154
0.26222953846153846
0.1794092307692308
0.08177723076923075
-0.02858030769230769
-0.1368516923076923
-0.22780799999999998
-0.28121353846153846
-0.2828824615384615
-0.25534523076923077
-0.19735015384615384
-0.11724184615384614
-0.02482523076923077
0.07614461538461538
0.15833907692307692
0.21779446153846155
0.24658338461538462
0.2355267692307692
0.19881046153846152
0.14311015384615386
0.06446215384615385
-0.028371692307692306
-0.12537784615384615
-0.2127876923076923
-0.26494153846153845
-0.2734947692307692
-0.23886461538461537
-0.18170399999999998
-0.10618523076923077
-0.011056615384615385
0.07948246153846153
0.165432
0.21466523076923077
0.21800307692307694
0.192552
0.12662953846153846
0.05027630769230769
-0.03212676923076923
-0.11432123076923076
-0.1787833846153846
-0.22530461538461538
-0.22655630769230767
-0.1927606153846154
-0.14394461538461537
-0.08866153846153846
-0.03421292307692308
0.015020307692307692
0.05048492307692308
0.07927384615384615
0.10096984615384616
0.09950953846153845
0.07635323076923077
0.05277969230769231
0.03379569230769231
0.03567323076923076
0.0446436923076923
0.04693846153846153
0.058412307692307694
0.06300184615384616
0.06905169230769231
0.07113784615384615
0.06341907692307691
0.04756430769230769
0.017732307692307693
-0.007510153846153846
-0.017940923076923077
-0.023990769230769232
-0.02482523076923077
-0.019192615384615384
-0.014603076923076923
0.005424
0.03692492307692308
0.06300184615384616
0.07384984615384615
0.07051199999999999
0.06216738461538462
0.042348923076923076
0.015646153846153844
-0.017315076923076923
-0.05528307692307692
-0.09408553846153846
-0.13038461538461538
-0.14436184615384615
-0.13330523076923076
-0.10201292307692307
-0.06446215384615385
-0.029206153846153847
0.01710646153846154
0.030040615384615384
0.012308307692307691
0.0077187692307692304
0.012308307692307691
0.049233230769230765
0.09429415384615383
0.14290153846153844
0.21174461538461536
0.301032
0.37425600000000003
0.4268270769230769
0.44330769230769224
0.3615304615384615
0.22572184615384616
0.07468430769230769
-0.02586830769230769
-0.16313723076923078
-0.29832
-0.3880246153846154
-0.44977476923076926
-0.3577753846153846
-0.23510953846153848
-0.05674338461538461
0.11223507692307692
0.23469230769230767
0.3809316923076923
0.4216116923076923
0.4383009230769231
0.35276861538461535
0.14331876923076922
-0.06884307692307692
-0.3198073846153846
-0.4812756923076923
-0.5720233846153846
-0.6164584615384615
-0.5280055384615384
-0.39532615384615377
-0.20360861538461536
0.03024923076923077
0.24408
0.45895384615384616
0.5480326153846153
0.539688
0.5002596923076923
0.3780110769230769
0.2647329230769231
0.11390399999999999
-0.059664
-0.20131384615384615
-0.3485963076923077
-0.39595199999999997
-0.3588184615384616
-0.3045784615384615
-0.21716861538461538
-0.13643446153846153
-0.026285538461538457
0.10931446153846153
0.19359507692307693
0.2415766153846154
0.22405292307692307
0.17002153846153847
0.116616
0.0448523076923077
-0.0050067692307692304
-0.05820369230769231
-0.12016246153846154
-0.1612596923076923
-0.19964492307692308
-0.1990190769230769
-0.19735015384615384
-0.23260615384615385
-0.23156307692307693
-0.22154953846153846
-0.17002153846153847
-0.07843938461538462
0.010222153846153844
0.11390399999999999
0.17148184615384612
0.20402584615384614
0.22467876923076924
0.2261390769230769
0.21195323076923075
0.14060676923076923
0.05382276923076923
-0.023990769230769232
-0.10493353846153847
-0.1462393846153846
-0.17982646153846152
-0.20798953846153845
-0.21362215384615382
-0.20444307692307692
-0.1341396923076923
-0.04985907692307692
0.03567323076923076
0.12642092307692307
0.19046584615384615
0.2559710769230769
0.2832996923076923
0.25847446153846154
0.21153599999999997
0.12162276923076921
0.010848
-0.09012184615384615
-0.16584923076923075
-0.1867107692307692
-0.1696043076923077
-0.11640738461538462
-0.02273907692307692
0.08824430769230769
0.21529107692307692
0.31688676923076925
0.3707095384615384
0.3886504615384615
0.35798399999999997
0.3072904615384615
0.22947692307692308
0.11974523076923077
0.004798153846153846
-0.11452984615384615
-0.19213476923076922
-0.2225926153846154
-0.21779446153846155
-0.1787833846153846
-0.13059323076923077
-0.05945538461538461
0.03024923076923077
0.12099692307692309
0.18963138461538462
0.21341353846153846
0.19609846153846153
0.1424843076923077
0.07635323076923077
-0.002086153846153846
-0.1028473846153846
-0.19964492307692308
-0.2624381538461539
-0.27328615384615385
-0.2292683076923077
-0.16105107692307694
-0.084072
0.0004172307692307692
0.06926030769230769
0.138312
0.18775384615384613
0.19609846153846153
0.17690584615384616
0.10722830769230769
0.026285538461538457
-0.03483876923076923
-0.07510153846153846
-0.07510153846153846
-0.07593599999999999
-0.07280676923076923
-0.045895384615384616
-0.013768615384615384
0.04672984615384615
0.09930092307692308
0.11953661538461538
0.12391753846153845
0.10660246153846153
0.10618523076923077
0.10827138461538462
0.09012184615384615
0.07009476923076922
0.03692492307692308
0.01668923076923077
0.02273907692307692
0.023990769230769232
0.021070153846153846
-0.0050067692307692304
-0.02795446153846154
-0.02357353846153846
-0.019192615384615384
-0.011891076923076923
-0.013142769230769229
-0.005841230769230769
0.022530461538461537
0.06258461538461538
0.11870215384615385
0.1760713846153846
0.22467876923076924
0.26619323076923074
0.2916443076923077
0.3004061538461538
0.2989458461538462
0.2618123076923077
0.18212123076923076
0.06988615384615385
-0.04631261538461538
-0.14603076923076924
-0.22780799999999998
-0.26765353846153844
-0.27328615384615385
-0.23907323076923076
-0.1637630769230769
-0.06070707692307692
0.058829538461538454
0.154584
0.21174461538461536
0.2355267692307692
0.22634769230769228
0.18212123076923076
0.10013538461538461
-0.02023569230769231
-0.1424843076923077
-0.23761292307692305
-0.2979027692307692
-0.31542646153846154
-0.30583015384615386
-0.26160369230769226
-0.18274707692307693
-0.092208
0.0050067692307692304
0.08073415384615384
0.1205796923076923
0.14290153846153844
0.1424843076923077
0.12245723076923076
0.08115138461538463
0.017523692307692306
-0.04693846153846153
-0.10493353846153847
-0.14832553846153845
-0.168144
-0.17419384615384614
-0.16188553846153847
-0.13747753846153846
-0.10514215384615383
-0.06592246153846154
-0.04047138461538462
-0.016897846153846156
-0.004589538461538461
-0.005215384615384615
-0.0033378461538461535
-0.004589538461538461
0.0002086153846153846
-0.003963692307692307
-0.011891076923076923
-0.002712
0.015228923076923076
0.03984553846153846
0.048816000000000005
0.03921969230769231
0.02315630769230769
0.01397723076923077
0.02357353846153846
0.029414769230769227
0.033169846153846154
0.028163076923076923
0.018775384615384614
0.029623384615384614
0.05382276923076923
0.08866153846153846
0.12350030769230769
0.15145476923076923
0.1733593846153846
0.18775384615384613
0.1908830769230769
0.1639716923076923
0.11077476923076923
0.04756430769230769
-0.01397723076923077
-0.06842584615384616
-0.10785415384615385
-0.12808984615384614
-0.1422756923076923
-0.14790830769230767
-0.1368516923076923
-0.10430769230769231
-0.06216738461538462
-0.029414769230769227
-0.0002086153846153846
0.021904615384615383
0.040679999999999994
0.05444861538461539
0.05444861538461539
0.03984553846153846
0.008136
-0.02482523076923077
-0.043392
-0.05048492307692308
-0.04756430769230769
-0.05590892307692308
-0.07635323076923077
-0.07009476923076922
-0.04214030769230769
-0.0029206153846153843
0.030040615384615384
0.04109723076923077
0.04526953846153846
0.04631261538461538
0.05277969230769231
0.05048492307692308
0.03671630769230769
0.015228923076923076
-0.02211323076923077
-0.05048492307692308
-0.06654830769230768
-0.07697907692307693
-0.07781353846153846
-0.06863446153846153
-0.04401784615384615
0.0008344615384615384
0.05611753846153846
0.09471138461538461
0.11557292307692307
0.11578153846153846
0.11160923076923077
0.1028473846153846
0.0771876923076923
0.0448523076923077
-0.008136
-0.056951999999999996
-0.084072
-0.07489292307692308
-0.03129230769230769
0.014603076923076923
0.07030338461538461
0.13205353846153844
0.19735015384615384
0.2526332307692308
0.2722430769230769
0.2503384615384615
0.18983999999999998
0.10764553846153846
0.025033846153846153
-0.043600615384615383
-0.09658892307692307
-0.14018953846153845
-0.16605784615384614
-0.1506203076923077
-0.09909230769230769
-0.026702769230769228
0.04547815384615384
0.08720123076923077
0.10347323076923076
0.0974233846153846
0.06675692307692307
0.016063384615384615
-0.05111076923076923
-0.11619876923076923
-0.1718990769230769
-0.1990190769230769
-0.19004861538461537
-0.15687876923076924
-0.10368184615384615
-0.03984553846153846
0.03921969230769231
0.12308307692307692
0.19046584615384615
0.2342750769230769
0.2399076923076923
0.21132738461538458
0.1666836923076923
0.11891076923076922
0.07259815384615384
0.02482523076923077
-0.026494153846153844
-0.06675692307692307
-0.08428061538461538
-0.08615815384615384
-0.07259815384615384
-0.05090215384615384
-0.031709538461538456
-0.012934153846153845
0.011473846153846154
0.03233538461538461
0.03901107692307692
0.03296123076923077
0.022530461538461537
0.023990769230769232
0.035464615384615386
0.05090215384615384
0.05924676923076923
0.05799507692307692
0.04965046153846154
0.042557538461538466
0.04088861538461538
0.032544
0.01981846153846154
-0.002712
-0.020027076923076922
-0.03233538461538461
-0.03755076923076923
-0.03275261538461539
-0.02315630769230769
0.0022947692307692304
0.03567323076923076
0.07551876923076924
0.10910584615384614
0.13226215384615383
0.1395636923076923
0.13434830769230768
0.12162276923076921
0.09763200000000001
0.06633969230769231
0.022947692307692308
-0.027120000000000002
-0.07405846153846153
-0.10430769230769231
-0.1136953846153846
-0.10931446153846153
-0.08115138461538463
-0.03358707692307692
0.01668923076923077
0.07802215384615384
0.1395636923076923
0.1785747692307692
0.19505538461538463
0.1881710769230769
0.15374953846153847
0.10326461538461539
0.040262769230769234
-0.03024923076923077
-0.09784061538461537
-0.1449876923076923
-0.15833907692307692
-0.13330523076923076
-0.07656184615384615
-0.011473846153846154
0.06279323076923077
0.13852061538461538
0.21007569230769232
0.2709913846153846
0.29873723076923075
0.2851772307692308
0.23198030769230768
0.157296
0.07301538461538462
-0.01272553846153846
-0.09784061538461537
-0.16626646153846153
-0.20486030769230767
-0.2090326153846154
-0.17690584615384616
-0.13121907692307694
-0.07468430769230769
-0.011891076923076923
0.051528
0.11035753846153845
0.15416676923076922
0.17523692307692307
0.16835261538461538
0.14144123076923076
0.0974233846153846
0.055491692307692304
0.018983999999999997
-0.02044430769230769
-0.05757784615384615
-0.07697907692307693
-0.08094276923076923
-0.06529661538461538
-0.02753723076923077
0.008136
0.051528
0.07739630769230768
0.09137353846153846
0.08323753846153846
0.03379569230769231
-0.03713353846153846
-0.111192
-0.111192
-0.06070707692307692
0.04839876923076923
0.17502830769230768
0.27558092307692306
0.3982467692307692
0.47877230769230766
0.5334295384615384
0.5040147692307693
0.3698750769230769
0.19380369230769232
-0.008344615384615384
-0.19213476923076922
-0.37091815384615384
-0.4994252307692308
-0.5772387692307692
-0.5653476923076923
-0.44622830769230765
-0.2853858461538461
-0.08782707692307692
0.10389046153846154
0.24887815384615386
0.32001599999999997
0.3045784615384615
0.20486030769230767
0.06633969230769231
-0.10201292307692307
-0.2943563076923077
-0.4547815384615384
-0.5734836923076922
-0.5924676923076923
-0.5033889230769231
-0.35297723076923077
-0.16334584615384617
0.011473846153846154
0.1637630769230769
0.2858030769230769
0.3392086153846154
0.30583015384615386
0.20527753846153846
0.08490646153846154
-0.011891076923076923
-0.07051199999999999
-0.11265230769230769
-0.14665661538461539
-0.16730953846153845
-0.165432
-0.14603076923076924
-0.111192
-0.0897046153846154
-0.08240307692307691
-0.058829538461538454
-0.04631261538461538
-0.03212676923076923
-0.03066646153846154
-0.047981538461538464
-0.0446436923076923
-0.031918153846153846
-0.0050067692307692304
0.041514461538461535
0.09658892307692307
0.15833907692307692
0.21049292307692305
0.21925476923076925
0.17982646153846152
0.10639384615384614
0.005424
-0.12704676923076924
-0.2626467692307692
-0.36340799999999995
-0.40930338461538457
-0.35694092307692304
-0.235944
-0.0678
0.12725538461538463
0.30332676923076923
0.46375199999999994
0.5507446153846154
0.5305089230769231
0.42661846153846156
0.2689052307692308
0.09846646153846153
-0.07697907692307693
-0.24679199999999998
-0.3692492307692308
-0.4147273846153846
-0.39532615384615377
-0.31229723076923077
-0.17648861538461538
-0.02315630769230769
0.13372246153846154
0.28768061538461537
0.4113895384615384
0.4704276923076923
0.4685501538461538
0.4086775384615385
0.3137575384615385
0.19568123076923075
0.054240000000000003
-0.06926030769230769
-0.16042523076923076
-0.21800307692307694
-0.23364923076923078
-0.19505538461538463
-0.11223507692307692
0.002086153846153846
0.11432123076923076
0.184416
0.22572184615384616
0.22864246153846152
0.20277415384615383
0.16856123076923077
0.10180430769230768
0.022947692307692308
-0.04401784615384615
-0.09784061538461537
-0.11578153846153846
-0.10827138461538462
-0.10222153846153846
-0.10514215384615383
-0.09825784615384614
-0.07843938461538462
-0.056951999999999996
-0.04902461538461538
-0.06654830769230768
-0.08302892307692307
-0.07843938461538462
-0.05111076923076923
-0.0016689230769230767
0.042557538461538466
0.07635323076923077
0.11286092307692308
0.14081538461538462
0.16063384615384615
0.16021661538461537
0.12141415384615384
0.05653476923076922
-0.01397723076923077
-0.09053907692307692
-0.1704387692307692
-0.2275993846153846
-0.2563883076923077
-0.25054707692307693
-0.20423446153846153
-0.13789476923076924
-0.04631261538461538
0.05611753846153846
0.12621230769230768
0.1733593846153846
0.19735015384615384
0.20193969230769232
0.19797599999999999
0.16689230769230767
0.11619876923076923
0.05194523076923077
-0.016897846153846156
-0.06821723076923077
-0.10347323076923076
-0.12224861538461537
-0.13476553846153844
-0.12329169230769231
-0.07030338461538461
-0.0002086153846153846
0.07301538461538462
0.11953661538461538
0.14290153846153844
0.154584
0.15166338461538462
0.138312
0.10806276923076923
0.06446215384615385
0.021904615384615383
-0.004589538461538461
-0.01272553846153846
-0.0018775384615384615
0.01814953846153846
0.042348923076923076
0.06967753846153846
0.0897046153846154
0.09471138461538461
0.08010830769230769
0.04214030769230769
-0.006049846153846154
-0.04944184615384615
-0.08866153846153846
-0.10868861538461538
-0.10535076923076922
-0.0934596923076923
-0.06362769230769232
-0.015854769230769228
0.043600615384615383
0.11327815384615383
0.15667015384615385
0.16209415384615386
0.13601723076923075
0.0798996923076923
0.017315076923076923
-0.05090215384615384
-0.12350030769230769
-0.18900553846153845
-0.22467876923076924
-0.21111876923076925
-0.16084246153846155
-0.07948246153846153
0.009804923076923077
0.09721476923076922
0.18754523076923074
0.25284184615384614
0.2814221538461538
0.2632726153846154
0.18921415384615384
0.08511507692307693
-0.027745846153846152
-0.13205353846153844
-0.20298276923076922
-0.25242461538461536
-0.2624381538461539
-0.22551323076923077
-0.1585476923076923
-0.05611753846153846
0.04860738461538461
0.14811692307692306
0.2138307692307692
0.23448369230769228
0.22447015384615385
0.1712732307692308
0.10868861538461538
0.028788923076923077
-0.05444861538461539
-0.10493353846153847
-0.13121907692307694
-0.10138707692307691
-0.040054153846153843
0.022947692307692308
0.09095630769230768
0.14311015384615386
0.19609846153846153
0.22947692307692308
0.21883753846153844
0.17419384615384614
0.09971815384615385
0.02858030769230769
-0.030040615384615384
-0.06759138461538462
-0.07969107692307692
-0.07301538461538462
-0.03713353846153846
0.021904615384615383
0.09408553846153846
0.16230276923076925
0.20632061538461538
0.21862892307692305
0.20965846153846154
0.1794092307692308
0.13852061538461538
0.07906523076923076
0.006675692307692307
-0.05319692307692307
-0.100344
-0.11181784615384616
-0.09992676923076924
-0.06946892307692307
-0.029623384615384614
0.009179076923076922
0.050067692307692306
0.07927384615384615
0.09137353846153846
0.07614461538461538
0.03713353846153846
-0.011265230769230769
-0.049233230769230765
-0.07572738461538461
-0.08469784615384615
-0.08344615384615384
-0.08094276923076923
-0.07030338461538461
-0.05048492307692308
-0.016480615384615385
0.003963692307692307
0.0022947692307692304
-0.0077187692307692304
-0.021278769230769233
-0.029206153846153847
-0.02899753846153846
-0.023990769230769232
-0.017315076923076923
-0.010013538461538461
0.008344615384615384
0.03629907692307692
0.06341907692307691
0.08240307692307691
0.0826116923076923
0.07405846153846153
0.054240000000000003
0.02482523076923077
-0.008970461538461538
-0.05027630769230769
-0.0853236923076923
-0.10409907692307692
-0.09763200000000001
-0.06049846153846154
-0.003963692307692307
0.05236246153846154
0.11098338461538461
0.16084246153846155
0.19964492307692308
0.2209236923076923
0.19672430769230767
0.15103753846153847
0.08845292307692308
0.024199384615384616
-0.026076923076923077
-0.06800861538461538
-0.09679753846153846
-0.1207883076923077
-0.11494707692307692
-0.07551876923076924
-0.02524246153846154
0.03650769230769231
0.09033046153846153
0.12370892307692308
0.1502030769230769
0.16209415384615386
0.16418030769230768
0.15667015384615385
0.12433476923076923
0.0853236923076923
0.04088861538461538
0.0006258461538461538
-0.026285538461538457
-0.06195876923076923
-0.09471138461538461
-0.11578153846153846
-0.130176
-0.12662953846153846
-0.11703323076923078
-0.10243015384615384
-0.08135999999999999
-0.061750153846153844
-0.02795446153846154
0.003129230769230769
0.03045784615384615
0.05048492307692308
0.05653476923076922
0.06738276923076922
0.06571384615384615
0.050067692307692306
0.018358153846153843
-0.02545107692307692
-0.06300184615384616
-0.10055261538461538
-0.12767261538461538
-0.1424843076923077
-0.15520984615384617
-0.15813046153846153
-0.1489513846153846
-0.12350030769230769
-0.07885661538461539
-0.031918153846153846
0.01043076923076923
0.04693846153846153
0.0744756923076923
0.09491999999999999
0.10430769230769231
0.10514215384615383
0.09679753846153846
0.07197230769230768
0.04318338461538461
0.016480615384615385
-0.008970461538461538
-0.03066646153846154
-0.05194523076923077
-0.06592246153846154
-0.06028984615384615
-0.04214030769230769
-0.014185846153846153
0.016897846153846156
0.04965046153846154
0.08699261538461538
0.1205796923076923
0.15416676923076922
0.15562707692307692
0.13101046153846155
0.0897046153846154
0.02357353846153846
-0.042557538461538466
-0.11494707692307692
-0.1704387692307692
-0.20256553846153844
-0.2125790769230769
-0.1860849230769231
-0.14060676923076923
-0.08198584615384615
-0.018358153846153843
0.042974769230769226
0.10013538461538461
0.14811692307692306
0.1881710769230769
0.19818461538461538
0.18149538461538461
0.1531236923076923
0.10785415384615385
0.06571384615384615
0.02858030769230769
-0.0050067692307692304
-0.029832
-0.03984553846153846
-0.023990769230769232
0.010848
0.04568676923076923
0.06571384615384615
0.07405846153846153
0.06341907692307691
0.04965046153846154
0.025659692307692307
-0.024199384615384616
-0.073224
-0.11411261538461538
-0.11953661538461538
-0.08761846153846153
-0.044435076923076924
-0.0006258461538461538
0.02545107692307692
0.04380923076923077
0.05173661538461538
0.041514461538461535
0.021070153846153846
-0.027328615384615382
-0.073224
-0.11035753846153845
-0.1368516923076923
-0.1314276923076923
-0.1205796923076923
-0.09429415384615383
-0.05736923076923077
-0.018983999999999997
0.029206153846153847
0.073224
0.10764553846153846
0.1151556923076923
0.09679753846153846
0.06446215384615385
0.026702769230769228
-0.005424
-0.03942830769230769
-0.07092923076923077
-0.08866153846153846
-0.07593599999999999
-0.03588184615384615
0.008344615384615384
0.05090215384615384
0.08720123076923077
0.10555938461538462
0.11244369230769231
0.09262523076923077
0.037967999999999995
-0.012934153846153845
-0.08073415384615384
-0.11578153846153846
-0.11870215384615385
-0.0974233846153846
-0.014394461538461538
0.08094276923076923
0.2791273846153846
0.37550769230769226
0.3836436923076923
0.427452923076923
0.34943076923076927
0.3214763076923077
0.1785747692307692
-0.04672984615384615
-0.23281476923076924
-0.43642338461538455
-0.4714707692307692
-0.49337538461538455
-0.45916246153846146
-0.36445107692307693
-0.2582658461538461
-0.0014603076923076922
0.22467876923076924
0.42599261538461536
0.5415655384615384
0.48336184615384614
0.41389292307692305
0.24324553846153843
0.031918153846153846
-0.1666836923076923
-0.42307199999999995
-0.5524135384615385
-0.6325218461538461
-0.6558867692307692
-0.5000510769230769
-0.32606584615384615
-0.08469784615384615
0.14540492307692307
0.28350830769230767
0.4128498461538462
0.45311261538461534
0.4698018461538461
0.45436430769230773
0.33378461538461535
0.18650215384615382
0.044435076923076924
-0.04318338461538461
-0.07739630769230768
-0.11223507692307692
-0.11745046153846153
-0.10868861538461538
-0.05590892307692308
0.05507446153846154
0.13455692307692307
0.19651569230769228
0.2207150769230769
0.21091015384615383
0.22405292307692307
0.1867107692307692
0.13998092307692306
0.11765907692307691
0.06467076923076923
0.065088
0.0826116923076923
0.09930092307692308
0.13434830769230768
0.12287446153846153
0.09429415384615383
0.026911384615384615
-0.06049846153846154
-0.13872923076923074
-0.20402584615384614
-0.23656984615384613
-0.2830910769230769
-0.2868461538461538
-0.208824
-0.10597661538461538
0.03379569230769231
0.15833907692307692
0.2480436923076923
0.327108923076923
0.3538116923076923
0.3506824615384615
0.2805876923076923
0.14728246153846153
0.01981846153846154
-0.10994030769230768
-0.2090326153846154
-0.2764153846153846
-0.3054129230769231
-0.26118646153846153
-0.17711446153846155
-0.06550523076923077
0.03629907692307692
0.13080184615384613
0.23177169230769232
0.26786215384615386
0.2482523076923077
0.18963138461538462
0.0934596923076923
0.014603076923076923
-0.054657230769230764
-0.119328
-0.1397723076923077
-0.14039815384615384
-0.09658892307692307
-0.014394461538461538
0.03421292307692308
0.0828203076923077
0.11765907692307691
0.130176
0.12704676923076924
0.08115138461538463
0.012099692307692308
-0.07948246153846153
-0.14519630769230768
-0.16418030769230768
-0.15833907692307692
-0.12016246153846154
-0.08094276923076923
-0.014394461538461538
0.08031692307692308
0.1585476923076923
0.22947692307692308
0.2426196923076923
0.1927606153846154
0.13455692307692307
0.053405538461538456
-0.04547815384615384
-0.14916
-0.2586830769230769
-0.31772123076923076
-0.32585723076923073
-0.2920615384615385
-0.2075723076923077
-0.10743692307692307
0.017732307692307693
0.13893784615384613
0.24866953846153847
0.34651015384615386
0.38990215384615384
0.38531261538461536
0.31229723076923077
0.2021483076923077
0.09846646153846153
-0.002712
-0.06696553846153847
-0.11640738461538462
-0.1635544615384615
-0.1712732307692308
-0.13768615384615385
-0.05111076923076923
0.05611753846153846
0.12016246153846154
0.16271999999999998
0.19693292307692306
0.22405292307692307
0.2517987692307692
0.24512307692307692
0.20027076923076922
0.12537784615384615
0.06133292307692308
0.015228923076923076
-0.04109723076923077
-0.09512861538461538
-0.16418030769230768
-0.21362215384615382
-0.23260615384615385
-0.23406646153846156
-0.19526400000000002
-0.16334584615384617
-0.12099692307692309
-0.05507446153846154
0.003129230769230769
0.07551876923076924
0.13852061538461538
0.16501476923076921
0.1489513846153846
0.09846646153846153
0.051528
0.018775384615384614
-0.002712
-0.03066646153846154
-0.073224
-0.10514215384615383
-0.12016246153846154
-0.10618523076923077
-0.06592246153846154
-0.037967999999999995
-0.017523692307692306
0.015437538461538461
0.06049846153846154
0.10827138461538462
0.12767261538461538
0.11974523076923077
0.10117846153846152
0.078648
0.06633969230769231
0.047981538461538464
0.011473846153846154
-0.031709538461538456
-0.06675692307692307
-0.08845292307692308
-0.09283384615384616
-0.07927384615384615
-0.07134646153846153
-0.06279323076923077
-0.040679999999999994
-0.019192615384615384
0.0022947692307692304
0.011056615384615385
-0.0016689230769230767
-0.022947692307692308
-0.05111076923076923
-0.06905169230769231
-0.07238953846153846
-0.07113784615384615
-0.06842584615384616
-0.06258461538461538
-0.04422646153846154
-0.008136
0.03984553846153846
0.07739630769230768
0.09909230769230769
0.103056
0.0936683076923077
0.08469784615384615
0.06633969230769231
0.02858030769230769
-0.01981846153846154
-0.06279323076923077
-0.10368184615384615
-0.13247076923076923
-0.14102399999999998
-0.13226215384615383
-0.09137353846153846
-0.029206153846153847
0.04568676923076923
0.12704676923076924
0.19004861538461537
0.2290596923076923
0.24741784615384615
0.2438713846153846
0.2221753846153846
0.17377661538461536
0.10535076923076922
0.02586830769230769
-0.048816000000000005
-0.10222153846153846
-0.14582215384615385
-0.16584923076923075
-0.165432
-0.14728246153846153
-0.09512861538461538
-0.018358153846153843
0.07739630769230768
0.17252492307692308
0.2480436923076923
0.3016578461538461
0.32606584615384615
0.31918153846153846
0.2722430769230769
0.1846246153846154
0.06425353846153846
-0.0717636923076923
-0.19964492307692308
-0.3004061538461538
-0.3642424615384615
-0.3994984615384615
-0.39636923076923075
-0.344424
-0.25701415384615384
-0.14311015384615386
-0.01710646153846154
0.10868861538461538
0.2292683076923077
0.31751261538461534
0.36382523076923073
0.3502652307692307
0.27182584615384614
0.1597993846153846
0.015854769230769228
-0.12266584615384615
-0.24053353846153847
-0.3373310769230769
-0.38426953846153844
-0.38531261538461536
-0.3312812307692308
-0.22488738461538463
-0.09909230769230769
0.032544
0.15541846153846153
0.24428861538461538
0.30061476923076924
0.32210215384615387
0.2939390769230769
0.22822523076923076
0.1358086153846154
0.03567323076923076
-0.04756430769230769
-0.11974523076923077
-0.17169046153846151
-0.20423446153846153
-0.2238443076923077
-0.21195323076923075
-0.17565415384615385
-0.11828492307692307
-0.05507446153846154
0.003755076923076923
0.061124307692307686
0.1097316923076923
0.14832553846153845
0.16292861538461537
0.15938215384615384
0.14206707692307693
0.111192
0.08469784615384615
0.05382276923076923
0.013351384615384614
-0.020652923076923076
-0.051319384615384614
-0.06946892307692307
-0.06946892307692307
-0.065088
-0.05069353846153846
-0.03775938461538462
-0.03233538461538461
-0.015854769230769228
0.015854769230769228
0.054240000000000003
0.08699261538461538
0.11286092307692308
0.1353913846153846
0.15667015384615385
0.1733593846153846
0.17252492307692308
0.15395815384615386
0.11160923076923077
0.05194523076923077
-0.0012516923076923076
-0.050067692307692306
-0.09533723076923077
-0.13080184615384613
-0.15124615384615384
-0.14832553846153845
-0.12975876923076923
-0.09283384615384616
-0.040262769230769234
0.009804923076923077
0.05924676923076923
0.10222153846153846
0.13455692307692307
0.14394461538461537
0.13455692307692307
0.1151556923076923
0.08511507692307693
0.06070707692307692
0.047981538461538464
0.03504738461538461
0.019192615384615384
0.006258461538461538
0.003129230769230769
0.023364923076923075
0.04526953846153846
0.06279323076923077
0.07468430769230769
0.06633969230769231
0.058829538461538454
0.05799507692307692
0.05862092307692307
0.06070707692307692
0.059664
0.06321046153846153
0.07614461538461538
0.08699261538461538
0.08761846153846153
0.07551876923076924
0.05090215384615384
0.026076923076923077
0.0077187692307692304
-0.006884307692307692
-0.031918153846153846
-0.065088
-0.08991323076923076
-0.10576799999999999
-0.09512861538461538
-0.06988615384615385
-0.03129230769230769
0.02211323076923077
0.06341907692307691
0.10055261538461538
0.12850707692307692
0.13518276923076925
0.12412615384615384
0.08907876923076924
0.03838523076923077
-0.014603076923076923
-0.07238953846153846
-0.12120553846153845
-0.15750461538461538
-0.18066092307692305
-0.1712732307692308
-0.1316363076923077
-0.06738276923076922
0.0050067692307692304
0.07051199999999999
0.12955015384615384
0.17961784615384613
0.2157083076923077
0.20944984615384615
0.15395815384615386
0.06633969230769231
-0.03942830769230769
-0.13038461538461538
-0.19797599999999999
-0.24595753846153845
-0.26097784615384617
-0.23448369230769228
-0.1666836923076923
-0.06070707692307692
0.05444861538461539
0.14811692307692306
0.21049292307692305
0.23510953846153848
0.2290596923076923
0.184416
0.10389046153846154
0.0004172307692307692
-0.11807630769230769
-0.22300984615384614
-0.2993630769230769
-0.3248141538461538
-0.30186646153846153
-0.24887815384615386
-0.16501476923076921
-0.06613107692307692
0.05277969230769231
0.17231630769230769
0.25847446153846154
0.2951907692307692
0.2853858461538461
0.24449723076923074
0.17899199999999998
0.09554584615384615
-0.007927384615384614
-0.1207883076923077
-0.2075723076923077
-0.23823876923076923
-0.21049292307692305
-0.14290153846153844
-0.06300184615384616
0.015646153846153844
0.08699261538461538
0.15667015384615385
0.23510953846153848
0.2764153846153846
0.27787569230769227
0.25659692307692306
0.22426153846153846
0.23156307692307693
0.22154953846153846
0.2897667692307692
0.3152178461538461
0.19380369230769232
0.16251138461538459
0.059664
0.03212676923076923
0.02357353846153846
-0.11974523076923077
-0.17002153846153847
-0.2588916923076923
-0.17252492307692308
-0.01668923076923077
0.06300184615384616
0.17419384615384614
0.1612596923076923
0.24741784615384615
0.32043323076923075
0.3156350769230769
0.28350830769230767
0.042974769230769226
-0.14144123076923076
-0.287472
-0.3944916923076923
-0.3548547692307692
-0.39511753846153846
-0.3210590769230769
-0.18232984615384615
-0.0826116923076923
0.16313723076923078
0.3054129230769231
0.40930338461538457
0.47939815384615386
0.37592492307692305
0.30666461538461537
0.1792006153846154
0.05799507692307692
-0.004589538461538461
-0.13184492307692308
-0.19985353846153847
-0.24574892307692306
-0.23177169230769232
-0.14164984615384615
-0.11286092307692308
-0.05862092307692307
-0.021070153846153846
0.019192615384615384
0.1316363076923077
0.1706473846153846
0.1913003076923077
0.18191261538461537
0.12308307692307692
0.12537784615384615
0.07781353846153846
-0.0006258461538461538
-0.04380923076923077
-0.11599015384615384
-0.11327815384615383
-0.07739630769230768
-0.06341907692307691
-0.040679999999999994
-0.0717636923076923
-0.08907876923076924
-0.10347323076923076
-0.13309661538461537
-0.15270646153846154
-0.16501476923076921
-0.11724184615384614
-0.08386338461538462
-0.0446436923076923
0.03504738461538461
0.06759138461538462
0.10868861538461538
0.11724184615384614
0.07781353846153846
0.05236246153846154
-0.02586830769230769
-0.08824430769230769
-0.127464
-0.18316430769230768
-0.17419384615384614
-0.14853415384615384
-0.12016246153846154
-0.09053907692307692
-0.08636676923076922
-0.040262769230769234
0.018983999999999997
0.055491692307692304
0.06341907692307691
0.03483876923076923
0.04860738461538461
0.06487938461538462
0.06425353846153846
0.061750153846153844
-0.0077187692307692304
-0.05090215384615384
-0.06800861538461538
-0.09137353846153846
-0.065088
-0.06300184615384616
-0.05173661538461538
-0.0070929230769230765
0.015020307692307692
0.06383630769230769
0.10952307692307692
0.12642092307692307
0.13643446153846153
0.12099692307692309
0.1028473846153846
0.06279323076923077
0.0043809230769230765
-0.03337846153846154
-0.07405846153846153
-0.09471138461538461
-0.11724184615384614
-0.13852061538461538
-0.12516923076923075
-0.12808984615384614
-0.1028473846153846
-0.06383630769230769
-0.04276615384615385
0.010639384615384617
0.05111076923076923
0.07510153846153846
0.08490646153846154
0.056951999999999996
0.061750153846153844
0.07802215384615384
0.06842584615384616
0.05674338461538461
0.016480615384615385
-0.009387692307692307
-0.012099692307692308
-0.008970461538461538
0.017732307692307693
0.032544
0.05674338461538461
0.09033046153846153
0.11098338461538461
0.1395636923076923
0.14582215384615385
0.1531236923076923
0.1696043076923077
0.14519630769230768
0.1097316923076923
0.06404492307692307
0.02899753846153846
0.03066646153846154
0.007301538461538462
-0.020652923076923076
-0.03275261538461539
-0.027745846153846152
0.021070153846153846
0.07218092307692307
0.11578153846153846
0.1368516923076923
0.12767261538461538
0.12037107692307693
0.0963803076923077
0.06487938461538462
0.019609846153846155
-0.04318338461538461
-0.09095630769230768
-0.1368516923076923
-0.15604430769230768
-0.1397723076923077
-0.10994030769230768
-0.05653476923076922
-0.009179076923076922
0.03713353846153846
0.09804923076923076
0.14164984615384615
0.16647507692307692
0.154584
0.11745046153846153
0.08219446153846154
0.042557538461538466
-0.006049846153846154
-0.06863446153846153
-0.12955015384615384
-0.17899199999999998
-0.19839323076923077
-0.18107815384615383
-0.15208061538461537
-0.11891076923076922
-0.07781353846153846
-0.028788923076923077
0.03045784615384615
0.07489292307692308
0.09283384615384616
0.10138707692307691
0.0855323076923077
0.061124307692307686
0.040262769230769234
0.003963692307692307
-0.03609046153846154
-0.07364123076923076
-0.10076123076923077
-0.10472492307692308
-0.09846646153846153
-0.08511507692307693
-0.06195876923076923
-0.03963692307692308
-0.017523692307692306
0.01272553846153846
0.05277969230769231
0.09387692307692307
0.12162276923076921
0.11953661538461538
0.09930092307692308
0.06821723076923077
0.023364923076923075
-0.02482523076923077
-0.08156861538461539
-0.14394461538461537
-0.18796246153846152
-0.19714153846153845
-0.17982646153846152
-0.13372246153846154
-0.07843938461538462
-0.03233538461538461
0.024199384615384616
0.08386338461538462
0.13330523076923076
0.15562707692307692
0.14206707692307693
0.10868861538461538
0.06738276923076922
0.02086153846153846
-0.015646153846153844
-0.03650769230769231
-0.04735569230769231
-0.04547815384615384
-0.03045784615384615
0.006049846153846154
0.05048492307692308
0.09679753846153846
0.13872923076923074
0.1712732307692308
0.19296923076923078
0.1908830769230769
0.1800350769230769
0.1570873846153846
0.12558646153846154
0.0974233846153846
0.07051199999999999
0.05653476923076922
0.054240000000000003
0.055491692307692304
0.06049846153846154
0.07531015384615385
0.09658892307692307
0.12308307692307692
0.14561353846153846
0.14269292307692305
0.12621230769230768
0.09909230769230769
0.06258461538461538
0.01940123076923077
-0.03629907692307692
-0.07760492307692309
-0.10660246153846153
-0.116616
-0.10514215384615383
-0.08073415384615384
-0.03504738461538461
0.006884307692307692
0.051319384615384614
0.09450276923076922
0.11765907692307691
0.13101046153846155
0.12204
0.10368184615384615
0.08866153846153846
0.06154153846153846
0.03629907692307692
0.015228923076923076
-0.009804923076923077
-0.035464615384615386
-0.06070707692307692
-0.07155507692307693
-0.06905169230769231
-0.05611753846153846
-0.03692492307692308
-0.016480615384615385
0.01668923076923077
0.04652123076923077
0.06571384615384615
0.08115138461538463
0.0936683076923077
0.09804923076923076
0.09179076923076923
0.0853236923076923
0.07948246153846153
0.06362769230769232
0.03588184615384615
0.00855323076923077
-0.021070153846153846
-0.04902461538461538
-0.07030338461538461
-0.08198584615384615
-0.08010830769230769
-0.065088
-0.026494153846153844
0.02899753846153846
0.09158215384615384
0.15291507692307693
0.19881046153846152
0.22175815384615383
0.2194633846153846
0.1804523076923077
0.10806276923076923
0.02211323076923077
-0.06592246153846154
-0.13497415384615385
-0.18358153846153846
-0.21111876923076925
-0.20986707692307693
-0.17961784615384613
-0.12099692307692309
-0.0448523076923077
0.02899753846153846
0.08824430769230769
0.12204
0.13643446153846153
0.14039815384615384
0.11473846153846154
0.07384984615384615
0.02482523076923077
-0.03212676923076923
-0.07843938461538462
-0.1136953846153846
-0.13643446153846153
-0.14832553846153845
-0.1489513846153846
-0.13914646153846155
-0.10681107692307691
-0.05862092307692307
-0.0002086153846153846
0.05590892307692308
0.10493353846153847
0.14832553846153845
0.16897846153846155
0.173568
0.14436184615384615
0.10222153846153846
0.05069353846153846
-0.01856676923076923
-0.07489292307692308
-0.12287446153846153
-0.1506203076923077
-0.16501476923076921
-0.16459753846153846
-0.14916
-0.12454338461538461
-0.09074769230769231
-0.05924676923076923
-0.028788923076923077
-0.002086153846153846
0.03421292307692308
0.07364123076923076
0.10722830769230769
0.12245723076923076
0.1097316923076923
0.08699261538461538
0.06154153846153846
0.02899753846153846
-0.018983999999999997
-0.06967753846153846
-0.10889723076923077
-0.12558646153846154
-0.11327815384615383
-0.08094276923076923
-0.03045784615384615
0.031709538461538456
0.0988836923076923
0.17377661538461536
0.23907323076923076
0.2695310769230769
0.2749550769230769
0.25930892307692305
0.21842030769230766
0.16438892307692307
0.09199938461538461
0.014603076923076923
-0.059038153846153844
-0.1218313846153846
-0.15228923076923076
-0.15374953846153847
-0.119328
-0.06759138461538462
-0.0004172307692307692
0.07635323076923077
0.14394461538461537
0.2138307692307692
0.25930892307692305
0.2709913846153846
0.24679199999999998
0.18983999999999998
0.11140061538461538
0.019609846153846155
-0.07343261538461537
-0.16021661538461537
-0.21591692307692306
-0.2374043076923077
-0.2207150769230769
-0.16981292307692308
-0.10576799999999999
-0.033169846153846154
0.040679999999999994
0.11432123076923076
0.1777403076923077
0.21320492307692307
0.21237046153846154
0.18858830769230767
0.14415323076923076
0.08386338461538462
0.017523692307692306
-0.05590892307692308
-0.12350030769230769
-0.18191261538461537
-0.2138307692307692
-0.22467876923076924
-0.22342707692307692
-0.21529107692307692
-0.19547261538461536
-0.1558356923076923
-0.10660246153846153
-0.042557538461538466
0.012099692307692308
0.048816000000000005
0.06821723076923077
0.07677046153846154
0.0826116923076923
0.07572738461538461
0.05298830769230769
0.006675692307692307
-0.04944184615384615
-0.10493353846153847
-0.13872923076923074
-0.14519630769230768
-0.14665661538461539
-0.13601723076923075
-0.12558646153846154
-0.10868861538461538
-0.09387692307692307
-0.10326461538461539
-0.138312
-0.16084246153846155
-0.09158215384615384
0.014185846153846153
0.17481969230769231
0.34651015384615386
0.4831532307692308
0.6283495384615384
0.6976098461538461
0.7138818461538461
0.6135378461538461
0.41013784615384613
0.14707384615384617
-0.127464
-0.3648683076923077
-0.5991433846153846
-0.7149249230769231
-0.7668701538461539
-0.70512
-0.5075612307692308
-0.2720344615384615
0.02524246153846154
0.30583015384615386
0.5319692307692307
0.6577643076923076
0.6433698461538462
0.51528
0.30249230769230767
0.03275261538461539
-0.2851772307692308
-0.565764923076923
-0.7626978461538462
-0.8428061538461538
-0.7639495384615383
-0.5872523076923076
-0.34463261538461537
-0.08428061538461538
0.15103753846153847
0.3819747692307692
0.5336381538461539
0.5726492307692308
0.5371846153846154
0.4326683076923077
0.31646953846153847
0.19296923076923078
0.05611753846153846
-0.08845292307692308
-0.23782153846153845
-0.35235138461538457
-0.4186910769230769
-0.43412861538461534
-0.4105550769230769
-0.3542289230769231
-0.2424110769230769
-0.11348676923076922
0.005632615384615384
0.12099692307692309
0.18191261538461537
0.22280123076923075
0.24637476923076923
0.2422024615384615
0.24679199999999998
0.24199384615384617
0.22426153846153846
0.19755876923076923
0.13768615384615385
0.03838523076923077
-0.05736923076923077
-0.15771323076923077
-0.25284184615384614
-0.30833353846153844
-0.30895938461538464
-0.23010276923076922
-0.07551876923076924
0.12496061538461539
0.3375396923076923
0.5342640000000001
0.6709070769230769
0.7324486153846154
0.7015735384615385
0.546780923076923
0.3248141538461538
0.1045163076923077
-0.09700615384615385
-0.25659692307692306
-0.3727956923076923
-0.431208
-0.40846892307692306
-0.3275261538461538
-0.19150892307692308
-0.016897846153846156
0.14436184615384615
0.2768326153846154
0.3815575384615385
0.44414215384615385
0.4472713846153846
0.39011076923076926
0.2726603076923077
0.10994030769230768
-0.05277969230769231
-0.19192615384615386
-0.2803790769230769
-0.29915446153846154
-0.2643156923076923
-0.1785747692307692
-0.04944184615384615
0.10180430769230768
0.25513661538461535
0.3617390769230769
0.39636923076923075
0.36904061538461536
0.29101846153846156
0.18629353846153843
0.06446215384615385
-0.07572738461538461
-0.20465169230769228
-0.28121353846153846
-0.3081249230769231
-0.28017046153846153
-0.1992276923076923
-0.10430769230769231
-0.012934153846153845
0.07572738461538461
0.15166338461538462
0.19985353846153847
0.20548615384615385
0.14164984615384615
0.03921969230769231
-0.06529661538461538
-0.15562707692307692
-0.2021483076923077
-0.22551323076923077
-0.2194633846153846
-0.17002153846153847
-0.08511507692307693
0.02586830769230769
0.14018953846153845
0.23907323076923076
0.3008233846153846
0.32585723076923073
0.3035353846153846
0.24637476923076923
0.16835261538461538
0.05757784615384615
-0.05924676923076923
-0.16188553846153847
-0.233232
-0.24866953846153847
-0.20673784615384616
-0.13372246153846154
-0.04318338461538461
0.05090215384615384
0.13726892307692307
0.21174461538461536
0.249504
0.2415766153846154
0.19818461538461538
0.14081538461538462
0.08302892307692307
0.03129230769230769
-0.015020307692307692
-0.05653476923076922
-0.06821723076923077
-0.06195876923076923
-0.04631261538461538
-0.02357353846153846
-0.02023569230769231
-0.02357353846153846
-0.026702769230769228
-0.02357353846153846
-0.011056615384615385
0.001043076923076923
0.01940123076923077
0.04109723076923077
0.06821723076923077
0.09700615384615385
0.12642092307692307
0.15896492307692306
0.17461107692307692
0.18274707692307693
0.1860849230769231
0.1635544615384615
0.12433476923076923
0.058829538461538454
-0.02357353846153846
-0.11014892307692307
-0.18900553846153845
-0.23677846153846152
-0.26118646153846153
-0.2586830769230769
-0.2273907692307692
-0.15875630769230767
-0.06446215384615385
0.03755076923076923
0.12850707692307692
0.17169046153846151
0.1783661538461538
0.15249784615384615
0.10743692307692307
0.061750153846153844
0.003755076923076923
-0.052153846153846155
-0.08845292307692308
-0.09763200000000001
-0.07259815384615384
-0.026494153846153844
0.016272
0.05570030769230769
0.09825784615384614
0.1368516923076923
0.16501476923076921
0.16063384615384615
0.1207883076923077
0.06654830769230768
0.014394461538461538
-0.017523692307692306
-0.03108369230769231
-0.029832
-0.018775384615384614
0.0004172307692307692
0.03024923076923077
0.053614153846153846
0.06195876923076923
0.042974769230769226
-0.006675692307692307
-0.059872615384615385
-0.119328
-0.18086953846153844
-0.21132738461538458
-0.2292683076923077
-0.22467876923076924
-0.1846246153846154
-0.11557292307692307
-0.014394461538461538
0.0855323076923077
0.1693956923076923
0.22447015384615385
0.24679199999999998
0.24303692307692307
0.20798953846153845
0.13789476923076924
0.03421292307692308
-0.084072
-0.1867107692307692
-0.25471938461538457
-0.27850153846153847
-0.26619323076923074
-0.22488738461538463
-0.14957723076923077
-0.05444861538461539
0.0448523076923077
0.12788123076923075
0.1666836923076923
0.16438892307692307
0.132888
0.08782707692307692
0.0446436923076923
-0.007510153846153846
-0.06362769230769232
-0.10764553846153846
-0.13518276923076925
-0.1435273846153846
-0.13455692307692307
-0.10889723076923077
-0.08365476923076923
-0.06279323076923077
-0.040054153846153843
-0.011265230769230769
0.021904615384615383
0.040054153846153843
0.04172307692307692
0.03504738461538461
0.029414769230769227
0.03504738461538461
0.04902461538461538
0.061750153846153844
0.07197230769230768
0.08240307692307691
0.09033046153846153
0.09721476923076922
0.08949599999999999
0.05277969230769231
-0.0016689230769230767
-0.07092923076923077
-0.12704676923076924
-0.15395815384615386
-0.1639716923076923
-0.14916
-0.12120553846153845
-0.07364123076923076
-0.004798153846153846
0.055491692307692304
0.10117846153846152
0.10952307692307692
0.08094276923076923
0.04401784615384615
-0.00855323076923077
-0.06988615384615385
-0.13998092307692306
-0.20652923076923077
-0.24491446153846153
-0.25930892307692305
-0.2342750769230769
-0.18483323076923078
-0.124752
-0.05090215384615384
0.023364923076923075
0.10326461538461539
0.17419384615384614
0.2209236923076923
0.23761292307692305
0.21716861538461538
0.17481969230769231
0.11974523076923077
0.05528307692307692
-0.005215384615384615
-0.06258461538461538
-0.09596307692307693
-0.0897046153846154
-0.054657230769230764
0.008344615384615384
0.07405846153846153
0.12600369230769232
0.16793538461538463
0.1940123076923077
0.19818461538461538
0.16730953846153845
0.09825784615384614
0.011473846153846154
-0.07697907692307693
-0.14018953846153845
-0.16605784615384614
-0.16751815384615384
-0.14331876923076922
-0.10159569230769232
-0.04172307692307692
0.030875076923076922
0.08720123076923077
0.124752
0.13121907692307694
0.11286092307692308
0.08991323076923076
0.05444861538461539
0.02753723076923077
0.0008344615384615384
-0.020652923076923076
-0.012516923076923077
0.010848
0.05069353846153846
0.0963803076923077
0.12934153846153845
0.14999446153846155
0.15938215384615384
0.16251138461538459
0.15479261538461536
0.13309661538461537
0.09950953846153845
0.054657230769230764
0.014185846153846153
-0.016897846153846156
-0.03859384615384615
-0.054240000000000003
-0.06446215384615385
-0.06049846153846154
-0.03421292307692308
0.0025033846153846152
0.03108369230769231
0.04985907692307692
0.06633969230769231
0.07134646153846153
0.06738276923076922
0.0609156923076923
0.041514461538461535
0.017523692307692306
-0.0012516923076923076
0.008344615384615384
0.029623384615384614
0.04318338461538461
0.06028984615384615
0.06571384615384615
0.06154153846153846
0.03692492307692308
-0.01043076923076923
-0.06028984615384615
-0.10639384615384614
-0.14811692307692306
-0.17648861538461538
-0.17815753846153848
-0.14582215384615385
-0.0853236923076923
-0.014394461538461538
0.06362769230769232
0.13393107692307693
0.18107815384615383
0.20027076923076922
0.1860849230769231
0.13601723076923075
0.06487938461538462
-0.005841230769230769
-0.07489292307692308
-0.12370892307692308
-0.15500123076923078
-0.1639716923076923
-0.13226215384615383
-0.06425353846153846
0.02858030769230769
0.11765907692307691
0.19839323076923077
0.26932246153846157
0.3248141538461538
0.3517255384615385
0.33566215384615383
0.28350830769230767
0.2125790769230769
0.13226215384615383
0.05277969230769231
-0.008970461538461538
-0.06383630769230769
-0.10848000000000001
-0.12850707692307692
-0.11745046153846153
-0.07092923076923077
-0.02524246153846154
0.011473846153846154
0.04756430769230769
0.06800861538461538
0.08761846153846153
0.08594953846153845
0.06341907692307691
0.03379569230769231
-0.017523692307692306
-0.05277969230769231
-0.07531015384615385
-0.09074769230769231
-0.09012184615384615
-0.09241661538461539
-0.08156861538461539
-0.06926030769230769
-0.05778646153846154
-0.03901107692307692
-0.03650769230769231
-0.03942830769230769
-0.05069353846153846
-0.051319384615384614
-0.02899753846153846
-0.006467076923076923
0.03129230769230769
0.06467076923076923
0.10159569230769232
0.14540492307692307
0.17648861538461538
0.1948467692307692
0.18066092307692305
0.13998092307692306
0.09179076923076923
0.04422646153846154
-0.0004172307692307692
-0.033169846153846154
-0.06821723076923077
-0.08845292307692308
-0.09763200000000001
-0.09867507692307692
-0.059038153846153844
-0.015020307692307692
0.0448523076923077
0.1028473846153846
0.15082892307692305
0.2209236923076923
0.28955815384615385
0.3673716923076923
0.37947138461538454
0.3402516923076923
0.2753723076923077
0.15124615384615384
0.025659692307692307
-0.12120553846153845
-0.2578486153846154
-0.4042966153846154
-0.4965046153846154
-0.48941169230769227
-0.4476886153846154
-0.3229366153846154
-0.16772676923076923
0.0002086153846153846
0.18253846153846154
0.35235138461538457
0.4958787692307692
0.554916923076923
0.5244590769230769
0.4086775384615385
0.2303113846153846
0.03692492307692308
-0.15646153846153846
-0.3129230769230769
-0.43934399999999996
-0.5265452307692308
-0.5265452307692308
-0.4487316923076923
-0.30019753846153846
-0.11181784615384616
0.08156861538461539
0.2638984615384615
0.3848953846153846
0.4599969230769231
0.4965046153846154
0.45332123076923075
0.3558978461538462
0.2225926153846154
0.07426707692307692
-0.07155507692307693
-0.20110523076923076
-0.2830910769230769
-0.31918153846153846
-0.3137575384615385
-0.25930892307692305
-0.18170399999999998
-0.08699261538461538
0.01272553846153846
0.10076123076923077
0.17315076923076922
0.20277415384615383
0.20423446153846153
0.18253846153846154
0.1422756923076923
0.0988836923076923
0.04631261538461538
-0.0043809230769230765
-0.047772923076923074
-0.0855323076923077
-0.10952307692307692
-0.13643446153846153
-0.168144
-0.18107815384615383
-0.18358153846153846
-0.16334584615384617
-0.12579507692307693
-0.07781353846153846
0.0025033846153846152
0.08594953846153845
0.16000799999999998
0.22447015384615385
0.27850153846153847
0.3127144615384615
0.3004061538461538
0.268488
0.20944984615384615
0.11348676923076922
0.02586830769230769
-0.051528
-0.11703323076923078
-0.16876984615384616
-0.19818461538461538
-0.17690584615384616
-0.12433476923076923
-0.04756430769230769
0.03838523076923077
0.10368184615384615
0.15604430769230768
0.18629353846153843
0.19568123076923075
0.18545907692307692
0.13309661538461537
0.04672984615384615
-0.047772923076923074
-0.13601723076923075
-0.1992276923076923
-0.24679199999999998
-0.2659846153846154
-0.2572227692307692
-0.22989415384615383
-0.16230276923076925
-0.08740984615384616
-0.006884307692307692
0.058829538461538454
0.0880356923076923
0.10076123076923077
0.07551876923076924
0.03108369230769231
-0.017315076923076923
-0.07134646153846153
-0.12245723076923076
-0.16167692307692308
-0.18253846153846154
-0.19067446153846154
-0.16876984615384616
-0.12955015384615384
-0.07677046153846154
-0.015228923076923076
0.04193169230769231
0.0988836923076923
0.13205353846153844
0.14540492307692307
0.13893784615384613
0.1136953846153846
0.07426707692307692
0.027120000000000002
-0.011265230769230769
-0.04380923076923077
-0.06446215384615385
-0.07197230769230768
-0.07280676923076923
-0.06300184615384616
-0.048816000000000005
-0.025659692307692307
0.004798153846153846
0.022947692307692308
0.03650769230769231
0.043600615384615383
0.05674338461538461
0.07739630769230768
0.09283384615384616
0.09867507692307692
0.08991323076923076
0.08177723076923075
0.06842584615384616
0.05820369230769231
0.05444861538461539
0.042557538461538466
0.03296123076923077
0.027120000000000002
0.03775938461538462
0.058412307692307694
0.07677046153846154
0.0897046153846154
0.0855323076923077
0.0771876923076923
0.065088
0.06383630769230769
0.07426707692307692
0.07134646153846153
0.05736923076923077
0.045060923076923075
0.03859384615384615
0.03921969230769231
0.035255999999999996
0.023990769230769232
0.009804923076923077
-0.011891076923076923
-0.01856676923076923
-0.015854769230769228
-0.007510153846153846
0.003963692307692307
0.01814953846153846
0.048816000000000005
0.08156861538461539
0.11536430769230768
0.13038461538461538
0.11849353846153846
0.100344
0.07531015384615385
0.041514461538461535
-0.0004172307692307692
-0.04672984615384615
-0.09596307692307693
-0.13518276923076925
-0.1531236923076923
-0.14415323076923076
-0.10868861538461538
-0.06592246153846154
-0.015437538461538461
0.041514461538461535
0.09491999999999999
0.1368516923076923
0.15354092307692307
0.14707384615384617
0.11870215384615385
0.06592246153846154
0.01043076923076923
-0.05403138461538461
-0.12308307692307692
-0.17502830769230768
-0.20652923076923077
-0.2008966153846154
-0.16105107692307694
-0.09575446153846154
-0.021904615384615383
0.05736923076923077
0.1397723076923077
0.19693292307692306
0.23636123076923077
0.24512307692307692
0.20402584615384614
0.13706030769230768
0.059038153846153844
-0.016897846153846156
-0.08845292307692308
-0.14686523076923075
-0.1779489230769231
-0.1802436923076923
-0.15541846153846153
-0.10013538461538461
-0.030875076923076922
0.03984553846153846
0.100344
0.12975876923076923
0.1435273846153846
0.12433476923076923
0.07948246153846153
0.02357353846153846
-0.03859384615384615
-0.08574092307692306
-0.11536430769230768
-0.127464
-0.12642092307692307
-0.10889723076923077
-0.0678
-0.011265230769230769
0.040054153846153843
0.086784
0.1136953846153846
0.11202646153846153
0.09992676923076924
0.08302892307692307
0.06905169230769231
0.055491692307692304
0.05090215384615384
0.06028984615384615
0.08115138461538463
0.11619876923076923
0.14853415384615384
0.17252492307692308
0.1691870769230769
0.14081538461538462
0.10597661538461538
0.05778646153846154
0.005424
-0.06049846153846154
-0.12162276923076921
-0.15896492307692306
-0.16835261538461538
-0.1341396923076923
-0.07927384615384615
-0.017315076923076923
0.05236246153846154
0.11223507692307692
0.1585476923076923
0.1942209230769231
0.19651569230769228
0.16626646153846153
0.10201292307692307
0.017523692307692306
-0.06195876923076923
-0.14540492307692307
-0.21111876923076925
-0.2482523076923077
-0.24658338461538462
-0.19067446153846154
-0.103056
0.0077187692307692304
0.11724184615384614
0.2090326153846154
0.28663753846153844
0.32001599999999997
0.3077076923076923
0.24408
0.13330523076923076
0.009804923076923077
-0.11891076923076922
-0.22008923076923076
-0.26640184615384616
-0.2680707692307692
-0.222384
-0.14060676923076923
-0.027745846153846152
0.10514215384615383
0.21111876923076925
0.2828824615384615
0.3049956923076923
0.273912
0.21237046153846154
0.11870215384615385
0.013560000000000001
-0.0974233846153846
-0.1992276923076923
-0.2605606153846154
-0.2709913846153846
-0.22551323076923077
-0.1489513846153846
-0.051528
0.05611753846153846
0.16188553846153847
0.2507556923076923
0.2937304615384615
0.2858030769230769
0.22467876923076924
0.13622584615384614
0.03921969230769231
-0.052571076923076915
-0.12621230769230768
-0.17628
-0.19588984615384614
-0.18274707692307693
-0.12391753846153845
-0.030875076923076922
0.07009476923076922
0.14999446153846155
0.19839323076923077
0.21153599999999997
0.18170399999999998
0.12120553846153845
0.04214030769230769
-0.04631261538461538
-0.1205796923076923
-0.16459753846153846
-0.1666836923076923
-0.12496061538461539
-0.05778646153846154
0.022947692307692308
0.1045163076923077
0.17544553846153846
0.2303113846153846
0.2422024615384615
0.206112
0.1341396923076923
0.04839876923076923
-0.020652923076923076
-0.07468430769230769
-0.10076123076923077
-0.10618523076923077
-0.08386338461538462
-0.024616615384615383
0.04965046153846154
0.1353913846153846
0.1942209230769231
0.2125790769230769
0.19672430769230767
0.14728246153846153
0.07426707692307692
-0.018983999999999997
-0.111192
-0.19213476923076922
-0.24554030769230767
-0.24866953846153847
-0.206112
-0.1341396923076923
-0.05319692307692307
0.016480615384615385
0.06717415384615384
0.09909230769230769
0.09909230769230769
0.07468430769230769
0.01981846153846154
-0.05653476923076922
-0.12099692307692309
-0.17231630769230769
-0.19004861538461537
-0.17565415384615385
-0.14415323076923076
-0.09074769230769231
-0.013560000000000001
0.0853236923076923
0.18483323076923078
0.2588916923076923
0.2995716923076923
0.301032
0.26494153846153845
0.20298276923076922
0.11056615384615384
0.006675692307692307
-0.09304246153846155
-0.16105107692307694
-0.17461107692307692
-0.14853415384615384
-0.0853236923076923
0.005215384615384615
0.09930092307692308
0.1860849230769231
0.24303692307692307
0.25972615384615383
0.2424110769230769
0.17544553846153846
0.07739630769230768
-0.02858030769230769
-0.12016246153846154
-0.18337292307692307
-0.22321846153846153
-0.22947692307692308
-0.21153599999999997
-0.16438892307692307
-0.09700615384615385
-0.031709538461538456
0.023990769230769232
0.05653476923076922
0.073224
0.08073415384615384
0.07635323076923077
0.04860738461538461
0.006049846153846154
-0.03212676923076923
-0.054240000000000003
-0.04756430769230769
-0.021070153846153846
0.006884307692307692
0.023782153846153845
0.03692492307692308
0.04944184615384615
0.05194523076923077
0.035464615384615386
0.0043809230769230765
-0.03609046153846154
-0.07635323076923077
-0.09179076923076923
-0.08636676923076922
-0.06550523076923077
-0.03609046153846154
0.003755076923076923
0.059872615384615385
0.11765907692307691
0.16584923076923075
0.1977673846153846
0.20256553846153844
0.17377661538461536
0.12391753846153845
0.055491692307692304
-0.011056615384615385
-0.08177723076923075
-0.14415323076923076
-0.17628
-0.18629353846153843
-0.16105107692307694
-0.13518276923076925
-0.09575446153846154
-0.058412307692307694
-0.02357353846153846
0.0006258461538461538
0.005424
0.008970461538461538
0.011891076923076923
0.06321046153846153
0.1869193846153846
0.3752990769230769
0.4746
0.5757784615384615
0.6569298461538461
0.6809206153846155
0.7005304615384614
0.5380190769230769
0.3127144615384615
-0.024199384615384616
-0.37884553846153846
-0.6629796923076924
-0.9646375384615384
-1.1252713846153846
-1.2199827692307692
-1.1248541538461538
-0.8142258461538462
-0.3919883076923077
0.18232984615384615
0.6988615384615385
1.1398744615384615
1.4536319999999998
1.536035076923077
1.4498769230769228
1.1183870769230768
0.6185446153846154
0.042557538461538466
-0.6172929230769231
-1.1415433846153844
-1.4845070769230768
-1.6545286153846155
-1.5725427692307692
-1.3378504615384614
-0.9208283076923077
-0.38280923076923074
0.1927606153846154
0.7871058461538462
1.2308307692307692
1.486176
1.542710769230769
1.3991833846153847
1.1085821538461538
0.6431612307692307
0.07364123076923076
-0.5117335384615385
-1.0453716923076923
-1.3998092307692307
-1.5821390769230768
-1.5838079999999999
-1.3964713846153844
-1.0797932307692308
-0.6377372307692307
-0.13643446153846153
0.34630153846153844
0.7841852307692306
1.1089993846153847
1.3134424615384614
1.4079452307692306
1.3345126153846152
1.1250627692307693
0.7937815384615384
0.37091815384615384
-0.06571384615384615
-0.4889944615384615
-0.844475076923077
-1.100654769230769
-1.2350030769230769
-1.2391753846153846
-1.1052443076923075
-0.7964935384615384
-0.3673716923076923
0.12287446153846153
0.6348166153846153
1.0745778461538462
1.4100313846153847
1.5888147692307693
1.5637809230769228
1.3432744615384615
0.9268781538461538
0.41326707692307696
-0.1287156923076923
-0.6656916923076922
-1.1213076923076921
-1.465523076923077
-1.6367963076923078
-1.5954904615384615
-1.3557913846153844
-0.941064
-0.4105550769230769
0.18107815384615383
0.7687476923076924
1.2604541538461538
1.6071729230769232
1.7390178461538461
1.625531076923077
1.3123993846153845
0.8252824615384615
0.2641070769230769
-0.301032
-0.8219446153846154
-1.2101778461538462
-1.4546750769230767
-1.5103753846153845
-1.349532923076923
-1.0226326153846155
-0.5688941538461538
-0.06967753846153846
0.404088
0.8002486153846153
1.0812535384615385
1.2299963076923077
1.2083003076923078
1.0232584615384615
0.7067889230769231
0.30436984615384616
-0.11411261538461538
-0.5000510769230769
-0.8165206153846154
-1.037027076923077
-1.1446726153846154
-1.1067046153846154
-0.931259076923077
-0.6671520000000001
-0.3538116923076923
-0.027120000000000002
0.2751636923076923
0.5371846153846154
0.729528
0.82716
0.824448
0.7238953846153846
0.5630529230769231
0.3713353846153846
0.17565415384615385
-0.00855323076923077
-0.1696043076923077
-0.3031181538461538
-0.4007501538461538
-0.44309907692307693
-0.44330769230769224
-0.38990215384615384
-0.2931046153846154
-0.1867107692307692
-0.05528307692307692
0.10681107692307691
0.2897667692307692
0.4685501538461538
0.6097827692307692
0.6863446153846153
0.7036596923076923
0.6679864615384614
0.5724406153846154
0.43058215384615384
0.24199384615384617
0.03045784615384615
-0.1712732307692308
-0.3321156923076923
-0.4378836923076923
-0.4977563076923077
-0.4994252307692308
-0.4418473846153846
-0.3239796923076923
-0.15938215384615384
0.028163076923076923
0.21654276923076923
0.37237846153846155
0.4925409230769231
0.5592978461538461
0.5611753846153846
0.5038061538461538
0.38239199999999995
0.21883753846153844
0.031709538461538456
-0.14436184615384615
-0.2830910769230769
-0.3798886153846154
-0.4243236923076923
-0.4255753846153846
-0.3844781538461538
-0.30937661538461536
-0.20986707692307693
-0.09971815384615385
-0.006675692307692307
0.06592246153846154
0.119328
0.15500123076923078
0.17148184615384612
0.16501476923076921
0.14269292307692305
0.11348676923076922
0.08219446153846154
0.042974769230769226
-0.0022947692307692304
-0.05111076923076923
-0.10597661538461538
-0.154584
-0.18983999999999998
-0.21925476923076925
-0.22989415384615383
-0.22113230769230768
-0.18983999999999998
-0.12704676923076924
-0.05319692307692307
0.030040615384615384
0.12433476923076923
0.20673784615384616
0.26535876923076923
0.2951907692307692
0.2887236923076923
0.2411593846153846
0.14957723076923077
0.03108369230769231
-0.09930092307692308
-0.22801661538461537
-0.33295015384615384
-0.3984553846153846
-0.41994276923076923
-0.3863556923076923
-0.29414769230769233
-0.16793538461538463
-0.024616615384615383
0.11557292307692307
0.23239753846153846
0.3210590769230769
0.3744646153846154
0.38656430769230765
0.34943076923076927
0.2724516923076923
0.17565415384615385
0.07802215384615384
-0.008970461538461538
-0.084072
-0.1314276923076923
-0.15124615384615384
-0.13476553846153844
-0.08177723076923075
-0.009179076923076922
0.07426707692307692
0.14123261538461537
0.19046584615384615
0.22321846153846153
0.24491446153846153
0.2517987692307692
0.2288510769230769
0.18358153846153846
0.12558646153846154
0.07572738461538461
0.04172307692307692
0.018983999999999997
-0.004172307692307692
-0.030875076923076922
-0.05111076923076923
-0.05403138461538461
-0.048816000000000005
-0.04547815384615384
-0.05403138461538461
-0.07635323076923077
-0.08887015384615385
-0.08761846153846153
-0.06946892307692307
-0.0448523076923077
-0.023364923076923075
0.015854769230769228
0.06613107692307692
0.10910584615384614
0.14144123076923076
0.14477907692307693
0.11619876923076923
0.06738276923076922
0.011473846153846154
-0.029623384615384614
-0.06633969230769231
-0.10117846153846152
-0.1178676923076923
-0.10889723076923077
-0.06675692307692307
-0.013768615384615384
0.034630153846153845
0.07739630769230768
0.1045163076923077
0.12308307692307692
0.1356
0.13080184615384613
0.11286092307692308
0.07843938461538462
0.02524246153846154
-0.019609846153846155
-0.05778646153846154
-0.08052553846153847
-0.10514215384615383
-0.13247076923076923
-0.12704676923076924
-0.103056
-0.05236246153846154
-0.0012516923076923076
0.02044430769230769
0.01940123076923077
-0.0035464615384615383
-0.019609846153846155
-0.03504738461538461
-0.07697907692307693
-0.13226215384615383
-0.17669723076923077
-0.18921415384615384
-0.1712732307692308
-0.13768615384615385
-0.08949599999999999
-0.035464615384615386
0.011473846153846154
0.052153846153846155
0.08594953846153845
0.0988836923076923
0.07426707692307692
0.016063384615384615
-0.04985907692307692
-0.10159569230769232
-0.13852061538461538
-0.16730953846153845
-0.1802436923076923
-0.16209415384615386
-0.11640738461538462
-0.040262769230769234
0.06404492307692307
0.1704387692307692
0.2563883076923077
0.3062473846153846
0.3294036923076923
0.31354892307692306
0.2480436923076923
0.13601723076923075
-0.003755076923076923
-0.13518276923076925
-0.25200738461538463
-0.3304467692307692
-0.36632861538461536
-0.35631507692307696
-0.2849686153846154
-0.15896492307692306
0.015646153846153844
0.20486030769230767
0.36778892307692307
0.47418276923076924
0.514236923076923
0.4948356923076923
0.4128498461538462
0.27412061538461535
0.08699261538461538
-0.119328
-0.2966510769230769
-0.4193169230769231
-0.4685501538461538
-0.4487316923076923
-0.3671630769230769
-0.235944
-0.07364123076923076
0.0974233846153846
0.25284184615384614
0.3669544615384615
0.41389292307692305
0.4036707692307692
0.3502652307692307
0.260352
0.14916
0.028788923076923077
-0.07969107692307692
-0.15792184615384616
-0.19651569230769228
-0.18107815384615383
-0.12579507692307693
-0.05444861538461539
0.02858030769230769
0.10952307692307692
0.18545907692307692
0.23677846153846152
0.24637476923076923
0.21779446153846155
0.14811692307692306
0.06279323076923077
-0.01397723076923077
-0.0678
-0.09575446153846154
-0.11724184615384614
-0.11974523076923077
-0.08782707692307692
-0.037967999999999995
0.018983999999999997
0.05528307692307692
0.06905169230769231
0.06404492307692307
0.042557538461538466
0.02044430769230769
-0.011682461538461537
-0.052571076923076915
-0.09262523076923077
-0.11056615384615384
-0.0961716923076923
-0.05048492307692308
0.007510153846153846
0.06216738461538462
0.10368184615384615
0.13351384615384615
0.16459753846153846
0.17273353846153844
0.15500123076923078
0.11327815384615383
0.06467076923076923
0.030875076923076922
0.0050067692307692304
-0.0029206153846153843
-0.010013538461538461
-0.027745846153846152
-0.044435076923076924
-0.05382276923076923
-0.051528
-0.04985907692307692
-0.05924676923076923
-0.07197230769230768
-0.06946892307692307
-0.04526953846153846
0.001043076923076923
0.04631261538461538
0.09241661538461539
0.13184492307692308
0.15124615384615384
0.16251138461538459
0.14811692307692306
0.10639384615384614
0.03629907692307692
-0.05736923076923077
-0.15228923076923076
-0.23364923076923078
-0.29039261538461536
-0.31041969230769234
-0.2953993846153846
-0.23615261538461538
-0.12808984615384614
0.005424
0.15103753846153847
0.2768326153846154
0.36215630769230767
0.39970707692307694
0.38948492307692306
0.32606584615384615
0.21111876923076925
0.05069353846153846
-0.12642092307692307
-0.2776670769230769
-0.38280923076923074
-0.42891323076923077
-0.4251581538461538
-0.36215630769230767
-0.2753723076923077
-0.14665661538461539
0.01710646153846154
0.1775316923076923
0.31855569230769226
0.40325353846153844
0.42995630769230764
0.4220289230769231
0.3786369230769231
0.3277347692307692
0.30895938461538464
0.1504116923076923
-0.07113784615384615
-0.21362215384615382
-0.34296369230769225
-0.33816553846153846
-0.2716172307692308
-0.32836061538461536
-0.3152178461538461
-0.23782153846153845
-0.08031692307692308
0.1639716923076923
0.273912
0.3377483076923077
0.3206418461538461
0.3513083076923077
0.4355889230769231
0.41535323076923075
0.33607938461538456
0.10222153846153846
-0.06404492307692307
-0.15896492307692306
-0.25555384615384613
-0.23949046153846154
-0.31250584615384613
-0.2939390769230769
-0.21466523076923077
-0.1666836923076923
0.05820369230769231
0.1910916923076923
0.28768061538461537
0.4159790769230769
0.376968
0.38072307692307694
0.3698750769230769
0.3049956923076923
0.2966510769230769
0.15959076923076923
0.028788923076923077
-0.06592246153846154
-0.14665661538461539
-0.13789476923076924
-0.1881710769230769
-0.23239753846153846
-0.254928
-0.22175815384615383
-0.07927384615384615
0.003963692307692307
0.07134646153846153
0.1395636923076923
0.1710646153846154
0.28163076923076924
0.3350363076923077
0.330864
0.3229366153846154
0.21821169230769227
0.14832553846153845
0.06654830769230768
-0.09012184615384615
-0.21842030769230766
-0.36445107692307693
-0.4825273846153846
-0.5104818461538462
-0.5040147692307693
-0.4282873846153846
-0.2920615384615385
-0.11140061538461538
0.0744756923076923
0.24762646153846155
0.40200184615384615
0.46896738461538456
0.5123593846153845
0.4683415384615384
0.3202246153846154
0.1873366153846154
0.015437538461538461
-0.1506203076923077
-0.29602523076923076
-0.4318338461538461
-0.46083138461538464
-0.43976123076923074
-0.37050092307692306
-0.24282830769230768
-0.11327815384615383
0.06070707692307692
0.23156307692307693
0.33607938461538456
0.36674584615384614
0.3241883076923077
0.27599815384615384
0.1923433846153846
0.08010830769230769
-0.038176615384615385
-0.19004861538461537
-0.2680707692307692
-0.28017046153846153
-0.27787569230769227
-0.21737723076923077
-0.17252492307692308
-0.12245723076923076
-0.030040615384615384
0.011473846153846154
0.06049846153846154
0.10389046153846154
0.09387692307692307
0.09304246153846155
0.07301538461538462
0.05736923076923077
0.05757784615384615
0.059664
0.08365476923076923
0.0892873846153846
0.09909230769230769
0.08657538461538461
0.06279323076923077
0.059038153846153844
0.010848
-0.021904615384615383
-0.06467076923076923
-0.12412615384615384
-0.11724184615384614
-0.11327815384615383
-0.09554584615384615
-0.04047138461538462
0.0006258461538461538
0.08490646153846154
0.18066092307692305
0.23886461538461537
0.26869661538461537
0.225096
0.16209415384615386
0.09012184615384615
-0.016272
-0.1205796923076923
-0.23093723076923076
-0.30374399999999996
-0.34317230769230767
-0.3538116923076923
-0.2926873846153846
-0.20986707692307693
-0.09241661538461539
0.03150092307692308
0.10389046153846154
0.1710646153846154
0.200688
0.20486030769230767
0.20965846153846154
0.1558356923076923
0.08866153846153846
0.03212676923076923
-0.016063384615384615
-0.008344615384615384
0.002086153846153846
-0.004589538461538461
-0.005841230769230769
-0.00855323076923077
0.008761846153846153
0.017940923076923077
0.005632615384615384
-0.01814953846153846
-0.05403138461538461
-0.06675692307692307
-0.06028984615384615
-0.029832
0.024616615384615383
0.06425353846153846
0.11056615384615384
0.15374953846153847
0.18253846153846154
0.2209236923076923
0.21299630769230768
0.1585476923076923
0.07280676923076923
-0.05027630769230769
-0.14686523076923075
-0.2238443076923077
-0.2868461538461538
-0.3239796923076923
-0.33378461538461535
-0.27140861538461536
-0.143736
0.018358153846153843
0.17377661538461536
0.2937304615384615
0.3855212307692308
0.4372578461538461
0.4418473846153846
0.3775938461538461
0.22488738461538463
0.04631261538461538
-0.12621230769230768
-0.2638984615384615
-0.33607938461538456
-0.3826006153846154
-0.36799753846153843
-0.2818393846153846
-0.16334584615384617
-0.0043809230769230765
0.15291507692307693
0.26932246153846157
0.34588430769230766
0.36674584615384614
0.3402516923076923
0.26911384615384615
0.15354092307692307
0.017732307692307693
-0.12266584615384615
-0.23448369230769228
-0.28663753846153844
-0.2814221538461538
-0.2238443076923077
-0.14102399999999998
-0.0446436923076923
0.0609156923076923
0.16897846153846155
0.2722430769230769
0.3212676923076923
0.3031181538461538
0.21779446153846155
0.09450276923076922
-0.010848
-0.10514215384615383
-0.1858763076923077
-0.2369870769230769
-0.25200738461538463
-0.21779446153846155
-0.14102399999999998
-0.043392
0.045895384615384616
0.11578153846153846
0.16021661538461537
0.16856123076923077
0.1449876923076923
0.08302892307692307
-0.015228923076923076
-0.12099692307692309
-0.214248
-0.2716172307692308
-0.2822566153846154
-0.25284184615384614
-0.1800350769230769
-0.07280676923076923
0.051319384615384614
0.17419384615384614
0.26932246153846157
0.3202246153846154
0.32564861538461537
0.28768061538461537
0.2209236923076923
0.14206707692307693
0.06654830769230768
-0.007927384615384614
-0.07906523076923076
-0.12162276923076921
-0.12621230769230768
-0.08866153846153846
-0.035464615384615386
-0.0002086153846153846
0.035464615384615386
0.07113784615384615
0.11452984615384615
0.16647507692307692
0.19568123076923075
0.20256553846153844
0.19296923076923078
0.1710646153846154
0.14519630769230768
0.10785415384615385
0.05924676923076923
-0.0002086153846153846
-0.06988615384615385
-0.11578153846153846
-0.1435273846153846
-0.1558356923076923
-0.15291507692307693
-0.14978584615384616
-0.12350030769230769
-0.07781353846153846
-0.014811692307692307
0.05590892307692308
0.116616
0.17544553846153846
0.22718215384615387
0.25555384615384613
0.26932246153846157
0.26076923076923075
0.21132738461538458
0.14999446153846155
0.08073415384615384
0.006258461538461538
-0.06028984615384615
-0.12516923076923075
-0.1612596923076923
-0.16063384615384615
-0.12204
-0.04714707692307692
0.043392
0.138312
0.22196676923076922
0.28934953846153844
0.3212676923076923
0.30374399999999996
0.24324553846153843
0.1424843076923077
0.02273907692307692
-0.08511507692307693
-0.17231630769230769
-0.225096
-0.23928184615384615
-0.22843384615384613
-0.1829556923076923
-0.12662953846153846
-0.06404492307692307
0.001043076923076923
0.0446436923076923
0.07823076923076923
0.10389046153846154
0.12537784615384615
0.13393107692307693
0.130176
0.11390399999999999
0.0936683076923077
0.08031692307692308
0.06550523076923077
0.05507446153846154
0.029206153846153847
-0.02211323076923077
-0.06675692307692307
-0.100344
-0.12829846153846153
-0.14957723076923077
-0.1718990769230769
-0.17669723076923077
-0.15208061538461537
-0.09700615384615385
-0.013768615384615384
0.08240307692307691
0.16856123076923077
0.23281476923076924
0.2853858461538461
0.31000246153846156
0.27850153846153847
0.19755876923076923
0.08198584615384615
-0.0446436923076923
-0.1597993846153846
-0.25701415384615384
-0.31000246153846156
-0.32314523076923074
-0.30937661538461536
-0.2415766153846154
-0.13601723076923075
-0.010013538461538461
0.124752
0.2194633846153846
0.2757895384615385
0.3039526153846154
0.29101846153846156
0.2422024615384615
0.14916
0.032544
-0.07656184615384615
-0.1710646153846154
-0.23198030769230768
-0.26097784615384617
-0.2724516923076923
-0.25764
-0.20944984615384615
-0.13330523076923076
-0.051319384615384614
0.015854769230769228
0.042557538461538466
0.03296123076923077
0.03337846153846154
0.028163076923076923
0.014394461538461538
-0.0002086153846153846
-0.02524246153846154
-0.03400430769230769
-0.03400430769230769
-0.026911384615384615
-0.012099692307692308
-0.009804923076923077
-0.019609846153846155
-0.027745846153846152
-0.02023569230769231
0.002086153846153846
0.029832
0.06216738461538462
0.08824430769230769
0.11745046153846153
0.16710092307692306
0.21174461538461536
0.24282830769230768
0.24887815384615386
0.22947692307692308
0.20423446153846153
0.1614683076923077
0.10889723076923077
0.04318338461538461
-0.040679999999999994
-0.11891076923076922
-0.17085599999999998
-0.19588984615384614
-0.19630707692307692
-0.17419384615384614
-0.12767261538461538
-0.05382276923076923
0.027745846153846152
0.10514215384615383
0.15646153846153846
0.1691870769230769
0.1449876923076923
0.09533723076923077
0.045060923076923075
-0.006675692307692307
-0.06154153846153846
-0.11828492307692307
-0.16459753846153846
-0.17565415384615385
-0.15291507692307693
-0.10889723076923077
-0.04756430769230769
0.01940123076923077
0.08219446153846154
0.1449876923076923
0.1994363076923077
0.23761292307692305
0.2415766153846154
0.21716861538461538
0.18232984615384615
0.13247076923076923
0.08302892307692307
0.03337846153846154
-0.019609846153846155
-0.073224
-0.11390399999999999
-0.12412615384615384
-0.11035753846153845
-0.09033046153846153
-0.07468430769230769
-0.06195876923076923
-0.04652123076923077
-0.029623384615384614
-0.012308307692307691
-0.003755076923076923
-0.022530461538461537
-0.06133292307692308
-0.10597661538461538
-0.14936861538461538
-0.19046584615384615
-0.18337292307692307
-0.14311015384615386
-0.06946892307692307
0.050067692307692306
0.13726892307692307
0.2453316923076923
0.3294036923076923
0.3675803076923077
0.39115384615384613
0.3170953846153846
0.22655630769230767
0.08490646153846154
-0.02795446153846154
-0.12767261538461538
-0.2822566153846154
-0.3285692307692308
-0.39011076923076926
-0.3550633846153846
-0.2436627692307692
-0.1422756923076923
0.022530461538461537
0.11640738461538462
0.23135446153846154
0.2937304615384615
0.2703655384615385
0.22989415384615383
0.09909230769230769
-0.02482523076923077
-0.16063384615384615
-0.28434276923076923
-0.3319070769230769
-0.34880492307692307
-0.28121353846153846
-0.17377661538461536
-0.06049846153846154
0.07364123076923076
0.16188553846153847
0.2424110769230769
0.279336
0.2342750769230769
0.19693292307692306
0.13101046153846155
0.09387692307692307
0.08720123076923077
0.04902461538461538
0.023364923076923075
-0.027745846153846152
-0.06321046153846153
-0.06967753846153846
-0.08448923076923077
-0.09033046153846153
-0.09992676923076924
-0.09304246153846155
-0.06696553846153847
-0.050067692307692306
-0.029414769230769227
-0.026702769230769228
-0.03024923076923077
-0.020027076923076922
-0.01668923076923077
0.012308307692307691
0.054657230769230764
0.09471138461538461
0.14081538461538462
0.14290153846153844
0.11035753846153845
0.06759138461538462
-0.02023569230769231
-0.10389046153846154
-0.17961784615384613
-0.2292683076923077
-0.2059033846153846
-0.13914646153846155
-0.011682461538461537
0.13455692307692307
0.27474646153846155
0.40033292307692303
0.4812756923076923
0.5311347692307692
0.5061009230769231
0.4193169230769231
0.3131316923076923
0.18504184615384617
0.07030338461538461
-0.03984553846153846
-0.13998092307692306
-0.19547261538461536
-0.21654276923076923
-0.18316430769230768
-0.103056
-0.007301538461538462
0.10597661538461538
0.21320492307692307
0.29915446153846154
0.34776184615384614
0.3481790769230769
0.30186646153846153
0.20506892307692307
0.07343261538461537
-0.07489292307692308
-0.19526400000000002
-0.2726603076923077
-0.3060387692307692
-0.28434276923076923
-0.22342707692307692
-0.13476553846153844
-0.015646153846153844
0.09721476923076922
0.16230276923076925
0.19568123076923075
0.18379015384615385
0.1397723076923077
0.08594953846153845
0.007510153846153846
-0.0609156923076923
-0.12120553846153845
-0.1570873846153846
-0.14832553846153845
-0.12204
-0.07885661538461539
-0.045895384615384616
-0.012516923076923077
0.02545107692307692
0.052153846153846155
0.07364123076923076
0.059872615384615385
0.026285538461538457
-0.01668923076923077
-0.05528307692307692
-0.05799507692307692
-0.055491692307692304
-0.058829538461538454
-0.05757784615384615
-0.05924676923076923
-0.03588184615384615
0.0033378461538461535
0.03296123076923077
0.05111076923076923
0.049233230769230765
0.03588184615384615
0.014603076923076923
-0.0018775384615384615
-0.01814953846153846
-0.03775938461538462
-0.05194523076923077
-0.05090215384615384
-0.023990769230769232
0.028371692307692306
0.07280676923076923
0.10055261538461538
0.116616
0.10952307692307692
0.11098338461538461
0.10472492307692308
0.0717636923076923
0.024408000000000003
-0.03692492307692308
-0.07280676923076923
-0.07051199999999999
-0.05319692307692307
-0.013768615384615384
0.02795446153846154
0.06926030769230769
0.12287446153846153
0.15833907692307692
0.1777403076923077
0.16021661538461537
0.10555938461538462
0.04088861538461538
-0.024408000000000003
-0.06362769230769232
-0.08761846153846153
-0.10389046153846154
-0.09846646153846153
-0.06133292307692308
0.015854769230769228
0.09971815384615385
0.17523692307692307
0.23615261538461538
0.25513661538461535
0.2422024615384615
0.21612553846153845
0.17377661538461536
0.09554584615384615
-0.014394461538461538
-0.1218313846153846
-0.20632061538461538
-0.26097784615384617
-0.2868461538461538
-0.28121353846153846
-0.23615261538461538
-0.16876984615384616
-0.07781353846153846
0.023990769230769232
0.10430769230769231
0.15291507692307693
0.1558356923076923
0.12224861538461537
0.07009476923076922
-0.014603076923076923
-0.12913292307692306
-0.2399076923076923
-0.33983446153846153
-0.3880246153846154
-0.3652855384615385
-0.2979027692307692
-0.19547261538461536
-0.08469784615384615
0.03650769230769231
0.15333230769230768
0.24491446153846153
0.29352184615384613
0.28163076923076924
0.22947692307692308
0.14978584615384616
0.07134646153846153
0.002712
-0.06154153846153846
-0.10263876923076923
-0.11098338461538461
-0.086784
-0.03692492307692308
0.024408000000000003
0.0798996923076923
0.124752
0.14018953846153845
0.13852061538461538
0.12955015384615384
0.09387692307692307
0.0448523076923077
-0.0012516923076923076
-0.026702769230769228
-0.026285538461538457
-0.00855323076923077
0.01272553846153846
0.029206153846153847
0.03379569230769231
0.03379569230769231
0.03379569230769231
0.023782153846153845
-0.0022947692307692304
-0.04672984615384615
-0.0961716923076923
-0.13518276923076925
-0.143736
-0.13434830769230768
-0.11619876923076923
-0.07656184615384615
-0.013768615384615384
0.07739630769230768
0.17377661538461536
0.2399076923076923
0.26494153846153845
0.24282830769230768
0.18212123076923076
0.09721476923076922
-0.0077187692307692304
-0.1207883076923077
-0.2275993846153846
-0.29748553846153847
-0.31062830769230765
-0.2651501538461538
-0.16459753846153846
-0.04380923076923077
0.08135999999999999
0.1992276923076923
0.28476
0.3385827692307692
0.3392086153846154
0.26932246153846157
0.15500123076923078
0.015437538461538461
-0.11202646153846153
-0.22029784615384615
-0.30144923076923075
-0.32961230769230765
-0.30937661538461536
-0.2374043076923077
-0.124752
0.01272553846153846
0.13852061538461538
0.2209236923076923
0.26494153846153845
0.2726603076923077
0.23886461538461537
0.16856123076923077
0.06738276923076922
-0.045060923076923075
-0.15875630769230767
-0.2532590769230769
-0.2920615384615385
-0.2899753846153846
-0.25951753846153847
-0.1977673846153846
-0.10514215384615383
0.0050067692307692304
0.111192
0.19755876923076923
0.24616615384615384
0.2540935384615385
0.23260615384615385
0.18900553846153845
0.12308307692307692
0.04965046153846154
-0.01814953846153846
-0.06863446153846153
-0.08845292307692308
-0.08219446153846154
-0.054657230769230764
-0.015854769230769228
0.026285538461538457
0.06946892307692307
0.11181784615384616
0.15541846153846153
0.18149538461538461
0.18399876923076922
0.1785747692307692
0.16271999999999998
0.13998092307692306
0.11724184615384614
0.0892873846153846
0.06133292307692308
0.029414769230769227
0.0018775384615384615
-0.014603076923076923
-0.03629907692307692
-0.06154153846153846
-0.09387692307692307
-0.12099692307692309
-0.13706030769230768
-0.14290153846153844
-0.13601723076923075
-0.12433476923076923
-0.09700615384615385
-0.05507446153846154
-0.008344615384615384
0.040054153846153843
0.07134646153846153
0.08511507692307693
0.09283384615384616
0.08386338461538462
0.06717415384615384
0.044435076923076924
0.01668923076923077
-0.0043809230769230765
-0.01814953846153846
-0.02023569230769231
-0.009596307692307692
0.009804923076923077
0.04088861538461538
0.08240307692307691
0.14394461538461537
0.21111876923076925
0.26765353846153844
0.3035353846153846
0.29685969230769227
0.26076923076923075
0.19985353846153847
0.1207883076923077
0.027745846153846152
-0.07197230769230768
-0.15875630769230767
-0.20235692307692305
-0.19296923076923078
-0.14749107692307692
-0.07238953846153846
0.007301538461538462
0.09137353846153846
0.16042523076923076
0.19609846153846153
0.20486030769230767
0.16438892307692307
0.08761846153846153
-0.006675692307692307
-0.10117846153846152
-0.1777403076923077
-0.24762646153846155
-0.2864289230769231
-0.2924787692307692
-0.26452430769230767
-0.19296923076923078
-0.10806276923076923
-0.011473846153846154
0.07468430769230769
0.12975876923076923
0.16251138461538459
0.16730953846153845
0.1504116923076923
0.10868861538461538
0.03984553846153846
-0.028163076923076923
-0.08323753846153846
-0.09930092307692308
-0.07510153846153846
-0.03713353846153846
0.019609846153846155
0.07948246153846153
0.14311015384615386
0.19463815384615382
0.21007569230769232
0.19046584615384615
0.13518276923076925
0.06446215384615385
-0.006258461538461538
-0.061750153846153844
-0.09825784615384614
-0.11202646153846153
-0.10263876923076923
-0.06467076923076923
0.0077187692307692304
0.08991323076923076
0.1696043076923077
0.2275993846153846
0.2526332307692308
0.2532590769230769
0.22342707692307692
0.1639716923076923
0.07384984615384615
-0.028788923076923077
-0.1178676923076923
-0.18149538461538461
-0.20402584615384614
-0.1923433846153846
-0.1558356923076923
-0.09784061538461537
-0.027745846153846152
0.05319692307692307
0.1287156923076923
0.17002153846153847
0.17628
0.15082892307692305
0.10660246153846153
0.06049846153846154
0.011891076923076923
-0.02524246153846154
-0.06258461538461538
-0.09053907692307692
-0.084072
-0.051528
0.0002086153846153846
0.05382276923076923
0.09846646153846153
0.13184492307692308
0.1462393846153846
0.13914646153846155
0.1207883076923077
0.09241661538461539
0.05319692307692307
0.022947692307692308
0.011682461538461537
0.026076923076923077
0.04839876923076923
0.08031692307692308
0.09679753846153846
0.09554584615384615
0.07510153846153846
0.006884307692307692
-0.05820369230769231
-0.12391753846153845
-0.18086953846153844
-0.23490092307692306
-0.2618123076923077
-0.25764
-0.20527753846153846
-0.12725538461538463
0.05194523076923077
0.2480436923076923
0.23239753846153846
0.2722430769230769
0.23510953846153848
0.1948467692307692
0.17481969230769231
-0.07593599999999999
-0.26306399999999996
-0.5163230769230769
-0.6066535384615385
-0.5252935384615384
-0.5104818461538462
-0.37008369230769234
-0.3054129230769231
-0.07426707692307692
0.24554030769230767
0.4823187692307692
0.7299452307692307
0.6844670769230768
0.6031070769230769
0.4942098461538461
0.2776670769230769
0.15562707692307692
-0.10201292307692307
-0.28851507692307693
-0.3713353846153846
-0.5294658461538462
-0.44038707692307694
-0.3179298461538461
-0.17669723076923077
0.06738276923076922
0.15896492307692306
0.31229723076923077
0.4076344615384615
0.4405956923076923
0.523416
0.4243236923076923
0.26911384615384615
0.07802215384615384
-0.09179076923076923
-0.13330523076923076
-0.2261390769230769
-0.2989458461538462
-0.3415033846153846
-0.35694092307692304
-0.2140393846153846
-0.09074769230769231
0.00855323076923077
0.10576799999999999
0.11765907692307691
0.1873366153846154
0.2207150769230769
0.18253846153846154
0.17148184615384612
0.08094276923076923
0.027745846153846152
0.031918153846153846
0.0035464615384615383
-0.002712
-0.059664
-0.10952307692307692
-0.13226215384615383
-0.17023015384615386
-0.16313723076923078
-0.15249784615384615
-0.103056
-0.06404492307692307
-0.051528
0.042348923076923076
0.11745046153846153
0.20131384615384615
0.26869661538461537
0.2374043076923077
0.22718215384615387
0.16418030769230768
0.09471138461538461
0.04318338461538461
-0.08782707692307692
-0.17273353846153844
-0.23656984615384613
-0.2703655384615385
-0.2478350769230769
-0.24074215384615386
-0.1787833846153846
-0.0771876923076923
0.029414769230769227
0.12913292307692306
0.1775316923076923
0.22968553846153844
0.2561796923076923
0.21696000000000001
0.16793538461538463
0.05653476923076922
-0.06425353846153846
-0.15082892307692305
-0.26160369230769226
-0.3004061538461538
-0.3133403076923077
-0.30207507692307695
-0.2127876923076923
-0.14519630769230768
-0.0448523076923077
0.06717415384615384
0.1449876923076923
0.20819815384615384
0.19359507692307693
0.13872923076923074
0.0448523076923077
-0.06008123076923077
-0.11578153846153846
-0.1693956923076923
-0.18775384615384613
-0.19213476923076922
-0.18399876923076922
-0.09763200000000001
-0.007510153846153846
0.09241661538461539
0.17690584615384616
0.18358153846153846
0.20277415384615383
0.2157083076923077
0.1994363076923077
0.15667015384615385
0.05736923076923077
-0.024199384615384616
-0.06592246153846154
-0.08115138461538463
-0.07739630769230768
-0.09095630769230768
-0.09262523076923077
-0.06821723076923077
-0.03483876923076923
0.03150092307692308
0.08448923076923077
0.10555938461538462
0.09283384615384616
0.02795446153846154
-0.0077187692307692304
-0.045060923076923075
-0.07885661538461539
-0.07906523076923076
-0.11348676923076922
-0.10889723076923077
-0.06341907692307691
0.014394461538461538
0.14018953846153845
0.20360861538461536
0.21612553846153845
0.21362215384615382
0.19818461538461538
0.20360861538461536
0.17544553846153846
0.10159569230769232
0.01940123076923077
-0.04860738461538461
-0.04631261538461538
-0.0014603076923076922
0.04756430769230769
0.09825784615384614
0.13101046153846155
0.1881710769230769
0.24303692307692307
0.2655673846153846
0.2586830769230769
0.19150892307692308
0.11953661538461538
0.04652123076923077
-0.024616615384615383
-0.06759138461538462
-0.1097316923076923
-0.1435273846153846
-0.168144
-0.15270646153846154
-0.08615815384615384
-0.01272553846153846
0.042348923076923076
0.07030338461538461
0.07259815384615384
0.06279323076923077
0.05298830769230769
0.03984553846153846
-0.0022947692307692304
-0.08031692307692308
-0.14874276923076923
-0.18858830769230767
-0.18775384615384613
-0.16501476923076921
-0.154584
-0.11807630769230769
-0.051528
0.03150092307692308
0.12412615384615384
0.18399876923076922
0.20673784615384616
0.21049292307692305
0.18942276923076923
0.15604430769230768
0.09971815384615385
0.018983999999999997
-0.06717415384615384
-0.14582215384615385
-0.1913003076923077
-0.20715507692307691
-0.18379015384615385
-0.14686523076923075
-0.10201292307692307
-0.03984553846153846
0.023990769230769232
0.08615815384615384
0.132888
0.15646153846153846
0.15792184615384616
0.13893784615384613
0.10910584615384614
0.09095630769230768
0.07113784615384615
0.045060923076923075
0.016897846153846156
-0.02023569230769231
-0.037967999999999995
-0.052153846153846155
-0.07343261538461537
-0.07364123076923076
-0.05757784615384615
-0.01043076923076923
0.04652123076923077
0.10138707692307691
0.16105107692307694
0.19839323076923077
0.23156307692307693
0.24470584615384613
0.22113230769230768
0.18316430769230768
0.1205796923076923
0.058829538461538454
0.015854769230769228
-0.03379569230769231
-0.07134646153846153
-0.09930092307692308
-0.11557292307692307
-0.09387692307692307
-0.05194523076923077
0.003129230769230769
0.058829538461538454
0.10389046153846154
0.16105107692307694
0.208824
0.23928184615384615
0.2532590769230769
0.2426196923076923
0.2154996923076923
0.1597993846153846
0.09429415384615383
0.02023569230769231
-0.05716061538461538
-0.12204
-0.17502830769230768
-0.19651569230769228
-0.184416
-0.13935507692307691
-0.07009476923076922
0.0077187692307692304
0.07906523076923076
0.13789476923076924
0.168144
0.16730953846153845
0.12788123076923075
0.05590892307692308
-0.020652923076923076
-0.11432123076923076
-0.20110523076923076
-0.27975323076923075
-0.33983446153846153
-0.36215630769230767
-0.35005661538461535
-0.2853858461538461
-0.19046584615384615
-0.08198584615384615
0.03212676923076923
0.1397723076923077
0.23886461538461537
0.309168
0.327108923076923
0.29101846153846156
0.2125790769230769
0.10493353846153847
-0.009387692307692307
-0.10952307692307692
-0.1873366153846154
-0.23364923076923078
-0.23218892307692307
-0.17002153846153847
-0.05736923076923077
0.07092923076923077
0.19004861538461537
0.29185292307692307
0.3548547692307692
0.3744646153846154
0.3536030769230769
0.2734947692307692
0.1504116923076923
0.014394461538461538
-0.11348676923076922
-0.20423446153846153
-0.2480436923076923
-0.25117292307692307
-0.2209236923076923
-0.16042523076923076
-0.07572738461538461
0.015228923076923076
0.09304246153846155
0.13518276923076925
0.13267938461538462
0.09158215384615384
0.02586830769230769
-0.04088861538461538
-0.10618523076923077
-0.16459753846153846
-0.1992276923076923
-0.20465169230769228
-0.16271999999999998
-0.08198584615384615
0.008344615384615384
0.09325107692307691
0.15667015384615385
0.200688
0.21612553846153845
0.19985353846153847
0.1543753846153846
0.07510153846153846
-0.01272553846153846
-0.0828203076923077
-0.11828492307692307
-0.12204
-0.0961716923076923
-0.05194523076923077
0.005841230769230769
0.07009476923076922
0.127464
0.16230276923076925
0.16167692307692308
0.13393107692307693
0.08699261538461538
0.044435076923076924
0.0014603076923076922
-0.054657230769230764
-0.10660246153846153
-0.1449876923076923
-0.1612596923076923
-0.1489513846153846
-0.1136953846153846
-0.07009476923076922
-0.028163076923076923
0.011473846153846154
0.04631261538461538
0.07113784615384615
0.07510153846153846
0.05736923076923077
0.01856676923076923
-0.027328615384615382
-0.06383630769230769
-0.08594953846153845
-0.08198584615384615
-0.06383630769230769
-0.02899753846153846
0.021278769230769233
0.07614461538461538
0.1341396923076923
0.1656406153846154
0.16438892307692307
0.1353913846153846
0.078648
0.029623384615384614
-0.01272553846153846
-0.053614153846153846
-0.07760492307692309
-0.08699261538461538
-0.065088
-0.016272
0.04276615384615385
0.09763200000000001
0.13038461538461538
0.143736
0.1424843076923077
0.12391753846153845
0.09158215384615384
0.029414769230769227
-0.05277969230769231
-0.116616
-0.16897846153846155
-0.18963138461538462
-0.18066092307692305
-0.14999446153846155
-0.09074769230769231
-0.014603076923076923
0.0798996923076923
0.16042523076923076
0.20673784615384616
0.20798953846153845
0.16584923076923075
0.09325107692307691
-0.0025033846153846152
-0.10180430769230768
-0.200688
-0.28893230769230765
-0.344424
-0.3454670769230769
-0.2920615384615385
-0.20360861538461536
-0.10013538461538461
-0.0006258461538461538
0.08720123076923077
0.16710092307692306
0.22864246153846152
0.25534523076923077
0.23448369230769228
0.1718990769230769
0.09074769230769231
0.005841230769230769
-0.06321046153846153
-0.12204
-0.16021661538461537
-0.16418030769230768
-0.14039815384615384
-0.07739630769230768
0.0002086153846153846
0.07405846153846153
0.13330523076923076
0.16981292307692308
0.19609846153846153
0.20444307692307692
0.1990190769230769
0.17711446153846155
0.1353913846153846
0.084072
0.03275261538461539
0.0016689230769230767
-0.013768615384615384
-0.028163076923076923
-0.04985907692307692
-0.07489292307692308
-0.08323753846153846
-0.08073415384615384
-0.07364123076923076
-0.05403138461538461
-0.034630153846153845
-0.008761846153846153
0.027328615384615382
0.05090215384615384
0.07030338461538461
0.07468430769230769
0.04714707692307692
0.024408000000000003
-0.014185846153846153
-0.02795446153846154
-0.03275261538461539
-0.016272
0.086784
0.08344615384615384
0.08657538461538461
0.12537784615384615
0.11035753846153845
0.14936861538461538
0.09158215384615384
0.0043809230769230765
-0.10639384615384614
-0.19755876923076923
-0.1612596923076923
-0.14436184615384615
-0.09179076923076923
-0.061124307692307686
0.004798153846153846
0.1558356923076923
0.26765353846153844
0.37926276923076924
0.3752990769230769
0.27558092307692306
0.1760713846153846
0.02899753846153846
-0.09304246153846155
-0.2194633846153846
-0.35694092307692304
-0.3961606153846154
-0.4211944615384615
-0.37321292307692305
-0.20632061538461538
-0.053614153846153846
0.124752
0.25138153846153843
0.3016578461538461
0.31855569230769226
0.2701569230769231
0.23177169230769232
0.16209415384615386
0.04109723076923077
-0.08073415384615384
-0.17023015384615386
-0.17502830769230768
-0.15416676923076922
-0.1397723076923077
-0.11557292307692307
-0.09971815384615385
-0.03650769230769231
0.065088
0.13184492307692308
0.19004861538461537
0.21466523076923077
0.21633415384615384
0.23782153846153845
0.22530461538461538
0.2059033846153846
0.16772676923076923
0.10430769230769231
0.06717415384615384
0.03379569230769231
0.019192615384615384
-0.00855323076923077
-0.04714707692307692
-0.09053907692307692
-0.1666836923076923
-0.2209236923076923
-0.2557624615384615
-0.24595753846153845
-0.1942209230769231
-0.15667015384615385
-0.06487938461538462
0.06529661538461538
0.1860849230769231
0.31188
0.3615304615384615
0.3412947692307692
0.2814221538461538
0.1696043076923077
0.046104
-0.11327815384615383
-0.2832996923076923
-0.409512
-0.4850307692307692
-0.4848221538461538
-0.4113895384615384
-0.2701569230769231
-0.08511507692307693
0.10430769230769231
0.28246523076923075
0.41431015384615383
0.4965046153846154
0.5311347692307692
0.47021907692307696
0.3513083076923077
0.18128676923076922
-0.02586830769230769
-0.17377661538461536
-0.29685969230769227
-0.3686233846153846
-0.36319938461538465
-0.3152178461538461
-0.19192615384615386
-0.04422646153846154
0.09116492307692307
0.20548615384615385
0.2822566153846154
0.3252313846153846
0.31772123076923076
0.2632726153846154
0.1718990769230769
0.05090215384615384
-0.047981538461538464
-0.11327815384615383
-0.14018953846153845
-0.12600369230769232
-0.11619876923076923
-0.06696553846153847
0.013351384615384614
0.08511507692307693
0.1531236923076923
0.16480615384615382
0.14853415384615384
0.13226215384615383
0.09158215384615384
0.0448523076923077
-0.01043076923076923
-0.0609156923076923
-0.07092923076923077
-0.04693846153846153
0.011682461538461537
0.08887015384615385
0.15792184615384616
0.22008923076923076
0.25346769230769234
0.26139507692307695
0.23177169230769232
0.16105107692307694
0.0828203076923077
-0.011891076923076923
-0.0826116923076923
-0.11181784615384616
-0.11244369230769231
-0.06028984615384615
0.003129230769230769
0.0717636923076923
0.15124615384615384
0.22467876923076924
0.29748553846153847
0.31646953846153847
0.27328615384615385
0.20193969230769232
0.11327815384615383
0.03358707692307692
-0.040054153846153843
-0.111192
-0.17231630769230769
-0.20840676923076923
-0.18629353846153843
-0.12996738461538462
-0.0717636923076923
-0.02086153846153846
0.007301538461538462
0.030875076923076922
0.050067692307692306
0.05298830769230769
0.03984553846153846
0.004798153846153846
-0.027745846153846152
-0.04839876923076923
-0.05444861538461539
-0.03379569230769231
-0.0035464615384615383
0.024408000000000003
0.04672984615384615
0.06633969230769231
0.0826116923076923
0.08782707692307692
0.07969107692307692
0.04819015384615385
-0.0008344615384615384
-0.047981538461538464
-0.08010830769230769
-0.0880356923076923
-0.08636676923076922
-0.08574092307692306
-0.06487938461538462
-0.017523692307692306
0.04631261538461538
0.10389046153846154
0.12621230769230768
0.12204
0.09429415384615383
0.05027630769230769
-0.005424
-0.086784
-0.18066092307692305
-0.268488
-0.3229366153846154
-0.3377483076923077
-0.32502276923076917
-0.28434276923076923
-0.222384
-0.14102399999999998
-0.04965046153846154
0.03421292307692308
0.08991323076923076
0.10201292307692307
0.08135999999999999
0.04318338461538461
-0.0022947692307692304
-0.054240000000000003
-0.10138707692307691
-0.1314276923076923
-0.14582215384615385
-0.13247076923076923
-0.09241661538461539
-0.033169846153846154
0.03275261538461539
0.09471138461538461
0.14832553846153845
0.1777403076923077
0.18379015384615385
0.16584923076923075
0.12579507692307693
0.073224
0.016897846153846156
-0.02482523076923077
-0.049233230769230765
-0.05277969230769231
-0.03901107692307692
-0.0050067692307692304
0.058829538461538454
0.12808984615384614
0.1829556923076923
0.21132738461538458
0.20402584615384614
0.16772676923076923
0.12099692307692309
0.05444861538461539
-0.02357353846153846
-0.10347323076923076
-0.17481969230769231
-0.20152246153846154
-0.19046584615384615
-0.13622584615384614
-0.05716061538461538
0.03024923076923077
0.127464
0.21654276923076923
0.2883064615384615
0.31646953846153847
0.28809784615384615
0.21800307692307694
0.12245723076923076
0.029414769230769227
-0.050067692307692306
-0.12141415384615384
-0.17002153846153847
-0.19735015384615384
-0.1860849230769231
-0.12996738461538462
-0.056326153846153845
0.029414769230769227
0.1028473846153846
0.15374953846153847
0.1883796923076923
0.20256553846153844
0.19588984615384614
0.15896492307692306
0.09992676923076924
0.03671630769230769
-0.015854769230769228
-0.05611753846153846
-0.08949599999999999
-0.11432123076923076
-0.12850707692307692
-0.12162276923076921
-0.09512861538461538
-0.05653476923076922
-0.014185846153846153
0.017940923076923077
0.03629907692307692
0.04631261538461538
0.059872615384615385
0.065088
0.04819015384615385
0.015854769230769228
-0.02273907692307692
-0.054240000000000003
-0.08594953846153845
-0.11286092307692308
-0.14311015384615386
-0.17982646153846152
-0.20193969230769232
-0.21466523076923077
-0.19755876923076923
-0.16251138461538459
-0.1314276923076923
-0.084072
-0.023990769230769232
0.05486584615384615
0.14144123076923076
0.2021483076923077
0.23218892307692307
0.23072861538461537
0.20006215384615383
0.1489513846153846
0.07092923076923077
-0.02357353846153846
-0.11536430769230768
-0.19797599999999999
-0.2411593846153846
-0.238656
-0.20131384615384615
-0.13643446153846153
-0.052153846153846155
0.06216738461538462
0.1804523076923077
0.28851507692307693
0.36632861538461536
0.3844781538461538
0.35568923076923076
0.2791273846153846
0.16856123076923077
0.04526953846153846
-0.09554584615384615
-0.22175815384615383
-0.3148006153846154
-0.37091815384615384
-0.35798399999999997
-0.3035353846153846
-0.2221753846153846
-0.11035753846153845
0.0002086153846153846
0.11578153846153846
0.20778092307692309
0.24992123076923078
0.24658338461538462
0.20527753846153846
0.14436184615384615
0.05319692307692307
-0.03880246153846154
-0.12788123076923075
-0.20861538461538462
-0.26097784615384617
-0.28392553846153845
-0.2578486153846154
-0.20444307692307692
-0.1462393846153846
-0.07092923076923077
0.014603076923076923
0.09596307692307693
0.16835261538461538
0.21216184615384615
0.22175815384615383
0.20298276923076922
0.16835261538461538
0.12642092307692307
0.08052553846153847
0.02858030769230769
-0.03233538461538461
-0.08448923076923077
-0.10952307692307692
-0.0988836923076923
-0.07051199999999999
-0.041514461538461535
-0.018358153846153843
0.005632615384615384
0.03650769230769231
0.06592246153846154
0.09116492307692307
0.09387692307692307
0.07906523076923076
0.06529661538461538
0.059038153846153844
0.07155507692307693
0.06905169230769231
0.047772923076923074
0.02858030769230769
0.005632615384615384
-0.005424
-0.009596307692307692
-0.011265230769230769
-0.005632615384615384
0.010639384615384617
0.052153846153846155
0.11891076923076922
0.1860849230769231
0.24032492307692307
0.27412061538461535
0.287472
0.2864289230769231
0.27140861538461536
0.24303692307692307
0.19150892307692308
0.13330523076923076
0.07238953846153846
0.02044430769230769
-0.0002086153846153846
-0.007510153846153846
-0.009804923076923077
-0.003755076923076923
0.02086153846153846
0.07781353846153846
0.13393107692307693
0.16313723076923078
0.17023015384615386
0.13893784615384613
0.09304246153846155
0.04214030769230769
-0.021487384615384613
-0.08740984615384616
-0.16751815384615384
-0.21862892307692305
-0.22488738461538463
-0.19588984615384614
-0.1353913846153846
-0.06946892307692307
0.009804923076923077
0.08177723076923075
0.13622584615384614
0.16981292307692308
0.16313723076923078
0.12621230769230768
0.05924676923076923
-0.021278769230769233
-0.08490646153846154
-0.13101046153846155
-0.16000799999999998
-0.17899199999999998
-0.18775384615384613
-0.15938215384615384
-0.0961716923076923
-0.012934153846153845
0.06905169230769231
0.12955015384615384
0.1666836923076923
0.1785747692307692
0.16647507692307692
0.12162276923076921
0.0448523076923077
-0.05319692307692307
-0.143736
-0.19568123076923075
-0.2075723076923077
-0.1992276923076923
-0.18858830769230767
-0.17732307692307692
-0.1693956923076923
-0.1691870769230769
-0.1846246153846154
-0.13247076923076923
-0.06300184615384616
0.04193169230769231
0.21341353846153846
0.3584012307692308
0.5417741538461538
0.6823809230769231
0.7814732307692308
0.8040036923076923
0.7124215384615384
0.5303003076923076
0.25805723076923076
-0.014603076923076923
-0.2887236923076923
-0.49692184615384616
-0.6490024615384615
-0.7161766153846153
-0.6600590769230769
-0.5090215384615385
-0.26222953846153846
0.016897846153846156
0.2749550769230769
0.4618744615384615
0.5665993846153846
0.5574203076923077
0.46938461538461534
0.30833353846153844
0.049233230769230765
-0.19067446153846154
-0.4024190769230769
-0.5184092307692307
-0.49316676923076924
-0.39595199999999997
-0.2238443076923077
-0.055491692307692304
0.06905169230769231
0.19881046153846152
0.2828824615384615
0.31542646153846154
0.30749907692307693
0.24032492307692307
0.1860849230769231
0.1356
0.11807630769230769
0.11703323076923078
0.06446215384615385
-0.010639384615384617
-0.12141415384615384
-0.2221753846153846
-0.28246523076923075
-0.32585723076923073
-0.33065538461538463
-0.3214763076923077
-0.2947735384615384
-0.21487384615384614
-0.14457046153846154
-0.07510153846153846
-0.025033846153846153
-0.016272
0.015646153846153844
0.06404492307692307
0.13518276923076925
0.21049292307692305
0.22530461538461538
0.16751815384615384
0.07280676923076923
-0.042974769230769226
-0.1666836923076923
-0.2776670769230769
-0.35339446153846155
-0.3609046153846154
-0.268488
-0.09012184615384615
0.14018953846153845
0.3790541538461539
0.5611753846153846
0.672576
0.70512
0.6406578461538461
0.5094387692307691
0.32731753846153844
0.10096984615384616
-0.0988836923076923
-0.25555384615384613
-0.34046030769230773
-0.3323243076923077
-0.2818393846153846
-0.19046584615384615
-0.0771876923076923
0.054657230769230764
0.18775384615384613
0.2914356923076923
0.35256
0.3456756923076923
0.28893230769230765
0.18253846153846154
0.04401784615384615
-0.09283384615384616
-0.23281476923076924
-0.3408775384615384
-0.39115384615384613
-0.38885907692307686
-0.3206418461538461
-0.19797599999999999
-0.05799507692307692
0.086784
0.2127876923076923
0.287472
0.31041969230769234
0.2709913846153846
0.1858763076923077
0.08344615384615384
-0.025659692307692307
-0.12037107692307693
-0.19860184615384616
-0.2638984615384615
-0.30186646153846153
-0.28955815384615385
-0.23844738461538462
-0.1696043076923077
-0.09679753846153846
-0.040262769230769234
0.004589538461538461
0.03400430769230769
0.04109723076923077
0.029832
-0.00855323076923077
-0.06279323076923077
-0.10994030769230768
-0.13789476923076924
-0.14164984615384615
-0.12558646153846154
-0.09679753846153846
-0.06842584615384616
-0.035255999999999996
0.0008344615384615384
0.010013538461538461
0.0033378461538461535
-0.01981846153846154
-0.05277969230769231
-0.06487938461538462
-0.06759138461538462
-0.05674338461538461
-0.04318338461538461
-0.04172307692307692
-0.025659692307692307
0.011473846153846154
0.05736923076923077
0.0961716923076923
0.10389046153846154
0.07051199999999999
0.021070153846153846
-0.021696
-0.05590892307692308
-0.07510153846153846
-0.0771876923076923
-0.06028984615384615
-0.006675692307692307
0.07364123076923076
0.15959076923076923
0.22530461538461538
0.24887815384615386
0.2355267692307692
0.19213476923076922
0.132888
0.05528307692307692
-0.044435076923076924
-0.14832553846153845
-0.2209236923076923
-0.23615261538461538
-0.19693292307692306
-0.11557292307692307
-0.010848
0.09387692307692307
0.20006215384615383
0.29602523076923076
0.3707095384615384
0.4243236923076923
0.4211944615384615
0.36549415384615386
0.27704123076923076
0.16751815384615384
0.05570030769230769
-0.05507446153846154
-0.14415323076923076
-0.19213476923076922
-0.19192615384615386
-0.1558356923076923
-0.10430769230769231
-0.051528
-0.02086153846153846
-0.012308307692307691
-0.017732307692307693
-0.03233538461538461
-0.05653476923076922
-0.09679753846153846
-0.14269292307692305
-0.16167692307692308
-0.13768615384615385
-0.09596307692307693
-0.048816000000000005
0.0
0.04568676923076923
0.09679753846153846
0.132888
0.14290153846153844
0.13101046153846155
0.0963803076923077
0.05674338461538461
0.014603076923076923
-0.015646153846153844
-0.023364923076923075
-0.015646153846153844
0.005424
0.042557538461538466
0.09992676923076924
0.16021661538461537
0.2073636923076923
0.23969907692307693
0.24741784615384615
0.2225926153846154
0.16793538461538463
0.09095630769230768
0.008970461538461538
-0.07551876923076924
-0.14123261538461537
-0.16793538461538463
-0.16418030769230768
-0.12955015384615384
-0.0855323076923077
-0.029414769230769227
0.04568676923076923
0.10952307692307692
0.1489513846153846
0.1543753846153846
0.12266584615384615
0.06049846153846154
-0.01272553846153846
-0.08115138461538463
-0.14561353846153846
-0.20131384615384615
-0.2292683076923077
-0.21758584615384616
-0.16710092307692306
-0.07635323076923077
0.025659692307692307
0.12329169230769231
0.1948467692307692
0.23677846153846152
0.25346769230769234
0.22864246153846152
0.17669723076923077
0.09033046153846153
-0.0033378461538461535
-0.08240307692307691
-0.13768615384615385
-0.15354092307692307
-0.14477907692307693
-0.10681107692307691
-0.051319384615384614
0.0035464615384615383
0.05298830769230769
0.08490646153846154
0.09387692307692307
0.08219446153846154
0.05173661538461538
0.021070153846153846
-0.01272553846153846
-0.05403138461538461
-0.08073415384615384
-0.09700615384615385
-0.0826116923076923
-0.03692492307692308
0.025659692307692307
0.10201292307692307
0.1635544615384615
0.20506892307692307
0.22300984615384614
0.21633415384615384
0.18358153846153846
0.12099692307692309
0.03984553846153846
-0.03838523076923077
-0.09450276923076922
-0.11745046153846153
-0.10889723076923077
-0.08031692307692308
-0.028788923076923077
0.024199384615384616
0.07343261538461537
0.10618523076923077
0.10159569230769232
0.07510153846153846
0.018775384615384614
-0.040262769230769234
-0.09241661538461539
-0.13476553846153844
-0.15333230769230768
-0.16167692307692308
-0.13205353846153844
-0.07489292307692308
-0.008970461538461538
0.06946892307692307
0.12767261538461538
0.16626646153846153
0.1883796923076923
0.1777403076923077
0.1506203076923077
0.100344
0.033169846153846154
-0.013142769230769229
-0.04944184615384615
-0.05674338461538461
-0.03713353846153846
-0.01043076923076923
0.033169846153846154
0.07885661538461539
0.1356
0.18942276923076923
0.22530461538461538
0.23949046153846154
0.22342707692307692
0.19296923076923078
0.15333230769230768
0.11202646153846153
0.07572738461538461
0.033169846153846154
-0.004589538461538461
-0.033169846153846154
-0.05507446153846154
-0.05924676923076923
-0.06049846153846154
-0.07134646153846153
-0.08866153846153846
-0.11014892307692307
-0.12537784615384615
-0.1341396923076923
-0.13455692307692307
-0.12308307692307692
-0.09930092307692308
-0.04860738461538461
0.01940123076923077
0.09053907692307692
0.15646153846153846
0.20632061538461538
0.24700061538461537
0.2674449230769231
0.2626467692307692
0.23239753846153846
0.17628
0.10889723076923077
0.03838523076923077
-0.026285538461538457
-0.06946892307692307
-0.09596307692307693
-0.103056
-0.08511507692307693
-0.054657230769230764
-0.005632615384615384
0.04631261538461538
0.0798996923076923
0.09721476923076922
0.10096984615384616
0.10117846153846152
0.09304246153846155
0.06529661538461538
0.01710646153846154
-0.042348923076923076
-0.09930092307692308
-0.14185846153846154
-0.16981292307692308
-0.1829556923076923
-0.17461107692307692
-0.1476996923076923
-0.103056
-0.04860738461538461
0.002086153846153846
0.03859384615384615
0.055491692307692304
0.059038153846153844
0.04672984615384615
0.025659692307692307
-0.0014603076923076922
-0.045895384615384616
-0.09033046153846153
-0.12725538461538463
-0.14603076923076924
-0.14540492307692307
-0.14164984615384615
-0.12662953846153846
-0.10722830769230769
-0.08490646153846154
-0.05403138461538461
-0.030875076923076922
-0.021696
-0.017940923076923077
-0.018983999999999997
-0.012308307692307691
-0.0025033846153846152
0.002086153846153846
0.006884307692307692
0.002712
0.0004172307692307692
-0.0014603076923076922
-0.0025033846153846152
-0.003963692307692307
-0.022947692307692308
-0.04380923076923077
-0.06195876923076923
-0.0717636923076923
-0.06946892307692307
-0.06759138461538462
-0.06613107692307692
-0.05716061538461538
-0.03713353846153846
-0.007927384615384614
0.02482523076923077
0.05319692307692307
0.07635323076923077
0.09325107692307691
0.10952307692307692
0.12016246153846154
0.12037107692307693
0.10576799999999999
0.07072061538461538
0.040679999999999994
0.012934153846153845
-0.004589538461538461
-0.018775384615384614
-0.05444861538461539
-0.08866153846153846
-0.12329169230769231
-0.14874276923076923
-0.14957723076923077
-0.13852061538461538
-0.11160923076923077
-0.06967753846153846
-0.018775384615384614
0.05528307692307692
0.12224861538461537
0.16689230769230767
0.19568123076923075
0.1869193846153846
0.16626646153846153
0.12266584615384615
0.06341907692307691
0.005841230769230769
-0.07238953846153846
-0.130176
-0.1506203076923077
-0.13309661538461537
-0.11306953846153844
-0.10055261538461538
-0.09241661538461539
-0.09408553846153846
-0.047981538461538464
0.029206153846153847
0.13872923076923074
0.25346769230769234
0.34171199999999996
0.4186910769230769
0.4762689230769231
0.4887858461538461
0.4214030769230769
0.26681907692307694
0.07885661538461539
-0.09846646153846153
-0.2647329230769231
-0.4015846153846154
-0.5033889230769231
-0.5246676923076923
-0.48190153846153844
-0.36027876923076924
-0.1691870769230769
0.01981846153846154
0.22029784615384615
0.3821833846153846
0.49274953846153846
0.5165316923076922
0.43704923076923075
0.31104553846153843
0.124752
-0.06717415384615384
-0.25054707692307693
-0.40846892307692306
-0.4950443076923077
-0.5175747692307692
-0.4416387692307692
-0.29644246153846154
-0.10535076923076922
0.11265230769230769
0.31000246153846156
0.4581193846153846
0.5242504615384616
0.509856
0.443724923076923
0.33816553846153846
0.21070153846153844
0.07906523076923076
-0.05486584615384615
-0.15646153846153846
-0.21633415384615384
-0.2453316923076923
-0.23656984615384613
-0.23072861538461537
-0.21049292307692305
-0.14811692307692306
-0.07739630769230768
-0.0029206153846153843
0.045895384615384616
0.07030338461538461
0.09554584615384615
0.12433476923076923
0.16334584615384617
0.1927606153846154
0.20840676923076923
0.20944984615384615
0.20047938461538461
0.19463815384615382
0.1612596923076923
0.0853236923076923
-0.008136
-0.11703323076923078
-0.20047938461538461
-0.25054707692307693
-0.2799618461538461
-0.25367630769230765
-0.18900553846153845
-0.07051199999999999
0.08907876923076924
0.24512307692307692
0.3832264615384615
0.4599969230769231
0.46771569230769233
0.41535323076923075
0.31626092307692305
0.19547261538461536
0.06049846153846154
-0.07468430769230769
-0.19317784615384614
-0.27558092307692306
-0.3047870769230769
-0.28100492307692304
-0.21320492307692307
-0.1097316923076923
0.017732307692307693
0.15833907692307692
0.29352184615384613
0.384060923076923
0.4186910769230769
0.3972036923076923
0.3225193846153846
0.21800307692307694
0.09199938461538461
-0.03880246153846154
-0.157296
-0.2578486153846154
-0.31918153846153846
-0.3195987692307692
-0.2618123076923077
-0.1706473846153846
-0.06487938461538462
0.03838523076923077
0.10952307692307692
0.15562707692307692
0.16605784615384614
0.14039815384615384
0.10263876923076923
0.04568676923076923
0.0012516923076923076
-0.02858030769230769
-0.056951999999999996
-0.073224
-0.08720123076923077
-0.0988836923076923
-0.09825784615384614
-0.0826116923076923
-0.06279323076923077
-0.05528307692307692
-0.05799507692307692
-0.05486584615384615
-0.03984553846153846
-0.013142769230769229
0.027745846153846152
0.084072
0.1316363076923077
0.17481969230769231
0.21716861538461538
0.2355267692307692
0.23010276923076922
0.1942209230769231
0.1449876923076923
0.09512861538461538
0.03483876923076923
-0.04130584615384615
-0.12245723076923076
-0.18545907692307692
-0.21779446153846155
-0.2075723076923077
-0.16438892307692307
-0.10597661538461538
-0.04088861538461538
0.025659692307692307
0.08740984615384616
0.13351384615384615
0.15208061538461537
0.1368516923076923
0.09512861538461538
0.03650769230769231
-0.020027076923076922
-0.06821723076923077
-0.10910584615384614
-0.13872923076923074
-0.14457046153846154
-0.11599015384615384
-0.05799507692307692
0.01397723076923077
0.07697907692307693
0.1207883076923077
0.13789476923076924
0.12767261538461538
0.100344
0.062376
0.017523692307692306
-0.024199384615384616
-0.04819015384615385
-0.04693846153846153
-0.020027076923076922
0.02545107692307692
0.07009476923076922
0.11098338461538461
0.14811692307692306
0.1783661538461538
0.19317784615384614
0.17023015384615386
0.11223507692307692
0.040262769230769234
-0.03212676923076923
-0.08302892307692307
-0.11181784615384616
-0.12704676923076924
-0.11578153846153846
-0.08866153846153846
-0.04318338461538461
0.023782153846153845
0.09679753846153846
0.16480615384615382
0.20673784615384616
0.22113230769230768
0.20861538461538462
0.16334584615384617
0.08761846153846153
-0.011473846153846154
-0.11411261538461538
-0.20444307692307692
-0.26535876923076923
-0.28768061538461537
-0.2774584615384615
-0.2399076923076923
-0.18483323076923078
-0.10368184615384615
-0.006049846153846154
0.0961716923076923
0.18149538461538461
0.2207150769230769
0.22488738461538463
0.19296923076923078
0.14060676923076923
0.07656184615384615
-0.010639384615384617
-0.09491999999999999
-0.1597993846153846
-0.20193969230769232
-0.20360861538461536
-0.18274707692307693
-0.15124615384615384
-0.10117846153846152
-0.04172307692307692
0.03233538461538461
0.09930092307692308
0.14603076923076924
0.17315076923076922
0.1794092307692308
0.17440246153846153
0.15667015384615385
0.14540492307692307
0.127464
0.09074769230769231
0.05382276923076923
0.00855323076923077
-0.035255999999999996
-0.07677046153846154
-0.11849353846153846
-0.15124615384615384
-0.1760713846153846
-0.18858830769230767
-0.18483323076923078
-0.16876984615384616
-0.14457046153846154
-0.11202646153846153
-0.07551876923076924
-0.026494153846153844
0.02357353846153846
0.05298830769230769
0.05716061538461538
0.032544
-0.010013538461538461
-0.05674338461538461
-0.10368184615384615
-0.1435273846153846
-0.1721076923076923
-0.18983999999999998
-0.1846246153846154
-0.15082892307692305
-0.09554584615384615
-0.040262769230769234
0.014394461538461538
0.07113784615384615
0.12266584615384615
0.1710646153846154
0.19755876923076923
0.20298276923076922
0.1881710769230769
0.15291507692307693
0.10722830769230769
0.06049846153846154
0.027745846153846152
0.0050067692307692304
-0.004589538461538461
0.0025033846153846152
0.027328615384615382
0.05528307692307692
0.07781353846153846
0.09533723076923077
0.10347323076923076
0.10263876923076923
0.09450276923076922
0.08511507692307693
0.0678
0.05194523076923077
0.03942830769230769
0.03400430769230769
0.03671630769230769
0.03233538461538461
0.021904615384615383
0.011891076923076923
0.0035464615384615383
-0.00855323076923077
-0.016063384615384615
-0.026076923076923077
-0.04693846153846153
-0.07030338461538461
-0.08949599999999999
-0.09909230769230769
-0.09658892307692307
-0.08323753846153846
-0.06070707692307692
-0.015020307692307692
0.04172307692307692
0.10076123076923077
0.16418030769230768
0.20423446153846153
0.22426153846153846
0.2127876923076923
0.1691870769230769
0.10660246153846153
0.01710646153846154
-0.07635323076923077
-0.16584923076923075
-0.22864246153846152
-0.25659692307692306
-0.25054707692307693
-0.19755876923076923
-0.10910584615384614
0.007510153846153846
0.1341396923076923
0.25012984615384615
0.3344104615384615
0.36904061538461536
0.3540203076923077
0.29414769230769233
0.19442953846153843
0.06800861538461538
-0.06383630769230769
-0.1785747692307692
-0.2618123076923077
-0.2926873846153846
-0.2655673846153846
-0.20027076923076922
-0.10013538461538461
0.01668923076923077
0.13497415384615385
0.23469230769230767
0.3022836923076923
0.33295015384615384
0.30144923076923075
0.22864246153846152
0.12996738461538462
0.018775384615384614
-0.08198584615384615
-0.17565415384615385
-0.2355267692307692
-0.2586830769230769
-0.24679199999999998
-0.19025723076923076
-0.111192
-0.02482523076923077
0.06070707692307692
0.13476553846153844
0.18983999999999998
0.214248
0.19985353846153847
0.14665661538461539
0.05924676923076923
-0.03212676923076923
-0.10827138461538462
-0.1612596923076923
-0.18086953846153844
-0.17398523076923075
-0.13935507692307691
-0.08302892307692307
-0.006258461538461538
0.06988615384615385
0.12370892307692308
0.15833907692307692
0.16105107692307694
0.14582215384615385
0.10952307692307692
0.04714707692307692
-0.03066646153846154
-0.11640738461538462
-0.17899199999999998
-0.20673784615384616
-0.20694646153846152
-0.18942276923076923
-0.16084246153846155
-0.11306953846153844
-0.04276615384615385
0.03942830769230769
0.11160923076923077
0.15354092307692307
0.16084246153846155
0.13393107692307693
0.08907876923076924
0.03609046153846154
-0.02524246153846154
-0.09179076923076923
-0.15500123076923078
-0.19046584615384615
-0.19630707692307692
-0.16418030769230768
-0.10180430769230768
-0.026076923076923077
0.0609156923076923
0.14561353846153846
0.22864246153846152
0.29581661538461534
0.3285692307692308
0.3129230769230769
0.2647329230769231
0.20256553846153844
0.13852061538461538
0.0855323076923077
0.030875076923076922
-0.01668923076923077
-0.045895384615384616
-0.05611753846153846
-0.042348923076923076
-0.015854769230769228
0.0029206153846153843
0.014811692307692307
0.029414769230769227
0.04672984615384615
0.06738276923076922
0.0897046153846154
0.09804923076923076
0.09679753846153846
0.09700615384615385
0.09784061538461537
0.10076123076923077
0.084072
0.05111076923076923
0.012934153846153845
-0.026285538461538457
-0.04672984615384615
-0.0609156923076923
-0.06905169230769231
-0.06592246153846154
-0.048816000000000005
-0.005841230769230769
0.040679999999999994
0.08636676923076922
0.12141415384615384
0.130176
0.13664307692307692
0.13267938461538462
0.11995384615384615
0.09909230769230769
0.04985907692307692
-0.0022947692307692304
-0.05048492307692308
-0.0826116923076923
-0.09721476923076922
-0.11974523076923077
-0.13184492307692308
-0.13852061538461538
-0.11891076923076922
-0.07238953846153846
-0.04944184615384615
-0.03379569230769231
-0.05799507692307692
-0.08615815384615384
-0.12204
-0.16835261538461538
-0.18858830769230767
-0.1923433846153846
-0.12162276923076921
0.01710646153846154
0.2730775384615384
0.45603323076923075
0.6133292307692307
0.7885661538461538
0.8359218461538461
0.886824
0.7541446153846154
0.520704
0.19693292307692306
-0.20298276923076922
-0.49817353846153845
-0.8158947692307691
-1.0071950769230769
-1.1062873846153847
-1.0770812307692308
-0.8229876923076923
-0.48419630769230765
0.0014603076923076922
0.46729846153846155
0.838008
1.1371624615384615
1.2347944615384616
1.2174793846153846
1.0228412307692307
0.6446215384615385
0.2292683076923077
-0.2887236923076923
-0.7374553846153846
-1.0140793846153846
-1.1970350769230769
-1.1711667692307692
-1.047875076923077
-0.8183981538461539
-0.45457292307692304
-0.06717415384615384
0.3873987692307692
0.7714596923076923
1.0280566153846153
1.174296
1.1615704615384614
1.0503784615384615
0.7979538461538461
0.4134756923076923
-0.005841230769230769
-0.4493575384615385
-0.7812646153846153
-0.9804923076923077
-1.0841741538461538
-1.0336892307692307
-0.8972547692307693
-0.6690295384615385
-0.3594443076923077
-0.058412307692307694
0.25138153846153843
0.5092301538461538
0.6782086153846154
0.8133913846153846
0.8496904615384615
0.7950332307692307
0.6406578461538461
0.3863556923076923
0.10243015384615384
-0.21529107692307692
-0.5033889230769231
-0.7485120000000001
-0.92208
-0.9815353846153846
-0.957336
-0.7737544615384615
-0.4647950769230769
-0.10639384615384614
0.3133403076923077
0.6792516923076923
0.979032
1.182432
1.2249895384615384
1.1544775384615384
0.9181163076923077
0.5701458461538461
0.19213476923076922
-0.20840676923076923
-0.5661821538461538
-0.8588695384615385
-1.0401563076923077
-1.0676935384615385
-0.953580923076923
-0.6990701538461538
-0.3485963076923077
0.04693846153846153
0.45686769230769225
0.7952418461538461
1.0320203076923076
1.1354935384615383
1.0551766153846154
0.8519852307692307
0.5275883076923077
0.13434830769230768
-0.24095076923076922
-0.5953883076923077
-0.8521938461538461
-0.9982246153846153
-1.0303513846153844
-0.9033046153846154
-0.672576
-0.36778892307692307
-0.04193169230769231
0.2559710769230769
0.5052664615384616
0.6667347692307692
0.7589427692307691
0.7453827692307692
0.633564923076923
0.45332123076923075
0.21174461538461536
-0.021696
-0.23114584615384615
-0.40387938461538464
-0.5033889230769231
-0.5611753846153846
-0.5601323076923077
-0.47939815384615386
-0.3669544615384615
-0.22718215384615387
-0.086784
0.046104
0.18900553846153845
0.2989458461538462
0.3763421538461538
0.4047138461538461
0.3711267692307692
0.30666461538461537
0.2125790769230769
0.11056615384615384
0.0012516923076923076
-0.11765907692307691
-0.22467876923076924
-0.328152
-0.40095876923076923
-0.41910830769230767
-0.40325353846153844
-0.3312812307692308
-0.23072861538461537
-0.11181784615384616
0.044435076923076924
0.18754523076923074
0.33378461538461535
0.44351630769230765
0.4925409230769231
0.5146541538461539
0.47877230769230766
0.39970707692307694
0.2872633846153846
0.13893784615384613
-0.018775384615384614
-0.16689230769230767
-0.2757895384615385
-0.3375396923076923
-0.36299076923076923
-0.33587076923076925
-0.268488
-0.16480615384615382
-0.023364923076923075
0.111192
0.23761292307692305
0.3275261538461538
0.36340799999999995
0.36611999999999995
0.31041969230769234
0.22342707692307692
0.12454338461538461
0.015646153846153844
-0.06905169230769231
-0.12934153846153845
-0.1506203076923077
-0.12662953846153846
-0.08448923076923077
-0.033169846153846154
0.010013538461538461
0.03880246153846154
0.056951999999999996
0.05319692307692307
0.03379569230769231
-0.012099692307692308
-0.07405846153846153
-0.1151556923076923
-0.1397723076923077
-0.13455692307692307
-0.11202646153846153
-0.07468430769230769
-0.013768615384615384
0.03713353846153846
0.0826116923076923
0.10347323076923076
0.0855323076923077
0.05090215384615384
-0.009804923076923077
-0.08240307692307691
-0.16647507692307692
-0.25012984615384615
-0.3079163076923077
-0.328152
-0.29602523076923076
-0.2290596923076923
-0.12683815384615382
-0.0077187692307692304
0.10576799999999999
0.2140393846153846
0.287472
0.3198073846153846
0.2993630769230769
0.23156307692307693
0.1395636923076923
0.027120000000000002
-0.08761846153846153
-0.1927606153846154
-0.26494153846153845
-0.3008233846153846
-0.28809784615384615
-0.2207150769230769
-0.11745046153846153
0.011265230769230769
0.14123261538461537
0.249504
0.32043323076923075
0.3508910769230769
0.3277347692307692
0.25701415384615384
0.1570873846153846
0.03838523076923077
-0.06571384615384615
-0.1504116923076923
-0.20965846153846154
-0.22801661538461537
-0.2209236923076923
-0.1867107692307692
-0.12204
-0.0448523076923077
0.032544
0.09471138461538461
0.1356
0.16730953846153845
0.1794092307692308
0.17085599999999998
0.15228923076923076
0.1289243076923077
0.10180430769230768
0.07238953846153846
0.05319692307692307
0.035464615384615386
0.028163076923076923
0.026076923076923077
0.02023569230769231
0.023990769230769232
0.017315076923076923
0.005841230769230769
0.003755076923076923
-0.003755076923076923
-0.003963692307692307
0.008136
0.027328615384615382
0.06425353846153846
0.0936683076923077
0.11265230769230769
0.12579507692307693
0.11557292307692307
0.09262523076923077
0.05486584615384615
0.003963692307692307
-0.0446436923076923
-0.07572738461538461
-0.07885661538461539
-0.06154153846153846
-0.02858030769230769
0.02482523076923077
0.09158215384615384
0.15896492307692306
0.21320492307692307
0.23761292307692305
0.23052
0.19380369230769232
0.14519630769230768
0.08907876923076924
0.02023569230769231
-0.04214030769230769
-0.09199938461538461
-0.12245723076923076
-0.12433476923076923
-0.09930092307692308
-0.055491692307692304
-0.0070929230769230765
0.04819015384615385
0.11056615384615384
0.16209415384615386
0.18983999999999998
0.18107815384615383
0.13935507692307691
0.07134646153846153
-0.021696
-0.1151556923076923
-0.20027076923076922
-0.26786215384615386
-0.3068732307692308
-0.314592
-0.28121353846153846
-0.2125790769230769
-0.11891076923076922
-0.013560000000000001
0.08907876923076924
0.1775316923076923
0.2424110769230769
0.26765353846153844
0.24491446153846153
0.17315076923076922
0.06675692307692307
-0.0446436923076923
-0.13643446153846153
-0.20465169230769228
-0.25117292307692307
-0.25951753846153847
-0.23177169230769232
-0.16313723076923078
-0.06154153846153846
0.047772923076923074
0.14603076923076924
0.214248
0.2563883076923077
0.2712
0.25951753846153847
0.22134092307692307
0.15333230769230768
0.07551876923076924
-0.005841230769230769
-0.0717636923076923
-0.11348676923076922
-0.14290153846153844
-0.1502030769230769
-0.13476553846153844
-0.09512861538461538
-0.032544
0.03838523076923077
0.10368184615384615
0.16167692307692308
0.20173107692307693
0.2205064615384615
0.22321846153846153
0.20423446153846153
0.1635544615384615
0.11160923076923077
0.06070707692307692
0.01668923076923077
-0.014185846153846153
-0.03609046153846154
-0.059038153846153844
-0.07593599999999999
-0.07948246153846153
-0.05799507692307692
-0.025659692307692307
-0.013768615384615384
-0.003963692307692307
0.015854769230769228
0.044435076923076924
0.09158215384615384
0.14269292307692305
0.18942276923076923
0.21466523076923077
0.2194633846153846
0.2225926153846154
0.20402584615384614
0.16626646153846153
0.10389046153846154
0.025659692307692307
-0.037967999999999995
-0.08866153846153846
-0.12016246153846154
-0.12600369230769232
-0.1178676923076923
-0.08824430769230769
-0.03859384615384615
0.01814953846153846
0.08574092307692306
0.14123261538461537
0.18337292307692307
0.21216184615384615
0.21716861538461538
0.22300984615384614
0.20673784615384616
0.16167692307692308
0.10222153846153846
0.03421292307692308
-0.017940923076923077
-0.07051199999999999
-0.10618523076923077
-0.12329169230769231
-0.14206707692307693
-0.14290153846153844
-0.12704676923076924
-0.08094276923076923
-0.04047138461538462
-0.015228923076923076
0.022530461538461537
0.05736923076923077
0.09241661538461539
0.1070196923076923
0.10055261538461538
0.08073415384615384
0.04819015384615385
0.02086153846153846
-0.0043809230769230765
-0.03296123076923077
-0.07510153846153846
-0.12308307692307692
-0.1639716923076923
-0.1785747692307692
-0.1614683076923077
-0.13434830769230768
-0.09658892307692307
-0.0446436923076923
0.02545107692307692
0.10117846153846152
0.17648861538461538
0.23886461538461537
0.2753723076923077
0.2872633846153846
0.26786215384615386
0.22572184615384616
0.15354092307692307
0.05236246153846154
-0.059038153846153844
-0.16084246153846155
-0.23761292307692305
-0.2937304615384615
-0.3195987692307692
-0.31396615384615384
-0.2780843076923077
-0.20861538461538462
-0.11870215384615385
-0.01856676923076923
0.06341907692307691
0.11452984615384615
0.13226215384615383
0.12162276923076921
0.086784
0.021487384615384613
-0.06550523076923077
-0.168144
-0.26076923076923075
-0.3235624615384615
-0.35047384615384614
-0.3460929230769231
-0.31250584615384613
-0.260352
-0.20506892307692307
-0.11578153846153846
-0.013560000000000001
0.08073415384615384
0.16292861538461537
0.2056947692307692
0.235944
0.2526332307692308
0.25367630769230765
0.22530461538461538
0.22342707692307692
0.16438892307692307
0.015228923076923076
-0.06884307692307692
-0.16710092307692306
-0.22300984615384614
-0.19651569230769228
-0.23928184615384615
-0.273912
-0.2480436923076923
-0.17419384615384614
0.0025033846153846152
0.13372246153846154
0.20986707692307693
0.2601433846153846
0.2830910769230769
0.37029230769230764
0.3972036923076923
0.34504984615384615
0.1923433846153846
0.0002086153846153846
-0.10743692307692307
-0.20861538461538462
-0.2369870769230769
-0.260352
-0.26306399999999996
-0.16626646153846153
-0.08615815384615384
0.0988836923076923
0.28121353846153846
0.3508910769230769
0.4322510769230769
0.4017932307692308
0.31542646153846154
0.25471938461538457
0.14540492307692307
0.09763200000000001
0.035255999999999996
-0.06633969230769231
-0.10076123076923077
-0.11891076923076922
-0.07134646153846153
-0.02482523076923077
-0.023364923076923075
-0.023990769230769232
-0.026285538461538457
0.03337846153846154
0.0853236923076923
0.09325107692307691
0.10055261538461538
0.06341907692307691
0.06467076923076923
0.0934596923076923
0.0826116923076923
0.09658892307692307
0.06070707692307692
0.029206153846153847
0.06341907692307691
0.06675692307692307
0.06738276923076922
0.059872615384615385
0.010013538461538461
-0.02524246153846154
-0.06967753846153846
-0.12162276923076921
-0.13914646153846155
-0.1422756923076923
-0.13789476923076924
-0.12642092307692307
-0.08240307692307691
-0.03984553846153846
0.012308307692307691
0.07364123076923076
0.08386338461538462
0.09450276923076922
0.0936683076923077
0.07927384615384615
0.07635323076923077
0.02753723076923077
-0.02858030769230769
-0.06571384615384615
-0.10076123076923077
-0.10368184615384615
-0.11202646153846153
-0.11974523076923077
-0.09679753846153846
-0.08156861538461539
-0.07489292307692308
-0.06487938461538462
-0.040262769230769234
-0.0029206153846153843
0.027745846153846152
0.059038153846153844
0.06446215384615385
0.07343261538461537
0.10910584615384614
0.11745046153846153
0.12808984615384614
0.12120553846153845
0.07280676923076923
0.03963692307692308
-0.019192615384615384
-0.09909230769230769
-0.15813046153846153
-0.22029784615384615
-0.24658338461538462
-0.23969907692307693
-0.2288510769230769
-0.18796246153846152
-0.124752
-0.04380923076923077
0.04047138461538462
0.11578153846153846
0.17648861538461538
0.19735015384615384
0.20298276923076922
0.18232984615384615
0.13476553846153844
0.08031692307692308
-0.022947692307692308
-0.10889723076923077
-0.14749107692307692
-0.1706473846153846
-0.15416676923076922
-0.13330523076923076
-0.09074769230769231
0.011682461538461537
0.12537784615384615
0.23677846153846152
0.32231076923076923
0.35986153846153845
0.37717661538461533
0.3581926153846154
0.31542646153846154
0.24554030769230767
0.14269292307692305
0.03609046153846154
-0.07030338461538461
-0.13643446153846153
-0.17169046153846151
-0.18086953846153844
-0.1489513846153846
-0.11974523076923077
-0.06550523076923077
0.010639384615384617
0.07906523076923076
0.1612596923076923
0.19192615384615386
0.1691870769230769
0.1353913846153846
0.09554584615384615
0.08177723076923075
0.06926030769230769
0.03066646153846154
-0.016480615384615385
-0.04401784615384615
-0.03129230769230769
-0.006049846153846154
0.0035464615384615383
-0.005424
-0.03400430769230769
-0.049233230769230765
-0.04526953846153846
-0.02586830769230769
0.00855323076923077
0.030040615384615384
0.06341907692307691
0.12141415384615384
0.19317784615384614
0.26932246153846157
0.31208861538461535
0.3156350769230769
0.2814221538461538
0.21216184615384615
0.13101046153846155
0.040054153846153843
-0.05945538461538461
-0.1712732307692308
-0.2737033846153846
-0.32898646153846156
-0.3252313846153846
-0.2643156923076923
-0.1867107692307692
-0.10576799999999999
-0.009179076923076922
0.0892873846153846
0.1779489230769231
0.23636123076923077
0.23052
0.1779489230769231
0.10138707692307691
0.013142769230769229
-0.05736923076923077
-0.13393107692307693
-0.22280123076923075
-0.2751636923076923
-0.2849686153846154
-0.2578486153846154
-0.1940123076923077
-0.12329169230769231
-0.043392
0.04714707692307692
0.13914646153846155
0.22530461538461538
0.2832996923076923
0.3012406153846154
0.2753723076923077
0.22801661538461537
0.17294215384615383
0.1151556923076923
0.06800861538461538
0.018358153846153843
-0.01981846153846154
-0.048816000000000005
-0.07030338461538461
-0.05528307692307692
-0.030040615384615384
-0.006467076923076923
0.01940123076923077
0.04214030769230769
0.08073415384615384
0.11953661538461538
0.13518276923076925
0.13914646153846155
0.12913292307692306
0.11640738461538462
0.10117846153846152
0.08219446153846154
0.06300184615384616
0.02315630769230769
-0.009804923076923077
-0.03108369230769231
-0.059664
-0.07969107692307692
-0.10743692307692307
-0.127464
-0.12579507692307693
-0.12496061538461539
-0.10576799999999999
-0.08010830769230769
-0.050067692307692306
-0.006258461538461538
0.026285538461538457
0.04965046153846154
0.059038153846153844
0.04714707692307692
0.02044430769230769
-0.02482523076923077
-0.07051199999999999
-0.10743692307692307
-0.14039815384615384
-0.15604430769230768
-0.157296
-0.14018953846153845
-0.1097316923076923
-0.07280676923076923
-0.027745846153846152
0.004798153846153846
0.02273907692307692
0.03629907692307692
0.04547815384615384
0.056326153846153845
0.06613107692307692
0.06738276923076922
0.07343261538461537
0.08135999999999999
0.08887015384615385
0.09179076923076923
0.08073415384615384
0.07238953846153846
0.05611753846153846
0.03942830769230769
0.03504738461538461
0.026494153846153844
0.027120000000000002
0.03379569230769231
0.042348923076923076
0.053614153846153846
0.04714707692307692
0.03775938461538462
0.03421292307692308
0.021070153846153846
0.015020307692307692
0.012308307692307691
-0.005215384615384615
-0.028163076923076923
-0.06070707692307692
-0.07843938461538462
-0.07614461538461538
-0.07259815384615384
-0.05590892307692308
-0.03504738461538461
-0.0002086153846153846
0.04401784615384615
0.09116492307692307
0.1314276923076923
0.14039815384615384
0.12496061538461539
0.08636676923076922
0.03921969230769231
-0.010848
-0.06258461538461538
-0.10409907692307692
-0.12162276923076921
-0.10806276923076923
-0.05674338461538461
0.02211323076923077
0.0936683076923077
0.15875630769230767
0.20277415384615383
0.22968553846153844
0.2342750769230769
0.19150892307692308
0.10994030769230768
-0.006675692307692307
-0.12725538461538463
-0.2273907692307692
-0.2912270769230769
-0.3187643076923077
-0.3116713846153846
-0.2626467692307692
-0.17231630769230769
-0.042348923076923076
0.0936683076923077
0.206112
0.2814221538461538
0.3068732307692308
0.29101846153846156
0.24574892307692306
0.17148184615384612
0.06842584615384616
-0.051528
-0.16292861538461537
-0.23114584615384615
-0.24846092307692308
-0.22780799999999998
-0.17461107692307692
-0.10764553846153846
-0.022530461538461537
0.08073415384615384
0.1775316923076923
0.24700061538461537
0.2753723076923077
0.2647329230769231
0.2209236923076923
0.15792184615384616
0.0717636923076923
-0.029414769230769227
-0.12308307692307692
-0.20423446153846153
-0.23844738461538462
-0.2292683076923077
-0.19714153846153845
-0.14018953846153845
-0.07948246153846153
-0.016480615384615385
0.05090215384615384
0.10952307692307692
0.14081538461538462
0.1316363076923077
0.09387692307692307
0.05382276923076923
0.027120000000000002
0.023364923076923075
0.03337846153846154
0.04172307692307692
0.04819015384615385
0.05069353846153846
0.05924676923076923
0.06154153846153846
0.04422646153846154
0.004798153846153846
-0.045895384615384616
-0.07510153846153846
-0.07405846153846153
-0.05236246153846154
-0.03671630769230769
-0.016480615384615385
0.01856676923076923
0.06008123076923077
0.11014892307692307
0.13601723076923075
0.13768615384615385
0.09721476923076922
0.027745846153846152
-0.029832
-0.09804923076923076
-0.16188553846153847
-0.2140393846153846
-0.2540935384615385
-0.24595753846153845
-0.2008966153846154
-0.13726892307692307
-0.05590892307692308
0.01710646153846154
0.08907876923076924
0.15416676923076922
0.19693292307692306
0.2140393846153846
0.18525046153846153
0.1341396923076923
0.06028984615384615
-0.01272553846153846
-0.062376
-0.10576799999999999
-0.12204
-0.11202646153846153
-0.054657230769230764
0.050067692307692306
0.16772676923076923
0.2789187692307692
0.3517255384615385
0.3848953846153846
0.38239199999999995
0.344424
0.27182584615384614
0.16501476923076921
0.05528307692307692
-0.03379569230769231
-0.08448923076923077
-0.0892873846153846
-0.06529661538461538
-0.022947692307692308
0.03984553846153846
0.1151556923076923
0.1869193846153846
0.24303692307692307
0.25200738461538463
0.21320492307692307
0.13768615384615385
0.04109723076923077
-0.04902461538461538
-0.127464
-0.17419384615384614
-0.1940123076923077
-0.1869193846153846
-0.12725538461538463
-0.029414769230769227
0.08073415384615384
0.16772676923076923
0.21612553846153845
0.24199384615384617
0.22718215384615387
0.17315076923076922
0.08448923076923077
-0.03045784615384615
-0.1570873846153846
-0.2730775384615384
-0.36549415384615386
-0.42787015384615384
-0.47668615384615387
-0.5010941538461539
-0.3955347692307692
-0.21049292307692305
0.04422646153846154
0.31855569230769226
0.5365587692307692
0.730571076923077
0.823404923076923
0.8482301538461539
0.7351606153846154
0.4950443076923077
0.21091015384615383
-0.12245723076923076
-0.404088
-0.6341907692307692
-0.7499723076923077
-0.7629064615384615
-0.6990701538461538
-0.5069353846153847
-0.2540935384615385
0.05048492307692308
0.33712246153846154
0.5444861538461538
0.6567212307692307
0.6435784615384614
0.540731076923077
0.37738523076923075
0.1635544615384615
-0.09137353846153846
-0.34651015384615386
-0.5371846153846154
-0.6039415384615384
-0.546780923076923
-0.4011673846153846
-0.22780799999999998
-0.05590892307692308
0.10827138461538462
0.23969907692307693
0.3277347692307692
0.32564861538461537
0.2509643076923077
0.15520984615384617
0.07426707692307692
0.045060923076923075
0.040679999999999994
0.02858030769230769
0.007927384615384614
-0.024199384615384616
-0.05757784615384615
-0.09846646153846153
-0.16334584615384617
-0.22300984615384614
-0.2655673846153846
-0.2912270769230769
-0.2799618461538461
-0.24199384615384617
-0.18629353846153843
-0.11578153846153846
-0.03650769230769231
0.05507446153846154
0.15187199999999998
0.26306399999999996
0.3609046153846154
0.4118067692307692
0.39970707692307694
0.30186646153846153
0.15124615384615384
-0.03296123076923077
-0.24762646153846155
-0.450192
-0.6006036923076923
-0.653592
-0.5851661538461538
-0.4239064615384615
-0.19609846153846153
0.056951999999999996
0.30019753846153846
0.5042233846153846
0.6202135384615385
0.6229255384615384
0.5188264615384615
0.3442153846153846
0.14603076923076924
-0.05027630769230769
-0.22154953846153846
-0.3548547692307692
-0.43392000000000003
-0.4378836923076923
-0.3780110769230769
-0.26076923076923075
-0.09867507692307692
0.07259815384615384
0.23281476923076924
0.3669544615384615
0.4489403076923077
0.4783550769230769
0.44309907692307693
0.3467187692307692
0.20548615384615385
0.04109723076923077
-0.09450276923076922
-0.20298276923076922
-0.26786215384615386
-0.27412061538461535
-0.23177169230769232
-0.13852061538461538
-0.028163076923076923
0.08636676923076922
0.17085599999999998
0.20256553846153844
0.20402584615384614
0.16793538461538463
0.12433476923076923
0.07051199999999999
-0.003755076923076923
-0.07218092307692307
-0.12266584615384615
-0.13205353846153844
-0.10138707692307691
-0.04985907692307692
-0.010013538461538461
0.01668923076923077
0.029623384615384614
0.03421292307692308
0.03504738461538461
0.00855323076923077
-0.03066646153846154
-0.06738276923076922
-0.0880356923076923
-0.0897046153846154
-0.06592246153846154
-0.028788923076923077
0.010848
0.053614153846153846
0.08761846153846153
0.12141415384615384
0.13810338461538463
0.12391753846153845
0.07927384615384615
0.006884307692307692
-0.08094276923076923
-0.15520984615384617
-0.20277415384615383
-0.23364923076923078
-0.2411593846153846
-0.2275993846153846
-0.1783661538461538
-0.09763200000000001
-0.005215384615384615
0.08031692307692308
0.1358086153846154
0.15959076923076923
0.14540492307692307
0.10597661538461538
0.05027630769230769
-0.008970461538461538
-0.05528307692307692
-0.07593599999999999
-0.05799507692307692
-0.01272553846153846
0.05757784615384615
0.14039815384615384
0.22551323076923077
0.2926873846153846
0.3248141538461538
0.30937661538461536
0.24554030769230767
0.15333230769230768
0.03755076923076923
-0.07969107692307692
-0.1760713846153846
-0.22697353846153845
-0.23198030769230768
-0.19213476923076922
-0.11452984615384615
-0.011473846153846154
0.10263876923076923
0.2125790769230769
0.3116713846153846
0.371544
0.38698153846153843
0.34880492307692307
0.25764
0.1341396923076923
-0.006049846153846154
-0.1422756923076923
-0.25284184615384614
-0.32627446153846157
-0.35860984615384617
-0.34317230769230767
-0.27453784615384613
-0.16105107692307694
-0.024199384615384616
0.1045163076923077
0.19964492307692308
0.25805723076923076
0.2753723076923077
0.2507556923076923
0.1908830769230769
0.10597661538461538
0.003129230769230769
-0.09241661538461539
-0.1612596923076923
-0.19672430769230767
-0.20131384615384615
-0.17961784615384613
-0.13309661538461537
-0.07301538461538462
-0.0035464615384615383
0.06321046153846153
0.11244369230769231
0.13476553846153844
0.12516923076923075
0.09971815384615385
0.06049846153846154
0.018358153846153843
-0.009179076923076922
-0.03358707692307692
-0.04318338461538461
-0.032544
-0.007510153846153846
0.025033846153846153
0.05236246153846154
0.065088
0.06529661538461538
0.065088
0.06258461538461538
0.05528307692307692
0.042557538461538466
0.024199384615384616
0.02232184615384615
0.049233230769230765
0.08761846153846153
0.12266584615384615
0.14832553846153845
0.17085599999999998
0.18232984615384615
0.1829556923076923
0.17377661538461536
0.14519630769230768
0.09909230769230769
0.029832
-0.04172307692307692
-0.10347323076923076
-0.14811692307692306
-0.17440246153846153
-0.18858830769230767
-0.17252492307692308
-0.13309661538461537
-0.07468430769230769
-0.0022947692307692304
0.06467076923076923
0.12162276923076921
0.14853415384615384
0.15354092307692307
0.14519630769230768
0.116616
0.08240307692307691
0.04401784615384615
0.005215384615384615
-0.02795446153846154
-0.05194523076923077
-0.065088
-0.07092923076923077
-0.065088
-0.05403138461538461
-0.03233538461538461
0.004798153846153846
0.03379569230769231
0.04756430769230769
0.056951999999999996
0.0717636923076923
0.08574092307692306
0.08845292307692308
0.07656184615384615
0.06529661538461538
0.05236246153846154
0.03775938461538462
0.03108369230769231
0.021696
0.011682461538461537
-0.010639384615384617
-0.034630153846153845
-0.04631261538461538
-0.06216738461538462
-0.07885661538461539
-0.09158215384615384
-0.09784061538461537
-0.08386338461538462
-0.06800861538461538
-0.04672984615384615
-0.01668923076923077
0.003755076923076923
0.03504738461538461
0.06279323076923077
0.092208
0.11891076923076922
0.1218313846153846
0.10889723076923077
0.08031692307692308
0.04902461538461538
0.011682461538461537
-0.034630153846153845
-0.07572738461538461
-0.103056
-0.11035753846153845
-0.08699261538461538
-0.03713353846153846
0.028788923076923077
0.09137353846153846
0.14164984615384615
0.18525046153846153
0.20298276923076922
0.19442953846153843
0.15374953846153847
0.08594953846153845
0.030875076923076922
-0.015854769230769228
-0.052153846153846155
-0.0717636923076923
-0.07969107692307692
-0.06717415384615384
-0.040679999999999994
-0.0014603076923076922
0.04422646153846154
0.07614461538461538
0.09283384615384616
0.09700615384615385
0.09930092307692308
0.09721476923076922
0.09387692307692307
0.08720123076923077
0.06967753846153846
0.05799507692307692
0.03921969230769231
0.015854769230769228
-0.015437538461538461
-0.06654830769230768
-0.1205796923076923
-0.1635544615384615
-0.18107815384615383
-0.17481969230769231
-0.15625292307692307
-0.11974523076923077
-0.0609156923076923
0.017940923076923077
0.11202646153846153
0.1910916923076923
0.23531815384615382
0.23448369230769228
0.19296923076923078
0.13622584615384614
0.06258461538461538
-0.01981846153846154
-0.1028473846153846
-0.17252492307692308
-0.2138307692307692
-0.22280123076923075
-0.20423446153846153
-0.1706473846153846
-0.11745046153846153
-0.05069353846153846
0.026494153846153844
0.10409907692307692
0.168144
0.21654276923076923
0.23218892307692307
0.21216184615384615
0.16793538461538463
0.10576799999999999
0.029414769230769227
-0.05736923076923077
-0.13789476923076924
-0.19067446153846154
-0.20819815384615384
-0.1908830769230769
-0.13789476923076924
-0.06821723076923077
0.003963692307692307
0.07134646153846153
0.12850707692307692
0.16251138461538459
0.1476996923076923
0.09658892307692307
0.030875076923076922
-0.03421292307692308
-0.09074769230769231
-0.14060676923076923
-0.1800350769230769
-0.20548615384615385
-0.21675138461538462
-0.20402584615384614
-0.17377661538461536
-0.13330523076923076
-0.09512861538461538
-0.05924676923076923
-0.0077187692307692304
0.051319384615384614
0.11327815384615383
0.16584923076923075
0.19693292307692306
0.206112
0.18212123076923076
0.1424843076923077
0.09554584615384615
0.028163076923076923
-0.03275261538461539
-0.09199938461538461
-0.13998092307692306
-0.14936861538461538
-0.13747753846153846
-0.10222153846153846
-0.05486584615384615
0.0012516923076923076
0.07948246153846153
0.1506203076923077
0.2059033846153846
0.2355267692307692
0.23135446153846154
0.2157083076923077
0.17461107692307692
0.11870215384615385
0.04756430769230769
-0.03400430769230769
-0.10243015384615384
-0.15249784615384615
-0.15917353846153848
-0.12725538461538463
-0.07134646153846153
-0.0025033846153846152
0.0744756923076923
0.15187199999999998
0.21758584615384616
0.2526332307692308
0.24887815384615386
0.20486030769230767
0.13247076923076923
0.05319692307692307
-0.03650769230769231
-0.12037107692307693
-0.19317784615384614
-0.24616615384615384
-0.25805723076923076
-0.24428861538461538
-0.19317784615384614
-0.1205796923076923
-0.05611753846153846
0.009596307692307692
0.06300184615384616
0.10639384615384614
0.1207883076923077
0.10368184615384615
0.06049846153846154
0.0014603076923076922
-0.05069353846153846
-0.08302892307692307
-0.111192
-0.14185846153846154
-0.15896492307692306
-0.19046584615384615
-0.17252492307692308
-0.14164984615384615
-0.10263876923076923
-0.050067692307692306
-0.014603076923076923
0.04193169230769231
0.10931446153846153
0.18942276923076923
0.26076923076923075
0.3957433846153846
0.3538116923076923
0.24345415384615382
0.19004861538461537
0.03880246153846154
-0.02524246153846154
-0.13101046153846155
-0.2868461538461538
-0.4620830769230769
-0.545112
-0.46104
-0.31250584615384613
-0.1218313846153846
-0.015854769230769228
0.12433476923076923
0.3077076923076923
0.4985907692307692
0.6696553846153845
0.6358596923076922
0.4585366153846154
0.24637476923076923
0.059664
-0.07635323076923077
-0.19380369230769232
-0.32648307692307693
-0.387816
-0.38239199999999995
-0.32001599999999997
-0.10889723076923077
0.07948246153846153
0.2422024615384615
0.3972036923076923
0.46396061538461536
0.4948356923076923
0.5038061538461538
0.47418276923076924
0.4159790769230769
0.28392553846153845
0.0974233846153846
-0.03421292307692308
-0.12558646153846154
-0.173568
-0.20339999999999997
-0.23656984615384613
-0.26139507692307695
-0.22113230769230768
-0.10222153846153846
0.0012516923076923076
0.08094276923076923
0.124752
0.13497415384615385
0.1846246153846154
0.21091015384615383
0.19797599999999999
0.1846246153846154
0.11223507692307692
0.07969107692307692
0.08094276923076923
0.03483876923076923
-0.030040615384615384
-0.11286092307692308
-0.20715507692307691
-0.268488
-0.2920615384615385
-0.30436984615384616
-0.2497126153846154
-0.16209415384615386
-0.08344615384615384
0.041514461538461535
0.1787833846153846
0.2795446153846154
0.36611999999999995
0.3980381538461538
0.33941723076923075
0.24074215384615386
0.11703323076923078
-0.008344615384615384
-0.13330523076923076
-0.2701569230769231
-0.36382523076923073
-0.40012430769230767
-0.3942830769230769
-0.3304467692307692
-0.22572184615384616
-0.09304246153846155
0.07051199999999999
0.21320492307692307
0.31041969230769234
0.37738523076923075
0.4184824615384615
0.401376
0.34275507692307694
0.2374043076923077
0.07197230769230768
-0.04985907692307692
-0.14164984615384615
-0.20798953846153845
-0.21049292307692305
-0.20006215384615383
-0.15166338461538462
-0.05403138461538461
0.04088861538461538
0.14394461538461537
0.23782153846153845
0.2853858461538461
0.31125415384615385
0.3047870769230769
0.23907323076923076
0.14603076923076924
0.06967753846153846
-0.0035464615384615383
-0.06300184615384616
-0.10785415384615385
-0.16209415384615386
-0.1800350769230769
-0.17732307692307692
-0.16063384615384615
-0.10347323076923076
-0.05820369230769231
-0.027745846153846152
0.030040615384615384
0.09095630769230768
0.132888
0.16000799999999998
0.15124615384615384
0.13893784615384613
0.14081538461538462
0.12725538461538463
0.10910584615384614
0.06738276923076922
0.008344615384615384
-0.03483876923076923
-0.06613107692307692
-0.08010830769230769
-0.09199938461538461
-0.10347323076923076
-0.12350030769230769
-0.13518276923076925
-0.10827138461538462
-0.06675692307692307
0.008344615384615384
0.07468430769230769
0.10389046153846154
0.12934153846153845
0.13643446153846153
0.14811692307692306
0.14811692307692306
0.09137353846153846
-0.0006258461538461538
-0.0936683076923077
-0.1691870769230769
-0.19881046153846152
-0.19526400000000002
-0.19547261538461536
-0.1858763076923077
-0.14394461538461537
-0.06550523076923077
0.025033846153846153
0.10138707692307691
0.13768615384615385
0.1314276923076923
0.10722830769230769
0.07280676923076923
0.04380923076923077
0.0033378461538461535
-0.04526953846153846
-0.0771876923076923
-0.09283384615384616
-0.07468430769230769
-0.020652923076923076
0.029832
0.06008123076923077
0.07635323076923077
0.084072
0.09658892307692307
0.09825784615384614
0.06905169230769231
0.007510153846153846
-0.06842584615384616
-0.11891076923076922
-0.12662953846153846
-0.10618523076923077
-0.0961716923076923
-0.09408553846153846
-0.07948246153846153
-0.0448523076923077
0.01397723076923077
0.05736923076923077
0.06926030769230769
0.058829538461538454
0.03567323076923076
0.016897846153846156
-0.0006258461538461538
-0.031918153846153846
-0.07969107692307692
-0.1207883076923077
-0.14206707692307693
-0.13101046153846155
-0.0892873846153846
-0.05048492307692308
-0.016272
0.015646153846153844
0.04109723076923077
0.06863446153846153
0.08240307692307691
0.07197230769230768
0.04526953846153846
0.012516923076923077
-0.013560000000000001
-0.012308307692307691
0.0077187692307692304
0.026911384615384615
0.031918153846153846
0.01814953846153846
0.015646153846153844
0.021696
0.018358153846153843
0.0070929230769230765
-0.01981846153846154
-0.03921969230769231
-0.03504738461538461
-0.023364923076923075
0.002086153846153846
0.040679999999999994
0.07551876923076924
0.10806276923076923
0.14519630769230768
0.1869193846153846
0.21195323076923075
0.21174461538461536
0.19609846153846153
0.15291507692307693
0.0988836923076923
0.035464615384615386
-0.04568676923076923
-0.10535076923076922
-0.14477907692307693
-0.14978584615384616
-0.11348676923076922
-0.06842584615384616
-0.004798153846153846
0.06279323076923077
0.130176
0.20027076923076922
0.24282830769230768
0.25284184615384614
0.225096
0.16063384615384615
0.08740984615384616
0.0018775384615384615
-0.0963803076923077
-0.1927606153846154
-0.2753723076923077
-0.3216849230769231
-0.3321156923076923
-0.2851772307692308
-0.19693292307692306
-0.09909230769230769
0.014811692307692307
0.12266584615384615
0.22447015384615385
0.30061476923076924
0.3216849230769231
0.29498215384615384
0.22447015384615385
0.14394461538461537
0.08073415384615384
0.013351384615384614
-0.0446436923076923
-0.08761846153846153
-0.12245723076923076
-0.12788123076923075
-0.12099692307692309
-0.10326461538461539
-0.08490646153846154
-0.07405846153846153
-0.04172307692307692
0.0006258461538461538
0.04693846153846153
0.08824430769230769
0.111192
0.1287156923076923
0.13226215384615383
0.11870215384615385
0.0855323076923077
0.016480615384615385
-0.07551876923076924
-0.16084246153846155
-0.22321846153846153
-0.25451076923076926
-0.260352
-0.2438713846153846
-0.19609846153846153
-0.11891076923076922
-0.020027076923076922
0.07760492307692309
0.15500123076923078
0.1990190769230769
0.21716861538461538
0.23177169230769232
0.2207150769230769
0.1867107692307692
0.14144123076923076
0.07426707692307692
0.014603076923076923
-0.033169846153846154
-0.06967753846153846
-0.0961716923076923
-0.11473846153846154
-0.10994030769230768
-0.08094276923076923
-0.02273907692307692
0.05319692307692307
0.12704676923076924
0.18629353846153843
0.22321846153846153
0.2411593846153846
0.2436627692307692
0.21842030769230766
0.16438892307692307
0.08699261538461538
0.0012516923076923076
-0.06070707692307692
-0.103056
-0.13121907692307694
-0.14519630769230768
-0.1476996923076923
-0.12329169230769231
-0.07405846153846153
-0.012308307692307691
0.04380923076923077
0.08219446153846154
0.11411261538461538
0.14185846153846154
0.16730953846153845
0.1775316923076923
0.1614683076923077
0.12037107692307693
0.056951999999999996
0.0012516923076923076
-0.04088861538461538
-0.08240307692307691
-0.11640738461538462
-0.13872923076923074
-0.13372246153846154
-0.10117846153846152
-0.0448523076923077
0.027120000000000002
0.08344615384615384
0.12120553846153845
0.14686523076923075
0.15813046153846153
0.143736
0.10660246153846153
0.04380923076923077
-0.03275261538461539
-0.10117846153846152
-0.1462393846153846
-0.15938215384615384
-0.14916
-0.11306953846153844
-0.05945538461538461
0.01272553846153846
0.08991323076923076
0.15103753846153847
0.19171753846153847
0.19860184615384616
0.18629353846153843
0.1597993846153846
0.11432123076923076
0.050067692307692306
-0.02795446153846154
-0.0936683076923077
-0.1356
-0.14749107692307692
-0.13309661538461537
-0.10618523076923077
-0.06550523076923077
-0.015020307692307692
0.03567323076923076
0.084072
0.11014892307692307
0.11181784615384616
0.08699261538461538
0.03337846153846154
-0.009596307692307692
-0.051319384615384614
-0.09491999999999999
-0.13267938461538462
-0.16042523076923076
-0.15228923076923076
-0.12412615384615384
-0.08448923076923077
-0.03880246153846154
-0.004172307692307692
0.024616615384615383
0.04839876923076923
0.06404492307692307
0.07134646153846153
0.06258461538461538
0.04526953846153846
0.03755076923076923
0.03609046153846154
0.045060923076923075
0.05319692307692307
0.058829538461538454
0.0717636923076923
0.08344615384615384
0.10576799999999999
0.11765907692307691
0.10535076923076922
0.08010830769230769
0.05048492307692308
0.040679999999999994
0.058829538461538454
0.0855323076923077
0.10159569230769232
0.10639384615384614
0.1070196923076923
0.11536430769230768
0.11849353846153846
0.10868861538461538
0.07384984615384615
0.017315076923076923
-0.03337846153846154
-0.0771876923076923
-0.10952307692307692
-0.13664307692307692
-0.15959076923076923
-0.16084246153846155
-0.13476553846153844
-0.08052553846153847
-0.011891076923076923
0.04965046153846154
0.0897046153846154
0.10514215384615383
0.10597661538461538
0.10055261538461538
0.08240307692307691
0.03880246153846154
-0.01981846153846154
-0.08094276923076923
-0.12037107692307693
-0.1316363076923077
-0.12266584615384615
-0.09408553846153846
-0.058412307692307694
-0.005424
0.035464615384615386
0.07489292307692308
0.08887015384615385
0.06696553846153847
0.007301538461538462
-0.07739630769230768
-0.13309661538461537
-0.1639716923076923
-0.1341396923076923
-0.05799507692307692
0.12767261538461538
0.24908676923076922
0.36445107692307693
0.5528307692307692
0.6133292307692307
0.6919772307692308
0.6016467692307692
0.40012430769230767
0.14832553846153845
-0.18650215384615382
-0.4120153846153846
-0.6919772307692308
-0.8793138461538462
-0.9798664615384615
-0.9694356923076923
-0.7155507692307692
-0.4134756923076923
0.018983999999999997
0.4205686153846153
0.7211833846153846
1.0092812307692307
1.1010719999999998
1.081044923076923
0.8980892307692306
0.5236246153846154
0.14916
-0.3068732307692308
-0.6944806153846154
-0.9131095384615384
-1.0660246153846153
-1.0136621538461539
-0.8619987692307692
-0.6206307692307692
-0.2628553846153846
0.08240307692307691
0.4743913846153846
0.794616
0.9917575384615384
1.0893895384615384
1.028473846153846
0.8836947692307692
0.6202135384615385
0.25200738461538463
-0.12391753846153845
-0.5129852307692307
-0.7964935384615384
-0.9592135384615383
-1.0303513846153844
-0.9406467692307692
-0.760403076923077
-0.5054750769230769
-0.18316430769230768
0.1136953846153846
0.4022104615384615
0.6467076923076923
0.7985796923076923
0.9053907692307691
0.8997581538461538
0.784811076923077
0.5834972307692308
0.29101846153846156
-0.030875076923076922
-0.3826006153846154
-0.6921858461538462
-0.9247920000000001
-1.0510043076923077
-1.0401563076923077
-0.941064
-0.7036596923076923
-0.36319938461538465
0.014185846153846153
0.4255753846153846
0.7666615384615384
1.0074036923076921
1.1306953846153847
1.097316923076923
0.9510775384615384
0.663396923076923
0.2782929230769231
-0.13038461538461538
-0.5449033846153846
-0.8866153846153845
-1.127148923076923
-1.228536
-1.174296
-0.9863335384615385
-0.6694467692307693
-0.2707827692307692
0.1883796923076923
0.6519230769230768
1.0192947692307692
1.2531526153846153
1.3121907692307693
1.1843095384615385
0.929172923076923
0.551579076923077
0.10681107692307691
-0.31667815384615383
-0.7038683076923077
-0.97632
-1.111502769230769
-1.1248541538461538
-0.9784061538461538
-0.710544
-0.35235138461538457
0.04109723076923077
0.40513107692307687
0.6990701538461538
0.8811913846153846
0.96276
0.9331366153846153
0.7912781538461539
0.5592978461538461
0.25284184615384614
-0.07113784615384615
-0.36319938461538465
-0.5949710769230769
-0.7255643076923077
-0.7781353846153846
-0.7451741538461537
-0.6083224615384615
-0.4090947692307692
-0.16000799999999998
0.09700615384615385
0.32731753846153844
0.520704
0.654217846153846
0.7117956923076924
0.6886393846153845
0.5891298461538461
0.4303735384615384
0.23823876923076923
0.038176615384615385
-0.14540492307692307
-0.3095852307692307
-0.43976123076923074
-0.5348898461538462
-0.5732750769230769
-0.5321778461538461
-0.4372578461538461
-0.28476
-0.10806276923076923
0.06425353846153846
0.24491446153846153
0.41326707692307696
0.5688941538461538
0.6786258461538462
0.6953150769230769
0.6362769230769231
0.5161144615384615
0.3588184615384616
0.17419384615384614
-0.03567323076923076
-0.23969907692307693
-0.41681353846153846
-0.520704
-0.5344726153846153
-0.4746
-0.3475532307692307
-0.18545907692307692
0.012516923076923077
0.2275993846153846
0.41431015384615383
0.5588806153846154
0.6229255384615384
0.5887126153846154
0.4779378461538461
0.3187643076923077
0.1449876923076923
-0.032544
-0.20652923076923077
-0.3442153846153846
-0.42035999999999996
-0.427452923076923
-0.36319938461538465
-0.2480436923076923
-0.11557292307692307
0.016897846153846156
0.13455692307692307
0.22947692307692308
0.3008233846153846
0.31208861538461535
0.2574313846153846
0.16626646153846153
0.059664
-0.03442153846153846
-0.11452984615384615
-0.18316430769230768
-0.23886461538461537
-0.2601433846153846
-0.2357353846153846
-0.17690584615384616
-0.09450276923076922
-0.023364923076923075
0.029623384615384614
0.06028984615384615
0.073224
0.07969107692307692
0.06154153846153846
0.022530461538461537
-0.021696
-0.059038153846153844
-0.08344615384615384
-0.08240307692307691
-0.05799507692307692
-0.03567323076923076
-0.021904615384615383
-0.003129230769230769
0.018358153846153843
0.031918153846153846
0.016063384615384615
-0.03233538461538461
-0.08594953846153845
-0.14039815384615384
-0.17169046153846151
-0.1656406153846154
-0.13706030769230768
-0.09304246153846155
-0.03880246153846154
0.027120000000000002
0.10764553846153846
0.17648861538461538
0.21195323076923075
0.22029784615384615
0.19839323076923077
0.16188553846153847
0.11682461538461539
0.06216738461538462
0.007510153846153846
-0.04276615384615385
-0.0798996923076923
-0.10013538461538461
-0.09846646153846153
-0.08720123076923077
-0.07489292307692308
-0.05173661538461538
-0.02044430769230769
0.010639384615384617
0.03859384615384615
0.06070707692307692
0.08094276923076923
0.10660246153846153
0.12955015384615384
0.15187199999999998
0.16584923076923075
0.16626646153846153
0.15667015384615385
0.13372246153846154
0.10389046153846154
0.06717415384615384
0.02086153846153846
-0.03066646153846154
-0.07030338461538461
-0.09074769230769231
-0.0936683076923077
-0.07656184615384615
-0.03942830769230769
0.012308307692307691
0.08991323076923076
0.1867107692307692
0.2791273846153846
0.3623649230769231
0.404088
0.41013784615384613
0.3746732307692308
0.2862203076923077
0.16897846153846155
0.01272553846153846
-0.14811692307692306
-0.28017046153846153
-0.3734215384615384
-0.4047138461538461
-0.38677292307692307
-0.30937661538461536
-0.17648861538461538
-0.026702769230769228
0.14018953846153845
0.2849686153846154
0.37050092307692306
0.40095876923076923
0.3554806153846154
0.27286892307692306
0.15604430769230768
0.0016689230769230767
-0.13893784615384613
-0.2726603076923077
-0.3671630769230769
-0.40513107692307687
-0.3913624615384615
-0.3195987692307692
-0.22697353846153845
-0.11432123076923076
0.011891076923076923
0.12642092307692307
0.22634769230769228
0.28267384615384616
0.29352184615384613
0.2628553846153846
0.19755876923076923
0.1358086153846154
0.05736923076923077
-0.02357353846153846
-0.09074769230769231
-0.15667015384615385
-0.1783661538461538
-0.16584923076923075
-0.1368516923076923
-0.09471138461538461
-0.06821723076923077
-0.04756430769230769
-0.024199384615384616
-0.012308307692307691
-0.003755076923076923
-0.0043809230769230765
0.005424
0.052571076923076915
0.11432123076923076
0.18963138461538462
0.24574892307692306
0.2701569230769231
0.2716172307692308
0.23072861538461537
0.17252492307692308
0.09137353846153846
-0.02586830769230769
-0.15500123076923078
-0.2799618461538461
-0.3619476923076923
-0.39011076923076926
-0.3738387692307692
-0.30332676923076923
-0.19505538461538463
-0.05611753846153846
0.09679753846153846
0.22342707692307692
0.314592
0.35798399999999997
0.3475532307692307
0.29456492307692306
0.200688
0.08010830769230769
-0.06049846153846154
-0.19380369230769232
-0.2912270769230769
-0.3481790769230769
-0.3565236923076923
-0.32585723076923073
-0.2540935384615385
-0.15771323076923077
-0.04819015384615385
0.07280676923076923
0.17586276923076924
0.24408
0.2751636923076923
0.2655673846153846
0.22530461538461538
0.1712732307692308
0.103056
0.03379569230769231
-0.03108369230769231
-0.07572738461538461
-0.08386338461538462
-0.06446215384615385
-0.03358707692307692
-0.006675692307692307
0.018775384615384614
0.03963692307692308
0.06487938461538462
0.08866153846153846
0.09971815384615385
0.10263876923076923
0.100344
0.09700615384615385
0.09450276923076922
0.0963803076923077
0.08991323076923076
0.06800861538461538
0.04193169230769231
0.012099692307692308
-0.018358153846153843
-0.04839876923076923
-0.0897046153846154
-0.12767261538461538
-0.15249784615384615
-0.15833907692307692
-0.13476553846153844
-0.09554584615384615
-0.040054153846153843
0.019192615384615384
0.07572738461538461
0.1395636923076923
0.1860849230769231
0.20256553846153844
0.1800350769230769
0.12308307692307692
0.06592246153846154
0.0025033846153846152
-0.06300184615384616
-0.10764553846153846
-0.13330523076923076
-0.12370892307692308
-0.08761846153846153
-0.023782153846153845
0.054240000000000003
0.1151556923076923
0.16438892307692307
0.1800350769230769
0.17377661538461536
0.14477907692307693
0.084072
0.014603076923076923
-0.06070707692307692
-0.11724184615384614
-0.14394461538461537
-0.146448
-0.11828492307692307
-0.07405846153846153
-0.01814953846153846
0.04860738461538461
0.11014892307692307
0.1504116923076923
0.15667015384615385
0.11745046153846153
0.04985907692307692
-0.026076923076923077
-0.09512861538461538
-0.15646153846153846
-0.21800307692307694
-0.2540935384615385
-0.2559710769230769
-0.22300984615384614
-0.1612596923076923
-0.08073415384615384
0.01043076923076923
0.08010830769230769
0.13205353846153844
0.16105107692307694
0.15625292307692307
0.11244369230769231
0.022947692307692308
-0.07948246153846153
-0.17481969230769231
-0.25764
-0.3116713846153846
-0.32898646153846156
-0.3206418461538461
-0.2720344615384615
-0.2127876923076923
-0.17002153846153847
-0.09074769230769231
0.0022947692307692304
0.11035753846153845
0.21862892307692305
0.28204799999999997
0.34338092307692303
0.404088
0.4216116923076923
0.42182030769230766
0.36549415384615386
0.22634769230769228
0.06028984615384615
-0.08511507692307693
-0.15562707692307692
-0.27453784615384613
-0.3467187692307692
-0.36632861538461536
-0.3481790769230769
-0.18775384615384613
-0.05048492307692308
0.1397723076923077
0.2837169230769231
0.385104
0.5225815384615384
0.5244590769230769
0.5023458461538461
0.37884553846153846
0.17690584615384616
0.0012516923076923076
-0.20673784615384616
-0.3143833846153846
-0.38677292307692307
-0.4120153846153846
-0.3202246153846154
-0.2225926153846154
-0.073224
0.08845292307692308
0.222384
0.3652855384615385
0.39282276923076925
0.3782196923076923
0.3502652307692307
0.25659692307692306
0.21174461538461536
0.13852061538461538
0.062376
0.0014603076923076922
-0.09658892307692307
-0.11745046153846153
-0.11995384615384615
-0.14331876923076922
-0.13267938461538462
-0.14123261538461537
-0.11682461538461539
-0.07259815384615384
-0.03984553846153846
0.020652923076923076
0.061124307692307686
0.11911938461538461
0.1760713846153846
0.2157083076923077
0.2591003076923077
0.26640184615384616
0.2582658461538461
0.21174461538461536
0.10076123076923077
-0.022947692307692308
-0.18921415384615384
-0.3594443076923077
-0.4627089230769231
-0.5330123076923077
-0.5100646153846153
-0.42015138461538465
-0.26681907692307694
-0.043600615384615383
0.15687876923076924
0.33899999999999997
0.45957969230769224
0.5123593846153845
0.49087200000000003
0.37926276923076924
0.2369870769230769
0.05382276923076923
-0.13893784615384613
-0.2860116923076923
-0.38677292307692307
-0.41952553846153845
-0.4030449230769231
-0.34233784615384616
-0.222384
-0.08907876923076924
0.06696553846153847
0.2292683076923077
0.3410861538461538
0.4080516923076923
0.40387938461538464
0.34588430769230766
0.26368984615384616
0.14164984615384615
0.0035464615384615383
-0.13372246153846154
-0.23469230769230767
-0.27412061538461535
-0.260352
-0.18900553846153845
-0.09679753846153846
-0.0014603076923076922
0.10389046153846154
0.19067446153846154
0.2588916923076923
0.29602523076923076
0.2947735384615384
0.2828824615384615
0.2422024615384615
0.18879692307692306
0.14853415384615384
0.10222153846153846
0.06675692307692307
0.047772923076923074
0.042557538461538466
0.03400430769230769
0.012516923076923077
-0.0004172307692307692
-0.012934153846153845
-0.015228923076923076
-0.003963692307692307
0.012099692307692308
0.03692492307692308
0.05319692307692307
0.07551876923076924
0.10472492307692308
0.11411261538461538
0.11202646153846153
0.09533723076923077
0.05757784615384615
0.009596307692307692
-0.059872615384615385
-0.13038461538461538
-0.17377661538461536
-0.2138307692307692
-0.22467876923076924
-0.20632061538461538
-0.17231630769230769
-0.1097316923076923
-0.048816000000000005
0.02044430769230769
0.09408553846153846
0.1612596923076923
0.2221753846153846
0.24866953846153847
0.2411593846153846
0.1942209230769231
0.11682461538461539
0.043600615384615383
-0.03358707692307692
-0.10576799999999999
-0.16730953846153845
-0.1994363076923077
-0.16897846153846155
-0.10076123076923077
-0.004798153846153846
0.09012184615384615
0.15187199999999998
0.20173107692307693
0.23156307692307693
0.2288510769230769
0.19025723076923076
0.103056
0.002086153846153846
-0.08949599999999999
-0.15687876923076924
-0.18170399999999998
-0.1860849230769231
-0.16647507692307692
-0.12767261538461538
-0.07259815384615384
-0.009596307692307692
0.04088861538461538
0.08094276923076923
0.084072
0.05507446153846154
0.031918153846153846
0.018358153846153843
0.013560000000000001
0.016063384615384615
0.022530461538461537
0.044435076923076924
0.073224
0.1097316923076923
0.15228923076923076
0.16313723076923078
0.1449876923076923
0.10618523076923077
0.06049846153846154
0.026076923076923077
-0.023990769230769232
-0.09179076923076923
-0.14916
-0.17440246153846153
-0.15959076923076923
-0.11452984615384615
-0.054240000000000003
0.014394461538461538
0.09387692307692307
0.1794092307692308
0.25701415384615384
0.2989458461538462
0.28204799999999997
0.20819815384615384
0.10055261538461538
-0.02482523076923077
-0.15082892307692305
-0.2724516923076923
-0.37884553846153846
-0.441012923076923
-0.443724923076923
-0.3746732307692308
-0.2509643076923077
-0.09095630769230768
0.07802215384615384
0.23469230769230767
0.36382523076923073
0.4416387692307692
0.4620830769230769
0.41577046153846153
0.2989458461538462
0.13497415384615385
-0.028163076923076923
-0.18274707692307693
-0.30937661538461536
-0.3880246153846154
-0.4253667692307692
-0.4024190769230769
-0.32627446153846157
-0.21362215384615382
-0.084072
0.03233538461538461
0.12725538461538463
0.21007569230769232
0.2574313846153846
0.2540935384615385
0.2021483076923077
0.11348676923076922
0.024408000000000003
-0.06613107692307692
-0.1422756923076923
-0.200688
-0.2572227692307692
-0.2914356923076923
-0.29331323076923077
-0.2591003076923077
-0.20506892307692307
-0.13393107692307693
-0.049233230769230765
0.031918153846153846
0.11056615384615384
0.18316430769230768
0.24282830769230768
0.27704123076923076
0.26869661538461537
0.23135446153846154
0.18316430769230768
0.11306953846153844
0.031918153846153846
-0.05674338461538461
-0.14311015384615386
-0.20778092307692309
-0.25555384615384613
-0.26306399999999996
-0.2369870769230769
-0.18650215384615382
-0.11286092307692308
-0.028371692307692306
0.07468430769230769
0.16710092307692306
0.22801661538461537
0.24554030769230767
0.21716861538461538
0.15249784615384615
0.06800861538461538
-0.029623384615384614
-0.13872923076923074
-0.23052
-0.2837169230769231
-0.2807963076923077
-0.22947692307692308
-0.14394461538461537
-0.03692492307692308
0.06216738461538462
0.15604430769230768
0.23344061538461539
0.27474646153846155
0.2674449230769231
0.20027076923076922
0.1070196923076923
0.005424
-0.08198584615384615
-0.14415323076923076
-0.19359507692307693
-0.20673784615384616
-0.18253846153846154
-0.12642092307692307
-0.0448523076923077
0.030040615384615384
0.0934596923076923
0.1287156923076923
0.13101046153846155
0.12725538461538463
0.10159569230769232
0.06195876923076923
0.0035464615384615383
-0.059664
-0.09763200000000001
-0.11703323076923078
-0.09471138461538461
-0.04839876923076923
0.005841230769230769
0.07405846153846153
0.14957723076923077
0.23218892307692307
0.29832
0.32001599999999997
0.2993630769230769
0.2482523076923077
0.17461107692307692
0.09074769230769231
0.008344615384615384
-0.06425353846153846
-0.11536430769230768
-0.12204
-0.086784
-0.02482523076923077
0.05820369230769231
0.130176
0.18921415384615384
0.22196676923076922
0.21320492307692307
0.17711446153846155
0.09909230769230769
-0.0008344615384615384
-0.09658892307692307
-0.18066092307692305
-0.23677846153846152
-0.2572227692307692
-0.24595753846153845
-0.2075723076923077
-0.14978584615384616
-0.07927384615384615
-0.013142769230769229
0.03692492307692308
0.06800861538461538
0.08323753846153846
0.09387692307692307
0.08782707692307692
0.06800861538461538
0.037967999999999995
-0.0022947692307692304
-0.035464615384615386
-0.051319384615384614
-0.05090215384615384
-0.04088861538461538
-0.025659692307692307
-0.011056615384615385
0.013768615384615384
0.03921969230769231
0.05736923076923077
0.07155507692307693
0.06529661538461538
0.055491692307692304
0.044435076923076924
0.03963692307692308
0.03942830769230769
0.028163076923076923
0.01981846153846154
0.017523692307692306
0.029832
0.044435076923076924
0.041514461538461535
0.016480615384615385
-0.020652923076923076
-0.04860738461538461
-0.06049846153846154
-0.06258461538461538
-0.06341907692307691
-0.06654830769230768
-0.06717415384615384
-0.048816000000000005
-0.014603076923076923
0.028163076923076923
0.06988615384615385
0.10263876923076923
0.1341396923076923
0.15541846153846153
0.16418030769230768
0.15228923076923076
0.12120553846153845
0.08156861538461539
0.03421292307692308
0.0
-0.022530461538461537
-0.03442153846153846
-0.03713353846153846
-0.024408000000000003
0.012516923076923077
0.06049846153846154
0.11098338461538461
0.14665661538461539
0.1570873846153846
0.14206707692307693
0.11891076923076922
0.084072
0.040262769230769234
-0.009179076923076922
-0.06926030769230769
-0.1097316923076923
-0.11828492307692307
-0.09137353846153846
-0.042974769230769226
0.006258461538461538
0.059664
0.11745046153846153
0.1800350769230769
0.23385784615384617
0.24908676923076922
0.22634769230769228
0.17440246153846153
0.11411261538461538
0.06613107692307692
0.01940123076923077
-0.01981846153846154
-0.05277969230769231
-0.073224
-0.06133292307692308
-0.018775384615384614
0.05507446153846154
0.11849353846153846
0.1652233846153846
0.19818461538461538
0.2021483076923077
0.19213476923076922
0.14060676923076923
0.059038153846153844
-0.03880246153846154
-0.13601723076923075
-0.20256553846153844
-0.2374043076923077
-0.23823876923076923
-0.2194633846153846
-0.17982646153846152
-0.11974523076923077
-0.03921969230769231
0.043600615384615383
0.1151556923076923
0.14853415384615384
0.13247076923076923
0.08177723076923075
-0.003755076923076923
-0.1045163076923077
-0.21737723076923077
-0.25138153846153843
-0.206112
-0.09325107692307691
0.10514215384615383
0.28663753846153844
0.49316676923076924
0.6615193846153845
0.7679132307692308
0.7964935384615384
0.6742449230769231
0.49045476923076925
0.23844738461538462
-0.01043076923076923
-0.24637476923076923
-0.4385095384615385
-0.5328036923076923
-0.5511618461538461
-0.4276615384615384
-0.23531815384615382
-0.0008344615384615384
0.2482523076923077
0.4303735384615384
0.5334295384615384
0.5229987692307692
0.40095876923076923
0.21028430769230766
-0.028788923076923077
-0.2997803076923077
-0.5476153846153846
-0.7374553846153846
-0.8033778461538461
-0.7113784615384615
-0.5056836923076923
-0.23135446153846154
0.04672984615384615
0.2914356923076923
0.4852393846153846
0.602064
0.5970572307692308
0.4779378461538461
0.2849686153846154
0.07092923076923077
-0.10347323076923076
-0.23177169230769232
-0.328152
-0.38719015384615385
-0.38990215384615384
-0.34171199999999996
-0.24345415384615382
-0.14018953846153845
-0.05277969230769231
0.021696
0.062376
0.08574092307692306
0.09053907692307692
0.07197230769230768
0.04276615384615385
0.0004172307692307692
-0.05069353846153846
-0.08448923076923077
-0.08094276923076923
-0.05319692307692307
-0.016272
0.013768615384615384
0.0077187692307692304
-0.013351384615384614
-0.045895384615384616
-0.11035753846153845
-0.1927606153846154
-0.2860116923076923
-0.3419206153846154
-0.31834707692307695
-0.22342707692307692
-0.07510153846153846
0.092208
0.25012984615384615
0.38990215384615384
0.48190153846153844
0.484404923076923
0.39970707692307694
0.2415766153846154
0.032544
-0.1787833846153846
-0.3573581538461538
-0.48941169230769227
-0.5536652307692308
-0.539688
-0.44810584615384613
-0.29456492307692306
-0.10159569230769232
0.10514215384615383
0.29039261538461536
0.427452923076923
0.4896203076923077
0.4925409230769231
0.4453938461538462
0.3319070769230769
0.16730953846153845
-0.030040615384615384
-0.2157083076923077
-0.3440067692307692
-0.40679999999999994
-0.39866399999999996
-0.31229723076923077
-0.16480615384615382
0.028788923076923077
0.23761292307692305
0.40700861538461536
0.508187076923077
0.5242504615384616
0.46083138461538464
0.3479704615384615
0.20360861538461536
0.042348923076923076
-0.11265230769230769
-0.2371956923076923
-0.29602523076923076
-0.27704123076923076
-0.2075723076923077
-0.11557292307692307
-0.018358153846153843
0.06529661538461538
0.13247076923076923
0.17565415384615385
0.16605784615384614
0.11202646153846153
0.024408000000000003
-0.07843938461538462
-0.15562707692307692
-0.20506892307692307
-0.21925476923076925
-0.20256553846153844
-0.15187199999999998
-0.0609156923076923
0.03713353846153846
0.14394461538461537
0.2330233846153846
0.2807963076923077
0.2814221538461538
0.22321846153846153
0.14728246153846153
0.05590892307692308
-0.04985907692307692
-0.13852061538461538
-0.21508246153846153
-0.2559710769230769
-0.23615261538461538
-0.184416
-0.10889723076923077
-0.02524246153846154
0.05486584615384615
0.13998092307692306
0.21132738461538458
0.25367630769230765
0.25367630769230765
0.2075723076923077
0.14874276923076923
0.08740984615384616
0.02545107692307692
-0.037967999999999995
-0.11056615384615384
-0.16605784615384614
-0.20173107692307693
-0.20465169230769228
-0.18274707692307693
-0.15938215384615384
-0.12433476923076923
-0.08699261538461538
-0.04401784615384615
0.007927384615384614
0.051319384615384614
0.07781353846153846
0.09241661538461539
0.10493353846153847
0.12913292307692306
0.15687876923076924
0.17690584615384616
0.18858830769230767
0.17815753846153848
0.13935507692307691
0.08949599999999999
0.024408000000000003
-0.04860738461538461
-0.1287156923076923
-0.21111876923076925
-0.2438713846153846
-0.23510953846153848
-0.19046584615384615
-0.11265230769230769
-0.010639384615384617
0.1136953846153846
0.23615261538461538
0.35193415384615384
0.42015138461538465
0.41368430769230763
0.3448412307692308
0.23364923076923078
0.10994030769230768
-0.028788923076923077
-0.1693956923076923
-0.279336
-0.3481790769230769
-0.35568923076923076
-0.28788923076923073
-0.1787833846153846
-0.03442153846153846
0.12934153846153845
0.2782929230769231
0.40742584615384614
0.48357046153846156
0.4983821538461538
0.4456024615384615
0.3312812307692308
0.1779489230769231
-0.0012516923076923076
-0.1802436923076923
-0.34338092307692303
-0.45895384615384616
-0.49963384615384615
-0.46771569230769233
-0.36945784615384614
-0.2236356923076923
-0.05924676923076923
0.10076123076923077
0.22405292307692307
0.29727692307692305
0.3170953846153846
0.276624
0.18107815384615383
0.049233230769230765
-0.08010830769230769
-0.18107815384615383
-0.23803015384615384
-0.24679199999999998
-0.2194633846153846
-0.15938215384615384
-0.08240307692307691
0.0043809230769230765
0.08386338461538462
0.13080184615384613
0.14603076923076924
0.1316363076923077
0.10117846153846152
0.07051199999999999
0.04380923076923077
0.01272553846153846
-0.002086153846153846
0.0004172307692307692
0.026285538461538457
0.07614461538461538
0.11160923076923077
0.1368516923076923
0.14707384615384617
0.14060676923076923
0.12099692307692309
0.0853236923076923
0.04547815384615384
0.0006258461538461538
-0.04422646153846154
-0.07364123076923076
-0.078648
-0.06425353846153846
-0.035464615384615386
0.0
0.03483876923076923
0.06967753846153846
0.10660246153846153
0.13247076923076923
0.1435273846153846
0.13226215384615383
0.09846646153846153
0.07468430769230769
0.05611753846153846
0.03337846153846154
0.016480615384615385
0.012934153846153845
0.024408000000000003
0.041514461538461535
0.05924676923076923
0.0678
0.06195876923076923
0.04172307692307692
0.02086153846153846
0.008136
0.0012516923076923076
-0.003755076923076923
-0.008970461538461538
0.0025033846153846152
0.026285538461538457
0.058412307692307694
0.0974233846153846
0.11828492307692307
0.12579507692307693
0.10576799999999999
0.05507446153846154
-0.0043809230769230765
-0.07927384615384615
-0.15124615384615384
-0.21466523076923077
-0.2561796923076923
-0.24512307692307692
-0.19547261538461536
-0.11223507692307692
-0.005841230769230769
0.09325107692307691
0.18483323076923078
0.25054707692307693
0.2768326153846154
0.2632726153846154
0.20152246153846154
0.1178676923076923
0.022947692307692308
-0.06654830769230768
-0.13789476923076924
-0.19296923076923078
-0.21132738461538458
-0.19839323076923077
-0.15771323076923077
-0.09283384615384616
-0.027745846153846152
0.037342153846153844
0.08761846153846153
0.12099692307692309
0.14916
0.15333230769230768
0.14269292307692305
0.12412615384615384
0.09429415384615383
0.07280676923076923
0.05716061538461538
0.04318338461538461
0.031918153846153846
0.01814953846153846
0.0018775384615384615
-0.016272
-0.03275261538461539
-0.051528
-0.07197230769230768
-0.0853236923076923
-0.08010830769230769
-0.04985907692307692
0.002086153846153846
0.06884307692307692
0.13455692307692307
0.1923433846153846
0.23949046153846154
0.25471938461538457
0.23448369230769228
0.18232984615384615
0.09679753846153846
-0.0016689230769230767
-0.09867507692307692
-0.18900553846153845
-0.2674449230769231
-0.3229366153846154
-0.3392086153846154
-0.3114627692307692
-0.2478350769230769
-0.16063384615384615
-0.06967753846153846
0.016897846153846156
0.08866153846153846
0.13518276923076925
0.16188553846153847
0.15750461538461538
0.12683815384615382
0.07280676923076923
-0.0018775384615384615
-0.0744756923076923
-0.12308307692307692
-0.14665661538461539
-0.14081538461538462
-0.1136953846153846
-0.073224
-0.010848
0.04819015384615385
0.09846646153846153
0.12808984615384614
0.13601723076923075
0.13330523076923076
0.11390399999999999
0.08699261538461538
0.04860738461538461
0.008136
-0.02211323076923077
-0.044435076923076924
-0.0448523076923077
-0.040262769230769234
-0.03588184615384615
-0.02482523076923077
-0.02273907692307692
-0.00855323076923077
-0.003755076923076923
-0.011473846153846154
-0.01814953846153846
-0.029623384615384614
-0.02899753846153846
-0.019192615384615384
0.010848
0.043392
0.06633969230769231
0.084072
0.10138707692307691
0.11640738461538462
0.11599015384615384
0.10222153846153846
0.06863446153846153
0.03442153846153846
0.009179076923076922
0.0016689230769230767
0.013560000000000001
0.021904615384615383
0.035464615384615386
0.04380923076923077
0.05111076923076923
0.062376
0.05590892307692308
0.04902461538461538
0.042974769230769226
0.04214030769230769
0.05236246153846154
0.05653476923076922
0.054657230769230764
0.04547815384615384
0.033169846153846154
0.028788923076923077
0.02858030769230769
0.026076923076923077
0.020652923076923076
0.010013538461538461
-0.0050067692307692304
-0.01981846153846154
-0.03775938461538462
-0.06341907692307691
-0.08428061538461538
-0.09992676923076924
-0.11035753846153845
-0.10055261538461538
-0.07948246153846153
-0.05757784615384615
-0.028788923076923077
-0.005632615384615384
0.01981846153846154
0.04985907692307692
0.06362769230769232
0.06195876923076923
0.03233538461538461
-0.0018775384615384615
-0.029623384615384614
-0.04735569230769231
-0.052153846153846155
-0.05736923076923077
-0.05862092307692307
-0.07238953846153846
-0.08845292307692308
-0.11724184615384614
-0.15082892307692305
-0.17419384615384614
-0.206112
-0.1948467692307692
-0.17231630769230769
-0.10013538461538461
0.0050067692307692304
0.17481969230769231
0.3909452307692307
0.42369784615384615
0.4779378461538461
0.47606030769230767
0.40992923076923077
0.35610646153846154
0.11473846153846154
-0.10013538461538461
-0.3383741538461538
-0.48064984615384615
-0.47960676923076917
-0.511524923076923
-0.4372578461538461
-0.371544
-0.18921415384615384
0.11140061538461538
0.35923569230769226
0.6214652307692308
0.7082492307692307
0.7032424615384615
0.6596418461538461
0.45269538461538456
0.24866953846153847
-0.043600615384615383
-0.3442153846153846
-0.5171575384615384
-0.7126301538461539
-0.7345347692307692
-0.6341907692307692
-0.5023458461538461
-0.25847446153846154
-0.07030338461538461
0.13476553846153844
0.3225193846153846
0.4383009230769231
0.5570030769230769
0.5588806153846154
0.47877230769230766
0.35047384615384614
0.1804523076923077
0.06133292307692308
-0.08845292307692308
-0.24992123076923078
-0.3600701538461538
-0.4451852307692308
-0.40638276923076927
-0.31396615384615384
-0.21654276923076923
-0.05277969230769231
0.09199938461538461
0.25930892307692305
0.4090947692307692
0.45457292307692304
0.49087200000000003
0.4641692307692307
0.40283630769230766
0.3536030769230769
0.24512307692307692
0.138312
0.006675692307692307
-0.12955015384615384
-0.23615261538461538
-0.34066892307692304
-0.38677292307692307
-0.3947003076923077
-0.33983446153846153
-0.25242461538461536
-0.1869193846153846
-0.059038153846153844
0.07280676923076923
0.19338646153846153
0.3187643076923077
0.3575667692307692
0.3646596923076923
0.327108923076923
0.2355267692307692
0.13622584615384614
-0.02232184615384615
-0.16584923076923075
-0.26786215384615386
-0.35297723076923077
-0.3798886153846154
-0.37613353846153846
-0.3072904615384615
-0.16584923076923075
-0.0077187692307692304
0.15228923076923076
0.2641070769230769
0.35860984615384617
0.431208
0.40972061538461535
0.33524492307692305
0.19609846153846153
0.029623384615384614
-0.09387692307692307
-0.21716861538461538
-0.29456492307692306
-0.3202246153846154
-0.3202246153846154
-0.24658338461538462
-0.154584
-0.05924676923076923
0.05590892307692308
0.14519630769230768
0.2207150769230769
0.26306399999999996
0.26619323076923074
0.22426153846153846
0.138312
0.06133292307692308
-0.013142769230769229
-0.07030338461538461
-0.11077476923076923
-0.14582215384615385
-0.13726892307692307
-0.103056
-0.04276615384615385
0.04380923076923077
0.09554584615384615
0.13998092307692306
0.19568123076923075
0.21487384615384614
0.20506892307692307
0.15103753846153847
0.07927384615384615
0.033169846153846154
-0.010639384615384617
-0.03504738461538461
-0.04130584615384615
-0.03713353846153846
-0.011473846153846154
0.01981846153846154
0.06070707692307692
0.09450276923076922
0.11557292307692307
0.12162276923076921
0.07426707692307692
0.017523692307692306
-0.03400430769230769
-0.07051199999999999
-0.06133292307692308
-0.06425353846153846
-0.06300184615384616
-0.03275261538461539
0.01668923076923077
0.10514215384615383
0.1733593846153846
0.18629353846153843
0.17377661538461536
0.14916
0.14519630769230768
0.14540492307692307
0.11536430769230768
0.06738276923076922
0.006884307692307692
-0.03108369230769231
-0.046104
-0.06008123076923077
-0.06070707692307692
-0.07927384615384615
-0.09179076923076923
-0.08866153846153846
-0.09283384615384616
-0.0853236923076923
-0.09053907692307692
-0.08907876923076924
-0.07614461538461538
-0.06717415384615384
-0.03275261538461539
0.0029206153846153843
0.016897846153846156
0.008136
-0.012934153846153845
-0.015020307692307692
-0.011473846153846154
-0.022947692307692308
-0.043392
-0.08031692307692308
-0.12266584615384615
-0.13059323076923077
-0.10597661538461538
-0.06800861538461538
-0.0446436923076923
-0.021070153846153846
0.02315630769230769
0.07259815384615384
0.12537784615384615
0.14811692307692306
0.15646153846153846
0.1543753846153846
0.13914646153846155
0.12391753846153845
0.07843938461538462
0.018983999999999997
-0.03880246153846154
-0.08302892307692307
-0.09784061538461537
-0.08845292307692308
-0.054240000000000003
-0.015020307692307692
0.024408000000000003
0.06759138461538462
0.09950953846153845
0.12350030769230769
0.12329169230769231
0.08991323076923076
0.050067692307692306
-0.0016689230769230767
-0.045895384615384616
-0.07510153846153846
-0.10263876923076923
-0.111192
-0.11411261538461538
-0.0988836923076923
-0.045895384615384616
0.01981846153846154
0.07489292307692308
0.11286092307692308
0.14018953846153845
0.16438892307692307
0.1785747692307692
0.17273353846153844
0.14394461538461537
0.09596307692307693
0.042348923076923076
-0.008136
-0.05382276923076923
-0.09658892307692307
-0.12955015384615384
-0.12955015384615384
-0.1045163076923077
-0.06550523076923077
-0.026285538461538457
-0.005632615384615384
0.007510153846153846
0.013351384615384614
0.011473846153846154
0.00855323076923077
-0.0002086153846153846
-0.013768615384615384
-0.014603076923076923
0.004589538461538461
0.03650769230769231
0.06884307692307692
0.100344
0.11953661538461538
0.11640738461538462
0.10076123076923077
0.06592246153846154
0.026494153846153844
-0.017940923076923077
-0.06008123076923077
-0.07948246153846153
-0.08323753846153846
-0.05194523076923077
-0.0004172307692307692
0.04693846153846153
0.09471138461538461
0.14164984615384615
0.19609846153846153
0.24408
0.25847446153846154
0.23761292307692305
0.18504184615384617
0.10868861538461538
0.027745846153846152
-0.058412307692307694
-0.13601723076923075
-0.19547261538461536
-0.22280123076923075
-0.20402584615384614
-0.15917353846153848
-0.0963803076923077
-0.03233538461538461
0.02586830769230769
0.0771876923076923
0.11452984615384615
0.13601723076923075
0.1314276923076923
0.09471138461538461
0.040054153846153843
-0.02482523076923077
-0.09074769230769231
-0.14728246153846153
-0.1948467692307692
-0.22947692307692308
-0.2526332307692308
-0.24449723076923074
-0.21237046153846154
-0.15813046153846153
-0.07885661538461539
0.007510153846153846
0.10180430769230768
0.18107815384615383
0.24032492307692307
0.26640184615384616
0.24470584615384613
0.19442953846153843
0.111192
0.01043076923076923
-0.0974233846153846
-0.20861538461538462
-0.2951907692307692
-0.35256
-0.36299076923076923
-0.3235624615384615
-0.25388492307692306
-0.15771323076923077
-0.05382276923076923
0.04985907692307692
0.14185846153846154
0.19755876923076923
0.21967199999999998
0.20486030769230767
0.15833907692307692
0.09846646153846153
0.03296123076923077
-0.031709538461538456
-0.08657538461538461
-0.1289243076923077
-0.1543753846153846
-0.15124615384615384
-0.12975876923076923
-0.0892873846153846
-0.02899753846153846
0.031709538461538456
0.09554584615384615
0.1558356923076923
0.1910916923076923
0.19755876923076923
0.18232984615384615
0.15687876923076924
0.12516923076923075
0.09325107692307691
0.06195876923076923
0.02586830769230769
-0.009596307692307692
-0.029623384615384614
-0.03921969230769231
-0.03629907692307692
-0.02586830769230769
-0.02023569230769231
-0.006258461538461538
0.0043809230769230765
0.015646153846153844
0.02273907692307692
0.031709538461538456
0.03942830769230769
0.035255999999999996
0.03942830769230769
0.04214030769230769
0.042974769230769226
0.03671630769230769
0.031918153846153846
0.03275261538461539
0.04401784615384615
0.06571384615384615
0.08156861538461539
0.09095630769230768
0.08594953846153845
0.08323753846153846
0.08720123076923077
0.09283384615384616
0.09679753846153846
0.08720123076923077
0.07259815384615384
0.05653476923076922
0.0446436923076923
0.03421292307692308
0.015020307692307692
-0.007927384615384614
-0.03045784615384615
-0.03233538461538461
-0.017523692307692306
-0.0025033846153846152
0.017940923076923077
0.026702769230769228
0.03233538461538461
0.04819015384615385
0.06028984615384615
0.06946892307692307
0.05507446153846154
0.025659692307692307
-0.0002086153846153846
-0.023782153846153845
-0.02753723076923077
-0.029623384615384614
-0.026702769230769228
-0.01668923076923077
0.0002086153846153846
0.03588184615384615
0.07697907692307693
0.11828492307692307
0.14206707692307693
0.15103753846153847
0.15354092307692307
0.14916
0.13121907692307694
0.0936683076923077
0.04401784615384615
0.003129230769230769
-0.015020307692307692
-0.014394461538461538
0.0014603076923076922
0.007301538461538462
0.0035464615384615383
0.011891076923076923
0.02899753846153846
0.051528
0.06613107692307692
0.062376
0.05319692307692307
0.04380923076923077
0.040679999999999994
0.043600615384615383
0.03713353846153846
0.026076923076923077
0.011056615384615385
-0.0025033846153846152
-0.0043809230769230765
-0.009596307692307692
-0.01856676923076923
-0.037342153846153844
-0.061124307692307686
-0.07364123076923076
-0.08052553846153847
-0.07092923076923077
-0.06717415384615384
-0.07656184615384615
-0.07301538461538462
-0.059038153846153844
-0.027328615384615382
0.006049846153846154
0.013768615384615384
0.0033378461538461535
-0.021070153846153846
-0.041514461538461535
-0.06717415384615384
-0.10889723076923077
-0.14853415384615384
-0.1792006153846154
-0.18858830769230767
-0.1733593846153846
-0.14018953846153845
-0.11432123076923076
-0.10952307692307692
-0.09784061538461537
-0.06028984615384615
-0.018775384615384614
-0.003963692307692307
0.005215384615384615
0.0008344615384615384
0.028371692307692306
0.06008123076923077
0.13852061538461538
0.2937304615384615
0.26097784615384617
0.2426196923076923
0.22697353846153845
0.16647507692307692
0.21132738461538458
0.08740984615384616
-0.02482523076923077
-0.15604430769230768
-0.23010276923076922
-0.11098338461538461
-0.07051199999999999
0.03421292307692308
0.0678
0.12808984615384614
0.30290953846153845
0.38885907692307686
0.5161144615384615
0.44268184615384615
0.2780843076923077
0.18983999999999998
0.03400430769230769
-0.0070929230769230765
-0.10389046153846154
-0.2194633846153846
-0.20652923076923077
-0.2655673846153846
-0.19463815384615382
-0.05653476923076922
0.014394461538461538
0.14164984615384615
0.15500123076923078
0.1783661538461538
0.21862892307692305
0.19442953846153843
0.24720923076923076
0.2236356923076923
0.1696043076923077
0.12350030769230769
0.06362769230769232
0.09241661538461539
0.054657230769230764
-0.027328615384615382
-0.09262523076923077
-0.1794092307692308
-0.1531236923076923
-0.10994030769230768
-0.10493353846153847
-0.061124307692307686
-0.05507446153846154
0.001043076923076923
0.09700615384615385
0.13121907692307694
0.17961784615384613
0.17711446153846155
0.16710092307692306
0.21299630769230768
0.20465169230769228
0.1777403076923077
0.08699261538461538
-0.025033846153846153
-0.10201292307692307
-0.18483323076923078
-0.2221753846153846
-0.2666104615384615
-0.25200738461538463
-0.18754523076923074
-0.14686523076923075
-0.03504738461538461
0.06300184615384616
0.12391753846153845
0.18921415384615384
0.1846246153846154
0.18086953846153844
0.15646153846153846
0.07969107692307692
0.027328615384615382
-0.06383630769230769
-0.12996738461538462
-0.143736
-0.1597993846153846
-0.15187199999999998
-0.1693956923076923
-0.16292861538461537
-0.1136953846153846
-0.07468430769230769
-0.04193169230769231
-0.06216738461538462
-0.07906523076923076
-0.05069353846153846
-0.03921969230769231
-0.013142769230769229
-0.012308307692307691
-0.03379569230769231
-0.005841230769230769
0.006049846153846154
0.046104
0.09700615384615385
0.092208
0.09012184615384615
0.05090215384615384
0.00855323076923077
-0.008344615384615384
-0.04672984615384615
-0.08031692307692308
-0.1151556923076923
-0.130176
-0.10952307692307692
-0.07531015384615385
-0.006884307692307692
0.051319384615384614
0.09930092307692308
0.146448
0.15416676923076922
0.1652233846153846
0.14269292307692305
0.08991323076923076
0.03504738461538461
-0.05444861538461539
-0.11557292307692307
-0.14311015384615386
-0.1760713846153846
-0.19213476923076922
-0.20381723076923075
-0.1881710769230769
-0.11265230769230769
-0.02753723076923077
0.05194523076923077
0.09909230769230769
0.10681107692307691
0.12266584615384615
0.12099692307692309
0.10159569230769232
0.05507446153846154
-0.010639384615384617
-0.04672984615384615
-0.08699261538461538
-0.09971815384615385
-0.09930092307692308
-0.10013538461538461
-0.06446215384615385
-0.03984553846153846
-0.006884307692307692
0.03066646153846154
0.050067692307692306
0.08720123076923077
0.111192
0.11578153846153846
0.12621230769230768
0.132888
0.15625292307692307
0.1787833846153846
0.19150892307692308
0.19025723076923076
0.16459753846153846
0.1395636923076923
0.09137353846153846
0.02899753846153846
-0.038176615384615385
-0.1178676923076923
-0.17565415384615385
-0.22008923076923076
-0.24679199999999998
-0.2288510769230769
-0.18900553846153845
-0.11745046153846153
-0.02524246153846154
0.0609156923076923
0.15792184615384616
0.23803015384615384
0.28392553846153845
0.2799618461538461
0.22572184615384616
0.14957723076923077
0.04985907692307692
-0.050067692307692306
-0.15416676923076922
-0.25367630769230765
-0.32231076923076923
-0.3508910769230769
-0.3008233846153846
-0.20527753846153846
-0.09804923076923076
0.01814953846153846
0.12391753846153845
0.21529107692307692
0.28246523076923075
0.2997803076923077
0.2697396923076923
0.20486030769230767
0.11056615384615384
0.016480615384615385
-0.07364123076923076
-0.1504116923076923
-0.20152246153846154
-0.22300984615384614
-0.2056947692307692
-0.15875630769230767
-0.08177723076923075
-0.0006258461538461538
0.06362769230769232
0.11014892307692307
0.13497415384615385
0.16459753846153846
0.17669723076923077
0.17294215384615383
0.1585476923076923
0.11578153846153846
0.08094276923076923
0.04714707692307692
0.010013538461538461
-0.02482523076923077
-0.07948246153846153
-0.14582215384615385
-0.1883796923076923
-0.19505538461538463
-0.16793538461538463
-0.13351384615384615
-0.09408553846153846
-0.03066646153846154
0.04380923076923077
0.1178676923076923
0.173568
0.20027076923076922
0.19046584615384615
0.1476996923076923
0.09283384615384616
0.03296123076923077
-0.03567323076923076
-0.10889723076923077
-0.18066092307692305
-0.23761292307692305
-0.25701415384615384
-0.24762646153846155
-0.21216184615384615
-0.15270646153846154
-0.08010830769230769
0.012516923076923077
0.09909230769230769
0.17481969230769231
0.23782153846153845
0.25930892307692305
0.24303692307692307
0.19317784615384614
0.12454338461538461
0.053614153846153846
-0.02858030769230769
-0.11286092307692308
-0.1792006153846154
-0.1977673846153846
-0.1666836923076923
-0.10889723076923077
-0.025659692307692307
0.06905169230769231
0.1612596923076923
0.23782153846153845
0.287472
0.2962338461538461
0.25659692307692306
0.1733593846153846
0.07697907692307693
-0.003755076923076923
-0.08094276923076923
-0.13768615384615385
-0.17169046153846151
-0.17419384615384614
-0.13434830769230768
-0.07739630769230768
-0.008344615384615384
0.05674338461538461
0.10535076923076922
0.13726892307692307
0.14936861538461538
0.14477907692307693
0.12579507692307693
0.0828203076923077
0.027328615384615382
-0.02795446153846154
-0.05653476923076922
-0.061750153846153844
-0.06049846153846154
-0.034630153846153845
-0.003129230769230769
0.03629907692307692
0.08094276923076923
0.12683815384615382
0.16856123076923077
0.17690584615384616
0.16418030769230768
0.13893784615384613
0.11599015384615384
0.0961716923076923
0.06216738461538462
0.03379569230769231
0.004589538461538461
-0.014185846153846153
-0.011473846153846154
-0.0043809230769230765
0.016063384615384615
0.03901107692307692
0.05570030769230769
0.07531015384615385
0.09992676923076924
0.12829846153846153
0.14728246153846153
0.1462393846153846
0.13038461538461538
0.10409907692307692
0.06654830769230768
0.030040615384615384
-0.0050067692307692304
-0.047772923076923074
-0.08156861538461539
-0.0853236923076923
-0.06070707692307692
-0.02044430769230769
0.03400430769230769
0.08720123076923077
0.13935507692307691
0.184416
0.20402584615384614
0.20027076923076922
0.1543753846153846
0.07593599999999999
-0.007301538461538462
-0.0892873846153846
-0.15896492307692306
-0.2157083076923077
-0.24658338461538462
-0.23969907692307693
-0.20652923076923077
-0.14540492307692307
-0.07364123076923076
-0.006675692307692307
0.05924676923076923
0.1070196923076923
0.1287156923076923
0.12350030769230769
0.09909230769230769
0.06717415384615384
0.027120000000000002
-0.01668923076923077
-0.05298830769230769
-0.08302892307692307
-0.10472492307692308
-0.11286092307692308
-0.10764553846153846
-0.07969107692307692
-0.03901107692307692
0.006258461538461538
0.06258461538461538
0.10055261538461538
0.12287446153846153
0.1397723076923077
0.138312
0.13101046153846155
0.09909230769230769
0.06341907692307691
0.03984553846153846
0.015020307692307692
0.0
-0.018775384615384614
-0.03066646153846154
-0.040054153846153843
-0.03942830769230769
-0.022947692307692308
-0.017523692307692306
-0.011891076923076923
-0.008136
-0.004589538461538461
0.013768615384615384
0.02545107692307692
0.026494153846153844
0.03233538461538461
0.03212676923076923
0.03045784615384615
0.02044430769230769
0.005632615384615384
-0.0050067692307692304
-0.01981846153846154
-0.02211323076923077
-0.015437538461538461
-0.009387692307692307
0.0050067692307692304
0.023364923076923075
0.04214030769230769
0.06571384615384615
0.0855323076923077
0.10201292307692307
0.09679753846153846
0.07384984615384615
0.05319692307692307
0.026494153846153844
0.011891076923076923
-0.006884307692307692
-0.027120000000000002
-0.04193169230769231
-0.056951999999999996
-0.055491692307692304
-0.04672984615384615
-0.029623384615384614
-0.02044430769230769
-0.014394461538461538
-0.003963692307692307
0.0029206153846153843
0.0008344615384615384
-0.01668923076923077
-0.032544
-0.05382276923076923
-0.06321046153846153
-0.05570030769230769
-0.046104
-0.030875076923076922
-0.019609846153846155
0.0070929230769230765
0.05319692307692307
0.10159569230769232
0.14519630769230768
0.1710646153846154
0.1873366153846154
0.1913003076923077
0.17544553846153846
0.14039815384615384
0.07781353846153846
0.0014603076923076922
-0.06988615384615385
-0.12037107692307693
-0.14311015384615386
-0.1435273846153846
-0.12537784615384615
-0.09199938461538461
-0.0448523076923077
0.01814953846153846
0.08448923076923077
0.12558646153846154
0.1178676923076923
0.07343261538461537
0.021278769230769233
-0.037342153846153844
-0.09158215384615384
-0.14603076923076924
-0.19797599999999999
-0.2438713846153846
-0.2799618461538461
-0.30562153846153844
-0.3344104615384615
-0.37425600000000003
-0.3623649230769231
-0.26932246153846157
-0.13247076923076923
0.08344615384615384
0.2943563076923077
0.49733907692307694
0.6863446153846153
0.8104707692307692
0.8672141538461537
0.7718769230769231
0.5757784615384615
0.29644246153846154
0.02023569230769231
-0.27474646153846155
-0.5499101538461538
-0.6974012307692307
-0.7879403076923077
-0.7159679999999999
-0.5471981538461539
-0.3170953846153846
-0.023364923076923075
0.2411593846153846
0.47001046153846154
0.5983089230769231
0.614580923076923
0.5223729230769231
0.3479704615384615
0.10263876923076923
-0.18858830769230767
-0.4460196923076923
-0.6446215384615385
-0.7117956923076924
-0.644412923076923
-0.497964923076923
-0.3016578461538461
-0.11557292307692307
0.06654830769230768
0.2426196923076923
0.3410861538461538
0.3684147692307692
0.34338092307692303
0.2870547692307692
0.25993476923076925
0.23218892307692307
0.18128676923076922
0.0988836923076923
-0.008136
-0.09554584615384615
-0.1597993846153846
-0.19881046153846152
-0.23656984615384613
-0.2578486153846154
-0.2399076923076923
-0.21195323076923075
-0.1656406153846154
-0.12725538461538463
-0.10827138461538462
-0.06988615384615385
-0.03421292307692308
0.02586830769230769
0.12934153846153845
0.2275993846153846
0.31688676923076925
0.37050092307692306
0.3448412307692308
0.25513661538461535
0.12204
-0.056951999999999996
-0.249504
-0.4184824615384615
-0.5117335384615385
-0.4850307692307692
-0.3415033846153846
-0.12621230769230768
0.11223507692307692
0.3481790769230769
0.5430258461538462
0.680712
0.7337003076923077
0.668820923076923
0.5217470769230769
0.31688676923076925
0.086784
-0.11891076923076922
-0.30708184615384615
-0.44455938461538463
-0.504432
-0.4946270769230769
-0.40700861538461536
-0.26619323076923074
-0.09387692307692307
0.08010830769230769
0.233232
0.33983446153846153
0.3782196923076923
0.3573581538461538
0.26619323076923074
0.119328
-0.044435076923076924
-0.19296923076923078
-0.2805876923076923
-0.301032
-0.27599815384615384
-0.19338646153846153
-0.06821723076923077
0.08156861538461539
0.24574892307692306
0.3617390769230769
0.41368430769230763
0.41535323076923075
0.36632861538461536
0.2891409230769231
0.20527753846153846
0.11035753846153845
0.006675692307692307
-0.0771876923076923
-0.12162276923076921
-0.11640738461538462
-0.06154153846153846
0.002086153846153846
0.05444861538461539
0.10493353846153847
0.13810338461538463
0.157296
0.12955015384615384
0.04756430769230769
-0.042557538461538466
-0.14018953846153845
-0.21174461538461536
-0.23656984615384613
-0.24303692307692307
-0.21612553846153845
-0.15833907692307692
-0.07572738461538461
0.03275261538461539
0.1353913846153846
0.21445661538461538
0.25805723076923076
0.2647329230769231
0.23114584615384615
0.16292861538461537
0.09179076923076923
0.01043076923076923
-0.07927384615384615
-0.14749107692307692
-0.1913003076923077
-0.17628
-0.1151556923076923
-0.04819015384615385
0.03379569230769231
0.11348676923076922
0.1869193846153846
0.2563883076923077
0.27871015384615383
0.25555384615384613
0.19714153846153845
0.11807630769230769
0.05403138461538461
-0.003963692307692307
-0.05277969230769231
-0.09325107692307691
-0.11870215384615385
-0.119328
-0.1097316923076923
-0.09095630769230768
-0.08031692307692308
-0.078648
-0.07468430769230769
-0.07092923076923077
-0.04714707692307692
-0.017732307692307693
0.0043809230769230765
0.03692492307692308
0.07593599999999999
0.12329169230769231
0.1733593846153846
0.20965846153846154
0.2292683076923077
0.22572184615384616
0.18483323076923078
0.12162276923076921
0.046104
-0.04985907692307692
-0.14999446153846155
-0.23469230769230767
-0.2814221538461538
-0.28246523076923075
-0.23761292307692305
-0.16063384615384615
-0.06529661538461538
0.034630153846153845
0.11953661538461538
0.18775384615384613
0.21320492307692307
0.18170399999999998
0.10514215384615383
0.0035464615384615383
-0.09784061538461537
-0.18650215384615382
-0.25930892307692305
-0.30666461538461537
-0.3179298461538461
-0.2822566153846154
-0.19338646153846153
-0.07197230769230768
0.05757784615384615
0.17315076923076922
0.2695310769230769
0.33253292307692306
0.3456756923076923
0.3116713846153846
0.2273907692307692
0.116616
0.008344615384615384
-0.08845292307692308
-0.15354092307692307
-0.18963138461538462
-0.19442953846153843
-0.15103753846153847
-0.08887015384615385
-0.015854769230769228
0.061750153846153844
0.11473846153846154
0.13706030769230768
0.1341396923076923
0.10472492307692308
0.05820369230769231
0.003755076923076923
-0.059038153846153844
-0.1178676923076923
-0.168144
-0.19359507692307693
-0.1846246153846154
-0.15270646153846154
-0.11098338461538461
-0.07030338461538461
-0.031918153846153846
-0.0016689230769230767
0.02232184615384615
0.029623384615384614
0.009179076923076922
-0.025033846153846153
-0.06216738461538462
-0.07531015384615385
-0.05111076923076923
-0.007510153846153846
0.05277969230769231
0.11849353846153846
0.1860849230769231
0.23615261538461538
0.24637476923076923
0.21758584615384616
0.1506203076923077
0.06300184615384616
-0.027328615384615382
-0.10222153846153846
-0.15145476923076923
-0.165432
-0.13914646153846155
-0.08511507692307693
-0.016480615384615385
0.06195876923076923
0.132888
0.18107815384615383
0.2090326153846154
0.19881046153846152
0.15875630769230767
0.10013538461538461
0.018775384615384614
-0.06675692307692307
-0.1543753846153846
-0.22488738461538463
-0.26097784615384617
-0.25346769230769234
-0.19755876923076923
-0.11181784615384616
0.003755076923076923
0.130176
0.24053353846153847
0.32606584615384615
0.3615304615384615
0.34046030769230773
0.2780843076923077
0.1794092307692308
0.07280676923076923
-0.029832
-0.12683815384615382
-0.19442953846153843
-0.23385784615384617
-0.22780799999999998
-0.19505538461538463
-0.15562707692307692
-0.10013538461538461
-0.04819015384615385
0.0029206153846153843
0.0446436923076923
0.07551876923076924
0.09095630769230768
0.08031692307692308
0.059664
0.043392
0.03337846153846154
0.019609846153846155
0.009387692307692307
0.006884307692307692
0.0050067692307692304
-0.0008344615384615384
-0.008344615384615384
-0.02482523076923077
-0.05403138461538461
-0.08302892307692307
-0.10430769230769231
-0.10639384615384614
-0.08490646153846154
-0.042557538461538466
0.020027076923076922
0.09763200000000001
0.18858830769230767
0.2774584615384615
0.34630153846153844
0.3884418461538462
0.3784283076923077
0.3212676923076923
0.21779446153846155
0.07843938461538462
-0.07134646153846153
-0.23782153846153845
-0.38656430769230765
-0.4798153846153846
-0.5121507692307692
-0.4756430769230769
-0.37738523076923075
-0.22697353846153845
-0.03442153846153846
0.16710092307692306
0.34463261538461537
0.4781464615384615
0.5328036923076923
0.5000510769230769
0.39052800000000004
0.22134092307692307
0.028371692307692306
-0.1656406153846154
-0.33545353846153847
-0.45102646153846154
-0.4879513846153846
-0.4405956923076923
-0.3116713846153846
-0.1218313846153846
0.09471138461538461
0.30833353846153844
0.4883686153846154
0.614580923076923
0.6611021538461538
0.6116603076923077
0.47355692307692304
0.28246523076923075
0.07238953846153846
-0.13372246153846154
-0.3127144615384615
-0.4472713846153846
-0.509856
-0.4956701538461538
-0.42077723076923074
-0.2774584615384615
-0.09533723076923077
0.08302892307692307
0.24637476923076923
0.3713353846153846
0.44810584615384613
0.43976123076923074
0.35631507692307696
0.23177169230769232
0.09158215384615384
-0.028788923076923077
-0.13747753846153846
-0.208824
-0.23823876923076923
-0.23406646153846156
-0.18086953846153844
-0.10013538461538461
-0.011473846153846154
0.07510153846153846
0.12704676923076924
0.16292861538461537
0.18858830769230767
0.18545907692307692
0.17273353846153844
0.13267938461538462
0.08115138461538463
0.03775938461538462
-0.0016689230769230767
-0.029832
-0.056951999999999996
-0.09471138461538461
-0.13267938461538462
-0.15208061538461537
-0.14728246153846153
-0.12662953846153846
-0.10868861538461538
-0.08845292307692308
-0.061124307692307686
-0.012934153846153845
0.05653476923076922
0.1205796923076923
0.1696043076923077
0.18712800000000002
0.17690584615384616
0.1502030769230769
0.11140061538461538
0.06362769230769232
-0.009596307692307692
-0.09909230769230769
-0.17085599999999998
-0.19860184615384616
-0.1881710769230769
-0.14853415384615384
-0.08302892307692307
0.005215384615384615
0.12037107692307693
0.2532590769230769
0.37884553846153846
0.45311261538461534
0.4554073846153846
0.3886504615384615
0.2751636923076923
0.1289243076923077
-0.02795446153846154
-0.18170399999999998
-0.32272799999999996
-0.40700861538461536
-0.42953907692307686
-0.37967999999999996
-0.2666104615384615
-0.12120553846153845
0.03588184615384615
0.1800350769230769
0.3047870769230769
0.3896935384615384
0.41076369230769233
0.34880492307692307
0.20965846153846154
0.037967999999999995
-0.1356
-0.28246523076923075
-0.38948492307692306
-0.45206953846153847
-0.46020553846153844
-0.40617415384615385
-0.28768061538461537
-0.1397723076923077
0.011682461538461537
0.12955015384615384
0.21466523076923077
0.268488
0.27286892307692306
0.238656
0.15896492307692306
0.05173661538461538
-0.08240307692307691
-0.20360861538461536
-0.26911384615384615
-0.3012406153846154
-0.2897667692307692
-0.2438713846153846
-0.18066092307692305
-0.06529661538461538
0.08219446153846154
0.26222953846153846
0.417648
0.3978295384615384
0.3269003076923077
0.22029784615384615
0.10409907692307692
0.07739630769230768
-0.0936683076923077
-0.26118646153846153
-0.3692492307692308
-0.4024190769230769
-0.2411593846153846
-0.13622584615384614
-0.006675692307692307
0.07051199999999999
0.16209415384615386
0.3600701538461538
0.4282873846153846
0.4743913846153846
0.35297723076923077
0.16480615384615382
0.06654830769230768
-0.0826116923076923
-0.10743692307692307
-0.15646153846153846
-0.21612553846153845
-0.15813046153846153
-0.16793538461538463
-0.07697907692307693
0.03442153846153846
0.07969107692307692
0.18879692307692306
0.1787833846153846
0.1504116923076923
0.1531236923076923
0.10868861538461538
0.13518276923076925
0.10013538461538461
0.03296123076923077
-0.0002086153846153846
-0.04944184615384615
-0.01043076923076923
-0.0025033846153846152
-0.043392
-0.065088
-0.10013538461538461
-0.04652123076923077
0.0043809230769230765
0.010848
0.03775938461538462
0.020027076923076922
0.04735569230769231
0.09533723076923077
0.09763200000000001
0.124752
0.11244369230769231
0.09575446153846154
0.10722830769230769
0.06884307692307692
0.029623384615384614
-0.03567323076923076
-0.11724184615384614
-0.15750461538461538
-0.20652923076923077
-0.222384
-0.2059033846153846
-0.14477907692307693
-0.05319692307692307
0.014394461538461538
0.11828492307692307
0.19150892307692308
0.22718215384615387
0.24074215384615386
0.15938215384615384
0.06571384615384615
-0.04172307692307692
-0.17419384615384614
-0.268488
-0.3550633846153846
-0.3746732307692308
-0.32627446153846157
-0.24741784615384615
-0.11724184615384614
-0.0012516923076923076
0.13330523076923076
0.27787569230769227
0.3577753846153846
0.3713353846153846
0.3054129230769231
0.22196676923076922
0.1368516923076923
0.012516923076923077
-0.1151556923076923
-0.2492953846153846
-0.3513083076923077
-0.3565236923076923
-0.3202246153846154
-0.22551323076923077
-0.09387692307692307
0.02232184615384615
0.17481969230769231
0.28955815384615385
0.3513083076923077
0.3763421538461538
0.32231076923076923
0.23907323076923076
0.11578153846153846
-0.027328615384615382
-0.14394461538461537
-0.23093723076923076
-0.25305046153846156
-0.22989415384615383
-0.17398523076923075
-0.09825784615384614
-0.02858030769230769
0.06133292307692308
0.14436184615384615
0.20110523076923076
0.23239753846153846
0.1942209230769231
0.14164984615384615
0.08615815384615384
0.011682461538461537
-0.04547815384615384
-0.10326461538461539
-0.13121907692307694
-0.11640738461538462
-0.08720123076923077
-0.050067692307692306
-0.017940923076923077
-0.0014603076923076922
0.01043076923076923
0.004798153846153846
-0.017940923076923077
-0.04652123076923077
-0.09012184615384615
-0.12287446153846153
-0.15646153846153846
-0.16313723076923078
-0.13518276923076925
-0.08636676923076922
0.003755076923076923
0.0717636923076923
0.10743692307692307
0.1314276923076923
0.12350030769230769
0.11098338461538461
0.06487938461538462
-0.030875076923076922
-0.11223507692307692
-0.17648861538461538
-0.18942276923076923
-0.15103753846153847
-0.10931446153846153
-0.04672984615384615
0.02545107692307692
0.11765907692307691
0.21842030769230766
0.27787569230769227
0.2937304615384615
0.24720923076923076
0.1639716923076923
0.07051199999999999
-0.029623384615384614
-0.0961716923076923
-0.15270646153846154
-0.19359507692307693
-0.1992276923076923
-0.17586276923076924
-0.09304246153846155
0.012934153846153845
0.1151556923076923
0.19881046153846152
0.24554030769230767
0.2832996923076923
0.295608
0.265776
0.18399876923076922
0.06633969230769231
-0.04547815384615384
-0.12391753846153845
-0.1531236923076923
-0.15124615384615384
-0.13267938461538462
-0.09304246153846155
-0.023364923076923075
0.07572738461538461
0.17565415384615385
0.23218892307692307
0.24762646153846155
0.22843384615384613
0.18253846153846154
0.13789476923076924
0.07614461538461538
0.005215384615384615
-0.05319692307692307
-0.0961716923076923
-0.0988836923076923
-0.06028984615384615
-0.009387692307692307
0.04193169230769231
0.0855323076923077
0.10889723076923077
0.1287156923076923
0.14457046153846154
0.13935507692307691
0.10889723076923077
0.05862092307692307
0.006049846153846154
-0.029414769230769227
-0.04088861538461538
-0.03838523076923077
-0.014185846153846153
0.015228923076923076
0.049233230769230765
0.10222153846153846
0.1504116923076923
0.1777403076923077
0.16897846153846155
0.12913292307692306
0.0892873846153846
0.05027630769230769
-0.0018775384615384615
-0.06341907692307691
-0.13434830769230768
-0.1846246153846154
-0.19672430769230767
-0.17273353846153844
-0.11724184615384614
-0.06550523076923077
-0.015646153846153844
0.03629907692307692
0.086784
0.13184492307692308
0.15208061538461537
0.14290153846153844
0.11265230769230769
0.06800861538461538
0.02586830769230769
-0.008344615384615384
-0.04714707692307692
-0.0717636923076923
-0.07969107692307692
-0.07384984615384615
-0.04130584615384615
0.003755076923076923
0.05799507692307692
0.10535076923076922
0.14039815384615384
0.17231630769230769
0.19526400000000002
0.20965846153846154
0.19755876923076923
0.16418030769230768
0.12287446153846153
0.086784
0.06425353846153846
0.042348923076923076
0.018358153846153843
-0.004589538461538461
-0.018358153846153843
-0.016063384615384615
-0.012099692307692308
-0.022530461538461537
-0.03859384615384615
-0.05924676923076923
-0.06154153846153846
-0.04380923076923077
-0.03337846153846154
-0.023364923076923075
-0.023990769230769232
-0.03129230769230769
-0.03296123076923077
-0.03901107692307692
-0.04714707692307692
-0.06759138461538462
-0.10138707692307691
-0.12788123076923075
-0.14749107692307692
-0.15813046153846153
-0.14978584615384616
-0.13226215384615383
-0.10222153846153846
-0.06633969230769231
-0.03296123076923077
0.01043076923076923
0.03713353846153846
0.051319384615384614
0.05674338461538461
0.04401784615384615
0.03024923076923077
0.010639384615384617
-0.008344615384615384
-0.02357353846153846
-0.03233538461538461
-0.025033846153846153
-0.006884307692307692
0.016480615384615385
0.03859384615384615
0.056326153846153845
0.07030338461538461
0.08156861538461539
0.07948246153846153
0.05820369230769231
0.02482523076923077
-0.012308307692307691
-0.03567323076923076
-0.045895384615384616
-0.03504738461538461
-0.008970461538461538
0.023782153846153845
0.0717636923076923
0.11056615384615384
0.1424843076923077
0.15813046153846153
0.13267938461538462
0.0855323076923077
0.02482523076923077
-0.0446436923076923
-0.10743692307692307
-0.168144
-0.20256553846153844
-0.18921415384615384
-0.14164984615384615
-0.05590892307692308
0.05862092307692307
0.1652233846153846
0.24637476923076923
0.29185292307692307
0.295608
0.2497126153846154
0.15270646153846154
0.014811692307692307
-0.13935507692307691
-0.27558092307692306
-0.37884553846153846
-0.4228633846153846
-0.40972061538461535
-0.35047384615384614
-0.2497126153846154
-0.11745046153846153
0.027328615384615382
0.15875630769230767
0.25764
0.29832
0.29498215384615384
0.2509643076923077
0.17586276923076924
0.0828203076923077
-0.02795446153846154
-0.12725538461538463
-0.19359507692307693
-0.2225926153846154
-0.2090326153846154
-0.15938215384615384
-0.09825784615384614
-0.021278769230769233
0.06487938461538462
0.13706030769230768
0.19025723076923076
0.21299630769230768
0.21049292307692305
0.18879692307692306
0.15291507692307693
0.11327815384615383
0.07009476923076922
0.025033846153846153
-0.018983999999999997
-0.055491692307692304
-0.086784
-0.11077476923076923
-0.12391753846153845
-0.13998092307692306
-0.15750461538461538
-0.1585476923076923
-0.14415323076923076
-0.11411261538461538
-0.07843938461538462
-0.048816000000000005
-0.009596307692307692
0.04130584615384615
0.10493353846153847
0.17315076923076922
0.21466523076923077
0.21779446153846155
0.1923433846153846
0.13059323076923077
0.0448523076923077
-0.05090215384615384
-0.15187199999999998
-0.22154953846153846
-0.25138153846153843
-0.2275993846153846
-0.14811692307692306
-0.02795446153846154
0.1151556923076923
0.2601433846153846
0.38990215384615384
0.4754344615384615
0.5096473846153846
0.46688123076923077
0.35694092307692304
0.21487384615384614
0.043600615384615383
-0.12496061538461539
-0.2703655384615385
-0.376968
-0.4251581538461538
-0.40992923076923077
-0.32961230769230765
-0.19881046153846152
-0.04568676923076923
0.100344
0.22154953846153846
0.30749907692307693
0.34984799999999994
0.33649661538461534
0.2709913846153846
0.16626646153846153
0.04819015384615385
-0.05298830769230769
-0.13309661538461537
-0.1804523076923077
-0.20506892307692307
-0.20632061538461538
-0.17481969230769231
-0.12037107692307693
-0.04860738461538461
0.014394461538461538
0.05236246153846154
0.06905169230769231
0.07468430769230769
0.06884307692307692
0.05403138461538461
0.03504738461538461
0.008136
-0.0077187692307692304
-0.0018775384615384615
0.020652923076923076
0.04714707692307692
0.06070707692307692
0.05298830769230769
0.03880246153846154
0.015020307692307692
-0.019609846153846155
-0.050067692307692306
-0.0988836923076923
-0.14603076923076924
-0.17273353846153844
-0.17461107692307692
-0.17085599999999998
-0.15625292307692307
-0.14686523076923075
-0.13330523076923076
-0.11432123076923076
-0.10347323076923076
-0.058829538461538454
-0.0070929230769230765
0.07843938461538462
0.21883753846153844
0.43475446153846153
0.5774473846153846
0.6911427692307692
0.794616
0.8062984615384615
0.810888
0.6379458461538461
0.3780110769230769
0.024408000000000003
-0.3782196923076923
-0.6990701538461538
-1.0338978461538462
-1.2295790769230768
-1.3194923076923077
-1.225824
-0.8926652307692308
-0.4535298461538461
0.13852061538461538
0.6842584615384616
1.132572923076923
1.4653144615384615
1.550220923076923
1.4657316923076924
1.1425864615384616
0.6519230769230768
0.11077476923076923
-0.5219556923076923
-1.0507956923076922
-1.4066935384615384
-1.5931956923076922
-1.5178855384615382
-1.2907033846153846
-0.8972547692307693
-0.38280923076923074
0.16730953846153845
0.7589427692307691
1.2370892307692307
1.5387470769230769
1.6484787692307692
1.5598172307692308
1.3280455384615384
0.9285470769230769
0.3942830769230769
-0.17982646153846152
-0.7503895384615384
-1.1772166153846153
-1.434648
-1.542710769230769
-1.4511286153846155
-1.2308307692307692
-0.8799396923076923
-0.42599261538461536
0.041514461538461535
0.5134024615384616
0.9022615384615383
1.1728356923076924
1.3482812307692307
1.3651790769230767
1.2347944615384616
0.9542067692307693
0.5444861538461538
0.07468430769230769
-0.41910830769230767
-0.8657538461538461
-1.224780923076923
-1.4482080000000002
-1.5285249230769231
-1.4615593846153845
-1.1778424615384615
-0.7149249230769231
-0.14832553846153845
0.46771569230769233
1.025761846153846
1.4755366153846154
1.7571673846153844
1.8201692307692308
1.6691316923076924
1.270884923076923
0.7055372307692307
0.07635323076923077
-0.5544996923076924
-1.099403076923077
-1.5260215384615385
-1.7778203076923076
-1.8064006153846153
-1.6115538461538461
-1.2066313846153844
-0.6498369230769231
-0.0004172307692307692
0.6585987692307692
1.2174793846153846
1.6171864615384617
1.8086953846153846
1.753620923076923
1.47804
1.0030227692307692
0.4072172307692307
-0.20256553846153844
-0.7735458461538461
-1.2201913846153847
-1.5097495384615385
-1.619689846153846
-1.5005704615384614
-1.1849353846153845
-0.7136732307692307
-0.15813046153846153
0.38760738461538463
0.8670055384615385
1.2204
1.4375686153846154
1.4982756923076923
1.3683083076923077
1.0766639999999998
0.6606849230769232
0.20527753846153846
-0.23218892307692307
-0.6233427692307691
-0.9189507692307692
-1.1221421538461538
-1.2037107692307691
-1.129860923076923
-0.9339710769230769
-0.6477507692307691
-0.31041969230769234
0.03984553846153846
0.3909452307692307
0.7019907692307692
0.9310504615384615
1.0489181538461538
1.0318116923076923
0.9041390769230769
0.6848843076923077
0.40554830769230765
0.11035753846153845
-0.1913003076923077
-0.4720966153846154
-0.7113784615384615
-0.874932923076923
-0.9348055384615384
-0.8889101538461538
-0.7341175384615384
-0.5094387692307691
-0.23072861538461537
0.0936683076923077
0.41910830769230767
0.7136732307692307
0.9289643076923078
1.0253446153846153
0.998016
0.8622073846153846
0.6454559999999999
0.36632861538461536
0.05444861538461539
-0.25138153846153843
-0.5023458461538461
-0.6592246153846153
-0.7182627692307693
-0.6900996923076923
-0.5784904615384615
-0.4080516923076923
-0.200688
0.03337846153846154
0.25451076923076926
0.4456024615384615
0.5661821538461538
0.6104086153846153
0.5989347692307692
0.5204953846153846
0.4078430769230769
0.26911384615384615
0.11077476923076923
-0.03692492307692308
-0.15562707692307692
-0.22405292307692307
-0.2478350769230769
-0.2436627692307692
-0.21779446153846155
-0.18107815384615383
-0.12579507692307693
-0.062376
-0.010848
0.03150092307692308
0.045895384615384616
0.051528
0.07635323076923077
0.10201292307692307
0.12913292307692306
0.14123261538461537
0.138312
0.13726892307692307
0.12308307692307692
0.10055261538461538
0.046104
-0.041514461538461535
-0.14311015384615386
-0.23677846153846152
-0.2951907692307692
-0.3314898461538462
-0.33253292307692306
-0.2939390769230769
-0.2238443076923077
-0.11223507692307692
0.02795446153846154
0.17628
0.3077076923076923
0.3909452307692307
0.4214030769230769
0.3942830769230769
0.3077076923076923
0.17523692307692307
-0.0012516923076923076
-0.19338646153846153
-0.3707095384615384
-0.5138196923076923
-0.5910073846153846
-0.5976830769230769
-0.5336381538461539
-0.4113895384615384
-0.24720923076923076
-0.05382276923076923
0.1287156923076923
0.27286892307692306
0.35923569230769226
0.384060923076923
0.3558978461538462
0.2659846153846154
0.1314276923076923
-0.017315076923076923
-0.16689230769230767
-0.2887236923076923
-0.36904061538461536
-0.4042966153846154
-0.39115384615384613
-0.3479704615384615
-0.2720344615384615
-0.16793538461538463
-0.054240000000000003
0.06341907692307691
0.1597993846153846
0.23010276923076922
0.2799618461538461
0.30019753846153846
0.3072904615384615
0.29644246153846154
0.2572227692307692
0.206112
0.14707384615384617
0.08615815384615384
0.022947692307692308
-0.03838523076923077
-0.09429415384615383
-0.13914646153846155
-0.14436184615384615
-0.12099692307692309
-0.08302892307692307
-0.023782153846153845
0.034630153846153845
0.10201292307692307
0.16459753846153846
0.19881046153846152
0.22008923076923076
0.206112
0.15959076923076923
0.10055261538461538
0.031918153846153846
-0.04735569230769231
-0.1395636923076923
-0.2207150769230769
-0.2601433846153846
-0.24887815384615386
-0.19839323076923077
-0.12204
-0.024616615384615383
0.07906523076923076
0.1783661538461538
0.2641070769230769
0.30895938461538464
0.31041969230769234
0.25471938461538457
0.15500123076923078
0.05236246153846154
-0.04944184615384615
-0.12662953846153846
-0.17231630769230769
-0.18900553846153845
-0.16772676923076923
-0.12120553846153845
-0.04839876923076923
0.043392
0.12391753846153845
0.18170399999999998
0.21696000000000001
0.23969907692307693
0.25346769230769234
0.23260615384615385
0.17398523076923075
0.09199938461538461
0.015228923076923076
-0.04526953846153846
-0.10576799999999999
-0.14916
-0.17690584615384616
-0.18504184615384617
-0.1585476923076923
-0.10138707692307691
-0.02524246153846154
0.04214030769230769
0.10076123076923077
0.1506203076923077
0.18504184615384617
0.19213476923076922
0.15625292307692307
0.08699261538461538
-0.0006258461538461538
-0.0853236923076923
-0.14978584615384616
-0.1802436923076923
-0.19192615384615386
-0.1908830769230769
-0.17169046153846151
-0.12704676923076924
-0.04547815384615384
0.04088861538461538
0.11557292307692307
0.16334584615384617
0.1794092307692308
0.1794092307692308
0.1637630769230769
0.13121907692307694
0.073224
-0.009596307692307692
-0.09950953846153845
-0.16981292307692308
-0.2127876923076923
-0.22801661538461537
-0.2292683076923077
-0.20444307692307692
-0.13914646153846155
-0.03567323076923076
0.09158215384615384
0.20694646153846152
0.29873723076923075
0.3538116923076923
0.36904061538461536
0.3508910769230769
0.29039261538461536
0.184416
0.04965046153846154
-0.09262523076923077
-0.2138307692307692
-0.295608
-0.35047384615384614
-0.37050092307692306
-0.3456756923076923
-0.279336
-0.16856123076923077
-0.03671630769230769
0.09533723076923077
0.20861538461538462
0.2849686153846154
0.33065538461538463
0.3452584615384615
0.32210215384615387
0.25471938461538457
0.1462393846153846
0.014603076923076923
-0.11974523076923077
-0.22718215384615387
-0.30061476923076924
-0.3319070769230769
-0.31500923076923076
-0.25993476923076925
-0.16167692307692308
-0.03129230769230769
0.10681107692307691
0.2261390769230769
0.3102110769230769
0.35923569230769226
0.3752990769230769
0.36319938461538465
0.30979384615384614
0.222384
0.11765907692307691
0.008970461538461538
-0.07489292307692308
-0.1353913846153846
-0.17544553846153846
-0.19150892307692308
-0.18879692307692306
-0.15249784615384615
-0.08135999999999999
0.003129230769230769
0.0880356923076923
0.15771323076923077
0.22113230769230768
0.2807963076923077
0.3156350769230769
0.3210590769230769
0.2822566153846154
0.20944984615384615
0.11891076923076922
0.01814953846153846
-0.07823076923076923
-0.16647507692307692
-0.24595753846153845
-0.30207507692307695
-0.3114627692307692
-0.2626467692307692
-0.1696043076923077
-0.06300184615384616
0.04526953846153846
0.14290153846153844
0.2207150769230769
0.2751636923076923
0.29873723076923075
0.2891409230769231
0.24574892307692306
0.17711446153846155
0.09679753846153846
0.015437538461538461
-0.06341907692307691
-0.12808984615384614
-0.17815753846153848
-0.20924123076923076
-0.20506892307692307
-0.17502830769230768
-0.13101046153846155
-0.08490646153846154
-0.04172307692307692
0.0012516923076923076
0.03567323076923076
0.06070707692307692
0.07051199999999999
0.06654830769230768
0.0446436923076923
0.015854769230769228
-0.007927384615384614
-0.03984553846153846
-0.07364123076923076
-0.1097316923076923
-0.13852061538461538
-0.15875630769230767
-0.17002153846153847
-0.17294215384615383
-0.1693956923076923
-0.154584
-0.12391753846153845
-0.07739630769230768
-0.03045784615384615
0.01940123076923077
0.028788923076923077
0.02315630769230769
0.03233538461538461
0.040262769230769234
0.06070707692307692
0.07656184615384615
0.08782707692307692
0.09909230769230769
0.12016246153846154
0.1696043076923077
0.2492953846153846
0.23385784615384617
0.11098338461538461
0.02545107692307692
-0.06905169230769231
-0.07739630769230768
-0.042348923076923076
-0.15875630769230767
-0.19755876923076923
-0.19651569230769228
-0.09053907692307692
0.12037107692307693
0.20360861538461536
0.268488
0.23448369230769228
0.2722430769230769
0.3540203076923077
0.3321156923076923
0.27558092307692306
0.047772923076923074
-0.10263876923076923
-0.1794092307692308
-0.2503384615384615
-0.19359507692307693
-0.23114584615384615
-0.1923433846153846
-0.09012184615384615
-0.03045784615384615
0.18232984615384615
0.2993630769230769
0.3573581538461538
0.43433723076923075
0.33524492307692305
0.2832996923076923
0.22634769230769228
0.12913292307692306
0.10952307692307692
-0.021278769230769233
-0.13121907692307694
-0.19818461538461538
-0.23510953846153848
-0.16480615384615382
-0.1597993846153846
-0.16480615384615382
-0.1504116923076923
-0.11140061538461538
0.017940923076923077
0.0826116923076923
0.10347323076923076
0.12391753846153845
0.11202646153846153
0.18963138461538462
0.24741784615384615
0.24992123076923078
0.2574313846153846
0.1869193846153846
0.14060676923076923
0.10263876923076923
-0.011473846153846154
-0.12579507692307693
-0.2716172307692308
-0.3909452307692307
-0.4228633846153846
-0.4353803076923077
-0.38531261538461536
-0.2751636923076923
-0.1316363076923077
0.015854769230769228
0.1543753846153846
0.2931046153846154
0.36611999999999995
0.3863556923076923
0.3323243076923077
0.19672430769230767
0.06946892307692307
-0.08073415384615384
-0.23469230769230767
-0.36445107692307693
-0.4779378461538461
-0.504432
-0.47313969230769226
-0.3838523076923077
-0.23156307692307693
-0.084072
0.09575446153846154
0.28267384615384616
0.4072172307692307
0.45728492307692303
0.4239064615384615
0.35986153846153845
0.26911384615384615
0.14457046153846154
0.002086153846153846
-0.14665661538461539
-0.22551323076923077
-0.2374043076923077
-0.2225926153846154
-0.1449876923076923
-0.0609156923076923
0.011473846153846154
0.10618523076923077
0.1476996923076923
0.17586276923076924
0.1858763076923077
0.13872923076923074
0.09387692307692307
0.03337846153846154
-0.025033846153846153
-0.05048492307692308
-0.05382276923076923
-0.029414769230769227
0.0004172307692307692
0.026702769230769228
0.032544
0.02795446153846154
0.03692492307692308
0.016480615384615385
-0.015646153846153844
-0.055491692307692304
-0.11390399999999999
-0.12454338461538461
-0.10952307692307692
-0.07697907692307693
-0.013768615384615384
0.029414769230769227
0.10681107692307691
0.2125790769230769
0.28392553846153845
0.3143833846153846
0.27975323076923075
0.2221753846153846
0.15124615384615384
0.040054153846153843
-0.07802215384615384
-0.19839323076923077
-0.2995716923076923
-0.360696
-0.3805144615384615
-0.3346190769230769
-0.25805723076923076
-0.14978584615384616
-0.021070153846153846
0.06905169230769231
0.146448
0.18399876923076922
0.18483323076923078
0.1846246153846154
0.12308307692307692
0.03275261538461539
-0.05799507692307692
-0.14144123076923076
-0.16647507692307692
-0.173568
-0.1733593846153846
-0.14206707692307693
-0.092208
-0.024408000000000003
0.03609046153846154
0.07635323076923077
0.09304246153846155
0.07927384615384615
0.06425353846153846
0.05048492307692308
0.03629907692307692
0.029832
0.017523692307692306
0.019192615384615384
0.03275261538461539
0.04631261538461538
0.08636676923076922
0.1218313846153846
0.12955015384615384
0.10785415384615385
0.04839876923076923
-0.006675692307692307
-0.05298830769230769
-0.10076123076923077
-0.14978584615384616
-0.19171753846153847
-0.19547261538461536
-0.14749107692307692
-0.053614153846153846
0.05048492307692308
0.13518276923076925
0.20924123076923076
0.2734947692307692
0.3212676923076923
0.33253292307692306
0.27286892307692306
0.18191261538461537
0.08490646153846154
-0.009387692307692307
-0.06529661538461538
-0.10597661538461538
-0.12600369230769232
-0.10743692307692307
-0.06717415384615384
0.006884307692307692
0.09950953846153845
0.18316430769230768
0.24428861538461538
0.2626467692307692
0.2399076923076923
0.192552
0.13372246153846154
0.06446215384615385
-0.013560000000000001
-0.09429415384615383
-0.15813046153846153
-0.18942276923076923
-0.17690584615384616
-0.1353913846153846
-0.09408553846153846
-0.06133292307692308
-0.04130584615384615
-0.00855323076923077
0.027120000000000002
0.042348923076923076
0.02586830769230769
-0.02315630769230769
-0.059038153846153844
-0.07218092307692307
-0.06362769230769232
-0.03650769230769231
-0.010222153846153844
0.01814953846153846
0.05674338461538461
0.10138707692307691
0.13789476923076924
0.16042523076923076
0.15395815384615386
0.12037107692307693
0.08177723076923075
0.03483876923076923
-0.025659692307692307
-0.086784
-0.14144123076923076
-0.17169046153846151
-0.16042523076923076
-0.11682461538461539
-0.0448523076923077
0.03609046153846154
0.10681107692307691
0.16334584615384617
0.20339999999999997
0.21967199999999998
0.21153599999999997
0.16793538461538463
0.08636676923076922
0.009596307692307692
-0.05611753846153846
-0.11056615384615384
-0.14665661538461539
-0.16835261538461538
-0.15500123076923078
-0.10117846153846152
-0.018775384615384614
0.06487938461538462
0.12934153846153845
0.17565415384615385
0.20694646153846152
0.22321846153846153
0.23093723076923076
0.21904615384615383
0.1779489230769231
0.12642092307692307
0.06988615384615385
0.02211323076923077
-0.022947692307692308
-0.06487938461538462
-0.10222153846153846
-0.13226215384615383
-0.13935507692307691
-0.1358086153846154
-0.11265230769230769
-0.08052553846153847
-0.053405538461538456
-0.025033846153846153
-0.008136
0.010013538461538461
0.017523692307692306
0.0
-0.01668923076923077
-0.030875076923076922
-0.024199384615384616
-0.003963692307692307
0.005215384615384615
0.01710646153846154
0.018983999999999997
0.017315076923076923
0.029414769230769227
0.03880246153846154
0.04902461538461538
0.05298830769230769
0.05382276923076923
0.07051199999999999
0.0963803076923077
0.13893784615384613
0.1710646153846154
0.1883796923076923
0.20965846153846154
0.21445661538461538
0.20861538461538462
0.17023015384615386
0.09763200000000001
0.02232184615384615
-0.05277969230769231
-0.10159569230769232
-0.11557292307692307
-0.1136953846153846
-0.09554584615384615
-0.06216738461538462
-0.017523692307692306
0.037342153846153844
0.08031692307692308
0.0961716923076923
0.08323753846153846
0.04672984615384615
0.0077187692307692304
-0.02524246153846154
-0.05778646153846154
-0.08720123076923077
-0.10159569230769232
-0.09429415384615383
-0.06258461538461538
-0.013142769230769229
0.03755076923076923
0.07927384615384615
0.1151556923076923
0.15166338461538462
0.17628
0.18128676923076922
0.16251138461538459
0.1178676923076923
0.06884307692307692
0.017940923076923077
-0.021070153846153846
-0.04526953846153846
-0.065088
-0.07238953846153846
-0.08323753846153846
-0.08448923076923077
-0.06717415384615384
-0.05507446153846154
-0.044435076923076924
-0.03483876923076923
-0.031709538461538456
-0.014394461538461538
-0.0018775384615384615
-0.0077187692307692304
-0.026494153846153844
-0.06300184615384616
-0.09491999999999999
-0.11703323076923078
-0.13184492307692308
-0.1435273846153846
-0.14728246153846153
-0.1504116923076923
-0.1395636923076923
-0.10868861538461538
-0.0853236923076923
-0.06425353846153846
-0.04380923076923077
-0.015854769230769228
0.026702769230769228
0.06592246153846154
0.08949599999999999
0.1045163076923077
0.11035753846153845
0.09784061538461537
0.06821723076923077
0.012308307692307691
-0.062376
-0.14185846153846154
-0.208824
-0.24762646153846155
-0.2572227692307692
-0.23385784615384617
-0.18545907692307692
-0.119328
-0.03713353846153846
0.052153846153846155
0.13372246153846154
0.18483323076923078
0.20277415384615383
0.1923433846153846
0.15833907692307692
0.11536430769230768
0.06529661538461538
0.012308307692307691
-0.04130584615384615
-0.08010830769230769
-0.09554584615384615
-0.07927384615384615
-0.04172307692307692
0.0008344615384615384
0.05507446153846154
0.11891076923076922
0.18796246153846152
0.2415766153846154
0.2730775384615384
0.2832996923076923
0.2689052307692308
0.22843384615384613
0.16772676923076923
0.09512861538461538
0.015020307692307692
-0.062376
-0.12224861538461537
-0.16063384615384615
-0.17690584615384616
-0.17398523076923075
-0.16021661538461537
-0.1218313846153846
-0.07134646153846153
-0.017940923076923077
0.033169846153846154
0.06446215384615385
0.07739630769230768
0.07739630769230768
0.06821723076923077
0.04965046153846154
0.016272
-0.03275261538461539
-0.08782707692307692
-0.13622584615384614
-0.16626646153846153
-0.1760713846153846
-0.16438892307692307
-0.13914646153846155
-0.10222153846153846
-0.047981538461538464
0.02357353846153846
0.100344
0.16209415384615386
0.19818461538461538
0.200688
0.18545907692307692
0.15687876923076924
0.11181784615384616
0.04526953846153846
-0.040054153846153843
-0.11432123076923076
-0.165432
-0.1908830769230769
-0.19755876923076923
-0.19735015384615384
-0.18107815384615383
-0.15291507692307693
-0.12350030769230769
-0.0961716923076923
-0.09116492307692307
-0.06675692307692307
-0.005424
0.07238953846153846
0.1696043076923077
0.23782153846153845
0.29101846153846156
0.33295015384615384
0.336288
0.32961230769230765
0.26097784615384617
0.16876984615384616
0.059872615384615385
-0.02545107692307692
-0.08094276923076923
-0.1860849230769231
-0.2157083076923077
-0.23969907692307693
-0.20402584615384614
-0.0897046153846154
0.006467076923076923
0.15249784615384615
0.24428861538461538
0.33295015384615384
0.3821833846153846
0.3379569230769231
0.27787569230769227
0.13372246153846154
-0.0070929230769230765
-0.15500123076923078
-0.3008233846153846
-0.36382523076923073
-0.39324
-0.3252313846153846
-0.21445661538461538
-0.1070196923076923
0.012934153846153845
0.08386338461538462
0.16167692307692308
0.20423446153846153
0.16167692307692308
0.12767261538461538
0.07656184615384615
0.058829538461538454
0.07614461538461538
0.06049846153846154
0.05570030769230769
0.026285538461538457
0.004172307692307692
0.002712
-0.016063384615384615
-0.03921969230769231
-0.07343261538461537
-0.08448923076923077
-0.06028984615384615
-0.03045784615384615
0.005841230769230769
0.021278769230769233
0.01668923076923077
0.02545107692307692
0.022530461538461537
0.03921969230769231
0.07155507692307693
0.0855323076923077
0.11390399999999999
0.11265230769230769
0.0826116923076923
0.045895384615384616
-0.026494153846153844
-0.1136953846153846
-0.21508246153846153
-0.30249230769230767
-0.3321156923076923
-0.31104553846153843
-0.2292683076923077
-0.12162276923076921
-0.006675692307692307
0.1207883076923077
0.23844738461538462
0.3479704615384615
0.387816
0.3550633846153846
0.30186646153846153
0.21800307692307694
0.14144123076923076
0.06383630769230769
-0.022947692307692308
-0.08156861538461539
-0.13247076923076923
-0.1462393846153846
-0.12808984615384614
-0.09179076923076923
-0.022530461538461537
0.051319384615384614
0.124752
0.18170399999999998
0.2225926153846154
0.2526332307692308
0.2478350769230769
0.20256553846153844
0.13205353846153844
0.05277969230769231
-0.002086153846153846
-0.042974769230769226
-0.07030338461538461
-0.062376
-0.05048492307692308
0.0012516923076923076
0.07572738461538461
0.12808984615384614
0.16897846153846155
0.17002153846153847
0.16167692307692308
0.16084246153846155
0.14311015384615386
0.1207883076923077
0.09533723076923077
0.07551876923076924
0.07009476923076922
0.08323753846153846
0.11014892307692307
0.11265230769230769
0.1045163076923077
0.09784061538461537
0.0853236923076923
0.08073415384615384
0.04944184615384615
0.011056615384615385
-0.021904615384615383
-0.058829538461538454
-0.058829538461538454
-0.058412307692307694
-0.054657230769230764
-0.033169846153846154
-0.01668923076923077
0.011473846153846154
0.041514461538461535
0.06425353846153846
0.07802215384615384
0.06592246153846154
0.030040615384615384
-0.013768615384615384
-0.054657230769230764
-0.08177723076923075
-0.11286092307692308
-0.13726892307692307
-0.13789476923076924
-0.11974523076923077
-0.06279323076923077
0.01043076923076923
0.0771876923076923
0.13664307692307692
0.17148184615384612
0.1992276923076923
0.21842030769230766
0.19505538461538463
0.14164984615384615
0.06800861538461538
-0.0022947692307692304
-0.04965046153846154
-0.09408553846153846
-0.12516923076923075
-0.1435273846153846
-0.1422756923076923
-0.10535076923076922
-0.05736923076923077
-0.014394461538461538
-0.003963692307692307
-0.018983999999999997
-0.02586830769230769
-0.04839876923076923
-0.07197230769230768
-0.08469784615384615
-0.10389046153846154
-0.10681107692307691
-0.10117846153846152
-0.06633969230769231
-0.0006258461538461538
0.045895384615384616
0.0853236923076923
0.11348676923076922
0.12683815384615382
0.13726892307692307
0.12433476923076923
0.08720123076923077
0.03066646153846154
-0.03984553846153846
-0.09512861538461538
-0.12579507692307693
-0.12537784615384615
-0.10159569230769232
-0.07551876923076924
-0.021696
0.05194523076923077
0.13476553846153844
0.20652923076923077
0.22447015384615385
0.19818461538461538
0.1449876923076923
0.07948246153846153
0.011265230769230769
-0.06988615384615385
-0.1531236923076923
-0.21612553846153845
-0.249504
-0.23010276923076922
-0.1787833846153846
-0.11953661538461538
-0.06049846153846154
-0.006467076923076923
0.05674338461538461
0.10180430769230768
0.11765907692307691
0.09533723076923077
0.034630153846153845
-0.03024923076923077
-0.10263876923076923
-0.16313723076923078
-0.19839323076923077
-0.22697353846153845
-0.23218892307692307
-0.21967199999999998
-0.1779489230769231
-0.11452984615384615
-0.06279323076923077
-0.016897846153846156
0.009596307692307692
0.017523692307692306
0.02211323076923077
0.016272
0.002712
-0.021904615384615383
-0.054240000000000003
-0.065088
-0.06133292307692308
-0.04756430769230769
-0.03775938461538462
-0.04214030769230769
-0.042348923076923076
-0.044435076923076924
-0.03421292307692308
-0.024616615384615383
-0.03108369230769231
-0.037967999999999995
-0.04652123076923077
-0.042557538461538466
-0.025033846153846153
-0.0035464615384615383
0.028371692307692306
0.06446215384615385
0.10827138461538462
0.16271999999999998
0.20652923076923077
0.2292683076923077
0.23135446153846154
0.21341353846153846
0.17419384615384614
0.11745046153846153
0.05069353846153846
-0.02357353846153846
-0.09241661538461539
-0.13935507692307691
-0.14916
-0.12037107692307693
-0.06738276923076922
-0.0012516923076923076
0.07155507692307693
0.14728246153846153
0.20924123076923076
0.2436627692307692
0.24762646153846155
0.21612553846153845
0.1639716923076923
0.100344
0.02899753846153846
-0.03901107692307692
-0.11140061538461538
-0.16730953846153845
-0.1923433846153846
-0.18963138461538462
-0.15625292307692307
-0.11181784615384616
-0.06028984615384615
0.0016689230769230767
0.07364123076923076
0.14436184615384615
0.19818461538461538
0.22113230769230768
0.2154996923076923
0.1873366153846154
0.14665661538461539
0.100344
0.042348923076923076
-0.019609846153846155
-0.08052553846153847
-0.11286092307692308
-0.12266584615384615
-0.11348676923076922
-0.08490646153846154
-0.059038153846153844
-0.027120000000000002
0.011265230769230769
0.048816000000000005
0.07635323076923077
0.08386338461538462
0.07781353846153846
0.06696553846153847
0.05382276923076923
0.04902461538461538
0.042348923076923076
0.029414769230769227
0.02044430769230769
0.008761846153846153
0.005424
-0.0002086153846153846
-0.010848
-0.026702769230769228
-0.05236246153846154
-0.062376
-0.05716061538461538
-0.04401784615384615
-0.026702769230769228
-0.010013538461538461
0.011056615384615385
0.04839876923076923
0.09658892307692307
0.1353913846153846
0.1558356923076923
0.15082892307692305
0.13914646153846155
0.12162276923076921
0.08615815384615384
0.042348923076923076
-0.016063384615384615
-0.0798996923076923
-0.132888
-0.1794092307692308
-0.2075723076923077
-0.2221753846153846
-0.22634769230769228
-0.20235692307692305
-0.14916
-0.065088
0.034630153846153845
0.12996738461538462
0.20486030769230767
0.254928
0.2830910769230769
0.2724516923076923
0.22822523076923076
0.1506203076923077
0.04965046153846154
-0.04276615384615385
-0.11223507692307692
-0.14936861538461538
-0.1597993846153846
-0.1489513846153846
-0.1136953846153846
-0.062376
-0.012099692307692308
0.03129230769230769
0.05736923076923077
0.06341907692307691
0.06884307692307692
0.08177723076923075
0.10535076923076922
0.12099692307692309
0.11536430769230768
0.09554584615384615
0.06279323076923077
0.02586830769230769
-0.013560000000000001
-0.06550523076923077
-0.12683815384615382
-0.1846246153846154
-0.22551323076923077
-0.24345415384615382
-0.23761292307692305
-0.20819815384615384
-0.16292861538461537
-0.10263876923076923
-0.021487384615384613
0.06967753846153846
0.1489513846153846
0.2059033846153846
0.23510953846153848
0.2415766153846154
0.22718215384615387
0.18942276923076923
0.13518276923076925
0.06154153846153846
-0.01981846153846154
-0.0853236923076923
-0.12204
-0.13267938461538462
-0.11432123076923076
-0.065088
0.003963692307692307
0.100344
0.20673784615384616
0.30666461538461537
0.3811403076923077
0.4090947692307692
0.3978295384615384
0.35339446153846155
0.2870547692307692
0.19296923076923078
0.08010830769230769
-0.03024923076923077
-0.11599015384615384
-0.15562707692307692
-0.15520984615384617
-0.11911938461538461
-0.05716061538461538
0.007510153846153846
0.0744756923076923
0.14311015384615386
0.1913003076923077
0.20965846153846154
0.19755876923076923
0.1543753846153846
0.10576799999999999
0.05799507692307692
0.009596307692307692
-0.03275261538461539
-0.0771876923076923
-0.10889723076923077
-0.12162276923076921
-0.11432123076923076
-0.08782707692307692
-0.06425353846153846
-0.04631261538461538
-0.029832
-0.017940923076923077
-0.009804923076923077
-0.015854769230769228
-0.03379569230769231
-0.05528307692307692
-0.07843938461538462
-0.08469784615384615
-0.07134646153846153
-0.042348923076923076
-0.013560000000000001
0.011682461538461537
0.03671630769230769
0.054657230769230764
0.06654830769230768
0.06258461538461538
0.046104
0.02273907692307692
0.0050067692307692304
-0.00855323076923077
-0.009596307692307692
-0.011891076923076923
-0.012934153846153845
-0.02545107692307692
-0.052571076923076915
-0.047772923076923074
-0.03337846153846154
0.0006258461538461538
0.02232184615384615
0.046104
0.07781353846153846
0.12516923076923075
0.16334584615384617
0.2709913846153846
0.3479704615384615
0.21237046153846154
0.1489513846153846
0.03442153846153846
-0.022947692307692308
-0.026494153846153844
-0.20798953846153845
-0.29414769230769233
-0.4276615384615384
-0.3873987692307692
-0.222384
-0.15959076923076923
-0.024616615384615383
-0.027745846153846152
0.1205796923076923
0.3214763076923077
0.42599261538461536
0.5511618461538461
0.3957433846153846
0.2716172307692308
0.16689230769230767
0.007927384615384614
-0.00855323076923077
-0.16438892307692307
-0.25138153846153843
-0.24908676923076922
-0.32377107692307694
-0.17523692307692307
-0.04380923076923077
0.07843938461538462
0.2626467692307692
0.2822566153846154
0.36445107692307693
0.3919883076923077
0.36966646153846155
0.41076369230769233
0.30144923076923075
0.1704387692307692
0.02545107692307692
-0.09763200000000001
-0.10368184615384615
-0.18316430769230768
-0.2517987692307692
-0.31000246153846156
-0.35798399999999997
-0.2561796923076923
-0.19296923076923078
-0.13476553846153844
-0.06321046153846153
-0.05528307692307692
0.044435076923076924
0.11891076923076922
0.13497415384615385
0.1718990769230769
0.12204
0.09012184615384615
0.07885661538461539
0.014185846153846153
-0.04756430769230769
-0.15416676923076922
-0.24178523076923078
-0.2924787692307692
-0.32564861538461537
-0.2993630769230769
-0.24574892307692306
-0.12162276923076921
-0.0008344615384615384
0.09241661538461539
0.23114584615384615
0.31626092307692305
0.38301784615384615
0.40617415384615385
0.31918153846153846
0.22488738461538463
0.07969107692307692
-0.058829538461538454
-0.16292861538461537
-0.30332676923076923
-0.3713353846153846
-0.39115384615384613
-0.36674584615384614
-0.2805876923076923
-0.1881710769230769
-0.03942830769230769
0.11891076923076922
0.2453316923076923
0.32543999999999995
0.31855569230769226
0.3008233846153846
0.24595753846153845
0.12350030769230769
-0.003755076923076923
-0.17273353846153844
-0.292896
-0.327108923076923
-0.3517255384615385
-0.2920615384615385
-0.21758584615384616
-0.13101046153846155
0.014394461538461538
0.11140061538461538
0.19609846153846153
0.24992123076923078
0.2507556923076923
0.22822523076923076
0.15228923076923076
0.06216738461538462
-0.05590892307692308
-0.1733593846153846
-0.2369870769230769
-0.27850153846153847
-0.25930892307692305
-0.222384
-0.18107815384615383
-0.0826116923076923
-0.0025033846153846152
0.09825784615384614
0.1908830769230769
0.21237046153846154
0.2478350769230769
0.25847446153846154
0.24616615384615384
0.22008923076923076
0.1435273846153846
0.09199938461538461
0.056951999999999996
0.010639384615384617
-0.02482523076923077
-0.06821723076923077
-0.10263876923076923
-0.12141415384615384
-0.12350030769230769
-0.07906523076923076
-0.02211323076923077
0.04422646153846154
0.11578153846153846
0.15604430769230768
0.19985353846153847
0.21508246153846153
0.20965846153846154
0.19693292307692306
0.10535076923076922
-0.01272553846153846
-0.13872923076923074
-0.24616615384615384
-0.2845513846153846
-0.3277347692307692
-0.36403384615384615
-0.3584012307692308
-0.31396615384615384
-0.19651569230769228
-0.05653476923076922
0.05820369230769231
0.14081538461538462
0.19067446153846154
0.24637476923076923
0.2830910769230769
0.2807963076923077
0.2369870769230769
0.13351384615384615
0.03024923076923077
-0.06321046153846153
-0.12808984615384614
-0.15208061538461537
-0.17461107692307692
-0.15333230769230768
-0.10952307692307692
-0.04547815384615384
0.06321046153846153
0.1706473846153846
0.2572227692307692
0.2851772307692308
0.2701569230769231
0.25451076923076926
0.2207150769230769
0.16188553846153847
0.06425353846153846
-0.058829538461538454
-0.16647507692307692
-0.23448369230769228
-0.23615261538461538
-0.21341353846153846
-0.1992276923076923
-0.16188553846153847
-0.09909230769230769
-0.006675692307692307
0.07906523076923076
0.10868861538461538
0.11140061538461538
0.09053907692307692
0.055491692307692304
0.040262769230769234
0.015228923076923076
-0.009179076923076922
-0.01814953846153846
-0.026702769230769228
-0.008970461538461538
0.014811692307692307
0.037342153846153844
0.05236246153846154
0.04672984615384615
0.04819015384615385
0.04902461538461538
0.06154153846153846
0.06738276923076922
0.056951999999999996
0.049233230769230765
0.027120000000000002
0.02545107692307692
0.03650769230769231
0.04214030769230769
0.05298830769230769
0.04526953846153846
0.04276615384615385
0.06696553846153847
0.09679753846153846
0.12329169230769231
0.12287446153846153
0.09095630769230768
0.05611753846153846
0.011056615384615385
-0.03337846153846154
-0.07238953846153846
-0.10743692307692307
-0.11411261538461538
-0.10347323076923076
-0.06362769230769232
-0.010848
0.034630153846153845
0.0934596923076923
0.12850707692307692
0.14999446153846155
0.1558356923076923
0.12642092307692307
0.10159569230769232
0.073224
0.047772923076923074
0.03212676923076923
0.014603076923076923
0.005215384615384615
0.007510153846153846
0.019609846153846155
0.02273907692307692
0.008136
-0.014185846153846153
-0.03296123076923077
-0.04214030769230769
-0.040679999999999994
-0.029414769230769227
-0.001043076923076923
0.03504738461538461
0.07572738461538461
0.12454338461538461
0.1597993846153846
0.1869193846153846
0.19463815384615382
0.1691870769230769
0.13080184615384613
0.07614461538461538
0.017523692307692306
-0.030040615384615384
-0.08115138461538463
-0.13205353846153844
-0.15479261538461536
-0.14603076923076924
-0.11181784615384616
-0.06487938461538462
-0.017315076923076923
0.03671630769230769
0.08699261538461538
0.14060676923076923
0.17315076923076922
0.16188553846153847
0.12016246153846154
0.049233230769230765
-0.02023569230769231
-0.08490646153846154
-0.14436184615384615
-0.1883796923076923
-0.22154953846153846
-0.21862892307692305
-0.18212123076923076
-0.13601723076923075
-0.07885661538461539
-0.028163076923076923
0.010013538461538461
0.042557538461538466
0.06216738461538462
0.07134646153846153
0.05820369230769231
0.03024923076923077
0.010848
-0.0012516923076923076
0.005215384615384615
0.027120000000000002
0.05736923076923077
0.09909230769230769
0.12934153846153845
0.15687876923076924
0.16480615384615382
0.14311015384615386
0.11202646153846153
0.061124307692307686
0.016063384615384615
-0.01814953846153846
-0.045895384615384616
-0.04860738461538461
-0.037967999999999995
-0.006884307692307692
0.0446436923076923
0.10618523076923077
0.16876984615384616
0.19797599999999999
0.1923433846153846
0.16063384615384615
0.10618523076923077
0.053405538461538456
-0.012099692307692308
-0.08177723076923075
-0.14686523076923075
-0.20047938461538461
-0.21466523076923077
-0.20548615384615385
-0.17565415384615385
-0.12308307692307692
-0.06133292307692308
0.007301538461538462
0.07551876923076924
0.12704676923076924
0.15374953846153847
0.15103753846153847
0.12245723076923076
0.08699261538461538
0.054657230769230764
0.02482523076923077
-0.006049846153846154
-0.025033846153846153
-0.024199384615384616
-0.007510153846153846
0.024199384615384616
0.05590892307692308
0.08302892307692307
0.10409907692307692
0.11724184615384614
0.12662953846153846
0.11995384615384615
0.10263876923076923
0.0771876923076923
0.04172307692307692
0.017940923076923077
0.010013538461538461
0.0014603076923076922
-0.009387692307692307
-0.011056615384615385
-0.006884307692307692
0.010639384615384617
0.030040615384615384
0.034630153846153845
0.01981846153846154
-0.02044430769230769
-0.07009476923076922
-0.1151556923076923
-0.15333230769230768
-0.18066092307692305
-0.19025723076923076
-0.17252492307692308
-0.11891076923076922
-0.044435076923076924
0.037967999999999995
0.10952307692307692
0.1506203076923077
0.16793538461538463
0.16459753846153846
0.14290153846153844
0.11035753846153845
0.06446215384615385
0.011891076923076923
-0.04318338461538461
-0.08907876923076924
-0.11035753846153845
-0.11953661538461538
-0.10618523076923077
-0.07489292307692308
-0.029414769230769227
0.04380923076923077
0.12934153846153845
0.20819815384615384
0.2709913846153846
0.3004061538461538
0.3008233846153846
0.2814221538461538
0.22947692307692308
0.1543753846153846
0.07155507692307693
-0.005424
-0.059038153846153844
-0.08657538461538461
-0.09909230769230769
-0.0961716923076923
-0.07885661538461539
-0.04318338461538461
0.005424
0.05048492307692308
0.08657538461538461
0.1028473846153846
0.10889723076923077
0.10868861538461538
0.09930092307692308
0.07238953846153846
0.018983999999999997
-0.03880246153846154
-0.09241661538461539
-0.13038461538461538
-0.1449876923076923
-0.15395815384615386
-0.15875630769230767
-0.1612596923076923
-0.15896492307692306
-0.143736
-0.12558646153846154
-0.1136953846153846
-0.10827138461538462
-0.09784061538461537
-0.07635323076923077
-0.04318338461538461
-0.0033378461538461535
0.025033846153846153
0.041514461538461535
0.04756430769230769
0.040262769230769234
0.029206153846153847
0.006884307692307692
-0.02795446153846154
-0.06738276923076922
-0.11306953846153844
-0.14477907692307693
-0.1504116923076923
-0.13706030769230768
-0.11703323076923078
-0.09116492307692307
-0.05611753846153846
-0.0035464615384615383
0.059872615384615385
0.11494707692307692
0.1558356923076923
0.16292861538461537
0.1435273846153846
0.11202646153846153
0.05507446153846154
-0.017523692307692306
-0.09784061538461537
-0.20423446153846153
-0.2803790769230769
-0.31855569230769226
-0.30186646153846153
-0.23135446153846154
-0.13226215384615383
0.0853236923076923
0.21132738461538458
0.28121353846153846
0.3886504615384615
0.3836436923076923
0.38948492307692306
0.2789187692307692
0.08490646153846154
-0.1314276923076923
-0.36632861538461536
-0.43642338461538455
-0.47960676923076917
-0.452904
-0.35631507692307696
-0.21612553846153845
0.06800861538461538
0.3316984615384615
0.5914246153846153
0.7570652307692307
0.7412104615384615
0.6913513846153846
0.5257107692307692
0.30332676923076923
0.06154153846153846
-0.24574892307692306
-0.4389267692307692
-0.5870436923076923
-0.6642313846153846
-0.5513704615384615
-0.4015846153846154
-0.16584923076923075
0.09241661538461539
0.28893230769230765
0.46896738461538456
0.539688
0.5751526153846154
0.557628923076923
0.4253667692307692
0.24846092307692308
0.03692492307692308
-0.13038461538461538
-0.25513661538461535
-0.376968
-0.44309907692307693
-0.48044123076923073
-0.44643692307692306
-0.32377107692307694
-0.19755876923076923
-0.041514461538461535
0.10994030769230768
0.23093723076923076
0.35276861538461535
0.4022104615384615
0.40992923076923077
0.3896935384615384
0.3072904615384615
0.23782153846153845
0.15667015384615385
0.06550523076923077
-0.01940123076923077
-0.11599015384615384
-0.18858830769230767
-0.26786215384615386
-0.33524492307692305
-0.3615304615384615
-0.328152
-0.2236356923076923
-0.13038461538461538
-0.017315076923076923
0.13998092307692306
0.2757895384615385
0.40596553846153843
0.4758516923076923
0.4660467692307692
0.40596553846153843
0.2643156923076923
0.09992676923076924
-0.08094276923076923
-0.28246523076923075
-0.444768
-0.5626356923076923
-0.6137464615384616
-0.5880867692307692
-0.49379261538461533
-0.3239796923076923
-0.11411261538461538
0.08907876923076924
0.26494153846153845
0.4120153846153846
0.5305089230769231
0.5736923076923076
0.5163230769230769
0.3744646153846154
0.15792184615384616
-0.047772923076923074
-0.21862892307692305
-0.37091815384615384
-0.45686769230769225
-0.4889944615384615
-0.4493575384615385
-0.32231076923076923
-0.16876984615384616
0.009179076923076922
0.18483323076923078
0.31354892307692306
0.41556184615384617
0.46771569230769233
0.4518609230769231
0.3665372307692307
0.241368
0.12141415384615384
0.004172307692307692
-0.09137353846153846
-0.1693956923076923
-0.21153599999999997
-0.20256553846153844
-0.17023015384615386
-0.0988836923076923
-0.024616615384615383
0.03671630769230769
0.10201292307692307
0.14394461538461537
0.15750461538461538
0.13747753846153846
0.0892873846153846
0.04631261538461538
0.021278769230769233
0.011473846153846154
0.02273907692307692
0.042348923076923076
0.07510153846153846
0.11619876923076923
0.14582215384615385
0.16856123076923077
0.15187199999999998
0.10681107692307691
0.029832
-0.07030338461538461
-0.14811692307692306
-0.21779446153846155
-0.235944
-0.2154996923076923
-0.1733593846153846
-0.07572738461538461
0.04756430769230769
0.20131384615384615
0.35276861538461535
0.4374664615384615
0.46291753846153844
0.4391353846153846
0.3826006153846154
0.30436984615384616
0.184416
0.04109723076923077
-0.11098338461538461
-0.23093723076923076
-0.2830910769230769
-0.29101846153846156
-0.25117292307692307
-0.1940123076923077
-0.11014892307692307
0.013768615384615384
0.13768615384615385
0.2574313846153846
0.3342018461538461
0.35339446153846155
0.33315876923076926
0.2772498461538462
0.2008966153846154
0.11035753846153845
0.003129230769230769
-0.11035753846153845
-0.20110523076923076
-0.24574892307692306
-0.23198030769230768
-0.18525046153846153
-0.11953661538461538
-0.05298830769230769
0.002712
0.059872615384615385
0.11286092307692308
0.15541846153846153
0.1652233846153846
0.15103753846153847
0.14394461538461537
0.14665661538461539
0.15354092307692307
0.15145476923076923
0.12767261538461538
0.11056615384615384
0.0974233846153846
0.08636676923076922
0.06738276923076922
0.010848
-0.05570030769230769
-0.12016246153846154
-0.15771323076923077
-0.16480615384615382
-0.15082892307692305
-0.12308307692307692
-0.08699261538461538
-0.03045784615384615
0.03609046153846154
0.1097316923076923
0.16188553846153847
0.17732307692307692
0.1585476923076923
0.10722830769230769
0.037967999999999995
-0.05298830769230769
-0.1504116923076923
-0.23761292307692305
-0.3114627692307692
-0.3550633846153846
-0.36027876923076924
-0.3206418461538461
-0.24595753846153845
-0.16251138461538459
-0.06487938461538462
0.03421292307692308
0.1205796923076923
0.18900553846153845
0.20110523076923076
0.1718990769230769
0.11557292307692307
0.03024923076923077
-0.05194523076923077
-0.14018953846153845
-0.20944984615384615
-0.2369870769230769
-0.22572184615384616
-0.17690584615384616
-0.11140061538461538
-0.03650769230769231
0.03150092307692308
0.09283384615384616
0.14436184615384615
0.16835261538461538
0.1570873846153846
0.11348676923076922
0.05590892307692308
0.00855323076923077
-0.018358153846153843
-0.02858030769230769
-0.025659692307692307
-0.017523692307692306
-0.0043809230769230765
0.015228923076923076
0.03609046153846154
0.05820369230769231
0.059038153846153844
0.03296123076923077
0.006258461538461538
-0.017940923076923077
-0.03859384615384615
-0.05590892307692308
-0.06383630769230769
-0.05674338461538461
-0.031918153846153846
0.01856676923076923
0.08073415384615384
0.1314276923076923
0.16251138461538459
0.1710646153846154
0.17148184615384612
0.15750461538461538
0.12141415384615384
0.07134646153846153
0.006049846153846154
-0.053405538461538456
-0.09387692307692307
-0.11223507692307692
-0.10889723076923077
-0.09512861538461538
-0.06195876923076923
-0.005424
0.06759138461538462
0.1476996923076923
0.20506892307692307
0.23156307692307693
0.22154953846153846
0.17669723076923077
0.11703323076923078
0.03671630769230769
-0.04819015384615385
-0.12767261538461538
-0.19171753846153847
-0.21988061538461537
-0.19735015384615384
-0.13247076923076923
-0.05736923076923077
0.026494153846153844
0.10806276923076923
0.17440246153846153
0.21779446153846155
0.21716861538461538
0.1704387692307692
0.08949599999999999
-0.007301538461538462
-0.0961716923076923
-0.1721076923076923
-0.22655630769230767
-0.254928
-0.26076923076923075
-0.22676492307692306
-0.15959076923076923
-0.07948246153846153
0.0
0.05820369230769231
0.0988836923076923
0.1207883076923077
0.10743692307692307
0.0609156923076923
-0.0070929230769230765
-0.084072
-0.14874276923076923
-0.17648861538461538
-0.168144
-0.13038461538461538
-0.07969107692307692
-0.017523692307692306
0.05674338461538461
0.12808984615384614
0.18107815384615383
0.19672430769230767
0.1710646153846154
0.10910584615384614
0.03504738461538461
-0.03984553846153846
-0.11745046153846153
-0.17690584615384616
-0.21195323076923075
-0.21967199999999998
-0.18337292307692307
-0.11098338461538461
-0.017732307692307693
0.07405846153846153
0.14081538461538462
0.19150892307692308
0.214248
0.18796246153846152
0.12099692307692309
0.025033846153846153
-0.07468430769230769
-0.16188553846153847
-0.23010276923076922
-0.254928
-0.24199384615384617
-0.20110523076923076
-0.1289243076923077
-0.03108369230769231
0.08574092307692306
0.19192615384615386
0.2618123076923077
0.28768061538461537
0.27140861538461536
0.22551323076923077
0.15896492307692306
0.07593599999999999
-0.012308307692307691
-0.0855323076923077
-0.12516923076923075
-0.12329169230769231
-0.08052553846153847
-0.011473846153846154
0.059872615384615385
0.12725538461538463
0.18879692307692306
0.2292683076923077
0.23156307692307693
0.19588984615384614
0.13601723076923075
0.056951999999999996
-0.019609846153846155
-0.07593599999999999
-0.1136953846153846
-0.13038461538461538
-0.12662953846153846
-0.09971815384615385
-0.05048492307692308
0.007510153846153846
0.06759138461538462
0.1207883076923077
0.15395815384615386
0.1704387692307692
0.16710092307692306
0.14603076923076924
0.11745046153846153
0.08782707692307692
0.059664
0.04547815384615384
0.06008123076923077
0.08907876923076924
0.12329169230769231
0.1504116923076923
0.17273353846153844
0.18483323076923078
0.1794092307692308
0.15813046153846153
0.11578153846153846
0.06633969230769231
0.013768615384615384
-0.021696
-0.03588184615384615
-0.03650769230769231
-0.02044430769230769
0.002086153846153846
0.04047138461538462
0.07426707692307692
0.09012184615384615
0.08824430769230769
0.05799507692307692
0.012099692307692308
-0.03942830769230769
-0.08991323076923076
-0.12391753846153845
-0.14331876923076922
-0.15145476923076923
-0.14311015384615386
-0.1178676923076923
-0.07238953846153846
-0.022530461538461537
0.023364923076923075
0.06279323076923077
0.08302892307692307
0.08615815384615384
0.06946892307692307
0.03629907692307692
-0.009387692307692307
-0.06216738461538462
-0.10117846153846152
-0.11828492307692307
-0.11452984615384615
-0.09095630769230768
-0.05528307692307692
-0.009596307692307692
0.040679999999999994
0.08428061538461538
0.11473846153846154
0.10597661538461538
0.06863446153846153
0.010013538461538461
-0.05945538461538461
-0.12996738461538462
-0.21007569230769232
-0.2914356923076923
-0.3588184615384616
-0.4053396923076923
-0.4211944615384615
-0.31855569230769226
-0.15604430769230768
0.07364123076923076
0.3536030769230769
0.6049846153846153
0.8594953846153846
1.0276393846153846
1.0966910769230769
1.0453716923076923
0.843432
0.5378104615384616
0.20339999999999997
-0.13101046153846155
-0.3909452307692307
-0.5682683076923077
-0.6761224615384615
-0.6686123076923077
-0.5628443076923076
-0.3246055384615385
-0.053614153846153846
0.22175815384615383
0.4320424615384615
0.5309261538461538
0.5799507692307692
0.47418276923076924
0.3216849230769231
0.09554584615384615
-0.2073636923076923
-0.4011673846153846
-0.5555427692307692
-0.577656
-0.4683415384615384
-0.32335384615384616
-0.08365476923076923
0.11640738461538462
0.24282830769230768
0.3437981538461538
0.314592
0.22989415384615383
0.1070196923076923
-0.046104
-0.11828492307692307
-0.1614683076923077
-0.11056615384615384
-0.0029206153846153843
0.073224
0.14686523076923075
0.15208061538461537
0.12913292307692306
0.0853236923076923
-0.016480615384615385
-0.10389046153846154
-0.22426153846153846
-0.33357600000000004
-0.385104
-0.45311261538461534
-0.45707630769230767
-0.4193169230769231
-0.3540203076923077
-0.21174461538461536
-0.052153846153846155
0.13455692307692307
0.3079163076923077
0.3917796923076923
0.38927630769230764
0.279336
0.09033046153846153
-0.15208061538461537
-0.40325353846153844
-0.577656
-0.6757052307692307
-0.6546350769230769
-0.5150713846153846
-0.2782929230769231
0.026911384615384615
0.30270092307692303
0.5398966153846154
0.6986529230769231
0.7395415384615384
0.7063716923076923
0.5832886153846154
0.3947003076923077
0.19568123076923075
-0.013142769230769229
-0.17002153846153847
-0.2618123076923077
-0.29748553846153847
-0.25534523076923077
-0.1785747692307692
-0.055491692307692304
0.09262523076923077
0.23156307692307693
0.3575667692307692
0.40846892307692306
0.40387938461538464
0.3314898461538462
0.19985353846153847
0.07635323076923077
-0.06049846153846154
-0.1691870769230769
-0.22280123076923075
-0.24992123076923078
-0.21111876923076925
-0.12120553846153845
-0.028163076923076923
0.06654830769230768
0.12350030769230769
0.15228923076923076
0.16167692307692308
0.12683815384615382
0.07781353846153846
0.021904615384615383
-0.027745846153846152
-0.05069353846153846
-0.04985907692307692
-0.025659692307692307
0.003755076923076923
0.04693846153846153
0.09679753846153846
0.12600369230769232
0.13852061538461538
0.11703323076923078
0.07030338461538461
0.013768615384615384
-0.05924676923076923
-0.12308307692307692
-0.18232984615384615
-0.2426196923076923
-0.2647329230769231
-0.25659692307692306
-0.21842030769230766
-0.14540492307692307
-0.06884307692307692
0.010848
0.07802215384615384
0.11828492307692307
0.1341396923076923
0.10931446153846153
0.04902461538461538
-0.042974769230769226
-0.14707384615384617
-0.22718215384615387
-0.28350830769230767
-0.29039261538461536
-0.268488
-0.21529107692307692
-0.10222153846153846
0.016063384615384615
0.14978584615384616
0.2568055384615385
0.28663753846153844
0.2789187692307692
0.2290596923076923
0.1706473846153846
0.11306953846153844
0.03963692307692308
-0.018358153846153843
-0.06467076923076923
-0.06863446153846153
-0.026285538461538457
0.017315076923076923
0.04672984615384615
0.04693846153846153
0.025033846153846153
-0.017940923076923077
-0.0826116923076923
-0.15249784615384615
-0.22655630769230767
-0.30207507692307695
-0.33065538461538463
-0.3047870769230769
-0.22530461538461538
-0.10827138461538462
0.0006258461538461538
0.1218313846153846
0.23782153846153845
0.3479704615384615
0.44038707692307694
0.471888
0.4307907692307692
0.3152178461538461
0.14957723076923077
-0.031918153846153846
-0.2056947692307692
-0.35568923076923076
-0.45749353846153845
-0.4877427692307692
-0.4188996923076923
-0.25930892307692305
-0.03880246153846154
0.1802436923076923
0.3584012307692308
0.49441846153846153
0.5572116923076923
0.5415655384615384
0.43475446153846153
0.2563883076923077
0.04401784615384615
-0.17085599999999998
-0.33962584615384617
-0.444768
-0.48419630769230765
-0.45791076923076923
-0.3642424615384615
-0.21737723076923077
-0.03275261538461539
0.15270646153846154
0.3012406153846154
0.40012430769230767
0.44122153846153844
0.42494953846153843
0.34651015384615386
0.2225926153846154
0.06216738461538462
-0.103056
-0.23364923076923078
-0.3148006153846154
-0.32272799999999996
-0.2803790769230769
-0.19964492307692308
-0.0826116923076923
0.05298830769230769
0.18858830769230767
0.2912270769230769
0.34922215384615385
0.3548547692307692
0.3156350769230769
0.2422024615384615
0.15187199999999998
0.05820369230769231
-0.03275261538461539
-0.10910584615384614
-0.15792184615384616
-0.16751815384615384
-0.1504116923076923
-0.11202646153846153
-0.07051199999999999
-0.03880246153846154
-0.012099692307692308
0.008344615384615384
0.01814953846153846
0.01710646153846154
0.014185846153846153
0.011891076923076923
0.023364923076923075
0.054240000000000003
0.09387692307692307
0.13038461538461538
0.15228923076923076
0.1635544615384615
0.16188553846153847
0.1368516923076923
0.09033046153846153
0.021487384615384613
-0.05194523076923077
-0.10076123076923077
-0.11807630769230769
-0.09950953846153845
-0.06404492307692307
-0.025033846153846153
0.03108369230769231
0.09512861538461538
0.15625292307692307
0.19463815384615382
0.19881046153846152
0.15813046153846153
0.08010830769230769
0.003755076923076923
-0.07468430769230769
-0.14561353846153846
-0.20110523076923076
-0.23510953846153848
-0.22634769230769228
-0.17419384615384614
-0.08302892307692307
0.026702769230769228
0.13601723076923075
0.23156307692307693
0.2979027692307692
0.32210215384615387
0.3039526153846154
0.23677846153846152
0.1316363076923077
0.015437538461538461
-0.09158215384615384
-0.15562707692307692
-0.1783661538461538
-0.1666836923076923
-0.11181784615384616
-0.02858030769230769
0.07739630769230768
0.18629353846153843
0.2730775384615384
0.3229366153846154
0.3235624615384615
0.2851772307692308
0.2194633846153846
0.12579507692307693
0.007510153846153846
-0.11599015384615384
-0.2225926153846154
-0.28809784615384615
-0.31104553846153843
-0.29456492307692306
-0.24637476923076923
-0.17711446153846155
-0.08761846153846153
0.006884307692307692
0.0936683076923077
0.14707384615384617
0.15896492307692306
0.14206707692307693
0.10055261538461538
0.054240000000000003
0.004589538461538461
-0.040054153846153843
-0.06884307692307692
-0.08574092307692306
-0.08469784615384615
-0.06905169230769231
-0.04756430769230769
-0.022530461538461537
0.0002086153846153846
0.011473846153846154
0.01940123076923077
0.02044430769230769
0.010848
-0.0043809230769230765
-0.026702769230769228
-0.03442153846153846
-0.02482523076923077
-0.0035464615384615383
0.02482523076923077
0.04130584615384615
0.04839876923076923
0.043600615384615383
0.03045784615384615
0.011473846153846154
-0.027120000000000002
-0.06216738461538462
-0.08845292307692308
-0.10535076923076922
-0.0974233846153846
-0.07030338461538461
-0.02545107692307692
0.03692492307692308
0.10326461538461539
0.1792006153846154
0.2517987692307692
0.2997803076923077
0.330864
0.327108923076923
0.29727692307692305
0.24554030769230767
0.16647507692307692
0.06905169230769231
-0.037967999999999995
-0.13205353846153844
-0.19442953846153843
-0.2209236923076923
-0.2140393846153846
-0.1710646153846154
-0.09784061538461537
0.0006258461538461538
0.10827138461538462
0.20235692307692305
0.25805723076923076
0.2720344615384615
0.24887815384615386
0.18253846153846154
0.09679753846153846
-0.0012516923076923076
-0.10159569230769232
-0.18921415384615384
-0.26640184615384616
-0.3087507692307692
-0.3206418461538461
-0.3081249230769231
-0.27140861538461536
-0.22113230769230768
-0.15687876923076924
-0.08448923076923077
-0.012308307692307691
0.05277969230769231
0.10117846153846152
0.1289243076923077
0.1462393846153846
0.15667015384615385
0.16334584615384617
0.146448
0.11327815384615383
0.07885661538461539
0.03775938461538462
0.006049846153846154
-0.02753723076923077
-0.06425353846153846
-0.09658892307692307
-0.13038461538461538
-0.14686523076923075
-0.14561353846153846
-0.124752
-0.08302892307692307
-0.033169846153846154
0.03421292307692308
0.11599015384615384
0.18900553846153845
0.23156307692307693
0.23928184615384615
0.21654276923076923
0.15938215384615384
0.07593599999999999
-0.022947692307692308
-0.1341396923076923
-0.24512307692307692
-0.3377483076923077
-0.3811403076923077
-0.3600701538461538
-0.2883064615384615
-0.18316430769230768
-0.05277969230769231
0.09053907692307692
0.22718215384615387
0.3379569230769231
0.3924055384615385
0.3886504615384615
0.33065538461538463
0.23010276923076922
0.11703323076923078
-0.008761846153846153
-0.1368516923076923
-0.24992123076923078
-0.33482769230769227
-0.36549415384615386
-0.33545353846153847
-0.2568055384615385
-0.1506203076923077
-0.03775938461538462
0.0717636923076923
0.1712732307692308
0.25284184615384614
0.30144923076923075
0.2970683076923077
0.23969907692307693
0.14269292307692305
0.03567323076923076
-0.06404492307692307
-0.1693956923076923
-0.2453316923076923
-0.28955815384615385
-0.2981113846153846
-0.26348123076923075
-0.20444307692307692
-0.12704676923076924
-0.08720123076923077
-0.04819015384615385
0.006258461538461538
0.0771876923076923
0.1612596923076923
0.22342707692307692
0.279336
0.3156350769230769
0.3437981538461538
0.3342018461538461
0.2899753846153846
0.20047938461538461
0.08240307692307691
-0.035255999999999996
-0.14811692307692306
-0.2492953846153846
-0.3342018461538461
-0.3711267692307692
-0.3915710769230769
-0.34317230769230767
-0.24428861538461538
-0.10159569230769232
0.07426707692307692
0.22405292307692307
0.36549415384615386
0.4220289230769231
0.4376750769230769
0.42077723076923074
0.3419206153846154
0.233232
0.06258461538461538
-0.08782707692307692
-0.2205064615384615
-0.3193901538461538
-0.3375396923076923
-0.327108923076923
-0.24720923076923076
-0.11327815384615383
0.04860738461538461
0.22989415384615383
0.3636166153846153
0.46688123076923077
0.5282141538461538
0.5225815384615384
0.4917064615384615
0.39407446153846154
0.23656984615384613
0.05528307692307692
-0.13872923076923074
-0.2870547692307692
-0.39699507692307695
-0.4539470769230769
-0.4349630769230769
-0.36215630769230767
-0.2275993846153846
-0.07259815384615384
0.08010830769230769
0.21216184615384615
0.2939390769230769
0.34776184615384614
0.34004307692307695
0.2860116923076923
0.20402584615384614
0.07155507692307693
-0.05298830769230769
-0.16605784615384614
-0.26348123076923075
-0.3114627692307692
-0.33357600000000004
-0.32564861538461537
-0.2768326153846154
-0.19839323076923077
-0.0880356923076923
0.03859384615384615
0.15959076923076923
0.2578486153846154
0.32043323076923075
0.3479704615384615
0.33649661538461534
0.2776670769230769
0.16689230769230767
0.022947692307692308
-0.100344
-0.1883796923076923
-0.24303692307692307
-0.25805723076923076
-0.2557624615384615
-0.214248
-0.14311015384615386
-0.05382276923076923
0.053614153846153846
0.14164984615384615
0.2154996923076923
0.276624
0.31918153846153846
0.33357600000000004
0.3095852307692307
0.260352
0.16626646153846153
0.03921969230769231
-0.08031692307692308
-0.18504184615384617
-0.2578486153846154
-0.29602523076923076
-0.30270092307692303
-0.252216
-0.14707384615384617
0.003963692307692307
0.17669723076923077
0.31083692307692307
0.40200184615384615
0.4487316923076923
0.4514436923076923
0.4145187692307692
0.3195987692307692
0.18170399999999998
0.01668923076923077
-0.14081538461538462
-0.27975323076923075
-0.38531261538461536
-0.43976123076923074
-0.45206953846153847
-0.4030449230769231
-0.2981113846153846
-0.15354092307692307
0.004589538461538461
0.14394461538461537
0.249504
0.3225193846153846
0.35798399999999997
0.35047384615384614
0.30708184615384615
0.21299630769230768
0.09283384615384616
-0.03650769230769231
-0.15833907692307692
-0.2482523076923077
-0.3148006153846154
-0.34004307692307695
-0.32836061538461536
-0.27599815384615384
-0.1867107692307692
-0.07739630769230768
0.042974769230769226
0.14603076923076924
0.22676492307692306
0.2851772307692308
0.3087507692307692
0.2868461538461538
0.22280123076923075
0.12412615384615384
0.01940123076923077
-0.08010830769230769
-0.17315076923076922
-0.24282830769230768
-0.292896
-0.3068732307692308
-0.28100492307692304
-0.2275993846153846
-0.14874276923076923
-0.06863446153846153
0.010222153846153844
0.09012184615384615
0.1570873846153846
0.20402584615384614
0.22029784615384615
0.20110523076923076
0.15333230769230768
0.09304246153846155
0.032544
-0.03588184615384615
-0.10013538461538461
-0.15354092307692307
-0.1908830769230769
-0.18525046153846153
-0.14749107692307692
-0.08052553846153847
0.003129230769230769
0.09116492307692307
0.1802436923076923
0.249504
0.29039261538461536
0.2943563076923077
0.26097784615384617
0.19067446153846154
0.10243015384615384
0.01814953846153846
-0.04819015384615385
-0.09554584615384615
-0.12808984615384614
-0.13643446153846153
-0.11035753846153845
-0.05736923076923077
0.0016689230769230767
0.06467076923076923
0.11390399999999999
0.1476996923076923
0.17440246153846153
0.18712800000000002
0.1802436923076923
0.15145476923076923
0.11014892307692307
0.06383630769230769
0.023782153846153845
-0.01043076923076923
-0.050067692307692306
-0.08240307692307691
-0.09679753846153846
-0.08991323076923076
-0.05778646153846154
-0.013142769230769229
0.030875076923076922
0.06613107692307692
0.086784
0.09700615384615385
0.09763200000000001
0.07364123076923076
0.031918153846153846
-0.024408000000000003
-0.07405846153846153
-0.10618523076923077
-0.12642092307692307
-0.13101046153846155
-0.12412615384615384
-0.10138707692307691
-0.07113784615384615
-0.022947692307692308
0.03024923076923077
0.0744756923076923
0.10764553846153846
0.12704676923076924
0.14415323076923076
0.15500123076923078
0.15291507692307693
0.13768615384615385
0.111192
0.07197230769230768
0.026494153846153844
-0.017732307692307693
-0.06362769230769232
-0.09721476923076922
-0.11306953846153844
-0.11181784615384616
-0.08428061538461538
-0.046104
0.0
0.04380923076923077
0.08010830769230769
0.11411261538461538
0.1356
0.14290153846153844
0.12454338461538461
0.07677046153846154
0.004798153846153846
-0.07364123076923076
-0.15166338461538462
-0.22530461538461538
-0.2899753846153846
-0.3415033846153846
-0.35860984615384617
-0.3412947692307692
-0.29581661538461534
-0.22947692307692308
-0.15103753846153847
-0.06529661538461538
0.02545107692307692
0.11265230769230769
0.18107815384615383
0.21883753846153844
0.21153599999999997
0.16730953846153845
0.10347323076923076
0.03483876923076923
-0.040262769230769234
-0.11452984615384615
-0.17502830769230768
-0.2075723076923077
-0.20047938461538461
-0.16772676923076923
-0.10597661538461538
-0.031709538461538456
0.04193169230769231
0.11828492307692307
0.18629353846153843
0.24032492307692307
0.26452430769230767
0.25471938461538457
0.21508246153846153
0.14832553846153845
0.07551876923076924
0.0008344615384615384
-0.07635323076923077
-0.1462393846153846
-0.20256553846153844
-0.22405292307692307
-0.208824
-0.16689230769230767
-0.10472492307692308
-0.03483876923076923
0.03629907692307692
0.10347323076923076
0.15687876923076924
0.192552
0.21028430769230766
0.20944984615384615
0.19588984615384614
0.17252492307692308
0.13664307692307692
0.08657538461538461
0.02899753846153846
-0.023364923076923075
-0.05945538461538461
-0.07781353846153846
-0.08323753846153846
-0.06905169230769231
-0.0448523076923077
-0.0070929230769230765
0.03713353846153846
0.07614461538461538
0.11536430769230768
0.14081538461538462
0.15270646153846154
0.15625292307692307
0.154584
0.1476996923076923
0.130176
0.10243015384615384
0.06529661538461538
0.022530461538461537
-0.01272553846153846
-0.04172307692307692
-0.06571384615384615
-0.08344615384615384
-0.10222153846153846
-0.10660246153846153
-0.09658892307692307
-0.06926030769230769
-0.027120000000000002
0.015646153846153844
0.07280676923076923
0.12600369230769232
0.165432
0.19359507692307693
0.1927606153846154
0.17169046153846151
0.1395636923076923
0.10263876923076923
0.061124307692307686
0.006467076923076923
-0.042348923076923076
-0.07781353846153846
-0.10096984615384616
-0.10347323076923076
-0.09241661538461539
-0.06049846153846154
-0.015020307692307692
0.03275261538461539
0.08344615384615384
0.11765907692307691
0.13935507692307691
0.13810338461538463
0.119328
0.08845292307692308
0.04714707692307692
0.008344615384615384
-0.03567323076923076
-0.07155507692307693
-0.10138707692307691
-0.11098338461538461
-0.09846646153846153
-0.06675692307692307
-0.02315630769230769
0.019609846153846155
0.05716061538461538
0.09304246153846155
0.12975876923076923
0.14060676923076923
0.13393107692307693
0.10535076923076922
0.06571384615384615
0.023364923076923075
-0.02795446153846154
-0.07781353846153846
-0.12308307692307692
-0.15687876923076924
-0.17002153846153847
-0.154584
-0.13184492307692308
-0.10576799999999999
-0.0880356923076923
-0.07781353846153846
-0.06070707692307692
-0.04526953846153846
-0.028163076923076923
-0.026702769230769228
-0.03233538461538461
-0.03963692307692308
-0.042557538461538466
-0.03045784615384615
-0.014603076923076923
0.004589538461538461
0.01710646153846154
0.03713353846153846
0.06154153846153846
0.07426707692307692
0.07885661538461539
0.07510153846153846
0.06717415384615384
0.06258461538461538
0.07092923076923077
0.08490646153846154
0.10159569230769232
0.124752
0.1476996923076923
0.16730953846153845
0.1800350769230769
0.17085599999999998
0.14144123076923076
0.08782707692307692
0.026494153846153844
-0.013560000000000001
-0.04902461538461538
-0.07572738461538461
-0.09053907692307692
-0.08615815384615384
-0.05820369230769231
-0.015020307692307692
0.03984553846153846
0.07843938461538462
0.09304246153846155
0.08448923076923077
0.06049846153846154
0.027120000000000002
-0.025033846153846153
-0.08490646153846154
-0.14978584615384616
-0.20110523076923076
-0.21988061538461537
-0.20673784615384616
-0.16167692307692308
-0.10722830769230769
-0.042348923076923076
0.03400430769230769
0.11181784615384616
0.18232984615384615
0.22154953846153846
0.21904615384615383
0.1779489230769231
0.11140061538461538
0.037967999999999995
-0.04526953846153846
-0.12412615384615384
-0.19213476923076922
-0.23281476923076924
-0.2492953846153846
-0.2369870769230769
-0.20193969230769232
-0.1693956923076923
-0.12579507692307693
-0.1097316923076923
-0.08782707692307692
-0.07092923076923077
-0.021904615384615383
0.06195876923076923
0.20527753846153846
0.3713353846153846
0.4733483076923077
0.6425353846153846
0.7570652307692307
0.8534455384615384
0.8676313846153846
0.709500923076923
0.4781464615384615
0.1028473846153846
-0.2716172307692308
-0.6792516923076923
-1.0766639999999998
-1.347238153846154
-1.5130873846153847
-1.4244258461538462
-1.1365366153846155
-0.66444
-0.059872615384615385
0.5280055384615384
1.1058701538461537
1.5326972307692306
1.7467366153846153
1.734219692307692
1.4225483076923076
0.9204110769230769
0.2709913846153846
-0.4485230769230769
-1.0389046153846153
-1.496398153846154
-1.7354713846153846
-1.7233716923076923
-1.5183027692307691
-1.0841741538461538
-0.5209126153846153
0.14060676923076923
0.810888
1.345152
1.709603076923077
1.8541735384615385
1.782409846153846
1.4943119999999999
1.0038572307692308
0.4163963076923077
-0.21237046153846154
-0.7837679999999999
-1.1909852307692308
-1.436316923076923
-1.4784572307692307
-1.3407710769230767
-1.061435076923077
-0.6460818461538461
-0.19442953846153843
0.25659692307692306
0.6704898461538461
0.9587963076923077
1.1331987692307692
1.168246153846154
1.0662332307692308
0.8601212307692307
0.5471981538461539
0.18963138461538462
-0.200688
-0.5774473846153846
-0.8918307692307692
-1.1317384615384616
-1.2629575384615384
-1.2996738461538462
-1.2043366153846153
-0.9577532307692307
-0.6068621538461538
-0.1637630769230769
0.30520430769230766
0.7460086153846153
1.1248541538461538
1.365804923076923
1.4640627692307693
1.3745667692307693
1.0843827692307693
0.671532923076923
0.165432
-0.3536030769230769
-0.82716
-1.2141415384615384
-1.4254689230769229
-1.4623938461538462
-1.3002996923076922
-0.9423156923076923
-0.4518609230769231
0.1506203076923077
0.7503895384615384
1.2596196923076923
1.6263655384615385
1.7738566153846154
1.700424
1.3964713846153844
0.9018443076923077
0.314592
-0.3054129230769231
-0.8638763076923077
-1.2875741538461538
-1.5539759999999998
-1.6077987692307691
-1.445496
-1.090849846153846
-0.6012295384615385
-0.06654830769230768
0.46542092307692307
0.9039304615384615
1.2126812307692307
1.363092923076923
1.316363076923077
1.0870947692307693
0.6938547692307693
0.2261390769230769
-0.2415766153846154
-0.6558867692307692
-0.9525378461538462
-1.1158836923076922
-1.1421692307692308
-1.0192947692307692
-0.7693735384615384
-0.43329415384615383
-0.05736923076923077
0.2849686153846154
0.5786990769230769
0.794616
0.9041390769230769
0.9160301538461537
0.8104707692307692
0.6218824615384615
0.37655076923076924
0.12579507692307693
-0.08761846153846153
-0.2703655384615385
-0.40325353846153844
-0.5054750769230769
-0.5645132307692308
-0.5563772307692307
-0.48628246153846155
-0.3600701538461538
-0.2127876923076923
-0.06467076923076923
0.0855323076923077
0.235944
0.3826006153846154
0.504432
0.5636787692307692
0.5509532307692308
0.4896203076923077
0.38927630769230764
0.2618123076923077
0.11536430769230768
-0.05027630769230769
-0.21445661538461538
-0.34651015384615386
-0.42348923076923073
-0.4518609230769231
-0.44122153846153844
-0.3978295384615384
-0.3246055384615385
-0.20402584615384614
-0.05507446153846154
0.1045163076923077
0.25012984615384615
0.35256
0.425784
0.4539470769230769
0.4360061538461539
0.3863556923076923
0.3012406153846154
0.1908830769230769
0.07301538461538462
-0.021696
-0.07426707692307692
-0.09930092307692308
-0.10576799999999999
-0.10243015384615384
-0.09199938461538461
-0.05778646153846154
-0.012934153846153845
0.041514461538461535
0.07885661538461539
0.09533723076923077
0.11599015384615384
0.12496061538461539
0.143736
0.15103753846153847
0.13998092307692306
0.1341396923076923
0.11953661538461538
0.10722830769230769
0.08052553846153847
0.02357353846153846
-0.04526953846153846
-0.12454338461538461
-0.20360861538461536
-0.26494153846153845
-0.30833353846153844
-0.33566215384615383
-0.3402516923076923
-0.3137575384615385
-0.24679199999999998
-0.14123261538461537
-0.02273907692307692
0.0853236923076923
0.16876984615384616
0.22342707692307692
0.23761292307692305
0.21132738461538458
0.14582215384615385
0.03942830769230769
-0.08490646153846154
-0.2140393846153846
-0.3246055384615385
-0.3978295384615384
-0.4320424615384615
-0.41264123076923076
-0.3350363076923077
-0.20465169230769228
-0.03233538461538461
0.1502030769230769
0.31188
0.4383009230769231
0.5175747692307692
0.5365587692307692
0.4848221538461538
0.3686233846153846
0.2090326153846154
0.028788923076923077
-0.14603076923076924
-0.29414769230769233
-0.40054153846153845
-0.45269538461538456
-0.4476886153846154
-0.3750904615384615
-0.2415766153846154
-0.08010830769230769
0.08740984615384616
0.23406646153846156
0.3369138461538461
0.3984553846153846
0.41660492307692304
0.3805144615384615
0.3016578461538461
0.1785747692307692
0.03692492307692308
-0.0974233846153846
-0.21842030769230766
-0.30249230769230767
-0.35318584615384613
-0.36319938461538465
-0.3291950769230769
-0.2572227692307692
-0.15374953846153847
-0.029414769230769227
0.09053907692307692
0.19609846153846153
0.28267384615384616
0.32877784615384614
0.34358953846153845
0.31751261538461534
0.25701415384615384
0.16793538461538463
0.05674338461538461
-0.054240000000000003
-0.16021661538461537
-0.23823876923076923
-0.2872633846153846
-0.30061476923076924
-0.2689052307692308
-0.19296923076923078
-0.07614461538461538
0.05611753846153846
0.18775384615384613
0.290184
0.3636166153846153
0.40659138461538463
0.39866399999999996
0.34338092307692303
0.23531815384615382
0.10535076923076922
-0.018358153846153843
-0.12808984615384614
-0.21007569230769232
-0.26619323076923074
-0.2912270769230769
-0.2712
-0.21529107692307692
-0.13038461538461538
-0.02753723076923077
0.07551876923076924
0.1775316923076923
0.2626467692307692
0.31626092307692305
0.33253292307692306
0.30854215384615385
0.2453316923076923
0.16063384615384615
0.06467076923076923
-0.032544
-0.11953661538461538
-0.18796246153846152
-0.22134092307692307
-0.22134092307692307
-0.1792006153846154
-0.09387692307692307
0.025033846153846153
0.15938215384615384
0.2774584615384615
0.36778892307692307
0.4159790769230769
0.4111809230769231
0.3646596923076923
0.2647329230769231
0.12808984615384614
-0.011891076923076923
-0.14978584615384616
-0.2568055384615385
-0.33023815384615385
-0.3646596923076923
-0.347136
-0.2862203076923077
-0.17690584615384616
-0.05111076923076923
0.07072061538461538
0.1721076923076923
0.2369870769230769
0.27286892307692306
0.2561796923076923
0.19380369230769232
0.09575446153846154
-0.02858030769230769
-0.1502030769230769
-0.26452430769230767
-0.3558978461538462
-0.4026276923076923
-0.40095876923076923
-0.34943076923076927
-0.2540935384615385
-0.1289243076923077
0.009179076923076922
0.14144123076923076
0.25430215384615384
0.33253292307692306
0.3692492307692308
0.35965292307692304
0.30249230769230767
0.19839323076923077
0.06425353846153846
-0.06759138461538462
-0.18379015384615385
-0.27704123076923076
-0.3408775384615384
-0.36215630769230767
-0.33816553846153846
-0.2737033846153846
-0.18128676923076922
-0.06529661538461538
0.05277969230769231
0.15124615384615384
0.23823876923076923
0.2997803076923077
0.32877784615384614
0.31396615384615384
0.25346769230769234
0.168144
0.07364123076923076
-0.02524246153846154
-0.11807630769230769
-0.19755876923076923
-0.26076923076923075
-0.29456492307692306
-0.292896
-0.26097784615384617
-0.20632061538461538
-0.13038461538461538
-0.05069353846153846
0.03045784615384615
0.116616
0.18650215384615382
0.23510953846153848
0.25555384615384613
0.25388492307692306
0.2422024615384615
0.20444307692307692
0.14916
0.08386338461538462
0.014185846153846153
-0.058829538461538454
-0.11390399999999999
-0.13226215384615383
-0.13747753846153846
-0.12391753846153845
-0.08636676923076922
-0.015228923076923076
0.08511507692307693
0.18796246153846152
0.2814221538461538
0.3513083076923077
0.3924055384615385
0.39657784615384617
0.36445107692307693
0.29498215384615384
0.18879692307692306
0.05298830769230769
-0.09074769230769231
-0.20652923076923077
-0.2937304615384615
-0.3387913846153846
-0.3442153846153846
-0.3129230769230769
-0.23010276923076922
-0.1151556923076923
0.015854769230769228
0.1397723076923077
0.22718215384615387
0.27599815384615384
0.29331323076923077
0.27432923076923077
0.2275993846153846
0.14519630769230768
0.034630153846153845
-0.07593599999999999
-0.16459753846153846
-0.2209236923076923
-0.24887815384615386
-0.24324553846153843
-0.22342707692307692
-0.18232984615384615
-0.10368184615384615
-0.006258461538461538
0.09158215384615384
0.16418030769230768
0.2059033846153846
0.22488738461538463
0.22718215384615387
0.21320492307692307
0.17419384615384614
0.1097316923076923
0.03150092307692308
-0.03901107692307692
-0.09971815384615385
-0.15333230769230768
-0.192552
-0.22321846153846153
-0.23510953846153848
-0.20673784615384616
-0.14477907692307693
-0.06738276923076922
0.0077187692307692304
0.04109723076923077
0.05799507692307692
0.08636676923076922
0.1045163076923077
0.11953661538461538
0.10117846153846152
0.06383630769230769
0.031918153846153846
0.019609846153846155
0.021696
0.028788923076923077
0.04422646153846154
-0.042974769230769226
-0.1395636923076923
-0.1804523076923077
-0.24554030769230767
-0.19735015384615384
-0.19150892307692308
-0.252216
-0.21925476923076925
-0.19818461538461538
-0.024408000000000003
0.1358086153846154
0.19150892307692308
0.249504
0.20798953846153845
0.2682793846153846
0.3081249230769231
0.2726603076923077
0.17732307692307692
-0.037342153846153844
-0.13497415384615385
-0.21028430769230766
-0.222384
-0.17315076923076922
-0.19964492307692308
-0.10180430769230768
-0.0043809230769230765
0.12537784615384615
0.3275261538461538
0.3740473846153846
0.42599261538461536
0.4090947692307692
0.28246523076923075
0.21967199999999998
0.0798996923076923
-0.021696
-0.07259815384615384
-0.17002153846153847
-0.17085599999999998
-0.15333230769230768
-0.0717636923076923
0.04756430769230769
0.08991323076923076
0.1341396923076923
0.13935507692307691
0.16251138461538459
0.19150892307692308
0.13643446153846153
0.09158215384615384
0.025659692307692307
-0.022947692307692308
0.004589538461538461
-0.010848
-0.010013538461538461
-0.01272553846153846
-0.04819015384615385
-0.005424
0.009179076923076922
-0.014185846153846153
-0.03045784615384615
-0.09095630769230768
-0.11265230769230769
-0.11891076923076922
-0.12808984615384614
-0.10201292307692307
-0.07092923076923077
-0.006049846153846154
0.06028984615384615
0.12955015384615384
0.18316430769230768
0.18107815384615383
0.18379015384615385
0.14144123076923076
0.06571384615384615
0.0029206153846153843
-0.09596307692307693
-0.16251138461538459
-0.21883753846153844
-0.2618123076923077
-0.22530461538461538
-0.18128676923076922
-0.09867507692307692
0.0
0.07510153846153846
0.17982646153846152
0.25513661538461535
0.28246523076923075
0.25764
0.1785747692307692
0.10138707692307691
0.010639384615384617
-0.08198584615384615
-0.17419384615384614
-0.26368984615384616
-0.2751636923076923
-0.22342707692307692
-0.1289243076923077
0.008136
0.11473846153846154
0.2154996923076923
0.2966510769230769
0.30562153846153844
0.3062473846153846
0.25117292307692307
0.15249784615384615
0.06154153846153846
-0.05173661538461538
-0.12308307692307692
-0.16292861538461537
-0.1779489230769231
-0.15082892307692305
-0.10994030769230768
-0.03504738461538461
0.03504738461538461
0.09679753846153846
0.15354092307692307
0.1696043076923077
0.168144
0.11619876923076923
0.04109723076923077
-0.006675692307692307
-0.07343261538461537
-0.12767261538461538
-0.15896492307692306
-0.1804523076923077
-0.13330523076923076
-0.06133292307692308
0.012516923076923077
0.09471138461538461
0.1341396923076923
0.1639716923076923
0.17419384615384614
0.15833907692307692
0.13518276923076925
0.07197230769230768
0.010639384615384617
-0.04860738461538461
-0.09930092307692308
-0.11828492307692307
-0.13643446153846153
-0.11432123076923076
-0.08156861538461539
-0.06008123076923077
-0.015646153846153844
0.011891076923076923
0.05757784615384615
0.09679753846153846
0.08135999999999999
0.05528307692307692
0.006258461538461538
-0.026911384615384615
-0.03838523076923077
-0.07197230769230768
-0.09512861538461538
-0.11286092307692308
-0.11557292307692307
-0.09053907692307692
-0.05736923076923077
-0.014603076923076923
-0.0029206153846153843
-0.015437538461538461
-0.015854769230769228
-0.015646153846153844
-0.0070929230769230765
-0.005215384615384615
-0.009179076923076922
0.009596307692307692
0.023990769230769232
0.061124307692307686
0.12204
0.16647507692307692
0.2125790769230769
0.22467876923076924
0.22634769230769228
0.23072861538461537
0.20652923076923077
0.1710646153846154
0.09971815384615385
0.021904615384615383
-0.027745846153846152
-0.04693846153846153
-0.03379569230769231
-0.02023569230769231
0.00855323076923077
0.054657230769230764
0.10681107692307691
0.18149538461538461
0.23364923076923078
0.24199384615384617
0.22405292307692307
0.1800350769230769
0.13455692307692307
0.06988615384615385
-0.017315076923076923
-0.09971815384615385
-0.17961784615384613
-0.23531815384615382
-0.254928
-0.2426196923076923
-0.200688
-0.14206707692307693
-0.06613107692307692
0.026076923076923077
0.11473846153846154
0.18650215384615382
0.21153599999999997
0.18629353846153843
0.1314276923076923
0.05319692307692307
-0.016897846153846156
-0.08240307692307691
-0.14081538461538462
-0.19067446153846154
-0.23135446153846154
-0.22488738461538463
-0.18253846153846154
-0.12704676923076924
-0.06654830769230768
-0.01981846153846154
0.017315076923076923
0.05027630769230769
0.06425353846153846
0.06550523076923077
0.04130584615384615
-0.0022947692307692304
-0.040054153846153843
-0.07364123076923076
-0.08761846153846153
-0.10159569230769232
-0.10096984615384616
-0.07906523076923076
-0.051528
-0.009596307692307692
0.011265230769230769
0.011473846153846154
0.0022947692307692304
-0.023990769230769232
-0.040262769230769234
-0.04714707692307692
-0.05048492307692308
-0.03755076923076923
-0.013560000000000001
0.032544
0.09241661538461539
0.1489513846153846
0.18712800000000002
0.18942276923076923
0.16584923076923075
0.11452984615384615
0.03984553846153846
-0.04214030769230769
-0.1314276923076923
-0.21049292307692305
-0.26786215384615386
-0.287472
-0.25138153846153843
-0.18712800000000002
-0.10138707692307691
-0.01043076923076923
0.07489292307692308
0.15833907692307692
0.21654276923076923
0.23928184615384615
0.21883753846153844
0.15520984615384617
0.06967753846153846
-0.017523692307692306
-0.10013538461538461
-0.1760713846153846
-0.23114584615384615
-0.24449723076923074
-0.2073636923076923
-0.12120553846153845
-0.007927384615384614
0.10889723076923077
0.20006215384615383
0.2540935384615385
0.2853858461538461
0.28350830769230767
0.2480436923076923
0.1829556923076923
0.09262523076923077
0.007301538461538462
-0.06154153846153846
-0.111192
-0.12829846153846153
-0.12558646153846154
-0.10493353846153847
-0.06592246153846154
-0.017940923076923077
0.03045784615384615
0.065088
0.08761846153846153
0.10576799999999999
0.11181784615384616
0.119328
0.12496061538461539
0.10764553846153846
0.073224
0.018983999999999997
-0.02858030769230769
-0.065088
-0.09763200000000001
-0.12245723076923076
-0.14164984615384615
-0.13476553846153844
-0.10117846153846152
-0.04380923076923077
0.020652923076923076
0.08448923076923077
0.12850707692307692
0.15333230769230768
0.1710646153846154
0.15917353846153848
0.12433476923076923
0.06195876923076923
-0.013768615384615384
-0.0798996923076923
-0.13038461538461538
-0.14582215384615385
-0.14436184615384615
-0.11703323076923078
-0.062376
0.0077187692307692304
0.09658892307692307
0.17502830769230768
0.22300984615384614
0.2369870769230769
0.21466523076923077
0.1612596923076923
0.0963803076923077
0.012934153846153845
-0.06675692307692307
-0.13184492307692308
-0.17648861538461538
-0.1860849230769231
-0.1733593846153846
-0.12642092307692307
-0.059872615384615385
0.01814953846153846
0.10076123076923077
0.17565415384615385
0.23782153846153845
0.26118646153846153
0.24658338461538462
0.20402584615384614
0.13768615384615385
0.06633969230769231
-0.006049846153846154
-0.08115138461538463
-0.1395636923076923
-0.1800350769230769
-0.1942209230769231
-0.17481969230769231
-0.13664307692307692
-0.07364123076923076
-0.010639384615384617
0.03588184615384615
0.08010830769230769
0.10347323076923076
0.11014892307692307
0.09533723076923077
0.06216738461538462
0.02858030769230769
-0.015437538461538461
-0.05173661538461538
-0.08156861538461539
-0.11181784615384616
-0.12704676923076924
-0.14102399999999998
-0.15124615384615384
-0.15208061538461537
-0.14707384615384617
-0.12329169230769231
-0.07677046153846154
-0.004798153846153846
0.08949599999999999
0.1760713846153846
0.25346769230769234
0.3214763076923077
0.35860984615384617
0.36319938461538465
0.31918153846153846
0.235944
0.1341396923076923
0.022947692307692308
-0.07551876923076924
-0.15520984615384617
-0.2075723076923077
-0.22593046153846155
-0.20298276923076922
-0.13726892307692307
-0.047772923076923074
0.053614153846153846
0.14728246153846153
0.22280123076923075
0.2768326153846154
0.2906012307692308
0.2674449230769231
0.20486030769230767
0.10639384615384614
-0.0029206153846153843
-0.11181784615384616
-0.21174461538461536
-0.2814221538461538
-0.3193901538461538
-0.3206418461538461
-0.27286892307692306
-0.18086953846153844
-0.045060923076923075
0.09554584615384615
0.22154953846153846
0.3202246153846154
0.3752990769230769
0.40095876923076923
0.37613353846153846
0.30436984615384616
0.19526400000000002
0.06300184615384616
-0.03650769230769231
-0.10201292307692307
-0.1341396923076923
-0.12913292307692306
-0.11140061538461538
-0.06133292307692308
0.01043076923076923
0.08428061538461538
0.15604430769230768
0.18170399999999998
0.16772676923076923
0.13393107692307693
0.09137353846153846
0.06008123076923077
0.011682461538461537
-0.04088861538461538
-0.078648
-0.10535076923076922
-0.09304246153846155
-0.05924676923076923
-0.018775384615384614
0.017732307692307693
0.022530461538461537
0.028163076923076923
0.029623384615384614
0.011265230769230769
-0.012934153846153845
-0.06633969230769231
-0.12162276923076921
-0.16501476923076921
-0.2090326153846154
-0.23114584615384615
-0.19881046153846152
-0.1205796923076923
-0.0035464615384615383
0.15750461538461538
0.31396615384615384
0.47689476923076923
0.5930935384615384
0.628140923076923
0.5880867692307692
0.4512350769230769
0.2703655384615385
0.05736923076923077
-0.13205353846153844
-0.3312812307692308
-0.4914978461538461
-0.5494929230769231
-0.553248
-0.427452923076923
-0.26619323076923074
-0.08991323076923076
0.10201292307692307
0.24574892307692306
0.3844781538461538
0.4268270769230769
0.37196123076923077
0.25659692307692306
0.09930092307692308
-0.03713353846153846
-0.18191261538461537
-0.29414769230769233
-0.35235138461538457
-0.3550633846153846
-0.2601433846153846
-0.12683815384615382
0.02482523076923077
0.15208061538461537
0.21466523076923077
0.2705741538461538
0.25242461538461536
0.1800350769230769
0.09533723076923077
-0.008761846153846153
-0.04047138461538462
-0.047772923076923074
-0.04318338461538461
-0.019609846153846155
-0.014394461538461538
0.005841230769230769
0.005215384615384615
-0.025659692307692307
-0.07969107692307692
-0.14790830769230767
-0.19693292307692306
-0.24908676923076922
-0.2870547692307692
-0.29602523076923076
-0.2845513846153846
-0.22572184615384616
-0.14436184615384615
-0.05236246153846154
0.061124307692307686
0.16105107692307694
0.25847446153846154
0.3235624615384615
0.3062473846153846
0.23928184615384615
0.12329169230769231
-0.026494153846153844
-0.17815753846153848
-0.32606584615384615
-0.42182030769230766
-0.43976123076923074
-0.37947138461538454
-0.24324553846153843
-0.07593599999999999
0.0961716923076923
0.2415766153846154
0.34504984615384615
0.3944916923076923
0.35631507692307696
0.2601433846153846
0.11828492307692307
-0.043392
-0.1785747692307692
-0.2832996923076923
-0.327108923076923
-0.3087507692307692
-0.25305046153846156
-0.15687876923076924
-0.040679999999999994
0.07280676923076923
0.16501476923076921
0.20715507692307691
0.20360861538461536
0.16438892307692307
0.09658892307692307
0.026702769230769228
-0.044435076923076924
-0.10013538461538461
-0.13372246153846154
-0.124752
-0.053405538461538456
0.04214030769230769
0.15833907692307692
0.26452430769230767
0.33607938461538456
0.38343507692307693
0.37300430769230764
0.3012406153846154
0.18712800000000002
0.030040615384615384
-0.11473846153846154
-0.2303113846153846
-0.31062830769230765
-0.3277347692307692
-0.30416123076923074
-0.22572184615384616
-0.10618523076923077
0.04047138461538462
0.18170399999999998
0.27182584615384614
0.3216849230769231
0.3160523076923077
0.25972615384615383
0.16438892307692307
0.02899753846153846
-0.10493353846153847
-0.22342707692307692
-0.3160523076923077
-0.3415033846153846
-0.3214763076923077
-0.2497126153846154
-0.12955015384615384
0.0022947692307692304
0.146448
0.26723630769230766
0.34963938461538463
0.39324
0.37655076923076924
0.30979384615384614
0.200688
0.07030338461538461
-0.05486584615384615
-0.1802436923076923
-0.2837169230769231
-0.3479704615384615
-0.3609046153846154
-0.3160523076923077
-0.24908676923076922
-0.16230276923076925
-0.0744756923076923
-0.006258461538461538
0.059872615384615385
0.09679753846153846
0.09909230769230769
0.073224
0.023990769230769232
-0.014185846153846153
-0.04214030769230769
-0.058829538461538454
-0.061124307692307686
-0.054657230769230764
-0.03504738461538461
-0.015020307692307692
-0.0035464615384615383
-0.003755076923076923
-0.021278769230769233
-0.04693846153846153
-0.07113784615384615
-0.08052553846153847
-0.06341907692307691
-0.02858030769230769
0.019192615384615384
0.08010830769230769
0.15208061538461537
0.2369870769230769
0.31667815384615383
0.36945784615384614
0.3836436923076923
0.34776184615384614
0.2720344615384615
0.17523692307692307
0.058829538461538454
-0.06675692307692307
-0.18942276923076923
-0.28350830769230767
-0.3202246153846154
-0.2943563076923077
-0.2157083076923077
-0.10368184615384615
0.026702769230769228
0.1558356923076923
0.2666104615384615
0.3452584615384615
0.36382523076923073
0.32001599999999997
0.22843384615384613
0.10910584615384614
-0.012934153846153845
-0.12266584615384615
-0.20652923076923077
-0.25367630769230765
-0.25159015384615385
-0.19547261538461536
-0.0897046153846154
0.033169846153846154
0.15520984615384617
0.25555384615384613
0.30979384615384614
0.32543999999999995
0.28955815384615385
0.2154996923076923
0.10827138461538462
-0.02023569230769231
-0.13643446153846153
-0.22864246153846152
-0.2722430769230769
-0.2626467692307692
-0.20840676923076923
-0.1316363076923077
-0.04693846153846153
0.04401784615384615
0.1151556923076923
0.15145476923076923
0.14185846153846154
0.0936683076923077
0.026285538461538457
-0.05069353846153846
-0.11536430769230768
-0.1558356923076923
-0.1704387692307692
-0.1531236923076923
-0.09053907692307692
0.006675692307692307
0.10827138461538462
0.19693292307692306
0.252216
0.26869661538461537
0.25701415384615384
0.21153599999999997
0.14290153846153844
0.06529661538461538
-0.014185846153846153
-0.07927384615384615
-0.12788123076923075
-0.14185846153846154
-0.1218313846153846
-0.0771876923076923
-0.008970461538461538
0.06383630769230769
0.1368516923076923
0.1927606153846154
0.2207150769230769
0.22634769230769228
0.19588984615384614
0.14164984615384615
0.07677046153846154
0.00855323076923077
-0.04380923076923077
-0.0892873846153846
-0.11953661538461538
-0.11870215384615385
-0.09158215384615384
-0.05319692307692307
-0.005424
0.045895384615384616
0.09450276923076922
0.13518276923076925
0.1558356923076923
0.17315076923076922
0.17023015384615386
0.14916
0.13601723076923075
0.11265230769230769
0.08991323076923076
0.06383630769230769
0.034630153846153845
0.02586830769230769
0.019609846153846155
0.015020307692307692
0.006258461538461538
-0.005632615384615384
-0.013142769230769229
-0.019192615384615384
-0.01668923076923077
-0.008970461538461538
0.0025033846153846152
0.012934153846153845
0.022947692307692308
0.03045784615384615
0.03775938461538462
0.03921969230769231
0.027328615384615382
0.0050067692307692304
-0.028163076923076923
-0.059664
-0.08490646153846154
-0.10514215384615383
-0.12162276923076921
-0.12621230769230768
-0.116616
-0.08720123076923077
-0.040679999999999994
-0.0014603076923076922
0.02899753846153846
0.05403138461538461
0.08240307692307691
0.10994030769230768
0.11557292307692307
0.09992676923076924
0.07134646153846153
0.03358707692307692
0.0018775384615384615
-0.026702769230769228
-0.04860738461538461
-0.06946892307692307
-0.09930092307692308
-0.10493353846153847
-0.09700615384615385
-0.07197230769230768
-0.03692492307692308
-0.010848
0.008136
0.008344615384615384
0.0008344615384615384
-0.014185846153846153
-0.03838523076923077
-0.06362769230769232
-0.08031692307692308
-0.07823076923076923
-0.051319384615384614
-0.011265230769230769
0.028163076923076923
0.05486584615384615
0.07134646153846153
0.08574092307692306
0.08094276923076923
0.05590892307692308
0.009596307692307692
-0.04631261538461538
-0.08344615384615384
-0.10368184615384615
-0.10180430769230768
-0.07364123076923076
-0.03129230769230769
0.03233538461538461
0.11181784615384616
0.1881710769230769
0.24512307692307692
0.26911384615384615
0.25284184615384614
0.2056947692307692
0.13706030769230768
0.05236246153846154
-0.03421292307692308
-0.12037107692307693
-0.19046584615384615
-0.23281476923076924
-0.24658338461538462
-0.22801661538461537
-0.19505538461538463
-0.15228923076923076
-0.092208
-0.026285538461538457
0.042557538461538466
0.09784061538461537
0.12099692307692309
0.11891076923076922
0.0855323076923077
0.033169846153846154
-0.03045784615384615
-0.10493353846153847
-0.1775316923076923
-0.23281476923076924
-0.2509643076923077
-0.22551323076923077
-0.165432
-0.08761846153846153
-0.007510153846153846
0.06216738461538462
0.11640738461538462
0.15667015384615385
0.18086953846153844
0.16856123076923077
0.12725538461538463
0.07656184615384615
0.02899753846153846
0.0008344615384615384
-0.017523692307692306
-0.030875076923076922
-0.03337846153846154
-0.026285538461538457
-0.00855323076923077
0.011891076923076923
0.017940923076923077
0.009804923076923077
0.0002086153846153846
-0.0050067692307692304
-0.003963692307692307
-0.002086153846153846
0.008970461538461538
0.03024923076923077
0.051319384615384614
0.0828203076923077
0.111192
0.13205353846153844
0.12579507692307693
0.08219446153846154
0.027328615384615382
-0.041514461538461535
-0.10180430769230768
-0.15082892307692305
-0.18775384615384613
-0.200688
-0.19547261538461536
-0.15291507692307693
-0.08323753846153846
-0.012099692307692308
0.05048492307692308
0.09137353846153846
0.11974523076923077
0.13601723076923075
0.12683815384615382
0.09763200000000001
0.042974769230769226
-0.01668923076923077
-0.06905169230769231
-0.10910584615384614
-0.12099692307692309
-0.11724184615384614
-0.09199938461538461
-0.046104
0.009804923076923077
0.07510153846153846
0.13601723076923075
0.18483323076923078
0.2140393846153846
0.21508246153846153
0.19797599999999999
0.15875630769230767
0.09721476923076922
0.02315630769230769
-0.04672984615384615
-0.09450276923076922
-0.11140061538461538
-0.09575446153846154
-0.053614153846153846
0.0012516923076923076
0.056951999999999996
0.1151556923076923
0.1597993846153846
0.17502830769230768
0.15416676923076922
0.10681107692307691
0.04860738461538461
-0.010848
-0.06592246153846154
-0.09784061538461537
-0.12558646153846154
-0.15959076923076923
-0.16167692307692308
-0.13330523076923076
-0.07677046153846154
-0.027120000000000002
0.01272553846153846
0.05277969230769231
0.12287446153846153
0.1908830769230769
0.3387913846153846
0.441012923076923
0.279336
0.18066092307692305
0.026076923076923077
-0.09012184615384615
-0.04652123076923077
-0.25701415384615384
-0.4170221538461538
-0.5457378461538461
-0.547824
-0.28809784615384615
-0.13935507692307691
0.04839876923076923
0.11140061538461538
0.2424110769230769
0.5029716923076922
0.6045673846153846
0.6938547692307693
0.4681329230769231
0.20277415384615383
0.04401784615384615
-0.19547261538461536
-0.24428861538461538
-0.4090947692307692
-0.545112
-0.49692184615384616
-0.5534566153846153
-0.3573581538461538
-0.1353913846153846
-0.0008344615384615384
0.26765353846153844
0.32001599999999997
0.3919883076923077
0.49045476923076925
0.46729846153846155
0.5280055384615384
0.41556184615384617
0.22843384615384613
0.06195876923076923
-0.11432123076923076
-0.13852061538461538
-0.23156307692307693
-0.3508910769230769
-0.4182738461538461
-0.44956615384615384
-0.2757895384615385
-0.11557292307692307
-0.006258461538461538
0.1353913846153846
0.18379015384615385
0.31855569230769226
0.441012923076923
0.4255753846153846
0.4251581538461538
0.30416123076923074
0.17523692307692307
0.10848000000000001
-0.051319384615384614
-0.19004861538461537
-0.34338092307692303
-0.47960676923076917
-0.5121507692307692
-0.5165316923076922
-0.4489403076923077
-0.33524492307692305
-0.14811692307692306
0.05820369230769231
0.22447015384615385
0.4489403076923077
0.5816196923076923
0.6560953846153846
0.6765396923076923
0.5263366153846154
0.3836436923076923
0.19025723076923076
-0.04547815384615384
-0.23135446153846154
-0.44414215384615385
-0.547824
-0.5507446153846154
-0.5000510769230769
-0.35965292307692304
-0.21925476923076925
-0.026285538461538457
0.21612553846153845
0.4115981538461538
0.5317606153846154
0.527171076923077
0.48649107692307686
0.42307199999999995
0.2828824615384615
0.13476553846153844
-0.084072
-0.2720344615384615
-0.33545353846153847
-0.3805144615384615
-0.3239796923076923
-0.23677846153846152
-0.16647507692307692
-0.017315076923076923
0.10430769230769231
0.21508246153846153
0.3202246153846154
0.34233784615384616
0.33670523076923076
0.2822566153846154
0.19568123076923075
0.111192
0.023782153846153845
-0.02482523076923077
-0.06821723076923077
-0.08198584615384615
-0.07969107692307692
-0.086784
-0.031709538461538456
0.005841230769230769
0.03755076923076923
0.07614461538461538
0.04902461538461538
0.06195876923076923
0.08782707692307692
0.06988615384615385
0.059664
0.008136
-0.02795446153846154
-0.0012516923076923076
0.006884307692307692
0.011891076923076923
-0.006675692307692307
-0.03692492307692308
-0.026285538461538457
-0.023990769230769232
-0.021904615384615383
-0.02482523076923077
-0.038176615384615385
-0.042974769230769226
-0.06446215384615385
-0.05444861538461539
-0.03713353846153846
-0.012934153846153845
0.05945538461538461
0.08219446153846154
0.08887015384615385
0.09074769230769231
0.07238953846153846
0.09199938461538461
0.06404492307692307
-0.004589538461538461
-0.061124307692307686
-0.1218313846153846
-0.1316363076923077
-0.1218313846153846
-0.1341396923076923
-0.14018953846153845
-0.14290153846153844
-0.10555938461538462
-0.05528307692307692
-0.016063384615384615
0.02044430769230769
0.013351384615384614
0.018983999999999997
0.031709538461538456
0.023990769230769232
0.03296123076923077
0.01668923076923077
0.008136
0.006467076923076923
-0.015228923076923076
0.012099692307692308
0.05069353846153846
0.08240307692307691
0.10076123076923077
0.08428061538461538
0.09283384615384616
0.11578153846153846
0.13601723076923075
0.13205353846153844
0.08156861538461539
0.030040615384615384
0.006884307692307692
0.029623384615384614
0.061750153846153844
0.06216738461538462
0.05799507692307692
0.06258461538461538
0.09304246153846155
0.13226215384615383
0.12621230769230768
0.10096984615384616
0.06592246153846154
0.018983999999999997
-0.011265230769230769
-0.05716061538461538
-0.10931446153846153
-0.14582215384615385
-0.17502830769230768
-0.17169046153846151
-0.14290153846153844
-0.10722830769230769
-0.06425353846153846
-0.031918153846153846
-0.008970461538461538
0.004589538461538461
0.014394461538461538
0.021278769230769233
-0.0008344615384615384
-0.03859384615384615
-0.0880356923076923
-0.12767261538461538
-0.12204
-0.09304246153846155
-0.059872615384615385
-0.03588184615384615
-0.02023569230769231
0.022530461538461537
0.07343261538461537
0.11223507692307692
0.12370892307692308
0.08448923076923077
0.03692492307692308
-0.003129230769230769
-0.03337846153846154
-0.06070707692307692
-0.10347323076923076
-0.1424843076923077
-0.1612596923076923
-0.1489513846153846
-0.10055261538461538
-0.042557538461538466
0.015228923076923076
0.059872615384615385
0.08135999999999999
0.10868861538461538
0.11745046153846153
0.11098338461538461
0.08991323076923076
0.03609046153846154
-0.008136
-0.04631261538461538
-0.07885661538461539
-0.09450276923076922
-0.10764553846153846
-0.10889723076923077
-0.09158215384615384
-0.05048492307692308
0.010848
0.07051199999999999
0.11265230769230769
0.13747753846153846
0.15959076923076923
0.16647507692307692
0.14436184615384615
0.08866153846153846
0.0029206153846153843
-0.07259815384615384
-0.12329169230769231
-0.15208061538461537
-0.15875630769230767
-0.15395815384615386
-0.13101046153846155
-0.08302892307692307
-0.016480615384615385
0.04380923076923077
0.08135999999999999
0.09867507692307692
0.09992676923076924
0.09930092307692308
0.10535076923076922
0.11077476923076923
0.1070196923076923
0.09554584615384615
0.07510153846153846
0.05778646153846154
0.04672984615384615
0.027745846153846152
-0.005841230769230769
-0.04526953846153846
-0.0826116923076923
-0.10013538461538461
-0.09199938461538461
-0.07238953846153846
-0.03650769230769231
0.004589538461538461
0.05111076923076923
0.10430769230769231
0.14874276923076923
0.16730953846153845
0.16334584615384617
0.13247076923076923
0.078648
0.02795446153846154
-0.03129230769230769
-0.08574092307692306
-0.13622584615384614
-0.18232984615384615
-0.21320492307692307
-0.2275993846153846
-0.22467876923076924
-0.206112
-0.16501476923076921
-0.10493353846153847
-0.014603076923076923
0.08219446153846154
0.16209415384615386
0.21716861538461538
0.23093723076923076
0.22008923076923076
0.18900553846153845
0.13372246153846154
0.06028984615384615
-0.03233538461538461
-0.12162276923076921
-0.1802436923076923
-0.19672430769230767
-0.17085599999999998
-0.11703323076923078
-0.02858030769230769
0.08323753846153846
0.20506892307692307
0.327108923076923
0.40012430769230767
0.4322510769230769
0.4228633846153846
0.35965292307692304
0.2789187692307692
0.16209415384615386
0.029832
-0.09512861538461538
-0.21800307692307694
-0.29602523076923076
-0.3321156923076923
-0.3210590769230769
-0.2620209230769231
-0.17481969230769231
-0.05799507692307692
0.06279323076923077
0.18232984615384615
0.2805876923076923
0.32210215384615387
0.3158436923076923
0.25284184615384614
0.15187199999999998
0.03337846153846154
-0.111192
-0.24053353846153847
-0.3392086153846154
-0.3919883076923077
-0.37717661538461533
-0.31500923076923076
-0.2073636923076923
-0.0771876923076923
0.04401784615384615
0.16626646153846153
0.26222953846153846
0.30374399999999996
0.29832
0.2436627692307692
0.15270646153846154
0.03775938461538462
-0.08073415384615384
-0.1846246153846154
-0.260352
-0.29581661538461534
-0.2906012307692308
-0.2399076923076923
-0.15813046153846153
-0.06383630769230769
0.040262769230769234
0.1424843076923077
0.22968553846153844
0.2887236923076923
0.3054129230769231
0.28955815384615385
0.2517987692307692
0.19442953846153843
0.1358086153846154
0.07134646153846153
0.012516923076923077
-0.024199384615384616
-0.04401784615384615
-0.03400430769230769
-0.005632615384615384
0.03233538461538461
0.06967753846153846
0.1045163076923077
0.13914646153846155
0.16209415384615386
0.17648861538461538
0.17711446153846155
0.16105107692307694
0.13184492307692308
0.09658892307692307
0.06404492307692307
0.026285538461538457
-0.024408000000000003
-0.073224
-0.11327815384615383
-0.14018953846153845
-0.15395815384615386
-0.15291507692307693
-0.13747753846153846
-0.1178676923076923
-0.07739630769230768
-0.025659692307692307
0.02232184615384615
0.06988615384615385
0.09825784615384614
0.119328
0.13706030769230768
0.13434830769230768
0.12412615384615384
0.0988836923076923
0.059664
0.027328615384615382
0.003129230769230769
-0.011682461538461537
-0.01981846153846154
-0.02273907692307692
-0.014185846153846153
0.007927384615384614
0.043600615384615383
0.08448923076923077
0.10681107692307691
0.10743692307692307
0.09241661538461539
0.06988615384615385
0.05277969230769231
0.030040615384615384
0.007510153846153846
-0.014394461538461538
-0.03942830769230769
-0.04568676923076923
-0.041514461538461535
-0.03588184615384615
-0.03400430769230769
-0.05674338461538461
-0.06905169230769231
-0.07593599999999999
-0.08699261538461538
-0.0826116923076923
-0.0974233846153846
-0.10389046153846154
-0.10243015384615384
-0.09283384615384616
-0.053614153846153846
-0.006049846153846154
0.04693846153846153
0.10535076923076922
0.16334584615384617
0.2073636923076923
0.2355267692307692
0.235944
0.2059033846153846
0.12537784615384615
0.040679999999999994
-0.044435076923076924
-0.0974233846153846
-0.10159569230769232
-0.02545107692307692
0.12162276923076921
0.157296
0.28350830769230767
0.40200184615384615
0.4524867692307692
0.5273796923076923
0.42182030769230766
0.295608
0.07885661538461539
-0.130176
-0.2805876923076923
-0.5052664615384616
-0.6206307692307692
-0.722435076923077
-0.6794603076923076
-0.5052664615384616
-0.30708184615384615
-0.0043809230769230765
0.18879692307692306
0.3604873846153846
0.5079784615384615
0.5175747692307692
0.513611076923077
0.3819747692307692
0.2056947692307692
0.0448523076923077
-0.214248
-0.3542289230769231
-0.4387181538461538
-0.4994252307692308
-0.4360061538461539
-0.39219692307692305
-0.28350830769230767
-0.154584
-0.016063384615384615
0.18170399999999998
0.2995716923076923
0.38593846153846156
0.43642338461538455
0.44351630769230765
0.43934399999999996
0.3385827692307692
0.18754523076923074
-0.003755076923076923
-0.2194633846153846
-0.3448412307692308
-0.4378836923076923
-0.48294461538461536
-0.45269538461538456
-0.4128498461538462
-0.3062473846153846
-0.17690584615384616
-0.05674338461538461
0.10159569230769232
0.23072861538461537
0.3479704615384615
0.4539470769230769
0.497964923076923
0.49274953846153846
0.40575692307692307
0.26222953846153846
0.07364123076923076
-0.14269292307692305
-0.3241883076923077
-0.4716793846153846
-0.5309261538461538
-0.5311347692307692
-0.4873255384615384
-0.32898646153846156
-0.13101046153846155
0.10201292307692307
0.3442153846153846
0.514236923076923
0.6333563076923077
0.6700726153846154
0.6400319999999999
0.5605495384615384
0.3957433846153846
0.19568123076923075
-0.015020307692307692
-0.22551323076923077
-0.40054153846153845
-0.5298830769230769
-0.5834972307692308
-0.5632615384615385
-0.48064984615384615
-0.33315876923076926
-0.13184492307692308
0.12433476923076923
0.3669544615384615
0.5330123076923077
0.6323132307692307
0.6321046153846154
0.5561686153846154
0.43642338461538455
0.2261390769230769
-0.014603076923076923
-0.2509643076923077
-0.469176
-0.5983089230769231
-0.6679864615384614
-0.6702812307692307
-0.5866264615384615
-0.4524867692307692
-0.2582658461538461
-0.04693846153846153
0.1506203076923077
0.3079163076923077
0.4015846153846154
0.45895384615384616
0.45436430769230773
0.3972036923076923
0.2780843076923077
0.10409907692307692
-0.06717415384615384
-0.24053353846153847
-0.3692492307692308
-0.4416387692307692
-0.49003753846153847
-0.46771569230769233
-0.37738523076923075
-0.24428861538461538
-0.07823076923076923
0.07677046153846154
0.21654276923076923
0.32898646153846156
0.39970707692307694
0.4466455384615384
0.443724923076923
0.39699507692307695
0.31667815384615383
0.19797599999999999
0.08135999999999999
-0.03629907692307692
-0.132888
-0.20715507692307691
-0.28434276923076923
-0.3131316923076923
-0.3116713846153846
-0.26932246153846157
-0.17690584615384616
-0.10243015384615384
-0.02357353846153846
0.06404492307692307
0.1435273846153846
0.23072861538461537
0.276624
0.27474646153846155
0.24887815384615386
0.1860849230769231
0.124752
0.05382276923076923
-0.03901107692307692
-0.13622584615384614
-0.24303692307692307
-0.30583015384615386
-0.32606584615384615
-0.30583015384615386
-0.24449723076923074
-0.18316430769230768
-0.08156861538461539
0.041514461538461535
0.1612596923076923
0.2749550769230769
0.34066892307692304
0.38760738461538463
0.3984553846153846
0.37196123076923077
0.3392086153846154
0.2720344615384615
0.1777403076923077
0.059038153846153844
-0.04902461538461538
-0.11599015384615384
-0.15771323076923077
-0.16730953846153845
-0.15813046153846153
-0.13706030769230768
-0.08845292307692308
-0.024408000000000003
0.058412307692307694
0.1422756923076923
0.1867107692307692
0.21466523076923077
0.22134092307692307
0.2056947692307692
0.1666836923076923
0.08240307692307691
-0.005841230769230769
-0.08240307692307691
-0.14582215384615385
-0.18399876923076922
-0.21320492307692307
-0.2194633846153846
-0.20339999999999997
-0.1779489230769231
-0.12683815384615382
-0.05778646153846154
0.013351384615384614
0.058412307692307694
0.07739630769230768
0.09867507692307692
0.11286092307692308
0.12558646153846154
0.11870215384615385
0.0853236923076923
0.0448523076923077
-0.004172307692307692
-0.04214030769230769
-0.06446215384615385
-0.0826116923076923
-0.10368184615384615
-0.12454338461538461
-0.13455692307692307
-0.11077476923076923
-0.07426707692307692
-0.03963692307692308
-0.0022947692307692304
0.031918153846153846
0.07510153846153846
0.10848000000000001
0.1341396923076923
0.14060676923076923
0.12037107692307693
0.08490646153846154
0.03483876923076923
-0.020652923076923076
-0.09012184615384615
-0.1635544615384615
-0.22801661538461537
-0.26786215384615386
-0.28768061538461537
-0.2830910769230769
-0.2532590769230769
-0.2073636923076923
-0.13393107692307693
-0.05048492307692308
0.04172307692307692
0.11724184615384614
0.16105107692307694
0.184416
0.1787833846153846
0.15354092307692307
0.10347323076923076
0.03379569230769231
-0.037967999999999995
-0.10159569230769232
-0.14206707692307693
-0.15166338461538462
-0.13706030769230768
-0.09304246153846155
-0.03609046153846154
0.027328615384615382
0.10576799999999999
0.1733593846153846
0.22676492307692306
0.25054707692307693
0.24741784615384615
0.2453316923076923
0.23281476923076924
0.2125790769230769
0.18232984615384615
0.14603076923076924
0.1205796923076923
0.09784061538461537
0.08386338461538462
0.07384984615384615
0.06341907692307691
0.053614153846153846
0.04985907692307692
0.06362769230769232
0.086784
0.11098338461538461
0.1356
0.15520984615384617
0.16856123076923077
0.18316430769230768
0.18399876923076922
0.16626646153846153
0.12850707692307692
0.07468430769230769
0.03108369230769231
-0.003755076923076923
-0.031709538461538456
-0.05528307692307692
-0.0855323076923077
-0.10472492307692308
-0.1028473846153846
-0.07259815384615384
-0.026494153846153844
0.016480615384615385
0.06821723076923077
0.1151556923076923
0.1570873846153846
0.18399876923076922
0.1858763076923077
0.16292861538461537
0.10722830769230769
0.04839876923076923
-0.003129230769230769
-0.050067692307692306
-0.084072
-0.10994030769230768
-0.11202646153846153
-0.07635323076923077
-0.015020307692307692
0.05611753846153846
0.12224861538461537
0.17315076923076922
0.19380369230769232
0.18525046153846153
0.15562707692307692
0.10493353846153847
0.029623384615384614
-0.06008123076923077
-0.13351384615384615
-0.1696043076923077
-0.16730953846153845
-0.132888
-0.07301538461538462
0.003755076923076923
0.09241661538461539
0.17628
0.23239753846153846
0.24095076923076922
0.19735015384615384
0.119328
0.031918153846153846
-0.056951999999999996
-0.13747753846153846
-0.20235692307692305
-0.24992123076923078
-0.2588916923076923
-0.22405292307692307
-0.15228923076923076
-0.058412307692307694
0.043600615384615383
0.14018953846153845
0.22029784615384615
0.2774584615384615
0.29456492307692306
0.2670276923076923
0.19442953846153843
0.09095630769230768
-0.025659692307692307
-0.13789476923076924
-0.23239753846153846
-0.301032
-0.33670523076923076
-0.33253292307692306
-0.2751636923076923
-0.1881710769230769
-0.08887015384615385
0.004798153846153846
0.07343261538461537
0.11640738461538462
0.13643446153846153
0.13351384615384615
0.10263876923076923
0.056326153846153845
-0.0014603076923076922
-0.05611753846153846
-0.09158215384615384
-0.11578153846153846
-0.12975876923076923
-0.14164984615384615
-0.14665661538461539
-0.12767261538461538
-0.0961716923076923
-0.05945538461538461
-0.021904615384615383
0.008344615384615384
0.04526953846153846
0.08782707692307692
0.12496061538461539
0.15500123076923078
0.16438892307692307
0.14853415384615384
0.12224861538461537
0.0897046153846154
0.05716061538461538
0.014185846153846153
-0.05090215384615384
-0.10806276923076923
-0.14603076923076924
-0.15750461538461538
-0.14603076923076924
-0.12245723076923076
-0.07677046153846154
-0.010639384615384617
0.06800861538461538
0.1424843076923077
0.21007569230769232
0.24908676923076922
0.252216
0.2292683076923077
0.17982646153846152
0.11494707692307692
0.032544
-0.05236246153846154
-0.11849353846153846
-0.15959076923076923
-0.16480615384615382
-0.14477907692307693
-0.10326461538461539
-0.04172307692307692
0.018775384615384614
0.08615815384615384
0.1531236923076923
0.1990190769230769
0.21904615384615383
0.2075723076923077
0.17398523076923075
0.13372246153846154
0.08866153846153846
0.04214030769230769
-0.012099692307692308
-0.07009476923076922
-0.103056
-0.1207883076923077
-0.12642092307692307
-0.11536430769230768
-0.09533723076923077
-0.07551876923076924
-0.05924676923076923
-0.02858030769230769
0.0043809230769230765
0.016272
0.011473846153846154
0.001043076923076923
-0.005632615384615384
-0.0029206153846153843
-0.009804923076923077
-0.017940923076923077
-0.025659692307692307
-0.040054153846153843
-0.04088861538461538
-0.04422646153846154
-0.05069353846153846
-0.06258461538461538
-0.08386338461538462
-0.09429415384615383
-0.0988836923076923
-0.10263876923076923
-0.116616
-0.14415323076923076
-0.19463815384615382
-0.2643156923076923
-0.2887236923076923
-0.2605606153846154
-0.19004861538461537
-0.07614461538461538
0.03024923076923077
0.17231630769230769
0.34776184615384614
0.485448
0.5949710769230769
0.558672
0.40930338461538457
0.20360861538461536
-0.006258461538461538
-0.18316430769230768
-0.4174393846153846
-0.5601323076923077
-0.6746621538461538
-0.6548436923076923
-0.46688123076923077
-0.25972615384615383
0.03671630769230769
0.2526332307692308
0.4647950769230769
0.6485852307692307
0.690516923076923
0.6659003076923077
0.47772923076923074
0.214248
-0.06738276923076922
-0.3408775384615384
-0.49733907692307694
-0.5866264615384615
-0.5747353846153846
-0.4487316923076923
-0.27182584615384614
-0.03942830769230769
0.1733593846153846
0.3575667692307692
0.477312
0.45457292307692304
0.38343507692307693
0.24846092307692308
0.09137353846153846
-0.02023569230769231
-0.1424843076923077
-0.222384
-0.2716172307692308
-0.29769415384615383
-0.249504
-0.1927606153846154
-0.14665661538461539
-0.08845292307692308
-0.054240000000000003
-0.012099692307692308
0.019609846153846155
0.01710646153846154
-0.006258461538461538
-0.054240000000000003
-0.07134646153846153
-0.06258461538461538
-0.03108369230769231
0.024408000000000003
0.08386338461538462
0.1585476923076923
0.20486030769230767
0.20131384615384615
0.1775316923076923
0.08240307692307691
-0.04819015384615385
-0.15667015384615385
-0.26348123076923075
-0.29832
-0.27432923076923077
-0.18921415384615384
-0.03045784615384615
0.12767261538461538
0.28350830769230767
0.4124326153846154
0.47877230769230766
0.47939815384615386
0.40387938461538464
0.2830910769230769
0.1316363076923077
-0.03421292307692308
-0.16730953846153845
-0.2582658461538461
-0.27474646153846155
-0.2290596923076923
-0.14686523076923075
-0.017315076923076923
0.124752
0.2891409230769231
0.4476886153846154
0.5461550769230769
0.5805766153846154
0.5248763076923078
0.39407446153846154
0.23615261538461538
0.05736923076923077
-0.12433476923076923
-0.26681907692307694
-0.34692738461538464
-0.3314898461538462
-0.23469230769230767
-0.08115138461538463
0.10076123076923077
0.2753723076923077
0.4253667692307692
0.5092301538461538
0.531552
0.46938461538461534
0.3344104615384615
0.17002153846153847
-0.019609846153846155
-0.1842073846153846
-0.30332676923076923
-0.37091815384615384
-0.36904061538461536
-0.31000246153846156
-0.21028430769230766
-0.08031692307692308
0.04944184615384615
0.15959076923076923
0.23949046153846154
0.26452430769230767
0.24095076923076922
0.17669723076923077
0.08448923076923077
-0.01043076923076923
-0.09325107692307691
-0.1506203076923077
-0.1910916923076923
-0.1923433846153846
-0.16042523076923076
-0.12120553846153845
-0.06383630769230769
-0.02357353846153846
0.0014603076923076922
0.008970461538461538
-0.021487384615384613
-0.0678
-0.12433476923076923
-0.17252492307692308
-0.20193969230769232
-0.22676492307692306
-0.23364923076923078
-0.2090326153846154
-0.15813046153846153
-0.07760492307692309
0.004589538461538461
0.06717415384615384
0.1028473846153846
0.10472492307692308
0.08824430769230769
0.04902461538461538
-0.0043809230769230765
-0.06738276923076922
-0.1136953846153846
-0.11181784615384616
-0.07218092307692307
-0.0016689230769230767
0.08949599999999999
0.1785747692307692
0.25200738461538463
0.30270092307692303
0.31772123076923076
0.29185292307692307
0.214248
0.09241661538461539
-0.044435076923076924
-0.1639716923076923
-0.23656984615384613
-0.2641070769230769
-0.25367630769230765
-0.20256553846153844
-0.11202646153846153
0.013768615384615384
0.14832553846153845
0.27182584615384614
0.3473446153846154
0.3502652307692307
0.30895938461538464
0.2303113846153846
0.12204
-0.009596307692307692
-0.154584
-0.2709913846153846
-0.3369138461538461
-0.3425464615384616
-0.2764153846153846
-0.18483323076923078
-0.0892873846153846
0.021696
0.12537784615384615
0.2238443076923077
0.2883064615384615
0.30019753846153846
0.2726603076923077
0.19547261538461536
0.10722830769230769
0.026702769230769228
-0.04902461538461538
-0.10535076923076922
-0.14290153846153844
-0.1341396923076923
-0.08010830769230769
-0.005215384615384615
0.08699261538461538
0.15833907692307692
0.19317784615384614
0.20047938461538461
0.17398523076923075
0.12537784615384615
0.04109723076923077
-0.06383630769230769
-0.14936861538461538
-0.21070153846153844
-0.21904615384615383
-0.18107815384615383
-0.11682461538461539
-0.030040615384615384
0.05507446153846154
0.14331876923076922
0.21132738461538458
0.24658338461538462
0.23615261538461538
0.16772676923076923
0.08240307692307691
-0.007301538461538462
-0.07614461538461538
-0.11244369230769231
-0.12767261538461538
-0.10222153846153846
-0.04380923076923077
0.03901107692307692
0.12808984615384614
0.1883796923076923
0.21633415384615384
0.20965846153846154
0.1718990769230769
0.11557292307692307
0.03984553846153846
-0.037342153846153844
-0.10597661538461538
-0.15228923076923076
-0.16021661538461537
-0.13247076923076923
-0.08386338461538462
-0.02899753846153846
0.02273907692307692
0.06821723076923077
0.10660246153846153
0.12162276923076921
0.10347323076923076
0.05653476923076922
-0.005215384615384615
-0.07197230769230768
-0.13267938461538462
-0.17169046153846151
-0.1883796923076923
-0.18337292307692307
-0.14707384615384617
-0.08761846153846153
-0.015020307692307692
0.04944184615384615
0.08490646153846154
0.09283384615384616
0.07238953846153846
0.040054153846153843
-0.005841230769230769
-0.06905169230769231
-0.1314276923076923
-0.1842073846153846
-0.20277415384615383
-0.18128676923076922
-0.1397723076923077
-0.08219446153846154
-0.021070153846153846
0.02795446153846154
0.06154153846153846
0.07927384615384615
0.07384984615384615
0.03233538461538461
-0.03504738461538461
-0.09992676923076924
-0.14039815384615384
-0.15604430769230768
-0.14957723076923077
-0.12308307692307692
-0.08615815384615384
-0.03212676923076923
0.023990769230769232
0.07301538461538462
0.10722830769230769
0.1151556923076923
0.10994030769230768
0.08949599999999999
0.073224
0.05528307692307692
0.03775938461538462
0.03045784615384615
0.025659692307692307
0.037342153846153844
0.056326153846153845
0.07531015384615385
0.08115138461538463
0.06863446153846153
0.04631261538461538
0.024616615384615383
-0.0016689230769230767
-0.029832
-0.05716061538461538
-0.08824430769230769
-0.09533723076923077
-0.08198584615384615
-0.06279323076923077
-0.05570030769230769
-0.052153846153846155
-0.03838523076923077
-0.021278769230769233
0.0025033846153846152
0.014185846153846153
0.017523692307692306
0.014185846153846153
0.010222153846153844
0.014394461538461538
0.015020307692307692
0.01814953846153846
0.014603076923076923
0.016063384615384615
0.03337846153846154
0.06446215384615385
0.09846646153846153
0.12391753846153845
0.14436184615384615
0.1489513846153846
0.14540492307692307
0.1314276923076923
0.10389046153846154
0.06154153846153846
0.011682461538461537
-0.016480615384615385
-0.025033846153846153
-0.013768615384615384
0.012099692307692308
0.04276615384615385
0.07009476923076922
0.09387692307692307
0.11724184615384614
0.1353913846153846
0.14081538461538462
0.124752
0.0974233846153846
0.06321046153846153
0.026285538461538457
-0.014394461538461538
-0.05716061538461538
-0.09971815384615385
-0.1356
-0.14790830769230767
-0.143736
-0.12454338461538461
-0.10076123076923077
-0.06821723076923077
-0.016272
0.05528307692307692
0.13852061538461538
0.19964492307692308
0.23364923076923078
0.2342750769230769
0.20924123076923076
0.16876984615384616
0.10827138461538462
0.03609046153846154
-0.04276615384615385
-0.11390399999999999
-0.16167692307692308
-0.17982646153846152
-0.17377661538461536
-0.14832553846153845
-0.103056
-0.043600615384615383
0.030040615384615384
0.10201292307692307
0.1504116923076923
0.16856123076923077
0.157296
0.12767261538461538
0.08344615384615384
0.030875076923076922
-0.030875076923076922
-0.10430769230769231
-0.1704387692307692
-0.20965846153846154
-0.22300984615384614
-0.20965846153846154
-0.17398523076923075
-0.12558646153846154
-0.06216738461538462
0.005215384615384615
0.07969107692307692
0.1476996923076923
0.19547261538461536
0.22321846153846153
0.22676492307692306
0.21821169230769227
0.1923433846153846
0.14394461538461537
0.07739630769230768
-0.0016689230769230767
-0.08094276923076923
-0.1489513846153846
-0.19818461538461538
-0.23364923076923078
-0.24574892307692306
-0.23281476923076924
-0.19630707692307692
-0.1314276923076923
-0.04819015384615385
0.042974769230769226
0.13476553846153844
0.21842030769230766
0.27704123076923076
0.30937661538461536
0.3049956923076923
0.25138153846153843
0.16167692307692308
0.05716061538461538
-0.044435076923076924
-0.12975876923076923
-0.19442953846153843
-0.23636123076923077
-0.24053353846153847
-0.2090326153846154
-0.13080184615384613
-0.015437538461538461
0.11077476923076923
0.24032492307692307
0.3513083076923077
0.4395526153846154
0.49003753846153847
0.49087200000000003
0.4408043076923077
0.3392086153846154
0.20006215384615383
0.04965046153846154
-0.09283384615384616
-0.2238443076923077
-0.3170953846153846
-0.37050092307692306
-0.37300430769230764
-0.32085046153846153
-0.2292683076923077
-0.12558646153846154
-0.04088861538461538
0.007301538461538462
0.015646153846153844
-0.022947692307692308
-0.07656184615384615
-0.07343261538461537
-0.05653476923076922
0.013768615384615384
0.10868861538461538
0.19964492307692308
0.3323243076923077
0.42307199999999995
0.4994252307692308
0.4866996923076923
0.39928984615384616
0.2726603076923077
0.08469784615384615
-0.09846646153846153
-0.3095852307692307
-0.4645864615384615
-0.5615926153846154
-0.5651390769230769
-0.4401784615384615
-0.26494153846153845
-0.028163076923076923
0.2140393846153846
0.4297476923076923
0.5882953846153847
0.6377372307692307
0.5759870769230769
0.42891323076923077
0.20673784615384616
-0.06675692307692307
-0.33607938461538456
-0.5686855384615385
-0.701364923076923
-0.7088750769230768
-0.5910073846153846
-0.38301784615384615
-0.14749107692307692
0.09137353846153846
0.3087507692307692
0.4750172307692308
0.5574203076923077
0.5542910769230769
0.4750172307692308
0.3611132307692308
0.23844738461538462
0.10722830769230769
-0.02586830769230769
-0.14957723076923077
-0.25159015384615385
-0.3342018461538461
-0.37258707692307685
-0.37425600000000003
-0.33670523076923076
-0.2582658461538461
-0.1710646153846154
-0.07635323076923077
0.0077187692307692304
0.078648
0.13706030769230768
0.1597993846153846
0.15500123076923078
0.13622584615384614
0.12245723076923076
0.12016246153846154
0.11640738461538462
0.08323753846153846
0.007510153846153846
-0.08302892307692307
-0.18232984615384615
-0.2832996923076923
-0.37550769230769226
-0.4483144615384615
-0.4599969230769231
-0.39511753846153846
-0.26118646153846153
-0.06258461538461538
0.15896492307692306
0.34984799999999994
0.4960873846153846
0.5843316923076923
0.5978916923076923
0.5373932307692307
0.4080516923076923
0.23907323076923076
0.04276615384615385
-0.1502030769230769
-0.29644246153846154
-0.3844781538461538
-0.40575692307692307
-0.3903193846153846
-0.3304467692307692
-0.21341353846153846
-0.05653476923076922
0.12245723076923076
0.2670276923076923
0.360696
0.41618769230769226
0.417648
0.36215630769230767
0.2568055384615385
0.10368184615384615
-0.07113784615384615
-0.225096
-0.33712246153846154
-0.38948492307692306
-0.37884553846153846
-0.32543999999999995
-0.22864246153846152
-0.09825784615384614
0.03421292307692308
0.15291507692307693
0.23656984615384613
0.28121353846153846
0.30061476923076924
0.2872633846153846
0.2578486153846154
0.20924123076923076
0.1341396923076923
0.05048492307692308
-0.029623384615384614
-0.08177723076923075
-0.11411261538461538
-0.13643446153846153
-0.14519630769230768
-0.1353913846153846
-0.10827138461538462
-0.07301538461538462
-0.033169846153846154
-0.0014603076923076922
0.02211323076923077
0.026702769230769228
0.023990769230769232
0.032544
0.0448523076923077
0.06028984615384615
0.06404492307692307
0.065088
0.06571384615384615
0.04860738461538461
0.01856676923076923
-0.04172307692307692
-0.12704676923076924
-0.19839323076923077
-0.2588916923076923
-0.2849686153846154
-0.2828824615384615
-0.2701569230769231
-0.22321846153846153
-0.15291507692307693
-0.05277969230769231
0.052153846153846155
0.14018953846153845
0.20632061538461538
0.25284184615384614
0.2899753846153846
0.30583015384615386
0.287472
0.23135446153846154
0.15374953846153847
0.06905169230769231
-0.0006258461538461538
-0.061124307692307686
-0.10994030769230768
-0.1476996923076923
-0.1718990769230769
-0.1558356923076923
-0.1178676923076923
-0.05924676923076923
0.011891076923076923
0.07656184615384615
0.13038461538461538
0.16751815384615384
0.19526400000000002
0.20339999999999997
0.1860849230769231
0.14853415384615384
0.10535076923076922
0.08115138461538463
0.07781353846153846
0.08344615384615384
0.08949599999999999
0.08699261538461538
0.08115138461538463
0.08031692307692308
0.07781353846153846
0.06905169230769231
0.03692492307692308
-0.0043809230769230765
-0.02315630769230769
-0.03066646153846154
-0.02315630769230769
-0.01043076923076923
0.0016689230769230767
0.03066646153846154
0.05570030769230769
0.06759138461538462
0.06008123076923077
0.027745846153846152
-0.009596307692307692
-0.04088861538461538
-0.06341907692307691
-0.0828203076923077
-0.09596307692307693
-0.10055261538461538
-0.09179076923076923
-0.05590892307692308
-0.0012516923076923076
0.05277969230769231
0.09575446153846154
0.12621230769230768
0.15291507692307693
0.16689230769230767
0.16418030769230768
0.15291507692307693
0.11974523076923077
0.07697907692307693
0.020652923076923076
-0.03379569230769231
-0.06592246153846154
-0.09179076923076923
-0.10076123076923077
-0.09033046153846153
-0.05674338461538461
0.0035464615384615383
0.06028984615384615
0.10785415384615385
0.13518276923076925
0.1358086153846154
0.12162276923076921
0.08615815384615384
0.035464615384615386
-0.031918153846153846
-0.10013538461538461
-0.15479261538461536
-0.17690584615384616
-0.168144
-0.14853415384615384
-0.12308307692307692
-0.0988836923076923
-0.06946892307692307
-0.040679999999999994
-0.02211323076923077
-0.027328615384615382
-0.04380923076923077
-0.05570030769230769
-0.054240000000000003
-0.040054153846153843
-0.02524246153846154
-0.0033378461538461535
0.027745846153846152
0.06821723076923077
0.1151556923076923
0.1570873846153846
0.18483323076923078
0.1908830769230769
0.16647507692307692
0.13080184615384613
0.09074769230769231
0.044435076923076924
-0.0025033846153846152
-0.05090215384615384
-0.08302892307692307
-0.10201292307692307
-0.10117846153846152
-0.07823076923076923
-0.06341907692307691
-0.052153846153846155
-0.033169846153846154
0.0004172307692307692
0.03504738461538461
0.05173661538461538
0.05862092307692307
0.054657230769230764
0.04652123076923077
0.03504738461538461
0.015020307692307692
-0.012934153846153845
-0.055491692307692304
-0.09325107692307691
-0.10868861538461538
-0.10618523076923077
-0.09241661538461539
-0.07426707692307692
-0.048816000000000005
-0.01710646153846154
0.02211323076923077
0.07051199999999999
0.1178676923076923
0.15103753846153847
0.17440246153846153
0.19463815384615382
0.20673784615384616
0.21153599999999997
0.1990190769230769
0.16710092307692306
0.119328
0.05820369230769231
-0.0029206153846153843
-0.055491692307692304
-0.103056
-0.13914646153846155
-0.15354092307692307
-0.130176
-0.07218092307692307
-0.004798153846153846
0.06717415384615384
0.127464
0.1787833846153846
0.2140393846153846
0.21466523076923077
0.1802436923076923
0.10472492307692308
0.0070929230769230765
-0.08907876923076924
-0.1696043076923077
-0.22718215384615387
-0.2517987692307692
-0.2526332307692308
-0.21800307692307694
-0.14102399999999998
-0.03713353846153846
0.07656184615384615
0.16856123076923077
0.23385784615384617
0.26160369230769226
0.25993476923076925
0.23093723076923076
0.17231630769230769
0.09658892307692307
-0.002712
-0.09846646153846153
-0.16501476923076921
-0.2021483076923077
-0.21195323076923075
-0.20819815384615384
-0.1860849230769231
-0.1422756923076923
-0.09512861538461538
-0.04047138461538462
0.009804923076923077
0.041514461538461535
0.0678
0.0936683076923077
0.1287156923076923
0.16438892307692307
0.18316430769230768
0.19150892307692308
0.1942209230769231
0.19317784615384614
0.1792006153846154
0.14269292307692305
0.09158215384615384
0.028788923076923077
-0.035255999999999996
-0.08720123076923077
-0.13226215384615383
-0.15896492307692306
-0.16730953846153845
-0.16167692307692308
-0.12975876923076923
-0.0828203076923077
-0.023990769230769232
0.04109723076923077
0.0936683076923077
0.13747753846153846
0.16501476923076921
0.17315076923076922
0.15500123076923078
0.0988836923076923
0.018358153846153843
-0.08073415384615384
-0.1718990769230769
-0.23761292307692305
-0.2776670769230769
-0.2891409230769231
-0.27620676923076926
-0.2261390769230769
-0.14394461538461537
-0.0448523076923077
0.05319692307692307
0.1316363076923077
0.18337292307692307
0.20715507692307691
0.20402584615384614
0.18128676923076922
0.1287156923076923
0.06133292307692308
0.001043076923076923
-0.058829538461538454
-0.10096984615384616
-0.12788123076923075
-0.14311015384615386
-0.13914646153846155
-0.12016246153846154
-0.08657538461538461
-0.03108369230769231
0.02899753846153846
0.07697907692307693
0.11411261538461538
0.12850707692307692
0.12287446153846153
0.09950953846153845
0.05945538461538461
0.0077187692307692304
-0.04985907692307692
-0.103056
-0.1504116923076923
-0.1858763076923077
-0.21007569230769232
-0.22551323076923077
-0.21675138461538462
-0.18232984615384615
-0.13247076923076923
-0.07238953846153846
-0.016480615384615385
0.040679999999999994
0.09658892307692307
0.15103753846153847
0.19755876923076923
0.21779446153846155
0.22196676923076922
0.20486030769230767
0.18066092307692305
0.14519630769230768
0.09033046153846153
0.03609046153846154
-0.016063384615384615
-0.05090215384615384
-0.06258461538461538
-0.04693846153846153
-0.013351384615384614
0.03859384615384615
0.09992676923076924
0.15959076923076923
0.222384
0.2751636923076923
0.3079163076923077
0.3039526153846154
0.2651501538461538
0.19818461538461538
0.11327815384615383
0.023990769230769232
-0.06279323076923077
-0.1397723076923077
-0.19338646153846153
-0.21445661538461538
-0.2021483076923077
-0.15646153846153846
-0.08720123076923077
-0.005841230769230769
0.08094276923076923
0.17628
0.260352
0.3077076923076923
0.30249230769230767
0.24491446153846153
0.15270646153846154
0.028788923076923077
-0.08135999999999999
-0.19672430769230767
-0.301032
-0.3600701538461538
-0.3811403076923077
-0.3087507692307692
-0.1867107692307692
0.06028984615384615
0.22593046153846155
0.2712
0.3790541538461539
0.3646596923076923
0.3844781538461538
0.29581661538461534
0.07155507692307693
-0.12579507692307693
-0.3782196923076923
-0.45457292307692304
-0.49379261538461533
-0.5175747692307692
-0.4781464615384615
-0.4291218461538462
-0.18754523076923074
0.07927384615384615
0.3473446153846154
0.5611753846153846
0.588504
0.6016467692307692
0.5244590769230769
0.39324
0.260352
0.01043076923076923
-0.16251138461538459
-0.3039526153846154
-0.41994276923076923
-0.3456756923076923
-0.2641070769230769
-0.13080184615384613
0.013142769230769229
0.08845292307692308
0.21007569230769232
0.26118646153846153
0.30332676923076923
0.33315876923076926
0.24199384615384617
0.13267938461538462
0.017732307692307693
-0.043392
-0.07092923076923077
-0.15646153846153846
-0.22113230769230768
-0.2749550769230769
-0.27599815384615384
-0.20339999999999997
-0.1570873846153846
-0.10764553846153846
-0.06008123076923077
-0.015020307692307692
0.08073415384615384
0.13434830769230768
0.16021661538461537
0.20173107692307693
0.19004861538461537
0.21696000000000001
0.24053353846153847
0.208824
0.16584923076923075
0.065088
-0.03400430769230769
-0.13247076923076923
-0.2292683076923077
-0.29352184615384613
-0.3202246153846154
-0.27787569230769227
-0.22551323076923077
-0.138312
0.009179076923076922
0.14290153846153844
0.2726603076923077
0.3588184615384616
0.37780246153846153
0.3673716923076923
0.28663753846153844
0.1794092307692308
0.0448523076923077
-0.132888
-0.26535876923076923
-0.3686233846153846
-0.42599261538461536
-0.43433723076923075
-0.4163963076923077
-0.3131316923076923
-0.15875630769230767
-0.003129230769230769
0.13351384615384615
0.23344061538461539
0.328152
0.37300430769230764
0.34692738461538464
0.2814221538461538
0.1489513846153846
0.023364923076923075
-0.07092923076923077
-0.14206707692307693
-0.14582215384615385
-0.1353913846153846
-0.08824430769230769
-0.0018775384615384615
0.07072061538461538
0.157296
0.21821169230769227
0.2374043076923077
0.22342707692307692
0.16897846153846155
0.10243015384615384
0.01043076923076923
-0.07593599999999999
-0.13121907692307694
-0.16501476923076921
-0.154584
-0.12850707692307692
-0.08469784615384615
-0.02211323076923077
0.029414769230769227
0.09533723076923077
0.13893784615384613
0.14477907692307693
0.15270646153846154
0.14164984615384615
0.1028473846153846
0.035255999999999996
-0.05048492307692308
-0.10806276923076923
-0.14144123076923076
-0.16334584615384617
-0.1597993846153846
-0.14081538461538462
-0.09053907692307692
-0.018775384615384614
0.051319384615384614
0.12412615384615384
0.17628
0.20798953846153845
0.19463815384615382
0.13080184615384613
0.047772923076923074
-0.05528307692307692
-0.130176
-0.17481969230769231
-0.2140393846153846
-0.22321846153846153
-0.20298276923076922
-0.12621230769230768
-0.01981846153846154
0.06425353846153846
0.13434830769230768
0.1829556923076923
0.21508246153846153
0.24032492307692307
0.23928184615384615
0.20506892307692307
0.13852061538461538
0.06154153846153846
-0.0016689230769230767
-0.05799507692307692
-0.09387692307692307
-0.11745046153846153
-0.130176
-0.1205796923076923
-0.09533723076923077
-0.03129230769230769
0.045895384615384616
0.11619876923076923
0.17961784615384613
0.20798953846153845
0.2238443076923077
0.23135446153846154
0.20778092307692309
0.1476996923076923
0.05736923076923077
-0.03442153846153846
-0.10159569230769232
-0.13518276923076925
-0.15833907692307692
-0.184416
-0.20715507692307691
-0.2140393846153846
-0.17440246153846153
-0.10326461538461539
-0.03567323076923076
0.012308307692307691
0.04088861538461538
0.07197230769230768
0.11056615384615384
0.13706030769230768
0.13852061538461538
0.12788123076923075
0.10389046153846154
0.0798996923076923
0.059872615384615385
0.02586830769230769
-0.009179076923076922
-0.052571076923076915
-0.09199938461538461
-0.10201292307692307
-0.08594953846153845
-0.05653476923076922
-0.02044430769230769
0.012934153846153845
0.049233230769230765
0.09992676923076924
0.14519630769230768
0.16897846153846155
0.1543753846153846
0.100344
0.026702769230769228
-0.04693846153846153
-0.10868861538461538
-0.1639716923076923
-0.21445661538461538
-0.254928
-0.26535876923076923
-0.22447015384615385
-0.15208061538461537
-0.06279323076923077
0.015020307692307692
0.07197230769230768
0.1356
0.1908830769230769
0.22029784615384615
0.2125790769230769
0.16501476923076921
0.08240307692307691
-0.010639384615384617
-0.0880356923076923
-0.14707384615384617
-0.1794092307692308
-0.1775316923076923
-0.13309661538461537
-0.04902461538461538
0.06487938461538462
0.1869193846153846
0.2860116923076923
0.3577753846153846
0.3924055384615385
0.37655076923076924
0.31208861538461535
0.20131384615384615
0.06800861538461538
-0.06341907692307691
-0.16793538461538463
-0.23344061538461539
-0.2655673846153846
-0.2647329230769231
-0.24658338461538462
-0.20339999999999997
-0.12329169230769231
-0.02273907692307692
0.078648
0.15667015384615385
0.19964492307692308
0.20673784615384616
0.18379015384615385
0.13601723076923075
0.05528307692307692
-0.04380923076923077
-0.1422756923076923
-0.22488738461538463
-0.25993476923076925
-0.26076923076923075
-0.23281476923076924
-0.1704387692307692
-0.08615815384615384
0.02357353846153846
0.13330523076923076
0.22634769230769228
0.2985286153846154
0.3294036923076923
0.31772123076923076
0.27474646153846155
0.20506892307692307
0.11348676923076922
0.003129230769230769
-0.1070196923076923
-0.19568123076923075
-0.25555384615384613
-0.2751636923076923
-0.2588916923076923
-0.21174461538461536
-0.12537784615384615
-0.013142769230769229
0.10868861538461538
0.21904615384615383
0.2832996923076923
0.3047870769230769
0.2845513846153846
0.22405292307692307
0.1397723076923077
0.03921969230769231
-0.05736923076923077
-0.13747753846153846
-0.19213476923076922
-0.20381723076923075
-0.1802436923076923
-0.13226215384615383
-0.06967753846153846
-0.011473846153846154
0.04172307692307692
0.08219446153846154
0.10222153846153846
0.09596307692307693
0.07405846153846153
0.04214030769230769
0.004798153846153846
-0.011891076923076923
-0.015646153846153844
-0.015646153846153844
-0.005424
0.006258461538461538
0.017940923076923077
0.028163076923076923
0.021278769230769233
0.004172307692307692
-0.017523692307692306
-0.037967999999999995
-0.046104
-0.04985907692307692
-0.05611753846153846
-0.06633969230769231
-0.06154153846153846
-0.035464615384615386
-0.0014603076923076922
0.03984553846153846
0.07092923076923077
0.08636676923076922
0.0892873846153846
0.08135999999999999
0.06800861538461538
0.04214030769230769
0.004172307692307692
-0.040054153846153843
-0.08866153846153846
-0.1316363076923077
-0.15604430769230768
-0.16251138461538459
-0.13852061538461538
-0.09909230769230769
-0.04756430769230769
0.01043076923076923
0.04944184615384615
0.07364123076923076
0.073224
0.05507446153846154
0.027745846153846152
-0.0016689230769230767
-0.027328615384615382
-0.06133292307692308
-0.09387692307692307
-0.11494707692307692
-0.11703323076923078
-0.09658892307692307
-0.07259815384615384
-0.04401784615384615
-0.018358153846153843
-0.0014603076923076922
0.026285538461538457
0.04631261538461538
0.061124307692307686
0.08344615384615384
0.10409907692307692
0.13664307692307692
0.1775316923076923
0.21237046153846154
0.2342750769230769
0.23928184615384615
0.22864246153846152
0.20381723076923075
0.17085599999999998
0.11745046153846153
0.041514461538461535
-0.03880246153846154
-0.10535076923076922
-0.14790830769230767
-0.16230276923076925
-0.1504116923076923
-0.1045163076923077
-0.026285538461538457
0.061750153846153844
0.16042523076923076
0.24658338461538462
0.29748553846153847
0.3049956923076923
0.26765353846153844
0.19609846153846153
0.09012184615384615
-0.037342153846153844
-0.17085599999999998
-0.29602523076923076
-0.3873987692307692
-0.42015138461538465
-0.3917796923076923
-0.3131316923076923
-0.20173107692307693
-0.07113784615384615
0.0717636923076923
0.20673784615384616
0.31646953846153847
0.38280923076923074
0.39511753846153846
0.3600701538461538
0.2776670769230769
0.168144
0.040262769230769234
-0.09408553846153846
-0.19839323076923077
-0.26494153846153845
-0.2737033846153846
-0.23239753846153846
-0.15604430769230768
-0.042557538461538466
0.08761846153846153
0.2207150769230769
0.3379569230769231
0.41556184615384617
0.444768
0.41681353846153846
0.330864
0.2059033846153846
0.059664
-0.08636676923076922
-0.21341353846153846
-0.3077076923076923
-0.35276861538461535
-0.3454670769230769
-0.2912270769230769
-0.20819815384615384
-0.11181784615384616
-0.0016689230769230767
0.11432123076923076
0.21883753846153844
0.30270092307692303
0.3440067692307692
0.33357600000000004
0.2682793846153846
0.1656406153846154
0.06321046153846153
-0.058412307692307694
-0.18212123076923076
-0.2782929230769231
-0.3277347692307692
-0.31772123076923076
-0.2768326153846154
-0.2059033846153846
-0.12975876923076923
-0.03963692307692308
0.06300184615384616
0.14832553846153845
0.2157083076923077
0.2540935384615385
0.25138153846153843
0.25430215384615384
0.22634769230769228
0.24700061538461537
0.29227015384615385
0.14832553846153845
0.05173661538461538
-0.07948246153846153
-0.19714153846153845
-0.21237046153846154
-0.34692738461538464
-0.3734215384615384
-0.41556184615384617
-0.3456756923076923
-0.13121907692307694
-0.01043076923076923
0.14394461538461537
0.1489513846153846
0.1718990769230769
0.2292683076923077
0.18212123076923076
0.15896492307692306
-0.051319384615384614
-0.2563883076923077
-0.38426953846153844
-0.5127766153846154
-0.4485230769230769
-0.39324
-0.2837169230769231
-0.09408553846153846
-0.007301538461538462
0.18253846153846154
0.3333673846153846
0.3861470769230769
0.431208
0.3031181538461538
0.17628
0.02795446153846154
-0.1316363076923077
-0.16876984615384616
-0.23156307692307693
-0.2438713846153846
-0.20256553846153844
-0.111192
0.07969107692307692
0.19547261538461536
0.26076923076923075
0.2822566153846154
0.2399076923076923
0.254928
0.22154953846153846
0.1489513846153846
0.07426707692307692
-0.04172307692307692
-0.07948246153846153
-0.07969107692307692
-0.08866153846153846
-0.05277969230769231
-0.03671630769230769
0.011891076923076923
0.11348676923076922
0.1777403076923077
0.22426153846153846
0.18963138461538462
0.11181784615384616
0.032544
-0.05778646153846154
-0.10827138461538462
-0.15750461538461538
-0.15646153846153846
-0.1314276923076923
-0.10639384615384614
0.0025033846153846152
0.10472492307692308
0.19213476923076922
0.2632726153846154
0.26118646153846153
0.2632726153846154
0.22822523076923076
0.17502830769230768
0.14060676923076923
0.05611753846153846
0.007510153846153846
-0.009179076923076922
-0.02044430769230769
-0.005424
-0.01856676923076923
0.0004172307692307692
0.05444861538461539
0.09867507692307692
0.14060676923076923
0.14144123076923076
0.14519630769230768
0.15270646153846154
0.12350030769230769
0.10952307692307692
0.054657230769230764
-0.014185846153846153
-0.04401784615384615
-0.09784061538461537
-0.09450276923076922
-0.07468430769230769
-0.08115138461538463
-0.06717415384615384
-0.09763200000000001
-0.11849353846153846
-0.10848000000000001
-0.10201292307692307
-0.0771876923076923
-0.07635323076923077
-0.07009476923076922
-0.04735569230769231
-0.02086153846153846
0.03942830769230769
0.073224
0.09533723076923077
0.09387692307692307
0.053405538461538456
0.03379569230769231
-0.020027076923076922
-0.06967753846153846
-0.09491999999999999
-0.13768615384615385
-0.1314276923076923
-0.09241661538461539
-0.05069353846153846
-0.01043076923076923
-0.002712
0.027328615384615382
0.09971815384615385
0.15354092307692307
0.18232984615384615
0.157296
0.09325107692307691
0.03504738461538461
-0.03129230769230769
-0.07802215384615384
-0.13872923076923074
-0.2090326153846154
-0.25951753846153847
-0.29644246153846154
-0.2709913846153846
-0.2225926153846154
-0.16313723076923078
-0.0771876923076923
-0.018358153846153843
0.03775938461538462
0.08636676923076922
0.0974233846153846
0.10117846153846152
0.06675692307692307
0.007301538461538462
-0.03275261538461539
-0.07072061538461538
-0.07510153846153846
-0.06905169230769231
-0.06738276923076922
-0.052571076923076915
-0.040054153846153843
0.0012516923076923076
0.03379569230769231
0.049233230769230765
0.07009476923076922
0.07280676923076923
0.08448923076923077
0.0988836923076923
0.09784061538461537
0.10263876923076923
0.09846646153846153
0.1097316923076923
0.13247076923076923
0.1287156923076923
0.12579507692307693
0.11035753846153845
0.09158215384615384
0.084072
0.07280676923076923
0.07948246153846153
0.07948246153846153
0.06988615384615385
0.06821723076923077
0.06633969230769231
0.06654830769230768
0.05528307692307692
0.05069353846153846
0.06258461538461538
0.06738276923076922
0.07551876923076924
0.08782707692307692
0.09241661538461539
0.08824430769230769
0.06425353846153846
0.042974769230769226
0.03150092307692308
-0.0006258461538461538
-0.03400430769230769
-0.0609156923076923
-0.07697907692307693
-0.05736923076923077
-0.034630153846153845
-0.003129230769230769
0.035464615384615386
0.053614153846153846
0.08386338461538462
0.10222153846153846
0.10159569230769232
0.09199938461538461
0.06404492307692307
0.03629907692307692
0.013351384615384614
-0.0008344615384615384
-0.02232184615384615
-0.05090215384615384
-0.06279323076923077
-0.06049846153846154
-0.04672984615384615
-0.031709538461538456
-0.027745846153846152
-0.01710646153846154
0.002086153846153846
0.023364923076923075
0.04985907692307692
0.05507446153846154
0.04631261538461538
0.03108369230769231
0.009179076923076922
0.0022947692307692304
-0.011473846153846154
-0.03650769230769231
-0.07009476923076922
-0.10013538461538461
-0.11035753846153845
-0.10827138461538462
-0.09283384615384616
-0.08240307692307691
-0.09179076923076923
-0.1028473846153846
-0.10806276923076923
-0.10764553846153846
-0.09846646153846153
-0.10076123076923077
-0.11244369230769231
-0.12433476923076923
-0.11765907692307691
-0.07635323076923077
-0.03400430769230769
0.0012516923076923076
0.024408000000000003
0.041514461538461535
0.05507446153846154
0.052153846153846155
0.03880246153846154
0.009179076923076922
-0.02858030769230769
-0.05069353846153846
-0.05111076923076923
-0.03421292307692308
-0.010639384615384617
0.009596307692307692
0.05090215384615384
0.09825784615384614
0.13393107692307693
0.15520984615384617
0.13643446153846153
0.11056615384615384
0.07656184615384615
0.03421292307692308
0.006258461538461538
-0.021696
-0.04130584615384615
-0.06195876923076923
-0.0717636923076923
-0.056326153846153845
-0.03045784615384615
-0.007510153846153846
0.0016689230769230767
0.0012516923076923076
0.0008344615384615384
-0.0004172307692307692
-0.0012516923076923076
0.0025033846153846152
-0.007927384615384614
-0.014185846153846153
-0.0043809230769230765
0.021070153846153846
0.054240000000000003
0.06821723076923077
0.07218092307692307
0.07802215384615384
0.08448923076923077
0.08949599999999999
0.0936683076923077
0.08574092307692306
0.06821723076923077
0.05757784615384615
0.06258461538461538
0.07760492307692309
0.09554584615384615
0.11014892307692307
0.11348676923076922
0.11953661538461538
0.12642092307692307
0.12245723076923076
0.11724184615384614
0.10368184615384615
0.08615815384615384
0.07656184615384615
0.0717636923076923
0.07405846153846153
0.06633969230769231
0.04422646153846154
0.030875076923076922
0.023990769230769232
0.013768615384615384
-0.0033378461538461535
-0.037967999999999995
-0.06946892307692307
-0.0892873846153846
-0.09658892307692307
-0.07614461538461538
-0.04526953846153846
-0.010013538461538461
0.02524246153846154
0.07301538461538462
0.12850707692307692
0.165432
0.18066092307692305
0.16835261538461538
0.14144123076923076
0.10785415384615385
0.05653476923076922
-0.0077187692307692304
-0.07593599999999999
-0.13643446153846153
-0.16897846153846155
-0.1804523076923077
-0.16459753846153846
-0.12621230769230768
-0.08699261538461538
-0.03609046153846154
0.02586830769230769
0.08907876923076924
0.14457046153846154
0.17961784615384613
0.19004861538461537
0.17711446153846155
0.14477907692307693
0.0961716923076923
0.04214030769230769
-0.02273907692307692
-0.09325107692307691
-0.15333230769230768
-0.1994363076923077
-0.2209236923076923
-0.22447015384615385
-0.2154996923076923
-0.1927606153846154
-0.14999446153846155
-0.08636676923076922
-0.01856676923076923
0.05590892307692308
0.12099692307692309
0.17419384615384614
0.22676492307692306
0.26222953846153846
0.2703655384615385
0.24074215384615386
0.16897846153846155
0.08115138461538463
-0.018775384615384614
-0.12621230769230768
-0.2127876923076923
-0.28350830769230767
-0.31772123076923076
-0.3077076923076923
-0.2540935384615385
-0.15813046153846153
-0.04714707692307692
0.07781353846153846
0.19630707692307692
0.2906012307692308
0.3584012307692308
0.38072307692307694
0.3473446153846154
0.25847446153846154
0.13393107692307693
-0.003129230769230769
-0.1358086153846154
-0.24908676923076922
-0.3285692307692308
-0.3707095384615384
-0.3665372307692307
-0.3039526153846154
-0.20715507692307691
-0.07802215384615384
0.04839876923076923
0.16313723076923078
0.26452430769230767
0.32627446153846157
0.3517255384615385
0.3148006153846154
0.23218892307692307
0.11536430769230768
-0.006884307692307692
-0.11452984615384615
-0.20652923076923077
-0.27140861538461536
-0.327108923076923
-0.35047384615384614
-0.33002953846153843
-0.2772498461538462
-0.20298276923076922
-0.12245723076923076
-0.04839876923076923
0.018983999999999997
0.07843938461538462
0.12099692307692309
0.14457046153846154
0.13998092307692306
0.10910584615384614
0.06279323076923077
0.014394461538461538
-0.027745846153846152
-0.06154153846153846
-0.09053907692307692
-0.111192
-0.11327815384615383
-0.09909230769230769
-0.06967753846153846
-0.041514461538461535
-0.017315076923076923
0.021278769230769233
0.07009476923076922
0.13101046153846155
0.19171753846153847
0.2424110769230769
0.2807963076923077
0.29498215384615384
0.2807963076923077
0.22718215384615387
0.14582215384615385
0.043600615384615383
-0.06613107692307692
-0.15187199999999998
-0.21153599999999997
-0.24345415384615382
-0.25367630769230765
-0.25701415384615384
-0.25200738461538463
-0.23803015384615384
-0.2330233846153846
-0.16710092307692306
-0.05027630769230769
0.09262523076923077
0.2757895384615385
0.4111809230769231
0.558672
0.6652744615384616
0.7072061538461538
0.6794603076923076
0.5144455384615384
0.30061476923076924
0.04109723076923077
-0.1802436923076923
-0.4245323076923077
-0.6229255384615384
-0.6900996923076923
-0.7003218461538462
-0.5426086153846154
-0.3210590769230769
-0.058412307692307694
0.22447015384615385
0.4585366153846154
0.6679864615384614
0.7476775384615384
0.6986529230769231
0.5373932307692307
0.29581661538461534
0.01272553846153846
-0.29498215384615384
-0.5446947692307692
-0.7243126153846153
-0.777300923076923
-0.6811292307692307
-0.49921661538461537
-0.26118646153846153
-0.033169846153846154
0.1775316923076923
0.3844781538461538
0.5000510769230769
0.547824
0.52884
0.43976123076923074
0.34880492307692307
0.22697353846153845
0.10138707692307691
-0.03963692307692308
-0.1846246153846154
-0.2926873846153846
-0.36778892307692307
-0.39052800000000004
-0.3744646153846154
-0.2995716923076923
-0.18066092307692305
-0.06592246153846154
0.055491692307692304
0.15124615384615384
0.20673784615384616
0.2480436923076923
0.2273907692307692
0.1704387692307692
0.12287446153846153
0.07927384615384615
0.07259815384615384
0.07051199999999999
0.020652923076923076
-0.05444861538461539
-0.14060676923076923
-0.22593046153846155
-0.29748553846153847
-0.347136
-0.3440067692307692
-0.27620676923076926
-0.1462393846153846
0.034630153846153845
0.23198030769230768
0.40617415384615385
0.5213298461538461
0.5801593846153845
0.568476923076923
0.46583815384615385
0.3229366153846154
0.14874276923076923
-0.028163076923076923
-0.17565415384615385
-0.30186646153846153
-0.3600701538461538
-0.35568923076923076
-0.3004061538461538
-0.19818461538461538
-0.07030338461538461
0.08156861538461539
0.23886461538461537
0.3713353846153846
0.42933046153846155
0.41389292307692305
0.3456756923076923
0.21967199999999998
0.06487938461538462
-0.11140061538461538
-0.28121353846153846
-0.39052800000000004
-0.4416387692307692
-0.43162523076923076
-0.34004307692307695
-0.21320492307692307
-0.06759138461538462
0.09283384615384616
0.21967199999999998
0.31542646153846154
0.3554806153846154
0.33816553846153846
0.30144923076923075
0.24178523076923078
0.1635544615384615
0.0798996923076923
0.0043809230769230765
-0.04088861538461538
-0.04193169230769231
-0.002712
0.054657230769230764
0.11974523076923077
0.1800350769230769
0.2209236923076923
0.24074215384615386
0.22634769230769228
0.17961784615384613
0.11724184615384614
0.03984553846153846
-0.02315630769230769
-0.05382276923076923
-0.07343261538461537
-0.07113784615384615
-0.040262769230769234
0.0033378461538461535
0.05298830769230769
0.10472492307692308
0.15124615384615384
0.17481969230769231
0.14561353846153846
0.073224
0.002086153846153846
-0.06383630769230769
-0.12516923076923075
-0.1777403076923077
-0.2221753846153846
-0.23281476923076924
-0.20173107692307693
-0.13101046153846155
-0.04819015384615385
0.03108369230769231
0.0961716923076923
0.1353913846153846
0.17669723076923077
0.1867107692307692
0.15500123076923078
0.09575446153846154
0.012516923076923077
-0.05528307692307692
-0.10389046153846154
-0.138312
-0.15124615384615384
-0.15667015384615385
-0.15187199999999998
-0.12391753846153845
-0.0853236923076923
-0.04860738461538461
-0.028163076923076923
-0.021487384615384613
-0.03129230769230769
-0.04902461538461538
-0.06195876923076923
-0.08094276923076923
-0.09262523076923077
-0.10952307692307692
-0.11140061538461538
-0.08240307692307691
-0.035255999999999996
0.032544
0.09074769230769231
0.132888
0.14936861538461538
0.14290153846153844
0.11181784615384616
0.05111076923076923
-0.025033846153846153
-0.10263876923076923
-0.14728246153846153
-0.15500123076923078
-0.13351384615384615
-0.08240307692307691
-0.02023569230769231
0.03692492307692308
0.09325107692307691
0.12704676923076924
0.11056615384615384
0.06821723076923077
0.0043809230769230765
-0.058829538461538454
-0.09971815384615385
-0.13726892307692307
-0.16167692307692308
-0.17440246153846153
-0.17690584615384616
-0.14957723076923077
-0.10201292307692307
-0.042348923076923076
0.018983999999999997
0.06800861538461538
0.116616
0.146448
0.15374953846153847
0.1356
0.09283384615384616
0.04380923076923077
-0.015646153846153844
-0.04756430769230769
-0.053405538461538456
-0.041514461538461535
-0.0025033846153846152
0.03650769230769231
0.08302892307692307
0.12496061538461539
0.14394461538461537
0.14999446153846155
0.1395636923076923
0.10764553846153846
0.07238953846153846
0.03442153846153846
-0.006467076923076923
-0.045895384615384616
-0.08073415384615384
-0.09971815384615385
-0.10576799999999999
-0.09825784615384614
-0.09387692307692307
-0.08386338461538462
-0.06487938461538462
-0.047981538461538464
-0.027120000000000002
-0.028163076923076923
-0.05069353846153846
-0.08866153846153846
-0.13455692307692307
-0.16251138461538459
-0.173568
-0.17461107692307692
-0.1585476923076923
-0.12537784615384615
-0.08490646153846154
-0.03150092307692308
0.03066646153846154
0.07197230769230768
0.09554584615384615
0.10576799999999999
0.10326461538461539
0.1028473846153846
0.0961716923076923
0.07927384615384615
0.05674338461538461
0.03692492307692308
0.028163076923076923
0.028163076923076923
0.03400430769230769
0.03984553846153846
0.04965046153846154
0.059664
0.06759138461538462
0.07593599999999999
0.06738276923076922
0.058412307692307694
0.050067692307692306
0.03442153846153846
0.030040615384615384
0.024408000000000003
0.011265230769230769
-0.0002086153846153846
-0.009387692307692307
-0.011265230769230769
-0.003963692307692307
0.0033378461538461535
0.002086153846153846
-0.014811692307692307
-0.029832
-0.03692492307692308
-0.03671630769230769
-0.02586830769230769
-0.018775384615384614
0.0
0.01814953846153846
0.03963692307692308
0.06738276923076922
0.07155507692307693
0.06425353846153846
0.04130584615384615
0.011265230769230769
-0.009387692307692307
-0.03567323076923076
-0.06967753846153846
-0.10096984615384616
-0.12662953846153846
-0.13998092307692306
-0.13184492307692308
-0.10952307692307692
-0.07343261538461537
-0.032544
0.013560000000000001
0.0609156923076923
0.09679753846153846
0.12037107692307693
0.116616
0.10347323076923076
0.07802215384615384
0.045895384615384616
0.019192615384615384
-0.021696
-0.054657230769230764
-0.06926030769230769
-0.06821723076923077
-0.03880246153846154
0.011265230769230769
0.05194523076923077
0.09053907692307692
0.11348676923076922
0.1341396923076923
0.15103753846153847
0.13726892307692307
0.10868861538461538
0.05820369230769231
0.008970461538461538
-0.033169846153846154
-0.06654830769230768
-0.0828203076923077
-0.09012184615384615
-0.06988615384615385
-0.032544
0.010013538461538461
0.059872615384615385
0.09012184615384615
0.09763200000000001
0.09450276923076922
0.08073415384615384
0.06738276923076922
0.053405538461538456
0.02858030769230769
0.005841230769230769
-0.016480615384615385
-0.029623384615384614
-0.02023569230769231
-0.0070929230769230765
0.014603076923076923
0.038176615384615385
0.06675692307692307
0.10910584615384614
0.13893784615384613
0.14665661538461539
0.1476996923076923
0.1316363076923077
0.100344
0.07739630769230768
0.05611753846153846
0.02858030769230769
-0.014394461538461538
-0.05027630769230769
-0.05236246153846154
-0.028371692307692306
0.020652923076923076
0.06633969230769231
0.09596307692307693
0.116616
0.11870215384615385
0.1205796923076923
0.11140061538461538
0.07364123076923076
0.026702769230769228
-0.021904615384615383
-0.049233230769230765
-0.05194523076923077
-0.05736923076923077
-0.06216738461538462
-0.06571384615384615
-0.06425353846153846
-0.045895384615384616
-0.027745846153846152
-0.015228923076923076
-0.006467076923076923
-0.0014603076923076922
0.00855323076923077
0.029623384615384614
0.06049846153846154
0.09074769230769231
0.10660246153846153
0.11557292307692307
0.12245723076923076
0.12537784615384615
0.127464
0.11327815384615383
0.09304246153846155
0.06467076923076923
0.03609046153846154
0.015020307692307692
-0.0029206153846153843
-0.011265230769230769
-0.02357353846153846
-0.021070153846153846
0.006675692307692307
0.04631261538461538
0.0828203076923077
0.10201292307692307
0.10743692307692307
0.10472492307692308
0.08615815384615384
0.06425353846153846
0.03337846153846154
-0.01856676923076923
-0.07259815384615384
-0.12955015384615384
-0.16876984615384616
-0.2008966153846154
-0.22008923076923076
-0.2075723076923077
-0.17502830769230768
-0.10514215384615383
-0.02232184615384615
0.055491692307692304
0.12496061538461539
0.16710092307692306
0.19004861538461537
0.1977673846153846
0.18483323076923078
0.14728246153846153
0.08240307692307691
0.006467076923076923
-0.06800861538461538
-0.11348676923076922
-0.12579507692307693
-0.11745046153846153
-0.08574092307692306
-0.038176615384615385
0.023990769230769232
0.092208
0.1506203076923077
0.17231630769230769
0.17023015384615386
0.1506203076923077
0.11640738461538462
0.07948246153846153
0.027120000000000002
-0.026285538461538457
-0.05820369230769231
-0.05924676923076923
-0.030875076923076922
0.01272553846153846
0.04714707692307692
0.06884307692307692
0.07426707692307692
0.07489292307692308
0.061750153846153844
0.03275261538461539
-0.008344615384615384
-0.08052553846153847
-0.12996738461538462
-0.15479261538461536
-0.15938215384615384
-0.1358086153846154
-0.10827138461538462
-0.03275261538461539
0.06717415384615384
0.2157083076923077
0.35276861538461535
0.3882332307692308
0.3805144615384615
0.27412061538461535
0.143736
-0.0022947692307692304
-0.16042523076923076
-0.3239796923076923
-0.5229987692307692
-0.5964313846153846
-0.604776
-0.5050578461538461
-0.3116713846153846
-0.12329169230769231
0.10514215384615383
0.29873723076923075
0.5031803076923077
0.653592
0.6681950769230769
0.5728578461538462
0.34963938461538463
0.1207883076923077
-0.0853236923076923
-0.26619323076923074
-0.37967999999999996
-0.48357046153846156
-0.5056836923076923
-0.42307199999999995
-0.2822566153846154
-0.07259815384615384
0.11724184615384614
0.2709913846153846
0.37425600000000003
0.3907366153846154
0.39741230769230773
0.3448412307692308
0.22947692307692308
0.09804923076923076
-0.06008123076923077
-0.18253846153846154
-0.2853858461538461
-0.3611132307692308
-0.3863556923076923
-0.40638276923076927
-0.39365723076923076
-0.3383741538461538
-0.25388492307692306
-0.154584
-0.08845292307692308
-0.034630153846153845
0.0043809230769230765
0.034630153846153845
0.08761846153846153
0.12016246153846154
0.13789476923076924
0.16063384615384615
0.17377661538461536
0.19359507692307693
0.19067446153846154
0.14665661538461539
0.08574092307692306
-0.01043076923076923
-0.09512861538461538
-0.15646153846153846
-0.2021483076923077
-0.2056947692307692
-0.18232984615384615
-0.10952307692307692
0.014185846153846153
0.15562707692307692
0.28788923076923073
0.3917796923076923
0.4633347692307692
0.4698018461538461
0.41556184615384617
0.3206418461538461
0.15374953846153847
-0.03588184615384615
-0.208824
-0.36299076923076923
-0.46437784615384614
-0.5171575384615384
-0.49400123076923075
-0.39344861538461534
-0.23928184615384615
-0.040679999999999994
0.15562707692307692
0.31772123076923076
0.42015138461538465
0.4541556923076923
0.4251581538461538
0.33649661538461534
0.1881710769230769
-0.010013538461538461
-0.21153599999999997
-0.3717526153846154
-0.46708984615384613
-0.49274953846153846
-0.4478972307692307
-0.35694092307692304
-0.21237046153846154
-0.027745846153846152
0.14540492307692307
0.30207507692307695
0.40033292307692303
0.4222375384615385
0.38719015384615385
0.2943563076923077
0.18128676923076922
0.06300184615384616
-0.06487938461538462
-0.17419384615384614
-0.24595753846153845
-0.26118646153846153
-0.22029784615384615
-0.1353913846153846
-0.029623384615384614
0.06633969230769231
0.1504116923076923
0.21174461538461536
0.24074215384615386
0.22447015384615385
0.16647507692307692
0.09575446153846154
0.027328615384615382
-0.034630153846153845
-0.07572738461538461
-0.09012184615384615
-0.09137353846153846
-0.07551876923076924
-0.04672984615384615
-0.007510153846153846
0.030875076923076922
0.0446436923076923
0.03963692307692308
0.014811692307692307
-0.03567323076923076
-0.09304246153846155
-0.14749107692307692
-0.1846246153846154
-0.20193969230769232
-0.20339999999999997
-0.1718990769230769
-0.12829846153846153
-0.08031692307692308
-0.03212676923076923
0.004798153846153846
0.03629907692307692
0.04547815384615384
0.03400430769230769
0.005841230769230769
-0.028788923076923077
-0.051528
-0.07092923076923077
-0.0717636923076923
-0.04860738461538461
-0.017315076923076923
0.029623384615384614
0.09450276923076922
0.1635544615384615
0.20798953846153845
0.22405292307692307
0.208824
0.1597993846153846
0.10201292307692307
0.02545107692307692
-0.05382276923076923
-0.1205796923076923
-0.16209415384615386
-0.154584
-0.10597661538461538
-0.01940123076923077
0.08177723076923075
0.1706473846153846
0.24053353846153847
0.2818393846153846
0.2849686153846154
0.23656984615384613
0.13643446153846153
0.012516923076923077
-0.11494707692307692
-0.22175815384615383
-0.29456492307692306
-0.3243969230769231
-0.3129230769230769
-0.26911384615384615
-0.18379015384615385
-0.06362769230769232
0.06926030769230769
0.1846246153846154
0.26932246153846157
0.3102110769230769
0.30979384615384614
0.2705741538461538
0.19860184615384616
0.11306953846153844
0.015854769230769228
-0.07843938461538462
-0.13664307692307692
-0.15354092307692307
-0.1341396923076923
-0.08094276923076923
-0.0050067692307692304
0.0892873846153846
0.18921415384615384
0.27704123076923076
0.3269003076923077
0.3346190769230769
0.29456492307692306
0.21591692307692306
0.13643446153846153
0.06070707692307692
-0.013560000000000001
-0.08177723076923075
-0.13935507692307691
-0.16292861538461537
-0.14582215384615385
-0.0961716923076923
-0.02753723076923077
0.028788923076923077
0.07113784615384615
0.100344
0.10994030769230768
0.10493353846153847
0.06926030769230769
0.010848
-0.04756430769230769
-0.09053907692307692
-0.10493353846153847
-0.09763200000000001
-0.07030338461538461
-0.03921969230769231
-0.0025033846153846152
0.043600615384615383
0.07364123076923076
0.09304246153846155
0.0826116923076923
0.03838523076923077
-0.025033846153846153
-0.09074769230769231
-0.14728246153846153
-0.19192615384615386
-0.2125790769230769
-0.20110523076923076
-0.15187199999999998
-0.07510153846153846
0.02315630769230769
0.12412615384615384
0.21508246153846153
0.2795446153846154
0.31250584615384613
0.3062473846153846
0.249504
0.16167692307692308
0.04839876923076923
-0.05298830769230769
-0.12266584615384615
-0.1597993846153846
-0.15395815384615386
-0.11390399999999999
-0.04568676923076923
0.048816000000000005
0.15145476923076923
0.24449723076923074
0.30854215384615385
0.32543999999999995
0.30207507692307695
0.24032492307692307
0.157296
0.06279323076923077
-0.03671630769230769
-0.12224861538461537
-0.18983999999999998
-0.21716861538461538
-0.200688
-0.15562707692307692
-0.08636676923076922
-0.016897846153846156
0.051528
0.11640738461538462
0.1462393846153846
0.15082892307692305
0.12704676923076924
0.07489292307692308
0.016480615384615385
-0.05382276923076923
-0.11599015384615384
-0.1570873846153846
-0.17961784615384613
-0.1693956923076923
-0.12704676923076924
-0.05611753846153846
0.026076923076923077
0.09554584615384615
0.15103753846153847
0.19338646153846153
0.21779446153846155
0.22488738461538463
0.20339999999999997
0.16438892307692307
0.11473846153846154
0.061124307692307686
0.023782153846153845
-0.016480615384615385
-0.04965046153846154
-0.07051199999999999
-0.08365476923076923
-0.078648
-0.0609156923076923
-0.04380923076923077
-0.03483876923076923
-0.030875076923076922
-0.02482523076923077
-0.011265230769230769
0.0006258461538461538
0.0077187692307692304
0.012308307692307691
0.00855323076923077
-0.0070929230769230765
-0.013142769230769229
-0.02273907692307692
-0.04526953846153846
-0.06300184615384616
-0.08344615384615384
-0.08782707692307692
-0.07802215384615384
-0.059038153846153844
-0.022530461538461537
0.005424
0.03233538461538461
0.06738276923076922
0.09158215384615384
0.10743692307692307
0.10535076923076922
0.08907876923076924
0.06967753846153846
0.042974769230769226
0.025659692307692307
0.006467076923076923
-0.026494153846153844
-0.05486584615384615
-0.08115138461538463
-0.09450276923076922
-0.09825784615384614
-0.09930092307692308
-0.0880356923076923
-0.078648
-0.05194523076923077
-0.012308307692307691
0.004798153846153846
0.01272553846153846
0.005424
-0.011265230769230769
-0.018983999999999997
-0.03901107692307692
-0.05799507692307692
-0.078648
-0.09450276923076922
-0.09387692307692307
-0.09325107692307691
-0.07593599999999999
-0.052571076923076915
-0.026285538461538457
0.004589538461538461
0.037342153846153844
0.08219446153846154
0.11473846153846154
0.1341396923076923
0.1424843076923077
0.12934153846153845
0.10555938461538462
0.07551876923076924
0.03692492307692308
-0.0029206153846153843
-0.04631261538461538
-0.08198584615384615
-0.09137353846153846
-0.08949599999999999
-0.08156861538461539
-0.06842584615384616
-0.047772923076923074
-0.006467076923076923
0.041514461538461535
0.08887015384615385
0.12537784615384615
0.14457046153846154
0.15270646153846154
0.154584
0.14999446153846155
0.119328
0.07238953846153846
0.015437538461538461
-0.037342153846153844
-0.06821723076923077
-0.084072
-0.0826116923076923
-0.06821723076923077
-0.03921969230769231
0.0043809230769230765
0.06028984615384615
0.1097316923076923
0.1397723076923077
0.15270646153846154
0.14185846153846154
0.11953661538461538
0.08219446153846154
0.03400430769230769
-0.014603076923076923
-0.05820369230769231
-0.08991323076923076
-0.10243015384615384
-0.0974233846153846
-0.09763200000000001
-0.09784061538461537
-0.09930092307692308
-0.09909230769230769
-0.08866153846153846
-0.073224
-0.055491692307692304
-0.037342153846153844
-0.016063384615384615
0.024616615384615383
0.0771876923076923
0.11265230769230769
0.13121907692307694
0.11724184615384614
0.09053907692307692
0.059664
0.01981846153846154
-0.016063384615384615
-0.06738276923076922
-0.1097316923076923
-0.13247076923076923
-0.13267938461538462
-0.10076123076923077
-0.06258461538461538
-0.008136
0.05736923076923077
0.11765907692307691
0.1867107692307692
0.2411593846153846
0.26306399999999996
0.2480436923076923
0.19150892307692308
0.11098338461538461
0.01814953846153846
-0.08594953846153845
-0.17628
-0.2588916923076923
-0.31104553846153843
-0.32585723076923073
-0.31041969230769234
-0.27432923076923077
-0.24574892307692306
-0.2075723076923077
-0.18525046153846153
-0.14394461538461537
-0.09053907692307692
-0.007927384615384614
0.12975876923076923
0.3342018461538461
0.5184092307692307
0.6533833846153847
0.8125569230769231
0.8953772307692308
0.9612996923076923
0.8872412307692308
0.6640227692307692
0.35235138461538457
-0.07843938461538462
-0.4587452307692308
-0.8663796923076922
-1.1916110769230768
-1.371228923076923
-1.4100313846153847
-1.1611532307692307
-0.7524756923076922
-0.1783661538461538
0.4389267692307692
0.9621341538461539
1.4181673846153846
1.6411772307692307
1.6430547692307693
1.3985575384615385
0.904764923076923
0.31834707692307695
-0.36340799999999995
-1.0049003076923078
-1.4680264615384615
-1.7638430769230768
-1.7922147692307693
-1.605504
-1.2433476923076923
-0.7236867692307692
-0.15833907692307692
0.45978830769230766
1.0201292307692307
1.4112830769230769
1.6190639999999998
1.6069643076923077
1.4060676923076922
1.0418252307692306
0.5321778461538461
-0.022530461538461537
-0.5741095384615384
-1.0282652307692308
-1.316988923076923
-1.4488338461538461
-1.3904215384615384
-1.1822233846153847
-0.8473956923076923
-0.42494953846153843
0.010848
0.4414301538461538
0.8131827692307693
1.0668590769230768
1.2224861538461538
1.2387581538461538
1.1223507692307693
0.9018443076923077
0.571188923076923
0.19735015384615384
-0.20819815384615384
-0.6072793846153846
-0.9418984615384616
-1.1765907692307693
-1.2765175384615384
-1.2533612307692308
-1.0743692307692307
-0.7370381538461539
-0.28934953846153844
0.24095076923076922
0.7658270769230768
1.2204
1.5479261538461537
1.685820923076923
1.6420116923076922
1.3816596923076923
0.9364744615384615
0.40012430769230767
-0.19171753846153847
-0.7505981538461538
-1.213307076923077
-1.5266473846153845
-1.6388824615384614
-1.550220923076923
-1.256281846153846
-0.8015003076923076
-0.2288510769230769
0.39657784615384617
0.9635944615384615
1.4050246153846153
1.6572406153846153
1.6747643076923076
1.4836726153846154
1.0941876923076923
0.5605495384615384
-0.021070153846153846
-0.5918418461538462
-1.0547593846153847
-1.3633015384615386
-1.4995273846153845
-1.4294326153846153
-1.1728356923076924
-0.762072
-0.26076923076923075
0.2507556923076923
0.7078319999999999
1.043076923076923
1.2368806153846152
1.2886172307692305
1.1793027692307692
0.9254178461538461
0.5611753846153846
0.1504116923076923
-0.23907323076923076
-0.5670166153846153
-0.7931556923076923
-0.921036923076923
-0.946488
-0.8511507692307692
-0.6606849230769232
-0.4111809230769231
-0.14164984615384615
0.111192
0.3346190769230769
0.5121507692307692
0.6214652307692308
0.6663175384615385
0.6314787692307692
0.5250849230769231
0.3782196923076923
0.21153599999999997
0.054240000000000003
-0.09825784615384614
-0.2436627692307692
-0.38280923076923074
-0.5029716923076922
-0.5757784615384615
-0.5907987692307692
-0.5380190769230769
-0.43663199999999996
-0.29748553846153847
-0.11432123076923076
0.10222153846153846
0.34504984615384615
0.5772387692307692
0.7451741538461537
0.8323753846153845
0.8265341538461539
0.7407932307692308
0.5834972307692308
0.35235138461538457
0.07426707692307692
-0.2205064615384615
-0.4783550769230769
-0.6525489230769231
-0.7395415384615384
-0.7378726153846155
-0.6452473846153846
-0.4823187692307692
-0.25513661538461535
0.013560000000000001
0.273912
0.4942098461538461
0.6408664615384615
0.6984443076923077
0.6702812307692307
0.5772387692307692
0.43162523076923076
0.2330233846153846
0.012934153846153845
-0.1942209230769231
-0.3479704615384615
-0.41660492307692304
-0.4174393846153846
-0.3686233846153846
-0.2864289230769231
-0.18149538461538461
-0.04672984615384615
0.09283384615384616
0.214248
0.29685969230769227
0.3202246153846154
0.3127144615384615
0.2860116923076923
0.24741784615384615
0.19588984615384614
0.12496061538461539
0.06633969230769231
0.016897846153846156
-0.02315630769230769
-0.05799507692307692
-0.1136953846153846
-0.1733593846153846
-0.22968553846153844
-0.2689052307692308
-0.2830910769230769
-0.27140861538461536
-0.23135446153846154
-0.1696043076923077
-0.07843938461538462
0.03775938461538462
0.1706473846153846
0.2966510769230769
0.3880246153846154
0.42307199999999995
0.40033292307692303
0.32543999999999995
0.19150892307692308
0.015646153846153844
-0.1785747692307692
-0.3738387692307692
-0.5215384615384615
-0.5964313846153846
-0.5880867692307692
-0.4965046153846154
-0.3473446153846154
-0.14269292307692305
0.08240307692307691
0.3049956923076923
0.48649107692307686
0.5899643076923077
0.6037329230769231
0.5159058461538462
0.3538116923076923
0.13706030769230768
-0.10013538461538461
-0.3210590769230769
-0.4958787692307692
-0.6022726153846154
-0.6296012307692308
-0.5851661538461538
-0.47230523076923075
-0.31104553846153843
-0.14039815384615384
0.03609046153846154
0.18232984615384615
0.2670276923076923
0.2914356923076923
0.26076923076923075
0.19714153846153845
0.1136953846153846
0.03379569230769231
-0.03838523076923077
-0.10138707692307691
-0.1397723076923077
-0.15145476923076923
-0.13768615384615385
-0.11286092307692308
-0.07823076923076923
-0.03755076923076923
-0.00855323076923077
0.015020307692307692
0.042348923076923076
0.06654830769230768
0.08302892307692307
0.09679753846153846
0.12433476923076923
0.1706473846153846
0.2138307692307692
0.2436627692307692
0.2586830769230769
0.24616615384615384
0.20715507692307691
0.14394461538461537
0.05590892307692308
-0.042557538461538466
-0.13935507692307691
-0.20861538461538462
-0.2374043076923077
-0.22321846153846153
-0.16605784615384614
-0.07301538461538462
0.051528
0.17440246153846153
0.2757895384615385
0.34066892307692304
0.3456756923076923
0.30270092307692303
0.21341353846153846
0.08866153846153846
-0.03629907692307692
-0.14477907692307693
-0.22321846153846153
-0.27453784615384613
-0.29331323076923077
-0.25972615384615383
-0.18253846153846154
-0.09721476923076922
-0.015020307692307692
0.06821723076923077
0.13497415384615385
0.17711446153846155
0.1910916923076923
0.16981292307692308
0.10806276923076923
0.018775384615384614
-0.0678
-0.1287156923076923
-0.17315076923076922
-0.20339999999999997
-0.20047938461538461
-0.1639716923076923
-0.09658892307692307
-0.003755076923076923
0.09283384615384616
0.18149538461538461
0.24345415384615382
0.2666104615384615
0.25451076923076926
0.2021483076923077
0.130176
0.035464615384615386
-0.07092923076923077
-0.15374953846153847
-0.2056947692307692
-0.2090326153846154
-0.17315076923076922
-0.10764553846153846
-0.017315076923076923
0.07843938461538462
0.17565415384615385
0.25054707692307693
0.28434276923076923
0.26535876923076923
0.1858763076923077
0.08219446153846154
-0.03713353846153846
-0.16271999999999998
-0.27140861538461536
-0.3544375384615384
-0.3913624615384615
-0.3784283076923077
-0.3187643076923077
-0.222384
-0.10493353846153847
0.02023569230769231
0.1504116923076923
0.26932246153846157
0.3548547692307692
0.3955347692307692
0.3750904615384615
0.3047870769230769
0.1992276923076923
0.0853236923076923
-0.02273907692307692
-0.11724184615384614
-0.1846246153846154
-0.21925476923076925
-0.20506892307692307
-0.14811692307692306
-0.06654830769230768
0.03379569230769231
0.12788123076923075
0.20006215384615383
0.260352
0.2805876923076923
0.2651501538461538
0.21633415384615384
0.14686523076923075
0.0853236923076923
0.026494153846153844
-0.01668923076923077
-0.05653476923076922
-0.09971815384615385
-0.13226215384615383
-0.15646153846153846
-0.16105107692307694
-0.15500123076923078
-0.16292861538461537
-0.16292861538461537
-0.15646153846153846
-0.1395636923076923
-0.10660246153846153
-0.07697907692307693
-0.043392
-0.011891076923076923
0.014811692307692307
0.04401784615384615
0.05298830769230769
0.04693846153846153
0.027745846153846152
-0.007510153846153846
-0.03233538461538461
-0.050067692307692306
-0.05590892307692308
-0.05611753846153846
-0.05570030769230769
-0.03483876923076923
-0.0043809230769230765
0.033169846153846154
0.08490646153846154
0.1287156923076923
0.16459753846153846
0.19881046153846152
0.21654276923076923
0.2288510769230769
0.2140393846153846
0.17628
0.14081538461538462
0.10743692307692307
0.09471138461538461
0.07635323076923077
0.045895384615384616
0.016897846153846156
-0.009804923076923077
-0.012099692307692308
0.006049846153846154
0.03066646153846154
0.04839876923076923
0.04714707692307692
0.042557538461538466
0.041514461538461535
0.04526953846153846
0.050067692307692306
0.04839876923076923
0.05298830769230769
0.07760492307692309
0.11953661538461538
0.1652233846153846
0.19839323076923077
0.21362215384615382
0.21779446153846155
0.20527753846153846
0.17690584615384616
0.127464
0.051319384615384614
-0.043600615384615383
-0.13309661538461537
-0.18545907692307692
-0.19192615384615386
-0.15604430769230768
-0.09721476923076922
-0.01397723076923077
0.0826116923076923
0.17961784615384613
0.26869661538461537
0.3158436923076923
0.31646953846153847
0.26723630769230766
0.1779489230769231
0.07885661538461539
-0.031709538461538456
-0.14999446153846155
-0.249504
-0.31083692307692307
-0.31125415384615385
-0.2641070769230769
-0.17690584615384616
-0.0936683076923077
-0.048816000000000005
0.011056615384615385
0.07280676923076923
0.13789476923076924
0.18483323076923078
0.18337292307692307
0.16772676923076923
0.14060676923076923
0.12537784615384615
0.14853415384615384
0.143736
0.03233538461538461
-0.09763200000000001
-0.1990190769230769
-0.2791273846153846
-0.252216
-0.3137575384615385
-0.42035999999999996
-0.42953907692307686
-0.4049224615384615
-0.21508246153846153
-0.05611753846153846
0.04902461538461538
0.13038461538461538
0.18232984615384615
0.33670523076923076
0.4170221538461538
0.4416387692307692
0.3269003076923077
0.10764553846153846
-0.029623384615384614
-0.18921415384615384
-0.25284184615384614
-0.3246055384615385
-0.428496
-0.38239199999999995
-0.34338092307692303
-0.18879692307692306
0.03275261538461539
0.15291507692307693
0.31855569230769226
0.37592492307692305
0.37321292307692305
0.41952553846153845
0.371544
0.33899999999999997
0.23469230769230767
0.05382276923076923
-0.08052553846153847
-0.20861538461538462
-0.2453316923076923
-0.27182584615384614
-0.3304467692307692
-0.3452584615384615
-0.33315876923076926
-0.21883753846153844
-0.0771876923076923
0.001043076923076923
0.09137353846153846
0.12558646153846154
0.19150892307692308
0.29727692307692305
0.3187643076923077
0.33065538461538463
0.28663753846153844
0.22154953846153846
0.19067446153846154
0.0961716923076923
-0.027120000000000002
-0.14853415384615384
-0.27871015384615383
-0.3304467692307692
-0.3304467692307692
-0.2855944615384615
-0.1777403076923077
-0.04860738461538461
0.11181784615384616
0.2695310769230769
0.42265476923076917
0.5167403076923076
0.5401052307692308
0.5257107692307692
0.41723076923076924
0.2782929230769231
0.12725538461538463
-0.06717415384615384
-0.2357353846153846
-0.39344861538461534
-0.4948356923076923
-0.5050578461538461
-0.4821101538461538
-0.3817661538461538
-0.2578486153846154
-0.10597661538461538
0.09950953846153845
0.26097784615384617
0.36549415384615386
0.38719015384615385
0.35986153846153845
0.3087507692307692
0.19964492307692308
0.06821723076923077
-0.09679753846153846
-0.2557624615384615
-0.33649661538461534
-0.3757163076923077
-0.34630153846153844
-0.26619323076923074
-0.19547261538461536
-0.07927384615384615
0.03129230769230769
0.1207883076923077
0.21237046153846154
0.24095076923076922
0.24491446153846153
0.22280123076923075
0.16751815384615384
0.11828492307692307
0.06675692307692307
0.026285538461538457
-0.017315076923076923
-0.04944184615384615
-0.065088
-0.09074769230769231
-0.09804923076923076
-0.10493353846153847
-0.1207883076923077
-0.12704676923076924
-0.14790830769230767
-0.1353913846153846
-0.0897046153846154
-0.06195876923076923
-0.02315630769230769
-0.0025033846153846152
0.020652923076923076
0.06675692307692307
0.08761846153846153
0.08636676923076922
0.04047138461538462
-0.03671630769230769
-0.09325107692307691
-0.14936861538461538
-0.20486030769230767
-0.25388492307692306
-0.2912270769230769
-0.279336
-0.2422024615384615
-0.17648861538461538
-0.09158215384615384
-0.016063384615384615
0.07405846153846153
0.13372246153846154
0.154584
0.15646153846153846
0.12370892307692308
0.09700615384615385
0.04693846153846153
-0.03504738461538461
-0.0892873846153846
-0.12913292307692306
-0.13872923076923074
-0.10681107692307691
-0.07593599999999999
-0.030875076923076922
0.015646153846153844
0.05820369230769231
0.10493353846153847
0.1178676923076923
0.1151556923076923
0.08636676923076922
0.052571076923076915
0.026494153846153844
-0.013142769230769229
-0.023782153846153845
-0.023990769230769232
-0.014394461538461538
0.016897846153846156
0.03755076923076923
0.07551876923076924
0.11286092307692308
0.12683815384615382
0.12829846153846153
0.09450276923076922
0.05486584615384615
0.01981846153846154
-0.01272553846153846
-0.03650769230769231
-0.07259815384615384
-0.0853236923076923
-0.06154153846153846
-0.006258461538461538
0.07572738461538461
0.13518276923076925
0.1787833846153846
0.20173107692307693
0.19568123076923075
0.18274707692307693
0.13455692307692307
0.06654830769230768
0.0050067692307692304
-0.04944184615384615
-0.07259815384615384
-0.07760492307692309
-0.06154153846153846
0.0012516923076923076
0.07593599999999999
0.15896492307692306
0.23969907692307693
0.2776670769230769
0.28392553846153845
0.2497126153846154
0.19025723076923076
0.11911938461538461
0.03379569230769231
-0.03838523076923077
-0.09700615384615385
-0.12913292307692306
-0.13101046153846155
-0.10618523076923077
-0.04088861538461538
0.04172307692307692
0.11619876923076923
0.16459753846153846
0.1775316923076923
0.168144
0.13372246153846154
0.07238953846153846
-0.015437538461538461
-0.1207883076923077
-0.21070153846153844
-0.26619323076923074
-0.2768326153846154
-0.24303692307692307
-0.18545907692307692
-0.11035753846153845
-0.020027076923076922
0.07405846153846153
0.1635544615384615
0.22488738461538463
0.2497126153846154
0.23135446153846154
0.17169046153846151
0.0963803076923077
0.008970461538461538
-0.0798996923076923
-0.15333230769230768
-0.20277415384615383
-0.2209236923076923
-0.20110523076923076
-0.14436184615384615
-0.06008123076923077
0.03880246153846154
0.1287156923076923
0.21070153846153844
0.27474646153846155
0.3031181538461538
0.29331323076923077
0.23907323076923076
0.16584923076923075
0.08386338461538462
0.005424
-0.06842584615384616
-0.13267938461538462
-0.17586276923076924
-0.19735015384615384
-0.18525046153846153
-0.14936861538461538
-0.09304246153846155
-0.03880246153846154
0.01981846153846154
0.09158215384615384
0.16188553846153847
0.22467876923076924
0.2572227692307692
0.25951753846153847
0.23761292307692305
0.19735015384615384
0.14957723076923077
0.086784
0.008761846153846153
-0.07113784615384615
-0.14665661538461539
-0.19505538461538463
-0.19192615384615386
-0.15145476923076923
-0.09679753846153846
-0.03755076923076923
0.022947692307692308
0.0974233846153846
0.15875630769230767
0.19067446153846154
0.19839323076923077
0.16647507692307692
0.1151556923076923
0.05590892307692308
-0.006258461538461538
-0.06738276923076922
-0.12704676923076924
-0.17231630769230769
-0.19296923076923078
-0.18545907692307692
-0.15082892307692305
-0.1151556923076923
-0.07948246153846153
-0.03337846153846154
0.021070153846153846
0.0963803076923077
0.16438892307692307
0.21800307692307694
0.24449723076923074
0.23823876923076923
0.22467876923076924
0.19588984615384614
0.15208061538461537
0.092208
0.02524246153846154
-0.031709538461538456
-0.06675692307692307
-0.08198584615384615
-0.086784
-0.08428061538461538
-0.07635323076923077
-0.04902461538461538
0.005424
0.058412307692307694
0.0934596923076923
0.11745046153846153
0.12099692307692309
0.12725538461538463
0.13267938461538462
0.11724184615384614
0.09429415384615383
0.055491692307692304
0.014603076923076923
-0.020027076923076922
-0.06049846153846154
-0.10389046153846154
-0.14749107692307692
-0.17690584615384616
-0.18191261538461537
-0.168144
-0.13434830769230768
-0.08156861538461539
-0.018775384615384614
0.04839876923076923
0.12454338461538461
0.20527753846153846
0.2682793846153846
0.29331323076923077
0.2789187692307692
0.22989415384615383
0.1635544615384615
0.09325107692307691
0.015646153846153844
-0.051528
-0.10827138461538462
-0.14436184615384615
-0.14790830769230767
-0.12850707692307692
-0.08991323076923076
-0.052153846153846155
-0.016480615384615385
0.03400430769230769
0.08302892307692307
0.12016246153846154
0.1395636923076923
0.12266584615384615
0.09325107692307691
0.0609156923076923
0.016480615384615385
-0.04318338461538461
-0.11432123076923076
-0.17648861538461538
-0.22426153846153846
-0.241368
-0.23510953846153848
-0.2075723076923077
-0.16021661538461537
-0.10514215384615383
-0.037967999999999995
0.02545107692307692
0.07677046153846154
0.103056
0.11557292307692307
0.12204
0.12350030769230769
0.12662953846153846
0.11473846153846154
0.09074769230769231
0.048816000000000005
-0.013142769230769229
-0.08302892307692307
-0.15270646153846154
-0.21320492307692307
-0.26348123076923075
-0.2924787692307692
-0.2855944615384615
-0.22572184615384616
-0.12913292307692306
-0.023364923076923075
0.09053907692307692
0.18963138461538462
0.26118646153846153
0.29873723076923075
0.29039261538461536
0.23364923076923078
0.1316363076923077
0.005841230769230769
-0.11160923076923077
-0.2140393846153846
-0.2995716923076923
-0.35151692307692306
-0.3623649230769231
-0.3206418461538461
-0.23823876923076923
-0.12829846153846153
-0.006675692307692307
0.10827138461538462
0.21445661538461538
0.2993630769230769
0.34275507692307694
0.344424
0.306456
0.2238443076923077
0.1218313846153846
0.008136
-0.1070196923076923
-0.20632061538461538
-0.2830910769230769
-0.3187643076923077
-0.31396615384615384
-0.27453784615384613
-0.20047938461538461
-0.11056615384615384
-0.022947692307692308
0.055491692307692304
0.12037107692307693
0.1691870769230769
0.18316430769230768
0.1639716923076923
0.12037107692307693
0.06529661538461538
0.01814953846153846
-0.02899753846153846
-0.07072061538461538
-0.10910584615384614
-0.13643446153846153
-0.12767261538461538
-0.09137353846153846
-0.03838523076923077
0.006884307692307692
0.030040615384615384
0.05716061538461538
0.08052553846153847
0.10201292307692307
0.11891076923076922
0.10764553846153846
0.08240307692307691
0.03567323076923076
-0.01814953846153846
-0.07051199999999999
-0.11452984615384615
-0.10535076923076922
-0.06383630769230769
0.008344615384615384
0.09658892307692307
0.16730953846153845
0.24866953846153847
0.2979027692307692
0.306456
0.25451076923076926
0.14811692307692306
0.030875076923076922
-0.07614461538461538
-0.12516923076923075
-0.22426153846153846
-0.2822566153846154
-0.2782929230769231
-0.25138153846153843
-0.1178676923076923
-0.005841230769230769
0.12433476923076923
0.22342707692307692
0.2860116923076923
0.371544
0.3540203076923077
0.306456
0.19380369230769232
0.05048492307692308
-0.06279323076923077
-0.20986707692307693
-0.2709913846153846
-0.29748553846153847
-0.27286892307692306
-0.16418030769230768
-0.07739630769230768
0.034630153846153845
0.10910584615384614
0.15187199999999998
0.20402584615384614
0.16835261538461538
0.1205796923076923
0.06884307692307692
0.008970461538461538
0.008970461538461538
-0.012099692307692308
-0.031709538461538456
-0.05799507692307692
-0.11306953846153844
-0.14164984615384615
-0.1846246153846154
-0.21862892307692305
-0.23615261538461538
-0.2355267692307692
-0.17273353846153844
-0.09909230769230769
-0.0077187692307692304
0.09158215384615384
0.16188553846153847
0.24720923076923076
0.29644246153846154
0.3114627692307692
0.31688676923076925
0.2803790769230769
0.23949046153846154
0.16501476923076921
0.03942830769230769
-0.07593599999999999
-0.18274707692307693
-0.26765353846153844
-0.3131316923076923
-0.3291950769230769
-0.27286892307692306
-0.16605784615384614
-0.016063384615384615
0.1635544615384615
0.31250584615384613
0.4374664615384615
0.4942098461538461
0.4879513846153846
0.4163963076923077
0.2563883076923077
0.08720123076923077
-0.08469784615384615
-0.2411593846153846
-0.34317230769230767
-0.39866399999999996
-0.37300430769230764
-0.2851772307692308
-0.17002153846153847
-0.024408000000000003
0.11828492307692307
0.24658338461538462
0.3490135384615385
0.39407446153846154
0.38531261538461536
0.3216849230769231
0.22843384615384613
0.124752
0.005424
-0.11223507692307692
-0.21800307692307694
-0.27599815384615384
-0.2726603076923077
-0.24178523076923078
-0.17085599999999998
-0.07948246153846153
0.006675692307692307
0.10138707692307691
0.157296
0.1858763076923077
0.1858763076923077
0.14603076923076924
0.10994030769230768
0.05716061538461538
0.0
-0.040054153846153843
-0.0717636923076923
-0.07572738461538461
-0.06383630769230769
-0.04756430769230769
-0.03483876923076923
-0.035464615384615386
-0.02273907692307692
-0.01043076923076923
0.003755076923076923
0.015228923076923076
0.020027076923076922
0.04130584615384615
0.056326153846153845
0.07823076923076923
0.11599015384615384
0.1424843076923077
0.15833907692307692
0.17002153846153847
0.16835261538461538
0.15959076923076923
0.13706030769230768
0.09471138461538461
0.052153846153846155
-0.009596307692307692
-0.06800861538461538
-0.10743692307692307
-0.12850707692307692
-0.12412615384615384
-0.12120553846153845
-0.10472492307692308
-0.07468430769230769
-0.026911384615384615
0.03358707692307692
0.07051199999999999
0.08323753846153846
0.0826116923076923
0.07572738461538461
0.0853236923076923
0.09846646153846153
0.08991323076923076
0.07948246153846153
0.06195876923076923
0.06550523076923077
0.09012184615384615
0.0988836923076923
0.10555938461538462
0.103056
0.09971815384615385
0.09429415384615383
0.07259815384615384
0.049233230769230765
0.0043809230769230765
-0.04380923076923077
-0.0717636923076923
-0.07593599999999999
-0.04109723076923077
-0.008761846153846153
0.02482523076923077
0.06404492307692307
0.09283384615384616
0.130176
0.14978584615384616
0.14665661538461539
0.12683815384615382
0.05924676923076923
-0.02482523076923077
-0.100344
-0.17252492307692308
-0.22780799999999998
-0.2780843076923077
-0.3022836923076923
-0.2791273846153846
-0.22300984615384614
-0.13747753846153846
-0.03775938461538462
0.06404492307692307
0.16105107692307694
0.24491446153846153
0.29644246153846154
0.295608
0.2424110769230769
0.1502030769230769
0.043392
-0.059872615384615385
-0.1558356923076923
-0.23656984615384613
-0.2751636923076923
-0.2655673846153846
-0.20715507692307691
-0.10681107692307691
0.0014603076923076922
0.10952307692307692
0.1990190769230769
0.25764
0.2872633846153846
0.27620676923076926
0.23677846153846152
0.1635544615384615
0.06195876923076923
-0.04526953846153846
-0.1368516923076923
-0.20632061538461538
-0.2540935384615385
-0.26368984615384616
-0.24345415384615382
-0.19359507692307693
-0.12308307692307692
-0.04839876923076923
0.016063384615384615
0.05444861538461539
0.07197230769230768
0.07405846153846153
0.07051199999999999
0.05757784615384615
0.03942830769230769
0.03296123076923077
0.029623384615384614
0.02858030769230769
0.022947692307692308
-0.003129230769230769
-0.04693846153846153
-0.10347323076923076
-0.16418030769230768
-0.21716861538461538
-0.2620209230769231
-0.2897667692307692
-0.28663753846153844
-0.25284184615384614
-0.1779489230769231
-0.0771876923076923
0.024408000000000003
0.12433476923076923
0.20152246153846154
0.2526332307692308
0.27599815384615384
0.25451076923076926
0.192552
0.0961716923076923
-0.023990769230769232
-0.1397723076923077
-0.22780799999999998
-0.27432923076923077
-0.28246523076923075
-0.2526332307692308
-0.17565415384615385
-0.06967753846153846
0.06258461538461538
0.19672430769230767
0.30562153846153844
0.3813489230769231
0.3984553846153846
0.3717526153846154
0.3068732307692308
0.20298276923076922
0.07238953846153846
-0.06362769230769232
-0.16584923076923075
-0.22843384615384613
-0.24866953846153847
-0.22676492307692306
-0.18274707692307693
-0.1205796923076923
-0.047981538461538464
0.029414769230769227
0.09471138461538461
0.12558646153846154
0.12266584615384615
0.09658892307692307
0.05799507692307692
0.027120000000000002
0.003755076923076923
-0.012099692307692308
-0.02044430769230769
-0.015228923076923076
0.009596307692307692
0.03150092307692308
0.04902461538461538
0.04819015384615385
0.03483876923076923
0.01814953846153846
0.004589538461538461
0.002086153846153846
-0.007301538461538462
-0.014811692307692307
-0.010013538461538461
0.017523692307692306
0.06404492307692307
0.10827138461538462
0.138312
0.15562707692307692
0.1635544615384615
0.15792184615384616
0.1368516923076923
0.092208
0.02357353846153846
-0.04839876923076923
-0.11640738461538462
-0.16897846153846155
-0.1908830769230769
-0.19171753846153847
-0.18316430769230768
-0.15562707692307692
-0.10389046153846154
-0.03859384615384615
0.030875076923076922
0.08240307692307691
0.11140061538461538
0.12308307692307692
0.11348676923076922
0.09053907692307692
0.05236246153846154
-0.0035464615384615383
-0.06592246153846154
-0.12224861538461537
-0.14978584615384616
-0.14936861538461538
-0.119328
-0.06967753846153846
-0.016272
0.04756430769230769
0.10493353846153847
0.1531236923076923
0.16584923076923075
0.13789476923076924
0.08761846153846153
0.024408000000000003
-0.024199384615384616
-0.052571076923076915
-0.059872615384615385
-0.04631261538461538
-0.014394461538461538
0.03045784615384615
0.08845292307692308
0.14728246153846153
0.18358153846153846
0.19526400000000002
0.1883796923076923
0.17544553846153846
0.1570873846153846
0.12829846153846153
0.08782707692307692
0.03275261538461539
-0.013142769230769229
-0.040262769230769234
-0.04902461538461538
-0.045895384615384616
-0.035464615384615386
-0.0016689230769230767
0.04714707692307692
0.09909230769230769
0.14436184615384615
0.1656406153846154
0.157296
0.11578153846153846
0.04672984615384615
-0.033169846153846154
-0.12016246153846154
-0.2021483076923077
-0.25972615384615383
-0.28204799999999997
-0.2643156923076923
-0.21967199999999998
-0.154584
-0.08448923076923077
-0.024408000000000003
0.023990769230769232
0.04860738461538461
0.051528
0.021487384615384613
-0.031709538461538456
-0.08094276923076923
-0.12642092307692307
-0.14540492307692307
-0.14603076923076924
-0.12704676923076924
-0.09408553846153846
-0.059038153846153844
-0.008970461538461538
0.03921969230769231
0.08010830769230769
0.092208
0.08344615384615384
0.08219446153846154
0.0771876923076923
0.06905169230769231
0.06529661538461538
0.06696553846153847
0.0826116923076923
0.10743692307692307
0.13643446153846153
0.15896492307692306
0.16251138461538459
0.15374953846153847
0.13121907692307694
0.09721476923076922
0.054240000000000003
0.009596307692307692
-0.033169846153846154
-0.07259815384615384
-0.09554584615384615
-0.09992676923076924
-0.08574092307692306
-0.05403138461538461
-0.009387692307692307
0.04214030769230769
0.10138707692307691
0.16209415384615386
0.20861538461538462
0.2207150769230769
0.1927606153846154
0.14185846153846154
0.08219446153846154
0.021904615384615383
-0.02899753846153846
-0.06425353846153846
-0.07843938461538462
-0.06195876923076923
-0.013351384615384614
0.054657230769230764
0.1218313846153846
0.17502830769230768
0.20652923076923077
0.21779446153846155
0.20924123076923076
0.1710646153846154
0.10994030769230768
0.03859384615384615
-0.026285538461538457
-0.0744756923076923
-0.10263876923076923
-0.10806276923076923
-0.09283384615384616
-0.05111076923076923
0.0077187692307692304
0.07656184615384615
0.1422756923076923
0.1775316923076923
0.1779489230769231
0.12496061538461539
0.03567323076923076
-0.07134646153846153
-0.17169046153846151
-0.2415766153846154
-0.30833353846153844
-0.3212676923076923
-0.2979027692307692
-0.19359507692307693
-0.04693846153846153
0.184416
0.42953907692307686
0.4416387692307692
0.477312
0.4291218461538462
0.34358953846153845
0.265776
-0.025033846153846153
-0.2707827692307692
-0.5524135384615385
-0.6792516923076923
-0.6258461538461538
-0.6172929230769231
-0.4873255384615384
-0.3832264615384615
-0.14102399999999998
0.19004861538461537
0.4205686153846153
0.6435784615384614
0.6168756923076922
0.5094387692307691
0.3903193846153846
0.16459753846153846
0.01397723076923077
-0.22718215384615387
-0.42494953846153843
-0.4850307692307692
-0.584123076923077
-0.4685501538461538
-0.2868461538461538
-0.11870215384615385
0.12975876923076923
0.24011630769230768
0.3550633846153846
0.4243236923076923
0.4109723076923077
0.43350276923076925
0.32314523076923074
0.1585476923076923
0.002086153846153846
-0.12808984615384614
-0.15208061538461537
-0.21216184615384615
-0.2588916923076923
-0.25930892307692305
-0.25305046153846156
-0.13309661538461537
-0.04401784615384615
-0.008344615384615384
0.04860738461538461
0.042557538461538466
0.08365476923076923
0.11348676923076922
0.073224
0.08156861538461539
0.04214030769230769
0.040679999999999994
0.09429415384615383
0.09262523076923077
0.10368184615384615
0.05611753846153846
0.0012516923076923076
-0.040054153846153843
-0.1178676923076923
-0.15291507692307693
-0.1783661538461538
-0.14749107692307692
-0.09012184615384615
-0.04860738461538461
0.07656184615384615
0.1908830769230769
0.2920615384615385
0.385104
0.38572984615384615
0.37655076923076924
0.31188
0.20256553846153844
0.10639384615384614
-0.051319384615384614
-0.17377661538461536
-0.25012984615384615
-0.31083692307692307
-0.30520430769230766
-0.28893230769230765
-0.20319138461538463
-0.04944184615384615
0.09387692307692307
0.2209236923076923
0.2764153846153846
0.3127144615384615
0.3285692307692308
0.2532590769230769
0.14665661538461539
-0.02232184615384615
-0.20047938461538461
-0.3062473846153846
-0.39636923076923075
-0.3917796923076923
-0.3275261538461538
-0.2422024615384615
-0.0828203076923077
0.05716061538461538
0.2021483076923077
0.34046030769230773
0.39595199999999997
0.40742584615384614
0.33378461538461535
0.20715507692307691
0.05277969230769231
-0.1207883076923077
-0.24053353846153847
-0.3316984615384615
-0.36299076923076923
-0.34504984615384615
-0.29498215384615384
-0.17440246153846153
-0.04714707692307692
0.08448923076923077
0.19735015384615384
0.23093723076923076
0.2415766153846154
0.21925476923076925
0.1424843076923077
0.041514461538461535
-0.08991323076923076
-0.18066092307692305
-0.20924123076923076
-0.21362215384615382
-0.1704387692307692
-0.11411261538461538
-0.04380923076923077
0.04401784615384615
0.10889723076923077
0.17502830769230768
0.20819815384615384
0.20506892307692307
0.17628
0.10430769230769231
0.054657230769230764
0.011265230769230769
-0.013560000000000001
0.0077187692307692304
0.005424
0.01397723076923077
0.035255999999999996
0.06696553846153847
0.13726892307692307
0.1585476923076923
0.12767261538461538
0.07677046153846154
0.011473846153846154
-0.030875076923076922
-0.06717415384615384
-0.10639384615384614
-0.14269292307692305
-0.1666836923076923
-0.1356
-0.06905169230769231
0.011265230769230769
0.09992676923076924
0.15208061538461537
0.19338646153846153
0.21487384615384614
0.2021483076923077
0.17273353846153844
0.09450276923076922
0.010639384615384617
-0.07030338461538461
-0.14582215384615385
-0.15959076923076923
-0.1424843076923077
-0.10493353846153847
-0.058829538461538454
-0.01397723076923077
0.07051199999999999
0.15938215384615384
0.2221753846153846
0.24449723076923074
0.20360861538461536
0.13455692307692307
0.054657230769230764
-0.00855323076923077
-0.06571384615384615
-0.15145476923076923
-0.2125790769230769
-0.23656984615384613
-0.21842030769230766
-0.16856123076923077
-0.13935507692307691
-0.11056615384615384
-0.07656184615384615
-0.03692492307692308
0.022947692307692308
0.06279323076923077
0.07531015384615385
0.07614461538461538
0.06633969230769231
0.07238953846153846
0.07635323076923077
0.06759138461538462
0.05799507692307692
0.028788923076923077
0.006258461538461538
-0.001043076923076923
-0.0006258461538461538
0.009804923076923077
0.005424
0.006049846153846154
0.014603076923076923
0.027328615384615382
0.055491692307692304
0.07384984615384615
0.08699261538461538
0.08949599999999999
0.09137353846153846
0.116616
0.13998092307692306
0.15520984615384617
0.14582215384615385
0.09721476923076922
0.046104
-0.012516923076923077
-0.07635323076923077
-0.132888
-0.19860184615384616
-0.24199384615384617
-0.252216
-0.22113230769230768
-0.14540492307692307
-0.065088
0.026494153846153844
0.11807630769230769
0.18900553846153845
0.23844738461538462
0.23135446153846154
0.17669723076923077
0.09179076923076923
0.0
-0.07009476923076922
-0.138312
-0.17690584615384616
-0.17231630769230769
-0.13935507692307691
-0.06571384615384615
0.021070153846153846
0.1070196923076923
0.17586276923076924
0.20527753846153846
0.21758584615384616
0.20548615384615385
0.17252492307692308
0.116616
0.03400430769230769
-0.04756430769230769
-0.12788123076923075
-0.1829556923076923
-0.20527753846153846
-0.21195323076923075
-0.20673784615384616
-0.18983999999999998
-0.13872923076923074
-0.053614153846153846
0.03609046153846154
0.10764553846153846
0.15291507692307693
0.173568
0.17377661538461536
0.14853415384615384
0.0988836923076923
0.03400430769230769
-0.03671630769230769
-0.09199938461538461
-0.11870215384615385
-0.12350030769230769
-0.10806276923076923
-0.07781353846153846
-0.03358707692307692
0.029206153846153847
0.100344
0.15792184615384616
0.18379015384615385
0.1804523076923077
0.157296
0.1207883076923077
0.07510153846153846
0.025659692307692307
-0.029414769230769227
-0.08636676923076922
-0.12391753846153845
-0.14331876923076922
-0.143736
-0.12308307692307692
-0.09283384615384616
-0.05069353846153846
0.010013538461538461
0.073224
0.12329169230769231
0.16000799999999998
0.16605784615384614
0.14749107692307692
0.11181784615384616
0.05799507692307692
0.012308307692307691
-0.030040615384615384
-0.07802215384615384
-0.10013538461538461
-0.09053907692307692
-0.05820369230769231
-0.0033378461538461535
0.05236246153846154
0.10409907692307692
0.13935507692307691
0.1506203076923077
0.14269292307692305
0.10576799999999999
0.04860738461538461
-0.010222153846153844
-0.04944184615384615
-0.06884307692307692
-0.07572738461538461
-0.07656184615384615
-0.07030338461538461
-0.05924676923076923
-0.04631261538461538
-0.02586830769230769
-0.015228923076923076
-0.015020307692307692
-0.02899753846153846
-0.049233230769230765
-0.06154153846153846
-0.07364123076923076
-0.07843938461538462
-0.07906523076923076
-0.07009476923076922
-0.04214030769230769
-0.009387692307692307
0.02858030769230769
0.07134646153846153
0.0974233846153846
0.1136953846153846
0.12955015384615384
0.1368516923076923
0.143736
0.13893784615384613
0.12350030769230769
0.11870215384615385
0.11891076923076922
0.12496061538461539
0.13226215384615383
0.12391753846153845
0.11056615384615384
0.10493353846153847
0.10201292307692307
0.0961716923076923
0.0853236923076923
0.073224
0.06425353846153846
0.06487938461538462
0.07614461538461538
0.0798996923076923
0.07113784615384615
0.05173661538461538
0.028371692307692306
0.014394461538461538
-0.005424
-0.026494153846153844
-0.04693846153846153
-0.07259815384615384
-0.08344615384615384
-0.09930092307692308
-0.11599015384615384
-0.12683815384615382
-0.15291507692307693
-0.15750461538461538
-0.13601723076923075
-0.09909230769230769
-0.040054153846153843
0.016272
0.06905169230769231
0.1151556923076923
0.1462393846153846
0.16751815384615384
0.1612596923076923
0.11536430769230768
0.03609046153846154
-0.051528
-0.12245723076923076
-0.1794092307692308
-0.22426153846153846
-0.2482523076923077
-0.24574892307692306
-0.2056947692307692
-0.12829846153846153
-0.02858030769230769
0.07551876923076924
0.16501476923076921
0.2415766153846154
0.3016578461538461
0.3212676923076923
0.29498215384615384
0.22008923076923076
0.11035753846153845
-0.005215384615384615
-0.11160923076923077
-0.19818461538461538
-0.2628553846153846
-0.2979027692307692
-0.2872633846153846
-0.22697353846153845
-0.12412615384615384
-0.002086153846153846
0.111192
0.20986707692307693
0.2897667692307692
0.35339446153846155
0.3886504615384615
0.3786369230769231
0.3285692307692308
0.2374043076923077
0.1289243076923077
0.01814953846153846
-0.08448923076923077
-0.16626646153846153
-0.23344061538461539
-0.2768326153846154
-0.27975323076923075
-0.23406646153846156
-0.15479261538461536
-0.07364123076923076
0.006258461538461538
0.0853236923076923
0.15395815384615386
0.22447015384615385
0.27474646153846155
0.29414769230769233
0.27620676923076926
0.21466523076923077
0.14164984615384615
0.056951999999999996
-0.043392
-0.14290153846153844
-0.23949046153846154
-0.31229723076923077
-0.3346190769230769
-0.3114627692307692
-0.2342750769230769
-0.1316363076923077
-0.03024923076923077
0.08699261538461538
0.1842073846153846
0.25972615384615383
0.29331323076923077
0.24032492307692307
0.16063384615384615
0.04902461538461538
-0.051319384615384614
-0.11578153846153846
-0.1883796923076923
-0.14206707692307693
-0.15500123076923078
-0.21508246153846153
-0.17377661538461536
-0.17648861538461538
-0.09679753846153846
-0.08094276923076923
-0.14185846153846154
-0.19192615384615386
-0.2757895384615385
-0.20778092307692309
-0.1435273846153846
-0.09450276923076922
-0.06613107692307692
-0.07802215384615384
0.03984553846153846
0.1422756923076923
0.24637476923076923
0.2872633846153846
0.16876984615384616
0.08240307692307691
-0.01397723076923077
-0.09658892307692307
-0.15500123076923078
-0.27704123076923076
-0.3131316923076923
-0.30520430769230766
-0.2699483076923077
-0.09930092307692308
0.056951999999999996
0.20965846153846154
0.35318584615384613
0.41326707692307696
0.45206953846153847
0.42035999999999996
0.3669544615384615
0.3081249230769231
0.1842073846153846
0.04819015384615385
-0.06383630769230769
-0.10827138461538462
-0.1028473846153846
-0.11494707692307692
-0.12350030769230769
-0.1356
-0.12037107692307693
-0.04214030769230769
0.021904615384615383
0.07906523076923076
0.12245723076923076
0.14978584615384616
0.21654276923076923
0.25200738461538463
0.2559710769230769
0.25200738461538463
0.20047938461538461
0.17502830769230768
0.15416676923076922
0.10535076923076922
0.049233230769230765
-0.03150092307692308
-0.0961716923076923
-0.15896492307692306
-0.206112
-0.21591692307692306
-0.18253846153846154
-0.10055261538461538
-0.02899753846153846
0.059038153846153844
0.1800350769230769
0.2749550769230769
0.36257353846153845
0.4090947692307692
0.37321292307692305
0.29685969230769227
0.16334584615384617
0.03483876923076923
-0.084072
-0.22300984615384614
-0.3081249230769231
-0.34922215384615385
-0.3402516923076923
-0.279336
-0.18483323076923078
-0.04214030769230769
0.10347323076923076
0.21967199999999998
0.292896
0.3225193846153846
0.3437981538461538
0.31772123076923076
0.23218892307692307
0.11557292307692307
-0.03483876923076923
-0.1462393846153846
-0.21362215384615382
-0.2578486153846154
-0.2497126153846154
-0.23886461538461537
-0.20027076923076922
-0.12308307692307692
-0.05236246153846154
0.016897846153846156
0.053405538461538456
0.06967753846153846
0.07697907692307693
0.06300184615384616
0.03942830769230769
-0.007510153846153846
-0.043392
-0.05590892307692308
-0.05590892307692308
-0.030875076923076922
-0.02023569230769231
-0.030875076923076922
-0.04735569230769231
-0.06946892307692307
-0.07030338461538461
-0.07843938461538462
-0.10576799999999999
-0.10681107692307691
-0.09825784615384614
-0.07405846153846153
-0.03567323076923076
-0.0070929230769230765
0.042974769230769226
0.09283384615384616
0.11849353846153846
0.12850707692307692
0.10931446153846153
0.07155507692307693
0.018983999999999997
-0.03650769230769231
-0.08511507692307693
-0.12934153846153845
-0.14999446153846155
-0.15354092307692307
-0.1368516923076923
-0.10347323076923076
-0.06717415384615384
-0.006049846153846154
0.06216738461538462
0.10576799999999999
0.12287446153846153
0.10910584615384614
0.09179076923076923
0.07760492307692309
0.02753723076923077
-0.03483876923076923
-0.08657538461538461
-0.11181784615384616
-0.08782707692307692
-0.04380923076923077
0.01043076923076923
0.055491692307692304
0.08782707692307692
0.13372246153846154
0.16856123076923077
0.18212123076923076
0.15374953846153847
0.092208
0.03838523076923077
-0.006884307692307692
-0.021696
-0.01856676923076923
-0.010013538461538461
0.015020307692307692
0.04380923076923077
0.08490646153846154
0.13247076923076923
0.15938215384615384
0.15374953846153847
0.12287446153846153
0.09116492307692307
0.07948246153846153
0.07614461538461538
0.06133292307692308
0.03629907692307692
0.0016689230769230767
-0.025659692307692307
-0.02211323076923077
0.004798153846153846
0.026076923076923077
0.021278769230769233
0.013351384615384614
0.021070153846153846
0.04088861538461538
0.06300184615384616
0.06592246153846154
0.06654830769230768
0.06738276923076922
0.06884307692307692
0.08448923076923077
0.07948246153846153
0.061124307692307686
0.04214030769230769
0.03421292307692308
0.056326153846153845
0.08156861538461539
0.09992676923076924
0.10076123076923077
0.07739630769230768
0.06028984615384615
0.059664
0.05653476923076922
0.03963692307692308
0.0014603076923076922
-0.03567323076923076
-0.056951999999999996
-0.06300184615384616
-0.044435076923076924
-0.021696
-0.005215384615384615
0.0006258461538461538
0.010848
0.04672984615384615
0.06926030769230769
0.06341907692307691
0.03629907692307692
-0.006467076923076923
-0.03150092307692308
-0.04860738461538461
-0.07197230769230768
-0.09325107692307691
-0.11578153846153846
-0.12245723076923076
-0.11265230769230769
-0.08887015384615385
-0.06154153846153846
-0.040679999999999994
-0.017940923076923077
0.0014603076923076922
0.03129230769230769
0.05674338461538461
0.06446215384615385
0.06383630769230769
0.046104
0.024408000000000003
-0.006467076923076923
-0.054240000000000003
-0.10493353846153847
-0.14832553846153845
-0.16856123076923077
-0.1597993846153846
-0.12934153846153845
-0.08594953846153845
-0.044435076923076924
-0.007927384615384614
0.024199384615384616
0.05736923076923077
0.09387692307692307
0.10430769230769231
0.0936683076923077
0.07405846153846153
0.04756430769230769
0.023990769230769232
-0.007301538461538462
-0.043392
-0.08240307692307691
-0.1151556923076923
-0.12287446153846153
-0.10952307692307692
-0.09095630769230768
-0.065088
-0.03275261538461539
0.007510153846153846
0.059872615384615385
0.11265230769230769
0.15416676923076922
0.16584923076923075
0.154584
0.124752
0.06821723076923077
-0.008136
-0.09241661538461539
-0.16042523076923076
-0.2125790769230769
-0.23344061538461539
-0.2140393846153846
-0.16876984615384616
-0.09283384615384616
-0.013560000000000001
0.06759138461538462
0.1489513846153846
0.2073636923076923
0.23615261538461538
0.22196676923076922
0.1779489230769231
0.12370892307692308
0.059038153846153844
-0.0043809230769230765
-0.04839876923076923
-0.07572738461538461
-0.0853236923076923
-0.0717636923076923
-0.03233538461538461
0.031709538461538456
0.08907876923076924
0.13789476923076924
0.1913003076923077
0.23385784615384617
0.25471938461538457
0.24199384615384617
0.2008966153846154
0.14081538461538462
0.07113784615384615
0.009179076923076922
-0.03775938461538462
-0.073224
-0.09325107692307691
-0.09846646153846153
-0.08594953846153845
-0.05674338461538461
-0.02545107692307692
0.0029206153846153843
0.023364923076923075
0.03942830769230769
0.051528
0.04839876923076923
0.03421292307692308
0.006675692307692307
-0.03129230769230769
-0.06258461538461538
-0.08657538461538461
-0.10117846153846152
-0.10368184615384615
-0.10201292307692307
-0.10263876923076923
-0.09992676923076924
-0.07906523076923076
-0.05236246153846154
-0.03942830769230769
-0.03400430769230769
-0.013142769230769229
0.014185846153846153
0.03942830769230769
0.06884307692307692
0.08845292307692308
0.100344
0.09158215384615384
0.06884307692307692
0.04631261538461538
0.007301538461538462
-0.03337846153846154
-0.07572738461538461
-0.11306953846153844
-0.12850707692307692
-0.13372246153846154
-0.1136953846153846
-0.07781353846153846
-0.024408000000000003
0.045060923076923075
0.10138707692307691
0.15228923076923076
0.184416
0.19359507692307693
0.18525046153846153
0.14018953846153845
0.07489292307692308
-0.0043809230769230765
-0.09387692307692307
-0.1635544615384615
-0.20423446153846153
-0.21174461538461536
-0.19693292307692306
-0.15208061538461537
-0.07113784615384615
0.014811692307692307
0.09909230769230769
0.17023015384615386
0.21654276923076923
0.23761292307692305
0.2207150769230769
0.17398523076923075
0.10660246153846153
0.023364923076923075
-0.06028984615384615
-0.1395636923076923
-0.19192615384615386
-0.19964492307692308
-0.17544553846153846
-0.12537784615384615
-0.05486584615384615
0.022530461538461537
0.09867507692307692
0.16897846153846155
0.21633415384615384
0.2238443076923077
0.19171753846153847
0.1368516923076923
0.06821723076923077
0.002086153846153846
-0.06028984615384615
-0.11265230769230769
-0.13852061538461538
-0.143736
-0.11327815384615383
-0.06905169230769231
-0.013351384615384614
0.03671630769230769
0.06321046153846153
0.086784
0.09930092307692308
0.1028473846153846
0.0892873846153846
0.06759138461538462
0.040679999999999994
0.017315076923076923
0.010639384615384617
0.009804923076923077
0.0012516923076923076
-0.014394461538461538
-0.02795446153846154
-0.026076923076923077
-0.004589538461538461
0.013768615384615384
0.024616615384615383
0.021696
0.015854769230769228
0.020652923076923076
0.02545107692307692
0.023990769230769232
0.017523692307692306
0.015854769230769228
0.015646153846153844
0.03150092307692308
0.05757784615384615
0.0771876923076923
0.09116492307692307
0.09241661538461539
0.09533723076923077
0.09450276923076922
0.08574092307692306
0.05862092307692307
0.01397723076923077
-0.02357353846153846
-0.05173661538461538
-0.04526953846153846
-0.01272553846153846
0.02545107692307692
0.06717415384615384
0.09909230769230769
0.13309661538461537
0.15374953846153847
0.13476553846153844
0.07760492307692309
-0.04088861538461538
-0.17628
-0.33065538461538463
-0.42182030769230766
-0.37425600000000003
-0.2730775384615384
-0.044435076923076924
0.25367630769230765
0.576612923076923
0.90852
1.126523076923077
1.241052923076923
1.2001643076923076
0.9550412307692306
0.6202135384615385
0.2127876923076923
-0.19755876923076923
-0.5305089230769231
-0.8198584615384615
-0.9773630769230769
-1.0222153846153845
-0.8857809230769231
-0.5880867692307692
-0.2480436923076923
0.1356
0.4303735384615384
0.6734104615384615
0.7956590769230768
0.737664
0.5995606153846154
0.27182584615384614
-0.09304246153846155
-0.40200184615384615
-0.6809206153846155
-0.7798043076923077
-0.7894006153846154
-0.6794603076923076
-0.44393353846153844
-0.24887815384615386
-0.020652923076923076
0.1585476923076923
0.23886461538461537
0.292896
0.24679199999999998
0.1942209230769231
0.14457046153846154
0.09784061538461537
0.10347323076923076
0.06821723076923077
0.015228923076923076
-0.06008123076923077
-0.16021661538461537
-0.21487384615384614
-0.2632726153846154
-0.28476
-0.2682793846153846
-0.268488
-0.2125790769230769
-0.15520984615384617
-0.12162276923076921
-0.054240000000000003
-0.013768615384615384
0.050067692307692306
0.1424843076923077
0.22113230769230768
0.3152178461538461
0.3584012307692308
0.330864
0.235944
0.056326153846153845
-0.15792184615384616
-0.39282276923076925
-0.5772387692307692
-0.6788344615384615
-0.6865532307692308
-0.5680596923076923
-0.3584012307692308
-0.06550523076923077
0.23072861538461537
0.47126215384615383
0.653592
0.7232695384615385
0.6880135384615385
0.5709803076923077
0.360696
0.11640738461538462
-0.13101046153846155
-0.34776184615384614
-0.4660467692307692
-0.5094387692307691
-0.47063630769230763
-0.3577753846153846
-0.19463815384615382
0.026285538461538457
0.2438713846153846
0.442056
0.5799507692307692
0.6239686153846153
0.5889212307692308
0.44393353846153844
0.24408
0.03129230769230769
-0.1913003076923077
-0.3565236923076923
-0.4641692307692307
-0.4923323076923077
-0.3957433846153846
-0.24992123076923078
-0.07510153846153846
0.10827138461538462
0.2424110769230769
0.34046030769230773
0.36632861538461536
0.31918153846153846
0.222384
0.08094276923076923
-0.05590892307692308
-0.1693956923076923
-0.2517987692307692
-0.30249230769230767
-0.31626092307692305
-0.268488
-0.18399876923076922
-0.06926030769230769
0.056951999999999996
0.15270646153846154
0.22822523076923076
0.25471938461538457
0.23615261538461538
0.19651569230769228
0.11390399999999999
0.029832
-0.04526953846153846
-0.10639384615384614
-0.12558646153846154
-0.12558646153846154
-0.10639384615384614
-0.07072061538461538
-0.028788923076923077
0.017523692307692306
0.05820369230769231
0.09429415384615383
0.11536430769230768
0.0961716923076923
0.06028984615384615
0.017315076923076923
-0.03400430769230769
-0.06967753846153846
-0.1097316923076923
-0.11891076923076922
-0.09679753846153846
-0.05403138461538461
0.020652923076923076
0.073224
0.10076123076923077
0.11014892307692307
0.11265230769230769
0.12308307692307692
0.11599015384615384
0.08991323076923076
0.06738276923076922
0.05757784615384615
0.07364123076923076
0.10326461538461539
0.12537784615384615
0.12642092307692307
0.09283384615384616
0.04860738461538461
0.0033378461538461535
-0.04318338461538461
-0.08782707692307692
-0.14749107692307692
-0.1860849230769231
-0.19317784615384614
-0.17732307692307692
-0.13080184615384613
-0.0897046153846154
-0.040262769230769234
0.02086153846153846
0.07969107692307692
0.15896492307692306
0.235944
0.273912
0.2705741538461538
0.22780799999999998
0.14811692307692306
0.048816000000000005
-0.06821723076923077
-0.19651569230769228
-0.30937661538461536
-0.3692492307692308
-0.36340799999999995
-0.29602523076923076
-0.17690584615384616
-0.049233230769230765
0.08615815384615384
0.214248
0.3160523076923077
0.38531261538461536
0.384060923076923
0.3252313846153846
0.2273907692307692
0.11244369230769231
0.015854769230769228
-0.06884307692307692
-0.14853415384615384
-0.2073636923076923
-0.23364923076923078
-0.21883753846153844
-0.16876984615384616
-0.09992676923076924
-0.02858030769230769
0.03629907692307692
0.10055261538461538
0.1504116923076923
0.18316430769230768
0.18483323076923078
0.1397723076923077
0.08115138461538463
0.016063384615384615
-0.040054153846153843
-0.0771876923076923
-0.11140061538461538
-0.13267938461538462
-0.1368516923076923
-0.12016246153846154
-0.08073415384615384
-0.022947692307692308
0.03421292307692308
0.08156861538461539
0.124752
0.1506203076923077
0.16751815384615384
0.16897846153846155
0.14290153846153844
0.1136953846153846
0.086784
0.06717415384615384
0.055491692307692304
0.040262769230769234
0.020652923076923076
0.0025033846153846152
-0.018983999999999997
-0.04088861538461538
-0.05674338461538461
-0.0855323076923077
-0.10764553846153846
-0.11265230769230769
-0.09283384615384616
-0.04652123076923077
0.011682461538461537
0.06404492307692307
0.09137353846153846
0.10430769230769231
0.10430769230769231
0.0892873846153846
0.05674338461538461
-0.0018775384615384615
-0.05611753846153846
-0.08490646153846154
-0.0936683076923077
-0.07343261538461537
-0.04693846153846153
-0.024408000000000003
0.009596307692307692
0.05507446153846154
0.10472492307692308
0.14853415384615384
0.1691870769230769
0.1666836923076923
0.15541846153846153
0.13205353846153844
0.10806276923076923
0.07739630769230768
0.03880246153846154
0.006258461538461538
-0.016480615384615385
-0.01940123076923077
-0.009596307692307692
0.005841230769230769
0.02023569230769231
0.031709538461538456
0.046104
0.05820369230769231
0.06383630769230769
0.05653476923076922
0.03275261538461539
0.006884307692307692
-0.007301538461538462
-0.012099692307692308
-0.011473846153846154
-0.015646153846153844
-0.02086153846153846
-0.015228923076923076
-0.0014603076923076922
0.024199384615384616
0.047772923076923074
0.05194523076923077
0.050067692307692306
0.05027630769230769
0.05277969230769231
0.04380923076923077
0.01981846153846154
-0.017315076923076923
-0.06216738461538462
-0.09116492307692307
-0.11098338461538461
-0.11286092307692308
-0.10785415384615385
-0.09512861538461538
-0.05507446153846154
-0.0070929230769230765
0.04401784615384615
0.084072
0.10722830769230769
0.111192
0.0961716923076923
0.06487938461538462
0.021696
-0.03775938461538462
-0.10409907692307692
-0.15520984615384617
-0.1846246153846154
-0.18086953846153844
-0.15270646153846154
-0.10389046153846154
-0.04819015384615385
0.011682461538461537
0.07885661538461539
0.1314276923076923
0.165432
0.16626646153846153
0.12955015384615384
0.08094276923076923
0.02586830769230769
-0.034630153846153845
-0.0974233846153846
-0.16251138461538459
-0.2138307692307692
-0.2342750769230769
-0.22530461538461538
-0.18545907692307692
-0.12391753846153845
-0.05820369230769231
0.011682461538461537
0.08386338461538462
0.1476996923076923
0.19380369230769232
0.21320492307692307
0.19672430769230767
0.1637630769230769
0.11870215384615385
0.05799507692307692
0.0018775384615384615
-0.04985907692307692
-0.08824430769230769
-0.09512861538461538
-0.08115138461538463
-0.047772923076923074
-0.009804923076923077
0.01710646153846154
0.03567323076923076
0.05048492307692308
0.06863446153846153
0.08511507692307693
0.10806276923076923
0.12558646153846154
0.14164984615384615
0.15959076923076923
0.16584923076923075
0.16793538461538463
0.15208061538461537
0.11348676923076922
0.06905169230769231
0.031709538461538456
-0.003755076923076923
-0.03942830769230769
-0.073224
-0.10138707692307691
-0.12537784615384615
-0.14519630769230768
-0.15792184615384616
-0.16209415384615386
-0.16271999999999998
-0.1570873846153846
-0.1287156923076923
-0.09304246153846155
-0.05528307692307692
-0.023782153846153845
-0.006258461538461538
0.003129230769230769
-0.007510153846153846
-0.029414769230769227
-0.059038153846153844
-0.09283384615384616
-0.12579507692307693
-0.14874276923076923
-0.1543753846153846
-0.14394461538461537
-0.11619876923076923
-0.08782707692307692
-0.05403138461538461
-0.013768615384615384
0.025659692307692307
0.058412307692307694
0.086784
0.10263876923076923
0.100344
0.0936683076923077
0.08323753846153846
0.07489292307692308
0.05757784615384615
0.03379569230769231
0.01668923076923077
0.0012516923076923076
-0.015020307692307692
-0.04109723076923077
-0.07280676923076923
-0.10076123076923077
-0.10827138461538462
-0.09325107692307691
-0.06967753846153846
-0.03233538461538461
0.008136
0.051528
0.10243015384615384
0.14853415384615384
0.1858763076923077
0.20402584615384614
0.19735015384615384
0.17565415384615385
0.1397723076923077
0.09241661538461539
0.03942830769230769
-0.015020307692307692
-0.065088
-0.09241661538461539
-0.08949599999999999
-0.05653476923076922
-0.003755076923076923
0.04860738461538461
0.111192
0.1858763076923077
0.2507556923076923
0.2851772307692308
0.28350830769230767
0.2415766153846154
0.16647507692307692
0.07343261538461537
-0.01814953846153846
-0.10013538461538461
-0.17377661538461536
-0.23072861538461537
-0.24491446153846153
-0.2288510769230769
-0.19046584615384615
-0.15291507692307693
-0.13330523076923076
-0.06154153846153846
0.030040615384615384
0.14457046153846154
0.26723630769230766
0.3659113846153846
0.4449766153846154
0.47606030769230767
0.47063630769230763
0.4078430769230769
0.2814221538461538
0.11953661538461538
-0.05382276923076923
-0.22843384615384613
-0.3686233846153846
-0.47376553846153846
-0.5013027692307692
-0.4656295384615385
-0.38426953846153844
-0.2292683076923077
-0.06967753846153846
0.1218313846153846
0.2891409230769231
0.3886504615384615
0.43350276923076925
0.37363015384615383
0.29498215384615384
0.17315076923076922
0.0029206153846153843
-0.16313723076923078
-0.3536030769230769
-0.47376553846153846
-0.5252935384615384
-0.5169489230769231
-0.42787015384615384
-0.3225193846153846
-0.17419384615384614
-0.011265230769230769
0.1316363076923077
0.2588916923076923
0.3137575384615385
0.34275507692307694
0.3609046153846154
0.34171199999999996
0.31626092307692305
0.24303692307692307
0.14999446153846155
0.058829538461538454
-0.05069353846153846
-0.130176
-0.19547261538461536
-0.23281476923076924
-0.21049292307692305
-0.16501476923076921
-0.07927384615384615
0.024199384615384616
0.12266584615384615
0.23072861538461537
0.3127144615384615
0.3740473846153846
0.39365723076923076
0.37550769230769226
0.3321156923076923
0.24595753846153845
0.1462393846153846
0.026494153846153844
-0.10597661538461538
-0.21445661538461538
-0.31208861538461535
-0.3884418461538462
-0.404088
-0.360696
-0.2374043076923077
-0.0609156923076923
0.12120553846153845
0.30270092307692303
0.4322510769230769
0.5190350769230769
0.5494929230769231
0.49441846153846153
0.37655076923076924
0.2021483076923077
0.03337846153846154
-0.11056615384615384
-0.23969907692307693
-0.3252313846153846
-0.36778892307692307
-0.34943076923076927
-0.27432923076923077
-0.17711446153846155
-0.05319692307692307
0.06425353846153846
0.1558356923076923
0.238656
0.2849686153846154
0.3016578461538461
0.2830910769230769
0.21862892307692305
0.12788123076923075
0.008344615384615384
-0.10430769230769231
-0.19463815384615382
-0.265776
-0.3012406153846154
-0.31125415384615385
-0.26932246153846157
-0.17690584615384616
-0.06049846153846154
0.06216738461538462
0.14686523076923075
0.20110523076923076
0.2411593846153846
0.2572227692307692
0.2497126153846154
0.20173107692307693
0.12016246153846154
0.03713353846153846
-0.037967999999999995
-0.09804923076923076
-0.13935507692307691
-0.17502830769230768
-0.19964492307692308
-0.200688
-0.17273353846153844
-0.11619876923076923
-0.06216738461538462
-0.011265230769230769
0.03901107692307692
0.08782707692307692
0.13497415384615385
0.16209415384615386
0.1704387692307692
0.15270646153846154
0.11432123076923076
0.06738276923076922
0.015020307692307692
-0.03150092307692308
-0.078648
-0.116616
-0.13810338461538463
-0.14457046153846154
-0.11828492307692307
-0.07510153846153846
-0.021696
0.044435076923076924
0.10868861538461538
0.17377661538461536
0.22342707692307692
0.23677846153846152
0.21842030769230766
0.16105107692307694
0.09429415384615383
0.03379569230769231
-0.026285538461538457
-0.06863446153846153
-0.11140061538461538
-0.1397723076923077
-0.13518276923076925
-0.11348676923076922
-0.07197230769230768
-0.040054153846153843
-0.02044430769230769
0.0077187692307692304
0.018358153846153843
0.01981846153846154
0.00855323076923077
-0.019609846153846155
-0.04276615384615385
-0.06926030769230769
-0.08907876923076924
-0.10263876923076923
-0.11703323076923078
-0.12329169230769231
-0.11494707692307692
-0.08907876923076924
-0.05444861538461539
-0.01668923076923077
0.026702769230769228
0.06425353846153846
0.09533723076923077
0.12162276923076921
0.13309661538461537
0.12558646153846154
0.08323753846153846
0.02482523076923077
-0.021904615384615383
-0.05528307692307692
-0.07510153846153846
-0.08073415384615384
-0.073224
-0.04193169230769231
0.006049846153846154
0.05194523076923077
0.10159569230769232
0.1205796923076923
0.10618523076923077
0.08240307692307691
0.05319692307692307
0.029414769230769227
0.0022947692307692304
-0.031709538461538456
-0.06049846153846154
-0.08073415384615384
-0.09179076923076923
-0.0961716923076923
-0.10263876923076923
-0.09930092307692308
-0.08115138461538463
-0.034630153846153845
0.02795446153846154
0.09387692307692307
0.15792184615384616
0.1990190769230769
0.22676492307692306
0.2261390769230769
0.1942209230769231
0.13643446153846153
0.04819015384615385
-0.050067692307692306
-0.13372246153846154
-0.18983999999999998
-0.21508246153846153
-0.21633415384615384
-0.1992276923076923
-0.16271999999999998
-0.10430769230769231
-0.025033846153846153
0.05090215384615384
0.10785415384615385
0.13601723076923075
0.14728246153846153
0.15208061538461537
0.13747753846153846
0.10931446153846153
0.05528307692307692
-0.018983999999999997
-0.09283384615384616
-0.1476996923076923
-0.18399876923076922
-0.200688
-0.19359507692307693
-0.16710092307692306
-0.10743692307692307
-0.028163076923076923
0.058412307692307694
0.13518276923076925
0.19004861538461537
0.22300984615384614
0.23072861538461537
0.2157083076923077
0.1691870769230769
0.08991323076923076
0.0018775384615384615
-0.07405846153846153
-0.12537784615384615
-0.14311015384615386
-0.143736
-0.12808984615384614
-0.10555938461538462
-0.07343261538461537
-0.02357353846153846
0.020652923076923076
0.06049846153846154
0.0828203076923077
0.0892873846153846
0.09992676923076924
0.10430769230769231
0.09784061538461537
0.07051199999999999
0.027745846153846152
-0.026494153846153844
-0.07823076923076923
-0.11056615384615384
-0.1368516923076923
-0.14978584615384616
-0.1462393846153846
-0.1218313846153846
-0.06863446153846153
-0.005632615384615384
0.05444861538461539
0.10764553846153846
0.14144123076923076
0.16438892307692307
0.1785747692307692
0.1706473846153846
0.14561353846153846
0.09429415384615383
0.03337846153846154
-0.011265230769230769
-0.04985907692307692
-0.08323753846153846
-0.11745046153846153
-0.14519630769230768
-0.14749107692307692
-0.1289243076923077
-0.08782707692307692
-0.0448523076923077
-0.012516923076923077
0.0035464615384615383
0.0008344615384615384
0.0014603076923076922
-0.003963692307692307
-0.014394461538461538
-0.033169846153846154
-0.04965046153846154
-0.04547815384615384
-0.03150092307692308
-0.005841230769230769
0.011891076923076923
0.014394461538461538
0.010639384615384617
0.006675692307692307
0.013768615384615384
0.03045784615384615
0.04672984615384615
0.054657230769230764
0.05716061538461538
0.06279323076923077
0.07051199999999999
0.07259815384615384
0.07531015384615385
0.073224
0.07051199999999999
0.07030338461538461
0.07218092307692307
0.07593599999999999
0.06592246153846154
0.05382276923076923
0.04422646153846154
0.040054153846153843
0.03275261538461539
0.017315076923076923
-0.0029206153846153843
-0.029832
-0.04380923076923077
-0.042974769230769226
-0.030875076923076922
-0.013560000000000001
-0.004172307692307692
0.005632615384615384
0.024199384615384616
0.03775938461538462
0.04652123076923077
0.04526953846153846
0.03108369230769231
0.03108369230769231
0.03358707692307692
0.033169846153846154
0.042348923076923076
0.04714707692307692
0.06028984615384615
0.08156861538461539
0.10555938461538462
0.13080184615384613
0.14081538461538462
0.13893784615384613
0.1205796923076923
0.09137353846153846
0.059038153846153844
0.015646153846153844
-0.02545107692307692
-0.05674338461538461
-0.07927384615384615
-0.08156861538461539
-0.06675692307692307
-0.03337846153846154
0.007510153846153846
0.04860738461538461
0.09825784615384614
0.138312
0.1597993846153846
0.1612596923076923
0.13706030769230768
0.10243015384615384
0.06133292307692308
0.007510153846153846
-0.045895384615384616
-0.09325107692307691
-0.12558646153846154
-0.13706030769230768
-0.12412615384615384
-0.08073415384615384
-0.029623384615384614
0.03024923076923077
0.09846646153846153
0.15562707692307692
0.1883796923076923
0.19609846153846153
0.1804523076923077
0.13998092307692306
0.08240307692307691
0.021696
-0.025659692307692307
-0.06592246153846154
-0.09533723076923077
-0.11140061538461538
-0.09992676923076924
-0.061750153846153844
-0.02023569230769231
0.026285538461538457
0.06028984615384615
0.086784
0.11327815384615383
0.13267938461538462
0.14457046153846154
0.13810338461538463
0.116616
0.08907876923076924
0.06717415384615384
0.05194523076923077
0.03692492307692308
0.02586830769230769
0.023990769230769232
0.027328615384615382
0.03671630769230769
0.051319384615384614
0.06279323076923077
0.07468430769230769
0.07009476923076922
0.05736923076923077
0.059872615384615385
0.06028984615384615
0.06487938461538462
0.06926030769230769
0.07113784615384615
0.08240307692307691
0.08636676923076922
0.08991323076923076
0.07781353846153846
0.05298830769230769
0.027120000000000002
-0.006467076923076923
-0.028788923076923077
-0.061750153846153844
-0.0934596923076923
-0.11411261538461538
-0.12662953846153846
-0.11578153846153846
-0.10326461538461539
-0.08949599999999999
-0.08094276923076923
-0.07843938461538462
-0.06800861538461538
-0.05757784615384615
-0.043392
-0.03838523076923077
-0.037342153846153844
-0.03296123076923077
-0.02586830769230769
-0.012934153846153845
-0.0008344615384615384
0.006675692307692307
0.0022947692307692304
0.010222153846153844
-0.007510153846153846
-0.027328615384615382
-0.058829538461538454
-0.10430769230769231
-0.13872923076923074
-0.19839323076923077
-0.21716861538461538
-0.20423446153846153
-0.12621230769230768
0.008136
0.22405292307692307
0.40346215384615386
0.5411483076923076
0.7307796923076922
0.8225704615384615
0.9033046153846154
0.8390510769230769
0.6402406153846154
0.35339446153846155
-0.05444861538461539
-0.4245323076923077
-0.8453095384615383
-1.1853526153846154
-1.4121175384615385
-1.5016135384615386
-1.3257507692307693
-1.0122018461538462
-0.5144455384615384
0.0448523076923077
0.5778646153846153
1.0877206153846153
1.4048159999999998
1.551264
1.4686523076923077
1.1286092307692306
0.6713243076923077
0.07781353846153846
-0.5275883076923077
-1.0046916923076923
-1.3741495384615383
-1.5149649230769229
-1.476996923076923
-1.2633747692307693
-0.8630418461538462
-0.3813489230769231
0.19860184615384616
0.7462172307692307
1.1774252307692308
1.455300923076923
1.5199716923076922
1.4154553846153843
1.1198473846153845
0.6652744615384616
0.14999446153846155
-0.40554830769230765
-0.8745156923076922
-1.202041846153846
-1.3916732307692308
-1.3741495384615383
-1.2043366153846153
-0.8995495384615385
-0.49045476923076925
-0.07134646153846153
0.355272
0.7366209230769231
1.0071950769230769
1.178051076923077
1.2083003076923078
1.1058701538461537
0.8937083076923077
0.5832886153846154
0.22822523076923076
-0.15541846153846153
-0.5104818461538462
-0.7992055384615384
-0.9961384615384615
-1.073534769230769
-1.0628953846153846
-0.92208
-0.6435784615384614
-0.2912270769230769
0.132888
0.5513704615384615
0.8960030769230769
1.1455070769230769
1.2443907692307692
1.2080916923076923
1.0184603076923076
0.6788344615384615
0.2655673846153846
-0.1990190769230769
-0.6458732307692308
-1.0065692307692309
-1.2370892307692307
-1.298422153846154
-1.2118467692307693
-0.970896
-0.5976830769230769
-0.13935507692307691
0.3648683076923077
0.8090104615384615
1.1375796923076922
1.3219956923076923
1.3219956923076923
1.1711667692307692
0.8619987692307692
0.43412861538461534
-0.021278769230769233
-0.47689476923076923
-0.8436406153846153
-1.086468923076923
-1.2103864615384614
-1.1690806153846154
-0.9848732307692307
-0.6698639999999999
-0.2774584615384615
0.12704676923076924
0.5015113846153846
0.7750061538461538
0.9448190769230769
0.9857076923076923
0.8849464615384616
0.6702812307692307
0.3479704615384615
-0.016272
-0.36549415384615386
-0.6548436923076923
-0.8382166153846153
-0.9300073846153846
-0.9283384615384614
-0.8156861538461538
-0.6195876923076923
-0.36403384615384615
-0.07885661538461539
0.1856676923076923
0.4147273846153846
0.5761956923076923
0.6679864615384614
0.7097095384615384
0.6742449230769231
0.5772387692307692
0.4307907692307692
0.2643156923076923
0.09846646153846153
-0.06675692307692307
-0.21633415384615384
-0.36027876923076924
-0.46625538461538457
-0.5129852307692307
-0.499008
-0.41389292307692305
-0.29227015384615385
-0.15249784615384615
0.01981846153846154
0.21195323076923075
0.40700861538461536
0.5736923076923076
0.6613107692307693
0.6663175384615385
0.5893384615384615
0.44977476923076926
0.2768326153846154
0.06842584615384616
-0.1462393846153846
-0.35235138461538457
-0.5131938461538461
-0.5876695384615385
-0.5862092307692308
-0.5117335384615385
-0.3832264615384615
-0.21216184615384615
-0.005215384615384615
0.20173107692307693
0.3961606153846154
0.5355156923076922
0.5910073846153846
0.5812024615384616
0.49984246153846157
0.37550769230769226
0.22822523076923076
0.050067692307692306
-0.12412615384615384
-0.2605606153846154
-0.3327415384615385
-0.32669169230769235
-0.2722430769230769
-0.1910916923076923
-0.10368184615384615
-0.02086153846153846
0.0609156923076923
0.12600369230769232
0.16167692307692308
0.15228923076923076
0.111192
0.06759138461538462
0.031918153846153846
0.009179076923076922
-0.006884307692307692
-0.02315630769230769
-0.030040615384615384
-0.027745846153846152
-0.018775384615384614
-0.009387692307692307
-0.01981846153846154
-0.04130584615384615
-0.05799507692307692
-0.06759138461538462
-0.06675692307692307
-0.06049846153846154
-0.05277969230769231
-0.03421292307692308
0.0035464615384615383
0.058829538461538454
0.132888
0.19568123076923075
0.22488738461538463
0.23260615384615385
0.2205064615384615
0.19046584615384615
0.14206707692307693
0.06905169230769231
-0.029206153846153847
-0.13205353846153844
-0.21925476923076925
-0.27599815384615384
-0.29039261538461536
-0.26932246153846157
-0.21925476923076925
-0.13601723076923075
-0.025659692307692307
0.0961716923076923
0.2021483076923077
0.26786215384615386
0.28434276923076923
0.2574313846153846
0.1990190769230769
0.11181784615384616
0.0043809230769230765
-0.11014892307692307
-0.20819815384615384
-0.26869661538461537
-0.2862203076923077
-0.2624381538461539
-0.2073636923076923
-0.13872923076923074
-0.06300184615384616
0.017315076923076923
0.09804923076923076
0.157296
0.17711446153846155
0.1787833846153846
0.16042523076923076
0.138312
0.11703323076923078
0.07927384615384615
0.03901107692307692
-0.008970461538461538
-0.047772923076923074
-0.06988615384615385
-0.08574092307692306
-0.09554584615384615
-0.10931446153846153
-0.11390399999999999
-0.0988836923076923
-0.06800861538461538
-0.02273907692307692
0.023782153846153845
0.06571384615384615
0.10660246153846153
0.14978584615384616
0.18483323076923078
0.20339999999999997
0.20339999999999997
0.1733593846153846
0.11745046153846153
0.04401784615384615
-0.03045784615384615
-0.10055261538461538
-0.15667015384615385
-0.1802436923076923
-0.17085599999999998
-0.11995384615384615
-0.03483876923076923
0.06613107692307692
0.16042523076923076
0.2355267692307692
0.2912270769230769
0.31626092307692305
0.30019753846153846
0.2355267692307692
0.1353913846153846
0.024408000000000003
-0.07384984615384615
-0.15124615384615384
-0.20798953846153845
-0.2355267692307692
-0.23782153846153845
-0.2021483076923077
-0.11891076923076922
-0.019192615384615384
0.0880356923076923
0.18629353846153843
0.25701415384615384
0.30854215384615385
0.3248141538461538
0.2951907692307692
0.22822523076923076
0.13601723076923075
0.045895384615384616
-0.03233538461538461
-0.09325107692307691
-0.13038461538461538
-0.14206707692307693
-0.12016246153846154
-0.06863446153846153
0.015646153846153844
0.11181784615384616
0.19881046153846152
0.2780843076923077
0.3225193846153846
0.3321156923076923
0.30436984615384616
0.24199384615384617
0.1558356923076923
0.04902461538461538
-0.045060923076923075
-0.11724184615384614
-0.1652233846153846
-0.18128676923076922
-0.18066092307692305
-0.16710092307692306
-0.12850707692307692
-0.06446215384615385
0.00855323076923077
0.07051199999999999
0.11098338461538461
0.12433476923076923
0.12016246153846154
0.11160923076923077
0.086784
0.04130584615384615
-0.011473846153846154
-0.06300184615384616
-0.10576799999999999
-0.12767261538461538
-0.12850707692307692
-0.11035753846153845
-0.07697907692307693
-0.03629907692307692
0.020027076923076922
0.08386338461538462
0.13914646153846155
0.1777403076923077
0.1927606153846154
0.19609846153846153
0.18775384615384613
0.16021661538461537
0.10493353846153847
0.03045784615384615
-0.047981538461538464
-0.12975876923076923
-0.19881046153846152
-0.2540935384615385
-0.2832996923076923
-0.2939390769230769
-0.2789187692307692
-0.22154953846153846
-0.13914646153846155
-0.03775938461538462
0.05236246153846154
0.130176
0.1990190769230769
0.23949046153846154
0.24741784615384615
0.2140393846153846
0.13601723076923075
0.03567323076923076
-0.07384984615384615
-0.16730953846153845
-0.23615261538461538
-0.29352184615384613
-0.3158436923076923
-0.3045784615384615
-0.2582658461538461
-0.17377661538461536
-0.08511507692307693
-0.0077187692307692304
0.0446436923076923
0.08115138461538463
0.11140061538461538
0.11327815384615383
0.09846646153846153
0.05799507692307692
-0.010013538461538461
-0.07197230769230768
-0.11432123076923076
-0.1314276923076923
-0.146448
-0.15875630769230767
-0.14728246153846153
-0.12037107692307693
-0.08469784615384615
-0.054657230769230764
-0.03337846153846154
-0.02044430769230769
-0.012516923076923077
0.003755076923076923
0.027328615384615382
0.05507446153846154
0.078648
0.10514215384615383
0.14102399999999998
0.18128676923076922
0.21696000000000001
0.22008923076923076
0.19442953846153843
0.14603076923076924
0.07489292307692308
0.008761846153846153
-0.05069353846153846
-0.11056615384615384
-0.15833907692307692
-0.1760713846153846
-0.14957723076923077
-0.07489292307692308
0.02795446153846154
0.1353913846153846
0.24053353846153847
0.32669169230769235
0.3819747692307692
0.401376
0.3767593846153846
0.2993630769230769
0.18066092307692305
0.04380923076923077
-0.08448923076923077
-0.19568123076923075
-0.2912270769230769
-0.35256
-0.36215630769230767
-0.30854215384615385
-0.20110523076923076
-0.06195876923076923
0.07823076923076923
0.1992276923076923
0.28851507692307693
0.3440067692307692
0.3600701538461538
0.3239796923076923
0.24679199999999998
0.13601723076923075
0.015646153846153844
-0.08949599999999999
-0.17648861538461538
-0.2355267692307692
-0.26765353846153844
-0.2697396923076923
-0.23239753846153846
-0.17169046153846151
-0.08845292307692308
-0.005841230769230769
0.022947692307692308
0.04088861538461538
0.06195876923076923
0.07697907692307693
0.09512861538461538
0.07426707692307692
0.041514461538461535
0.015437538461538461
0.012934153846153845
0.023990769230769232
0.06800861538461538
0.09450276923076922
0.0070929230769230765
-0.054657230769230764
-0.11432123076923076
-0.16292861538461537
-0.13330523076923076
-0.2125790769230769
-0.29748553846153847
-0.3137575384615385
-0.2799618461538461
-0.11035753846153845
-0.0029206153846153843
0.04714707692307692
0.06863446153846153
0.07551876923076924
0.18316430769230768
0.2436627692307692
0.23510953846153848
0.100344
-0.09554584615384615
-0.19359507692307693
-0.28267384615384616
-0.28809784615384615
-0.30979384615384614
-0.34943076923076927
-0.2674449230769231
-0.19463815384615382
-0.027328615384615382
0.15479261538461536
0.2225926153846154
0.3022836923076923
0.27286892307692306
0.19213476923076922
0.14331876923076922
0.031918153846153846
-0.030875076923076922
-0.10952307692307692
-0.20652923076923077
-0.20506892307692307
-0.1666836923076923
-0.05069353846153846
0.0717636923076923
0.14477907692307693
0.20486030769230767
0.23907323076923076
0.2979027692307692
0.31000246153846156
0.24512307692307692
0.16063384615384615
0.0446436923076923
-0.010848
-0.01814953846153846
-0.04526953846153846
-0.02086153846153846
-0.0002086153846153846
0.045895384615384616
0.16501476923076921
0.24053353846153847
0.28017046153846153
0.2768326153846154
0.21049292307692305
0.15187199999999998
0.0826116923076923
-0.0035464615384615383
-0.07051199999999999
-0.11745046153846153
-0.13476553846153844
-0.12683815384615382
-0.08386338461538462
-0.03358707692307692
0.026494153846153844
0.11765907692307691
0.17544553846153846
0.22405292307692307
0.24741784615384615
0.2290596923076923
0.20944984615384615
0.14164984615384615
0.07218092307692307
0.019609846153846155
-0.04735569230769231
-0.09158215384615384
-0.12579507692307693
-0.13518276923076925
-0.09095630769230768
-0.026285538461538457
0.026285538461538457
0.06049846153846154
0.09700615384615385
0.13706030769230768
0.15333230769230768
0.13184492307692308
0.06404492307692307
0.0043809230769230765
0.0
0.005632615384615384
0.040054153846153843
0.07739630769230768
0.07739630769230768
0.09596307692307693
0.0892873846153846
0.059872615384615385
0.03650769230769231
-0.035464615384615386
-0.1136953846153846
-0.17565415384615385
-0.2292683076923077
-0.23615261538461538
-0.21529107692307692
-0.1656406153846154
-0.09283384615384616
-0.014603076923076923
0.07489292307692308
0.14206707692307693
0.19839323076923077
0.21508246153846153
0.1846246153846154
0.13893784615384613
0.04714707692307692
-0.044435076923076924
-0.127464
-0.21925476923076925
-0.2699483076923077
-0.29331323076923077
-0.2709913846153846
-0.17169046153846151
-0.05924676923076923
0.053614153846153846
0.14957723076923077
0.20277415384615383
0.25117292307692307
0.27432923076923077
0.2626467692307692
0.21925476923076925
0.138312
0.058829538461538454
-0.022947692307692308
-0.09158215384615384
-0.1358086153846154
-0.16584923076923075
-0.15520984615384617
-0.13872923076923074
-0.10806276923076923
-0.04652123076923077
0.018358153846153843
0.1070196923076923
0.16876984615384616
0.1923433846153846
0.21508246153846153
0.20965846153846154
0.20235692307692305
0.19526400000000002
0.15500123076923078
0.09387692307692307
0.022530461538461537
-0.03838523076923077
-0.08177723076923075
-0.1218313846153846
-0.1635544615384615
-0.20506892307692307
-0.2207150769230769
-0.19964492307692308
-0.15625292307692307
-0.09304246153846155
-0.020652923076923076
0.05027630769230769
0.11640738461538462
0.16251138461538459
0.20256553846153844
0.22634769230769228
0.1990190769230769
0.14582215384615385
0.0744756923076923
0.006884307692307692
-0.03692492307692308
-0.07843938461538462
-0.10994030769230768
-0.13184492307692308
-0.14164984615384615
-0.11202646153846153
-0.03442153846153846
0.053614153846153846
0.11724184615384614
0.16209415384615386
0.20256553846153844
0.24032492307692307
0.25284184615384614
0.2290596923076923
0.18796246153846152
0.13914646153846155
0.08824430769230769
0.052571076923076915
0.027745846153846152
-0.0018775384615384615
-0.019192615384615384
-0.024616615384615383
-0.017315076923076923
0.008344615384615384
0.026911384615384615
0.043600615384615383
0.054657230769230764
0.06049846153846154
0.07405846153846153
0.09179076923076923
0.10430769230769231
0.09074769230769231
0.053614153846153846
-0.0002086153846153846
-0.052571076923076915
-0.08636676923076922
-0.12120553846153845
-0.15354092307692307
-0.17899199999999998
-0.19672430769230767
-0.17690584615384616
-0.13789476923076924
-0.09408553846153846
-0.04756430769230769
-0.03275261538461539
-0.017523692307692306
0.0077187692307692304
0.016897846153846156
0.017940923076923077
-0.01043076923076923
-0.06008123076923077
-0.1097316923076923
-0.15917353846153848
-0.19359507692307693
-0.21487384615384614
-0.22843384615384613
-0.22426153846153846
-0.19505538461538463
-0.13101046153846155
-0.05111076923076923
0.021070153846153846
0.0744756923076923
0.09658892307692307
0.1045163076923077
0.09116492307692307
0.05090215384615384
0.006049846153846154
-0.04109723076923077
-0.0828203076923077
-0.103056
-0.1045163076923077
-0.0771876923076923
-0.031918153846153846
0.006675692307692307
0.058829538461538454
0.1097316923076923
0.1435273846153846
0.16188553846153847
0.14311015384615386
0.10347323076923076
0.058412307692307694
0.012308307692307691
-0.017523692307692306
-0.04547815384615384
-0.062376
-0.06028984615384615
-0.03108369230769231
0.02586830769230769
0.078648
0.13038461538461538
0.15646153846153846
0.15687876923076924
0.14457046153846154
0.103056
0.05799507692307692
0.003963692307692307
-0.05757784615384615
-0.08720123076923077
-0.08887015384615385
-0.06008123076923077
-0.010639384615384617
0.03421292307692308
0.08761846153846153
0.1341396923076923
0.16292861538461537
0.17565415384615385
0.14978584615384616
0.0988836923076923
0.03275261538461539
-0.03942830769230769
-0.0880356923076923
-0.12433476923076923
-0.13768615384615385
-0.11452984615384615
-0.07384984615384615
-0.003755076923076923
0.08031692307692308
0.15562707692307692
0.21487384615384614
0.23531815384615382
0.222384
0.18170399999999998
0.11494707692307692
0.03921969230769231
-0.054657230769230764
-0.14916
-0.2288510769230769
-0.2899753846153846
-0.30895938461538464
-0.2995716923076923
-0.2628553846153846
-0.1992276923076923
-0.11974523076923077
-0.029623384615384614
0.05069353846153846
0.10868861538461538
0.13914646153846155
0.12704676923076924
0.078648
0.012934153846153845
-0.06654830769230768
-0.13706030769230768
-0.19505538461538463
-0.23010276923076922
-0.22405292307692307
-0.1927606153846154
-0.13643446153846153
-0.06070707692307692
0.028163076923076923
0.12433476923076923
0.20673784615384616
0.25388492307692306
0.2582658461538461
0.22113230769230768
0.1476996923076923
0.05799507692307692
-0.04401784615384615
-0.13768615384615385
-0.200688
-0.22718215384615387
-0.21633415384615384
-0.16605784615384614
-0.0826116923076923
0.0035464615384615383
0.09095630769230768
0.16188553846153847
0.20548615384615385
0.22488738461538463
0.20673784615384616
0.16501476923076921
0.11578153846153846
0.06884307692307692
0.031918153846153846
0.0
-0.030875076923076922
-0.045895384615384616
-0.03609046153846154
-0.009804923076923077
0.03567323076923076
0.08720123076923077
0.12850707692307692
0.16063384615384615
0.17628
0.1779489230769231
0.1691870769230769
0.14102399999999998
0.10201292307692307
0.0771876923076923
0.05674338461538461
0.04422646153846154
0.029206153846153847
0.007510153846153846
-0.0035464615384615383
-0.02315630769230769
-0.04902461538461538
-0.0717636923076923
-0.09387692307692307
-0.12287446153846153
-0.15646153846153846
-0.17085599999999998
-0.15103753846153847
-0.10994030769230768
-0.045060923076923075
0.026076923076923077
0.0855323076923077
0.14311015384615386
0.1779489230769231
0.19046584615384615
0.15333230769230768
0.061124307692307686
-0.0446436923076923
-0.1543753846153846
-0.23052
-0.268488
-0.27140861538461536
-0.22634769230769228
-0.14436184615384615
-0.01856676923076923
0.12955015384615384
0.26723630769230766
0.3642424615384615
0.41264123076923076
0.40450523076923073
0.34171199999999996
0.24303692307692307
0.11640738461538462
-0.015437538461538461
-0.14916
-0.2568055384615385
-0.3229366153846154
-0.3425464615384616
-0.306456
-0.2290596923076923
-0.11452984615384615
0.02211323076923077
0.16751815384615384
0.2920615384615385
0.3669544615384615
0.3821833846153846
0.3425464615384616
0.26786215384615386
0.17315076923076922
0.06404492307692307
-0.04756430769230769
-0.14018953846153845
-0.20277415384615383
-0.20423446153846153
-0.15374953846153847
-0.07364123076923076
0.018358153846153843
0.10159569230769232
0.1867107692307692
0.23677846153846152
0.23782153846153845
0.2059033846153846
0.13789476923076924
0.06049846153846154
-0.006258461538461538
-0.05298830769230769
-0.07343261538461537
-0.08073415384615384
-0.06821723076923077
-0.03483876923076923
0.010639384615384617
0.061750153846153844
0.09012184615384615
0.08740984615384616
0.054240000000000003
0.008344615384615384
-0.05319692307692307
-0.11578153846153846
-0.17481969230769231
-0.22989415384615383
-0.2572227692307692
-0.26765353846153844
-0.25388492307692306
-0.2138307692307692
-0.08824430769230769
0.07572738461538461
0.2680707692307692
0.4825273846153846
0.6460818461538461
0.790860923076923
0.839676923076923
0.8096363076923077
0.6844670769230768
0.45311261538461534
0.1990190769230769
-0.055491692307692304
-0.27704123076923076
-0.47877230769230766
-0.5839144615384615
-0.585792
-0.4889944615384615
-0.28434276923076923
-0.05736923076923077
0.18170399999999998
0.38531261538461536
0.5227901538461539
0.5703544615384616
0.4825273846153846
0.2924787692307692
0.04839876923076923
-0.20027076923076922
-0.444768
-0.6469163076923078
-0.761028923076923
-0.7768836923076924
-0.6508799999999999
-0.42077723076923074
-0.14519630769230768
0.12141415384615384
0.3137575384615385
0.4581193846153846
0.5340553846153846
0.504432
0.40450523076923073
0.24512307692307692
0.08469784615384615
-0.03129230769230769
-0.11473846153846154
-0.15354092307692307
-0.17377661538461536
-0.17815753846153848
-0.1612596923076923
-0.1476996923076923
-0.12329169230769231
-0.10910584615384614
-0.09304246153846155
-0.07238953846153846
-0.07510153846153846
-0.05757784615384615
-0.04652123076923077
-0.02795446153846154
-0.001043076923076923
-0.00855323076923077
0.002086153846153846
0.02586830769230769
0.059872615384615385
0.10013538461538461
0.09992676923076924
0.05236246153846154
-0.03629907692307692
-0.15208061538461537
-0.2670276923076923
-0.3780110769230769
-0.4618744615384615
-0.4775206153846153
-0.41305846153846154
-0.25200738461538463
-0.045060923076923075
0.1721076923076923
0.3775938461538461
0.5250849230769231
0.6127033846153845
0.5972658461538461
0.4850307692307692
0.31396615384615384
0.08866153846153846
-0.12621230769230768
-0.2989458461538462
-0.41618769230769226
-0.4549901538461538
-0.42953907692307686
-0.34046030769230773
-0.20047938461538461
-0.022947692307692308
0.16021661538461537
0.3116713846153846
0.4090947692307692
0.4291218461538462
0.39261415384615383
0.3143833846153846
0.19213476923076922
0.042557538461538466
-0.11494707692307692
-0.2497126153846154
-0.3148006153846154
-0.3116713846153846
-0.25513661538461535
-0.15103753846153847
-0.03150092307692308
0.09909230769230769
0.22780799999999998
0.30833353846153844
0.32543999999999995
0.26911384615384615
0.15520984615384617
0.032544
-0.08344615384615384
-0.18066092307692305
-0.25367630769230765
-0.29331323076923077
-0.27286892307692306
-0.19839323076923077
-0.09116492307692307
0.003129230769230769
0.06613107692307692
0.09512861538461538
0.08344615384615384
0.053614153846153846
-0.0029206153846153843
-0.08115138461538463
-0.16292861538461537
-0.235944
-0.2712
-0.2578486153846154
-0.20548615384615385
-0.124752
-0.040679999999999994
0.03337846153846154
0.10326461538461539
0.1597993846153846
0.19609846153846153
0.19693292307692306
0.15228923076923076
0.07572738461538461
0.0022947692307692304
-0.042557538461538466
-0.06571384615384615
-0.07092923076923077
-0.058829538461538454
-0.02899753846153846
0.040262769230769234
0.13372246153846154
0.21070153846153844
0.26222953846153846
0.2776670769230769
0.2680707692307692
0.24908676923076922
0.20486030769230767
0.13810338461538463
0.06195876923076923
-0.012099692307692308
-0.059038153846153844
-0.07885661538461539
-0.07134646153846153
-0.05027630769230769
-0.023990769230769232
0.005841230769230769
0.026494153846153844
0.044435076923076924
0.03629907692307692
0.0022947692307692304
-0.041514461538461535
-0.0974233846153846
-0.13372246153846154
-0.14144123076923076
-0.13852061538461538
-0.11035753846153845
-0.06905169230769231
-0.015437538461538461
0.065088
0.1476996923076923
0.22467876923076924
0.2764153846153846
0.2912270769230769
0.2814221538461538
0.23281476923076924
0.14686523076923075
0.026702769230769228
-0.10994030769230768
-0.2303113846153846
-0.314592
-0.33649661538461534
-0.30937661538461536
-0.23636123076923077
-0.11891076923076922
0.017315076923076923
0.1696043076923077
0.292896
0.35568923076923076
0.3650769230769231
0.31083692307692307
0.22008923076923076
0.11703323076923078
-0.004589538461538461
-0.11745046153846153
-0.20652923076923077
-0.2578486153846154
-0.24866953846153847
-0.19380369230769232
-0.1070196923076923
-0.0077187692307692304
0.0880356923076923
0.18086953846153844
0.24720923076923076
0.279336
0.27328615384615385
0.21883753846153844
0.12955015384615384
0.024199384615384616
-0.07030338461538461
-0.143736
-0.19547261538461536
-0.21696000000000001
-0.20360861538461536
-0.16584923076923075
-0.10639384615384614
-0.03880246153846154
0.02545107692307692
0.06550523076923077
0.06717415384615384
0.05799507692307692
0.035464615384615386
0.005841230769230769
-0.02858030769230769
-0.06425353846153846
-0.07280676923076923
-0.05382276923076923
-0.011056615384615385
0.03400430769230769
0.06300184615384616
0.08386338461538462
0.09095630769230768
0.08949599999999999
0.07760492307692309
0.04672984615384615
0.010013538461538461
-0.029414769230769227
-0.05507446153846154
-0.052153846153846155
-0.035464615384615386
-0.003963692307692307
0.03921969230769231
0.08782707692307692
0.14102399999999998
0.1883796923076923
0.22572184615384616
0.24324553846153843
0.22134092307692307
0.16730953846153845
0.11035753846153845
0.059038153846153844
0.0
-0.06592246153846154
-0.11745046153846153
-0.1462393846153846
-0.14394461538461537
-0.11286092307692308
-0.0678
-0.027745846153846152
-0.002712
0.021904615384615383
0.05319692307692307
0.0771876923076923
0.09554584615384615
0.100344
0.10180430769230768
0.11536430769230768
0.12099692307692309
0.13226215384615383
0.1358086153846154
0.13726892307692307
0.14582215384615385
0.13643446153846153
0.13247076923076923
0.11473846153846154
0.07927384615384615
0.04714707692307692
0.014185846153846153
-0.0004172307692307692
-0.0008344615384615384
0.008344615384615384
0.03483876923076923
0.06967753846153846
0.11348676923076922
0.16626646153846153
0.20548615384615385
0.22300984615384614
0.2090326153846154
0.15875630769230767
0.0934596923076923
0.015020307692307692
-0.07092923076923077
-0.165432
-0.25805723076923076
-0.3160523076923077
-0.33649661538461534
-0.31250584615384613
-0.254928
-0.1706473846153846
-0.05486584615384615
0.059872615384615385
0.16480615384615382
0.2369870769230769
0.26097784615384617
0.24178523076923078
0.17648861538461538
0.09179076923076923
-0.010639384615384617
-0.11724184615384614
-0.21237046153846154
-0.28204799999999997
-0.3102110769230769
-0.3016578461538461
-0.2526332307692308
-0.18086953846153844
-0.10368184615384615
-0.032544
0.026911384615384615
0.07301538461538462
0.10430769230769231
0.11077476923076923
0.08469784615384615
0.049233230769230765
0.012308307692307691
-0.01814953846153846
-0.043392
-0.07113784615384615
-0.09283384615384616
-0.10493353846153847
-0.103056
-0.09784061538461537
-0.10326461538461539
-0.11494707692307692
-0.119328
-0.10952307692307692
-0.08156861538461539
-0.03379569230769231
0.03108369230769231
0.09971815384615385
0.16689230769230767
0.22718215384615387
0.2737033846153846
0.30207507692307695
0.2939390769230769
0.25388492307692306
0.18983999999999998
0.11181784615384616
0.03483876923076923
-0.042557538461538466
-0.11682461538461539
-0.17377661538461536
-0.20131384615384615
-0.19609846153846153
-0.15792184615384616
-0.10618523076923077
-0.042348923076923076
0.026702769230769228
0.09471138461538461
0.16584923076923075
0.214248
0.2342750769230769
0.22113230769230768
0.17294215384615383
0.10389046153846154
0.02211323076923077
-0.06821723076923077
-0.15228923076923076
-0.22008923076923076
-0.2638984615384615
-0.2724516923076923
-0.24011630769230768
-0.1794092307692308
-0.11265230769230769
-0.03921969230769231
0.03275261538461539
0.09804923076923076
0.14018953846153845
0.13309661538461537
0.09387692307692307
0.042557538461538466
-0.010013538461538461
-0.04902461538461538
-0.0880356923076923
-0.12412615384615384
-0.15354092307692307
-0.17273353846153844
-0.16418030769230768
-0.14436184615384615
-0.11599015384615384
-0.08469784615384615
-0.06049846153846154
-0.025659692307692307
0.01668923076923077
0.04985907692307692
0.07051199999999999
0.07426707692307692
0.07551876923076924
0.07280676923076923
0.06613107692307692
0.06028984615384615
0.037967999999999995
0.012308307692307691
-0.007510153846153846
-0.01668923076923077
-0.011891076923076923
0.002086153846153846
0.019609846153846155
0.035255999999999996
0.06028984615384615
0.10681107692307691
0.15187199999999998
0.17315076923076922
0.17481969230769231
0.15687876923076924
0.14018953846153845
0.12266584615384615
0.0936683076923077
0.05799507692307692
0.017732307692307693
-0.0070929230769230765
-0.013142769230769229
0.0012516923076923076
0.029832
0.05382276923076923
0.07510153846153846
0.08845292307692308
0.10722830769230769
0.12850707692307692
0.13476553846153844
0.12412615384615384
0.09763200000000001
0.06487938461538462
0.023990769230769232
-0.015854769230769228
-0.05757784615384615
-0.09554584615384615
-0.12308307692307692
-0.12308307692307692
-0.09137353846153846
-0.04756430769230769
0.007301538461538462
0.06133292307692308
0.11828492307692307
0.15875630769230767
0.1800350769230769
0.18212123076923076
0.13789476923076924
0.06571384615384615
-0.021278769230769233
-0.10076123076923077
-0.16334584615384617
-0.208824
-0.2517987692307692
-0.2722430769230769
-0.2424110769230769
-0.18545907692307692
-0.10743692307692307
-0.04214030769230769
0.021487384615384613
0.08219446153846154
0.16313723076923078
0.22593046153846155
0.3502652307692307
0.40679999999999994
0.25430215384615384
0.17648861538461538
0.02586830769230769
-0.10055261538461538
-0.15208061538461537
-0.3383741538461538
-0.49024615384615383
-0.6097827692307692
-0.5599236923076922
-0.35318584615384613
-0.15938215384615384
0.035464615384615386
0.15646153846153846
0.3248141538461538
0.5202867692307692
0.6383630769230769
0.6579729230769231
0.4470627692307692
0.18963138461538462
-0.016063384615384615
-0.208824
-0.29685969230769227
-0.4268270769230769
-0.5225815384615384
-0.5017199999999999
-0.48941169230769227
-0.2906012307692308
-0.06821723076923077
0.07551876923076924
0.26118646153846153
0.32314523076923074
0.3686233846153846
0.4082603076923077
0.384060923076923
0.37363015384615383
0.26786215384615386
0.10368184615384615
-0.03045784615384615
-0.13747753846153846
-0.16167692307692308
-0.19755876923076923
-0.23406646153846156
-0.24199384615384617
-0.22321846153846153
-0.08115138461538463
0.04401784615384615
0.1218313846153846
0.18629353846153843
0.19380369230769232
0.25451076923076926
0.3072904615384615
0.2849686153846154
0.2689052307692308
0.1948467692307692
0.12850707692307692
0.12141415384615384
0.06800861538461538
-0.0016689230769230767
-0.09512861538461538
-0.20444307692307692
-0.2716172307692308
-0.3062473846153846
-0.31208861538461535
-0.28476
-0.20298276923076922
-0.10347323076923076
0.011891076923076923
0.1783661538461538
0.29352184615384613
0.3782196923076923
0.427452923076923
0.37029230769230764
0.2858030769230769
0.15208061538461537
-0.0004172307692307692
-0.13059323076923077
-0.28100492307692304
-0.3673716923076923
-0.37926276923076924
-0.3550633846153846
-0.2782929230769231
-0.18191261538461537
-0.047772923076923074
0.12850707692307692
0.28955815384615385
0.4026276923076923
0.43579753846153846
0.43579753846153846
0.4076344615384615
0.3195987692307692
0.21237046153846154
0.03504738461538461
-0.14665661538461539
-0.2557624615384615
-0.3379569230769231
-0.33899999999999997
-0.30061476923076924
-0.24762646153846155
-0.13434830769230768
-0.024408000000000003
0.08699261538461538
0.19171753846153847
0.24053353846153847
0.24887815384615386
0.21341353846153846
0.15166338461538462
0.07280676923076923
-0.002086153846153846
-0.047772923076923074
-0.09095630769230768
-0.10868861538461538
-0.1151556923076923
-0.11223507692307692
-0.06800861538461538
-0.04214030769230769
-0.008136
0.028163076923076923
0.02211323076923077
0.04276615384615385
0.06633969230769231
0.06070707692307692
0.050067692307692306
0.016897846153846156
0.0016689230769230767
0.02273907692307692
0.043600615384615383
0.061124307692307686
0.05277969230769231
0.03942830769230769
0.03609046153846154
0.02545107692307692
0.015646153846153844
-0.016063384615384615
-0.04214030769230769
-0.05945538461538461
-0.07656184615384615
-0.05090215384615384
-0.017315076923076923
0.035464615384615386
0.10952307692307692
0.15145476923076923
0.1883796923076923
0.200688
0.17711446153846155
0.16021661538461537
0.10868861538461538
0.024408000000000003
-0.042557538461538466
-0.09283384615384616
-0.09909230769230769
-0.06988615384615385
-0.03880246153846154
-0.011265230769230769
0.01814953846153846
0.058829538461538454
0.08740984615384616
0.103056
0.08866153846153846
0.04172307692307692
-0.008136
-0.07113784615384615
-0.12975876923076923
-0.1712732307692308
-0.20694646153846152
-0.20298276923076922
-0.1787833846153846
-0.14331876923076922
-0.07510153846153846
-0.0002086153846153846
0.06967753846153846
0.11828492307692307
0.14311015384615386
0.15145476923076923
0.15291507692307693
0.1356
0.08010830769230769
0.0002086153846153846
-0.08177723076923075
-0.12433476923076923
-0.111192
-0.07426707692307692
-0.03275261538461539
0.014185846153846153
0.06341907692307691
0.12537784615384615
0.18858830769230767
0.21925476923076925
0.225096
0.20715507692307691
0.16876984615384616
0.12996738461538462
0.07489292307692308
0.009804923076923077
-0.041514461538461535
-0.07238953846153846
-0.07781353846153846
-0.06133292307692308
-0.03692492307692308
-0.01668923076923077
-0.005632615384615384
-0.006467076923076923
-0.011473846153846154
-0.009179076923076922
-0.002086153846153846
-0.0077187692307692304
-0.02482523076923077
-0.04276615384615385
-0.05069353846153846
-0.030875076923076922
-0.006675692307692307
0.023364923076923075
0.040262769230769234
0.03045784615384615
0.03108369230769231
0.028788923076923077
0.022947692307692308
0.0008344615384615384
-0.03713353846153846
-0.06383630769230769
-0.07489292307692308
-0.06154153846153846
-0.03942830769230769
-0.015228923076923076
0.013768615384615384
0.04547815384615384
0.08302892307692307
0.11828492307692307
0.1341396923076923
0.1314276923076923
0.08720123076923077
0.01272553846153846
-0.05444861538461539
-0.12433476923076923
-0.1783661538461538
-0.21341353846153846
-0.22572184615384616
-0.1994363076923077
-0.14415323076923076
-0.07489292307692308
0.0014603076923076922
0.06759138461538462
0.11953661538461538
0.15646153846153846
0.16230276923076925
0.15333230769230768
0.11745046153846153
0.06216738461538462
0.008970461538461538
-0.038176615384615385
-0.07197230769230768
-0.10639384615384614
-0.13038461538461538
-0.14936861538461538
-0.14832553846153845
-0.11306953846153844
-0.07781353846153846
-0.028788923076923077
0.02211323076923077
0.06863446153846153
0.12141415384615384
0.15124615384615384
0.15500123076923078
0.11828492307692307
0.051319384615384614
-0.020652923076923076
-0.09053907692307692
-0.14477907692307693
-0.17899199999999998
-0.19150892307692308
-0.1860849230769231
-0.16480615384615382
-0.12558646153846154
-0.06926030769230769
-0.02044430769230769
0.024408000000000003
0.06675692307692307
0.10076123076923077
0.14102399999999998
0.16584923076923075
0.17544553846153846
0.17023015384615386
0.15416676923076922
0.13768615384615385
0.11995384615384615
0.09012184615384615
0.04526953846153846
0.003755076923076923
-0.03588184615384615
-0.05736923076923077
-0.049233230769230765
-0.02044430769230769
0.023364923076923075
0.07510153846153846
0.12537784615384615
0.17544553846153846
0.2140393846153846
0.22822523076923076
0.22530461538461538
0.19067446153846154
0.13351384615384615
0.06195876923076923
-0.021487384615384613
-0.10514215384615383
-0.18545907692307692
-0.24700061538461537
-0.28350830769230767
-0.2830910769230769
-0.2503384615384615
-0.19881046153846152
-0.12391753846153845
-0.04130584615384615
0.04819015384615385
0.1435273846153846
0.20486030769230767
0.24199384615384617
0.24303692307692307
0.19630707692307692
0.13935507692307691
0.054240000000000003
-0.042348923076923076
-0.12704676923076924
-0.18879692307692306
-0.20798953846153845
-0.19547261538461536
-0.14832553846153845
-0.08010830769230769
0.0016689230769230767
0.08594953846153845
0.15833907692307692
0.22113230769230768
0.2503384615384615
0.24574892307692306
0.21195323076923075
0.15228923076923076
0.09137353846153846
0.03108369230769231
-0.03921969230769231
-0.09971815384615385
-0.1424843076923077
-0.16626646153846153
-0.1558356923076923
-0.12975876923076923
-0.10263876923076923
-0.07051199999999999
-0.03984553846153846
0.006467076923076923
0.059038153846153844
0.09262523076923077
0.11557292307692307
0.11682461538461539
0.10138707692307691
0.08156861538461539
0.05757784615384615
0.028163076923076923
-0.01043076923076923
-0.042348923076923076
-0.06696553846153847
-0.07405846153846153
-0.06446215384615385
-0.05778646153846154
-0.047981538461538464
-0.04109723076923077
-0.02211323076923077
0.002086153846153846
0.015646153846153844
0.029414769230769227
0.028163076923076923
0.020652923076923076
0.016063384615384615
0.018358153846153843
0.020652923076923076
0.004172307692307692
-0.016063384615384615
-0.035464615384615386
-0.05194523076923077
-0.05111076923076923
-0.051528
-0.04944184615384615
-0.040262769230769234
-0.026494153846153844
0.0029206153846153843
0.031709538461538456
0.04860738461538461
0.05403138461538461
0.06008123076923077
0.07030338461538461
0.0853236923076923
0.09533723076923077
0.09262523076923077
0.08574092307692306
0.07739630769230768
0.0855323076923077
0.10222153846153846
0.11306953846153844
0.11807630769230769
0.10806276923076923
0.08907876923076924
0.06759138461538462
0.03671630769230769
-0.0012516923076923076
-0.04193169230769231
-0.07593599999999999
-0.10013538461538461
-0.10889723076923077
-0.10222153846153846
-0.08365476923076923
-0.042974769230769226
-0.0002086153846153846
0.04839876923076923
0.10076123076923077
0.13747753846153846
0.16251138461538459
0.1639716923076923
0.14686523076923075
0.11703323076923078
0.0798996923076923
0.037967999999999995
-0.004798153846153846
-0.03775938461538462
-0.06279323076923077
-0.06926030769230769
-0.06800861538461538
-0.06425353846153846
-0.047981538461538464
-0.017523692307692306
0.021487384615384613
0.05924676923076923
0.08866153846153846
0.10535076923076922
0.1218313846153846
0.12683815384615382
0.12037107692307693
0.103056
0.061124307692307686
0.011265230769230769
-0.03275261538461539
-0.06195876923076923
-0.06988615384615385
-0.07426707692307692
-0.07572738461538461
-0.06842584615384616
-0.05757784615384615
-0.03609046153846154
-0.01981846153846154
-0.01043076923076923
-0.014603076923076923
-0.023990769230769232
-0.03692492307692308
-0.05590892307692308
-0.06529661538461538
-0.07572738461538461
-0.10076123076923077
-0.13893784615384613
-0.15208061538461537
-0.14477907692307693
-0.09158215384615384
-0.01668923076923077
0.14603076923076924
0.2782929230769231
0.29602523076923076
0.41076369230769233
0.43934399999999996
0.4470627692307692
0.40054153846153845
0.19755876923076923
0.02357353846153846
-0.2261390769230769
-0.3752990769230769
-0.4977563076923077
-0.6421181538461538
-0.6560953846153846
-0.6458732307692308
-0.43976123076923074
-0.17315076923076922
0.09700615384615385
0.4078430769230769
0.5476153846153846
0.671532923076923
0.6967753846153846
0.5728578461538462
0.427452923076923
0.13476553846153844
-0.12433476923076923
-0.3550633846153846
-0.6162498461538461
-0.6754966153846154
-0.6779999999999999
-0.5818283076923076
-0.36257353846153845
-0.18149538461538461
0.06675692307692307
0.2699483076923077
0.4466455384615384
0.6235513846153846
0.6675692307692307
0.6690295384615385
0.5945538461538461
0.47606030769230767
0.33962584615384617
0.10159569230769232
-0.12621230769230768
-0.3544375384615384
-0.5373932307692307
-0.5830799999999999
-0.5862092307692308
-0.49108061538461534
-0.3202246153846154
-0.14060676923076923
0.09554584615384615
0.2862203076923077
0.4307907692307692
0.565764923076923
0.6152067692307692
0.6331476923076923
0.6024812307692308
0.4873255384615384
0.336288
0.12329169230769231
-0.09533723076923077
-0.3116713846153846
-0.5169489230769231
-0.6423267692307693
-0.6957323076923076
-0.6210479999999999
-0.47939815384615386
-0.28100492307692304
0.016897846153846156
0.295608
0.571188923076923
0.7816818461538462
0.8686744615384615
0.8690916923076922
0.728484923076923
0.5167403076923076
0.254928
-0.05444861538461539
-0.31772123076923076
-0.5426086153846154
-0.7059544615384615
-0.7787612307692308
-0.7624892307692307
-0.6225083076923077
-0.4072172307692307
-0.15562707692307692
0.1151556923076923
0.3671630769230769
0.6099913846153846
0.7662443076923077
0.798996923076923
0.7407932307692308
0.5499101538461538
0.31125415384615385
0.06383630769230769
-0.20673784615384616
-0.41973415384615387
-0.591216
-0.6917686153846153
-0.6819636923076923
-0.6112430769230769
-0.45978830769230766
-0.2497126153846154
-0.03024923076923077
0.19505538461538463
0.37321292307692305
0.49337538461538455
0.5330123076923077
0.49692184615384616
0.41556184615384617
0.27599815384615384
0.11974523076923077
-0.065088
-0.25930892307692305
-0.4188996923076923
-0.5599236923076922
-0.6266806153846154
-0.625428923076923
-0.5797421538461539
-0.46145723076923073
-0.3158436923076923
-0.14561353846153846
0.02795446153846154
0.1718990769230769
0.30854215384615385
0.40012430769230767
0.44268184615384615
0.43996984615384616
0.3786369230769231
0.2791273846153846
0.14290153846153844
0.0
-0.12537784615384615
-0.2330233846153846
-0.2899753846153846
-0.3248141538461538
-0.3383741538461538
-0.29644246153846154
-0.22780799999999998
-0.11056615384615384
0.03942830769230769
0.17481969230769231
0.2989458461538462
0.3886504615384615
0.441012923076923
0.45102646153846154
0.3909452307692307
0.2828824615384615
0.146448
-0.0035464615384615383
-0.1353913846153846
-0.23615261538461538
-0.31500923076923076
-0.3790541538461539
-0.39928984615384616
-0.3508910769230769
-0.25972615384615383
-0.14603076923076924
-0.03129230769230769
0.062376
0.13852061538461538
0.1779489230769231
0.19755876923076923
0.18963138461538462
0.13893784615384613
0.078648
0.00855323076923077
-0.03755076923076923
-0.054240000000000003
-0.06425353846153846
-0.06467076923076923
-0.05736923076923077
-0.015854769230769228
0.050067692307692306
0.12016246153846154
0.17648861538461538
0.1869193846153846
0.1718990769230769
0.1395636923076923
0.11181784615384616
0.10180430769230768
0.07697907692307693
0.051319384615384614
0.03609046153846154
0.048816000000000005
0.08866153846153846
0.1205796923076923
0.15187199999999998
0.17711446153846155
0.18921415384615384
0.1842073846153846
0.15917353846153848
0.11348676923076922
0.03421292307692308
-0.05027630769230769
-0.11348676923076922
-0.14457046153846154
-0.1558356923076923
-0.1558356923076923
-0.1395636923076923
-0.10138707692307691
-0.04172307692307692
0.03400430769230769
0.10889723076923077
0.15833907692307692
0.17982646153846152
0.16438892307692307
0.12934153846153845
0.08761846153846153
0.03129230769230769
-0.03504738461538461
-0.10868861538461538
-0.17648861538461538
-0.21132738461538458
-0.21466523076923077
-0.19651569230769228
-0.17148184615384612
-0.14978584615384616
-0.10618523076923077
-0.0446436923076923
0.02858030769230769
0.09429415384615383
0.127464
0.14060676923076923
0.1424843076923077
0.1358086153846154
0.12412615384615384
0.09325107692307691
0.045060923076923075
-0.012099692307692308
-0.06738276923076922
-0.10597661538461538
-0.14832553846153845
-0.18253846153846154
-0.21049292307692305
-0.22196676923076922
-0.1867107692307692
-0.13893784615384613
-0.084072
-0.018358153846153843
0.046104
0.11807630769230769
0.17815753846153848
0.21487384615384614
0.21862892307692305
0.16856123076923077
0.08720123076923077
-0.016897846153846156
-0.1207883076923077
-0.21111876923076925
-0.30290953846153845
-0.3682061538461538
-0.40617415384615385
-0.39303138461538456
-0.3304467692307692
-0.24282830769230768
-0.12412615384615384
-0.00855323076923077
0.10681107692307691
0.21842030769230766
0.29581661538461534
0.3410861538461538
0.33002953846153843
0.26535876923076923
0.1787833846153846
0.06404492307692307
-0.05048492307692308
-0.15541846153846153
-0.24428861538461538
-0.28267384615384616
-0.2822566153846154
-0.22113230769230768
-0.11536430769230768
0.009804923076923077
0.15228923076923076
0.2701569230769231
0.37363015384615383
0.43475446153846153
0.43329415384615383
0.3984553846153846
0.3243969230769231
0.2411593846153846
0.15959076923076923
0.07614461538461538
0.010848
-0.04652123076923077
-0.08198584615384615
-0.08782707692307692
-0.0855323076923077
-0.06154153846153846
-0.03901107692307692
-0.02023569230769231
0.015646153846153844
0.052153846153846155
0.10138707692307691
0.14436184615384615
0.16772676923076923
0.18629353846153843
0.18921415384615384
0.1779489230769231
0.14916
0.10389046153846154
0.04985907692307692
-0.017940923076923077
-0.07697907692307693
-0.12391753846153845
-0.15959076923076923
-0.17648861538461538
-0.1802436923076923
-0.1597993846153846
-0.10639384615384614
-0.03504738461538461
0.03588184615384615
0.10117846153846152
0.1489513846153846
0.18379015384615385
0.208824
0.21132738461538458
0.19609846153846153
0.14874276923076923
0.07280676923076923
-0.0012516923076923076
-0.07384984615384615
-0.13309661538461537
-0.1800350769230769
-0.2154996923076923
-0.21737723076923077
-0.1785747692307692
-0.10347323076923076
-0.015854769230769228
0.07343261538461537
0.1424843076923077
0.18253846153846154
0.20027076923076922
0.19547261538461536
0.16772676923076923
0.11286092307692308
0.042557538461538466
-0.021278769230769233
-0.06300184615384616
-0.0855323076923077
-0.09158215384615384
-0.09325107692307691
-0.09053907692307692
-0.07843938461538462
-0.05736923076923077
-0.03108369230769231
-0.010639384615384617
-0.002086153846153846
0.0070929230769230765
0.02858030769230769
0.048816000000000005
0.07030338461538461
0.07927384615384615
0.07259815384615384
0.05590892307692308
0.027328615384615382
0.002086153846153846
-0.03379569230769231
-0.0744756923076923
-0.10743692307692307
-0.1287156923076923
-0.12642092307692307
-0.11494707692307692
-0.08887015384615385
-0.053614153846153846
-0.023990769230769232
0.016480615384615385
0.04860738461538461
0.07364123076923076
0.08699261538461538
0.06863446153846153
0.045895384615384616
0.017523692307692306
-0.013560000000000001
-0.03880246153846154
-0.0771876923076923
-0.11473846153846154
-0.12704676923076924
-0.12162276923076921
-0.09408553846153846
-0.06154153846153846
-0.030875076923076922
0.009804923076923077
0.04860738461538461
0.09471138461538461
0.13205353846153844
0.14269292307692305
0.132888
0.09950953846153845
0.06195876923076923
0.024616615384615383
-0.01856676923076923
-0.05757784615384615
-0.092208
-0.09992676923076924
-0.07885661538461539
-0.04422646153846154
0.007301538461538462
0.06195876923076923
0.11807630769230769
0.1656406153846154
0.19463815384615382
0.21111876923076925
0.1942209230769231
0.14457046153846154
0.09387692307692307
0.04193169230769231
0.0006258461538461538
-0.02482523076923077
-0.05048492307692308
-0.058412307692307694
-0.046104
-0.010848
0.03921969230769231
0.08574092307692306
0.13038461538461538
0.1558356923076923
0.15646153846153846
0.14686523076923075
0.13309661538461537
0.10243015384615384
0.04631261538461538
-0.022530461538461537
-0.078648
-0.11640738461538462
-0.14018953846153845
-0.15604430769230768
-0.15938215384615384
-0.1397723076923077
-0.09533723076923077
-0.030040615384615384
0.04318338461538461
0.11286092307692308
0.15896492307692306
0.18149538461538461
0.18525046153846153
0.1570873846153846
0.10243015384615384
0.02858030769230769
-0.04631261538461538
-0.10722830769230769
-0.1531236923076923
-0.18212123076923076
-0.20423446153846153
-0.2125790769230769
-0.24616615384615384
-0.2703655384615385
-0.22467876923076924
-0.1504116923076923
-0.037967999999999995
0.06717415384615384
0.17315076923076922
0.3269003076923077
0.4472713846153846
0.544068923076923
0.5797421538461539
0.47647753846153845
0.2864289230769231
0.05277969230769231
-0.12433476923076923
-0.32982092307692307
-0.5240418461538462
-0.6450387692307692
-0.7414190769230768
-0.6404492307692308
-0.4775206153846153
-0.2482523076923077
0.007510153846153846
0.1910916923076923
0.42015138461538465
0.5378104615384616
0.5862092307692308
0.5486584615384615
0.35151692307692306
0.12391753846153845
-0.14394461538461537
-0.3415033846153846
-0.4539470769230769
-0.5263366153846154
-0.4698018461538461
-0.3490135384615385
-0.17565415384615385
0.025033846153846153
0.1994363076923077
0.3815575384615385
0.45373846153846153
0.4387181538461538
0.41013784615384613
0.3054129230769231
0.22405292307692307
0.13393107692307693
0.03400430769230769
-0.024199384615384616
-0.11578153846153846
-0.168144
-0.19672430769230767
-0.235944
-0.2374043076923077
-0.233232
-0.19672430769230767
-0.1314276923076923
-0.07802215384615384
-0.023990769230769232
0.003963692307692307
0.04714707692307692
0.0961716923076923
0.12162276923076921
0.154584
0.1710646153846154
0.1940123076923077
0.20047938461538461
0.15208061538461537
0.09179076923076923
-0.0012516923076923076
-0.13101046153846155
-0.23198030769230768
-0.3081249230769231
-0.33378461538461535
-0.292896
-0.21049292307692305
-0.05736923076923077
0.11640738461538462
0.2730775384615384
0.4113895384615384
0.48190153846153844
0.49003753846153847
0.41910830769230767
0.30270092307692303
0.17023015384615386
-0.003963692307692307
-0.16271999999999998
-0.2883064615384615
-0.3510996923076923
-0.3475532307692307
-0.31813846153846154
-0.24345415384615382
-0.14311015384615386
-0.02273907692307692
0.13893784615384613
0.2916443076923077
0.39928984615384616
0.44643692307692306
0.4053396923076923
0.32877784615384614
0.23656984615384613
0.10597661538461538
-0.023364923076923075
-0.14185846153846154
-0.22029784615384615
-0.24074215384615386
-0.1994363076923077
-0.111192
-0.017732307692307693
0.09491999999999999
0.19296923076923078
0.26619323076923074
0.31542646153846154
0.3127144615384615
0.2782929230769231
0.2059033846153846
0.103056
0.014603076923076923
-0.06529661538461538
-0.13935507692307691
-0.1881710769230769
-0.22196676923076922
-0.22467876923076924
-0.19588984615384614
-0.15082892307692305
-0.09658892307692307
-0.05194523076923077
-0.014394461538461538
0.016897846153846156
0.05319692307692307
0.07510153846153846
0.07134646153846153
0.07009476923076922
0.05716061538461538
0.05027630769230769
0.06028984615384615
0.065088
0.07009476923076922
0.06258461538461538
0.04756430769230769
0.040262769230769234
0.029623384615384614
0.012099692307692308
-0.011056615384615385
-0.04672984615384615
-0.07113784615384615
-0.08177723076923075
-0.09512861538461538
-0.0892873846153846
-0.06529661538461538
-0.017523692307692306
0.042557538461538466
0.09658892307692307
0.12788123076923075
0.12808984615384614
0.12412615384615384
0.10722830769230769
0.07760492307692309
0.03421292307692308
-0.026494153846153844
-0.07948246153846153
-0.12558646153846154
-0.1543753846153846
-0.14978584615384616
-0.13226215384615383
-0.100344
-0.05590892307692308
-0.006675692307692307
0.05653476923076922
0.11557292307692307
0.14957723076923077
0.14916
0.12120553846153845
0.08991323076923076
0.05319692307692307
0.01668923076923077
-0.02211323076923077
-0.06988615384615385
-0.09658892307692307
-0.09971815384615385
-0.06738276923076922
-0.02023569230769231
0.002086153846153846
0.02086153846153846
0.03880246153846154
0.06028984615384615
0.08428061538461538
0.08156861538461539
0.06383630769230769
0.04568676923076923
0.017732307692307693
0.006258461538461538
-0.003129230769230769
-0.03400430769230769
-0.06905169230769231
-0.1178676923076923
-0.15103753846153847
-0.1637630769230769
-0.1760713846153846
-0.1704387692307692
-0.1449876923076923
-0.09721476923076922
-0.027120000000000002
0.053405538461538456
0.130176
0.1785747692307692
0.19672430769230767
0.19380369230769232
0.16689230769230767
0.12558646153846154
0.06675692307692307
-0.003129230769230769
-0.08448923076923077
-0.1635544615384615
-0.21529107692307692
-0.24992123076923078
-0.268488
-0.26535876923076923
-0.2342750769230769
-0.17398523076923075
-0.08720123076923077
0.004589538461538461
0.08824430769230769
0.15208061538461537
0.1783661538461538
0.1787833846153846
0.15354092307692307
0.10263876923076923
0.022530461538461537
-0.06967753846153846
-0.1504116923076923
-0.20944984615384615
-0.22426153846153846
-0.2073636923076923
-0.1612596923076923
-0.08845292307692308
0.0022947692307692304
0.11494707692307692
0.2261390769230769
0.3187643076923077
0.3752990769230769
0.38990215384615384
0.3669544615384615
0.306456
0.22947692307692308
0.1353913846153846
0.026076923076923077
-0.06195876923076923
-0.11432123076923076
-0.13768615384615385
-0.14540492307692307
-0.14081538461538462
-0.10576799999999999
-0.05319692307692307
0.00855323076923077
0.0771876923076923
0.12934153846153845
0.1637630769230769
0.16751815384615384
0.14561353846153846
0.10368184615384615
0.035464615384615386
-0.05194523076923077
-0.15166338461538462
-0.23636123076923077
-0.2862203076923077
-0.3072904615384615
-0.30019753846153846
-0.26160369230769226
-0.20527753846153846
-0.12996738461538462
-0.03400430769230769
0.061750153846153844
0.14519630769230768
0.19755876923076923
0.21779446153846155
0.21633415384615384
0.20027076923076922
0.1760713846153846
0.1287156923076923
0.06529661538461538
-0.0006258461538461538
-0.05945538461538461
-0.10409907692307692
-0.14331876923076922
-0.1718990769230769
-0.17732307692307692
-0.15500123076923078
-0.09846646153846153
-0.025033846153846153
0.045895384615384616
0.11870215384615385
0.17586276923076924
0.214248
0.22467876923076924
0.19818461538461538
0.1397723076923077
0.04172307692307692
-0.061750153846153844
-0.1435273846153846
-0.19964492307692308
-0.21737723076923077
-0.20444307692307692
-0.1502030769230769
-0.05611753846153846
0.05319692307692307
0.16772676923076923
0.25951753846153847
0.29873723076923075
0.2837169230769231
0.23656984615384613
0.17815753846153848
0.10576799999999999
0.01981846153846154
-0.061124307692307686
-0.12433476923076923
-0.146448
-0.13101046153846155
-0.09179076923076923
-0.04172307692307692
-0.0004172307692307692
0.03692492307692308
0.06592246153846154
0.08365476923076923
0.086784
0.0678
0.029414769230769227
-0.008761846153846153
-0.03108369230769231
-0.042348923076923076
-0.053405538461538456
-0.06821723076923077
-0.08177723076923075
-0.08198584615384615
-0.05716061538461538
-0.029414769230769227
-0.003755076923076923
0.004589538461538461
-0.0035464615384615383
-0.006049846153846154
-0.009387692307692307
-0.008761846153846153
-0.012099692307692308
-0.0077187692307692304
0.014394461538461538
0.054240000000000003
0.11223507692307692
0.1639716923076923
0.1927606153846154
0.19881046153846152
0.18754523076923074
0.16021661538461537
0.13038461538461538
0.09137353846153846
0.0446436923076923
-0.006258461538461538
-0.05298830769230769
-0.07238953846153846
-0.07259815384615384
-0.058412307692307694
-0.042348923076923076
-0.026285538461538457
-0.011473846153846154
0.007510153846153846
0.023990769230769232
0.029206153846153847
0.030040615384615384
0.026702769230769228
0.02753723076923077
0.02023569230769231
0.017523692307692306
0.02357353846153846
0.020652923076923076
0.02858030769230769
0.04902461538461538
0.07426707692307692
0.100344
0.11452984615384615
0.11494707692307692
0.11286092307692308
0.10952307692307692
0.10597661538461538
0.10722830769230769
0.09658892307692307
0.08594953846153845
0.07948246153846153
0.07364123076923076
0.07531015384615385
0.06049846153846154
0.04193169230769231
0.03567323076923076
0.03129230769230769
0.030040615384615384
0.024408000000000003
0.008970461538461538
-0.014603076923076923
-0.043392
-0.06863446153846153
-0.0855323076923077
-0.10013538461538461
-0.111192
-0.1136953846153846
-0.09867507692307692
-0.06800861538461538
-0.023364923076923075
0.03296123076923077
0.09012184615384615
0.14603076923076924
0.18212123076923076
0.1927606153846154
0.17544553846153846
0.13309661538461537
0.07614461538461538
0.012099692307692308
-0.04839876923076923
-0.09971815384615385
-0.124752
-0.12308307692307692
-0.09658892307692307
-0.04693846153846153
0.010848
0.07364123076923076
0.12621230769230768
0.1666836923076923
0.192552
0.19442953846153843
0.17315076923076922
0.12245723076923076
0.06028984615384615
-0.0043809230769230765
-0.059872615384615385
-0.10389046153846154
-0.14018953846153845
-0.15792184615384616
-0.157296
-0.13226215384615383
-0.07781353846153846
-0.004589538461538461
0.06154153846153846
0.11578153846153846
0.15541846153846153
0.17502830769230768
0.1787833846153846
0.16334584615384617
0.12704676923076924
0.08115138461538463
0.026702769230769228
-0.023990769230769232
-0.05590892307692308
-0.08115138461538463
-0.0961716923076923
-0.10389046153846154
-0.10409907692307692
-0.08761846153846153
-0.06133292307692308
-0.04172307692307692
-0.04735569230769231
-0.08198584615384615
-0.1435273846153846
-0.21174461538461536
-0.279336
-0.28392553846153845
-0.21988061538461537
-0.12516923076923075
0.027328615384615382
0.17023015384615386
0.3248141538461538
0.4577021538461538
0.5303003076923076
0.5446947692307692
0.4276615384615384
0.2626467692307692
0.030040615384615384
-0.19839323076923077
-0.3994984615384615
-0.5878781538461538
-0.6706984615384615
-0.6999046153846153
-0.5916332307692307
-0.39511753846153846
-0.15792184615384616
0.12099692307692309
0.34338092307692303
0.5225815384615384
0.5999778461538462
0.565764923076923
0.44581107692307687
0.238656
-0.016480615384615385
-0.29080984615384614
-0.5209126153846153
-0.6604763076923077
-0.6894738461538461
-0.5878781538461538
-0.39866399999999996
-0.17961784615384613
0.04860738461538461
0.24679199999999998
0.4111809230769231
0.4887858461538461
0.4641692307692307
0.38656430769230765
0.25471938461538457
0.13101046153846155
0.016063384615384615
-0.08031692307692308
-0.13476553846153844
-0.16751815384615384
-0.15938215384615384
-0.13226215384615383
-0.09116492307692307
-0.02858030769230769
0.03629907692307692
0.09992676923076924
0.14665661538461539
0.17961784615384613
0.19526400000000002
0.18483323076923078
0.17398523076923075
0.14686523076923075
0.11160923076923077
0.09700615384615385
0.0974233846153846
0.1097316923076923
0.11891076923076922
0.08949599999999999
0.026702769230769228
-0.05069353846153846
-0.14811692307692306
-0.2415766153846154
-0.3156350769230769
-0.35965292307692304
-0.34171199999999996
-0.25367630769230765
-0.11140061538461538
0.05590892307692308
0.21028430769230766
0.3350363076923077
0.40846892307692306
0.4026276923076923
0.31918153846153846
0.1856676923076923
0.023782153846153845
-0.15228923076923076
-0.30374399999999996
-0.40888615384615384
-0.4378836923076923
-0.3913624615384615
-0.30249230769230767
-0.17419384615384614
-0.024199384615384616
0.13267938461538462
0.2782929230769231
0.38719015384615385
0.42995630769230764
0.3978295384615384
0.3156350769230769
0.18525046153846153
0.02899753846153846
-0.12996738461538462
-0.27474646153846155
-0.36966646153846155
-0.40575692307692307
-0.37091815384615384
-0.2722430769230769
-0.13372246153846154
0.021070153846153846
0.16313723076923078
0.2734947692307692
0.3277347692307692
0.32314523076923074
0.25471938461538457
0.13643446153846153
0.0029206153846153843
-0.13038461538461538
-0.22697353846153845
-0.2807963076923077
-0.2937304615384615
-0.24887815384615386
-0.16188553846153847
-0.045060923076923075
0.07364123076923076
0.17377661538461536
0.2509643076923077
0.28392553846153845
0.2720344615384615
0.22488738461538463
0.1570873846153846
0.06863446153846153
-0.030040615384615384
-0.10910584615384614
-0.16063384615384615
-0.18128676923076922
-0.1656406153846154
-0.12162276923076921
-0.058829538461538454
0.02023569230769231
0.09721476923076922
0.16230276923076925
0.1940123076923077
0.1693956923076923
0.11098338461538461
0.027328615384615382
-0.05799507692307692
-0.12808984615384614
-0.19213476923076922
-0.23177169230769232
-0.23469230769230767
-0.19004861538461537
-0.1097316923076923
-0.020027076923076922
0.06028984615384615
0.11724184615384614
0.16188553846153847
0.18525046153846153
0.18086953846153844
0.1422756923076923
0.0717636923076923
-0.004798153846153846
-0.073224
-0.12037107692307693
-0.15750461538461538
-0.17419384615384614
-0.15959076923076923
-0.13267938461538462
-0.0828203076923077
-0.02753723076923077
0.02315630769230769
0.06842584615384616
0.078648
0.07092923076923077
0.06133292307692308
0.04672984615384615
0.03880246153846154
0.024199384615384616
0.00855323076923077
0.013142769230769229
0.029414769230769227
0.06821723076923077
0.11202646153846153
0.13893784615384613
0.1489513846153846
0.14311015384615386
0.1353913846153846
0.11327815384615383
0.06863446153846153
0.019609846153846155
-0.01814953846153846
-0.026911384615384615
0.0008344615384615384
0.051319384615384614
0.11348676923076922
0.17481969230769231
0.23135446153846154
0.27620676923076926
0.28955815384615385
0.2618123076923077
0.1856676923076923
0.08156861538461539
-0.021696
-0.10618523076923077
-0.15667015384615385
-0.17419384615384614
-0.1558356923076923
-0.09867507692307692
-0.008344615384615384
0.100344
0.20381723076923075
0.28413415384615387
0.3198073846153846
0.30666461538461537
0.2574313846153846
0.17315076923076922
0.06487938461538462
-0.061750153846153844
-0.1927606153846154
-0.290184
-0.3410861538461538
-0.3333673846153846
-0.2716172307692308
-0.17440246153846153
-0.051319384615384614
0.08866153846153846
0.22029784615384615
0.3156350769230769
0.35986153846153845
0.34171199999999996
0.2716172307692308
0.16856123076923077
0.04714707692307692
-0.07948246153846153
-0.19442953846153843
-0.28392553846153845
-0.3158436923076923
-0.28163076923076924
-0.19985353846153847
-0.0897046153846154
0.012308307692307691
0.09971815384615385
0.17085599999999998
0.20798953846153845
0.19672430769230767
0.13998092307692306
0.04965046153846154
-0.041514461538461535
-0.11286092307692308
-0.16188553846153847
-0.16313723076923078
-0.1314276923076923
-0.07489292307692308
0.0022947692307692304
0.084072
0.15604430769230768
0.19317784615384614
0.19025723076923076
0.14185846153846154
0.07030338461538461
-0.005215384615384615
-0.07280676923076923
-0.12955015384615384
-0.18170399999999998
-0.20298276923076922
-0.18504184615384617
-0.1356
-0.06446215384615385
0.006049846153846154
0.05736923076923077
0.08594953846153845
0.10389046153846154
0.10764553846153846
0.08490646153846154
0.03296123076923077
-0.03588184615384615
-0.08907876923076924
-0.12308307692307692
-0.13601723076923075
-0.13309661538461537
-0.130176
-0.10722830769230769
-0.07134646153846153
-0.025033846153846153
0.02232184615384615
0.052153846153846155
0.07030338461538461
0.0717636923076923
0.07885661538461539
0.09262523076923077
0.09825784615384614
0.0988836923076923
0.08782707692307692
0.08094276923076923
0.08699261538461538
0.09179076923076923
0.0934596923076923
0.08031692307692308
0.04985907692307692
0.022947692307692308
0.0043809230769230765
-0.005424
-0.015854769230769228
-0.026911384615384615
-0.02211323076923077
0.0012516923076923076
0.042557538461538466
0.08866153846153846
0.12016246153846154
0.1341396923076923
0.12391753846153845
0.0961716923076923
0.06321046153846153
0.014394461538461538
-0.04631261538461538
-0.11265230769230769
-0.165432
-0.18650215384615382
-0.17899199999999998
-0.15374953846153847
-0.12162276923076921
-0.07656184615384615
-0.027120000000000002
0.03129230769230769
0.09408553846153846
0.1395636923076923
0.16105107692307694
0.16251138461538459
0.15333230769230768
0.13226215384615383
0.0961716923076923
0.040262769230769234
-0.024199384615384616
-0.0897046153846154
-0.14123261538461537
-0.16292861538461537
-0.16626646153846153
-0.15395815384615386
-0.12850707692307692
-0.08949599999999999
-0.029206153846153847
0.04422646153846154
0.10743692307692307
0.15291507692307693
0.18086953846153844
0.19213476923076922
0.19693292307692306
0.18399876923076922
0.15208061538461537
0.10597661538461538
0.050067692307692306
-0.004172307692307692
-0.04693846153846153
-0.07405846153846153
-0.09679753846153846
-0.10096984615384616
-0.08448923076923077
-0.044435076923076924
0.0077187692307692304
0.05319692307692307
0.08824430769230769
0.103056
0.10848000000000001
0.0974233846153846
0.07760492307692309
0.048816000000000005
0.007301538461538462
-0.03108369230769231
-0.06529661538461538
-0.08344615384615384
-0.09387692307692307
-0.10243015384615384
-0.10535076923076922
-0.10952307692307692
-0.10994030769230768
-0.09950953846153845
-0.0828203076923077
-0.061750153846153844
-0.04318338461538461
-0.02753723076923077
-0.005841230769230769
0.00855323076923077
0.010848
-0.0006258461538461538
-0.014394461538461538
-0.021904615384615383
-0.027745846153846152
-0.029623384615384614
-0.03129230769230769
-0.022530461538461537
-0.019192615384615384
-0.005632615384615384
0.014394461538461538
0.02273907692307692
0.03421292307692308
0.04109723076923077
0.06216738461538462
0.09053907692307692
0.11035753846153845
0.1218313846153846
0.11202646153846153
0.09074769230769231
0.05736923076923077
0.016063384615384615
-0.026494153846153844
-0.08115138461538463
-0.12412615384615384
-0.1489513846153846
-0.15082892307692305
-0.12329169230769231
-0.08511507692307693
-0.03400430769230769
0.015228923076923076
0.056951999999999996
0.08699261538461538
0.09387692307692307
0.07280676923076923
0.02044430769230769
-0.05507446153846154
-0.1356
-0.19025723076923076
-0.21612553846153845
-0.21654276923076923
-0.18942276923076923
-0.1356
-0.058829538461538454
0.03233538461538461
0.12537784615384615
0.20277415384615383
0.25012984615384615
0.25930892307692305
0.24199384615384617
0.1927606153846154
0.12016246153846154
0.03609046153846154
-0.045060923076923075
-0.10180430769230768
-0.12683815384615382
-0.11473846153846154
-0.07969107692307692
-0.017940923076923077
0.05382276923076923
0.12704676923076924
0.20027076923076922
0.2492953846153846
0.26911384615384615
0.24762646153846155
0.1923433846153846
0.11953661538461538
0.03421292307692308
-0.04380923076923077
-0.11202646153846153
-0.16710092307692306
-0.18525046153846153
-0.17169046153846151
-0.13080184615384613
-0.073224
-0.03045784615384615
-0.0033378461538461535
-0.0002086153846153846
0.010222153846153844
-0.0012516923076923076
-0.04318338461538461
-0.06654830769230768
-0.0974233846153846
-0.06133292307692308
0.008344615384615384
0.18483323076923078
0.3481790769230769
0.35005661538461535
0.4078430769230769
0.3686233846153846
0.32627446153846157
0.23928184615384615
-0.012308307692307691
-0.22405292307692307
-0.47272246153846154
-0.5680596923076923
-0.5795335384615384
-0.5955969230769231
-0.5065181538461538
-0.4228633846153846
-0.1712732307692308
0.13455692307692307
0.4026276923076923
0.6646486153846154
0.7211833846153846
0.7193058461538461
0.6448301538461538
0.44956615384615384
0.26097784615384617
-0.03692492307692308
-0.3047870769230769
-0.4925409230769231
-0.6675692307692307
-0.6419095384615385
-0.5361415384615384
-0.3642424615384615
-0.10576799999999999
0.09137353846153846
0.31772123076923076
0.5033889230769231
0.6172929230769231
0.6953150769230769
0.626472
0.4831532307692308
0.3129230769230769
0.13768615384615385
0.005632615384615384
-0.17544553846153846
-0.33295015384615384
-0.4322510769230769
-0.48398769230769234
-0.42077723076923074
-0.35339446153846155
-0.26765353846153844
-0.14832553846153845
-0.045895384615384616
0.10722830769230769
0.21737723076923077
0.26494153846153845
0.3116713846153846
0.29685969230769227
0.295608
0.3087507692307692
0.2701569230769231
0.20861538461538462
0.09971815384615385
-0.015854769230769228
-0.11870215384615385
-0.22196676923076922
-0.29352184615384613
-0.3490135384615385
-0.34046030769230773
-0.2912270769230769
-0.21842030769230766
-0.06028984615384615
0.09679753846153846
0.2526332307692308
0.39636923076923075
0.48565661538461535
0.545112
0.5129852307692307
0.41681353846153846
0.26911384615384615
0.05799507692307692
-0.13476553846153844
-0.30249230769230767
-0.4472713846153846
-0.5509532307692308
-0.6028984615384615
-0.5618012307692307
-0.43704923076923075
-0.2716172307692308
-0.09074769230769231
0.07301538461538462
0.2303113846153846
0.3604873846153846
0.41431015384615383
0.39636923076923075
0.29185292307692307
0.14415323076923076
0.005215384615384615
-0.13205353846153844
-0.22676492307692306
-0.28476
-0.31396615384615384
-0.2828824615384615
-0.23093723076923076
-0.13434830769230768
-0.003755076923076923
0.103056
0.18983999999999998
0.235944
0.24992123076923078
0.23406646153846156
0.19359507692307693
0.15520984615384617
0.11077476923076923
0.07510153846153846
0.053405538461538456
0.03838523076923077
0.04526953846153846
0.037967999999999995
0.030875076923076922
0.03713353846153846
0.013560000000000001
0.005424
-0.0002086153846153846
-0.03275261538461539
-0.07155507692307693
-0.119328
-0.13393107692307693
-0.11557292307692307
-0.09658892307692307
-0.05924676923076923
-0.02211323076923077
0.017523692307692306
0.06821723076923077
0.10806276923076923
0.14665661538461539
0.16251138461538459
0.15249784615384615
0.12579507692307693
0.065088
-0.005841230769230769
-0.0771876923076923
-0.12913292307692306
-0.14436184615384615
-0.15333230769230768
-0.14603076923076924
-0.11432123076923076
-0.06738276923076922
0.0077187692307692304
0.07218092307692307
0.10681107692307691
0.1368516923076923
0.14436184615384615
0.14290153846153844
0.13205353846153844
0.10389046153846154
0.07343261538461537
0.03233538461538461
-0.0022947692307692304
-0.03504738461538461
-0.06613107692307692
-0.08010830769230769
-0.08949599999999999
-0.09283384615384616
-0.0936683076923077
-0.08365476923076923
-0.04756430769230769
0.0033378461538461535
0.06258461538461538
0.11140061538461538
0.1397723076923077
0.17315076923076922
0.20506892307692307
0.20256553846153844
0.17023015384615386
0.12308307692307692
0.07969107692307692
0.04714707692307692
0.02211323076923077
-0.002712
-0.04693846153846153
-0.09387692307692307
-0.11098338461538461
-0.09304246153846155
-0.06216738461538462
-0.03921969230769231
-0.029623384615384614
-0.01814953846153846
0.0012516923076923076
0.02795446153846154
0.059872615384615385
0.08490646153846154
0.0974233846153846
0.09241661538461539
0.0880356923076923
0.07677046153846154
0.06300184615384616
0.04109723076923077
0.0035464615384615383
-0.02586830769230769
-0.05069353846153846
-0.05924676923076923
-0.06633969230769231
-0.07092923076923077
-0.07238953846153846
-0.06800861538461538
-0.03942830769230769
-0.005841230769230769
0.02357353846153846
0.02858030769230769
0.016480615384615385
0.0025033846153846152
-0.0029206153846153843
0.0018775384615384615
0.003963692307692307
-0.007510153846153846
-0.027328615384615382
-0.02753723076923077
-0.025033846153846153
-0.02858030769230769
-0.05924676923076923
-0.12016246153846154
-0.17648861538461538
-0.20965846153846154
-0.20632061538461538
-0.18525046153846153
-0.15520984615384617
-0.11181784615384616
-0.05820369230769231
0.0025033846153846152
0.05716061538461538
0.09074769230769231
0.09429415384615383
0.06133292307692308
0.018775384615384614
-0.01397723076923077
-0.044435076923076924
-0.06195876923076923
-0.07489292307692308
-0.07572738461538461
-0.05799507692307692
-0.03233538461538461
0.01272553846153846
0.059664
0.1045163076923077
0.15291507692307693
0.19818461538461538
0.23782153846153845
0.24720923076923076
0.21612553846153845
0.15187199999999998
0.0744756923076923
0.012516923076923077
-0.03963692307692308
-0.08094276923076923
-0.11390399999999999
-0.1397723076923077
-0.13309661538461537
-0.10430769230769231
-0.059872615384615385
-0.01814953846153846
0.0070929230769230765
0.03150092307692308
0.04526953846153846
0.051319384615384614
0.04380923076923077
0.011473846153846154
-0.03942830769230769
-0.09325107692307691
-0.12433476923076923
-0.1422756923076923
-0.14164984615384615
-0.1218313846153846
-0.10138707692307691
-0.06821723076923077
-0.023782153846153845
0.029623384615384614
0.07593599999999999
0.0961716923076923
0.11327815384615383
0.12162276923076921
0.11891076923076922
0.11974523076923077
0.09763200000000001
0.06154153846153846
0.023990769230769232
-0.010013538461538461
-0.025033846153846153
-0.03692492307692308
-0.03963692307692308
-0.03504738461538461
-0.02524246153846154
0.005424
0.05382276923076923
0.10764553846153846
0.15145476923076923
0.17085599999999998
0.17711446153846155
0.1693956923076923
0.1506203076923077
0.12579507692307693
0.07218092307692307
0.015854769230769228
-0.04214030769230769
-0.092208
-0.119328
-0.14269292307692305
-0.14728246153846153
-0.13935507692307691
-0.10055261538461538
-0.027120000000000002
0.051319384615384614
0.12329169230769231
0.16876984615384616
0.18983999999999998
0.19338646153846153
0.1856676923076923
0.16438892307692307
0.1205796923076923
0.056951999999999996
-0.010848
-0.06279323076923077
-0.09971815384615385
-0.12496061538461539
-0.1287156923076923
-0.10931446153846153
-0.07009476923076922
-0.004798153846153846
0.06487938461538462
0.1316363076923077
0.19150892307692308
0.23364923076923078
0.2632726153846154
0.26765353846153844
0.25242461538461536
0.20715507692307691
0.13455692307692307
0.04714707692307692
-0.03483876923076923
-0.09199938461538461
-0.1287156923076923
-0.13518276923076925
-0.12600369230769232
-0.09554584615384615
-0.05048492307692308
0.0050067692307692304
0.06884307692307692
0.10535076923076922
0.11557292307692307
0.103056
0.07739630769230768
0.03421292307692308
-0.026702769230769228
-0.08866153846153846
-0.14540492307692307
-0.18066092307692305
-0.19171753846153847
-0.18191261538461537
-0.15646153846153846
-0.13393107692307693
-0.11202646153846153
-0.08615815384615384
-0.05820369230769231
-0.023990769230769232
-0.013768615384615384
-0.025033846153846153
-0.03859384615384615
-0.05507446153846154
-0.06300184615384616
-0.06759138461538462
-0.06341907692307691
-0.05194523076923077
-0.029623384615384614
-0.0016689230769230767
0.031918153846153846
0.07030338461538461
0.08636676923076922
0.0961716923076923
0.09429415384615383
0.07927384615384615
0.06154153846153846
0.03483876923076923
0.005632615384615384
-0.021278769230769233
-0.032544
-0.02524246153846154
-0.002086153846153846
0.027328615384615382
0.05674338461538461
0.07927384615384615
0.09909230769230769
0.11995384615384615
0.12162276923076921
0.10618523076923077
0.07551876923076924
0.03775938461538462
0.0035464615384615383
-0.03233538461538461
-0.06717415384615384
-0.09930092307692308
-0.11953661538461538
-0.119328
-0.09241661538461539
-0.04714707692307692
-0.002086153846153846
0.03275261538461539
0.05403138461538461
0.05674338461538461
0.04547815384615384
0.03358707692307692
0.010013538461538461
-0.004798153846153846
-0.006258461538461538
-0.0043809230769230765
0.01940123076923077
0.056951999999999996
0.10555938461538462
0.15875630769230767
0.20673784615384616
0.24199384615384617
0.2422024615384615
0.21111876923076925
0.15249784615384615
0.07885661538461539
0.015228923076923076
-0.04401784615384615
-0.0853236923076923
-0.09784061538461537
-0.08699261538461538
-0.04631261538461538
0.010222153846153844
0.08490646153846154
0.1691870769230769
0.22321846153846153
0.2563883076923077
0.27558092307692306
0.26076923076923075
0.20965846153846154
0.11640738461538462
0.015854769230769228
-0.07030338461538461
-0.15291507692307693
-0.1990190769230769
-0.21111876923076925
-0.18942276923076923
-0.13497415384615385
-0.07364123076923076
0.003963692307692307
0.06884307692307692
0.10910584615384614
0.13455692307692307
0.1207883076923077
0.09596307692307693
0.06800861538461538
0.028788923076923077
0.026702769230769228
0.015646153846153844
0.11807630769230769
0.22467876923076924
0.1802436923076923
0.21487384615384614
0.15959076923076923
0.13810338461538463
0.119328
-0.03901107692307692
-0.11891076923076922
-0.27412061538461535
-0.26911384615384615
-0.19338646153846153
-0.18379015384615385
-0.103056
-0.130176
-0.02086153846153846
0.08699261538461538
0.12266584615384615
0.18983999999999998
0.042557538461538466
-0.058829538461538454
-0.15291507692307693
-0.2618123076923077
-0.23010276923076922
-0.2872633846153846
-0.2509643076923077
-0.17169046153846151
-0.18253846153846154
-0.04839876923076923
0.028163076923076923
0.08699261538461538
0.15792184615384616
0.06863446153846153
0.02273907692307692
-0.07697907692307693
-0.15875630769230767
-0.13351384615384615
-0.1829556923076923
-0.18754523076923074
-0.18358153846153846
-0.1397723076923077
-0.01043076923076923
0.033169846153846154
0.06905169230769231
0.0678
0.037967999999999995
0.08699261538461538
0.07969107692307692
0.0609156923076923
0.03650769230769231
-0.03045784615384615
-0.01710646153846154
-0.010848
-0.006884307692307692
0.04631261538461538
0.05277969230769231
0.1097316923076923
0.18483323076923078
0.22342707692307692
0.2624381538461539
0.21737723076923077
0.1585476923076923
0.086784
0.0008344615384615384
-0.04172307692307692
-0.08386338461538462
-0.0717636923076923
-0.06195876923076923
-0.059872615384615385
0.01668923076923077
0.061750153846153844
0.10952307692307692
0.14018953846153845
0.10138707692307691
0.086784
0.03233538461538461
-0.0018775384615384615
-0.011473846153846154
-0.07510153846153846
-0.07843938461538462
-0.07009476923076922
-0.06467076923076923
-0.050067692307692306
-0.08010830769230769
-0.07823076923076923
-0.07364123076923076
-0.07405846153846153
-0.06592246153846154
-0.08323753846153846
-0.05069353846153846
-0.008970461538461538
0.018983999999999997
0.0771876923076923
0.09533723076923077
0.12245723076923076
0.1543753846153846
0.1353913846153846
0.13852061538461538
0.1207883076923077
0.08845292307692308
0.05528307692307692
-0.031918153846153846
-0.10764553846153846
-0.16188553846153847
-0.19213476923076922
-0.18379015384615385
-0.173568
-0.13726892307692307
-0.08720123076923077
-0.014394461538461538
0.09158215384615384
0.16584923076923075
0.21508246153846153
0.20527753846153846
0.14144123076923076
0.07760492307692309
-0.022530461538461537
-0.10243015384615384
-0.1693956923076923
-0.2503384615384615
-0.2586830769230769
-0.2273907692307692
-0.1704387692307692
-0.09512861538461538
-0.040679999999999994
0.04860738461538461
0.14999446153846155
0.2261390769230769
0.2764153846153846
0.26765353846153844
0.23072861538461537
0.17982646153846152
0.11953661538461538
0.07656184615384615
0.014811692307692307
-0.04672984615384615
-0.09909230769230769
-0.13622584615384614
-0.11327815384615383
-0.07614461538461538
-0.018358153846153843
0.04401784615384615
0.06988615384615385
0.10013538461538461
0.11578153846153846
0.12245723076923076
0.12496061538461539
0.07739630769230768
0.014394461538461538
-0.02858030769230769
-0.04130584615384615
-0.016063384615384615
0.006467076923076923
0.016272
0.012099692307692308
-0.008136
-0.015854769230769228
-0.03337846153846154
-0.0771876923076923
-0.14394461538461537
-0.21842030769230766
-0.2482523076923077
-0.249504
-0.2207150769230769
-0.16897846153846155
-0.116616
-0.03880246153846154
0.042348923076923076
0.12391753846153845
0.19380369230769232
0.22113230769230768
0.20673784615384616
0.16167692307692308
0.11098338461538461
0.06279323076923077
0.0002086153846153846
-0.06383630769230769
-0.11870215384615385
-0.15687876923076924
-0.15604430769230768
-0.12496061538461539
-0.06675692307692307
-0.006258461538461538
0.04422646153846154
0.11056615384615384
0.17419384615384614
0.22843384615384613
0.24574892307692306
0.21696000000000001
0.18316430769230768
0.13664307692307692
0.09053907692307692
0.042974769230769226
-0.017940923076923077
-0.073224
-0.11098338461538461
-0.11682461538461539
-0.09658892307692307
-0.06717415384615384
-0.03692492307692308
-0.005841230769230769
0.03296123076923077
0.08323753846153846
0.11974523076923077
0.14331876923076922
0.15291507692307693
0.15541846153846153
0.15687876923076924
0.13998092307692306
0.11995384615384615
0.08219446153846154
0.029623384615384614
-0.022947692307692308
-0.08198584615384615
-0.1287156923076923
-0.16459753846153846
-0.1908830769230769
-0.19213476923076922
-0.16000799999999998
-0.09825784615384614
-0.008761846153846153
0.09283384615384616
0.18274707692307693
0.260352
0.3133403076923077
0.3314898461538462
0.30854215384615385
0.24574892307692306
0.15103753846153847
0.03880246153846154
-0.06070707692307692
-0.14519630769230768
-0.208824
-0.24741784615384615
-0.2586830769230769
-0.22321846153846153
-0.1506203076923077
-0.06654830769230768
0.016897846153846156
0.08824430769230769
0.14540492307692307
0.18712800000000002
0.20402584615384614
0.18900553846153845
0.1316363076923077
0.03713353846153846
-0.06446215384615385
-0.154584
-0.2261390769230769
-0.26932246153846157
-0.2943563076923077
-0.28100492307692304
-0.2205064615384615
-0.12913292307692306
-0.03045784615384615
0.06154153846153846
0.15082892307692305
0.21007569230769232
0.2357353846153846
0.23782153846153845
0.21174461538461536
0.1612596923076923
0.0961716923076923
0.03588184615384615
-0.006258461538461538
-0.031918153846153846
-0.03942830769230769
-0.032544
-0.010013538461538461
0.03024923076923077
0.07510153846153846
0.12120553846153845
0.15541846153846153
0.16626646153846153
0.1612596923076923
0.14519630769230768
0.12579507692307693
0.10055261538461538
0.05799507692307692
0.018983999999999997
-0.006258461538461538
-0.01814953846153846
-0.019609846153846155
-0.027328615384615382
-0.03880246153846154
-0.042557538461538466
-0.03337846153846154
-0.010222153846153844
0.015020307692307692
0.021696
0.01668923076923077
0.009804923076923077
0.01856676923076923
0.04088861538461538
0.05111076923076923
0.05736923076923077
0.05236246153846154
0.048816000000000005
0.05403138461538461
0.059038153846153844
0.06946892307692307
0.06988615384615385
0.06049846153846154
0.06008123076923077
0.06946892307692307
0.08010830769230769
0.07614461538461538
0.0448523076923077
0.01043076923076923
-0.01981846153846154
-0.04568676923076923
-0.056326153846153845
-0.07072061538461538
-0.09116492307692307
-0.10263876923076923
-0.09158215384615384
-0.05382276923076923
-0.015437538461538461
0.009179076923076922
0.02315630769230769
0.026911384615384615
0.03045784615384615
0.03358707692307692
0.027328615384615382
0.0070929230769230765
-0.026494153846153844
-0.06487938461538462
-0.09763200000000001
-0.11181784615384616
-0.11765907692307691
-0.11411261538461538
-0.09012184615384615
-0.049233230769230765
0.019609846153846155
0.09137353846153846
0.14707384615384617
0.1867107692307692
0.208824
0.22300984615384614
0.21487384615384614
0.1927606153846154
0.14665661538461539
0.08094276923076923
0.02586830769230769
-0.02232184615384615
-0.05236246153846154
-0.07697907692307693
-0.10013538461538461
-0.10868861538461538
-0.1028473846153846
-0.07510153846153846
-0.03880246153846154
-0.011265230769230769
0.003129230769230769
0.007301538461538462
0.005424
0.003755076923076923
-0.0002086153846153846
-0.015020307692307692
-0.03024923076923077
-0.03650769230769231
-0.037342153846153844
-0.029832
-0.015646153846153844
-0.010639384615384617
-0.011891076923076923
-0.015020307692307692
-0.008136
0.015646153846153844
0.03379569230769231
0.04714707692307692
0.05924676923076923
0.06049846153846154
0.06529661538461538
0.06905169230769231
0.05528307692307692
0.030875076923076922
-0.010013538461538461
-0.05069353846153846
-0.07823076923076923
-0.1070196923076923
-0.13121907692307694
-0.14749107692307692
-0.15374953846153847
-0.14603076923076924
-0.12704676923076924
-0.09763200000000001
-0.06988615384615385
-0.04568676923076923
-0.018358153846153843
0.003129230769230769
0.022530461538461537
0.033169846153846154
0.031918153846153846
0.027328615384615382
0.01856676923076923
0.008970461538461538
0.0025033846153846152
-0.0035464615384615383
-0.017523692307692306
-0.017523692307692306
-0.008970461538461538
0.008136
0.032544
0.04172307692307692
0.045060923076923075
0.03379569230769231
0.021904615384615383
0.015228923076923076
0.00855323076923077
-0.0002086153846153846
-0.011682461538461537
-0.017732307692307693
-0.018983999999999997
-0.007301538461538462
0.0018775384615384615
-0.0002086153846153846
-0.012308307692307691
-0.03609046153846154
-0.06195876923076923
-0.08782707692307692
-0.11849353846153846
-0.14603076923076924
-0.15687876923076924
-0.14957723076923077
-0.12558646153846154
-0.09074769230769231
-0.050067692307692306
-0.019192615384615384
0.0002086153846153846
0.022947692307692308
0.03984553846153846
0.059664
0.0678
0.06717415384615384
0.06362769230769232
0.05298830769230769
0.04756430769230769
0.01981846153846154
-0.007510153846153846
-0.027745846153846152
-0.026285538461538457
-0.01710646153846154
-0.017523692307692306
-0.023364923076923075
-0.056326153846153845
-0.10159569230769232
-0.16418030769230768
-0.16105107692307694
-0.11974523076923077
-0.051528
0.06675692307692307
0.16730953846153845
0.32231076923076923
0.4551987692307692
0.5488670769230769
0.5701458461538461
0.46771569230769233
0.314592
0.11891076923076922
-0.07906523076923076
-0.30708184615384615
-0.4698018461538461
-0.576612923076923
-0.6074879999999999
-0.5027630769230769
-0.355272
-0.1504116923076923
0.07134646153846153
0.2914356923076923
0.48002399999999995
0.5843316923076923
0.5734836923076922
0.4645864615384615
0.29873723076923075
0.06070707692307692
-0.16084246153846155
-0.3475532307692307
-0.4785636923076923
-0.47606030769230767
-0.3955347692307692
-0.24720923076923076
-0.07343261538461537
0.06362769230769232
0.18963138461538462
0.260352
0.26535876923076923
0.24637476923076923
0.18483323076923078
0.13330523076923076
0.09137353846153846
0.040262769230769234
0.008970461538461538
-0.030875076923076922
-0.056951999999999996
-0.09304246153846155
-0.14102399999999998
-0.1785747692307692
-0.21696000000000001
-0.20298276923076922
-0.16188553846153847
-0.12537784615384615
-0.06592246153846154
-0.024408000000000003
0.035255999999999996
0.11745046153846153
0.16689230769230767
0.225096
0.2776670769230769
0.3304467692307692
0.385104
0.3836436923076923
0.30895938461538464
0.17169046153846151
-0.0035464615384615383
-0.18921415384615384
-0.3517255384615385
-0.4687587692307692
-0.5280055384615384
-0.49400123076923075
-0.3594443076923077
-0.15959076923076923
0.07489292307692308
0.2897667692307692
0.46083138461538464
0.5697286153846154
0.5772387692307692
0.5008855384615384
0.3727956923076923
0.20131384615384615
0.013142769230769229
-0.165432
-0.31688676923076925
-0.3907366153846154
-0.3890676923076923
-0.3342018461538461
-0.23531815384615382
-0.111192
0.03567323076923076
0.1908830769230769
0.33378461538461535
0.4090947692307692
0.42953907692307686
0.4017932307692308
0.3114627692307692
0.206112
0.07343261538461537
-0.05924676923076923
-0.15291507692307693
-0.20778092307692309
-0.2008966153846154
-0.14311015384615386
-0.07426707692307692
0.003129230769230769
0.07781353846153846
0.12642092307692307
0.15562707692307692
0.15103753846153847
0.12162276923076921
0.08052553846153847
0.029832
-0.016480615384615385
-0.05507446153846154
-0.07092923076923077
-0.08073415384615384
-0.06926030769230769
-0.022530461538461537
0.02357353846153846
0.084072
0.13330523076923076
0.15374953846153847
0.16730953846153845
0.14436184615384615
0.10472492307692308
0.06717415384615384
0.009596307692307692
-0.038176615384615385
-0.08031692307692308
-0.10117846153846152
-0.06404492307692307
-0.004798153846153846
0.059664
0.12412615384615384
0.18921415384615384
0.24887815384615386
0.28121353846153846
0.2720344615384615
0.20256553846153844
0.10389046153846154
0.011056615384615385
-0.08302892307692307
-0.1570873846153846
-0.21362215384615382
-0.26118646153846153
-0.25200738461538463
-0.20778092307692309
-0.1368516923076923
-0.042557538461538466
0.023364923076923075
0.09074769230769231
0.1504116923076923
0.18983999999999998
0.22113230769230768
0.22780799999999998
0.21696000000000001
0.1942209230769231
0.17002153846153847
0.13706030769230768
0.09512861538461538
0.044435076923076924
-0.029414769230769227
-0.10222153846153846
-0.1612596923076923
-0.2056947692307692
-0.21466523076923077
-0.2059033846153846
-0.19046584615384615
-0.14081538461538462
-0.07092923076923077
0.010848
0.09241661538461539
0.13810338461538463
0.17231630769230769
0.19964492307692308
0.214248
0.2205064615384615
0.1881710769230769
0.11327815384615383
0.013768615384615384
-0.09179076923076923
-0.19213476923076922
-0.28413415384615387
-0.3623649230769231
-0.40700861538461536
-0.38885907692307686
-0.3016578461538461
-0.16480615384615382
0.006675692307692307
0.1710646153846154
0.30583015384615386
0.41305846153846154
0.4449766153846154
0.4105550769230769
0.3170953846153846
0.1614683076923077
-0.0022947692307692304
-0.16188553846153847
-0.28350830769230767
-0.34504984615384615
-0.36299076923076923
-0.330864
-0.25659692307692306
-0.1476996923076923
-0.014185846153846153
0.11807630769230769
0.22488738461538463
0.2751636923076923
0.2716172307692308
0.2342750769230769
0.16418030769230768
0.07009476923076922
-0.043392
-0.1502030769230769
-0.22488738461538463
-0.26097784615384617
-0.24595753846153845
-0.1992276923076923
-0.14102399999999998
-0.06487938461538462
0.01397723076923077
0.08010830769230769
0.11557292307692307
0.1097316923076923
0.07134646153846153
0.021278769230769233
-0.010222153846153844
-0.029414769230769227
-0.041514461538461535
-0.043600615384615383
-0.033169846153846154
-0.005215384615384615
0.042557538461538466
0.0880356923076923
0.11411261538461538
0.10785415384615385
0.07238953846153846
0.029414769230769227
-0.03400430769230769
-0.10389046153846154
-0.17502830769230768
-0.2480436923076923
-0.2939390769230769
-0.29352184615384613
-0.24011630769230768
-0.146448
-0.03942830769230769
0.05277969230769231
0.12808984615384614
0.18170399999999998
0.20298276923076922
0.18379015384615385
0.11265230769230769
0.011891076923076923
-0.08511507692307693
-0.15333230769230768
-0.19004861538461537
-0.19881046153846152
-0.18253846153846154
-0.14394461538461537
-0.06967753846153846
0.014603076923076923
0.10117846153846152
0.1710646153846154
0.18545907692307692
0.17544553846153846
0.15249784615384615
0.11327815384615383
0.06905169230769231
0.012934153846153845
-0.04088861538461538
-0.0826116923076923
-0.09679753846153846
-0.07677046153846154
-0.05298830769230769
-0.020027076923076922
0.010639384615384617
0.03692492307692308
0.06759138461538462
0.07280676923076923
0.06383630769230769
0.03588184615384615
-0.011891076923076923
-0.03921969230769231
-0.04985907692307692
-0.042348923076923076
-0.026285538461538457
-0.014603076923076923
0.014394461538461538
0.0448523076923077
0.06863446153846153
0.086784
0.0826116923076923
0.06028984615384615
0.03567323076923076
0.012934153846153845
-0.0006258461538461538
-0.008970461538461538
-0.013351384615384614
-0.003755076923076923
0.02211323076923077
0.06717415384615384
0.10994030769230768
0.14060676923076923
0.14311015384615386
0.11724184615384614
0.0828203076923077
0.03024923076923077
-0.03337846153846154
-0.0963803076923077
-0.16730953846153845
-0.214248
-0.22154953846153846
-0.1923433846153846
-0.12788123076923075
-0.05090215384615384
0.04109723076923077
0.13747753846153846
0.21612553846153845
0.2605606153846154
0.2540935384615385
0.1942209230769231
0.09283384615384616
-0.030875076923076922
-0.1476996923076923
-0.2574313846153846
-0.33816553846153846
-0.3738387692307692
-0.3615304615384615
-0.27140861538461536
-0.13080184615384613
0.03713353846153846
0.20047938461538461
0.3294036923076923
0.41660492307692304
0.4478972307692307
0.4115981538461538
0.3148006153846154
0.16772676923076923
-0.008970461538461538
-0.16021661538461537
-0.28121353846153846
-0.3542289230769231
-0.37050092307692306
-0.3415033846153846
-0.24345415384615382
-0.1028473846153846
0.05611753846153846
0.222384
0.36549415384615386
0.4618744615384615
0.48106707692307693
0.4466455384615384
0.36027876923076924
0.21904615384615383
0.05653476923076922
-0.12099692307692309
-0.2682793846153846
-0.36945784615384614
-0.41994276923076923
-0.3947003076923077
-0.3202246153846154
-0.21091015384615383
-0.06821723076923077
0.08782707692307692
0.24032492307692307
0.35235138461538457
0.4026276923076923
0.3917796923076923
0.3344104615384615
0.2586830769230769
0.15750461538461538
0.04756430769230769
-0.05236246153846154
-0.143736
-0.20152246153846154
-0.23469230769230767
-0.2453316923076923
-0.2261390769230769
-0.19359507692307693
-0.14477907692307693
-0.08094276923076923
-0.016272
0.03838523076923077
0.08949599999999999
0.13080184615384613
0.16897846153846155
0.19818461538461538
0.2056947692307692
0.20402584615384614
0.17481969230769231
0.12141415384615384
0.05736923076923077
-0.016063384615384615
-0.08615815384615384
-0.1449876923076923
-0.1867107692307692
-0.19839323076923077
-0.17523692307692307
-0.11870215384615385
-0.03713353846153846
0.06341907692307691
0.1777403076923077
0.2789187692307692
0.3584012307692308
0.40617415384615385
0.40617415384615385
0.3571495384615384
0.25951753846153847
0.14081538461538462
0.015646153846153844
-0.11286092307692308
-0.22300984615384614
-0.30249230769230767
-0.3379569230769231
-0.3158436923076923
-0.24345415384615382
-0.132888
0.0022947692307692304
0.13747753846153846
0.2507556923076923
0.32543999999999995
0.3544375384615384
0.33899999999999997
0.2734947692307692
0.17648861538461538
0.06487938461538462
-0.035255999999999996
-0.11724184615384614
-0.19150892307692308
-0.22488738461538463
-0.22551323076923077
-0.17711446153846155
-0.0853236923076923
0.012308307692307691
0.10389046153846154
0.16710092307692306
0.21320492307692307
0.2369870769230769
0.22530461538461538
0.18066092307692305
0.10535076923076922
0.024408000000000003
-0.049233230769230765
-0.10597661538461538
-0.13497415384615385
-0.14582215384615385
-0.12579507692307693
-0.09450276923076922
-0.045895384615384616
0.018775384615384614
0.06195876923076923
0.08574092307692306
0.07426707692307692
0.054657230769230764
0.028788923076923077
0.007510153846153846
-0.027120000000000002
-0.08574092307692306
-0.12433476923076923
-0.14749107692307692
-0.12433476923076923
-0.07781353846153846
-0.035464615384615386
0.009804923076923077
0.06279323076923077
0.15270646153846154
0.2851772307692308
0.3277347692307692
0.25471938461538457
0.16647507692307692
0.03567323076923076
-0.017940923076923077
-0.06446215384615385
-0.24303692307692307
-0.37967999999999996
-0.4994252307692308
-0.4921236923076923
-0.3686233846153846
-0.25972615384615383
-0.12308307692307692
-0.042348923076923076
0.1368516923076923
0.32564861538461537
0.4355889230769231
0.47772923076923074
0.32085046153846153
0.17565415384615385
0.027120000000000002
-0.12162276923076921
-0.1785747692307692
-0.2926873846153846
-0.33670523076923076
-0.3412947692307692
-0.3392086153846154
-0.18900553846153845
-0.06300184615384616
0.07218092307692307
0.20193969230769232
0.19296923076923078
0.21049292307692305
0.21800307692307694
0.2221753846153846
0.24491446153846153
0.1506203076923077
0.05298830769230769
-0.04526953846153846
-0.10430769230769231
-0.08344615384615384
-0.12788123076923075
-0.17732307692307692
-0.22530461538461538
-0.2207150769230769
-0.11703323076923078
-0.05277969230769231
-0.0025033846153846152
0.02211323076923077
0.012934153846153845
0.0717636923076923
0.10806276923076923
0.11327815384615383
0.12245723076923076
0.07969107692307692
0.07364123076923076
0.078648
0.04965046153846154
0.02899753846153846
-0.04526953846153846
-0.11452984615384615
-0.15395815384615386
-0.18379015384615385
-0.16772676923076923
-0.14290153846153844
-0.08344615384615384
-0.025659692307692307
0.05194523076923077
0.1712732307692308
0.2438713846153846
0.3116713846153846
0.32314523076923074
0.2689052307692308
0.2415766153846154
0.1787833846153846
0.09262523076923077
0.0014603076923076922
-0.10994030769230768
-0.16188553846153847
-0.18921415384615384
-0.18879692307692306
-0.15750461538461538
-0.14436184615384615
-0.07551876923076924
0.017315076923076923
0.084072
0.12037107692307693
0.10409907692307692
0.09387692307692307
0.07092923076923077
0.02357353846153846
-0.026285538461538457
-0.10681107692307691
-0.1476996923076923
-0.1424843076923077
-0.14164984615384615
-0.09471138461538461
-0.042348923076923076
-0.001043076923076923
0.059664
0.07343261538461537
0.08448923076923077
0.0934596923076923
0.062376
0.02899753846153846
-0.02586830769230769
-0.07635323076923077
-0.09992676923076924
-0.09074769230769231
-0.05194523076923077
-0.024199384615384616
0.0
0.02273907692307692
0.05382276923076923
0.10138707692307691
0.11974523076923077
0.12099692307692309
0.10117846153846152
0.053405538461538456
0.03442153846153846
0.01814953846153846
-0.005424
-0.021487384615384613
-0.037967999999999995
-0.010639384615384617
0.05757784615384615
0.11724184615384614
0.16292861538461537
0.1785747692307692
0.17398523076923075
0.17461107692307692
0.157296
0.132888
0.09095630769230768
0.031918153846153846
-0.02232184615384615
-0.0678
-0.07781353846153846
-0.06967753846153846
-0.04547815384615384
-0.014394461538461538
-0.008136
0.0029206153846153843
0.006675692307692307
-0.0002086153846153846
-0.003963692307692307
-0.043392
-0.08887015384615385
-0.10827138461538462
-0.11181784615384616
-0.08949599999999999
-0.06988615384615385
-0.06467076923076923
-0.05319692307692307
-0.030875076923076922
-0.0014603076923076922
0.011265230769230769
0.012516923076923077
-0.0035464615384615383
-0.02357353846153846
-0.023364923076923075
-0.017315076923076923
0.0014603076923076922
0.015646153846153844
0.023364923076923075
0.03880246153846154
0.04756430769230769
0.05820369230769231
0.07677046153846154
0.08845292307692308
0.09533723076923077
0.08949599999999999
0.08094276923076923
0.07969107692307692
0.06487938461538462
0.03379569230769231
-0.016480615384615385
-0.06446215384615385
-0.0963803076923077
-0.10555938461538462
-0.09325107692307691
-0.08094276923076923
-0.07468430769230769
-0.06967753846153846
-0.05173661538461538
-0.02586830769230769
-0.008970461538461538
-0.016480615384615385
-0.02899753846153846
-0.03984553846153846
-0.04756430769230769
-0.043600615384615383
-0.03859384615384615
-0.01981846153846154
0.009804923076923077
0.04088861538461538
0.07197230769230768
0.08907876923076924
0.092208
0.08115138461538463
0.06154153846153846
0.04860738461538461
0.03755076923076923
0.04318338461538461
0.05653476923076922
0.06487938461538462
0.08386338461538462
0.09804923076923076
0.1218313846153846
0.14540492307692307
0.14916
0.14081538461538462
0.09825784615384614
0.040679999999999994
-0.003129230769230769
-0.03984553846153846
-0.05027630769230769
-0.04819015384615385
-0.042557538461538466
-0.012099692307692308
0.02899753846153846
0.07572738461538461
0.11265230769230769
0.1287156923076923
0.12120553846153845
0.0892873846153846
0.04422646153846154
-0.007510153846153846
-0.058412307692307694
-0.10827138461538462
-0.15416676923076922
-0.17690584615384616
-0.16626646153846153
-0.12913292307692306
-0.06446215384615385
0.006049846153846154
0.07030338461538461
0.12391753846153845
0.1597993846153846
0.17690584615384616
0.17377661538461536
0.14686523076923075
0.084072
0.01397723076923077
-0.05090215384615384
-0.10848000000000001
-0.14457046153846154
-0.16730953846153845
-0.15813046153846153
-0.119328
-0.07092923076923077
-0.011682461538461537
0.040679999999999994
0.08344615384615384
0.11557292307692307
0.12704676923076924
0.12600369230769232
0.10389046153846154
0.06487938461538462
0.017315076923076923
-0.027745846153846152
-0.051528
-0.06341907692307691
-0.06028984615384615
-0.041514461538461535
-0.017940923076923077
0.019192615384615384
0.06258461538461538
0.10201292307692307
0.12913292307692306
0.12350030769230769
0.09784061538461537
0.06946892307692307
0.0448523076923077
0.024408000000000003
0.0022947692307692304
-0.012516923076923077
-0.014185846153846153
-0.003963692307692307
0.017523692307692306
0.0446436923076923
0.05486584615384615
0.037342153846153844
0.0025033846153846152
-0.03984553846153846
-0.078648
-0.10952307692307692
-0.12454338461538461
-0.12579507692307693
-0.09325107692307691
-0.021904615384615383
0.06717415384615384
0.1656406153846154
0.24074215384615386
0.2862203076923077
0.30666461538461537
0.2937304615384615
0.2453316923076923
0.15771323076923077
0.03901107692307692
-0.08574092307692306
-0.19046584615384615
-0.25242461538461536
-0.2582658461538461
-0.2138307692307692
-0.13267938461538462
-0.016897846153846156
0.12704676923076924
0.2647329230769231
0.3669544615384615
0.4113895384615384
0.3844781538461538
0.2981113846153846
0.16292861538461537
-0.0033378461538461535
-0.17711446153846155
-0.33670523076923076
-0.45040061538461534
-0.5117335384615385
-0.4958787692307692
-0.40575692307692307
-0.2705741538461538
-0.0988836923076923
0.08073415384615384
0.25012984615384615
0.3740473846153846
0.4282873846153846
0.4090947692307692
0.3114627692307692
0.16167692307692308
-0.017940923076923077
-0.19547261538461536
-0.3314898461538462
-0.42035999999999996
-0.4516523076923077
-0.39908123076923074
-0.2776670769230769
-0.10722830769230769
0.08135999999999999
0.23928184615384615
0.35923569230769226
0.4297476923076923
0.443724923076923
0.3988726153846154
0.29602523076923076
0.16063384615384615
0.021070153846153846
-0.09596307692307693
-0.1760713846153846
-0.21362215384615382
-0.21988061538461537
-0.1992276923076923
-0.14269292307692305
-0.06759138461538462
0.005841230769230769
0.06738276923076922
0.09784061538461537
0.09846646153846153
0.084072
0.05590892307692308
0.024408000000000003
-0.010013538461538461
-0.04693846153846153
-0.07051199999999999
-0.08219446153846154
-0.07969107692307692
-0.06675692307692307
-0.06905169230769231
-0.0855323076923077
-0.10931446153846153
-0.1356
-0.14916
-0.16271999999999998
-0.1693956923076923
-0.15479261538461536
-0.10722830769230769
-0.022530461538461537
0.08302892307692307
0.18504184615384617
0.2591003076923077
0.306456
0.31646953846153847
0.28809784615384615
0.22029784615384615
0.11035753846153845
-0.028788923076923077
-0.1696043076923077
-0.2776670769230769
-0.34504984615384615
-0.35986153846153845
-0.32377107692307694
-0.23844738461538462
-0.10660246153846153
0.05716061538461538
0.22947692307692308
0.3744646153846154
0.46667261538461535
0.49379261538461533
0.45916246153846146
0.3669544615384615
0.23531815384615382
0.07510153846153846
-0.10806276923076923
-0.2734947692307692
-0.3924055384615385
-0.44330769230769224
-0.4214030769230769
-0.3373310769230769
-0.2140393846153846
-0.07134646153846153
0.08344615384615384
0.22822523076923076
0.34358953846153845
0.3863556923076923
0.3604873846153846
0.28476
0.17732307692307692
0.06425353846153846
-0.056951999999999996
-0.15938215384615384
-0.23656984615384613
-0.27328615384615385
-0.26306399999999996
-0.22321846153846153
-0.16334584615384617
-0.0961716923076923
-0.02315630769230769
0.046104
0.10681107692307691
0.1531236923076923
0.18170399999999998
0.18942276923076923
0.1785747692307692
0.15813046153846153
0.13080184615384613
0.10764553846153846
0.07656184615384615
0.04526953846153846
0.022530461538461537
0.007510153846153846
0.006049846153846154
0.003755076923076923
-0.0033378461538461535
-0.013768615384615384
-0.034630153846153845
-0.04547815384615384
-0.05382276923076923
-0.06884307692307692
-0.08574092307692306
-0.11703323076923078
-0.12016246153846154
-0.12120553846153845
-0.12308307692307692
-0.1449876923076923
-0.1706473846153846
-0.16897846153846155
-0.13789476923076924
-0.05069353846153846
0.0961716923076923
0.2822566153846154
0.3652855384615385
0.4929581538461539
0.6104086153846153
0.6836326153846153
0.743088
0.6024812307692308
0.4007501538461538
0.06905169230769231
-0.27182584615384614
-0.5778646153846153
-0.9398123076923076
-1.1690806153846154
-1.3242904615384616
-1.2575335384615385
-0.9648461538461538
-0.5376018461538461
0.05236246153846154
0.5728578461538462
1.0480836923076924
1.4248430769230769
1.5852683076923075
1.5694135384615384
1.2646264615384615
0.7758406153846154
0.2154996923076923
-0.4391353846153846
-0.9596307692307692
-1.3351384615384614
-1.5623206153846152
-1.5389556923076924
-1.3839544615384616
-1.0182516923076923
-0.5298830769230769
0.0006258461538461538
0.5809938461538461
1.0313944615384616
1.3603809230769228
1.5233095384615383
1.4884707692307693
1.3042633846153846
0.9078941538461538
0.38572984615384615
-0.1846246153846154
-0.7374553846153846
-1.1459243076923076
-1.4415323076923074
-1.5721255384615382
-1.5070375384615384
-1.2927895384615384
-0.8999667692307691
-0.41681353846153846
0.07843938461538462
0.5797421538461539
0.9873766153846154
1.2944584615384616
1.4865932307692307
1.4853415384615385
1.3255421538461538
0.9932178461538462
0.5509532307692308
0.06300184615384616
-0.4485230769230769
-0.8941255384615384
-1.2496061538461538
-1.4557181538461539
-1.4953550769230768
-1.3703944615384613
-1.0328547692307692
-0.554916923076923
0.013142769230769229
0.6193790769230769
1.1599015384615383
1.601123076923077
1.848123692307692
1.8618923076923075
1.6601612307692306
1.2270756923076922
0.6684036923076923
0.05027630769230769
-0.5812024615384616
-1.1304867692307692
-1.5535587692307693
-1.7796978461538462
-1.778028923076923
-1.5579396923076922
-1.1436295384615385
-0.5930935384615384
0.052153846153846155
0.7082492307692307
1.2652523076923077
1.6653766153846155
1.843742769230769
1.7861649230769232
1.526438769230769
1.0612264615384615
0.4950443076923077
-0.10660246153846153
-0.6984443076923077
-1.1717926153846152
-1.5103753846153845
-1.6518166153846152
-1.5798443076923074
-1.3359729230769228
-0.9252092307692307
-0.42411507692307693
0.11327815384615383
0.627515076923077
1.0449544615384614
1.3449433846153847
1.476996923076923
1.4246344615384614
1.2062141538461537
0.8388424615384614
0.39407446153846154
-0.08094276923076923
-0.5221643076923077
-0.8695089230769231
-1.1169267692307692
-1.2256153846153846
-1.187438769230769
-1.0249273846153846
-0.7503895384615384
-0.40513107692307687
-0.026285538461538457
0.34943076923076927
0.6585987692307692
0.8818172307692307
1.0003107692307691
1.0011452307692308
0.8968375384615385
0.6838412307692308
0.40346215384615386
0.09095630769230768
-0.21508246153846153
-0.4873255384615384
-0.7259815384615385
-0.8905790769230769
-0.9671409230769231
-0.9414812307692307
-0.8058812307692308
-0.5999778461538462
-0.3419206153846154
-0.05027630769230769
0.2478350769230769
0.5355156923076922
0.7595686153846154
0.8897446153846154
0.9256264615384615
0.8557403076923077
0.709500923076923
0.5010941538461539
0.24428861538461538
-0.03212676923076923
-0.30249230769230767
-0.5209126153846153
-0.6621452307692308
-0.7174283076923077
-0.6782086153846154
-0.5605495384615384
-0.3757163076923077
-0.14728246153846153
0.0961716923076923
0.344424
0.5503273846153846
0.695940923076923
0.7587341538461538
0.7330744615384615
0.6558867692307692
0.5131938461538461
0.32377107692307694
0.11035753846153845
-0.09575446153846154
-0.260352
-0.37300430769230764
-0.4303735384615384
-0.4524867692307692
-0.4405956923076923
-0.3907366153846154
-0.301032
-0.17440246153846153
-0.030875076923076922
0.08949599999999999
0.1869193846153846
0.2620209230769231
0.31125415384615385
0.3467187692307692
0.33482769230769227
0.2931046153846154
0.23364923076923078
0.1504116923076923
0.07280676923076923
-0.011056615384615385
-0.09867507692307692
-0.18086953846153844
-0.25534523076923077
-0.2951907692307692
-0.2981113846153846
-0.26118646153846153
-0.19463815384615382
-0.1151556923076923
-0.011473846153846154
0.11494707692307692
0.24908676923076922
0.3675803076923077
0.4408043076923077
0.45269538461538456
0.40283630769230766
0.3127144615384615
0.1992276923076923
0.059664
-0.09825784615384614
-0.2572227692307692
-0.38280923076923074
-0.4456024615384615
-0.4514436923076923
-0.40742584615384614
-0.32314523076923074
-0.20319138461538463
-0.04860738461538461
0.1207883076923077
0.27453784615384613
0.385104
0.43329415384615383
0.4253667692307692
0.36904061538461536
0.2751636923076923
0.15228923076923076
0.005215384615384615
-0.143736
-0.2799618461538461
-0.37300430769230764
-0.4080516923076923
-0.40992923076923077
-0.36549415384615386
-0.2780843076923077
-0.1693956923076923
-0.03963692307692308
0.08073415384615384
0.17648861538461538
0.23844738461538462
0.25951753846153847
0.25242461538461536
0.21529107692307692
0.157296
0.08720123076923077
-0.0002086153846153846
-0.10117846153846152
-0.18921415384615384
-0.24720923076923076
-0.28204799999999997
-0.3049956923076923
-0.31000246153846156
-0.2853858461538461
-0.23072861538461537
-0.1558356923076923
-0.07259815384615384
0.0012516923076923076
0.056951999999999996
0.10326461538461539
0.13601723076923075
0.1504116923076923
0.13747753846153846
0.09137353846153846
0.027120000000000002
-0.03755076923076923
-0.09095630769230768
-0.13393107692307693
-0.16772676923076923
-0.18358153846153846
-0.1802436923076923
-0.1506203076923077
-0.10201292307692307
-0.037342153846153844
0.03963692307692308
0.10368184615384615
0.15333230769230768
0.18212123076923076
0.1881710769230769
0.1635544615384615
0.10722830769230769
0.04172307692307692
-0.007927384615384614
-0.042348923076923076
-0.06008123076923077
-0.05027630769230769
-0.027328615384615382
0.007510153846153846
0.04672984615384615
0.09596307692307693
0.14519630769230768
0.1704387692307692
0.16501476923076921
0.138312
0.10138707692307691
0.05528307692307692
0.007301538461538462
-0.038176615384615385
-0.06258461538461538
-0.06633969230769231
-0.05590892307692308
-0.03504738461538461
0.0035464615384615383
0.051528
0.09909230769230769
0.14582215384615385
0.1804523076923077
0.20694646153846152
0.20715507692307691
0.1860849230769231
0.14331876923076922
0.07405846153846153
-0.006884307692307692
-0.09179076923076923
-0.16772676923076923
-0.22154953846153846
-0.24574892307692306
-0.23844738461538462
-0.19380369230769232
-0.12350030769230769
-0.03129230769230769
0.07656184615384615
0.18337292307692307
0.27871015384615383
0.3379569230769231
0.35235138461538457
0.317304
0.2357353846153846
0.12120553846153845
-0.011473846153846154
-0.15166338461538462
-0.2845513846153846
-0.38948492307692306
-0.4558246153846154
-0.46083138461538464
-0.4078430769230769
-0.29748553846153847
-0.1424843076923077
0.03483876923076923
0.22697353846153845
0.39282276923076925
0.5144455384615384
0.5743181538461538
0.5480326153846153
0.4489403076923077
0.2906012307692308
0.08636676923076922
-0.13372246153846154
-0.35276861538461535
-0.5424
-0.6675692307692307
-0.7055372307692307
-0.644412923076923
-0.5061009230769231
-0.3141747692307692
-0.0961716923076923
0.12621230769230768
0.33607938461538456
0.49546153846153845
0.580368
0.5812024615384616
0.5013027692307692
0.37029230769230764
0.19964492307692308
0.004798153846153846
-0.1867107692307692
-0.3594443076923077
-0.48064984615384615
-0.5298830769230769
-0.5138196923076923
-0.4318338461538461
-0.31083692307692307
-0.1693956923076923
-0.010013538461538461
0.14749107692307692
0.2849686153846154
0.3811403076923077
0.4239064615384615
0.41660492307692304
0.3652855384615385
0.2749550769230769
0.15750461538461538
0.016063384615384615
-0.127464
-0.24512307692307692
-0.32314523076923074
-0.35256
-0.3456756923076923
-0.3016578461538461
-0.23072861538461537
-0.138312
-0.011265230769230769
0.12683815384615382
0.2532590769230769
0.3467187692307692
0.3917796923076923
0.4047138461538461
0.38531261538461536
0.3304467692307692
0.241368
0.12245723076923076
-0.00855323076923077
-0.12704676923076924
-0.21904615384615383
-0.28017046153846153
-0.30937661538461536
-0.3012406153846154
-0.24658338461538462
-0.14603076923076924
-0.01043076923076923
0.12767261538461538
0.24032492307692307
0.31125415384615385
0.35610646153846154
0.3767593846153846
0.3588184615384616
0.30374399999999996
0.20486030769230767
0.09512861538461538
-0.006049846153846154
-0.08386338461538462
-0.12329169230769231
-0.13706030769230768
-0.12537784615384615
-0.08636676923076922
-0.023990769230769232
0.047772923076923074
0.10889723076923077
0.14018953846153845
0.14436184615384615
0.13080184615384613
0.11494707692307692
0.10994030769230768
0.10326461538461539
0.08386338461538462
0.055491692307692304
0.037342153846153844
0.03713353846153846
0.05194523076923077
0.06425353846153846
0.05570030769230769
0.01814953846153846
-0.028788923076923077
-0.059664
-0.08177723076923075
-0.10076123076923077
-0.116616
-0.11619876923076923
-0.09721476923076922
-0.06154153846153846
-0.04714707692307692
-0.04756430769230769
-0.029832
-0.003963692307692307
0.042557538461538466
0.08574092307692306
0.103056
0.11724184615384614
0.12558646153846154
0.1639716923076923
0.2586830769230769
0.25054707692307693
0.13121907692307694
0.03942830769230769
-0.07656184615384615
-0.08636676923076922
-0.08177723076923075
-0.2369870769230769
-0.30708184615384615
-0.368832
-0.2926873846153846
-0.127464
-0.061124307692307686
0.02795446153846154
0.008136
0.10076123076923077
0.22864246153846152
0.2853858461538461
0.3127144615384615
0.12579507692307693
0.006675692307692307
-0.10493353846153847
-0.21612553846153845
-0.21195323076923075
-0.314592
-0.3039526153846154
-0.26869661538461537
-0.26076923076923075
-0.06341907692307691
0.058412307692307694
0.1913003076923077
0.33357600000000004
0.3035353846153846
0.35256
0.3577753846153846
0.3377483076923077
0.35986153846153845
0.2209236923076923
0.0963803076923077
-0.028788923076923077
-0.1028473846153846
-0.07969107692307692
-0.13914646153846155
-0.18796246153846152
-0.2292683076923077
-0.21299630769230768
-0.06863446153846153
0.017940923076923077
0.07280676923076923
0.09825784615384614
0.08615815384615384
0.17544553846153846
0.21779446153846155
0.21883753846153844
0.22447015384615385
0.14206707692307693
0.09596307692307693
0.05277969230769231
-0.03984553846153846
-0.11557292307692307
-0.24679199999999998
-0.36027876923076924
-0.39052800000000004
-0.38760738461538463
-0.3137575384615385
-0.20131384615384615
-0.05611753846153846
0.09137353846153846
0.23803015384615384
0.38572984615384615
0.4554073846153846
0.4825273846153846
0.4145187692307692
0.27328615384615385
0.15771323076923077
0.01272553846153846
-0.11578153846153846
-0.22718215384615387
-0.34463261538461537
-0.3682061538461538
-0.3350363076923077
-0.26222953846153846
-0.14978584615384616
-0.05653476923076922
0.07092923076923077
0.19651569230769228
0.27412061538461535
0.30061476923076924
0.25471938461538457
0.19568123076923075
0.10681107692307691
0.007301538461538462
-0.08386338461538462
-0.2008966153846154
-0.2526332307692308
-0.2618123076923077
-0.24574892307692306
-0.15541846153846153
-0.07760492307692309
0.010848
0.10639384615384614
0.1356
0.168144
0.1860849230769231
0.1666836923076923
0.1356
0.06154153846153846
0.0002086153846153846
-0.03400430769230769
-0.03921969230769231
-0.005841230769230769
0.029414769230769227
0.07468430769230769
0.09658892307692307
0.12308307692307692
0.16063384615384615
0.14582215384615385
0.103056
0.012934153846153845
-0.08991323076923076
-0.14290153846153844
-0.1829556923076923
-0.1881710769230769
-0.17690584615384616
-0.17294215384615383
-0.10743692307692307
-0.0006258461538461538
0.0961716923076923
0.16084246153846155
0.15646153846153846
0.12579507692307693
0.08428061538461538
0.02023569230769231
-0.04693846153846153
-0.1424843076923077
-0.2290596923076923
-0.2897667692307692
-0.3187643076923077
-0.29227015384615385
-0.24574892307692306
-0.16605784615384614
-0.07948246153846153
-0.021278769230769233
0.04109723076923077
0.08386338461538462
0.10618523076923077
0.11473846153846154
0.06049846153846154
-0.0070929230769230765
-0.06654830769230768
-0.11286092307692308
-0.10681107692307691
-0.11160923076923077
-0.12099692307692309
-0.11035753846153845
-0.08949599999999999
-0.04214030769230769
-0.016272
-0.013768615384615384
-0.03442153846153846
-0.06362769230769232
-0.061750153846153844
-0.05820369230769231
-0.04547815384615384
-0.028163076923076923
-0.010013538461538461
0.03984553846153846
0.09950953846153845
0.1639716923076923
0.2273907692307692
0.25847446153846154
0.2659846153846154
0.23364923076923078
0.1704387692307692
0.111192
0.03838523076923077
-0.042557538461538466
-0.1218313846153846
-0.18212123076923076
-0.18921415384615384
-0.1489513846153846
-0.06321046153846153
0.03567323076923076
0.11599015384615384
0.18900553846153845
0.24282830769230768
0.2789187692307692
0.2647329230769231
0.1842073846153846
0.0855323076923077
-0.03212676923076923
-0.14665661538461539
-0.22593046153846155
-0.29352184615384613
-0.31542646153846154
-0.2872633846153846
-0.22634769230769228
-0.11724184615384614
-0.0022947692307692304
0.103056
0.18963138461538462
0.233232
0.24074215384615386
0.21091015384615383
0.15416676923076922
0.07969107692307692
0.006258461538461538
-0.059664
-0.11452984615384615
-0.1358086153846154
-0.12537784615384615
-0.08365476923076923
-0.021696
0.03880246153846154
0.09179076923076923
0.14311015384615386
0.1829556923076923
0.20027076923076922
0.18379015384615385
0.1356
0.09053907692307692
0.042348923076923076
-0.0018775384615384615
-0.03483876923076923
-0.059664
-0.06696553846153847
-0.05674338461538461
-0.021696
0.02482523076923077
0.07510153846153846
0.10931446153846153
0.11348676923076922
0.08887015384615385
0.04714707692307692
0.007301538461538462
-0.023364923076923075
-0.040054153846153843
-0.05653476923076922
-0.04839876923076923
-0.019609846153846155
0.025659692307692307
0.09116492307692307
0.14957723076923077
0.19651569230769228
0.21862892307692305
0.22488738461538463
0.22488738461538463
0.19839323076923077
0.146448
0.08094276923076923
0.013351384615384614
-0.03567323076923076
-0.06759138461538462
-0.0897046153846154
-0.09304246153846155
-0.08135999999999999
-0.05048492307692308
-0.0022947692307692304
0.04631261538461538
0.08824430769230769
0.1097316923076923
0.10827138461538462
0.08991323076923076
0.06195876923076923
0.03296123076923077
0.0070929230769230765
-0.018358153846153843
-0.04985907692307692
-0.07113784615384615
-0.08094276923076923
-0.0892873846153846
-0.09012184615384615
-0.0880356923076923
-0.07802215384615384
-0.047981538461538464
-0.013768615384615384
0.014185846153846153
0.030040615384615384
0.03108369230769231
0.037967999999999995
0.04819015384615385
0.06049846153846154
0.06446215384615385
0.04756430769230769
0.019609846153846155
-0.020652923076923076
-0.06028984615384615
-0.09241661538461539
-0.12934153846153845
-0.1635544615384615
-0.18149538461538461
-0.1792006153846154
-0.15166338461538462
-0.1097316923076923
-0.065088
-0.023782153846153845
0.014394461538461538
0.059664
0.100344
0.11953661538461538
0.10952307692307692
0.07197230769230768
0.021696
-0.03504738461538461
-0.0892873846153846
-0.13351384615384615
-0.1712732307692308
-0.1802436923076923
-0.1462393846153846
-0.07572738461538461
0.018775384615384614
0.10848000000000001
0.184416
0.24303692307692307
0.28267384615384616
0.2981113846153846
0.27620676923076926
0.2138307692307692
0.12558646153846154
0.040262769230769234
-0.026911384615384615
-0.07280676923076923
-0.10013538461538461
-0.10889723076923077
-0.10055261538461538
-0.08010830769230769
-0.047772923076923074
-0.005632615384615384
0.03275261538461539
0.04672984615384615
0.044435076923076924
0.042348923076923076
0.029623384615384614
0.00855323076923077
-0.015646153846153844
-0.03629907692307692
-0.037967999999999995
-0.024199384615384616
0.002086153846153846
0.02795446153846154
0.03233538461538461
0.02086153846153846
0.003755076923076923
-0.015854769230769228
-0.024199384615384616
-0.03775938461538462
-0.06404492307692307
-0.073224
-0.06258461538461538
-0.03045784615384615
0.01981846153846154
0.065088
0.0974233846153846
0.127464
0.1570873846153846
0.16605784615384614
0.1612596923076923
0.12642092307692307
0.06258461538461538
-0.0004172307692307692
-0.058829538461538454
-0.09763200000000001
-0.13101046153846155
-0.1585476923076923
-0.1693956923076923
-0.15687876923076924
-0.10263876923076923
-0.024408000000000003
0.05069353846153846
0.11140061538461538
0.15082892307692305
0.16647507692307692
0.1506203076923077
0.10743692307692307
0.04547815384615384
-0.03483876923076923
-0.103056
-0.14290153846153844
-0.14331876923076922
-0.10243015384615384
-0.053405538461538456
0.0025033846153846152
0.07197230769230768
0.13080184615384613
0.1712732307692308
0.18399876923076922
0.15416676923076922
0.10138707692307691
0.044435076923076924
-0.001043076923076923
-0.021278769230769233
-0.03942830769230769
-0.06258461538461538
-0.07551876923076924
-0.06759138461538462
-0.03942830769230769
-0.012099692307692308
0.0025033846153846152
-0.0008344615384615384
-0.010013538461538461
-0.01272553846153846
-0.013351384615384614
-0.013560000000000001
-0.018775384615384614
-0.03129230769230769
-0.04714707692307692
-0.04839876923076923
-0.03942830769230769
-0.029623384615384614
-0.02357353846153846
-0.023782153846153845
-0.016897846153846156
-0.005841230769230769
0.015228923076923076
0.03692492307692308
0.04672984615384615
0.056326153846153845
0.059038153846153844
0.06821723076923077
0.08323753846153846
0.073224
0.04860738461538461
0.02023569230769231
-0.011891076923076923
-0.03609046153846154
-0.05674338461538461
-0.07802215384615384
-0.09304246153846155
-0.11014892307692307
-0.1097316923076923
-0.09116492307692307
-0.07405846153846153
-0.041514461538461535
-0.003129230769230769
0.04276615384615385
0.08323753846153846
0.10618523076923077
0.12433476923076923
0.11849353846153846
0.0963803076923077
0.06216738461538462
0.016897846153846156
-0.03024923076923077
-0.08240307692307691
-0.12016246153846154
-0.13372246153846154
-0.12558646153846154
-0.09763200000000001
-0.06341907692307691
-0.03588184615384615
-0.0006258461538461538
0.013142769230769229
0.029623384615384614
0.07238953846153846
0.11828492307692307
0.18399876923076922
0.2238443076923077
0.24574892307692306
0.2620209230769231
0.2620209230769231
0.24679199999999998
0.18086953846153844
0.0717636923076923
-0.04318338461538461
-0.14582215384615385
-0.18149538461538461
-0.23093723076923076
-0.2897667692307692
-0.29039261538461536
-0.2828824615384615
-0.18650215384615382
-0.09053907692307692
0.011891076923076923
0.10848000000000001
0.1435273846153846
0.22822523076923076
0.24679199999999998
0.2342750769230769
0.19714153846153845
0.09992676923076924
0.049233230769230765
-0.03921969230769231
-0.09784061538461537
-0.116616
-0.157296
-0.12391753846153845
-0.09137353846153846
-0.04130584615384615
0.03045784615384615
0.05236246153846154
0.1045163076923077
0.1178676923076923
0.09700615384615385
0.11849353846153846
0.116616
0.1476996923076923
0.1666836923076923
0.14707384615384617
0.13226215384615383
0.07051199999999999
0.022947692307692308
-0.02273907692307692
-0.0963803076923077
-0.1462393846153846
-0.18379015384615385
-0.17669723076923077
-0.12913292307692306
-0.09575446153846154
-0.045060923076923075
-0.003755076923076923
0.04568676923076923
0.12204
0.17377661538461536
0.23469230769230767
0.279336
0.30019753846153846
0.31041969230769234
0.2697396923076923
0.20486030769230767
0.11640738461538462
-0.0008344615384615384
-0.10722830769230769
-0.20965846153846154
-0.2734947692307692
-0.2776670769230769
-0.2436627692307692
-0.15395815384615386
-0.047772923076923074
0.06884307692307692
0.18149538461538461
0.2568055384615385
0.30186646153846153
0.28350830769230767
0.23385784615384617
0.16897846153846155
0.07155507692307693
-0.02795446153846154
-0.13935507692307691
-0.24053353846153847
-0.30562153846153844
-0.3502652307692307
-0.35235138461538457
-0.3210590769230769
-0.25930892307692305
-0.15270646153846154
-0.04568676923076923
0.05382276923076923
0.1353913846153846
0.18900553846153845
0.2342750769230769
0.23010276923076922
0.18858830769230767
0.12683815384615382
0.05236246153846154
0.0050067692307692304
-0.042557538461538466
-0.07739630769230768
-0.09074769230769231
-0.09554584615384615
-0.07301538461538462
-0.05236246153846154
-0.044435076923076924
-0.037342153846153844
-0.04672984615384615
-0.03692492307692308
-0.01043076923076923
0.007927384615384614
0.0448523076923077
0.06571384615384615
0.08657538461538461
0.10201292307692307
0.09241661538461539
0.08135999999999999
0.04756430769230769
0.015646153846153844
-0.01668923076923077
-0.04276615384615385
-0.050067692307692306
-0.06926030769230769
-0.07697907692307693
-0.06717415384615384
-0.054657230769230764
-0.012099692307692308
0.031918153846153846
0.06487938461538462
0.10535076923076922
0.12120553846153845
0.13038461538461538
0.1314276923076923
0.11202646153846153
0.08866153846153846
0.031709538461538456
-0.03838523076923077
-0.10597661538461538
-0.15500123076923078
-0.15750461538461538
-0.1489513846153846
-0.11557292307692307
-0.06195876923076923
-0.00855323076923077
0.059664
0.10222153846153846
0.11140061538461538
0.09679753846153846
0.05277969230769231
0.02482523076923077
-0.006258461538461538
-0.056951999999999996
-0.10055261538461538
-0.13643446153846153
-0.1489513846153846
-0.13872923076923074
-0.10430769230769231
-0.051528
-0.0002086153846153846
0.045060923076923075
0.0974233846153846
0.1435273846153846
0.16209415384615386
0.15604430769230768
0.12600369230769232
0.08615815384615384
0.04088861538461538
0.0033378461538461535
-0.026076923076923077
-0.042974769230769226
-0.041514461538461535
-0.030875076923076922
0.010013538461538461
0.06675692307692307
0.12788123076923075
0.17002153846153847
0.18149538461538461
0.18212123076923076
0.16188553846153847
0.12662953846153846
0.06529661538461538
-0.020652923076923076
-0.10660246153846153
-0.1779489230769231
-0.22196676923076922
-0.23761292307692305
-0.23281476923076924
-0.19985353846153847
-0.14394461538461537
-0.06717415384615384
0.03483876923076923
0.11828492307692307
0.18086953846153844
0.22154953846153846
0.22947692307692308
0.22196676923076922
0.18170399999999998
0.12245723076923076
0.06049846153846154
-0.009804923076923077
-0.06717415384615384
-0.10076123076923077
-0.11056615384615384
-0.10326461538461539
-0.09784061538461537
-0.08135999999999999
-0.04526953846153846
-0.008344615384615384
0.02044430769230769
0.035464615384615386
0.03504738461538461
0.02858030769230769
0.02899753846153846
0.042557538461538466
0.059872615384615385
0.06967753846153846
0.06529661538461538
0.06070707692307692
0.06279323076923077
0.054240000000000003
0.026285538461538457
-0.02482523076923077
-0.09387692307692307
-0.15917353846153848
-0.2059033846153846
-0.2292683076923077
-0.222384
-0.18858830769230767
-0.12350030769230769
-0.02482523076923077
0.08887015384615385
0.19526400000000002
0.265776
0.29039261538461536
0.26640184615384616
0.1994363076923077
0.10889723076923077
-0.010222153846153844
-0.14394461538461537
-0.2730775384615384
-0.3752990769230769
-0.4180652307692308
-0.40200184615384615
-0.3339932307692307
-0.22551323076923077
-0.09846646153846153
0.047772923076923074
0.19213476923076922
0.3016578461538461
0.3652855384615385
0.35986153846153845
0.29185292307692307
0.1712732307692308
0.016897846153846156
-0.13518276923076925
-0.2789187692307692
-0.39678646153846153
-0.46771569230769233
-0.4716793846153846
-0.40054153846153845
-0.2830910769230769
-0.12996738461538462
0.02795446153846154
0.16480615384615382
0.2791273846153846
0.3544375384615384
0.3815575384615385
0.3440067692307692
0.25513661538461535
0.1489513846153846
0.03963692307692308
-0.06300184615384616
-0.14457046153846154
-0.19818461538461538
-0.21466523076923077
-0.18921415384615384
-0.1316363076923077
-0.06028984615384615
0.008136
0.06759138461538462
0.10618523076923077
0.12788123076923075
0.13706030769230768
0.1314276923076923
0.11140061538461538
0.07426707692307692
0.037967999999999995
0.013768615384615384
-0.004798153846153846
-0.01668923076923077
-0.022947692307692308
-0.023782153846153845
-0.007927384615384614
0.016480615384615385
0.03609046153846154
0.050067692307692306
0.0448523076923077
0.02482523076923077
-0.0014603076923076922
-0.02315630769230769
-0.03901107692307692
-0.05194523076923077
-0.04860738461538461
-0.03504738461538461
0.0035464615384615383
0.056951999999999996
0.10994030769230768
0.15875630769230767
0.18316430769230768
0.19568123076923075
0.1881710769230769
0.16105107692307694
0.11745046153846153
0.059038153846153844
0.008970461538461538
-0.035255999999999996
-0.059038153846153844
-0.06279323076923077
-0.051319384615384614
-0.021904615384615383
0.016480615384615385
0.07551876923076924
0.1397723076923077
0.1829556923076923
0.1990190769230769
0.18399876923076922
0.15333230769230768
0.11432123076923076
0.07384984615384615
0.03379569230769231
0.0018775384615384615
-0.008344615384615384
-0.00855323076923077
0.006884307692307692
0.02211323076923077
0.019192615384615384
0.00855323076923077
-0.012516923076923077
-0.03108369230769231
-0.040262769230769234
-0.042557538461538466
-0.03275261538461539
-0.01668923076923077
0.0022947692307692304
0.02899753846153846
0.06049846153846154
0.08615815384615384
0.0961716923076923
0.08469784615384615
0.06905169230769231
0.051319384615384614
0.019609846153846155
-0.026702769230769228
-0.08344615384615384
-0.14185846153846154
-0.18274707692307693
-0.192552
-0.1733593846153846
-0.13247076923076923
-0.07677046153846154
0.006884307692307692
0.10827138461538462
0.2138307692307692
0.2970683076923077
0.3310726153846154
0.32606584615384615
0.2753723076923077
0.18754523076923074
0.08177723076923075
-0.043392
-0.16772676923076923
-0.2647329230769231
-0.31125415384615385
-0.2947735384615384
-0.2225926153846154
-0.10597661538461538
0.027328615384615382
0.16480615384615382
0.28392553846153845
0.36632861538461536
0.39970707692307694
0.360696
0.2591003076923077
0.1207883076923077
-0.02482523076923077
-0.15374953846153847
-0.25951753846153847
-0.327108923076923
-0.3342018461538461
-0.2832996923076923
-0.1783661538461538
-0.04318338461538461
0.08761846153846153
0.19964492307692308
0.2768326153846154
0.3170953846153846
0.30937661538461536
0.24679199999999998
0.14290153846153844
0.01710646153846154
-0.10368184615384615
-0.20110523076923076
-0.26118646153846153
-0.28434276923076923
-0.27704123076923076
-0.22989415384615383
-0.14519630769230768
-0.037342153846153844
0.07656184615384615
0.16897846153846155
0.22843384615384613
0.2426196923076923
0.21737723076923077
0.17231630769230769
0.10180430769230768
0.006675692307692307
-0.09491999999999999
-0.17648861538461538
-0.21988061538461537
-0.21842030769230766
-0.18650215384615382
-0.1368516923076923
-0.08198584615384615
-0.029623384615384614
0.02899753846153846
0.08448923076923077
0.10994030769230768
0.09763200000000001
0.06863446153846153
0.0448523076923077
0.028163076923076923
0.016063384615384615
0.0033378461538461535
-0.013768615384615384
-0.018983999999999997
-0.015646153846153844
0.003755076923076923
0.02545107692307692
0.02586830769230769
0.023990769230769232
0.020652923076923076
0.028163076923076923
0.04318338461538461
0.056951999999999996
0.07072061538461538
0.07238953846153846
0.07343261538461537
0.08782707692307692
0.10076123076923077
0.10535076923076922
0.07092923076923077
0.006467076923076923
-0.05799507692307692
-0.11619876923076923
-0.15249784615384615
-0.19985353846153847
-0.22447015384615385
-0.23052
-0.17377661538461536
-0.07405846153846153
0.12767261538461538
0.3214763076923077
0.30436984615384616
0.34651015384615386
0.33002953846153843
0.33607938461538456
0.32606584615384615
0.09429415384615383
-0.103056
-0.3734215384615384
-0.4716793846153846
-0.4376750769230769
-0.458328
-0.36674584615384614
-0.3373310769230769
-0.12579507692307693
0.17586276923076924
0.3994984615384615
0.6210479999999999
0.5778646153846153
0.5063095384615385
0.404088
0.20027076923076922
0.0771876923076923
-0.184416
-0.3882332307692308
-0.49003753846153847
-0.6341907692307692
-0.5380190769230769
-0.4076344615384615
-0.24741784615384615
-0.010013538461538461
0.09325107692307691
0.25930892307692305
0.3698750769230769
0.425784
0.5010941538461539
0.40200184615384615
0.2482523076923077
0.06905169230769231
-0.08198584615384615
-0.13372246153846154
-0.24720923076923076
-0.33587076923076925
-0.3744646153846154
-0.36319938461538465
-0.22029784615384615
-0.10409907692307692
-0.005424
0.09074769230769231
0.13247076923076923
0.222384
0.2670276923076923
0.23156307692307693
0.20339999999999997
0.11265230769230769
0.06592246153846154
0.062376
0.011265230769230769
-0.028371692307692306
-0.10952307692307692
-0.1666836923076923
-0.19755876923076923
-0.23782153846153845
-0.23636123076923077
-0.22718215384615387
-0.15687876923076924
-0.08448923076923077
-0.029832
0.08949599999999999
0.1704387692307692
0.23844738461538462
0.2799618461538461
0.2438713846153846
0.21028430769230766
0.12433476923076923
0.03129230769230769
-0.05444861538461539
-0.19755876923076923
-0.2912270769230769
-0.34317230769230767
-0.3684147692307692
-0.3588184615384616
-0.34296369230769225
-0.25701415384615384
-0.12162276923076921
0.017940923076923077
0.1341396923076923
0.2021483076923077
0.2705741538461538
0.3039526153846154
0.2601433846153846
0.17502830769230768
0.015646153846153844
-0.1504116923076923
-0.27140861538461536
-0.38343507692307693
-0.42077723076923074
-0.41076369230769233
-0.3600701538461538
-0.2290596923076923
-0.08949599999999999
0.07739630769230768
0.24574892307692306
0.3707095384615384
0.4577021538461538
0.4679243076923077
0.42995630769230764
0.33587076923076925
0.19985353846153847
0.07009476923076922
-0.06195876923076923
-0.16042523076923076
-0.21988061538461537
-0.23531815384615382
-0.17899199999999998
-0.10347323076923076
0.013351384615384614
0.15750461538461538
0.26681907692307694
0.3740473846153846
0.45269538461538456
0.4775206153846153
0.44330769230769224
0.34004307692307695
0.23093723076923076
0.12829846153846153
0.010639384615384617
-0.09825784615384614
-0.19985353846153847
-0.25972615384615383
-0.2699483076923077
-0.252216
-0.1927606153846154
-0.12642092307692307
-0.045060923076923075
0.026702769230769228
0.05590892307692308
0.09241661538461539
0.09846646153846153
0.10159569230769232
0.11098338461538461
0.06926030769230769
0.027120000000000002
-0.021904615384615383
-0.05111076923076923
-0.040262769230769234
-0.05736923076923077
-0.08699261538461538
-0.10994030769230768
-0.12308307692307692
-0.09763200000000001
-0.06300184615384616
-0.028788923076923077
0.004798153846153846
0.026911384615384615
0.06571384615384615
0.10117846153846152
0.12433476923076923
0.1341396923076923
0.10889723076923077
0.07551876923076924
0.03024923076923077
-0.020652923076923076
-0.052153846153846155
-0.08636676923076922
-0.10535076923076922
-0.12037107692307693
-0.12537784615384615
-0.08469784615384615
-0.027328615384615382
0.033169846153846154
0.07155507692307693
0.09450276923076922
0.13309661538461537
0.16689230769230767
0.1867107692307692
0.16897846153846155
0.09971815384615385
0.008136
-0.08344615384615384
-0.12662953846153846
-0.14957723076923077
-0.17732307692307692
-0.17565415384615385
-0.15771323076923077
-0.09262523076923077
-0.007510153846153846
0.061750153846153844
0.12266584615384615
0.14874276923076923
0.157296
0.15249784615384615
0.13706030769230768
0.10430769230769231
0.044435076923076924
-0.016897846153846156
-0.07802215384615384
-0.10409907692307692
-0.09053907692307692
-0.07280676923076923
-0.05173661538461538
-0.028788923076923077
0.0012516923076923076
0.05319692307692307
0.10347323076923076
0.13914646153846155
0.15750461538461538
0.14686523076923075
0.13601723076923075
0.12412615384615384
0.11432123076923076
0.10076123076923077
0.06529661538461538
0.029623384615384614
0.014603076923076923
0.03108369230769231
0.061124307692307686
0.0826116923076923
0.0828203076923077
0.07656184615384615
0.07468430769230769
0.07238953846153846
0.06613107692307692
0.03421292307692308
-0.02086153846153846
-0.08073415384615384
-0.10889723076923077
-0.10222153846153846
-0.08302892307692307
-0.05653476923076922
-0.03629907692307692
-0.011473846153846154
0.01981846153846154
0.03504738461538461
0.030875076923076922
-0.0014603076923076922
-0.05486584615384615
-0.103056
-0.14018953846153845
-0.16167692307692308
-0.1656406153846154
-0.16021661538461537
-0.14686523076923075
-0.11995384615384615
-0.06967753846153846
-0.005215384615384615
0.05319692307692307
0.09679753846153846
0.11953661538461538
0.13643446153846153
0.14561353846153846
0.13518276923076925
0.11098338461538461
0.06633969230769231
0.016272
-0.021696
-0.059664
-0.09158215384615384
-0.1205796923076923
-0.13226215384615383
-0.0988836923076923
-0.04130584615384615
0.03337846153846154
0.10389046153846154
0.15687876923076924
0.20778092307692309
0.23344061538461539
0.2355267692307692
0.21487384615384614
0.1476996923076923
0.05611753846153846
-0.042348923076923076
-0.13455692307692307
-0.19672430769230767
-0.2355267692307692
-0.24992123076923078
-0.2261390769230769
-0.16897846153846155
-0.08052553846153847
0.021904615384615383
0.11724184615384614
0.19317784615384614
0.23448369230769228
0.2574313846153846
0.25513661538461535
0.21675138461538462
0.14123261538461537
0.03650769230769231
-0.07051199999999999
-0.1656406153846154
-0.21508246153846153
-0.2238443076923077
-0.20402584615384614
-0.14123261538461537
-0.059038153846153844
0.04214030769230769
0.14686523076923075
0.22405292307692307
0.2703655384615385
0.26097784615384617
0.21633415384615384
0.16105107692307694
0.08240307692307691
-0.005841230769230769
-0.09304246153846155
-0.14832553846153845
-0.14999446153846155
-0.10681107692307691
-0.02524246153846154
0.06425353846153846
0.14081538461538462
0.19714153846153845
0.22300984615384614
0.21904615384615383
0.17711446153846155
0.10430769230769231
0.027745846153846152
-0.03942830769230769
-0.07614461538461538
-0.08720123076923077
-0.08594953846153845
-0.06279323076923077
-0.027745846153846152
0.01043076923076923
0.05069353846153846
0.0771876923076923
0.07551876923076924
0.04860738461538461
-0.0014603076923076922
-0.05444861538461539
-0.0988836923076923
-0.1341396923076923
-0.1543753846153846
-0.16334584615384617
-0.15562707692307692
-0.11953661538461538
-0.05611753846153846
0.008136
0.054240000000000003
0.0771876923076923
0.08135999999999999
0.06738276923076922
0.03358707692307692
-0.018983999999999997
-0.08490646153846154
-0.14540492307692307
-0.1779489230769231
-0.16772676923076923
-0.1341396923076923
-0.09387692307692307
-0.042348923076923076
0.01397723076923077
0.07510153846153846
0.13455692307692307
0.1718990769230769
0.17690584615384616
0.15813046153846153
0.12433476923076923
0.07656184615384615
0.017732307692307693
-0.05590892307692308
-0.12308307692307692
-0.17294215384615383
-0.1869193846153846
-0.15792184615384616
-0.10722830769230769
-0.04214030769230769
0.019609846153846155
0.07635323076923077
0.11870215384615385
0.1353913846153846
0.11703323076923078
0.06529661538461538
-0.004798153846153846
-0.0826116923076923
-0.14039815384615384
-0.17315076923076922
-0.18775384615384613
-0.18337292307692307
-0.16710092307692306
-0.12579507692307693
-0.054240000000000003
0.02273907692307692
0.08323753846153846
0.12454338461538461
0.15208061538461537
0.17002153846153847
0.1760713846153846
0.1585476923076923
0.11286092307692308
0.04672984615384615
-0.018358153846153843
-0.061124307692307686
-0.07739630769230768
-0.07802215384615384
-0.06633969230769231
-0.05236246153846154
-0.03066646153846154
0.005215384615384615
0.04047138461538462
0.06988615384615385
0.0798996923076923
0.0798996923076923
0.07238953846153846
0.06571384615384615
0.06800861538461538
0.06154153846153846
0.053405538461538456
0.04568676923076923
0.03567323076923076
0.027745846153846152
0.015437538461538461
-0.002712
-0.03400430769230769
-0.07301538461538462
-0.09950953846153845
-0.1151556923076923
-0.11870215384615385
-0.11494707692307692
-0.10076123076923077
-0.06216738461538462
0.0025033846153846152
0.08010830769230769
0.15416676923076922
0.2157083076923077
0.25367630769230765
0.2626467692307692
0.24470584615384613
0.18942276923076923
0.09992676923076924
-0.0014603076923076922
-0.09763200000000001
-0.1696043076923077
-0.21529107692307692
-0.22676492307692306
-0.20277415384615383
-0.1462393846153846
-0.05486584615384615
0.04631261538461538
0.14164984615384615
0.21111876923076925
0.2492953846153846
0.25346769230769234
0.2275993846153846
0.19004861538461537
0.11953661538461538
0.03400430769230769
-0.06008123076923077
-0.15896492307692306
-0.20840676923076923
-0.24637476923076923
-0.2559710769230769
-0.21883753846153844
-0.17002153846153847
-0.05319692307692307
0.05674338461538461
0.24428861538461538
0.4109723076923077
0.4017932307692308
0.4303735384615384
0.3673716923076923
0.27704123076923076
0.165432
-0.07405846153846153
-0.2891409230769231
-0.5284227692307693
-0.6120775384615385
-0.5795335384615384
-0.5319692307692307
-0.4184824615384615
-0.32898646153846156
-0.11181784615384616
0.14999446153846155
0.3740473846153846
0.5544996923076924
0.5275883076923077
0.4378836923076923
0.31855569230769226
0.14311015384615386
-0.004589538461538461
-0.21821169230769227
-0.3942830769230769
-0.4823187692307692
-0.554916923076923
-0.46625538461538457
-0.3062473846153846
-0.14582215384615385
0.052571076923076915
0.18963138461538462
0.3077076923076923
0.37008369230769234
0.3646596923076923
0.34338092307692303
0.24574892307692306
0.11202646153846153
-0.009804923076923077
-0.07948246153846153
-0.08323753846153846
-0.11035753846153845
-0.14144123076923076
-0.157296
-0.15374953846153847
-0.0826116923076923
-0.024616615384615383
0.011265230769230769
0.05528307692307692
0.07280676923076923
0.12037107692307693
0.16000799999999998
0.1504116923076923
0.1476996923076923
0.11494707692307692
0.10409907692307692
0.12329169230769231
0.11557292307692307
0.1045163076923077
0.056951999999999996
0.0018775384615384615
-0.054240000000000003
-0.111192
-0.15667015384615385
-0.19755876923076923
-0.18629353846153843
-0.14477907692307693
-0.06717415384615384
0.06550523076923077
0.1927606153846154
0.309168
0.4047138461538461
0.4389267692307692
0.4222375384615385
0.3373310769230769
0.20423446153846153
0.05403138461538461
-0.11578153846153846
-0.24595753846153845
-0.3179298461538461
-0.35005661538461535
-0.33962584615384617
-0.2751636923076923
-0.14978584615384616
0.025033846153846153
0.1908830769230769
0.3062473846153846
0.37300430769230764
0.3972036923076923
0.38280923076923074
0.3008233846153846
0.1704387692307692
-0.011265230769230769
-0.20152246153846154
-0.3160523076923077
-0.3746732307692308
-0.3573581538461538
-0.2883064615384615
-0.19505538461538463
-0.04693846153846153
0.1136953846153846
0.26619323076923074
0.401376
0.46583815384615385
0.4456024615384615
0.35193415384615384
0.2154996923076923
0.07092923076923077
-0.06759138461538462
-0.17523692307692307
-0.2509643076923077
-0.27182584615384614
-0.23448369230769228
-0.1558356923076923
-0.04214030769230769
0.07051199999999999
0.1691870769230769
0.2478350769230769
0.27704123076923076
0.27599815384615384
0.2517987692307692
0.16209415384615386
0.046104
-0.07760492307692309
-0.1733593846153846
-0.20506892307692307
-0.21654276923076923
-0.19755876923076923
-0.1656406153846154
-0.11870215384615385
-0.042974769230769226
0.02858030769230769
0.08720123076923077
0.0963803076923077
0.06863446153846153
0.022947692307692308
-0.049233230769230765
-0.10681107692307691
-0.1635544615384615
-0.20444307692307692
-0.19609846153846153
-0.17628
-0.12037107692307693
-0.04547815384615384
0.018983999999999997
0.08344615384615384
0.10138707692307691
0.09033046153846153
0.06863446153846153
0.023990769230769232
-0.024616615384615383
-0.08115138461538463
-0.12850707692307692
-0.16021661538461537
-0.16981292307692308
-0.13601723076923075
-0.086784
-0.029206153846153847
0.028371692307692306
0.065088
0.09158215384615384
0.09053907692307692
0.07009476923076922
0.05048492307692308
0.02232184615384615
-0.0012516923076923076
-0.029414769230769227
-0.05757784615384615
-0.06467076923076923
-0.06154153846153846
-0.047772923076923074
-0.026494153846153844
-0.006884307692307692
0.02023569230769231
0.056326153846153845
0.08386338461538462
0.08907876923076924
0.06633969230769231
0.026702769230769228
-0.011891076923076923
-0.03129230769230769
-0.0446436923076923
-0.06717415384615384
-0.07092923076923077
-0.07030338461538461
-0.05319692307692307
-0.013768615384615384
0.01710646153846154
0.055491692307692304
0.08156861538461539
0.08720123076923077
0.0853236923076923
0.07030338461538461
0.05757784615384615
0.04380923076923077
0.027328615384615382
0.02044430769230769
0.026494153846153844
0.049233230769230765
0.08344615384615384
0.12120553846153845
0.15145476923076923
0.1777403076923077
0.19964492307692308
0.20193969230769232
0.18900553846153845
0.14311015384615386
0.0609156923076923
-0.019609846153846155
-0.08094276923076923
-0.1045163076923077
-0.09533723076923077
-0.07677046153846154
-0.03838523076923077
0.02795446153846154
0.10806276923076923
0.1829556923076923
0.23218892307692307
0.23615261538461538
0.20339999999999997
0.14269292307692305
0.05799507692307692
-0.040054153846153843
-0.143736
-0.24282830769230768
-0.31667815384615383
-0.3344104615384615
-0.30749907692307693
-0.24303692307692307
-0.154584
-0.06884307692307692
0.01940123076923077
0.09909230769230769
0.16772676923076923
0.20339999999999997
0.19672430769230767
0.14916
0.06571384615384615
-0.026494153846153844
-0.11223507692307692
-0.18170399999999998
-0.23490092307692306
-0.25555384615384613
-0.23928184615384615
-0.18232984615384615
-0.10159569230769232
-0.017732307692307693
0.055491692307692304
0.100344
0.13309661538461537
0.1368516923076923
0.11995384615384615
0.08010830769230769
0.009179076923076922
-0.05382276923076923
-0.10430769230769231
-0.12955015384615384
-0.12955015384615384
-0.11828492307692307
-0.08907876923076924
-0.042557538461538466
0.013142769230769229
0.05528307692307692
0.06592246153846154
0.05507446153846154
0.03775938461538462
0.018775384615384614
0.0008344615384615384
-0.01397723076923077
-0.020652923076923076
-0.024199384615384616
-0.02273907692307692
-0.0022947692307692304
0.028788923076923077
0.06300184615384616
0.08469784615384615
0.08720123076923077
0.0826116923076923
0.06446215384615385
0.03400430769230769
-0.0043809230769230765
-0.05048492307692308
-0.08699261538461538
-0.11724184615384614
-0.1316363076923077
-0.12350030769230769
-0.10889723076923077
-0.08323753846153846
-0.05507446153846154
-0.009387692307692307
0.05069353846153846
0.0974233846153846
0.12412615384615384
0.12162276923076921
0.10326461538461539
0.07739630769230768
0.03838523076923077
-0.0012516923076923076
-0.034630153846153845
-0.055491692307692304
-0.04756430769230769
-0.024408000000000003
0.01940123076923077
0.06863446153846153
0.1045163076923077
0.13998092307692306
0.16000799999999998
0.16897846153846155
0.15792184615384616
0.12266584615384615
0.07238953846153846
0.017315076923076923
-0.016063384615384615
-0.031918153846153846
-0.026702769230769228
-0.0029206153846153843
0.020652923076923076
0.0448523076923077
0.06654830769230768
0.08010830769230769
0.08135999999999999
0.04860738461538461
-0.0022947692307692304
-0.051319384615384614
-0.10138707692307691
-0.143736
-0.18399876923076922
-0.19818461538461538
-0.18650215384615382
-0.157296
-0.10368184615384615
-0.04318338461538461
0.018358153846153843
0.06717415384615384
0.10618523076923077
0.13747753846153846
0.14811692307692306
0.12683815384615382
0.07343261538461537
0.007510153846153846
-0.05111076923076923
-0.09262523076923077
-0.1207883076923077
-0.13726892307692307
-0.13393107692307693
-0.09971815384615385
-0.03942830769230769
0.03859384615384615
0.11745046153846153
0.1710646153846154
0.1992276923076923
0.19714153846153845
0.17419384615384614
0.13872923076923074
0.08156861538461539
0.013768615384615384
-0.053405538461538456
-0.10013538461538461
-0.12350030769230769
-0.12204
-0.09053907692307692
-0.053614153846153846
-0.015020307692307692
0.02545107692307692
0.06863446153846153
0.10931446153846153
0.12224861538461537
0.1151556923076923
0.0961716923076923
0.07468430769230769
0.06863446153846153
0.06008123076923077
0.051528
0.045060923076923075
0.03859384615384615
0.04819015384615385
0.05528307692307692
0.05611753846153846
0.040679999999999994
0.017732307692307693
0.012099692307692308
0.010222153846153844
0.009179076923076922
0.0022947692307692304
0.0022947692307692304
0.010848
0.030040615384615384
0.06863446153846153
0.10514215384615383
0.13267938461538462
0.13852061538461538
0.12558646153846154
0.1045163076923077
0.06070707692307692
-0.0008344615384615384
-0.06842584615384616
-0.13643446153846153
-0.18775384615384613
-0.21696000000000001
-0.21362215384615382
-0.18274707692307693
-0.14457046153846154
-0.09199938461538461
-0.021070153846153846
0.06216738461538462
0.13893784615384613
0.18504184615384617
0.1883796923076923
0.16710092307692306
0.13121907692307694
0.07739630769230768
0.005424
-0.07969107692307692
-0.14728246153846153
-0.19192615384615386
-0.2056947692307692
-0.18712800000000002
-0.1506203076923077
-0.09992676923076924
-0.04819015384615385
0.010639384615384617
0.06863446153846153
0.10660246153846153
0.11432123076923076
0.0855323076923077
0.04214030769230769
-0.004798153846153846
-0.051528
-0.07885661538461539
-0.0897046153846154
-0.0974233846153846
-0.09199938461538461
-0.06717415384615384
-0.03024923076923077
0.0002086153846153846
0.02044430769230769
0.03671630769230769
0.04714707692307692
0.04985907692307692
0.046104
0.04985907692307692
0.05799507692307692
0.06863446153846153
0.07948246153846153
0.08845292307692308
0.05945538461538461
-0.0016689230769230767
-0.10827138461538462
-0.17690584615384616
-0.14060676923076923
-0.07739630769230768
0.09304246153846155
0.2707827692307692
0.4539470769230769
0.671532923076923
0.8269513846153846
0.9402295384615384
0.9235403076923077
0.766452923076923
0.5121507692307692
0.225096
-0.05194523076923077
-0.28476
-0.47772923076923074
-0.6233427692307691
-0.6698639999999999
-0.604776
-0.4228633846153846
-0.20256553846153844
0.018983999999999997
0.17502830769230768
0.28121353846153846
0.34588430769230766
0.3187643076923077
0.2724516923076923
0.10931446153846153
-0.09012184615384615
-0.22175815384615383
-0.3277347692307692
-0.30332676923076923
-0.24032492307692307
-0.16710092307692306
-0.046104
0.008970461538461538
0.06738276923076922
0.11140061538461538
0.055491692307692304
-0.014394461538461538
-0.11765907692307691
-0.17648861538461538
-0.15792184615384616
-0.1097316923076923
0.002086153846153846
0.07948246153846153
0.12662953846153846
0.14874276923076923
0.11682461538461539
0.08177723076923075
-0.003755076923076923
-0.10535076923076922
-0.18545907692307692
-0.29685969230769227
-0.3542289230769231
-0.3880246153846154
-0.42724430769230765
-0.4082603076923077
-0.37321292307692305
-0.26452430769230767
-0.09158215384615384
0.08824430769230769
0.28121353846153846
0.42244615384615386
0.4887858461538461
0.47710338461538465
0.36319938461538465
0.17294215384615383
-0.06800861538461538
-0.2931046153846154
-0.4476886153846154
-0.5225815384615384
-0.4887858461538461
-0.37655076923076924
-0.20360861538461536
-0.001043076923076923
0.1785747692307692
0.34296369230769225
0.41556184615384617
0.3949089230769231
0.34880492307692307
0.24846092307692308
0.14018953846153845
0.021904615384615383
-0.10785415384615385
-0.19547261538461536
-0.2574313846153846
-0.2753723076923077
-0.25367630769230765
-0.21654276923076923
-0.1476996923076923
-0.07197230769230768
0.009387692307692307
0.08302892307692307
0.11828492307692307
0.12037107692307693
0.06008123076923077
-0.02524246153846154
-0.08866153846153846
-0.1504116923076923
-0.17544553846153846
-0.16647507692307692
-0.14269292307692305
-0.06049846153846154
0.04860738461538461
0.15959076923076923
0.25659692307692306
0.27432923076923077
0.2399076923076923
0.16292861538461537
0.046104
-0.05403138461538461
-0.14916
-0.2292683076923077
-0.26619323076923074
-0.2574313846153846
-0.2021483076923077
-0.1151556923076923
-0.009804923076923077
0.07906523076923076
0.14144123076923076
0.1858763076923077
0.19213476923076922
0.165432
0.10368184615384615
0.0022947692307692304
-0.08574092307692306
-0.16438892307692307
-0.2157083076923077
-0.20840676923076923
-0.1846246153846154
-0.12120553846153845
-0.030040615384615384
0.07218092307692307
0.1856676923076923
0.26348123076923075
0.2997803076923077
0.2858030769230769
0.23385784615384617
0.16605784615384614
0.07572738461538461
-0.014394461538461538
-0.09158215384615384
-0.14164984615384615
-0.1476996923076923
-0.12808984615384614
-0.07364123076923076
-0.015437538461538461
0.03108369230769231
0.08490646153846154
0.10806276923076923
0.09867507692307692
0.07113784615384615
0.025033846153846153
-0.016480615384615385
-0.05048492307692308
-0.05736923076923077
-0.025659692307692307
0.018358153846153843
0.09012184615384615
0.168144
0.2342750769230769
0.2701569230769231
0.24345415384615382
0.16856123076923077
0.05277969230769231
-0.0771876923076923
-0.18983999999999998
-0.28851507692307693
-0.347136
-0.33899999999999997
-0.2807963076923077
-0.15938215384615384
-0.004589538461538461
0.14957723076923077
0.2937304615384615
0.39282276923076925
0.458328
0.484404923076923
0.44289046153846157
0.3323243076923077
0.16230276923076925
-0.02524246153846154
-0.19839323076923077
-0.33712246153846154
-0.42328061538461537
-0.4549901538461538
-0.42661846153846156
-0.3442153846153846
-0.206112
-0.03066646153846154
0.132888
0.2586830769230769
0.3269003076923077
0.32606584615384615
0.279336
0.19317784615384614
0.0717636923076923
-0.058412307692307694
-0.1792006153846154
-0.25200738461538463
-0.2620209230769231
-0.21716861538461538
-0.12099692307692309
-0.0050067692307692304
0.11640738461538462
0.23761292307692305
0.33899999999999997
0.4017932307692308
0.39511753846153846
0.31897292307692304
0.20506892307692307
0.08219446153846154
-0.026285538461538457
-0.12120553846153845
-0.18650215384615382
-0.21508246153846153
-0.21487384615384614
-0.16334584615384617
-0.0855323076923077
-0.011265230769230769
0.042557538461538466
0.05382276923076923
0.05194523076923077
0.04819015384615385
0.03984553846153846
0.024616615384615383
-0.005632615384615384
-0.03483876923076923
-0.03775938461538462
-0.015228923076923076
0.016063384615384615
0.046104
0.05778646153846154
0.052571076923076915
0.04401784615384615
0.03629907692307692
0.019609846153846155
-0.003755076923076923
-0.03129230769230769
-0.06550523076923077
-0.08720123076923077
-0.08198584615384615
-0.05319692307692307
-0.01043076923076923
0.035464615384615386
0.09012184615384615
0.15833907692307692
0.21132738461538458
0.23385784615384617
0.21195323076923075
0.13935507692307691
0.04172307692307692
-0.06279323076923077
-0.16188553846153847
-0.24449723076923074
-0.29727692307692305
-0.30332676923076923
-0.24408
-0.12808984615384614
0.015646153846153844
0.15813046153846153
0.2749550769230769
0.35047384615384614
0.3763421538461538
0.34963938461538463
0.26869661538461537
0.14164984615384615
-0.0070929230769230765
-0.1435273846153846
-0.23448369230769228
-0.26932246153846157
-0.24762646153846155
-0.1718990769230769
-0.050067692307692306
0.10681107692307691
0.2782929230769231
0.427452923076923
0.5259193846153846
0.5551255384615384
0.5029716923076922
0.39282276923076925
0.2424110769230769
0.07238953846153846
-0.08845292307692308
-0.22572184615384616
-0.3210590769230769
-0.3617390769230769
-0.3442153846153846
-0.28017046153846153
-0.1994363076923077
-0.10681107692307691
-0.010013538461538461
0.07510153846153846
0.1424843076923077
0.168144
0.1506203076923077
0.1045163076923077
0.04088861538461538
-0.01710646153846154
-0.07134646153846153
-0.12016246153846154
-0.14916
-0.15917353846153848
-0.12955015384615384
-0.07405846153846153
-0.020652923076923076
0.020027076923076922
0.032544
0.02545107692307692
0.006675692307692307
-0.015228923076923076
-0.03880246153846154
-0.06592246153846154
-0.08344615384615384
-0.07969107692307692
-0.054657230769230764
-0.012308307692307691
0.02357353846153846
0.04631261538461538
0.054240000000000003
0.049233230769230765
0.04422646153846154
0.021278769230769233
-0.01940123076923077
-0.06362769230769232
-0.10180430769230768
-0.12329169230769231
-0.12558646153846154
-0.11745046153846153
-0.09512861538461538
-0.06633969230769231
-0.032544
0.016897846153846156
0.05924676923076923
0.08302892307692307
0.07468430769230769
0.04756430769230769
0.01856676923076923
-0.008970461538461538
-0.03421292307692308
-0.06383630769230769
-0.08761846153846153
-0.09971815384615385
-0.07677046153846154
-0.01940123076923077
0.04819015384615385
0.11473846153846154
0.16584923076923075
0.1923433846153846
0.200688
0.19609846153846153
0.16501476923076921
0.11077476923076923
0.034630153846153845
-0.052153846153846155
-0.12496061538461539
-0.19067446153846154
-0.23385784615384617
-0.25555384615384613
-0.2591003076923077
-0.22467876923076924
-0.1666836923076923
-0.08824430769230769
-0.009804923076923077
0.054240000000000003
0.10806276923076923
0.13330523076923076
0.14123261538461537
0.130176
0.08824430769230769
0.034630153846153845
-0.02899753846153846
-0.08323753846153846
-0.10931446153846153
-0.12642092307692307
-0.1218313846153846
-0.10994030769230768
-0.09387692307692307
-0.05736923076923077
-0.024199384615384616
0.011891076923076923
0.03838523076923077
0.04902461538461538
0.06049846153846154
0.065088
0.07155507692307693
0.06988615384615385
0.04756430769230769
0.021070153846153846
-0.014394461538461538
-0.047772923076923074
-0.07927384615384615
-0.11181784615384616
-0.14185846153846154
-0.17231630769230769
-0.18900553846153845
-0.1858763076923077
-0.15938215384615384
-0.11765907692307691
-0.07051199999999999
-0.013560000000000001
0.06070707692307692
0.13205353846153844
0.18942276923076923
0.22405292307692307
0.22551323076923077
0.20486030769230767
0.15228923076923076
0.086784
0.016063384615384615
-0.06633969230769231
-0.13768615384615385
-0.19463815384615382
-0.22488738461538463
-0.21612553846153845
-0.1802436923076923
-0.11599015384615384
-0.02899753846153846
0.06821723076923077
0.17273353846153844
0.25701415384615384
0.31542646153846154
0.3412947692307692
0.31688676923076925
0.26535876923076923
0.18170399999999998
0.07072061538461538
-0.04819015384615385
-0.17481969230769231
-0.2697396923076923
-0.32877784615384614
-0.3577753846153846
-0.34046030769230773
-0.28121353846153846
-0.1804523076923077
-0.06675692307692307
0.05194523076923077
0.1691870769230769
0.2578486153846154
0.31229723076923077
0.32898646153846156
0.3179298461538461
0.2557624615384615
0.15145476923076923
0.03400430769230769
-0.08302892307692307
-0.184416
-0.26306399999999996
-0.30144923076923075
-0.2997803076923077
-0.2807963076923077
-0.24303692307692307
-0.20256553846153844
-0.1779489230769231
-0.10639384615384614
-0.018358153846153843
0.08490646153846154
0.20486030769230767
0.30416123076923074
0.39762092307692304
0.4558246153846154
0.47355692307692304
0.4214030769230769
0.30666461538461537
0.16793538461538463
0.01043076923076923
-0.1712732307692308
-0.34776184615384614
-0.48941169230769227
-0.5469895384615384
-0.5159058461538462
-0.4345458461538461
-0.2774584615384615
-0.09095630769230768
0.14999446153846155
0.3988726153846154
0.5887126153846154
0.7163852307692308
0.6971926153846154
0.6197963076923076
0.471888
0.25138153846153843
0.025659692307692307
-0.25367630769230765
-0.47710338461538465
-0.6200049230769231
-0.6690295384615385
-0.593928
-0.48336184615384614
-0.3031181538461538
-0.07030338461538461
0.15124615384615384
0.37008369230769234
0.5079784615384615
0.577656
0.584748923076923
0.4950443076923077
0.37029230769230764
0.18107815384615383
-0.021904615384615383
-0.20798953846153845
-0.3844781538461538
-0.5025544615384615
-0.5732750769230769
-0.5693113846153846
-0.482736
-0.3508910769230769
-0.18212123076923076
-0.006049846153846154
0.15520984615384617
0.3158436923076923
0.4276615384615384
0.4850307692307692
0.4825273846153846
0.4245323076923077
0.36340799999999995
0.27432923076923077
0.17815753846153848
0.07280676923076923
-0.05945538461538461
-0.16292861538461537
-0.2509643076923077
-0.31772123076923076
-0.34338092307692303
-0.3375396923076923
-0.26869661538461537
-0.13893784615384613
0.026076923076923077
0.20339999999999997
0.35151692307692306
0.46771569230769233
0.5309261538461538
0.5129852307692307
0.43475446153846153
0.28434276923076923
0.10201292307692307
-0.08115138461538463
-0.2601433846153846
-0.3848953846153846
-0.45665907692307695
-0.46688123076923077
-0.41618769230769226
-0.3206418461538461
-0.16459753846153846
0.014811692307692307
0.19046584615384615
0.3385827692307692
0.4151446153846154
0.44414215384615385
0.4309993846153846
0.3600701538461538
0.23156307692307693
0.05173661538461538
-0.13184492307692308
-0.28121353846153846
-0.3817661538461538
-0.4193169230769231
-0.4036707692307692
-0.33899999999999997
-0.21320492307692307
-0.05298830769230769
0.11578153846153846
0.2666104615384615
0.36778892307692307
0.41973415384615387
0.41556184615384617
0.36945784615384614
0.28434276923076923
0.15750461538461538
0.015437538461538461
-0.12621230769230768
-0.2292683076923077
-0.2814221538461538
-0.28955815384615385
-0.2574313846153846
-0.192552
-0.09491999999999999
0.016480615384615385
0.12224861538461537
0.21007569230769232
0.2632726153846154
0.2709913846153846
0.2415766153846154
0.18754523076923074
0.12204
0.04714707692307692
-0.03880246153846154
-0.1218313846153846
-0.19171753846153847
-0.22447015384615385
-0.22655630769230767
-0.21007569230769232
-0.17461107692307692
-0.1397723076923077
-0.08574092307692306
-0.021904615384615383
0.04693846153846153
0.1178676923076923
0.16105107692307694
0.19004861538461537
0.20339999999999997
0.1927606153846154
0.1612596923076923
0.0961716923076923
0.006884307692307692
-0.07468430769230769
-0.14060676923076923
-0.17565415384615385
-0.18274707692307693
-0.16021661538461537
-0.09575446153846154
-0.005632615384615384
0.09930092307692308
0.20506892307692307
0.2926873846153846
0.3437981538461538
0.3517255384615385
0.3198073846153846
0.2497126153846154
0.14978584615384616
0.030040615384615384
-0.09971815384615385
-0.22175815384615383
-0.3160523076923077
-0.3684147692307692
-0.36799753846153843
-0.3294036923076923
-0.2670276923076923
-0.16647507692307692
-0.03775938461538462
0.10639384615384614
0.2290596923076923
0.2989458461538462
0.33002953846153843
0.3062473846153846
0.23761292307692305
0.1314276923076923
-0.017940923076923077
-0.17899199999999998
-0.32898646153846156
-0.43809230769230767
-0.4877427692307692
-0.48419630769230765
-0.4268270769230769
-0.3216849230769231
-0.17648861538461538
-0.007510153846153846
0.15124615384615384
0.2730775384615384
0.33649661538461534
0.3419206153846154
0.3060387692307692
0.23406646153846156
0.13768615384615385
0.03400430769230769
-0.06821723076923077
-0.14477907692307693
-0.19505538461538463
-0.21320492307692307
-0.19296923076923078
-0.15875630769230767
-0.10576799999999999
-0.042557538461538466
0.03629907692307692
0.12391753846153845
0.19985353846153847
0.25367630769230765
0.26494153846153845
0.24741784615384615
0.20986707692307693
0.15833907692307692
0.08991323076923076
0.0035464615384615383
-0.0853236923076923
-0.15604430769230768
-0.1910916923076923
-0.19192615384615386
-0.16876984615384616
-0.1341396923076923
-0.08991323076923076
-0.028163076923076923
0.04693846153846153
0.12579507692307693
0.18066092307692305
0.21633415384615384
0.24512307692307692
0.25471938461538457
0.25054707692307693
0.21466523076923077
0.14749107692307692
0.05820369230769231
-0.04214030769230769
-0.1356
-0.21049292307692305
-0.2695310769230769
-0.31834707692307695
-0.3383741538461538
-0.3202246153846154
-0.25951753846153847
-0.16459753846153846
-0.05194523076923077
0.061124307692307686
0.15792184615384616
0.22405292307692307
0.2632726153846154
0.26765353846153844
0.22488738461538463
0.13872923076923074
0.026076923076923077
-0.08052553846153847
-0.16584923076923075
-0.2330233846153846
-0.2776670769230769
-0.2868461538461538
-0.25805723076923076
-0.19755876923076923
-0.11828492307692307
-0.03442153846153846
0.040262769230769234
0.1097316923076923
0.17481969230769231
0.21341353846153846
0.2194633846153846
0.18754523076923074
0.12579507692307693
0.04756430769230769
-0.03609046153846154
-0.11035753846153845
-0.17377661538461536
-0.22300984615384614
-0.24428861538461538
-0.22864246153846152
-0.1802436923076923
-0.10514215384615383
-0.023782153846153845
0.05757784615384615
0.12454338461538461
0.17502830769230768
0.21904615384615383
0.23469230769230767
0.22530461538461538
0.18212123076923076
0.12579507692307693
0.07072061538461538
0.02023569230769231
-0.008344615384615384
-0.04672984615384615
-0.08177723076923075
-0.10201292307692307
-0.10222153846153846
-0.07531015384615385
-0.054240000000000003
-0.03942830769230769
-0.023990769230769232
-0.012099692307692308
0.008344615384615384
0.03713353846153846
0.06279323076923077
0.07927384615384615
0.09199938461538461
0.10138707692307691
0.10660246153846153
0.09971815384615385
0.06487938461538462
0.01814953846153846
-0.03629907692307692
-0.08490646153846154
-0.11995384615384615
-0.15562707692307692
-0.18399876923076922
-0.20652923076923077
-0.20486030769230767
-0.1693956923076923
-0.10409907692307692
-0.012516923076923077
0.07072061538461538
0.143736
0.20673784615384616
0.25242461538461536
0.27850153846153847
0.26619323076923074
0.22342707692307692
0.14978584615384616
0.06341907692307691
-0.012934153846153845
-0.09074769230769231
-0.15833907692307692
-0.2056947692307692
-0.22008923076923076
-0.18858830769230767
-0.12266584615384615
-0.03838523076923077
0.04380923076923077
0.11473846153846154
0.1718990769230769
0.21049292307692305
0.22676492307692306
0.20486030769230767
0.14811692307692306
0.065088
-0.03024923076923077
-0.11223507692307692
-0.1846246153846154
-0.23656984615384613
-0.2557624615384615
-0.235944
-0.17669723076923077
-0.09554584615384615
-0.00855323076923077
0.06717415384615384
0.12204
0.15771323076923077
0.17481969230769231
0.16251138461538459
0.11995384615384615
0.05528307692307692
-0.013142769230769229
-0.073224
-0.11202646153846153
-0.12829846153846153
-0.130176
-0.11098338461538461
-0.08720123076923077
-0.05111076923076923
-0.005841230769230769
0.03650769230769231
0.07384984615384615
0.09262523076923077
0.10409907692307692
0.10681107692307691
0.0961716923076923
0.07259815384615384
0.03880246153846154
0.0043809230769230765
-0.026076923076923077
-0.03942830769230769
-0.03588184615384615
-0.021696
-0.005215384615384615
0.005841230769230769
0.02023569230769231
0.03609046153846154
0.037967999999999995
0.023990769230769232
-0.003963692307692307
-0.03337846153846154
-0.04547815384615384
-0.03942830769230769
-0.021487384615384613
0.008136
0.04422646153846154
0.092208
0.14144123076923076
0.17481969230769231
0.19568123076923075
0.1794092307692308
0.1314276923076923
0.078648
0.02315630769230769
-0.024408000000000003
-0.06571384615384615
-0.09429415384615383
-0.09053907692307692
-0.07280676923076923
-0.03755076923076923
0.015228923076923076
0.06362769230769232
0.11181784615384616
0.13226215384615383
0.13643446153846153
0.12433476923076923
0.08866153846153846
0.04672984615384615
-0.0050067692307692304
-0.04088861538461538
-0.05319692307692307
-0.04526953846153846
-0.02023569230769231
0.016897846153846156
0.05778646153846154
0.10389046153846154
0.15395815384615386
0.1858763076923077
0.19359507692307693
0.17085599999999998
0.12558646153846154
0.06633969230769231
0.003755076923076923
-0.053405538461538456
-0.10409907692307692
-0.13101046153846155
-0.13852061538461538
-0.11953661538461538
-0.07802215384615384
-0.037342153846153844
0.006049846153846154
0.029832
0.04631261538461538
0.047772923076923074
0.01668923076923077
-0.027328615384615382
-0.08469784615384615
-0.12955015384615384
-0.16188553846153847
-0.1691870769230769
-0.154584
-0.11849353846153846
-0.08469784615384615
-0.06613107692307692
-0.05611753846153846
-0.06821723076923077
-0.08720123076923077
-0.12662953846153846
-0.14561353846153846
-0.14728246153846153
-0.08344615384615384
0.023990769230769232
0.22175815384615383
0.4078430769230769
0.49379261538461533
0.6558867692307692
0.7172196923076923
0.7785526153846153
0.7551876923076922
0.5524135384615385
0.31918153846153846
-0.03024923076923077
-0.29414769230769233
-0.5624270769230769
-0.819024
-0.9629686153846154
-1.0572627692307692
-0.9133181538461539
-0.659016
-0.2951907692307692
0.1341396923076923
0.46104
0.7877316923076922
0.9873766153846154
1.0512129230769232
0.9905058461538462
0.7074147692307692
0.3659113846153846
-0.04735569230769231
-0.49003753846153847
-0.7706252307692307
-0.995304
-1.0704055384615385
-0.9982246153846153
-0.864084923076923
-0.5703544615384616
-0.23969907692307693
0.13935507692307691
0.5184092307692307
0.7710424615384616
0.9425243076923077
0.9915489230769231
0.9396036923076923
0.7823076923076923
0.4729310769230769
0.12120553846153845
-0.25284184615384614
-0.5730664615384615
-0.7718769230769231
-0.9110233846153847
-0.9300073846153846
-0.8405113846153845
-0.6611021538461538
-0.38280923076923074
-0.10785415384615385
0.15896492307692306
0.4105550769230769
0.5916332307692307
0.7389156923076923
0.8029606153846153
0.7608203076923077
0.6300184615384615
0.40679999999999994
0.1570873846153846
-0.11640738461538462
-0.38030584615384616
-0.6008123076923076
-0.7722941538461539
-0.8319581538461538
-0.8225704615384615
-0.7042855384615384
-0.45373846153846153
-0.17544553846153846
0.15771323076923077
0.4725138461538462
0.7316141538461538
0.9387692307692307
1.0184603076923076
0.9978073846153847
0.8327926153846154
0.544068923076923
0.21070153846153844
-0.16230276923076925
-0.5215384615384615
-0.8407199999999999
-1.066441846153846
-1.135284923076923
-1.0564283076923076
-0.8421803076923077
-0.5290486153846153
-0.14790830769230767
0.2920615384615385
0.7028252307692308
1.0259704615384615
1.2195655384615385
1.2156018461538463
1.0645643076923077
0.7894006153846154
0.4220289230769231
0.03921969230769231
-0.35276861538461535
-0.6848843076923077
-0.9072683076923076
-1.0172086153846154
-0.9698529230769231
-0.7846024615384615
-0.504432
-0.1612596923076923
0.19881046153846152
0.5365587692307692
0.7941987692307692
0.943776
0.9715218461538461
0.8588695384615385
0.6385716923076923
0.3310726153846154
-0.013142769230769229
-0.34066892307692304
-0.6408664615384615
-0.8476043076923075
-0.951912
-0.9521206153846153
-0.8215273846153847
-0.6181273846153846
-0.3648683076923077
-0.08135999999999999
0.19359507692307693
0.44330769230769224
0.6229255384615384
0.7069975384615383
0.6974012307692307
0.6064449230769231
0.4599969230769231
0.28204799999999997
0.09074769230769231
-0.09325107692307691
-0.24679199999999998
-0.35193415384615384
-0.40346215384615386
-0.41431015384615383
-0.38572984615384615
-0.32231076923076923
-0.21779446153846155
-0.09325107692307691
0.02357353846153846
0.14978584615384616
0.2572227692307692
0.34943076923076927
0.4239064615384615
0.4478972307692307
0.4418473846153846
0.3882332307692308
0.2851772307692308
0.16418030769230768
0.027745846153846152
-0.1028473846153846
-0.22822523076923076
-0.33649661538461534
-0.4047138461538461
-0.44393353846153844
-0.4351716923076923
-0.3815575384615385
-0.2979027692307692
-0.1829556923076923
-0.06842584615384616
0.061124307692307686
0.19672430769230767
0.2995716923076923
0.37029230769230764
0.3780110769230769
0.3502652307692307
0.2951907692307692
0.20798953846153845
0.10910584615384614
-0.016063384615384615
-0.12955015384615384
-0.20632061538461538
-0.24449723076923074
-0.23969907692307693
-0.20944984615384615
-0.1704387692307692
-0.1218313846153846
-0.058829538461538454
0.012099692307692308
0.06341907692307691
0.08115138461538463
0.08031692307692308
0.06446215384615385
0.05069353846153846
0.04109723076923077
0.018983999999999997
-0.0012516923076923076
-0.03504738461538461
-0.07593599999999999
-0.0988836923076923
-0.11181784615384616
-0.12266584615384615
-0.15082892307692305
-0.18983999999999998
-0.2138307692307692
-0.214248
-0.19004861538461537
-0.14811692307692306
-0.09846646153846153
-0.03337846153846154
0.04318338461538461
0.12579507692307693
0.20298276923076922
0.252216
0.2697396923076923
0.25388492307692306
0.21737723076923077
0.1704387692307692
0.09867507692307692
0.006258461538461538
-0.09554584615384615
-0.1913003076923077
-0.24658338461538462
-0.25805723076923076
-0.23177169230769232
-0.1712732307692308
-0.08636676923076922
0.03024923076923077
0.1693956923076923
0.30583015384615386
0.41681353846153846
0.4733483076923077
0.46688123076923077
0.4047138461538461
0.295608
0.15520984615384617
-0.003963692307692307
-0.16021661538461537
-0.2897667692307692
-0.37300430769230764
-0.3884418461538462
-0.3481790769230769
-0.2720344615384615
-0.15959076923076923
-0.029414769230769227
0.09971815384615385
0.21508246153846153
0.2906012307692308
0.30854215384615385
0.2716172307692308
0.20047938461538461
0.11098338461538461
0.015854769230769228
-0.08615815384615384
-0.20006215384615383
-0.2920615384615385
-0.34046030769230773
-0.3425464615384616
-0.3062473846153846
-0.2559710769230769
-0.184416
-0.09575446153846154
-0.008136
0.07614461538461538
0.13330523076923076
0.1612596923076923
0.15833907692307692
0.12829846153846153
0.0961716923076923
0.05820369230769231
0.015228923076923076
-0.026494153846153844
-0.06383630769230769
-0.08344615384615384
-0.08302892307692307
-0.06279323076923077
-0.029206153846153847
-0.0006258461538461538
0.03421292307692308
0.07697907692307693
0.12287446153846153
0.17273353846153844
0.20110523076923076
0.20778092307692309
0.19317784615384614
0.16167692307692308
0.13038461538461538
0.08219446153846154
0.02315630769230769
-0.03379569230769231
-0.08699261538461538
-0.11849353846153846
-0.13747753846153846
-0.14832553846153845
-0.14936861538461538
-0.1397723076923077
-0.10618523076923077
-0.05590892307692308
-0.0006258461538461538
0.04819015384615385
0.0828203076923077
0.10743692307692307
0.12308307692307692
0.12266584615384615
0.0961716923076923
0.04547815384615384
-0.011473846153846154
-0.06967753846153846
-0.1205796923076923
-0.14018953846153845
-0.13747753846153846
-0.11452984615384615
-0.05778646153846154
0.029832
0.14749107692307692
0.27182584615384614
0.3740473846153846
0.4383009230769231
0.44622830769230765
0.40972061538461535
0.3392086153846154
0.2342750769230769
0.10806276923076923
-0.02795446153846154
-0.13872923076923074
-0.2073636923076923
-0.22780799999999998
-0.19881046153846152
-0.15124615384615384
-0.07468430769230769
0.020027076923076922
0.1151556923076923
0.21049292307692305
0.26640184615384616
0.2751636923076923
0.2482523076923077
0.1923433846153846
0.11202646153846153
0.013351384615384614
-0.09825784615384614
-0.21237046153846154
-0.30562153846153844
-0.3550633846153846
-0.3508910769230769
-0.3004061538461538
-0.21696000000000001
-0.1097316923076923
0.023364923076923075
0.14957723076923077
0.25451076923076926
0.33002953846153843
0.3485963076923077
0.3179298461538461
0.24282830769230768
0.15875630769230767
0.08156861538461539
-0.009596307692307692
-0.09241661538461539
-0.1585476923076923
-0.19463815384615382
-0.18963138461538462
-0.168144
-0.130176
-0.08198584615384615
-0.042974769230769226
0.01043076923076923
0.07468430769230769
0.1341396923076923
0.18545907692307692
0.2125790769230769
0.23072861538461537
0.2342750769230769
0.21716861538461538
0.17982646153846152
0.10347323076923076
0.01940123076923077
-0.07343261538461537
-0.15792184615384616
-0.22175815384615383
-0.27975323076923075
-0.31500923076923076
-0.3442153846153846
-0.33983446153846153
-0.2805876923076923
-0.19067446153846154
-0.09033046153846153
0.01272553846153846
0.1151556923076923
0.20861538461538462
0.2709913846153846
0.2822566153846154
0.2480436923076923
0.1597993846153846
0.035255999999999996
-0.09846646153846153
-0.22634769230769228
-0.328152
-0.4078430769230769
-0.4387181538461538
-0.40700861538461536
-0.31772123076923076
-0.1846246153846154
-0.04422646153846154
0.09930092307692308
0.222384
0.3133403076923077
0.37321292307692305
0.387816
0.3609046153846154
0.28768061538461537
0.18274707692307693
0.06905169230769231
-0.04839876923076923
-0.1502030769230769
-0.22989415384615383
-0.27975323076923075
-0.28955815384615385
-0.2626467692307692
-0.20339999999999997
-0.119328
-0.02858030769230769
0.05862092307692307
0.13768615384615385
0.20110523076923076
0.235944
0.23385784615384617
0.20694646153846152
0.15541846153846153
0.10389046153846154
0.05945538461538461
0.011265230769230769
-0.028788923076923077
-0.06967753846153846
-0.1045163076923077
-0.12537784615384615
-0.13935507692307691
-0.14311015384615386
-0.1368516923076923
-0.11828492307692307
-0.07823076923076923
-0.024199384615384616
0.03129230769230769
0.08365476923076923
0.1289243076923077
0.16438892307692307
0.1869193846153846
0.19004861538461537
0.1639716923076923
0.11974523076923077
0.06487938461538462
0.0
-0.05403138461538461
-0.10263876923076923
-0.13768615384615385
-0.15479261538461536
-0.15687876923076924
-0.12850707692307692
-0.08198584615384615
-0.05298830769230769
-0.03108369230769231
0.010013538461538461
0.058412307692307694
0.12496061538461539
0.16584923076923075
0.17982646153846152
0.17565415384615385
0.15792184615384616
0.1395636923076923
0.12704676923076924
0.15187199999999998
0.05507446153846154
-0.07426707692307692
-0.16710092307692306
-0.273912
-0.2574313846153846
-0.29039261538461536
-0.36445107692307693
-0.3775938461538461
-0.36340799999999995
-0.19213476923076922
-0.010639384615384617
0.1151556923076923
0.21612553846153845
0.2453316923076923
0.3456756923076923
0.43329415384615383
0.44685415384615385
0.3573581538461538
0.1314276923076923
-0.03650769230769231
-0.18066092307692305
-0.2632726153846154
-0.29581661538461534
-0.38030584615384616
-0.3652855384615385
-0.3373310769230769
-0.24866953846153847
-0.04380923076923077
0.08469784615384615
0.2221753846153846
0.30249230769230767
0.2920615384615385
0.3210590769230769
0.279336
0.21988061538461537
0.14665661538461539
-0.01814953846153846
-0.15270646153846154
-0.2559710769230769
-0.2943563076923077
-0.2730775384615384
-0.2912270769230769
-0.29456492307692306
-0.27558092307692306
-0.18879692307692306
-0.03713353846153846
0.05382276923076923
0.1178676923076923
0.14749107692307692
0.16876984615384616
0.2342750769230769
0.23469230769230767
0.20798953846153845
0.14853415384615384
0.03588184615384615
-0.0070929230769230765
-0.05048492307692308
-0.11682461538461539
-0.17523692307692307
-0.25701415384615384
-0.26723630769230766
-0.2261390769230769
-0.168144
-0.07885661538461539
0.00855323076923077
0.10743692307692307
0.18483323076923078
0.2647329230769231
0.3206418461538461
0.30520430769230766
0.2720344615384615
0.18086953846153844
0.07572738461538461
-0.0035464615384615383
-0.09658892307692307
-0.14582215384615385
-0.18379015384615385
-0.20277415384615383
-0.14477907692307693
-0.06842584615384616
0.024199384615384616
0.09700615384615385
0.12788123076923075
0.19004861538461537
0.25138153846153843
0.26911384615384615
0.2436627692307692
0.1775316923076923
0.1218313846153846
0.06592246153846154
0.012308307692307691
-0.044435076923076924
-0.11599015384615384
-0.12725538461538463
-0.10681107692307691
-0.04652123076923077
0.059038153846153844
0.12621230769230768
0.18253846153846154
0.21529107692307692
0.20861538461538462
0.20861538461538462
0.17690584615384616
0.11202646153846153
0.03921969230769231
-0.05507446153846154
-0.11891076923076922
-0.130176
-0.09325107692307691
-0.03129230769230769
0.02315630769230769
0.09137353846153846
0.16021661538461537
0.23907323076923076
0.2914356923076923
0.2845513846153846
0.24887815384615386
0.15875630769230767
0.06487938461538462
-0.003755076923076923
-0.08198584615384615
-0.14144123076923076
-0.19609846153846153
-0.23364923076923078
-0.19651569230769228
-0.12016246153846154
-0.037342153846153844
0.03024923076923077
0.05277969230769231
0.07113784615384615
0.08845292307692308
0.08490646153846154
0.06216738461538462
0.005215384615384615
-0.07426707692307692
-0.1558356923076923
-0.2194633846153846
-0.25513661538461535
-0.27328615384615385
-0.26723630769230766
-0.24908676923076922
-0.2154996923076923
-0.13852061538461538
-0.06195876923076923
0.008761846153846153
0.0678
0.08031692307692308
0.08574092307692306
0.08448923076923077
0.07635323076923077
0.08094276923076923
0.06613107692307692
0.04422646153846154
0.037967999999999995
0.04380923076923077
0.061124307692307686
0.06321046153846153
0.03984553846153846
0.0016689230769230767
-0.03358707692307692
-0.06842584615384616
-0.10660246153846153
-0.12788123076923075
-0.1368516923076923
-0.12224861538461537
-0.07781353846153846
-0.02315630769230769
0.04172307692307692
0.10618523076923077
0.15124615384615384
0.1783661538461538
0.17961784615384613
0.15082892307692305
0.09512861538461538
0.020652923076923076
-0.07197230769230768
-0.17481969230769231
-0.26869661538461537
-0.33023815384615385
-0.33315876923076926
-0.3016578461538461
-0.2422024615384615
-0.14749107692307692
-0.030040615384615384
0.10389046153846154
0.23135446153846154
0.32606584615384615
0.37884553846153846
0.39532615384615377
0.36674584615384614
0.2979027692307692
0.20047938461538461
0.07948246153846153
-0.03629907692307692
-0.1316363076923077
-0.20006215384615383
-0.23782153846153845
-0.23177169230769232
-0.1802436923076923
-0.0963803076923077
0.006884307692307692
0.1136953846153846
0.22300984615384614
0.309168
0.3550633846153846
0.36611999999999995
0.3275261538461538
0.24491446153846153
0.1422756923076923
0.022530461538461537
-0.07843938461538462
-0.15646153846153846
-0.22342707692307692
-0.249504
-0.25012984615384615
-0.2209236923076923
-0.16584923076923075
-0.10764553846153846
-0.03901107692307692
0.020652923076923076
0.06821723076923077
0.11202646153846153
0.14290153846153844
0.16251138461538459
0.16021661538461537
0.1341396923076923
0.10117846153846152
0.06446215384615385
0.027745846153846152
-0.024408000000000003
-0.08469784615384615
-0.13267938461538462
-0.16772676923076923
-0.17273353846153844
-0.15416676923076922
-0.11891076923076922
-0.07134646153846153
-0.022947692307692308
0.027745846153846152
0.08031692307692308
0.12496061538461539
0.14519630769230768
0.13309661538461537
0.10159569230769232
0.05111076923076923
-0.0025033846153846152
-0.05236246153846154
-0.11494707692307692
-0.1656406153846154
-0.2008966153846154
-0.21174461538461536
-0.1846246153846154
-0.14018953846153845
-0.08177723076923075
-0.01272553846153846
0.051528
0.10493353846153847
0.14206707692307693
0.1558356923076923
0.154584
0.13330523076923076
0.09533723076923077
0.05757784615384615
0.01668923076923077
-0.02211323076923077
-0.051528
-0.059872615384615385
-0.05298830769230769
-0.03942830769230769
-0.026076923076923077
-0.019609846153846155
-0.012308307692307691
-0.0050067692307692304
0.012308307692307691
0.030875076923076922
0.041514461538461535
0.051528
0.05924676923076923
0.065088
0.05757784615384615
0.04318338461538461
0.027120000000000002
0.0004172307692307692
-0.025033846153846153
-0.04631261538461538
-0.07072061538461538
-0.0880356923076923
-0.0988836923076923
-0.09804923076923076
-0.07572738461538461
-0.05048492307692308
-0.017523692307692306
0.016897846153846156
0.04214030769230769
0.062376
0.07823076923076923
0.08720123076923077
0.07614461538461538
0.042557538461538466
-0.014603076923076923
-0.07635323076923077
-0.12266584615384615
-0.15646153846153846
-0.1710646153846154
-0.16271999999999998
-0.1356
-0.08657538461538461
-0.021904615384615383
0.03609046153846154
0.07030338461538461
0.07280676923076923
0.051319384615384614
0.017940923076923077
-0.026911384615384615
-0.08031692307692308
-0.138312
-0.1923433846153846
-0.21362215384615382
-0.19651569230769228
-0.14999446153846155
-0.07197230769230768
0.01856676923076923
0.1028473846153846
0.18253846153846154
0.2426196923076923
0.2722430769230769
0.2680707692307692
0.2209236923076923
0.13518276923076925
0.035464615384615386
-0.05757784615384615
-0.1397723076923077
-0.19818461538461538
-0.23114584615384615
-0.21696000000000001
-0.14311015384615386
-0.03150092307692308
0.09012184615384615
0.1858763076923077
0.24658338461538462
0.26869661538461537
0.25430215384615384
0.20819815384615384
0.12621230769230768
0.01940123076923077
-0.09825784615384614
-0.18712800000000002
-0.23177169230769232
-0.24512307692307692
-0.222384
-0.1792006153846154
-0.10889723076923077
-0.01043076923076923
0.08344615384615384
0.1693956923076923
0.2292683076923077
0.25054707692307693
0.2482523076923077
0.21654276923076923
0.17481969230769231
0.13497415384615385
0.08094276923076923
0.03755076923076923
0.0008344615384615384
-0.014811692307692307
0.003963692307692307
0.020027076923076922
0.047772923076923074
0.06383630769230769
0.0717636923076923
0.0880356923076923
0.08302892307692307
0.07614461538461538
0.051528
0.022947692307692308
0.02357353846153846
0.037342153846153844
0.06946892307692307
0.09387692307692307
0.10222153846153846
0.1070196923076923
0.08991323076923076
0.065088
0.017315076923076923
-0.062376
-0.143736
-0.21883753846153844
-0.26160369230769226
-0.2620209230769231
-0.2209236923076923
-0.13330523076923076
-0.021696
0.10722830769230769
0.23218892307692307
0.32898646153846156
0.385104
0.3775938461538461
0.31626092307692305
0.21904615384615383
0.09763200000000001
-0.026911384615384615
-0.14790830769230767
-0.2647329230769231
-0.35005661538461535
-0.3821833846153846
-0.3502652307692307
-0.2647329230769231
-0.1543753846153846
-0.01814953846153846
0.11599015384615384
0.23490092307692306
0.3321156923076923
0.3748818461538461
0.36299076923076923
0.28663753846153844
0.18212123076923076
0.06404492307692307
-0.07593599999999999
-0.19526400000000002
-0.2822566153846154
-0.3193901538461538
-0.29873723076923075
-0.233232
-0.12704676923076924
-0.011891076923076923
0.0855323076923077
0.17023015384615386
0.22530461538461538
0.24199384615384617
0.21904615384615383
0.1570873846153846
0.0855323076923077
0.008344615384615384
-0.06216738461538462
-0.12016246153846154
-0.165432
-0.1733593846153846
-0.16167692307692308
-0.13747753846153846
-0.09763200000000001
-0.06550523076923077
-0.037967999999999995
-0.026702769230769228
-0.02524246153846154
-0.026076923076923077
-0.045895384615384616
-0.08824430769230769
-0.16167692307692308
-0.24762646153846155
-0.3060387692307692
-0.2782929230769231
-0.19714153846153845
-0.07197230769230768
0.08448923076923077
0.23677846153846152
0.41910830769230767
0.5680596923076923
0.6711156923076923
0.671532923076923
0.5599236923076922
0.4163963076923077
0.2426196923076923
0.07510153846153846
-0.12308307692307692
-0.2912270769230769
-0.38885907692307686
-0.40387938461538464
-0.2966510769230769
-0.15228923076923076
0.03692492307692308
0.22488738461538463
0.3880246153846154
0.5227901538461539
0.5574203076923077
0.5092301538461538
0.3805144615384615
0.19213476923076922
-0.013560000000000001
-0.21883753846153844
-0.3863556923076923
-0.4923323076923077
-0.5138196923076923
-0.45373846153846153
-0.3544375384615384
-0.22801661538461537
-0.09825784615384614
0.02044430769230769
0.10076123076923077
0.12162276923076921
0.12412615384615384
0.12037107692307693
0.13101046153846155
0.14811692307692306
0.13768615384615385
0.119328
0.0974233846153846
0.06905169230769231
0.02482523076923077
-0.051319384615384614
-0.14081538461538462
-0.2157083076923077
-0.24616615384615384
-0.24720923076923076
-0.23677846153846152
-0.20924123076923076
-0.17169046153846151
-0.10472492307692308
-0.015854769230769228
0.06550523076923077
0.1356
0.1883796923076923
0.22822523076923076
0.2563883076923077
0.24178523076923078
0.17023015384615386
0.046104
-0.10681107692307691
-0.26118646153846153
-0.39970707692307694
-0.49400123076923075
-0.5286313846153846
-0.49921661538461537
-0.41994276923076923
-0.2837169230769231
-0.11056615384615384
0.06300184615384616
0.22029784615384615
0.31500923076923076
0.34463261538461537
0.31897292307692304
0.26306399999999996
0.18274707692307693
0.07030338461538461
-0.03859384615384615
-0.12996738461538462
-0.168144
-0.15479261538461536
-0.12329169230769231
-0.084072
-0.046104
0.005215384615384615
0.06446215384615385
0.10597661538461538
0.10889723076923077
0.07802215384615384
0.03108369230769231
-0.01981846153846154
-0.05590892307692308
-0.0826116923076923
-0.09825784615384614
-0.078648
-0.03358707692307692
0.028163076923076923
0.11724184615384614
0.19526400000000002
0.23928184615384615
0.24700061538461537
0.20486030769230767
0.14018953846153845
0.046104
-0.06300184615384616
-0.14957723076923077
-0.22300984615384614
-0.25117292307692307
-0.222384
-0.15228923076923076
-0.04631261538461538
0.06717415384615384
0.18232984615384615
0.2870547692307692
0.360696
0.3913624615384615
0.3550633846153846
0.2526332307692308
0.09471138461538461
-0.08177723076923075
-0.24449723076923074
-0.39324
-0.4960873846153846
-0.5444861538461538
-0.52884
-0.4251581538461538
-0.26535876923076923
-0.08052553846153847
0.09763200000000001
0.2424110769230769
0.3467187692307692
0.4026276923076923
0.3855212307692308
0.2862203076923077
0.13518276923076925
-0.025033846153846153
-0.16188553846153847
-0.2722430769230769
-0.34880492307692307
-0.3838523076923077
-0.36549415384615386
-0.2989458461538462
-0.18900553846153845
-0.06049846153846154
0.06425353846153846
0.17982646153846152
0.26118646153846153
0.32502276923076917
0.3686233846153846
0.3838523076923077
0.3798886153846154
0.35318584615384613
0.30249230769230767
0.2411593846153846
0.18149538461538461
0.12037107692307693
0.049233230769230765
-0.027328615384615382
-0.08907876923076924
-0.1289243076923077
-0.14290153846153844
-0.14081538461538462
-0.12725538461538463
-0.09408553846153846
-0.03859384615384615
0.037967999999999995
0.11536430769230768
0.1760713846153846
0.21320492307692307
0.22989415384615383
0.23010276923076922
0.2154996923076923
0.1783661538461538
0.11160923076923077
0.02357353846153846
-0.07280676923076923
-0.15228923076923076
-0.21153599999999997
-0.25117292307692307
-0.2563883076923077
-0.22801661538461537
-0.16751815384615384
-0.07927384615384615
0.03275261538461539
0.13747753846153846
0.214248
0.25659692307692306
0.25764
0.22280123076923075
0.15208061538461537
0.055491692307692304
-0.054240000000000003
-0.15187199999999998
-0.214248
-0.23677846153846152
-0.22405292307692307
-0.1783661538461538
-0.10910584615384614
-0.01981846153846154
0.08031692307692308
0.1693956923076923
0.23093723076923076
0.24741784615384615
0.22488738461538463
0.17419384615384614
0.10743692307692307
0.03337846153846154
-0.045895384615384616
-0.1136953846153846
-0.16042523076923076
-0.1804523076923077
-0.15833907692307692
-0.1045163076923077
-0.041514461538461535
0.013768615384615384
0.059872615384615385
0.10430769230769231
0.13706030769230768
0.1449876923076923
0.11494707692307692
0.04902461538461538
-0.02858030769230769
-0.09429415384615383
-0.13852061538461538
-0.16438892307692307
-0.17419384615384614
-0.15500123076923078
-0.10952307692307692
-0.041514461538461535
0.03567323076923076
0.0961716923076923
0.12955015384615384
0.13601723076923075
0.12704676923076924
0.09658892307692307
0.048816000000000005
-0.004589538461538461
-0.07030338461538461
-0.12433476923076923
-0.15291507692307693
-0.1506203076923077
-0.1218313846153846
-0.09033046153846153
-0.05382276923076923
-0.010639384615384617
0.05444861538461539
0.1207883076923077
0.16856123076923077
0.19985353846153847
0.19213476923076922
0.17398523076923075
0.15208061538461537
0.127464
0.0880356923076923
0.017523692307692306
-0.04672984615384615
-0.09596307692307693
-0.12037107692307693
-0.13205353846153844
-0.1435273846153846
-0.13455692307692307
-0.11327815384615383
-0.0826116923076923
-0.03859384615384615
-0.0002086153846153846
0.03963692307692308
0.06529661538461538
0.06905169230769231
0.07885661538461539
0.078648
0.07009476923076922
0.042974769230769226
-0.0022947692307692304
-0.04088861538461538
-0.06967753846153846
-0.0798996923076923
-0.08845292307692308
-0.09053907692307692
-0.08094276923076923
-0.06592246153846154
-0.03024923076923077
0.006675692307692307
0.040679999999999994
0.07072061538461538
0.09304246153846155
0.12579507692307693
0.15228923076923076
0.165432
0.1637630769230769
0.146448
0.12913292307692306
0.1045163076923077
0.07489292307692308
0.04526953846153846
0.0022947692307692304
-0.038176615384615385
-0.06592246153846154
-0.06738276923076922
-0.04631261538461538
-0.03692492307692308
-0.020027076923076922
0.0035464615384615383
0.03379569230769231
0.07426707692307692
0.09846646153846153
0.10681107692307691
0.092208
0.059038153846153844
0.026494153846153844
-0.006258461538461538
-0.03671630769230769
-0.059038153846153844
-0.07948246153846153
-0.07906523076923076
-0.06049846153846154
-0.04380923076923077
-0.03024923076923077
-0.03442153846153846
-0.041514461538461535
-0.05298830769230769
-0.061124307692307686
-0.061124307692307686
-0.06633969230769231
-0.05653476923076922
-0.03713353846153846
-0.0016689230769230767
0.04839876923076923
0.08615815384615384
0.1070196923076923
0.10493353846153847
0.07781353846153846
0.040054153846153843
-0.009179076923076922
-0.07280676923076923
-0.13601723076923075
-0.19860184615384616
-0.23969907692307693
-0.22989415384615383
-0.17648861538461538
-0.09909230769230769
-0.014185846153846153
0.06988615384615385
0.15103753846153847
0.22029784615384615
0.2588916923076923
0.26222953846153846
0.22718215384615387
0.16251138461538459
0.0853236923076923
0.0012516923076923076
-0.07760492307692309
-0.15270646153846154
-0.2125790769230769
-0.23886461538461537
-0.23156307692307693
-0.19171753846153847
-0.12808984615384614
-0.05048492307692308
0.026494153846153844
0.08887015384615385
0.13935507692307691
0.16835261538461538
0.1656406153846154
0.12642092307692307
0.06425353846153846
0.0022947692307692304
-0.05090215384615384
-0.08615815384615384
-0.11140061538461538
-0.130176
-0.12266584615384615
-0.09012184615384615
-0.04318338461538461
0.008761846153846153
0.044435076923076924
0.0678
0.08469784615384615
0.100344
0.11265230769230769
0.10389046153846154
0.07948246153846153
0.05048492307692308
0.020652923076923076
0.002086153846153846
-0.01397723076923077
-0.04047138461538462
-0.06654830769230768
-0.09408553846153846
-0.10868861538461538
-0.11265230769230769
-0.11452984615384615
-0.10514215384615383
-0.09700615384615385
-0.08240307692307691
-0.053614153846153846
-0.01981846153846154
0.015228923076923076
0.03588184615384615
0.03483876923076923
0.025659692307692307
0.0016689230769230767
-0.03880246153846154
-0.09679753846153846
-0.1656406153846154
-0.21800307692307694
-0.24011630769230768
-0.23177169230769232
-0.2008966153846154
-0.15082892307692305
-0.08720123076923077
-0.011891076923076923
0.07155507692307693
0.14811692307692306
0.19317784615384614
0.19985353846153847
0.1693956923076923
0.10764553846153846
0.04214030769230769
-0.017523692307692306
-0.07092923076923077
-0.10180430769230768
-0.10013538461538461
-0.051319384615384614
0.03609046153846154
0.130176
0.2125790769230769
0.2695310769230769
0.30436984615384616
0.31772123076923076
0.29602523076923076
0.24095076923076922
0.157296
0.05590892307692308
-0.03942830769230769
-0.12767261538461538
-0.18983999999999998
-0.22467876923076924
-0.235944
-0.2154996923076923
-0.165432
-0.07218092307692307
0.03775938461538462
0.14081538461538462
0.22572184615384616
0.2799618461538461
0.30019753846153846
0.2776670769230769
0.20527753846153846
0.0855323076923077
-0.04965046153846154
-0.18337292307692307
-0.27787569230769227
-0.33587076923076925
-0.3721698461538462
-0.34504984615384615
-0.27412061538461535
-0.14832553846153845
-0.009179076923076922
0.13789476923076924
0.25534523076923077
0.34651015384615386
0.4141015384615384
0.48816
0.5907987692307692
0.4485230769230769
0.29748553846153847
0.14790830769230767
-0.062376
-0.14185846153846154
-0.28204799999999997
-0.44038707692307694
-0.5943452307692307
-0.6175015384615384
-0.44956615384615384
-0.20861538461538462
0.03504738461538461
0.19630707692307692
0.3648683076923077
0.547824
0.7165938461538461
0.8102621538461537
0.6842584615384616
0.4042966153846154
0.12788123076923075
-0.11494707692307692
-0.2799618461538461
-0.4145187692307692
-0.570563076923077
-0.6191704615384614
-0.6354424615384615
-0.5305089230769231
-0.26932246153846157
-0.06654830769230768
0.1462393846153846
0.31041969230769234
0.37592492307692305
0.4326683076923077
0.4551987692307692
0.4395526153846154
0.3848953846153846
0.2154996923076923
0.015854769230769228
-0.13914646153846155
-0.24074215384615386
-0.29498215384615384
-0.3669544615384615
-0.42494953846153843
-0.46041415384615386
-0.3757163076923077
-0.19442953846153843
-0.03483876923076923
0.12099692307692309
0.2292683076923077
0.327108923076923
0.4612486153846154
0.5204953846153846
0.5223729230769231
0.4514436923076923
0.2953993846153846
0.18983999999999998
0.08699261538461538
-0.05069353846153846
-0.18128676923076922
-0.3077076923076923
-0.39970707692307694
-0.4128498461538462
-0.37926276923076924
-0.31041969230769234
-0.18754523076923074
-0.06049846153846154
0.061124307692307686
0.20861538461538462
0.3248141538461538
0.3682061538461538
0.3744646153846154
0.2924787692307692
0.14749107692307692
-0.0077187692307692304
-0.16876984615384616
-0.2914356923076923
-0.404088
-0.49045476923076925
-0.49003753846153847
-0.4276615384615384
-0.32606584615384615
-0.19046584615384615
-0.05298830769230769
0.09596307692307693
0.25346769230769234
0.3613218461538461
0.3955347692307692
0.37738523076923075
0.3342018461538461
0.26681907692307694
0.19818461538461538
0.10263876923076923
-0.02545107692307692
-0.09283384615384616
-0.12579507692307693
-0.11807630769230769
-0.054657230769230764
-0.012308307692307691
0.04526953846153846
0.11640738461538462
0.17085599999999998
0.2330233846153846
0.2624381538461539
0.2426196923076923
0.19839323076923077
0.13205353846153844
0.04547815384615384
-0.02482523076923077
-0.07009476923076922
-0.1097316923076923
-0.130176
-0.138312
-0.13747753846153846
-0.111192
-0.0771876923076923
-0.04860738461538461
-0.017940923076923077
-0.015854769230769228
-0.02044430769230769
0.011473846153846154
0.029414769230769227
0.021070153846153846
-0.007301538461538462
-0.05778646153846154
-0.06800861538461538
-0.04652123076923077
-0.029623384615384614
-0.024408000000000003
-0.05507446153846154
-0.07593599999999999
-0.06675692307692307
-0.04714707692307692
-0.03233538461538461
-0.03629907692307692
-0.052153846153846155
-0.06863446153846153
-0.05090215384615384
-0.02232184615384615
0.0029206153846153843
0.04547815384615384
0.07051199999999999
0.07531015384615385
0.09241661538461539
0.09450276923076922
0.08469784615384615
0.06884307692307692
0.012934153846153845
-0.03838523076923077
-0.06759138461538462
-0.073224
-0.03567323076923076
-0.0006258461538461538
0.01272553846153846
0.030875076923076922
0.06154153846153846
0.09512861538461538
0.10722830769230769
0.0853236923076923
0.025033846153846153
-0.04902461538461538
-0.11223507692307692
-0.16793538461538463
-0.20486030769230767
-0.22488738461538463
-0.2194633846153846
-0.1804523076923077
-0.12683815384615382
-0.065088
0.002086153846153846
0.04902461538461538
0.07489292307692308
0.08511507692307693
0.07489292307692308
0.05090215384615384
0.004798153846153846
-0.054240000000000003
-0.12454338461538461
-0.19609846153846153
-0.23469230769230767
-0.22530461538461538
-0.17315076923076922
-0.11473846153846154
-0.05778646153846154
0.010639384615384617
0.07948246153846153
0.15520984615384617
0.20694646153846152
0.2238443076923077
0.2194633846153846
0.1785747692307692
0.13747753846153846
0.09596307692307693
0.040262769230769234
0.0006258461538461538
-0.023990769230769232
-0.025659692307692307
-0.003963692307692307
0.018358153846153843
0.03629907692307692
0.045895384615384616
0.03984553846153846
0.030040615384615384
0.011473846153846154
-0.02524246153846154
-0.06321046153846153
-0.09763200000000001
-0.1287156923076923
-0.15333230769230768
-0.14999446153846155
-0.10660246153846153
-0.040262769230769234
0.022947692307692308
0.06425353846153846
0.09700615384615385
0.12621230769230768
0.13518276923076925
0.12704676923076924
0.0892873846153846
0.02273907692307692
-0.03609046153846154
-0.07051199999999999
-0.08302892307692307
-0.078648
-0.06884307692307692
-0.05736923076923077
-0.017315076923076923
0.052153846153846155
0.1289243076923077
0.20131384615384615
0.24595753846153845
0.2526332307692308
0.233232
0.1948467692307692
0.14123261538461537
0.07238953846153846
-0.0012516923076923076
-0.06717415384615384
-0.11286092307692308
-0.12767261538461538
-0.11390399999999999
-0.08094276923076923
-0.04672984615384615
-0.012099692307692308
0.021696
0.05027630769230769
0.07697907692307693
0.07781353846153846
0.04568676923076923
0.01043076923076923
-0.01981846153846154
-0.041514461538461535
-0.05298830769230769
-0.073224
-0.09512861538461538
-0.10597661538461538
-0.09971815384615385
-0.08156861538461539
-0.065088
-0.04652123076923077
-0.028371692307692306
-0.006884307692307692
0.016897846153846156
0.033169846153846154
0.03504738461538461
0.02545107692307692
0.012308307692307691
0.005841230769230769
0.008136
0.013560000000000001
0.01668923076923077
0.006467076923076923
-0.012099692307692308
-0.02858030769230769
-0.034630153846153845
-0.04380923076923077
-0.06133292307692308
-0.08386338461538462
-0.10681107692307691
-0.10994030769230768
-0.09533723076923077
-0.06613107692307692
-0.02795446153846154
0.012516923076923077
0.05778646153846154
0.09930092307692308
0.13476553846153844
0.15500123076923078
0.1449876923076923
0.1178676923076923
0.08949599999999999
0.06800861538461538
0.050067692307692306
0.026076923076923077
-0.0022947692307692304
-0.025659692307692307
-0.02795446153846154
-0.01043076923076923
0.031918153846153846
0.08302892307692307
0.12120553846153845
0.15249784615384615
0.18170399999999998
0.19964492307692308
0.19797599999999999
0.17628
0.1316363076923077
0.06946892307692307
0.003129230769230769
-0.052153846153846155
-0.1097316923076923
-0.1635544615384615
-0.19735015384615384
-0.19442953846153843
-0.1435273846153846
-0.06300184615384616
0.04193169230769231
0.13184492307692308
0.20027076923076922
0.2582658461538461
0.2768326153846154
0.2632726153846154
0.20944984615384615
0.11911938461538461
0.017523692307692306
-0.0826116923076923
-0.15792184615384616
-0.20277415384615383
-0.2261390769230769
-0.22029784615384615
-0.1775316923076923
-0.09971815384615385
-0.0008344615384615384
0.09596307692307693
0.16418030769230768
0.20381723076923075
0.22175815384615383
0.2140393846153846
0.1846246153846154
0.11265230769230769
0.008970461538461538
-0.11494707692307692
-0.23761292307692305
-0.3316984615384615
-0.40012430769230767
-0.4243236923076923
-0.41618769230769226
-0.3600701538461538
-0.2540935384615385
-0.12350030769230769
0.029206153846153847
0.157296
0.2559710769230769
0.3312812307692308
0.3652855384615385
0.36278215384615387
0.31208861538461535
0.21633415384615384
0.09930092307692308
-0.014603076923076923
-0.10201292307692307
-0.14853415384615384
-0.168144
-0.1637630769230769
-0.1356
-0.086784
-0.005632615384615384
0.07843938461538462
0.15646153846153846
0.21716861538461538
0.25346769230769234
0.2862203076923077
0.2995716923076923
0.28893230769230765
0.24574892307692306
0.16689230769230767
0.07781353846153846
-0.011056615384615385
-0.08490646153846154
-0.14811692307692306
-0.21362215384615382
-0.2559710769230769
-0.27704123076923076
-0.27787569230769227
-0.23928184615384615
-0.1883796923076923
-0.12579507692307693
-0.0446436923076923
0.03921969230769231
0.12391753846153845
0.18337292307692307
0.20965846153846154
0.2073636923076923
0.1792006153846154
0.13706030769230768
0.07969107692307692
0.007927384615384614
-0.06884307692307692
-0.13372246153846154
-0.17461107692307692
-0.1785747692307692
-0.14665661538461539
-0.09533723076923077
-0.035464615384615386
0.024199384615384616
0.0853236923076923
0.1449876923076923
0.19463815384615382
0.22864246153846152
0.23052
0.20444307692307692
0.15938215384615384
0.10180430769230768
0.041514461538461535
-0.027328615384615382
-0.09658892307692307
-0.15145476923076923
-0.1800350769230769
-0.18775384615384613
-0.18253846153846154
-0.16856123076923077
-0.13768615384615385
-0.09450276923076922
-0.05611753846153846
-0.01856676923076923
0.0043809230769230765
0.01814953846153846
0.031918153846153846
0.046104
0.06592246153846154
0.08010830769230769
0.08615815384615384
0.08949599999999999
0.08761846153846153
0.08010830769230769
0.059872615384615385
0.02357353846153846
-0.017315076923076923
-0.058412307692307694
-0.08323753846153846
-0.08761846153846153
-0.06967753846153846
-0.029623384615384614
0.018983999999999997
0.08177723076923075
0.146448
0.20778092307692309
0.25054707692307693
0.26118646153846153
0.23364923076923078
0.1760713846153846
0.09846646153846153
0.013560000000000001
-0.0771876923076923
-0.1712732307692308
-0.23949046153846154
-0.27474646153846155
-0.23239753846153846
-0.138312
0.06216738461538462
0.20465169230769228
0.2453316923076923
0.3767593846153846
0.4115981538461538
0.45373846153846153
0.41076369230769233
0.22488738461538463
0.03984553846153846
-0.22989415384615383
-0.37029230769230764
-0.5123593846153845
-0.6663175384615385
-0.7243126153846153
-0.7468430769230768
-0.5578375384615384
-0.3198073846153846
-0.04047138461538462
0.24908676923076922
0.3775938461538461
0.5209126153846153
0.5659735384615384
0.5023458461538461
0.40325353846153844
0.14290153846153844
-0.07551876923076924
-0.3012406153846154
-0.5378104615384616
-0.5734836923076922
-0.593928
-0.5248763076923078
-0.3767593846153846
-0.26160369230769226
-0.06654830769230768
0.08428061538461538
0.235944
0.3890676923076923
0.43642338461538455
0.46896738461538456
0.45895384615384616
0.42724430769230765
0.36632861538461536
0.1942209230769231
0.013351384615384614
-0.18212123076923076
-0.3375396923076923
-0.39407446153846154
-0.4478972307692307
-0.4282873846153846
-0.360696
-0.2722430769230769
-0.10743692307692307
0.02482523076923077
0.13852061538461538
0.2620209230769231
0.3239796923076923
0.40346215384615386
0.458328
0.4443507692307692
0.3896935384615384
0.24887815384615386
0.08490646153846154
-0.11745046153846153
-0.32502276923076917
-0.4873255384615384
-0.6131206153846154
-0.6402406153846154
-0.6206307692307692
-0.5075612307692308
-0.2751636923076923
-0.027328615384615382
0.2655673846153846
0.5236246153846154
0.7026166153846154
0.8246566153846154
0.8206929230769231
0.7311969230769231
0.5392707692307692
0.2601433846153846
-0.014603076923076923
-0.28663753846153844
-0.5121507692307692
-0.6692381538461538
-0.7493464615384616
-0.7069975384615383
-0.566808
-0.35235138461538457
-0.09033046153846153
0.1858763076923077
0.47647753846153845
0.6921858461538462
0.7975366153846153
0.8021261538461537
0.6711156923076923
0.48753415384615384
0.25117292307692307
-0.034630153846153845
-0.28121353846153846
-0.5065181538461538
-0.6569298461538461
-0.7055372307692307
-0.6886393846153845
-0.5699372307692308
-0.38572984615384615
-0.1696043076923077
0.06216738461538462
0.2588916923076923
0.41076369230769233
0.497964923076923
0.5323864615384615
0.519660923076923
0.4372578461538461
0.31646953846153847
0.15333230769230768
-0.02044430769230769
-0.1733593846153846
-0.3060387692307692
-0.36778892307692307
-0.38343507692307693
-0.3571495384615384
-0.26911384615384615
-0.15813046153846153
-0.03400430769230769
0.08594953846153845
0.18483323076923078
0.27140861538461536
0.32001599999999997
0.3206418461538461
0.2897667692307692
0.22676492307692306
0.14436184615384615
0.04860738461538461
-0.03421292307692308
-0.10138707692307691
-0.16501476923076921
-0.2021483076923077
-0.2369870769230769
-0.26640184615384616
-0.27328615384615385
-0.27453784615384613
-0.23949046153846154
-0.17252492307692308
-0.10138707692307691
-0.013768615384615384
0.07113784615384615
0.16209415384615386
0.2563883076923077
0.30436984615384616
0.30708184615384615
0.27412061538461535
0.20694646153846152
0.11724184615384614
0.0016689230769230767
-0.11682461538461539
-0.22572184615384616
-0.31626092307692305
-0.3538116923076923
-0.3483876923076923
-0.28663753846153844
-0.19192615384615386
-0.09429415384615383
0.019609846153846155
0.12016246153846154
0.214248
0.28788923076923073
0.31646953846153847
0.31062830769230765
0.2561796923076923
0.17690584615384616
0.09804923076923076
0.017315076923076923
-0.07072061538461538
-0.1558356923076923
-0.20861538461538462
-0.222384
-0.19881046153846152
-0.15625292307692307
-0.11035753846153845
-0.059038153846153844
-0.0043809230769230765
0.059872615384615385
0.13226215384615383
0.1802436923076923
0.1992276923076923
0.18921415384615384
0.157296
0.1316363076923077
0.09491999999999999
0.03775938461538462
-0.017940923076923077
-0.05778646153846154
-0.0771876923076923
-0.07468430769230769
-0.06633969230769231
-0.055491692307692304
-0.038176615384615385
-0.015228923076923076
0.02586830769230769
0.08699261538461538
0.15208061538461537
0.20173107692307693
0.2288510769230769
0.24428861538461538
0.2605606153846154
0.2705741538461538
0.2557624615384615
0.2090326153846154
0.14164984615384615
0.06049846153846154
-0.01397723076923077
-0.06049846153846154
-0.09575446153846154
-0.1136953846153846
-0.11870215384615385
-0.10347323076923076
-0.04172307692307692
0.030875076923076922
0.10535076923076922
0.17002153846153847
0.2138307692307692
0.24887815384615386
0.25659692307692306
0.23969907692307693
0.18253846153846154
0.08094276923076923
-0.03400430769230769
-0.1435273846153846
-0.2205064615384615
-0.2749550769230769
-0.3127144615384615
-0.31688676923076925
-0.29185292307692307
-0.22530461538461538
-0.13059323076923077
-0.040679999999999994
0.046104
0.10368184615384615
0.13914646153846155
0.16167692307692308
0.14728246153846153
0.11765907692307691
0.06529661538461538
0.0029206153846153843
-0.04839876923076923
-0.08574092307692306
-0.09241661538461539
-0.09012184615384615
-0.07593599999999999
-0.04276615384615385
0.003129230769230769
0.06300184615384616
0.1218313846153846
0.15917353846153848
0.17377661538461536
0.1652233846153846
0.14039815384615384
0.11140061538461538
0.06195876923076923
0.0016689230769230767
-0.05716061538461538
-0.10764553846153846
-0.13038461538461538
-0.14123261538461537
-0.14331876923076922
-0.1489513846153846
-0.1639716923076923
-0.17002153846153847
-0.17899199999999998
-0.18629353846153843
-0.20006215384615383
-0.22029784615384615
-0.2207150769230769
-0.20402584615384614
-0.1637630769230769
-0.10576799999999999
-0.05611753846153846
-0.013142769230769229
0.024408000000000003
0.052571076923076915
0.06487938461538462
0.042974769230769226
0.0004172307692307692
-0.051528
-0.10514215384615383
-0.13476553846153844
-0.1397723076923077
-0.1218313846153846
-0.07551876923076924
0.001043076923076923
0.10076123076923077
0.2008966153846154
0.2862203076923077
0.34943076923076927
0.3786369230769231
0.3684147692307692
0.3269003076923077
0.2624381538461539
0.1787833846153846
0.08240307692307691
-0.011265230769230769
-0.07802215384615384
-0.11140061538461538
-0.10514215384615383
-0.07656184615384615
-0.03379569230769231
0.03296123076923077
0.09533723076923077
0.1597993846153846
0.20673784615384616
0.2125790769230769
0.1908830769230769
0.12996738461538462
0.05611753846153846
-0.018775384615384614
-0.09158215384615384
-0.1489513846153846
-0.18086953846153844
-0.17002153846153847
-0.12016246153846154
-0.035464615384615386
0.055491692307692304
0.13330523076923076
0.18983999999999998
0.21341353846153846
0.2073636923076923
0.1704387692307692
0.0936683076923077
-0.008970461538461538
-0.10263876923076923
-0.16856123076923077
-0.18858830769230767
-0.1733593846153846
-0.13455692307692307
-0.07009476923076922
0.009387692307692307
0.09387692307692307
0.168144
0.20778092307692309
0.20339999999999997
0.17231630769230769
0.12329169230769231
0.06863446153846153
0.016063384615384615
-0.04214030769230769
-0.09241661538461539
-0.12037107692307693
-0.12767261538461538
-0.11014892307692307
-0.073224
-0.03755076923076923
-0.0016689230769230767
0.03358707692307692
0.06404492307692307
0.08866153846153846
0.08845292307692308
0.06133292307692308
0.02023569230769231
-0.027745846153846152
-0.06633969230769231
-0.09992676923076924
-0.1341396923076923
-0.16167692307692308
-0.17565415384615385
-0.17502830769230768
-0.16063384615384615
-0.12975876923076923
-0.10159569230769232
-0.07948246153846153
-0.06049846153846154
-0.03880246153846154
0.0014603076923076922
0.042348923076923076
0.07009476923076922
0.08991323076923076
0.09930092307692308
0.10263876923076923
0.10514215384615383
0.08302892307692307
0.0448523076923077
-0.003755076923076923
-0.06446215384615385
-0.09992676923076924
-0.11953661538461538
-0.1353913846153846
-0.13747753846153846
-0.1205796923076923
-0.07343261538461537
-0.006884307692307692
0.06362769230769232
0.12621230769230768
0.17169046153846151
0.19442953846153843
0.19213476923076922
0.1704387692307692
0.1178676923076923
0.03588184615384615
-0.05528307692307692
-0.14039815384615384
-0.20673784615384616
-0.24679199999999998
-0.2624381538461539
-0.2492953846153846
-0.20360861538461536
-0.13768615384615385
-0.05611753846153846
0.00855323076923077
0.03921969230769231
0.05528307692307692
0.05194523076923077
0.034630153846153845
0.008136
-0.029414769230769227
-0.06967753846153846
-0.11181784615384616
-0.1424843076923077
-0.14164984615384615
-0.11891076923076922
-0.09408553846153846
-0.07030338461538461
-0.03963692307692308
0.003755076923076923
0.04839876923076923
0.09179076923076923
0.12245723076923076
0.13226215384615383
0.12454338461538461
0.09971815384615385
0.06717415384615384
0.024199384615384616
-0.03045784615384615
-0.08156861538461539
-0.10493353846153847
-0.09012184615384615
-0.04172307692307692
0.01710646153846154
0.07259815384615384
0.11995384615384615
0.15333230769230768
0.168144
0.14540492307692307
0.08949599999999999
0.008136
-0.08657538461538461
-0.16835261538461538
-0.23364923076923078
-0.2774584615384615
-0.309168
-0.3346190769230769
-0.2872633846153846
-0.1696043076923077
0.005215384615384615
0.22008923076923076
0.39595199999999997
0.5801593846153845
0.7478861538461538
0.8473956923076923
0.9022615384615383
0.8075501538461538
0.5755698461538461
0.2647329230769231
-0.017523692307692306
-0.23156307692307693
-0.4539470769230769
-0.5699372307692308
-0.6412836923076922
-0.5770301538461539
-0.35005661538461535
-0.07885661538461539
0.2638984615384615
0.5094387692307691
0.6894738461538461
0.802752
0.768121846153846
0.644412923076923
0.3698750769230769
0.0006258461538461538
-0.3673716923076923
-0.6792516923076923
-0.8473956923076923
-0.8934996923076922
-0.8110966153846153
-0.6074879999999999
-0.34338092307692303
-0.03859384615384615
0.2509643076923077
0.49045476923076925
0.6218824615384615
0.577656
0.44956615384615384
0.26723630769230766
0.06404492307692307
-0.09095630769230768
-0.23406646153846156
-0.3392086153846154
-0.4049224615384615
-0.4182738461538461
-0.3425464615384616
-0.24512307692307692
-0.16876984615384616
-0.09784061538461537
-0.03483876923076923
0.032544
0.08031692307692308
0.08323753846153846
0.05069353846153846
-0.003963692307692307
-0.03755076923076923
-0.04756430769230769
-0.03442153846153846
-0.0043809230769230765
0.028371692307692306
0.07238953846153846
0.0961716923076923
0.08386338461538462
0.049233230769230765
-0.0448523076923077
-0.16271999999999998
-0.25701415384615384
-0.32210215384615387
-0.30708184615384615
-0.2330233846153846
-0.10660246153846153
0.07301538461538462
0.24887815384615386
0.4086775384615385
0.527171076923077
0.5536652307692308
0.47355692307692304
0.3202246153846154
0.14811692307692306
-0.037967999999999995
-0.20778092307692309
-0.3342018461538461
-0.41556184615384617
-0.4076344615384615
-0.32001599999999997
-0.17377661538461536
0.0043809230769230765
0.16313723076923078
0.3195987692307692
0.4577021538461538
0.5325950769230768
0.5340553846153846
0.4383009230769231
0.26118646153846153
0.06967753846153846
-0.10764553846153846
-0.2574313846153846
-0.35151692307692306
-0.3819747692307692
-0.33587076923076925
-0.21508246153846153
-0.02753723076923077
0.18399876923076922
0.37091815384615384
0.5102732307692307
0.5540824615384615
0.5232073846153845
0.4351716923076923
0.2951907692307692
0.1476996923076923
-0.020027076923076922
-0.17294215384615383
-0.2680707692307692
-0.30895938461538464
-0.2814221538461538
-0.20381723076923075
-0.11745046153846153
-0.029206153846153847
0.06195876923076923
0.13601723076923075
0.1869193846153846
0.18066092307692305
0.12120553846153845
0.04088861538461538
-0.05382276923076923
-0.12683815384615382
-0.1794092307692308
-0.21091015384615383
-0.2209236923076923
-0.19985353846153847
-0.13664307692307692
-0.06759138461538462
-0.0077187692307692304
0.02086153846153846
0.018983999999999997
0.012934153846153845
0.002086153846153846
-0.013351384615384614
-0.023990769230769232
-0.030875076923076922
-0.018775384615384614
0.02086153846153846
0.06905169230769231
0.1397723076923077
0.2125790769230769
0.26452430769230767
0.29498215384615384
0.2818393846153846
0.23531815384615382
0.16271999999999998
0.07572738461538461
-0.018775384615384614
-0.10806276923076923
-0.15938215384615384
-0.16793538461538463
-0.12350030769230769
-0.04714707692307692
0.048816000000000005
0.16856123076923077
0.2655673846153846
0.32335384615384616
0.330864
0.2749550769230769
0.16856123076923077
0.029832
-0.11828492307692307
-0.26118646153846153
-0.37592492307692305
-0.44268184615384615
-0.44643692307692306
-0.3817661538461538
-0.2659846153846154
-0.11432123076923076
0.058412307692307694
0.23052
0.38280923076923074
0.47418276923076924
0.46688123076923077
0.38677292307692307
0.24616615384615384
0.06070707692307692
-0.1314276923076923
-0.3143833846153846
-0.4489403076923077
-0.5198695384615385
-0.5242504615384616
-0.4389267692307692
-0.29101846153846156
-0.11724184615384614
0.061124307692307686
0.20965846153846154
0.314592
0.35986153846153845
0.3408775384615384
0.2751636923076923
0.16501476923076921
0.03880246153846154
-0.08240307692307691
-0.17899199999999998
-0.23156307692307693
-0.25388492307692306
-0.22530461538461538
-0.16188553846153847
-0.08469784615384615
0.019609846153846155
0.10076123076923077
0.14790830769230767
0.15833907692307692
0.13038461538461538
0.09012184615384615
0.030040615384615384
-0.029623384615384614
-0.08386338461538462
-0.12391753846153845
-0.132888
-0.11432123076923076
-0.0717636923076923
-0.02524246153846154
0.017940923076923077
0.04547815384615384
0.04214030769230769
0.02044430769230769
-0.028788923076923077
-0.10827138461538462
-0.19359507692307693
-0.268488
-0.31188
-0.30666461538461537
-0.2605606153846154
-0.1881710769230769
-0.09158215384615384
0.0029206153846153843
0.09241661538461539
0.1783661538461538
0.225096
0.22405292307692307
0.16710092307692306
0.07635323076923077
-0.013560000000000001
-0.09137353846153846
-0.14790830769230767
-0.17502830769230768
-0.16876984615384616
-0.12621230769230768
-0.05319692307692307
0.03045784615384615
0.10827138461538462
0.165432
0.19317784615384614
0.2021483076923077
0.19881046153846152
0.1829556923076923
0.14665661538461539
0.09554584615384615
0.047772923076923074
0.008970461538461538
-0.021696
-0.05090215384615384
-0.07781353846153846
-0.09867507692307692
-0.11390399999999999
-0.12391753846153845
-0.12934153846153845
-0.13643446153846153
-0.1422756923076923
-0.15145476923076923
-0.14936861538461538
-0.11223507692307692
-0.06821723076923077
-0.028788923076923077
0.005841230769230769
0.040679999999999994
0.08720123076923077
0.1287156923076923
0.16167692307692308
0.16710092307692306
0.14269292307692305
0.09992676923076924
0.044435076923076924
0.004589538461538461
-0.03212676923076923
-0.05757784615384615
-0.06195876923076923
-0.042348923076923076
0.01397723076923077
0.08699261538461538
0.15813046153846153
0.21716861538461538
0.2626467692307692
0.28955815384615385
0.2926873846153846
0.2628553846153846
0.19818461538461538
0.09554584615384615
-0.029623384615384614
-0.143736
-0.22801661538461537
-0.26619323076923074
-0.276624
-0.249504
-0.184416
-0.09930092307692308
-0.0022947692307692304
0.07301538461538462
0.12642092307692307
0.1424843076923077
0.12350030769230769
0.08845292307692308
0.04172307692307692
-0.01043076923076923
-0.06341907692307691
-0.09700615384615385
-0.10117846153846152
-0.07280676923076923
-0.030875076923076922
0.016063384615384615
0.05382276923076923
0.07656184615384615
0.09179076923076923
0.09554584615384615
0.08761846153846153
0.05799507692307692
0.016063384615384615
-0.03296123076923077
-0.07364123076923076
-0.10347323076923076
-0.12955015384615384
-0.1397723076923077
-0.12850707692307692
-0.09471138461538461
-0.04693846153846153
0.010848
0.04965046153846154
0.06341907692307691
0.05444861538461539
0.022947692307692308
-0.013768615384615384
-0.06258461538461538
-0.10681107692307691
-0.14123261538461537
-0.15082892307692305
-0.11807630769230769
-0.050067692307692306
0.04047138461538462
0.12704676923076924
0.2059033846153846
0.2703655384615385
0.3039526153846154
0.3035353846153846
0.25972615384615383
0.17628
0.07969107692307692
-0.015228923076923076
-0.08636676923076922
-0.14206707692307693
-0.18650215384615382
-0.19964492307692308
-0.19004861538461537
-0.15291507692307693
-0.08615815384615384
-0.006049846153846154
0.07489292307692308
0.14060676923076923
0.18629353846153843
0.21091015384615383
0.20819815384615384
0.18253846153846154
0.12704676923076924
0.05924676923076923
-0.012934153846153845
-0.07510153846153846
-0.11140061538461538
-0.13434830769230768
-0.1424843076923077
-0.13247076923076923
-0.09846646153846153
-0.03379569230769231
0.05277969230769231
0.130176
0.20527753846153846
0.25847446153846154
0.2883064615384615
0.3102110769230769
0.29080984615384614
0.24658338461538462
0.18086953846153844
0.11286092307692308
0.06446215384615385
0.018775384615384614
-0.017523692307692306
-0.0448523076923077
-0.06028984615384615
-0.05820369230769231
-0.051528
-0.04318338461538461
-0.04088861538461538
-0.04318338461538461
-0.03379569230769231
-0.015020307692307692
0.016480615384615385
0.04672984615384615
0.06884307692307692
0.08887015384615385
0.08866153846153846
0.07405846153846153
0.0446436923076923
-0.0016689230769230767
-0.05945538461538461
-0.12329169230769231
-0.17523692307692307
-0.20715507692307691
-0.20694646153846152
-0.18066092307692305
-0.13121907692307694
-0.049233230769230765
0.04985907692307692
0.15374953846153847
0.2532590769230769
0.32001599999999997
0.3452584615384615
0.33524492307692305
0.2891409230769231
0.21696000000000001
0.11891076923076922
0.005215384615384615
-0.10660246153846153
-0.19693292307692306
-0.2480436923076923
-0.25701415384615384
-0.23156307692307693
-0.17565415384615385
-0.08386338461538462
0.03150092307692308
0.1476996923076923
0.2424110769230769
0.29456492307692306
0.29873723076923075
0.25451076923076926
0.17294215384615383
0.06633969230769231
-0.05403138461538461
-0.16981292307692308
-0.27140861538461536
-0.32335384615384616
-0.3248141538461538
-0.2782929230769231
-0.18128676923076922
-0.07030338461538461
0.04860738461538461
0.1435273846153846
0.200688
0.21633415384615384
0.16271999999999998
0.059872615384615385
-0.08428061538461538
-0.20506892307692307
-0.24428861538461538
-0.23531815384615382
-0.14457046153846154
-0.022947692307692308
0.12454338461538461
0.32210215384615387
0.47960676923076917
0.6031070769230769
0.6006036923076923
0.5040147692307693
0.34296369230769225
0.11995384615384615
-0.09012184615384615
-0.33482769230769227
-0.5127766153846154
-0.6385716923076923
-0.6650658461538461
-0.5503273846153846
-0.37300430769230764
-0.11098338461538461
0.14060676923076923
0.3692492307692308
0.5380190769230769
0.5864178461538462
0.5411483076923076
0.3826006153846154
0.1502030769230769
-0.12642092307692307
-0.40930338461538457
-0.6220910769230769
-0.737664
-0.7276504615384615
-0.6043587692307693
-0.4109723076923077
-0.16689230769230767
0.078648
0.3035353846153846
0.4714707692307692
0.5163230769230769
0.47647753846153845
0.368832
0.21842030769230766
0.06446215384615385
-0.10785415384615385
-0.2624381538461539
-0.3826006153846154
-0.4650036923076923
-0.4887858461538461
-0.46375199999999994
-0.3978295384615384
-0.2899753846153846
-0.15813046153846153
-0.022530461538461537
0.08448923076923077
0.15604430769230768
0.1913003076923077
0.18775384615384613
0.1656406153846154
0.11682461538461539
0.07405846153846153
0.056326153846153845
0.04714707692307692
0.06529661538461538
0.08323753846153846
0.05945538461538461
0.018775384615384614
-0.03045784615384615
-0.08845292307692308
-0.13998092307692306
-0.19004861538461537
-0.20173107692307693
-0.1612596923076923
-0.086784
0.03108369230769231
0.16209415384615386
0.2845513846153846
0.3775938461538461
0.40888615384615384
0.3798886153846154
0.2926873846153846
0.16626646153846153
0.010222153846153844
-0.16313723076923078
-0.31104553846153843
-0.409512
-0.4424732307692308
-0.4113895384615384
-0.33295015384615384
-0.2154996923076923
-0.06738276923076922
0.11056615384615384
0.29832
0.44977476923076926
0.5392707692307692
0.554916923076923
0.4948356923076923
0.376968
0.21091015384615383
0.016480615384615385
-0.17690584615384616
-0.3385827692307692
-0.4453938461538462
-0.4750172307692308
-0.4113895384615384
-0.2864289230769231
-0.12350030769230769
0.055491692307692304
0.21591692307692306
0.3490135384615385
0.42369784615384615
0.4220289230769231
0.3600701538461538
0.2517987692307692
0.11911938461538461
-0.015854769230769228
-0.1422756923076923
-0.23886461538461537
-0.3016578461538461
-0.3344104615384615
-0.3193901538461538
-0.2618123076923077
-0.18525046153846153
-0.09721476923076922
-0.019609846153846155
0.03984553846153846
0.08073415384615384
0.10138707692307691
0.11140061538461538
0.09241661538461539
0.06550523076923077
0.03838523076923077
0.02044430769230769
0.027120000000000002
0.028163076923076923
0.03483876923076923
0.04860738461538461
0.06341907692307691
0.08761846153846153
0.08761846153846153
0.05924676923076923
0.02211323076923077
-0.026702769230769228
-0.05778646153846154
-0.06926030769230769
-0.07802215384615384
-0.06759138461538462
-0.04172307692307692
0.006258461538461538
0.07468430769230769
0.13935507692307691
0.19150892307692308
0.21800307692307694
0.22342707692307692
0.20924123076923076
0.16626646153846153
0.11327815384615383
0.052153846153846155
-0.008970461538461538
-0.059664
-0.10138707692307691
-0.11098338461538461
-0.10138707692307691
-0.08907876923076924
-0.06341907692307691
-0.03296123076923077
0.014811692307692307
0.062376
0.08761846153846153
0.09763200000000001
0.08073415384615384
0.054240000000000003
0.03024923076923077
0.0016689230769230767
-0.030875076923076922
-0.07238953846153846
-0.09846646153846153
-0.103056
-0.0880356923076923
-0.05027630769230769
-0.023364923076923075
-0.003755076923076923
0.0006258461538461538
-0.015854769230769228
-0.02858030769230769
-0.05507446153846154
-0.0855323076923077
-0.11202646153846153
-0.13476553846153844
-0.12621230769230768
-0.08448923076923077
-0.01981846153846154
0.05507446153846154
0.12120553846153845
0.18107815384615383
0.21800307692307694
0.22634769230769228
0.19964492307692308
0.12955015384615384
0.04631261538461538
-0.05069353846153846
-0.12537784615384615
-0.16313723076923078
-0.17231630769230769
-0.1316363076923077
-0.07197230769230768
0.01940123076923077
0.13747753846153846
0.2438713846153846
0.3246055384615385
0.35568923076923076
0.33962584615384617
0.2828824615384615
0.19171753846153847
0.06487938461538462
-0.08073415384615384
-0.22321846153846153
-0.32898646153846156
-0.3805144615384615
-0.3832264615384615
-0.3319070769230769
-0.25346769230769234
-0.13935507692307691
-0.009596307692307692
0.12391753846153845
0.24428861538461538
0.30854215384615385
0.32335384615384616
0.2782929230769231
0.19714153846153845
0.09658892307692307
-0.017315076923076923
-0.11807630769230769
-0.19046584615384615
-0.2209236923076923
-0.20235692307692305
-0.14269292307692305
-0.05277969230769231
0.043600615384615383
0.12412615384615384
0.1923433846153846
0.2275993846153846
0.23010276923076922
0.19171753846153847
0.11807630769230769
0.0446436923076923
-0.026494153846153844
-0.061124307692307686
-0.06738276923076922
-0.056951999999999996
-0.02211323076923077
0.016272
0.061750153846153844
0.10806276923076923
0.1358086153846154
0.13872923076923074
0.11870215384615385
0.08094276923076923
0.037967999999999995
-0.0014603076923076922
-0.03692492307692308
-0.06675692307692307
-0.08845292307692308
-0.09095630769230768
-0.06967753846153846
-0.03880246153846154
-0.015228923076923076
-0.006049846153846154
-0.0043809230769230765
-0.0029206153846153843
-0.002086153846153846
-0.0043809230769230765
-0.017523692307692306
-0.04088861538461538
-0.05403138461538461
-0.056951999999999996
-0.04380923076923077
-0.022947692307692308
-0.01814953846153846
-0.024199384615384616
-0.03421292307692308
-0.03045784615384615
-0.02044430769230769
-0.009596307692307692
0.003963692307692307
0.02023569230769231
0.04902461538461538
0.092208
0.14436184615384615
0.18316430769230768
0.20006215384615383
0.19985353846153847
0.18170399999999998
0.14269292307692305
0.08490646153846154
0.007510153846153846
-0.06905169230769231
-0.13267938461538462
-0.18337292307692307
-0.18921415384615384
-0.16480615384615382
-0.11828492307692307
-0.03838523076923077
0.061750153846153844
0.18066092307692305
0.28788923076923073
0.3490135384615385
0.35631507692307696
0.31041969230769234
0.21800307692307694
0.086784
-0.06905169230769231
-0.2330233846153846
-0.38030584615384616
-0.47877230769230766
-0.5071439999999999
-0.4750172307692308
-0.3863556923076923
-0.2588916923076923
-0.11160923076923077
0.03713353846153846
0.1543753846153846
0.23844738461538462
0.2680707692307692
0.24908676923076922
0.1908830769230769
0.10013538461538461
0.006049846153846154
-0.0828203076923077
-0.15562707692307692
-0.20152246153846154
-0.2140393846153846
-0.1923433846153846
-0.1424843076923077
-0.08594953846153845
-0.026702769230769228
0.02524246153846154
0.07072061538461538
0.11181784615384616
0.13747753846153846
0.15520984615384617
0.154584
0.14957723076923077
0.15145476923076923
0.16021661538461537
0.17419384615384614
0.15833907692307692
0.12162276923076921
0.08031692307692308
0.030040615384615384
-0.01940123076923077
-0.07739630769230768
-0.13059323076923077
-0.1733593846153846
-0.19839323076923077
-0.1923433846153846
-0.16626646153846153
-0.119328
-0.06362769230769232
-0.005424
0.059664
0.11411261538461538
0.15124615384615384
0.1710646153846154
0.1639716923076923
0.13267938461538462
0.08052553846153847
0.02044430769230769
-0.03942830769230769
-0.11035753846153845
-0.17252492307692308
-0.1992276923076923
-0.18963138461538462
-0.14206707692307693
-0.07885661538461539
-0.01043076923076923
0.06070707692307692
0.1178676923076923
0.1710646153846154
0.20173107692307693
0.19046584615384615
0.1449876923076923
0.0771876923076923
0.017523692307692306
-0.023364923076923075
-0.059872615384615385
-0.08469784615384615
-0.10535076923076922
-0.11411261538461538
-0.10096984615384616
-0.0853236923076923
-0.04819015384615385
-0.013768615384615384
0.023990769230769232
0.07697907692307693
0.1178676923076923
0.16438892307692307
0.1923433846153846
0.20027076923076922
0.19735015384615384
0.16418030769230768
0.12266584615384615
0.06800861538461538
0.0025033846153846152
-0.05945538461538461
-0.12287446153846153
-0.16772676923076923
-0.18921415384615384
-0.1846246153846154
-0.15938215384615384
-0.12621230769230768
-0.07969107692307692
-0.02586830769230769
0.028163076923076923
0.06800861538461538
0.0826116923076923
0.08073415384615384
0.06800861538461538
0.04172307692307692
0.005632615384615384
-0.04693846153846153
-0.1097316923076923
-0.1570873846153846
-0.1783661538461538
-0.17252492307692308
-0.1462393846153846
-0.111192
-0.06404492307692307
-0.0022947692307692304
0.06487938461538462
0.12913292307692306
0.1802436923076923
0.20173107692307693
0.19797599999999999
0.17085599999999998
0.12433476923076923
0.0744756923076923
0.014394461538461538
-0.0446436923076923
-0.09825784615384614
-0.13601723076923075
-0.15416676923076922
-0.16167692307692308
-0.15771323076923077
-0.15082892307692305
-0.1314276923076923
-0.09575446153846154
-0.04088861538461538
0.021696
0.06133292307692308
0.0892873846153846
0.11327815384615383
0.12683815384615382
0.11536430769230768
0.06967753846153846
0.002086153846153846
-0.09262523076923077
-0.16313723076923078
-0.23052
-0.27620676923076926
-0.2887236923076923
-0.2872633846153846
-0.1994363076923077
-0.08073415384615384
0.1733593846153846
0.3410861538461538
0.3817661538461538
0.4814843076923077
0.45102646153846154
0.48190153846153844
0.39324
0.18149538461538461
-0.016272
-0.26869661538461537
-0.31229723076923077
-0.3550633846153846
-0.36445107692307693
-0.32272799999999996
-0.3004061538461538
-0.08490646153846154
0.11745046153846153
0.34651015384615386
0.5255021538461538
0.5202867692307692
0.5371846153846154
0.45686769230769225
0.3421292307692308
0.21779446153846155
-0.01981846153846154
-0.17648861538461538
-0.3584012307692308
-0.5169489230769231
-0.4925409230769231
-0.4514436923076923
-0.3239796923076923
-0.18525046153846153
-0.08428061538461538
0.07364123076923076
0.18629353846153843
0.3116713846153846
0.3988726153846154
0.3652855384615385
0.2966510769230769
0.1994363076923077
0.14582215384615385
0.10076123076923077
-0.024199384615384616
-0.1435273846153846
-0.26097784615384617
-0.3039526153846154
-0.2574313846153846
-0.2303113846153846
-0.17648861538461538
-0.12558646153846154
-0.058829538461538454
0.06487938461538462
0.13706030769230768
0.18170399999999998
0.2056947692307692
0.17502830769230768
0.1775316923076923
0.1787833846153846
0.16042523076923076
0.11828492307692307
0.023990769230769232
-0.053405538461538456
-0.1287156923076923
-0.18066092307692305
-0.19755876923076923
-0.21091015384615383
-0.19004861538461537
-0.1804523076923077
-0.12496061538461539
-0.006258461538461538
0.08991323076923076
0.1942209230769231
0.25200738461538463
0.2764153846153846
0.306456
0.2851772307692308
0.2557624615384615
0.1783661538461538
0.06821723076923077
0.0025033846153846152
-0.051319384615384614
-0.08240307692307691
-0.11724184615384614
-0.1489513846153846
-0.12287446153846153
-0.06467076923076923
0.007927384615384614
0.06446215384615385
0.09909230769230769
0.1504116923076923
0.168144
0.15917353846153848
0.138312
0.06300184615384616
0.003755076923076923
-0.04902461538461538
-0.09450276923076922
-0.08386338461538462
-0.07155507692307693
-0.03045784615384615
0.018775384615384614
0.04735569230769231
0.09971815384615385
0.14519630769230768
0.18149538461538461
0.18107815384615383
0.14060676923076923
0.08386338461538462
0.006675692307692307
-0.04318338461538461
-0.073224
-0.09763200000000001
-0.10159569230769232
-0.10013538461538461
-0.061124307692307686
0.003755076923076923
0.05298830769230769
0.10409907692307692
0.1178676923076923
0.10222153846153846
0.09325107692307691
0.06633969230769231
0.021696
-0.06154153846153846
-0.15103753846153847
-0.1942209230769231
-0.20423446153846153
-0.18963138461538462
-0.16876984615384616
-0.14394461538461537
-0.09471138461538461
-0.027328615384615382
0.05069353846153846
0.12204
0.16084246153846155
0.1712732307692308
0.1422756923076923
0.08511507692307693
0.03045784615384615
-0.03692492307692308
-0.08073415384615384
-0.0988836923076923
-0.10994030769230768
-0.08031692307692308
-0.02357353846153846
0.06759138461538462
0.16292861538461537
0.2125790769230769
0.23510953846153848
0.23531815384615382
0.21174461538461536
0.1691870769230769
0.09846646153846153
0.01397723076923077
-0.06529661538461538
-0.11640738461538462
-0.12704676923076924
-0.13080184615384613
-0.12600369230769232
-0.11557292307692307
-0.09846646153846153
-0.06571384615384615
-0.04380923076923077
-0.028788923076923077
-0.02753723076923077
-0.03024923076923077
-0.02899753846153846
-0.04380923076923077
-0.05507446153846154
-0.06362769230769232
-0.06842584615384616
-0.06362769230769232
-0.05757784615384615
-0.03775938461538462
-0.007927384615384614
0.018983999999999997
0.037967999999999995
0.04318338461538461
0.040679999999999994
0.03379569230769231
0.031918153846153846
0.03880246153846154
0.03567323076923076
0.028163076923076923
0.029623384615384614
0.042557538461538466
0.05778646153846154
0.06654830769230768
0.06383630769230769
0.06467076923076923
0.05674338461538461
0.03024923076923077
0.002086153846153846
-0.037342153846153844
-0.06738276923076922
-0.08866153846153846
-0.10180430769230768
-0.10472492307692308
-0.0988836923076923
-0.06425353846153846
-0.015020307692307692
0.043600615384615383
0.10180430769230768
0.14749107692307692
0.17523692307692307
0.18191261538461537
0.15667015384615385
0.09909230769230769
0.018775384615384614
-0.07280676923076923
-0.14916
-0.20632061538461538
-0.21925476923076925
-0.19505538461538463
-0.14811692307692306
-0.04902461538461538
0.07927384615384615
0.21466523076923077
0.3285692307692308
0.3819747692307692
0.3846867692307692
0.33295015384615384
0.23218892307692307
0.11140061538461538
-0.02357353846153846
-0.15875630769230767
-0.27620676923076926
-0.3573581538461538
-0.38072307692307694
-0.355272
-0.279336
-0.17628
-0.062376
0.07531015384615385
0.20256553846153844
0.3031181538461538
0.3577753846153846
0.3454670769230769
0.27787569230769227
0.16188553846153847
0.03045784615384615
-0.0961716923076923
-0.22008923076923076
-0.3193901538461538
-0.37237846153846155
-0.3584012307692308
-0.287472
-0.18545907692307692
-0.06988615384615385
0.04652123076923077
0.15124615384615384
0.2355267692307692
0.2937304615384615
0.29685969230769227
0.24512307692307692
0.15124615384615384
0.04088861538461538
-0.06195876923076923
-0.1612596923076923
-0.24637476923076923
-0.3077076923076923
-0.3248141538461538
-0.30144923076923075
-0.24178523076923078
-0.157296
-0.07426707692307692
0.006675692307692307
0.07489292307692308
0.1353913846153846
0.17982646153846152
0.1910916923076923
0.16647507692307692
0.10806276923076923
0.03588184615384615
-0.034630153846153845
-0.09658892307692307
-0.14457046153846154
-0.17544553846153846
-0.1869193846153846
-0.16021661538461537
-0.09784061538461537
-0.013768615384615384
0.07072061538461538
0.13101046153846155
0.1760713846153846
0.19735015384615384
0.19568123076923075
0.1712732307692308
0.11745046153846153
0.04631261538461538
-0.013768615384615384
-0.03859384615384615
-0.030040615384615384
-0.0016689230769230767
0.02795446153846154
0.058829538461538454
0.08699261538461538
0.11724184615384614
0.14039815384615384
0.1395636923076923
0.10868861538461538
0.05069353846153846
-0.008344615384615384
-0.06759138461538462
-0.11494707692307692
-0.13726892307692307
-0.14540492307692307
-0.12850707692307692
-0.09053907692307692
-0.03150092307692308
0.03609046153846154
0.07823076923076923
0.09784061538461537
0.10576799999999999
0.10639384615384614
0.10117846153846152
0.08469784615384615
0.053614153846153846
0.01043076923076923
-0.025659692307692307
-0.03421292307692308
-0.03379569230769231
-0.031918153846153846
-0.03755076923076923
-0.05111076923076923
-0.052153846153846155
-0.05194523076923077
-0.043392
-0.032544
-0.026911384615384615
-0.02023569230769231
-0.014394461538461538
0.0008344615384615384
0.01940123076923077
0.029414769230769227
0.03275261538461539
0.03650769230769231
0.04756430769230769
0.054240000000000003
0.05069353846153846
0.04109723076923077
0.021487384615384613
-0.002086153846153846
-0.020652923076923076
-0.03880246153846154
-0.052153846153846155
-0.055491692307692304
-0.047772923076923074
-0.019609846153846155
0.018983999999999997
0.06070707692307692
0.100344
0.12287446153846153
0.13101046153846155
0.12329169230769231
0.09283384615384616
0.052153846153846155
-0.0035464615384615383
-0.05486584615384615
-0.0855323076923077
-0.09053907692307692
-0.06279323076923077
-0.022947692307692308
0.023364923076923075
0.061124307692307686
0.09450276923076922
0.119328
0.11870215384615385
0.09053907692307692
0.033169846153846154
-0.03379569230769231
-0.10117846153846152
-0.1612596923076923
-0.208824
-0.23281476923076924
-0.22822523076923076
-0.1927606153846154
-0.130176
-0.04693846153846153
0.04130584615384615
0.11473846153846154
0.1800350769230769
0.22029784615384615
0.22676492307692306
0.19797599999999999
0.13768615384615385
0.05319692307692307
-0.048816000000000005
-0.13852061538461538
-0.20381723076923075
-0.23156307692307693
-0.21612553846153845
-0.16897846153846155
-0.08907876923076924
0.012099692307692308
0.12224861538461537
0.22196676923076922
0.28434276923076923
0.30416123076923074
0.28350830769230767
0.23949046153846154
0.17231630769230769
0.07301538461538462
-0.04380923076923077
-0.15625292307692307
-0.24574892307692306
-0.2939390769230769
-0.29685969230769227
-0.27474646153846155
-0.22405292307692307
-0.14728246153846153
-0.055491692307692304
0.05486584615384615
0.16418030769230768
0.2582658461538461
0.32564861538461537
0.3467187692307692
0.3319070769230769
0.2772498461538462
0.18900553846153845
0.08386338461538462
-0.03921969230769231
-0.15479261538461536
-0.2399076923076923
-0.2862203076923077
-0.2981113846153846
-0.2789187692307692
-0.2221753846153846
-0.1356
-0.02795446153846154
0.09554584615384615
0.2238443076923077
0.3375396923076923
0.41326707692307696
0.4518609230769231
0.4554073846153846
0.412224
0.3312812307692308
0.21132738461538458
0.058829538461538454
-0.08636676923076922
-0.2059033846153846
-0.28392553846153845
-0.314592
-0.3087507692307692
-0.25367630769230765
-0.16438892307692307
-0.024408000000000003
0.13622584615384614
0.27850153846153847
0.3917796923076923
0.4645864615384615
0.5117335384615385
0.5250849230769231
0.48419630769230765
0.4268270769230769
0.39636923076923075
0.22718215384615387
0.046104
-0.103056
-0.2709913846153846
-0.2951907692307692
-0.38698153846153843
-0.4368406153846153
-0.40992923076923077
-0.35694092307692304
-0.12391753846153845
0.06321046153846153
0.26348123076923075
0.3978295384615384
0.4368406153846153
0.527171076923077
0.4877427692307692
0.4222375384615385
0.21862892307692305
-0.08156861538461539
-0.2618123076923077
-0.4620830769230769
-0.5190350769230769
-0.51528
-0.5117335384615385
-0.34066892307692304
-0.23281476923076924
-0.06300184615384616
0.17085599999999998
0.2768326153846154
0.41723076923076924
0.43350276923076925
0.37363015384615383
0.32836061538461536
0.18316430769230768
0.10994030769230768
0.026494153846153844
-0.10827138461538462
-0.19985353846153847
-0.30249230769230767
-0.31208861538461535
-0.29227015384615385
-0.30416123076923074
-0.2799618461538461
-0.2872633846153846
-0.23218892307692307
-0.15082892307692305
-0.11536430769230768
-0.05611753846153846
-0.052153846153846155
-0.033169846153846154
0.02315630769230769
0.03150092307692308
0.07030338461538461
0.07384984615384615
0.031709538461538456
0.03150092307692308
-0.014603076923076923
-0.07218092307692307
-0.14874276923076923
-0.2588916923076923
-0.3248141538461538
-0.3813489230769231
-0.37300430769230764
-0.30270092307692303
-0.1800350769230769
-0.017315076923076923
0.10868861538461538
0.25805723076923076
0.3844781538461538
0.4453938461538462
0.4779378461538461
0.40387938461538464
0.28246523076923075
0.14603076923076924
-0.018775384615384614
-0.11473846153846154
-0.21862892307692305
-0.2872633846153846
-0.2724516923076923
-0.24199384615384617
-0.1462393846153846
-0.05277969230769231
0.04380923076923077
0.16021661538461537
0.23656984615384613
0.28809784615384615
0.273912
0.23052
0.18775384615384613
0.09429415384615383
0.007301538461538462
-0.08031692307692308
-0.1543753846153846
-0.154584
-0.15416676923076922
-0.1136953846153846
-0.02899753846153846
0.037342153846153844
0.12725538461538463
0.1779489230769231
0.1787833846153846
0.17565415384615385
0.13998092307692306
0.09596307692307693
0.037967999999999995
-0.024408000000000003
-0.065088
-0.09179076923076923
-0.07030338461538461
-0.02232184615384615
0.032544
0.07948246153846153
0.0855323076923077
0.09700615384615385
0.08949599999999999
0.058829538461538454
0.03650769230769231
-0.029414769230769227
-0.08699261538461538
-0.11202646153846153
-0.12996738461538462
-0.11557292307692307
-0.10931446153846153
-0.10117846153846152
-0.06195876923076923
-0.010639384615384617
0.05236246153846154
0.08991323076923076
0.08323753846153846
0.05653476923076922
0.01272553846153846
-0.021696
-0.05757784615384615
-0.11140061538461538
-0.15166338461538462
-0.1994363076923077
-0.2125790769230769
-0.17628
-0.12120553846153845
-0.029206153846153847
0.03379569230769231
0.07197230769230768
0.10347323076923076
0.09658892307692307
0.09700615384615385
0.07259815384615384
0.005424
-0.04860738461538461
-0.09846646153846153
-0.10263876923076923
-0.06300184615384616
-0.026911384615384615
0.013142769230769229
0.03421292307692308
0.06279323076923077
0.09241661538461539
0.09116492307692307
0.06487938461538462
-0.004172307692307692
-0.078648
-0.13476553846153844
-0.1721076923076923
-0.168144
-0.15687876923076924
-0.12141415384615384
-0.050067692307692306
0.01814953846153846
0.10222153846153846
0.17252492307692308
0.20006215384615383
0.19818461538461538
0.16021661538461537
0.1097316923076923
0.046104
-0.043392
-0.13434830769230768
-0.22029784615384615
-0.26932246153846157
-0.2730775384615384
-0.24637476923076923
-0.1804523076923077
-0.119328
-0.04631261538461538
0.03880246153846154
0.10263876923076923
0.1614683076923077
0.17148184615384612
0.14018953846153845
0.10180430769230768
0.044435076923076924
0.005841230769230769
-0.031709538461538456
-0.07802215384615384
-0.09095630769230768
-0.0826116923076923
-0.045895384615384616
0.00855323076923077
0.05820369230769231
0.11494707692307692
0.15270646153846154
0.17982646153846152
0.2056947692307692
0.21237046153846154
0.2021483076923077
0.15875630769230767
0.11098338461538461
0.07510153846153846
0.041514461538461535
0.03233538461538461
0.029414769230769227
0.030040615384615384
0.038176615384615385
0.03442153846153846
0.03609046153846154
0.03901107692307692
0.029414769230769227
0.02273907692307692
0.0077187692307692304
-0.0004172307692307692
0.006884307692307692
0.01043076923076923
0.02586830769230769
0.04735569230769231
0.06675692307692307
0.086784
0.084072
0.06529661538461538
0.043600615384615383
0.025033846153846153
0.0016689230769230767
-0.03692492307692308
-0.06341907692307691
-0.08615815384615384
-0.10117846153846152
-0.09241661538461539
-0.06279323076923077
-0.009804923076923077
0.040054153846153843
0.08010830769230769
0.1289243076923077
0.1777403076923077
0.20548615384615385
0.20778092307692309
0.1777403076923077
0.12808984615384614
0.06884307692307692
0.0035464615384615383
-0.05716061538461538
-0.1097316923076923
-0.1489513846153846
-0.16313723076923078
-0.14102399999999998
-0.09846646153846153
-0.05382276923076923
-0.006884307692307692
0.03483876923076923
0.05799507692307692
0.06905169230769231
0.05799507692307692
0.022530461538461537
-0.021696
-0.06675692307692307
-0.10243015384615384
-0.12621230769230768
-0.12955015384615384
-0.12162276923076921
-0.11494707692307692
-0.09679753846153846
-0.058412307692307694
-0.021904615384615383
0.0004172307692307692
0.004172307692307692
-0.005841230769230769
-0.006258461538461538
-0.0029206153846153843
0.012934153846153845
0.026911384615384615
0.03609046153846154
0.04860738461538461
0.059038153846153844
0.09325107692307691
0.12621230769230768
0.13998092307692306
0.14164984615384615
0.13038461538461538
0.12850707692307692
0.13038461538461538
0.12558646153846154
0.11765907692307691
0.10076123076923077
0.08490646153846154
0.08094276923076923
0.08720123076923077
0.09533723076923077
0.0798996923076923
0.05611753846153846
0.04547815384615384
0.04526953846153846
0.055491692307692304
0.05444861538461539
0.06028984615384615
0.06633969230769231
0.06467076923076923
0.08302892307692307
0.08511507692307693
0.06279323076923077
0.027120000000000002
-0.015854769230769228
-0.04819015384615385
-0.078648
-0.11056615384615384
-0.12955015384615384
-0.13810338461538463
-0.13372246153846154
-0.10994030769230768
-0.07823076923076923
-0.042974769230769226
-0.01397723076923077
0.002712
0.015646153846153844
0.029623384615384614
0.04130584615384615
0.03775938461538462
0.013768615384615384
-0.025659692307692307
-0.06279323076923077
-0.08782707692307692
-0.10389046153846154
-0.116616
-0.124752
-0.11703323076923078
-0.09137353846153846
-0.04714707692307692
-0.005215384615384615
0.023782153846153845
0.04214030769230769
0.058412307692307694
0.09033046153846153
0.11035753846153845
0.12350030769230769
0.130176
0.12788123076923075
0.13789476923076924
0.14311015384615386
0.13518276923076925
0.11286092307692308
0.06696553846153847
0.009596307692307692
-0.03775938461538462
-0.07656184615384615
-0.10764553846153846
-0.13309661538461537
-0.14060676923076923
-0.12204
-0.0855323076923077
-0.011056615384615385
0.07384984615384615
0.1558356923076923
0.22530461538461538
0.26494153846153845
0.29832
0.2868461538461538
0.23886461538461537
0.16021661538461537
0.04839876923076923
-0.052153846153846155
-0.14102399999999998
-0.1992276923076923
-0.23010276923076922
-0.2357353846153846
-0.19839323076923077
-0.11870215384615385
-0.008136
0.11557292307692307
0.21654276923076923
0.2782929230769231
0.31250584615384613
0.30666461538461537
0.26786215384615386
0.18754523076923074
0.07009476923076922
-0.052571076923076915
-0.168144
-0.24720923076923076
-0.2883064615384615
-0.3049956923076923
-0.29185292307692307
-0.24449723076923074
-0.16730953846153845
-0.07009476923076922
0.02858030769230769
0.10493353846153847
0.15333230769230768
0.17440246153846153
0.168144
0.13247076923076923
0.07092923076923077
-0.002086153846153846
-0.073224
-0.124752
-0.14957723076923077
-0.1504116923076923
-0.1368516923076923
-0.119328
-0.09596307692307693
-0.0609156923076923
-0.018358153846153843
0.02232184615384615
0.05444861538461539
0.07009476923076922
0.08177723076923075
0.09784061538461537
0.116616
0.12934153846153845
0.11745046153846153
0.08824430769230769
0.050067692307692306
0.0035464615384615383
-0.04214030769230769
-0.0897046153846154
-0.13267938461538462
-0.16605784615384614
-0.18399876923076922
-0.16856123076923077
-0.1397723076923077
-0.09930092307692308
-0.05757784615384615
-0.019609846153846155
0.03650769230769231
0.0961716923076923
0.15228923076923076
0.1794092307692308
0.1696043076923077
0.1353913846153846
0.0853236923076923
0.03358707692307692
-0.02586830769230769
-0.086784
-0.14916
-0.19359507692307693
-0.21091015384615383
-0.20548615384615385
-0.1846246153846154
-0.17273353846153844
-0.16856123076923077
-0.15291507692307693
-0.07823076923076923
0.021278769230769233
0.12788123076923075
0.24658338461538462
0.3214763076923077
0.40888615384615384
0.469176
0.48649107692307686
0.44038707692307694
0.2899753846153846
0.10013538461538461
-0.11140061538461538
-0.26076923076923075
-0.42933046153846155
-0.5444861538461538
-0.5713975384615384
-0.5607581538461538
-0.40054153846153845
-0.222384
-0.009387692307692307
0.19359507692307693
0.33899999999999997
0.46688123076923077
0.48023261538461537
0.4159790769230769
0.25951753846153847
0.05027630769230769
-0.16292861538461537
-0.36674584615384614
-0.4775206153846153
-0.5175747692307692
-0.46145723076923073
-0.301032
-0.10868861538461538
0.11327815384615383
0.3129230769230769
0.46688123076923077
0.5822455384615384
0.5747353846153846
0.497964923076923
0.3744646153846154
0.21195323076923075
0.08866153846153846
-0.03984553846153846
-0.14144123076923076
-0.2090326153846154
-0.25200738461538463
-0.2497126153846154
-0.23969907692307693
-0.21967199999999998
-0.19380369230769232
-0.1424843076923077
-0.048816000000000005
0.030040615384615384
0.0855323076923077
0.10660246153846153
0.09471138461538461
0.10096984615384616
0.09012184615384615
0.07802215384615384
0.06967753846153846
0.04819015384615385
0.06300184615384616
0.0828203076923077
0.05590892307692308
-0.0006258461538461538
-0.08010830769230769
-0.16209415384615386
-0.21362215384615382
-0.23907323076923076
-0.22008923076923076
-0.14999446153846155
-0.03942830769230769
0.09491999999999999
0.22968553846153844
0.33983446153846153
0.39928984615384616
0.40346215384615386
0.33295015384615384
0.19463815384615382
0.054657230769230764
-0.09241661538461539
-0.22822523076923076
-0.32585723076923073
-0.40325353846153844
-0.4053396923076923
-0.34630153846153844
-0.2453316923076923
-0.111192
0.017315076923076923
0.13372246153846154
0.24491446153846153
0.33649661538461534
0.36215630769230767
0.3137575384615385
0.20173107692307693
0.06070707692307692
-0.07051199999999999
-0.19004861538461537
-0.27975323076923075
-0.3081249230769231
-0.27140861538461536
-0.17023015384615386
-0.00855323076923077
0.16730953846153845
0.31646953846153847
0.431208
0.4783550769230769
0.4652123076923077
0.40638276923076927
0.29331323076923077
0.1558356923076923
0.0050067692307692304
-0.13101046153846155
-0.2207150769230769
-0.2618123076923077
-0.2559710769230769
-0.20444307692307692
-0.12037107692307693
-0.027745846153846152
0.06967753846153846
0.16084246153846155
0.2238443076923077
0.2415766153846154
0.20465169230769228
0.13622584615384614
0.055491692307692304
-0.037342153846153844
-0.130176
-0.1992276923076923
-0.2411593846153846
-0.23969907692307693
-0.17544553846153846
-0.08135999999999999
0.022947692307692308
0.12037107692307693
0.19797599999999999
0.2591003076923077
0.2705741538461538
0.22154953846153846
0.130176
0.018775384615384614
-0.08636676923076922
-0.17002153846153847
-0.22342707692307692
-0.2422024615384615
-0.21299630769230768
-0.1504116923076923
-0.06362769230769232
0.040679999999999994
0.1151556923076923
0.15249784615384615
0.15813046153846153
0.13393107692307693
0.09074769230769231
0.03629907692307692
-0.01981846153846154
-0.06529661538461538
-0.08594953846153845
-0.08887015384615385
-0.06571384615384615
-0.02357353846153846
0.009596307692307692
0.027328615384615382
0.03901107692307692
0.04756430769230769
0.05820369230769231
0.0678
0.06216738461538462
0.05048492307692308
0.03650769230769231
0.03275261538461539
0.04088861538461538
0.040054153846153843
0.028163076923076923
0.025659692307692307
0.03755076923076923
0.07781353846153846
0.12683815384615382
0.15082892307692305
0.15687876923076924
0.13706030769230768
0.09992676923076924
0.04819015384615385
-0.02482523076923077
-0.10785415384615385
-0.17690584615384616
-0.21174461538461536
-0.20506892307692307
-0.16188553846153847
-0.10222153846153846
-0.03859384615384615
0.015228923076923076
0.04965046153846154
0.06446215384615385
0.061750153846153844
0.03421292307692308
-0.011056615384615385
-0.05611753846153846
-0.08699261538461538
-0.084072
-0.05778646153846154
-0.020027076923076922
0.018358153846153843
0.059038153846153844
0.10535076923076922
0.14707384615384617
0.1696043076923077
0.1476996923076923
0.08824430769230769
0.01043076923076923
-0.06321046153846153
-0.11953661538461538
-0.1693956923076923
-0.214248
-0.23510953846153848
-0.21696000000000001
-0.15896492307692306
-0.07134646153846153
0.016063384615384615
0.08511507692307693
0.12808984615384614
0.14540492307692307
0.14164984615384615
0.10785415384615385
0.03901107692307692
-0.05444861538461539
-0.15208061538461537
-0.2330233846153846
-0.27850153846153847
-0.2868461538461538
-0.26765353846153844
-0.21132738461538458
-0.13309661538461537
-0.034630153846153845
0.07760492307692309
0.1691870769230769
0.23135446153846154
0.25117292307692307
0.23385784615384617
0.19192615384615386
0.1287156923076923
0.04819015384615385
-0.041514461538461535
-0.11473846153846154
-0.15792184615384616
-0.16292861538461537
-0.13038461538461538
-0.08615815384615384
-0.03713353846153846
0.015020307692307692
0.06341907692307691
0.11202646153846153
0.14164984615384615
0.1422756923076923
0.11703323076923078
0.07927384615384615
0.049233230769230765
0.02357353846153846
0.0008344615384615384
-0.02023569230769231
-0.035464615384615386
-0.04172307692307692
-0.047772923076923074
-0.05027630769230769
-0.06487938461538462
-0.09074769230769231
-0.10889723076923077
-0.11432123076923076
-0.0961716923076923
-0.06654830769230768
-0.03483876923076923
-0.0008344615384615384
0.03400430769230769
0.07405846153846153
0.116616
0.1476996923076923
0.15124615384615384
0.13121907692307694
0.09721476923076922
0.05319692307692307
0.0008344615384615384
-0.061124307692307686
-0.1289243076923077
-0.18232984615384615
-0.2056947692307692
-0.19505538461538463
-0.15270646153846154
-0.09471138461538461
-0.030040615384615384
0.042557538461538466
0.1136953846153846
0.1802436923076923
0.2209236923076923
0.22426153846153846
0.19004861538461537
0.12120553846153845
0.03692492307692308
-0.046104
-0.11432123076923076
-0.16418030769230768
-0.18775384615384613
-0.17565415384615385
-0.11452984615384615
-0.02357353846153846
0.08866153846153846
0.19505538461538463
0.27620676923076926
0.3473446153846154
0.37091815384615384
0.3510996923076923
0.2897667692307692
0.19296923076923078
0.09325107692307691
-0.010639384615384617
-0.086784
-0.12704676923076924
-0.13601723076923075
-0.11265230769230769
-0.065088
0.011056615384615385
0.09283384615384616
0.1612596923076923
0.19714153846153845
0.19317784615384614
0.15228923076923076
0.08135999999999999
-0.0077187692307692304
-0.10848000000000001
-0.20235692307692305
-0.2680707692307692
-0.2897667692307692
-0.26118646153846153
-0.1873366153846154
-0.0963803076923077
0.006675692307692307
0.10660246153846153
0.1829556923076923
0.22780799999999998
0.23072861538461537
0.2059033846153846
0.14749107692307692
0.065088
-0.028788923076923077
-0.11265230769230769
-0.17315076923076922
-0.214248
-0.2127876923076923
-0.17544553846153846
-0.10764553846153846
-0.027120000000000002
0.05674338461538461
0.13893784615384613
0.18879692307692306
0.2073636923076923
0.1994363076923077
0.15959076923076923
0.09846646153846153
0.018983999999999997
-0.06654830769230768
-0.127464
-0.1718990769230769
-0.192552
-0.18253846153846154
-0.15333230769230768
-0.0936683076923077
-0.02482523076923077
0.035464615384615386
0.08302892307692307
0.111192
0.12934153846153845
0.1397723076923077
0.14269292307692305
0.14290153846153844
0.13872923076923074
0.12391753846153845
0.11703323076923078
0.11578153846153846
0.11035753846153845
0.09304246153846155
0.05799507692307692
0.017940923076923077
-0.029623384615384614
-0.07510153846153846
-0.11140061538461538
-0.13601723076923075
-0.14102399999999998
-0.11724184615384614
-0.059872615384615385
0.017523692307692306
0.09074769230769231
0.15416676923076922
0.19735015384615384
0.222384
0.23281476923076924
0.20632061538461538
0.14749107692307692
0.05924676923076923
-0.046104
-0.1543753846153846
-0.23469230769230767
-0.2707827692307692
-0.27182584615384614
-0.22634769230769228
-0.14832553846153845
-0.03713353846153846
0.08887015384615385
0.19296923076923078
0.27850153846153847
0.32231076923076923
0.32189353846153845
0.28434276923076923
0.19547261538461536
0.0828203076923077
-0.04714707692307692
-0.17231630769230769
-0.2632726153846154
-0.31229723076923077
-0.30270092307692303
-0.2559710769230769
-0.1800350769230769
-0.084072
0.014811692307692307
0.11160923076923077
0.1842073846153846
0.21696000000000001
0.2056947692307692
0.14916
0.06946892307692307
-0.00855323076923077
-0.08761846153846153
-0.14916
-0.17377661538461536
-0.1635544615384615
-0.111192
-0.04130584615384615
0.03859384615384615
0.11578153846153846
0.1693956923076923
0.20778092307692309
0.20527753846153846
0.1775316923076923
0.12996738461538462
0.05674338461538461
-0.02086153846153846
-0.08991323076923076
-0.12537784615384615
-0.12412615384615384
-0.09387692307692307
-0.03859384615384615
0.03024923076923077
0.09304246153846155
0.1397723076923077
0.16689230769230767
0.15938215384615384
0.12808984615384614
0.06592246153846154
0.0002086153846153846
-0.06717415384615384
-0.15792184615384616
-0.2238443076923077
-0.25471938461538457
-0.235944
-0.1718990769230769
-0.08887015384615385
-0.002086153846153846
0.09930092307692308
0.19985353846153847
0.35798399999999997
0.46250030769230766
0.3613218461538461
0.26535876923076923
0.0963803076923077
-0.019192615384615384
-0.029623384615384614
-0.22426153846153846
-0.3573581538461538
-0.4873255384615384
-0.4789809230769231
-0.26640184615384616
-0.1358086153846154
0.049233230769230765
0.11056615384615384
0.24074215384615386
0.4287046153846154
0.45624184615384616
0.4866996923076923
0.27787569230769227
0.06821723076923077
-0.07677046153846154
-0.27787569230769227
-0.2970683076923077
-0.3890676923076923
-0.4184824615384615
-0.3291950769230769
-0.33524492307692305
-0.16626646153846153
-0.024408000000000003
0.07051199999999999
0.22321846153846153
0.1635544615384615
0.12245723076923076
0.08720123076923077
0.021070153846153846
0.08010830769230769
0.024199384615384616
-0.04714707692307692
-0.09930092307692308
-0.1449876923076923
-0.054240000000000003
-0.03713353846153846
-0.06070707692307692
-0.09867507692307692
-0.15520984615384617
-0.086784
-0.06613107692307692
-0.08094276923076923
-0.07656184615384615
-0.12850707692307692
-0.0771876923076923
-0.009179076923076922
0.023364923076923075
0.10263876923076923
0.09700615384615385
0.10848000000000001
0.14832553846153845
0.10868861538461538
0.07823076923076923
-0.023990769230769232
-0.14436184615384615
-0.22634769230769228
-0.30895938461538464
-0.31188
-0.2814221538461538
-0.1869193846153846
-0.07697907692307693
0.030040615384615384
0.20319138461538463
0.3239796923076923
0.4214030769230769
0.4620830769230769
0.3707095384615384
0.2712
0.132888
-0.027328615384615382
-0.17023015384615386
-0.347136
-0.42995630769230764
-0.4318338461538461
-0.37008369230769234
-0.222384
-0.08323753846153846
0.10055261538461538
0.2997803076923077
0.442056
0.509856
0.4681329230769231
0.38927630769230764
0.27432923076923077
0.10159569230769232
-0.07197230769230768
-0.2680707692307692
-0.40846892307692306
-0.43976123076923074
-0.4314166153846154
-0.3187643076923077
-0.16292861538461537
-0.0014603076923076922
0.20465169230769228
0.3383741538461538
0.4355889230769231
0.49817353846153845
0.47647753846153845
0.40888615384615384
0.2647329230769231
0.09304246153846155
-0.06863446153846153
-0.20235692307692305
-0.2643156923076923
-0.2966510769230769
-0.2830910769230769
-0.24428861538461538
-0.18337292307692307
-0.047772923076923074
0.08010830769230769
0.19150892307692308
0.2659846153846154
0.260352
0.25659692307692306
0.233232
0.17002153846153847
0.08949599999999999
-0.03296123076923077
-0.11765907692307691
-0.14060676923076923
-0.14686523076923075
-0.12934153846153845
-0.1287156923076923
-0.1287156923076923
-0.10409907692307692
-0.08323753846153846
-0.06049846153846154
-0.05674338461538461
-0.06633969230769231
-0.06321046153846153
-0.05069353846153846
0.0014603076923076922
0.07134646153846153
0.15145476923076923
0.24032492307692307
0.26348123076923075
0.25200738461538463
0.21091015384615383
0.130176
0.04944184615384615
-0.09199938461538461
-0.2480436923076923
-0.3588184615384616
-0.4262012307692308
-0.3978295384615384
-0.31813846153846154
-0.21028430769230766
-0.06946892307692307
0.07405846153846153
0.23281476923076924
0.35256
0.40012430769230767
0.384060923076923
0.29185292307692307
0.17502830769230768
0.034630153846153845
-0.11348676923076922
-0.22968553846153844
-0.3277347692307692
-0.35923569230769226
-0.3316984615384615
-0.25659692307692306
-0.11599015384615384
0.04860738461538461
0.22551323076923077
0.376968
0.4798153846153846
0.5388535384615384
0.5284227692307693
0.44685415384615385
0.2981113846153846
0.111192
-0.06967753846153846
-0.22426153846153846
-0.3279433846153846
-0.3675803076923077
-0.36278215384615387
-0.29185292307692307
-0.16292861538461537
-0.0077187692307692304
0.15145476923076923
0.25972615384615383
0.32877784615384614
0.34463261538461537
0.3047870769230769
0.23886461538461537
0.12245723076923076
-0.0033378461538461535
-0.10222153846153846
-0.1860849230769231
-0.23239753846153846
-0.23969907692307693
-0.20527753846153846
-0.1287156923076923
-0.03880246153846154
0.054657230769230764
0.1341396923076923
0.19714153846153845
0.24345415384615382
0.260352
0.25117292307692307
0.20423446153846153
0.13893784615384613
0.07572738461538461
0.016897846153846156
-0.016897846153846156
-0.050067692307692306
-0.08073415384615384
-0.086784
-0.07927384615384615
-0.045895384615384616
-0.012308307692307691
0.005841230769230769
0.02273907692307692
0.02545107692307692
0.023990769230769232
0.02482523076923077
0.01981846153846154
0.009179076923076922
-0.016272
-0.04047138461538462
-0.05048492307692308
-0.054657230769230764
-0.04735569230769231
-0.05111076923076923
-0.05945538461538461
-0.06821723076923077
-0.08094276923076923
-0.06988615384615385
-0.05674338461538461
-0.04944184615384615
-0.040054153846153843
-0.023990769230769232
0.014185846153846153
0.06717415384615384
0.11724184615384614
0.15333230769230768
0.16501476923076921
0.16313723076923078
0.14811692307692306
0.11140061538461538
0.056326153846153845
-0.02357353846153846
-0.09909230769230769
-0.1597993846153846
-0.1990190769230769
-0.20235692307692305
-0.19380369230769232
-0.15187199999999998
-0.08594953846153845
-0.019192615384615384
0.061750153846153844
0.11807630769230769
0.146448
0.1435273846153846
0.09784061538461537
0.03775938461538462
-0.03504738461538461
-0.11181784615384616
-0.18754523076923074
-0.2480436923076923
-0.26619323076923074
-0.24345415384615382
-0.1883796923076923
-0.11244369230769231
-0.041514461538461535
0.021070153846153846
0.08240307692307691
0.12850707692307692
0.15959076923076923
0.15896492307692306
0.12808984615384614
0.0934596923076923
0.05736923076923077
0.03442153846153846
0.014185846153846153
-0.009596307692307692
-0.022530461538461537
-0.034630153846153845
-0.037342153846153844
-0.024199384615384616
-0.010013538461538461
-0.006675692307692307
-0.006049846153846154
-0.0025033846153846152
0.015646153846153844
0.043392
0.06884307692307692
0.08845292307692308
0.10263876923076923
0.12996738461538462
0.15875630769230767
0.17565415384615385
0.1718990769230769
0.14102399999999998
0.09930092307692308
0.04860738461538461
0.0022947692307692304
-0.03379569230769231
-0.06696553846153847
-0.09033046153846153
-0.07301538461538462
-0.015020307692307692
0.05820369230769231
0.1341396923076923
0.1829556923076923
0.21487384615384614
0.23469230769230767
0.23364923076923078
0.21612553846153845
0.1543753846153846
0.06383630769230769
-0.032544
-0.12996738461538462
-0.19547261538461536
-0.22989415384615383
-0.2424110769230769
-0.22488738461538463
-0.1846246153846154
-0.12204
-0.04172307692307692
0.029414769230769227
0.078648
0.09137353846153846
0.06529661538461538
0.018775384615384614
-0.04672984615384615
-0.12162276923076921
-0.19964492307692308
-0.25701415384615384
-0.26911384615384615
-0.23260615384615385
-0.15813046153846153
-0.07197230769230768
0.010848
0.07739630769230768
0.13184492307692308
0.17648861538461538
0.19630707692307692
0.17148184615384612
0.11828492307692307
0.058412307692307694
0.0014603076923076922
-0.03504738461538461
-0.06404492307692307
-0.07927384615384615
-0.07823076923076923
-0.06133292307692308
-0.02086153846153846
0.024199384615384616
0.058829538461538454
0.07405846153846153
0.06425353846153846
0.050067692307692306
0.03880246153846154
0.022530461538461537
0.0
-0.03421292307692308
-0.06341907692307691
-0.07593599999999999
-0.05757784615384615
-0.02044430769230769
0.011891076923076923
0.032544
0.03504738461538461
0.03483876923076923
0.031709538461538456
0.014185846153846153
-0.017732307692307693
-0.05319692307692307
-0.07259815384615384
-0.05924676923076923
-0.019609846153846155
0.03212676923076923
0.08428061538461538
0.1356
0.18191261538461537
0.21070153846153844
0.22175815384615383
0.20131384615384615
0.14081538461538462
0.059664
-0.022530461538461537
-0.08156861538461539
-0.11494707692307692
-0.12642092307692307
-0.11035753846153845
-0.07635323076923077
-0.012099692307692308
0.06717415384615384
0.14123261538461537
0.1994363076923077
0.21633415384615384
0.2008966153846154
0.16438892307692307
0.10368184615384615
0.024616615384615383
-0.07593599999999999
-0.1883796923076923
-0.27286892307692306
-0.30937661538461536
-0.29456492307692306
-0.24282830769230768
-0.17252492307692308
-0.0880356923076923
0.0012516923076923076
0.08240307692307691
0.13935507692307691
0.1585476923076923
0.13351384615384615
0.08574092307692306
0.04819015384615385
0.011265230769230769
-0.02023569230769231
-0.03942830769230769
-0.05048492307692308
-0.042557538461538466
-0.02545107692307692
-0.004589538461538461
0.003129230769230769
-0.004589538461538461
-0.023990769230769232
-0.05382276923076923
-0.07572738461538461
-0.08574092307692306
-0.0853236923076923
-0.07760492307692309
-0.06926030769230769
-0.053614153846153846
-0.025033846153846153
0.01397723076923077
0.052571076923076915
0.08073415384615384
0.10117846153846152
0.12120553846153845
0.14018953846153845
0.13372246153846154
0.10597661538461538
0.06154153846153846
0.020027076923076922
-0.011891076923076923
-0.03045784615384615
-0.05486584615384615
-0.09992676923076924
-0.13309661538461537
-0.16689230769230767
-0.17169046153846151
-0.18253846153846154
-0.16418030769230768
-0.11202646153846153
-0.015020307692307692
0.13914646153846155
0.34358953846153845
0.5611753846153846
0.6127033846153845
0.6857187692307692
0.6875963076923076
0.6268892307692308
0.5524135384615385
0.27328615384615385
0.0002086153846153846
-0.3536030769230769
-0.6354424615384615
-0.8085932307692308
-0.9934264615384615
-1.0232584615384615
-1.0080295384615385
-0.7985796923076923
-0.431208
-0.004798153846153846
0.5058923076923076
0.8684658461538461
1.1377883076923077
1.27464
1.2089261538461538
1.0211723076923076
0.6179187692307693
0.1395636923076923
-0.33295015384615384
-0.8288289230769231
-1.112545846153846
-1.2398012307692308
-1.225406769230769
-1.0092812307692307
-0.7416276923076923
-0.33983446153846153
0.0974233846153846
0.49921661538461537
0.8839033846153846
1.0966910769230769
1.1807630769230768
1.139665846153846
0.9711046153846153
0.7216006153846153
0.34922215384615385
-0.06613107692307692
-0.47272246153846154
-0.8248652307692308
-1.0297255384615385
-1.1427950769230768
-1.1455070769230769
-1.0140793846153846
-0.8021261538461537
-0.47939815384615386
-0.11953661538461538
0.20861538461538462
0.5359329230769231
0.7704166153846153
0.9387692307692307
1.0501698461538462
1.0199206153846154
0.8864067692307692
0.625428923076923
0.3039526153846154
-0.03609046153846154
-0.3949089230769231
-0.7042855384615384
-0.9571273846153846
-1.0852172307692307
-1.0835483076923076
-0.9602566153846154
-0.6648572307692308
-0.2814221538461538
0.14853415384615384
0.5916332307692307
0.9537895384615385
1.232916923076923
1.3514104615384614
1.292580923076923
1.083756923076923
0.7126301538461539
0.28934953846153844
-0.16313723076923078
-0.6062363076923076
-0.9615083076923076
-1.2149759999999998
-1.293624
-1.184100923076923
-0.9179076923076923
-0.533220923076923
-0.09012184615384615
0.38885907692307686
0.82716
1.148219076923077
1.3232473846153845
1.293624
1.0950221538461538
0.785436923076923
0.3752990769230769
-0.03421292307692308
-0.40930338461538457
-0.7222264615384616
-0.9049735384615384
-0.9798664615384615
-0.9147784615384615
-0.7182627692307693
-0.4547815384615384
-0.14540492307692307
0.15813046153846153
0.4280787692307692
0.6289753846153846
0.7405846153846153
0.777300923076923
0.7184713846153845
0.5755698461538461
0.3744646153846154
0.14081538461538462
-0.08094276923076923
-0.29685969230769227
-0.47272246153846154
-0.5799507692307692
-0.6343993846153846
-0.6120775384615385
-0.5298830769230769
-0.41577046153846153
-0.2724516923076923
-0.11745046153846153
0.054240000000000003
0.233232
0.3752990769230769
0.47689476923076923
0.5257107692307692
0.5236246153846154
0.48336184615384614
0.38698153846153843
0.2482523076923077
0.06800861538461538
-0.12391753846153845
-0.3068732307692308
-0.4781464615384615
-0.6058190769230769
-0.6894738461538461
-0.6928116923076922
-0.5970572307692308
-0.4416387692307692
-0.22947692307692308
0.009596307692307692
0.2482523076923077
0.47063630769230763
0.6189618461538461
0.6815464615384615
0.6531747692307692
0.527171076923077
0.3408775384615384
0.12099692307692309
-0.11140061538461538
-0.3339932307692307
-0.5159058461538462
-0.6270978461538461
-0.6529661538461539
-0.5935107692307693
-0.4599969230769231
-0.2897667692307692
-0.09846646153846153
0.09596307692307693
0.26932246153846157
0.4214030769230769
0.5182006153846154
0.5574203076923077
0.5227901538461539
0.4118067692307692
0.2789187692307692
0.13372246153846154
-0.009179076923076922
-0.13914646153846155
-0.23677846153846152
-0.2807963076923077
-0.27286892307692306
-0.22780799999999998
-0.16772676923076923
-0.1070196923076923
-0.05924676923076923
-0.01814953846153846
0.025659692307692307
0.06487938461538462
0.08574092307692306
0.09450276923076922
0.09930092307692308
0.11265230769230769
0.13768615384615385
0.1585476923076923
0.17002153846153847
0.15792184615384616
0.11265230769230769
0.04860738461538461
-0.029414769230769227
-0.10910584615384614
-0.18525046153846153
-0.25054707692307693
-0.2832996923076923
-0.27182584615384614
-0.21320492307692307
-0.11849353846153846
-0.0014603076923076922
0.12016246153846154
0.2424110769230769
0.355272
0.43579753846153846
0.4564504615384615
0.3949089230769231
0.26723630769230766
0.0988836923076923
-0.07051199999999999
-0.21320492307692307
-0.33023815384615385
-0.4109723076923077
-0.4418473846153846
-0.4047138461538461
-0.29498215384615384
-0.1397723076923077
0.03442153846153846
0.1858763076923077
0.2979027692307692
0.3750904615384615
0.39657784615384617
0.3652855384615385
0.27871015384615383
0.146448
0.008344615384615384
-0.10827138461538462
-0.19046584615384615
-0.23823876923076923
-0.2424110769230769
-0.20527753846153846
-0.1422756923076923
-0.05069353846153846
0.04652123076923077
0.12704676923076924
0.18399876923076922
0.2021483076923077
0.19150892307692308
0.15416676923076922
0.10096984615384616
0.05507446153846154
0.009387692307692307
-0.029623384615384614
-0.045060923076923075
-0.031918153846153846
-0.0014603076923076922
0.02482523076923077
0.03775938461538462
0.04172307692307692
0.03379569230769231
0.015646153846153844
-0.009596307692307692
-0.052153846153846155
-0.09909230769230769
-0.14206707692307693
-0.1570873846153846
-0.12579507692307693
-0.08365476923076923
-0.03692492307692308
0.012516923076923077
0.058412307692307694
0.10514215384615383
0.12558646153846154
0.11390399999999999
0.06946892307692307
-0.0029206153846153843
-0.0717636923076923
-0.13601723076923075
-0.18379015384615385
-0.20986707692307693
-0.2194633846153846
-0.20152246153846154
-0.15562707692307692
-0.08219446153846154
-0.0012516923076923076
0.07197230769230768
0.12955015384615384
0.1597993846153846
0.15270646153846154
0.11348676923076922
0.05862092307692307
-0.00855323076923077
-0.08720123076923077
-0.15833907692307692
-0.18963138461538462
-0.19526400000000002
-0.18900553846153845
-0.15813046153846153
-0.10493353846153847
-0.03233538461538461
0.03921969230769231
0.10055261538461538
0.13852061538461538
0.15103753846153847
0.14394461538461537
0.11390399999999999
0.08115138461538463
0.042557538461538466
-0.0025033846153846152
-0.02858030769230769
-0.03880246153846154
-0.028163076923076923
-0.005841230769230769
0.012099692307692308
0.042557538461538466
0.06529661538461538
0.084072
0.10347323076923076
0.1070196923076923
0.10055261538461538
0.07405846153846153
0.03984553846153846
0.010848
-0.0025033846153846152
-0.01043076923076923
-0.024408000000000003
-0.02524246153846154
-0.018983999999999997
0.0002086153846153846
0.02545107692307692
0.04547815384615384
0.06404492307692307
0.07051199999999999
0.07280676923076923
0.07134646153846153
0.06133292307692308
0.03650769230769231
0.006467076923076923
-0.015437538461538461
-0.017523692307692306
-0.003129230769230769
0.013560000000000001
0.03337846153846154
0.04902461538461538
0.07092923076923077
0.10117846153846152
0.13476553846153844
0.16209415384615386
0.16605784615384614
0.15270646153846154
0.13101046153846155
0.11244369230769231
0.09658892307692307
0.07572738461538461
0.041514461538461535
0.01668923076923077
0.0025033846153846152
-0.006467076923076923
0.0
-0.005215384615384615
-0.010639384615384617
-0.026285538461538457
-0.03150092307692308
-0.012099692307692308
-0.004798153846153846
0.0077187692307692304
0.012099692307692308
0.018983999999999997
0.03942830769230769
0.05590892307692308
0.06863446153846153
0.05757784615384615
0.031709538461538456
0.009387692307692307
-0.018983999999999997
-0.0446436923076923
-0.07134646153846153
-0.10055261538461538
-0.10764553846153846
-0.09533723076923077
-0.06049846153846154
-0.024408000000000003
-0.0029206153846153843
0.011473846153846154
0.01940123076923077
0.03942830769230769
0.06028984615384615
0.06133292307692308
0.04714707692307692
0.014811692307692307
-0.026076923076923077
-0.05757784615384615
-0.07593599999999999
-0.08490646153846154
-0.0963803076923077
-0.10910584615384614
-0.10597661538461538
-0.09033046153846153
-0.06800861538461538
-0.034630153846153845
-0.003963692307692307
0.027328615384615382
0.05590892307692308
0.07343261538461537
0.08511507692307693
0.0717636923076923
0.03609046153846154
-0.012308307692307691
-0.05507446153846154
-0.07259815384615384
-0.08031692307692308
-0.09137353846153846
-0.10117846153846152
-0.10222153846153846
-0.09158215384615384
-0.07489292307692308
-0.06216738461538462
-0.051319384615384614
-0.042557538461538466
-0.03483876923076923
-0.03337846153846154
-0.03880246153846154
-0.046104
-0.06341907692307691
-0.07197230769230768
-0.06633969230769231
-0.053614153846153846
-0.03838523076923077
-0.03045784615384615
-0.023990769230769232
-0.011891076923076923
0.008344615384615384
0.03296123076923077
0.047772923076923074
0.04714707692307692
0.03275261538461539
0.006675692307692307
-0.014185846153846153
-0.02211323076923077
-0.022947692307692308
-0.018358153846153843
-0.005841230769230769
0.026911384615384615
0.07697907692307693
0.132888
0.1846246153846154
0.22467876923076924
0.252216
0.26640184615384616
0.26619323076923074
0.23198030769230768
0.1691870769230769
0.10117846153846152
0.03567323076923076
-0.007510153846153846
-0.028788923076923077
-0.029414769230769227
-0.026494153846153844
-0.012308307692307691
0.015854769230769228
0.028163076923076923
0.056326153846153845
0.07656184615384615
0.09450276923076922
0.1218313846153846
0.14457046153846154
0.17273353846153844
0.20256553846153844
0.23385784615384617
0.2868461538461538
0.3214763076923077
0.2330233846153846
0.13497415384615385
0.021904615384615383
-0.08323753846153846
-0.19797599999999999
-0.30332676923076923
-0.35694092307692304
-0.4109723076923077
-0.2699483076923077
-0.14707384615384617
0.029414769230769227
0.20465169230769228
0.26139507692307695
0.4024190769230769
0.4078430769230769
0.4188996923076923
0.3387913846153846
0.1151556923076923
-0.07635323076923077
-0.32877784615384614
-0.47710338461538465
-0.5653476923076923
-0.5816196923076923
-0.4675070769230769
-0.34630153846153844
-0.15833907692307692
0.040679999999999994
0.23135446153846154
0.41076369230769233
0.46354338461538463
0.4622916923076923
0.37050092307692306
0.1783661538461538
0.05069353846153846
-0.10889723076923077
-0.2399076923076923
-0.32836061538461536
-0.427452923076923
-0.40346215384615386
-0.35276861538461535
-0.2670276923076923
-0.1558356923076923
-0.09700615384615385
-0.022947692307692308
0.054240000000000003
0.11181784615384616
0.14060676923076923
0.12350030769230769
0.10994030769230768
0.07113784615384615
0.026494153846153844
0.010013538461538461
-0.021278769230769233
-0.021696
-0.03212676923076923
-0.04193169230769231
-0.026702769230769228
-0.05924676923076923
-0.10681107692307691
-0.15562707692307692
-0.22989415384615383
-0.26306399999999996
-0.252216
-0.19881046153846152
-0.07614461538461538
0.047772923076923074
0.18337292307692307
0.32836061538461536
0.4291218461538462
0.4743913846153846
0.4478972307692307
0.3448412307692308
0.18212123076923076
0.0002086153846153846
-0.1693956923076923
-0.3229366153846154
-0.4180652307692308
-0.43809230769230767
-0.39991569230769225
-0.29602523076923076
-0.14728246153846153
0.030875076923076922
0.20778092307692309
0.34358953846153845
0.43996984615384616
0.4645864615384615
0.4228633846153846
0.34692738461538464
0.22593046153846155
0.078648
-0.06800861538461538
-0.1927606153846154
-0.26494153846153845
-0.2701569230769231
-0.22989415384615383
-0.1612596923076923
-0.06487938461538462
0.04693846153846153
0.13455692307692307
0.19380369230769232
0.21779446153846155
0.1867107692307692
0.14018953846153845
0.06467076923076923
-0.019609846153846155
-0.08511507692307693
-0.16334584615384617
-0.18963138461538462
-0.15625292307692307
-0.09721476923076922
-0.009804923076923077
0.06195876923076923
0.11703323076923078
0.15124615384615384
0.14790830769230767
0.11348676923076922
0.0446436923076923
-0.04193169230769231
-0.13101046153846155
-0.18128676923076922
-0.18232984615384615
-0.16647507692307692
-0.11056615384615384
-0.02858030769230769
0.06675692307692307
0.1792006153846154
0.2509643076923077
0.2768326153846154
0.25451076923076926
0.17565415384615385
0.07885661538461539
-0.029414769230769227
-0.1397723076923077
-0.23156307692307693
-0.3077076923076923
-0.3542289230769231
-0.3502652307692307
-0.2897667692307692
-0.18712800000000002
-0.0717636923076923
0.042348923076923076
0.13455692307692307
0.20715507692307691
0.25972615384615383
0.26160369230769226
0.22300984615384614
0.13789476923076924
0.027120000000000002
-0.05236246153846154
-0.11703323076923078
-0.15833907692307692
-0.17419384615384614
-0.18107815384615383
-0.15500123076923078
-0.10138707692307691
-0.04130584615384615
0.008970461538461538
0.03650769230769231
0.03629907692307692
0.028788923076923077
0.02357353846153846
0.023990769230769232
0.024616615384615383
0.022947692307692308
0.037967999999999995
0.05924676923076923
0.09450276923076922
0.12537784615384615
0.14686523076923075
0.14540492307692307
0.10576799999999999
0.06863446153846153
0.030875076923076922
-0.008344615384615384
-0.043392
-0.07551876923076924
-0.07656184615384615
-0.03713353846153846
0.03859384615384615
0.13935507692307691
0.22864246153846152
0.2947735384615384
0.3375396923076923
0.36299076923076923
0.355272
0.29331323076923077
0.1940123076923077
0.06633969230769231
-0.04839876923076923
-0.13893784615384613
-0.20944984615384615
-0.23949046153846154
-0.24303692307692307
-0.20027076923076922
-0.09846646153846153
0.01981846153846154
0.13622584615384614
0.2290596923076923
0.26368984615384616
0.2540935384615385
0.1990190769230769
0.1097316923076923
0.009596307692307692
-0.11160923076923077
-0.22405292307692307
-0.3079163076923077
-0.3425464615384616
-0.3193901538461538
-0.2618123076923077
-0.15959076923076923
-0.04088861538461538
0.08115138461538463
0.19797599999999999
0.2774584615384615
0.3243969230769231
0.3127144615384615
0.2503384615384615
0.16480615384615382
0.055491692307692304
-0.04652123076923077
-0.13330523076923076
-0.19881046153846152
-0.2140393846153846
-0.18900553846153845
-0.12725538461538463
-0.032544
0.06446215384615385
0.16021661538461537
0.23656984615384613
0.2818393846153846
0.28392553846153845
0.2303113846153846
0.15416676923076922
0.05319692307692307
-0.04985907692307692
-0.13518276923076925
-0.2090326153846154
-0.2503384615384615
-0.25993476923076925
-0.22843384615384613
-0.1585476923076923
-0.06800861538461538
0.02357353846153846
0.09241661538461539
0.13080184615384613
0.1462393846153846
0.14144123076923076
0.11807630769230769
0.09053907692307692
0.059872615384615385
0.03045784615384615
0.006884307692307692
-0.013142769230769229
-0.019609846153846155
-0.008761846153846153
0.012934153846153845
0.03609046153846154
0.06967753846153846
0.10597661538461538
0.12788123076923075
0.13622584615384614
0.12704676923076924
0.11745046153846153
0.10514215384615383
0.0897046153846154
0.07092923076923077
0.051528
0.03775938461538462
0.015020307692307692
-0.0012516923076923076
-0.022530461538461537
-0.04714707692307692
-0.06383630769230769
-0.07259815384615384
-0.06675692307692307
-0.058412307692307694
-0.04819015384615385
-0.03880246153846154
-0.028788923076923077
-0.008970461538461538
0.03066646153846154
0.07343261538461537
0.10848000000000001
0.13998092307692306
0.1597993846153846
0.17461107692307692
0.1783661538461538
0.16188553846153847
0.11911938461538461
0.05298830769230769
-0.0077187692307692304
-0.05590892307692308
-0.09596307692307693
-0.12141415384615384
-0.12829846153846153
-0.11557292307692307
-0.08031692307692308
-0.02899753846153846
0.02211323076923077
0.05778646153846154
0.07593599999999999
0.07948246153846153
0.06738276923076922
0.04214030769230769
0.0033378461538461535
-0.04547815384615384
-0.10368184615384615
-0.154584
-0.1860849230769231
-0.1992276923076923
-0.18858830769230767
-0.16209415384615386
-0.12308307692307692
-0.07760492307692309
-0.02858030769230769
0.01272553846153846
0.02795446153846154
0.02795446153846154
0.015020307692307692
-0.0002086153846153846
-0.0050067692307692304
-0.006258461538461538
-0.015646153846153844
-0.03400430769230769
-0.044435076923076924
-0.04109723076923077
-0.024408000000000003
-0.008344615384615384
-0.006884307692307692
-0.010013538461538461
-0.021278769230769233
-0.03504738461538461
-0.04819015384615385
-0.06279323076923077
-0.07551876923076924
-0.08115138461538463
-0.07656184615384615
-0.06487938461538462
-0.042348923076923076
-0.030875076923076922
-0.03671630769230769
-0.04693846153846153
-0.06300184615384616
-0.08344615384615384
-0.1028473846153846
-0.12537784615384615
-0.14540492307692307
-0.15604430769230768
-0.14874276923076923
-0.11244369230769231
-0.06529661538461538
-0.016063384615384615
0.03045784615384615
0.07092923076923077
0.11306953846153844
0.15249784615384615
0.17461107692307692
0.16835261538461538
0.14686523076923075
0.12412615384615384
0.09554584615384615
0.05611753846153846
-0.004589538461538461
-0.07113784615384615
-0.12600369230769232
-0.1558356923076923
-0.14790830769230767
-0.11327815384615383
-0.06383630769230769
-0.01272553846153846
0.03692492307692308
0.08302892307692307
0.12329169230769231
0.14749107692307692
0.1424843076923077
0.11286092307692308
0.08511507692307693
0.059872615384615385
0.0446436923076923
0.041514461538461535
0.028788923076923077
0.013560000000000001
-0.00855323076923077
-0.015228923076923076
-0.0029206153846153843
0.0029206153846153843
0.006884307692307692
0.022530461538461537
0.05862092307692307
0.10785415384615385
0.16251138461538459
0.206112
0.22572184615384616
0.23072861538461537
0.22780799999999998
0.20402584615384614
0.1502030769230769
0.06884307692307692
-0.026702769230769228
-0.11140061538461538
-0.1718990769230769
-0.20193969230769232
-0.2138307692307692
-0.2154996923076923
-0.19547261538461536
-0.15625292307692307
-0.09450276923076922
-0.030040615384615384
0.019609846153846155
0.04130584615384615
0.03650769230769231
0.025659692307692307
-0.003963692307692307
-0.042348923076923076
-0.086784
-0.1358086153846154
-0.17586276923076924
-0.19651569230769228
-0.19150892307692308
-0.16772676923076923
-0.13309661538461537
-0.09658892307692307
-0.04672984615384615
0.0077187692307692304
0.06383630769230769
0.11202646153846153
0.13622584615384614
0.146448
0.13726892307692307
0.12329169230769231
0.10013538461538461
0.06467076923076923
0.024199384615384616
-0.015646153846153844
-0.03045784615384615
-0.03233538461538461
-0.022947692307692308
-0.016063384615384615
-0.014811692307692307
-0.009179076923076922
-0.006258461538461538
-0.010013538461538461
-0.02795446153846154
-0.051528
-0.07280676923076923
-0.06988615384615385
-0.05757784615384615
-0.04631261538461538
-0.03358707692307692
-0.04130584615384615
-0.058412307692307694
-0.06070707692307692
-0.00855323076923077
0.08323753846153846
0.1883796923076923
0.2860116923076923
0.35193415384615384
0.4320424615384615
0.4754344615384615
0.47772923076923074
0.4174393846153846
0.2720344615384615
0.11140061538461538
-0.042348923076923076
-0.13267938461538462
-0.2586830769230769
-0.3594443076923077
-0.40638276923076927
-0.40992923076923077
-0.2768326153846154
-0.130176
0.04735569230769231
0.18629353846153843
0.2912270769230769
0.4049224615384615
0.4188996923076923
0.38426953846153844
0.2482523076923077
0.059664
-0.12642092307692307
-0.32731753846153844
-0.44226461538461537
-0.5144455384615384
-0.514236923076923
-0.42035999999999996
-0.30520430769230766
-0.13706030769230768
0.026494153846153844
0.1691870769230769
0.30416123076923074
0.34943076923076927
0.36611999999999995
0.3542289230769231
0.30937661538461536
0.2864289230769231
0.20235692307692305
0.09450276923076922
-0.018983999999999997
-0.14102399999999998
-0.22029784615384615
-0.2943563076923077
-0.3481790769230769
-0.3581926153846154
-0.31834707692307695
-0.2125790769230769
-0.10055261538461538
0.004589538461538461
0.10138707692307691
0.16438892307692307
0.23823876923076923
0.2722430769230769
0.25534523076923077
0.22280123076923075
0.15249784615384615
0.09971815384615385
0.04568676923076923
-0.03984553846153846
-0.11745046153846153
-0.19651569230769228
-0.2497126153846154
-0.25555384615384613
-0.23490092307692306
-0.16480615384615382
-0.05862092307692307
0.07739630769230768
0.23823876923076923
0.38030584615384616
0.5015113846153846
0.5628443076923076
0.5649304615384615
0.5138196923076923
0.3947003076923077
0.2712
0.14206707692307693
0.011891076923076923
-0.09679753846153846
-0.19338646153846153
-0.22947692307692308
-0.21508246153846153
-0.17711446153846155
-0.11703323076923078
-0.056951999999999996
0.024616615384615383
0.13393107692307693
0.23385784615384617
0.29414769230769233
0.29748553846153847
0.26535876923076923
0.21967199999999998
0.154584
0.06550523076923077
-0.05382276923076923
-0.16459753846153846
-0.23677846153846152
-0.2703655384615385
-0.23052
-0.16710092307692306
-0.09846646153846153
-0.00855323076923077
0.058412307692307694
0.11974523076923077
0.16167692307692308
0.17252492307692308
0.16981292307692308
0.13664307692307692
0.09325107692307691
0.053405538461538456
0.007510153846153846
-0.042974769230769226
-0.09867507692307692
-0.14477907692307693
-0.18128676923076922
-0.20027076923076922
-0.18525046153846153
-0.1558356923076923
-0.11265230769230769
-0.07885661538461539
-0.049233230769230765
-0.005424
0.033169846153846154
0.06800861538461538
0.08198584615384615
0.07614461538461538
0.0678
0.06425353846153846
0.06154153846153846
0.05048492307692308
0.03504738461538461
0.021487384615384613
0.01668923076923077
0.0025033846153846152
-0.021070153846153846
-0.04547815384615384
-0.06133292307692308
-0.05590892307692308
-0.04693846153846153
-0.02899753846153846
-0.01043076923076923
0.013351384615384614
0.05757784615384615
0.08031692307692308
0.09241661538461539
0.0974233846153846
0.0853236923076923
0.06967753846153846
0.03045784615384615
-0.008136
-0.047772923076923074
-0.09971815384615385
-0.1314276923076923
-0.14665661538461539
-0.14978584615384616
-0.13768615384615385
-0.11265230769230769
-0.08302892307692307
-0.05382276923076923
-0.026911384615384615
-0.0029206153846153843
0.024199384615384616
0.047772923076923074
0.04839876923076923
0.03379569230769231
0.03650769230769231
0.05674338461538461
0.08031692307692308
0.09283384615384616
0.10201292307692307
0.11244369230769231
0.12016246153846154
0.12996738461538462
0.12245723076923076
0.0897046153846154
0.04047138461538462
-0.0008344615384615384
-0.02858030769230769
-0.05069353846153846
-0.06717415384615384
-0.08699261538461538
-0.0855323076923077
-0.06759138461538462
-0.041514461538461535
-0.0016689230769230767
0.03108369230769231
0.05674338461538461
0.07238953846153846
0.08031692307692308
0.07051199999999999
0.03567323076923076
-0.013351384615384614
-0.07551876923076924
-0.14540492307692307
-0.19651569230769228
-0.21466523076923077
-0.2125790769230769
-0.1913003076923077
-0.15520984615384617
-0.10055261538461538
-0.037342153846153844
0.029414769230769227
0.09700615384615385
0.13622584615384614
0.15082892307692305
0.1449876923076923
0.13184492307692308
0.12120553846153845
0.08177723076923075
0.02357353846153846
-0.033169846153846154
-0.09012184615384615
-0.12433476923076923
-0.14123261538461537
-0.1543753846153846
-0.15249784615384615
-0.14540492307692307
-0.11265230769230769
-0.05799507692307692
-0.0035464615384615383
0.042974769230769226
0.06592246153846154
0.0828203076923077
0.09304246153846155
0.09909230769230769
0.09554584615384615
0.06404492307692307
0.016897846153846156
-0.03775938461538462
-0.09116492307692307
-0.13038461538461538
-0.16251138461538459
-0.18253846153846154
-0.1783661538461538
-0.15291507692307693
-0.10514215384615383
-0.04902461538461538
-0.002086153846153846
0.04860738461538461
0.09700615384615385
0.14081538461538462
0.17398523076923075
0.18170399999999998
0.168144
0.12558646153846154
0.06028984615384615
-0.011265230769230769
-0.07364123076923076
-0.11745046153846153
-0.15813046153846153
-0.1802436923076923
-0.1710646153846154
-0.14561353846153846
-0.10743692307692307
-0.07343261538461537
-0.04672984615384615
-0.025033846153846153
-0.008970461538461538
0.016897846153846156
0.03713353846153846
0.040054153846153843
0.03483876923076923
0.02586830769230769
0.024199384615384616
0.026076923076923077
0.022947692307692308
0.01397723076923077
-0.0029206153846153843
-0.017523692307692306
-0.02211323076923077
-0.021904615384615383
-0.016480615384615385
-0.003963692307692307
0.005424
0.01856676923076923
0.04214030769230769
0.07092923076923077
0.09679753846153846
0.1136953846153846
0.12934153846153845
0.146448
0.15813046153846153
0.15562707692307692
0.13330523076923076
0.09658892307692307
0.04380923076923077
-0.025659692307692307
-0.09325107692307691
-0.14978584615384616
-0.19588984615384614
-0.21654276923076923
-0.20423446153846153
-0.16793538461538463
-0.10493353846153847
-0.037342153846153844
0.030040615384615384
0.09512861538461538
0.14415323076923076
0.1802436923076923
0.18232984615384615
0.1502030769230769
0.092208
0.023990769230769232
-0.03901107692307692
-0.09095630769230768
-0.11891076923076922
-0.13372246153846154
-0.13059323076923077
-0.10660246153846153
-0.06279323076923077
-0.0043809230769230765
0.04965046153846154
0.09074769230769231
0.11870215384615385
0.13664307692307692
0.13998092307692306
0.1314276923076923
0.10535076923076922
0.06926030769230769
0.04547815384615384
0.033169846153846154
0.023782153846153845
0.009596307692307692
-0.005215384615384615
-0.026285538461538457
-0.04672984615384615
-0.06028984615384615
-0.07510153846153846
-0.0855323076923077
-0.09033046153846153
-0.08448923076923077
-0.06425353846153846
-0.022947692307692308
0.028788923076923077
0.0855323076923077
0.13601723076923075
0.18232984615384615
0.22676492307692306
0.25200738461538463
0.25805723076923076
0.2290596923076923
0.1696043076923077
0.08907876923076924
0.006675692307692307
-0.06800861538461538
-0.13038461538461538
-0.17628
-0.20506892307692307
-0.18983999999999998
-0.1289243076923077
-0.03629907692307692
0.06613107692307692
0.15270646153846154
0.2154996923076923
0.2561796923076923
0.260352
0.22008923076923076
0.1502030769230769
0.04819015384615385
-0.05194523076923077
-0.13622584615384614
-0.19609846153846153
-0.21716861538461538
-0.21633415384615384
-0.17169046153846151
-0.09825784615384614
-0.0008344615384615384
0.10201292307692307
0.1787833846153846
0.23135446153846154
0.23907323076923076
0.22405292307692307
0.1908830769230769
0.14102399999999998
0.08344615384615384
0.01043076923076923
-0.04547815384615384
-0.06884307692307692
-0.06633969230769231
-0.03859384615384615
-0.0050067692307692304
0.02482523076923077
0.05444861538461539
0.08428061538461538
0.10493353846153847
0.10681107692307691
0.08135999999999999
0.03337846153846154
-0.011682461538461537
-0.04547815384615384
-0.06884307692307692
-0.08594953846153845
-0.10138707692307691
-0.1045163076923077
-0.0855323076923077
-0.04526953846153846
0.003963692307692307
0.055491692307692304
0.10013538461538461
0.130176
0.15187199999999998
0.15562707692307692
0.13267938461538462
0.08177723076923075
0.014394461538461538
-0.03984553846153846
-0.08073415384615384
-0.10660246153846153
-0.11098338461538461
-0.10368184615384615
-0.08094276923076923
-0.05528307692307692
-0.023990769230769232
0.017940923076923077
0.043600615384615383
0.05111076923076923
0.03880246153846154
0.021487384615384613
0.01043076923076923
-0.003755076923076923
-0.019609846153846155
-0.04422646153846154
-0.06800861538461538
-0.07823076923076923
-0.08219446153846154
-0.08386338461538462
-0.09053907692307692
-0.1070196923076923
-0.10472492307692308
-0.08052553846153847
-0.045060923076923075
0.0006258461538461538
0.030040615384615384
0.06008123076923077
0.09137353846153846
0.11181784615384616
0.13080184615384613
0.12767261538461538
0.11181784615384616
0.09074769230769231
0.07030338461538461
0.05799507692307692
0.03984553846153846
0.021696
0.01272553846153846
0.004589538461538461
0.004172307692307692
0.0004172307692307692
-0.021278769230769233
-0.03775938461538462
-0.054240000000000003
-0.04109723076923077
-0.026702769230769228
0.0033378461538461535
0.04819015384615385
0.09241661538461539
0.14123261538461537
0.20360861538461536
0.34338092307692303
0.29227015384615385
0.1869193846153846
0.11578153846153846
-0.017315076923076923
-0.023990769230769232
-0.14290153846153844
-0.2716172307692308
-0.37050092307692306
-0.45102646153846154
-0.31834707692307695
-0.19672430769230767
-0.05236246153846154
0.03775938461538462
0.09784061538461537
0.2853858461538461
0.40992923076923077
0.5363501538461538
0.5092301538461538
0.32085046153846153
0.18545907692307692
-0.01981846153846154
-0.14331876923076922
-0.2517987692307692
-0.4205686153846153
-0.43329415384615383
-0.477312
-0.4113895384615384
-0.19296923076923078
-0.052571076923076915
0.14665661538461539
0.249504
0.27850153846153847
0.32543999999999995
0.27975323076923075
0.2712
0.2073636923076923
0.03504738461538461
-0.11244369230769231
-0.24491446153846153
-0.26765353846153844
-0.25138153846153843
-0.27850153846153847
-0.2591003076923077
-0.2591003076923077
-0.1706473846153846
-0.024616615384615383
0.04819015384615385
0.11807630769230769
0.12120553846153845
0.12975876923076923
0.19213476923076922
0.18379015384615385
0.17169046153846151
0.12829846153846153
0.04631261538461538
0.05799507692307692
0.06863446153846153
0.065088
0.03838523076923077
-0.03504738461538461
-0.0771876923076923
-0.12558646153846154
-0.15374953846153847
-0.165432
-0.15917353846153848
-0.1178676923076923
-0.09512861538461538
-0.017523692307692306
0.07802215384615384
0.13747753846153846
0.20298276923076922
0.21007569230769232
0.18942276923076923
0.1597993846153846
0.09012184615384615
0.040054153846153843
-0.05319692307692307
-0.15291507692307693
-0.17398523076923075
-0.16856123076923077
-0.1218313846153846
-0.07468430769230769
-0.019192615384615384
0.0826116923076923
0.1842073846153846
0.2699483076923077
0.29727692307692305
0.2814221538461538
0.25659692307692306
0.1783661538461538
0.09074769230769231
-0.017315076923076923
-0.1696043076923077
-0.273912
-0.3510996923076923
-0.37196123076923077
-0.3133403076923077
-0.24908676923076922
-0.1506203076923077
-0.05403138461538461
0.01397723076923077
0.0961716923076923
0.143736
0.1558356923076923
0.11911938461538461
0.030040615384615384
-0.06654830769230768
-0.1637630769230769
-0.21007569230769232
-0.22405292307692307
-0.22280123076923075
-0.1869193846153846
-0.13935507692307691
-0.040262769230769234
0.07238953846153846
0.15520984615384617
0.233232
0.24616615384615384
0.22989415384615383
0.22864246153846152
0.19693292307692306
0.15187199999999998
0.07134646153846153
-0.012099692307692308
-0.031709538461538456
-0.024616615384615383
0.002086153846153846
0.02315630769230769
0.018358153846153843
0.02795446153846154
0.040262769230769234
0.058412307692307694
0.07072061538461538
0.050067692307692306
0.019609846153846155
-0.028371692307692306
-0.06154153846153846
-0.06863446153846153
-0.08115138461538463
-0.07197230769230768
-0.06926030769230769
-0.07197230769230768
-0.050067692307692306
-0.03233538461538461
-0.0012516923076923076
0.00855323076923077
-0.03108369230769231
-0.073224
-0.11140061538461538
-0.12579507692307693
-0.12120553846153845
-0.11953661538461538
-0.10159569230769232
-0.07030338461538461
-0.010013538461538461
0.073224
0.13998092307692306
0.18983999999999998
0.20298276923076922
0.19359507692307693
0.17294215384615383
0.11223507692307692
0.03567323076923076
-0.059872615384615385
-0.14832553846153845
-0.19797599999999999
-0.2273907692307692
-0.21070153846153844
-0.15938215384615384
-0.09491999999999999
-0.02357353846153846
0.0448523076923077
0.12725538461538463
0.20402584615384614
0.24282830769230768
0.23677846153846152
0.19463815384615382
0.12579507692307693
0.03921969230769231
-0.037342153846153844
-0.10159569230769232
-0.16438892307692307
-0.20402584615384614
-0.2021483076923077
-0.16063384615384615
-0.09471138461538461
-0.02899753846153846
0.04526953846153846
0.1314276923076923
0.19839323076923077
0.24470584615384613
0.25659692307692306
0.23198030769230768
0.19380369230769232
0.14436184615384615
0.09387692307692307
0.04631261538461538
0.0035464615384615383
-0.03337846153846154
-0.06028984615384615
-0.07948246153846153
-0.092208
-0.08699261538461538
-0.0771876923076923
-0.06341907692307691
-0.03984553846153846
-0.01940123076923077
0.003963692307692307
0.03421292307692308
0.07197230769230768
0.11911938461538461
0.15520984615384617
0.1783661538461538
0.19463815384615382
0.19568123076923075
0.1792006153846154
0.14457046153846154
0.08782707692307692
0.020652923076923076
-0.041514461538461535
-0.08782707692307692
-0.10201292307692307
-0.08782707692307692
-0.05382276923076923
-0.013351384615384614
0.029832
0.08615815384615384
0.146448
0.20486030769230767
0.24491446153846153
0.2480436923076923
0.21508246153846153
0.14853415384615384
0.06446215384615385
-0.028163076923076923
-0.13101046153846155
-0.22342707692307692
-0.29748553846153847
-0.3437981538461538
-0.3440067692307692
-0.30979384615384614
-0.24282830769230768
-0.157296
-0.06696553846153847
0.02482523076923077
0.09971815384615385
0.13789476923076924
0.13184492307692308
0.10326461538461539
0.047772923076923074
-0.015646153846153844
-0.06487938461538462
-0.11578153846153846
-0.15541846153846153
-0.1787833846153846
-0.18086953846153844
-0.15395815384615386
-0.11536430769230768
-0.07009476923076922
-0.016063384615384615
0.027745846153846152
0.06863446153846153
0.10076123076923077
0.1151556923076923
0.12350030769230769
0.11432123076923076
0.10722830769230769
0.10827138461538462
0.10785415384615385
0.10952307692307692
0.09491999999999999
0.0744756923076923
0.05444861538461539
0.04109723076923077
0.040054153846153843
0.03024923076923077
0.02086153846153846
0.008344615384615384
0.001043076923076923
0.008136
0.00855323076923077
0.014811692307692307
0.012934153846153845
0.014394461538461538
0.034630153846153845
0.05653476923076922
0.08490646153846154
0.09763200000000001
0.0892873846153846
0.08135999999999999
0.07593599999999999
0.07635323076923077
0.07134646153846153
0.05173661538461538
0.035255999999999996
0.02586830769230769
0.029832
0.04839876923076923
0.05924676923076923
0.05090215384615384
0.03296123076923077
0.012099692307692308
-0.00855323076923077
-0.03859384615384615
-0.07781353846153846
-0.11640738461538462
-0.13852061538461538
-0.11390399999999999
-0.061124307692307686
0.0029206153846153843
0.06404492307692307
0.10055261538461538
0.13476553846153844
0.15667015384615385
0.15208061538461537
0.132888
0.08094276923076923
0.01940123076923077
-0.03108369230769231
-0.07009476923076922
-0.08198584615384615
-0.08428061538461538
-0.07343261538461537
-0.04526953846153846
-0.011265230769230769
0.038176615384615385
0.092208
0.12808984615384614
0.14206707692307693
0.14519630769230768
0.1504116923076923
0.15333230769230768
0.143736
0.10868861538461538
0.06300184615384616
0.01814953846153846
-0.016063384615384615
-0.038176615384615385
-0.05528307692307692
-0.07301538461538462
-0.09721476923076922
-0.10055261538461538
-0.09095630769230768
-0.06905169230769231
-0.04819015384615385
-0.04172307692307692
-0.03129230769230769
-0.02044430769230769
0.002712
0.027328615384615382
0.02273907692307692
0.0
-0.017315076923076923
-0.026494153846153844
-0.021278769230769233
-0.009387692307692307
-0.008970461538461538
-0.0070929230769230765
0.0006258461538461538
0.015646153846153844
0.03483876923076923
0.03692492307692308
0.021070153846153846
-0.0018775384615384615
-0.02524246153846154
-0.03942830769230769
-0.041514461538461535
-0.03775938461538462
-0.03379569230769231
-0.03504738461538461
-0.03713353846153846
-0.035464615384615386
-0.033169846153846154
-0.03775938461538462
-0.053405538461538456
-0.05924676923076923
-0.054657230769230764
-0.04047138461538462
-0.019609846153846155
-0.01981846153846154
-0.025033846153846153
-0.032544
-0.04526953846153846
-0.050067692307692306
-0.06154153846153846
-0.07843938461538462
-0.0897046153846154
-0.09262523076923077
-0.078648
-0.05236246153846154
-0.027120000000000002
0.0014603076923076922
0.023364923076923075
0.04902461538461538
0.0771876923076923
0.09679753846153846
0.10347323076923076
0.08323753846153846
0.05528307692307692
0.022947692307692308
-0.004798153846153846
-0.028788923076923077
-0.06341907692307691
-0.10368184615384615
-0.132888
-0.13205353846153844
-0.10555938461538462
-0.0678
-0.03129230769230769
0.006675692307692307
0.05277969230769231
0.1045163076923077
0.14519630769230768
0.16772676923076923
0.1637630769230769
0.12996738461538462
0.084072
0.02586830769230769
-0.041514461538461535
-0.11432123076923076
-0.17669723076923077
-0.20652923076923077
-0.20193969230769232
-0.16188553846153847
-0.09533723076923077
-0.013768615384615384
0.07405846153846153
0.16021661538461537
0.23448369230769228
0.2828824615384615
0.29685969230769227
0.2764153846153846
0.22864246153846152
0.154584
0.06696553846153847
-0.01710646153846154
-0.09012184615384615
-0.15124615384615384
-0.19672430769230767
-0.21487384615384614
-0.20527753846153846
-0.16271999999999998
-0.09992676923076924
-0.012099692307692308
0.09137353846153846
0.17565415384615385
0.25764
0.30854215384615385
0.30666461538461537
0.2782929230769231
0.20256553846153844
0.09387692307692307
-0.014185846153846153
-0.13643446153846153
-0.1942209230769231
-0.21633415384615384
-0.1424843076923077
0.007927384615384614
0.025659692307692307
0.1028473846153846
0.16438892307692307
0.20193969230769232
0.26681907692307694
0.18107815384615383
0.08094276923076923
-0.084072
-0.17628
-0.16271999999999998
-0.1785747692307692
-0.14394461538461537
-0.1531236923076923
-0.07155507692307693
0.08657538461538461
0.222384
0.3669544615384615
0.3473446153846154
0.25701415384615384
0.16710092307692306
0.025033846153846153
-0.07405846153846153
-0.2154996923076923
-0.36340799999999995
-0.4280787692307692
-0.5021372307692308
-0.44998338461538456
-0.2979027692307692
-0.16105107692307694
0.01668923076923077
0.13121907692307694
0.21779446153846155
0.2851772307692308
0.2926873846153846
0.2981113846153846
0.2238443076923077
0.08386338461538462
-0.051319384615384614
-0.15354092307692307
-0.19004861538461537
-0.23823876923076923
-0.30666461538461537
-0.3483876923076923
-0.3609046153846154
-0.2862203076923077
-0.18379015384615385
-0.10576799999999999
-0.01981846153846154
0.03775938461538462
0.10868861538461538
0.18149538461538461
0.2021483076923077
0.21049292307692305
0.1597993846153846
0.08115138461538463
0.040679999999999994
-0.012308307692307691
-0.05736923076923077
-0.13038461538461538
-0.21028430769230766
-0.24908676923076922
-0.2868461538461538
-0.279336
-0.2453316923076923
-0.1760713846153846
-0.078648
0.0050067692307692304
0.14916
0.2951907692307692
0.3988726153846154
0.47606030769230767
0.46437784615384614
0.41076369230769233
0.31834707692307695
0.17544553846153846
0.043600615384615383
-0.10618523076923077
-0.2261390769230769
-0.2749550769230769
-0.287472
-0.23656984615384613
-0.16167692307692308
-0.05298830769230769
0.10576799999999999
0.249504
0.37321292307692305
0.4443507692307692
0.4698018461538461
0.47001046153846154
0.4078430769230769
0.30207507692307695
0.15124615384615384
-0.015854769230769228
-0.13747753846153846
-0.25200738461538463
-0.3243969230769231
-0.33545353846153847
-0.31855569230769226
-0.23907323076923076
-0.13935507692307691
-0.020027076923076922
0.1178676923076923
0.22634769230769228
0.30562153846153844
0.33524492307692305
0.32982092307692307
0.28851507692307693
0.21862892307692305
0.1476996923076923
0.06529661538461538
-0.015646153846153844
-0.0897046153846154
-0.15228923076923076
-0.1696043076923077
-0.16334584615384617
-0.14206707692307693
-0.08991323076923076
-0.03921969230769231
0.031709538461538456
0.11494707692307692
0.17419384615384614
0.214248
0.22029784615384615
0.2157083076923077
0.21299630769230768
0.18754523076923074
0.13893784615384613
0.05924676923076923
-0.02357353846153846
-0.08219446153846154
-0.11870215384615385
-0.12808984615384614
-0.13309661538461537
-0.13497415384615385
-0.1207883076923077
-0.10368184615384615
-0.07280676923076923
-0.03942830769230769
-0.013351384615384614
0.02545107692307692
0.05382276923076923
0.08574092307692306
0.119328
0.13643446153846153
0.14832553846153845
0.12642092307692307
0.07030338461538461
0.015228923076923076
-0.035255999999999996
-0.08594953846153845
-0.13393107692307693
-0.184416
-0.2138307692307692
-0.21779446153846155
-0.18170399999999998
-0.11557292307692307
-0.05382276923076923
0.008136
0.06133292307692308
0.11160923076923077
0.14728246153846153
0.16251138461538459
0.1639716923076923
0.14811692307692306
0.12579507692307693
0.09679753846153846
0.053614153846153846
0.004172307692307692
-0.04088861538461538
-0.08240307692307691
-0.10263876923076923
-0.11181784615384616
-0.1097316923076923
-0.08094276923076923
-0.04422646153846154
0.005841230769230769
0.051528
0.09074769230769231
0.12037107692307693
0.13267938461538462
0.13247076923076923
0.10138707692307691
0.059664
0.016063384615384615
-0.03400430769230769
-0.078648
-0.11870215384615385
-0.13998092307692306
-0.14018953846153845
-0.14102399999999998
-0.13267938461538462
-0.11619876923076923
-0.09825784615384614
-0.07092923076923077
-0.04401784615384615
-0.015854769230769228
0.0029206153846153843
0.003963692307692307
0.0077187692307692304
0.003755076923076923
-0.0008344615384615384
-0.0043809230769230765
-0.009804923076923077
0.005632615384615384
0.01668923076923077
0.017940923076923077
0.013351384615384614
-0.007927384615384614
-0.020027076923076922
-0.026285538461538457
-0.024199384615384616
-0.01043076923076923
-0.005841230769230769
0.010013538461538461
0.03984553846153846
0.0798996923076923
0.12391753846153845
0.14311015384615386
0.13747753846153846
0.11870215384615385
0.09679753846153846
0.07489292307692308
0.04693846153846153
0.007510153846153846
-0.03045784615384615
-0.054240000000000003
-0.05924676923076923
-0.04631261538461538
-0.030040615384615384
-0.021487384615384613
-0.01668923076923077
-0.0014603076923076922
0.015228923076923076
0.025033846153846153
0.021278769230769233
0.003755076923076923
-0.021904615384615383
-0.06008123076923077
-0.09241661538461539
-0.11098338461538461
-0.11599015384615384
-0.11745046153846153
-0.11640738461538462
-0.09971815384615385
-0.06863446153846153
-0.03337846153846154
-0.0025033846153846152
0.016063384615384615
0.02899753846153846
0.03942830769230769
0.041514461538461535
0.03400430769230769
-0.009179076923076922
-0.07134646153846153
-0.12120553846153845
-0.15604430769230768
-0.16271999999999998
-0.16105107692307694
-0.14665661538461539
-0.10722830769230769
-0.05590892307692308
0.012099692307692308
0.07614461538461538
0.11891076923076922
0.13998092307692306
0.13726892307692307
0.12767261538461538
0.10994030769230768
0.07697907692307693
0.026285538461538457
-0.03650769230769231
-0.0853236923076923
-0.11745046153846153
-0.12704676923076924
-0.11473846153846154
-0.09408553846153846
-0.05590892307692308
-0.004589538461538461
0.055491692307692304
0.12516923076923075
0.17982646153846152
0.19860184615384616
0.1829556923076923
0.14603076923076924
0.09679753846153846
0.025033846153846153
-0.06300184615384616
-0.1435273846153846
-0.20027076923076922
-0.21445661538461538
-0.18358153846153846
-0.11828492307692307
-0.03713353846153846
0.040262769230769234
0.1151556923076923
0.18086953846153844
0.2225926153846154
0.22634769230769228
0.1846246153846154
0.11411261538461538
0.034630153846153845
-0.037967999999999995
-0.09700615384615385
-0.143736
-0.1656406153846154
-0.15646153846153846
-0.1218313846153846
-0.06362769230769232
0.002086153846153846
0.05048492307692308
0.07551876923076924
0.07531015384615385
0.06842584615384616
0.07009476923076922
0.06446215384615385
0.04672984615384615
0.021696
0.007301538461538462
0.012516923076923077
0.022530461538461537
0.025659692307692307
0.026285538461538457
0.01814953846153846
0.006049846153846154
0.0035464615384615383
-0.0077187692307692304
-0.02273907692307692
-0.056951999999999996
-0.09158215384615384
-0.09533723076923077
-0.0880356923076923
-0.06195876923076923
-0.044435076923076924
-0.028788923076923077
0.006258461538461538
0.053405538461538456
0.10764553846153846
0.13810338461538463
0.13852061538461538
0.10138707692307691
0.035464615384615386
-0.031709538461538456
-0.09992676923076924
-0.16584923076923075
-0.21862892307692305
-0.24282830769230768
-0.21028430769230766
-0.13247076923076923
-0.026702769230769228
0.09825784615384614
0.2090326153846154
0.29039261538461536
0.3392086153846154
0.3554806153846154
0.3304467692307692
0.24345415384615382
0.11286092307692308
-0.02023569230769231
-0.13267938461538462
-0.20339999999999997
-0.2330233846153846
-0.2238443076923077
-0.17398523076923075
-0.09033046153846153
0.031709538461538456
0.1656406153846154
0.27704123076923076
0.3456756923076923
0.3584012307692308
0.33607938461538456
0.2860116923076923
0.20152246153846154
0.09262523076923077
-0.02795446153846154
-0.132888
-0.21007569230769232
-0.24345415384615382
-0.22321846153846153
-0.16856123076923077
-0.08094276923076923
0.028788923076923077
0.1506203076923077
0.2578486153846154
0.32231076923076923
0.33941723076923075
0.3004061538461538
0.2236356923076923
0.12642092307692307
0.021487384615384613
-0.07781353846153846
-0.17315076923076922
-0.25117292307692307
-0.2818393846153846
-0.2563883076923077
-0.18796246153846152
-0.09930092307692308
-0.02482523076923077
0.03692492307692308
0.08949599999999999
0.1178676923076923
0.12537784615384615
0.09554584615384615
0.04318338461538461
-0.009804923076923077
-0.061750153846153844
-0.10013538461538461
-0.12120553846153845
-0.12934153846153845
-0.1287156923076923
-0.10618523076923077
-0.058829538461538454
-0.005215384615384615
0.035464615384615386
0.06216738461538462
0.07113784615384615
0.07677046153846154
0.0855323076923077
0.08344615384615384
0.08574092307692306
0.07885661538461539
0.07280676923076923
0.078648
0.07531015384615385
0.06738276923076922
0.03984553846153846
0.006258461538461538
-0.02753723076923077
-0.05757784615384615
-0.07113784615384615
-0.08365476923076923
-0.08115138461538463
-0.06446215384615385
-0.02586830769230769
0.037967999999999995
0.09784061538461537
0.14436184615384615
0.17231630769230769
0.1718990769230769
0.1506203076923077
0.10827138461538462
0.04672984615384615
-0.018358153846153843
-0.11452984615384615
-0.20798953846153845
-0.30019753846153846
-0.3767593846153846
-0.43350276923076925
-0.4478972307692307
-0.31000246153846156
-0.1097316923076923
0.18775384615384613
0.5106904615384615
0.7862713846153846
1.0395304615384615
1.170958153846154
1.2045452307692308
1.0879292307692308
0.8088018461538461
0.4080516923076923
-0.014811692307692307
-0.41264123076923076
-0.7188886153846153
-0.911857846153846
-1.0080295384615385
-0.9320935384615384
-0.7147163076923077
-0.3584012307692308
0.043600615384615383
0.4239064615384615
0.6915600000000001
0.808176
0.794616
0.6076966153846154
0.36027876923076924
-0.0002086153846153846
-0.4105550769230769
-0.7228523076923077
-0.9496172307692308
-0.9648461538461538
-0.8135999999999999
-0.5743181538461538
-0.2517987692307692
0.03337846153846154
0.27975323076923075
0.4965046153846154
0.5770301538461539
0.5567944615384616
0.4514436923076923
0.2828824615384615
0.14665661538461539
0.027745846153846152
-0.03963692307692308
-0.09012184615384615
-0.15145476923076923
-0.18879692307692306
-0.2238443076923077
-0.2207150769230769
-0.200688
-0.19693292307692306
-0.18212123076923076
-0.19213476923076922
-0.18545907692307692
-0.1543753846153846
-0.15520984615384617
-0.14394461538461537
-0.13455692307692307
-0.10180430769230768
-0.006258461538461538
0.10493353846153847
0.21883753846153844
0.3087507692307692
0.3148006153846154
0.24345415384615382
0.11599015384615384
-0.07092923076923077
-0.2807963076923077
-0.47272246153846154
-0.5983089230769231
-0.601020923076923
-0.4720966153846154
-0.24887815384615386
0.04109723076923077
0.3392086153846154
0.5937193846153845
0.7891919999999999
0.8657538461538461
0.8017089230769231
0.6329390769230769
0.3821833846153846
0.09700615384615385
-0.16418030769230768
-0.3873987692307692
-0.5286313846153846
-0.5789076923076923
-0.5509532307692308
-0.43350276923076925
-0.2563883076923077
-0.03755076923076923
0.17481969230769231
0.3600701538461538
0.4950443076923077
0.5361415384615384
0.4950443076923077
0.35193415384615384
0.14185846153846154
-0.07739630769230768
-0.28768061538461537
-0.43475446153846153
-0.5061009230769231
-0.5113163076923077
-0.417648
-0.2568055384615385
-0.06467076923076923
0.14665661538461539
0.30270092307692303
0.3880246153846154
0.39762092307692304
0.33607938461538456
0.2438713846153846
0.12099692307692309
-0.013560000000000001
-0.14561353846153846
-0.25284184615384614
-0.30937661538461536
-0.3095852307692307
-0.2563883076923077
-0.1867107692307692
-0.10639384615384614
-0.020652923076923076
0.048816000000000005
0.09909230769230769
0.11035753846153845
0.06571384615384615
-0.006675692307692307
-0.09158215384615384
-0.15959076923076923
-0.1860849230769231
-0.19755876923076923
-0.1779489230769231
-0.14102399999999998
-0.08866153846153846
-0.005632615384615384
0.07697907692307693
0.14957723076923077
0.1883796923076923
0.18545907692307692
0.15124615384615384
0.09074769230769231
0.01981846153846154
-0.06487938461538462
-0.1424843076923077
-0.1948467692307692
-0.22676492307692306
-0.20339999999999997
-0.12934153846153845
-0.041514461538461535
0.05674338461538461
0.14290153846153844
0.20444307692307692
0.23636123076923077
0.21716861538461538
0.15875630769230767
0.07677046153846154
-0.010013538461538461
-0.08302892307692307
-0.13789476923076924
-0.16105107692307694
-0.15145476923076923
-0.11640738461538462
-0.07259815384615384
-0.03129230769230769
-0.0022947692307692304
-0.008344615384615384
-0.03755076923076923
-0.07656184615384615
-0.12141415384615384
-0.15500123076923078
-0.1637630769230769
-0.15228923076923076
-0.10535076923076922
-0.024199384615384616
0.07238953846153846
0.19067446153846154
0.30520430769230766
0.41368430769230763
0.5023458461538461
0.5388535384615384
0.5240418461538462
0.4489403076923077
0.3212676923076923
0.16751815384615384
-0.0006258461538461538
-0.15646153846153846
-0.27140861538461536
-0.3425464615384616
-0.3609046153846154
-0.31188
-0.19672430769230767
-0.04902461538461538
0.11056615384615384
0.24741784615384615
0.32836061538461536
0.360696
0.3312812307692308
0.25138153846153843
0.13810338461538463
-0.006884307692307692
-0.157296
-0.279336
-0.35339446153846155
-0.3721698461538462
-0.3383741538461538
-0.26494153846153845
-0.15959076923076923
-0.033169846153846154
0.0974233846153846
0.21654276923076923
0.29644246153846154
0.31772123076923076
0.28392553846153845
0.21341353846153846
0.13330523076923076
0.05027630769230769
-0.02753723076923077
-0.09387692307692307
-0.13121907692307694
-0.12850707692307692
-0.09679753846153846
-0.049233230769230765
-0.01710646153846154
0.008970461538461538
0.03233538461538461
0.050067692307692306
0.06425353846153846
0.05757784615384615
0.04214030769230769
0.028163076923076923
0.029832
0.04672984615384615
0.06946892307692307
0.0855323076923077
0.08657538461538461
0.07781353846153846
0.06404492307692307
0.05173661538461538
0.03567323076923076
-0.004589538461538461
-0.06383630769230769
-0.12016246153846154
-0.16063384615384615
-0.1712732307692308
-0.15771323076923077
-0.13184492307692308
-0.09012184615384615
-0.024616615384615383
0.054657230769230764
0.13184492307692308
0.18983999999999998
0.21362215384615382
0.20861538461538462
0.17711446153846155
0.12391753846153845
0.05069353846153846
-0.040054153846153843
-0.13330523076923076
-0.21320492307692307
-0.25430215384615384
-0.2601433846153846
-0.2371956923076923
-0.18337292307692307
-0.124752
-0.04631261538461538
0.045060923076923075
0.11891076923076922
0.16876984615384616
0.16793538461538463
0.13914646153846155
0.10952307692307692
0.08240307692307691
0.07009476923076922
0.06049846153846154
0.061124307692307686
0.08073415384615384
0.119328
0.17023015384615386
0.21195323076923075
0.22968553846153844
0.21758584615384616
0.18483323076923078
0.14853415384615384
0.1097316923076923
0.06821723076923077
0.03609046153846154
0.011473846153846154
0.011891076923076923
0.032544
0.06738276923076922
0.10117846153846152
0.10952307692307692
0.10243015384615384
0.08448923076923077
0.06529661538461538
0.034630153846153845
-0.011265230769230769
-0.06884307692307692
-0.13267938461538462
-0.1829556923076923
-0.21508246153846153
-0.23072861538461537
-0.23406646153846156
-0.22676492307692306
-0.19609846153846153
-0.12955015384615384
-0.03859384615384615
0.059038153846153844
0.13601723076923075
0.18066092307692305
0.19651569230769228
0.1869193846153846
0.15833907692307692
0.10263876923076923
0.025659692307692307
-0.058412307692307694
-0.12245723076923076
-0.15270646153846154
-0.15687876923076924
-0.1341396923076923
-0.1028473846153846
-0.05590892307692308
0.009387692307692307
0.08240307692307691
0.15166338461538462
0.18963138461538462
0.19693292307692306
0.1787833846153846
0.14457046153846154
0.09283384615384616
0.021904615384615383
-0.06738276923076922
-0.15562707692307692
-0.22175815384615383
-0.26619323076923074
-0.2795446153846154
-0.2730775384615384
-0.24616615384615384
-0.200688
-0.13267938461538462
-0.05757784615384615
0.011891076923076923
0.08219446153846154
0.13455692307692307
0.17544553846153846
0.20423446153846153
0.21675138461538462
0.208824
0.17169046153846151
0.1178676923076923
0.0609156923076923
0.013351384615384614
-0.015854769230769228
-0.03692492307692308
-0.0609156923076923
-0.08490646153846154
-0.10222153846153846
-0.10827138461538462
-0.11202646153846153
-0.1136953846153846
-0.10806276923076923
-0.09784061538461537
-0.06487938461538462
-0.011682461538461537
0.04985907692307692
0.11432123076923076
0.16167692307692308
0.19609846153846153
0.2157083076923077
0.21195323076923075
0.17565415384615385
0.10618523076923077
0.028788923076923077
-0.04109723076923077
-0.09262523076923077
-0.12391753846153845
-0.13518276923076925
-0.12850707692307692
-0.10368184615384615
-0.06195876923076923
-0.009804923076923077
0.04965046153846154
0.09763200000000001
0.12913292307692306
0.14999446153846155
0.14603076923076924
0.12120553846153845
0.08115138461538463
0.026702769230769228
-0.029414769230769227
-0.08574092307692306
-0.13309661538461537
-0.16793538461538463
-0.19067446153846154
-0.20778092307692309
-0.21341353846153846
-0.19651569230769228
-0.17231630769230769
-0.13372246153846154
-0.09658892307692307
-0.06613107692307692
-0.03421292307692308
-0.0016689230769230767
0.03275261538461539
0.061750153846153844
0.0828203076923077
0.09053907692307692
0.09283384615384616
0.08615815384615384
0.07384984615384615
0.05382276923076923
0.017523692307692306
-0.026911384615384615
-0.07259815384615384
-0.10180430769230768
-0.10681107692307691
-0.09450276923076922
-0.059038153846153844
-0.007301538461538462
0.05799507692307692
0.13643446153846153
0.20527753846153846
0.2601433846153846
0.28121353846153846
0.2716172307692308
0.24345415384615382
0.1802436923076923
0.10055261538461538
0.011265230769230769
-0.08302892307692307
-0.1691870769230769
-0.24491446153846153
-0.2805876923076923
-0.273912
-0.24199384615384617
-0.17690584615384616
-0.08740984615384616
0.02211323076923077
0.12808984615384614
0.21675138461538462
0.2837169230769231
0.30854215384615385
0.29727692307692305
0.24345415384615382
0.1543753846153846
0.056326153846153845
-0.050067692307692306
-0.14144123076923076
-0.19046584615384615
-0.20152246153846154
-0.17294215384615383
-0.13998092307692306
-0.09596307692307693
-0.04547815384615384
-0.03692492307692308
0.0014603076923076922
0.05611753846153846
0.11077476923076923
0.18921415384615384
0.25200738461538463
0.31772123076923076
0.3846867692307692
0.4228633846153846
0.4239064615384615
0.3613218461538461
0.2586830769230769
0.1424843076923077
-0.03045784615384615
-0.1867107692307692
-0.34046030769230773
-0.45457292307692304
-0.4921236923076923
-0.5065181538461538
-0.42599261538461536
-0.3248141538461538
-0.17461107692307692
0.02315630769230769
0.20173107692307693
0.37947138461538454
0.45332123076923075
0.4616658461538461
0.41076369230769233
0.2849686153846154
0.12996738461538462
-0.08845292307692308
-0.2883064615384615
-0.44038707692307694
-0.5336381538461539
-0.5194523076923077
-0.4487316923076923
-0.3319070769230769
-0.17732307692307692
-0.023782153846153845
0.1502030769230769
0.29331323076923077
0.3863556923076923
0.442056
0.42411507692307693
0.3815575384615385
0.2830910769230769
0.14394461538461537
0.0033378461538461535
-0.16459753846153846
-0.3216849230769231
-0.44914892307692306
-0.5219556923076923
-0.5131938461538461
-0.43976123076923074
-0.3198073846153846
-0.17002153846153847
-0.01668923076923077
0.14269292307692305
0.28017046153846153
0.3692492307692308
0.39407446153846154
0.3548547692307692
0.2897667692307692
0.20632061538461538
0.11473846153846154
0.01668923076923077
-0.10848000000000001
-0.21967199999999998
-0.2891409230769231
-0.33524492307692305
-0.33295015384615384
-0.29832
-0.22634769230769228
-0.10535076923076922
0.027745846153846152
0.17544553846153846
0.3062473846153846
0.40033292307692303
0.44748
0.4297476923076923
0.3744646153846154
0.2789187692307692
0.154584
0.025659692307692307
-0.11056615384615384
-0.21696000000000001
-0.2768326153846154
-0.2789187692307692
-0.23010276923076922
-0.16856123076923077
-0.07051199999999999
0.043392
0.1693956923076923
0.2937304615384615
0.3646596923076923
0.4017932307692308
0.40095876923076923
0.3615304615384615
0.28955815384615385
0.17690584615384616
0.04860738461538461
-0.07572738461538461
-0.1785747692307692
-0.2374043076923077
-0.25847446153846154
-0.2399076923076923
-0.18775384615384613
-0.11181784615384616
-0.006258461538461538
0.09992676923076924
0.1792006153846154
0.22530461538461538
0.23239753846153846
0.21737723076923077
0.1856676923076923
0.1287156923076923
0.06133292307692308
-0.019609846153846155
-0.09950953846153845
-0.157296
-0.19693292307692306
-0.21195323076923075
-0.20819815384615384
-0.18942276923076923
-0.15562707692307692
-0.10660246153846153
-0.04401784615384615
0.017940923076923077
0.06321046153846153
0.08740984615384616
0.10409907692307692
0.12162276923076921
0.13184492307692308
0.12934153846153845
0.11327815384615383
0.07238953846153846
0.027328615384615382
-0.006049846153846154
-0.03567323076923076
-0.06362769230769232
-0.10535076923076922
-0.14957723076923077
-0.1693956923076923
-0.17085599999999998
-0.14686523076923075
-0.1136953846153846
-0.09241661538461539
-0.05027630769230769
0.0077187692307692304
0.07259815384615384
0.12391753846153845
0.146448
0.14686523076923075
0.12016246153846154
0.09325107692307691
0.06070707692307692
0.017523692307692306
-0.02753723076923077
-0.08594953846153845
-0.12934153846153845
-0.1449876923076923
-0.13622584615384614
-0.09262523076923077
-0.04130584615384615
0.004798153846153846
0.04860738461538461
0.08782707692307692
0.12516923076923075
0.14311015384615386
0.12934153846153845
0.10117846153846152
0.07259815384615384
0.04652123076923077
0.024616615384615383
0.004589538461538461
-0.018775384615384614
-0.040679999999999994
-0.0448523076923077
-0.03275261538461539
-0.011056615384615385
0.005841230769230769
0.006049846153846154
0.009596307692307692
0.015228923076923076
0.015646153846153844
0.003755076923076923
-0.027120000000000002
-0.05319692307692307
-0.06905169230769231
-0.07051199999999999
-0.05319692307692307
-0.023364923076923075
0.015437538461538461
0.05507446153846154
0.09304246153846155
0.12266584615384615
0.12913292307692306
0.09867507692307692
0.040679999999999994
-0.03045784615384615
-0.09867507692307692
-0.14728246153846153
-0.1733593846153846
-0.1760713846153846
-0.16710092307692306
-0.13935507692307691
-0.0855323076923077
-0.013768615384615384
0.059038153846153844
0.10806276923076923
0.13664307692307692
0.14123261538461537
0.12266584615384615
0.08991323076923076
0.03421292307692308
-0.03713353846153846
-0.116616
-0.18879692307692306
-0.23782153846153845
-0.26786215384615386
-0.27871015384615383
-0.26869661538461537
-0.22467876923076924
-0.15124615384615384
-0.06049846153846154
0.03775938461538462
0.12704676923076924
0.20173107692307693
0.25659692307692306
0.2897667692307692
0.29039261538461536
0.2563883076923077
0.18858830769230767
0.09992676923076924
0.02232184615384615
-0.04819015384615385
-0.10535076923076922
-0.13935507692307691
-0.15520984615384617
-0.14311015384615386
-0.11244369230769231
-0.06362769230769232
-0.0050067692307692304
0.04568676923076923
0.09283384615384616
0.13664307692307692
0.17586276923076924
0.2125790769230769
0.23239753846153846
0.2236356923076923
0.19359507692307693
0.14394461538461537
0.07969107692307692
0.002712
-0.08845292307692308
-0.1777403076923077
-0.24637476923076923
-0.28476
-0.28163076923076924
-0.23886461538461537
-0.17419384615384614
-0.0892873846153846
0.008344615384615384
0.11286092307692308
0.2073636923076923
0.2737033846153846
0.30019753846153846
0.27620676923076926
0.2209236923076923
0.13747753846153846
0.04109723076923077
-0.054240000000000003
-0.14728246153846153
-0.2157083076923077
-0.25451076923076926
-0.2588916923076923
-0.23239753846153846
-0.1802436923076923
-0.10848000000000001
-0.023990769230769232
0.06425353846153846
0.13998092307692306
0.20110523076923076
0.2374043076923077
0.24011630769230768
0.2209236923076923
0.1800350769230769
0.11619876923076923
0.03859384615384615
-0.04860738461538461
-0.12037107692307693
-0.16271999999999998
-0.18379015384615385
-0.17628
-0.14394461538461537
-0.08720123076923077
-0.011056615384615385
0.06988615384615385
0.14916
0.20423446153846153
0.22572184615384616
0.21967199999999998
0.1994363076923077
0.17315076923076922
0.14164984615384615
0.09992676923076924
0.0448523076923077
-0.008136
-0.05611753846153846
-0.09325107692307691
-0.11306953846153844
-0.12537784615384615
-0.12621230769230768
-0.10639384615384614
-0.06717415384615384
-0.018775384615384614
0.03108369230769231
0.07614461538461538
0.10660246153846153
0.12850707692307692
0.14749107692307692
0.15124615384615384
0.13789476923076924
0.10618523076923077
0.06821723076923077
0.04088861538461538
0.020027076923076922
0.012934153846153845
0.011891076923076923
0.013351384615384614
0.022947692307692308
0.03713353846153846
0.055491692307692304
0.06800861538461538
0.06905169230769231
0.05799507692307692
0.05486584615384615
0.059664
0.06905169230769231
0.08240307692307691
0.07531015384615385
0.058829538461538454
0.04547815384615384
0.05048492307692308
0.06049846153846154
0.058829538461538454
0.048816000000000005
0.028371692307692306
0.016272
0.004589538461538461
-0.006675692307692307
-0.027120000000000002
-0.06362769230769232
-0.09241661538461539
-0.10514215384615383
-0.10660246153846153
-0.10535076923076922
-0.10660246153846153
-0.11348676923076922
-0.10806276923076923
-0.09304246153846155
-0.07134646153846153
-0.049233230769230765
-0.035464615384615386
-0.02586830769230769
-0.016480615384615385
0.0006258461538461538
0.01940123076923077
0.027328615384615382
0.011891076923076923
-0.0016689230769230767
-0.008970461538461538
-0.01668923076923077
-0.01043076923076923
-0.005215384615384615
-0.005424
-0.001043076923076923
0.008344615384615384
0.021487384615384613
0.02795446153846154
0.023990769230769232
0.014603076923076923
0.011682461538461537
0.02232184615384615
0.04193169230769231
0.06404492307692307
0.07197230769230768
0.06571384615384615
0.05528307692307692
0.035255999999999996
0.012099692307692308
-0.02023569230769231
-0.06905169230769231
-0.10493353846153847
-0.12412615384615384
-0.11953661538461538
-0.08156861538461539
-0.035255999999999996
0.016480615384615385
0.08761846153846153
0.16647507692307692
0.22989415384615383
0.26368984615384616
0.2509643076923077
0.21028430769230766
0.14144123076923076
0.050067692307692306
-0.03275261538461539
-0.12454338461538461
-0.19985353846153847
-0.23969907692307693
-0.2509643076923077
-0.21049292307692305
-0.14102399999999998
-0.05653476923076922
0.024199384615384616
0.07969107692307692
0.12600369230769232
0.13121907692307694
0.10430769230769231
0.058829538461538454
-0.02023569230769231
-0.09241661538461539
-0.15875630769230767
-0.20319138461538463
-0.21779446153846155
-0.21842030769230766
-0.18629353846153843
-0.12955015384615384
-0.049233230769230765
0.042974769230769226
0.1178676923076923
0.16271999999999998
0.18107815384615383
0.17648861538461538
0.15938215384615384
0.12224861538461537
0.06300184615384616
0.006049846153846154
-0.042974769230769226
-0.061750153846153844
-0.053614153846153846
-0.02482523076923077
0.01043076923076923
0.03337846153846154
0.06550523076923077
0.08135999999999999
0.073224
0.04839876923076923
-0.0002086153846153846
-0.04380923076923077
-0.08344615384615384
-0.09992676923076924
-0.09053907692307692
-0.09909230769230769
-0.09658892307692307
-0.10576799999999999
-0.116616
-0.13101046153846155
-0.16105107692307694
-0.17565415384615385
-0.16772676923076923
-0.09992676923076924
0.04693846153846153
0.2782929230769231
0.44351630769230765
0.6195876923076923
0.7877316923076922
0.8964203076923077
1.0067778461538461
0.9404381538461539
0.7622806153846154
0.4280787692307692
0.017523692307692306
-0.37050092307692306
-0.7929470769230769
-1.1117113846153845
-1.3735236923076921
-1.4555095384615384
-1.291955076923077
-0.9475310769230769
-0.38677292307692307
0.2021483076923077
0.7868972307692307
1.3090615384615385
1.6361704615384616
1.782409846153846
1.6297033846153846
1.209552
0.6270978461538461
-0.1097316923076923
-0.7931556923076923
-1.346820923076923
-1.748614153846154
-1.8796246153846152
-1.8149538461538461
-1.5137132307692307
-1.0092812307692307
-0.38656430769230765
0.32606584615384615
0.9539981538461538
1.4269292307692305
1.6962516923076922
1.7306732307692307
1.5629464615384616
1.1619876923076922
0.5882953846153847
-0.05319692307692307
-0.6848843076923077
-1.1720012307692307
-1.4893052307692307
-1.6378393846153847
-1.5796356923076924
-1.3543310769230767
-0.9717304615384615
-0.4816929230769231
0.017315076923076923
0.4942098461538461
0.8889101538461538
1.1672030769230768
1.325124923076923
1.323038769230769
1.1638652307692308
0.8634590769230769
0.47126215384615383
0.04526953846153846
-0.37592492307692305
-0.7499723076923077
-1.0372356923076922
-1.1970350769230769
-1.2320824615384616
-1.1475932307692307
-0.9131095384615384
-0.565764923076923
-0.1585476923076923
0.287472
0.7019907692307692
1.049126769230769
1.2996738461538462
1.4089883076923078
1.3574603076923075
1.1252713846153846
0.7545618461538461
0.3079163076923077
-0.173568
-0.6467076923076923
-1.0524646153846153
-1.3217870769230768
-1.4177501538461537
-1.3226215384615385
-1.047875076923077
-0.6391975384615384
-0.13330523076923076
0.4151446153846154
0.9243747692307692
1.3307575384615384
1.5564793846153846
1.560025846153846
1.3687255384615384
0.9917575384615384
0.5029716923076922
-0.02211323076923077
-0.5476153846153846
-0.9842473846153846
-1.2915378461538463
-1.4290153846153846
-1.3628843076923076
-1.1169267692307692
-0.7337003076923077
-0.2730775384615384
0.2125790769230769
0.647124923076923
0.9917575384615384
1.2126812307692307
1.2673384615384615
1.155937846153846
0.8882843076923077
0.519660923076923
0.119328
-0.27599815384615384
-0.6225083076923077
-0.8688830769230769
-1.0107415384615386
-1.0236756923076924
-0.8930824615384616
-0.6746621538461538
-0.39699507692307695
-0.09909230769230769
0.20152246153846154
0.4825273846153846
0.6900996923076923
0.8021261538461537
0.8021261538461537
0.7103353846153846
0.5513704615384615
0.34504984615384615
0.12454338461538461
-0.09846646153846153
-0.30332676923076923
-0.46729846153846155
-0.5870436923076923
-0.6412836923076922
-0.6283495384615384
-0.5584633846153846
-0.42661846153846156
-0.26494153846153845
-0.078648
0.13372246153846154
0.33524492307692305
0.5209126153846153
0.6544264615384615
0.7015735384615385
0.6763310769230769
0.5832886153846154
0.4297476923076923
0.22488738461538463
-0.008136
-0.2369870769230769
-0.4262012307692308
-0.55596
-0.6204221538461538
-0.6081138461538461
-0.520704
-0.37738523076923075
-0.19317784615384614
0.011473846153846154
0.19442953846153843
0.3473446153846154
0.4478972307692307
0.48628246153846155
0.4746
0.3915710769230769
0.2707827692307692
0.13038461538461538
-0.014394461538461538
-0.138312
-0.23761292307692305
-0.2887236923076923
-0.2993630769230769
-0.2632726153846154
-0.18212123076923076
-0.08198584615384615
0.02211323076923077
0.10994030769230768
0.17377661538461536
0.21070153846153844
0.2157083076923077
0.1927606153846154
0.15187199999999998
0.09408553846153846
0.03629907692307692
-0.014603076923076923
-0.045895384615384616
-0.053614153846153846
-0.04735569230769231
-0.01940123076923077
0.007301538461538462
0.033169846153846154
0.05298830769230769
0.04819015384615385
0.02545107692307692
-0.017523692307692306
-0.06321046153846153
-0.0988836923076923
-0.12308307692307692
-0.12120553846153845
-0.09909230769230769
-0.05653476923076922
0.008970461538461538
0.07092923076923077
0.12016246153846154
0.14144123076923076
0.127464
0.09658892307692307
0.051528
-0.0014603076923076922
-0.06195876923076923
-0.12537784615384615
-0.17023015384615386
-0.18316430769230768
-0.1718990769230769
-0.13184492307692308
-0.07781353846153846
-0.016480615384615385
0.06070707692307692
0.12683815384615382
0.1942209230769231
0.23949046153846154
0.2492953846153846
0.23406646153846156
0.1777403076923077
0.11244369230769231
0.04380923076923077
-0.02545107692307692
-0.08073415384615384
-0.13330523076923076
-0.16105107692307694
-0.14999446153846155
-0.10931446153846153
-0.03567323076923076
0.042557538461538466
0.11703323076923078
0.1873366153846154
0.2342750769230769
0.27412061538461535
0.28851507692307693
0.25847446153846154
0.20986707692307693
0.15249784615384615
0.09909230769230769
0.03671630769230769
-0.044435076923076924
-0.12120553846153845
-0.18128676923076922
-0.21091015384615383
-0.21362215384615382
-0.19735015384615384
-0.1696043076923077
-0.13393107692307693
-0.073224
0.0006258461538461538
0.07259815384615384
0.13622584615384614
0.16292861538461537
0.16501476923076921
0.14477907692307693
0.09992676923076924
0.03838523076923077
-0.05027630769230769
-0.13935507692307691
-0.21862892307692305
-0.26932246153846157
-0.2782929230769231
-0.25451076923076926
-0.1913003076923077
-0.1045163076923077
-0.007927384615384614
0.10138707692307691
0.20548615384615385
0.28392553846153845
0.3214763076923077
0.30416123076923074
0.25346769230769234
0.18170399999999998
0.09763200000000001
0.00855323076923077
-0.08469784615384615
-0.16021661538461537
-0.21091015384615383
-0.2261390769230769
-0.20381723076923075
-0.16188553846153847
-0.11265230769230769
-0.061124307692307686
-0.002086153846153846
0.062376
0.10806276923076923
0.12850707692307692
0.12287446153846153
0.09137353846153846
0.055491692307692304
0.010848
-0.03859384615384615
-0.09554584615384615
-0.15875630769230767
-0.1977673846153846
-0.22113230769230768
-0.2207150769230769
-0.19568123076923075
-0.15813046153846153
-0.10076123076923077
-0.02858030769230769
0.055491692307692304
0.13080184615384613
0.1804523076923077
0.19609846153846153
0.18525046153846153
0.15604430769230768
0.10931446153846153
0.059038153846153844
0.0004172307692307692
-0.05277969230769231
-0.09137353846153846
-0.10263876923076923
-0.08240307692307691
-0.0446436923076923
0.006884307692307692
0.059872615384615385
0.1151556923076923
0.16605784615384614
0.2056947692307692
0.21988061538461537
0.20632061538461538
0.17023015384615386
0.11828492307692307
0.06613107692307692
0.005215384615384615
-0.059872615384615385
-0.11473846153846154
-0.14540492307692307
-0.15082892307692305
-0.11891076923076922
-0.054240000000000003
0.02315630769230769
0.10055261538461538
0.1652233846153846
0.23803015384615384
0.2870547692307692
0.28434276923076923
0.24032492307692307
0.154584
0.055491692307692304
-0.04860738461538461
-0.15228923076923076
-0.2275993846153846
-0.287472
-0.3137575384615385
-0.2891409230769231
-0.22447015384615385
-0.12537784615384615
-0.02044430769230769
0.0826116923076923
0.17023015384615386
0.23969907692307693
0.2849686153846154
0.2995716923076923
0.28267384615384616
0.22634769230769228
0.1462393846153846
0.06258461538461538
-0.00855323076923077
-0.06675692307692307
-0.10827138461538462
-0.13226215384615383
-0.1289243076923077
-0.09408553846153846
-0.05090215384615384
-0.014185846153846153
0.006049846153846154
0.01940123076923077
0.02753723076923077
0.02044430769230769
0.017315076923076923
0.009596307692307692
-0.005215384615384615
-0.01981846153846154
-0.02524246153846154
-0.013142769230769229
0.0029206153846153843
0.014603076923076923
0.01710646153846154
0.015437538461538461
0.005215384615384615
-0.01981846153846154
-0.06070707692307692
-0.10430769230769231
-0.14394461538461537
-0.17002153846153847
-0.17419384615384614
-0.15687876923076924
-0.116616
-0.06821723076923077
-0.008344615384615384
0.05653476923076922
0.12266584615384615
0.17169046153846151
0.1867107692307692
0.17544553846153846
0.12975876923076923
0.06216738461538462
-0.016272
-0.10243015384615384
-0.18942276923076923
-0.268488
-0.3158436923076923
-0.3170953846153846
-0.2768326153846154
-0.19609846153846153
-0.08740984615384616
0.029206153846153847
0.14415323076923076
0.23198030769230768
0.287472
0.2981113846153846
0.2582658461538461
0.19380369230769232
0.11473846153846154
0.027120000000000002
-0.06487938461538462
-0.15208061538461537
-0.21862892307692305
-0.24887815384615386
-0.24554030769230767
-0.20944984615384615
-0.15687876923076924
-0.08219446153846154
0.011891076923076923
0.10055261538461538
0.1802436923076923
0.22822523076923076
0.25242461538461536
0.24574892307692306
0.20924123076923076
0.15792184615384616
0.09408553846153846
0.02211323076923077
-0.05319692307692307
-0.1151556923076923
-0.15187199999999998
-0.15500123076923078
-0.12767261538461538
-0.07051199999999999
-0.009804923076923077
0.04860738461538461
0.0897046153846154
0.12955015384615384
0.1829556923076923
0.2127876923076923
0.23510953846153848
0.22447015384615385
0.1977673846153846
0.17565415384615385
0.15354092307692307
0.1341396923076923
0.1368516923076923
0.15750461538461538
0.0855323076923077
0.002086153846153846
-0.059664
-0.13455692307692307
-0.09179076923076923
-0.12829846153846153
-0.20840676923076923
-0.20360861538461536
-0.208824
-0.05444861538461539
0.07259815384615384
0.1397723076923077
0.1883796923076923
0.16063384615384615
0.23782153846153845
0.25555384615384613
0.20861538461538462
0.07739630769230768
-0.14603076923076924
-0.24887815384615386
-0.33941723076923075
-0.3373310769230769
-0.2837169230769231
-0.27558092307692306
-0.13747753846153846
-0.04214030769230769
0.08073415384615384
0.2568055384615385
0.28350830769230767
0.32982092307692307
0.28204799999999997
0.13518276923076925
0.05236246153846154
-0.10138707692307691
-0.1858763076923077
-0.2275993846153846
-0.3116713846153846
-0.3060387692307692
-0.28350830769230767
-0.17085599999999998
-0.008970461538461538
0.07948246153846153
0.1543753846153846
0.1693956923076923
0.20319138461538463
0.24512307692307692
0.18525046153846153
0.11327815384615383
-0.013560000000000001
-0.13476553846153844
-0.17252492307692308
-0.22780799999999998
-0.2207150769230769
-0.1948467692307692
-0.18086953846153844
-0.07197230769230768
0.015854769230769228
0.08094276923076923
0.1449876923076923
0.12788123076923075
0.11411261538461538
0.07030338461538461
-0.0016689230769230767
-0.04547815384615384
-0.09262523076923077
-0.10430769230769231
-0.11348676923076922
-0.09241661538461539
-0.03400430769230769
0.023364923076923075
0.10743692307692307
0.13789476923076924
0.13789476923076924
0.14436184615384615
0.11014892307692307
0.10326461538461539
0.07384984615384615
0.023364923076923075
0.021278769230769233
0.010848
0.03045784615384615
0.05069353846153846
0.04672984615384615
0.07885661538461539
0.09158215384615384
0.09053907692307692
0.07885661538461539
0.047981538461538464
0.050067692307692306
0.030875076923076922
0.005841230769230769
-0.013768615384615384
-0.047772923076923074
-0.02211323076923077
0.003963692307692307
0.03337846153846154
0.09992676923076924
0.116616
0.13935507692307691
0.157296
0.12037107692307693
0.08949599999999999
0.016480615384615385
-0.06467076923076923
-0.12016246153846154
-0.18796246153846152
-0.21737723076923077
-0.21091015384615383
-0.15896492307692306
-0.06696553846153847
0.02586830769230769
0.12162276923076921
0.18775384615384613
0.23844738461538462
0.2764153846153846
0.26619323076923074
0.22718215384615387
0.12433476923076923
0.0050067692307692304
-0.0771876923076923
-0.14853415384615384
-0.1760713846153846
-0.19296923076923078
-0.18775384615384613
-0.10493353846153847
0.010639384615384617
0.13664307692307692
0.2497126153846154
0.3047870769230769
0.3285692307692308
0.32543999999999995
0.2883064615384615
0.22634769230769228
0.1218313846153846
0.014603076923076923
-0.10201292307692307
-0.20110523076923076
-0.23782153846153845
-0.25346769230769234
-0.22947692307692308
-0.20924123076923076
-0.18525046153846153
-0.11181784615384616
-0.04985907692307692
0.03150092307692308
0.09846646153846153
0.10138707692307691
0.09512861538461538
0.06696553846153847
0.05090215384615384
0.03880246153846154
-0.02753723076923077
-0.1045163076923077
-0.17565415384615385
-0.1992276923076923
-0.16730953846153845
-0.1287156923076923
-0.08094276923076923
-0.04819015384615385
-0.008970461538461538
0.051319384615384614
0.10347323076923076
0.15249784615384615
0.17169046153846151
0.17231630769230769
0.18232984615384615
0.18942276923076923
0.2021483076923077
0.1992276923076923
0.165432
0.12934153846153845
0.08344615384615384
0.03504738461538461
-0.0008344615384615384
-0.040262769230769234
-0.08949599999999999
-0.14185846153846154
-0.16188553846153847
-0.13747753846153846
-0.08720123076923077
-0.028163076923076923
0.018358153846153843
0.05653476923076922
0.1045163076923077
0.157296
0.19150892307692308
0.17982646153846152
0.12350030769230769
0.05716061538461538
-0.008761846153846153
-0.06362769230769232
-0.12016246153846154
-0.18796246153846152
-0.22342707692307692
-0.22530461538461538
-0.1940123076923077
-0.14039815384615384
-0.09074769230769231
-0.03233538461538461
0.03108369230769231
0.10055261538461538
0.17231630769230769
0.22488738461538463
0.24908676923076922
0.23198030769230768
0.18066092307692305
0.10618523076923077
0.010013538461538461
-0.09074769230769231
-0.1908830769230769
-0.26786215384615386
-0.31125415384615385
-0.32648307692307693
-0.2862203076923077
-0.20694646153846152
-0.11014892307692307
-0.011682461538461537
0.065088
0.12975876923076923
0.1656406153846154
0.15625292307692307
0.124752
0.06821723076923077
0.007927384615384614
-0.045895384615384616
-0.10389046153846154
-0.14436184615384615
-0.1704387692307692
-0.168144
-0.14457046153846154
-0.10681107692307691
-0.05590892307692308
-0.016897846153846156
0.026285538461538457
0.07259815384615384
0.10535076923076922
0.12934153846153845
0.12850707692307692
0.11286092307692308
0.09471138461538461
0.07551876923076924
0.06258461538461538
0.040262769230769234
0.013560000000000001
-0.006049846153846154
-0.010013538461538461
-0.008136
-0.011682461538461537
-0.024616615384615383
-0.051528
-0.07906523076923076
-0.0974233846153846
-0.10827138461538462
-0.10368184615384615
-0.08344615384615384
-0.05528307692307692
-0.003755076923076923
0.05757784615384615
0.12767261538461538
0.18399876923076922
0.206112
0.20381723076923075
0.16981292307692308
0.12266584615384615
0.05799507692307692
-0.011682461538461537
-0.06800861538461538
-0.10639384615384614
-0.10764553846153846
-0.06884307692307692
-0.011891076923076923
0.05590892307692308
0.1316363076923077
0.1990190769230769
0.2620209230769231
0.30186646153846153
0.30562153846153844
0.2701569230769231
0.19651569230769228
0.11745046153846153
0.034630153846153845
-0.04902461538461538
-0.13101046153846155
-0.21508246153846153
-0.26452430769230767
-0.276624
-0.25555384615384613
-0.20131384615384615
-0.14164984615384615
-0.0828203076923077
-0.01981846153846154
0.0448523076923077
0.10848000000000001
0.15374953846153847
0.1570873846153846
0.13330523076923076
0.09658892307692307
0.054240000000000003
0.011265230769230769
-0.051528
-0.12308307692307692
-0.19547261538461536
-0.24720923076923076
-0.25138153846153843
-0.2238443076923077
-0.16584923076923075
-0.092208
-0.009804923076923077
0.08094276923076923
0.15813046153846153
0.20360861538461536
0.20465169230769228
0.1635544615384615
0.09825784615384614
0.017315076923076923
-0.07343261538461537
-0.15291507692307693
-0.22843384615384613
-0.2774584615384615
-0.29644246153846154
-0.2768326153846154
-0.1994363076923077
-0.10868861538461538
-0.008344615384615384
0.08156861538461539
0.15750461538461538
0.233232
0.2730775384615384
0.273912
0.23010276923076922
0.14436184615384615
0.05236246153846154
-0.02899753846153846
-0.09512861538461538
-0.13747753846153846
-0.15604430769230768
-0.14832553846153845
-0.09992676923076924
-0.02023569230769231
0.07113784615384615
0.14123261538461537
0.18545907692307692
0.21070153846153844
0.21487384615384614
0.20339999999999997
0.157296
0.09074769230769231
0.013768615384615384
-0.06592246153846154
-0.11953661538461538
-0.15604430769230768
-0.16876984615384616
-0.1506203076923077
-0.12725538461538463
-0.08720123076923077
-0.04088861538461538
-0.0006258461538461538
0.03921969230769231
0.06341907692307691
0.08344615384615384
0.10201292307692307
0.11640738461538462
0.12099692307692309
0.11181784615384616
0.08949599999999999
0.05403138461538461
0.032544
0.02273907692307692
0.023990769230769232
0.023364923076923075
0.018358153846153843
0.033169846153846154
0.058412307692307694
0.10117846153846152
0.14999446153846155
0.19588984615384614
0.24095076923076922
0.2870547692307692
0.32543999999999995
0.33002953846153843
0.30270092307692303
0.2411593846153846
0.16105107692307694
0.0717636923076923
-0.019609846153846155
-0.0988836923076923
-0.1696043076923077
-0.21153599999999997
-0.21862892307692305
-0.19046584615384615
-0.13184492307692308
-0.054657230769230764
0.041514461538461535
0.12996738461538462
0.19964492307692308
0.2492953846153846
0.25242461538461536
0.2207150769230769
0.15813046153846153
0.06759138461538462
-0.013768615384615384
-0.09575446153846154
-0.15917353846153848
-0.1948467692307692
-0.20527753846153846
-0.15562707692307692
-0.07593599999999999
0.025659692307692307
0.11765907692307691
0.1718990769230769
0.21049292307692305
0.21529107692307692
0.19359507692307693
0.13893784615384613
0.05236246153846154
-0.037967999999999995
-0.13038461538461538
-0.1992276923076923
-0.22634769230769228
-0.23531815384615382
-0.21988061538461537
-0.1779489230769231
-0.12120553846153845
-0.03880246153846154
0.032544
0.07572738461538461
0.0826116923076923
0.05236246153846154
0.010013538461538461
-0.03921969230769231
-0.08761846153846153
-0.132888
-0.17544553846153846
-0.19672430769230767
-0.18629353846153843
-0.138312
-0.06195876923076923
0.018775384615384614
0.09033046153846153
0.14477907692307693
0.1869193846153846
0.20673784615384616
0.1779489230769231
0.10493353846153847
0.015854769230769228
-0.09283384615384616
-0.192552
-0.2782929230769231
-0.3481790769230769
-0.3994984615384615
-0.40554830769230765
-0.2943563076923077
-0.12391753846153845
0.1028473846153846
0.3248141538461538
0.4948356923076923
0.6567212307692307
0.7441310769230769
0.7683304615384615
0.6690295384615385
0.4551987692307692
0.206112
-0.059872615384615385
-0.30019753846153846
-0.5248763076923078
-0.6583901538461538
-0.7011563076923077
-0.6316873846153847
-0.431208
-0.17899199999999998
0.1097316923076923
0.36904061538461536
0.5820369230769231
0.7115870769230769
0.7069975384615383
0.5970572307692308
0.4030449230769231
0.15896492307692306
-0.11286092307692308
-0.371544
-0.5601323076923077
-0.6462904615384615
-0.615624
-0.5019286153846154
-0.34504984615384615
-0.16856123076923077
-0.0002086153846153846
0.1597993846153846
0.2572227692307692
0.26222953846153846
0.22342707692307692
0.14916
0.08740984615384616
0.03880246153846154
-0.02524246153846154
-0.08240307692307691
-0.14039815384615384
-0.16188553846153847
-0.16772676923076923
-0.18963138461538462
-0.2194633846153846
-0.2586830769230769
-0.26076923076923075
-0.24449723076923074
-0.20861538461538462
-0.15291507692307693
-0.11557292307692307
-0.05444861538461539
0.030875076923076922
0.11244369230769231
0.20632061538461538
0.27787569230769227
0.3225193846153846
0.34275507692307694
0.3047870769230769
0.22530461538461538
0.09491999999999999
-0.06404492307692307
-0.22551323076923077
-0.3682061538461538
-0.4405956923076923
-0.43976123076923074
-0.3584012307692308
-0.2207150769230769
-0.05757784615384615
0.12725538461538463
0.3047870769230769
0.4564504615384615
0.5384363076923077
0.5175747692307692
0.42244615384615386
0.2799618461538461
0.12329169230769231
-0.03024923076923077
-0.18379015384615385
-0.30895938461538464
-0.37321292307692305
-0.3575667692307692
-0.2643156923076923
-0.12412615384615384
0.03567323076923076
0.1869193846153846
0.3202246153846154
0.4251581538461538
0.46437784615384614
0.44038707692307694
0.35464615384615383
0.2157083076923077
0.06070707692307692
-0.09033046153846153
-0.19860184615384616
-0.25951753846153847
-0.2768326153846154
-0.24595753846153845
-0.17502830769230768
-0.07197230769230768
0.045060923076923075
0.14415323076923076
0.18399876923076922
0.17294215384615383
0.12683815384615382
0.054657230769230764
-0.02023569230769231
-0.10201292307692307
-0.1777403076923077
-0.23239753846153846
-0.2574313846153846
-0.24074215384615386
-0.19442953846153843
-0.13768615384615385
-0.08198584615384615
-0.017940923076923077
0.04756430769230769
0.10681107692307691
0.1449876923076923
0.13789476923076924
0.10555938461538462
0.06154153846153846
0.011265230769230769
-0.030875076923076922
-0.07468430769230769
-0.11035753846153845
-0.1151556923076923
-0.08907876923076924
-0.03296123076923077
0.026285538461538457
0.08344615384615384
0.12975876923076923
0.14874276923076923
0.1358086153846154
0.09095630769230768
0.02545107692307692
-0.06195876923076923
-0.1462393846153846
-0.2138307692307692
-0.2532590769230769
-0.25555384615384613
-0.22676492307692306
-0.1652233846153846
-0.09053907692307692
-0.005215384615384615
0.07843938461538462
0.1449876923076923
0.18399876923076922
0.18066092307692305
0.15896492307692306
0.124752
0.08824430769230769
0.058412307692307694
0.024199384615384616
0.004798153846153846
0.016063384615384615
0.04693846153846153
0.08219446153846154
0.10576799999999999
0.10159569230769232
0.08177723076923075
0.05319692307692307
0.02023569230769231
-0.013768615384615384
-0.043392
-0.06279323076923077
-0.07134646153846153
-0.05027630769230769
-0.006675692307692307
0.049233230769230765
0.11536430769230768
0.18170399999999998
0.252216
0.30416123076923074
0.32210215384615387
0.30833353846153844
0.24053353846153847
0.12683815384615382
-0.005215384615384615
-0.12683815384615382
-0.21591692307692306
-0.2805876923076923
-0.3039526153846154
-0.2638984615384615
-0.16438892307692307
-0.013560000000000001
0.15395815384615386
0.3077076923076923
0.42307199999999995
0.4746
0.46688123076923077
0.4015846153846154
0.27975323076923075
0.12266584615384615
-0.045895384615384616
-0.18983999999999998
-0.2858030769230769
-0.3342018461538461
-0.32377107692307694
-0.2624381538461539
-0.16251138461538459
-0.03483876923076923
0.08782707692307692
0.19839323076923077
0.26932246153846157
0.273912
0.23239753846153846
0.14916
0.04860738461538461
-0.05298830769230769
-0.15228923076923076
-0.22321846153846153
-0.25805723076923076
-0.2503384615384615
-0.20402584615384614
-0.13038461538461538
-0.04172307692307692
0.049233230769230765
0.1341396923076923
0.19213476923076922
0.2194633846153846
0.21153599999999997
0.1712732307692308
0.12141415384615384
0.06738276923076922
0.03024923076923077
0.016063384615384615
0.015437538461538461
0.032544
0.06008123076923077
0.09074769230769231
0.11140061538461538
0.11599015384615384
0.10096984615384616
0.06133292307692308
0.011056615384615385
-0.043392
-0.09846646153846153
-0.14916
-0.18232984615384615
-0.1802436923076923
-0.15792184615384616
-0.11828492307692307
-0.06654830769230768
-0.0077187692307692304
0.048816000000000005
0.08949599999999999
0.12308307692307692
0.13247076923076923
0.10889723076923077
0.06800861538461538
0.018775384615384614
-0.02482523076923077
-0.06738276923076922
-0.10743692307692307
-0.12621230769230768
-0.130176
-0.11411261538461538
-0.07572738461538461
-0.026285538461538457
0.03066646153846154
0.07593599999999999
0.10159569230769232
0.119328
0.13935507692307691
0.15228923076923076
0.15103753846153847
0.13330523076923076
0.100344
0.07092923076923077
0.04839876923076923
0.03629907692307692
0.026076923076923077
0.007301538461538462
-0.016272
-0.03692492307692308
-0.052153846153846155
-0.07113784615384615
-0.09554584615384615
-0.11452984615384615
-0.11202646153846153
-0.0880356923076923
-0.04944184615384615
-0.012099692307692308
0.014394461538461538
0.03755076923076923
0.047981538461538464
0.051528
0.05277969230769231
0.041514461538461535
0.005215384615384615
-0.048816000000000005
-0.10430769230769231
-0.14853415384615384
-0.1783661538461538
-0.20152246153846154
-0.20548615384615385
-0.18921415384615384
-0.1462393846153846
-0.07823076923076923
-0.008970461538461538
0.06028984615384615
0.10681107692307691
0.12996738461538462
0.143736
0.13455692307692307
0.09930092307692308
0.033169846153846154
-0.046104
-0.11703323076923078
-0.17732307692307692
-0.21007569230769232
-0.21341353846153846
-0.19609846153846153
-0.15208061538461537
-0.08761846153846153
-0.007510153846153846
0.07134646153846153
0.13455692307692307
0.18316430769230768
0.20110523076923076
0.19735015384615384
0.1794092307692308
0.14582215384615385
0.10848000000000001
0.065088
0.02357353846153846
0.0006258461538461538
-0.01272553846153846
-0.017940923076923077
-0.019609846153846155
-0.03379569230769231
-0.04214030769230769
-0.03421292307692308
-0.017523692307692306
0.0070929230769230765
0.030040615384615384
0.0609156923076923
0.10409907692307692
0.14561353846153846
0.1869193846153846
0.2127876923076923
0.21862892307692305
0.2021483076923077
0.16835261538461538
0.12558646153846154
0.05820369230769231
-0.026494153846153844
-0.11557292307692307
-0.19505538461538463
-0.24408
-0.26348123076923075
-0.2588916923076923
-0.22780799999999998
-0.1777403076923077
-0.10409907692307692
-0.008136
0.09241661538461539
0.1802436923076923
0.24032492307692307
0.26723630769230766
0.25346769230769234
0.20402584615384614
0.130176
0.03275261538461539
-0.06446215384615385
-0.15145476923076923
-0.21591692307692306
-0.24074215384615386
-0.23052
-0.19547261538461536
-0.14457046153846154
-0.07364123076923076
0.008136
0.08469784615384615
0.1358086153846154
0.15374953846153847
0.13935507692307691
0.10868861538461538
0.07677046153846154
0.031709538461538456
-0.02023569230769231
-0.07426707692307692
-0.12245723076923076
-0.14665661538461539
-0.15520984615384617
-0.15395815384615386
-0.1356
-0.11432123076923076
-0.0853236923076923
-0.043600615384615383
0.006258461538461538
0.05778646153846154
0.08448923076923077
0.08657538461538461
0.07656184615384615
0.06738276923076922
0.06425353846153846
0.049233230769230765
0.02858030769230769
-0.0043809230769230765
-0.042557538461538466
-0.07510153846153846
-0.11286092307692308
-0.1476996923076923
-0.18232984615384615
-0.20486030769230767
-0.2059033846153846
-0.1867107692307692
-0.14540492307692307
-0.09325107692307691
-0.04526953846153846
0.010848
0.06800861538461538
0.11223507692307692
0.130176
0.10827138461538462
0.07051199999999999
0.021070153846153846
-0.02524246153846154
-0.06133292307692308
-0.08887015384615385
-0.0974233846153846
-0.09012184615384615
-0.06258461538461538
-0.021070153846153846
0.020027076923076922
0.05444861538461539
0.08010830769230769
0.09241661538461539
0.09179076923076923
0.08052553846153847
0.06279323076923077
0.040679999999999994
0.01814953846153846
0.013351384615384614
0.02753723076923077
0.04819015384615385
0.061124307692307686
0.06592246153846154
0.06967753846153846
0.0609156923076923
0.053614153846153846
0.04839876923076923
0.024199384615384616
-0.0077187692307692304
-0.04860738461538461
-0.08156861538461539
-0.09763200000000001
-0.111192
-0.12829846153846153
-0.130176
-0.1178676923076923
-0.09825784615384614
-0.04631261538461538
0.016897846153846156
0.08761846153846153
0.13601723076923075
0.1733593846153846
0.20110523076923076
0.23469230769230767
0.25117292307692307
0.3229366153846154
0.37008369230769234
0.20965846153846154
0.14311015384615386
0.042348923076923076
-0.037967999999999995
0.016897846153846156
-0.13643446153846153
-0.254928
-0.347136
-0.33065538461538463
-0.12788123076923075
-0.020652923076923076
0.11619876923076923
0.16501476923076921
0.26306399999999996
0.45978830769230766
0.5401052307692308
0.588504
0.3982467692307692
0.1693956923076923
0.032544
-0.15249784615384615
-0.20131384615384615
-0.3304467692307692
-0.44226461538461537
-0.3994984615384615
-0.42599261538461536
-0.24595753846153845
-0.02482523076923077
0.11181784615384616
0.3448412307692308
0.40012430769230767
0.4253667692307692
0.45269538461538456
0.37091815384615384
0.35610646153846154
0.22551323076923077
0.034630153846153845
-0.11807630769230769
-0.2699483076923077
-0.276624
-0.3081249230769231
-0.3571495384615384
-0.3721698461538462
-0.38760738461538463
-0.23928184615384615
-0.1028473846153846
-0.008136
0.11035753846153845
0.146448
0.25138153846153843
0.35464615384615383
0.3611132307692308
0.3903193846153846
0.3229366153846154
0.23406646153846156
0.19693292307692306
0.09283384615384616
0.002086153846153846
-0.10827138461538462
-0.22447015384615385
-0.28267384615384616
-0.3156350769230769
-0.29352184615384613
-0.23093723076923076
-0.10597661538461538
0.023364923076923075
0.14144123076923076
0.3206418461538461
0.4466455384615384
0.540731076923077
0.593928
0.5023458461538461
0.38656430769230765
0.22947692307692308
0.03629907692307692
-0.11578153846153846
-0.31041969230769234
-0.45561599999999997
-0.5223729230769231
-0.5461550769230769
-0.4704276923076923
-0.3757163076923077
-0.23239753846153846
-0.026911384615384615
0.15291507692307693
0.2931046153846154
0.3513083076923077
0.38531261538461536
0.3882332307692308
0.2981113846153846
0.18525046153846153
0.009179076923076922
-0.15604430769230768
-0.22989415384615383
-0.306456
-0.30374399999999996
-0.260352
-0.22551323076923077
-0.10639384615384614
-0.001043076923076923
0.09283384615384616
0.19317784615384614
0.2424110769230769
0.2883064615384615
0.29748553846153847
0.25930892307692305
0.20798953846153845
0.14311015384615386
0.10222153846153846
0.05611753846153846
0.013560000000000001
-0.03275261538461539
-0.1028473846153846
-0.13184492307692308
-0.16772676923076923
-0.18253846153846154
-0.1635544615384615
-0.1802436923076923
-0.14811692307692306
-0.0853236923076923
-0.04214030769230769
0.019609846153846155
0.04109723076923077
0.05277969230769231
0.09491999999999999
0.11077476923076923
0.1151556923076923
0.08302892307692307
0.014603076923076923
-0.040262769230769234
-0.09658892307692307
-0.12683815384615382
-0.14603076923076924
-0.16042523076923076
-0.15166338461538462
-0.14957723076923077
-0.09700615384615385
-0.021487384615384613
0.06550523076923077
0.18107815384615383
0.2275993846153846
0.249504
0.2574313846153846
0.22718215384615387
0.21237046153846154
0.13330523076923076
0.0018775384615384615
-0.10117846153846152
-0.17732307692307692
-0.18337292307692307
-0.15291507692307693
-0.12412615384615384
-0.08907876923076924
-0.04756430769230769
0.03400430769230769
0.11494707692307692
0.16772676923076923
0.18399876923076922
0.13038461538461538
0.07280676923076923
0.01668923076923077
-0.04401784615384615
-0.078648
-0.12537784615384615
-0.1435273846153846
-0.14206707692307693
-0.13393107692307693
-0.07572738461538461
-0.018983999999999997
0.015646153846153844
0.03483876923076923
0.0446436923076923
0.06863446153846153
0.08699261538461538
0.07739630769230768
0.030875076923076922
-0.05528307692307692
-0.12934153846153845
-0.16418030769230768
-0.1635544615384615
-0.15667015384615385
-0.17315076923076922
-0.1704387692307692
-0.14144123076923076
-0.07885661538461539
-0.0043809230769230765
0.03108369230769231
0.05528307692307692
0.07197230769230768
0.086784
0.11265230769230769
0.11286092307692308
0.08949599999999999
0.0717636923076923
0.054240000000000003
0.052571076923076915
0.05590892307692308
0.04109723076923077
0.014394461538461538
-0.017732307692307693
-0.03379569230769231
-0.03755076923076923
-0.028788923076923077
-0.01668923076923077
-0.015020307692307692
-0.0029206153846153843
0.015646153846153844
0.04860738461538461
0.09575446153846154
0.12204
0.14102399999999998
0.14665661538461539
0.12308307692307692
0.09763200000000001
0.04902461538461538
-0.021278769230769233
-0.10326461538461539
-0.19505538461538463
-0.2480436923076923
-0.265776
-0.25847446153846154
-0.22342707692307692
-0.17002153846153847
-0.09658892307692307
-0.01272553846153846
0.07468430769230769
0.1489513846153846
0.19046584615384615
0.20798953846153845
0.19985353846153847
0.15604430769230768
0.09700615384615385
0.010639384615384617
-0.0771876923076923
-0.13914646153846155
-0.18629353846153843
-0.1913003076923077
-0.17982646153846152
-0.1597993846153846
-0.111192
-0.04756430769230769
0.02753723076923077
0.10430769230769231
0.16438892307692307
0.200688
0.2138307692307692
0.19317784615384614
0.1489513846153846
0.08219446153846154
-0.0016689230769230767
-0.08866153846153846
-0.16876984615384616
-0.22697353846153845
-0.26222953846153846
-0.26076923076923075
-0.235944
-0.18921415384615384
-0.11870215384615385
-0.03963692307692308
0.047772923076923074
0.12099692307692309
0.16501476923076921
0.1792006153846154
0.16730953846153845
0.14436184615384615
0.1070196923076923
0.051528
-0.003963692307692307
-0.06008123076923077
-0.09971815384615385
-0.12558646153846154
-0.14457046153846154
-0.13601723076923075
-0.11035753846153845
-0.059664
0.015854769230769228
0.0853236923076923
0.14311015384615386
0.1856676923076923
0.21049292307692305
0.2290596923076923
0.22634769230769228
0.19797599999999999
0.14603076923076924
0.07364123076923076
0.0012516923076923076
-0.05778646153846154
-0.09992676923076924
-0.12558646153846154
-0.12621230769230768
-0.09846646153846153
-0.043392
0.02482523076923077
0.08824430769230769
0.1422756923076923
0.17982646153846152
0.19651569230769228
0.19609846153846153
0.17377661538461536
0.11849353846153846
0.045895384615384616
-0.03692492307692308
-0.116616
-0.16730953846153845
-0.18253846153846154
-0.1710646153846154
-0.13998092307692306
-0.08177723076923075
-0.006675692307692307
0.08511507692307693
0.16438892307692307
0.2125790769230769
0.23531815384615382
0.21800307692307694
0.18232984615384615
0.1316363076923077
0.061124307692307686
-0.017523692307692306
-0.10076123076923077
-0.17023015384615386
-0.19964492307692308
-0.19526400000000002
-0.16835261538461538
-0.11536430769230768
-0.05590892307692308
0.007301538461538462
0.08010830769230769
0.14603076923076924
0.19442953846153843
0.21821169230769227
0.2140393846153846
0.1942209230769231
0.1558356923076923
0.10076123076923077
0.037967999999999995
-0.019192615384615384
-0.06216738461538462
-0.08699261538461538
-0.08949599999999999
-0.08782707692307692
-0.0853236923076923
-0.07635323076923077
-0.06279323076923077
-0.040262769230769234
-0.019609846153846155
-0.0070929230769230765
0.007301538461538462
0.007927384615384614
0.004589538461538461
0.010848
0.004798153846153846
-0.0035464615384615383
-0.01668923076923077
-0.03942830769230769
-0.05778646153846154
-0.09283384615384616
-0.12808984615384614
-0.15896492307692306
-0.18775384615384613
-0.18149538461538461
-0.14185846153846154
-0.07405846153846153
0.006884307692307692
0.08845292307692308
0.16501476923076921
0.22300984615384614
0.26368984615384616
0.28246523076923075
0.2624381538461539
0.20965846153846154
0.1397723076923077
0.06154153846153846
-0.009179076923076922
-0.07030338461538461
-0.10535076923076922
-0.10806276923076923
-0.08177723076923075
-0.01397723076923077
0.07405846153846153
0.15500123076923078
0.21445661538461538
0.2369870769230769
0.23969907692307693
0.22593046153846155
0.1908830769230769
0.13330523076923076
0.05298830769230769
-0.03212676923076923
-0.10910584615384614
-0.15374953846153847
-0.16876984615384616
-0.16751815384615384
-0.15667015384615385
-0.13497415384615385
-0.09721476923076922
-0.05382276923076923
-0.015020307692307692
0.0022947692307692304
0.009387692307692307
0.016480615384615385
0.018983999999999997
0.021696
0.017732307692307693
-0.0029206153846153843
-0.029414769230769227
-0.04422646153846154
-0.03024923076923077
0.004172307692307692
0.02273907692307692
0.03233538461538461
0.037342153846153844
0.04380923076923077
0.06049846153846154
0.06467076923076923
0.05799507692307692
0.035464615384615386
0.006467076923076923
0.004172307692307692
0.020652923076923076
0.04526953846153846
0.07259815384615384
0.09095630769230768
0.10785415384615385
0.12767261538461538
0.13893784615384613
0.12558646153846154
0.07635323076923077
0.01043076923076923
-0.05507446153846154
-0.10013538461538461
-0.11140061538461538
-0.09971815384615385
-0.06863446153846153
-0.03296123076923077
0.017732307692307693
0.0828203076923077
0.127464
0.1504116923076923
0.14206707692307693
0.10201292307692307
0.06154153846153846
0.021070153846153846
-0.015020307692307692
-0.04130584615384615
-0.062376
-0.05820369230769231
-0.030875076923076922
0.02023569230769231
0.07092923076923077
0.09679753846153846
0.10368184615384615
0.09283384615384616
0.0717636923076923
0.040054153846153843
0.010013538461538461
-0.025659692307692307
-0.014811692307692307
0.016272
0.15291507692307693
0.3060387692307692
0.2872633846153846
0.3344104615384615
0.32982092307692307
0.3081249230769231
0.3062473846153846
0.1558356923076923
0.016897846153846156
-0.1775316923076923
-0.2837169230769231
-0.2912270769230769
-0.32627446153846157
-0.29498215384615384
-0.29414769230769233
-0.18107815384615383
0.007510153846153846
0.17315076923076922
0.37237846153846155
0.4120153846153846
0.40033292307692303
0.36278215384615387
0.21967199999999998
0.10159569230769232
-0.11432123076923076
-0.3241883076923077
-0.46020553846153844
-0.6339821538461539
-0.6218824615384615
-0.5219556923076923
-0.40325353846153844
-0.1992276923076923
-0.06800861538461538
0.07113784615384615
0.1858763076923077
0.24408
0.3077076923076923
0.26535876923076923
0.17023015384615386
0.08177723076923075
0.006049846153846154
-0.03045784615384615
-0.12579507692307693
-0.23761292307692305
-0.32627446153846157
-0.3890676923076923
-0.3350363076923077
-0.26911384615384615
-0.19797599999999999
-0.09846646153846153
-0.02023569230769231
0.1136953846153846
0.22676492307692306
0.2716172307692308
0.2997803076923077
0.2670276923076923
0.23364923076923078
0.22488738461538463
0.17648861538461538
0.0934596923076923
-0.028163076923076923
-0.14957723076923077
-0.2453316923076923
-0.3187643076923077
-0.35318584615384613
-0.35568923076923076
-0.3004061538461538
-0.21696000000000001
-0.11619876923076923
0.050067692307692306
0.19380369230769232
0.29602523076923076
0.37050092307692306
0.36299076923076923
0.33587076923076925
0.26723630769230766
0.14790830769230767
0.024408000000000003
-0.13914646153846155
-0.25430215384615384
-0.2937304615384615
-0.31188
-0.3004061538461538
-0.2837169230769231
-0.21925476923076925
-0.09387692307692307
0.04276615384615385
0.17711446153846155
0.26869661538461537
0.344424
0.38990215384615384
0.35798399999999997
0.306456
0.1923433846153846
0.04672984615384615
-0.06529661538461538
-0.1869193846153846
-0.2482523076923077
-0.2655673846153846
-0.2643156923076923
-0.20506892307692307
-0.14060676923076923
-0.05298830769230769
0.06258461538461538
0.15875630769230767
0.22426153846153846
0.24512307692307692
0.2290596923076923
0.19004861538461537
0.14457046153846154
0.10889723076923077
0.05778646153846154
-0.007301538461538462
-0.07468430769230769
-0.13101046153846155
-0.1506203076923077
-0.17085599999999998
-0.1777403076923077
-0.16021661538461537
-0.13664307692307692
-0.06675692307692307
0.03609046153846154
0.124752
0.1873366153846154
0.2209236923076923
0.24303692307692307
0.25972615384615383
0.2411593846153846
0.18650215384615382
0.09846646153846153
-0.0033378461538461535
-0.07948246153846153
-0.13497415384615385
-0.16063384615384615
-0.16897846153846155
-0.15792184615384616
-0.12350030769230769
-0.08991323076923076
-0.023782153846153845
0.03066646153846154
0.0717636923076923
0.13059323076923077
0.14686523076923075
0.1506203076923077
0.14477907692307693
0.1136953846153846
0.08469784615384615
0.012308307692307691
-0.07510153846153846
-0.124752
-0.16334584615384617
-0.18483323076923078
-0.1860849230769231
-0.1785747692307692
-0.15333230769230768
-0.10785415384615385
-0.04193169230769231
0.02273907692307692
0.06529661538461538
0.08511507692307693
0.08115138461538463
0.06800861538461538
0.03859384615384615
-0.0070929230769230765
-0.04902461538461538
-0.08866153846153846
-0.1045163076923077
-0.1028473846153846
-0.10013538461538461
-0.07656184615384615
-0.041514461538461535
-0.008761846153846153
0.028371692307692306
0.05862092307692307
0.07510153846153846
0.07489292307692308
0.03942830769230769
-0.0012516923076923076
-0.04088861538461538
-0.08720123076923077
-0.12433476923076923
-0.13789476923076924
-0.12391753846153845
-0.09825784615384614
-0.055491692307692304
0.001043076923076923
0.05319692307692307
0.08094276923076923
0.08907876923076924
0.09679753846153846
0.10180430769230768
0.08636676923076922
0.05528307692307692
0.014394461538461538
-0.022947692307692308
-0.03921969230769231
-0.05403138461538461
-0.06446215384615385
-0.06988615384615385
-0.07885661538461539
-0.0828203076923077
-0.07781353846153846
-0.05674338461538461
-0.02211323076923077
0.018775384615384614
0.061124307692307686
0.10618523076923077
0.1424843076923077
0.15875630769230767
0.17294215384615383
0.18086953846153844
0.1802436923076923
0.17565415384615385
0.15333230769230768
0.12433476923076923
0.0897046153846154
0.052153846153846155
0.020652923076923076
0.0012516923076923076
-0.006675692307692307
-0.003963692307692307
0.018983999999999997
0.05590892307692308
0.10639384615384614
0.16647507692307692
0.21487384615384614
0.24679199999999998
0.2624381538461539
0.24554030769230767
0.2059033846153846
0.14311015384615386
0.05820369230769231
-0.03045784615384615
-0.11807630769230769
-0.18149538461538461
-0.21779446153846155
-0.2225926153846154
-0.19693292307692306
-0.14436184615384615
-0.065088
0.023990769230769232
0.12224861538461537
0.2090326153846154
0.254928
0.26118646153846153
0.23156307692307693
0.17565415384615385
0.10263876923076923
0.0077187692307692304
-0.0828203076923077
-0.15082892307692305
-0.19067446153846154
-0.18525046153846153
-0.15082892307692305
-0.09450276923076922
-0.02586830769230769
0.05090215384615384
0.13935507692307691
0.21508246153846153
0.2674449230769231
0.2837169230769231
0.2682793846153846
0.241368
0.19985353846153847
0.14582215384615385
0.08177723076923075
0.00855323076923077
-0.05298830769230769
-0.09471138461538461
-0.11306953846153844
-0.10994030769230768
-0.11160923076923077
-0.10535076923076922
-0.08949599999999999
-0.06279323076923077
-0.01981846153846154
0.015854769230769228
0.04130584615384615
0.054240000000000003
0.06362769230769232
0.07405846153846153
0.07009476923076922
0.05048492307692308
0.006884307692307692
-0.04672984615384615
-0.09846646153846153
-0.15082892307692305
-0.18316430769230768
-0.20360861538461536
-0.22154953846153846
-0.21362215384615382
-0.1802436923076923
-0.11599015384615384
-0.03045784615384615
0.04214030769230769
0.10117846153846152
0.13768615384615385
0.1543753846153846
0.15333230769230768
0.12704676923076924
0.08866153846153846
0.027745846153846152
-0.03609046153846154
-0.08323753846153846
-0.1205796923076923
-0.1368516923076923
-0.14164984615384615
-0.13184492307692308
-0.08907876923076924
-0.02023569230769231
0.06154153846153846
0.13852061538461538
0.19296923076923078
0.2261390769230769
0.24032492307692307
0.22572184615384616
0.184416
0.11745046153846153
0.03233538461538461
-0.04672984615384615
-0.10368184615384615
-0.12850707692307692
-0.12808984615384614
-0.11432123076923076
-0.07489292307692308
-0.018775384615384614
0.03275261538461539
0.07885661538461539
0.10868861538461538
0.12245723076923076
0.124752
0.11724184615384614
0.10722830769230769
0.09408553846153846
0.078648
0.059664
0.04276615384615385
0.03421292307692308
0.026702769230769228
0.015020307692307692
0.0014603076923076922
-0.019192615384615384
-0.040054153846153843
-0.042974769230769226
-0.045060923076923075
-0.04756430769230769
-0.04714707692307692
-0.042348923076923076
-0.006675692307692307
0.03108369230769231
0.06487938461538462
0.09012184615384615
0.10013538461538461
0.10827138461538462
0.10055261538461538
0.0880356923076923
0.056951999999999996
0.011056615384615385
-0.0446436923076923
-0.10535076923076922
-0.13998092307692306
-0.15833907692307692
-0.15562707692307692
-0.13372246153846154
-0.09700615384615385
-0.03129230769230769
0.041514461538461535
0.09846646153846153
0.14540492307692307
0.15646153846153846
0.12579507692307693
0.07405846153846153
0.0008344615384615384
-0.07489292307692308
-0.168144
-0.26076923076923075
-0.31751261538461534
-0.336288
-0.3116713846153846
-0.2601433846153846
-0.19004861538461537
-0.10263876923076923
-0.006258461538461538
0.08699261538461538
0.15938215384615384
0.19609846153846153
0.20131384615384615
0.1712732307692308
0.12642092307692307
0.07906523076923076
0.011682461538461537
-0.06028984615384615
-0.12642092307692307
-0.16063384615384615
-0.15917353846153848
-0.13872923076923074
-0.09950953846153845
-0.06696553846153847
-0.03588184615384615
0.008970461538461538
0.052571076923076915
0.09012184615384615
0.11432123076923076
0.11870215384615385
0.10347323076923076
0.06863446153846153
0.03066646153846154
-0.011265230769230769
-0.06487938461538462
-0.11557292307692307
-0.14957723076923077
-0.16021661538461537
-0.1489513846153846
-0.1205796923076923
-0.073224
-0.010639384615384617
0.04944184615384615
0.09471138461538461
0.12788123076923075
0.1289243076923077
0.0963803076923077
0.04965046153846154
0.010639384615384617
-0.0022947692307692304
-0.007510153846153846
-0.003963692307692307
0.011265230769230769
0.04276615384615385
0.08636676923076922
0.12266584615384615
0.1462393846153846
0.143736
0.1218313846153846
0.09784061538461537
0.07593599999999999
0.051319384615384614
0.018775384615384614
-0.014394461538461538
-0.035464615384615386
-0.037967999999999995
-0.027328615384615382
-0.015228923076923076
-0.008344615384615384
-0.009596307692307692
-0.031709538461538456
-0.06154153846153846
-0.09992676923076924
-0.18149538461538461
-0.24658338461538462
-0.26452430769230767
-0.23615261538461538
-0.13476553846153844
-0.011891076923076923
0.1558356923076923
0.35318584615384613
0.5213298461538461
0.6913513846153846
0.768121846153846
0.7090836923076923
0.5317606153846154
0.31125415384615385
0.11327815384615383
-0.13935507692307691
-0.309168
-0.46542092307692307
-0.566808
-0.5035975384615384
-0.3978295384615384
-0.15687876923076924
0.0678
0.27286892307692306
0.4720966153846154
0.5401052307692308
0.5595064615384615
0.45957969230769224
0.268488
0.021696
-0.2638984615384615
-0.46291753846153844
-0.5920504615384615
-0.6160412307692308
-0.5244590769230769
-0.37655076923076924
-0.1785747692307692
-0.0025033846153846152
0.16188553846153847
0.30186646153846153
0.3087507692307692
0.25805723076923076
0.1476996923076923
0.012934153846153845
-0.04839876923076923
-0.100344
-0.11140061538461538
-0.12767261538461538
-0.1570873846153846
-0.12975876923076923
-0.09533723076923077
-0.06550523076923077
-0.050067692307692306
-0.06550523076923077
-0.07781353846153846
-0.08574092307692306
-0.08866153846153846
-0.09304246153846155
-0.1178676923076923
-0.12683815384615382
-0.11348676923076922
-0.06800861538461538
0.014394461538461538
0.10117846153846152
0.19651569230769228
0.2478350769230769
0.23615261538461538
0.21362215384615382
0.12308307692307692
-0.014185846153846153
-0.1558356923076923
-0.3079163076923077
-0.3844781538461538
-0.38531261538461536
-0.3031181538461538
-0.12204
0.07927384615384615
0.28809784615384615
0.4837790769230769
0.6243858461538462
0.6832153846153847
0.6366941538461539
0.5204953846153846
0.34504984615384615
0.14102399999999998
-0.047772923076923074
-0.22342707692307692
-0.344424
-0.39866399999999996
-0.387816
-0.2914356923076923
-0.14436184615384615
0.04193169230769231
0.24658338461538462
0.4220289230769231
0.5524135384615385
0.6001864615384616
0.5517876923076923
0.4355889230769231
0.26368984615384616
0.04714707692307692
-0.16876984615384616
-0.34588430769230766
-0.46250030769230766
-0.500676923076923
-0.45040061538461534
-0.330864
-0.16647507692307692
0.028163076923076923
0.19171753846153847
0.32001599999999997
0.3913624615384615
0.3882332307692308
0.35193415384615384
0.2620209230769231
0.14728246153846153
0.032544
-0.07802215384615384
-0.1558356923076923
-0.19985353846153847
-0.20840676923076923
-0.2021483076923077
-0.1777403076923077
-0.12788123076923075
-0.06654830769230768
-0.009179076923076922
0.013560000000000001
0.010848
-0.007510153846153846
-0.034630153846153845
-0.049233230769230765
-0.051319384615384614
-0.06467076923076923
-0.07280676923076923
-0.05736923076923077
-0.03609046153846154
0.0014603076923076922
0.027120000000000002
0.023782153846153845
0.003129230769230769
-0.04756430769230769
-0.11286092307692308
-0.18399876923076922
-0.24866953846153847
-0.28350830769230767
-0.3012406153846154
-0.28476
-0.20778092307692309
-0.08177723076923075
0.06967753846153846
0.21612553846153845
0.3475532307692307
0.441012923076923
0.4925409230769231
0.5052664615384616
0.4470627692307692
0.3346190769230769
0.1867107692307692
0.02357353846153846
-0.10159569230769232
-0.17565415384615385
-0.20152246153846154
-0.17648861538461538
-0.11140061538461538
-0.005841230769230769
0.12496061538461539
0.2480436923076923
0.34358953846153845
0.3896935384615384
0.3896935384615384
0.3425464615384616
0.25138153846153843
0.14081538461538462
0.0043809230769230765
-0.12496061538461539
-0.23072861538461537
-0.3035353846153846
-0.31000246153846156
-0.27850153846153847
-0.19797599999999999
-0.08448923076923077
0.026911384615384615
0.14916
0.24658338461538462
0.30436984615384616
0.3193901538461538
0.27474646153846155
0.1977673846153846
0.10639384615384614
0.00855323076923077
-0.07197230769230768
-0.1424843076923077
-0.19359507692307693
-0.22008923076923076
-0.22801661538461537
-0.21049292307692305
-0.19505538461538463
-0.173568
-0.1356
-0.08761846153846153
-0.03483876923076923
0.0025033846153846152
0.03504738461538461
0.05611753846153846
0.06717415384615384
0.08031692307692308
0.08073415384615384
0.07051199999999999
0.05611753846153846
0.030875076923076922
-0.005215384615384615
-0.054657230769230764
-0.12579507692307693
-0.1942209230769231
-0.25117292307692307
-0.2868461538461538
-0.2828824615384615
-0.23803015384615384
-0.157296
-0.05319692307692307
0.07489292307692308
0.20256553846153844
0.31000246153846156
0.3813489230769231
0.3949089230769231
0.3609046153846154
0.2751636923076923
0.15187199999999998
0.016063384615384615
-0.13038461538461538
-0.2655673846153846
-0.3669544615384615
-0.41013784615384613
-0.3861470769230769
-0.3160523076923077
-0.21362215384615382
-0.08782707692307692
0.050067692307692306
0.17565415384615385
0.2695310769230769
0.3152178461538461
0.2832996923076923
0.1800350769230769
0.043600615384615383
-0.10076123076923077
-0.22488738461538463
-0.32606584615384615
-0.39511753846153846
-0.40679999999999994
-0.3675803076923077
-0.2737033846153846
-0.14603076923076924
-0.02044430769230769
0.0936683076923077
0.18504184615384617
0.2438713846153846
0.2682793846153846
0.25805723076923076
0.20632061538461538
0.12308307692307692
0.03379569230769231
-0.050067692307692306
-0.09658892307692307
-0.127464
-0.15667015384615385
-0.1666836923076923
-0.16626646153846153
-0.13810338461538463
-0.09450276923076922
-0.046104
0.0002086153846153846
0.03400430769230769
0.06487938461538462
0.09053907692307692
0.10806276923076923
0.11286092307692308
0.09471138461538461
0.06571384615384615
0.03775938461538462
0.016063384615384615
0.0029206153846153843
-0.025033846153846153
-0.05194523076923077
-0.065088
-0.061124307692307686
-0.032544
0.0029206153846153843
0.04401784615384615
0.07802215384615384
0.10222153846153846
0.12621230769230768
0.14415323076923076
0.14999446153846155
0.12642092307692307
0.09033046153846153
0.05590892307692308
0.015854769230769228
-0.015228923076923076
-0.041514461538461535
-0.055491692307692304
-0.05820369230769231
-0.050067692307692306
-0.020652923076923076
0.015437538461538461
0.043392
0.05444861538461539
0.052153846153846155
0.03588184615384615
0.021278769230769233
-0.006049846153846154
-0.05194523076923077
-0.0963803076923077
-0.13038461538461538
-0.13622584615384614
-0.1218313846153846
-0.08615815384615384
-0.040054153846153843
0.012516923076923077
0.07197230769230768
0.127464
0.16188553846153847
0.165432
0.1435273846153846
0.10994030769230768
0.07697907692307693
0.04965046153846154
0.04547815384615384
0.038176615384615385
0.03150092307692308
0.03212676923076923
0.03379569230769231
0.04965046153846154
0.04860738461538461
0.031918153846153846
0.006049846153846154
-0.021904615384615383
-0.043600615384615383
-0.06529661538461538
-0.0853236923076923
-0.111192
-0.1205796923076923
-0.0988836923076923
-0.056326153846153845
-0.009596307692307692
0.029623384615384614
0.05590892307692308
0.0826116923076923
0.11181784615384616
0.1356
0.14916
0.12975876923076923
0.10368184615384615
0.07781353846153846
0.04839876923076923
0.03233538461538461
0.00855323076923077
-0.01272553846153846
-0.014185846153846153
0.0033378461538461535
0.042348923076923076
0.08845292307692308
0.13247076923076923
0.16230276923076925
0.18316430769230768
0.20778092307692309
0.225096
0.22405292307692307
0.20152246153846154
0.15416676923076922
0.09512861538461538
0.043600615384615383
-0.0014603076923076922
-0.035255999999999996
-0.07030338461538461
-0.09491999999999999
-0.09471138461538461
-0.08490646153846154
-0.06028984615384615
-0.038176615384615385
-0.03045784615384615
-0.02232184615384615
-0.002712
0.03024923076923077
0.05298830769230769
0.04652123076923077
0.02482523076923077
0.0008344615384615384
-0.017940923076923077
-0.030040615384615384
-0.050067692307692306
-0.08323753846153846
-0.12287446153846153
-0.14144123076923076
-0.13121907692307694
-0.10472492307692308
-0.06341907692307691
-0.02586830769230769
0.01668923076923077
0.06738276923076922
0.11265230769230769
0.14394461538461537
0.14060676923076923
0.1136953846153846
0.08240307692307691
0.05778646153846154
0.037967999999999995
0.022947692307692308
-0.0012516923076923076
-0.03442153846153846
-0.054657230769230764
-0.05444861538461539
-0.03859384615384615
-0.023990769230769232
-0.01981846153846154
-0.028163076923076923
-0.02023569230769231
0.004589538461538461
0.035255999999999996
0.07134646153846153
0.08824430769230769
0.09846646153846153
0.11578153846153846
0.13747753846153846
0.16730953846153845
0.16856123076923077
0.14436184615384615
0.11911938461538461
0.09658892307692307
0.08866153846153846
0.0771876923076923
0.051528
0.02023569230769231
-0.0004172307692307692
-0.005841230769230769
0.0014603076923076922
0.013768615384615384
0.021696
0.027328615384615382
0.04214030769230769
0.06863446153846153
0.10201292307692307
0.14018953846153845
0.15395815384615386
0.14686523076923075
0.11995384615384615
0.06654830769230768
0.003755076923076923
-0.078648
-0.16876984615384616
-0.23886461538461537
-0.2822566153846154
-0.28809784615384615
-0.26160369230769226
-0.21988061538461537
-0.17481969230769231
-0.13789476923076924
-0.11327815384615383
-0.09909230769230769
-0.1151556923076923
-0.16230276923076925
-0.13852061538461538
-0.05590892307692308
0.07301538461538462
0.24074215384615386
0.3711267692307692
0.5227901538461539
0.6296012307692308
0.6915600000000001
0.6619366153846153
0.5150713846153846
0.30833353846153844
0.02044430769230769
-0.2056947692307692
-0.42599261538461536
-0.5878781538461538
-0.6754966153846154
-0.7234781538461538
-0.6127033846153845
-0.43809230769230767
-0.1802436923076923
0.09158215384615384
0.3137575384615385
0.4923323076923077
0.5494929230769231
0.5275883076923077
0.412224
0.22029784615384615
-0.043392
-0.34880492307692307
-0.5876695384615385
-0.7324486153846154
-0.743088
-0.6429526153846153
-0.4866996923076923
-0.2695310769230769
-0.03984553846153846
0.1856676923076923
0.3942830769230769
0.4942098461538461
0.5054750769230769
0.4485230769230769
0.34880492307692307
0.26118646153846153
0.15833907692307692
0.051528
-0.06800861538461538
-0.1800350769230769
-0.2601433846153846
-0.31772123076923076
-0.33587076923076925
-0.33607938461538456
-0.30249230769230767
-0.2292683076923077
-0.13518276923076925
-0.012099692307692308
0.08782707692307692
0.14436184615384615
0.1867107692307692
0.2059033846153846
0.21070153846153844
0.21132738461538458
0.19463815384615382
0.15896492307692306
0.0974233846153846
-0.004589538461538461
-0.09992676923076924
-0.18274707692307693
-0.28246523076923075
-0.3671630769230769
-0.4193169230769231
-0.409512
-0.3235624615384615
-0.18525046153846153
-0.006884307692307692
0.18629353846153843
0.3600701538461538
0.49629599999999996
0.5764043076923077
0.5674338461538462
0.46771569230769233
0.30979384615384614
0.12496061538461539
-0.052153846153846155
-0.21237046153846154
-0.3385827692307692
-0.4078430769230769
-0.41305846153846154
-0.35965292307692304
-0.25451076923076926
-0.11432123076923076
0.03150092307692308
0.1792006153846154
0.31104553846153843
0.39699507692307695
0.4389267692307692
0.4314166153846154
0.3584012307692308
0.25513661538461535
0.13998092307692306
0.022530461538461537
-0.07677046153846154
-0.1656406153846154
-0.22154953846153846
-0.21445661538461538
-0.1639716923076923
-0.0826116923076923
0.02586830769230769
0.12037107692307693
0.19046584615384615
0.23198030769230768
0.23636123076923077
0.233232
0.19839323076923077
0.13267938461538462
0.06946892307692307
0.0014603076923076922
-0.04318338461538461
-0.06675692307692307
-0.07760492307692309
-0.08824430769230769
-0.1070196923076923
-0.11327815384615383
-0.11745046153846153
-0.11745046153846153
-0.12621230769230768
-0.14832553846153845
-0.15687876923076924
-0.15291507692307693
-0.13455692307692307
-0.10389046153846154
-0.08010830769230769
-0.047981538461538464
-0.003755076923076923
0.037967999999999995
0.08615815384615384
0.11640738461538462
0.11765907692307691
0.10514215384615383
0.06300184615384616
0.0077187692307692304
-0.04819015384615385
-0.10576799999999999
-0.1543753846153846
-0.19213476923076922
-0.20256553846153844
-0.1846246153846154
-0.13601723076923075
-0.06967753846153846
-0.004172307692307692
0.06362769230769232
0.12308307692307692
0.18253846153846154
0.22947692307692308
0.2426196923076923
0.23510953846153848
0.21445661538461538
0.18358153846153846
0.14206707692307693
0.08302892307692307
0.01940123076923077
-0.042974769230769226
-0.09387692307692307
-0.12767261538461538
-0.14665661538461539
-0.1476996923076923
-0.14457046153846154
-0.12955015384615384
-0.09304246153846155
-0.04756430769230769
0.016897846153846156
0.10347323076923076
0.18253846153846154
0.25138153846153843
0.28768061538461537
0.2997803076923077
0.292896
0.249504
0.19568123076923075
0.1207883076923077
0.037967999999999995
-0.045895384615384616
-0.1218313846153846
-0.1721076923076923
-0.20027076923076922
-0.19213476923076922
-0.165432
-0.1151556923076923
-0.050067692307692306
0.0070929230769230765
0.07092923076923077
0.12600369230769232
0.16021661538461537
0.17523692307692307
0.1476996923076923
0.0892873846153846
0.01668923076923077
-0.06383630769230769
-0.1316363076923077
-0.18629353846153843
-0.21779446153846155
-0.2194633846153846
-0.19046584615384615
-0.13518276923076925
-0.059872615384615385
0.018358153846153843
0.08845292307692308
0.14686523076923075
0.18754523076923074
0.21508246153846153
0.20673784615384616
0.1704387692307692
0.10743692307692307
0.031918153846153846
-0.040679999999999994
-0.10743692307692307
-0.1489513846153846
-0.17544553846153846
-0.16418030769230768
-0.12099692307692309
-0.059038153846153844
0.017315076923076923
0.07760492307692309
0.11995384615384615
0.13852061538461538
0.13309661538461537
0.11536430769230768
0.07802215384615384
0.026285538461538457
-0.026911384615384615
-0.07885661538461539
-0.09971815384615385
-0.09763200000000001
-0.07259815384615384
-0.040679999999999994
-0.021070153846153846
0.02044430769230769
0.055491692307692304
0.08219446153846154
0.10117846153846152
0.08866153846153846
0.06446215384615385
0.030040615384615384
-0.0043809230769230765
-0.03483876923076923
-0.06279323076923077
-0.07301538461538462
-0.06341907692307691
-0.03567323076923076
0.002712
0.053614153846153846
0.1045163076923077
0.13622584615384614
0.15249784615384615
0.15875630769230767
0.157296
0.13789476923076924
0.10055261538461538
0.053405538461538456
0.002086153846153846
-0.0448523076923077
-0.07885661538461539
-0.09804923076923076
-0.11202646153846153
-0.11557292307692307
-0.09387692307692307
-0.059664
-0.015020307692307692
0.02524246153846154
0.04318338461538461
0.06258461538461538
0.08073415384615384
0.09533723076923077
0.10868861538461538
0.10555938461538462
0.09450276923076922
0.07280676923076923
0.05194523076923077
0.03859384615384615
0.019192615384615384
0.0002086153846153846
-0.026702769230769228
-0.044435076923076924
-0.04526953846153846
-0.03880246153846154
-0.02232184615384615
-0.004798153846153846
0.01397723076923077
0.03984553846153846
0.06946892307692307
0.10055261538461538
0.12037107692307693
0.11494707692307692
0.10138707692307691
0.08094276923076923
0.06571384615384615
0.04735569230769231
0.006884307692307692
-0.02795446153846154
-0.06633969230769231
-0.08386338461538462
-0.07051199999999999
-0.05173661538461538
-0.015854769230769228
0.027328615384615382
0.08073415384615384
0.14206707692307693
0.1867107692307692
0.20632061538461538
0.18963138461538462
0.14603076923076924
0.09450276923076922
0.023782153846153845
-0.051528
-0.12433476923076923
-0.18316430769230768
-0.20506892307692307
-0.19985353846153847
-0.15792184615384616
-0.08824430769230769
-0.013560000000000001
0.05319692307692307
0.09867507692307692
0.12370892307692308
0.12162276923076921
0.08594953846153845
0.024616615384615383
-0.05236246153846154
-0.1316363076923077
-0.19004861538461537
-0.22196676923076922
-0.2290596923076923
-0.20965846153846154
-0.1693956923076923
-0.1028473846153846
-0.022530461538461537
0.05590892307692308
0.11160923076923077
0.13455692307692307
0.14164984615384615
0.1287156923076923
0.0974233846153846
0.055491692307692304
0.008970461538461538
-0.021696
-0.032544
-0.027120000000000002
-0.008761846153846153
0.009387692307692307
0.029206153846153847
0.04860738461538461
0.06717415384615384
0.07238953846153846
0.051319384615384614
0.021278769230769233
-0.02086153846153846
-0.059038153846153844
-0.08323753846153846
-0.103056
-0.11724184615384614
-0.13309661538461537
-0.1368516923076923
-0.1205796923076923
-0.08365476923076923
-0.03609046153846154
0.006049846153846154
0.03963692307692308
0.05757784615384615
0.06592246153846154
0.06300184615384616
0.04860738461538461
0.018358153846153843
-0.029623384615384614
-0.065088
-0.06863446153846153
-0.038176615384615385
0.005841230769230769
0.052153846153846155
0.09679753846153846
0.12433476923076923
0.14477907692307693
0.14123261538461537
0.10618523076923077
0.04985907692307692
-0.019192615384615384
-0.06028984615384615
-0.08219446153846154
-0.08115138461538463
-0.058412307692307694
-0.031709538461538456
0.016897846153846156
0.07343261538461537
0.1316363076923077
0.17440246153846153
0.18921415384615384
0.17899199999999998
0.14018953846153845
0.08866153846153846
0.02795446153846154
-0.03400430769230769
-0.09095630769230768
-0.14436184615384615
-0.17732307692307692
-0.18107815384615383
-0.15479261538461536
-0.10493353846153847
-0.03880246153846154
0.04047138461538462
0.12454338461538461
0.19463815384615382
0.24074215384615386
0.24178523076923078
0.18629353846153843
0.09950953846153845
0.003755076923076923
-0.08740984615384616
-0.17294215384615383
-0.23510953846153848
-0.260352
-0.2369870769230769
-0.1639716923076923
-0.06383630769230769
0.04401784615384615
0.13935507692307691
0.21174461538461536
0.25284184615384614
0.26640184615384616
0.2480436923076923
0.18796246153846152
0.10785415384615385
0.024199384615384616
-0.05069353846153846
-0.1097316923076923
-0.15374953846153847
-0.17002153846153847
-0.16021661538461537
-0.12016246153846154
-0.05236246153846154
0.026076923076923077
0.10389046153846154
0.154584
0.18712800000000002
0.20444307692307692
0.20256553846153844
0.19046584615384615
0.14874276923076923
0.09512861538461538
0.04214030769230769
-0.0070929230769230765
-0.03880246153846154
-0.062376
-0.08073415384615384
-0.09825784615384614
-0.11891076923076922
-0.12558646153846154
-0.1341396923076923
-0.1504116923076923
-0.15374953846153847
-0.18316430769230768
-0.18170399999999998
-0.1612596923076923
-0.11578153846153846
-0.016272
0.0936683076923077
0.2997803076923077
0.3746732307692308
0.38030584615384616
0.41034646153846155
0.3114627692307692
0.25555384615384613
0.07197230769230768
-0.16710092307692306
-0.36945784615384614
-0.5582547692307692
-0.5428172307692307
-0.5200781538461539
-0.4268270769230769
-0.2697396923076923
-0.09930092307692308
0.2236356923076923
0.49108061538461534
0.7207661538461537
0.8332098461538461
0.7491378461538462
0.6519230769230768
0.4253667692307692
0.16209415384615386
-0.08866153846153846
-0.3903193846153846
-0.5486584615384615
-0.6763310769230769
-0.711169846153846
-0.5474067692307693
-0.36778892307692307
-0.09784061538461537
0.1506203076923077
0.31646953846153847
0.471888
0.5094387692307691
0.5092301538461538
0.4416387692307692
0.2497126153846154
0.031709538461538456
-0.18358153846153846
-0.32189353846153845
-0.40325353846153844
-0.48190153846153844
-0.49003753846153847
-0.45269538461538456
-0.3412947692307692
-0.16584923076923075
-0.03609046153846154
0.09304246153846155
0.18128676923076922
0.22572184615384616
0.2795446153846154
0.25555384615384613
0.2140393846153846
0.16876984615384616
0.09909230769230769
0.08219446153846154
0.05924676923076923
0.03337846153846154
0.007510153846153846
-0.044435076923076924
-0.08991323076923076
-0.14832553846153845
-0.19860184615384616
-0.22113230769230768
-0.20360861538461536
-0.14916
-0.10952307692307692
-0.037342153846153844
0.08240307692307691
0.19171753846153847
0.2970683076923077
0.3490135384615385
0.35193415384615384
0.32231076923076923
0.24095076923076922
0.15416676923076922
0.027745846153846152
-0.12037107692307693
-0.22968553846153844
-0.3137575384615385
-0.35694092307692304
-0.3611132307692308
-0.3198073846153846
-0.21091015384615383
-0.06362769230769232
0.08824430769230769
0.214248
0.3102110769230769
0.3863556923076923
0.39908123076923074
0.3410861538461538
0.24011630769230768
0.09533723076923077
-0.03337846153846154
-0.13184492307692308
-0.2075723076923077
-0.21675138461538462
-0.19338646153846153
-0.11828492307692307
-0.005424
0.08448923076923077
0.1794092307692308
0.25012984615384615
0.2868461538461538
0.2906012307692308
0.24720923076923076
0.17440246153846153
0.078648
-0.005215384615384615
-0.05507446153846154
-0.08052553846153847
-0.08845292307692308
-0.0855323076923077
-0.05653476923076922
0.001043076923076923
0.06905169230769231
0.13914646153846155
0.1760713846153846
0.17669723076923077
0.17169046153846151
0.14519630769230768
0.08740984615384616
0.004589538461538461
-0.09512861538461538
-0.16730953846153845
-0.21696000000000001
-0.25367630769230765
-0.24595753846153845
-0.23052
-0.1990190769230769
-0.14957723076923077
-0.09992676923076924
-0.026285538461538457
0.028371692307692306
0.06070707692307692
0.06362769230769232
0.027328615384615382
-0.009596307692307692
-0.051528
-0.07781353846153846
-0.10138707692307691
-0.1462393846153846
-0.1666836923076923
-0.15875630769230767
-0.11494707692307692
-0.03275261538461539
0.022947692307692308
0.07510153846153846
0.13914646153846155
0.19046584615384615
0.24491446153846153
0.2618123076923077
0.24282830769230768
0.20256553846153844
0.14999446153846155
0.11348676923076922
0.06738276923076922
0.02357353846153846
-0.026702769230769228
-0.08657538461538461
-0.11599015384615384
-0.11807630769230769
-0.0855323076923077
-0.04756430769230769
-0.01856676923076923
0.01814953846153846
0.04401784615384615
0.07635323076923077
0.11286092307692308
0.12329169230769231
0.10660246153846153
0.06028984615384615
0.01668923076923077
-0.0016689230769230767
-0.02524246153846154
-0.05048492307692308
-0.08323753846153846
-0.12204
-0.13330523076923076
-0.12454338461538461
-0.10201292307692307
-0.08845292307692308
-0.0826116923076923
-0.05799507692307692
-0.017523692307692306
0.03629907692307692
0.07677046153846154
0.100344
0.116616
0.11807630769230769
0.116616
0.10263876923076923
0.06946892307692307
0.038176615384615385
0.007301538461538462
-0.017523692307692306
-0.02586830769230769
-0.042557538461538466
-0.06300184615384616
-0.08615815384615384
-0.10201292307692307
-0.084072
-0.04985907692307692
-0.0002086153846153846
0.046104
0.08094276923076923
0.11411261538461538
0.1368516923076923
0.1558356923076923
0.14436184615384615
0.10076123076923077
0.04380923076923077
-0.03066646153846154
-0.084072
-0.10430769230769231
-0.10827138461538462
-0.08636676923076922
-0.06571384615384615
-0.03400430769230769
0.010848
0.03755076923076923
0.06195876923076923
0.07301538461538462
0.0771876923076923
0.07802215384615384
0.0717636923076923
0.06675692307692307
0.04047138461538462
0.010222153846153844
-0.009804923076923077
-0.03629907692307692
-0.05236246153846154
-0.06571384615384615
-0.0771876923076923
-0.061750153846153844
-0.03650769230769231
0.010639384615384617
0.059664
0.08052553846153847
0.09304246153846155
0.10013538461538461
0.11056615384615384
0.11265230769230769
0.0974233846153846
0.07238953846153846
0.03838523076923077
0.0070929230769230765
-0.0022947692307692304
0.010639384615384617
0.02795446153846154
0.04547815384615384
0.06487938461538462
0.08448923076923077
0.10138707692307691
0.11181784615384616
0.10827138461538462
0.09158215384615384
0.07468430769230769
0.05924676923076923
0.03921969230769231
0.014185846153846153
-0.016480615384615385
-0.054240000000000003
-0.08699261538461538
-0.10514215384615383
-0.11140061538461538
-0.11077476923076923
-0.11098338461538461
-0.0974233846153846
-0.06800861538461538
-0.028371692307692306
0.003963692307692307
0.015646153846153844
0.01668923076923077
0.0016689230769230767
-0.023782153846153845
-0.05069353846153846
-0.08052553846153847
-0.11348676923076922
-0.1368516923076923
-0.13038461538461538
-0.09450276923076922
-0.04735569230769231
0.0043809230769230765
0.047772923076923074
0.08115138461538463
0.10806276923076923
0.11995384615384615
0.11494707692307692
0.0880356923076923
0.05277969230769231
0.02211323076923077
0.0025033846153846152
-0.006467076923076923
0.0
0.01710646153846154
0.043600615384615383
0.07843938461538462
0.10576799999999999
0.11578153846153846
0.09909230769230769
0.06675692307692307
0.02211323076923077
-0.011891076923076923
-0.038176615384615385
-0.06633969230769231
-0.07697907692307693
-0.09095630769230768
-0.09012184615384615
-0.07051199999999999
-0.04214030769230769
-0.008136
0.006049846153846154
0.007927384615384614
-0.0016689230769230767
-0.009804923076923077
-0.018358153846153843
-0.03650769230769231
-0.052153846153846155
-0.06383630769230769
-0.05653476923076922
-0.03400430769230769
-0.009179076923076922
0.009596307692307692
0.013351384615384614
0.022947692307692308
0.042348923076923076
0.06070707692307692
0.07426707692307692
0.0678
0.04380923076923077
0.024408000000000003
0.007927384615384614
-0.0016689230769230767
-0.010013538461538461
-0.020652923076923076
-0.008970461538461538
0.017940923076923077
0.05820369230769231
0.10389046153846154
0.14081538461538462
0.16042523076923076
0.16105107692307694
0.143736
0.10368184615384615
0.04214030769230769
-0.040054153846153843
-0.12412615384615384
-0.19046584615384615
-0.21445661538461538
-0.200688
-0.1558356923076923
-0.08302892307692307
-0.0014603076923076922
0.08907876923076924
0.1718990769230769
0.23156307692307693
0.2532590769230769
0.22989415384615383
0.18149538461538461
0.12204
0.058829538461538454
-0.010639384615384617
-0.0855323076923077
-0.1462393846153846
-0.1712732307692308
-0.15500123076923078
-0.10535076923076922
-0.047772923076923074
0.0035464615384615383
0.053614153846153846
0.10430769230769231
0.15500123076923078
0.1846246153846154
0.1869193846153846
0.157296
0.10159569230769232
0.04693846153846153
-0.008136
-0.05194523076923077
-0.07885661538461539
-0.09304246153846155
-0.08511507692307693
-0.061124307692307686
-0.02357353846153846
0.016063384615384615
0.03400430769230769
0.03504738461538461
0.029206153846153847
0.02273907692307692
0.022947692307692308
0.014811692307692307
-0.004589538461538461
-0.03442153846153846
-0.05298830769230769
-0.04672984615384615
-0.03483876923076923
-0.02023569230769231
-0.023990769230769232
-0.03504738461538461
-0.03880246153846154
-0.04714707692307692
-0.058829538461538454
-0.07843938461538462
-0.10764553846153846
-0.1358086153846154
-0.14123261538461537
-0.11974523076923077
-0.0892873846153846
-0.06279323076923077
-0.03379569230769231
-0.0025033846153846152
0.03984553846153846
0.0892873846153846
0.11599015384615384
0.11411261538461538
0.084072
0.047981538461538464
0.012934153846153845
-0.03296123076923077
-0.06905169230769231
-0.09325107692307691
-0.10681107692307691
-0.09846646153846153
-0.07030338461538461
-0.008970461538461538
0.05862092307692307
0.10555938461538462
0.15270646153846154
0.18232984615384615
0.200688
0.206112
0.1704387692307692
0.12245723076923076
0.056326153846153845
-0.0035464615384615383
-0.03483876923076923
-0.06362769230769232
-0.08135999999999999
-0.092208
-0.0828203076923077
-0.04672984615384615
-0.009804923076923077
0.026911384615384615
0.03358707692307692
0.004589538461538461
-0.003963692307692307
-0.013560000000000001
-0.034630153846153845
-0.03129230769230769
-0.03337846153846154
0.019192615384615384
0.08782707692307692
0.2411593846153846
0.4756430769230769
0.4814843076923077
0.48649107692307686
0.4516523076923077
0.3648683076923077
0.32231076923076923
0.07405846153846153
-0.1314276923076923
-0.37780246153846153
-0.5386449230769231
-0.5048492307692307
-0.5071439999999999
-0.3775938461538461
-0.287472
-0.11390399999999999
0.16501476923076921
0.34338092307692303
0.5567944615384616
0.5463636923076923
0.41556184615384617
0.2997803076923077
0.06967753846153846
-0.06258461538461538
-0.23844738461538462
-0.3942830769230769
-0.39595199999999997
-0.46375199999999994
-0.3698750769230769
-0.18754523076923074
-0.051528
0.14686523076923075
0.21299630769230768
0.2620209230769231
0.2789187692307692
0.22029784615384615
0.23636123076923077
0.1721076923076923
0.0717636923076923
-0.010639384615384617
-0.08636676923076922
-0.07593599999999999
-0.11286092307692308
-0.1718990769230769
-0.20131384615384615
-0.23218892307692307
-0.15687876923076924
-0.08073415384615384
-0.045895384615384616
0.004172307692307692
0.008136
0.05236246153846154
0.10472492307692308
0.09387692307692307
0.11745046153846153
0.1070196923076923
0.10618523076923077
0.15771323076923077
0.15875630769230767
0.1462393846153846
0.0678
-0.03212676923076923
-0.11578153846153846
-0.22321846153846153
-0.28809784615384615
-0.3342018461538461
-0.31125415384615385
-0.23469230769230767
-0.16647507692307692
-0.009804923076923077
0.14436184615384615
0.249504
0.34296369230769225
0.3454670769230769
0.3235624615384615
0.24992123076923078
0.12350030769230769
0.02273907692307692
-0.12683815384615382
-0.23406646153846156
-0.2791273846153846
-0.3141747692307692
-0.30520430769230766
-0.3047870769230769
-0.24866953846153847
-0.12642092307692307
0.0006258461538461538
0.12391753846153845
0.18545907692307692
0.2411593846153846
0.2897667692307692
0.2805876923076923
0.2574313846153846
0.17023015384615386
0.04714707692307692
-0.040054153846153843
-0.13267938461538462
-0.1733593846153846
-0.16584923076923075
-0.1504116923076923
-0.08115138461538463
-0.01981846153846154
0.04693846153846153
0.1356
0.18483323076923078
0.2238443076923077
0.2261390769230769
0.21341353846153846
0.19463815384615382
0.14436184615384615
0.1151556923076923
0.07030338461538461
0.021070153846153846
-0.01940123076923077
-0.07426707692307692
-0.08323753846153846
-0.09429415384615383
-0.10722830769230769
-0.08782707692307692
-0.07677046153846154
-0.027328615384615382
0.042974769230769226
0.08720123076923077
0.11202646153846153
0.09867507692307692
0.09137353846153846
0.10055261538461538
0.08240307692307691
0.05111076923076923
-0.01272553846153846
-0.08177723076923075
-0.11807630769230769
-0.14018953846153845
-0.12955015384615384
-0.11411261538461538
-0.1045163076923077
-0.07843938461538462
-0.06133292307692308
-0.03275261538461539
0.0
0.023990769230769232
0.07009476923076922
0.08824430769230769
0.09450276923076922
0.1028473846153846
0.09325107692307691
0.10535076923076922
0.08469784615384615
0.040679999999999994
0.0043809230769230765
-0.03379569230769231
-0.040054153846153843
-0.03921969230769231
-0.032544
-0.01272553846153846
0.0025033846153846152
0.03108369230769231
0.058829538461538454
0.06487938461538462
0.06529661538461538
0.03713353846153846
0.006049846153846154
-0.02524246153846154
-0.06675692307692307
-0.08240307692307691
-0.09784061538461537
-0.08511507692307693
-0.06008123076923077
-0.05319692307692307
-0.019609846153846155
0.022947692307692308
0.07238953846153846
0.11640738461538462
0.12224861538461537
0.12767261538461538
0.12996738461538462
0.10889723076923077
0.07280676923076923
0.011682461538461537
-0.05528307692307692
-0.11077476923076923
-0.14707384615384617
-0.14957723076923077
-0.143736
-0.12391753846153845
-0.0826116923076923
-0.03588184615384615
0.024616615384615383
0.06800861538461538
0.09283384615384616
0.10555938461538462
0.09533723076923077
0.0798996923076923
0.04652123076923077
0.0035464615384615383
-0.040054153846153843
-0.0853236923076923
-0.12162276923076921
-0.15354092307692307
-0.16000799999999998
-0.14102399999999998
-0.10743692307692307
-0.05382276923076923
0.011473846153846154
0.08302892307692307
0.14999446153846155
0.19526400000000002
0.20819815384615384
0.18775384615384613
0.13872923076923074
0.08073415384615384
0.02273907692307692
-0.03775938461538462
-0.09930092307692308
-0.15813046153846153
-0.18399876923076922
-0.16647507692307692
-0.119328
-0.0609156923076923
-0.011473846153846154
0.03880246153846154
0.0934596923076923
0.14436184615384615
0.18149538461538461
0.19067446153846154
0.1777403076923077
0.14018953846153845
0.08198584615384615
0.017315076923076923
-0.049233230769230765
-0.10806276923076923
-0.16313723076923078
-0.21091015384615383
-0.22405292307692307
-0.20798953846153845
-0.17440246153846153
-0.11849353846153846
-0.05048492307692308
0.03671630769230769
0.12996738461538462
0.21487384615384614
0.2912270769230769
0.33295015384615384
0.33670523076923076
0.306456
0.260352
0.20861538461538462
0.13059323076923077
0.03483876923076923
-0.04714707692307692
-0.09512861538461538
-0.10493353846153847
-0.08594953846153845
-0.051528
-0.0025033846153846152
0.06529661538461538
0.14999446153846155
0.2374043076923077
0.3022836923076923
0.3319070769230769
0.3158436923076923
0.2620209230769231
0.19672430769230767
0.11348676923076922
0.006884307692307692
-0.10409907692307692
-0.19985353846153847
-0.26786215384615386
-0.2970683076923077
-0.2764153846153846
-0.21466523076923077
-0.14060676923076923
-0.06154153846153846
0.014185846153846153
0.08615815384615384
0.14749107692307692
0.16626646153846153
0.15228923076923076
0.11557292307692307
0.07113784615384615
0.037967999999999995
-0.004798153846153846
-0.04172307692307692
-0.07259815384615384
-0.11202646153846153
-0.12287446153846153
-0.11724184615384614
-0.1136953846153846
-0.11432123076923076
-0.1218313846153846
-0.10806276923076923
-0.08490646153846154
-0.050067692307692306
-0.0035464615384615383
0.03400430769230769
0.06967753846153846
0.09095630769230768
0.09846646153846153
0.09909230769230769
0.07384984615384615
0.026702769230769228
-0.028163076923076923
-0.086784
-0.12725538461538463
-0.154584
-0.157296
-0.13706030769230768
-0.12016246153846154
-0.09116492307692307
-0.059038153846153844
-0.029623384615384614
-0.012516923076923077
-0.017315076923076923
-0.01814953846153846
-0.0035464615384615383
0.016480615384615385
0.04109723076923077
0.05528307692307692
0.06404492307692307
0.08115138461538463
0.09408553846153846
0.0988836923076923
0.07614461538461538
0.035464615384615386
-0.0070929230769230765
-0.051319384615384614
-0.084072
-0.11432123076923076
-0.14123261538461537
-0.15750461538461538
-0.15750461538461538
-0.13038461538461538
-0.07927384615384615
-0.015437538461538461
0.05486584615384615
0.1218313846153846
0.17815753846153848
0.2288510769230769
0.25367630769230765
0.24887815384615386
0.2056947692307692
0.12433476923076923
0.03901107692307692
-0.05069353846153846
-0.12955015384615384
-0.18983999999999998
-0.22718215384615387
-0.2238443076923077
-0.18879692307692306
-0.11974523076923077
-0.027328615384615382
0.06425353846153846
0.14164984615384615
0.2059033846153846
0.249504
0.2628553846153846
0.2374043076923077
0.184416
0.124752
0.05528307692307692
-0.004589538461538461
-0.05486584615384615
-0.10263876923076923
-0.13643446153846153
-0.15625292307692307
-0.14728246153846153
-0.12016246153846154
-0.09012184615384615
-0.05090215384615384
-0.012934153846153845
0.03045784615384615
0.08469784615384615
0.12266584615384615
0.1449876923076923
0.14728246153846153
0.13393107692307693
0.11870215384615385
0.08782707692307692
0.047772923076923074
-0.008761846153846153
-0.0717636923076923
-0.12266584615384615
-0.15208061538461537
-0.15687876923076924
-0.14916
-0.11578153846153846
-0.06946892307692307
-0.010013538461538461
0.06216738461538462
0.12141415384615384
0.16689230769230767
0.19150892307692308
0.19797599999999999
0.1940123076923077
0.17565415384615385
0.14081538461538462
0.08469784615384615
0.014811692307692307
-0.05444861538461539
-0.10576799999999999
-0.13101046153846155
-0.1422756923076923
-0.1422756923076923
-0.12934153846153845
-0.09992676923076924
-0.049233230769230765
0.001043076923076923
0.03880246153846154
0.06654830769230768
0.06946892307692307
0.05382276923076923
0.014394461538461538
-0.04088861538461538
-0.08845292307692308
-0.13455692307692307
-0.15145476923076923
-0.14936861538461538
-0.12016246153846154
-0.07051199999999999
-0.028163076923076923
0.01940123076923077
0.058829538461538454
0.10535076923076922
0.13622584615384614
0.14540492307692307
0.12996738461538462
0.08991323076923076
0.05048492307692308
0.003129230769230769
-0.04276615384615385
-0.08574092307692306
-0.11724184615384614
-0.13914646153846155
-0.13518276923076925
-0.10576799999999999
-0.073224
-0.042348923076923076
-0.018983999999999997
0.004798153846153846
0.024199384615384616
0.03296123076923077
0.026702769230769228
0.01397723076923077
-0.011265230769230769
-0.045060923076923075
-0.08761846153846153
-0.14999446153846155
-0.21862892307692305
-0.25430215384615384
-0.22467876923076924
-0.15479261538461536
-0.02211323076923077
0.1316363076923077
0.2860116923076923
0.46354338461538463
0.5941366153846154
0.6842584615384616
0.6652744615384616
0.5553341538461538
0.3861470769230769
0.17169046153846151
-0.02858030769230769
-0.2776670769230769
-0.4493575384615385
-0.5778646153846153
-0.6356510769230769
-0.5507446153846154
-0.4253667692307692
-0.20298276923076922
0.018358153846153843
0.2426196923076923
0.4418473846153846
0.5275883076923077
0.5476153846153846
0.44977476923076926
0.2887236923076923
0.08574092307692306
-0.14331876923076922
-0.30979384615384614
-0.4320424615384615
-0.471888
-0.43704923076923075
-0.37550769230769226
-0.2632726153846154
-0.138312
0.011473846153846154
0.1639716923076923
0.25054707692307693
0.3241883076923077
0.36382523076923073
0.3863556923076923
0.412224
0.3748818461538461
0.3031181538461538
0.1910916923076923
0.06800861538461538
-0.034630153846153845
-0.12391753846153845
-0.19171753846153847
-0.241368
-0.2557624615384615
-0.233232
-0.17231630769230769
-0.09909230769230769
-0.04380923076923077
0.0012516923076923076
0.05799507692307692
0.11286092307692308
0.1693956923076923
0.23052
0.26494153846153845
0.28017046153846153
0.24345415384615382
0.15145476923076923
0.04526953846153846
-0.08657538461538461
-0.22321846153846153
-0.3383741538461538
-0.40346215384615386
-0.38948492307692306
-0.30249230769230767
-0.15813046153846153
0.008344615384615384
0.18483323076923078
0.3442153846153846
0.4612486153846154
0.52884
0.5163230769230769
0.42891323076923077
0.3060387692307692
0.16209415384615386
0.02482523076923077
-0.09325107692307691
-0.2059033846153846
-0.2774584615384615
-0.3127144615384615
-0.30249230769230767
-0.2436627692307692
-0.17377661538461536
-0.07405846153846153
0.03921969230769231
0.14811692307692306
0.23218892307692307
0.2782929230769231
0.28163076923076924
0.23010276923076922
0.1462393846153846
0.04109723076923077
-0.05403138461538461
-0.10889723076923077
-0.13768615384615385
-0.1395636923076923
-0.09471138461538461
-0.018983999999999997
0.07531015384615385
0.16730953846153845
0.21800307692307694
0.23761292307692305
0.22467876923076924
0.19755876923076923
0.1693956923076923
0.1205796923076923
0.06529661538461538
0.007301538461538462
-0.040679999999999994
-0.06341907692307691
-0.07009476923076922
-0.06821723076923077
-0.06446215384615385
-0.04401784615384615
-0.012934153846153845
0.010222153846153844
0.03129230769230769
0.024408000000000003
-0.0029206153846153843
-0.03275261538461539
-0.07531015384615385
-0.10263876923076923
-0.13038461538461538
-0.1666836923076923
-0.1867107692307692
-0.18504184615384617
-0.14749107692307692
-0.086784
-0.017940923076923077
0.046104
0.09512861538461538
0.12704676923076924
0.1435273846153846
0.14394461538461537
0.11181784615384616
0.047772923076923074
-0.03108369230769231
-0.09867507692307692
-0.14060676923076923
-0.1476996923076923
-0.12934153846153845
-0.10055261538461538
-0.05236246153846154
0.005841230769230769
0.07259815384615384
0.13372246153846154
0.15124615384615384
0.13247076923076923
0.09095630769230768
0.04839876923076923
0.019192615384615384
-0.017315076923076923
-0.058829538461538454
-0.09992676923076924
-0.13622584615384614
-0.14540492307692307
-0.13935507692307691
-0.13706030769230768
-0.14060676923076923
-0.14290153846153844
-0.12266584615384615
-0.08490646153846154
-0.030040615384615384
0.03775938461538462
0.09763200000000001
0.15541846153846153
0.2021483076923077
0.2303113846153846
0.23406646153846156
0.2056947692307692
0.15750461538461538
0.0974233846153846
0.03963692307692308
-0.0029206153846153843
-0.03024923076923077
-0.05194523076923077
-0.07113784615384615
-0.07927384615384615
-0.06279323076923077
-0.02211323076923077
0.024408000000000003
0.07510153846153846
0.12433476923076923
0.16647507692307692
0.2073636923076923
0.2236356923076923
0.19442953846153843
0.11536430769230768
0.01043076923076923
-0.09241661538461539
-0.1804523076923077
-0.24992123076923078
-0.30207507692307695
-0.3187643076923077
-0.2897667692307692
-0.20402584615384614
-0.07510153846153846
0.0609156923076923
0.17398523076923075
0.2568055384615385
0.31000246153846156
0.33002953846153843
0.3072904615384615
0.2342750769230769
0.12391753846153845
-0.010639384615384617
-0.13726892307692307
-0.23823876923076923
-0.29832
-0.3148006153846154
-0.292896
-0.22843384615384613
-0.13393107692307693
-0.015646153846153844
0.0988836923076923
0.17711446153846155
0.222384
0.22801661538461537
0.19192615384615386
0.13351384615384615
0.052153846153846155
-0.04714707692307692
-0.15416676923076922
-0.24324553846153843
-0.301032
-0.3321156923076923
-0.33566215384615383
-0.3229366153846154
-0.29039261538461536
-0.22864246153846152
-0.1435273846153846
-0.04860738461538461
0.030040615384615384
0.08594953846153845
0.1218313846153846
0.14123261538461537
0.16251138461538459
0.16438892307692307
0.14582215384615385
0.11348676923076922
0.07218092307692307
0.04318338461538461
0.018983999999999997
-0.009804923076923077
-0.033169846153846154
-0.04693846153846153
-0.045895384615384616
-0.02753723076923077
-0.014811692307692307
-0.0012516923076923076
0.005841230769230769
0.011473846153846154
0.026285538461538457
0.03921969230769231
0.05611753846153846
0.05945538461538461
0.06028984615384615
0.05611753846153846
0.04401784615384615
0.031918153846153846
0.006675692307692307
-0.02858030769230769
-0.073224
-0.11035753846153845
-0.12975876923076923
-0.13768615384615385
-0.12788123076923075
-0.10138707692307691
-0.06571384615384615
-0.017315076923076923
0.04172307692307692
0.09074769230769231
0.12516923076923075
0.130176
0.1316363076923077
0.14039815384615384
0.13914646153846155
0.1368516923076923
0.1097316923076923
0.07280676923076923
0.03358707692307692
-0.011265230769230769
-0.04318338461538461
-0.08302892307692307
-0.12245723076923076
-0.1435273846153846
-0.15270646153846154
-0.12767261538461538
-0.09033046153846153
-0.054240000000000003
-0.015020307692307692
0.011473846153846154
0.043600615384615383
0.06154153846153846
0.06195876923076923
0.052571076923076915
0.03045784615384615
0.011473846153846154
-0.011473846153846154
-0.023990769230769232
-0.02858030769230769
-0.04756430769230769
-0.06341907692307691
-0.06613107692307692
-0.05090215384615384
-0.016897846153846156
0.018358153846153843
0.05403138461538461
0.100344
0.1462393846153846
0.19588984615384614
0.23469230769230767
0.24512307692307692
0.23218892307692307
0.1858763076923077
0.13226215384615383
0.07843938461538462
0.015646153846153844
-0.0448523076923077
-0.09095630769230768
-0.11599015384615384
-0.1070196923076923
-0.07343261538461537
-0.021487384615384613
0.04985907692307692
0.1205796923076923
0.18921415384615384
0.233232
0.25054707692307693
0.2374043076923077
0.18149538461538461
0.116616
0.053405538461538456
-0.011473846153846154
-0.06884307692307692
-0.10514215384615383
-0.1097316923076923
-0.08490646153846154
-0.041514461538461535
0.028371692307692306
0.10910584615384614
0.17544553846153846
0.23782153846153845
0.2789187692307692
0.2920615384615385
0.27474646153846155
0.22154953846153846
0.15354092307692307
0.07301538461538462
-0.010848
-0.08386338461538462
-0.15270646153846154
-0.20193969230769232
-0.21883753846153844
-0.21216184615384615
-0.16021661538461537
-0.08344615384615384
-0.0022947692307692304
0.07677046153846154
0.13518276923076925
0.18253846153846154
0.20652923076923077
0.20402584615384614
0.16584923076923075
0.09679753846153846
0.021487384615384613
-0.058412307692307694
-0.12579507692307693
-0.18086953846153844
-0.22801661538461537
-0.2480436923076923
-0.23135446153846154
-0.17169046153846151
-0.08323753846153846
0.003963692307692307
0.08740984615384616
0.16689230769230767
0.2411593846153846
0.29227015384615385
0.2997803076923077
0.2709913846153846
0.20339999999999997
0.11202646153846153
0.010013538461538461
-0.08949599999999999
-0.17148184615384612
-0.24992123076923078
-0.30583015384615386
-0.3202246153846154
-0.2872633846153846
-0.2090326153846154
-0.11223507692307692
-0.005632615384615384
0.09804923076923076
0.18879692307692306
0.26619323076923074
0.3081249230769231
0.306456
0.25847446153846154
0.16897846153846155
0.06926030769230769
-0.03108369230769231
-0.13101046153846155
-0.2140393846153846
-0.2782929230769231
-0.30937661538461536
-0.2872633846153846
-0.22780799999999998
-0.1356
-0.03275261538461539
0.07218092307692307
0.17523692307692307
0.260352
0.33023815384615385
0.35694092307692304
0.3369138461538461
0.28413415384615387
0.20027076923076922
0.10722830769230769
0.006049846153846154
-0.09471138461538461
-0.1792006153846154
-0.24887815384615386
-0.28246523076923075
-0.27787569230769227
-0.23218892307692307
-0.1489513846153846
-0.05444861538461539
0.04819015384615385
0.14540492307692307
0.22154953846153846
0.2724516923076923
0.28017046153846153
0.2426196923076923
0.1712732307692308
0.06884307692307692
-0.04047138461538462
-0.1462393846153846
-0.24053353846153847
-0.30019753846153846
-0.3312812307692308
-0.30708184615384615
-0.2436627692307692
-0.15646153846153846
-0.0446436923076923
0.062376
0.16063384615384615
0.23364923076923078
0.28204799999999997
0.2853858461538461
0.24658338461538462
0.15291507692307693
0.02753723076923077
-0.07572738461538461
-0.17398523076923075
-0.23510953846153848
-0.26535876923076923
-0.25930892307692305
-0.18316430769230768
-0.07238953846153846
0.09846646153846153
0.25951753846153847
0.3239796923076923
0.3373310769230769
0.30332676923076923
0.24720923076923076
0.1948467692307692
0.07551876923076924
-0.13351384615384615
-0.3068732307692308
-0.4080516923076923
-0.40992923076923077
-0.34046030769230773
-0.2586830769230769
-0.14582215384615385
-0.016897846153846156
0.18754523076923074
0.3775938461538461
0.4906633846153846
0.49733907692307694
0.3671630769230769
0.23260615384615385
0.07364123076923076
-0.08073415384615384
-0.21320492307692307
-0.3752990769230769
-0.45957969230769224
-0.4912892307692307
-0.43704923076923075
-0.27328615384615385
-0.119328
0.06049846153846154
0.21028430769230766
0.27453784615384613
0.32669169230769235
0.3225193846153846
0.28163076923076924
0.20152246153846154
0.05319692307692307
-0.07843938461538462
-0.19568123076923075
-0.2532590769230769
-0.2582658461538461
-0.26723630769230766
-0.24074215384615386
-0.18399876923076922
-0.06592246153846154
0.07197230769230768
0.1570873846153846
0.22321846153846153
0.24095076923076922
0.22822523076923076
0.21737723076923077
0.16501476923076921
0.10201292307692307
0.03921969230769231
-0.013768615384615384
-0.024408000000000003
-0.019609846153846155
-0.01814953846153846
-0.006258461538461538
-0.007510153846153846
-0.014394461538461538
-0.010639384615384617
-0.02211323076923077
-0.03504738461538461
-0.04652123076923077
-0.05277969230769231
-0.05277969230769231
-0.03567323076923076
-0.011265230769230769
0.0018775384615384615
0.03567323076923076
0.05236246153846154
0.05069353846153846
0.05924676923076923
0.03984553846153846
0.005215384615384615
-0.04088861538461538
-0.09763200000000001
-0.14206707692307693
-0.19213476923076922
-0.22300984615384614
-0.2154996923076923
-0.1883796923076923
-0.11223507692307692
-0.023782153846153845
0.04819015384615385
0.11286092307692308
0.16084246153846155
0.21195323076923075
0.22008923076923076
0.1783661538461538
0.0988836923076923
-0.013142769230769229
-0.09241661538461539
-0.14811692307692306
-0.1860849230769231
-0.18983999999999998
-0.1856676923076923
-0.14686523076923075
-0.07969107692307692
-0.013142769230769229
0.05736923076923077
0.10952307692307692
0.1314276923076923
0.12537784615384615
0.10117846153846152
0.06362769230769232
0.018983999999999997
-0.021278769230769233
-0.05736923076923077
-0.08344615384615384
-0.092208
-0.09012184615384615
-0.065088
-0.010848
0.044435076923076924
0.10076123076923077
0.13601723076923075
0.1435273846153846
0.1422756923076923
0.11098338461538461
0.0678
0.020652923076923076
-0.04172307692307692
-0.084072
-0.10263876923076923
-0.10263876923076923
-0.06946892307692307
-0.018983999999999997
0.04547815384615384
0.12370892307692308
0.1787833846153846
0.20110523076923076
0.18525046153846153
0.13226215384615383
0.04672984615384615
-0.05757784615384615
-0.14164984615384615
-0.2008966153846154
-0.21758584615384616
-0.20465169230769228
-0.1656406153846154
-0.08365476923076923
0.019609846153846155
0.143736
0.25388492307692306
0.31229723076923077
0.32502276923076917
0.2897667692307692
0.23281476923076924
0.17231630769230769
0.086784
-0.019609846153846155
-0.12329169230769231
-0.19025723076923076
-0.20152246153846154
-0.16835261538461538
-0.10430769230769231
-0.03609046153846154
0.029414769230769227
0.10764553846153846
0.18858830769230767
0.2568055384615385
0.2862203076923077
0.26348123076923075
0.1990190769230769
0.11286092307692308
0.03275261538461539
-0.03400430769230769
-0.10076123076923077
-0.1693956923076923
-0.2127876923076923
-0.208824
-0.15374953846153847
-0.06738276923076922
0.017940923076923077
0.08177723076923075
0.12683815384615382
0.1656406153846154
0.19630707692307692
0.19588984615384614
0.1506203076923077
0.08198584615384615
0.007301538461538462
-0.042974769230769226
-0.056326153846153845
-0.07030338461538461
-0.07927384615384615
-0.07280676923076923
-0.03775938461538462
0.02545107692307692
0.0826116923076923
0.11557292307692307
0.11473846153846154
0.09387692307692307
0.06070707692307692
0.028788923076923077
-0.009596307692307692
-0.058829538461538454
-0.09825784615384614
-0.12099692307692309
-0.11223507692307692
-0.06738276923076922
-0.009387692307692307
0.03588184615384615
0.07072061538461538
0.09158215384615384
0.10827138461538462
0.11140061538461538
0.09596307692307693
0.06383630769230769
0.010848
-0.04214030769230769
-0.08448923076923077
-0.09179076923076923
-0.0828203076923077
-0.06717415384615384
-0.037967999999999995
0.0025033846153846152
0.056326153846153845
0.10243015384615384
0.13434830769230768
0.12975876923076923
0.0934596923076923
0.04693846153846153
-0.0006258461538461538
-0.05590892307692308
-0.12037107692307693
-0.1614683076923077
-0.17961784615384613
-0.16084246153846155
-0.10764553846153846
-0.046104
0.017523692307692306
0.06884307692307692
0.11140061538461538
0.13518276923076925
0.13184492307692308
0.09971815384615385
0.03442153846153846
-0.03650769230769231
-0.09429415384615383
-0.12850707692307692
-0.13226215384615383
-0.10806276923076923
-0.05444861538461539
0.023782153846153845
0.11703323076923078
0.21800307692307694
0.29644246153846154
0.3229366153846154
0.30708184615384615
0.249504
0.17419384615384614
0.10055261538461538
0.015228923076923076
-0.06383630769230769
-0.12162276923076921
-0.13768615384615385
-0.11098338461538461
-0.04819015384615385
0.040262769230769234
0.12120553846153845
0.18483323076923078
0.23928184615384615
0.2722430769230769
0.2632726153846154
0.21091015384615383
0.11807630769230769
0.014603076923076923
-0.08302892307692307
-0.16313723076923078
-0.21508246153846153
-0.2482523076923077
-0.238656
-0.19818461538461538
-0.13998092307692306
-0.05757784615384615
0.01272553846153846
0.06675692307692307
0.09658892307692307
0.09179076923076923
0.07009476923076922
0.01814953846153846
-0.04985907692307692
-0.11265230769230769
-0.15270646153846154
-0.14832553846153845
-0.11286092307692308
-0.05507446153846154
0.021070153846153846
0.09137353846153846
0.14686523076923075
0.1787833846153846
0.17544553846153846
0.13393107692307693
0.049233230769230765
-0.05674338461538461
-0.15228923076923076
-0.2194633846153846
-0.2618123076923077
-0.2724516923076923
-0.24491446153846153
-0.18191261538461537
-0.08198584615384615
0.03650769230769231
0.157296
0.25284184615384614
0.30374399999999996
0.3133403076923077
0.27140861538461536
0.1860849230769231
0.07405846153846153
-0.058829538461538454
-0.1913003076923077
-0.29456492307692306
-0.3548547692307692
-0.3623649230769231
-0.31396615384615384
-0.225096
-0.10076123076923077
0.04193169230769231
0.18232984615384615
0.29873723076923075
0.3682061538461538
0.38301784615384615
0.34296369230769225
0.26723630769230766
0.1656406153846154
0.042557538461538466
-0.08094276923076923
-0.19317784615384614
-0.27558092307692306
-0.30854215384615385
-0.2924787692307692
-0.2330233846153846
-0.1489513846153846
-0.04902461538461538
0.05716061538461538
0.14665661538461539
0.21508246153846153
0.24303692307692307
0.22447015384615385
0.17419384615384614
0.10117846153846152
0.02753723076923077
-0.045895384615384616
-0.11348676923076922
-0.15750461538461538
-0.18149538461538461
-0.17690584615384616
-0.1502030769230769
-0.11140061538461538
-0.06362769230769232
-0.023990769230769232
0.014603076923076923
0.04839876923076923
0.08010830769230769
0.116616
0.14457046153846154
0.168144
0.18086953846153844
0.18170399999999998
0.1691870769230769
0.13476553846153844
0.08240307692307691
0.013768615384615384
-0.05653476923076922
-0.12767261538461538
-0.19672430769230767
-0.2568055384615385
-0.2997803076923077
-0.30854215384615385
-0.279336
-0.2154996923076923
-0.12662953846153846
-0.018775384615384614
0.08720123076923077
0.18545907692307692
0.2705741538461538
0.3148006153846154
0.317304
0.2709913846153846
0.1869193846153846
0.07593599999999999
-0.046104
-0.14853415384615384
-0.22864246153846152
-0.27850153846153847
-0.2774584615384615
-0.23239753846153846
-0.1424843076923077
-0.020027076923076922
0.10827138461538462
0.23615261538461538
0.32877784615384614
0.3896935384615384
0.4115981538461538
0.3738387692307692
0.2979027692307692
0.1842073846153846
0.054657230769230764
-0.07572738461538461
-0.1942209230769231
-0.2828824615384615
-0.34046030769230773
-0.34275507692307694
-0.2914356923076923
-0.20298276923076922
-0.09241661538461539
0.01272553846153846
0.0988836923076923
0.16105107692307694
0.192552
0.19150892307692308
0.14936861538461538
0.07593599999999999
-0.0029206153846153843
-0.0771876923076923
-0.12391753846153845
-0.14978584615384616
-0.15354092307692307
-0.12725538461538463
-0.08615815384615384
-0.030040615384615384
0.01272553846153846
0.031918153846153846
0.025659692307692307
-0.0070929230769230765
-0.03838523076923077
-0.06258461538461538
-0.07259815384615384
-0.06487938461538462
-0.04693846153846153
-0.020652923076923076
0.017523692307692306
0.07259815384615384
0.12996738461538462
0.16772676923076923
0.17252492307692308
0.14018953846153845
0.07885661538461539
0.00855323076923077
-0.06571384615384615
-0.14477907692307693
-0.19651569230769228
-0.2154996923076923
-0.19359507692307693
-0.1462393846153846
-0.09450276923076922
-0.03984553846153846
-0.007510153846153846
0.02545107692307692
0.029206153846153847
0.03629907692307692
0.03212676923076923
0.04672984615384615
0.12621230769230768
0.28955815384615385
0.48023261538461537
0.5899643076923077
0.750180923076923
0.8363390769230769
0.899340923076923
0.8693003076923077
0.6437870769230769
0.3652855384615385
-0.06341907692307691
-0.42995630769230764
-0.7887747692307692
-1.126523076923077
-1.3121907692307693
-1.4304756923076922
-1.2788123076923077
-0.9496172307692308
-0.46145723076923073
0.15291507692307693
0.6823809230769231
1.1801372307692308
1.5034910769230767
1.6052953846153846
1.5082892307692308
1.117344
0.5899643076923077
-0.04547815384615384
-0.7286935384615385
-1.2195655384615385
-1.5656584615384614
-1.6843606153846153
-1.5614861538461537
-1.3019686153846153
-0.8298719999999999
-0.2699483076923077
0.3544375384615384
0.9631772307692307
1.3852061538461538
1.638673846153846
1.6801883076923076
1.534992
1.2295790769230768
0.7347433846153846
0.15291507692307693
-0.4539470769230769
-0.9848732307692307
-1.3280455384615384
-1.521432
-1.5364523076923076
-1.3872923076923076
-1.110876923076923
-0.6992787692307693
-0.24199384615384617
0.21800307692307694
0.6442043076923077
0.9590049230769231
1.1782596923076922
1.281732923076923
1.244808
1.078332923076923
0.7656184615384615
0.3648683076923077
-0.07802215384615384
-0.5159058461538462
-0.8849464615384616
-1.1626135384615384
-1.3103132307692307
-1.3165716923076922
-1.150931076923077
-0.7952418461538461
-0.327108923076923
0.21341353846153846
0.7476775384615384
1.1934886153846154
1.5391643076923078
1.7214941538461537
1.7252492307692306
1.5174683076923077
1.1035753846153846
0.5899643076923077
0.014185846153846153
-0.5517876923076923
-1.0480836923076924
-1.4425753846153846
-1.6578664615384613
-1.666836923076923
-1.4688609230769232
-1.079376
-0.546780923076923
0.06946892307692307
0.6809206153846155
1.1974523076923076
1.5656584615384614
1.7106461538461537
1.6205243076923075
1.3209526153846154
0.8188153846153846
0.23928184615384615
-0.35005661538461535
-0.8824430769230769
-1.2713021538461537
-1.516008
-1.5527243076923076
-1.3808252307692308
-1.039321846153846
-0.5682683076923077
-0.05924676923076923
0.4318338461538461
0.8465612307692307
1.1571895384615385
1.3361815384615383
1.3372246153846155
1.1686633846153847
0.8446836923076922
0.42661846153846156
-0.006467076923076923
-0.4163963076923077
-0.7466344615384616
-0.9815353846153846
-1.1062873846153847
-1.0754123076923077
-0.9049735384615384
-0.6412836923076922
-0.32001599999999997
0.015020307692307692
0.3339932307692307
0.6152067692307692
0.8186067692307691
0.923748923076923
0.9008012307692307
0.7645753846153847
0.5676424615384615
0.34066892307692304
0.11348676923076922
-0.10555938461538462
-0.3035353846153846
-0.4633347692307692
-0.580368
-0.6266806153846154
-0.5964313846153846
-0.5015113846153846
-0.35297723076923077
-0.18525046153846153
0.01668923076923077
0.235944
0.4524867692307692
0.647124923076923
0.7553963076923077
0.7896092307692307
0.7516412307692308
0.6421181538461538
0.47126215384615383
0.23782153846153845
-0.022530461538461537
-0.2716172307692308
-0.46667261538461535
-0.5816196923076923
-0.6204221538461538
-0.5914246153846153
-0.49921661538461537
-0.3521427692307692
-0.15646153846153846
0.06300184615384616
0.273912
0.44956615384615384
0.5599236923076922
0.6045673846153846
0.5720233846153846
0.4729310769230769
0.3252313846153846
0.13872923076923074
-0.05570030769230769
-0.23907323076923076
-0.3750904615384615
-0.44685415384615385
-0.4710535384615384
-0.45102646153846154
-0.3907366153846154
-0.29727692307692305
-0.1783661538461538
-0.06341907692307691
0.029414769230769227
0.08448923076923077
0.09679753846153846
0.09116492307692307
0.06905169230769231
0.023990769230769232
-0.03629907692307692
-0.0961716923076923
-0.13872923076923074
-0.15959076923076923
-0.165432
-0.16042523076923076
-0.15520984615384617
-0.15333230769230768
-0.14957723076923077
-0.14311015384615386
-0.13747753846153846
-0.13726892307692307
-0.13789476923076924
-0.12558646153846154
-0.08720123076923077
-0.015228923076923076
0.08448923076923077
0.18212123076923076
0.27140861538461536
0.33315876923076926
0.3611132307692308
0.3604873846153846
0.30416123076923074
0.20778092307692309
0.07510153846153846
-0.06988615384615385
-0.19693292307692306
-0.2997803076923077
-0.35047384615384614
-0.35256
-0.29832
-0.18316430769230768
-0.043392
0.10910584615384614
0.2453316923076923
0.3412947692307692
0.3903193846153846
0.3746732307692308
0.3049956923076923
0.1792006153846154
0.018983999999999997
-0.14457046153846154
-0.2914356923076923
-0.3880246153846154
-0.4351716923076923
-0.4303735384615384
-0.3665372307692307
-0.2526332307692308
-0.100344
0.06988615384615385
0.21737723076923077
0.32502276923076917
0.3855212307692308
0.38927630769230764
0.3538116923076923
0.2830910769230769
0.19380369230769232
0.09992676923076924
0.002712
-0.07072061538461538
-0.10743692307692307
-0.11348676923076922
-0.09158215384615384
-0.06341907692307691
-0.018358153846153843
0.04380923076923077
0.09846646153846153
0.14311015384615386
0.16021661538461537
0.16230276923076925
0.15354092307692307
0.13706030769230768
0.13080184615384613
0.11181784615384616
0.08073415384615384
0.049233230769230765
0.011473846153846154
-0.026285538461538457
-0.06717415384615384
-0.11432123076923076
-0.15479261538461536
-0.18212123076923076
-0.18858830769230767
-0.18149538461538461
-0.15228923076923076
-0.10263876923076923
-0.05674338461538461
-0.005632615384615384
0.0448523076923077
0.08219446153846154
0.0897046153846154
0.05736923076923077
0.008970461538461538
-0.04547815384615384
-0.10222153846153846
-0.15938215384615384
-0.20632061538461538
-0.2374043076923077
-0.24408
-0.214248
-0.15562707692307692
-0.07301538461538462
0.0002086153846153846
0.06195876923076923
0.12162276923076921
0.1704387692307692
0.20694646153846152
0.2056947692307692
0.15667015384615385
0.07802215384615384
-0.014185846153846153
-0.09992676923076924
-0.168144
-0.2275993846153846
-0.2737033846153846
-0.29581661538461534
-0.2699483076923077
-0.19860184615384616
-0.10263876923076923
0.005424
0.10681107692307691
0.1992276923076923
0.26765353846153844
0.2981113846153846
0.2782929230769231
0.20152246153846154
0.08219446153846154
-0.055491692307692304
-0.18212123076923076
-0.2868461538461538
-0.36403384615384615
-0.4111809230769231
-0.40387938461538464
-0.32627446153846157
-0.1913003076923077
-0.013768615384615384
0.16459753846153846
0.3206418461538461
0.4337113846153846
0.484404923076923
0.47272246153846154
0.38990215384615384
0.2482523076923077
0.06926030769230769
-0.12120553846153845
-0.2776670769230769
-0.3836436923076923
-0.42182030769230766
-0.3763421538461538
-0.2666104615384615
-0.08740984615384616
0.13706030769230768
0.3648683076923077
0.570563076923077
0.7030338461538461
0.7535187692307692
0.71868
0.6089483076923077
0.4493575384615385
0.2422024615384615
0.019192615384615384
-0.18858830769230767
-0.35151692307692306
-0.4424732307692308
-0.4551987692307692
-0.4080516923076923
-0.3022836923076923
-0.16063384615384615
0.007301538461538462
0.18149538461538461
0.3141747692307692
0.41034646153846155
0.44038707692307694
0.4239064615384615
0.37363015384615383
0.27704123076923076
0.15374953846153847
-0.0029206153846153843
-0.16271999999999998
-0.2951907692307692
-0.3817661538461538
-0.40679999999999994
-0.38426953846153844
-0.3275261538461538
-0.23677846153846152
-0.12558646153846154
0.005215384615384615
0.14477907692307693
0.2647329230769231
0.3590270769230769
0.41618769230769226
0.4395526153846154
0.4276615384615384
0.3665372307692307
0.2724516923076923
0.154584
0.02211323076923077
-0.09700615384615385
-0.19568123076923075
-0.26494153846153845
-0.2989458461538462
-0.31000246153846156
-0.2757895384615385
-0.19192615384615386
-0.07656184615384615
0.05611753846153846
0.17544553846153846
0.27558092307692306
0.35047384615384614
0.38948492307692306
0.38572984615384615
0.32648307692307693
0.22467876923076924
0.09512861538461538
-0.03692492307692308
-0.15896492307692306
-0.2578486153846154
-0.32001599999999997
-0.34358953846153845
-0.3068732307692308
-0.22342707692307692
-0.10263876923076923
0.027120000000000002
0.13330523076923076
0.21362215384615382
0.2588916923076923
0.2791273846153846
0.26932246153846157
0.2238443076923077
0.15500123076923078
0.06300184615384616
-0.02232184615384615
-0.08344615384615384
-0.12329169230769231
-0.13184492307692308
-0.12245723076923076
-0.09930092307692308
-0.065088
-0.031709538461538456
-0.0018775384615384615
0.011891076923076923
0.003129230769230769
-0.016480615384615385
-0.044435076923076924
-0.06821723076923077
-0.07969107692307692
-0.08511507692307693
-0.06884307692307692
-0.03609046153846154
0.007301538461538462
0.05924676923076923
0.09012184615384615
0.08866153846153846
0.05862092307692307
0.0077187692307692304
-0.050067692307692306
-0.12516923076923075
-0.20402584615384614
-0.2540935384615385
-0.2716172307692308
-0.23156307692307693
-0.16730953846153845
-0.08469784615384615
0.011265230769230769
0.06905169230769231
0.1358086153846154
0.18066092307692305
0.19964492307692308
0.19964492307692308
0.14749107692307692
0.09679753846153846
0.05382276923076923
0.052153846153846155
0.07781353846153846
0.09763200000000001
0.09325107692307691
0.02899753846153846
-0.016272
-0.06383630769230769
-0.04652123076923077
-0.04714707692307692
-0.13267938461538462
-0.13852061538461538
-0.15520984615384617
-0.07092923076923077
0.040054153846153843
0.09158215384615384
0.15896492307692306
0.1869193846153846
0.30332676923076923
0.3890676923076923
0.40992923076923077
0.3623649230769231
0.19380369230769232
0.08177723076923075
-0.03358707692307692
-0.11244369230769231
-0.1506203076923077
-0.23907323076923076
-0.23072861538461537
-0.18775384615384613
-0.09471138461538461
0.07218092307692307
0.17481969230769231
0.2914356923076923
0.35798399999999997
0.3383741538461538
0.3554806153846154
0.30708184615384615
0.2453316923076923
0.1779489230769231
0.035255999999999996
-0.07656184615384615
-0.1913003076923077
-0.2568055384615385
-0.2782929230769231
-0.32836061538461536
-0.32606584615384615
-0.2858030769230769
-0.18983999999999998
-0.04380923076923077
0.05570030769230769
0.14519630769230768
0.19547261538461536
0.2125790769230769
0.25117292307692307
0.2275993846153846
0.17169046153846151
0.10493353846153847
0.009387692307692307
-0.04547815384615384
-0.103056
-0.1869193846153846
-0.24512307692307692
-0.3141747692307692
-0.33482769230769227
-0.3114627692307692
-0.2837169230769231
-0.21445661538461538
-0.13622584615384614
-0.033169846153846154
0.07030338461538461
0.1612596923076923
0.22300984615384614
0.23177169230769232
0.20798953846153845
0.12266584615384615
0.014811692307692307
-0.09679753846153846
-0.2303113846153846
-0.3342018461538461
-0.4072172307692307
-0.4449766153846154
-0.4163963076923077
-0.3460929230769231
-0.22447015384615385
-0.08302892307692307
0.05716061538461538
0.2207150769230769
0.35193415384615384
0.4268270769230769
0.4309993846153846
0.36945784615384614
0.292896
0.18754523076923074
0.06633969230769231
-0.05757784615384615
-0.1777403076923077
-0.2399076923076923
-0.25138153846153843
-0.22342707692307692
-0.16271999999999998
-0.11411261538461538
-0.04860738461538461
0.03400430769230769
0.09387692307692307
0.14164984615384615
0.15354092307692307
0.13810338461538463
0.11098338461538461
0.053614153846153846
-0.003129230769230769
-0.056951999999999996
-0.10848000000000001
-0.14540492307692307
-0.1693956923076923
-0.17231630769230769
-0.17419384615384614
-0.15541846153846153
-0.12308307692307692
-0.10096984615384616
-0.07489292307692308
-0.07072061538461538
-0.06404492307692307
-0.04109723076923077
-0.02753723076923077
0.003129230769230769
0.03337846153846154
0.056951999999999996
0.09179076923076923
0.11244369230769231
0.11327815384615383
0.08845292307692308
0.04965046153846154
0.014811692307692307
-0.026494153846153844
-0.05945538461538461
-0.07218092307692307
-0.0717636923076923
-0.05069353846153846
-0.02273907692307692
0.010013538461538461
0.051528
0.08156861538461539
0.11891076923076922
0.13935507692307691
0.12308307692307692
0.08991323076923076
0.03713353846153846
0.008344615384615384
-0.012308307692307691
-0.040262769230769234
-0.05277969230769231
-0.04860738461538461
-0.0043809230769230765
0.06425353846153846
0.12913292307692306
0.184416
0.21111876923076925
0.21737723076923077
0.21466523076923077
0.1927606153846154
0.14999446153846155
0.07677046153846154
-0.0012516923076923076
-0.06592246153846154
-0.10555938461538462
-0.09387692307692307
-0.06258461538461538
-0.015437538461538461
0.04526953846153846
0.11035753846153845
0.19735015384615384
0.27975323076923075
0.3198073846153846
0.30207507692307695
0.21925476923076925
0.10660246153846153
0.0002086153846153846
-0.09137353846153846
-0.17899199999999998
-0.2680707692307692
-0.31041969230769234
-0.2858030769230769
-0.19526400000000002
-0.05757784615384615
0.07510153846153846
0.18066092307692305
0.25513661538461535
0.3016578461538461
0.32898646153846156
0.3035353846153846
0.22113230769230768
0.1045163076923077
-0.028163076923076923
-0.13852061538461538
-0.21967199999999998
-0.2620209230769231
-0.2624381538461539
-0.2275993846153846
-0.1597993846153846
-0.05778646153846154
0.05090215384615384
0.13309661538461537
0.1804523076923077
0.1867107692307692
0.16626646153846153
0.1218313846153846
0.05173661538461538
-0.03984553846153846
-0.13789476923076924
-0.22008923076923076
-0.26619323076923074
-0.25930892307692305
-0.2127876923076923
-0.15833907692307692
-0.10868861538461538
-0.058829538461538454
-0.005841230769230769
0.05444861538461539
0.10493353846153847
0.12162276923076921
0.10660246153846153
0.07197230769230768
0.0448523076923077
0.02482523076923077
0.0043809230769230765
-0.007510153846153846
-0.010848
0.003963692307692307
0.037967999999999995
0.0855323076923077
0.12996738461538462
0.15270646153846154
0.15771323076923077
0.15124615384615384
0.14123261538461537
0.12350030769230769
0.08469784615384615
0.03921969230769231
-0.011891076923076923
-0.05799507692307692
-0.08010830769230769
-0.09450276923076922
-0.09137353846153846
-0.06633969230769231
-0.03901107692307692
-0.004589538461538461
0.027328615384615382
0.04380923076923077
0.052153846153846155
0.05090215384615384
0.04839876923076923
0.04985907692307692
0.04526953846153846
0.02545107692307692
0.004589538461538461
-0.016272
-0.021070153846153846
-0.009179076923076922
-0.006467076923076923
0.0025033846153846152
0.006884307692307692
0.012099692307692308
0.03108369230769231
0.056951999999999996
0.08907876923076924
0.11494707692307692
0.13101046153846155
0.14394461538461537
0.14519630769230768
0.13247076923076923
0.10514215384615383
0.06195876923076923
0.014185846153846153
-0.02858030769230769
-0.05090215384615384
-0.05507446153846154
-0.04672984615384615
-0.025033846153846153
0.010848
0.05674338461538461
0.10263876923076923
0.13852061538461538
0.15500123076923078
0.14749107692307692
0.12120553846153845
0.08073415384615384
0.02273907692307692
-0.03713353846153846
-0.08636676923076922
-0.10994030769230768
-0.10263876923076923
-0.07092923076923077
-0.009804923076923077
0.05444861538461539
0.12329169230769231
0.18983999999999998
0.23636123076923077
0.27182584615384614
0.2799618461538461
0.2666104615384615
0.2275993846153846
0.16418030769230768
0.09491999999999999
0.027120000000000002
-0.03066646153846154
-0.06675692307692307
-0.07927384615384615
-0.06842584615384616
-0.03650769230769231
0.004798153846153846
0.045895384615384616
0.07677046153846154
0.10096984615384616
0.10868861538461538
0.10222153846153846
0.08845292307692308
0.04193169230769231
-0.019609846153846155
-0.07635323076923077
-0.1218313846153846
-0.1424843076923077
-0.15604430769230768
-0.15228923076923076
-0.12642092307692307
-0.09283384615384616
-0.04422646153846154
0.0016689230769230767
0.03650769230769231
0.05570030769230769
0.05382276923076923
0.04526953846153846
0.025033846153846153
-0.008761846153846153
-0.04380923076923077
-0.08010830769230769
-0.08887015384615385
-0.0771876923076923
-0.06487938461538462
-0.03650769230769231
-0.021278769230769233
-0.01668923076923077
-0.020652923076923076
-0.04693846153846153
-0.07468430769230769
-0.11160923076923077
-0.15166338461538462
-0.18983999999999998
-0.22154953846153846
-0.21842030769230766
-0.19213476923076922
-0.15270646153846154
-0.10326461538461539
-0.04944184615384615
0.012934153846153845
0.065088
0.09909230769230769
0.09930092307692308
0.07113784615384615
0.03838523076923077
-0.002712
-0.03609046153846154
-0.06028984615384615
-0.07802215384615384
-0.078648
-0.06028984615384615
-0.02044430769230769
0.03150092307692308
0.07468430769230769
0.10848000000000001
0.13726892307692307
0.15416676923076922
0.16167692307692308
0.1543753846153846
0.13372246153846154
0.10159569230769232
0.05799507692307692
0.017523692307692306
-0.016063384615384615
-0.042557538461538466
-0.06717415384615384
-0.0826116923076923
-0.08031692307692308
-0.07656184615384615
-0.07426707692307692
-0.07906523076923076
-0.08699261538461538
-0.09179076923076923
-0.09596307692307693
-0.08761846153846153
-0.07134646153846153
-0.05090215384615384
-0.02273907692307692
0.0043809230769230765
0.038176615384615385
0.07614461538461538
0.10910584615384614
0.13101046153846155
0.12996738461538462
0.11828492307692307
0.09804923076923076
0.07030338461538461
0.03421292307692308
-0.0070929230769230765
-0.034630153846153845
-0.045060923076923075
-0.029414769230769227
-0.001043076923076923
0.024199384615384616
0.06008123076923077
0.09554584615384615
0.12204
0.13059323076923077
0.10722830769230769
0.06425353846153846
0.009804923076923077
-0.042348923076923076
-0.0828203076923077
-0.11411261538461538
-0.138312
-0.15374953846153847
-0.14832553846153845
-0.12704676923076924
-0.08845292307692308
-0.03880246153846154
0.0033378461538461535
0.03108369230769231
0.055491692307692304
0.07948246153846153
0.10597661538461538
0.12287446153846153
0.11140061538461538
0.08094276923076923
0.03650769230769231
0.0025033846153846152
-0.016480615384615385
-0.042348923076923076
-0.07489292307692308
-0.10472492307692308
-0.11452984615384615
-0.09658892307692307
-0.058412307692307694
-0.012934153846153845
0.025659692307692307
0.05716061538461538
0.0798996923076923
0.0961716923076923
0.09512861538461538
0.07238953846153846
0.03275261538461539
-0.01814953846153846
-0.06821723076923077
-0.11306953846153844
-0.14916
-0.19797599999999999
-0.21612553846153845
-0.17815753846153848
-0.10618523076923077
0.011265230769230769
0.11452984615384615
0.19651569230769228
0.2795446153846154
0.32731753846153844
0.3615304615384615
0.32961230769230765
0.2436627692307692
0.12204
0.008344615384615384
-0.05277969230769231
-0.16584923076923075
-0.20402584615384614
-0.22655630769230767
-0.21862892307692305
-0.10576799999999999
-0.007510153846153846
0.13998092307692306
0.22593046153846155
0.29039261538461536
0.3375396923076923
0.2883064615384615
0.22968553846153844
0.09784061538461537
-0.043392
-0.18316430769230768
-0.3279433846153846
-0.37884553846153846
-0.39511753846153846
-0.34275507692307694
-0.23615261538461538
-0.14018953846153845
-0.021070153846153846
0.06404492307692307
0.13852061538461538
0.19526400000000002
0.15646153846153846
0.11286092307692308
0.07843938461538462
0.07030338461538461
0.119328
0.13476553846153844
0.143736
0.1353913846153846
0.1136953846153846
0.1151556923076923
0.08991323076923076
0.04714707692307692
-0.018983999999999997
-0.07969107692307692
-0.09533723076923077
-0.0974233846153846
-0.07802215384615384
-0.05736923076923077
-0.03692492307692308
0.026494153846153844
0.09241661538461539
0.17419384615384614
0.25117292307692307
0.273912
0.2782929230769231
0.23656984615384613
0.14978584615384616
0.046104
-0.09596307692307693
-0.2482523076923077
-0.37592492307692305
-0.45457292307692304
-0.4472713846153846
-0.3682061538461538
-0.23448369230769228
-0.07948246153846153
0.0744756923076923
0.2154996923076923
0.31626092307692305
0.3752990769230769
0.35694092307692304
0.2601433846153846
0.14999446153846155
0.03483876923076923
-0.06654830769230768
-0.14874276923076923
-0.2288510769230769
-0.2526332307692308
-0.2330233846153846
-0.15938215384615384
-0.028788923076923077
0.0963803076923077
0.21675138461538462
0.31667815384615383
0.3915710769230769
0.4322510769230769
0.4282873846153846
0.3826006153846154
0.28934953846153844
0.17273353846153844
0.05194523076923077
-0.05590892307692308
-0.12537784615384615
-0.16480615384615382
-0.17565415384615385
-0.1356
-0.07531015384615385
0.007301538461538462
0.09450276923076922
0.1353913846153846
0.15604430769230768
0.16209415384615386
0.16230276923076925
0.16856123076923077
0.15896492307692306
0.13601723076923075
0.10576799999999999
0.07259815384615384
0.044435076923076924
0.013768615384615384
-0.026702769230769228
-0.08720123076923077
-0.14874276923076923
-0.18796246153846152
-0.21132738461538458
-0.20652923076923077
-0.19609846153846153
-0.18149538461538461
-0.12975876923076923
-0.06884307692307692
0.0043809230769230765
0.07656184615384615
0.11223507692307692
0.14081538461538462
0.15604430769230768
0.15813046153846153
0.15124615384615384
0.10263876923076923
0.040054153846153843
-0.040054153846153843
-0.1287156923076923
-0.200688
-0.2586830769230769
-0.268488
-0.254928
-0.21049292307692305
-0.12245723076923076
-0.012516923076923077
0.116616
0.2127876923076923
0.2726603076923077
0.3072904615384615
0.29414769230769233
0.2563883076923077
0.19964492307692308
0.10868861538461538
0.003755076923076923
-0.09596307692307693
-0.16251138461538459
-0.17148184615384612
-0.15792184615384616
-0.13518276923076925
-0.08699261538461538
-0.017523692307692306
0.0609156923076923
0.11473846153846154
0.13664307692307692
0.12955015384615384
0.0974233846153846
0.05236246153846154
-0.008344615384615384
-0.06884307692307692
-0.12725538461538463
-0.18107815384615383
-0.19630707692307692
-0.18191261538461537
-0.13184492307692308
-0.05194523076923077
0.02044430769230769
0.09450276923076922
0.14394461538461537
0.1639716923076923
0.16000799999999998
0.12329169230769231
0.06425353846153846
-0.02044430769230769
-0.09387692307692307
-0.13768615384615385
-0.15291507692307693
-0.13914646153846155
-0.10639384615384614
-0.0446436923076923
0.04631261538461538
0.1422756923076923
0.2292683076923077
0.27871015384615383
0.2724516923076923
0.23072861538461537
0.15813046153846153
0.0717636923076923
-0.02044430769230769
-0.12496061538461539
-0.21508246153846153
-0.2641070769230769
-0.2626467692307692
-0.21070153846153844
-0.13726892307692307
-0.061124307692307686
0.012099692307692308
0.06362769230769232
0.09158215384615384
0.09012184615384615
0.052153846153846155
-0.01272553846153846
-0.0853236923076923
-0.14269292307692305
-0.17398523076923075
-0.1783661538461538
-0.1639716923076923
-0.13601723076923075
-0.08469784615384615
-0.023364923076923075
0.03212676923076923
0.0744756923076923
0.08031692307692308
0.06133292307692308
0.021904615384615383
-0.03671630769230769
-0.0892873846153846
-0.1353913846153846
-0.15896492307692306
-0.1368516923076923
-0.0717636923076923
0.026285538461538457
0.13643446153846153
0.2290596923076923
0.2914356923076923
0.31041969230769234
0.2870547692307692
0.22780799999999998
0.13330523076923076
0.015228923076923076
-0.11098338461538461
-0.21320492307692307
-0.273912
-0.2803790769230769
-0.22989415384615383
-0.13643446153846153
-0.0035464615384615383
0.15145476923076923
0.2989458461538462
0.4134756923076923
0.466464
0.458328
0.3917796923076923
0.273912
0.12788123076923075
-0.03588184615384615
-0.19004861538461537
-0.3077076923076923
-0.37592492307692305
-0.3861470769230769
-0.34233784615384616
-0.2507556923076923
-0.12808984615384614
0.005215384615384615
0.130176
0.2207150769230769
0.273912
0.28246523076923075
0.24887815384615386
0.17523692307692307
0.07781353846153846
-0.018983999999999997
-0.11953661538461538
-0.20423446153846153
-0.25951753846153847
-0.26640184615384616
-0.22113230769230768
-0.14331876923076922
-0.04735569230769231
0.044435076923076924
0.11411261538461538
0.16292861538461537
0.1883796923076923
0.18525046153846153
0.16188553846153847
0.11870215384615385
0.07656184615384615
0.04672984615384615
0.025033846153846153
0.009179076923076922
-0.009179076923076922
-0.024408000000000003
-0.02795446153846154
-0.023990769230769232
-0.02023569230769231
-0.02315630769230769
-0.035464615384615386
-0.05236246153846154
-0.06195876923076923
-0.05716061538461538
-0.051528
-0.044435076923076924
-0.03942830769230769
-0.03942830769230769
-0.020652923076923076
0.008344615384615384
0.037342153846153844
0.05778646153846154
0.05590892307692308
0.053405538461538456
0.046104
0.025033846153846153
-0.003963692307692307
-0.04318338461538461
-0.07259815384615384
-0.07843938461538462
-0.054240000000000003
-0.007927384615384614
0.04088861538461538
0.09012184615384615
0.13393107692307693
0.17315076923076922
0.20819815384615384
0.2194633846153846
0.20298276923076922
0.16438892307692307
0.1136953846153846
0.06571384615384615
0.024408000000000003
-0.009387692307692307
-0.033169846153846154
-0.04318338461538461
-0.03296123076923077
-0.005841230769230769
0.027120000000000002
0.04860738461538461
0.051319384615384614
0.042557538461538466
0.02023569230769231
-0.0033378461538461535
-0.02753723076923077
-0.05716061538461538
-0.0853236923076923
-0.10994030769230768
-0.11327815384615383
-0.09012184615384615
-0.054240000000000003
-0.012516923076923077
0.026285538461538457
0.06258461538461538
0.0988836923076923
0.111192
0.0963803076923077
0.05298830769230769
-0.02232184615384615
-0.09053907692307692
-0.14665661538461539
-0.18399876923076922
-0.18545907692307692
-0.16501476923076921
-0.11035753846153845
-0.024408000000000003
0.086784
0.19380369230769232
0.26368984615384616
0.30207507692307695
0.29185292307692307
0.24554030769230767
0.16584923076923075
0.05382276923076923
-0.06842584615384616
-0.19526400000000002
-0.29352184615384613
-0.3379569230769231
-0.3323243076923077
-0.2791273846153846
-0.18983999999999998
-0.08073415384615384
0.04547815384615384
0.16647507692307692
0.26619323076923074
0.3187643076923077
0.30270092307692303
0.2415766153846154
0.14686523076923075
0.04526953846153846
-0.056951999999999996
-0.1597993846153846
-0.24053353846153847
-0.2855944615384615
-0.2722430769230769
-0.208824
-0.11974523076923077
-0.010639384615384617
0.09596307692307693
0.1992276923076923
0.29498215384615384
0.34275507692307694
0.3402516923076923
0.2799618461538461
0.17648861538461538
0.07510153846153846
-0.021278769230769233
-0.0961716923076923
-0.14311015384615386
-0.16710092307692306
-0.16000799999999998
-0.12642092307692307
-0.06216738461538462
0.016480615384615385
0.086784
0.14206707692307693
0.17815753846153848
0.2090326153846154
0.22572184615384616
0.22467876923076924
0.21174461538461536
0.18274707692307693
0.15124615384615384
0.12391753846153845
0.10096984615384616
0.07280676923076923
0.030040615384615384
-0.01272553846153846
-0.037967999999999995
-0.04693846153846153
-0.03671630769230769
-0.03045784615384615
-0.03108369230769231
-0.020027076923076922
-0.006258461538461538
0.011473846153846154
0.02858030769230769
0.033169846153846154
0.02586830769230769
0.021696
0.017732307692307693
0.011056615384615385
-0.0018775384615384615
-0.032544
-0.07218092307692307
-0.11348676923076922
-0.14477907692307693
-0.1635544615384615
-0.1787833846153846
-0.18191261538461537
-0.17419384615384614
-0.13768615384615385
-0.06759138461538462
0.023782153846153845
0.11035753846153845
0.16480615384615382
0.18274707692307693
0.1543753846153846
0.10848000000000001
0.03859384615384615
-0.03483876923076923
-0.11953661538461538
-0.17982646153846152
-0.20027076923076922
-0.16689230769230767
-0.08323753846153846
0.03567323076923076
0.25346769230769234
0.2979027692307692
0.31208861538461535
0.3421292307692308
0.25555384615384613
0.23385784615384617
0.03984553846153846
-0.1792006153846154
-0.38927630769230764
-0.584123076923077
-0.5561686153846154
-0.5403138461538461
-0.450192
-0.34963938461538463
-0.2209236923076923
0.06967753846153846
0.2858030769230769
0.5108990769230769
0.5880867692307692
0.4816929230769231
0.4015846153846154
0.20861538461538462
0.05382276923076923
-0.116616
-0.35318584615384613
-0.4255753846153846
-0.5175747692307692
-0.4950443076923077
-0.306456
-0.15917353846153848
0.08302892307692307
0.25805723076923076
0.3752990769230769
0.497964923076923
0.5033889230769231
0.5259193846153846
0.4814843076923077
0.3314898461538462
0.1760713846153846
0.005215384615384615
-0.07969107692307692
-0.13080184615384613
-0.1940123076923077
-0.20277415384615383
-0.21696000000000001
-0.14728246153846153
-0.019609846153846155
0.061124307692307686
0.1543753846153846
0.18483323076923078
0.1942209230769231
0.22718215384615387
0.18066092307692305
0.146448
0.09804923076923076
0.01668923076923077
0.011473846153846154
-0.0014603076923076922
-0.009596307692307692
-0.021278769230769233
-0.07301538461538462
-0.11327815384615383
-0.17732307692307692
-0.22175815384615383
-0.2426196923076923
-0.23052
-0.17982646153846152
-0.16876984615384616
-0.11056615384615384
-0.017940923076923077
0.06300184615384616
0.16647507692307692
0.19630707692307692
0.18796246153846152
0.14999446153846155
0.06529661538461538
0.0070929230769230765
-0.09700615384615385
-0.21091015384615383
-0.2795446153846154
-0.33065538461538463
-0.32001599999999997
-0.27704123076923076
-0.20360861538461536
-0.07343261538461537
0.07009476923076922
0.21487384615384614
0.330864
0.4178566153846154
0.49003753846153847
0.47230523076923075
0.38426953846153844
0.2426196923076923
0.05528307692307692
-0.08490646153846154
-0.21716861538461538
-0.3160523076923077
-0.33357600000000004
-0.3137575384615385
-0.20402584615384614
-0.05027630769230769
0.100344
0.26494153846153845
0.3784283076923077
0.43642338461538455
0.427452923076923
0.3410861538461538
0.18942276923076923
-0.02211323076923077
-0.21132738461538458
-0.36340799999999995
-0.47063630769230763
-0.5075612307692308
-0.5048492307692307
-0.4216116923076923
-0.2830910769230769
-0.12287446153846153
0.07343261538461537
0.21341353846153846
0.29644246153846154
0.3573581538461538
0.3548547692307692
0.31000246153846156
0.2127876923076923
0.08115138461538463
-0.02023569230769231
-0.10555938461538462
-0.15646153846153846
-0.1693956923076923
-0.16438892307692307
-0.12370892307692308
-0.06821723076923077
0.014394461538461538
0.11599015384615384
0.19380369230769232
0.25012984615384615
0.2503384615384615
0.2221753846153846
0.1910916923076923
0.13768615384615385
0.10889723076923077
0.059038153846153844
-0.013560000000000001
-0.06279323076923077
-0.10597661538461538
-0.09533723076923077
-0.07155507692307693
-0.086784
-0.10576799999999999
-0.124752
-0.11202646153846153
-0.07656184615384615
-0.05528307692307692
-0.04714707692307692
-0.056951999999999996
-0.04756430769230769
-0.010639384615384617
0.025033846153846153
0.061124307692307686
0.06550523076923077
0.051528
0.040679999999999994
0.015854769230769228
-0.0002086153846153846
-0.034630153846153845
-0.06967753846153846
-0.08845292307692308
-0.10868861538461538
-0.08177723076923075
-0.02586830769230769
0.03421292307692308
0.086784
0.1178676923076923
0.15875630769230767
0.20360861538461536
0.23364923076923078
0.23010276923076922
0.16981292307692308
0.0798996923076923
-0.008344615384615384
-0.06738276923076922
-0.09596307692307693
-0.14081538461538462
-0.17961784615384613
-0.19004861538461537
-0.16730953846153845
-0.10409907692307692
-0.045895384615384616
0.010222153846153844
0.06821723076923077
0.11181784615384616
0.15833907692307692
0.18107815384615383
0.16689230769230767
0.13497415384615385
0.086784
0.043600615384615383
0.010013538461538461
-0.019609846153846155
-0.03984553846153846
-0.06300184615384616
-0.06863446153846153
-0.05799507692307692
-0.04193169230769231
-0.018358153846153843
-0.007510153846153846
-0.0006258461538461538
-0.011473846153846154
-0.03504738461538461
-0.047772923076923074
-0.059038153846153844
-0.058412307692307694
-0.05590892307692308
-0.05069353846153846
-0.021696
0.023364923076923075
0.07572738461538461
0.11724184615384614
0.12642092307692307
0.11327815384615383
0.09325107692307691
0.06675692307692307
0.029832
-0.009804923076923077
-0.0446436923076923
-0.06842584615384616
-0.07134646153846153
-0.047772923076923074
0.002712
0.07197230769230768
0.15625292307692307
0.22530461538461538
0.2789187692307692
0.31125415384615385
0.30436984615384616
0.28267384615384616
0.23385784615384617
0.15792184615384616
0.06195876923076923
-0.04860738461538461
-0.1356
-0.1927606153846154
-0.21862892307692305
-0.20381723076923075
-0.16689230769230767
-0.10472492307692308
-0.02482523076923077
0.05173661538461538
0.119328
0.15562707692307692
0.16084246153846155
0.1368516923076923
0.08386338461538462
0.012099692307692308
-0.07531015384615385
-0.1635544615384615
-0.24282830769230768
-0.3047870769230769
-0.3294036923076923
-0.30937661538461536
-0.24762646153846155
-0.15145476923076923
-0.04693846153846153
0.06049846153846154
0.1570873846153846
0.23093723076923076
0.2837169230769231
0.2855944615384615
0.24449723076923074
0.16793538461538463
0.06362769230769232
-0.04088861538461538
-0.1506203076923077
-0.23823876923076923
-0.29039261538461536
-0.30666461538461537
-0.26097784615384617
-0.1846246153846154
-0.08198584615384615
0.027120000000000002
0.1151556923076923
0.20339999999999997
0.2517987692307692
0.2453316923076923
0.19735015384615384
0.10368184615384615
-0.006675692307692307
-0.11974523076923077
-0.21716861538461538
-0.2751636923076923
-0.29685969230769227
-0.2632726153846154
-0.18170399999999998
-0.07697907692307693
0.042974769230769226
0.1462393846153846
0.22634769230769228
0.2791273846153846
0.29727692307692305
0.2943563076923077
0.24658338461538462
0.16710092307692306
0.08490646153846154
-0.007510153846153846
-0.062376
-0.084072
-0.09033046153846153
-0.059872615384615385
-0.011265230769230769
0.061750153846153844
0.13393107692307693
0.1860849230769231
0.21800307692307694
0.21132738461538458
0.18066092307692305
0.1314276923076923
0.0717636923076923
0.012308307692307691
-0.047772923076923074
-0.09053907692307692
-0.11306953846153844
-0.10743692307692307
-0.07134646153846153
-0.03984553846153846
-0.015854769230769228
-0.0070929230769230765
-0.017315076923076923
-0.02586830769230769
-0.03838523076923077
-0.05236246153846154
-0.06049846153846154
-0.065088
-0.05319692307692307
-0.01856676923076923
0.029623384615384614
0.08240307692307691
0.13518276923076925
0.17586276923076924
0.200688
0.21153599999999997
0.1923433846153846
0.13768615384615385
0.05027630769230769
-0.04714707692307692
-0.12496061538461539
-0.18107815384615383
-0.21132738461538458
-0.20944984615384615
-0.17961784615384613
-0.11578153846153846
-0.021696
0.08094276923076923
0.16772676923076923
0.2221753846153846
0.2424110769230769
0.22488738461538463
0.17502830769230768
0.09679753846153846
0.0022947692307692304
-0.09408553846153846
-0.18379015384615385
-0.2426196923076923
-0.26723630769230766
-0.26723630769230766
-0.23510953846153848
-0.1718990769230769
-0.0934596923076923
0.006467076923076923
0.11807630769230769
0.21132738461538458
0.2730775384615384
0.2858030769230769
0.2540935384615385
0.19463815384615382
0.10722830769230769
0.009387692307692307
-0.08782707692307692
-0.17544553846153846
-0.22196676923076922
-0.22447015384615385
-0.1883796923076923
-0.12433476923076923
-0.04714707692307692
0.03859384615384615
0.11995384615384615
0.19359507692307693
0.2411593846153846
0.2480436923076923
0.222384
0.17669723076923077
0.12621230769230768
0.07218092307692307
0.023364923076923075
-0.014603076923076923
-0.044435076923076924
-0.0609156923076923
-0.06487938461538462
-0.05924676923076923
-0.054240000000000003
-0.06049846153846154
-0.065088
-0.05298830769230769
-0.029623384615384614
0.0006258461538461538
0.027328615384615382
0.04631261538461538
0.06717415384615384
0.09241661538461539
0.11599015384615384
0.11974523076923077
0.09095630769230768
0.03775938461538462
-0.014185846153846153
-0.05277969230769231
-0.08761846153846153
-0.1178676923076923
-0.15082892307692305
-0.17732307692307692
-0.18066092307692305
-0.16251138461538459
-0.12662953846153846
-0.0934596923076923
-0.06133292307692308
-0.02586830769230769
0.014603076923076923
0.058829538461538454
0.086784
0.09512861538461538
0.07510153846153846
0.042974769230769226
0.009179076923076922
-0.023990769230769232
-0.043600615384615383
-0.058412307692307694
-0.061750153846153844
-0.03984553846153846
0.0070929230769230765
0.07677046153846154
0.14394461538461537
0.18504184615384617
0.2008966153846154
0.18983999999999998
0.16209415384615386
0.10848000000000001
0.03358707692307692
-0.04693846153846153
-0.12704676923076924
-0.16793538461538463
-0.1706473846153846
-0.15959076923076923
-0.11870215384615385
-0.08636676923076922
-0.054657230769230764
0.008344615384615384
0.06425353846153846
0.14269292307692305
0.1614683076923077
0.21737723076923077
0.29101846153846156
0.19442953846153843
0.1422756923076923
0.041514461538461535
-0.07051199999999999
-0.13455692307692307
-0.28934953846153844
-0.38301784615384615
-0.4987993846153846
-0.4985907692307692
-0.3646596923076923
-0.23656984615384613
-0.042974769230769226
0.09095630769230768
0.28788923076923073
0.5042233846153846
0.6202135384615385
0.703451076923077
0.5947624615384616
0.4124326153846154
0.23615261538461538
0.006884307692307692
-0.15333230769230768
-0.3235624615384615
-0.4456024615384615
-0.4405956923076923
-0.43809230769230767
-0.30290953846153845
-0.09387692307692307
0.08949599999999999
0.3187643076923077
0.4493575384615385
0.511524923076923
0.5069353846153847
0.42369784615384615
0.3669544615384615
0.24428861538461538
0.07072061538461538
-0.09387692307692307
-0.2225926153846154
-0.2557624615384615
-0.28204799999999997
-0.29873723076923075
-0.2912270769230769
-0.28413415384615387
-0.2075723076923077
-0.12370892307692308
-0.06070707692307692
0.017732307692307693
0.050067692307692306
0.08991323076923076
0.14519630769230768
0.16000799999999998
0.19046584615384615
0.1696043076923077
0.12996738461538462
0.11140061538461538
0.04672984615384615
-0.017940923076923077
-0.10347323076923076
-0.19150892307692308
-0.2670276923076923
-0.3473446153846154
-0.38280923076923074
-0.371544
-0.29727692307692305
-0.19025723076923076
-0.07843938461538462
0.09325107692307691
0.26765353846153844
0.4072172307692307
0.5167403076923076
0.5221643076923077
0.4512350769230769
0.3068732307692308
0.11035753846153845
-0.06383630769230769
-0.26535876923076923
-0.4351716923076923
-0.5330123076923077
-0.5759870769230769
-0.5242504615384616
-0.42035999999999996
-0.2422024615384615
-0.007927384615384614
0.19672430769230767
0.3490135384615385
0.427452923076923
0.458328
0.4418473846153846
0.33357600000000004
0.18879692307692306
0.02044430769230769
-0.15500123076923078
-0.2618123076923077
-0.34171199999999996
-0.3550633846153846
-0.309168
-0.2509643076923077
-0.12704676923076924
-0.008970461538461538
0.0934596923076923
0.17628
0.20652923076923077
0.21716861538461538
0.19380369230769232
0.15103753846153847
0.08949599999999999
0.027328615384615382
0.010639384615384617
0.014603076923076923
0.037967999999999995
0.07134646153846153
0.08845292307692308
0.11891076923076922
0.14102399999999998
0.14811692307692306
0.14665661538461539
0.09554584615384615
0.042348923076923076
0.016480615384615385
-0.006049846153846154
-0.009804923076923077
-0.017940923076923077
-0.006258461538461538
0.045895384615384616
0.09033046153846153
0.13601723076923075
0.15228923076923076
0.13998092307692306
0.11870215384615385
0.07551876923076924
0.04526953846153846
-0.0002086153846153846
-0.054240000000000003
-0.08991323076923076
-0.12245723076923076
-0.11745046153846153
-0.08991323076923076
-0.04839876923076923
0.02795446153846154
0.0826116923076923
0.12558646153846154
0.16793538461538463
0.19317784615384614
0.23135446153846154
0.22530461538461538
0.17815753846153848
0.12496061538461539
0.06821723076923077
0.04422646153846154
0.023990769230769232
0.008761846153846153
0.001043076923076923
-0.009804923076923077
0.01940123076923077
0.05653476923076922
0.0798996923076923
0.08469784615384615
0.045895384615384616
0.017940923076923077
-0.008136
-0.03692492307692308
-0.0446436923076923
-0.06300184615384616
-0.065088
-0.059664
-0.04735569230769231
-0.006884307692307692
0.018358153846153843
0.03421292307692308
0.026285538461538457
0.010222153846153844
0.012308307692307691
-0.004798153846153846
-0.028788923076923077
-0.06738276923076922
-0.11703323076923078
-0.14311015384615386
-0.14832553846153845
-0.124752
-0.08448923076923077
-0.05736923076923077
-0.015646153846153844
0.03609046153846154
0.08991323076923076
0.13768615384615385
0.14477907692307693
0.14394461538461537
0.12808984615384614
0.10368184615384615
0.0798996923076923
0.032544
-0.015020307692307692
-0.05173661538461538
-0.06821723076923077
-0.06446215384615385
-0.05444861538461539
-0.043600615384615383
-0.037342153846153844
-0.04172307692307692
-0.04526953846153846
-0.044435076923076924
-0.04652123076923077
-0.06592246153846154
-0.10681107692307691
-0.1397723076923077
-0.16292861538461537
-0.16772676923076923
-0.15416676923076922
-0.13768615384615385
-0.10430769230769231
-0.06216738461538462
-0.02086153846153846
0.015646153846153844
0.04276615384615385
0.061124307692307686
0.048816000000000005
0.017523692307692306
-0.017315076923076923
-0.06279323076923077
-0.10743692307692307
-0.14540492307692307
-0.15833907692307692
-0.13789476923076924
-0.10347323076923076
-0.0448523076923077
0.03400430769230769
0.11265230769230769
0.1942209230769231
0.26097784615384617
0.3039526153846154
0.31500923076923076
0.2883064615384615
0.24032492307692307
0.17315076923076922
0.10180430769230768
0.028788923076923077
-0.04568676923076923
-0.10243015384615384
-0.1218313846153846
-0.08845292307692308
-0.029623384615384614
0.038176615384615385
0.10764553846153846
0.16105107692307694
0.20360861538461536
0.2261390769230769
0.2236356923076923
0.19693292307692306
0.14436184615384615
0.07781353846153846
0.015437538461538461
-0.04172307692307692
-0.09304246153846155
-0.13184492307692308
-0.1585476923076923
-0.16251138461538459
-0.13852061538461538
-0.09596307692307693
-0.058412307692307694
-0.026076923076923077
0.0029206153846153843
0.02899753846153846
0.06216738461538462
0.078648
0.08156861538461539
0.07009476923076922
0.04047138461538462
0.02545107692307692
0.012308307692307691
-0.0014603076923076922
-0.021696
-0.05924676923076923
-0.08574092307692306
-0.10347323076923076
-0.11452984615384615
-0.1218313846153846
-0.13101046153846155
-0.11745046153846153
-0.08177723076923075
-0.022530461538461537
0.06154153846153846
0.13434830769230768
0.19568123076923075
0.225096
0.2225926153846154
0.21487384615384614
0.16605784615384614
0.08448923076923077
-0.014603076923076923
-0.11411261538461538
-0.18545907692307692
-0.23615261538461538
-0.25513661538461535
-0.24679199999999998
-0.21591692307692306
-0.15228923076923076
-0.06800861538461538
0.020652923076923076
0.08761846153846153
0.10931446153846153
0.10180430769230768
0.07677046153846154
0.04088861538461538
0.0006258461538461538
-0.058412307692307694
-0.12266584615384615
-0.17481969230769231
-0.19714153846153845
-0.1860849230769231
-0.168144
-0.1353913846153846
-0.09450276923076922
-0.052571076923076915
0.001043076923076923
0.06341907692307691
0.11828492307692307
0.14060676923076923
0.13643446153846153
0.119328
0.1045163076923077
0.08845292307692308
0.05611753846153846
0.012934153846153845
-0.030875076923076922
-0.05653476923076922
-0.04672984615384615
-0.018775384615384614
0.015020307692307692
0.04652123076923077
0.06195876923076923
0.07802215384615384
0.09429415384615383
0.0961716923076923
0.07572738461538461
0.04819015384615385
0.021070153846153846
0.002712
0.0029206153846153843
-0.0018775384615384615
-0.006675692307692307
-0.016063384615384615
-0.03045784615384615
-0.03650769230769231
-0.044435076923076924
-0.05820369230769231
-0.08740984615384616
-0.11640738461538462
-0.1178676923076923
-0.09304246153846155
-0.05277969230769231
-0.008344615384615384
0.037967999999999995
0.0892873846153846
0.1368516923076923
0.1779489230769231
0.20131384615384615
0.18775384615384613
0.15208061538461537
0.10555938461538462
0.06613107692307692
0.03984553846153846
0.018358153846153843
0.006258461538461538
0.0004172307692307692
0.014394461538461538
0.04944184615384615
0.09325107692307691
0.13622584615384614
0.1652233846153846
0.1783661538461538
0.18358153846153846
0.18086953846153844
0.16251138461538459
0.10868861538461538
0.034630153846153845
-0.03421292307692308
-0.09450276923076922
-0.11974523076923077
-0.12600369230769232
-0.11765907692307691
-0.08740984615384616
-0.04965046153846154
0.01981846153846154
0.09992676923076924
0.16584923076923075
0.20778092307692309
0.21132738461538458
0.19463815384615382
0.15395815384615386
0.0934596923076923
0.020652923076923076
-0.05528307692307692
-0.11974523076923077
-0.15896492307692306
-0.165432
-0.1422756923076923
-0.09992676923076924
-0.05486584615384615
-0.0014603076923076922
0.05444861538461539
0.11807630769230769
0.15667015384615385
0.1489513846153846
0.11494707692307692
0.056326153846153845
-0.0016689230769230767
-0.05319692307692307
-0.09596307692307693
-0.12016246153846154
-0.12558646153846154
-0.10868861538461538
-0.06571384615384615
-0.015646153846153844
0.021696
0.03984553846153846
0.04902461538461538
0.05611753846153846
0.03775938461538462
0.011265230769230769
-0.017940923076923077
-0.04860738461538461
-0.06070707692307692
-0.06195876923076923
-0.03713353846153846
-0.0022947692307692304
0.026285538461538457
0.05862092307692307
0.08344615384615384
0.10910584615384614
0.12704676923076924
0.11828492307692307
0.09408553846153846
0.04693846153846153
-0.014394461538461538
-0.061124307692307686
-0.09596307692307693
-0.12683815384615382
-0.14686523076923075
-0.13080184615384613
-0.07739630769230768
-0.004172307692307692
0.054657230769230764
0.07238953846153846
0.040262769230769234
-0.02273907692307692
-0.1316363076923077
-0.21967199999999998
-0.22530461538461538
-0.21299630769230768
-0.09074769230769231
0.08448923076923077
0.29080984615384614
0.5348898461538462
0.7299452307692307
0.8751415384615384
0.9089372307692307
0.8156861538461538
0.602064
0.33295015384615384
0.017315076923076923
-0.28476
-0.544068923076923
-0.7499723076923077
-0.8269513846153846
-0.778344
-0.5943452307692307
-0.34066892307692304
-0.05653476923076922
0.19150892307692308
0.3784283076923077
0.48336184615384614
0.45603323076923075
0.3682061538461538
0.15228923076923076
-0.12767261538461538
-0.35339446153846155
-0.5453206153846154
-0.6054018461538461
-0.5599236923076922
-0.44351630769230765
-0.24345415384615382
-0.07739630769230768
0.06321046153846153
0.18504184615384617
0.21195323076923075
0.2008966153846154
0.14415323076923076
0.06863446153846153
0.02795446153846154
0.005632615384615384
0.037967999999999995
0.07092923076923077
0.07802215384615384
0.06571384615384615
0.021696
0.006467076923076923
-0.0006258461538461538
-0.014185846153846153
-0.002086153846153846
-0.030040615384615384
-0.05736923076923077
-0.07426707692307692
-0.12496061538461539
-0.14436184615384615
-0.16480615384615382
-0.16209415384615386
-0.09992676923076924
-0.014185846153846153
0.11536430769230768
0.23844738461538462
0.2860116923076923
0.2647329230769231
0.17690584615384616
0.030875076923076922
-0.14957723076923077
-0.32001599999999997
-0.4337113846153846
-0.48565661538461535
-0.4378836923076923
-0.29685969230769227
-0.09325107692307691
0.1358086153846154
0.32085046153846153
0.4652123076923077
0.5390621538461537
0.5257107692307692
0.4681329230769231
0.3421292307692308
0.17899199999999998
0.022530461538461537
-0.13267938461538462
-0.2292683076923077
-0.27140861538461536
-0.2659846153846154
-0.20652923076923077
-0.119328
0.013560000000000001
0.15625292307692307
0.2828824615384615
0.38280923076923074
0.41681353846153846
0.3942830769230769
0.30332676923076923
0.16167692307692308
0.022530461538461537
-0.13121907692307694
-0.24762646153846155
-0.30061476923076924
-0.3127144615384615
-0.2411593846153846
-0.1316363076923077
-0.009596307692307692
0.12558646153846154
0.21466523076923077
0.25972615384615383
0.25367630769230765
0.18504184615384617
0.10117846153846152
0.006049846153846154
-0.078648
-0.13935507692307691
-0.1829556923076923
-0.20110523076923076
-0.206112
-0.1693956923076923
-0.11578153846153846
-0.06633969230769231
-0.007510153846153846
0.03337846153846154
0.06487938461538462
0.0744756923076923
0.054240000000000003
0.03024923076923077
-0.018358153846153843
-0.07697907692307693
-0.12433476923076923
-0.168144
-0.1856676923076923
-0.1860849230769231
-0.18066092307692305
-0.15145476923076923
-0.10138707692307691
-0.040262769230769234
0.018983999999999997
0.07051199999999999
0.10555938461538462
0.10764553846153846
0.1097316923076923
0.10743692307692307
0.08761846153846153
0.055491692307692304
0.0050067692307692304
-0.030040615384615384
-0.04672984615384615
-0.050067692307692306
-0.02899753846153846
-0.006675692307692307
0.009387692307692307
0.03629907692307692
0.06633969230769231
0.10368184615384615
0.13372246153846154
0.14749107692307692
0.15833907692307692
0.16626646153846153
0.18629353846153843
0.1913003076923077
0.1652233846153846
0.1097316923076923
0.021278769230769233
-0.07197230769230768
-0.16271999999999998
-0.2438713846153846
-0.2995716923076923
-0.3379569230769231
-0.34776184615384614
-0.30416123076923074
-0.21153599999999997
-0.0826116923076923
0.04547815384615384
0.15875630769230767
0.26640184615384616
0.3485963076923077
0.3994984615384615
0.40617415384615385
0.3659113846153846
0.2899753846153846
0.19526400000000002
0.10055261538461538
0.016480615384615385
-0.0446436923076923
-0.08031692307692308
-0.084072
-0.0448523076923077
0.03942830769230769
0.14957723076923077
0.26222953846153846
0.3467187692307692
0.3949089230769231
0.4086775384615385
0.37738523076923075
0.31667815384615383
0.2194633846153846
0.10117846153846152
-0.010639384615384617
-0.11286092307692308
-0.18379015384615385
-0.22447015384615385
-0.24720923076923076
-0.23928184615384615
-0.19755876923076923
-0.11974523076923077
-0.03212676923076923
0.04193169230769231
0.0988836923076923
0.12704676923076924
0.13080184615384613
0.10764553846153846
0.058412307692307694
-0.015228923076923076
-0.10201292307692307
-0.17961784615384613
-0.23615261538461538
-0.2682793846153846
-0.2697396923076923
-0.2497126153846154
-0.2125790769230769
-0.1476996923076923
-0.07593599999999999
-0.01272553846153846
0.038176615384615385
0.07468430769230769
0.09074769230769231
0.09971815384615385
0.10076123076923077
0.08615815384615384
0.05528307692307692
0.008344615384615384
-0.040262769230769234
-0.09325107692307691
-0.14415323076923076
-0.19150892307692308
-0.21862892307692305
-0.21800307692307694
-0.1940123076923077
-0.14164984615384615
-0.07468430769230769
0.0025033846153846152
0.07238953846153846
0.13914646153846155
0.19881046153846152
0.2426196923076923
0.26535876923076923
0.2507556923076923
0.20131384615384615
0.12642092307692307
0.0446436923076923
-0.03755076923076923
-0.10576799999999999
-0.15813046153846153
-0.1923433846153846
-0.18754523076923074
-0.13622584615384614
-0.05486584615384615
0.04193169230769231
0.13393107692307693
0.21195323076923075
0.2695310769230769
0.2920615384615385
0.279336
0.21716861538461538
0.11974523076923077
0.01043076923076923
-0.09283384615384616
-0.17544553846153846
-0.2436627692307692
-0.2862203076923077
-0.29685969230769227
-0.26535876923076923
-0.1802436923076923
-0.06696553846153847
0.05674338461538461
0.1712732307692308
0.2586830769230769
0.31834707692307695
0.3346190769230769
0.31000246153846156
0.2482523076923077
0.15270646153846154
0.05277969230769231
-0.030875076923076922
-0.0853236923076923
-0.10055261538461538
-0.0936683076923077
-0.07155507692307693
-0.034630153846153845
0.011682461538461537
0.07051199999999999
0.11327815384615383
0.12662953846153846
0.11953661538461538
0.09784061538461537
0.07802215384615384
0.053614153846153846
0.025033846153846153
-0.015020307692307692
-0.06383630769230769
-0.09825784615384614
-0.12621230769230768
-0.1558356923076923
-0.1779489230769231
-0.20131384615384615
-0.2157083076923077
-0.2073636923076923
-0.1873366153846154
-0.15187199999999998
-0.1151556923076923
-0.07343261538461537
-0.022947692307692308
0.021904615384615383
0.06863446153846153
0.09450276923076922
0.09012184615384615
0.06487938461538462
0.03609046153846154
0.018983999999999997
0.005424
-0.002086153846153846
-0.013351384615384614
-0.013142769230769229
0.0018775384615384615
0.024199384615384616
0.06258461538461538
0.10076123076923077
0.1341396923076923
0.16835261538461538
0.19985353846153847
0.214248
0.21070153846153844
0.1802436923076923
0.12412615384615384
0.06529661538461538
0.006049846153846154
-0.04714707692307692
-0.09262523076923077
-0.13226215384615383
-0.15541846153846153
-0.14561353846153846
-0.10222153846153846
-0.03859384615384615
0.03045784615384615
0.0934596923076923
0.1489513846153846
0.1927606153846154
0.22029784615384615
0.21132738461538458
0.16271999999999998
0.09679753846153846
0.021070153846153846
-0.04652123076923077
-0.11056615384615384
-0.1637630769230769
-0.19192615384615386
-0.208824
-0.20131384615384615
-0.1802436923076923
-0.15416676923076922
-0.12788123076923075
-0.10910584615384614
-0.078648
-0.041514461538461535
0.004589538461538461
0.04672984615384615
0.07343261538461537
0.08636676923076922
0.08010830769230769
0.06425353846153846
0.03650769230769231
-0.0070929230769230765
-0.06362769230769232
-0.12642092307692307
-0.17565415384615385
-0.20360861538461536
-0.22008923076923076
-0.21967199999999998
-0.2056947692307692
-0.17628
-0.12558646153846154
-0.05736923076923077
0.016063384615384615
0.07802215384615384
0.11473846153846154
0.13643446153846153
0.15374953846153847
0.1489513846153846
0.12329169230769231
0.08031692307692308
0.02899753846153846
-0.017732307692307693
-0.058829538461538454
-0.08761846153846153
-0.11703323076923078
-0.13643446153846153
-0.13267938461538462
-0.10681107692307691
-0.05862092307692307
-0.004798153846153846
0.05111076923076923
0.0961716923076923
0.12725538461538463
0.14936861538461538
0.15833907692307692
0.14540492307692307
0.1136953846153846
0.06592246153846154
0.016897846153846156
-0.01814953846153846
-0.050067692307692306
-0.07572738461538461
-0.11014892307692307
-0.13747753846153846
-0.13935507692307691
-0.12621230769230768
-0.086784
-0.03379569230769231
0.026494153846153844
0.09825784615384614
0.1691870769230769
0.2357353846153846
0.2914356923076923
0.3225193846153846
0.30854215384615385
0.25951753846153847
0.19860184615384616
0.12391753846153845
0.041514461538461535
-0.046104
-0.11536430769230768
-0.16188553846153847
-0.1881710769230769
-0.17648861538461538
-0.14123261538461537
-0.08240307692307691
-0.012516923076923077
0.07030338461538461
0.17169046153846151
0.2507556923076923
0.29227015384615385
0.2803790769230769
0.21883753846153844
0.13935507692307691
0.03337846153846154
-0.08699261538461538
-0.19797599999999999
-0.306456
-0.38030584615384616
-0.40325353846153844
-0.3913624615384615
-0.32502276923076917
-0.23344061538461539
-0.14123261538461537
-0.013142769230769229
0.12308307692307692
0.2643156923076923
0.3886504615384615
0.47084492307692305
0.5282141538461538
0.5273796923076923
0.4887858461538461
0.38656430769230765
0.23260615384615385
0.05069353846153846
-0.14081538461538462
-0.27453784615384613
-0.36382523076923073
-0.41556184615384617
-0.3972036923076923
-0.31897292307692304
-0.19296923076923078
-0.010848
0.15270646153846154
0.3016578461538461
0.41535323076923075
0.4746
0.4873255384615384
0.387816
0.254928
0.07948246153846153
-0.11536430769230768
-0.2695310769230769
-0.412224
-0.46959323076923076
-0.4785636923076923
-0.4318338461538461
-0.3022836923076923
-0.15562707692307692
0.02482523076923077
0.20256553846153844
0.3402516923076923
0.4416387692307692
0.45686769230769225
0.4211944615384615
0.37008369230769234
0.2720344615384615
0.17502830769230768
0.04756430769230769
-0.084072
-0.16835261538461538
-0.24053353846153847
-0.26765353846153844
-0.28434276923076923
-0.2906012307692308
-0.2478350769230769
-0.16418030769230768
-0.031709538461538456
0.10848000000000001
0.2221753846153846
0.3143833846153846
0.3671630769230769
0.39532615384615377
0.37592492307692305
0.29873723076923075
0.20277415384615383
0.07781353846153846
-0.03629907692307692
-0.13768615384615385
-0.23928184615384615
-0.2993630769230769
-0.34358953846153845
-0.3567323076923076
-0.3102110769230769
-0.22530461538461538
-0.09012184615384615
0.05590892307692308
0.1858763076923077
0.30061476923076924
0.3721698461538462
0.4076344615384615
0.3924055384615385
0.317304
0.18879692307692306
0.02315630769230769
-0.12537784615384615
-0.2497126153846154
-0.34046030769230773
-0.3809316923076923
-0.3757163076923077
-0.3047870769230769
-0.18879692307692306
-0.05862092307692307
0.08469784615384615
0.20778092307692309
0.2966510769230769
0.3707095384615384
0.3913624615384615
0.3684147692307692
0.3039526153846154
0.1908830769230769
0.07030338461538461
-0.04944184615384615
-0.13518276923076925
-0.18712800000000002
-0.20861538461538462
-0.19547261538461536
-0.1639716923076923
-0.09930092307692308
-0.010639384615384617
0.08177723076923075
0.17544553846153846
0.23886461538461537
0.26786215384615386
0.273912
0.24554030769230767
0.19526400000000002
0.12099692307692309
0.029623384615384614
-0.04672984615384615
-0.11724184615384614
-0.17481969230769231
-0.21696000000000001
-0.2492953846153846
-0.25513661538461535
-0.24032492307692307
-0.19359507692307693
-0.13121907692307694
-0.07259815384615384
-0.018358153846153843
0.015854769230769228
0.044435076923076924
0.06070707692307692
0.056326153846153845
0.040262769230769234
0.0016689230769230767
-0.027745846153846152
-0.04526953846153846
-0.07092923076923077
-0.08907876923076924
-0.11265230769230769
-0.11724184615384614
-0.08699261538461538
-0.04714707692307692
-0.006049846153846154
0.03921969230769231
0.08991323076923076
0.14018953846153845
0.18796246153846152
0.23239753846153846
0.26368984615384616
0.26681907692307694
0.23761292307692305
0.17628
0.09825784615384614
0.013560000000000001
-0.06884307692307692
-0.12975876923076923
-0.1718990769230769
-0.1858763076923077
-0.16230276923076925
-0.119328
-0.05862092307692307
-0.0006258461538461538
0.04756430769230769
0.09909230769230769
0.12767261538461538
0.12913292307692306
0.10222153846153846
0.044435076923076924
-0.025033846153846153
-0.09554584615384615
-0.1543753846153846
-0.1992276923076923
-0.23448369230769228
-0.2426196923076923
-0.21737723076923077
-0.16418030769230768
-0.09471138461538461
-0.03880246153846154
0.006467076923076923
0.042348923076923076
0.06905169230769231
0.09179076923076923
0.0826116923076923
0.05277969230769231
0.011682461538461537
-0.042348923076923076
-0.07593599999999999
-0.09450276923076922
-0.09992676923076924
-0.09325107692307691
-0.08824430769230769
-0.06258461538461538
-0.024199384615384616
0.024408000000000003
0.07572738461538461
0.11724184615384614
0.146448
0.15270646153846154
0.15103753846153847
0.13059323076923077
0.09095630769230768
0.042557538461538466
-0.004589538461538461
-0.03045784615384615
-0.04088861538461538
-0.03880246153846154
-0.02858030769230769
-0.018775384615384614
-0.009596307692307692
0.008136
0.027745846153846152
0.040262769230769234
0.04214030769230769
0.03379569230769231
0.02858030769230769
0.018983999999999997
0.008136
-0.011473846153846154
-0.047772923076923074
-0.0828203076923077
-0.10952307692307692
-0.1289243076923077
-0.1506203076923077
-0.17273353846153844
-0.1927606153846154
-0.20110523076923076
-0.1867107692307692
-0.1558356923076923
-0.11974523076923077
-0.07593599999999999
-0.026702769230769228
0.01981846153846154
0.06675692307692307
0.10222153846153846
0.12496061538461539
0.12433476923076923
0.10326461538461539
0.07697907692307693
0.044435076923076924
0.017315076923076923
-0.010848
-0.028163076923076923
-0.02232184615384615
0.0018775384615384615
0.04839876923076923
0.0853236923076923
0.10660246153846153
0.12412615384615384
0.13393107692307693
0.1476996923076923
0.16042523076923076
0.16480615384615382
0.1504116923076923
0.11306953846153844
0.07697907692307693
0.047981538461538464
0.0070929230769230765
-0.03921969230769231
-0.09074769230769231
-0.13601723076923075
-0.15124615384615384
-0.14749107692307692
-0.1218313846153846
-0.0855323076923077
-0.04985907692307692
-0.014185846153846153
0.02044430769230769
0.04756430769230769
0.050067692307692306
0.031709538461538456
-0.0012516923076923076
-0.04109723076923077
-0.06759138461538462
-0.08031692307692308
-0.08782707692307692
-0.08031692307692308
-0.06717415384615384
-0.04652123076923077
-0.011265230769230769
0.02315630769230769
0.046104
0.056951999999999996
0.065088
0.07760492307692309
0.08907876923076924
0.09971815384615385
0.10868861538461538
0.1136953846153846
0.12204
0.1397723076923077
0.15500123076923078
0.15228923076923076
0.12662953846153846
0.08135999999999999
0.04672984615384615
0.017315076923076923
-0.012099692307692308
-0.03880246153846154
-0.07697907692307693
-0.10222153846153846
-0.1151556923076923
-0.10806276923076923
-0.08323753846153846
-0.05820369230769231
-0.01668923076923077
0.03421292307692308
0.09846646153846153
0.1585476923076923
0.19317784615384614
0.20506892307692307
0.1783661538461538
0.12850707692307692
0.06446215384615385
-0.016063384615384615
-0.09095630769230768
-0.16292861538461537
-0.22113230769230768
-0.238656
-0.22175815384615383
-0.1710646153846154
-0.0961716923076923
-0.011265230769230769
0.08219446153846154
0.16230276923076925
0.22447015384615385
0.2588916923076923
0.24887815384615386
0.20381723076923075
0.138312
0.06884307692307692
-0.0006258461538461538
-0.06717415384615384
-0.12683815384615382
-0.16334584615384617
-0.16418030769230768
-0.12099692307692309
-0.03671630769230769
0.05674338461538461
0.14540492307692307
0.22843384615384613
0.2979027692307692
0.34296369230769225
0.35464615384615383
0.31918153846153846
0.24741784615384615
0.1558356923076923
0.054657230769230764
-0.037967999999999995
-0.11682461538461539
-0.18232984615384615
-0.2157083076923077
-0.20944984615384615
-0.17252492307692308
-0.10576799999999999
-0.035464615384615386
0.026494153846153844
0.07656184615384615
0.10493353846153847
0.11849353846153846
0.09867507692307692
0.03713353846153846
-0.042348923076923076
-0.12579507692307693
-0.19463815384615382
-0.23844738461538462
-0.2526332307692308
-0.2292683076923077
-0.1779489230769231
-0.10952307692307692
-0.033169846153846154
0.046104
0.10514215384615383
0.13101046153846155
0.13893784615384613
0.13059323076923077
0.11494707692307692
0.0936683076923077
0.06550523076923077
0.03233538461538461
0.003963692307692307
-0.008761846153846153
-0.005632615384615384
0.01272553846153846
0.03358707692307692
0.05528307692307692
0.07969107692307692
0.10931446153846153
0.14018953846153845
0.15646153846153846
0.15270646153846154
0.13080184615384613
0.10514215384615383
0.07572738461538461
0.03066646153846154
-0.018983999999999997
-0.06446215384615385
-0.09241661538461539
-0.09471138461538461
-0.0853236923076923
-0.05444861538461539
-0.02482523076923077
-0.0008344615384615384
0.035255999999999996
0.0678
0.103056
0.11995384615384615
0.11202646153846153
0.09846646153846153
0.07489292307692308
0.05611753846153846
0.04756430769230769
0.040054153846153843
0.03859384615384615
0.03859384615384615
0.04109723076923077
0.053405538461538456
0.05778646153846154
0.04902461538461538
0.028163076923076923
-0.0016689230769230767
-0.020027076923076922
-0.03379569230769231
-0.040679999999999994
-0.04714707692307692
-0.055491692307692304
-0.04714707692307692
-0.03629907692307692
-0.014394461538461538
0.005632615384615384
0.0012516923076923076
-0.0077187692307692304
-0.017732307692307693
-0.014394461538461538
-0.006258461538461538
-0.009179076923076922
-0.019192615384615384
-0.035464615384615386
-0.041514461538461535
-0.03880246153846154
-0.04109723076923077
-0.05590892307692308
-0.08156861538461539
-0.0988836923076923
-0.10117846153846152
-0.09241661538461539
-0.07030338461538461
-0.054657230769230764
-0.03567323076923076
-0.005841230769230769
0.02044430769230769
0.050067692307692306
0.06946892307692307
0.08240307692307691
0.07927384615384615
0.06926030769230769
0.029414769230769227
-0.03066646153846154
-0.09909230769230769
-0.18900553846153845
-0.2618123076923077
-0.3344104615384615
-0.3565236923076923
-0.3312812307692308
-0.2273907692307692
-0.061124307692307686
0.19797599999999999
0.46250030769230766
0.6431612307692307
0.8774363076923076
0.9798664615384615
1.0366098461538462
0.976945846153846
0.7382898461538461
0.44268184615384615
0.00855323076923077
-0.35047384615384614
-0.7086664615384615
-1.0174172307692306
-1.2012073846153846
-1.2927895384615384
-1.1252713846153846
-0.8177723076923077
-0.3437981538461538
0.21466523076923077
0.6953150769230769
1.1467587692307692
1.4290153846153846
1.530611076923077
1.4421581538461539
1.0893895384615384
0.6200049230769231
0.042557538461538466
-0.570563076923077
-1.025136
-1.3714375384615385
-1.5201803076923075
-1.4782486153846153
-1.3098960000000002
-0.9412726153846153
-0.4917064615384615
0.03901107692307692
0.56952
0.9610910769230769
1.2302049230769232
1.323456
1.2700504615384614
1.063104
0.680712
0.22697353846153845
-0.2695310769230769
-0.7117956923076924
-1.009907076923077
-1.2012073846153846
-1.2368806153846152
-1.136328
-0.919368
-0.5778646153846153
-0.20778092307692309
0.17294215384615383
0.5290486153846153
0.7967021538461538
1.0069864615384616
1.1148406153846153
1.0964824615384614
0.9548326153846154
0.6740363076923077
0.3143833846153846
-0.09658892307692307
-0.5021372307692308
-0.854905846153846
-1.1242283076923076
-1.2635833846153846
-1.2957101538461537
-1.170958153846154
-0.8814
-0.5048492307692307
-0.04214030769230769
0.4170221538461538
0.8163119999999999
1.1367452307692307
1.296336
1.3121907692307693
1.149888
0.8127655384615385
0.3949089230769231
-0.07531015384615385
-0.5263366153846154
-0.9070596923076922
-1.1845181538461538
-1.2913292307692308
-1.2235292307692307
-0.9796578461538461
-0.5907987692307692
-0.11724184615384614
0.4072172307692307
0.891204923076923
1.264417846153846
1.4928516923076922
1.505785846153846
1.3305489230769232
0.988211076923077
0.5173661538461538
0.026494153846153844
-0.4616658461538461
-0.8709692307692307
-1.1561464615384616
-1.3011341538461538
-1.2598283076923076
-1.0624781538461538
-0.7314055384615383
-0.32377107692307694
0.08991323076923076
0.4647950769230769
0.7491378461538462
0.9314676923076922
0.9909230769230769
0.9083113846153846
0.7017821538461538
0.3913624615384615
0.04109723076923077
-0.2851772307692308
-0.5707716923076922
-0.7693735384615384
-0.8791052307692307
-0.900384
-0.8002486153846153
-0.6164584615384615
-0.37425600000000003
-0.11181784615384616
0.13121907692307694
0.3617390769230769
0.5469895384615384
0.6732018461538462
0.7291107692307691
0.6867618461538461
0.5797421538461539
0.42599261538461536
0.24470584615384613
0.07030338461538461
-0.10994030769230768
-0.2697396923076923
-0.40700861538461536
-0.513611076923077
-0.5536652307692308
-0.5486584615384615
-0.47230523076923075
-0.35193415384615384
-0.21716861538461538
-0.03150092307692308
0.1656406153846154
0.3767593846153846
0.5611753846153846
0.6629796923076924
0.7019907692307692
0.6573470769230768
0.5438603076923076
0.3817661538461538
0.17294215384615383
-0.05924676923076923
-0.2870547692307692
-0.4729310769230769
-0.5774473846153846
-0.6016467692307692
-0.5524135384615385
-0.4391353846153846
-0.2837169230769231
-0.07885661538461539
0.12683815384615382
0.295608
0.41368430769230763
0.45749353846153845
0.4485230769230769
0.38656430769230765
0.287472
0.17085599999999998
0.029414769230769227
-0.11494707692307692
-0.22634769230769228
-0.28476
-0.2849686153846154
-0.24491446153846153
-0.1860849230769231
-0.11265230769230769
-0.044435076923076924
0.024408000000000003
0.08448923076923077
0.124752
0.14561353846153846
0.1314276923076923
0.11536430769230768
0.10347323076923076
0.08574092307692306
0.06863446153846153
0.05111076923076923
0.049233230769230765
0.056951999999999996
0.06759138461538462
0.07364123076923076
0.05194523076923077
0.016272
-0.02795446153846154
-0.06842584615384616
-0.09971815384615385
-0.12642092307692307
-0.12934153846153845
-0.11640738461538462
-0.07238953846153846
0.009804923076923077
0.10660246153846153
0.20381723076923075
0.2789187692307692
0.32001599999999997
0.3235624615384615
0.2699483076923077
0.1597993846153846
0.010639384615384617
-0.15082892307692305
-0.2981113846153846
-0.4128498461538462
-0.46542092307692307
-0.45561599999999997
-0.38593846153846156
-0.25534523076923077
-0.08115138461538463
0.1070196923076923
0.2899753846153846
0.4405956923076923
0.5259193846153846
0.5465723076923077
0.5002596923076923
0.3978295384615384
0.25054707692307693
0.0717636923076923
-0.10868861538461538
-0.26452430769230767
-0.36799753846153843
-0.41305846153846154
-0.41013784615384613
-0.35798399999999997
-0.2618123076923077
-0.12120553846153845
0.04380923076923077
0.20027076923076922
0.3252313846153846
0.39511753846153846
0.4245323076923077
0.4109723076923077
0.36027876923076924
0.2737033846153846
0.14707384615384617
0.014185846153846153
-0.10117846153846152
-0.18712800000000002
-0.24011630769230768
-0.25951753846153847
-0.2503384615384615
-0.20840676923076923
-0.14018953846153845
-0.05194523076923077
0.04672984615384615
0.13226215384615383
0.20527753846153846
0.25430215384615384
0.2830910769230769
0.2989458461538462
0.2883064615384615
0.2561796923076923
0.19693292307692306
0.11432123076923076
0.024199384615384616
-0.06675692307692307
-0.15541846153846153
-0.24032492307692307
-0.301032
-0.31834707692307695
-0.2891409230769231
-0.21299630769230768
-0.10806276923076923
0.0033378461538461535
0.11640738461538462
0.21299630769230768
0.29227015384615385
0.33566215384615383
0.31855569230769226
0.2453316923076923
0.1289243076923077
0.0070929230769230765
-0.10806276923076923
-0.20944984615384615
-0.28768061538461537
-0.33899999999999997
-0.35005661538461535
-0.3127144615384615
-0.23052
-0.12642092307692307
-0.01981846153846154
0.09012184615384615
0.19442953846153843
0.265776
0.3004061538461538
0.28934953846153844
0.2357353846153846
0.15333230769230768
0.04944184615384615
-0.04401784615384615
-0.12808984615384614
-0.20110523076923076
-0.24679199999999998
-0.2628553846153846
-0.233232
-0.16710092307692306
-0.0828203076923077
0.013351384615384614
0.09825784615384614
0.15917353846153848
0.19651569230769228
0.1977673846153846
0.15771323076923077
0.08115138461538463
-0.010848
-0.09387692307692307
-0.16501476923076921
-0.2125790769230769
-0.23469230769230767
-0.22676492307692306
-0.1829556923076923
-0.11724184615384614
-0.02899753846153846
0.05277969230769231
0.11286092307692308
0.1558356923076923
0.17148184615384612
0.16856123076923077
0.15833907692307692
0.14102399999999998
0.11160923076923077
0.06863446153846153
0.032544
0.01272553846153846
-0.013560000000000001
-0.030040615384615384
-0.03379569230769231
-0.018358153846153843
0.008761846153846153
0.03692492307692308
0.08615815384615384
0.12266584615384615
0.15187199999999998
0.1787833846153846
0.19192615384615386
0.20486030769230767
0.19442953846153843
0.16772676923076923
0.1314276923076923
0.07426707692307692
0.02482523076923077
-0.03588184615384615
-0.09471138461538461
-0.13372246153846154
-0.1718990769230769
-0.1802436923076923
-0.16459753846153846
-0.12642092307692307
-0.06633969230769231
-0.0035464615384615383
0.07531015384615385
0.15667015384615385
0.2261390769230769
0.2647329230769231
0.2557624615384615
0.21675138461538462
0.14811692307692306
0.050067692307692306
-0.05611753846153846
-0.16063384615384615
-0.24616615384615384
-0.3022836923076923
-0.3323243076923077
-0.3072904615384615
-0.249504
-0.1779489230769231
-0.08490646153846154
0.007510153846153846
0.10535076923076922
0.1777403076923077
0.2059033846153846
0.20277415384615383
0.16042523076923076
0.09596307692307693
0.02482523076923077
-0.045060923076923075
-0.10368184615384615
-0.15103753846153847
-0.17315076923076922
-0.16418030769230768
-0.12558646153846154
-0.06258461538461538
-0.004172307692307692
0.05507446153846154
0.11807630769230769
0.16710092307692306
0.20465169230769228
0.21821169230769227
0.20652923076923077
0.16876984615384616
0.11682461538461539
0.07072061538461538
0.025659692307692307
-0.017523692307692306
-0.06654830769230768
-0.11870215384615385
-0.15500123076923078
-0.1777403076923077
-0.1858763076923077
-0.1881710769230769
-0.19380369230769232
-0.18900553846153845
-0.17461107692307692
-0.13789476923076924
-0.08240307692307691
-0.03400430769230769
0.013560000000000001
0.059038153846153844
0.10430769230769231
0.1462393846153846
0.1652233846153846
0.15500123076923078
0.1218313846153846
0.08490646153846154
0.047772923076923074
0.006675692307692307
-0.03880246153846154
-0.08782707692307692
-0.13476553846153844
-0.16438892307692307
-0.1635544615384615
-0.1356
-0.09325107692307691
-0.054657230769230764
-0.0070929230769230765
0.0446436923076923
0.09763200000000001
0.14790830769230767
0.16835261538461538
0.16772676923076923
0.13059323076923077
0.078648
0.030040615384615384
-0.032544
-0.09721476923076922
-0.16021661538461537
-0.21654276923076923
-0.25367630769230765
-0.2724516923076923
-0.27432923076923077
-0.2586830769230769
-0.25284184615384614
-0.22426153846153846
-0.1656406153846154
-0.09241661538461539
-0.0002086153846153846
0.061750153846153844
0.12496061538461539
0.18629353846153843
0.2357353846153846
0.28663753846153844
0.2818393846153846
0.30249230769230767
0.2757895384615385
0.14936861538461538
0.07238953846153846
-0.06738276923076922
-0.15124615384615384
-0.18107815384615383
-0.2897667692307692
-0.287472
-0.28476
-0.15291507692307693
0.07426707692307692
0.21216184615384615
0.3978295384615384
0.46375199999999994
0.5563772307692307
0.6454559999999999
0.5899643076923077
0.5023458461538461
0.23656984615384613
-0.008761846153846153
-0.18545907692307692
-0.35193415384615384
-0.38531261538461536
-0.45040061538461534
-0.42015138461538465
-0.26348123076923075
-0.12683815384615382
0.12579507692307693
0.31250584615384613
0.43663199999999996
0.5730664615384615
0.5555427692307692
0.5190350769230769
0.40596553846153843
0.2369870769230769
0.12537784615384615
-0.04756430769230769
-0.19192615384615386
-0.29832
-0.36570276923076916
-0.32001599999999997
-0.27182584615384614
-0.20131384615384615
-0.10889723076923077
-0.023782153846153845
0.12850707692307692
0.2290596923076923
0.2832996923076923
0.31188
0.2651501538461538
0.24637476923076923
0.18712800000000002
0.08782707692307692
0.008136
-0.11599015384615384
-0.1883796923076923
-0.21696000000000001
-0.26452430769230767
-0.26348123076923075
-0.2591003076923077
-0.22447015384615385
-0.15103753846153847
-0.09512861538461538
-0.015854769230769228
0.05194523076923077
0.13121907692307694
0.19693292307692306
0.20506892307692307
0.21758584615384616
0.18399876923076922
0.1424843076923077
0.08845292307692308
-0.029206153846153847
-0.12704676923076924
-0.23490092307692306
-0.2979027692307692
-0.3039526153846154
-0.31918153846153846
-0.265776
-0.18879692307692306
-0.09283384615384616
0.028788923076923077
0.11202646153846153
0.19192615384615386
0.25305046153846156
0.2647329230769231
0.22488738461538463
0.1341396923076923
0.04172307692307692
-0.042348923076923076
-0.12204
-0.1846246153846154
-0.24658338461538462
-0.24178523076923078
-0.17252492307692308
-0.09158215384615384
0.027120000000000002
0.12308307692307692
0.20986707692307693
0.29748553846153847
0.32543999999999995
0.3294036923076923
0.28100492307692304
0.18545907692307692
0.0880356923076923
-0.024408000000000003
-0.111192
-0.17544553846153846
-0.20819815384615384
-0.18900553846153845
-0.13893784615384613
-0.06133292307692308
0.004589538461538461
0.059664
0.10910584615384614
0.1341396923076923
0.14457046153846154
0.11452984615384615
0.04130584615384615
-0.028788923076923077
-0.08615815384615384
-0.12016246153846154
-0.12788123076923075
-0.13518276923076925
-0.10910584615384614
-0.05716061538461538
-0.006884307692307692
0.05507446153846154
0.07802215384615384
0.06988615384615385
0.05590892307692308
0.03629907692307692
0.027745846153846152
0.0043809230769230765
-0.008344615384615384
-0.0004172307692307692
0.01272553846153846
0.051319384615384614
0.10117846153846152
0.15959076923076923
0.21237046153846154
0.21341353846153846
0.1913003076923077
0.157296
0.12016246153846154
0.10576799999999999
0.06133292307692308
0.012516923076923077
-0.017315076923076923
-0.03483876923076923
-0.006675692307692307
0.025659692307692307
0.04756430769230769
0.05778646153846154
0.06300184615384616
0.08866153846153846
0.09992676923076924
0.08219446153846154
0.03671630769230769
-0.028163076923076923
-0.07489292307692308
-0.10514215384615383
-0.12683815384615382
-0.12955015384615384
-0.124752
-0.092208
-0.042348923076923076
0.027120000000000002
0.11536430769230768
0.17002153846153847
0.19839323076923077
0.19588984615384614
0.17002153846153847
0.14206707692307693
0.09658892307692307
0.040679999999999994
-0.027328615384615382
-0.08574092307692306
-0.10597661538461538
-0.0853236923076923
-0.032544
0.01940123076923077
0.06258461538461538
0.10222153846153846
0.14123261538461537
0.17502830769230768
0.17148184615384612
0.13038461538461538
0.07343261538461537
0.007301538461538462
-0.03901107692307692
-0.07280676923076923
-0.10368184615384615
-0.12245723076923076
-0.12496061538461539
-0.09533723076923077
-0.059038153846153844
-0.03129230769230769
-0.025033846153846153
-0.040679999999999994
-0.04860738461538461
-0.061750153846153844
-0.07781353846153846
-0.0880356923076923
-0.11432123076923076
-0.14018953846153845
-0.15291507692307693
-0.15124615384615384
-0.13872923076923074
-0.13267938461538462
-0.13247076923076923
-0.12850707692307692
-0.12558646153846154
-0.11599015384615384
-0.09992676923076924
-0.08615815384615384
-0.06154153846153846
-0.040262769230769234
-0.025659692307692307
-0.01668923076923077
-0.017732307692307693
-0.03045784615384615
-0.05444861538461539
-0.07405846153846153
-0.0828203076923077
-0.08469784615384615
-0.08219446153846154
-0.07238953846153846
-0.053405538461538456
-0.01710646153846154
0.02044430769230769
0.051528
0.07531015384615385
0.08761846153846153
0.09950953846153845
0.119328
0.143736
0.14540492307692307
0.11807630769230769
0.08156861538461539
0.04693846153846153
0.020652923076923076
-0.0035464615384615383
-0.032544
-0.055491692307692304
-0.06070707692307692
-0.037342153846153844
0.006049846153846154
0.06133292307692308
0.10493353846153847
0.12350030769230769
0.12683815384615382
0.10952307692307692
0.07489292307692308
0.03379569230769231
-0.006884307692307692
-0.04985907692307692
-0.07927384615384615
-0.08761846153846153
-0.06592246153846154
-0.02795446153846154
-0.0008344615384615384
0.021904615384615383
0.03901107692307692
0.06258461538461538
0.0853236923076923
0.0826116923076923
0.059872615384615385
0.030040615384615384
0.006675692307692307
0.006467076923076923
0.015020307692307692
0.01814953846153846
0.02753723076923077
0.03755076923076923
0.06383630769230769
0.092208
0.1070196923076923
0.11014892307692307
0.08156861538461539
0.04568676923076923
0.010639384615384617
-0.024408000000000003
-0.05653476923076922
-0.0897046153846154
-0.11202646153846153
-0.111192
-0.08699261538461538
-0.04380923076923077
0.007301538461538462
0.04547815384615384
0.07092923076923077
0.0892873846153846
0.10159569230769232
0.10263876923076923
0.07635323076923077
0.02858030769230769
-0.03421292307692308
-0.10347323076923076
-0.16188553846153847
-0.2127876923076923
-0.24282830769230768
-0.2422024615384615
-0.20256553846153844
-0.11953661538461538
-0.015228923076923076
0.09971815384615385
0.20715507692307691
0.28934953846153844
0.33899999999999997
0.34588430769230766
0.3039526153846154
0.21862892307692305
0.09408553846153846
-0.045895384615384616
-0.16793538461538463
-0.25701415384615384
-0.2995716923076923
-0.28434276923076923
-0.2125790769230769
-0.1097316923076923
0.017523692307692306
0.15249784615384615
0.26640184615384616
0.3442153846153846
0.3623649230769231
0.32669169230769235
0.25012984615384615
0.14123261538461537
0.015020307692307692
-0.11745046153846153
-0.24324553846153843
-0.3179298461538461
-0.3246055384615385
-0.28413415384615387
-0.19755876923076923
-0.08094276923076923
0.049233230769230765
0.17440246153846153
0.27140861538461536
0.3229366153846154
0.32189353846153845
0.28017046153846153
0.2021483076923077
0.10722830769230769
0.004589538461538461
-0.09512861538461538
-0.1733593846153846
-0.2275993846153846
-0.22467876923076924
-0.1867107692307692
-0.13184492307692308
-0.05194523076923077
0.02273907692307692
0.08907876923076924
0.12266584615384615
0.12308307692307692
0.10326461538461539
0.06341907692307691
0.01981846153846154
-0.025659692307692307
-0.061750153846153844
-0.08302892307692307
-0.09471138461538461
-0.09533723076923077
-0.08657538461538461
-0.07197230769230768
-0.05111076923076923
-0.04318338461538461
-0.05674338461538461
-0.07697907692307693
-0.0936683076923077
-0.07802215384615384
-0.040679999999999994
0.003129230769230769
0.05611753846153846
0.1028473846153846
0.15813046153846153
0.21696000000000001
0.2574313846153846
0.2699483076923077
0.24679199999999998
0.20173107692307693
0.13998092307692306
0.06070707692307692
-0.023990769230769232
-0.10389046153846154
-0.16188553846153847
-0.17398523076923075
-0.13434830769230768
-0.04860738461538461
0.06049846153846154
0.1792006153846154
0.2870547692307692
0.36257353846153845
0.4053396923076923
0.3944916923076923
0.3285692307692308
0.2194633846153846
0.07259815384615384
-0.07551876923076924
-0.19547261538461536
-0.2830910769230769
-0.3235624615384615
-0.31542646153846154
-0.25367630769230765
-0.14290153846153844
-0.003129230769230769
0.15646153846153846
0.29727692307692305
0.39344861538461534
0.4472713846153846
0.4645864615384615
0.4416387692307692
0.35965292307692304
0.23218892307692307
0.08511507692307693
-0.05528307692307692
-0.15604430769230768
-0.21070153846153844
-0.2225926153846154
-0.19735015384615384
-0.14102399999999998
-0.05757784615384615
0.042974769230769226
0.14206707692307693
0.21195323076923075
0.23218892307692307
0.20861538461538462
0.15270646153846154
0.07614461538461538
-0.0077187692307692304
-0.09909230769230769
-0.1858763076923077
-0.24720923076923076
-0.2849686153846154
-0.2828824615384615
-0.2374043076923077
-0.17732307692307692
-0.10994030769230768
-0.05048492307692308
0.0070929230769230765
0.05570030769230769
0.07531015384615385
0.059038153846153844
0.0014603076923076922
-0.06926030769230769
-0.1435273846153846
-0.21737723076923077
-0.2774584615384615
-0.2618123076923077
-0.16772676923076923
-0.020652923076923076
0.17231630769230769
0.34630153846153844
0.51528
0.6358596923076922
0.6967753846153846
0.6734104615384615
0.540731076923077
0.35297723076923077
0.11953661538461538
-0.0826116923076923
-0.31354892307692306
-0.5040147692307693
-0.6033156923076922
-0.6406578461538461
-0.5309261538461538
-0.3790541538461539
-0.18107815384615383
0.03421292307692308
0.21842030769230766
0.38301784615384615
0.4314166153846154
0.38677292307692307
0.2647329230769231
0.0892873846153846
-0.09909230769230769
-0.3060387692307692
-0.45707630769230767
-0.5309261538461538
-0.5113163076923077
-0.3848953846153846
-0.22676492307692306
-0.054657230769230764
0.08365476923076923
0.18712800000000002
0.2751636923076923
0.26535876923076923
0.20339999999999997
0.11432123076923076
0.018983999999999997
-0.021696
-0.04422646153846154
-0.04985907692307692
-0.05444861538461539
-0.06154153846153846
-0.06028984615384615
-0.06675692307692307
-0.08615815384615384
-0.13247076923076923
-0.1846246153846154
-0.21779446153846155
-0.25200738461538463
-0.2709913846153846
-0.27140861538461536
-0.2666104615384615
-0.21696000000000001
-0.1502030769230769
-0.07197230769230768
0.045895384615384616
0.15959076923076923
0.26932246153846157
0.34776184615384614
0.3369138461538461
0.2716172307692308
0.1462393846153846
-0.023782153846153845
-0.19526400000000002
-0.3615304615384615
-0.46083138461538464
-0.47772923076923074
-0.40387938461538464
-0.25305046153846156
-0.07259815384615384
0.12537784615384615
0.3060387692307692
0.45665907692307695
0.5361415384615384
0.508187076923077
0.4115981538461538
0.260352
0.086784
-0.062376
-0.19881046153846152
-0.2912270769230769
-0.3285692307692308
-0.32648307692307693
-0.2618123076923077
-0.16292861538461537
-0.032544
0.10952307692307692
0.2290596923076923
0.31000246153846156
0.33357600000000004
0.3214763076923077
0.2701569230769231
0.19317784615384614
0.10389046153846154
0.011473846153846154
-0.03108369230769231
-0.02795446153846154
0.006258461538461538
0.07948246153846153
0.15208061538461537
0.21508246153846153
0.2655673846153846
0.26139507692307695
0.19985353846153847
0.08574092307692306
-0.05528307692307692
-0.1693956923076923
-0.25701415384615384
-0.3054129230769231
-0.2993630769230769
-0.24679199999999998
-0.1424843076923077
-0.009387692307692307
0.12934153846153845
0.22321846153846153
0.2482523076923077
0.22029784615384615
0.14018953846153845
0.03045784615384615
-0.10806276923076923
-0.25805723076923076
-0.3775938461538461
-0.46020553846153844
-0.4783550769230769
-0.42995630769230764
-0.3410861538461538
-0.2127876923076923
-0.06717415384615384
0.08615815384615384
0.23072861538461537
0.35005661538461535
0.425784
0.4389267692307692
0.39115384615384613
0.28788923076923073
0.15333230769230768
0.010639384615384617
-0.12850707692307692
-0.2578486153846154
-0.3479704615384615
-0.3767593846153846
-0.32982092307692307
-0.21529107692307692
-0.0771876923076923
0.06842584615384616
0.19985353846153847
0.30562153846153844
0.3924055384615385
0.4184824615384615
0.38072307692307694
0.29414769230769233
0.1787833846153846
0.08115138461538463
-0.005841230769230769
-0.07948246153846153
-0.12996738461538462
-0.15333230769230768
-0.14811692307692306
-0.11828492307692307
-0.07760492307692309
-0.05194523076923077
-0.040679999999999994
-0.03108369230769231
-0.015854769230769228
0.0043809230769230765
0.03379569230769231
0.06425353846153846
0.09158215384615384
0.11432123076923076
0.13393107692307693
0.1585476923076923
0.16835261538461538
0.15833907692307692
0.12788123076923075
0.08302892307692307
0.03609046153846154
-0.0077187692307692304
-0.04860738461538461
-0.10597661538461538
-0.16251138461538459
-0.20444307692307692
-0.2154996923076923
-0.1867107692307692
-0.1449876923076923
-0.08615815384615384
-0.0070929230769230765
0.08156861538461539
0.1777403076923077
0.2492953846153846
0.2689052307692308
0.24720923076923076
0.18149538461538461
0.09408553846153846
0.0035464615384615383
-0.08907876923076924
-0.16021661538461537
-0.20152246153846154
-0.200688
-0.14519630769230768
-0.05069353846153846
0.05528307692307692
0.15959076923076923
0.2438713846153846
0.29331323076923077
0.3072904615384615
0.27850153846153847
0.20652923076923077
0.10368184615384615
-0.01668923076923077
-0.13267938461538462
-0.22008923076923076
-0.2716172307692308
-0.2845513846153846
-0.2605606153846154
-0.20861538461538462
-0.12725538461538463
-0.027120000000000002
0.0678
0.13518276923076925
0.16876984615384616
0.16876984615384616
0.13393107692307693
0.07426707692307692
0.003129230769230769
-0.06341907692307691
-0.11181784615384616
-0.12099692307692309
-0.09450276923076922
-0.03504738461538461
0.043600615384615383
0.12683815384615382
0.21132738461538458
0.26494153846153845
0.29227015384615385
0.2818393846153846
0.23531815384615382
0.16876984615384616
0.07885661538461539
0.004589538461538461
-0.05486584615384615
-0.09554584615384615
-0.10138707692307691
-0.07051199999999999
-0.004172307692307692
0.06717415384615384
0.14018953846153845
0.20256553846153844
0.23469230769230767
0.23364923076923078
0.19651569230769228
0.1353913846153846
0.05945538461538461
-0.03212676923076923
-0.11870215384615385
-0.18775384615384613
-0.23010276923076922
-0.22697353846153845
-0.20465169230769228
-0.15667015384615385
-0.09325107692307691
-0.03609046153846154
0.029623384615384614
0.07531015384615385
0.09867507692307692
0.10576799999999999
0.09471138461538461
0.084072
0.06738276923076922
0.04860738461538461
0.030040615384615384
0.006258461538461538
0.003755076923076923
0.014603076923076923
0.028788923076923077
0.04109723076923077
0.03859384615384615
0.026911384615384615
0.004589538461538461
-0.01981846153846154
-0.04422646153846154
-0.06467076923076923
-0.08198584615384615
-0.09179076923076923
-0.07656184615384615
-0.037967999999999995
0.013560000000000001
0.06258461538461538
0.09679753846153846
0.1178676923076923
0.11494707692307692
0.08845292307692308
0.05236246153846154
-0.0035464615384615383
-0.07092923076923077
-0.13309661538461537
-0.1710646153846154
-0.1802436923076923
-0.16751815384615384
-0.12934153846153845
-0.07405846153846153
-0.010222153846153844
0.058829538461538454
0.1205796923076923
0.16188553846153847
0.17461107692307692
0.15520984615384617
0.11035753846153845
0.04631261538461538
-0.022530461538461537
-0.09304246153846155
-0.15875630769230767
-0.20173107692307693
-0.21696000000000001
-0.19463815384615382
-0.14311015384615386
-0.07843938461538462
-0.010639384615384617
0.04714707692307692
0.09012184615384615
0.11703323076923078
0.11953661538461538
0.10096984615384616
0.06759138461538462
0.02482523076923077
-0.008761846153846153
-0.035255999999999996
-0.04714707692307692
-0.041514461538461535
-0.021070153846153846
0.010013538461538461
0.03337846153846154
0.045895384615384616
0.040679999999999994
0.018983999999999997
-0.0070929230769230765
-0.02858030769230769
-0.037967999999999995
-0.03337846153846154
-0.012934153846153845
0.029206153846153847
0.09241661538461539
0.15938215384615384
0.21341353846153846
0.2503384615384615
0.26348123076923075
0.24866953846153847
0.20027076923076922
0.12537784615384615
0.028163076923076923
-0.08448923076923077
-0.1910916923076923
-0.27599815384615384
-0.32961230769230765
-0.3536030769230769
-0.3415033846153846
-0.29352184615384613
-0.20965846153846154
-0.10138707692307691
0.01668923076923077
0.13101046153846155
0.21842030769230766
0.26723630769230766
0.26911384615384615
0.23656984615384613
0.17648861538461538
0.09262523076923077
-0.008136
-0.11807630769230769
-0.20715507692307691
-0.25805723076923076
-0.2764153846153846
-0.2601433846153846
-0.22008923076923076
-0.15625292307692307
-0.06633969230769231
0.028788923076923077
0.11452984615384615
0.17711446153846155
0.20819815384615384
0.20402584615384614
0.17648861538461538
0.1316363076923077
0.07405846153846153
0.004589538461538461
-0.07343261538461537
-0.1449876923076923
-0.19609846153846153
-0.2194633846153846
-0.21466523076923077
-0.1913003076923077
-0.1597993846153846
-0.11014892307692307
-0.049233230769230765
0.02232184615384615
0.09533723076923077
0.15228923076923076
0.1923433846153846
0.21237046153846154
0.2209236923076923
0.214248
0.18170399999999998
0.12329169230769231
0.049233230769230765
-0.01668923076923077
-0.06759138461538462
-0.10138707692307691
-0.12141415384615384
-0.12662953846153846
-0.10409907692307692
-0.047772923076923074
0.03024923076923077
0.11306953846153844
0.1860849230769231
0.22822523076923076
0.24762646153846155
0.249504
0.22280123076923075
0.16334584615384617
0.07739630769230768
-0.018358153846153843
-0.10722830769230769
-0.16710092307692306
-0.19442953846153843
-0.1860849230769231
-0.14519630769230768
-0.08469784615384615
-0.0035464615384615383
0.08720123076923077
0.16480615384615382
0.21007569230769232
0.21612553846153845
0.19171753846153847
0.13935507692307691
0.07051199999999999
0.0
-0.08135999999999999
-0.16647507692307692
-0.23135446153846154
-0.2628553846153846
-0.2540935384615385
-0.2275993846153846
-0.18983999999999998
-0.14060676923076923
-0.08073415384615384
-0.006049846153846154
0.056326153846153845
0.09658892307692307
0.09721476923076922
0.06341907692307691
0.014811692307692307
-0.05090215384615384
-0.12308307692307692
-0.19067446153846154
-0.26619323076923074
-0.3229366153846154
-0.317304
-0.2705741538461538
-0.1883796923076923
-0.1070196923076923
-0.013142769230769229
0.08490646153846154
0.19547261538461536
0.2912270769230769
0.4042966153846154
0.49274953846153846
0.3584012307692308
0.2655673846153846
0.15249784615384615
0.005841230769230769
-0.03859384615384615
-0.21132738461538458
-0.3581926153846154
-0.4750172307692308
-0.471888
-0.2789187692307692
-0.10660246153846153
0.0892873846153846
0.21174461538461536
0.3571495384615384
0.5622184615384616
0.6844670769230768
0.7451741538461537
0.5724406153846154
0.3160523076923077
0.10785415384615385
-0.12496061538461539
-0.249504
-0.4030449230769231
-0.5392707692307692
-0.5298830769230769
-0.5219556923076923
-0.33065538461538463
-0.06738276923076922
0.11473846153846154
0.3571495384615384
0.4814843076923077
0.5505359999999999
0.5903815384615384
0.5284227692307693
0.48023261538461537
0.3385827692307692
0.13184492307692308
-0.0446436923076923
-0.19818461538461538
-0.2517987692307692
-0.28809784615384615
-0.3131316923076923
-0.2970683076923077
-0.27871015384615383
-0.157296
-0.023990769230769232
0.06446215384615385
0.15228923076923076
0.1792006153846154
0.23406646153846156
0.29498215384615384
0.2709913846153846
0.24512307692307692
0.16689230769230767
0.06884307692307692
0.02795446153846154
-0.04944184615384615
-0.13664307692307692
-0.22447015384615385
-0.3114627692307692
-0.347136
-0.35235138461538457
-0.31918153846153846
-0.25159015384615385
-0.13935507692307691
-0.007510153846153846
0.1097316923076923
0.25555384615384613
0.3558978461538462
0.41076369230769233
0.44414215384615385
0.3750904615384615
0.26640184615384616
0.124752
-0.038176615384615385
-0.157296
-0.28768061538461537
-0.3746732307692308
-0.3848953846153846
-0.3684147692307692
-0.2883064615384615
-0.16689230769230767
-0.014394461538461538
0.16605784615384614
0.3229366153846154
0.42474092307692307
0.44748
0.4251581538461538
0.36611999999999995
0.24574892307692306
0.09700615384615385
-0.09325107692307691
-0.2709913846153846
-0.3513083076923077
-0.3819747692307692
-0.34880492307692307
-0.26097784615384617
-0.1570873846153846
0.0008344615384615384
0.15291507692307693
0.27328615384615385
0.37091815384615384
0.3949089230769231
0.35965292307692304
0.2862203076923077
0.18274707692307693
0.07092923076923077
-0.02795446153846154
-0.09033046153846153
-0.13080184615384613
-0.143736
-0.13393107692307693
-0.1287156923076923
-0.10159569230769232
-0.07405846153846153
-0.03942830769230769
0.00855323076923077
0.015437538461538461
0.024408000000000003
0.04193169230769231
0.03504738461538461
0.02545107692307692
-0.0025033846153846152
-0.03713353846153846
-0.04401784615384615
-0.051528
-0.06070707692307692
-0.06905169230769231
-0.0855323076923077
-0.0826116923076923
-0.07155507692307693
-0.050067692307692306
-0.02482523076923077
-0.01272553846153846
-0.0043809230769230765
-0.00855323076923077
0.001043076923076923
0.031918153846153846
0.07760492307692309
0.14185846153846154
0.17085599999999998
0.168144
0.15875630769230767
0.13038461538461538
0.111192
0.07092923076923077
-0.012516923076923077
-0.08866153846153846
-0.1504116923076923
-0.17231630769230769
-0.14144123076923076
-0.103056
-0.05757784615384615
-0.007927384615384614
0.05736923076923077
0.12683815384615382
0.16710092307692306
0.17690584615384616
0.12975876923076923
0.05194523076923077
-0.03066646153846154
-0.09491999999999999
-0.13059323076923077
-0.16730953846153845
-0.1858763076923077
-0.18629353846153843
-0.17544553846153846
-0.12266584615384615
-0.04902461538461538
0.015854769230769228
0.05820369230769231
0.0798996923076923
0.11807630769230769
0.15896492307692306
0.18191261538461537
0.16418030769230768
0.10743692307692307
0.04652123076923077
-0.0012516923076923076
-0.009596307692307692
-0.012308307692307691
-0.03045784615384615
-0.043600615384615383
-0.05048492307692308
-0.023364923076923075
0.017523692307692306
0.03108369230769231
0.027745846153846152
0.004798153846153846
-0.02211323076923077
-0.018358153846153843
-0.004589538461538461
-0.007510153846153846
-0.017315076923076923
-0.01981846153846154
-0.005841230769230769
0.021070153846153846
0.04130584615384615
0.04109723076923077
0.020652923076923076
-0.015228923076923076
-0.04047138461538462
-0.04276615384615385
-0.04631261538461538
-0.06258461538461538
-0.08594953846153845
-0.09575446153846154
-0.073224
-0.01668923076923077
0.05319692307692307
0.12141415384615384
0.16730953846153845
0.1858763076923077
0.1994363076923077
0.19735015384615384
0.16772676923076923
0.1028473846153846
0.015646153846153844
-0.06905169230769231
-0.12621230769230768
-0.14916
-0.14999446153846155
-0.12975876923076923
-0.10117846153846152
-0.04819015384615385
0.023990769230769232
0.09095630769230768
0.14331876923076922
0.16251138461538459
0.14916
0.12266584615384615
0.10201292307692307
0.07802215384615384
0.04214030769230769
0.0022947692307692304
-0.03421292307692308
-0.05382276923076923
-0.056951999999999996
-0.049233230769230765
-0.03859384615384615
-0.026285538461538457
-0.003963692307692307
0.023364923076923075
0.04965046153846154
0.07009476923076922
0.07843938461538462
0.07092923076923077
0.06133292307692308
0.05862092307692307
0.04944184615384615
0.03233538461538461
0.005841230769230769
-0.026702769230769228
-0.054240000000000003
-0.07134646153846153
-0.08386338461538462
-0.10535076923076922
-0.12913292307692306
-0.1504116923076923
-0.15687876923076924
-0.15145476923076923
-0.14665661538461539
-0.13935507692307691
-0.13267938461538462
-0.11327815384615383
-0.07697907692307693
-0.029623384615384614
0.013351384615384614
0.042348923076923076
0.06154153846153846
0.08240307692307691
0.10389046153846154
0.10952307692307692
0.09387692307692307
0.05653476923076922
0.014185846153846153
-0.021070153846153846
-0.03880246153846154
-0.035464615384615386
-0.017523692307692306
0.024408000000000003
0.08302892307692307
0.14936861538461538
0.21049292307692305
0.24074215384615386
0.2415766153846154
0.21696000000000001
0.16480615384615382
0.09971815384615385
0.02482523076923077
-0.051319384615384614
-0.12016246153846154
-0.1733593846153846
-0.19359507692307693
-0.18212123076923076
-0.1356
-0.06863446153846153
0.012099692307692308
0.09679753846153846
0.16626646153846153
0.22029784615384615
0.2371956923076923
0.21091015384615383
0.1531236923076923
0.073224
-0.021904615384615383
-0.11327815384615383
-0.1913003076923077
-0.24011630769230768
-0.2568055384615385
-0.2426196923076923
-0.1785747692307692
-0.08448923076923077
0.022947692307692308
0.1289243076923077
0.21779446153846155
0.2772498461538462
0.3031181538461538
0.29080984615384614
0.2415766153846154
0.16084246153846155
0.05778646153846154
-0.05173661538461538
-0.15792184615384616
-0.2480436923076923
-0.31083692307692307
-0.3275261538461538
-0.3012406153846154
-0.23531815384615382
-0.13747753846153846
-0.02795446153846154
0.08866153846153846
0.19359507692307693
0.2680707692307692
0.30583015384615386
0.30019753846153846
0.25471938461538457
0.17544553846153846
0.07238953846153846
-0.04088861538461538
-0.14853415384615384
-0.23510953846153848
-0.2914356923076923
-0.30895938461538464
-0.2912270769230769
-0.24178523076923078
-0.15896492307692306
-0.061124307692307686
0.04693846153846153
0.16021661538461537
0.25513661538461535
0.330864
0.3671630769230769
0.35568923076923076
0.3087507692307692
0.21925476923076925
0.10180430769230768
-0.023364923076923075
-0.14874276923076923
-0.2540935384615385
-0.32314523076923074
-0.3506824615384615
-0.3375396923076923
-0.2993630769230769
-0.24011630769230768
-0.1558356923076923
-0.054240000000000003
0.05194523076923077
0.15082892307692305
0.22405292307692307
0.2601433846153846
0.25847446153846154
0.23928184615384615
0.20173107692307693
0.14206707692307693
0.07426707692307692
-0.007301538461538462
-0.0771876923076923
-0.12934153846153845
-0.16459753846153846
-0.173568
-0.16647507692307692
-0.13852061538461538
-0.09053907692307692
-0.021278769230769233
0.0609156923076923
0.1435273846153846
0.21320492307692307
0.2586830769230769
0.28434276923076923
0.2818393846153846
0.2509643076923077
0.1883796923076923
0.09158215384615384
-0.01814953846153846
-0.12162276923076921
-0.20486030769230767
-0.25972615384615383
-0.2897667692307692
-0.29498215384615384
-0.2638984615384615
-0.19755876923076923
-0.10889723076923077
-0.02211323076923077
0.05069353846153846
0.10681107692307691
0.14144123076923076
0.16710092307692306
0.1775316923076923
0.16584923076923075
0.13267938461538462
0.08490646153846154
0.047981538461538464
0.03150092307692308
0.02545107692307692
0.023990769230769232
0.01668923076923077
0.011473846153846154
0.009179076923076922
0.006049846153846154
0.005841230769230769
-0.0006258461538461538
-0.004589538461538461
0.0022947692307692304
0.031709538461538456
0.07656184615384615
0.11473846153846154
0.13747753846153846
0.14749107692307692
0.15687876923076924
0.16251138461538459
0.15625292307692307
0.13601723076923075
0.08824430769230769
0.02023569230769231
-0.04944184615384615
-0.11619876923076923
-0.16772676923076923
-0.21362215384615382
-0.25388492307692306
-0.2680707692307692
-0.2532590769230769
-0.20632061538461538
-0.13101046153846155
-0.03483876923076923
0.07218092307692307
0.17982646153846152
0.26619323076923074
0.3079163076923077
0.30666461538461537
0.24282830769230768
0.13476553846153844
-0.012308307692307691
-0.14394461538461537
-0.2436627692307692
-0.295608
-0.2751636923076923
-0.1706473846153846
0.0446436923076923
0.1504116923076923
0.28413415384615387
0.43976123076923074
0.4783550769230769
0.5363501538461538
0.42307199999999995
0.25951753846153847
0.05570030769230769
-0.1704387692307692
-0.27182584615384614
-0.4245323076923077
-0.4923323076923077
-0.5221643076923077
-0.47313969230769226
-0.2699483076923077
-0.084072
0.19046584615384615
0.37967999999999996
0.48398769230769234
0.6049846153846153
0.5703544615384616
0.5065181538461538
0.3554806153846154
0.11578153846153846
-0.05277969230769231
-0.2931046153846154
-0.43433723076923075
-0.4351716923076923
-0.41368430769230763
-0.2568055384615385
-0.12412615384615384
0.005424
0.15333230769230768
0.24679199999999998
0.38426953846153844
0.44643692307692306
0.412224
0.35276861538461535
0.2517987692307692
0.18379015384615385
0.08156861538461539
-0.08177723076923075
-0.22864246153846152
-0.3909452307692307
-0.45603323076923075
-0.4470627692307692
-0.4276615384615384
-0.33962584615384617
-0.27182584615384614
-0.17419384615384614
-0.03567323076923076
0.059038153846153844
0.17398523076923075
0.25764
0.2981113846153846
0.3567323076923076
0.36611999999999995
0.34317230769230767
0.26097784615384617
0.09930092307692308
-0.08761846153846153
-0.2995716923076923
-0.46583815384615385
-0.5757784615384615
-0.609156923076923
-0.5632615384615385
-0.4798153846153846
-0.28246523076923075
-0.019609846153846155
0.24324553846153843
0.5004683076923077
0.6469163076923078
0.6951064615384615
0.6638141538461538
0.5384363076923077
0.3692492307692308
0.11640738461538462
-0.1639716923076923
-0.40387938461538464
-0.6072793846153846
-0.7263987692307693
-0.7779267692307692
-0.7422535384615384
-0.6058190769230769
-0.40283630769230766
-0.13476553846153844
0.14790830769230767
0.4243236923076923
0.6602676923076923
0.7739630769230769
0.7962849230769231
0.7136732307692307
0.5202867692307692
0.29227015384615385
0.010222153846153844
-0.2720344615384615
-0.4848221538461538
-0.6248030769230769
-0.6456646153846154
-0.5801593846153845
-0.45624184615384616
-0.260352
-0.037967999999999995
0.19004861538461537
0.39324
0.5225815384615384
0.5699372307692308
0.5373932307692307
0.4714707692307692
0.36549415384615386
0.21779446153846155
0.05757784615384615
-0.12037107692307693
-0.25054707692307693
-0.3373310769230769
-0.38656430769230765
-0.37613353846153846
-0.3575667692307692
-0.30290953846153845
-0.19380369230769232
-0.07030338461538461
0.06154153846153846
0.16626646153846153
0.25012984615384615
0.3319070769230769
0.376968
0.3957433846153846
0.37237846153846155
0.30416123076923074
0.21111876923076925
0.10994030769230768
0.023782153846153845
-0.06425353846153846
-0.14603076923076924
-0.21091015384615383
-0.2795446153846154
-0.3252313846153846
-0.32543999999999995
-0.29039261538461536
-0.19213476923076922
-0.09158215384615384
0.015228923076923076
0.15833907692307692
0.2858030769230769
0.41910830769230767
0.5000510769230769
0.49379261538461533
0.43475446153846153
0.31646953846153847
0.17419384615384614
0.022530461538461537
-0.14749107692307692
-0.29832
-0.4072172307692307
-0.4456024615384615
-0.40992923076923077
-0.33962584615384617
-0.23156307692307693
-0.11494707692307692
0.01668923076923077
0.1656406153846154
0.2832996923076923
0.38030584615384616
0.4145187692307692
0.3903193846153846
0.33816553846153846
0.23969907692307693
0.13893784615384613
0.02858030769230769
-0.09283384615384616
-0.192552
-0.25284184615384614
-0.2574313846153846
-0.23364923076923078
-0.19296923076923078
-0.14853415384615384
-0.1178676923076923
-0.08636676923076922
-0.04985907692307692
-0.0025033846153846152
0.03567323076923076
0.042974769230769226
0.059038153846153844
0.08156861538461539
0.09909230769230769
0.10952307692307692
0.08323753846153846
0.03838523076923077
-0.014811692307692307
-0.0828203076923077
-0.15145476923076923
-0.21007569230769232
-0.2670276923076923
-0.30290953846153845
-0.30144923076923075
-0.27286892307692306
-0.2125790769230769
-0.14415323076923076
-0.06216738461538462
0.02586830769230769
0.10117846153846152
0.1691870769230769
0.20673784615384616
0.20861538461538462
0.16793538461538463
0.09596307692307693
0.016897846153846156
-0.07259815384615384
-0.15520984615384617
-0.23052
-0.2943563076923077
-0.3152178461538461
-0.3072904615384615
-0.2578486153846154
-0.16438892307692307
-0.06821723076923077
0.037967999999999995
0.130176
0.2021483076923077
0.2647329230769231
0.28392553846153845
0.2716172307692308
0.2399076923076923
0.18525046153846153
0.12662953846153846
0.06821723076923077
0.017732307692307693
-0.021904615384615383
-0.03984553846153846
-0.027745846153846152
-0.014603076923076923
0.010013538461538461
0.042974769230769226
0.061124307692307686
0.09325107692307691
0.12412615384615384
0.15354092307692307
0.18066092307692305
0.19192615384615386
0.21904615384615383
0.24887815384615386
0.2730775384615384
0.28392553846153845
0.2601433846153846
0.2194633846153846
0.15833907692307692
0.08073415384615384
-0.003129230769230769
-0.0963803076923077
-0.1802436923076923
-0.25242461538461536
-0.28851507692307693
-0.27474646153846155
-0.23448369230769228
-0.15833907692307692
-0.06633969230769231
0.03108369230769231
0.13914646153846155
0.22634769230769228
0.29185292307692307
0.31667815384615383
0.2828824615384615
0.2125790769230769
0.10827138461538462
-0.01272553846153846
-0.12662953846153846
-0.2288510769230769
-0.2818393846153846
-0.28121353846153846
-0.2290596923076923
-0.13101046153846155
-0.029414769230769227
0.084072
0.1860849230769231
0.26160369230769226
0.30833353846153844
0.2970683076923077
0.24554030769230767
0.1637630769230769
0.06008123076923077
-0.027120000000000002
-0.09012184615384615
-0.14123261538461537
-0.16438892307692307
-0.16313723076923078
-0.1314276923076923
-0.06884307692307692
-0.012516923076923077
0.037342153846153844
0.07259815384615384
0.092208
0.10096984615384616
0.08720123076923077
0.05674338461538461
0.009804923076923077
-0.04214030769230769
-0.0880356923076923
-0.1097316923076923
-0.09825784615384614
-0.07489292307692308
-0.037967999999999995
0.01043076923076923
0.05674338461538461
0.09825784615384614
0.11599015384615384
0.092208
0.04902461538461538
-0.006884307692307692
-0.06258461538461538
-0.10368184615384615
-0.13852061538461538
-0.14853415384615384
-0.1397723076923077
-0.10013538461538461
-0.02524246153846154
0.06529661538461538
0.14394461538461537
0.19359507692307693
0.21737723076923077
0.2090326153846154
0.18712800000000002
0.1435273846153846
0.07969107692307692
0.005424
-0.06821723076923077
-0.12725538461538463
-0.16584923076923075
-0.17377661538461536
-0.17023015384615386
-0.14728246153846153
-0.10931446153846153
-0.05173661538461538
0.023990769230769232
0.08636676923076922
0.12955015384615384
0.14749107692307692
0.14457046153846154
0.13497415384615385
0.11995384615384615
0.08490646153846154
0.03880246153846154
-0.012099692307692308
-0.059038153846153844
-0.09554584615384615
-0.12642092307692307
-0.14832553846153845
-0.16897846153846155
-0.1860849230769231
-0.18900553846153845
-0.17315076923076922
-0.14477907692307693
-0.11160923076923077
-0.06633969230769231
-0.0012516923076923076
0.06467076923076923
0.1314276923076923
0.17711446153846155
0.1927606153846154
0.18921415384615384
0.14144123076923076
0.07697907692307693
0.006884307692307692
-0.07489292307692308
-0.15187199999999998
-0.21862892307692305
-0.24720923076923076
-0.22029784615384615
-0.15813046153846153
-0.0717636923076923
0.03609046153846154
0.14164984615384615
0.241368
0.31646953846153847
0.3502652307692307
0.33357600000000004
0.2655673846153846
0.1785747692307692
0.08156861538461539
-0.006884307692307692
-0.08115138461538463
-0.1424843076923077
-0.1706473846153846
-0.15875630769230767
-0.10138707692307691
-0.021070153846153846
0.054657230769230764
0.1178676923076923
0.1558356923076923
0.17690584615384616
0.1794092307692308
0.15562707692307692
0.111192
0.050067692307692306
-0.01668923076923077
-0.07364123076923076
-0.10514215384615383
-0.12308307692307692
-0.13706030769230768
-0.13518276923076925
-0.10681107692307691
-0.05194523076923077
0.007301538461538462
0.052153846153846155
0.08949599999999999
0.10493353846153847
0.09408553846153846
0.07426707692307692
0.035464615384615386
-0.015437538461538461
-0.07197230769230768
-0.124752
-0.138312
-0.10994030769230768
-0.06070707692307692
-0.005215384615384615
0.047772923076923074
0.09784061538461537
0.13518276923076925
0.1435273846153846
0.111192
0.04109723076923077
-0.04944184615384615
-0.13768615384615385
-0.2056947692307692
-0.24700061538461537
-0.2632726153846154
-0.260352
-0.2225926153846154
-0.14665661538461539
-0.049233230769230765
0.052571076923076915
0.1449876923076923
0.2209236923076923
0.26118646153846153
0.26118646153846153
0.23281476923076924
0.16626646153846153
0.06446215384615385
-0.05298830769230769
-0.16876984615384616
-0.2478350769230769
-0.29352184615384613
-0.3131316923076923
-0.3156350769230769
-0.2947735384615384
-0.260352
-0.22196676923076922
-0.10952307692307692
0.023990769230769232
0.17419384615384614
0.32502276923076917
0.4318338461538461
0.553248
0.6250116923076923
0.6329390769230769
0.5891298461538461
0.444768
0.21132738461538458
-0.046104
-0.22801661538461537
-0.3882332307692308
-0.5104818461538462
-0.5582547692307692
-0.5665993846153846
-0.42348923076923073
-0.2125790769230769
0.037967999999999995
0.2916443076923077
0.4622916923076923
0.602064
0.6412836923076922
0.5964313846153846
0.46375199999999994
0.22447015384615385
-0.0678
-0.3611132307692308
-0.5601323076923077
-0.6646486153846154
-0.6629796923076924
-0.5311347692307692
-0.31918153846153846
-0.05507446153846154
0.18754523076923074
0.3949089230769231
0.5718147692307692
0.615624
0.5484498461538461
0.41556184615384617
0.22134092307692307
0.03984553846153846
-0.12558646153846154
-0.2482523076923077
-0.32314523076923074
-0.38280923076923074
-0.3855212307692308
-0.3375396923076923
-0.25534523076923077
-0.16292861538461537
-0.07051199999999999
0.017315076923076923
0.08094276923076923
0.13476553846153844
0.1597993846153846
0.14832553846153845
0.1289243076923077
0.09596307692307693
0.05048492307692308
0.018983999999999997
-0.014811692307692307
-0.022530461538461537
-0.01981846153846154
-0.05486584615384615
-0.06905169230769231
-0.08574092307692306
-0.12600369230769232
-0.14853415384615384
-0.157296
-0.13101046153846155
-0.06550523076923077
0.028163076923076923
0.16167692307692308
0.2962338461538461
0.3882332307692308
0.43016492307692306
0.41973415384615387
0.3506824615384615
0.2273907692307692
0.09846646153846153
-0.018358153846153843
-0.13247076923076923
-0.20360861538461536
-0.22321846153846153
-0.18358153846153846
-0.086784
0.025033846153846153
0.14519630769230768
0.25138153846153843
0.33357600000000004
0.3972036923076923
0.4170221538461538
0.3819747692307692
0.30416123076923074
0.17648861538461538
0.029206153846153847
-0.09700615384615385
-0.21633415384615384
-0.31229723076923077
-0.3594443076923077
-0.3517255384615385
-0.28663753846153844
-0.16438892307692307
-0.018983999999999997
0.12099692307692309
0.2426196923076923
0.3095852307692307
0.3206418461538461
0.2680707692307692
0.16334584615384617
0.04672984615384615
-0.07489292307692308
-0.184416
-0.25701415384615384
-0.28809784615384615
-0.28955815384615385
-0.2557624615384615
-0.18650215384615382
-0.10660246153846153
-0.017315076923076923
0.073224
0.14394461538461537
0.19609846153846153
0.2209236923076923
0.22300984615384614
0.2225926153846154
0.20152246153846154
0.17148184615384612
0.14603076923076924
0.103056
0.048816000000000005
-0.015020307692307692
-0.08073415384615384
-0.1368516923076923
-0.1783661538461538
-0.20152246153846154
-0.2075723076923077
-0.1990190769230769
-0.17732307692307692
-0.12537784615384615
-0.05820369230769231
0.009179076923076922
0.06967753846153846
0.09909230769230769
0.09784061538461537
0.08511507692307693
0.05507446153846154
-0.002086153846153846
-0.06759138461538462
-0.1449876923076923
-0.2261390769230769
-0.28121353846153846
-0.306456
-0.29414769230769233
-0.24992123076923078
-0.1860849230769231
-0.07843938461538462
0.065088
0.20924123076923076
0.33670523076923076
0.4124326153846154
0.4216116923076923
0.3738387692307692
0.27850153846153847
0.15625292307692307
0.017315076923076923
-0.12308307692307692
-0.25284184615384614
-0.3473446153846154
-0.3673716923076923
-0.32648307692307693
-0.23406646153846156
-0.10764553846153846
0.029832
0.18149538461538461
0.31396615384615384
0.40283630769230766
0.44268184615384615
0.4128498461538462
0.3202246153846154
0.20506892307692307
0.07885661538461539
-0.051319384615384614
-0.17544553846153846
-0.2883064615384615
-0.3517255384615385
-0.3573581538461538
-0.2999889230769231
-0.19067446153846154
-0.08073415384615384
0.021487384615384613
0.11223507692307692
0.18525046153846153
0.23198030769230768
0.23907323076923076
0.20527753846153846
0.14749107692307692
0.10180430769230768
0.06529661538461538
0.040262769230769234
0.021278769230769233
-0.0016689230769230767
-0.003755076923076923
0.007510153846153846
0.030040615384615384
0.05173661538461538
0.04985907692307692
0.026076923076923077
-0.0022947692307692304
-0.020652923076923076
-0.041514461538461535
-0.06446215384615385
-0.09053907692307692
-0.11911938461538461
-0.1289243076923077
-0.11807630769230769
-0.0855323076923077
-0.03713353846153846
0.0043809230769230765
0.04631261538461538
0.08115138461538463
0.09262523076923077
0.08949599999999999
0.058412307692307694
0.007301538461538462
-0.04109723076923077
-0.08845292307692308
-0.11640738461538462
-0.12099692307692309
-0.11348676923076922
-0.09721476923076922
-0.06967753846153846
-0.021696
0.02899753846153846
0.07697907692307693
0.11202646153846153
0.12683815384615382
0.1356
0.12204
0.08302892307692307
0.03379569230769231
-0.027328615384615382
-0.07843938461538462
-0.10952307692307692
-0.13643446153846153
-0.14311015384615386
-0.1435273846153846
-0.15416676923076922
-0.14603076923076924
-0.12579507692307693
-0.09825784615384614
-0.06154153846153846
-0.040054153846153843
-0.021904615384615383
0.0016689230769230767
0.02545107692307692
0.049233230769230765
0.06800861538461538
0.07510153846153846
0.05653476923076922
0.03108369230769231
-0.0022947692307692304
-0.04860738461538461
-0.08866153846153846
-0.1314276923076923
-0.16000799999999998
-0.15374953846153847
-0.12224861538461537
-0.06487938461538462
0.002712
0.06759138461538462
0.1462393846153846
0.22175815384615383
0.2837169230769231
0.3152178461538461
0.301032
0.25367630769230765
0.16292861538461537
0.05111076923076923
-0.06613107692307692
-0.17690584615384616
-0.2574313846153846
-0.30937661538461536
-0.30019753846153846
-0.23928184615384615
-0.14832553846153845
-0.028371692307692306
0.08761846153846153
0.19651569230769228
0.2751636923076923
0.31125415384615385
0.30937661538461536
0.25471938461538457
0.16209415384615386
0.059038153846153844
-0.03275261538461539
-0.11140061538461538
-0.16647507692307692
-0.18483323076923078
-0.16689230769230767
-0.11286092307692308
-0.027120000000000002
0.06571384615384615
0.14749107692307692
0.2140393846153846
0.24679199999999998
0.25305046153846156
0.22551323076923077
0.15625292307692307
0.06613107692307692
-0.034630153846153845
-0.11432123076923076
-0.16021661538461537
-0.17440246153846153
-0.1531236923076923
-0.10806276923076923
-0.04756430769230769
0.02232184615384615
0.08302892307692307
0.12558646153846154
0.13372246153846154
0.10535076923076922
0.06425353846153846
0.020027076923076922
-0.010639384615384617
-0.03859384615384615
-0.06070707692307692
-0.06592246153846154
-0.054657230769230764
-0.013142769230769229
0.040054153846153843
0.07906523076923076
0.10722830769230769
0.11953661538461538
0.11995384615384615
0.11974523076923077
0.09596307692307693
0.06070707692307692
0.019192615384615384
-0.02273907692307692
-0.03713353846153846
-0.031918153846153846
-0.013142769230769229
0.014185846153846153
0.04693846153846153
0.08073415384615384
0.11348676923076922
0.13872923076923074
0.1435273846153846
0.12662953846153846
0.09450276923076922
0.056951999999999996
0.02524246153846154
-0.007301538461538462
-0.04672984615384615
-0.08574092307692306
-0.11745046153846153
-0.13309661538461537
-0.13247076923076923
-0.1178676923076923
-0.09596307692307693
-0.06383630769230769
-0.025659692307692307
0.02232184615384615
0.07531015384615385
0.1136953846153846
0.1316363076923077
0.12975876923076923
0.12329169230769231
0.11578153846153846
0.11640738461538462
0.11327815384615383
0.09533723076923077
0.06905169230769231
0.03921969230769231
0.013768615384615384
-0.01710646153846154
-0.06300184615384616
-0.11411261538461538
-0.15604430769230768
-0.17377661538461536
-0.15270646153846154
-0.11557292307692307
-0.06884307692307692
-0.01814953846153846
0.03233538461538461
0.09909230769230769
0.15166338461538462
0.1792006153846154
0.16793538461538463
0.12266584615384615
0.06654830769230768
0.003963692307692307
-0.04944184615384615
-0.10076123076923077
-0.1435273846153846
-0.16501476923076921
-0.15374953846153847
-0.10618523076923077
-0.033169846153846154
0.04965046153846154
0.12767261538461538
0.18629353846153843
0.23218892307692307
0.2647329230769231
0.2689052307692308
0.235944
0.16772676923076923
0.08135999999999999
-0.011473846153846154
-0.09158215384615384
-0.16584923076923075
-0.2238443076923077
-0.24720923076923076
-0.2292683076923077
-0.16772676923076923
-0.0744756923076923
0.032544
0.130176
0.21633415384615384
0.2799618461538461
0.31083692307692307
0.2920615384615385
0.2154996923076923
0.10222153846153846
-0.03024923076923077
-0.14853415384615384
-0.24074215384615386
-0.3004061538461538
-0.30895938461538464
-0.27850153846153847
-0.19839323076923077
-0.0853236923076923
0.037342153846153844
0.16292861538461537
0.2453316923076923
0.2951907692307692
0.3225193846153846
0.31772123076923076
0.28392553846153845
0.20360861538461536
0.09554584615384615
-0.016897846153846156
-0.12934153846153845
-0.2075723076923077
-0.25117292307692307
-0.2799618461538461
-0.2853858461538461
-0.26368984615384616
-0.20047938461538461
-0.11432123076923076
-0.037967999999999995
0.007927384615384614
0.006049846153846154
-0.03942830769230769
-0.11140061538461538
-0.22113230769230768
-0.3087507692307692
-0.3102110769230769
-0.25972615384615383
-0.0897046153846154
0.1097316923076923
0.32314523076923074
0.546780923076923
0.6869704615384615
0.7820990769230769
0.7380812307692307
0.6058190769230769
0.3648683076923077
0.078648
-0.17690584615384616
-0.4287046153846154
-0.5732750769230769
-0.671532923076923
-0.6431612307692307
-0.49337538461538455
-0.28121353846153846
0.01272553846153846
0.27975323076923075
0.4994252307692308
0.6141636923076923
0.609156923076923
0.5083956923076923
0.32669169230769235
0.07927384615384615
-0.22864246153846152
-0.49984246153846157
-0.7067889230769231
-0.7898178461538462
-0.7140904615384616
-0.5415655384615384
-0.29456492307692306
-0.03629907692307692
0.18086953846153844
0.385104
0.5056836923076923
0.5077698461538461
0.4262012307692308
0.26097784615384617
0.10514215384615383
-0.021278769230769233
-0.111192
-0.16063384615384615
-0.2157083076923077
-0.2578486153846154
-0.26911384615384615
-0.23281476923076924
-0.16647507692307692
-0.10952307692307692
-0.05590892307692308
-0.023364923076923075
-0.006467076923076923
0.008970461538461538
0.008761846153846153
0.006467076923076923
-0.011265230769230769
-0.03400430769230769
-0.018983999999999997
0.03650769230769231
0.09512861538461538
0.14686523076923075
0.15333230769230768
0.10222153846153846
0.041514461538461535
-0.054240000000000003
-0.1712732307692308
-0.2916443076923077
-0.4134756923076923
-0.46708984615384613
-0.4214030769230769
-0.28204799999999997
-0.06842584615384616
0.15333230769230768
0.35318584615384613
0.5161144615384615
0.6137464615384616
0.6287667692307692
0.5409396923076923
0.37655076923076924
0.16626646153846153
-0.052153846153846155
-0.23969907692307693
-0.38072307692307694
-0.44810584615384613
-0.45603323076923075
-0.3978295384615384
-0.2638984615384615
-0.0855323076923077
0.11140061538461538
0.29039261538461536
0.417648
0.48336184615384614
0.49379261538461533
0.4353803076923077
0.31772123076923076
0.16021661538461537
-0.028788923076923077
-0.21174461538461536
-0.35151692307692306
-0.42599261538461536
-0.41973415384615387
-0.3479704615384615
-0.22593046153846155
-0.056326153846153845
0.11432123076923076
0.25513661538461535
0.3611132307692308
0.40200184615384615
0.3826006153846154
0.33378461538461535
0.2540935384615385
0.16188553846153847
0.05778646153846154
-0.03901107692307692
-0.09554584615384615
-0.10910584615384614
-0.0880356923076923
-0.06258461538461538
-0.02753723076923077
0.003963692307692307
0.031918153846153846
0.05653476923076922
0.05236246153846154
0.03942830769230769
0.008970461538461538
-0.03233538461538461
-0.05736923076923077
-0.07113784615384615
-0.06863446153846153
-0.05653476923076922
-0.03984553846153846
-0.024408000000000003
0.003755076923076923
0.03066646153846154
0.04318338461538461
0.03775938461538462
-0.015228923076923076
-0.07843938461538462
-0.1316363076923077
-0.18149538461538461
-0.21049292307692305
-0.2355267692307692
-0.23907323076923076
-0.18754523076923074
-0.09325107692307691
0.02524246153846154
0.13601723076923075
0.21821169230769227
0.26869661538461537
0.2858030769230769
0.2655673846153846
0.21696000000000001
0.14206707692307693
0.042348923076923076
-0.059664
-0.1395636923076923
-0.18066092307692305
-0.20047938461538461
-0.17523692307692307
-0.12621230769230768
-0.06529661538461538
0.012099692307692308
0.06821723076923077
0.11494707692307692
0.12788123076923075
0.10868861538461538
0.07739630769230768
0.037342153846153844
-0.006884307692307692
-0.05090215384615384
-0.08365476923076923
-0.09533723076923077
-0.061124307692307686
0.007927384615384614
0.0963803076923077
0.1942209230769231
0.27140861538461536
0.3148006153846154
0.3269003076923077
0.2979027692307692
0.23677846153846152
0.1489513846153846
0.027745846153846152
-0.0798996923076923
-0.15959076923076923
-0.20277415384615383
-0.19651569230769228
-0.1543753846153846
-0.07134646153846153
0.03150092307692308
0.13622584615384614
0.21633415384615384
0.25972615384615383
0.2582658461538461
0.2075723076923077
0.1289243076923077
0.03024923076923077
-0.0744756923076923
-0.1704387692307692
-0.24303692307692307
-0.2772498461538462
-0.25555384615384613
-0.18921415384615384
-0.0828203076923077
0.042557538461538466
0.15959076923076923
0.2568055384615385
0.30583015384615386
0.3062473846153846
0.26160369230769226
0.17419384615384614
0.05778646153846154
-0.0744756923076923
-0.18900553846153845
-0.2647329230769231
-0.2999889230769231
-0.2858030769230769
-0.22676492307692306
-0.11974523076923077
0.006467076923076923
0.11578153846153846
0.20798953846153845
0.2572227692307692
0.2643156923076923
0.23385784615384617
0.15145476923076923
0.04693846153846153
-0.06195876923076923
-0.16021661538461537
-0.22342707692307692
-0.24866953846153847
-0.23636123076923077
-0.19881046153846152
-0.14206707692307693
-0.07155507692307693
0.0
0.05403138461538461
0.086784
0.09554584615384615
0.07510153846153846
0.040679999999999994
0.003129230769230769
-0.02586830769230769
-0.042974769230769226
-0.042348923076923076
-0.02044430769230769
0.012099692307692308
0.058412307692307694
0.09950953846153845
0.12579507692307693
0.13810338461538463
0.12662953846153846
0.10681107692307691
0.08511507692307693
0.06133292307692308
0.04318338461538461
0.024408000000000003
0.0043809230769230765
-0.003755076923076923
-0.007301538461538462
-0.009387692307692307
-0.012934153846153845
-0.02044430769230769
-0.02273907692307692
-0.03275261538461539
-0.04109723076923077
-0.042974769230769226
-0.03942830769230769
-0.024616615384615383
-0.0022947692307692304
0.024199384615384616
0.042974769230769226
0.05736923076923077
0.06800861538461538
0.06279323076923077
0.05444861538461539
0.04172307692307692
0.011682461538461537
-0.020652923076923076
-0.05653476923076922
-0.08177723076923075
-0.07510153846153846
-0.045895384615384616
-0.003129230769230769
0.04318338461538461
0.09554584615384615
0.1462393846153846
0.17544553846153846
0.17085599999999998
0.12433476923076923
0.04735569230769231
-0.04568676923076923
-0.13893784615384613
-0.214248
-0.2697396923076923
-0.30249230769230767
-0.2947735384615384
-0.24762646153846155
-0.15500123076923078
-0.045060923076923075
0.05277969230769231
0.14039815384615384
0.2008966153846154
0.2342750769230769
0.23823876923076923
0.20778092307692309
0.14081538461538462
0.05570030769230769
-0.03880246153846154
-0.12162276923076921
-0.1777403076923077
-0.21633415384615384
-0.22864246153846152
-0.21654276923076923
-0.1704387692307692
-0.0988836923076923
-0.011056615384615385
0.07635323076923077
0.1435273846153846
0.19359507692307693
0.2138307692307692
0.21842030769230766
0.20944984615384615
0.17231630769230769
0.11390399999999999
0.03713353846153846
-0.03337846153846154
-0.09241661538461539
-0.1368516923076923
-0.17002153846153847
-0.19818461538461538
-0.20652923076923077
-0.1992276923076923
-0.17148184615384612
-0.13184492307692308
-0.09408553846153846
-0.042974769230769226
0.018775384615384614
0.08824430769230769
0.16501476923076921
0.22196676923076922
0.26160369230769226
0.28204799999999997
0.27453784615384613
0.24178523076923078
0.17690584615384616
0.0892873846153846
-0.02023569230769231
-0.12391753846153845
-0.20152246153846154
-0.249504
-0.26160369230769226
-0.2426196923076923
-0.18253846153846154
-0.1028473846153846
-0.013351384615384614
0.0826116923076923
0.157296
0.19755876923076923
0.19588984615384614
0.16251138461538459
0.11202646153846153
0.052571076923076915
-0.018775384615384614
-0.09909230769230769
-0.17461107692307692
-0.23844738461538462
-0.28163076923076924
-0.3045784615384615
-0.3095852307692307
-0.2858030769230769
-0.23135446153846154
-0.14290153846153844
-0.03045784615384615
0.07635323076923077
0.168144
0.2292683076923077
0.2670276923076923
0.28204799999999997
0.25951753846153847
0.20673784615384616
0.11640738461538462
0.01668923076923077
-0.06926030769230769
-0.13935507692307691
-0.1800350769230769
-0.20465169230769228
-0.2073636923076923
-0.18086953846153844
-0.12808984615384614
-0.05069353846153846
0.027120000000000002
0.09658892307692307
0.15875630769230767
0.2154996923076923
0.2655673846153846
0.29498215384615384
0.29039261538461536
0.23969907692307693
0.15228923076923076
0.04714707692307692
-0.054240000000000003
-0.13455692307692307
-0.20652923076923077
-0.2578486153846154
-0.26619323076923074
-0.23052
-0.14978584615384616
-0.05069353846153846
0.04172307692307692
0.12391753846153845
0.18525046153846153
0.22530461538461538
0.25117292307692307
0.24637476923076923
0.21195323076923075
0.16251138461538459
0.11056615384615384
0.06842584615384616
0.025659692307692307
-0.022530461538461537
-0.07656184615384615
-0.1151556923076923
-0.13476553846153844
-0.1314276923076923
-0.10076123076923077
-0.06884307692307692
-0.03421292307692308
0.003963692307692307
0.04547815384615384
0.09074769230769231
0.13101046153846155
0.15187199999999998
0.15520984615384617
0.1397723076923077
0.10910584615384614
0.07384984615384615
0.01856676923076923
-0.051528
-0.12955015384615384
-0.20193969230769232
-0.24095076923076922
-0.2411593846153846
-0.20632061538461538
-0.14394461538461537
-0.06905169230769231
0.026285538461538457
0.124752
0.21883753846153844
0.2920615384615385
0.3079163076923077
0.28100492307692304
0.20673784615384616
0.12245723076923076
0.02545107692307692
-0.10368184615384615
-0.19735015384615384
-0.27620676923076926
-0.2724516923076923
-0.19338646153846153
-0.011682461538461537
0.23198030769230768
0.3246055384615385
0.4612486153846154
0.5430258461538462
0.5615926153846154
0.5645132307692308
0.35860984615384617
0.13101046153846155
-0.1652233846153846
-0.38343507692307693
-0.4879513846153846
-0.6133292307692307
-0.6200049230769231
-0.604776
-0.42411507692307693
-0.10430769230769231
0.20047938461538461
0.5361415384615384
0.7088750769230768
0.7931556923076923
0.8317495384615384
0.71868
0.5645132307692308
0.28246523076923075
-0.03921969230769231
-0.28768061538461537
-0.5674338461538462
-0.6746621538461538
-0.6592246153846153
-0.5851661538461538
-0.3767593846153846
-0.20339999999999997
0.022530461538461537
0.2497126153846154
0.40846892307692306
0.5732750769230769
0.6026898461538461
0.5280055384615384
0.3919883076923077
0.20715507692307691
0.05444861538461539
-0.15604430769230768
-0.376968
-0.5334295384615384
-0.6421181538461538
-0.6154153846153846
-0.540731076923077
-0.45332123076923075
-0.30207507692307695
-0.15541846153846153
0.026494153846153844
0.19463815384615382
0.27850153846153847
0.35005661538461535
0.36445107692307693
0.3584012307692308
0.3646596923076923
0.3077076923076923
0.23072861538461537
0.11348676923076922
-0.021904615384615383
-0.13393107692307693
-0.25054707692307693
-0.3310726153846154
-0.37967999999999996
-0.36674584615384614
-0.301032
-0.22405292307692307
-0.07092923076923077
0.09283384615384616
0.238656
0.3752990769230769
0.43329415384615383
0.46354338461538463
0.4360061538461539
0.34588430769230766
0.23218892307692307
0.04735569230769231
-0.12767261538461538
-0.26723630769230766
-0.3978295384615384
-0.47668615384615387
-0.5204953846153846
-0.4879513846153846
-0.36340799999999995
-0.19839323076923077
-0.014603076923076923
0.14853415384615384
0.31083692307692307
0.44643692307692306
0.4950443076923077
0.4873255384615384
0.38677292307692307
0.22551323076923077
0.08010830769230769
-0.08323753846153846
-0.20319138461538463
-0.27704123076923076
-0.31855569230769226
-0.2805876923076923
-0.22175815384615383
-0.13184492307692308
-0.013768615384615384
0.08156861538461539
0.1597993846153846
0.2008966153846154
0.21195323076923075
0.1881710769230769
0.13372246153846154
0.08949599999999999
0.040679999999999994
0.002086153846153846
-0.021278769230769233
-0.03984553846153846
-0.023990769230769232
-0.007510153846153846
0.012308307692307691
0.03984553846153846
0.027745846153846152
0.021696
0.014394461538461538
-0.016272
-0.037967999999999995
-0.0717636923076923
-0.07885661538461539
-0.05027630769230769
-0.028163076923076923
0.017315076923076923
0.065088
0.10243015384615384
0.14540492307692307
0.16021661538461537
0.16897846153846155
0.15291507692307693
0.11411261538461538
0.07468430769230769
0.0008344615384615384
-0.058412307692307694
-0.10827138461538462
-0.14018953846153845
-0.13101046153846155
-0.14018953846153845
-0.14060676923076923
-0.1218313846153846
-0.08699261538461538
-0.010848
0.04860738461538461
0.0826116923076923
0.10368184615384615
0.09408553846153846
0.09137353846153846
0.0826116923076923
0.05862092307692307
0.03629907692307692
0.003129230769230769
-0.013142769230769229
-0.023364923076923075
-0.03963692307692308
-0.044435076923076924
-0.05757784615384615
-0.062376
-0.05924676923076923
-0.05820369230769231
-0.037967999999999995
-0.019609846153846155
0.005215384615384615
0.035255999999999996
0.055491692307692304
0.09971815384615385
0.14290153846153844
0.15750461538461538
0.14561353846153846
0.10263876923076923
0.06070707692307692
0.023364923076923075
-0.021904615384615383
-0.07426707692307692
-0.143736
-0.21007569230769232
-0.25159015384615385
-0.25242461538461536
-0.2209236923076923
-0.1908830769230769
-0.14999446153846155
-0.08740984615384616
-0.008136
0.0717636923076923
0.124752
0.1506203076923077
0.14331876923076922
0.10597661538461538
0.05528307692307692
-0.012308307692307691
-0.0855323076923077
-0.14519630769230768
-0.1829556923076923
-0.18879692307692306
-0.15604430769230768
-0.0963803076923077
-0.03337846153846154
0.03024923076923077
0.07948246153846153
0.11035753846153845
0.1316363076923077
0.1287156923076923
0.10639384615384614
0.06133292307692308
0.008344615384615384
-0.03567323076923076
-0.06905169230769231
-0.08490646153846154
-0.09846646153846153
-0.10597661538461538
-0.0961716923076923
-0.04902461538461538
0.03108369230769231
0.10660246153846153
0.15750461538461538
0.1693956923076923
0.14999446153846155
0.11432123076923076
0.05757784615384615
-0.01272553846153846
-0.08949599999999999
-0.16209415384615386
-0.20486030769230767
-0.20861538461538462
-0.16626646153846153
-0.092208
-0.008970461538461538
0.07697907692307693
0.15208061538461537
0.21737723076923077
0.2574313846153846
0.2591003076923077
0.2330233846153846
0.17732307692307692
0.10576799999999999
0.026702769230769228
-0.05674338461538461
-0.13038461538461538
-0.18921415384615384
-0.21925476923076925
-0.21737723076923077
-0.18963138461538462
-0.14081538461538462
-0.09116492307692307
-0.03609046153846154
0.033169846153846154
0.10243015384615384
0.168144
0.20173107692307693
0.20339999999999997
0.17899199999999998
0.13080184615384613
0.0826116923076923
0.01814953846153846
-0.05507446153846154
-0.12433476923076923
-0.18128676923076922
-0.19547261538461536
-0.17815753846153848
-0.14018953846153845
-0.08386338461538462
-0.02858030769230769
0.033169846153846154
0.09596307692307693
0.1449876923076923
0.18212123076923076
0.19797599999999999
0.19693292307692306
0.18191261538461537
0.1502030769230769
0.10576799999999999
0.04985907692307692
-0.014811692307692307
-0.07426707692307692
-0.12391753846153845
-0.16438892307692307
-0.18879692307692306
-0.20047938461538461
-0.1910916923076923
-0.15646153846153846
-0.10952307692307692
-0.04693846153846153
0.010639384615384617
0.05528307692307692
0.09596307692307693
0.1151556923076923
0.12454338461538461
0.10868861538461538
0.06759138461538462
0.019609846153846155
-0.037342153846153844
-0.07572738461538461
-0.09846646153846153
-0.103056
-0.09116492307692307
-0.0798996923076923
-0.05507446153846154
-0.023364923076923075
0.004589538461538461
0.03692492307692308
0.05236246153846154
0.06300184615384616
0.07635323076923077
0.08824430769230769
0.11202646153846153
0.12350030769230769
0.1356
0.14060676923076923
0.12850707692307692
0.11807630769230769
0.08219446153846154
0.02858030769230769
-0.03129230769230769
-0.08574092307692306
-0.11327815384615383
-0.12204
-0.11828492307692307
-0.10514215384615383
-0.07969107692307692
-0.03963692307692308
0.017732307692307693
0.07551876923076924
0.11828492307692307
0.14477907692307693
0.16292861538461537
0.1829556923076923
0.19380369230769232
0.19380369230769232
0.165432
0.11870215384615385
0.06759138461538462
0.011891076923076923
-0.03567323076923076
-0.08365476923076923
-0.1289243076923077
-0.1531236923076923
-0.14164984615384615
-0.08907876923076924
-0.011891076923076923
0.07134646153846153
0.14957723076923077
0.2125790769230769
0.25764
0.2724516923076923
0.26118646153846153
0.2140393846153846
0.12996738461538462
0.03921969230769231
-0.052571076923076915
-0.11953661538461538
-0.16480615384615382
-0.20193969230769232
-0.2127876923076923
-0.19714153846153845
-0.14164984615384615
-0.05778646153846154
0.026494153846153844
0.10368184615384615
0.15875630769230767
0.20402584615384614
0.23677846153846152
0.24282830769230768
0.22676492307692306
0.1760713846153846
0.11056615384615384
0.040679999999999994
-0.03108369230769231
-0.08991323076923076
-0.14436184615384615
-0.1760713846153846
-0.1785747692307692
-0.14916
-0.09012184615384615
-0.026285538461538457
0.040054153846153843
0.0974233846153846
0.1449876923076923
0.18399876923076922
0.20527753846153846
0.20381723076923075
0.165432
0.10493353846153847
0.04214030769230769
-0.011265230769230769
-0.048816000000000005
-0.07134646153846153
-0.0880356923076923
-0.09408553846153846
-0.08031692307692308
-0.05319692307692307
-0.012308307692307691
0.02482523076923077
0.06362769230769232
0.10722830769230769
0.14957723076923077
0.18796246153846152
0.2073636923076923
0.20381723076923075
0.17982646153846152
0.14853415384615384
0.11056615384615384
0.05736923076923077
-0.011473846153846154
-0.09304246153846155
-0.16438892307692307
-0.2056947692307692
-0.21654276923076923
-0.1994363076923077
-0.16438892307692307
-0.10409907692307692
-0.017732307692307693
0.06592246153846154
0.13372246153846154
0.1787833846153846
0.1860849230769231
0.1597993846153846
0.0974233846153846
0.020027076923076922
-0.06321046153846153
-0.16042523076923076
-0.2509643076923077
-0.328152
-0.3646596923076923
-0.3573581538461538
-0.31229723076923077
-0.23052
-0.12996738461538462
-0.014811692307692307
0.10472492307692308
0.21111876923076925
0.28163076923076924
0.30061476923076924
0.2582658461538461
0.17231630769230769
0.07155507692307693
-0.04985907692307692
-0.17544553846153846
-0.2791273846153846
-0.34504984615384615
-0.347136
-0.30270092307692303
-0.2290596923076923
-0.14540492307692307
-0.061750153846153844
0.03296123076923077
0.12788123076923075
0.20965846153846154
0.26681907692307694
0.273912
0.25951753846153847
0.23052
0.20924123076923076
0.26139507692307695
0.16793538461538463
0.03963692307692308
-0.04130584615384615
-0.16772676923076923
-0.14415323076923076
-0.20235692307692305
-0.254928
-0.2716172307692308
-0.2899753846153846
-0.09804923076923076
0.040262769230769234
0.19526400000000002
0.2845513846153846
0.29748553846153847
0.4072172307692307
0.4049224615384615
0.4262012307692308
0.32335384615384616
0.09179076923076923
-0.040054153846153843
-0.208824
-0.23510953846153848
-0.21696000000000001
-0.23135446153846154
-0.10493353846153847
-0.05507446153846154
0.04756430769230769
0.22864246153846152
0.29644246153846154
0.38719015384615385
0.35047384615384614
0.2415766153846154
0.1639716923076923
0.029414769230769227
-0.0070929230769230765
-0.05069353846153846
-0.12391753846153845
-0.15187199999999998
-0.1777403076923077
-0.11014892307692307
-0.04985907692307692
-0.04214030769230769
-0.03755076923076923
-0.086784
-0.06633969230769231
-0.014394461538461538
-0.016063384615384615
-0.005215384615384615
-0.04109723076923077
-0.05507446153846154
-0.006884307692307692
0.0016689230769230767
0.01981846153846154
0.01668923076923077
-0.021487384615384613
-0.0016689230769230767
0.0035464615384615383
-0.0077187692307692304
-0.04672984615384615
-0.13455692307692307
-0.19004861538461537
-0.23093723076923076
-0.22780799999999998
-0.19547261538461536
-0.127464
-0.025033846153846153
0.02899753846153846
0.1151556923076923
0.1842073846153846
0.19004861538461537
0.18212123076923076
0.09283384615384616
-0.00855323076923077
-0.09867507692307692
-0.19651569230769228
-0.23135446153846154
-0.2772498461538462
-0.29685969230769227
-0.23969907692307693
-0.17148184615384612
-0.07405846153846153
-0.009179076923076922
0.03650769230769231
0.09429415384615383
0.12370892307692308
0.14311015384615386
0.10597661538461538
0.04631261538461538
0.004589538461538461
-0.052153846153846155
-0.08323753846153846
-0.11640738461538462
-0.16334584615384617
-0.16710092307692306
-0.16772676923076923
-0.13247076923076923
-0.05319692307692307
-0.0025033846153846152
0.04944184615384615
0.06675692307692307
0.05590892307692308
0.05924676923076923
0.045895384615384616
0.04193169230769231
0.018983999999999997
-0.014603076923076923
-0.025659692307692307
-0.023990769230769232
0.02795446153846154
0.0855323076923077
0.13455692307692307
0.16772676923076923
0.157296
0.14916
0.1178676923076923
0.06633969230769231
0.028163076923076923
-0.03713353846153846
-0.08177723076923075
-0.06717415384615384
-0.03713353846153846
0.008136
0.03859384615384615
0.07009476923076922
0.14686523076923075
0.2154996923076923
0.25138153846153843
0.23677846153846152
0.1652233846153846
0.09012184615384615
0.014603076923076923
-0.047772923076923074
-0.10514215384615383
-0.173568
-0.20632061538461538
-0.21132738461538458
-0.1733593846153846
-0.09679753846153846
-0.026702769230769228
0.0609156923076923
0.12955015384615384
0.16438892307692307
0.184416
0.16751815384615384
0.14582215384615385
0.10222153846153846
0.016063384615384615
-0.06008123076923077
-0.119328
-0.13789476923076924
-0.11265230769230769
-0.07843938461538462
-0.02795446153846154
0.023364923076923075
0.07635323076923077
0.13080184615384613
0.14936861538461538
0.13601723076923075
0.09909230769230769
0.059664
0.024408000000000003
-0.02315630769230769
-0.047772923076923074
-0.05507446153846154
-0.04088861538461538
0.001043076923076923
0.031918153846153846
0.06383630769230769
0.09199938461538461
0.09971815384615385
0.0897046153846154
0.059664
0.015437538461538461
-0.03150092307692308
-0.08490646153846154
-0.1289243076923077
-0.1543753846153846
-0.17085599999999998
-0.15771323076923077
-0.11494707692307692
-0.042348923076923076
0.03650769230769231
0.09721476923076922
0.15291507692307693
0.17648861538461538
0.16647507692307692
0.1207883076923077
0.03838523076923077
-0.03483876923076923
-0.10910584615384614
-0.1706473846153846
-0.1990190769230769
-0.20256553846153844
-0.16438892307692307
-0.11056615384615384
-0.04422646153846154
0.03400430769230769
0.10180430769230768
0.16584923076923075
0.21007569230769232
0.22300984615384614
0.20486030769230767
0.15562707692307692
0.09846646153846153
0.04568676923076923
-0.006049846153846154
-0.05403138461538461
-0.103056
-0.1289243076923077
-0.119328
-0.08323753846153846
-0.027745846153846152
0.010848
0.043600615384615383
0.08094276923076923
0.100344
0.11181784615384616
0.10806276923076923
0.09429415384615383
0.07739630769230768
0.051528
0.04401784615384615
0.044435076923076924
0.030875076923076922
0.006675692307692307
-0.021696
-0.038176615384615385
-0.05924676923076923
-0.07405846153846153
-0.08094276923076923
-0.10347323076923076
-0.11202646153846153
-0.1070196923076923
-0.07802215384615384
-0.026702769230769228
0.014603076923076923
0.04902461538461538
0.07426707692307692
0.1028473846153846
0.13393107692307693
0.14477907692307693
0.1178676923076923
0.06133292307692308
0.003963692307692307
-0.043392
-0.08094276923076923
-0.11348676923076922
-0.13998092307692306
-0.14477907692307693
-0.11703323076923078
-0.05048492307692308
0.03984553846153846
0.12412615384615384
0.19046584615384615
0.24345415384615382
0.279336
0.2845513846153846
0.2655673846153846
0.2236356923076923
0.15562707692307692
0.08574092307692306
0.015020307692307692
-0.03880246153846154
-0.06300184615384616
-0.078648
-0.0717636923076923
-0.044435076923076924
0.0050067692307692304
0.07843938461538462
0.14477907692307693
0.19693292307692306
0.22718215384615387
0.23093723076923076
0.2194633846153846
0.1881710769230769
0.1316363076923077
0.05277969230769231
-0.031709538461538456
-0.08720123076923077
-0.11432123076923076
-0.11682461538461539
-0.10117846153846152
-0.07948246153846153
-0.029623384615384614
0.026911384615384615
0.08094276923076923
0.13101046153846155
0.13810338461538463
0.1205796923076923
0.09262523076923077
0.06362769230769232
0.04631261538461538
0.015020307692307692
-0.017523692307692306
-0.04380923076923077
-0.06216738461538462
-0.07030338461538461
-0.07259815384615384
-0.07030338461538461
-0.08490646153846154
-0.09491999999999999
-0.08574092307692306
-0.065088
-0.03588184615384615
-0.015228923076923076
-0.0070929230769230765
-0.001043076923076923
0.0022947692307692304
0.005841230769230769
-0.003129230769230769
-0.03901107692307692
-0.08219446153846154
-0.111192
-0.11891076923076922
-0.10389046153846154
-0.0771876923076923
-0.05716061538461538
-0.03650769230769231
-0.014185846153846153
0.010013538461538461
0.03212676923076923
0.033169846153846154
0.021070153846153846
0.009596307692307692
0.00855323076923077
0.01981846153846154
0.03379569230769231
0.040054153846153843
0.032544
0.021278769230769233
0.009804923076923077
0.0070929230769230765
-0.0022947692307692304
-0.03108369230769231
-0.054240000000000003
-0.06300184615384616
-0.053614153846153846
-0.026702769230769228
0.006258461538461538
0.03233538461538461
0.05090215384615384
0.06571384615384615
0.08574092307692306
0.09554584615384615
0.07301538461538462
0.040262769230769234
0.008970461538461538
-0.01668923076923077
-0.03650769230769231
-0.052571076923076915
-0.06571384615384615
-0.07510153846153846
-0.07092923076923077
-0.04860738461538461
-0.004798153846153846
0.03838523076923077
0.07259815384615384
0.10722830769230769
0.14311015384615386
0.17628
0.19526400000000002
0.18900553846153845
0.14394461538461537
0.08010830769230769
0.014185846153846153
-0.046104
-0.09909230769230769
-0.16063384615384615
-0.21237046153846154
-0.23239753846153846
-0.21883753846153844
-0.1783661538461538
-0.12120553846153845
-0.06613107692307692
-0.017940923076923077
0.019192615384615384
0.040262769230769234
0.04652123076923077
0.016897846153846156
-0.03859384615384615
-0.09283384615384616
-0.14811692307692306
-0.18525046153846153
-0.20047938461538461
-0.21028430769230766
-0.2090326153846154
-0.19296923076923078
-0.14603076923076924
-0.08135999999999999
-0.013560000000000001
0.0446436923076923
0.09533723076923077
0.15208061538461537
0.19755876923076923
0.23156307692307693
0.24053353846153847
0.22300984615384614
0.18900553846153845
0.14665661538461539
0.09930092307692308
0.04526953846153846
-0.011473846153846154
-0.06821723076923077
-0.10848000000000001
-0.12642092307692307
-0.11599015384615384
-0.08115138461538463
-0.040262769230769234
0.0008344615384615384
0.03921969230769231
0.07656184615384615
0.111192
0.13622584615384614
0.14144123076923076
0.12329169230769231
0.09179076923076923
0.04860738461538461
0.002712
-0.040054153846153843
-0.086784
-0.12850707692307692
-0.15646153846153846
-0.16730953846153845
-0.15792184615384616
-0.13706030769230768
-0.10076123076923077
-0.04526953846153846
0.022530461538461537
0.09512861538461538
0.1504116923076923
0.1846246153846154
0.20027076923076922
0.19505538461538463
0.16271999999999998
0.11286092307692308
0.04944184615384615
-0.027745846153846152
-0.1045163076923077
-0.1829556923076923
-0.24616615384615384
-0.28017046153846153
-0.30290953846153845
-0.3127144615384615
-0.31188
-0.2966510769230769
-0.28476
-0.23135446153846154
-0.12141415384615384
0.0
0.1733593846153846
0.3187643076923077
0.4620830769230769
0.5878781538461538
0.6387803076923076
0.6279323076923077
0.49337538461538455
0.2943563076923077
0.05382276923076923
-0.16647507692307692
-0.38885907692307686
-0.5620098461538461
-0.6287667692307692
-0.6323132307692307
-0.484404923076923
-0.2726603076923077
-0.019609846153846155
0.254928
0.484404923076923
0.6581815384615385
0.7082492307692307
0.6250116923076923
0.42307199999999995
0.17461107692307692
-0.10827138461538462
-0.3775938461538461
-0.571188923076923
-0.6992787692307693
-0.6802947692307691
-0.5449033846153846
-0.3346190769230769
-0.07197230769230768
0.15124615384615384
0.34296369230769225
0.48628246153846155
0.5167403076923076
0.4714707692307692
0.3577753846153846
0.2090326153846154
0.09158215384615384
-0.005632615384615384
-0.06300184615384616
-0.09992676923076924
-0.11974523076923077
-0.124752
-0.12767261538461538
-0.11181784615384616
-0.09992676923076924
-0.07343261538461537
-0.030875076923076922
-0.009804923076923077
0.007301538461538462
-0.0002086153846153846
-0.017940923076923077
-0.008136
-0.019609846153846155
-0.01668923076923077
0.021070153846153846
0.07468430769230769
0.14561353846153846
0.19067446153846154
0.17419384615384614
0.10535076923076922
0.010013538461538461
-0.10660246153846153
-0.21800307692307694
-0.306456
-0.3548547692307692
-0.3377483076923077
-0.23907323076923076
-0.07802215384615384
0.11411261538461538
0.30019753846153846
0.4320424615384615
0.5204953846153846
0.5282141538461538
0.44956615384615384
0.3252313846153846
0.1652233846153846
0.01668923076923077
-0.10806276923076923
-0.20027076923076922
-0.22843384615384613
-0.19755876923076923
-0.12266584615384615
-0.021278769230769233
0.09179076923076923
0.20986707692307693
0.31918153846153846
0.4105550769230769
0.4326683076923077
0.38426953846153844
0.3079163076923077
0.1881710769230769
0.06258461538461538
-0.06717415384615384
-0.18900553846153845
-0.2422024615384615
-0.2497126153846154
-0.20131384615384615
-0.09450276923076922
0.027120000000000002
0.15938215384615384
0.2751636923076923
0.3375396923076923
0.34651015384615386
0.2858030769230769
0.18149538461538461
0.06633969230769231
-0.04318338461538461
-0.13476553846153844
-0.19463815384615382
-0.19067446153846154
-0.14790830769230767
-0.06216738461538462
0.05570030769230769
0.15959076923076923
0.24887815384615386
0.2937304615384615
0.2870547692307692
0.24095076923076922
0.13935507692307691
0.009387692307692307
-0.11599015384615384
-0.24053353846153847
-0.3321156923076923
-0.36945784615384614
-0.36632861538461536
-0.317304
-0.23281476923076924
-0.12955015384615384
-0.017315076923076923
0.08824430769230769
0.173568
0.2138307692307692
0.19985353846153847
0.13184492307692308
0.029832
-0.07155507692307693
-0.17148184615384612
-0.25430215384615384
-0.3214763076923077
-0.3675803076923077
-0.3508910769230769
-0.27599815384615384
-0.1718990769230769
-0.047772923076923074
0.06592246153846154
0.1558356923076923
0.23052
0.2647329230769231
0.26348123076923075
0.2157083076923077
0.13101046153846155
0.04965046153846154
-0.02232184615384615
-0.06926030769230769
-0.08907876923076924
-0.08824430769230769
-0.08031692307692308
-0.059872615384615385
-0.030040615384615384
-0.011682461538461537
-0.004172307692307692
-0.009179076923076922
-0.026494153846153844
-0.042348923076923076
-0.04047138461538462
-0.023782153846153845
0.002712
0.028163076923076923
0.05048492307692308
0.08615815384615384
0.12642092307692307
0.16647507692307692
0.19505538461538463
0.18316430769230768
0.14874276923076923
0.11181784615384616
0.06821723076923077
0.020027076923076922
-0.035255999999999996
-0.08949599999999999
-0.11724184615384614
-0.11286092307692308
-0.08490646153846154
-0.03045784615384615
0.02232184615384615
0.07238953846153846
0.12704676923076924
0.15228923076923076
0.1543753846153846
0.12579507692307693
0.053614153846153846
-0.031709538461538456
-0.12016246153846154
-0.19797599999999999
-0.24866953846153847
-0.2753723076923077
-0.26723630769230766
-0.22530461538461538
-0.15646153846153846
-0.07155507692307693
0.012099692307692308
0.07614461538461538
0.10389046153846154
0.10138707692307691
0.06988615384615385
0.011265230769230769
-0.05736923076923077
-0.12788123076923075
-0.18358153846153846
-0.20152246153846154
-0.1858763076923077
-0.12788123076923075
-0.042974769230769226
0.0448523076923077
0.14081538461538462
0.21758584615384616
0.2641070769230769
0.2682793846153846
0.21821169230769227
0.13768615384615385
0.040054153846153843
-0.04965046153846154
-0.12016246153846154
-0.16167692307692308
-0.16167692307692308
-0.13184492307692308
-0.06884307692307692
0.013768615384615384
0.0897046153846154
0.14686523076923075
0.16480615384615382
0.146448
0.111192
0.04819015384615385
-0.029414769230769227
-0.11432123076923076
-0.1927606153846154
-0.23385784615384617
-0.2424110769230769
-0.21111876923076925
-0.15604430769230768
-0.08469784615384615
-0.0018775384615384615
0.07280676923076923
0.14561353846153846
0.19213476923076922
0.2073636923076923
0.18963138461538462
0.1397723076923077
0.08094276923076923
0.02273907692307692
-0.021696
-0.06049846153846154
-0.09199938461538461
-0.10535076923076922
-0.10263876923076923
-0.07739630769230768
-0.03838523076923077
-0.009804923076923077
0.00855323076923077
0.018775384615384614
0.015646153846153844
0.004798153846153846
-0.012099692307692308
-0.031709538461538456
-0.05486584615384615
-0.06550523076923077
-0.045060923076923075
-0.011056615384615385
0.03045784615384615
0.06863446153846153
0.09533723076923077
0.11432123076923076
0.10952307692307692
0.08323753846153846
0.031918153846153846
-0.04214030769230769
-0.10681107692307691
-0.14603076923076924
-0.16063384615384615
-0.1397723076923077
-0.09283384615384616
-0.021904615384615383
0.06216738461538462
0.14269292307692305
0.20673784615384616
0.2275993846153846
0.21800307692307694
0.17377661538461536
0.10535076923076922
0.023990769230769232
-0.07551876923076924
-0.16251138461538459
-0.2369870769230769
-0.29227015384615385
-0.30270092307692303
-0.2647329230769231
-0.18858830769230767
-0.08907876923076924
0.01814953846153846
0.12934153846153845
0.222384
0.2764153846153846
0.2868461538461538
0.24053353846153847
0.15520984615384617
0.04318338461538461
-0.07134646153846153
-0.165432
-0.23364923076923078
-0.2568055384615385
-0.22780799999999998
-0.13726892307692307
-0.011056615384615385
0.12558646153846154
0.2482523076923077
0.32982092307692307
0.37655076923076924
0.3727956923076923
0.3179298461538461
0.20527753846153846
0.04318338461538461
-0.11703323076923078
-0.24282830769230768
-0.3035353846153846
-0.30290953846153845
-0.2641070769230769
-0.18191261538461537
-0.06049846153846154
0.08073415384615384
0.20486030769230767
0.28434276923076923
0.30937661538461536
0.27850153846153847
0.2056947692307692
0.11724184615384614
0.026494153846153844
-0.06821723076923077
-0.15354092307692307
-0.20444307692307692
-0.1990190769230769
-0.14540492307692307
-0.06133292307692308
0.03984553846153846
0.1397723076923077
0.2292683076923077
0.2970683076923077
0.3383741538461538
0.34588430769230766
0.3114627692307692
0.23969907692307693
0.1424843076923077
0.05048492307692308
-0.018358153846153843
-0.06383630769230769
-0.08490646153846154
-0.08302892307692307
-0.04714707692307692
0.03108369230769231
0.12412615384615384
0.20256553846153844
0.24470584615384613
0.23510953846153848
0.19755876923076923
0.143736
0.078648
0.004172307692307692
-0.0853236923076923
-0.14540492307692307
-0.1635544615384615
-0.15249784615384615
-0.11745046153846153
-0.0826116923076923
-0.055491692307692304
-0.04109723076923077
-0.03713353846153846
-0.03921969230769231
-0.05236246153846154
-0.07781353846153846
-0.10806276923076923
-0.12099692307692309
-0.10597661538461538
-0.07551876923076924
-0.038176615384615385
-0.003129230769230769
0.03442153846153846
0.07030338461538461
0.09784061538461537
0.11828492307692307
0.10555938461538462
0.05674338461538461
-0.012934153846153845
-0.07677046153846154
-0.12245723076923076
-0.15166338461538462
-0.16292861538461537
-0.15354092307692307
-0.10430769230769231
-0.024616615384615383
0.07009476923076922
0.15771323076923077
0.2154996923076923
0.2482523076923077
0.2399076923076923
0.19755876923076923
0.12725538461538463
0.028788923076923077
-0.06654830769230768
-0.15416676923076922
-0.21049292307692305
-0.2207150769230769
-0.1927606153846154
-0.13726892307692307
-0.061124307692307686
0.024616615384615383
0.11035753846153845
0.1869193846153846
0.22551323076923077
0.22864246153846152
0.18858830769230767
0.119328
0.044435076923076924
-0.02899753846153846
-0.0892873846153846
-0.13914646153846155
-0.1612596923076923
-0.14853415384615384
-0.10660246153846153
-0.044435076923076924
0.013560000000000001
0.06279323076923077
0.09909230769230769
0.11390399999999999
0.11098338461538461
0.08156861538461539
0.02211323076923077
-0.05236246153846154
-0.12808984615384614
-0.1860849230769231
-0.21153599999999997
-0.2021483076923077
-0.16209415384615386
-0.09283384615384616
-0.010222153846153844
0.07051199999999999
0.13455692307692307
0.1597993846153846
0.14728246153846153
0.10639384615384614
0.055491692307692304
-0.008344615384615384
-0.06279323076923077
-0.13267938461538462
-0.20715507692307691
-0.23114584615384615
-0.21737723076923077
-0.15145476923076923
-0.05820369230769231
0.03483876923076923
0.12767261538461538
0.21800307692307694
0.3081249230769231
0.4641692307692307
0.471888
0.30436984615384616
0.1800350769230769
-0.028163076923076923
-0.09909230769230769
-0.1489513846153846
-0.3713353846153846
-0.49546153846153845
-0.6175015384615384
-0.5154886153846154
-0.2931046153846154
-0.13810338461538463
0.053405538461538456
0.10868861538461538
0.3049956923076923
0.497964923076923
0.5924676923076923
0.63732
0.40095876923076923
0.2357353846153846
0.06905169230769231
-0.10222153846153846
-0.12433476923076923
-0.290184
-0.3156350769230769
-0.2868461538461538
-0.30207507692307695
-0.09012184615384615
0.017523692307692306
0.14519630769230768
0.28392553846153845
0.22697353846153845
0.2559710769230769
0.23656984615384613
0.22321846153846153
0.26911384615384615
0.1570873846153846
0.06738276923076922
-0.024199384615384616
-0.06425353846153846
-0.011891076923076923
-0.07405846153846153
-0.13476553846153844
-0.21737723076923077
-0.25367630769230765
-0.15416676923076922
-0.13601723076923075
-0.11619876923076923
-0.10076123076923077
-0.116616
0.0002086153846153846
0.07531015384615385
0.12224861538461537
0.19609846153846153
0.17148184615384612
0.20110523076923076
0.21800307692307694
0.15833907692307692
0.09387692307692307
-0.04839876923076923
-0.1760713846153846
-0.27286892307692306
-0.3475532307692307
-0.36257353846153845
-0.33524492307692305
-0.22551323076923077
-0.1287156923076923
-0.012308307692307691
0.15479261538461536
0.23844738461538462
0.32001599999999997
0.3239796923076923
0.21988061538461537
0.1506203076923077
0.02044430769230769
-0.10597661538461538
-0.21988061538461537
-0.35297723076923077
-0.36904061538461536
-0.3517255384615385
-0.2920615384615385
-0.1869193846153846
-0.1045163076923077
0.046104
0.20339999999999997
0.31250584615384613
0.35568923076923076
0.30207507692307695
0.26368984615384616
0.19296923076923078
0.08156861538461539
-0.02524246153846154
-0.1867107692307692
-0.265776
-0.268488
-0.25471938461538457
-0.1368516923076923
-0.02545107692307692
0.0853236923076923
0.21654276923076923
0.26139507692307695
0.2953993846153846
0.27704123076923076
0.18399876923076922
0.08177723076923075
-0.056951999999999996
-0.1712732307692308
-0.25242461538461536
-0.2868461538461538
-0.2582658461538461
-0.21696000000000001
-0.13330523076923076
-0.05716061538461538
0.015854769230769228
0.11411261538461538
0.14665661538461539
0.16000799999999998
0.13393107692307693
0.06529661538461538
0.05507446153846154
0.03212676923076923
-0.0018775384615384615
-0.02023569230769231
-0.06321046153846153
-0.05048492307692308
0.0012516923076923076
0.030040615384615384
0.040262769230769234
0.010013538461538461
-0.021070153846153846
-0.03775938461538462
-0.06300184615384616
-0.08240307692307691
-0.10743692307692307
-0.11870215384615385
-0.10889723076923077
-0.0892873846153846
-0.029832
0.021070153846153846
0.08073415384615384
0.14290153846153844
0.1476996923076923
0.14832553846153845
0.11411261538461538
0.05736923076923077
0.011473846153846154
-0.08323753846153846
-0.17815753846153848
-0.24199384615384617
-0.27558092307692306
-0.24595753846153845
-0.19150892307692308
-0.11724184615384614
-0.01668923076923077
0.09512861538461538
0.22008923076923076
0.3148006153846154
0.37008369230769234
0.371544
0.3114627692307692
0.2292683076923077
0.10368184615384615
-0.025659692307692307
-0.130176
-0.21195323076923075
-0.22968553846153844
-0.21737723076923077
-0.15938215384615384
-0.047772923076923074
0.07572738461538461
0.19526400000000002
0.27474646153846155
0.31542646153846154
0.32606584615384615
0.31208861538461535
0.26306399999999996
0.17148184615384612
0.06133292307692308
-0.05069353846153846
-0.1356
-0.1785747692307692
-0.1942209230769231
-0.19317784615384614
-0.17252492307692308
-0.1316363076923077
-0.06154153846153846
0.011473846153846154
0.06300184615384616
0.11452984615384615
0.13893784615384613
0.14832553846153845
0.16105107692307694
0.15145476923076923
0.1489513846153846
0.14164984615384615
0.11223507692307692
0.07531015384615385
0.03108369230769231
-0.00855323076923077
-0.04172307692307692
-0.07405846153846153
-0.10597661538461538
-0.12934153846153845
-0.12621230769230768
-0.10660246153846153
-0.07802215384615384
-0.04088861538461538
-0.013768615384615384
0.02086153846153846
0.07238953846153846
0.12141415384615384
0.16251138461538459
0.1710646153846154
0.15354092307692307
0.13893784615384613
0.11077476923076923
0.08177723076923075
0.040679999999999994
-0.03713353846153846
-0.10222153846153846
-0.13998092307692306
-0.14603076923076924
-0.11745046153846153
-0.08636676923076922
-0.046104
0.005841230769230769
0.06550523076923077
0.13747753846153846
0.19651569230769228
0.22467876923076924
0.20652923076923077
0.16167692307692308
0.10952307692307692
0.04735569230769231
-0.009179076923076922
-0.06675692307692307
-0.12433476923076923
-0.1489513846153846
-0.15166338461538462
-0.13768615384615385
-0.10055261538461538
-0.07364123076923076
-0.04839876923076923
-0.02858030769230769
-0.006049846153846154
0.026285538461538457
0.04130584615384615
0.04214030769230769
0.03275261538461539
0.019609846153846155
0.0022947692307692304
-0.016063384615384615
-0.03713353846153846
-0.058829538461538454
-0.07051199999999999
-0.06195876923076923
-0.03901107692307692
-0.010848
0.011682461538461537
0.02858030769230769
0.05444861538461539
0.07760492307692309
0.09825784615384614
0.11202646153846153
0.10806276923076923
0.10555938461538462
0.11140061538461538
0.12245723076923076
0.132888
0.12204
0.08949599999999999
0.045895384615384616
-0.006049846153846154
-0.04526953846153846
-0.07781353846153846
-0.11160923076923077
-0.11870215384615385
-0.10597661538461538
-0.06571384615384615
-0.005215384615384615
0.05924676923076923
0.11974523076923077
0.14749107692307692
0.15792184615384616
0.13998092307692306
0.08594953846153845
0.018775384615384614
-0.07092923076923077
-0.16209415384615386
-0.21174461538461536
-0.2127876923076923
-0.15896492307692306
-0.08094276923076923
0.005632615384615384
0.10576799999999999
0.19568123076923075
0.2814221538461538
0.33670523076923076
0.33899999999999997
0.2858030769230769
0.18900553846153845
0.08010830769230769
-0.03421292307692308
-0.14060676923076923
-0.22864246153846152
-0.2906012307692308
-0.2995716923076923
-0.24908676923076922
-0.15875630769230767
-0.042974769230769226
0.06654830769230768
0.16271999999999998
0.2422024615384615
0.2695310769230769
0.24199384615384617
0.1635544615384615
0.041514461538461535
-0.09658892307692307
-0.22530461538461538
-0.32543999999999995
-0.38990215384615384
-0.4049224615384615
-0.3675803076923077
-0.2822566153846154
-0.16105107692307694
-0.026494153846153844
0.10639384615384614
0.20861538461538462
0.26368984615384616
0.2837169230769231
0.26097784615384617
0.20047938461538461
0.1151556923076923
0.0008344615384615384
-0.10597661538461538
-0.18337292307692307
-0.21633415384615384
-0.19609846153846153
-0.15479261538461536
-0.10430769230769231
-0.047772923076923074
0.003755076923076923
0.04568676923076923
0.07030338461538461
0.06383630769230769
0.03379569230769231
-0.0012516923076923076
-0.031918153846153846
-0.05194523076923077
-0.05298830769230769
-0.045895384615384616
-0.026911384615384615
0.006049846153846154
0.03379569230769231
0.059038153846153844
0.06675692307692307
0.04985907692307692
0.021070153846153846
-0.01668923076923077
-0.05194523076923077
-0.07009476923076922
-0.07259815384615384
-0.06070707692307692
-0.023364923076923075
0.027120000000000002
0.0880356923076923
0.14832553846153845
0.18212123076923076
0.18963138461538462
0.16689230769230767
0.12162276923076921
0.06154153846153846
-0.0050067692307692304
-0.07259815384615384
-0.12120553846153845
-0.1368516923076923
-0.12204
-0.07969107692307692
-0.018983999999999997
0.04526953846153846
0.09867507692307692
0.14957723076923077
0.1760713846153846
0.17481969230769231
0.13893784615384613
0.06425353846153846
-0.017523692307692306
-0.10576799999999999
-0.17544553846153846
-0.21320492307692307
-0.21862892307692305
-0.1760713846153846
-0.09512861538461538
0.0025033846153846152
0.10618523076923077
0.19526400000000002
0.24720923076923076
0.26681907692307694
0.25138153846153843
0.21111876923076925
0.15354092307692307
0.07009476923076922
-0.026285538461538457
-0.11765907692307691
-0.18128676923076922
-0.2157083076923077
-0.20694646153846152
-0.15500123076923078
-0.08782707692307692
-0.0014603076923076922
0.09304246153846155
0.1712732307692308
0.22300984615384614
0.23531815384615382
0.2021483076923077
0.1422756923076923
0.05507446153846154
-0.04693846153846153
-0.1476996923076923
-0.23135446153846154
-0.26932246153846157
-0.2666104615384615
-0.2236356923076923
-0.15646153846153846
-0.07948246153846153
-0.0014603076923076922
0.06633969230769231
0.11640738461538462
0.14540492307692307
0.15604430769230768
0.13601723076923075
0.09450276923076922
0.04109723076923077
-0.019609846153846155
-0.07092923076923077
-0.11536430769230768
-0.13622584615384614
-0.12537784615384615
-0.08991323076923076
-0.03275261538461539
0.017523692307692306
0.058412307692307694
0.07656184615384615
0.07030338461538461
0.04714707692307692
0.009804923076923077
-0.027745846153846152
-0.0828203076923077
-0.13101046153846155
-0.17481969230769231
-0.1992276923076923
-0.2073636923076923
-0.20298276923076922
-0.1908830769230769
-0.1696043076923077
-0.1205796923076923
-0.04693846153846153
0.0771876923076923
0.26160369230769226
0.4685501538461538
0.5976830769230769
0.7510153846153845
0.8563661538461539
0.8960030769230769
0.8830689230769231
0.6796689230769231
0.4115981538461538
0.021070153846153846
-0.3565236923076923
-0.6894738461538461
-1.0328547692307692
-1.2206086153846154
-1.3199095384615382
-1.1897335384615384
-0.8615815384615384
-0.40659138461538463
0.18963138461538462
0.7197230769230769
1.1991212307692307
1.530611076923077
1.6311636923076922
1.5274818461538462
1.1446726153846154
0.5991433846153846
-0.028163076923076923
-0.7003218461538462
-1.2281187692307691
-1.5992455384615385
-1.7611310769230768
-1.6513993846153847
-1.3754012307692307
-0.9008012307692307
-0.3333673846153846
0.26535876923076923
0.8588695384615385
1.2952929230769232
1.5660756923076922
1.6382566153846154
1.5039083076923077
1.2045452307692308
0.7414190769230768
0.19505538461538463
-0.3600701538461538
-0.8763932307692307
-1.24752
-1.4732418461538461
-1.5374953846153847
-1.4142036923076922
-1.144464
-0.742044923076923
-0.2828824615384615
0.17398523076923075
0.611868923076923
0.9479483076923076
1.1738787692307693
1.2813156923076923
1.2201913846153847
1.0357753846153845
0.7197230769230769
0.3179298461538461
-0.1314276923076923
-0.6066535384615385
-1.0211723076923076
-1.353288
-1.5370781538461538
-1.5575224615384615
-1.4112830769230769
-1.063104
-0.5812024615384616
-0.0016689230769230767
0.6072793846153846
1.1384141538461539
1.5525156923076922
1.7717704615384613
1.7680153846153845
1.541041846153846
1.0927273846153847
0.5313433846153847
-0.08949599999999999
-0.7042855384615384
-1.2062141538461537
-1.5702479999999999
-1.728587076923077
-1.6670455384615384
-1.4062763076923075
-0.9510775384615384
-0.368832
0.29644246153846154
0.9510775384615384
1.4790830769230767
1.829556923076923
1.9328215384615386
1.7757341538461537
1.3987661538461538
0.8336270769230769
0.18274707692307693
-0.46708984615384613
-1.0368184615384615
-1.4319359999999999
-1.6491046153846154
-1.6551544615384615
-1.4365255384615385
-1.0514215384615384
-0.533220923076923
0.037342153846153844
0.5786990769230769
1.027222153846154
1.3280455384615384
1.470529846153846
1.4446615384615384
1.2506492307692307
0.9176990769230768
0.49045476923076925
0.040054153846153843
-0.38009723076923074
-0.7228523076923077
-0.9531636923076923
-1.0812535384615385
-1.0816707692307692
-0.951912
-0.7228523076923077
-0.404088
-0.04756430769230769
0.30270092307692303
0.6239686153846153
0.8584523076923076
1.004065846153846
1.0445372307692307
0.9604652307692307
0.7860627692307691
0.5238332307692307
0.233232
-0.05444861538461539
-0.3206418461538461
-0.5378104615384616
-0.71868
-0.8229876923076923
-0.836964923076923
-0.750180923076923
-0.5720233846153846
-0.35631507692307696
-0.111192
0.14916
0.42077723076923074
0.693228923076923
0.9012184615384615
1.0057347692307692
0.9930092307692308
0.8655452307692308
0.6550523076923076
0.38656430769230765
0.07927384615384615
-0.23928184615384615
-0.5286313846153846
-0.7349519999999999
-0.8277858461538461
-0.8033778461538461
-0.6777913846153846
-0.49024615384615383
-0.25159015384615385
0.018983999999999997
0.29101846153846156
0.5342640000000001
0.6988615384615385
0.7793870769230768
0.7668701538461539
0.6721587692307691
0.5338467692307692
0.360696
0.16647507692307692
-0.037342153846153844
-0.21174461538461536
-0.3239796923076923
-0.371544
-0.3686233846153846
-0.33983446153846153
-0.2951907692307692
-0.22989415384615383
-0.1397723076923077
-0.04088861538461538
0.04422646153846154
0.09471138461538461
0.12996738461538462
0.15667015384615385
0.17899199999999998
0.1927606153846154
0.17544553846153846
0.13226215384615383
0.06383630769230769
-0.0070929230769230765
-0.07739630769230768
-0.15541846153846153
-0.23469230769230767
-0.31250584615384613
-0.3811403076923077
-0.42328061538461537
-0.42599261538461536
-0.39699507692307695
-0.3448412307692308
-0.27453784615384613
-0.17294215384615383
-0.03692492307692308
0.11098338461538461
0.23907323076923076
0.3170953846153846
0.3375396923076923
0.31083692307692307
0.24574892307692306
0.14811692307692306
0.013560000000000001
-0.15082892307692305
-0.3143833846153846
-0.42995630769230764
-0.47647753846153845
-0.4633347692307692
-0.3917796923076923
-0.27850153846153847
-0.1316363076923077
0.04652123076923077
0.23093723076923076
0.3844781538461538
0.47355692307692304
0.48586523076923077
0.4387181538461538
0.3481790769230769
0.22300984615384614
0.07551876923076924
-0.08907876923076924
-0.23448369230769228
-0.336288
-0.39991569230769225
-0.4193169230769231
-0.39741230769230773
-0.34296369230769225
-0.26306399999999996
-0.16730953846153845
-0.055491692307692304
0.05570030769230769
0.14039815384615384
0.19463815384615382
0.21800307692307694
0.22113230769230768
0.21237046153846154
0.1858763076923077
0.143736
0.08490646153846154
0.020652923076923076
-0.026494153846153844
-0.05236246153846154
-0.06863446153846153
-0.0880356923076923
-0.10827138461538462
-0.11640738461538462
-0.10013538461538461
-0.06800861538461538
-0.028163076923076923
0.016897846153846156
0.08073415384615384
0.16334584615384617
0.2497126153846154
0.32836061538461536
0.376968
0.38656430769230765
0.34776184615384614
0.2776670769230769
0.1881710769230769
0.07426707692307692
-0.05820369230769231
-0.17815753846153848
-0.25764
-0.2883064615384615
-0.2720344615384615
-0.21529107692307692
-0.11640738461538462
-0.010013538461538461
0.10159569230769232
0.20444307692307692
0.2699483076923077
0.29748553846153847
0.2695310769230769
0.20506892307692307
0.1287156923076923
0.04526953846153846
-0.03504738461538461
-0.11974523076923077
-0.1990190769230769
-0.2426196923076923
-0.2588916923076923
-0.24074215384615386
-0.1992276923076923
-0.14832553846153845
-0.08991323076923076
-0.03379569230769231
0.029623384615384614
0.07739630769230768
0.09679753846153846
0.09971815384615385
0.09909230769230769
0.10222153846153846
0.103056
0.09179076923076923
0.06884307692307692
0.03421292307692308
-0.0008344615384615384
-0.02023569230769231
-0.03504738461538461
-0.046104
-0.06425353846153846
-0.09053907692307692
-0.09512861538461538
-0.08636676923076922
-0.07051199999999999
-0.05277969230769231
-0.03629907692307692
-0.013560000000000001
0.008136
0.029623384615384614
0.045895384615384616
0.04672984615384615
0.03567323076923076
0.021487384615384613
-0.002712
-0.028788923076923077
-0.06592246153846154
-0.11557292307692307
-0.16438892307692307
-0.20965846153846154
-0.2342750769230769
-0.24887815384615386
-0.2482523076923077
-0.23510953846153848
-0.21675138461538462
-0.17648861538461538
-0.12120553846153845
-0.047772923076923074
0.034630153846153845
0.11202646153846153
0.17669723076923077
0.22593046153846155
0.2532590769230769
0.2503384615384615
0.22113230769230768
0.1570873846153846
0.07593599999999999
-0.006675692307692307
-0.08052553846153847
-0.13455692307692307
-0.17711446153846155
-0.20047938461538461
-0.18545907692307692
-0.12725538461538463
-0.02899753846153846
0.0853236923076923
0.19025723076923076
0.2830910769230769
0.3473446153846154
0.3873987692307692
0.39011076923076926
0.35318584615384613
0.2897667692307692
0.19442953846153843
0.09533723076923077
-0.0014603076923076922
-0.09179076923076923
-0.15813046153846153
-0.19964492307692308
-0.20861538461538462
-0.18525046153846153
-0.13935507692307691
-0.08031692307692308
-0.01981846153846154
0.04380923076923077
0.10785415384615385
0.157296
0.1858763076923077
0.19317784615384614
0.17565415384615385
0.13643446153846153
0.09095630769230768
0.04860738461538461
0.01043076923076923
-0.029623384615384614
-0.06675692307692307
-0.08907876923076924
-0.09533723076923077
-0.0934596923076923
-0.08490646153846154
-0.06613107692307692
-0.03629907692307692
0.004798153846153846
0.056951999999999996
0.11390399999999999
0.165432
0.2056947692307692
0.23156307692307693
0.23907323076923076
0.2371956923076923
0.2125790769230769
0.15082892307692305
0.06529661538461538
-0.029623384615384614
-0.11306953846153844
-0.1802436923076923
-0.22572184615384616
-0.23949046153846154
-0.22551323076923077
-0.1829556923076923
-0.11640738461538462
-0.0446436923076923
0.019609846153846155
0.07155507692307693
0.10222153846153846
0.11953661538461538
0.116616
0.08490646153846154
0.04380923076923077
-0.004798153846153846
-0.05048492307692308
-0.07468430769230769
-0.08574092307692306
-0.0826116923076923
-0.06613107692307692
-0.04214030769230769
-0.012099692307692308
0.02211323076923077
0.056951999999999996
0.07489292307692308
0.07030338461538461
0.040262769230769234
0.0002086153846153846
-0.026494153846153844
-0.03504738461538461
-0.02899753846153846
-0.017940923076923077
0.012308307692307691
0.06487938461538462
0.12621230769230768
0.17711446153846155
0.1910916923076923
0.17481969230769231
0.12516923076923075
0.04985907692307692
-0.03421292307692308
-0.1218313846153846
-0.19818461538461538
-0.24512307692307692
-0.2559710769230769
-0.22488738461538463
-0.15374953846153847
-0.08949599999999999
-0.012099692307692308
0.07697907692307693
0.16188553846153847
0.23135446153846154
0.260352
0.24887815384615386
0.21925476923076925
0.18232984615384615
0.168144
0.17982646153846152
0.08824430769230769
-0.040679999999999994
-0.14018953846153845
-0.21967199999999998
-0.22780799999999998
-0.18712800000000002
-0.23448369230769228
-0.2563883076923077
-0.18086953846153844
-0.08135999999999999
0.11244369230769231
0.21925476923076925
0.2776670769230769
0.31125415384615385
0.32210215384615387
0.39699507692307695
0.37550769230769226
0.27474646153846155
0.06967753846153846
-0.1368516923076923
-0.25284184615384614
-0.3513083076923077
-0.34963938461538463
-0.3584012307692308
-0.3229366153846154
-0.214248
-0.11286092307692308
0.10159569230769232
0.2586830769230769
0.3425464615384616
0.44268184615384615
0.40095876923076923
0.3440067692307692
0.3116713846153846
0.2261390769230769
0.1775316923076923
0.04214030769230769
-0.09825784615384614
-0.165432
-0.2415766153846154
-0.25451076923076926
-0.2906012307692308
-0.33941723076923075
-0.33566215384615383
-0.28893230769230765
-0.14686523076923075
-0.022530461538461537
0.05799507692307692
0.14665661538461539
0.18379015384615385
0.2726603076923077
0.3327415384615385
0.30854215384615385
0.2753723076923077
0.16772676923076923
0.09012184615384615
0.03275261538461539
-0.08887015384615385
-0.19609846153846153
-0.30019753846153846
-0.3896935384615384
-0.3949089230769231
-0.3623649230769231
-0.2682793846153846
-0.13226215384615383
0.005632615384615384
0.1666836923076923
0.3198073846153846
0.4416387692307692
0.4743913846153846
0.4524867692307692
0.3684147692307692
0.20339999999999997
0.049233230769230765
-0.11140061538461538
-0.2699483076923077
-0.3949089230769231
-0.4923323076923077
-0.5033889230769231
-0.44748
-0.3584012307692308
-0.22154953846153846
-0.07697907692307693
0.08636676923076922
0.25555384615384613
0.35860984615384617
0.3980381538461538
0.36445107692307693
0.28476
0.1913003076923077
0.084072
-0.02044430769230769
-0.14206707692307693
-0.21821169230769227
-0.22321846153846153
-0.1940123076923077
-0.10743692307692307
-0.024199384615384616
0.03296123076923077
0.09053907692307692
0.1097316923076923
0.12704676923076924
0.14936861538461538
0.13309661538461537
0.11056615384615384
0.08156861538461539
0.04839876923076923
0.03838523076923077
0.041514461538461535
0.05048492307692308
0.049233230769230765
0.03588184615384615
0.014394461538461538
-0.005424
-0.018775384615384614
-0.05444861538461539
-0.10681107692307691
-0.165432
-0.21925476923076925
-0.22134092307692307
-0.20173107692307693
-0.19296923076923078
-0.16167692307692308
-0.11682461538461539
-0.023990769230769232
0.10743692307692307
0.20277415384615383
0.25659692307692306
0.249504
0.19547261538461536
0.13038461538461538
0.0448523076923077
-0.05924676923076923
-0.17461107692307692
-0.2814221538461538
-0.34171199999999996
-0.35047384615384614
-0.30416123076923074
-0.22488738461538463
-0.12913292307692306
-0.017940923076923077
0.06800861538461538
0.14978584615384616
0.20715507692307691
0.214248
0.19755876923076923
0.13747753846153846
0.06738276923076922
0.011473846153846154
-0.04088861538461538
-0.06926030769230769
-0.0897046153846154
-0.11056615384615384
-0.10222153846153846
-0.06884307692307692
-0.030040615384615384
-0.0043809230769230765
0.009596307692307692
0.02273907692307692
0.03609046153846154
0.06028984615384615
0.08323753846153846
0.0974233846153846
0.10910584615384614
0.11640738461538462
0.14123261538461537
0.17148184615384612
0.18399876923076922
0.1990190769230769
0.19672430769230767
0.1785747692307692
0.15354092307692307
0.10660246153846153
0.058412307692307694
0.0006258461538461538
-0.059664
-0.10660246153846153
-0.1356
-0.12808984615384614
-0.09033046153846153
-0.026076923076923077
0.04214030769230769
0.09700615384615385
0.14018953846153845
0.1597993846153846
0.1543753846153846
0.11870215384615385
0.05757784615384615
-0.01710646153846154
-0.09825784615384614
-0.17377661538461536
-0.2273907692307692
-0.24637476923076923
-0.23052
-0.16501476923076921
-0.07969107692307692
0.01272553846153846
0.10889723076923077
0.1777403076923077
0.2292683076923077
0.2480436923076923
0.22780799999999998
0.18316430769230768
0.11745046153846153
0.04965046153846154
-0.019609846153846155
-0.08636676923076922
-0.127464
-0.1356
-0.1028473846153846
-0.04172307692307692
0.02044430769230769
0.07238953846153846
0.09471138461538461
0.10660246153846153
0.10910584615384614
0.07739630769230768
0.02586830769230769
-0.049233230769230765
-0.1151556923076923
-0.16188553846153847
-0.18858830769230767
-0.17461107692307692
-0.15124615384615384
-0.11640738461538462
-0.06571384615384615
0.003129230769230769
0.08073415384615384
0.1435273846153846
0.1783661538461538
0.17711446153846155
0.15124615384615384
0.11077476923076923
0.05194523076923077
-0.021070153846153846
-0.09074769230769231
-0.15625292307692307
-0.18483323076923078
-0.1666836923076923
-0.10743692307692307
-0.016063384615384615
0.0717636923076923
0.14540492307692307
0.20381723076923075
0.24345415384615382
0.25284184615384614
0.2238443076923077
0.1570873846153846
0.08094276923076923
0.011473846153846154
-0.05820369230769231
-0.10910584615384614
-0.14269292307692305
-0.16876984615384616
-0.15750461538461538
-0.10952307692307692
-0.04547815384615384
0.016897846153846156
0.049233230769230765
0.0609156923076923
0.06362769230769232
0.058829538461538454
0.051319384615384614
0.03921969230769231
0.025659692307692307
0.016480615384615385
0.02044430769230769
0.04547815384615384
0.06905169230769231
0.07134646153846153
0.05528307692307692
0.021278769230769233
-0.006258461538461538
-0.03129230769230769
-0.06300184615384616
-0.09950953846153845
-0.138312
-0.16188553846153847
-0.1585476923076923
-0.12308307692307692
-0.06654830769230768
0.0
0.05799507692307692
0.11014892307692307
0.15333230769230768
0.1696043076923077
0.1612596923076923
0.10910584615384614
0.02044430769230769
-0.07134646153846153
-0.15500123076923078
-0.21237046153846154
-0.2374043076923077
-0.23469230769230767
-0.18900553846153845
-0.10430769230769231
0.0043809230769230765
0.119328
0.20986707692307693
0.2647329230769231
0.2883064615384615
0.2970683076923077
0.28350830769230767
0.23510953846153848
0.16501476923076921
0.065088
-0.014185846153846153
-0.05277969230769231
-0.07426707692307692
-0.06487938461538462
-0.04756430769230769
-0.014811692307692307
0.03692492307692308
0.08866153846153846
0.1353913846153846
0.15813046153846153
0.13726892307692307
0.09199938461538461
0.04318338461538461
-0.012099692307692308
-0.06028984615384615
-0.11160923076923077
-0.15646153846153846
-0.17502830769230768
-0.16689230769230767
-0.14123261538461537
-0.1136953846153846
-0.08574092307692306
-0.07238953846153846
-0.06821723076923077
-0.06592246153846154
-0.06341907692307691
-0.05590892307692308
-0.05069353846153846
-0.044435076923076924
-0.02211323076923077
0.021278769230769233
0.07238953846153846
0.11557292307692307
0.1397723076923077
0.14707384615384617
0.14957723076923077
0.13643446153846153
0.10055261538461538
0.03629907692307692
-0.04547815384615384
-0.11432123076923076
-0.15959076923076923
-0.1777403076923077
-0.1760713846153846
-0.16188553846153847
-0.13914646153846155
-0.0855323076923077
-0.015020307692307692
0.05736923076923077
0.11745046153846153
0.13434830769230768
0.12934153846153845
0.10681107692307691
0.07197230769230768
0.03588184615384615
-0.00855323076923077
-0.05173661538461538
-0.08448923076923077
-0.1028473846153846
-0.09304246153846155
-0.062376
-0.028788923076923077
0.0014603076923076922
0.03024923076923077
0.06049846153846154
0.07572738461538461
0.08302892307692307
0.09533723076923077
0.09784061538461537
0.09804923076923076
0.10514215384615383
0.11140061538461538
0.11807630769230769
0.10931446153846153
0.08219446153846154
0.0446436923076923
0.0029206153846153843
-0.03483876923076923
-0.07113784615384615
-0.1070196923076923
-0.13080184615384613
-0.12913292307692306
-0.10827138461538462
-0.06884307692307692
-0.02586830769230769
0.011473846153846154
0.048816000000000005
0.08428061538461538
0.10743692307692307
0.10055261538461538
0.06926030769230769
0.02044430769230769
-0.03838523076923077
-0.10013538461538461
-0.15646153846153846
-0.19693292307692306
-0.21967199999999998
-0.22196676923076922
-0.19213476923076922
-0.1316363076923077
-0.051319384615384614
0.03609046153846154
0.11056615384615384
0.16271999999999998
0.18712800000000002
0.1867107692307692
0.16772676923076923
0.12600369230769232
0.06446215384615385
0.007510153846153846
-0.03588184615384615
-0.06425353846153846
-0.0744756923076923
-0.07906523076923076
-0.08177723076923075
-0.07343261538461537
-0.06300184615384616
-0.05778646153846154
-0.06008123076923077
-0.06988615384615385
-0.07301538461538462
-0.06633969230769231
-0.04819015384615385
-0.021487384615384613
0.004798153846153846
0.035255999999999996
0.07280676923076923
0.1070196923076923
0.132888
0.1422756923076923
0.13643446153846153
0.116616
0.09095630769230768
0.06425353846153846
0.03045784615384615
0.004589538461538461
-0.014185846153846153
-0.02211323076923077
-0.017523692307692306
0.0008344615384615384
0.021070153846153846
0.03379569230769231
0.026285538461538457
0.0050067692307692304
-0.03045784615384615
-0.0717636923076923
-0.05820369230769231
-0.01043076923076923
0.07259815384615384
0.17085599999999998
0.24741784615384615
0.3410861538461538
0.40554830769230765
0.4405956923076923
0.43245969230769227
0.3402516923076923
0.22196676923076922
0.07009476923076922
-0.037342153846153844
-0.1777403076923077
-0.3316984615384615
-0.3972036923076923
-0.4622916923076923
-0.39261415384615383
-0.27975323076923075
-0.1314276923076923
0.05799507692307692
0.1990190769230769
0.38698153846153843
0.47877230769230766
0.5002596923076923
0.46020553846153844
0.31188
0.17085599999999998
-0.040262769230769234
-0.2374043076923077
-0.3811403076923077
-0.4906633846153846
-0.4746
-0.42035999999999996
-0.3081249230769231
-0.157296
-0.031918153846153846
0.12683815384615382
0.2275993846153846
0.2655673846153846
0.2939390769230769
0.2586830769230769
0.2290596923076923
0.16751815384615384
0.06759138461538462
-0.012516923076923077
-0.1178676923076923
-0.1787833846153846
-0.20819815384615384
-0.23239753846153846
-0.23072861538461537
-0.21988061538461537
-0.1712732307692308
-0.09846646153846153
-0.021904615384615383
0.06633969230769231
0.14185846153846154
0.21237046153846154
0.2666104615384615
0.2849686153846154
0.3035353846153846
0.306456
0.292896
0.2647329230769231
0.1802436923076923
0.07238953846153846
-0.05048492307692308
-0.19004861538461537
-0.3049956923076923
-0.4090947692307692
-0.4612486153846154
-0.4416387692307692
-0.3609046153846154
-0.21445661538461538
-0.05444861538461539
0.11098338461538461
0.2561796923076923
0.360696
0.42411507692307693
0.4036707692307692
0.32982092307692307
0.2209236923076923
0.07134646153846153
-0.07134646153846153
-0.20673784615384616
-0.30207507692307695
-0.34651015384615386
-0.3613218461538461
-0.3116713846153846
-0.23156307692307693
-0.12016246153846154
0.021278769230769233
0.15500123076923078
0.27328615384615385
0.344424
0.39365723076923076
0.40450523076923073
0.35276861538461535
0.25367630769230765
0.111192
-0.014394461538461538
-0.10347323076923076
-0.16981292307692308
-0.1883796923076923
-0.16438892307692307
-0.11953661538461538
-0.03671630769230769
0.047772923076923074
0.11974523076923077
0.1635544615384615
0.1585476923076923
0.1489513846153846
0.1207883076923077
0.0855323076923077
0.04380923076923077
-0.0008344615384615384
-0.021070153846153846
-0.024408000000000003
-0.0002086153846153846
0.02586830769230769
0.03859384615384615
0.04965046153846154
0.05173661538461538
0.061124307692307686
0.06154153846153846
0.043392
0.029414769230769227
0.007301538461538462
-0.008136
-0.0033378461538461535
0.0033378461538461535
0.005215384615384615
0.009387692307692307
0.014811692307692307
0.03024923076923077
0.05674338461538461
0.08115138461538463
0.09930092307692308
0.0771876923076923
0.019192615384615384
-0.040054153846153843
-0.09179076923076923
-0.13998092307692306
-0.19359507692307693
-0.24011630769230768
-0.2737033846153846
-0.27871015384615383
-0.2371956923076923
-0.16501476923076921
-0.08866153846153846
-0.03379569230769231
0.010013538461538461
0.06988615384615385
0.12370892307692308
0.14728246153846153
0.13893784615384613
0.10827138461538462
0.08469784615384615
0.065088
0.04735569230769231
0.03108369230769231
0.010848
-0.013768615384615384
-0.035255999999999996
-0.03379569230769231
-0.031709538461538456
-0.03379569230769231
-0.04693846153846153
-0.06446215384615385
-0.06967753846153846
-0.06154153846153846
-0.03588184615384615
-0.016063384615384615
0.002712
0.02273907692307692
0.05528307692307692
0.1045163076923077
0.14957723076923077
0.16438892307692307
0.14102399999999998
0.10764553846153846
0.07030338461538461
0.023990769230769232
-0.042348923076923076
-0.13372246153846154
-0.22697353846153845
-0.2931046153846154
-0.31918153846153846
-0.3049956923076923
-0.2497126153846154
-0.16271999999999998
-0.05507446153846154
0.06884307692307692
0.19860184615384616
0.31125415384615385
0.3698750769230769
0.36549415384615386
0.30520430769230766
0.20131384615384615
0.06633969230769231
-0.07927384615384615
-0.21487384615384614
-0.3344104615384615
-0.4024190769230769
-0.4007501538461538
-0.33002953846153843
-0.2059033846153846
-0.061750153846153844
0.08782707692307692
0.22029784615384615
0.3312812307692308
0.3909452307692307
0.3734215384615384
0.30061476923076924
0.17502830769230768
0.02858030769230769
-0.11703323076923078
-0.24866953846153847
-0.3344104615384615
-0.37738523076923075
-0.37091815384615384
-0.30708184615384615
-0.20715507692307691
-0.08782707692307692
0.025033846153846153
0.10910584615384614
0.16418030769230768
0.1829556923076923
0.17148184615384612
0.12996738461538462
0.06008123076923077
-0.016063384615384615
-0.08302892307692307
-0.11953661538461538
-0.13643446153846153
-0.1368516923076923
-0.119328
-0.09763200000000001
-0.05528307692307692
-0.017940923076923077
-0.003129230769230769
-0.005215384615384615
-0.024408000000000003
-0.040679999999999994
-0.05319692307692307
-0.05736923076923077
-0.042557538461538466
-0.024408000000000003
0.0025033846153846152
0.04819015384615385
0.0963803076923077
0.14039815384615384
0.1718990769230769
0.18337292307692307
0.17419384615384614
0.1489513846153846
0.10910584615384614
0.06633969230769231
0.021278769230769233
-0.01814953846153846
-0.040054153846153843
-0.04652123076923077
-0.02753723076923077
0.005215384615384615
0.04401784615384615
0.0798996923076923
0.11348676923076922
0.14457046153846154
0.16188553846153847
0.16480615384615382
0.14978584615384616
0.12496061538461539
0.0855323076923077
0.042348923076923076
0.004798153846153846
-0.03650769230769231
-0.059872615384615385
-0.06008123076923077
-0.03755076923076923
0.002086153846153846
0.035464615384615386
0.055491692307692304
0.06341907692307691
0.06946892307692307
0.06738276923076922
0.049233230769230765
0.016272
-0.02482523076923077
-0.05611753846153846
-0.06675692307692307
-0.05444861538461539
-0.029623384615384614
-0.003129230769230769
0.027328615384615382
0.051528
0.07468430769230769
0.103056
0.10931446153846153
0.09700615384615385
0.07051199999999999
0.038176615384615385
0.0077187692307692304
-0.03212676923076923
-0.07197230769230768
-0.10535076923076922
-0.11682461538461539
-0.09950953846153845
-0.05277969230769231
0.011891076923076923
0.07426707692307692
0.13101046153846155
0.17148184615384612
0.19213476923076922
0.19359507692307693
0.16188553846153847
0.09304246153846155
0.0077187692307692304
-0.06675692307692307
-0.11536430769230768
-0.13852061538461538
-0.13872923076923074
-0.11724184615384614
-0.07489292307692308
-0.013142769230769229
0.06154153846153846
0.1314276923076923
0.18316430769230768
0.20298276923076922
0.19609846153846153
0.17377661538461536
0.12558646153846154
0.06759138461538462
0.0014603076923076922
-0.06821723076923077
-0.12621230769230768
-0.16730953846153845
-0.1696043076923077
-0.15208061538461537
-0.12683815384615382
-0.08219446153846154
-0.03233538461538461
0.016063384615384615
0.059038153846153844
0.0744756923076923
0.06529661538461538
0.03650769230769231
-0.012308307692307691
-0.05674338461538461
-0.09429415384615383
-0.11452984615384615
-0.12016246153846154
-0.11014892307692307
-0.06738276923076922
-0.011056615384615385
0.050067692307692306
0.09241661538461539
0.1136953846153846
0.11911938461538461
0.10535076923076922
0.07843938461538462
0.03337846153846154
-0.016272
-0.06028984615384615
-0.08469784615384615
-0.07405846153846153
-0.037342153846153844
0.012099692307692308
0.07593599999999999
0.13726892307692307
0.18983999999999998
0.22843384615384613
0.23761292307692305
0.22634769230769228
0.1802436923076923
0.10889723076923077
0.03859384615384615
-0.024616615384615383
-0.07823076923076923
-0.12350030769230769
-0.15082892307692305
-0.14978584615384616
-0.12350030769230769
-0.07551876923076924
-0.017732307692307693
0.03212676923076923
0.07280676923076923
0.09867507692307692
0.12016246153846154
0.12308307692307692
0.0961716923076923
0.05820369230769231
0.010848
-0.02211323076923077
-0.034630153846153845
-0.03358707692307692
-0.019609846153846155
0.0006258461538461538
0.027745846153846152
0.05611753846153846
0.06946892307692307
0.06675692307692307
0.04944184615384615
0.017315076923076923
-0.009387692307692307
-0.03024923076923077
-0.04526953846153846
-0.046104
-0.037967999999999995
-0.010639384615384617
0.025659692307692307
0.061750153846153844
0.09679753846153846
0.11181784615384616
0.10889723076923077
0.08636676923076922
0.053614153846153846
0.03108369230769231
0.0033378461538461535
-0.030875076923076922
-0.058412307692307694
-0.07051199999999999
-0.055491692307692304
-0.028163076923076923
-0.003755076923076923
0.01940123076923077
0.03838523076923077
0.06654830769230768
0.09825784615384614
0.12308307692307692
0.14039815384615384
0.12537784615384615
0.09763200000000001
0.06675692307692307
0.025659692307692307
-0.011682461538461537
-0.065088
-0.11286092307692308
-0.14519630769230768
-0.16584923076923075
-0.14957723076923077
-0.12412615384615384
-0.08845292307692308
-0.0446436923076923
-0.008761846153846153
0.03379569230769231
0.059664
0.06592246153846154
0.04839876923076923
0.014394461538461538
-0.0016689230769230767
-0.006049846153846154
-0.0070929230769230765
-0.006049846153846154
-0.02044430769230769
-0.03421292307692308
-0.042974769230769226
-0.022530461538461537
-0.003129230769230769
-0.005424
0.006049846153846154
0.017732307692307693
0.08198584615384615
0.15959076923076923
0.34275507692307694
0.4113895384615384
0.3248141538461538
0.3239796923076923
0.22572184615384616
0.21737723076923077
0.11557292307692307
-0.10326461538461539
-0.2563883076923077
-0.44956615384615384
-0.40346215384615386
-0.33670523076923076
-0.2830910769230769
-0.19463815384615382
-0.17398523076923075
0.03859384615384615
0.2157083076923077
0.355272
0.4303735384615384
0.2780843076923077
0.17961784615384613
0.03942830769230769
-0.10243015384615384
-0.19755876923076923
-0.4047138461538461
-0.47272246153846154
-0.5186178461538461
-0.5503273846153846
-0.371544
-0.24282830769230768
-0.06216738461538462
0.10576799999999999
0.1718990769230769
0.3045784615384615
0.33816553846153846
0.3707095384615384
0.38677292307692307
0.26097784615384617
0.13893784615384613
0.004798153846153846
-0.05945538461538461
-0.06884307692307692
-0.15228923076923076
-0.18900553846153845
-0.21862892307692305
-0.18775384615384613
-0.06028984615384615
0.0012516923076923076
0.07426707692307692
0.12662953846153846
0.16042523076923076
0.24637476923076923
0.2399076923076923
0.1913003076923077
0.1395636923076923
0.04714707692307692
0.025033846153846153
0.009804923076923077
-0.03942830769230769
-0.09325107692307691
-0.17398523076923075
-0.20277415384615383
-0.2157083076923077
-0.22989415384615383
-0.21716861538461538
-0.18900553846153845
-0.10722830769230769
-0.05319692307692307
0.010639384615384617
0.11327815384615383
0.15833907692307692
0.1992276923076923
0.1923433846153846
0.14060676923076923
0.08720123076923077
-0.02357353846153846
-0.11536430769230768
-0.208824
-0.30207507692307695
-0.3054129230769231
-0.2791273846153846
-0.2207150769230769
-0.15771323076923077
-0.10785415384615385
0.002086153846153846
0.12370892307692308
0.21132738461538458
0.23907323076923076
0.21049292307692305
0.206112
0.1829556923076923
0.1287156923076923
0.08031692307692308
-0.008136
-0.05611753846153846
-0.06258461538461538
-0.061124307692307686
-0.003129230769230769
0.034630153846153845
0.08115138461538463
0.13747753846153846
0.15646153846153846
0.20652923076923077
0.23177169230769232
0.22154953846153846
0.18858830769230767
0.12329169230769231
0.07218092307692307
0.006258461538461538
-0.03650769230769231
-0.05319692307692307
-0.06946892307692307
-0.050067692307692306
-0.040054153846153843
-0.014185846153846153
0.02858030769230769
0.03629907692307692
0.05382276923076923
0.04088861538461538
0.006258461538461538
0.0016689230769230767
-0.026285538461538457
-0.05757784615384615
-0.09450276923076922
-0.12913292307692306
-0.1070196923076923
-0.06592246153846154
-0.019192615384615384
0.020652923076923076
0.034630153846153845
0.055491692307692304
0.06696553846153847
0.07259815384615384
0.07468430769230769
0.054657230769230764
0.04631261538461538
0.026285538461538457
0.008970461538461538
0.02545107692307692
0.02899753846153846
0.05486584615384615
0.08469784615384615
0.07218092307692307
0.062376
0.03379569230769231
0.018983999999999997
0.01856676923076923
-0.030875076923076922
-0.07343261538461537
-0.10681107692307691
-0.11432123076923076
-0.08511507692307693
-0.065088
-0.045060923076923075
-0.04819015384615385
-0.042974769230769226
-0.013768615384615384
0.005215384615384615
0.02211323076923077
0.011682461538461537
-0.011891076923076923
-0.030040615384615384
-0.06571384615384615
-0.08636676923076922
-0.10201292307692307
-0.11807630769230769
-0.10764553846153846
-0.09408553846153846
-0.06529661538461538
-0.012308307692307691
0.04547815384615384
0.09179076923076923
0.11703323076923078
0.14060676923076923
0.1718990769230769
0.18650215384615382
0.17398523076923075
0.12600369230769232
0.056326153846153845
-0.009596307692307692
-0.0448523076923077
-0.03337846153846154
-0.022947692307692308
-0.012099692307692308
0.007510153846153846
0.03963692307692308
0.09679753846153846
0.13768615384615385
0.15562707692307692
0.15416676923076922
0.1356
0.12329169230769231
0.11202646153846153
0.08386338461538462
0.05298830769230769
0.024199384615384616
0.0006258461538461538
-0.0043809230769230765
-0.007510153846153846
-0.011473846153846154
-0.031918153846153846
-0.06362769230769232
-0.07364123076923076
-0.06988615384615385
-0.04756430769230769
-0.022530461538461537
0.003129230769230769
0.03880246153846154
0.06946892307692307
0.10493353846153847
0.13935507692307691
0.15604430769230768
0.14999446153846155
0.10994030769230768
0.05319692307692307
0.002086153846153846
-0.05444861538461539
-0.10848000000000001
-0.1691870769230769
-0.22718215384615387
-0.24512307692307692
-0.23406646153846156
-0.1940123076923077
-0.1341396923076923
-0.07030338461538461
0.002086153846153846
0.07510153846153846
0.14457046153846154
0.1913003076923077
0.2021483076923077
0.1829556923076923
0.13434830769230768
0.07051199999999999
0.0029206153846153843
-0.06633969230769231
-0.12850707692307692
-0.17252492307692308
-0.18504184615384617
-0.16626646153846153
-0.12683815384615382
-0.06675692307692307
0.008761846153846153
0.08636676923076922
0.15374953846153847
0.20506892307692307
0.23615261538461538
0.23886461538461537
0.2125790769230769
0.15646153846153846
0.08574092307692306
0.025659692307692307
-0.030875076923076922
-0.07885661538461539
-0.10618523076923077
-0.12162276923076921
-0.10764553846153846
-0.08240307692307691
-0.04985907692307692
-0.009179076923076922
0.02044430769230769
0.06028984615384615
0.09804923076923076
0.13476553846153844
0.15082892307692305
0.14269292307692305
0.13852061538461538
0.12955015384615384
0.12725538461538463
0.1287156923076923
0.11953661538461538
0.10159569230769232
0.07113784615384615
0.03108369230769231
-0.006884307692307692
-0.05111076923076923
-0.08887015384615385
-0.10910584615384614
-0.11557292307692307
-0.09596307692307693
-0.06133292307692308
-0.011891076923076923
0.04714707692307692
0.10785415384615385
0.16209415384615386
0.19693292307692306
0.20006215384615383
0.16188553846153847
0.09304246153846155
-0.005424
-0.1097316923076923
-0.19609846153846153
-0.25367630769230765
-0.2774584615384615
-0.27412061538461535
-0.23636123076923077
-0.17982646153846152
-0.10514215384615383
-0.019609846153846155
0.048816000000000005
0.10618523076923077
0.1356
0.1424843076923077
0.1316363076923077
0.08866153846153846
0.040054153846153843
-0.014185846153846153
-0.06738276923076922
-0.092208
-0.09283384615384616
-0.07259815384615384
-0.03609046153846154
0.0025033846153846152
0.04672984615384615
0.08490646153846154
0.11077476923076923
0.11828492307692307
0.09930092307692308
0.0678
0.027745846153846152
-0.004589538461538461
-0.024616615384615383
-0.028788923076923077
-0.006258461538461538
0.016480615384615385
0.034630153846153845
0.052571076923076915
0.05048492307692308
0.02795446153846154
-0.014185846153846153
-0.07364123076923076
-0.12516923076923075
-0.1704387692307692
-0.20673784615384616
-0.21737723076923077
-0.22008923076923076
-0.20339999999999997
-0.15500123076923078
-0.09804923076923076
-0.03421292307692308
0.03108369230769231
0.08094276923076923
0.12204
0.14936861538461538
0.1506203076923077
0.12808984615384614
0.08657538461538461
0.042557538461538466
0.0014603076923076922
-0.034630153846153845
-0.065088
-0.0771876923076923
-0.06279323076923077
-0.03775938461538462
-0.003963692307692307
0.02044430769230769
0.03984553846153846
0.055491692307692304
0.06446215384615385
0.07551876923076924
0.08177723076923075
0.08615815384615384
0.09533723076923077
0.10952307692307692
0.10910584615384614
0.100344
0.08156861538461539
0.05090215384615384
0.02357353846153846
-0.0006258461538461538
-0.018983999999999997
-0.03275261538461539
-0.042348923076923076
-0.04902461538461538
-0.04819015384615385
-0.03963692307692308
-0.022947692307692308
-0.005424
0.0035464615384615383
0.015020307692307692
0.042348923076923076
0.07593599999999999
0.10368184615384615
0.12579507692307693
0.13455692307692307
0.13330523076923076
0.12704676923076924
0.11181784615384616
0.09012184615384615
0.05090215384615384
-0.006884307692307692
-0.058829538461538454
-0.09304246153846155
-0.09971815384615385
-0.07238953846153846
-0.02273907692307692
0.03859384615384615
0.11098338461538461
0.18504184615384617
0.2480436923076923
0.2849686153846154
0.2814221538461538
0.2355267692307692
0.15771323076923077
0.05945538461538461
-0.03942830769230769
-0.13518276923076925
-0.21341353846153846
-0.25367630769230765
-0.26097784615384617
-0.22447015384615385
-0.15667015384615385
-0.07092923076923077
0.015854769230769228
0.08657538461538461
0.1506203076923077
0.19693292307692306
0.21654276923076923
0.19818461538461538
0.13518276923076925
0.04902461538461538
-0.04693846153846153
-0.13998092307692306
-0.22280123076923075
-0.2962338461538461
-0.3419206153846154
-0.3506824615384615
-0.31062830769230765
-0.23281476923076924
-0.146448
-0.05611753846153846
0.024616615384615383
0.09575446153846154
0.1489513846153846
0.1710646153846154
0.15416676923076922
0.0853236923076923
-0.006258461538461538
-0.08511507692307693
-0.13810338461538463
-0.1656406153846154
-0.1710646153846154
-0.16021661538461537
-0.12245723076923076
-0.059664
0.02357353846153846
0.12516923076923075
0.1948467692307692
0.23156307692307693
0.2453316923076923
0.2330233846153846
0.22572184615384616
0.18483323076923078
0.10117846153846152
0.02482523076923077
-0.05590892307692308
-0.06884307692307692
-0.06258461538461538
0.010013538461538461
0.15938215384615384
0.1489513846153846
0.1883796923076923
0.2355267692307692
0.24637476923076923
0.2931046153846154
0.16793538461538463
0.015646153846153844
-0.200688
-0.35151692307692306
-0.3481790769230769
-0.3846867692307692
-0.3542289230769231
-0.344424
-0.2371956923076923
0.004798153846153846
0.2059033846153846
0.42661846153846156
0.46729846153846155
0.3942830769230769
0.34275507692307694
0.20778092307692309
0.10493353846153847
-0.06571384615384615
-0.2772498461538462
-0.37884553846153846
-0.48398769230769234
-0.44643692307692306
-0.2872633846153846
-0.14477907692307693
0.06592246153846154
0.22008923076923076
0.3513083076923077
0.46542092307692307
0.4758516923076923
0.48357046153846156
0.4109723076923077
0.2628553846153846
0.12433476923076923
-0.012099692307692308
-0.07551876923076924
-0.13893784615384613
-0.21591692307692306
-0.23364923076923078
-0.2480436923076923
-0.1846246153846154
-0.08594953846153845
-0.028371692307692306
0.04568676923076923
0.08219446153846154
0.13518276923076925
0.2127876923076923
0.22175815384615383
0.22467876923076924
0.1910916923076923
0.13476553846153844
0.12391753846153845
0.07885661538461539
0.02858030769230769
-0.03421292307692308
-0.11348676923076922
-0.165432
-0.23010276923076922
-0.2751636923076923
-0.30332676923076923
-0.29498215384615384
-0.23510953846153848
-0.16605784615384614
-0.027745846153846152
0.12913292307692306
0.25805723076923076
0.39324
0.45749353846153845
0.46396061538461536
0.41076369230769233
0.2883064615384615
0.15875630769230767
-0.01981846153846154
-0.1942209230769231
-0.3133403076923077
-0.4109723076923077
-0.4478972307692307
-0.4205686153846153
-0.30416123076923074
-0.10514215384615383
0.08177723076923075
0.24595753846153845
0.3613218461538461
0.43663199999999996
0.4873255384615384
0.43809230769230767
0.32377107692307694
0.132888
-0.10806276923076923
-0.29456492307692306
-0.45269538461538456
-0.5365587692307692
-0.5442775384615385
-0.5159058461538462
-0.39324
-0.2194633846153846
-0.023364923076923075
0.17586276923076924
0.30854215384615385
0.3848953846153846
0.39303138461538456
0.34984799999999994
0.26160369230769226
0.11452984615384615
-0.04088861538461538
-0.19380369230769232
-0.2920615384615385
-0.32231076923076923
-0.31918153846153846
-0.2574313846153846
-0.1710646153846154
-0.061124307692307686
0.07051199999999999
0.16271999999999998
0.23281476923076924
0.2701569230769231
0.25471938461538457
0.2127876923076923
0.14331876923076922
0.07802215384615384
0.03483876923076923
-0.003129230769230769
-0.025033846153846153
-0.03483876923076923
-0.02795446153846154
0.0
0.034630153846153845
0.06696553846153847
0.06967753846153846
0.052153846153846155
0.02586830769230769
-0.012516923076923077
-0.03567323076923076
-0.06028984615384615
-0.07343261538461537
-0.04547815384615384
-0.013560000000000001
0.023990769230769232
0.06654830769230768
0.09825784615384614
0.14081538461538462
0.15938215384615384
0.14206707692307693
0.10639384615384614
0.04214030769230769
-0.02273907692307692
-0.08156861538461539
-0.12099692307692309
-0.14102399999999998
-0.14519630769230768
-0.10535076923076922
-0.03671630769230769
0.04318338461538461
0.12496061538461539
0.18107815384615383
0.21612553846153845
0.23010276923076922
0.2138307692307692
0.1860849230769231
0.13101046153846155
0.06216738461538462
-0.01043076923076923
-0.08177723076923075
-0.11619876923076923
-0.12204
-0.11348676923076922
-0.0988836923076923
-0.07489292307692308
-0.032544
0.021278769230769233
0.0744756923076923
0.11223507692307692
0.11578153846153846
0.09012184615384615
0.05111076923076923
0.015020307692307692
-0.017732307692307693
-0.0717636923076923
-0.12808984615384614
-0.16334584615384617
-0.16876984615384616
-0.13706030769230768
-0.09930092307692308
-0.05590892307692308
-0.0043809230769230765
0.031918153846153846
0.06487938461538462
0.08490646153846154
0.09262523076923077
0.09074769230769231
0.06613107692307692
0.03379569230769231
0.005424
-0.007301538461538462
-0.010222153846153844
-0.014603076923076923
-0.01981846153846154
-0.015020307692307692
0.005215384615384615
0.03045784615384615
0.049233230769230765
0.05444861538461539
0.046104
0.02899753846153846
0.017523692307692306
0.011682461538461537
-0.0033378461538461535
-0.026911384615384615
-0.05173661538461538
-0.05298830769230769
-0.024408000000000003
0.005424
0.018775384615384614
0.007301538461538462
-0.021487384615384613
-0.05298830769230769
-0.08699261538461538
-0.1207883076923077
-0.157296
-0.19818461538461538
-0.22321846153846153
-0.21737723076923077
-0.1802436923076923
-0.12120553846153845
-0.05716061538461538
0.006884307692307692
0.05862092307692307
0.10389046153846154
0.13768615384615385
0.1316363076923077
0.09909230769230769
0.03609046153846154
-0.044435076923076924
-0.11953661538461538
-0.18253846153846154
-0.20798953846153845
-0.1977673846153846
-0.1504116923076923
-0.06821723076923077
0.03859384615384615
0.1543753846153846
0.249504
0.30979384615384614
0.3342018461538461
0.32961230769230765
0.28788923076923073
0.21028430769230766
0.10243015384615384
-0.014603076923076923
-0.11244369230769231
-0.1829556923076923
-0.2138307692307692
-0.21466523076923077
-0.17899199999999998
-0.10827138461538462
-0.012308307692307691
0.10827138461538462
0.2127876923076923
0.28163076923076924
0.31354892307692306
0.2995716923076923
0.25513661538461535
0.18379015384615385
0.078648
-0.031709538461538456
-0.13643446153846153
-0.21800307692307694
-0.2557624615384615
-0.24199384615384617
-0.18107815384615383
-0.10868861538461538
-0.02586830769230769
0.06258461538461538
0.14018953846153845
0.19693292307692306
0.21466523076923077
0.19609846153846153
0.1476996923076923
0.07969107692307692
0.010639384615384617
-0.05757784615384615
-0.11974523076923077
-0.16271999999999998
-0.1777403076923077
-0.15228923076923076
-0.09909230769230769
-0.03588184615384615
0.03108369230769231
0.0853236923076923
0.13059323076923077
0.16584923076923075
0.1775316923076923
0.1635544615384615
0.12913292307692306
0.086784
0.03963692307692308
-0.005215384615384615
-0.046104
-0.08845292307692308
-0.11745046153846153
-0.13101046153846155
-0.13914646153846155
-0.127464
-0.100344
-0.07572738461538461
-0.06654830769230768
-0.07155507692307693
-0.06759138461538462
-0.06613107692307692
-0.07092923076923077
-0.07489292307692308
-0.07739630769230768
-0.07155507692307693
-0.06195876923076923
-0.03755076923076923
-0.008344615384615384
0.005424
0.012099692307692308
0.00855323076923077
0.0006258461538461538
-0.01272553846153846
-0.04380923076923077
-0.06592246153846154
-0.06967753846153846
-0.04944184615384615
0.005215384615384615
0.07197230769230768
0.14686523076923075
0.22300984615384614
0.2860116923076923
0.32982092307692307
0.347136
0.32669169230769235
0.25993476923076925
0.16897846153846155
0.07656184615384615
-0.0070929230769230765
-0.0853236923076923
-0.14728246153846153
-0.17461107692307692
-0.16313723076923078
-0.11891076923076922
-0.04756430769230769
0.04693846153846153
0.13434830769230768
0.2059033846153846
0.254928
0.2695310769230769
0.25805723076923076
0.2073636923076923
0.12913292307692306
0.03275261538461539
-0.07489292307692308
-0.16251138461538459
-0.22801661538461537
-0.25764
-0.24574892307692306
-0.1908830769230769
-0.09053907692307692
0.03400430769230769
0.16167692307692308
0.26118646153846153
0.3179298461538461
0.33983446153846153
0.328152
0.2730775384615384
0.18066092307692305
0.07301538461538462
-0.03212676923076923
-0.12245723076923076
-0.1858763076923077
-0.21195323076923075
-0.1992276923076923
-0.1543753846153846
-0.07739630769230768
0.015020307692307692
0.10159569230769232
0.16480615384615382
0.18963138461538462
0.19025723076923076
0.16480615384615382
0.11724184615384614
0.059664
-0.004589538461538461
-0.0609156923076923
-0.10493353846153847
-0.13622584615384614
-0.1397723076923077
-0.11599015384615384
-0.08428061538461538
-0.05716061538461538
-0.03692492307692308
-0.015228923076923076
0.005215384615384615
0.024616615384615383
0.04422646153846154
0.07134646153846153
0.10743692307692307
0.14311015384615386
0.18066092307692305
0.1942209230769231
0.17982646153846152
0.15291507692307693
0.11765907692307691
0.08594953846153845
0.042974769230769226
-0.0022947692307692304
-0.038176615384615385
-0.06383630769230769
-0.07259815384615384
-0.06341907692307691
-0.03588184615384615
-0.0029206153846153843
0.040054153846153843
0.0828203076923077
0.12016246153846154
0.14582215384615385
0.1449876923076923
0.11724184615384614
0.07092923076923077
0.009387692307692307
-0.05403138461538461
-0.1070196923076923
-0.157296
-0.18754523076923074
-0.19651569230769228
-0.16251138461538459
-0.08031692307692308
0.017940923076923077
0.11891076923076922
0.1908830769230769
0.23969907692307693
0.2574313846153846
0.23052
0.17419384615384614
0.07823076923076923
-0.03859384615384615
-0.14123261538461537
-0.2371956923076923
-0.3206418461538461
-0.40742584615384614
-0.47689476923076923
-0.5267538461538461
-0.5046406153846154
-0.3350363076923077
-0.12245723076923076
0.17315076923076922
0.444768
0.6650658461538461
0.8795224615384615
0.9759027692307692
0.98988
0.8327926153846154
0.5567944615384616
0.20006215384615383
-0.18232984615384615
-0.4952529230769231
-0.7608203076923077
-0.9191593846153845
-0.9823698461538461
-0.904764923076923
-0.6581815384615385
-0.3210590769230769
0.07134646153846153
0.43392000000000003
0.6727846153846154
0.8123483076923077
0.808176
0.6636055384615385
0.4405956923076923
0.0744756923076923
-0.31646953846153847
-0.6333563076923077
-0.8528196923076923
-0.8851550769230768
-0.7956590769230768
-0.6060276923076923
-0.3452584615384615
-0.10263876923076923
0.12850707692307692
0.31062830769230765
0.38426953846153844
0.37947138461538454
0.2999889230769231
0.20027076923076922
0.11911938461538461
0.04672984615384615
0.020027076923076922
-0.023364923076923075
-0.0744756923076923
-0.12683815384615382
-0.1913003076923077
-0.22551323076923077
-0.26097784615384617
-0.26452430769230767
-0.22864246153846152
-0.1869193846153846
-0.11265230769230769
-0.032544
0.027120000000000002
0.0934596923076923
0.14144123076923076
0.1908830769230769
0.25346769230769234
0.3072904615384615
0.3540203076923077
0.35631507692307696
0.2966510769230769
0.16626646153846153
-0.002712
-0.19693292307692306
-0.4017932307692308
-0.5453206153846154
-0.6193790769230769
-0.5958055384615384
-0.45978830769230766
-0.25701415384615384
0.0016689230769230767
0.2509643076923077
0.4418473846153846
0.5718147692307692
0.5903815384615384
0.5019286153846154
0.355272
0.16501476923076921
-0.03024923076923077
-0.21111876923076925
-0.3752990769230769
-0.46312615384615385
-0.47084492307692305
-0.4113895384615384
-0.28893230769230765
-0.13247076923076923
0.054657230769230764
0.23636123076923077
0.40346215384615386
0.5213298461538461
0.5509532307692308
0.511524923076923
0.3780110769230769
0.1992276923076923
0.026494153846153844
-0.14311015384615386
-0.2557624615384615
-0.3158436923076923
-0.31897292307692304
-0.23072861538461537
-0.100344
0.05528307692307692
0.19672430769230767
0.2818393846153846
0.309168
0.2716172307692308
0.19380369230769232
0.08699261538461538
-0.035464615384615386
-0.15395815384615386
-0.24887815384615386
-0.29227015384615385
-0.2803790769230769
-0.22530461538461538
-0.12621230769230768
-0.02357353846153846
0.07030338461538461
0.154584
0.18879692307692306
0.18504184615384617
0.130176
0.033169846153846154
-0.05403138461538461
-0.13351384615384615
-0.18232984615384615
-0.19213476923076922
-0.18170399999999998
-0.1395636923076923
-0.06926030769230769
0.015646153846153844
0.09199938461538461
0.1435273846153846
0.16313723076923078
0.1449876923076923
0.09262523076923077
0.005424
-0.09804923076923076
-0.19150892307692308
-0.27182584615384614
-0.3077076923076923
-0.2926873846153846
-0.24011630769230768
-0.14039815384615384
-0.028788923076923077
0.08302892307692307
0.1883796923076923
0.25284184615384614
0.2753723076923077
0.24053353846153847
0.16418030769230768
0.0717636923076923
-0.024199384615384616
-0.08615815384615384
-0.111192
-0.09554584615384615
-0.03108369230769231
0.06571384615384615
0.18066092307692305
0.28809784615384615
0.36027876923076924
0.3813489230769231
0.34296369230769225
0.26765353846153844
0.15959076923076923
0.012099692307692308
-0.143736
-0.2791273846153846
-0.35965292307692304
-0.3686233846153846
-0.31354892307692306
-0.20506892307692307
-0.05799507692307692
0.10722830769230769
0.2753723076923077
0.42661846153846156
0.5225815384615384
0.5384363076923077
0.45957969230769224
0.3133403076923077
0.13121907692307694
-0.06049846153846154
-0.2357353846153846
-0.37780246153846153
-0.443724923076923
-0.4368406153846153
-0.3485963076923077
-0.1858763076923077
-0.0008344615384615384
0.19046584615384615
0.3392086153846154
0.43329415384615383
0.47355692307692304
0.4493575384615385
0.3746732307692308
0.25513661538461535
0.12120553846153845
-0.001043076923076923
-0.09804923076923076
-0.1656406153846154
-0.19317784615384614
-0.17502830769230768
-0.13101046153846155
-0.05799507692307692
0.027120000000000002
0.10389046153846154
0.14957723076923077
0.15500123076923078
0.13622584615384614
0.10493353846153847
0.07656184615384615
0.03296123076923077
-0.01856676923076923
-0.058829538461538454
-0.08198584615384615
-0.06905169230769231
-0.040054153846153843
-0.010639384615384617
0.016063384615384615
0.01981846153846154
0.017732307692307693
0.014185846153846153
-0.0077187692307692304
-0.03504738461538461
-0.06696553846153847
-0.09408553846153846
-0.09763200000000001
-0.07384984615384615
-0.02899753846153846
0.021696
0.07384984615384615
0.12767261538461538
0.1710646153846154
0.19630707692307692
0.18858830769230767
0.13789476923076924
0.04965046153846154
-0.06633969230769231
-0.1712732307692308
-0.25054707692307693
-0.3012406153846154
-0.3062473846153846
-0.2705741538461538
-0.18983999999999998
-0.06842584615384616
0.05382276923076923
0.15625292307692307
0.22467876923076924
0.2503384615384615
0.25054707692307693
0.21862892307692305
0.1489513846153846
0.05486584615384615
-0.046104
-0.12266584615384615
-0.15374953846153847
-0.14123261538461537
-0.10138707692307691
-0.043600615384615383
0.027328615384615382
0.10472492307692308
0.18170399999999998
0.2422024615384615
0.2638984615384615
0.24282830769230768
0.1881710769230769
0.11035753846153845
0.031918153846153846
-0.042557538461538466
-0.1028473846153846
-0.13267938461538462
-0.1287156923076923
-0.08198584615384615
-0.00855323076923077
0.06487938461538462
0.13518276923076925
0.1777403076923077
0.1802436923076923
0.1570873846153846
0.0936683076923077
0.00855323076923077
-0.09074769230769231
-0.18629353846153843
-0.235944
-0.23093723076923076
-0.17690584615384616
-0.09387692307692307
0.0043809230769230765
0.09867507692307692
0.18379015384615385
0.24512307692307692
0.2632726153846154
0.23218892307692307
0.16105107692307694
0.06759138461538462
-0.03045784615384615
-0.10889723076923077
-0.16751815384615384
-0.20152246153846154
-0.20256553846153844
-0.16480615384615382
-0.0897046153846154
0.004172307692307692
0.09679753846153846
0.15771323076923077
0.1860849230769231
0.18399876923076922
0.154584
0.09971815384615385
0.01397723076923077
-0.08344615384615384
-0.17481969230769231
-0.24011630769230768
-0.279336
-0.2814221538461538
-0.25117292307692307
-0.19505538461538463
-0.1097316923076923
-0.015020307692307692
0.08469784615384615
0.1612596923076923
0.2056947692307692
0.21800307692307694
0.200688
0.1691870769230769
0.11160923076923077
0.03066646153846154
-0.05716061538461538
-0.14206707692307693
-0.19630707692307692
-0.20506892307692307
-0.18337292307692307
-0.14018953846153845
-0.0897046153846154
-0.02586830769230769
0.044435076923076924
0.100344
0.13330523076923076
0.1316363076923077
0.10994030769230768
0.07739630769230768
0.04318338461538461
0.02044430769230769
-0.0016689230769230767
-0.018983999999999997
-0.024408000000000003
-0.019192615384615384
0.006675692307692307
0.03504738461538461
0.04735569230769231
0.04735569230769231
0.03713353846153846
0.025659692307692307
0.014185846153846153
0.005424
0.003963692307692307
0.004798153846153846
0.013351384615384614
0.03629907692307692
0.06675692307692307
0.0934596923076923
0.103056
0.10493353846153847
0.10764553846153846
0.10493353846153847
0.09241661538461539
0.058829538461538454
0.009387692307692307
-0.037967999999999995
-0.06946892307692307
-0.08052553846153847
-0.07948246153846153
-0.08031692307692308
-0.07885661538461539
-0.06759138461538462
-0.04714707692307692
-0.026494153846153844
-0.020027076923076922
-0.027328615384615382
-0.03400430769230769
-0.04756430769230769
-0.06821723076923077
-0.09179076923076923
-0.12329169230769231
-0.14916
-0.1733593846153846
-0.17252492307692308
-0.14936861538461538
-0.11035753846153845
-0.06821723076923077
-0.040262769230769234
-0.009596307692307692
0.00855323076923077
0.025659692307692307
0.03483876923076923
0.029623384615384614
0.02315630769230769
0.012934153846153845
0.012516923076923077
0.02044430769230769
0.03150092307692308
0.04631261538461538
0.059872615384615385
0.07218092307692307
0.08740984615384616
0.08949599999999999
0.07781353846153846
0.04756430769230769
0.0004172307692307692
-0.04380923076923077
-0.08949599999999999
-0.130176
-0.15646153846153846
-0.17461107692307692
-0.17273353846153844
-0.13101046153846155
-0.06341907692307691
0.005841230769230769
0.07677046153846154
0.14540492307692307
0.19588984615384614
0.21904615384615383
0.20715507692307691
0.16689230769230767
0.09053907692307692
-0.008344615384615384
-0.09846646153846153
-0.16230276923076925
-0.20027076923076922
-0.2275993846153846
-0.22342707692307692
-0.1800350769230769
-0.0974233846153846
0.007301538461538462
0.10994030769230768
0.20486030769230767
0.2737033846153846
0.30374399999999996
0.29185292307692307
0.2374043076923077
0.14081538461538462
0.015228923076923076
-0.10931446153846153
-0.20423446153846153
-0.26118646153846153
-0.2699483076923077
-0.23949046153846154
-0.17502830769230768
-0.09658892307692307
-0.013768615384615384
0.05048492307692308
0.06467076923076923
0.07677046153846154
0.06675692307692307
0.061750153846153844
0.07843938461538462
0.11327815384615383
0.17252492307692308
0.22634769230769228
0.2807963076923077
0.2939390769230769
0.2803790769230769
0.24053353846153847
0.16751815384615384
0.06195876923076923
-0.05716061538461538
-0.1656406153846154
-0.24408
-0.2695310769230769
-0.2737033846153846
-0.2503384615384615
-0.19505538461538463
-0.065088
0.111192
0.27704123076923076
0.41577046153846153
0.46083138461538464
0.47689476923076923
0.4401784615384615
0.33587076923076925
0.19797599999999999
-0.028163076923076923
-0.2355267692307692
-0.40575692307692307
-0.5182006153846154
-0.5261279999999999
-0.5033889230769231
-0.4115981538461538
-0.24741784615384615
-0.047981538461538464
0.1873366153846154
0.3790541538461539
0.5194523076923077
0.6108258461538462
0.6189618461538461
0.5828713846153846
0.4725138461538462
0.3156350769230769
0.14728246153846153
-0.059038153846153844
-0.24345415384615382
-0.3919883076923077
-0.48357046153846156
-0.4812756923076923
-0.4243236923076923
-0.31041969230769234
-0.15604430769230768
0.008136
0.19609846153846153
0.3573581538461538
0.4622916923076923
0.5123593846153845
0.5029716923076922
0.46291753846153844
0.38572984615384615
0.26118646153846153
0.10889723076923077
-0.06654830769230768
-0.21988061538461537
-0.33524492307692305
-0.42348923076923073
-0.45040061538461534
-0.4360061538461539
-0.36340799999999995
-0.2330233846153846
-0.084072
0.07969107692307692
0.2194633846153846
0.3375396923076923
0.41618769230769226
0.4251581538461538
0.3844781538461538
0.2872633846153846
0.15750461538461538
0.01668923076923077
-0.13038461538461538
-0.24616615384615384
-0.3277347692307692
-0.36904061538461536
-0.3669544615384615
-0.3314898461538462
-0.241368
-0.11807630769230769
0.01397723076923077
0.14457046153846154
0.24408
0.3116713846153846
0.3452584615384615
0.33566215384615383
0.27850153846153847
0.168144
0.042557538461538466
-0.07238953846153846
-0.1760713846153846
-0.24408
-0.2872633846153846
-0.2981113846153846
-0.25200738461538463
-0.16230276923076925
-0.040262769230769234
0.08240307692307691
0.17502830769230768
0.24595753846153845
0.2916443076923077
0.309168
0.3008233846153846
0.254928
0.18232984615384615
0.09095630769230768
0.0002086153846153846
-0.07531015384615385
-0.1422756923076923
-0.19609846153846153
-0.23114584615384615
-0.23531815384615382
-0.2021483076923077
-0.14540492307692307
-0.08156861538461539
-0.02524246153846154
0.013351384615384614
0.04318338461538461
0.06654830769230768
0.08657538461538461
0.09450276923076922
0.0826116923076923
0.058829538461538454
0.019192615384615384
-0.01814953846153846
-0.04631261538461538
-0.06821723076923077
-0.08782707692307692
-0.11870215384615385
-0.14018953846153845
-0.13768615384615385
-0.12350030769230769
-0.09408553846153846
-0.055491692307692304
-0.015020307692307692
0.04088861538461538
0.09512861538461538
0.13935507692307691
0.16459753846153846
0.17002153846153847
0.165432
0.14561353846153846
0.12496061538461539
0.09784061538461537
0.07739630769230768
0.06967753846153846
0.051319384615384614
0.04214030769230769
0.03942830769230769
0.03775938461538462
0.043392
0.03483876923076923
0.021278769230769233
0.005215384615384615
-0.01814953846153846
-0.031709538461538456
-0.04756430769230769
-0.06738276923076922
-0.07280676923076923
-0.07009476923076922
-0.05444861538461539
-0.03442153846153846
-0.021278769230769233
0.0016689230769230767
0.025659692307692307
0.05799507692307692
0.08490646153846154
0.09304246153846155
0.09074769230769231
0.06529661538461538
0.026702769230769228
-0.025033846153846153
-0.08636676923076922
-0.14060676923076923
-0.18149538461538461
-0.19505538461538463
-0.17440246153846153
-0.1368516923076923
-0.08302892307692307
-0.011891076923076923
0.06863446153846153
0.14728246153846153
0.20360861538461536
0.2415766153846154
0.2557624615384615
0.23844738461538462
0.20027076923076922
0.1341396923076923
0.051528
-0.03066646153846154
-0.10597661538461538
-0.15187199999999998
-0.1666836923076923
-0.1531236923076923
-0.10952307692307692
-0.040262769230769234
0.053614153846153846
0.15562707692307692
0.2532590769230769
0.3269003076923077
0.3548547692307692
0.3412947692307692
0.2883064615384615
0.20423446153846153
0.103056
-0.0016689230769230767
-0.10368184615384615
-0.19025723076923076
-0.25200738461538463
-0.2830910769230769
-0.2724516923076923
-0.23281476923076924
-0.17398523076923075
-0.10430769230769231
-0.031918153846153846
0.035255999999999996
0.08845292307692308
0.12120553846153845
0.11870215384615385
0.09116492307692307
0.056326153846153845
0.005215384615384615
-0.05757784615384615
-0.12704676923076924
-0.19755876923076923
-0.25305046153846156
-0.28851507692307693
-0.28893230769230765
-0.26118646153846153
-0.21132738461538458
-0.14394461538461537
-0.07405846153846153
0.004589538461538461
0.08073415384615384
0.14144123076923076
0.1777403076923077
0.19213476923076922
0.18900553846153845
0.1704387692307692
0.14561353846153846
0.103056
0.051528
0.0
-0.0446436923076923
-0.07468430769230769
-0.10660246153846153
-0.13247076923076923
-0.1449876923076923
-0.13852061538461538
-0.1045163076923077
-0.058829538461538454
-0.009804923076923077
0.03629907692307692
0.07259815384615384
0.0974233846153846
0.11014892307692307
0.09992676923076924
0.06258461538461538
0.0006258461538461538
-0.07510153846153846
-0.1395636923076923
-0.18942276923076923
-0.21883753846153844
-0.22780799999999998
-0.21341353846153846
-0.16251138461538459
-0.08010830769230769
0.02545107692307692
0.14102399999999998
0.22947692307692308
0.28204799999999997
0.31188
0.31751261538461534
0.30207507692307695
0.25805723076923076
0.19839323076923077
0.12725538461538463
0.05799507692307692
0.004798153846153846
-0.03629907692307692
-0.05757784615384615
-0.07092923076923077
-0.05674338461538461
-0.01043076923076923
0.05236246153846154
0.12662953846153846
0.18754523076923074
0.23010276923076922
0.25117292307692307
0.24512307692307692
0.21696000000000001
0.16292861538461537
0.08636676923076922
0.001043076923076923
-0.0771876923076923
-0.12662953846153846
-0.14457046153846154
-0.14999446153846155
-0.13872923076923074
-0.1136953846153846
-0.0826116923076923
-0.03942830769230769
0.0033378461538461535
0.03337846153846154
0.0448523076923077
0.037342153846153844
0.03045784615384615
0.03713353846153846
0.04172307692307692
0.03233538461538461
0.008970461538461538
-0.023990769230769232
-0.04526953846153846
-0.042557538461538466
-0.03504738461538461
-0.037967999999999995
-0.04819015384615385
-0.06613107692307692
-0.06821723076923077
-0.059664
-0.04985907692307692
-0.03963692307692308
-0.03859384615384615
-0.027120000000000002
-0.0022947692307692304
0.027120000000000002
0.04380923076923077
0.043600615384615383
0.03671630769230769
0.03337846153846154
0.040054153846153843
0.05173661538461538
0.054657230769230764
0.04568676923076923
0.03567323076923076
0.03066646153846154
0.03755076923076923
0.03629907692307692
0.02044430769230769
-0.0012516923076923076
-0.01940123076923077
-0.02232184615384615
-0.02044430769230769
-0.011056615384615385
0.003129230769230769
0.01710646153846154
0.029414769230769227
0.03921969230769231
0.04693846153846153
0.042974769230769226
0.02211323076923077
-0.0043809230769230765
-0.014185846153846153
-0.018983999999999997
-0.021070153846153846
-0.010222153846153844
-0.007510153846153846
-0.010639384615384617
-0.006258461538461538
0.0043809230769230765
0.01981846153846154
0.029414769230769227
0.03921969230769231
0.05382276923076923
0.07364123076923076
0.10076123076923077
0.12516923076923075
0.1424843076923077
0.15270646153846154
0.15813046153846153
0.16292861538461537
0.15896492307692306
0.13872923076923074
0.11599015384615384
0.08574092307692306
0.058829538461538454
0.03108369230769231
-0.005841230769230769
-0.03859384615384615
-0.07426707692307692
-0.09137353846153846
-0.08615815384615384
-0.056951999999999996
-0.003963692307692307
0.04547815384615384
0.09992676923076924
0.14394461538461537
0.1718990769230769
0.18379015384615385
0.15500123076923078
0.10138707692307691
0.02273907692307692
-0.06926030769230769
-0.15291507692307693
-0.22780799999999998
-0.279336
-0.3047870769230769
-0.2997803076923077
-0.24700061538461537
-0.15938215384615384
-0.05611753846153846
0.05444861538461539
0.14206707692307693
0.20632061538461538
0.238656
0.22467876923076924
0.17690584615384616
0.09241661538461539
-0.0006258461538461538
-0.08010830769230769
-0.13789476923076924
-0.15082892307692305
-0.1287156923076923
-0.07572738461538461
0.0
0.08344615384615384
0.16626646153846153
0.2207150769230769
0.23448369230769228
0.21028430769230766
0.1597993846153846
0.09450276923076922
0.022530461538461537
-0.04109723076923077
-0.0934596923076923
-0.12662953846153846
-0.12433476923076923
-0.09512861538461538
-0.054240000000000003
-0.007510153846153846
0.035255999999999996
0.07155507692307693
0.09179076923076923
0.08073415384615384
0.04693846153846153
-0.01043076923076923
-0.07468430769230769
-0.13309661538461537
-0.168144
-0.17690584615384616
-0.1635544615384615
-0.1316363076923077
-0.10931446153846153
-0.07739630769230768
-0.06863446153846153
-0.06425353846153846
-0.07927384615384615
-0.10994030769230768
-0.12558646153846154
-0.10159569230769232
-0.011473846153846154
0.15813046153846153
0.3873987692307692
0.5119421538461538
0.6738276923076922
0.8048381538461538
0.8688830769230769
0.9156129230769231
0.7606116923076923
0.5225815384615384
0.1558356923076923
-0.2205064615384615
-0.5555427692307692
-0.9250006153846153
-1.1782596923076922
-1.3551655384615384
-1.3113563076923078
-1.0447458461538461
-0.6323132307692307
-0.06362769230769232
0.4675070769230769
0.973608
1.3843716923076923
1.5852683076923075
1.5992455384615385
1.3257507692307693
0.8630418461538462
0.29581661538461534
-0.3752990769230769
-0.9222886153846154
-1.3416055384615384
-1.6052953846153846
-1.6230276923076923
-1.4805433846153844
-1.1215163076923076
-0.6333563076923077
-0.06321046153846153
0.5557513846153845
1.0601833846153845
1.4181673846153846
1.580678769230769
1.5397901538461538
1.3155286153846153
0.8766018461538462
0.33357600000000004
-0.24554030769230767
-0.7969107692307692
-1.1838923076923078
-1.4321446153846153
-1.4978584615384616
-1.3628843076923076
-1.0866775384615384
-0.6744535384615383
-0.22154953846153846
0.208824
0.6189618461538461
0.9433587692307692
1.170540923076923
1.2829846153846154
1.2337513846153845
1.0526732307692308
0.7439224615384615
0.36215630769230767
-0.051528
-0.45311261538461534
-0.8015003076923076
-1.07124
-1.1953661538461537
-1.2053796923076923
-1.0910584615384615
-0.8215273846153847
-0.4645864615384615
-0.04526953846153846
0.3949089230769231
0.7843938461538461
1.102740923076923
1.2854879999999997
1.3063495384615385
1.1724184615384616
0.8761846153846153
0.48336184615384614
0.02586830769230769
-0.46396061538461536
-0.9187421538461538
-1.2792295384615384
-1.4669833846153846
-1.4694867692307692
-1.2952929230769232
-0.9625513846153846
-0.51528
0.03358707692307692
0.6141636923076923
1.1177612307692308
1.4880535384615383
1.6486873846153844
1.591944
1.3568344615384615
0.9598393846153846
0.47772923076923074
-0.051319384615384614
-0.5597150769230769
-0.9660978461538461
-1.234377230769231
-1.3226215384615385
-1.2189396923076923
-0.948156923076923
-0.557628923076923
-0.09930092307692308
0.3752990769230769
0.7983710769230769
1.1100424615384614
1.2907033846153846
1.2950843076923078
1.135284923076923
0.8313323076923077
0.41618769230769226
-0.025033846153846153
-0.47355692307692304
-0.8534455384615384
-1.1127544615384615
-1.2483544615384614
-1.231248
-1.0804190769230768
-0.8246566153846154
-0.485448
-0.1151556923076923
0.249504
0.5791163076923077
0.8150603076923078
0.941064
0.9391864615384615
0.8196498461538462
0.612912
0.33524492307692305
0.045895384615384616
-0.2415766153846154
-0.48586523076923077
-0.6569298461538461
-0.7695821538461539
-0.7846024615384615
-0.7245212307692307
-0.5826627692307692
-0.37029230769230764
-0.14540492307692307
0.09971815384615385
0.330864
0.5342640000000001
0.6992787692307693
0.7871058461538462
0.7960763076923076
0.7238953846153846
0.5789076923076923
0.3896935384615384
0.17273353846153844
-0.05298830769230769
-0.26911384615384615
-0.45707630769230767
-0.5853747692307693
-0.6454559999999999
-0.6296012307692308
-0.531552
-0.3813489230769231
-0.18796246153846152
0.021696
0.21967199999999998
0.41076369230769233
0.551579076923077
0.6321046153846154
0.6391975384615384
0.5665993846153846
0.4476886153846154
0.28934953846153844
0.11098338461538461
-0.07843938461538462
-0.2453316923076923
-0.35256
-0.3978295384615384
-0.3805144615384615
-0.32001599999999997
-0.23761292307692305
-0.14144123076923076
-0.029414769230769227
0.09554584615384615
0.20486030769230767
0.2651501538461538
0.28392553846153845
0.26723630769230766
0.21925476923076925
0.15541846153846153
0.07614461538461538
-0.0070929230769230765
-0.08636676923076922
-0.15124615384615384
-0.1787833846153846
-0.1710646153846154
-0.143736
-0.10263876923076923
-0.06654830769230768
-0.029832
0.011682461538461537
0.04172307692307692
0.053614153846153846
0.04088861538461538
0.021904615384615383
0.011473846153846154
0.017732307692307693
0.03150092307692308
0.045060923076923075
0.04631261538461538
0.035464615384615386
0.027328615384615382
0.011056615384615385
-0.012099692307692308
-0.06133292307692308
-0.132888
-0.20548615384615385
-0.26723630769230766
-0.2947735384615384
-0.2899753846153846
-0.2626467692307692
-0.20798953846153845
-0.12829846153846153
-0.024199384615384616
0.0853236923076923
0.17461107692307692
0.2292683076923077
0.2369870769230769
0.20193969230769232
0.13455692307692307
0.05757784615384615
-0.03108369230769231
-0.12454338461538461
-0.20319138461538463
-0.2591003076923077
-0.26619323076923074
-0.2330233846153846
-0.17419384615384614
-0.09450276923076922
-0.005424
0.0961716923076923
0.20402584615384614
0.2947735384615384
0.34963938461538463
0.35923569230769226
0.33649661538461534
0.29456492307692306
0.2292683076923077
0.15103753846153847
0.05194523076923077
-0.05236246153846154
-0.12788123076923075
-0.17023015384615386
-0.16856123076923077
-0.1462393846153846
-0.10910584615384614
-0.056951999999999996
-0.0025033846153846152
0.06529661538461538
0.12016246153846154
0.14519630769230768
0.15166338461538462
0.13789476923076924
0.11765907692307691
0.1045163076923077
0.09033046153846153
0.06946892307692307
0.047772923076923074
0.028371692307692306
0.018775384615384614
0.03212676923076923
0.06362769230769232
0.09053907692307692
0.10994030769230768
0.132888
0.15938215384615384
0.1858763076923077
0.19693292307692306
0.18525046153846153
0.16313723076923078
0.13038461538461538
0.09700615384615385
0.06926030769230769
0.03588184615384615
0.017523692307692306
0.010848
0.02232184615384615
0.054657230769230764
0.07614461538461538
0.09283384615384616
0.10055261538461538
0.09930092307692308
0.10117846153846152
0.09721476923076922
0.08386338461538462
0.04693846153846153
-0.0008344615384615384
-0.03483876923076923
-0.05924676923076923
-0.06759138461538462
-0.06863446153846153
-0.07113784615384615
-0.06863446153846153
-0.06049846153846154
-0.037967999999999995
-0.013142769230769229
0.0025033846153846152
0.01814953846153846
0.03504738461538461
0.06279323076923077
0.103056
0.13101046153846155
0.1449876923076923
0.14039815384615384
0.10660246153846153
0.06195876923076923
0.011891076923076923
-0.05194523076923077
-0.12558646153846154
-0.19192615384615386
-0.23636123076923077
-0.2422024615384615
-0.208824
-0.15270646153846154
-0.08240307692307691
-0.0006258461538461538
0.08428061538461538
0.16209415384615386
0.20131384615384615
0.19171753846153847
0.15103753846153847
0.07551876923076924
-0.015646153846153844
-0.11557292307692307
-0.21195323076923075
-0.28663753846153844
-0.3479704615384615
-0.3738387692307692
-0.3448412307692308
-0.2774584615384615
-0.17982646153846152
-0.06967753846153846
0.05403138461538461
0.1785747692307692
0.2751636923076923
0.34630153846153844
0.360696
0.32564861538461537
0.24491446153846153
0.13518276923076925
0.022947692307692308
-0.10159569230769232
-0.20548615384615385
-0.28246523076923075
-0.3195987692307692
-0.3004061538461538
-0.2453316923076923
-0.16501476923076921
-0.07009476923076922
0.02795446153846154
0.12120553846153845
0.19505538461538463
0.24324553846153843
0.2730775384615384
0.2737033846153846
0.2480436923076923
0.21591692307692306
0.1829556923076923
0.14039815384615384
0.08135999999999999
0.030875076923076922
-0.004589538461538461
-0.019609846153846155
-0.02023569230769231
-0.030040615384615384
-0.04109723076923077
-0.056326153846153845
-0.07051199999999999
-0.06446215384615385
-0.047981538461538464
-0.01856676923076923
0.018983999999999997
0.05820369230769231
0.11911938461538461
0.184416
0.2374043076923077
0.2647329230769231
0.2572227692307692
0.2357353846153846
0.1860849230769231
0.10764553846153846
0.013768615384615384
-0.10180430769230768
-0.21341353846153846
-0.30436984615384616
-0.3542289230769231
-0.3554806153846154
-0.3277347692307692
-0.254928
-0.14603076923076924
-0.016272
0.12621230769230768
0.24741784615384615
0.3412947692307692
0.3890676923076923
0.38072307692307694
0.33899999999999997
0.25471938461538457
0.13351384615384615
-0.013351384615384614
-0.16897846153846155
-0.30019753846153846
-0.39511753846153846
-0.443724923076923
-0.4416387692307692
-0.3873987692307692
-0.2851772307692308
-0.13914646153846155
0.03045784615384615
0.18525046153846153
0.3031181538461538
0.36945784615384614
0.3805144615384615
0.3452584615384615
0.2701569230769231
0.1612596923076923
0.026494153846153844
-0.11599015384615384
-0.24178523076923078
-0.3304467692307692
-0.37738523076923075
-0.3821833846153846
-0.3521427692307692
-0.2926873846153846
-0.20193969230769232
-0.092208
0.02482523076923077
0.12579507692307693
0.206112
0.2680707692307692
0.2995716923076923
0.29581661538461534
0.2540935384615385
0.17398523076923075
0.06863446153846153
-0.037342153846153844
-0.14018953846153845
-0.21842030769230766
-0.2734947692307692
-0.31000246153846156
-0.314592
-0.2860116923076923
-0.2125790769230769
-0.15082892307692305
-0.08386338461538462
0.0004172307692307692
0.0771876923076923
0.16835261538461538
0.2422024615384615
0.29352184615384613
0.32085046153846153
0.31918153846153846
0.2920615384615385
0.2699483076923077
0.21049292307692305
0.04047138461538462
-0.13393107692307693
-0.29727692307692305
-0.41535323076923075
-0.39052800000000004
-0.42494953846153843
-0.442056
-0.3757163076923077
-0.2699483076923077
-0.007510153846153846
0.1804523076923077
0.31500923076923076
0.38885907692307686
0.39636923076923075
0.4746
0.4485230769230769
0.3588184615384616
0.14874276923076923
-0.127464
-0.2860116923076923
-0.4245323076923077
-0.425784
-0.3896935384615384
-0.35631507692307696
-0.18942276923076923
-0.06154153846153846
0.14185846153846154
0.3594443076923077
0.43704923076923075
0.5269624615384615
0.4750172307692308
0.34317230769230767
0.2559710769230769
0.10493353846153847
0.03233538461538461
-0.049233230769230765
-0.16251138461538459
-0.18170399999999998
-0.1721076923076923
-0.06341907692307691
0.05757784615384615
0.11035753846153845
0.15562707692307692
0.1597993846153846
0.20778092307692309
0.25659692307692306
0.2125790769230769
0.15938215384615384
0.06028984615384615
0.003963692307692307
0.025033846153846153
0.015854769230769228
0.04631261538461538
0.055491692307692304
0.05736923076923077
0.13038461538461538
0.15270646153846154
0.14102399999999998
0.10722830769230769
0.008344615384615384
-0.05090215384615384
-0.0961716923076923
-0.13872923076923074
-0.13664307692307692
-0.12788123076923075
-0.0988836923076923
-0.06049846153846154
0.008136
0.0897046153846154
0.15208061538461537
0.19755876923076923
0.17565415384615385
0.1368516923076923
0.09679753846153846
0.02545107692307692
-0.026702769230769228
-0.09784061538461537
-0.15124615384615384
-0.13622584615384614
-0.11557292307692307
-0.05924676923076923
-0.007510153846153846
0.020652923076923076
0.086784
0.12934153846153845
0.13872923076923074
0.11098338461538461
0.03942830769230769
-0.014394461538461538
-0.06988615384615385
-0.11745046153846153
-0.15187199999999998
-0.17565415384615385
-0.12704676923076924
-0.06675692307692307
0.0050067692307692304
0.10138707692307691
0.1435273846153846
0.18525046153846153
0.18253846153846154
0.130176
0.09784061538461537
0.014394461538461538
-0.07364123076923076
-0.14832553846153845
-0.23156307692307693
-0.25555384615384613
-0.2261390769230769
-0.1397723076923077
-0.02211323076923077
0.084072
0.18525046153846153
0.2586830769230769
0.32898646153846156
0.37655076923076924
0.3642424615384615
0.30270092307692303
0.17461107692307692
0.042557538461538466
-0.06425353846153846
-0.1733593846153846
-0.25805723076923076
-0.3269003076923077
-0.3475532307692307
-0.273912
-0.16271999999999998
-0.03609046153846154
0.08156861538461539
0.15500123076923078
0.21612553846153845
0.2517987692307692
0.2563883076923077
0.20778092307692309
0.08782707692307692
-0.046104
-0.17461107692307692
-0.2647329230769231
-0.31062830769230765
-0.3212676923076923
-0.2751636923076923
-0.21696000000000001
-0.14123261538461537
-0.03504738461538461
0.059872615384615385
0.16292861538461537
0.22154953846153846
0.2221753846153846
0.22947692307692308
0.22029784615384615
0.20861538461538462
0.18086953846153844
0.11181784615384616
0.04693846153846153
-0.0014603076923076922
-0.014811692307692307
-0.002086153846153846
-0.004589538461538461
-0.011891076923076923
-0.029206153846153847
-0.024616615384615383
0.0050067692307692304
0.009387692307692307
0.008970461538461538
0.0035464615384615383
0.007927384615384614
0.03129230769230769
0.05194523076923077
0.08845292307692308
0.12162276923076921
0.1424843076923077
0.16188553846153847
0.1666836923076923
0.16313723076923078
0.13872923076923074
0.08135999999999999
0.009804923076923077
-0.06821723076923077
-0.13247076923076923
-0.17377661538461536
-0.19463815384615382
-0.18107815384615383
-0.15166338461538462
-0.08740984615384616
0.017940923076923077
0.13267938461538462
0.24741784615384615
0.32731753846153844
0.38280923076923074
0.41368430769230763
0.38760738461538463
0.31667815384615383
0.20006215384615383
0.06133292307692308
-0.05382276923076923
-0.14978584615384616
-0.21007569230769232
-0.23782153846153845
-0.24449723076923074
-0.20110523076923076
-0.12370892307692308
-0.03233538461538461
0.04422646153846154
0.09992676923076924
0.14144123076923076
0.15333230769230768
0.14686523076923075
0.11411261538461538
0.06216738461538462
0.011682461538461537
-0.04526953846153846
-0.09554584615384615
-0.13038461538461538
-0.16730953846153845
-0.1867107692307692
-0.19338646153846153
-0.18399876923076922
-0.14686523076923075
-0.1218313846153846
-0.09721476923076922
-0.07677046153846154
-0.059038153846153844
-0.03296123076923077
-0.021696
-0.015020307692307692
-0.027120000000000002
-0.047981538461538464
-0.05528307692307692
-0.05173661538461538
-0.02858030769230769
-0.020652923076923076
-0.037342153846153844
-0.05736923076923077
-0.0853236923076923
-0.10597661538461538
-0.1205796923076923
-0.14916
-0.16856123076923077
-0.16626646153846153
-0.13518276923076925
-0.06425353846153846
0.02586830769230769
0.11181784615384616
0.1721076923076923
0.21091015384615383
0.2290596923076923
0.22488738461538463
0.1867107692307692
0.111192
0.02357353846153846
-0.06696553846153847
-0.12162276923076921
-0.13497415384615385
-0.12955015384615384
-0.10514215384615383
-0.06738276923076922
-0.0043809230769230765
0.07843938461538462
0.15667015384615385
0.208824
0.22843384615384613
0.21716861538461538
0.19067446153846154
0.15687876923076924
0.10076123076923077
0.019609846153846155
-0.06821723076923077
-0.1462393846153846
-0.20277415384615383
-0.21696000000000001
-0.2125790769230769
-0.20235692307692305
-0.17481969230769231
-0.12996738461538462
-0.055491692307692304
0.02753723076923077
0.09909230769230769
0.1422756923076923
0.1476996923076923
0.1435273846153846
0.12808984615384614
0.10660246153846153
0.06988615384615385
0.011891076923076923
-0.04526953846153846
-0.09199938461538461
-0.10785415384615385
-0.10514215384615383
-0.09763200000000001
-0.08010830769230769
-0.05236246153846154
-0.015228923076923076
0.037967999999999995
0.08949599999999999
0.11014892307692307
0.11724184615384614
0.12099692307692309
0.13038461538461538
0.13706030769230768
0.1218313846153846
0.07760492307692309
0.0077187692307692304
-0.059038153846153844
-0.10994030769230768
-0.13998092307692306
-0.15520984615384617
-0.15938215384615384
-0.13643446153846153
-0.08386338461538462
-0.010013538461538461
0.06633969230769231
0.13101046153846155
0.1869193846153846
0.2154996923076923
0.20944984615384615
0.18545907692307692
0.13038461538461538
0.04631261538461538
-0.04401784615384615
-0.12350030769230769
-0.16313723076923078
-0.1639716923076923
-0.13267938461538462
-0.07656184615384615
-0.012934153846153845
0.07113784615384615
0.15938215384615384
0.23239753846153846
0.2789187692307692
0.28350830769230767
0.25451076923076926
0.19505538461538463
0.12662953846153846
0.05048492307692308
-0.034630153846153845
-0.10159569230769232
-0.14665661538461539
-0.154584
-0.130176
-0.10660246153846153
-0.07510153846153846
-0.04109723076923077
0.0016689230769230767
0.04819015384615385
0.065088
0.06717415384615384
0.045060923076923075
0.006675692307692307
-0.03233538461538461
-0.07405846153846153
-0.09554584615384615
-0.10910584615384614
-0.10868861538461538
-0.07927384615384615
-0.04714707692307692
-0.009179076923076922
0.03066646153846154
0.06195876923076923
0.09554584615384615
0.11870215384615385
0.13393107692307693
0.13893784615384613
0.11202646153846153
0.06821723076923077
0.012934153846153845
-0.03629907692307692
-0.06425353846153846
-0.08761846153846153
-0.09763200000000001
-0.10618523076923077
-0.10910584615384614
-0.09241661538461539
-0.06946892307692307
-0.04318338461538461
-0.014603076923076923
0.023364923076923075
0.07072061538461538
0.11849353846153846
0.1614683076923077
0.18232984615384615
0.1783661538461538
0.16647507692307692
0.13497415384615385
0.09241661538461539
0.042974769230769226
-0.01981846153846154
-0.07009476923076922
-0.11411261538461538
-0.13038461538461538
-0.10743692307692307
-0.07092923076923077
-0.012099692307692308
0.05444861538461539
0.12996738461538462
0.2125790769230769
0.27620676923076926
0.31396615384615384
0.3045784615384615
0.2532590769230769
0.1785747692307692
0.08219446153846154
-0.013768615384615384
-0.11765907692307691
-0.22405292307692307
-0.2891409230769231
-0.30749907692307693
-0.26723630769230766
-0.19505538461538463
-0.10764553846153846
-0.008344615384615384
0.07009476923076922
0.1397723076923077
0.19192615384615386
0.21132738461538458
0.19505538461538463
0.13247076923076923
0.052571076923076915
-0.022947692307692308
-0.08866153846153846
-0.13038461538461538
-0.1558356923076923
-0.14603076923076924
-0.09804923076923076
-0.026702769230769228
0.07009476923076922
0.15813046153846153
0.22447015384615385
0.2638984615384615
0.265776
0.24282830769230768
0.20131384615384615
0.13852061538461538
0.05945538461538461
-0.018358153846153843
-0.0771876923076923
-0.11181784615384616
-0.12120553846153845
-0.11056615384615384
-0.08344615384615384
-0.04214030769230769
0.0022947692307692304
0.04631261538461538
0.08302892307692307
0.09846646153846153
0.0897046153846154
0.054240000000000003
-0.004798153846153846
-0.08094276923076923
-0.1691870769230769
-0.2526332307692308
-0.32543999999999995
-0.3137575384615385
-0.20110523076923076
-0.03567323076923076
0.19359507692307693
0.4047138461538461
0.6081138461538461
0.7829335384615385
0.8619987692307692
0.8580350769230769
0.7038683076923077
0.4622916923076923
0.18900553846153845
-0.08344615384615384
-0.33002953846153843
-0.5494929230769231
-0.6656916923076922
-0.6846756923076923
-0.568476923076923
-0.36382523076923073
-0.13101046153846155
0.12558646153846154
0.3379569230769231
0.5146541538461539
0.5953883076923077
0.545112
0.4072172307692307
0.19338646153846153
-0.06592246153846154
-0.33357600000000004
-0.5584633846153846
-0.7019907692307692
-0.743088
-0.6761224615384615
-0.5305089230769231
-0.33524492307692305
-0.13664307692307692
0.042557538461538466
0.1977673846153846
0.2830910769230769
0.3060387692307692
0.28392553846153845
0.23907323076923076
0.19380369230769232
0.14519630769230768
0.09262523076923077
0.03108369230769231
-0.022530461538461537
-0.06759138461538462
-0.12120553846153845
-0.1883796923076923
-0.2563883076923077
-0.2981113846153846
-0.29602523076923076
-0.2701569230769231
-0.22551323076923077
-0.16793538461538463
-0.116616
-0.04547815384615384
0.028163076923076923
0.09283384615384616
0.15771323076923077
0.2021483076923077
0.2330233846153846
0.235944
0.1792006153846154
0.06905169230769231
-0.07384984615384615
-0.23198030769230768
-0.3692492307692308
-0.46354338461538463
-0.4946270769230769
-0.4401784615384615
-0.3143833846153846
-0.13372246153846154
0.07843938461538462
0.2887236923076923
0.4618744615384615
0.5759870769230769
0.5995606153846154
0.5194523076923077
0.387816
0.2154996923076923
0.030040615384615384
-0.13518276923076925
-0.27850153846153847
-0.36611999999999995
-0.38885907692307686
-0.3452584615384615
-0.25200738461538463
-0.13205353846153844
0.009804923076923077
0.15333230769230768
0.2883064615384615
0.3805144615384615
0.4049224615384615
0.37967999999999996
0.30436984615384616
0.18900553846153845
0.04714707692307692
-0.09950953846153845
-0.2157083076923077
-0.2805876923076923
-0.29227015384615385
-0.23782153846153845
-0.1287156923076923
0.006884307692307692
0.157296
0.2774584615384615
0.35318584615384613
0.37300430769230764
0.3269003076923077
0.23928184615384615
0.12266584615384615
-0.0014603076923076922
-0.10096984615384616
-0.16271999999999998
-0.1794092307692308
-0.14540492307692307
-0.06884307692307692
0.02899753846153846
0.12391753846153845
0.200688
0.23615261538461538
0.222384
0.15228923076923076
0.04088861538461538
-0.07969107692307692
-0.19818461538461538
-0.29414769230769233
-0.35297723076923077
-0.3646596923076923
-0.32314523076923074
-0.22780799999999998
-0.10597661538461538
0.013768615384615384
0.12996738461538462
0.2221753846153846
0.2830910769230769
0.30979384615384614
0.28246523076923075
0.21487384615384614
0.12537784615384615
0.03379569230769231
-0.040262769230769234
-0.09930092307692308
-0.1397723076923077
-0.15208061538461537
-0.138312
-0.100344
-0.03650769230769231
0.03066646153846154
0.08574092307692306
0.12767261538461538
0.14936861538461538
0.15833907692307692
0.1502030769230769
0.12537784615384615
0.09095630769230768
0.05319692307692307
0.03108369230769231
0.029414769230769227
0.04214030769230769
0.05674338461538461
0.061124307692307686
0.051528
0.017523692307692306
-0.03233538461538461
-0.08323753846153846
-0.14728246153846153
-0.2125790769230769
-0.25430215384615384
-0.2586830769230769
-0.21111876923076925
-0.12558646153846154
-0.012516923076923077
0.11327815384615383
0.2355267692307692
0.3481790769230769
0.4303735384615384
0.46396061538461536
0.425784
0.3248141538461538
0.19338646153846153
0.04985907692307692
-0.08949599999999999
-0.21111876923076925
-0.30270092307692303
-0.3385827692307692
-0.31646953846153847
-0.2399076923076923
-0.11619876923076923
0.016897846153846156
0.14936861538461538
0.26306399999999996
0.3387913846153846
0.36382523076923073
0.33983446153846153
0.2737033846153846
0.17461107692307692
0.06863446153846153
-0.03442153846153846
-0.12788123076923075
-0.20193969230769232
-0.23844738461538462
-0.23615261538461538
-0.19797599999999999
-0.12329169230769231
-0.03504738461538461
0.04819015384615385
0.11056615384615384
0.14436184615384615
0.15520984615384617
0.14164984615384615
0.11098338461538461
0.06008123076923077
0.002086153846153846
-0.03483876923076923
-0.05090215384615384
-0.03963692307692308
-0.017315076923076923
-0.004798153846153846
0.008970461538461538
0.01710646153846154
0.015854769230769228
0.0025033846153846152
-0.042974769230769226
-0.10597661538461538
-0.1704387692307692
-0.2205064615384615
-0.24053353846153847
-0.2399076923076923
-0.20924123076923076
-0.1543753846153846
-0.08198584615384615
0.0035464615384615383
0.09053907692307692
0.1635544615384615
0.18879692307692306
0.18358153846153846
0.15416676923076922
0.09971815384615385
0.032544
-0.04902461538461538
-0.11703323076923078
-0.1704387692307692
-0.20652923076923077
-0.19505538461538463
-0.1504116923076923
-0.08949599999999999
-0.020652923076923076
0.04839876923076923
0.13059323076923077
0.21049292307692305
0.26869661538461537
0.29748553846153847
0.29039261538461536
0.2605606153846154
0.21696000000000001
0.165432
0.11035753846153845
0.037967999999999995
-0.03483876923076923
-0.08636676923076922
-0.11724184615384614
-0.12120553846153845
-0.11348676923076922
-0.09930092307692308
-0.07510153846153846
-0.03921969230769231
0.016063384615384615
0.07656184615384615
0.13101046153846155
0.17315076923076922
0.19797599999999999
0.21195323076923075
0.2209236923076923
0.21967199999999998
0.1992276923076923
0.15500123076923078
0.0936683076923077
0.03942830769230769
-0.01668923076923077
-0.07593599999999999
-0.12412615384615384
-0.15833907692307692
-0.16271999999999998
-0.146448
-0.10827138461538462
-0.05194523076923077
0.006884307692307692
0.058412307692307694
0.10660246153846153
0.15249784615384615
0.18379015384615385
0.18879692307692306
0.15416676923076922
0.09325107692307691
0.006675692307692307
-0.08866153846153846
-0.17648861538461538
-0.2586830769230769
-0.31667815384615383
-0.34651015384615386
-0.3312812307692308
-0.26681907692307694
-0.1779489230769231
-0.07969107692307692
0.017732307692307693
0.10994030769230768
0.1881710769230769
0.23928184615384615
0.2503384615384615
0.21445661538461538
0.14978584615384616
0.073224
-0.013142769230769229
-0.09304246153846155
-0.15646153846153846
-0.19609846153846153
-0.19463815384615382
-0.16438892307692307
-0.10931446153846153
-0.044435076923076924
0.01814953846153846
0.07510153846153846
0.11599015384615384
0.13601723076923075
0.12350030769230769
0.0934596923076923
0.04631261538461538
-0.002086153846153846
-0.037342153846153844
-0.06404492307692307
-0.06946892307692307
-0.07072061538461538
-0.07551876923076924
-0.078648
-0.08115138461538463
-0.0828203076923077
-0.0853236923076923
-0.09199938461538461
-0.09408553846153846
-0.08365476923076923
-0.05820369230769231
-0.011473846153846154
0.04401784615384615
0.0988836923076923
0.15249784615384615
0.20193969230769232
0.2355267692307692
0.23677846153846152
0.20778092307692309
0.15082892307692305
0.07531015384615385
-0.011891076923076923
-0.09116492307692307
-0.15187199999999998
-0.19359507692307693
-0.19860184615384616
-0.1800350769230769
-0.13434830769230768
-0.05799507692307692
0.033169846153846154
0.12391753846153845
0.19568123076923075
0.2438713846153846
0.2626467692307692
0.2436627692307692
0.19067446153846154
0.10952307692307692
0.0033378461538461535
-0.10368184615384615
-0.1940123076923077
-0.2557624615384615
-0.2814221538461538
-0.2730775384615384
-0.23218892307692307
-0.16209415384615386
-0.06842584615384616
0.02795446153846154
0.10326461538461539
0.14790830769230767
0.15541846153846153
0.13601723076923075
0.10243015384615384
0.05403138461538461
0.003755076923076923
-0.044435076923076924
-0.08761846153846153
-0.10910584615384614
-0.11140061538461538
-0.10389046153846154
-0.086784
-0.06425353846153846
-0.03504738461538461
-0.0004172307692307692
0.035464615384615386
0.05799507692307692
0.07197230769230768
0.08302892307692307
0.09199938461538461
0.10743692307692307
0.11640738461538462
0.11724184615384614
0.11202646153846153
0.09763200000000001
0.07364123076923076
0.04526953846153846
0.007301538461538462
-0.02899753846153846
-0.062376
-0.0826116923076923
-0.07051199999999999
-0.035464615384615386
0.016272
0.07051199999999999
0.12516923076923075
0.17085599999999998
0.20715507692307691
0.2207150769230769
0.20506892307692307
0.16710092307692306
0.11077476923076923
0.05486584615384615
0.002086153846153846
-0.05027630769230769
-0.0936683076923077
-0.11494707692307692
-0.11306953846153844
-0.08574092307692306
-0.03588184615384615
0.028163076923076923
0.09596307692307693
0.15562707692307692
0.19964492307692308
0.2292683076923077
0.23114584615384615
0.19505538461538463
0.1316363076923077
0.04672984615384615
-0.026076923076923077
-0.07823076923076923
-0.11599015384615384
-0.13247076923076923
-0.12767261538461538
-0.10660246153846153
-0.061750153846153844
0.006675692307692307
0.078648
0.1489513846153846
0.19672430769230767
0.2238443076923077
0.2288510769230769
0.20381723076923075
0.154584
0.07948246153846153
-0.001043076923076923
-0.06884307692307692
-0.12537784615384615
-0.1718990769230769
-0.1733593846153846
-0.15291507692307693
-0.11202646153846153
-0.05111076923076923
0.014811692307692307
0.09033046153846153
0.15646153846153846
0.21779446153846155
0.2503384615384615
0.34504984615384615
0.29456492307692306
0.17315076923076922
0.11202646153846153
-0.05507446153846154
-0.1341396923076923
-0.24574892307692306
-0.3588184615384616
-0.4675070769230769
-0.5432344615384616
-0.42244615384615386
-0.2578486153846154
-0.052153846153846155
0.07781353846153846
0.1802436923076923
0.31041969230769234
0.40992923076923077
0.5290486153846153
0.4889944615384615
0.31250584615384613
0.12704676923076924
-0.05528307692307692
-0.15270646153846154
-0.22572184615384616
-0.3214763076923077
-0.3652855384615385
-0.39970707692307694
-0.36570276923076916
-0.20152246153846154
-0.06362769230769232
0.06717415384615384
0.17252492307692308
0.22676492307692306
0.2651501538461538
0.279336
0.30249230769230767
0.2822566153846154
0.19463815384615382
0.06258461538461538
-0.04214030769230769
-0.08949599999999999
-0.11891076923076922
-0.14665661538461539
-0.1794092307692308
-0.22426153846153846
-0.20986707692307693
-0.1207883076923077
-0.027745846153846152
0.05048492307692308
0.08699261538461538
0.1341396923076923
0.2374043076923077
0.32585723076923073
0.38009723076923074
0.3855212307692308
0.31062830769230765
0.25451076923076926
0.21445661538461538
0.13330523076923076
0.016480615384615385
-0.12496061538461539
-0.2526332307692308
-0.33649661538461534
-0.34880492307692307
-0.31855569230769226
-0.23344061538461539
-0.1136953846153846
-0.009387692307692307
0.13747753846153846
0.27850153846153847
0.3540203076923077
0.3988726153846154
0.360696
0.25972615384615383
0.13080184615384613
-0.012099692307692308
-0.12016246153846154
-0.23281476923076924
-0.3275261538461538
-0.3565236923076923
-0.32231076923076923
-0.24053353846153847
-0.13935507692307691
-0.03337846153846154
0.06884307692307692
0.1804523076923077
0.2789187692307692
0.31813846153846154
0.3049956923076923
0.2618123076923077
0.18545907692307692
0.10555938461538462
0.024408000000000003
-0.08949599999999999
-0.16897846153846155
-0.20944984615384615
-0.21299630769230768
-0.15562707692307692
-0.10201292307692307
-0.03296123076923077
0.04631261538461538
0.10013538461538461
0.1570873846153846
0.1800350769230769
0.16271999999999998
0.11536430769230768
0.045060923076923075
-0.02357353846153846
-0.0826116923076923
-0.10535076923076922
-0.10764553846153846
-0.0934596923076923
-0.06988615384615385
-0.054240000000000003
-0.01981846153846154
0.018775384615384614
0.03609046153846154
0.05069353846153846
0.042348923076923076
0.019609846153846155
0.02524246153846154
0.03609046153846154
0.035255999999999996
0.016897846153846156
-0.008970461538461538
-0.010013538461538461
0.004798153846153846
0.01272553846153846
-0.0035464615384615383
-0.052153846153846155
-0.09825784615384614
-0.111192
-0.0897046153846154
-0.06049846153846154
-0.04422646153846154
-0.03066646153846154
-0.021696
0.006049846153846154
0.03942830769230769
0.053405538461538456
0.06654830769230768
0.059038153846153844
0.03650769230769231
0.017523692307692306
-0.0070929230769230765
-0.016480615384615385
-0.018983999999999997
-0.03838523076923077
-0.05757784615384615
-0.06300184615384616
-0.055491692307692304
-0.03483876923076923
-0.015437538461538461
-0.0070929230769230765
0.0006258461538461538
0.016272
0.037967999999999995
0.040054153846153843
0.021070153846153846
-0.028788923076923077
-0.09074769230769231
-0.13267938461538462
-0.1704387692307692
-0.19714153846153845
-0.22572184615384616
-0.22634769230769228
-0.18212123076923076
-0.12996738461538462
-0.06300184615384616
0.008761846153846153
0.06759138461538462
0.11140061538461538
0.13914646153846155
0.13789476923076924
0.11682461538461539
0.07739630769230768
0.019609846153846155
-0.03275261538461539
-0.08949599999999999
-0.1287156923076923
-0.12767261538461538
-0.09450276923076922
-0.04902461538461538
0.0077187692307692304
0.0855323076923077
0.15646153846153846
0.22300984615384614
0.2780843076923077
0.3081249230769231
0.31041969230769234
0.27704123076923076
0.23510953846153848
0.1869193846153846
0.11870215384615385
0.05507446153846154
0.02273907692307692
0.004798153846153846
-0.006049846153846154
-0.010639384615384617
-0.010639384615384617
0.0016689230769230767
0.012516923076923077
0.024408000000000003
0.031918153846153846
0.021904615384615383
0.0014603076923076922
-0.01940123076923077
-0.04839876923076923
-0.08052553846153847
-0.10910584615384614
-0.12266584615384615
-0.10681107692307691
-0.08386338461538462
-0.06341907692307691
-0.0446436923076923
-0.027745846153846152
-0.009596307692307692
0.006258461538461538
0.0050067692307692304
-0.02586830769230769
-0.06592246153846154
-0.10576799999999999
-0.13121907692307694
-0.12996738461538462
-0.11452984615384615
-0.08219446153846154
-0.03942830769230769
0.008970461538461538
0.06341907692307691
0.10430769230769231
0.12433476923076923
0.10994030769230768
0.059664
0.0016689230769230767
-0.054240000000000003
-0.09471138461538461
-0.11953661538461538
-0.1287156923076923
-0.11807630769230769
-0.08469784615384615
-0.02482523076923077
0.04965046153846154
0.12266584615384615
0.17023015384615386
0.19797599999999999
0.21132738461538458
0.20944984615384615
0.19296923076923078
0.15291507692307693
0.09575446153846154
0.027328615384615382
-0.03504738461538461
-0.0771876923076923
-0.11140061538461538
-0.14018953846153845
-0.14603076923076924
-0.1205796923076923
-0.06341907692307691
0.013560000000000001
0.09012184615384615
0.15750461538461538
0.20861538461538462
0.24053353846153847
0.2572227692307692
0.2422024615384615
0.1867107692307692
0.1097316923076923
0.023364923076923075
-0.05277969230769231
-0.11557292307692307
-0.15833907692307692
-0.17502830769230768
-0.17502830769230768
-0.13768615384615385
-0.07551876923076924
-0.0025033846153846152
0.07656184615384615
0.13518276923076925
0.17961784615384613
0.2056947692307692
0.21925476923076925
0.22843384615384613
0.20924123076923076
0.17315076923076922
0.11494707692307692
0.04965046153846154
-0.003755076923076923
-0.05382276923076923
-0.08010830769230769
-0.09763200000000001
-0.09491999999999999
-0.054657230769230764
-0.0006258461538461538
0.06633969230769231
0.12266584615384615
0.15896492307692306
0.18379015384615385
0.18483323076923078
0.1710646153846154
0.13768615384615385
0.08073415384615384
0.010222153846153844
-0.05590892307692308
-0.12245723076923076
-0.18212123076923076
-0.2140393846153846
-0.23364923076923078
-0.2288510769230769
-0.2059033846153846
-0.16730953846153845
-0.11348676923076922
-0.06529661538461538
-0.019609846153846155
0.013142769230769229
0.03755076923076923
0.05194523076923077
0.05194523076923077
0.03755076923076923
0.009179076923076922
-0.011473846153846154
-0.021278769230769233
-0.02273907692307692
-0.022530461538461537
-0.03275261538461539
-0.049233230769230765
-0.059872615384615385
-0.06070707692307692
-0.04735569230769231
-0.027120000000000002
-0.005632615384615384
0.026494153846153844
0.06967753846153846
0.119328
0.15520984615384617
0.1775316923076923
0.19296923076923078
0.1940123076923077
0.18170399999999998
0.14582215384615385
0.09137353846153846
0.02482523076923077
-0.05528307692307692
-0.11974523076923077
-0.1612596923076923
-0.18358153846153846
-0.17648861538461538
-0.15082892307692305
-0.09700615384615385
-0.015646153846153844
0.0678
0.15500123076923078
0.2205064615384615
0.25054707692307693
0.2651501538461538
0.249504
0.21341353846153846
0.15500123076923078
0.06675692307692307
-0.021904615384615383
-0.09971815384615385
-0.14290153846153844
-0.1462393846153846
-0.12600369230769232
-0.08866153846153846
-0.03692492307692308
0.03609046153846154
0.11286092307692308
0.1794092307692308
0.2290596923076923
0.23907323076923076
0.21696000000000001
0.17502830769230768
0.11703323076923078
0.050067692307692306
-0.02044430769230769
-0.07781353846153846
-0.1136953846153846
-0.13226215384615383
-0.12579507692307693
-0.0988836923076923
-0.06821723076923077
-0.03588184615384615
0.002712
0.04631261538461538
0.08866153846153846
0.11745046153846153
0.12767261538461538
0.11703323076923078
0.09950953846153845
0.08469784615384615
0.07218092307692307
0.06425353846153846
0.042974769230769226
0.02795446153846154
0.021070153846153846
0.011265230769230769
0.005841230769230769
-0.018358153846153843
-0.05319692307692307
-0.08469784615384615
-0.10138707692307691
-0.09846646153846153
-0.08991323076923076
-0.0678
-0.04819015384615385
-0.027120000000000002
0.013351384615384614
0.05486584615384615
0.08845292307692308
0.09575446153846154
0.07155507692307693
0.03963692307692308
0.0008344615384615384
-0.03880246153846154
-0.06654830769230768
-0.09512861538461538
-0.11035753846153845
-0.10493353846153847
-0.0826116923076923
-0.042348923076923076
-0.0033378461538461535
0.03296123076923077
0.06425353846153846
0.08782707692307692
0.10493353846153847
0.10722830769230769
0.09387692307692307
0.06759138461538462
0.040262769230769234
0.02086153846153846
0.0043809230769230765
-0.005424
-0.009387692307692307
-0.009179076923076922
-0.0022947692307692304
0.006049846153846154
0.015646153846153844
0.023364923076923075
0.02586830769230769
0.022947692307692308
0.014811692307692307
-0.004589538461538461
-0.033169846153846154
-0.06279323076923077
-0.0880356923076923
-0.10618523076923077
-0.10535076923076922
-0.08010830769230769
-0.04276615384615385
-0.004589538461538461
0.010848
0.01856676923076923
0.006258461538461538
-0.017315076923076923
-0.06571384615384615
-0.13038461538461538
-0.17711446153846155
-0.19881046153846152
-0.15228923076923076
-0.03650769230769231
0.16876984615384616
0.2618123076923077
0.3419206153846154
0.4714707692307692
0.48628246153846155
0.5146541538461539
0.38343507692307693
0.1792006153846154
-0.048816000000000005
-0.2999889230769231
-0.4105550769230769
-0.5726492307692308
-0.6575556923076923
-0.6811292307692307
-0.6218824615384615
-0.36674584615384614
-0.1207883076923077
0.19192615384615386
0.4193169230769231
0.5313433846153847
0.6648572307692308
0.6406578461538461
0.5634701538461538
0.3880246153846154
0.07906523076923076
-0.15792184615384616
-0.44956615384615384
-0.6500455384615383
-0.6884307692307692
-0.7182627692307693
-0.5805766153846154
-0.4078430769230769
-0.19818461538461538
0.07697907692307693
0.2837169230769231
0.517992
0.6631883076923076
0.7019907692307692
0.6878049230769231
0.5801593846153845
0.45624184615384616
0.25159015384615385
-0.014603076923076923
-0.2411593846153846
-0.45040061538461534
-0.5457378461538461
-0.5551255384615384
-0.5311347692307692
-0.4036707692307692
-0.24658338461538462
-0.05611753846153846
0.14790830769230767
0.25847446153846154
0.3508910769230769
0.4105550769230769
0.4228633846153846
0.4577021538461538
0.42724430769230765
0.3536030769230769
0.24053353846153847
0.08720123076923077
-0.052153846153846155
-0.21842030769230766
-0.36570276923076916
-0.4923323076923077
-0.5578375384615384
-0.5342640000000001
-0.4729310769230769
-0.31188
-0.10076123076923077
0.10368184615384615
0.3294036923076923
0.49045476923076925
0.593928
0.6316873846153847
0.5480326153846153
0.41910830769230767
0.22134092307692307
-0.0043809230769230765
-0.20131384615384615
-0.40742584615384614
-0.5624270769230769
-0.6675692307692307
-0.6898910769230769
-0.6014381538461538
-0.45624184615384616
-0.254928
-0.03129230769230769
0.21821169230769227
0.4750172307692308
0.6504627692307692
0.7458
0.7261901538461538
0.5853747692307693
0.40033292307692303
0.1585476923076923
-0.10013538461538461
-0.3314898461538462
-0.5482412307692307
-0.6709070769230769
-0.7001132307692307
-0.6450387692307692
-0.4750172307692308
-0.2557624615384615
-0.006675692307692307
0.23656984615384613
0.4389267692307692
0.5891298461538461
0.6394061538461538
0.6095741538461538
0.5052664615384616
0.3419206153846154
0.15395815384615386
-0.05444861538461539
-0.2424110769230769
-0.3896935384615384
-0.48419630769230765
-0.4975476923076923
-0.45916246153846146
-0.37008369230769234
-0.23093723076923076
-0.09283384615384616
0.05236246153846154
0.18170399999999998
0.2799618461538461
0.3615304615384615
0.3886504615384615
0.3669544615384615
0.3049956923076923
0.2140393846153846
0.12516923076923075
0.02899753846153846
-0.058829538461538454
-0.11411261538461538
-0.1356
-0.12099692307692309
-0.10806276923076923
-0.07739630769230768
-0.02524246153846154
0.010222153846153844
0.06613107692307692
0.1136953846153846
0.13872923076923074
0.16230276923076925
0.16876984615384616
0.19296923076923078
0.21779446153846155
0.20924123076923076
0.19526400000000002
0.1585476923076923
0.10931446153846153
0.06863446153846153
0.016480615384615385
-0.030875076923076922
-0.07677046153846154
-0.11452984615384615
-0.1287156923076923
-0.13372246153846154
-0.10555938461538462
-0.07468430769230769
-0.05194523076923077
-0.01710646153846154
0.006049846153846154
0.04860738461538461
0.08448923076923077
0.10389046153846154
0.12996738461538462
0.12662953846153846
0.11411261538461538
0.1045163076923077
0.08636676923076922
0.058829538461538454
0.01981846153846154
0.010848
0.03755076923076923
0.06842584615384616
0.09325107692307691
0.09095630769230768
0.08323753846153846
0.07405846153846153
0.06070707692307692
0.04944184615384615
0.02086153846153846
-0.0014603076923076922
-0.016897846153846156
-0.014603076923076923
0.015646153846153844
0.04756430769230769
0.08386338461538462
0.11286092307692308
0.13768615384615385
0.16334584615384617
0.1656406153846154
0.14331876923076922
0.09512861538461538
0.03066646153846154
-0.03921969230769231
-0.11348676923076922
-0.16334584615384617
-0.20632061538461538
-0.24449723076923074
-0.25200738461538463
-0.22801661538461537
-0.15813046153846153
-0.07364123076923076
0.007301538461538462
0.08448923076923077
0.13852061538461538
0.17461107692307692
0.18128676923076922
0.14832553846153845
0.07948246153846153
-0.03379569230769231
-0.16021661538461537
-0.27286892307692306
-0.3611132307692308
-0.41973415384615387
-0.4512350769230769
-0.4309993846153846
-0.3594443076923077
-0.233232
-0.07969107692307692
0.05778646153846154
0.17002153846153847
0.24303692307692307
0.2782929230769231
0.2795446153846154
0.2453316923076923
0.1693956923076923
0.06800861538461538
-0.04109723076923077
-0.1397723076923077
-0.2073636923076923
-0.2509643076923077
-0.26619323076923074
-0.25159015384615385
-0.20486030769230767
-0.12579507692307693
-0.03150092307692308
0.06675692307692307
0.15604430769230768
0.22864246153846152
0.2814221538461538
0.31041969230769234
0.31772123076923076
0.295608
0.24032492307692307
0.16730953846153845
0.08323753846153846
0.008761846153846153
-0.05298830769230769
-0.10472492307692308
-0.14081538461538462
-0.1691870769230769
-0.17002153846153847
-0.14164984615384615
-0.09095630769230768
-0.027120000000000002
0.03838523076923077
0.11327815384615383
0.19025723076923076
0.26640184615384616
0.33002953846153843
0.35694092307692304
0.3383741538461538
0.2849686153846154
0.2073636923076923
0.10639384615384614
0.0004172307692307692
-0.10389046153846154
-0.19547261538461536
-0.2422024615384615
-0.2453316923076923
-0.19651569230769228
-0.0988836923076923
0.011473846153846154
0.1353913846153846
0.2540935384615385
0.34504984615384615
0.3978295384615384
0.3972036923076923
0.3613218461538461
0.2891409230769231
0.18754523076923074
0.07635323076923077
-0.04088861538461538
-0.14436184615384615
-0.22405292307692307
-0.26348123076923075
-0.2557624615384615
-0.21862892307692305
-0.15291507692307693
-0.06571384615384615
0.02273907692307692
0.09784061538461537
0.14603076923076924
0.15875630769230767
0.13518276923076925
0.08866153846153846
0.027328615384615382
-0.037967999999999995
-0.09095630769230768
-0.12683815384615382
-0.14102399999999998
-0.13747753846153846
-0.11682461538461539
-0.08219446153846154
-0.037967999999999995
-0.0008344615384615384
0.018358153846153843
0.01940123076923077
0.0
-0.021278769230769233
-0.04380923076923077
-0.06946892307692307
-0.08344615384615384
-0.08073415384615384
-0.059664
-0.022530461538461537
0.01397723076923077
0.04568676923076923
0.06529661538461538
0.07614461538461538
0.0771876923076923
0.05924676923076923
0.021278769230769233
-0.03775938461538462
-0.09179076923076923
-0.13038461538461538
-0.14144123076923076
-0.1314276923076923
-0.11724184615384614
-0.08156861538461539
-0.037342153846153844
0.01940123076923077
0.08949599999999999
0.14999446153846155
0.1942209230769231
0.20235692307692305
0.1860849230769231
0.157296
0.10827138461538462
0.04756430769230769
-0.018775384615384614
-0.07155507692307693
-0.09825784615384614
-0.10096984615384616
-0.08156861538461539
-0.046104
0.0
0.045895384615384616
0.08177723076923075
0.1151556923076923
0.13372246153846154
0.12308307692307692
0.08740984615384616
0.030875076923076922
-0.017940923076923077
-0.05862092307692307
-0.10368184615384615
-0.13622584615384614
-0.15500123076923078
-0.1462393846153846
-0.11953661538461538
-0.08574092307692306
-0.040262769230769234
-0.0033378461538461535
0.026494153846153844
0.04693846153846153
0.06613107692307692
0.08219446153846154
0.07510153846153846
0.056326153846153845
0.03129230769230769
0.00855323076923077
0.0004172307692307692
-0.006049846153846154
-0.014811692307692307
-0.02524246153846154
-0.03421292307692308
-0.026494153846153844
-0.0008344615384615384
0.025033846153846153
0.042974769230769226
0.04819015384615385
0.05653476923076922
0.06800861538461538
0.06529661538461538
0.051528
0.013351384615384614
-0.030875076923076922
-0.05590892307692308
-0.06863446153846153
-0.07739630769230768
-0.08323753846153846
-0.07948246153846153
-0.06821723076923077
-0.05319692307692307
-0.029623384615384614
-0.002086153846153846
0.005215384615384615
0.0014603076923076922
0.0004172307692307692
0.006049846153846154
0.021696
0.02545107692307692
0.021696
0.018775384615384614
0.017940923076923077
0.026911384615384615
0.028788923076923077
0.022530461538461537
0.00855323076923077
-0.016480615384615385
-0.02795446153846154
-0.032544
-0.03296123076923077
-0.03567323076923076
-0.051528
-0.05674338461538461
-0.04735569230769231
-0.01940123076923077
0.011265230769230769
0.033169846153846154
0.05444861538461539
0.06884307692307692
0.08490646153846154
0.09784061538461537
0.08887015384615385
0.053614153846153846
0.0022947692307692304
-0.043392
-0.06863446153846153
-0.09053907692307692
-0.10681107692307691
-0.11452984615384615
-0.10514215384615383
-0.06362769230769232
-0.011473846153846154
0.05277969230769231
0.10597661538461538
0.138312
0.15750461538461538
0.14853415384615384
0.11870215384615385
0.06321046153846153
-0.054240000000000003
-0.15520984615384617
-0.18650215384615382
-0.16605784615384614
-0.05674338461538461
0.07364123076923076
0.23782153846153845
0.41910830769230767
0.56952
0.6965667692307692
0.733908923076923
0.6485852307692307
0.4017932307692308
0.13267938461538462
-0.11098338461538461
-0.36966646153846155
-0.5325950769230768
-0.6679864615384614
-0.703451076923077
-0.5862092307692308
-0.3982467692307692
-0.103056
0.15646153846153846
0.3623649230769231
0.5217470769230769
0.5622184615384616
0.5394793846153846
0.40638276923076927
0.1867107692307692
-0.08094276923076923
-0.34963938461538463
-0.5131938461538461
-0.5937193846153845
-0.5484498461538461
-0.4113895384615384
-0.23177169230769232
-0.009387692307692307
0.16626646153846153
0.344424
0.4645864615384615
0.43663199999999996
0.3508910769230769
0.20861538461538462
0.06154153846153846
-0.040262769230769234
-0.13080184615384613
-0.17085599999999998
-0.18775384615384613
-0.19025723076923076
-0.13914646153846155
-0.07468430769230769
-0.019609846153846155
0.005215384615384615
-0.0014603076923076922
-0.03233538461538461
-0.08907876923076924
-0.1422756923076923
-0.20402584615384614
-0.25284184615384614
-0.2438713846153846
-0.19818461538461538
-0.09554584615384615
0.047772923076923074
0.18149538461538461
0.3206418461538461
0.40742584615384614
0.41326707692307696
0.3738387692307692
0.24032492307692307
0.0448523076923077
-0.14749107692307692
-0.32210215384615387
-0.4026276923076923
-0.3919883076923077
-0.29644246153846154
-0.10347323076923076
0.12329169230769231
0.36215630769230767
0.5716061538461538
0.7113784615384615
0.7499723076923077
0.6709070769230769
0.5330123076923077
0.3383741538461538
0.10618523076923077
-0.11724184615384614
-0.31646953846153847
-0.4282873846153846
-0.4487316923076923
-0.3913624615384615
-0.25242461538461536
-0.08657538461538461
0.10201292307692307
0.3079163076923077
0.4716793846153846
0.5816196923076923
0.6058190769230769
0.5250849230769231
0.38239199999999995
0.20548615384615385
0.019609846153846155
-0.157296
-0.2989458461538462
-0.3782196923076923
-0.37884553846153846
-0.2803790769230769
-0.12704676923076924
0.04860738461538461
0.2194633846153846
0.31751261538461534
0.3609046153846154
0.3419206153846154
0.26222953846153846
0.16042523076923076
0.01710646153846154
-0.13706030769230768
-0.2509643076923077
-0.31688676923076925
-0.32231076923076923
-0.2632726153846154
-0.17586276923076924
-0.08094276923076923
0.014185846153846153
0.09533723076923077
0.14394461538461537
0.13643446153846153
0.06863446153846153
-0.021696
-0.10138707692307691
-0.17023015384615386
-0.2140393846153846
-0.22801661538461537
-0.2154996923076923
-0.157296
-0.061750153846153844
0.040262769230769234
0.13622584615384614
0.19505538461538463
0.20131384615384615
0.16793538461538463
0.09387692307692307
0.0002086153846153846
-0.09554584615384615
-0.19004861538461537
-0.25701415384615384
-0.2853858461538461
-0.27328615384615385
-0.21842030769230766
-0.1341396923076923
-0.03421292307692308
0.07072061538461538
0.16501476923076921
0.22154953846153846
0.2422024615384615
0.21862892307692305
0.1341396923076923
0.016897846153846156
-0.11327815384615383
-0.2290596923076923
-0.3012406153846154
-0.33649661538461534
-0.32231076923076923
-0.24512307692307692
-0.13330523076923076
-0.0043809230769230765
0.1070196923076923
0.18754523076923074
0.23844738461538462
0.23615261538461538
0.19463815384615382
0.11223507692307692
0.0077187692307692304
-0.09074769230769231
-0.17377661538461536
-0.2059033846153846
-0.19818461538461538
-0.16292861538461537
-0.0855323076923077
0.005841230769230769
0.11870215384615385
0.22676492307692306
0.28392553846153845
0.31188
0.2751636923076923
0.19755876923076923
0.103056
-0.015020307692307692
-0.10827138461538462
-0.18525046153846153
-0.22488738461538463
-0.20965846153846154
-0.14457046153846154
-0.04214030769230769
0.052153846153846155
0.12850707692307692
0.1710646153846154
0.1785747692307692
0.15667015384615385
0.09930092307692308
0.02586830769230769
-0.046104
-0.11098338461538461
-0.13309661538461537
-0.10806276923076923
-0.05528307692307692
0.029832
0.12329169230769231
0.21487384615384614
0.2887236923076923
0.32189353846153845
0.3095852307692307
0.24282830769230768
0.12934153846153845
0.0006258461538461538
-0.11807630769230769
-0.21487384615384614
-0.27412061538461535
-0.29414769230769233
-0.2638984615384615
-0.1856676923076923
-0.07843938461538462
0.04839876923076923
0.16772676923076923
0.24428861538461538
0.2578486153846154
0.21654276923076923
0.12850707692307692
0.0
-0.15166338461538462
-0.3012406153846154
-0.4053396923076923
-0.45311261538461534
-0.4376750769230769
-0.35339446153846155
-0.22655630769230767
-0.07531015384615385
0.08010830769230769
0.2209236923076923
0.32898646153846156
0.3750904615384615
0.34963938461538463
0.2591003076923077
0.12725538461538463
-0.009596307692307692
-0.1397723076923077
-0.2411593846153846
-0.2989458461538462
-0.31396615384615384
-0.27558092307692306
-0.20027076923076922
-0.0988836923076923
0.013560000000000001
0.11265230769230769
0.17711446153846155
0.20339999999999997
0.2008966153846154
0.1691870769230769
0.11035753846153845
0.03358707692307692
-0.042348923076923076
-0.10117846153846152
-0.14728246153846153
-0.17481969230769231
-0.17628
-0.16710092307692306
-0.13330523076923076
-0.07885661538461539
-0.017523692307692306
0.04819015384615385
0.10472492307692308
0.15604430769230768
0.19714153846153845
0.2238443076923077
0.23239753846153846
0.21758584615384616
0.18629353846153843
0.15270646153846154
0.12704676923076924
0.10493353846153847
0.0828203076923077
0.06654830769230768
0.054240000000000003
0.04214030769230769
0.03275261538461539
0.029206153846153847
0.02858030769230769
0.027745846153846152
0.03567323076923076
0.05716061538461538
0.08720123076923077
0.10180430769230768
0.09554584615384615
0.07885661538461539
0.053614153846153846
0.02357353846153846
-0.013351384615384614
-0.06028984615384615
-0.10222153846153846
-0.12934153846153845
-0.14540492307692307
-0.1424843076923077
-0.12537784615384615
-0.09575446153846154
-0.062376
-0.029623384615384614
0.009596307692307692
0.052153846153846155
0.08115138461538463
0.09158215384615384
0.09074769230769231
0.0678
0.03859384615384615
0.014185846153846153
-0.013560000000000001
-0.04318338461538461
-0.06341907692307691
-0.06216738461538462
-0.04172307692307692
-0.006258461538461538
0.020652923076923076
0.03504738461538461
0.03692492307692308
0.02357353846153846
0.012308307692307691
-0.004798153846153846
-0.04088861538461538
-0.08094276923076923
-0.11995384615384615
-0.1504116923076923
-0.1543753846153846
-0.14415323076923076
-0.11703323076923078
-0.07551876923076924
-0.02753723076923077
0.033169846153846154
0.09179076923076923
0.12996738461538462
0.14269292307692305
0.13768615384615385
0.11870215384615385
0.09784061538461537
0.08323753846153846
0.06258461538461538
0.04401784615384615
0.040054153846153843
0.05611753846153846
0.09804923076923076
0.14853415384615384
0.19881046153846152
0.23364923076923078
0.26118646153846153
0.2828824615384615
0.2912270769230769
0.2845513846153846
0.25388492307692306
0.2127876923076923
0.15416676923076922
0.10201292307692307
0.05736923076923077
0.003755076923076923
-0.03775938461538462
-0.08052553846153847
-0.10743692307692307
-0.10201292307692307
-0.07364123076923076
-0.023364923076923075
0.025033846153846153
0.06842584615384616
0.11035753846153845
0.13935507692307691
0.15625292307692307
0.14749107692307692
0.10806276923076923
0.054240000000000003
0.0
-0.03588184615384615
-0.053614153846153846
-0.06028984615384615
-0.06258461538461538
-0.05590892307692308
-0.02586830769230769
0.011265230769230769
0.04547815384615384
0.06446215384615385
0.06884307692307692
0.06884307692307692
0.06633969230769231
0.06258461538461538
0.04088861538461538
0.002086153846153846
-0.05236246153846154
-0.10430769230769231
-0.13935507692307691
-0.16334584615384617
-0.1733593846153846
-0.17732307692307692
-0.17440246153846153
-0.15500123076923078
-0.119328
-0.08448923076923077
-0.05298830769230769
-0.03504738461538461
-0.03400430769230769
-0.02357353846153846
-0.010013538461538461
0.005841230769230769
0.01814953846153846
0.024199384615384616
0.03629907692307692
0.04526953846153846
0.06070707692307692
0.07134646153846153
0.07510153846153846
0.06905169230769231
0.05111076923076923
0.03838523076923077
0.022947692307692308
0.005841230769230769
-0.014603076923076923
-0.03024923076923077
-0.031709538461538456
-0.012308307692307691
0.02273907692307692
0.06675692307692307
0.11140061538461538
0.14832553846153845
0.1794092307692308
0.184416
0.15750461538461538
0.103056
0.026702769230769228
-0.04819015384615385
-0.1028473846153846
-0.13893784615384613
-0.1570873846153846
-0.14832553846153845
-0.11390399999999999
-0.059872615384615385
0.010639384615384617
0.08448923076923077
0.14707384615384617
0.18983999999999998
0.21612553846153845
0.21842030769230766
0.19442953846153843
0.13872923076923074
0.05611753846153846
-0.024408000000000003
-0.09512861538461538
-0.14707384615384617
-0.17169046153846151
-0.1779489230769231
-0.16188553846153847
-0.11640738461538462
-0.04631261538461538
0.03567323076923076
0.092208
0.11640738461538462
0.08386338461538462
0.03212676923076923
0.028163076923076923
0.03504738461538461
0.07426707692307692
0.11536430769230768
0.13184492307692308
0.18399876923076922
0.2221753846153846
0.25555384615384613
0.22989415384615383
0.14978584615384616
0.058412307692307694
-0.07343261538461537
-0.1422756923076923
-0.2399076923076923
-0.3133403076923077
-0.34943076923076927
-0.37300430769230764
-0.27704123076923076
-0.16480615384615382
0.007510153846153846
0.17502830769230768
0.28121353846153846
0.3611132307692308
0.33670523076923076
0.27787569230769227
0.16209415384615386
-0.011265230769230769
-0.18358153846153846
-0.3615304615384615
-0.46396061538461536
-0.49274953846153846
-0.442056
-0.3012406153846154
-0.13768615384615385
0.05799507692307692
0.24846092307692308
0.38426953846153844
0.4683415384615384
0.4355889230769231
0.3377483076923077
0.21216184615384615
0.06070707692307692
-0.05528307692307692
-0.17628
-0.27140861538461536
-0.33357600000000004
-0.3775938461538461
-0.3540203076923077
-0.29498215384615384
-0.22008923076923076
-0.1136953846153846
0.009804923076923077
0.14164984615384615
0.24053353846153847
0.2845513846153846
0.2887236923076923
0.23803015384615384
0.15479261538461536
0.055491692307692304
-0.055491692307692304
-0.13998092307692306
-0.21320492307692307
-0.2503384615384615
-0.23761292307692305
-0.22947692307692308
-0.19860184615384616
-0.17023015384615386
-0.15082892307692305
-0.11745046153846153
-0.09429415384615383
-0.06216738461538462
-0.02044430769230769
0.024408000000000003
0.07092923076923077
0.1178676923076923
0.15562707692307692
0.16501476923076921
0.14436184615384615
0.0936683076923077
0.02315630769230769
-0.03483876923076923
-0.07301538461538462
-0.10409907692307692
-0.12433476923076923
-0.13101046153846155
-0.10159569230769232
-0.040262769230769234
0.024616615384615383
0.10514215384615383
0.17002153846153847
0.21821169230769227
0.2716172307692308
0.3049956923076923
0.31354892307692306
0.2780843076923077
0.20173107692307693
0.11640738461538462
0.03421292307692308
-0.043392
-0.11265230769230769
-0.16438892307692307
-0.19359507692307693
-0.20131384615384615
-0.16251138461538459
-0.09450276923076922
-0.022947692307692308
0.05298830769230769
0.0988836923076923
0.12913292307692306
0.14018953846153845
0.11098338461538461
0.07238953846153846
0.016272
-0.043392
-0.07739630769230768
-0.103056
-0.10889723076923077
-0.10597661538461538
-0.10618523076923077
-0.09012184615384615
-0.06696553846153847
-0.026702769230769228
0.01940123076923077
0.04172307692307692
0.05048492307692308
0.04839876923076923
0.059038153846153844
0.06946892307692307
0.06696553846153847
0.06967753846153846
0.06133292307692308
0.06738276923076922
0.09325107692307691
0.10597661538461538
0.11703323076923078
0.11494707692307692
0.09930092307692308
0.09408553846153846
0.07259815384615384
0.03588184615384615
-0.006258461538461538
-0.05236246153846154
-0.07823076923076923
-0.084072
-0.07238953846153846
-0.04672984615384615
-0.02273907692307692
0.004589538461538461
0.03629907692307692
0.07072061538461538
0.1028473846153846
0.11432123076923076
0.12391753846153845
0.12537784615384615
0.11077476923076923
0.09012184615384615
0.04109723076923077
-0.011891076923076923
-0.06446215384615385
-0.11452984615384615
-0.13455692307692307
-0.14853415384615384
-0.15604430769230768
-0.157296
-0.14519630769230768
-0.10076123076923077
-0.040679999999999994
0.030040615384615384
0.09429415384615383
0.14269292307692305
0.1860849230769231
0.21508246153846153
0.22676492307692306
0.20944984615384615
0.1570873846153846
0.09554584615384615
0.026494153846153844
-0.023990769230769232
-0.05173661538461538
-0.07510153846153846
-0.0828203076923077
-0.07739630769230768
-0.04401784615384615
0.007301538461538462
0.06425353846153846
0.12099692307692309
0.16772676923076923
0.2056947692307692
0.23281476923076924
0.2540935384615385
0.2647329230769231
0.249504
0.20277415384615383
0.1356
0.06467076923076923
-0.004798153846153846
-0.07489292307692308
-0.1368516923076923
-0.17377661538461536
-0.1858763076923077
-0.16793538461538463
-0.12099692307692309
-0.06800861538461538
-0.005841230769230769
0.054657230769230764
0.10368184615384615
0.15145476923076923
0.17148184615384612
0.16209415384615386
0.11974523076923077
0.041514461538461535
-0.03379569230769231
-0.10555938461538462
-0.16793538461538463
-0.21654276923076923
-0.24866953846153847
-0.24449723076923074
-0.20110523076923076
-0.1218313846153846
-0.02524246153846154
0.06821723076923077
0.1531236923076923
0.22008923076923076
0.2666104615384615
0.29414769230769233
0.2858030769230769
0.23761292307692305
0.16167692307692308
0.07739630769230768
0.003129230769230769
-0.058412307692307694
-0.10055261538461538
-0.11098338461538461
-0.1028473846153846
-0.07238953846153846
-0.023364923076923075
0.01710646153846154
0.05507446153846154
0.06738276923076922
0.06592246153846154
0.059038153846153844
0.026702769230769228
-0.005841230769230769
-0.04088861538461538
-0.07030338461538461
-0.09179076923076923
-0.10493353846153847
-0.09408553846153846
-0.07885661538461539
-0.05757784615384615
-0.037342153846153844
-0.01940123076923077
-0.004589538461538461
-0.004798153846153846
-0.010639384615384617
-0.024616615384615383
-0.042974769230769226
-0.05277969230769231
-0.05069353846153846
-0.03984553846153846
-0.015854769230769228
0.018983999999999997
0.06738276923076922
0.12141415384615384
0.1597993846153846
0.17899199999999998
0.1693956923076923
0.1422756923076923
0.11244369230769231
0.07927384615384615
0.051528
0.025659692307692307
0.005215384615384615
-0.0016689230769230767
0.008970461538461538
0.04109723076923077
0.0744756923076923
0.10138707692307691
0.12141415384615384
0.12808984615384614
0.12788123076923075
0.11202646153846153
0.08135999999999999
0.0448523076923077
0.0077187692307692304
-0.017315076923076923
-0.02545107692307692
-0.014185846153846153
0.009804923076923077
0.030040615384615384
0.043600615384615383
0.051528
0.05194523076923077
0.03838523076923077
-0.0008344615384615384
-0.05319692307692307
-0.10263876923076923
-0.13998092307692306
-0.15333230769230768
-0.1435273846153846
-0.11599015384615384
-0.07072061538461538
-0.012308307692307691
0.05444861538461539
0.11202646153846153
0.1368516923076923
0.12642092307692307
0.08761846153846153
0.030040615384615384
-0.03984553846153846
-0.11327815384615383
-0.1800350769230769
-0.2399076923076923
-0.2764153846153846
-0.2722430769230769
-0.2303113846153846
-0.15771323076923077
-0.07301538461538462
0.017315076923076923
0.09971815384615385
0.16271999999999998
0.20339999999999997
0.20110523076923076
0.16459753846153846
0.1028473846153846
0.022947692307692308
-0.04944184615384615
-0.10555938461538462
-0.14060676923076923
-0.15520984615384617
-0.14853415384615384
-0.111192
-0.049233230769230765
0.021278769230769233
0.07906523076923076
0.111192
0.11849353846153846
0.10889723076923077
0.08615815384615384
0.04902461538461538
0.0006258461538461538
-0.04318338461538461
-0.06592246153846154
-0.06446215384615385
-0.031709538461538456
0.009804923076923077
0.04819015384615385
0.07906523076923076
0.09325107692307691
0.10681107692307691
0.10514215384615383
0.07739630769230768
0.030875076923076922
-0.030040615384615384
-0.08240307692307691
-0.10743692307692307
-0.09971815384615385
-0.061124307692307686
-0.008136
0.05778646153846154
0.12683815384615382
0.17899199999999998
0.2127876923076923
0.21174461538461536
0.18274707692307693
0.1368516923076923
0.07802215384615384
0.027328615384615382
-0.03859384615384615
-0.10555938461538462
-0.14999446153846155
-0.17398523076923075
-0.15938215384615384
-0.12808984615384614
-0.09158215384615384
-0.05590892307692308
-0.022530461538461537
0.017315076923076923
0.04526953846153846
0.05048492307692308
0.029414769230769227
-0.019192615384615384
-0.07781353846153846
-0.12934153846153845
-0.1792006153846154
-0.2205064615384615
-0.24720923076923076
-0.24616615384615384
-0.21049292307692305
-0.14206707692307693
-0.04860738461538461
0.03942830769230769
0.11140061538461538
0.15938215384615384
0.18253846153846154
0.19296923076923078
0.18316430769230768
0.14999446153846155
0.09575446153846154
0.03629907692307692
-0.014185846153846153
-0.04819015384615385
-0.06070707692307692
-0.05945538461538461
-0.04526953846153846
-0.016480615384615385
0.02545107692307692
0.06905169230769231
0.10389046153846154
0.12120553846153845
0.12370892307692308
0.12412615384615384
0.11599015384615384
0.09429415384615383
0.05590892307692308
0.006258461538461538
-0.03942830769230769
-0.07405846153846153
-0.08699261538461538
-0.0897046153846154
-0.0936683076923077
-0.08574092307692306
-0.06362769230769232
-0.02357353846153846
0.022530461538461537
0.06967753846153846
0.11619876923076923
0.15562707692307692
0.1867107692307692
0.19693292307692306
0.19359507692307693
0.17377661538461536
0.12016246153846154
0.054240000000000003
-0.013560000000000001
-0.07197230769230768
-0.10409907692307692
-0.1368516923076923
-0.14123261538461537
-0.127464
-0.10868861538461538
-0.07197230769230768
-0.03921969230769231
0.0022947692307692304
0.032544
0.06133292307692308
0.10076123076923077
0.1341396923076923
0.15520984615384617
0.14916
0.12016246153846154
0.07384984615384615
0.01043076923076923
-0.06842584615384616
-0.15813046153846153
-0.2568055384615385
-0.31751261538461534
-0.3481790769230769
-0.33607938461538456
-0.2620209230769231
-0.16251138461538459
0.005424
0.19317784615384614
0.45791076923076923
0.6406578461538461
0.6567212307692307
0.6786258461538462
0.5601323076923077
0.44330769230769224
0.26640184615384616
-0.03567323076923076
-0.29873723076923075
-0.5699372307692308
-0.6665261538461538
-0.6992787692307693
-0.6919772307692308
-0.5697286153846154
-0.4405956923076923
-0.15604430769230768
0.14394461538461537
0.4216116923076923
0.6702812307692307
0.722435076923077
0.7243126153846153
0.6181273846153846
0.4188996923076923
0.21842030769230766
-0.06967753846153846
-0.28934953846153844
-0.47063630769230763
-0.6212566153846153
-0.576612923076923
-0.47376553846153846
-0.29769415384615383
-0.0771876923076923
0.0771876923076923
0.2574313846153846
0.3917796923076923
0.5052664615384616
0.5949710769230769
0.5582547692307692
0.4785636923076923
0.3646596923076923
0.25159015384615385
0.15270646153846154
-0.013351384615384614
-0.1760713846153846
-0.3275261538461538
-0.431208
-0.4351716923076923
-0.4355889230769231
-0.39908123076923074
-0.33023815384615385
-0.2563883076923077
-0.11953661538461538
-0.002086153846153846
0.09325107692307691
0.19797599999999999
0.2540935384615385
0.3131316923076923
0.3554806153846154
0.3419206153846154
0.2872633846153846
0.15646153846153846
-0.0070929230769230765
-0.1787833846153846
-0.33941723076923075
-0.4514436923076923
-0.5119421538461538
-0.4906633846153846
-0.42724430769230765
-0.2995716923076923
-0.07426707692307692
0.1543753846153846
0.37091815384615384
0.5348898461538462
0.6222996923076923
0.6679864615384614
0.6310615384615385
0.5305089230769231
0.3698750769230769
0.15771323076923077
-0.028371692307692306
-0.1794092307692308
-0.30249230769230767
-0.3903193846153846
-0.43934399999999996
-0.4118067692307692
-0.3072904615384615
-0.16605784615384614
-0.013142769230769229
0.130176
0.2705741538461538
0.3659113846153846
0.4030449230769231
0.39657784615384617
0.3049956923076923
0.17982646153846152
0.035464615384615386
-0.12120553846153845
-0.22718215384615387
-0.29915446153846154
-0.3127144615384615
-0.2699483076923077
-0.20986707692307693
-0.11098338461538461
0.014603076923076923
0.13393107692307693
0.2194633846153846
0.25701415384615384
0.24887815384615386
0.19881046153846152
0.1316363076923077
0.059664
-0.01814953846153846
-0.08636676923076922
-0.13810338461538463
-0.14853415384615384
-0.11140061538461538
-0.06467076923076923
-0.006675692307692307
0.05090215384615384
0.084072
0.12725538461538463
0.15374953846153847
0.13247076923076923
0.07572738461538461
-0.009179076923076922
-0.07802215384615384
-0.11494707692307692
-0.13601723076923075
-0.12996738461538462
-0.10347323076923076
-0.05486584615384615
0.022530461538461537
0.10430769230769231
0.18712800000000002
0.23761292307692305
0.25054707692307693
0.22947692307692308
0.1696043076923077
0.1045163076923077
0.021070153846153846
-0.055491692307692304
-0.11724184615384614
-0.1883796923076923
-0.22300984615384614
-0.21612553846153845
-0.16501476923076921
-0.07635323076923077
-0.0043809230769230765
0.05945538461538461
0.11202646153846153
0.14164984615384615
0.15270646153846154
0.12537784615384615
0.07531015384615385
0.016063384615384615
-0.0446436923076923
-0.08198584615384615
-0.10994030769230768
-0.12391753846153845
-0.11181784615384616
-0.08699261538461538
-0.040262769230769234
-0.006467076923076923
0.020652923076923076
0.050067692307692306
0.059664
0.07885661538461539
0.09554584615384615
0.1136953846153846
0.13706030769230768
0.14603076923076924
0.14811692307692306
0.14060676923076923
0.13664307692307692
0.14832553846153845
0.14686523076923075
0.12934153846153845
0.10868861538461538
0.06717415384615384
0.017940923076923077
-0.02315630769230769
-0.06633969230769231
-0.10722830769230769
-0.1422756923076923
-0.16418030769230768
-0.16710092307692306
-0.1476996923076923
-0.11181784615384616
-0.06759138461538462
0.0008344615384615384
0.06800861538461538
0.11974523076923077
0.15750461538461538
0.15354092307692307
0.12579507692307693
0.07948246153846153
0.0077187692307692304
-0.06070707692307692
-0.12266584615384615
-0.17398523076923075
-0.18942276923076923
-0.17565415384615385
-0.12996738461538462
-0.07134646153846153
-0.009596307692307692
0.06738276923076922
0.13768615384615385
0.20778092307692309
0.2507556923076923
0.26452430769230767
0.25659692307692306
0.2090326153846154
0.14540492307692307
0.05590892307692308
-0.042557538461538466
-0.11724184615384614
-0.17377661538461536
-0.19067446153846154
-0.1792006153846154
-0.15124615384615384
-0.10222153846153846
-0.06028984615384615
-0.01814953846153846
0.021696
0.04193169230769231
0.042348923076923076
0.022530461538461537
-0.005424
-0.03337846153846154
-0.05590892307692308
-0.07155507692307693
-0.08636676923076922
-0.09596307692307693
-0.10263876923076923
-0.11160923076923077
-0.10222153846153846
-0.0892873846153846
-0.07134646153846153
-0.04047138461538462
-0.018358153846153843
0.01856676923076923
0.06341907692307691
0.09846646153846153
0.11724184615384614
0.11014892307692307
0.0988836923076923
0.07593599999999999
0.03859384615384615
-0.0004172307692307692
-0.0448523076923077
-0.08344615384615384
-0.10076123076923077
-0.09533723076923077
-0.073224
-0.05048492307692308
-0.03024923076923077
-0.001043076923076923
0.018775384615384614
0.028163076923076923
0.01668923076923077
-0.01668923076923077
-0.045895384615384616
-0.07635323076923077
-0.09074769230769231
-0.08448923076923077
-0.07134646153846153
-0.04631261538461538
-0.01397723076923077
0.027120000000000002
0.07531015384615385
0.10535076923076922
0.11870215384615385
0.10910584615384614
0.08115138461538463
0.054657230769230764
0.020652923076923076
-0.0070929230769230765
-0.031709538461538456
-0.049233230769230765
-0.04693846153846153
-0.025033846153846153
0.021070153846153846
0.0678
0.10117846153846152
0.12350030769230769
0.13914646153846155
0.14936861538461538
0.15103753846153847
0.12913292307692306
0.09053907692307692
0.04318338461538461
0.0
-0.013768615384615384
-0.015020307692307692
-0.008970461538461538
-0.003129230769230769
0.010013538461538461
0.030875076923076922
0.051528
0.06362769230769232
0.04672984615384615
0.018358153846153843
-0.023990769230769232
-0.05736923076923077
-0.07697907692307693
-0.0963803076923077
-0.10994030769230768
-0.11724184615384614
-0.09804923076923076
-0.06049846153846154
-0.017523692307692306
0.01043076923076923
0.013560000000000001
0.002086153846153846
-0.022947692307692308
-0.05194523076923077
-0.08845292307692308
-0.1358086153846154
-0.1777403076923077
-0.19755876923076923
-0.184416
-0.13914646153846155
-0.0855323076923077
-0.034630153846153845
0.008344615384615384
0.04318338461538461
0.0828203076923077
0.10159569230769232
0.08761846153846153
0.04401784615384615
-0.014185846153846153
-0.06028984615384615
-0.07969107692307692
-0.07426707692307692
-0.052571076923076915
-0.014603076923076923
0.03400430769230769
0.10722830769230769
0.1800350769230769
0.23615261538461538
0.26160369230769226
0.24449723076923074
0.21716861538461538
0.1760713846153846
0.13080184615384613
0.06863446153846153
-0.014185846153846153
-0.08574092307692306
-0.12996738461538462
-0.12850707692307692
-0.09512861538461538
-0.04547815384615384
0.008344615384615384
0.05945538461538461
0.11599015384615384
0.17231630769230769
0.21049292307692305
0.20944984615384615
0.17315076923076922
0.10806276923076923
0.03755076923076923
-0.03045784615384615
-0.10347323076923076
-0.16271999999999998
-0.20798953846153845
-0.21028430769230766
-0.1639716923076923
-0.09533723076923077
-0.011682461538461537
0.06195876923076923
0.1287156923076923
0.19192615384615386
0.2399076923076923
0.2666104615384615
0.25367630769230765
0.20339999999999997
0.127464
0.04714707692307692
-0.0077187692307692304
-0.04318338461538461
-0.06133292307692308
-0.05674338461538461
-0.03984553846153846
-0.004172307692307692
0.03838523076923077
0.07656184615384615
0.10159569230769232
0.10618523076923077
0.11244369230769231
0.11849353846153846
0.11891076923076922
0.11265230769230769
0.08782707692307692
0.059038153846153844
0.03775938461538462
0.018358153846153843
0.0012516923076923076
-0.029832
-0.07051199999999999
-0.10201292307692307
-0.1207883076923077
-0.12287446153846153
-0.1136953846153846
-0.10055261538461538
-0.08323753846153846
-0.06195876923076923
-0.03713353846153846
-0.0002086153846153846
0.03942830769230769
0.06738276923076922
0.0826116923076923
0.100344
0.13059323076923077
0.1558356923076923
0.168144
0.1639716923076923
0.14832553846153845
0.11870215384615385
0.07113784615384615
0.031709538461538456
-0.00855323076923077
-0.042557538461538466
-0.052153846153846155
-0.04318338461538461
-0.006675692307692307
0.03504738461538461
0.07656184615384615
0.12767261538461538
0.1718990769230769
0.21591692307692306
0.2482523076923077
0.254928
0.2369870769230769
0.19338646153846153
0.14665661538461539
0.09241661538461539
0.028371692307692306
-0.03713353846153846
-0.11244369230769231
-0.1777403076923077
-0.21737723076923077
-0.22697353846153845
-0.21153599999999997
-0.19004861538461537
-0.15416676923076922
-0.11640738461538462
-0.09325107692307691
-0.06446215384615385
-0.02858030769230769
-0.006258461538461538
-0.004798153846153846
-0.0025033846153846152
0.008970461538461538
0.04652123076923077
0.05444861538461539
0.13622584615384614
0.1800350769230769
0.055491692307692304
0.021070153846153846
-0.0855323076923077
-0.12913292307692306
-0.1353913846153846
-0.29227015384615385
-0.3479704615384615
-0.4360061538461539
-0.3412947692307692
-0.14978584615384616
-0.03984553846153846
0.13768615384615385
0.19296923076923078
0.3508910769230769
0.49400123076923075
0.5248763076923078
0.5267538461538461
0.273912
0.05611753846153846
-0.1356
-0.33295015384615384
-0.3750904615384615
-0.47877230769230766
-0.4456024615384615
-0.3045784615384615
-0.21904615384615383
0.044435076923076924
0.25367630769230765
0.41493599999999997
0.572232
0.5336381538461539
0.5023458461538461
0.38656430769230765
0.22634769230769228
0.14018953846153845
-0.03880246153846154
-0.18754523076923074
-0.3072904615384615
-0.3673716923076923
-0.29581661538461534
-0.25388492307692306
-0.1792006153846154
-0.10827138461538462
-0.04985907692307692
0.09241661538461539
0.15208061538461537
0.17982646153846152
0.1846246153846154
0.11870215384615385
0.11995384615384615
0.0897046153846154
0.04109723076923077
0.047981538461538464
0.01981846153846154
0.046104
0.10347323076923076
0.12266584615384615
0.14790830769230767
0.10576799999999999
0.051528
-0.008344615384615384
-0.08824430769230769
-0.1316363076923077
-0.1614683076923077
-0.11181784615384616
-0.06967753846153846
-0.03567323076923076
0.06821723076923077
0.13476553846153844
0.20715507692307691
0.24512307692307692
0.2021483076923077
0.1558356923076923
0.05528307692307692
-0.041514461538461535
-0.11619876923076923
-0.2292683076923077
-0.2883064615384615
-0.31834707692307695
-0.3248141538461538
-0.28163076923076924
-0.2399076923076923
-0.1368516923076923
-0.010222153846153844
0.086784
0.16188553846153847
0.1829556923076923
0.21696000000000001
0.2225926153846154
0.1666836923076923
0.0974233846153846
-0.04172307692307692
-0.1504116923076923
-0.19651569230769228
-0.24658338461538462
-0.21821169230769227
-0.1777403076923077
-0.12350030769230769
-0.013560000000000001
0.049233230769230765
0.11703323076923078
0.1693956923076923
0.17586276923076924
0.1785747692307692
0.12808984615384614
0.065088
-0.012308307692307691
-0.08866153846153846
-0.12329169230769231
-0.1558356923076923
-0.1570873846153846
-0.15520984615384617
-0.15208061538461537
-0.10994030769230768
-0.07885661538461539
-0.032544
0.002086153846153846
-0.018358153846153843
-0.018775384615384614
-0.013560000000000001
-0.015228923076923076
-0.015228923076923076
-0.050067692307692306
-0.059038153846153844
-0.03233538461538461
-0.011473846153846154
0.026702769230769228
0.03400430769230769
0.029623384615384614
0.030040615384615384
0.015854769230769228
0.02232184615384615
0.007510153846153846
-0.017315076923076923
-0.046104
-0.0880356923076923
-0.0936683076923077
-0.08594953846153845
-0.051319384615384614
0.009387692307692307
0.02899753846153846
0.05528307692307692
0.08010830769230769
0.09992676923076924
0.13914646153846155
0.11202646153846153
0.05611753846153846
-0.003129230769230769
-0.05799507692307692
-0.052571076923076915
-0.03921969230769231
-0.021487384615384613
-0.0025033846153846152
0.012308307692307691
0.07197230769230768
0.12516923076923075
0.154584
0.1612596923076923
0.11891076923076922
0.07927384615384615
0.03504738461538461
-0.0004172307692307692
-0.014394461538461538
-0.04276615384615385
-0.043392
-0.017523692307692306
0.03233538461538461
0.1205796923076923
0.19588984615384614
0.2480436923076923
0.2768326153846154
0.27850153846153847
0.2855944615384615
0.26681907692307694
0.20527753846153846
0.11765907692307691
0.006675692307692307
-0.08636676923076922
-0.13810338461538463
-0.1435273846153846
-0.12391753846153845
-0.09533723076923077
-0.02545107692307692
0.07697907692307693
0.184416
0.2699483076923077
0.3016578461538461
0.2962338461538461
0.2540935384615385
0.18983999999999998
0.11870215384615385
0.021904615384615383
-0.07927384615384615
-0.1635544615384615
-0.21445661538461538
-0.21612553846153845
-0.18483323076923078
-0.13601723076923075
-0.07843938461538462
-0.020652923076923076
0.04422646153846154
0.10535076923076922
0.14686523076923075
0.15604430769230768
0.12224861538461537
0.06738276923076922
0.0012516923076923076
-0.06696553846153847
-0.13247076923076923
-0.19505538461538463
-0.2453316923076923
-0.28246523076923075
-0.2872633846153846
-0.25367630769230765
-0.2090326153846154
-0.1652233846153846
-0.116616
-0.07009476923076922
-0.019609846153846155
0.03108369230769231
0.07072061538461538
0.09283384615384616
0.08991323076923076
0.08344615384615384
0.07739630769230768
0.0717636923076923
0.05173661538461538
0.010848
-0.02044430769230769
-0.052571076923076915
-0.08240307692307691
-0.10743692307692307
-0.14206707692307693
-0.15541846153846153
-0.14811692307692306
-0.11244369230769231
-0.04547815384615384
0.019609846153846155
0.08240307692307691
0.13998092307692306
0.18775384615384613
0.21779446153846155
0.21216184615384615
0.16876984615384616
0.09262523076923077
0.0022947692307692304
-0.09158215384615384
-0.17231630769230769
-0.2207150769230769
-0.235944
-0.21862892307692305
-0.17711446153846155
-0.10764553846153846
-0.017315076923076923
0.06884307692307692
0.1397723076923077
0.1869193846153846
0.21737723076923077
0.23239753846153846
0.22280123076923075
0.19547261538461536
0.14603076923076924
0.08991323076923076
0.04109723076923077
0.003129230769230769
-0.010013538461538461
-0.011891076923076923
0.0
0.027120000000000002
0.06321046153846153
0.103056
0.132888
0.16021661538461537
0.17481969230769231
0.17961784615384613
0.18399876923076922
0.17461107692307692
0.15687876923076924
0.12558646153846154
0.086784
0.06279323076923077
0.03713353846153846
0.007510153846153846
-0.018358153846153843
-0.04756430769230769
-0.054657230769230764
-0.051319384615384614
-0.050067692307692306
-0.03984553846153846
-0.03775938461538462
-0.03212676923076923
-0.012308307692307691
0.013351384615384614
0.03859384615384615
0.04109723076923077
0.037967999999999995
0.04672984615384615
0.05277969230769231
0.06404492307692307
0.05507446153846154
0.031918153846153846
0.012308307692307691
-0.01272553846153846
-0.02044430769230769
-0.028788923076923077
-0.03045784615384615
-0.021696
-0.020652923076923076
-0.014603076923076923
-0.0043809230769230765
0.0050067692307692304
0.007301538461538462
0.005215384615384615
0.0033378461538461535
0.011473846153846154
0.02858030769230769
0.05194523076923077
0.073224
0.07426707692307692
0.07197230769230768
0.07051199999999999
0.06008123076923077
0.034630153846153845
-0.01981846153846154
-0.07656184615384615
-0.11619876923076923
-0.12433476923076923
-0.10368184615384615
-0.08094276923076923
-0.037967999999999995
0.012516923076923077
0.07572738461538461
0.1489513846153846
0.19964492307692308
0.23218892307692307
0.2290596923076923
0.20173107692307693
0.1733593846153846
0.12496061538461539
0.058829538461538454
-0.009804923076923077
-0.07635323076923077
-0.12308307692307692
-0.14832553846153845
-0.15291507692307693
-0.1353913846153846
-0.11640738461538462
-0.0880356923076923
-0.04568676923076923
0.01043076923076923
0.07009476923076922
0.11473846153846154
0.14290153846153844
0.13998092307692306
0.12704676923076924
0.12496061538461539
0.11098338461538461
0.07948246153846153
0.03421292307692308
-0.020652923076923076
-0.05173661538461538
-0.06946892307692307
-0.0826116923076923
-0.08323753846153846
-0.086784
-0.06988615384615385
-0.04088861538461538
-0.009804923076923077
0.012934153846153845
0.007510153846153846
-0.0008344615384615384
0.0
0.01668923076923077
0.03901107692307692
0.04526953846153846
0.02795446153846154
-0.010222153846153844
-0.050067692307692306
-0.09471138461538461
-0.14457046153846154
-0.20256553846153844
-0.26932246153846157
-0.3160523076923077
-0.32606584615384615
-0.29644246153846154
-0.24324553846153843
-0.1792006153846154
-0.10868861538461538
-0.03963692307692308
0.02795446153846154
0.08323753846153846
0.10389046153846154
0.084072
0.041514461538461535
-0.0035464615384615383
-0.04172307692307692
-0.08010830769230769
-0.11452984615384615
-0.13998092307692306
-0.1462393846153846
-0.12558646153846154
-0.0771876923076923
-0.01668923076923077
0.035255999999999996
0.09283384615384616
0.14206707692307693
0.18212123076923076
0.2059033846153846
0.19818461538461538
0.17419384615384614
0.12350030769230769
0.07030338461538461
0.026285538461538457
-0.012308307692307691
-0.04422646153846154
-0.08094276923076923
-0.09825784615384614
-0.08720123076923077
-0.046104
0.005215384615384615
0.042557538461538466
0.0744756923076923
0.09179076923076923
0.103056
0.11035753846153845
0.10222153846153846
0.07405846153846153
0.02524246153846154
-0.014394461538461538
-0.029623384615384614
-0.03045784615384615
-0.015646153846153844
-0.005424
0.0029206153846153843
0.03609046153846154
0.084072
0.13497415384615385
0.16480615384615382
0.1597993846153846
0.14957723076923077
0.13101046153846155
0.09971815384615385
0.054657230769230764
-0.020027076923076922
-0.11494707692307692
-0.20694646153846152
-0.23114584615384615
-0.18796246153846152
-0.10618523076923077
0.023990769230769232
0.14999446153846155
0.29685969230769227
0.4524867692307692
0.5547083076923077
0.5970572307692308
0.5240418461538462
0.3782196923076923
0.20110523076923076
0.03400430769230769
-0.1710646153846154
-0.39344861538461534
-0.5469895384615384
-0.6638141538461538
-0.6225083076923077
-0.48565661538461535
-0.29352184615384613
-0.054657230769230764
0.16292861538461537
0.3863556923076923
0.5273796923076923
0.5828713846153846
0.5323864615384615
0.38593846153846156
0.20319138461538463
-0.023364923076923075
-0.2157083076923077
-0.3784283076923077
-0.48336184615384614
-0.48398769230769234
-0.4368406153846153
-0.31855569230769226
-0.16897846153846155
-0.016480615384615385
0.1489513846153846
0.24199384615384617
0.28121353846153846
0.29602523076923076
0.268488
0.2482523076923077
0.1992276923076923
0.11891076923076922
0.03713353846153846
-0.054657230769230764
-0.11035753846153845
-0.15792184615384616
-0.20986707692307693
-0.252216
-0.26160369230769226
-0.2138307692307692
-0.16876984615384616
-0.12537784615384615
-0.08845292307692308
-0.06133292307692308
0.007927384615384614
0.07697907692307693
0.1395636923076923
0.2059033846153846
0.24032492307692307
0.2641070769230769
0.27432923076923077
0.23052
0.1422756923076923
0.01856676923076923
-0.13455692307692307
-0.2707827692307692
-0.3782196923076923
-0.43287692307692305
-0.4287046153846154
-0.3594443076923077
-0.2236356923076923
-0.06258461538461538
0.1097316923076923
0.25284184615384614
0.3623649230769231
0.40846892307692306
0.36445107692307693
0.29581661538461534
0.20798953846153845
0.09450276923076922
-0.016897846153846156
-0.1316363076923077
-0.20339999999999997
-0.20381723076923075
-0.16730953846153845
-0.086784
0.010013538461538461
0.11140061538461538
0.23510953846153848
0.35339446153846155
0.43475446153846153
0.45040061538461534
0.4124326153846154
0.3312812307692308
0.22780799999999998
0.12788123076923075
0.029414769230769227
-0.042557538461538466
-0.07635323076923077
-0.06905169230769231
-0.009804923076923077
0.06988615384615385
0.14519630769230768
0.21508246153846153
0.241368
0.2288510769230769
0.19526400000000002
0.12683815384615382
0.04735569230769231
-0.051528
-0.15228923076923076
-0.21696000000000001
-0.24512307692307692
-0.2330233846153846
-0.19317784615384614
-0.12037107692307693
-0.03921969230769231
0.0448523076923077
0.1368516923076923
0.19651569230769228
0.22572184615384616
0.208824
0.14790830769230767
0.08135999999999999
0.0077187692307692304
-0.06258461538461538
-0.12016246153846154
-0.16292861538461537
-0.1652233846153846
-0.1151556923076923
-0.031709538461538456
0.06300184615384616
0.14102399999999998
0.19317784615384614
0.22300984615384614
0.2209236923076923
0.17732307692307692
0.0961716923076923
-0.003963692307692307
-0.10910584615384614
-0.20152246153846154
-0.2707827692307692
-0.31855569230769226
-0.32502276923076917
-0.2924787692307692
-0.24449723076923074
-0.17273353846153844
-0.09262523076923077
-0.015020307692307692
0.07134646153846153
0.13372246153846154
0.17252492307692308
0.18066092307692305
0.1476996923076923
0.10055261538461538
0.022947692307692308
-0.06863446153846153
-0.1462393846153846
-0.2056947692307692
-0.23385784615384617
-0.24032492307692307
-0.22780799999999998
-0.19192615384615386
-0.13893784615384613
-0.07781353846153846
-0.026285538461538457
0.010848
0.046104
0.07739630769230768
0.10806276923076923
0.13184492307692308
0.13455692307692307
0.12621230769230768
0.10889723076923077
0.07969107692307692
0.04756430769230769
0.00855323076923077
-0.03442153846153846
-0.065088
-0.08302892307692307
-0.08887015384615385
-0.08198584615384615
-0.06070707692307692
-0.02273907692307692
0.02586830769230769
0.073224
0.12600369230769232
0.1733593846153846
0.19463815384615382
0.20235692307692305
0.1856676923076923
0.13914646153846155
0.07948246153846153
0.005632615384615384
-0.062376
-0.12120553846153845
-0.17315076923076922
-0.1858763076923077
-0.16418030769230768
-0.11745046153846153
-0.053405538461538456
0.015646153846153844
0.0853236923076923
0.1449876923076923
0.18086953846153844
0.18170399999999998
0.14269292307692305
0.07426707692307692
-0.011473846153846154
-0.10848000000000001
-0.20632061538461538
-0.30583015384615386
-0.38072307692307694
-0.4086775384615385
-0.3882332307692308
-0.3210590769230769
-0.22947692307692308
-0.11849353846153846
0.0016689230769230767
0.10764553846153846
0.19588984615384614
0.249504
0.2557624615384615
0.22780799999999998
0.16584923076923075
0.08907876923076924
0.010639384615384617
-0.0678
-0.12558646153846154
-0.15500123076923078
-0.14603076923076924
-0.10263876923076923
-0.03421292307692308
0.04902461538461538
0.11891076923076922
0.18358153846153846
0.22947692307692308
0.24720923076923076
0.2532590769230769
0.2261390769230769
0.17523692307692307
0.11056615384615384
0.03838523076923077
-0.020027076923076922
-0.07259815384615384
-0.11765907692307691
-0.1476996923076923
-0.1656406153846154
-0.15938215384615384
-0.12808984615384614
-0.07823076923076923
-0.019192615384615384
0.029414769230769227
0.07802215384615384
0.12308307692307692
0.14540492307692307
0.14311015384615386
0.11202646153846153
0.073224
0.03609046153846154
0.0022947692307692304
-0.015646153846153844
-0.03692492307692308
-0.05111076923076923
-0.054657230769230764
-0.05277969230769231
-0.03713353846153846
-0.023782153846153845
-0.0077187692307692304
0.010639384615384617
0.03108369230769231
0.06675692307692307
0.1151556923076923
0.16626646153846153
0.21195323076923075
0.23636123076923077
0.24866953846153847
0.24700061538461537
0.22175815384615383
0.18399876923076922
0.11098338461538461
0.021904615384615383
-0.061124307692307686
-0.13726892307692307
-0.18316430769230768
-0.21091015384615383
-0.21487384615384614
-0.1913003076923077
-0.14603076923076924
-0.06633969230769231
0.02586830769230769
0.10889723076923077
0.1760713846153846
0.22488738461538463
0.2532590769230769
0.24992123076923078
0.21091015384615383
0.138312
0.043392
-0.05757784615384615
-0.1489513846153846
-0.21842030769230766
-0.25972615384615383
-0.2730775384615384
-0.2605606153846154
-0.2205064615384615
-0.16105107692307694
-0.08782707692307692
-0.012099692307692308
0.04819015384615385
0.100344
0.1462393846153846
0.1783661538461538
0.1977673846153846
0.1846246153846154
0.13706030769230768
0.07510153846153846
0.017315076923076923
-0.03066646153846154
-0.07802215384615384
-0.12808984615384614
-0.16876984615384616
-0.1775316923076923
-0.16292861538461537
-0.1316363076923077
-0.0892873846153846
-0.037967999999999995
0.013560000000000001
0.06884307692307692
0.13726892307692307
0.20047938461538461
0.24992123076923078
0.2638984615384615
0.2557624615384615
0.23364923076923078
0.1733593846153846
0.08594953846153845
-0.015437538461538461
-0.12162276923076921
-0.20798953846153845
-0.2666104615384615
-0.2837169230769231
-0.24616615384615384
-0.18545907692307692
-0.10263876923076923
0.0006258461538461538
0.1151556923076923
0.22947692307692308
0.3054129230769231
0.3412947692307692
0.33315876923076926
0.2845513846153846
0.21132738461538458
0.10827138461538462
-0.01043076923076923
-0.13121907692307694
-0.23615261538461538
-0.2985286153846154
-0.31834707692307695
-0.2891409230769231
-0.22342707692307692
-0.1358086153846154
-0.006675692307692307
0.1395636923076923
0.28392553846153845
0.4022104615384615
0.46396061538461536
0.4752258461538461
0.43329415384615383
0.3540203076923077
0.2478350769230769
0.130176
0.006258461538461538
-0.11014892307692307
-0.18545907692307692
-0.2225926153846154
-0.22342707692307692
-0.19797599999999999
-0.15082892307692305
-0.084072
-0.013351384615384614
0.05277969230769231
0.10722830769230769
0.13330523076923076
0.1316363076923077
0.11327815384615383
0.08115138461538463
0.03921969230769231
-0.016063384615384615
-0.07948246153846153
-0.1368516923076923
-0.1804523076923077
-0.1992276923076923
-0.19714153846153845
-0.18253846153846154
-0.15333230769230768
-0.119328
-0.073224
-0.01981846153846154
0.028371692307692306
0.07197230769230768
0.09658892307692307
0.11411261538461538
0.13059323076923077
0.1356
0.13080184615384613
0.0934596923076923
0.03942830769230769
-0.011056615384615385
-0.058829538461538454
-0.08636676923076922
-0.10222153846153846
-0.10931446153846153
-0.09763200000000001
-0.06321046153846153
-0.0077187692307692304
0.05486584615384615
0.11077476923076923
0.16271999999999998
0.20861538461538462
0.24011630769230768
0.25200738461538463
0.22780799999999998
0.1666836923076923
0.08594953846153845
0.0002086153846153846
-0.07072061538461538
-0.12433476923076923
-0.15333230769230768
-0.15354092307692307
-0.12120553846153845
-0.04985907692307692
0.03609046153846154
0.12558646153846154
0.20694646153846152
0.2707827692307692
0.3035353846153846
0.29832
0.2559710769230769
0.1721076923076923
0.05611753846153846
-0.07072061538461538
-0.17628
-0.24616615384615384
-0.2789187692307692
-0.27328615384615385
-0.22718215384615387
-0.15228923076923076
-0.05653476923076922
0.053614153846153846
0.16063384615384615
0.23928184615384615
0.27871015384615383
0.2805876923076923
0.233232
0.16230276923076925
0.047981538461538464
-0.0855323076923077
-0.20006215384615383
-0.287472
-0.31250584615384613
-0.29456492307692306
-0.24554030769230767
-0.1612596923076923
-0.041514461538461535
0.12996738461538462
0.3269003076923077
0.39282276923076925
0.35151692307692306
0.2620209230769231
0.10806276923076923
0.02232184615384615
-0.12016246153846154
-0.3460929230769231
-0.5194523076923077
-0.6354424615384615
-0.5843316923076923
-0.46896738461538456
-0.34046030769230773
-0.20652923076923077
-0.0974233846153846
0.10493353846153847
0.27850153846153847
0.3972036923076923
0.40638276923076927
0.2588916923076923
0.13121907692307694
-0.031709538461538456
-0.16751815384615384
-0.24908676923076922
-0.3717526153846154
-0.3873987692307692
-0.39052800000000004
-0.34233784615384616
-0.15917353846153848
-0.015020307692307692
0.1585476923076923
0.26681907692307694
0.26076923076923075
0.2716172307692308
0.23969907692307693
0.21904615384615383
0.19860184615384616
0.1136953846153846
0.05090215384615384
0.0043809230769230765
0.03483876923076923
0.10910584615384614
0.11348676923076922
0.10576799999999999
0.07384984615384615
0.08490646153846154
0.13789476923076924
0.1178676923076923
0.08240307692307691
0.012516923076923077
-0.061750153846153844
-0.06133292307692308
-0.06404492307692307
-0.040679999999999994
-0.0008344615384615384
0.027328615384615382
0.10848000000000001
0.18232984615384615
0.22008923076923076
0.22342707692307692
0.15374953846153847
0.056951999999999996
-0.052153846153846155
-0.16188553846153847
-0.2374043076923077
-0.2828824615384615
-0.2864289230769231
-0.2737033846153846
-0.19651569230769228
-0.05945538461538461
0.06633969230769231
0.19818461538461538
0.26932246153846157
0.2851772307692308
0.2931046153846154
0.249504
0.17690584615384616
0.07009476923076922
-0.06258461538461538
-0.15520984615384617
-0.22175815384615383
-0.2438713846153846
-0.2288510769230769
-0.19735015384615384
-0.10430769230769231
0.01710646153846154
0.13080184615384613
0.21362215384615382
0.25951753846153847
0.2853858461538461
0.2618123076923077
0.1883796923076923
0.08344615384615384
-0.052571076923076915
-0.15562707692307692
-0.21174461538461536
-0.233232
-0.17252492307692308
-0.09158215384615384
0.008136
0.12162276923076921
0.1883796923076923
0.24554030769230767
0.26076923076923075
0.21779446153846155
0.130176
-0.006049846153846154
-0.14206707692307693
-0.24449723076923074
-0.28851507692307693
-0.27871015384615383
-0.23761292307692305
-0.1656406153846154
-0.08594953846153845
0.02315630769230769
0.15124615384615384
0.24428861538461538
0.29644246153846154
0.2722430769230769
0.19881046153846152
0.12725538461538463
0.03483876923076923
-0.06446215384615385
-0.16063384615384615
-0.23615261538461538
-0.23886461538461537
-0.17815753846153848
-0.07739630769230768
0.035255999999999996
0.127464
0.21132738461538458
0.28163076923076924
0.32085046153846153
0.3170953846153846
0.2517987692307692
0.14206707692307693
0.00855323076923077
-0.11098338461538461
-0.18775384615384613
-0.23406646153846156
-0.22551323076923077
-0.1990190769230769
-0.16501476923076921
-0.08824430769230769
0.0
0.09930092307692308
0.15938215384615384
0.14060676923076923
0.08031692307692308
0.0050067692307692304
-0.07030338461538461
-0.1397723076923077
-0.21967199999999998
-0.30061476923076924
-0.34046030769230773
-0.3195987692307692
-0.24074215384615386
-0.14102399999999998
-0.03483876923076923
0.054657230769230764
0.1287156923076923
0.19338646153846153
0.21466523076923077
0.20277415384615383
0.14540492307692307
0.06863446153846153
0.0035464615384615383
-0.05444861538461539
-0.07072061538461538
-0.05236246153846154
-0.012099692307692308
0.05048492307692308
0.1353913846153846
0.23072861538461537
0.3148006153846154
0.36632861538461536
0.3671630769230769
0.31646953846153847
0.23177169230769232
0.14039815384615384
0.05090215384615384
-0.03024923076923077
-0.09992676923076924
-0.14081538461538462
-0.13622584615384614
-0.08574092307692306
-0.014394461538461538
0.05298830769230769
0.11181784615384616
0.16710092307692306
0.20924123076923076
0.22008923076923076
0.19714153846153845
0.12788123076923075
0.04965046153846154
-0.02524246153846154
-0.09700615384615385
-0.13935507692307691
-0.16897846153846155
-0.1652233846153846
-0.12704676923076924
-0.06446215384615385
0.003963692307692307
0.06300184615384616
0.12037107692307693
0.15228923076923076
0.15562707692307692
0.12621230769230768
0.06279323076923077
-0.016897846153846156
-0.09012184615384615
-0.14206707692307693
-0.16000799999999998
-0.15249784615384615
-0.12412615384615384
-0.06321046153846153
0.007301538461538462
0.08469784615384615
0.1449876923076923
0.17002153846153847
0.16292861538461537
0.11536430769230768
0.04672984615384615
-0.025659692307692307
-0.09283384615384616
-0.15187199999999998
-0.18650215384615382
-0.18274707692307693
-0.1353913846153846
-0.04902461538461538
0.04276615384615385
0.12329169230769231
0.17982646153846152
0.214248
0.22634769230769228
0.20778092307692309
0.15896492307692306
0.07134646153846153
-0.027120000000000002
-0.11724184615384614
-0.18232984615384615
-0.2140393846153846
-0.2225926153846154
-0.20235692307692305
-0.1639716923076923
-0.10201292307692307
-0.026285538461538457
0.04819015384615385
0.10055261538461538
0.11265230769230769
0.09450276923076922
0.05236246153846154
0.002086153846153846
-0.061124307692307686
-0.11911938461538461
-0.15479261538461536
-0.16021661538461537
-0.12266584615384615
-0.05716061538461538
0.01981846153846154
0.09199938461538461
0.15166338461538462
0.19004861538461537
0.19985353846153847
0.1794092307692308
0.13080184615384613
0.05778646153846154
-0.012516923076923077
-0.049233230769230765
-0.05570030769230769
-0.032544
0.01272553846153846
0.06863446153846153
0.132888
0.1994363076923077
0.249504
0.25805723076923076
0.22134092307692307
0.14519630769230768
0.04547815384615384
-0.04985907692307692
-0.12579507692307693
-0.1873366153846154
-0.23677846153846152
-0.25513661538461535
-0.24345415384615382
-0.20027076923076922
-0.12725538461538463
-0.0446436923076923
0.03275261538461539
0.086784
0.13372246153846154
0.16271999999999998
0.15938215384615384
0.12788123076923075
0.05799507692307692
-0.019609846153846155
-0.08511507692307693
-0.13872923076923074
-0.17169046153846151
-0.19213476923076922
-0.19338646153846153
-0.14811692307692306
-0.0744756923076923
0.007510153846153846
0.09012184615384615
0.14957723076923077
0.19985353846153847
0.23448369230769228
0.254928
0.2605606153846154
0.22843384615384613
0.17419384615384614
0.10743692307692307
0.04109723076923077
-0.020652923076923076
-0.08156861538461539
-0.13455692307692307
-0.17023015384615386
-0.19004861538461537
-0.18379015384615385
-0.1489513846153846
-0.10493353846153847
-0.05736923076923077
-0.014185846153846153
0.026285538461538457
0.06341907692307691
0.08574092307692306
0.092208
0.07072061538461538
0.026702769230769228
-0.02482523076923077
-0.08594953846153845
-0.13643446153846153
-0.184416
-0.21800307692307694
-0.21153599999999997
-0.17648861538461538
-0.10764553846153846
-0.03233538461538461
0.03483876923076923
0.09387692307692307
0.14018953846153845
0.17377661538461536
0.17252492307692308
0.14206707692307693
0.07823076923076923
0.003963692307692307
-0.05111076923076923
-0.08761846153846153
-0.09950953846153845
-0.09679753846153846
-0.08323753846153846
-0.059038153846153844
-0.024199384615384616
0.01668923076923077
0.06028984615384615
0.09304246153846155
0.10347323076923076
0.10722830769230769
0.10681107692307691
0.1028473846153846
0.09596307692307693
0.08094276923076923
0.06800861538461538
0.059872615384615385
0.065088
0.07092923076923077
0.06863446153846153
0.05048492307692308
0.024616615384615383
0.004589538461538461
-0.02211323076923077
-0.03942830769230769
-0.05674338461538461
-0.06613107692307692
-0.05069353846153846
-0.018358153846153843
0.030040615384615384
0.08386338461538462
0.12788123076923075
0.15520984615384617
0.17377661538461536
0.1733593846153846
0.14957723076923077
0.08845292307692308
0.0029206153846153843
-0.08344615384615384
-0.16438892307692307
-0.20256553846153844
-0.21049292307692305
-0.19150892307692308
-0.1476996923076923
-0.08302892307692307
0.0077187692307692304
0.09700615384615385
0.184416
0.24324553846153843
0.2574313846153846
0.24032492307692307
0.19735015384615384
0.13393107692307693
0.054657230769230764
-0.03629907692307692
-0.11891076923076922
-0.17565415384615385
-0.19881046153846152
-0.17690584615384616
-0.12913292307692306
-0.06967753846153846
-0.010013538461538461
0.04860738461538461
0.10743692307692307
0.14519630769230768
0.15333230769230768
0.12642092307692307
0.0717636923076923
0.012099692307692308
-0.04276615384615385
-0.07843938461538462
-0.09700615384615385
-0.10576799999999999
-0.09784061538461537
-0.08344615384615384
-0.07051199999999999
-0.06592246153846154
-0.07405846153846153
-0.09283384615384616
-0.10514215384615383
-0.10222153846153846
-0.07927384615384615
-0.040054153846153843
0.0025033846153846152
0.04526953846153846
0.084072
0.1287156923076923
0.16856123076923077
0.1942209230769231
0.19568123076923075
0.18149538461538461
0.157296
0.12099692307692309
0.08574092307692306
0.04214030769230769
0.006675692307692307
-0.015854769230769228
-0.02357353846153846
0.0002086153846153846
0.01940123076923077
0.02273907692307692
0.027328615384615382
0.016272
0.018358153846153843
-0.018775384615384614
-0.07343261538461537
-0.11765907692307691
-0.1435273846153846
-0.09179076923076923
0.029623384615384614
0.22718215384615387
0.32961230769230765
0.45561599999999997
0.5870436923076923
0.6552609230769231
0.7238953846153846
0.5778646153846153
0.3571495384615384
0.02545107692307692
-0.3216849230769231
-0.5868350769230769
-0.9020529230769231
-1.0850086153846152
-1.2074658461538461
-1.1452984615384616
-0.8588695384615385
-0.45791076923076923
0.10263876923076923
0.5918418461538462
1.0172086153846154
1.3336781538461537
1.4423667692307691
1.4039815384615384
1.1069132307692306
0.6435784615384614
0.10827138461538462
-0.5104818461538462
-0.9859163076923078
-1.3036375384615384
-1.4830467692307692
-1.4315187692307692
-1.2598283076923076
-0.9024701538461538
-0.42599261538461536
0.08907876923076924
0.6490024615384615
1.0668590769230768
1.3418141538461539
1.4494596923076923
1.3779046153846155
1.1836836923076923
0.7923212307692308
0.2868461538461538
-0.24512307692307692
-0.7533101538461537
-1.1069132307692306
-1.332635076923077
-1.41024
-1.3138596923076922
-1.0900153846153846
-0.721392
-0.29080984615384614
0.12955015384615384
0.5323864615384615
0.8384252307692308
1.0578886153846152
1.2091347692307692
1.222068923076923
1.1121286153846153
0.8634590769230769
0.51528
0.12704676923076924
-0.2862203076923077
-0.6621452307692308
-0.983412923076923
-1.192236923076923
-1.2761003076923076
-1.213307076923077
-0.9548326153846154
-0.5753612307692307
-0.10681107692307691
0.4026276923076923
0.8701347692307693
1.2696332307692306
1.5212233846153846
1.5842252307692308
1.453214769230769
1.1183870769230768
0.66444
0.14144123076923076
-0.4024190769230769
-0.8899532307692308
-1.2884086153846155
-1.5222664615384616
-1.5594
-1.4085710769230768
-1.0850086153846152
-0.6383630769230769
-0.0897046153846154
0.485448
0.9863335384615385
1.3622584615384614
1.536660923076923
1.4890966153846152
1.2506492307692307
0.8252824615384615
0.30708184615384615
-0.23782153846153845
-0.7629064615384615
-1.170540923076923
-1.4423667692307691
-1.524561230769231
-1.3970972307692306
-1.1073304615384616
-0.6894738461538461
-0.21842030769230766
0.26118646153846153
0.6928116923076922
1.0201292307692307
1.2151846153846153
1.2406356923076922
1.108164923076923
0.8494818461538461
0.509856
0.15145476923076923
-0.2021483076923077
-0.508812923076923
-0.7270246153846154
-0.854905846153846
-0.8695089230769231
-0.7706252307692307
-0.5926763076923077
-0.36570276923076916
-0.10827138461538462
0.16105107692307694
0.41910830769230767
0.6233427692307691
0.751224
0.7948246153846155
0.7533101538461537
0.6579729230769231
0.5067267692307692
0.30833353846153844
0.08219446153846154
-0.14415323076923076
-0.34066892307692304
-0.5046406153846154
-0.6095741538461538
-0.665483076923077
-0.6667347692307692
-0.5974744615384615
-0.48565661538461535
-0.32231076923076923
-0.12329169230769231
0.08386338461538462
0.30061476923076924
0.49441846153846153
0.6333563076923077
0.7134646153846153
0.709500923076923
0.6260547692307692
0.48023261538461537
0.2828824615384615
0.058829538461538454
-0.1760713846153846
-0.3727956923076923
-0.5211212307692308
-0.6024812307692308
-0.5926763076923077
-0.5083956923076923
-0.3448412307692308
-0.14081538461538462
0.07551876923076924
0.295608
0.47877230769230766
0.6141636923076923
0.6779999999999999
0.6435784615384614
0.5411483076923076
0.3919883076923077
0.21320492307692307
0.02795446153846154
-0.14477907692307693
-0.27453784615384613
-0.35151692307692306
-0.36611999999999995
-0.3312812307692308
-0.27328615384615385
-0.2021483076923077
-0.12975876923076923
-0.049233230769230765
0.028371692307692306
0.08115138461538463
0.11828492307692307
0.14832553846153845
0.16897846153846155
0.1948467692307692
0.21633415384615384
0.22029784615384615
0.21028430769230766
0.16418030769230768
0.10117846153846152
0.03504738461538461
-0.052571076923076915
-0.13247076923076923
-0.20632061538461538
-0.2703655384615385
-0.29331323076923077
-0.28476
-0.23198030769230768
-0.15208061538461537
-0.06008123076923077
0.05570030769230769
0.17440246153846153
0.29456492307692306
0.3811403076923077
0.4047138461538461
0.3646596923076923
0.2561796923076923
0.11202646153846153
-0.045895384615384616
-0.21091015384615383
-0.37926276923076924
-0.5305089230769231
-0.6127033846153845
-0.6045673846153846
-0.5161144615384615
-0.3686233846153846
-0.2021483076923077
-0.02795446153846154
0.14582215384615385
0.28768061538461537
0.37717661538461533
0.3903193846153846
0.32543999999999995
0.19735015384615384
0.03567323076923076
-0.11891076923076922
-0.25430215384615384
-0.3565236923076923
-0.41577046153846153
-0.4318338461538461
-0.38072307692307694
-0.27453784615384613
-0.14999446153846155
-0.019192615384615384
0.0892873846153846
0.1733593846153846
0.23615261538461538
0.2670276923076923
0.2828824615384615
0.26681907692307694
0.208824
0.14603076923076924
0.08365476923076923
0.03275261538461539
-0.013142769230769229
-0.06926030769230769
-0.10952307692307692
-0.12433476923076923
-0.10263876923076923
-0.06321046153846153
-0.024199384615384616
0.011056615384615385
0.03984553846153846
0.07885661538461539
0.12037107692307693
0.1502030769230769
0.15750461538461538
0.138312
0.12224861538461537
0.12329169230769231
0.12162276923076921
0.10618523076923077
0.06800861538461538
0.02211323076923077
-0.029414769230769227
-0.073224
-0.07885661538461539
-0.07009476923076922
-0.05799507692307692
-0.03963692307692308
0.003129230769230769
0.08740984615384616
0.17648861538461538
0.2503384615384615
0.2914356923076923
0.28663753846153844
0.25305046153846156
0.1858763076923077
0.0988836923076923
0.0025033846153846152
-0.10159569230769232
-0.1787833846153846
-0.21195323076923075
-0.19797599999999999
-0.13914646153846155
-0.06321046153846153
0.027745846153846152
0.13518276923076925
0.2399076923076923
0.3408775384615384
0.3961606153846154
0.3884418461538462
0.327108923076923
0.21842030769230766
0.09930092307692308
-0.030875076923076922
-0.16167692307692308
-0.2828824615384615
-0.3817661538461538
-0.41952553846153845
-0.3942830769230769
-0.3148006153846154
-0.19317784615384614
-0.04965046153846154
0.09846646153846153
0.235944
0.3402516923076923
0.39282276923076925
0.3711267692307692
0.2749550769230769
0.13080184615384613
-0.03963692307692308
-0.2073636923076923
-0.3542289230769231
-0.45791076923076923
-0.4983821538461538
-0.46291753846153844
-0.3508910769230769
-0.1775316923076923
0.02899753846153846
0.2342750769230769
0.40888615384615384
0.536976
0.5958055384615384
0.5726492307692308
0.47939815384615386
0.31897292307692304
0.12454338461538461
-0.07030338461538461
-0.24720923076923076
-0.3821833846153846
-0.4585366153846154
-0.46583815384615385
-0.3917796923076923
-0.24574892307692306
-0.055491692307692304
0.14686523076923075
0.3202246153846154
0.4518609230769231
0.517992
0.5209126153846153
0.45373846153846153
0.3072904615384615
0.11849353846153846
-0.09241661538461539
-0.2853858461538461
-0.43809230769230767
-0.5359329230769231
-0.5680596923076923
-0.5455292307692308
-0.46437784615384614
-0.3373310769230769
-0.18796246153846152
-0.024616615384615383
0.12621230769230768
0.2492953846153846
0.33983446153846153
0.3784283076923077
0.37029230769230764
0.3087507692307692
0.20298276923076922
0.08720123076923077
-0.03379569230769231
-0.1422756923076923
-0.2292683076923077
-0.2858030769230769
-0.29685969230769227
-0.28121353846153846
-0.2236356923076923
-0.13059323076923077
-0.03379569230769231
0.06946892307692307
0.15562707692307692
0.23135446153846154
0.2914356923076923
0.301032
0.28163076923076924
0.22718215384615387
0.14018953846153845
0.047772923076923074
-0.05486584615384615
-0.14582215384615385
-0.22488738461538463
-0.2837169230769231
-0.3047870769230769
-0.2899753846153846
-0.22843384615384613
-0.1424843076923077
-0.04631261538461538
0.053405538461538456
0.1543753846153846
0.25117292307692307
0.3156350769230769
0.3410861538461538
0.3319070769230769
0.2789187692307692
0.19860184615384616
0.10180430769230768
-0.006258461538461538
-0.1028473846153846
-0.18170399999999998
-0.22175815384615383
-0.208824
-0.1558356923076923
-0.07969107692307692
0.009596307692307692
0.10681107692307691
0.20360861538461536
0.28350830769230767
0.32961230769230765
0.3369138461538461
0.3049956923076923
0.24720923076923076
0.1775316923076923
0.10952307692307692
0.04839876923076923
-0.005424
-0.03671630769230769
-0.05382276923076923
-0.050067692307692306
-0.015228923076923076
0.029623384615384614
0.07656184615384615
0.10764553846153846
0.12934153846153845
0.14978584615384616
0.14811692307692306
0.1289243076923077
0.09304246153846155
0.045895384615384616
0.010639384615384617
-0.015228923076923076
-0.024199384615384616
-0.024199384615384616
-0.026911384615384615
-0.02232184615384615
-0.017315076923076923
-0.016272
-0.02858030769230769
-0.05757784615384615
-0.09784061538461537
-0.14164984615384615
-0.17565415384615385
-0.19797599999999999
-0.1990190769230769
-0.18545907692307692
-0.1506203076923077
-0.10576799999999999
-0.084072
-0.04860738461538461
-0.0012516923076923076
0.03859384615384615
0.06592246153846154
0.06154153846153846
0.054240000000000003
0.06133292307692308
0.07572738461538461
0.14415323076923076
0.17231630769230769
0.06341907692307691
-0.018983999999999997
-0.10764553846153846
-0.10138707692307691
-0.03984553846153846
-0.14853415384615384
-0.17169046153846151
-0.21070153846153844
-0.13706030769230768
0.040262769230769234
0.07948246153846153
0.1462393846153846
0.08240307692307691
0.10660246153846153
0.17481969230769231
0.14164984615384615
0.13247076923076923
-0.06341907692307691
-0.19797599999999999
-0.27328615384615385
-0.3623649230769231
-0.301032
-0.3346190769230769
-0.29602523076923076
-0.18149538461538461
-0.14290153846153844
0.03337846153846154
0.1435273846153846
0.2275993846153846
0.32210215384615387
0.22154953846153846
0.16438892307692307
0.09137353846153846
0.009804923076923077
0.019609846153846155
-0.06863446153846153
-0.12412615384615384
-0.1570873846153846
-0.16209415384615386
-0.05799507692307692
-0.016897846153846156
-0.0008344615384615384
0.0016689230769230767
-0.0043809230769230765
0.08052553846153847
0.11745046153846153
0.11724184615384614
0.10889723076923077
0.055491692307692304
0.08907876923076924
0.11223507692307692
0.111192
0.1424843076923077
0.11306953846153844
0.11056615384615384
0.1097316923076923
0.05611753846153846
0.01710646153846154
-0.07593599999999999
-0.1777403076923077
-0.2355267692307692
-0.2851772307692308
-0.26640184615384616
-0.21362215384615382
-0.116616
-0.0002086153846153846
0.0961716923076923
0.22467876923076924
0.309168
0.3617390769230769
0.35568923076923076
0.2574313846153846
0.18170399999999998
0.08302892307692307
-0.013768615384615384
-0.07843938461538462
-0.16334584615384617
-0.17419384615384614
-0.15500123076923078
-0.11494707692307692
-0.02795446153846154
0.037967999999999995
0.1422756923076923
0.2436627692307692
0.30144923076923075
0.32836061538461536
0.28246523076923075
0.2292683076923077
0.16084246153846155
0.04902461538461538
-0.06300184615384616
-0.19463815384615382
-0.27182584615384614
-0.27620676923076926
-0.2768326153846154
-0.22134092307692307
-0.15938215384615384
-0.08782707692307692
0.013351384615384614
0.05444861538461539
0.09074769230769231
0.10263876923076923
0.07656184615384615
0.06070707692307692
0.013768615384615384
-0.03129230769230769
-0.06759138461538462
-0.10055261538461538
-0.09033046153846153
-0.07280676923076923
-0.058829538461538454
-0.05924676923076923
-0.08073415384615384
-0.07134646153846153
-0.06633969230769231
-0.06404492307692307
-0.06675692307692307
-0.09658892307692307
-0.08845292307692308
-0.06675692307692307
-0.040054153846153843
0.006049846153846154
0.030040615384615384
0.06467076923076923
0.12016246153846154
0.16021661538461537
0.19150892307692308
0.18629353846153843
0.1476996923076923
0.10597661538461538
0.03233538461538461
-0.03129230769230769
-0.08344615384615384
-0.13893784615384613
-0.1718990769230769
-0.21111876923076925
-0.20444307692307692
-0.14582215384615385
-0.058829538461538454
0.051528
0.10827138461538462
0.14206707692307693
0.1639716923076923
0.1712732307692308
0.19568123076923075
0.16313723076923078
0.086784
0.011473846153846154
-0.054657230769230764
-0.06321046153846153
-0.054240000000000003
-0.056951999999999996
-0.042974769230769226
-0.03296123076923077
-0.009179076923076922
0.022947692307692308
0.030040615384615384
0.018358153846153843
-0.02899753846153846
-0.06988615384615385
-0.0771876923076923
-0.062376
-0.009179076923076922
0.04401784615384615
0.10389046153846154
0.17419384615384614
0.23531815384615382
0.3187643076923077
0.37321292307692305
0.36403384615384615
0.3114627692307692
0.214248
0.12621230769230768
0.0446436923076923
-0.053614153846153846
-0.13914646153846155
-0.20798953846153845
-0.21862892307692305
-0.15833907692307692
-0.05507446153846154
0.06070707692307692
0.15145476923076923
0.23218892307692307
0.3077076923076923
0.3548547692307692
0.35151692307692306
0.27453784615384613
0.1435273846153846
-0.011682461538461537
-0.16105107692307694
-0.27787569230769227
-0.368832
-0.42077723076923074
-0.41326707692307696
-0.3467187692307692
-0.22467876923076924
-0.06967753846153846
0.08448923076923077
0.22113230769230768
0.31208861538461535
0.3565236923076923
0.3575667692307692
0.2997803076923077
0.19338646153846153
0.04693846153846153
-0.09700615384615385
-0.20444307692307692
-0.26306399999999996
-0.26368984615384616
-0.22947692307692308
-0.1635544615384615
-0.073224
0.035464615384615386
0.16480615384615382
0.2768326153846154
0.3442153846153846
0.3611132307692308
0.33566215384615383
0.2860116923076923
0.2157083076923077
0.13038461538461538
0.04693846153846153
-0.024199384615384616
-0.06550523076923077
-0.07364123076923076
-0.06613107692307692
-0.04652123076923077
-0.025659692307692307
-0.004589538461538461
0.015228923076923076
0.02524246153846154
0.02482523076923077
0.005424
-0.02211323076923077
-0.046104
-0.06550523076923077
-0.07197230769230768
-0.07489292307692308
-0.07280676923076923
-0.04568676923076923
-0.0025033846153846152
0.048816000000000005
0.09533723076923077
0.12579507692307693
0.13789476923076924
0.12120553846153845
0.09700615384615385
0.06800861538461538
0.016897846153846156
-0.03984553846153846
-0.10263876923076923
-0.14916
-0.16751815384615384
-0.16897846153846155
-0.14018953846153845
-0.0988836923076923
-0.04526953846153846
0.024408000000000003
0.08720123076923077
0.14457046153846154
0.1779489230769231
0.17231630769230769
0.15750461538461538
0.12245723076923076
0.07739630769230768
0.03150092307692308
-0.035464615384615386
-0.09033046153846153
-0.13184492307692308
-0.14018953846153845
-0.11974523076923077
-0.09784061538461537
-0.055491692307692304
-0.007510153846153846
0.046104
0.10722830769230769
0.15374953846153847
0.18191261538461537
0.1867107692307692
0.17023015384615386
0.14457046153846154
0.10096984615384616
0.04214030769230769
-0.026494153846153844
-0.0936683076923077
-0.13372246153846154
-0.14540492307692307
-0.14102399999999998
-0.1358086153846154
-0.13247076923076923
-0.12141415384615384
-0.09387692307692307
-0.055491692307692304
-0.022947692307692308
0.0006258461538461538
0.014394461538461538
0.015228923076923076
0.012934153846153845
0.003963692307692307
-0.02899753846153846
-0.07218092307692307
-0.11098338461538461
-0.1353913846153846
-0.138312
-0.1353913846153846
-0.12204
-0.0936683076923077
-0.055491692307692304
-0.0070929230769230765
0.050067692307692306
0.10117846153846152
0.13393107692307693
0.14018953846153845
0.13309661538461537
0.12037107692307693
0.10263876923076923
0.07739630769230768
0.033169846153846154
-0.01272553846153846
-0.05674338461538461
-0.07635323076923077
-0.07781353846153846
-0.06863446153846153
-0.04109723076923077
-0.028163076923076923
-0.0006258461538461538
0.03629907692307692
0.05403138461538461
0.05799507692307692
0.03024923076923077
-0.01397723076923077
-0.05236246153846154
-0.08782707692307692
-0.12350030769230769
-0.15813046153846153
-0.17586276923076924
-0.17231630769230769
-0.1489513846153846
-0.0974233846153846
-0.03483876923076923
0.02545107692307692
0.07823076923076923
0.11411261538461538
0.14790830769230767
0.16251138461538459
0.15374953846153847
0.12558646153846154
0.0771876923076923
0.04088861538461538
0.017315076923076923
-0.0008344615384615384
-0.008344615384615384
-0.004798153846153846
0.01272553846153846
0.051319384615384614
0.09658892307692307
0.1422756923076923
0.1794092307692308
0.19442953846153843
0.19630707692307692
0.1860849230769231
0.16167692307692308
0.1070196923076923
0.03358707692307692
-0.04130584615384615
-0.11035753846153845
-0.15520984615384617
-0.17544553846153846
-0.1787833846153846
-0.17461107692307692
-0.16251138461538459
-0.13789476923076924
-0.09679753846153846
-0.05298830769230769
-0.02357353846153846
-0.006467076923076923
0.0004172307692307692
0.005215384615384615
0.01043076923076923
0.0
-0.02232184615384615
-0.052153846153846155
-0.07760492307692309
-0.08907876923076924
-0.08782707692307692
-0.07802215384615384
-0.07635323076923077
-0.07489292307692308
-0.05820369230769231
-0.02044430769230769
0.010222153846153844
0.023990769230769232
0.024408000000000003
0.019609846153846155
0.03150092307692308
0.04401784615384615
0.053614153846153846
0.03859384615384615
0.0
-0.03838523076923077
-0.07092923076923077
-0.08073415384615384
-0.09158215384615384
-0.10222153846153846
-0.10263876923076923
-0.09262523076923077
-0.04902461538461538
0.006049846153846154
0.056326153846153845
0.09658892307692307
0.12099692307692309
0.13434830769230768
0.14686523076923075
0.143736
0.11265230769230769
0.059664
-0.004798153846153846
-0.04380923076923077
-0.06195876923076923
-0.06216738461538462
-0.048816000000000005
-0.03358707692307692
-0.0016689230769230767
0.040054153846153843
0.09241661538461539
0.13080184615384613
0.12975876923076923
0.11140061538461538
0.07635323076923077
0.043392
0.022947692307692308
-0.004172307692307692
-0.02858030769230769
-0.05924676923076923
-0.07948246153846153
-0.07259815384615384
-0.059038153846153844
-0.03337846153846154
-0.009596307692307692
0.011682461538461537
0.041514461538461535
0.0609156923076923
0.07113784615384615
0.059038153846153844
0.027120000000000002
-0.0035464615384615383
-0.03358707692307692
-0.05048492307692308
-0.07697907692307693
-0.10180430769230768
-0.13101046153846155
-0.14957723076923077
-0.0974233846153846
-0.003129230769230769
0.12516923076923075
0.2507556923076923
0.33587076923076925
0.4159790769230769
0.4714707692307692
0.4956701538461538
0.45040061538461534
0.31542646153846154
0.15208061538461537
-0.008970461538461538
-0.08657538461538461
-0.1923433846153846
-0.29498215384615384
-0.33607938461538456
-0.3721698461538462
-0.27328615384615385
-0.154584
-0.02586830769230769
0.07906523076923076
0.1207883076923077
0.20360861538461536
0.225096
0.22822523076923076
0.18066092307692305
0.078648
0.002086153846153846
-0.11640738461538462
-0.1639716923076923
-0.1691870769230769
-0.15291507692307693
-0.06905169230769231
-0.01043076923076923
0.06863446153846153
0.12725538461538463
0.14436184615384615
0.17169046153846151
0.12141415384615384
0.05090215384615384
0.01272553846153846
-0.017940923076923077
0.02232184615384615
0.05653476923076922
0.08177723076923075
0.12099692307692309
0.13747753846153846
0.17544553846153846
0.173568
0.12120553846153845
0.04860738461538461
-0.042557538461538466
-0.08198584615384615
-0.11140061538461538
-0.15187199999999998
-0.1718990769230769
-0.1927606153846154
-0.15374953846153847
-0.08615815384615384
-0.024616615384615383
0.05820369230769231
0.11849353846153846
0.18232984615384615
0.24637476923076923
0.25200738461538463
0.21696000000000001
0.1314276923076923
0.01272553846153846
-0.09971815384615385
-0.21049292307692305
-0.26723630769230766
-0.2828824615384615
-0.2517987692307692
-0.17002153846153847
-0.07238953846153846
0.06592246153846154
0.1860849230769231
0.27474646153846155
0.327108923076923
0.30436984615384616
0.26911384615384615
0.2207150769230769
0.14582215384615385
0.07009476923076922
-0.026285538461538457
-0.09283384615384616
-0.11745046153846153
-0.138312
-0.14290153846153844
-0.16000799999999998
-0.15959076923076923
-0.12099692307692309
-0.06133292307692308
0.018358153846153843
0.08010830769230769
0.1368516923076923
0.19505538461538463
0.23782153846153845
0.2628553846153846
0.23803015384615384
0.17648861538461538
0.111192
0.042348923076923076
0.0002086153846153846
-0.023782153846153845
-0.059038153846153844
-0.07030338461538461
-0.08156861538461539
-0.09137353846153846
-0.078648
-0.07572738461538461
-0.06049846153846154
-0.05194523076923077
-0.052571076923076915
-0.02795446153846154
0.0018775384615384615
0.03963692307692308
0.07113784615384615
0.084072
0.08615815384615384
0.06696553846153847
0.05799507692307692
0.03713353846153846
-0.003129230769230769
-0.04631261538461538
-0.09471138461538461
-0.09554584615384615
-0.0771876923076923
-0.05382276923076923
-0.01668923076923077
0.0006258461538461538
0.03775938461538462
0.10076123076923077
0.14686523076923075
0.18066092307692305
0.18983999999999998
0.17669723076923077
0.1570873846153846
0.12016246153846154
0.07802215384615384
0.026494153846153844
-0.029832
-0.065088
-0.08073415384615384
-0.0828203076923077
-0.086784
-0.08594953846153845
-0.06383630769230769
-0.04526953846153846
-0.025659692307692307
-0.005215384615384615
-0.002712
-0.002712
-0.02899753846153846
-0.06821723076923077
-0.08574092307692306
-0.10493353846153847
-0.1178676923076923
-0.13226215384615383
-0.14185846153846154
-0.12621230769230768
-0.10555938461538462
-0.07697907692307693
-0.05277969230769231
-0.041514461538461535
-0.02795446153846154
-0.020652923076923076
-0.008970461538461538
-0.006258461538461538
-0.028371692307692306
-0.03713353846153846
-0.028788923076923077
0.0012516923076923076
0.04318338461538461
0.07802215384615384
0.12412615384615384
0.1635544615384615
0.19442953846153843
0.21028430769230766
0.1860849230769231
0.13622584615384614
0.07405846153846153
0.003963692307692307
-0.06028984615384615
-0.11035753846153845
-0.14582215384615385
-0.15562707692307692
-0.15395815384615386
-0.13205353846153844
-0.08991323076923076
-0.04839876923076923
-0.0006258461538461538
0.03400430769230769
0.05799507692307692
0.065088
0.06529661538461538
0.06717415384615384
0.04965046153846154
0.026285538461538457
-0.007510153846153846
-0.03984553846153846
-0.053405538461538456
-0.06633969230769231
-0.078648
-0.08344615384615384
-0.0853236923076923
-0.07531015384615385
-0.06425353846153846
-0.06028984615384615
-0.05528307692307692
-0.054240000000000003
-0.04214030769230769
-0.01710646153846154
0.009596307692307692
0.03755076923076923
0.0609156923076923
0.08365476923076923
0.10848000000000001
0.12955015384615384
0.13935507692307691
0.12621230769230768
0.09429415384615383
0.052153846153846155
0.003129230769230769
-0.04965046153846154
-0.1045163076923077
-0.15938215384615384
-0.1842073846153846
-0.17002153846153847
-0.11849353846153846
-0.028163076923076923
0.06404492307692307
0.1506203076923077
0.22300984615384614
0.2618123076923077
0.2647329230769231
0.22634769230769228
0.14436184615384615
0.03379569230769231
-0.09012184615384615
-0.19860184615384616
-0.2737033846153846
-0.32001599999999997
-0.3252313846153846
-0.2860116923076923
-0.21070153846153844
-0.10409907692307692
0.014394461538461538
0.11411261538461538
0.184416
0.21800307692307694
0.21445661538461538
0.18337292307692307
0.11473846153846154
0.015646153846153844
-0.10180430769230768
-0.21028430769230766
-0.2780843076923077
-0.3062473846153846
-0.29581661538461534
-0.2572227692307692
-0.17961784615384613
-0.07551876923076924
0.03150092307692308
0.13518276923076925
0.20944984615384615
0.25284184615384614
0.26681907692307694
0.268488
0.2680707692307692
0.25200738461538463
0.21445661538461538
0.16188553846153847
0.10263876923076923
0.058412307692307694
0.03108369230769231
0.0035464615384615383
-0.013142769230769229
-0.03358707692307692
-0.042348923076923076
-0.031918153846153846
-0.011473846153846154
0.02586830769230769
0.05444861538461539
0.07280676923076923
0.08824430769230769
0.10076123076923077
0.11390399999999999
0.111192
0.08344615384615384
0.04380923076923077
-0.007301538461538462
-0.061124307692307686
-0.11870215384615385
-0.18212123076923076
-0.23886461538461537
-0.2780843076923077
-0.2776670769230769
-0.2436627692307692
-0.1712732307692308
-0.08010830769230769
0.002712
0.08323753846153846
0.14728246153846153
0.184416
0.18316430769230768
0.13330523076923076
0.05382276923076923
-0.030040615384615384
-0.10263876923076923
-0.15667015384615385
-0.18942276923076923
-0.19526400000000002
-0.1693956923076923
-0.10910584615384614
-0.02044430769230769
0.06946892307692307
0.14874276923076923
0.2073636923076923
0.23969907692307693
0.2480436923076923
0.22947692307692308
0.18629353846153843
0.12099692307692309
0.05382276923076923
-0.0043809230769230765
-0.043392
-0.04714707692307692
-0.02899753846153846
0.007510153846153846
0.06321046153846153
0.1314276923076923
0.20277415384615383
0.24908676923076922
0.2624381538461539
0.23177169230769232
0.16501476923076921
0.08386338461538462
-0.005424
-0.08198584615384615
-0.14290153846153844
-0.17294215384615383
-0.16835261538461538
-0.11599015384615384
-0.024616615384615383
0.07155507692307693
0.16751815384615384
0.23907323076923076
0.2906012307692308
0.3131316923076923
0.2926873846153846
0.235944
0.13497415384615385
0.018775384615384614
-0.09241661538461539
-0.18232984615384615
-0.22989415384615383
-0.24720923076923076
-0.22488738461538463
-0.16647507692307692
-0.08094276923076923
0.02899753846153846
0.1353913846153846
0.2273907692307692
0.27975323076923075
0.28955815384615385
0.26932246153846157
0.2125790769230769
0.13518276923076925
0.0446436923076923
-0.047981538461538464
-0.12433476923076923
-0.17648861538461538
-0.19881046153846152
-0.19588984615384614
-0.17648861538461538
-0.13518276923076925
-0.07885661538461539
-0.021278769230769233
0.03024923076923077
0.05674338461538461
0.06362769230769232
0.051319384615384614
0.02232184615384615
-0.009179076923076922
-0.05194523076923077
-0.0974233846153846
-0.1356
-0.17252492307692308
-0.19839323076923077
-0.2154996923076923
-0.22488738461538463
-0.22300984615384614
-0.20840676923076923
-0.17523692307692307
-0.13101046153846155
-0.08010830769230769
-0.027328615384615382
0.02044430769230769
0.07051199999999999
0.11077476923076923
0.13747753846153846
0.1558356923076923
0.15520984615384617
0.14311015384615386
0.12037107692307693
0.09012184615384615
0.05945538461538461
0.03337846153846154
0.010222153846153844
-0.012308307692307691
-0.016480615384615385
-0.005841230769230769
0.017523692307692306
0.05277969230769231
0.09700615384615385
0.14603076923076924
0.19213476923076922
0.23928184615384615
0.2689052307692308
0.27558092307692306
0.2586830769230769
0.214248
0.15103753846153847
0.07238953846153846
-0.014394461538461538
-0.092208
-0.14811692307692306
-0.17461107692307692
-0.17252492307692308
-0.14477907692307693
-0.0892873846153846
-0.016063384615384615
0.07218092307692307
0.15875630769230767
0.22488738461538463
0.25284184615384614
0.23656984615384613
0.19609846153846153
0.13706030769230768
0.06926030769230769
0.0014603076923076922
-0.06467076923076923
-0.11306953846153844
-0.14039815384615384
-0.14477907692307693
-0.12975876923076923
-0.10013538461538461
-0.06529661538461538
-0.03421292307692308
-0.003129230769230769
0.019192615384615384
0.024616615384615383
-0.010639384615384617
-0.059872615384615385
-0.11828492307692307
-0.15959076923076923
-0.18900553846153845
-0.20027076923076922
-0.173568
-0.14018953846153845
-0.05528307692307692
0.053614153846153846
0.2799618461538461
0.3648683076923077
0.31751261538461534
0.32314523076923074
0.21028430769230766
0.2008966153846154
0.06529661538461538
-0.16021661538461537
-0.32982092307692307
-0.531552
-0.47710338461538465
-0.39699507692307695
-0.2860116923076923
-0.15520984615384617
-0.07238953846153846
0.18775384615384613
0.3863556923076923
0.5670166153846153
0.6296012307692308
0.46083138461538464
0.33607938461538456
0.12662953846153846
-0.05173661538461538
-0.18399876923076922
-0.40992923076923077
-0.48398769230769234
-0.5645132307692308
-0.5851661538461538
-0.39866399999999996
-0.254928
-0.029623384615384614
0.14832553846153845
0.2261390769230769
0.3554806153846154
0.38426953846153844
0.4385095384615385
0.44998338461538456
0.3102110769230769
0.16334584615384617
0.004798153846153846
-0.05194523076923077
-0.06675692307692307
-0.16105107692307694
-0.23281476923076924
-0.314592
-0.314592
-0.21237046153846154
-0.16188553846153847
-0.09992676923076924
-0.06529661538461538
-0.032544
0.08866153846153846
0.14957723076923077
0.20047938461538461
0.2342750769230769
0.19296923076923078
0.21508246153846153
0.21612553846153845
0.1802436923076923
0.11828492307692307
-0.015854769230769228
-0.1356
-0.27140861538461536
-0.384060923076923
-0.4368406153846153
-0.45457292307692304
-0.40346215384615386
-0.3454670769230769
-0.22154953846153846
-0.00855323076923077
0.1800350769230769
0.37196123076923077
0.4887858461538461
0.5161144615384615
0.5063095384615385
0.40513107692307687
0.2887236923076923
0.10681107692307691
-0.12808984615384614
-0.29185292307692307
-0.4076344615384615
-0.4372578461538461
-0.41368430769230763
-0.3479704615384615
-0.18253846153846154
0.018983999999999997
0.22300984615384614
0.37008369230769234
0.4476886153846154
0.49629599999999996
0.4587452307692308
0.3573581538461538
0.2056947692307692
0.003129230769230769
-0.16042523076923076
-0.30061476923076924
-0.40325353846153844
-0.4080516923076923
-0.3734215384615384
-0.28246523076923075
-0.157296
-0.0448523076923077
0.10201292307692307
0.22447015384615385
0.30833353846153844
0.34358953846153845
0.2997803076923077
0.21737723076923077
0.09179076923076923
-0.024199384615384616
-0.10597661538461538
-0.1777403076923077
-0.21362215384615382
-0.22989415384615383
-0.18754523076923074
-0.0853236923076923
0.0077187692307692304
0.10868861538461538
0.1787833846153846
0.20319138461538463
0.23448369230769228
0.22634769230769228
0.17481969230769231
0.08720123076923077
-0.029832
-0.09095630769230768
-0.12496061538461539
-0.14206707692307693
-0.13852061538461538
-0.14749107692307692
-0.12454338461538461
-0.0880356923076923
-0.03567323076923076
0.024408000000000003
0.04568676923076923
0.06154153846153846
0.047772923076923074
0.021070153846153846
0.014185846153846153
-0.0070929230769230765
-0.0033378461538461535
0.0014603076923076922
-0.014603076923076923
-0.015228923076923076
-0.02086153846153846
-0.005424
0.01397723076923077
-0.014394461538461538
-0.037342153846153844
-0.042348923076923076
-0.03337846153846154
0.006675692307692307
0.03275261538461539
0.05674338461538461
0.08094276923076923
0.1028473846153846
0.1489513846153846
0.16772676923076923
0.17398523076923075
0.16021661538461537
0.11223507692307692
0.073224
0.013351384615384614
-0.03984553846153846
-0.08386338461538462
-0.12433476923076923
-0.12725538461538463
-0.1289243076923077
-0.11098338461538461
-0.049233230769230765
0.024199384615384616
0.10389046153846154
0.16730953846153845
0.22321846153846153
0.27975323076923075
0.29331323076923077
0.2670276923076923
0.2056947692307692
0.11327815384615383
0.013560000000000001
-0.0717636923076923
-0.12037107692307693
-0.1435273846153846
-0.1504116923076923
-0.12370892307692308
-0.06529661538461538
0.011056615384615385
0.08094276923076923
0.13080184615384613
0.1704387692307692
0.16856123076923077
0.13038461538461538
0.07364123076923076
-0.005215384615384615
-0.07843938461538462
-0.13601723076923075
-0.17169046153846151
-0.1858763076923077
-0.17252492307692308
-0.12704676923076924
-0.07384984615384615
-0.016272
0.03421292307692308
0.0678
0.0853236923076923
0.07677046153846154
0.056951999999999996
0.021278769230769233
-0.03379569230769231
-0.07927384615384615
-0.10201292307692307
-0.09325107692307691
-0.0609156923076923
-0.025033846153846153
0.021070153846153846
0.07843938461538462
0.14060676923076923
0.19755876923076923
0.2288510769230769
0.2238443076923077
0.18399876923076922
0.12099692307692309
0.05382276923076923
-0.00855323076923077
-0.06592246153846154
-0.11348676923076922
-0.14749107692307692
-0.14978584615384616
-0.11682461538461539
-0.05486584615384615
0.01814953846153846
0.07134646153846153
0.10389046153846154
0.12329169230769231
0.12642092307692307
0.10535076923076922
0.06592246153846154
0.005632615384615384
-0.0771876923076923
-0.15896492307692306
-0.21508246153846153
-0.24345415384615382
-0.249504
-0.23281476923076924
-0.1860849230769231
-0.11244369230769231
-0.021696
0.07072061538461538
0.14394461538461537
0.20047938461538461
0.23385784615384617
0.2478350769230769
0.23969907692307693
0.20423446153846153
0.14665661538461539
0.06946892307692307
-0.0016689230769230767
-0.06362769230769232
-0.10722830769230769
-0.127464
-0.12913292307692306
-0.10764553846153846
-0.06675692307692307
-0.010848
0.05653476923076922
0.11640738461538462
0.15667015384615385
0.18086953846153844
0.1860849230769231
0.17398523076923075
0.14060676923076923
0.0961716923076923
0.04401784615384615
-0.006258461538461538
-0.03567323076923076
-0.053614153846153846
-0.059038153846153844
-0.05674338461538461
-0.05382276923076923
-0.03629907692307692
-0.004798153846153846
0.03483876923076923
0.078648
0.103056
0.11411261538461538
0.11181784615384616
0.09012184615384615
0.06717415384615384
0.02858030769230769
-0.014185846153846153
-0.04985907692307692
-0.07092923076923077
-0.05820369230769231
-0.037342153846153844
-0.012308307692307691
0.013351384615384614
0.032544
0.05611753846153846
0.07072061538461538
0.061124307692307686
0.018358153846153843
-0.04109723076923077
-0.09137353846153846
-0.127464
-0.1476996923076923
-0.15270646153846154
-0.14978584615384616
-0.12725538461538463
-0.08302892307692307
-0.021904615384615383
0.05111076923076923
0.10639384615384614
0.1504116923076923
0.17690584615384616
0.18086953846153844
0.15813046153846153
0.10201292307692307
0.03108369230769231
-0.05194523076923077
-0.11849353846153846
-0.1585476923076923
-0.1792006153846154
-0.16981292307692308
-0.14144123076923076
-0.0936683076923077
-0.027120000000000002
0.04401784615384615
0.11557292307692307
0.1666836923076923
0.1867107692307692
0.18879692307692306
0.17002153846153847
0.14561353846153846
0.11911938461538461
0.07614461538461538
0.021487384615384613
-0.034630153846153845
-0.07426707692307692
-0.10389046153846154
-0.12725538461538463
-0.1506203076923077
-0.1696043076923077
-0.16584923076923075
-0.1424843076923077
-0.10660246153846153
-0.06988615384615385
-0.03296123076923077
0.012308307692307691
0.07113784615384615
0.12996738461538462
0.18170399999999998
0.21612553846153845
0.22321846153846153
0.21654276923076923
0.1867107692307692
0.1341396923076923
0.05924676923076923
-0.03775938461538462
-0.124752
-0.19046584615384615
-0.22551323076923077
-0.22029784615384615
-0.18921415384615384
-0.13309661538461537
-0.065088
0.013768615384615384
0.09763200000000001
0.15938215384615384
0.19735015384615384
0.19985353846153847
0.1760713846153846
0.13789476923076924
0.08365476923076923
0.024616615384615383
-0.046104
-0.11599015384615384
-0.1666836923076923
-0.1990190769230769
-0.21070153846153844
-0.20965846153846154
-0.20193969230769232
-0.17815753846153848
-0.13643446153846153
-0.07635323076923077
-0.0077187692307692304
0.054657230769230764
0.10660246153846153
0.1424843076923077
0.17023015384615386
0.18483323076923078
0.17502830769230768
0.1368516923076923
0.07426707692307692
0.0077187692307692304
-0.052571076923076915
-0.10117846153846152
-0.1353913846153846
-0.1666836923076923
-0.1908830769230769
-0.19881046153846152
-0.1783661538461538
-0.13351384615384615
-0.0897046153846154
-0.04631261538461538
-0.0070929230769230765
0.03233538461538461
0.08240307692307691
0.13852061538461538
0.1846246153846154
0.20027076923076922
0.19630707692307692
0.1775316923076923
0.1476996923076923
0.10743692307692307
0.04965046153846154
-0.016897846153846156
-0.078648
-0.11265230769230769
-0.11035753846153845
-0.08720123076923077
-0.05382276923076923
-0.01043076923076923
0.05528307692307692
0.13372246153846154
0.20527753846153846
0.25555384615384613
0.2666104615384615
0.24908676923076922
0.20339999999999997
0.1462393846153846
0.0826116923076923
0.008136
-0.061124307692307686
-0.132888
-0.18858830769230767
-0.21341353846153846
-0.21842030769230766
-0.19881046153846152
-0.1691870769230769
-0.13601723076923075
-0.08740984615384616
-0.03421292307692308
0.01940123076923077
0.05048492307692308
0.05799507692307692
0.06383630769230769
0.04985907692307692
0.018358153846153843
-0.021696
-0.07656184615384615
-0.13893784615384613
-0.17377661538461536
-0.20110523076923076
-0.20465169230769228
-0.1804523076923077
-0.15166338461538462
-0.07697907692307693
-0.02232184615384615
0.13372246153846154
0.2374043076923077
0.18399876923076922
0.19818461538461538
0.13622584615384614
0.13330523076923076
0.10660246153846153
-0.026702769230769228
-0.1314276923076923
-0.2872633846153846
-0.2703655384615385
-0.20152246153846154
-0.14290153846153844
-0.05820369230769231
-0.052153846153846155
0.08219446153846154
0.21758584615384616
0.3248141538461538
0.40450523076923073
0.287472
0.1858763076923077
0.07760492307692309
-0.046104
-0.10368184615384615
-0.2415766153846154
-0.3062473846153846
-0.3225193846153846
-0.33941723076923075
-0.18379015384615385
-0.03233538461538461
0.12955015384615384
0.28955815384615385
0.3421292307692308
0.4042966153846154
0.39595199999999997
0.3594443076923077
0.3127144615384615
0.1666836923076923
0.019192615384615384
-0.11432123076923076
-0.18337292307692307
-0.1706473846153846
-0.18712800000000002
-0.18212123076923076
-0.17169046153846151
-0.12558646153846154
0.016063384615384615
0.10535076923076922
0.17085599999999998
0.21862892307692305
0.23093723076923076
0.2981113846153846
0.3327415384615385
0.3279433846153846
0.31000246153846156
0.22154953846153846
0.15646153846153846
0.11265230769230769
0.06028984615384615
0.01710646153846154
-0.06926030769230769
-0.12662953846153846
-0.15604430769230768
-0.16501476923076921
-0.12913292307692306
-0.08761846153846153
0.007301538461538462
0.09241661538461539
0.16876984615384616
0.2862203076923077
0.34275507692307694
0.36027876923076924
0.33566215384615383
0.25012984615384615
0.17273353846153844
0.06362769230769232
-0.05590892307692308
-0.16418030769230768
-0.2814221538461538
-0.3239796923076923
-0.314592
-0.27620676923076926
-0.19004861538461537
-0.10827138461538462
0.0050067692307692304
0.12788123076923075
0.21633415384615384
0.26765353846153844
0.2482523076923077
0.21800307692307694
0.165432
0.07364123076923076
-0.01668923076923077
-0.14436184615384615
-0.24512307692307692
-0.2868461538461538
-0.30249230769230767
-0.2399076923076923
-0.15291507692307693
-0.06341907692307691
0.048816000000000005
0.1218313846153846
0.19317784615384614
0.2591003076923077
0.2776670769230769
0.26494153846153845
0.2056947692307692
0.14269292307692305
0.07384984615384615
-0.0012516923076923076
-0.051528
-0.1136953846153846
-0.15479261538461536
-0.1800350769230769
-0.18796246153846152
-0.15604430769230768
-0.13935507692307691
-0.111192
-0.06905169230769231
-0.04276615384615385
0.008761846153846153
0.058412307692307694
0.08386338461538462
0.0897046153846154
0.05924676923076923
0.0446436923076923
0.04735569230769231
0.03609046153846154
0.018358153846153843
-0.024199384615384616
-0.05945538461538461
-0.07551876923076924
-0.0826116923076923
-0.07259815384615384
-0.084072
-0.08511507692307693
-0.07301538461538462
-0.05403138461538461
-0.0033378461538461535
0.028163076923076923
0.06446215384615385
0.10430769230769231
0.124752
0.16000799999999998
0.17481969230769231
0.17565415384615385
0.17231630769230769
0.12099692307692309
0.06926030769230769
0.026702769230769228
-0.01710646153846154
-0.04130584615384615
-0.06529661538461538
-0.07405846153846153
-0.07426707692307692
-0.05778646153846154
-0.009596307692307692
0.02524246153846154
0.05799507692307692
0.08177723076923075
0.09012184615384615
0.10910584615384614
0.10263876923076923
0.08761846153846153
0.07238953846153846
0.04631261538461538
0.04109723076923077
0.030875076923076922
0.02586830769230769
0.041514461538461535
0.047772923076923074
0.058412307692307694
0.05945538461538461
0.051319384615384614
0.05319692307692307
0.042974769230769226
0.03337846153846154
0.023364923076923075
0.012099692307692308
0.011265230769230769
0.012308307692307691
0.04088861538461538
0.0678
0.08073415384615384
0.10681107692307691
0.11181784615384616
0.10326461538461539
0.0771876923076923
0.025033846153846153
-0.014603076923076923
-0.06341907692307691
-0.11891076923076922
-0.16021661538461537
-0.19588984615384614
-0.20506892307692307
-0.19317784615384614
-0.1585476923076923
-0.09596307692307693
-0.03400430769230769
0.035464615384615386
0.09804923076923076
0.1341396923076923
0.14999446153846155
0.13706030769230768
0.10159569230769232
0.04985907692307692
-0.016272
-0.0934596923076923
-0.1860849230769231
-0.2632726153846154
-0.2993630769230769
-0.3016578461538461
-0.2618123076923077
-0.20652923076923077
-0.14185846153846154
-0.052571076923076915
0.04714707692307692
0.14603076923076924
0.21612553846153845
0.23364923076923078
0.21049292307692305
0.1612596923076923
0.08574092307692306
0.0029206153846153843
-0.08073415384615384
-0.16084246153846155
-0.21800307692307694
-0.24720923076923076
-0.23782153846153845
-0.20027076923076922
-0.1476996923076923
-0.08636676923076922
-0.030875076923076922
0.02899753846153846
0.08991323076923076
0.13706030769230768
0.16021661538461537
0.14603076923076924
0.1028473846153846
0.04214030769230769
-0.01710646153846154
-0.06446215384615385
-0.11223507692307692
-0.16167692307692308
-0.19588984615384614
-0.20277415384615383
-0.19004861538461537
-0.16605784615384614
-0.13789476923076924
-0.10222153846153846
-0.05778646153846154
-0.0070929230769230765
0.048816000000000005
0.09137353846153846
0.11244369230769231
0.10535076923076922
0.09471138461538461
0.08010830769230769
0.04130584615384615
-0.00855323076923077
-0.0771876923076923
-0.13455692307692307
-0.1635544615384615
-0.1733593846153846
-0.14436184615384615
-0.086784
-0.017523692307692306
0.061124307692307686
0.14686523076923075
0.24282830769230768
0.31855569230769226
0.3467187692307692
0.3415033846153846
0.29602523076923076
0.23448369230769228
0.15479261538461536
0.04860738461538461
-0.04672984615384615
-0.1356
-0.1881710769230769
-0.18983999999999998
-0.15562707692307692
-0.0880356923076923
-0.02211323076923077
0.04318338461538461
0.1178676923076923
0.17231630769230769
0.20819815384615384
0.208824
0.16647507692307692
0.1097316923076923
0.03880246153846154
-0.027120000000000002
-0.084072
-0.1368516923076923
-0.165432
-0.1710646153846154
-0.15082892307692305
-0.10159569230769232
-0.02795446153846154
0.04860738461538461
0.09533723076923077
0.12600369230769232
0.14686523076923075
0.14331876923076922
0.1151556923076923
0.06759138461538462
0.019609846153846155
-0.02211323076923077
-0.04985907692307692
-0.05111076923076923
-0.04047138461538462
-0.02795446153846154
-0.01272553846153846
0.004798153846153846
0.030040615384615384
0.04965046153846154
0.05611753846153846
0.052571076923076915
0.054240000000000003
0.059664
0.056951999999999996
0.054657230769230764
0.042974769230769226
0.03233538461538461
0.022530461538461537
0.006884307692307692
-0.016897846153846156
-0.052153846153846155
-0.08845292307692308
-0.11974523076923077
-0.132888
-0.13226215384615383
-0.12391753846153845
-0.10660246153846153
-0.07030338461538461
-0.017523692307692306
0.03880246153846154
0.08448923076923077
0.116616
0.12516923076923075
0.10096984615384616
0.06425353846153846
0.013560000000000001
-0.03567323076923076
-0.0892873846153846
-0.13455692307692307
-0.1489513846153846
-0.13852061538461538
-0.09283384615384616
-0.029414769230769227
0.05090215384615384
0.13455692307692307
0.21195323076923075
0.28204799999999997
0.3214763076923077
0.32543999999999995
0.2701569230769231
0.1721076923076923
0.07030338461538461
-0.040054153846153843
-0.1422756923076923
-0.22029784615384615
-0.2632726153846154
-0.24887815384615386
-0.19192615384615386
-0.10076123076923077
0.023990769230769232
0.14999446153846155
0.2620209230769231
0.3467187692307692
0.3919883076923077
0.38301784615384615
0.3102110769230769
0.19296923076923078
0.05090215384615384
-0.09700615384615385
-0.233232
-0.3277347692307692
-0.37300430769230764
-0.3707095384615384
-0.3141747692307692
-0.21111876923076925
-0.0771876923076923
0.05924676923076923
0.1794092307692308
0.25930892307692305
0.3016578461538461
0.30249230769230767
0.24616615384615384
0.15354092307692307
0.03609046153846154
-0.07280676923076923
-0.15166338461538462
-0.20506892307692307
-0.22154953846153846
-0.20965846153846154
-0.19004861538461537
-0.14936861538461538
-0.09095630769230768
-0.025033846153846153
0.04652123076923077
0.09658892307692307
0.1353913846153846
0.15938215384615384
0.16334584615384617
0.1639716923076923
0.15187199999999998
0.13768615384615385
0.12350030769230769
0.11432123076923076
0.1178676923076923
0.11828492307692307
0.11807630769230769
0.11473846153846154
0.09992676923076924
0.08657538461538461
0.07009476923076922
0.05048492307692308
0.02753723076923077
0.0018775384615384615
-0.0018775384615384615
0.013142769230769229
0.05862092307692307
0.12245723076923076
0.18086953846153844
0.23823876923076923
0.27975323076923075
0.2997803076923077
0.2828824615384615
0.21988061538461537
0.13267938461538462
0.029414769230769227
-0.06800861538461538
-0.13184492307692308
-0.1867107692307692
-0.21800307692307694
-0.21466523076923077
-0.1792006153846154
-0.0988836923076923
0.003755076923076923
0.10743692307692307
0.19317784615384614
0.2374043076923077
0.23281476923076924
0.18545907692307692
0.07551876923076924
-0.07343261538461537
-0.2703655384615385
-0.3978295384615384
-0.4151446153846154
-0.37091815384615384
-0.1792006153846154
0.006049846153846154
0.23531815384615382
0.48064984615384615
0.6723673846153846
0.8292461538461539
0.8031692307692307
0.6779999999999999
0.42724430769230765
0.132888
-0.14331876923076922
-0.4147273846153846
-0.6043587692307693
-0.7491378461538462
-0.7654098461538462
-0.6500455384615383
-0.44038707692307694
-0.14331876923076922
0.1341396923076923
0.35193415384615384
0.5023458461538461
0.5309261538461538
0.4750172307692308
0.34588430769230766
0.09033046153846153
-0.17961784615384613
-0.4180652307692308
-0.56952
-0.5592978461538461
-0.4587452307692308
-0.2782929230769231
-0.08302892307692307
0.08010830769230769
0.21925476923076925
0.3035353846153846
0.30332676923076923
0.22572184615384616
0.09429415384615383
-0.026911384615384615
-0.08365476923076923
-0.09387692307692307
-0.06613107692307692
-0.0448523076923077
-0.03212676923076923
-0.02753723076923077
-0.03588184615384615
-0.04735569230769231
-0.08365476923076923
-0.12224861538461537
-0.16063384615384615
-0.21216184615384615
-0.24199384615384617
-0.2666104615384615
-0.27474646153846155
-0.24992123076923078
-0.20819815384615384
-0.11202646153846153
0.023990769230769232
0.17398523076923075
0.3133403076923077
0.40450523076923073
0.409512
0.3269003076923077
0.1869193846153846
-0.015228923076923076
-0.23448369230769228
-0.4170221538461538
-0.5401052307692308
-0.5455292307692308
-0.43642338461538455
-0.25471938461538457
-0.020652923076923076
0.20778092307692309
0.4128498461538462
0.5634701538461538
0.5922590769230769
0.5184092307692307
0.3692492307692308
0.1718990769230769
-0.033169846153846154
-0.2275993846153846
-0.3907366153846154
-0.4948356923076923
-0.5192436923076923
-0.47063630769230763
-0.3713353846153846
-0.23406646153846156
-0.06738276923076922
0.09930092307692308
0.254928
0.37050092307692306
0.42599261538461536
0.42182030769230766
0.32898646153846156
0.19651569230769228
0.047981538461538464
-0.10576799999999999
-0.208824
-0.2707827692307692
-0.27182584615384614
-0.20152246153846154
-0.07948246153846153
0.08115138461538463
0.23218892307692307
0.3342018461538461
0.37550769230769226
0.3623649230769231
0.3035353846153846
0.21737723076923077
0.116616
0.0016689230769230767
-0.0961716923076923
-0.1656406153846154
-0.20193969230769232
-0.18232984615384615
-0.13080184615384613
-0.06738276923076922
0.009596307692307692
0.08636676923076922
0.15228923076923076
0.19568123076923075
0.1923433846153846
0.143736
0.06321046153846153
-0.02586830769230769
-0.111192
-0.1908830769230769
-0.25117292307692307
-0.2789187692307692
-0.25659692307692306
-0.20319138461538463
-0.12162276923076921
-0.009387692307692307
0.08699261538461538
0.15750461538461538
0.19797599999999999
0.19568123076923075
0.16480615384615382
0.09950953846153845
0.003755076923076923
-0.09408553846153846
-0.19672430769230767
-0.27787569230769227
-0.3141747692307692
-0.3239796923076923
-0.29101846153846156
-0.22676492307692306
-0.14811692307692306
-0.05486584615384615
0.027120000000000002
0.086784
0.12704676923076924
0.138312
0.14206707692307693
0.13372246153846154
0.09825784615384614
0.05048492307692308
-0.006467076923076923
-0.047772923076923074
-0.09095630769230768
-0.1287156923076923
-0.15667015384615385
-0.18232984615384615
-0.1794092307692308
-0.16418030769230768
-0.13038461538461538
-0.07426707692307692
-0.0018775384615384615
0.092208
0.19651569230769228
0.29644246153846154
0.3790541538461539
0.43245969230769227
0.443724923076923
0.4239064615384615
0.376968
0.2966510769230769
0.19463815384615382
0.07280676923076923
-0.04735569230769231
-0.14686523076923075
-0.22300984615384614
-0.26619323076923074
-0.2655673846153846
-0.2225926153846154
-0.14164984615384615
-0.015437538461538461
0.12496061538461539
0.25534523076923077
0.35193415384615384
0.39344861538461534
0.38280923076923074
0.3156350769230769
0.21195323076923075
0.08615815384615384
-0.05403138461538461
-0.19380369230769232
-0.3095852307692307
-0.3684147692307692
-0.36966646153846155
-0.31104553846153843
-0.20798953846153845
-0.09471138461538461
0.03755076923076923
0.1710646153846154
0.2764153846153846
0.35047384615384614
0.36215630769230767
0.32564861538461537
0.25659692307692306
0.15291507692307693
0.04819015384615385
-0.0717636923076923
-0.18900553846153845
-0.2695310769230769
-0.3077076923076923
-0.2897667692307692
-0.23531815384615382
-0.1597993846153846
-0.0771876923076923
-0.004172307692307692
0.06717415384615384
0.13622584615384614
0.184416
0.20298276923076922
0.18212123076923076
0.1397723076923077
0.0936683076923077
0.04047138461538462
0.0
-0.040054153846153843
-0.07113784615384615
-0.07572738461538461
-0.061124307692307686
-0.015228923076923076
0.03275261538461539
0.058829538461538454
0.0717636923076923
0.07134646153846153
0.07468430769230769
0.08469784615384615
0.08240307692307691
0.06654830769230768
0.04318338461538461
0.03045784615384615
0.028163076923076923
0.02858030769230769
0.029623384615384614
0.02023569230769231
0.009387692307692307
0.002086153846153846
-0.0025033846153846152
-0.003129230769230769
-0.007927384615384614
-0.015228923076923076
-0.015854769230769228
-0.016897846153846156
-0.011682461538461537
-0.011891076923076923
-0.014603076923076923
-0.0006258461538461538
0.017940923076923077
0.04193169230769231
0.06800861538461538
0.0892873846153846
0.09471138461538461
0.0963803076923077
0.0963803076923077
0.08991323076923076
0.08574092307692306
0.07635323076923077
0.06425353846153846
0.05757784615384615
0.06362769230769232
0.07593599999999999
0.08740984615384616
0.08845292307692308
0.0771876923076923
0.05528307692307692
0.027120000000000002
-0.006258461538461538
-0.04860738461538461
-0.09199938461538461
-0.127464
-0.13872923076923074
-0.13205353846153844
-0.11202646153846153
-0.08574092307692306
-0.06842584615384616
-0.04318338461538461
-0.010013538461538461
0.018983999999999997
0.03755076923076923
0.03358707692307692
0.012099692307692308
-0.018983999999999997
-0.05236246153846154
-0.07843938461538462
-0.1070196923076923
-0.13664307692307692
-0.15625292307692307
-0.1639716923076923
-0.1506203076923077
-0.12934153846153845
-0.0963803076923077
-0.05382276923076923
-0.008344615384615384
0.05069353846153846
0.1097316923076923
0.16000799999999998
0.17982646153846152
0.1666836923076923
0.13852061538461538
0.09971815384615385
0.06133292307692308
0.011473846153846154
-0.05048492307692308
-0.10806276923076923
-0.15520984615384617
-0.1800350769230769
-0.1794092307692308
-0.15416676923076922
-0.11181784615384616
-0.06258461538461538
0.003963692307692307
0.08010830769230769
0.1422756923076923
0.1775316923076923
0.17315076923076922
0.14457046153846154
0.10618523076923077
0.058412307692307694
0.008136
-0.041514461538461535
-0.08115138461538463
-0.10743692307692307
-0.10514215384615383
-0.07927384615384615
-0.049233230769230765
-0.022947692307692308
-0.0022947692307692304
0.024408000000000003
0.05674338461538461
0.09471138461538461
0.12558646153846154
0.14457046153846154
0.15124615384615384
0.14811692307692306
0.14540492307692307
0.13434830769230768
0.1045163076923077
0.049233230769230765
-0.004589538461538461
-0.05173661538461538
-0.08949599999999999
-0.11327815384615383
-0.14290153846153844
-0.16313723076923078
-0.16584923076923075
-0.14164984615384615
-0.09053907692307692
-0.030875076923076922
0.032544
0.0936683076923077
0.14874276923076923
0.19818461538461538
0.2275993846153846
0.22175815384615383
0.1846246153846154
0.13393107692307693
0.08761846153846153
0.041514461538461535
-0.009387692307692307
-0.05862092307692307
-0.10430769230769231
-0.13309661538461537
-0.11974523076923077
-0.06926030769230769
-0.0006258461538461538
0.0609156923076923
0.10952307692307692
0.143736
0.1558356923076923
0.14916
0.1151556923076923
0.055491692307692304
-0.016063384615384615
-0.07948246153846153
-0.1289243076923077
-0.16772676923076923
-0.19755876923076923
-0.21091015384615383
-0.21091015384615383
-0.1883796923076923
-0.14164984615384615
-0.09909230769230769
-0.06529661538461538
-0.042348923076923076
-0.009596307692307692
0.031709538461538456
0.07969107692307692
0.12850707692307692
0.14832553846153845
0.1543753846153846
0.14832553846153845
0.14123261538461537
0.13038461538461538
0.09450276923076922
0.03984553846153846
-0.015437538461538461
-0.05924676923076923
-0.09554584615384615
-0.11619876923076923
-0.12621230769230768
-0.12934153846153845
-0.10263876923076923
-0.04214030769230769
0.0448523076923077
0.13518276923076925
0.1927606153846154
0.22989415384615383
0.249504
0.25138153846153843
0.23949046153846154
0.18796246153846152
0.11348676923076922
0.022530461538461537
-0.08761846153846153
-0.1760713846153846
-0.2436627692307692
-0.2870547692307692
-0.287472
-0.2557624615384615
-0.16626646153846153
-0.033169846153846154
0.11098338461538461
0.25346769230769234
0.3548547692307692
0.41535323076923075
0.4318338461538461
0.3896935384615384
0.28768061538461537
0.12537784615384615
-0.05444861538461539
-0.21988061538461537
-0.35256
-0.41431015384615383
-0.4186910769230769
-0.3815575384615385
-0.2822566153846154
-0.16730953846153845
-0.05277969230769231
0.08386338461538462
0.18858830769230767
0.27975323076923075
0.3379569230769231
0.35986153846153845
0.3682061538461538
0.3275261538461538
0.2705741538461538
0.14749107692307692
-0.011473846153846154
-0.15291507692307693
-0.24887815384615386
-0.31834707692307695
-0.3896935384615384
-0.3957433846153846
-0.3584012307692308
-0.2497126153846154
-0.11098338461538461
0.016897846153846156
0.12496061538461539
0.20339999999999997
0.28809784615384615
0.34317230769230767
0.36257353846153845
0.2924787692307692
0.18170399999999998
0.08657538461538461
-0.023782153846153845
-0.0988836923076923
-0.19505538461538463
-0.28434276923076923
-0.31772123076923076
-0.33378461538461535
-0.28663753846153844
-0.214248
-0.13768615384615385
-0.025033846153846153
0.07843938461538462
0.1696043076923077
0.235944
0.25847446153846154
0.2641070769230769
0.2369870769230769
0.19213476923076922
0.12558646153846154
0.05173661538461538
-0.004172307692307692
-0.07364123076923076
-0.13893784615384613
-0.20277415384615383
-0.23218892307692307
-0.19025723076923076
-0.11557292307692307
-0.017940923076923077
0.07677046153846154
0.15938215384615384
0.2517987692307692
0.330864
0.3648683076923077
0.3600701538461538
0.3246055384615385
0.2651501538461538
0.20381723076923075
0.12975876923076923
0.03942830769230769
-0.05403138461538461
-0.13226215384615383
-0.16856123076923077
-0.1804523076923077
-0.16605784615384614
-0.13393107692307693
-0.07218092307692307
0.016897846153846156
0.09429415384615383
0.1779489230769231
0.22467876923076924
0.238656
0.22321846153846153
0.14394461538461537
0.05611753846153846
-0.03859384615384615
-0.13706030769230768
-0.21132738461538458
-0.26640184615384616
-0.28893230769230765
-0.273912
-0.21612553846153845
-0.13393107692307693
-0.05173661538461538
0.03609046153846154
0.11974523076923077
0.20173107692307693
0.25659692307692306
0.26076923076923075
0.23469230769230767
0.1800350769230769
0.11181784615384616
0.04109723076923077
-0.05570030769230769
-0.15187199999999998
-0.22175815384615383
-0.2709913846153846
-0.2768326153846154
-0.25388492307692306
-0.20673784615384616
-0.127464
-0.03421292307692308
0.06905169230769231
0.1666836923076923
0.23656984615384613
0.26786215384615386
0.260352
0.22405292307692307
0.168144
0.10159569230769232
0.01814953846153846
-0.07364123076923076
-0.14853415384615384
-0.20694646153846152
-0.2422024615384615
-0.24324553846153843
-0.21299630769230768
-0.14916
-0.05945538461538461
0.032544
0.12037107692307693
0.1910916923076923
0.2342750769230769
0.24470584615384613
0.2138307692307692
0.16438892307692307
0.10743692307692307
0.034630153846153845
-0.05799507692307692
-0.15374953846153847
-0.22718215384615387
-0.27286892307692306
-0.28100492307692304
-0.26076923076923075
-0.23218892307692307
-0.18629353846153843
-0.12350030769230769
-0.05444861538461539
0.020652923076923076
0.08094276923076923
0.130176
0.18086953846153844
0.19797599999999999
0.1910916923076923
0.1543753846153846
0.08177723076923075
0.009596307692307692
-0.06279323076923077
-0.11244369230769231
-0.14060676923076923
-0.15771323076923077
-0.1489513846153846
-0.12579507692307693
-0.09471138461538461
-0.051528
-0.0002086153846153846
0.05069353846153846
0.0961716923076923
0.12350030769230769
0.130176
0.12016246153846154
0.09909230769230769
0.059872615384615385
0.0029206153846153843
-0.051528
-0.09846646153846153
-0.12162276923076921
-0.13747753846153846
-0.14394461538461537
-0.1287156923076923
-0.09909230769230769
-0.043600615384615383
0.02023569230769231
0.078648
0.11703323076923078
0.1424843076923077
0.15917353846153848
0.15208061538461537
0.13080184615384613
0.08866153846153846
0.051528
0.023990769230769232
-0.005215384615384615
-0.019609846153846155
-0.03108369230769231
-0.03150092307692308
-0.012308307692307691
0.014185846153846153
0.05444861538461539
0.09429415384615383
0.11432123076923076
0.12579507692307693
0.12433476923076923
0.11327815384615383
0.09971815384615385
0.07405846153846153
0.051528
0.02795446153846154
-0.003963692307692307
-0.029414769230769227
-0.05048492307692308
-0.05590892307692308
-0.053614153846153846
-0.05298830769230769
-0.03275261538461539
-0.008970461538461538
0.015020307692307692
0.03880246153846154
0.04172307692307692
0.03692492307692308
0.018983999999999997
-0.003963692307692307
-0.02023569230769231
-0.042348923076923076
-0.06049846153846154
-0.07489292307692308
-0.07656184615384615
-0.05945538461538461
-0.03942830769230769
-0.02232184615384615
-0.008970461538461538
0.004589538461538461
0.021278769230769233
0.035464615384615386
0.03901107692307692
0.03671630769230769
0.02586830769230769
0.007510153846153846
-0.009804923076923077
-0.031918153846153846
-0.056326153846153845
-0.0855323076923077
-0.10722830769230769
-0.11870215384615385
-0.12016246153846154
-0.10576799999999999
-0.08636676923076922
-0.06049846153846154
-0.02899753846153846
0.00855323076923077
0.04547815384615384
0.07405846153846153
0.08907876923076924
0.09867507692307692
0.09867507692307692
0.09596307692307693
0.08636676923076922
0.06216738461538462
0.040262769230769234
0.013560000000000001
-0.003129230769230769
-0.011265230769230769
-0.015646153846153844
-0.015854769230769228
-0.016480615384615385
-0.001043076923076923
0.022530461538461537
0.04693846153846153
0.07092923076923077
0.07969107692307692
0.08448923076923077
0.08845292307692308
0.08594953846153845
0.07614461538461538
0.05778646153846154
0.024616615384615383
-0.016480615384615385
-0.04631261538461538
-0.07489292307692308
-0.09283384615384616
-0.10430769230769231
-0.10764553846153846
-0.09554584615384615
-0.073224
-0.041514461538461535
-0.013142769230769229
0.017315076923076923
0.04318338461538461
0.06905169230769231
0.09325107692307691
0.11056615384615384
0.12287446153846153
0.11807630769230769
0.10722830769230769
0.09179076923076923
0.08365476923076923
0.06905169230769231
0.03859384615384615
-0.0008344615384615384
-0.040054153846153843
-0.058829538461538454
-0.06383630769230769
-0.051528
-0.03692492307692308
-0.015020307692307692
0.021278769230769233
0.07009476923076922
0.12558646153846154
0.16584923076923075
0.19067446153846154
0.1883796923076923
0.16876984615384616
0.12996738461538462
0.07781353846153846
0.011473846153846154
-0.07364123076923076
-0.15270646153846154
-0.2194633846153846
-0.2526332307692308
-0.2526332307692308
-0.22551323076923077
-0.1712732307692308
-0.09179076923076923
0.006258461538461538
0.11578153846153846
0.2221753846153846
0.29748553846153847
0.33566215384615383
0.3314898461538462
0.29227015384615385
0.2221753846153846
0.12204
-0.003129230769230769
-0.13330523076923076
-0.23803015384615384
-0.2966510769230769
-0.31000246153846156
-0.28768061538461537
-0.22447015384615385
-0.13747753846153846
-0.024408000000000003
0.103056
0.21466523076923077
0.2914356923076923
0.31188
0.29352184615384613
0.24032492307692307
0.16313723076923078
0.07092923076923077
-0.03483876923076923
-0.13038461538461538
-0.20632061538461538
-0.24700061538461537
-0.2532590769230769
-0.23761292307692305
-0.20193969230769232
-0.15228923076923076
-0.09471138461538461
-0.01981846153846154
0.05590892307692308
0.10743692307692307
0.14060676923076923
0.15792184615384616
0.16584923076923075
0.16063384615384615
0.14290153846153844
0.10722830769230769
0.04819015384615385
-0.011891076923076923
-0.059038153846153844
-0.08469784615384615
-0.09450276923076922
-0.0988836923076923
-0.09784061538461537
-0.08031692307692308
-0.042974769230769226
0.005424
0.045895384615384616
0.06863446153846153
0.08949599999999999
0.11035753846153845
0.12850707692307692
0.13247076923076923
0.11473846153846154
0.08511507692307693
0.0446436923076923
0.008344615384615384
-0.018358153846153843
-0.03859384615384615
-0.051528
-0.06279323076923077
-0.05653476923076922
-0.02524246153846154
0.020652923076923076
0.06926030769230769
0.10889723076923077
0.13935507692307691
0.1597993846153846
0.17023015384615386
0.17002153846153847
0.1489513846153846
0.1136953846153846
0.07155507692307693
0.03567323076923076
0.015854769230769228
0.008344615384615384
-0.0014603076923076922
-0.021487384615384613
-0.03233538461538461
-0.043600615384615383
-0.05069353846153846
-0.06383630769230769
-0.09784061538461537
-0.13038461538461538
-0.15896492307692306
-0.16292861538461537
-0.14457046153846154
-0.10535076923076922
-0.05736923076923077
-0.02044430769230769
0.016480615384615385
0.04193169230769231
0.05277969230769231
0.03650769230769231
-0.003129230769230769
-0.04944184615384615
-0.09554584615384615
-0.12412615384615384
-0.12850707692307692
-0.1097316923076923
-0.0771876923076923
-0.03024923076923077
0.03650769230769231
0.10827138461538462
0.16772676923076923
0.20027076923076922
0.20506892307692307
0.1858763076923077
0.1506203076923077
0.10263876923076923
0.034630153846153845
-0.034630153846153845
-0.0963803076923077
-0.13768615384615385
-0.1462393846153846
-0.13059323076923077
-0.09408553846153846
-0.04631261538461538
0.014185846153846153
0.07823076923076923
0.12224861538461537
0.13476553846153844
0.11432123076923076
0.07051199999999999
0.0077187692307692304
-0.056951999999999996
-0.1151556923076923
-0.16876984615384616
-0.23198030769230768
-0.2814221538461538
-0.3035353846153846
-0.30019753846153846
-0.273912
-0.24303692307692307
-0.18983999999999998
-0.11703323076923078
0.015020307692307692
0.22342707692307692
0.49400123076923075
0.6903083076923077
0.8501076923076923
1.0032313846153846
1.0818793846153847
1.1342418461538462
1.014913846153846
0.758316923076923
0.3611132307692308
-0.11181784615384616
-0.5544996923076924
-1.0253446153846153
-1.400435076923077
-1.6806055384615386
-1.7538295384615386
-1.5379126153846152
-1.1106683076923076
-0.46375199999999994
0.235944
0.9133181538461539
1.5126701538461538
1.8927673846153845
2.0413015384615383
1.8716972307692308
1.3797821538461539
0.7030338461538461
-0.11745046153846153
-0.9060166153846154
-1.5370781538461538
-1.9968664615384615
-2.1698086153846154
-2.1011741538461535
-1.7605052307692306
-1.1755476923076924
-0.4616658461538461
0.34963938461538463
1.0802104615384616
1.6532769230769229
2.011260923076923
2.0972104615384617
1.9457556923076924
1.5087064615384613
0.8603298461538461
0.12850707692307692
-0.6197963076923076
-1.2341686153846154
-1.6783107692307693
-1.9307353846153845
-1.9328215384615386
-1.7296301538461536
-1.319075076923077
-0.7718769230769231
-0.19380369230769232
0.39261415384615383
0.9001753846153846
1.302803076923077
1.5850596923076923
1.6660024615384617
1.5637809230769228
1.2710935384615385
0.834252923076923
0.3314898461538462
-0.21216184615384615
-0.7136732307692307
-1.1457156923076923
-1.4457046153846154
-1.5727513846153847
-1.551264
-1.3197009230769232
-0.9147784615384615
-0.40992923076923077
0.17419384615384614
0.7478861538461538
1.2629575384615384
1.6555716923076922
1.8401963076923076
1.8082781538461539
1.531236923076923
1.0672763076923077
0.4983821538461538
-0.14603076923076924
-0.7795956923076922
-1.3457778461538463
-1.7461107692307691
-1.913211692307692
-1.8525046153846154
-1.5462572307692306
-1.062060923076923
-0.44309907692307693
0.2618123076923077
0.9285470769230769
1.4815864615384615
1.8205864615384613
1.8994430769230768
1.7413126153846152
1.341396923076923
0.7944073846153846
0.1792006153846154
-0.4508178461538461
-0.9913403076923076
-1.4002264615384614
-1.6080073846153846
-1.579427076923077
-1.3447347692307692
-0.931259076923077
-0.4222375384615385
0.119328
0.6333563076923077
1.0518387692307691
1.3445261538461537
1.4548836923076922
1.378321846153846
1.144464
0.7779267692307692
0.35568923076923076
-0.08115138461538463
-0.47960676923076917
-0.780012923076923
-0.9802836923076922
-1.0476664615384614
-0.9800750769230769
-0.8219446153846154
-0.588504
-0.31208861538461535
-0.015437538461538461
0.28204799999999997
0.5280055384615384
0.7026166153846154
0.7779267692307692
0.7641581538461538
0.6855101538461539
0.5319692307692307
0.34651015384615386
0.13455692307692307
-0.07969107692307692
-0.2751636923076923
-0.45269538461538456
-0.5741095384615384
-0.641075076923077
-0.6385716923076923
-0.5599236923076922
-0.4282873846153846
-0.25284184615384614
-0.04819015384615385
0.16251138461538459
0.3673716923076923
0.5365587692307692
0.6485852307692307
0.7015735384615385
0.6823809230769231
0.5949710769230769
0.44226461538461537
0.241368
0.015020307692307692
-0.21529107692307692
-0.4186910769230769
-0.56952
-0.6521316923076923
-0.6467076923076923
-0.5718147692307692
-0.4387181538461538
-0.2578486153846154
-0.06654830769230768
0.1395636923076923
0.3210590769230769
0.46437784615384614
0.553248
0.5676424615384615
0.5298830769230769
0.44393353846153844
0.3350363076923077
0.20527753846153846
0.065088
-0.05528307692307692
-0.14582215384615385
-0.20277415384615383
-0.22634769230769228
-0.23344061538461539
-0.23385784615384617
-0.22300984615384614
-0.19442953846153843
-0.14603076923076924
-0.09304246153846155
-0.03275261538461539
0.03212676923076923
0.09074769230769231
0.15667015384615385
0.21967199999999998
0.26869661538461537
0.2872633846153846
0.2624381538461539
0.20339999999999997
0.1151556923076923
0.01668923076923077
-0.09387692307692307
-0.20986707692307693
-0.31500923076923076
-0.3957433846153846
-0.4239064615384615
-0.4036707692307692
-0.336288
-0.22572184615384616
-0.08699261538461538
0.08115138461538463
0.2591003076923077
0.4115981538461538
0.5079784615384615
0.5323864615384615
0.48106707692307693
0.36778892307692307
0.20402584615384614
0.0006258461538461538
-0.22196676923076922
-0.4322510769230769
-0.588504
-0.6684036923076923
-0.6558867692307692
-0.553248
-0.3813489230769231
-0.1696043076923077
0.05570030769230769
0.26932246153846157
0.44414215384615385
0.5492843076923076
0.554916923076923
0.4683415384615384
0.3079163076923077
0.10806276923076923
-0.09325107692307691
-0.2764153846153846
-0.425784
-0.5305089230769231
-0.5628443076923076
-0.513611076923077
-0.40679999999999994
-0.26118646153846153
-0.09971815384615385
0.059872615384615385
0.20506892307692307
0.32627446153846157
0.40930338461538457
0.43308553846153847
0.39928984615384616
0.3285692307692308
0.24074215384615386
0.1395636923076923
0.026702769230769228
-0.09053907692307692
-0.1942209230769231
-0.2605606153846154
-0.27975323076923075
-0.26306399999999996
-0.22175815384615383
-0.15792184615384616
-0.07635323076923077
0.02044430769230769
0.12037107692307693
0.20486030769230767
0.26076923076923075
0.2853858461538461
0.27871015384615383
0.24428861538461538
0.19046584615384615
0.11599015384615384
0.024199384615384616
-0.07614461538461538
-0.1691870769230769
-0.23093723076923076
-0.2601433846153846
-0.249504
-0.1990190769230769
-0.11286092307692308
0.0077187692307692304
0.15103753846153847
0.29727692307692305
0.40742584615384614
0.46083138461538464
0.45707630769230767
0.40930338461538457
0.31083692307692307
0.16730953846153845
0.006884307692307692
-0.15416676923076922
-0.28017046153846153
-0.3513083076923077
-0.36403384615384615
-0.3198073846153846
-0.23260615384615385
-0.11286092307692308
0.029623384615384614
0.1760713846153846
0.30332676923076923
0.3815575384615385
0.39595199999999997
0.35339446153846155
0.26619323076923074
0.15374953846153847
0.02086153846153846
-0.11327815384615383
-0.22989415384615383
-0.3158436923076923
-0.3454670769230769
-0.3131316923076923
-0.23448369230769228
-0.12808984615384614
-0.010222153846153844
0.11578153846153846
0.24554030769230767
0.3619476923076923
0.4355889230769231
0.45436430769230773
0.41493599999999997
0.3269003076923077
0.22280123076923075
0.09992676923076924
-0.029623384615384614
-0.1585476923076923
-0.26306399999999996
-0.3081249230769231
-0.30186646153846153
-0.26306399999999996
-0.20027076923076922
-0.11244369230769231
-0.007927384615384614
0.09909230769230769
0.1829556923076923
0.2369870769230769
0.24700061538461537
0.20986707692307693
0.1558356923076923
0.09679753846153846
0.023990769230769232
-0.05444861538461539
-0.14311015384615386
-0.21299630769230768
-0.24887815384615386
-0.25951753846153847
-0.22300984615384614
-0.17085599999999998
-0.09763200000000001
-0.006049846153846154
0.09721476923076922
0.21341353846153846
0.3045784615384615
0.3573581538461538
0.3513083076923077
0.30207507692307695
0.22780799999999998
0.116616
-0.017315076923076923
-0.1704387692307692
-0.31751261538461534
-0.4193169230769231
-0.4652123076923077
-0.4522781538461538
-0.3844781538461538
-0.292896
-0.18399876923076922
-0.04631261538461538
0.09700615384615385
0.21633415384615384
0.27787569230769227
0.2872633846153846
0.2517987692307692
0.17628
0.07510153846153846
-0.04088861538461538
-0.15792184615384616
-0.2670276923076923
-0.3415033846153846
-0.36632861538461536
-0.3375396923076923
-0.27975323076923075
-0.214248
-0.1356
-0.042557538461538466
0.053614153846153846
0.13622584615384614
0.19150892307692308
0.21320492307692307
0.20360861538461536
0.17023015384615386
0.13476553846153844
0.0961716923076923
0.05069353846153846
0.0035464615384615383
-0.031709538461538456
-0.03650769230769231
-0.03150092307692308
-0.023364923076923075
-0.019609846153846155
-0.025033846153846153
-0.021904615384615383
-0.01668923076923077
0.0014603076923076922
0.020652923076923076
0.026494153846153844
0.03880246153846154
0.058829538461538454
0.09074769230769231
0.13059323076923077
0.15938215384615384
0.17461107692307692
0.17544553846153846
0.16105107692307694
0.1397723076923077
0.10347323076923076
0.05069353846153846
-0.007510153846153846
-0.06988615384615385
-0.11891076923076922
-0.1397723076923077
-0.14018953846153845
-0.11974523076923077
-0.08094276923076923
-0.015854769230769228
0.07948246153846153
0.1733593846153846
0.2563883076923077
0.31813846153846154
0.3452584615384615
0.3442153846153846
0.30583015384615386
0.241368
0.15646153846153846
0.053405538461538456
-0.041514461538461535
-0.11870215384615385
-0.17169046153846151
-0.19797599999999999
-0.20486030769230767
-0.1846246153846154
-0.13351384615384615
-0.058412307692307694
0.027745846153846152
0.10389046153846154
0.16167692307692308
0.18963138461538462
0.19171753846153847
0.1733593846153846
0.13226215384615383
0.06487938461538462
-0.025033846153846153
-0.10535076923076922
-0.16856123076923077
-0.20173107692307693
-0.20444307692307692
-0.19192615384615386
-0.16167692307692308
-0.11745046153846153
-0.08720123076923077
-0.06383630769230769
-0.032544
-0.021278769230769233
0.0
0.005424
0.02232184615384615
0.05945538461538461
0.09387692307692307
0.13622584615384614
0.15145476923076923
0.22572184615384616
0.1908830769230769
0.08094276923076923
-0.004798153846153846
-0.15520984615384617
-0.2436627692307692
-0.3421292307692308
-0.4151446153846154
-0.45373846153846153
-0.43976123076923074
-0.28413415384615387
-0.07781353846153846
0.13768615384615385
0.29602523076923076
0.3880246153846154
0.4612486153846154
0.5123593846153845
0.4960873846153846
0.3567323076923076
0.09930092307692308
-0.16292861538461537
-0.37425600000000003
-0.5146541538461539
-0.5645132307692308
-0.5741095384615384
-0.4906633846153846
-0.3550633846153846
-0.1792006153846154
0.07948246153846153
0.27787569230769227
0.409512
0.471888
0.4291218461538462
0.3212676923076923
0.16793538461538463
0.013351384615384614
-0.11327815384615383
-0.24846092307692308
-0.3623649230769231
-0.3907366153846154
-0.3421292307692308
-0.2261390769230769
-0.09930092307692308
0.013142769230769229
0.100344
0.18212123076923076
0.2701569230769231
0.3129230769230769
0.29039261538461536
0.2127876923076923
0.12537784615384615
0.07009476923076922
0.04568676923076923
0.04756430769230769
0.06258461538461538
0.052153846153846155
0.08448923076923077
0.15145476923076923
0.1785747692307692
0.18775384615384613
0.16105107692307694
0.10952307692307692
0.056951999999999996
0.003755076923076923
-0.027745846153846152
-0.03921969230769231
-0.03692492307692308
-0.018983999999999997
0.03984553846153846
0.12537784615384615
0.18545907692307692
0.22947692307692308
0.23677846153846152
0.19693292307692306
0.12808984615384614
0.04130584615384615
-0.030875076923076922
-0.10597661538461538
-0.1846246153846154
-0.2140393846153846
-0.18629353846153843
-0.12099692307692309
-0.024616615384615383
0.06759138461538462
0.15333230769230768
0.23239753846153846
0.2601433846153846
0.2438713846153846
0.18525046153846153
0.09283384615384616
-0.016897846153846156
-0.1287156923076923
-0.20694646153846152
-0.27140861538461536
-0.2906012307692308
-0.25471938461538457
-0.1792006153846154
-0.05173661538461538
0.07656184615384615
0.19317784615384614
0.2807963076923077
0.3016578461538461
0.2689052307692308
0.1913003076923077
0.07280676923076923
-0.05486584615384615
-0.18086953846153844
-0.29727692307692305
-0.35923569230769226
-0.35193415384615384
-0.2868461538461538
-0.18483323076923078
-0.06905169230769231
0.05319692307692307
0.17398523076923075
0.2726603076923077
0.32377107692307694
0.31751261538461534
0.25054707692307693
0.13664307692307692
0.017523692307692306
-0.0892873846153846
-0.18525046153846153
-0.2655673846153846
-0.33545353846153847
-0.35005661538461535
-0.29101846153846156
-0.19985353846153847
-0.08469784615384615
0.010848
0.08344615384615384
0.16063384615384615
0.21007569230769232
0.23531815384615382
0.21591692307692306
0.13726892307692307
0.04401784615384615
-0.042348923076923076
-0.10055261538461538
-0.12788123076923075
-0.14185846153846154
-0.14790830769230767
-0.15500123076923078
-0.1422756923076923
-0.10618523076923077
-0.06341907692307691
-0.02211323076923077
-0.009179076923076922
-0.0004172307692307692
0.024408000000000003
0.05590892307692308
0.11244369230769231
0.15416676923076922
0.1597993846153846
0.16230276923076925
0.16897846153846155
0.1760713846153846
0.15604430769230768
0.10931446153846153
0.0448523076923077
-0.033169846153846154
-0.09387692307692307
-0.12975876923076923
-0.14018953846153845
-0.1397723076923077
-0.12120553846153845
-0.0678
0.013351384615384614
0.10681107692307691
0.19630707692307692
0.2557624615384615
0.27704123076923076
0.279336
0.24887815384615386
0.19296923076923078
0.10514215384615383
-0.007510153846153846
-0.11953661538461538
-0.2157083076923077
-0.2699483076923077
-0.29581661538461534
-0.29080984615384614
-0.25972615384615383
-0.19818461538461538
-0.08845292307692308
0.03379569230769231
0.14749107692307692
0.235944
0.2791273846153846
0.29185292307692307
0.26932246153846157
0.21612553846153845
0.12391753846153845
-0.006884307692307692
-0.1287156923076923
-0.21675138461538462
-0.2670276923076923
-0.2730775384615384
-0.2399076923076923
-0.18066092307692305
-0.09700615384615385
-0.0008344615384615384
0.10597661538461538
0.18483323076923078
0.214248
0.2125790769230769
0.17544553846153846
0.12245723076923076
0.05069353846153846
-0.03483876923076923
-0.1205796923076923
-0.19046584615384615
-0.22593046153846155
-0.2342750769230769
-0.21362215384615382
-0.17231630769230769
-0.12120553846153845
-0.05799507692307692
0.013142769230769229
0.07969107692307692
0.13205353846153844
0.14603076923076924
0.12808984615384614
0.10076123076923077
0.05236246153846154
-0.0014603076923076922
-0.05611753846153846
-0.10263876923076923
-0.12683815384615382
-0.12245723076923076
-0.07614461538461538
-0.01814953846153846
0.03880246153846154
0.08177723076923075
0.10493353846153847
0.12162276923076921
0.11703323076923078
0.0855323076923077
0.035464615384615386
-0.017315076923076923
-0.054657230769230764
-0.06154153846153846
-0.04547815384615384
-0.008136
0.027120000000000002
0.051528
0.08699261538461538
0.10743692307692307
0.11265230769230769
0.09053907692307692
0.04735569230769231
0.0043809230769230765
-0.033169846153846154
-0.040054153846153843
-0.035464615384615386
-0.02023569230769231
0.012308307692307691
0.053614153846153846
0.10764553846153846
0.1597993846153846
0.19463815384615382
0.21320492307692307
0.20339999999999997
0.17085599999999998
0.13247076923076923
0.07781353846153846
0.021070153846153846
-0.03567323076923076
-0.08574092307692306
-0.10743692307692307
-0.111192
-0.09325107692307691
-0.058829538461538454
-0.020027076923076922
0.03379569230769231
0.08031692307692308
0.10868861538461538
0.11849353846153846
0.0961716923076923
0.05194523076923077
-0.0035464615384615383
-0.06362769230769232
-0.13080184615384613
-0.19317784615384614
-0.24345415384615382
-0.265776
-0.2532590769230769
-0.20527753846153846
-0.12162276923076921
-0.031918153846153846
0.061750153846153844
0.14916
0.222384
0.2666104615384615
0.2641070769230769
0.21633415384615384
0.13852061538461538
0.05674338461538461
-0.020652923076923076
-0.09012184615384615
-0.1558356923076923
-0.20298276923076922
-0.21654276923076923
-0.1923433846153846
-0.14123261538461537
-0.07969107692307692
-0.01272553846153846
0.05444861538461539
0.12454338461538461
0.18879692307692306
0.23010276923076922
0.23490092307692306
0.19213476923076922
0.11557292307692307
0.017732307692307693
-0.09095630769230768
-0.19213476923076922
-0.2853858461538461
-0.3548547692307692
-0.3740473846153846
-0.3277347692307692
-0.23531815384615382
-0.11891076923076922
0.011473846153846154
0.13393107692307693
0.23969907692307693
0.32335384615384616
0.3748818461538461
0.384060923076923
0.33816553846153846
0.2422024615384615
0.14060676923076923
0.04380923076923077
-0.03588184615384615
-0.09304246153846155
-0.12621230769230768
-0.11494707692307692
-0.06800861538461538
0.007301538461538462
0.07739630769230768
0.13518276923076925
0.17169046153846151
0.19463815384615382
0.2238443076923077
0.23385784615384617
0.23010276923076922
0.18712800000000002
0.11911938461538461
0.059664
-0.0008344615384615384
-0.040262769230769234
-0.07906523076923076
-0.12850707692307692
-0.16188553846153847
-0.1693956923076923
-0.1476996923076923
-0.10076123076923077
-0.04860738461538461
0.0008344615384615384
0.050067692307692306
0.100344
0.16313723076923078
0.21091015384615383
0.22655630769230767
0.21341353846153846
0.18149538461538461
0.1502030769230769
0.11306953846153844
0.0609156923076923
-0.008136
-0.09241661538461539
-0.16459753846153846
-0.20339999999999997
-0.20548615384615385
-0.17315076923076922
-0.12642092307692307
-0.058829538461538454
0.031709538461538456
0.12350030769230769
0.20861538461538462
0.25701415384615384
0.2526332307692308
0.20694646153846152
0.12913292307692306
0.037967999999999995
-0.05945538461538461
-0.157296
-0.24470584615384613
-0.2943563076923077
-0.29039261538461536
-0.23928184615384615
-0.15082892307692305
-0.04985907692307692
0.04819015384615385
0.13810338461538463
0.22029784615384615
0.2774584615384615
0.2837169230769231
0.23886461538461537
0.16209415384615386
0.06467076923076923
-0.04318338461538461
-0.14123261538461537
-0.21842030769230766
-0.2724516923076923
-0.29685969230769227
-0.2720344615384615
-0.2021483076923077
-0.10493353846153847
-0.004589538461538461
0.07614461538461538
0.13914646153846155
0.18253846153846154
0.19818461538461538
0.1794092307692308
0.12141415384615384
0.03755076923076923
-0.05590892307692308
-0.14331876923076922
-0.20819815384615384
-0.24512307692307692
-0.25471938461538457
-0.23198030769230768
-0.17419384615384614
-0.09137353846153846
0.0050067692307692304
0.09429415384615383
0.15917353846153848
0.19881046153846152
0.21696000000000001
0.21299630769230768
0.1800350769230769
0.13038461538461538
0.07197230769230768
0.014394461538461538
-0.038176615384615385
-0.078648
-0.09512861538461538
-0.09804923076923076
-0.08594953846153845
-0.06049846153846154
-0.01981846153846154
0.024408000000000003
0.05507446153846154
0.06800861538461538
0.062376
0.03880246153846154
-0.01043076923076923
-0.08761846153846153
-0.1846246153846154
-0.2791273846153846
-0.35193415384615384
-0.3246055384615385
-0.21779446153846155
-0.053614153846153846
0.14978584615384616
0.32314523076923074
0.5248763076923078
0.6744535384615383
0.760403076923077
0.7382898461538461
0.5778646153846153
0.37196123076923077
0.1462393846153846
-0.046104
-0.2659846153846154
-0.41994276923076923
-0.5033889230769231
-0.5161144615384615
-0.38948492307692306
-0.2207150769230769
0.0002086153846153846
0.20444307692307692
0.3673716923076923
0.4779378461538461
0.48190153846153844
0.3984553846153846
0.2238443076923077
0.015854769230769228
-0.21883753846153844
-0.4320424615384615
-0.5626356923076923
-0.6197963076923076
-0.5584633846153846
-0.425784
-0.2540935384615385
-0.0678
0.059872615384615385
0.15479261538461536
0.18879692307692306
0.11807630769230769
0.015646153846153844
-0.09909230769230769
-0.1733593846153846
-0.18107815384615383
-0.1637630769230769
-0.1045163076923077
-0.033169846153846154
0.04380923076923077
0.10618523076923077
0.12329169230769231
0.09909230769230769
0.02795446153846154
-0.040679999999999994
-0.092208
-0.15374953846153847
-0.19463815384615382
-0.22989415384615383
-0.24428861538461538
-0.19150892307692308
-0.12704676923076924
-0.03108369230769231
0.09137353846153846
0.1992276923076923
0.31855569230769226
0.3815575384615385
0.3588184615384616
0.265776
0.09533723076923077
-0.10096984615384616
-0.3077076923076923
-0.4729310769230769
-0.5540824615384615
-0.5538738461538462
-0.4378836923076923
-0.25367630769230765
-0.023990769230769232
0.22530461538461538
0.4337113846153846
0.5880867692307692
0.6316873846153847
0.5759870769230769
0.4675070769230769
0.301032
0.12329169230769231
-0.04944184615384615
-0.20465169230769228
-0.2845513846153846
-0.3008233846153846
-0.2674449230769231
-0.20548615384615385
-0.12850707692307692
-0.02545107692307692
0.08386338461538462
0.18545907692307692
0.24282830769230768
0.25159015384615385
0.22447015384615385
0.1597993846153846
0.08574092307692306
0.005424
-0.08323753846153846
-0.14206707692307693
-0.1733593846153846
-0.1779489230769231
-0.13309661538461537
-0.0717636923076923
0.0022947692307692304
0.06613107692307692
0.08907876923076924
0.08782707692307692
0.053614153846153846
0.0016689230769230767
-0.05736923076923077
-0.1207883076923077
-0.1656406153846154
-0.17648861538461538
-0.13789476923076924
-0.06258461538461538
0.034630153846153845
0.13601723076923075
0.21174461538461536
0.2626467692307692
0.2795446153846154
0.2415766153846154
0.15896492307692306
0.040679999999999994
-0.09074769230769231
-0.20193969230769232
-0.28893230769230765
-0.32210215384615387
-0.3079163076923077
-0.2638984615384615
-0.16710092307692306
-0.040262769230769234
0.09158215384615384
0.20819815384615384
0.28350830769230767
0.31751261538461534
0.30562153846153844
0.2411593846153846
0.12829846153846153
-0.017940923076923077
-0.1543753846153846
-0.2682793846153846
-0.3415033846153846
-0.3571495384615384
-0.3285692307692308
-0.23510953846153848
-0.09992676923076924
0.054657230769230764
0.21904615384615383
0.3452584615384615
0.4251581538461538
0.46396061538461536
0.4456024615384615
0.37947138461538454
0.2814221538461538
0.1614683076923077
0.050067692307692306
-0.0448523076923077
-0.1070196923076923
-0.1218313846153846
-0.09262523076923077
-0.03609046153846154
0.029623384615384614
0.0961716923076923
0.13789476923076924
0.15813046153846153
0.14978584615384616
0.10910584615384614
0.053405538461538456
-0.010013538461538461
-0.06049846153846154
-0.07802215384615384
-0.07197230769230768
-0.04547815384615384
0.006049846153846154
0.0744756923076923
0.16063384615384615
0.2357353846153846
0.26869661538461537
0.2572227692307692
0.21153599999999997
0.1316363076923077
0.032544
-0.06675692307692307
-0.16856123076923077
-0.24199384615384617
-0.2726603076923077
-0.24470584615384613
-0.15959076923076923
-0.05111076923076923
0.06216738461538462
0.1691870769230769
0.2540935384615385
0.29101846153846156
0.2803790769230769
0.22426153846153846
0.132888
0.018775384615384614
-0.10493353846153847
-0.2021483076923077
-0.2643156923076923
-0.295608
-0.27850153846153847
-0.21821169230769227
-0.12329169230769231
0.0029206153846153843
0.12537784615384615
0.21800307692307694
0.27599815384615384
0.2906012307692308
0.2624381538461539
0.20298276923076922
0.1136953846153846
0.0012516923076923076
-0.10910584615384614
-0.18942276923076923
-0.21070153846153844
-0.17732307692307692
-0.11348676923076922
-0.03129230769230769
0.05757784615384615
0.13998092307692306
0.2059033846153846
0.23761292307692305
0.21800307692307694
0.154584
0.06049846153846154
-0.02753723076923077
-0.08782707692307692
-0.12725538461538463
-0.15145476923076923
-0.14206707692307693
-0.09679753846153846
-0.03337846153846154
0.04276615384615385
0.09679753846153846
0.11891076923076922
0.10576799999999999
0.059872615384615385
0.015228923076923076
-0.031918153846153846
-0.08094276923076923
-0.12120553846153845
-0.14665661538461539
-0.13267938461538462
-0.09074769230769231
-0.028371692307692306
0.03942830769230769
0.0974233846153846
0.15374953846153847
0.1923433846153846
0.22342707692307692
0.23656984615384613
0.21049292307692305
0.1597993846153846
0.09387692307692307
0.032544
-0.009804923076923077
-0.044435076923076924
-0.0771876923076923
-0.09825784615384614
-0.09679753846153846
-0.07051199999999999
-0.03045784615384615
0.00855323076923077
0.02482523076923077
0.02524246153846154
0.021904615384615383
0.017315076923076923
0.021904615384615383
0.012934153846153845
-0.010848
-0.02753723076923077
-0.031709538461538456
-0.013768615384615384
0.007301538461538462
0.017940923076923077
0.02545107692307692
0.021487384615384613
0.011682461538461537
-0.002086153846153846
-0.02232184615384615
-0.05173661538461538
-0.08845292307692308
-0.09909230769230769
-0.0897046153846154
-0.06571384615384615
-0.02482523076923077
0.008344615384615384
0.040054153846153843
0.05945538461538461
0.07134646153846153
0.08845292307692308
0.07739630769230768
0.05090215384615384
0.01668923076923077
-0.018775384615384614
-0.03880246153846154
-0.059872615384615385
-0.09012184615384615
-0.1218313846153846
-0.14144123076923076
-0.14185846153846154
-0.12955015384615384
-0.12037107692307693
-0.11432123076923076
-0.10493353846153847
-0.08094276923076923
-0.04547815384615384
-0.019192615384615384
-0.0012516923076923076
-0.003129230769230769
-0.010848
-0.011473846153846154
-0.019609846153846155
-0.027120000000000002
-0.042557538461538466
-0.06654830769230768
-0.08177723076923075
-0.09700615384615385
-0.09721476923076922
-0.08031692307692308
-0.06341907692307691
-0.04380923076923077
-0.022947692307692308
0.005424
0.03859384615384615
0.06362769230769232
0.07656184615384615
0.08448923076923077
0.09304246153846155
0.10159569230769232
0.10076123076923077
0.0828203076923077
0.04318338461538461
-0.012516923076923077
-0.05820369230769231
-0.09471138461538461
-0.12642092307692307
-0.15479261538461536
-0.16418030769230768
-0.13935507692307691
-0.0771876923076923
0.006884307692307692
0.0892873846153846
0.16105107692307694
0.20694646153846152
0.23928184615384615
0.24658338461538462
0.23281476923076924
0.19588984615384614
0.12579507692307693
0.0446436923076923
-0.03921969230769231
-0.10764553846153846
-0.16418030769230768
-0.2021483076923077
-0.21654276923076923
-0.20298276923076922
-0.15333230769230768
-0.08636676923076922
-0.006258461538461538
0.06863446153846153
0.12204
0.15395815384615386
0.15103753846153847
0.11995384615384615
0.06195876923076923
-0.03337846153846154
-0.12934153846153845
-0.206112
-0.26786215384615386
-0.28768061538461537
-0.2845513846153846
-0.25659692307692306
-0.1992276923076923
-0.12788123076923075
-0.04401784615384615
0.029206153846153847
0.09033046153846153
0.12433476923076923
0.1353913846153846
0.13372246153846154
0.10743692307692307
0.06759138461538462
0.015646153846153844
-0.04318338461538461
-0.07843938461538462
-0.10180430769230768
-0.11473846153846154
-0.10618523076923077
-0.09784061538461537
-0.07468430769230769
-0.040054153846153843
0.0043809230769230765
0.054657230769230764
0.09241661538461539
0.12120553846153845
0.14123261538461537
0.14811692307692306
0.14811692307692306
0.1462393846153846
0.12579507692307693
0.08907876923076924
0.040262769230769234
-0.016480615384615385
-0.07405846153846153
-0.12725538461538463
-0.16876984615384616
-0.19317784615384614
-0.18316430769230768
-0.1502030769230769
-0.09283384615384616
-0.00855323076923077
0.07092923076923077
0.1506203076923077
0.2194633846153846
0.2624381538461539
0.2730775384615384
0.24679199999999998
0.20006215384615383
0.12808984615384614
0.048816000000000005
-0.01856676923076923
-0.07301538461538462
-0.10722830769230769
-0.12016246153846154
-0.09763200000000001
-0.049233230769230765
0.00855323076923077
0.07218092307692307
0.1218313846153846
0.1597993846153846
0.18525046153846153
0.18253846153846154
0.15687876923076924
0.10806276923076923
0.04631261538461538
-0.008344615384615384
-0.05069353846153846
-0.07468430769230769
-0.09137353846153846
-0.10076123076923077
-0.0988836923076923
-0.08365476923076923
-0.052153846153846155
-0.013560000000000001
0.026285538461538457
0.05820369230769231
0.08574092307692306
0.10368184615384615
0.11473846153846154
0.11974523076923077
0.11223507692307692
0.08428061538461538
0.05507446153846154
0.003755076923076923
-0.06383630769230769
-0.09471138461538461
-0.10597661538461538
-0.09408553846153846
-0.08031692307692308
-0.05090215384615384
-0.006049846153846154
0.05507446153846154
0.11035753846153845
0.2641070769230769
0.347136
0.2415766153846154
0.23886461538461537
0.12621230769230768
0.08991323076923076
0.06905169230769231
-0.16897846153846155
-0.30854215384615385
-0.49921661538461537
-0.47877230769230766
-0.33983446153846153
-0.27286892307692306
-0.11703323076923078
-0.07572738461538461
0.15270646153846154
0.39636923076923075
0.5434430769230769
0.6686123076923077
0.4889944615384615
0.3646596923076923
0.22447015384615385
0.04172307692307692
-0.02023569230769231
-0.24700061538461537
-0.34880492307692307
-0.3782196923076923
-0.46145723076923073
-0.2916443076923077
-0.1706473846153846
-0.026911384615384615
0.17982646153846152
0.2056947692307692
0.3116713846153846
0.35193415384615384
0.35339446153846155
0.4047138461538461
0.26452430769230767
0.11098338461538461
-0.06675692307692307
-0.21362215384615382
-0.2221753846153846
-0.2989458461538462
-0.3421292307692308
-0.37237846153846155
-0.368832
-0.1992276923076923
-0.09053907692307692
0.015020307692307692
0.1136953846153846
0.13226215384615383
0.24512307692307692
0.30019753846153846
0.3016578461538461
0.3319070769230769
0.25701415384615384
0.2194633846153846
0.19985353846153847
0.11870215384615385
0.05194523076923077
-0.07113784615384615
-0.17419384615384614
-0.24303692307692307
-0.3045784615384615
-0.3012406153846154
-0.2695310769230769
-0.15896492307692306
-0.05716061538461538
0.042348923076923076
0.21529107692307692
0.3243969230769231
0.4245323076923077
0.45749353846153845
0.3682061538461538
0.27787569230769227
0.11557292307692307
-0.04902461538461538
-0.18900553846153845
-0.3609046153846154
-0.45624184615384616
-0.5013027692307692
-0.47313969230769226
-0.36945784615384614
-0.2697396923076923
-0.10430769230769231
0.08135999999999999
0.24053353846153847
0.360696
0.3907366153846154
0.41681353846153846
0.3917796923076923
0.29498215384615384
0.18316430769230768
-0.0016689230769230767
-0.14936861538461538
-0.24512307692307692
-0.34171199999999996
-0.3456756923076923
-0.32043323076923075
-0.2563883076923077
-0.11953661538461538
-0.011056615384615385
0.10681107692307691
0.20965846153846154
0.26368984615384616
0.30416123076923074
0.28017046153846153
0.21967199999999998
0.12788123076923075
0.04047138461538462
-0.0070929230769230765
-0.06467076923076923
-0.09658892307692307
-0.1422756923076923
-0.1792006153846154
-0.1704387692307692
-0.1635544615384615
-0.11578153846153846
-0.07843938461538462
-0.07551876923076924
-0.029623384615384614
0.035464615384615386
0.10263876923076923
0.16251138461538459
0.17565415384615385
0.19442953846153843
0.2261390769230769
0.23823876923076923
0.23281476923076924
0.1794092307692308
0.10347323076923076
0.021696
-0.053405538461538456
-0.09471138461538461
-0.13476553846153844
-0.16063384615384615
-0.18212123076923076
-0.19067446153846154
-0.13476553846153844
-0.06863446153846153
0.016480615384615385
0.10868861538461538
0.13622584615384614
0.15228923076923076
0.1531236923076923
0.15395815384615386
0.1718990769230769
0.11599015384615384
0.028163076923076923
-0.05090215384615384
-0.11098338461538461
-0.116616
-0.11306953846153844
-0.11098338461538461
-0.10827138461538462
-0.08448923076923077
-0.014603076923076923
0.06446215384615385
0.12704676923076924
0.15124615384615384
0.1368516923076923
0.12162276923076921
0.10722830769230769
0.08073415384615384
0.045895384615384616
-0.01043076923076923
-0.056951999999999996
-0.08490646153846154
-0.09658892307692307
-0.06759138461538462
-0.045060923076923075
-0.041514461538461535
-0.05194523076923077
-0.06279323076923077
-0.04568676923076923
-0.031709538461538456
-0.044435076923076924
-0.08949599999999999
-0.14999446153846155
-0.18900553846153845
-0.18775384615384613
-0.15124615384615384
-0.11223507692307692
-0.0892873846153846
-0.05674338461538461
0.0033378461538461535
0.0826116923076923
0.1449876923076923
0.14853415384615384
0.13497415384615385
0.1151556923076923
0.0855323076923077
0.06738276923076922
0.03045784615384615
-0.004798153846153846
-0.025033846153846153
-0.02753723076923077
0.003755076923076923
0.035255999999999996
0.05444861538461539
0.06362769230769232
0.06487938461538462
0.06884307692307692
0.07009476923076922
0.07051199999999999
0.05507446153846154
0.021487384615384613
-0.0029206153846153843
-0.028788923076923077
-0.04631261538461538
-0.059664
-0.08574092307692306
-0.09950953846153845
-0.1151556923076923
-0.12370892307692308
-0.10597661538461538
-0.09053907692307692
-0.06279323076923077
-0.04380923076923077
-0.047772923076923074
-0.04526953846153846
-0.051319384615384614
-0.06028984615384615
-0.07301538461538462
-0.0826116923076923
-0.07259815384615384
-0.04756430769230769
-0.00855323076923077
0.032544
0.06926030769230769
0.10389046153846154
0.11995384615384615
0.10263876923076923
0.06884307692307692
0.015854769230769228
-0.03692492307692308
-0.07531015384615385
-0.11160923076923077
-0.13101046153846155
-0.14415323076923076
-0.14081538461538462
-0.11536430769230768
-0.08448923076923077
-0.05069353846153846
-0.031918153846153846
-0.01940123076923077
-0.0025033846153846152
0.013768615384615384
0.02357353846153846
0.026702769230769228
0.026702769230769228
0.012934153846153845
-0.0022947692307692304
-0.013560000000000001
-0.028788923076923077
-0.03921969230769231
-0.04735569230769231
-0.05820369230769231
-0.059038153846153844
-0.05027630769230769
-0.03275261538461539
-0.008970461538461538
0.01814953846153846
0.04902461538461538
0.08031692307692308
0.1207883076923077
0.15667015384615385
0.17628
0.18107815384615383
0.17544553846153846
0.173568
0.1612596923076923
0.13455692307692307
0.08887015384615385
0.02795446153846154
-0.03212676923076923
-0.09471138461538461
-0.14081538461538462
-0.1829556923076923
-0.21007569230769232
-0.1942209230769231
-0.14039815384615384
-0.03880246153846154
0.07489292307692308
0.1792006153846154
0.273912
0.3321156923076923
0.36611999999999995
0.35923569230769226
0.295608
0.19651569230769228
0.06717415384615384
-0.05111076923076923
-0.14185846153846154
-0.21362215384615382
-0.25367630769230765
-0.2557624615384615
-0.21320492307692307
-0.13184492307692308
-0.023990769230769232
0.08866153846153846
0.1775316923076923
0.24074215384615386
0.2749550769230769
0.27432923076923077
0.24449723076923074
0.1718990769230769
0.06028984615384615
-0.06800861538461538
-0.19609846153846153
-0.2943563076923077
-0.3508910769230769
-0.3738387692307692
-0.36382523076923073
-0.3214763076923077
-0.2453316923076923
-0.13893784615384613
-0.026285538461538457
0.07405846153846153
0.1476996923076923
0.184416
0.1948467692307692
0.192552
0.1639716923076923
0.10743692307692307
0.03775938461538462
-0.032544
-0.0828203076923077
-0.11244369230769231
-0.130176
-0.13914646153846155
-0.13914646153846155
-0.11160923076923077
-0.047981538461538464
0.03275261538461539
0.11014892307692307
0.1760713846153846
0.23093723076923076
0.2720344615384615
0.29039261538461536
0.2768326153846154
0.2205064615384615
0.13935507692307691
0.054240000000000003
-0.025659692307692307
-0.08636676923076922
-0.13622584615384614
-0.17419384615384614
-0.1873366153846154
-0.18337292307692307
-0.14832553846153845
-0.08490646153846154
-0.017940923076923077
0.05820369230769231
0.11911938461538461
0.16271999999999998
0.192552
0.19359507692307693
0.17273353846153844
0.12037107692307693
0.05528307692307692
0.0004172307692307692
-0.04380923076923077
-0.07238953846153846
-0.08490646153846154
-0.0826116923076923
-0.05528307692307692
-0.011056615384615385
0.05069353846153846
0.10994030769230768
0.13747753846153846
0.15166338461538462
0.1424843076923077
0.12370892307692308
0.10222153846153846
0.06195876923076923
0.02211323076923077
-0.01981846153846154
-0.05069353846153846
-0.06133292307692308
-0.062376
-0.05757784615384615
-0.051528
-0.04944184615384615
-0.04214030769230769
-0.017940923076923077
0.006675692307692307
0.026911384615384615
0.037967999999999995
0.0446436923076923
0.05194523076923077
0.05924676923076923
0.06967753846153846
0.0717636923076923
0.06195876923076923
0.04526953846153846
0.03442153846153846
0.029832
0.024616615384615383
0.012934153846153845
0.009804923076923077
0.01981846153846154
0.03421292307692308
0.04839876923076923
0.05277969230769231
0.05590892307692308
0.054240000000000003
0.06633969230769231
0.09763200000000001
0.12558646153846154
0.138312
0.12329169230769231
0.09450276923076922
0.06738276923076922
0.04568676923076923
0.018983999999999997
-0.01940123076923077
-0.055491692307692304
-0.08177723076923075
-0.08824430769230769
-0.06571384615384615
-0.042557538461538466
-0.022947692307692308
0.002086153846153846
0.025659692307692307
0.053614153846153846
0.07572738461538461
0.0855323076923077
0.07364123076923076
0.04547815384615384
0.022947692307692308
0.01272553846153846
0.002086153846153846
-0.019192615384615384
-0.04088861538461538
-0.06759138461538462
-0.08010830769230769
-0.07760492307692309
-0.06863446153846153
-0.056951999999999996
-0.05403138461538461
-0.03880246153846154
-0.010848
0.02357353846153846
0.047772923076923074
0.06049846153846154
0.06154153846153846
0.05090215384615384
0.04693846153846153
0.03108369230769231
-0.0025033846153846152
-0.04714707692307692
-0.11265230769230769
-0.1635544615384615
-0.18712800000000002
-0.2225926153846154
-0.23239753846153846
-0.23782153846153845
-0.21111876923076925
-0.13643446153846153
-0.025659692307692307
0.20256553846153844
0.28851507692307693
0.3133403076923077
0.3782196923076923
0.33899999999999997
0.3402516923076923
0.19985353846153847
-0.013351384615384614
-0.24032492307692307
-0.4645864615384615
-0.48711692307692306
-0.5079784615384615
-0.46896738461538456
-0.4007501538461538
-0.3137575384615385
-0.055491692307692304
0.18107815384615383
0.43162523076923076
0.5830799999999999
0.5517876923076923
0.5371846153846154
0.42474092307692307
0.2883064615384615
0.13330523076923076
-0.12558646153846154
-0.28955815384615385
-0.4746
-0.5964313846153846
-0.5403138461538461
-0.49379261538461533
-0.3558978461538462
-0.21111876923076925
-0.07656184615384615
0.11578153846153846
0.2503384615384615
0.40200184615384615
0.4948356923076923
0.47272246153846154
0.4255753846153846
0.34504984615384615
0.2822566153846154
0.18066092307692305
-0.003755076923076923
-0.17544553846153846
-0.3392086153846154
-0.4090947692307692
-0.3846867692307692
-0.36027876923076924
-0.2807963076923077
-0.18337292307692307
-0.041514461538461535
0.15270646153846154
0.2789187692307692
0.3659113846153846
0.40012430769230767
0.376968
0.3738387692307692
0.33566215384615383
0.2568055384615385
0.12934153846153845
-0.03483876923076923
-0.1710646153846154
-0.29915446153846154
-0.38677292307692307
-0.44414215384615385
-0.44685415384615385
-0.36340799999999995
-0.26348123076923075
-0.08448923076923077
0.1353913846153846
0.2926873846153846
0.4318338461538461
0.4983821538461538
0.5033889230769231
0.46583815384615385
0.3312812307692308
0.17586276923076924
-0.01272553846153846
-0.20047938461538461
-0.30207507692307695
-0.3611132307692308
-0.37321292307692305
-0.36382523076923073
-0.31396615384615384
-0.1860849230769231
-0.04547815384615384
0.09053907692307692
0.18754523076923074
0.2480436923076923
0.3116713846153846
0.3198073846153846
0.2891409230769231
0.21675138461538462
0.0717636923076923
-0.04568676923076923
-0.15228923076923076
-0.23490092307692306
-0.24887815384615386
-0.26619323076923074
-0.25012984615384615
-0.2021483076923077
-0.14519630769230768
-0.049233230769230765
0.040262769230769234
0.11223507692307692
0.15145476923076923
0.16000799999999998
0.15959076923076923
0.12996738461538462
0.09804923076923076
0.04944184615384615
-0.010013538461538461
-0.047981538461538464
-0.08782707692307692
-0.10117846153846152
-0.10138707692307691
-0.11891076923076922
-0.11223507692307692
-0.124752
-0.138312
-0.10597661538461538
-0.08699261538461538
-0.07468430769230769
-0.07280676923076923
-0.06008123076923077
-0.006884307692307692
0.03212676923076923
0.049233230769230765
0.054240000000000003
0.035464615384615386
0.008761846153846153
-0.040679999999999994
-0.08991323076923076
-0.130176
-0.18629353846153843
-0.1992276923076923
-0.20027076923076922
-0.18483323076923078
-0.13455692307692307
-0.09658892307692307
-0.016272
0.06613107692307692
0.13121907692307694
0.208824
0.24449723076923074
0.2799618461538461
0.2951907692307692
0.24887815384615386
0.1927606153846154
0.111192
0.03337846153846154
-0.023990769230769232
-0.07781353846153846
-0.0963803076923077
-0.10138707692307691
-0.07134646153846153
-0.006675692307692307
0.05653476923076922
0.1356
0.18232984615384615
0.21216184615384615
0.23135446153846154
0.20632061538461538
0.17398523076923075
0.12266584615384615
0.07593599999999999
0.034630153846153845
-0.033169846153846154
-0.0717636923076923
-0.07030338461538461
-0.06258461538461538
-0.05736923076923077
-0.059872615384615385
-0.05048492307692308
-0.031709538461538456
-0.012516923076923077
0.010013538461538461
0.012099692307692308
-0.0004172307692307692
-0.017315076923076923
-0.02273907692307692
0.009387692307692307
0.04756430769230769
0.08094276923076923
0.11494707692307692
0.14018953846153845
0.165432
0.15667015384615385
0.12037107692307693
0.07510153846153846
-0.0014603076923076922
-0.07426707692307692
-0.12433476923076923
-0.15124615384615384
-0.14686523076923075
-0.12141415384615384
-0.06926030769230769
0.01043076923076923
0.100344
0.1777403076923077
0.2238443076923077
0.23677846153846152
0.214248
0.17502830769230768
0.1316363076923077
0.06592246153846154
-0.008970461538461538
-0.08699261538461538
-0.15166338461538462
-0.1696043076923077
-0.15896492307692306
-0.1205796923076923
-0.06446215384615385
-0.015020307692307692
0.05194523076923077
0.12496061538461539
0.17982646153846152
0.20381723076923075
0.18212123076923076
0.12996738461538462
0.06258461538461538
-0.0002086153846153846
-0.05486584615384615
-0.10222153846153846
-0.1341396923076923
-0.14749107692307692
-0.13184492307692308
-0.0855323076923077
-0.031918153846153846
0.014185846153846153
0.0448523076923077
0.04985907692307692
0.05111076923076923
0.03588184615384615
0.0035464615384615383
-0.03129230769230769
-0.07468430769230769
-0.09033046153846153
-0.08761846153846153
-0.06905169230769231
-0.03045784615384615
0.006049846153846154
0.049233230769230765
0.07468430769230769
0.08761846153846153
0.09283384615384616
0.07280676923076923
0.03650769230769231
-0.014394461538461538
-0.05194523076923077
-0.06362769230769232
-0.065088
-0.04839876923076923
-0.023364923076923075
0.003963692307692307
0.04401784615384615
0.07218092307692307
0.08615815384615384
0.07760492307692309
0.04401784615384615
0.010639384615384617
-0.026702769230769228
-0.053614153846153846
-0.07218092307692307
-0.09283384615384616
-0.10493353846153847
-0.0974233846153846
-0.05444861538461539
0.0014603076923076922
0.04401784615384615
0.07551876923076924
0.09387692307692307
0.100344
0.10117846153846152
0.09471138461538461
0.07280676923076923
0.03233538461538461
-0.016897846153846156
-0.05277969230769231
-0.06633969230769231
-0.06592246153846154
-0.051319384615384614
-0.019192615384615384
0.03337846153846154
0.10597661538461538
0.17899199999999998
0.23010276923076922
0.25513661538461535
0.24554030769230767
0.20652923076923077
0.15270646153846154
0.09325107692307691
0.04088861538461538
-0.014603076923076923
-0.05862092307692307
-0.08219446153846154
-0.07885661538461539
-0.04172307692307692
0.005215384615384615
0.052571076923076915
0.08845292307692308
0.11265230769230769
0.12621230769230768
0.11619876923076923
0.0826116923076923
0.030040615384615384
-0.03567323076923076
-0.0853236923076923
-0.11181784615384616
-0.12725538461538463
-0.1341396923076923
-0.1395636923076923
-0.12016246153846154
-0.0744756923076923
-0.023990769230769232
0.023364923076923075
0.05069353846153846
0.06425353846153846
0.07489292307692308
0.07593599999999999
0.065088
0.03379569230769231
-0.012308307692307691
-0.05507446153846154
-0.09179076923076923
-0.11494707692307692
-0.12621230769230768
-0.12245723076923076
-0.10743692307692307
-0.08845292307692308
-0.058829538461538454
-0.03504738461538461
-0.022947692307692308
-0.017315076923076923
-0.021070153846153846
-0.014811692307692307
-0.002086153846153846
-0.0006258461538461538
0.002086153846153846
-0.004798153846153846
-0.009804923076923077
-0.0077187692307692304
-0.014185846153846153
-0.011473846153846154
-0.02357353846153846
-0.041514461538461535
-0.05319692307692307
-0.06028984615384615
-0.05048492307692308
-0.04422646153846154
-0.04380923076923077
-0.04109723076923077
-0.035464615384615386
-0.028371692307692306
-0.017940923076923077
-0.010639384615384617
-0.0025033846153846152
-0.0029206153846153843
-0.008761846153846153
-0.009179076923076922
-0.017315076923076923
-0.023364923076923075
-0.03692492307692308
-0.04672984615384615
-0.04109723076923077
-0.02795446153846154
-0.002086153846153846
0.02044430769230769
0.03859384615384615
0.05382276923076923
0.059664
0.06133292307692308
0.051528
0.029623384615384614
0.0002086153846153846
-0.028163076923076923
-0.04401784615384615
-0.059664
-0.07802215384615384
-0.08991323076923076
-0.08636676923076922
-0.062376
-0.02211323076923077
0.016480615384615385
0.04693846153846153
0.08073415384615384
0.11640738461538462
0.13747753846153846
0.13852061538461538
0.11557292307692307
0.07197230769230768
0.01272553846153846
-0.05653476923076922
-0.10347323076923076
-0.13455692307692307
-0.14853415384615384
-0.13768615384615385
-0.11160923076923077
-0.05298830769230769
0.01710646153846154
0.08052553846153847
0.1397723076923077
0.16730953846153845
0.16251138461538459
0.13247076923076923
0.07280676923076923
0.006467076923076923
-0.06258461538461538
-0.12955015384615384
-0.17023015384615386
-0.1794092307692308
-0.1543753846153846
-0.10639384615384614
-0.04109723076923077
0.04401784615384615
0.13455692307692307
0.20861538461538462
0.2480436923076923
0.25242461538461536
0.21341353846153846
0.143736
0.06967753846153846
-0.006675692307692307
-0.08302892307692307
-0.15208061538461537
-0.19046584615384615
-0.18775384615384613
-0.14749107692307692
-0.08344615384615384
-0.014185846153846153
0.06529661538461538
0.14394461538461537
0.20193969230769232
0.23928184615384615
0.2357353846153846
0.19046584615384615
0.1205796923076923
0.03483876923076923
-0.03921969230769231
-0.10952307692307692
-0.1696043076923077
-0.20360861538461536
-0.21842030769230766
-0.20527753846153846
-0.1942209230769231
-0.1783661538461538
-0.18128676923076922
-0.22029784615384615
-0.19004861538461537
-0.11098338461538461
0.023782153846153845
0.20256553846153844
0.3544375384615384
0.5373932307692307
0.690516923076923
0.8158947692307691
0.8905790769230769
0.7722941538461539
0.5094387692307691
0.20047938461538461
-0.10159569230769232
-0.38030584615384616
-0.5978916923076923
-0.7649926153846154
-0.8609556923076923
-0.8010830769230769
-0.6001864615384616
-0.29644246153846154
0.02357353846153846
0.29414769230769233
0.48941169230769227
0.6049846153846153
0.6143723076923077
0.5138196923076923
0.31104553846153843
-0.017940923076923077
-0.34651015384615386
-0.6122861538461538
-0.7791784615384616
-0.7791784615384616
-0.6850929230769232
-0.4912892307692307
-0.23218892307692307
0.010639384615384617
0.2872633846153846
0.5071439999999999
0.5924676923076923
0.5893384615384615
0.47877230769230766
0.34338092307692303
0.23218892307692307
0.11348676923076922
0.01272553846153846
-0.10180430769230768
-0.1940123076923077
-0.22634769230769228
-0.20861538461538462
-0.15103753846153847
-0.10910584615384614
-0.059664
-0.007301538461538462
0.03609046153846154
0.10138707692307691
0.1151556923076923
0.07677046153846154
0.03337846153846154
-0.022530461538461537
-0.034630153846153845
-0.01814953846153846
0.010222153846153844
0.07739630769230768
0.12412615384615384
0.14853415384615384
0.16459753846153846
0.130176
0.03337846153846154
-0.09304246153846155
-0.20256553846153844
-0.2509643076923077
-0.21758584615384616
-0.12245723076923076
0.02273907692307692
0.18983999999999998
0.3383741538461538
0.466464
0.5511618461538461
0.5319692307692307
0.42933046153846155
0.28893230769230765
0.12037107692307693
-0.027328615384615382
-0.15228923076923076
-0.2503384615384615
-0.2906012307692308
-0.27975323076923075
-0.20527753846153846
-0.08866153846153846
0.03421292307692308
0.14394461538461537
0.22864246153846152
0.2966510769230769
0.32502276923076917
0.3087507692307692
0.2275993846153846
0.08010830769230769
-0.07551876923076924
-0.24846092307692308
-0.39678646153846153
-0.4775206153846153
-0.5169489230769231
-0.47647753846153845
-0.35318584615384613
-0.1712732307692308
0.05382276923076923
0.26452430769230767
0.425784
0.5259193846153846
0.5538738461538462
0.5244590769230769
0.44810584615384613
0.31188
0.12934153846153845
-0.06425353846153846
-0.23239753846153846
-0.3402516923076923
-0.37550769230769226
-0.3548547692307692
-0.3035353846153846
-0.2138307692307692
-0.092208
0.0446436923076923
0.17377661538461536
0.23782153846153845
0.25847446153846154
0.24700061538461537
0.19672430769230767
0.14081538461538462
0.059872615384615385
-0.042557538461538466
-0.14123261538461537
-0.22426153846153846
-0.26640184615384616
-0.27412061538461535
-0.26681907692307694
-0.24574892307692306
-0.21091015384615383
-0.15416676923076922
-0.0744756923076923
0.014603076923076923
0.09533723076923077
0.1558356923076923
0.19213476923076922
0.19568123076923075
0.1777403076923077
0.15646153846153846
0.11640738461538462
0.06070707692307692
0.008761846153846153
-0.04380923076923077
-0.07280676923076923
-0.0798996923076923
-0.086784
-0.06633969230769231
-0.03942830769230769
0.002086153846153846
0.06821723076923077
0.12329169230769231
0.17419384615384614
0.20423446153846153
0.21341353846153846
0.20965846153846154
0.18525046153846153
0.14311015384615386
0.06759138461538462
-0.026076923076923077
-0.11807630769230769
-0.20402584615384614
-0.2620209230769231
-0.2899753846153846
-0.28392553846153845
-0.22822523076923076
-0.14665661538461539
-0.04672984615384615
0.065088
0.15792184615384616
0.24554030769230767
0.31188
0.32982092307692307
0.32001599999999997
0.2647329230769231
0.16981292307692308
0.05090215384615384
-0.0880356923076923
-0.21028430769230766
-0.3062473846153846
-0.36340799999999995
-0.3707095384615384
-0.3216849230769231
-0.23448369230769228
-0.13101046153846155
-0.015228923076923076
0.07489292307692308
0.13935507692307691
0.17565415384615385
0.16897846153846155
0.13726892307692307
0.07572738461538461
-0.0012516923076923076
-0.07197230769230768
-0.13351384615384615
-0.16730953846153845
-0.17461107692307692
-0.16584923076923075
-0.13372246153846154
-0.07969107692307692
-0.0025033846153846152
0.07614461538461538
0.14039815384615384
0.184416
0.1908830769230769
0.17544553846153846
0.12350030769230769
0.054240000000000003
-0.016480615384615385
-0.09721476923076922
-0.14728246153846153
-0.16084246153846155
-0.14060676923076923
-0.103056
-0.07259815384615384
-0.04214030769230769
-0.016272
-0.0014603076923076922
0.0006258461538461538
-0.013351384615384614
-0.045895384615384616
-0.09387692307692307
-0.13643446153846153
-0.16209415384615386
-0.1652233846153846
-0.15562707692307692
-0.13914646153846155
-0.11160923076923077
-0.07364123076923076
-0.026702769230769228
0.006675692307692307
0.028788923076923077
0.027745846153846152
0.005215384615384615
-0.013768615384615384
-0.03880246153846154
-0.05277969230769231
-0.05319692307692307
-0.04714707692307692
-0.02023569230769231
0.02232184615384615
0.0771876923076923
0.12955015384615384
0.1504116923076923
0.1489513846153846
0.13393107692307693
0.11035753846153845
0.08720123076923077
0.06279323076923077
0.044435076923076924
0.03296123076923077
0.03588184615384615
0.04735569230769231
0.049233230769230765
0.03567323076923076
0.003755076923076923
-0.03775938461538462
-0.07009476923076922
-0.08949599999999999
-0.09867507692307692
-0.10597661538461538
-0.10597661538461538
-0.07802215384615384
-0.03379569230769231
0.023364923076923075
0.07072061538461538
0.09930092307692308
0.11286092307692308
0.1070196923076923
0.10430769230769231
0.08824430769230769
0.06070707692307692
0.016897846153846156
-0.030875076923076922
-0.049233230769230765
-0.053614153846153846
-0.04819015384615385
-0.03108369230769231
0.0012516923076923076
0.04276615384615385
0.09471138461538461
0.14582215384615385
0.1775316923076923
0.1783661538461538
0.1395636923076923
0.08073415384615384
0.008970461538461538
-0.059038153846153844
-0.1178676923076923
-0.1656406153846154
-0.18629353846153843
-0.17502830769230768
-0.12788123076923075
-0.06321046153846153
0.005632615384615384
0.06154153846153846
0.08866153846153846
0.09909230769230769
0.09283384615384616
0.06279323076923077
0.013768615384615384
-0.04985907692307692
-0.11056615384615384
-0.1506203076923077
-0.15833907692307692
-0.13455692307692307
-0.0936683076923077
-0.04088861538461538
0.014185846153846153
0.07426707692307692
0.12955015384615384
0.16188553846153847
0.16459753846153846
0.13747753846153846
0.09387692307692307
0.04902461538461538
0.011056615384615385
-0.022530461538461537
-0.0448523076923077
-0.056951999999999996
-0.05653476923076922
-0.033169846153846154
-0.0025033846153846152
0.017732307692307693
0.019609846153846155
0.015437538461538461
0.017315076923076923
0.016897846153846156
0.007510153846153846
-0.008970461538461538
-0.02899753846153846
-0.0448523076923077
-0.04276615384615385
-0.02315630769230769
0.016063384615384615
0.06613107692307692
0.11181784615384616
0.16793538461538463
0.22405292307692307
0.26786215384615386
0.2872633846153846
0.2774584615384615
0.2507556923076923
0.2138307692307692
0.18545907692307692
0.16063384615384615
0.138312
0.12016246153846154
0.100344
0.08824430769230769
0.08323753846153846
0.07468430769230769
0.055491692307692304
0.02273907692307692
-0.015854769230769228
-0.04276615384615385
-0.06049846153846154
-0.05716061538461538
-0.04526953846153846
-0.03775938461538462
-0.024199384615384616
-0.0043809230769230765
0.015646153846153844
0.02524246153846154
0.02795446153846154
0.015228923076923076
-0.002712
-0.017315076923076923
-0.03150092307692308
-0.04568676923076923
-0.06383630769230769
-0.08344615384615384
-0.08887015384615385
-0.07572738461538461
-0.05528307692307692
-0.020652923076923076
0.015020307692307692
0.04985907692307692
0.08824430769230769
0.12391753846153845
0.15291507692307693
0.15896492307692306
0.1422756923076923
0.10263876923076923
0.04714707692307692
-0.015854769230769228
-0.07572738461538461
-0.12099692307692309
-0.14206707692307693
-0.138312
-0.11202646153846153
-0.059664
-0.0008344615384615384
0.06216738461538462
0.11473846153846154
0.14728246153846153
0.165432
0.15208061538461537
0.11494707692307692
0.05507446153846154
-0.017940923076923077
-0.08866153846153846
-0.15500123076923078
-0.2073636923076923
-0.24345415384615382
-0.24679199999999998
-0.20486030769230767
-0.12955015384615384
-0.043600615384615383
0.034630153846153845
0.09909230769230769
0.14728246153846153
0.1867107692307692
0.21132738461538458
0.21111876923076925
0.18066092307692305
0.12725538461538463
0.0678
0.005424
-0.06049846153846154
-0.12412615384615384
-0.17169046153846151
-0.19860184615384616
-0.200688
-0.17252492307692308
-0.12767261538461538
-0.07489292307692308
-0.016272
0.042974769230769226
0.09471138461538461
0.13518276923076925
0.15813046153846153
0.15959076923076923
0.13893784615384613
0.09679753846153846
0.05382276923076923
0.017732307692307693
-0.013560000000000001
-0.04088861538461538
-0.06529661538461538
-0.0826116923076923
-0.08469784615384615
-0.07343261538461537
-0.06133292307692308
-0.042348923076923076
-0.02524246153846154
-0.013142769230769229
-0.014394461538461538
-0.03775938461538462
-0.08511507692307693
-0.1635544615384615
-0.17502830769230768
-0.11891076923076922
-0.015646153846153844
0.1353913846153846
0.24282830769230768
0.36257353846153845
0.45332123076923075
0.4958787692307692
0.4783550769230769
0.3707095384615384
0.20819815384615384
-0.03838523076923077
-0.23385784615384617
-0.41994276923076923
-0.5701458461538461
-0.6498369230769231
-0.7109612307692308
-0.6147895384615384
-0.44309907692307693
-0.18086953846153844
0.1207883076923077
0.35256
0.5455292307692308
0.6287667692307692
0.6356510769230769
0.547824
0.3648683076923077
0.10994030769230768
-0.20152246153846154
-0.4577021538461538
-0.6337735384615385
-0.680712
-0.6022726153846154
-0.4577021538461538
-0.2355267692307692
-0.0070929230769230765
0.20632061538461538
0.41076369230769233
0.5100646153846153
0.5238332307692307
0.47668615384615387
0.3863556923076923
0.32001599999999997
0.22947692307692308
0.11536430769230768
-0.006467076923076923
-0.14728246153846153
-0.25930892307692305
-0.3440067692307692
-0.39365723076923076
-0.40659138461538463
-0.39219692307692305
-0.3291950769230769
-0.22780799999999998
-0.08636676923076922
0.06967753846153846
0.20152246153846154
0.32314523076923074
0.4182738461538461
0.4652123076923077
0.485448
0.44956615384615384
0.36445107692307693
0.2574313846153846
0.08574092307692306
-0.09179076923076923
-0.252216
-0.42015138461538465
-0.5436516923076923
-0.6147895384615384
-0.5968486153846153
-0.46771569230769233
-0.26535876923076923
-0.014185846153846153
0.25430215384615384
0.5004683076923077
0.6775827692307692
0.7689563076923076
0.7468430769230768
0.593928
0.3577753846153846
0.08073415384615384
-0.19609846153846153
-0.44038707692307694
-0.647124923076923
-0.7633236923076923
-0.7647839999999999
-0.6702812307692307
-0.4789809230769231
-0.23385784615384617
0.03150092307692308
0.2966510769230769
0.5250849230769231
0.6702812307692307
0.706163076923077
0.6375286153846154
0.46896738461538456
0.23782153846153845
-0.004589538461538461
-0.24282830769230768
-0.43642338461538455
-0.5605495384615384
-0.6035243076923077
-0.5325950769230768
-0.385104
-0.18232984615384615
0.0446436923076923
0.235944
0.3826006153846154
0.46625538461538457
0.47606030769230767
0.4318338461538461
0.3321156923076923
0.1829556923076923
0.014185846153846153
-0.14311015384615386
-0.26723630769230766
-0.35256
-0.39595199999999997
-0.40012430769230767
-0.3502652307692307
-0.25054707692307693
-0.13184492307692308
-0.009179076923076922
0.08469784615384615
0.1395636923076923
0.1783661538461538
0.19568123076923075
0.19317784615384614
0.1718990769230769
0.12850707692307692
0.07468430769230769
0.019192615384615384
-0.024199384615384616
-0.05069353846153846
-0.06154153846153846
-0.07426707692307692
-0.07927384615384615
-0.07948246153846153
-0.08845292307692308
-0.09450276923076922
-0.1028473846153846
-0.09992676923076924
-0.06738276923076922
-0.009179076923076922
0.059664
0.12788123076923075
0.17628
0.20277415384615383
0.20798953846153845
0.1908830769230769
0.14978584615384616
0.08323753846153846
-0.0016689230769230767
-0.07927384615384615
-0.12433476923076923
-0.13935507692307691
-0.11891076923076922
-0.06863446153846153
-0.0043809230769230765
0.0717636923076923
0.1462393846153846
0.20423446153846153
0.23344061538461539
0.21654276923076923
0.16876984615384616
0.0936683076923077
0.003963692307692307
-0.07280676923076923
-0.14916
-0.20131384615384615
-0.21883753846153844
-0.19150892307692308
-0.11870215384615385
-0.034630153846153845
0.06800861538461538
0.16605784615384614
0.24658338461538462
0.3072904615384615
0.31897292307692304
0.273912
0.18712800000000002
0.06487938461538462
-0.07134646153846153
-0.18983999999999998
-0.28476
-0.3408775384615384
-0.3540203076923077
-0.30583015384615386
-0.1927606153846154
-0.04401784615384615
0.11348676923076922
0.24679199999999998
0.3369138461538461
0.3780110769230769
0.3669544615384615
0.30332676923076923
0.19985353846153847
0.065088
-0.07551876923076924
-0.19150892307692308
-0.2582658461538461
-0.2757895384615385
-0.25138153846153843
-0.18629353846153843
-0.09721476923076922
0.021487384615384613
0.14519630769230768
0.24449723076923074
0.30290953846153845
0.30061476923076924
0.25367630769230765
0.1802436923076923
0.08949599999999999
-0.011473846153846154
-0.11411261538461538
-0.19818461538461538
-0.24095076923076922
-0.233232
-0.1785747692307692
-0.0988836923076923
-0.02023569230769231
0.053614153846153846
0.12516923076923075
0.18274707692307693
0.21487384615384614
0.208824
0.1639716923076923
0.10409907692307692
0.04693846153846153
0.012934153846153845
-0.007510153846153846
-0.02273907692307692
-0.024199384615384616
-0.022530461538461537
-0.009596307692307692
-0.0002086153846153846
0.003129230769230769
0.0002086153846153846
-0.02482523076923077
-0.05069353846153846
-0.07155507692307693
-0.0826116923076923
-0.08991323076923076
-0.09387692307692307
-0.07906523076923076
-0.05236246153846154
-0.01272553846153846
0.02795446153846154
0.06028984615384615
0.0826116923076923
0.08302892307692307
0.07656184615384615
0.06863446153846153
0.04568676923076923
0.0014603076923076922
-0.06154153846153846
-0.1218313846153846
-0.15833907692307692
-0.17273353846153844
-0.17085599999999998
-0.157296
-0.1368516923076923
-0.09971815384615385
-0.04526953846153846
0.01397723076923077
0.059038153846153844
0.07656184615384615
0.078648
0.07843938461538462
0.078648
0.06717415384615384
0.04172307692307692
0.013560000000000001
-0.018358153846153843
-0.04109723076923077
-0.05319692307692307
-0.06425353846153846
-0.0717636923076923
-0.08636676923076922
-0.103056
-0.10806276923076923
-0.10389046153846154
-0.08365476923076923
-0.05778646153846154
-0.03045784615384615
0.017940923076923077
0.078648
0.14081538461538462
0.19463815384615382
0.22175815384615383
0.21883753846153844
0.19526400000000002
0.15291507692307693
0.092208
0.0050067692307692304
-0.0936683076923077
-0.18191261538461537
-0.2411593846153846
-0.24992123076923078
-0.21883753846153844
-0.14811692307692306
-0.04631261538461538
0.07009476923076922
0.19964492307692308
0.31542646153846154
0.38885907692307686
0.41431015384615383
0.3844781538461538
0.31000246153846156
0.200688
0.06195876923076923
-0.07739630769230768
-0.21111876923076925
-0.3148006153846154
-0.36549415384615386
-0.36319938461538465
-0.30249230769230767
-0.20423446153846153
-0.07802215384615384
0.06154153846153846
0.19442953846153843
0.3137575384615385
0.39324
0.41264123076923076
0.36904061538461536
0.27704123076923076
0.15917353846153848
0.02357353846153846
-0.10660246153846153
-0.22447015384615385
-0.31188
-0.33587076923076925
-0.3072904615384615
-0.23656984615384613
-0.14540492307692307
-0.04965046153846154
0.048816000000000005
0.13184492307692308
0.18754523076923074
0.20965846153846154
0.19818461538461538
0.1597993846153846
0.10514215384615383
0.042348923076923076
-0.017940923076923077
-0.07739630769230768
-0.13247076923076923
-0.16000799999999998
-0.16856123076923077
-0.157296
-0.13518276923076925
-0.12204
-0.10785415384615385
-0.10117846153846152
-0.08845292307692308
-0.06362769230769232
-0.03275261538461539
-0.0006258461538461538
0.015228923076923076
0.03400430769230769
0.05674338461538461
0.08636676923076922
0.11536430769230768
0.12496061538461539
0.11724184615384614
0.09304246153846155
0.06571384615384615
0.03045784615384615
-0.009387692307692307
-0.05027630769230769
-0.08490646153846154
-0.09471138461538461
-0.08344615384615384
-0.05924676923076923
-0.02586830769230769
0.007927384615384614
0.04672984615384615
0.0880356923076923
0.11473846153846154
0.12516923076923075
0.10660246153846153
0.06633969230769231
0.0050067692307692304
-0.06362769230769232
-0.119328
-0.16856123076923077
-0.19192615384615386
-0.18858830769230767
-0.15187199999999998
-0.07843938461538462
0.005424
0.09450276923076922
0.1696043076923077
0.21821169230769227
0.25117292307692307
0.25367630769230765
0.23156307692307693
0.184416
0.10868861538461538
0.03650769230769231
-0.023782153846153845
-0.05319692307692307
-0.054657230769230764
-0.03984553846153846
-0.0018775384615384615
0.037967999999999995
0.08866153846153846
0.12913292307692306
0.14144123076923076
0.13768615384615385
0.10368184615384615
0.05736923076923077
0.006258461538461538
-0.04401784615384615
-0.086784
-0.11014892307692307
-0.10889723076923077
-0.07739630769230768
-0.02482523076923077
0.020652923076923076
0.06279323076923077
0.08094276923076923
0.07572738461538461
0.054657230769230764
0.01272553846153846
-0.04422646153846154
-0.1045163076923077
-0.15291507692307693
-0.18232984615384615
-0.18629353846153843
-0.17002153846153847
-0.13935507692307691
-0.08115138461538463
-0.0022947692307692304
0.0880356923076923
0.1804523076923077
0.25367630769230765
0.30186646153846153
0.3081249230769231
0.27140861538461536
0.20027076923076922
0.10117846153846152
-0.017940923076923077
-0.13330523076923076
-0.21988061538461537
-0.26723630769230766
-0.26076923076923075
-0.20673784615384616
-0.1097316923076923
0.015646153846153844
0.14790830769230767
0.26306399999999996
0.33295015384615384
0.3314898461538462
0.2540935384615385
0.13393107692307693
-0.018358153846153843
-0.15333230769230768
-0.2578486153846154
-0.3210590769230769
-0.29456492307692306
-0.20047938461538461
0.04422646153846154
0.24345415384615382
0.37050092307692306
0.5438603076923076
0.5782818461538461
0.618336
0.5346812307692307
0.32606584615384615
0.09450276923076922
-0.21758584615384616
-0.3836436923076923
-0.5553341538461538
-0.6757052307692307
-0.6982356923076922
-0.6940633846153845
-0.4848221538461538
-0.2618123076923077
0.01043076923076923
0.29185292307692307
0.41535323076923075
0.5384363076923077
0.5198695384615385
0.4214030769230769
0.30019753846153846
0.042557538461538466
-0.1489513846153846
-0.37237846153846155
-0.5876695384615385
-0.6172929230769231
-0.6160412307692308
-0.4971304615384615
-0.3294036923076923
-0.19693292307692306
0.0008344615384615384
0.1597993846153846
0.33607938461538456
0.4883686153846154
0.5129852307692307
0.49003753846153847
0.41264123076923076
0.3375396923076923
0.25242461538461536
0.09033046153846153
-0.05799507692307692
-0.21091015384615383
-0.3187643076923077
-0.33524492307692305
-0.35235138461538457
-0.3214763076923077
-0.26869661538461537
-0.21111876923076925
-0.09053907692307692
0.006258461538461538
0.09971815384615385
0.21299630769230768
0.27328615384615385
0.3479704615384615
0.4026276923076923
0.40346215384615386
0.36945784615384614
0.2426196923076923
0.07259815384615384
-0.13789476923076924
-0.3442153846153846
-0.4866996923076923
-0.585792
-0.5999778461538462
-0.5780732307692308
-0.47418276923076924
-0.2532590769230769
-0.01668923076923077
0.24303692307692307
0.45624184615384616
0.59664
0.701364923076923
0.7122129230769231
0.659016
0.5184092307692307
0.2924787692307692
0.07489292307692308
-0.14582215384615385
-0.3350363076923077
-0.4754344615384615
-0.566808
-0.5565858461538462
-0.46250030769230766
-0.30270092307692303
-0.10409907692307692
0.10764553846153846
0.33816553846153846
0.5163230769230769
0.608531076923077
0.6379458461538461
0.553248
0.4184824615384615
0.241368
0.012934153846153845
-0.16251138461538459
-0.3241883076923077
-0.428496
-0.4698018461538461
-0.5021372307692308
-0.4558246153846154
-0.3567323076923076
-0.2207150769230769
-0.05820369230769231
0.07405846153846153
0.18379015384615385
0.2503384615384615
0.2906012307692308
0.32231076923076923
0.2997803076923077
0.24032492307692307
0.1368516923076923
0.021070153846153846
-0.07072061538461538
-0.1718990769230769
-0.23844738461538462
-0.28476
-0.3179298461538461
-0.2751636923076923
-0.20444307692307692
-0.12704676923076924
-0.051528
-0.006258461538461538
0.05778646153846154
0.11411261538461538
0.15208061538461537
0.18358153846153846
0.17002153846153847
0.13893784615384613
0.09429415384615383
0.04401784615384615
0.01814953846153846
-0.016272
-0.04735569230769231
-0.07739630769230768
-0.11432123076923076
-0.11244369230769231
-0.1070196923076923
-0.0771876923076923
-0.03504738461538461
-0.021696
0.017732307692307693
0.05924676923076923
0.11599015384615384
0.17148184615384612
0.1787833846153846
0.1787833846153846
0.17481969230769231
0.1721076923076923
0.17273353846153844
0.14394461538461537
0.08907876923076924
0.01981846153846154
-0.051528
-0.10326461538461539
-0.14853415384615384
-0.1804523076923077
-0.19442953846153843
-0.19735015384615384
-0.1639716923076923
-0.11432123076923076
-0.058412307692307694
0.003129230769230769
0.05173661538461538
0.10430769230769231
0.14916
0.1846246153846154
0.21445661538461538
0.2125790769230769
0.1829556923076923
0.13205353846153844
0.07927384615384615
0.03838523076923077
-0.011682461538461537
-0.06884307692307692
-0.11578153846153846
-0.14582215384615385
-0.14665661538461539
-0.11306953846153844
-0.05444861538461539
0.005841230769230769
0.061750153846153844
0.11849353846153846
0.1637630769230769
0.18796246153846152
0.1787833846153846
0.14290153846153844
0.10138707692307691
0.056326153846153845
0.013768615384615384
-0.03275261538461539
-0.08574092307692306
-0.127464
-0.15938215384615384
-0.1696043076923077
-0.15520984615384617
-0.12788123076923075
-0.08782707692307692
-0.045060923076923075
0.0016689230769230767
0.047772923076923074
0.08490646153846154
0.10597661538461538
0.11160923076923077
0.10576799999999999
0.08073415384615384
0.04860738461538461
0.014185846153846153
-0.024199384615384616
-0.06550523076923077
-0.10514215384615383
-0.13434830769230768
-0.14477907692307693
-0.12913292307692306
-0.09700615384615385
-0.04631261538461538
0.00855323076923077
0.059038153846153844
0.10389046153846154
0.12162276923076921
0.12204
0.10806276923076923
0.07656184615384615
0.03421292307692308
-0.011473846153846154
-0.06028984615384615
-0.09971815384615385
-0.11911938461538461
-0.1136953846153846
-0.09053907692307692
-0.07072061538461538
-0.04526953846153846
-0.02899753846153846
-0.008136
0.015228923076923076
0.02357353846153846
0.027328615384615382
0.008344615384615384
-0.011891076923076923
-0.022947692307692308
-0.02524246153846154
-0.01668923076923077
-0.003129230769230769
0.015437538461538461
0.03379569230769231
0.04985907692307692
0.061750153846153844
0.06738276923076922
0.06279323076923077
0.054240000000000003
0.03692492307692308
0.02357353846153846
0.01272553846153846
0.002086153846153846
0.002086153846153846
-0.004798153846153846
0.0014603076923076922
0.01940123076923077
0.03337846153846154
0.0448523076923077
0.03984553846153846
0.031918153846153846
0.026285538461538457
0.02023569230769231
0.010639384615384617
-0.014603076923076923
-0.040679999999999994
-0.05090215384615384
-0.043392
-0.021696
-0.0012516923076923076
0.005215384615384615
0.008344615384615384
0.014603076923076923
0.024408000000000003
0.03483876923076923
0.029414769230769227
0.020652923076923076
0.015228923076923076
0.015854769230769228
0.02858030769230769
0.03859384615384615
0.04318338461538461
0.04860738461538461
0.05298830769230769
0.06800861538461538
0.08094276923076923
0.0717636923076923
0.059664
0.046104
0.043392
0.05674338461538461
0.07197230769230768
0.08469784615384615
0.0828203076923077
0.07781353846153846
0.07489292307692308
0.07468430769230769
0.0717636923076923
0.049233230769230765
0.01940123076923077
-0.008970461538461538
-0.025033846153846153
-0.026285538461538457
-0.027745846153846152
-0.01981846153846154
-0.006049846153846154
0.01981846153846154
0.07134646153846153
0.12245723076923076
0.16063384615384615
0.16626646153846153
0.13789476923076924
0.10076123076923077
0.05486584615384615
0.0070929230769230765
-0.056951999999999996
-0.13080184615384613
-0.18942276923076923
-0.22300984615384614
-0.2157083076923077
-0.1779489230769231
-0.12224861538461537
-0.05528307692307692
0.018358153846153843
0.09408553846153846
0.16271999999999998
0.19714153846153845
0.19150892307692308
0.1506203076923077
0.08219446153846154
0.014603076923076923
-0.06613107692307692
-0.15374953846153847
-0.23448369230769228
-0.29832
-0.314592
-0.2837169230769231
-0.2073636923076923
-0.11452984615384615
-0.019609846153846155
0.09158215384615384
0.1867107692307692
0.25805723076923076
0.2999889230769231
0.2914356923076923
0.2357353846153846
0.14018953846153845
0.029414769230769227
-0.0798996923076923
-0.1994363076923077
-0.30520430769230766
-0.37363015384615383
-0.38885907692307686
-0.3342018461538461
-0.24554030769230767
-0.12850707692307692
-0.0077187692307692304
0.10368184615384615
0.21049292307692305
0.2822566153846154
0.31751261538461534
0.29352184615384613
0.22426153846153846
0.12829846153846153
0.017315076923076923
-0.09095630769230768
-0.192552
-0.2707827692307692
-0.3243969230769231
-0.33295015384615384
-0.301032
-0.24345415384615382
-0.17085599999999998
-0.0988836923076923
-0.01814953846153846
0.07781353846153846
0.1800350769230769
0.26619323076923074
0.3285692307692308
0.3481790769230769
0.3344104615384615
0.3012406153846154
0.24470584615384613
0.17481969230769231
0.07238953846153846
-0.029623384615384614
-0.10243015384615384
-0.14916
-0.15813046153846153
-0.1424843076923077
-0.09950953846153845
-0.03379569230769231
0.05236246153846154
0.154584
0.23886461538461537
0.29602523076923076
0.3225193846153846
0.31855569230769226
0.30019753846153846
0.26765353846153844
0.20632061538461538
0.09992676923076924
-0.031709538461538456
-0.154584
-0.24679199999999998
-0.30666461538461537
-0.3452584615384615
-0.3479704615384615
-0.30249230769230767
-0.21216184615384615
-0.07739630769230768
0.07551876923076924
0.20673784615384616
0.30249230769230767
0.34943076923076927
0.3542289230769231
0.3216849230769231
0.238656
0.12016246153846154
-0.018358153846153843
-0.1476996923076923
-0.23949046153846154
-0.28893230769230765
-0.2868461538461538
-0.2478350769230769
-0.1787833846153846
-0.07614461538461538
0.045895384615384616
0.17648861538461538
0.2828824615384615
0.34880492307692307
0.3692492307692308
0.3513083076923077
0.3004061538461538
0.21237046153846154
0.10681107692307691
-0.01272553846153846
-0.11557292307692307
-0.18525046153846153
-0.2059033846153846
-0.1927606153846154
-0.1712732307692308
-0.1502030769230769
-0.13455692307692307
-0.08073415384615384
-0.017523692307692306
0.027745846153846152
0.07489292307692308
0.09804923076923076
0.13893784615384613
0.1829556923076923
0.2453316923076923
0.3896935384615384
0.34922215384615385
0.24762646153846155
0.16584923076923075
0.02023569230769231
-0.02524246153846154
-0.20402584615384614
-0.3798886153846154
-0.5292572307692308
-0.634608
-0.511524923076923
-0.4291218461538462
-0.28204799999999997
-0.17231630769230769
-0.0771876923076923
0.14978584615384616
0.2709913846153846
0.4147273846153846
0.4017932307692308
0.22342707692307692
0.10597661538461538
-0.0974233846153846
-0.20861538461538462
-0.3031181538461538
-0.4314166153846154
-0.3972036923076923
-0.3994984615384615
-0.31188
-0.10764553846153846
0.026494153846153844
0.20402584615384614
0.279336
0.30290953846153845
0.3277347692307692
0.2540935384615385
0.2342750769230769
0.17023015384615386
0.051319384615384614
-0.04714707692307692
-0.15208061538461537
-0.16876984615384616
-0.18858830769230767
-0.2369870769230769
-0.24282830769230768
-0.25242461538461536
-0.17565415384615385
-0.06717415384615384
-0.008344615384615384
0.06613107692307692
0.09909230769230769
0.13706030769230768
0.19004861538461537
0.1777403076923077
0.16626646153846153
0.1356
0.0936683076923077
0.10743692307692307
0.09116492307692307
0.06195876923076923
0.014394461538461538
-0.05486584615384615
-0.08428061538461538
-0.12537784615384615
-0.12913292307692306
-0.10263876923076923
-0.03567323076923076
0.0798996923076923
0.1506203076923077
0.2557624615384615
0.3473446153846154
0.36945784615384614
0.38030584615384616
0.31500923076923076
0.22843384615384613
0.12808984615384614
-0.004589538461538461
-0.08386338461538462
-0.16751815384615384
-0.21362215384615382
-0.18545907692307692
-0.1462393846153846
-0.07384984615384615
-0.023364923076923075
0.03421292307692308
0.12162276923076921
0.18128676923076922
0.22008923076923076
0.19004861538461537
0.13372246153846154
0.10138707692307691
0.03567323076923076
-0.030875076923076922
-0.11077476923076923
-0.2059033846153846
-0.2273907692307692
-0.23260615384615385
-0.20548615384615385
-0.13101046153846155
-0.06884307692307692
0.02044430769230769
0.08010830769230769
0.1136953846153846
0.14832553846153845
0.14436184615384615
0.12955015384615384
0.08845292307692308
0.04839876923076923
0.016063384615384615
-0.032544
-0.05611753846153846
-0.08031692307692308
-0.09784061538461537
-0.10055261538461538
-0.12662953846153846
-0.13726892307692307
-0.1424843076923077
-0.15520984615384617
-0.1358086153846154
-0.11724184615384614
-0.08240307692307691
-0.019192615384615384
0.023990769230769232
0.05924676923076923
0.07051199999999999
0.07197230769230768
0.08991323076923076
0.08198584615384615
0.054240000000000003
-0.005424
-0.08386338461538462
-0.13872923076923074
-0.18900553846153845
-0.21341353846153846
-0.22175815384615383
-0.21341353846153846
-0.16000799999999998
-0.10472492307692308
-0.03400430769230769
0.0446436923076923
0.0974233846153846
0.16647507692307692
0.2021483076923077
0.19964492307692308
0.1856676923076923
0.13852061538461538
0.10931446153846153
0.06884307692307692
0.008970461538461538
-0.044435076923076924
-0.08907876923076924
-0.09304246153846155
-0.07656184615384615
-0.04109723076923077
0.004172307692307692
0.03504738461538461
0.07531015384615385
0.11286092307692308
0.13476553846153844
0.14749107692307692
0.12266584615384615
0.0744756923076923
0.015228923076923076
-0.05716061538461538
-0.10681107692307691
-0.13872923076923074
-0.14582215384615385
-0.12496061538461539
-0.09992676923076924
-0.04819015384615385
0.018983999999999997
0.08907876923076924
0.14582215384615385
0.16271999999999998
0.16167692307692308
0.15124615384615384
0.1397723076923077
0.10681107692307691
0.04318338461538461
-0.023990769230769232
-0.08323753846153846
-0.11181784615384616
-0.11035753846153845
-0.103056
-0.084072
-0.058412307692307694
-0.024408000000000003
0.03567323076923076
0.0826116923076923
0.11557292307692307
0.13935507692307691
0.143736
0.14957723076923077
0.14790830769230767
0.13768615384615385
0.12162276923076921
0.09575446153846154
0.06258461538461538
0.03045784615384615
0.010013538461538461
0.0
-0.006467076923076923
-0.006675692307692307
0.005424
0.040679999999999994
0.08907876923076924
0.13184492307692308
0.16230276923076925
0.165432
0.1489513846153846
0.13351384615384615
0.10681107692307691
0.06404492307692307
0.01043076923076923
-0.05736923076923077
-0.11765907692307691
-0.15187199999999998
-0.16042523076923076
-0.1506203076923077
-0.14081538461538462
-0.12037107692307693
-0.08094276923076923
-0.030040615384615384
0.02899753846153846
0.06425353846153846
0.08615815384615384
0.08615815384615384
0.06070707692307692
0.03379569230769231
-0.009179076923076922
-0.04318338461538461
-0.07656184615384615
-0.11599015384615384
-0.13267938461538462
-0.12662953846153846
-0.10263876923076923
-0.06654830769230768
-0.019609846153846155
0.03755076923076923
0.09512861538461538
0.1489513846153846
0.1913003076923077
0.2154996923076923
0.21842030769230766
0.1908830769230769
0.15270646153846154
0.10222153846153846
0.03150092307692308
-0.04944184615384615
-0.12913292307692306
-0.17732307692307692
-0.19213476923076922
-0.18316430769230768
-0.14665661538461539
-0.08991323076923076
-0.02044430769230769
0.06049846153846154
0.12642092307692307
0.16418030769230768
0.1706473846153846
0.14665661538461539
0.1028473846153846
0.042348923076923076
-0.028163076923076923
-0.10994030769230768
-0.18754523076923074
-0.23969907692307693
-0.25284184615384614
-0.22801661538461537
-0.1704387692307692
-0.08866153846153846
-0.0014603076923076922
0.08031692307692308
0.15604430769230768
0.22113230769230768
0.26160369230769226
0.26306399999999996
0.22718215384615387
0.17315076923076922
0.11265230769230769
0.049233230769230765
-0.025033846153846153
-0.08720123076923077
-0.1289243076923077
-0.15562707692307692
-0.13706030769230768
-0.10243015384615384
-0.06759138461538462
-0.02482523076923077
0.018983999999999997
0.073224
0.11494707692307692
0.13476553846153844
0.13121907692307694
0.10201292307692307
0.061124307692307686
0.0070929230769230765
-0.04631261538461538
-0.09533723076923077
-0.13935507692307691
-0.15959076923076923
-0.1733593846153846
-0.17815753846153848
-0.15228923076923076
-0.11891076923076922
-0.06905169230769231
-0.010848
0.04422646153846154
0.11202646153846153
0.15959076923076923
0.18504184615384617
0.18399876923076922
0.1476996923076923
0.09930092307692308
0.043392
-0.017315076923076923
-0.07948246153846153
-0.130176
-0.15228923076923076
-0.138312
-0.09700615384615385
-0.04422646153846154
0.0077187692307692304
0.06070707692307692
0.10952307692307692
0.14018953846153845
0.15124615384615384
0.12433476923076923
0.07426707692307692
0.021696
-0.02586830769230769
-0.05194523076923077
-0.07259815384615384
-0.08073415384615384
-0.06905169230769231
-0.049233230769230765
-0.013768615384615384
0.040054153846153843
0.092208
0.12850707692307692
0.14394461538461537
0.14060676923076923
0.13601723076923075
0.11828492307692307
0.09554584615384615
0.07364123076923076
0.04526953846153846
0.02545107692307692
0.016063384615384615
0.014603076923076923
0.01043076923076923
0.003963692307692307
-0.005424
-0.016063384615384615
-0.017732307692307693
-0.021278769230769233
-0.02795446153846154
-0.03588184615384615
-0.04109723076923077
-0.03108369230769231
-0.012934153846153845
-0.006467076923076923
-0.015437538461538461
-0.03504738461538461
-0.05799507692307692
-0.07343261538461537
-0.08720123076923077
-0.0974233846153846
-0.10409907692307692
-0.10389046153846154
-0.09700615384615385
-0.08052553846153847
-0.05799507692307692
-0.053614153846153846
-0.044435076923076924
-0.028371692307692306
-0.0029206153846153843
0.03400430769230769
0.059038153846153844
0.078648
0.08094276923076923
0.07009476923076922
0.056951999999999996
0.02899753846153846
-0.015020307692307692
-0.07572738461538461
-0.1368516923076923
-0.1760713846153846
-0.19046584615384615
-0.17148184615384612
-0.13372246153846154
-0.0855323076923077
-0.025659692307692307
0.03045784615384615
0.0826116923076923
0.10201292307692307
0.08031692307692308
0.04735569230769231
0.010013538461538461
-0.024199384615384616
-0.05507446153846154
-0.07843938461538462
-0.08720123076923077
-0.08615815384615384
-0.07343261538461537
-0.05444861538461539
-0.032544
-0.018983999999999997
-0.012099692307692308
0.003963692307692307
0.022530461538461537
0.03942830769230769
0.054240000000000003
0.059872615384615385
0.061124307692307686
0.06759138461538462
0.073224
0.07280676923076923
0.06258461538461538
0.03838523076923077
0.013351384615384614
-0.006258461538461538
-0.022530461538461537
-0.035464615384615386
-0.06383630769230769
-0.10138707692307691
-0.13267938461538462
-0.15145476923076923
-0.14540492307692307
-0.12996738461538462
-0.11640738461538462
-0.09283384615384616
-0.05298830769230769
-0.0018775384615384615
0.058829538461538454
0.10848000000000001
0.13393107692307693
0.13706030769230768
0.11411261538461538
0.07384984615384615
0.013351384615384614
-0.06529661538461538
-0.12996738461538462
-0.1706473846153846
-0.17586276923076924
-0.14957723076923077
-0.11870215384615385
-0.09283384615384616
-0.04130584615384615
0.07343261538461537
0.21529107692307692
0.3819747692307692
0.5259193846153846
0.6162498461538461
0.6869704615384615
0.6846756923076923
0.6356510769230769
0.4971304615384615
0.28476
0.05444861538461539
-0.16730953846153845
-0.3214763076923077
-0.48023261538461537
-0.5392707692307692
-0.5317606153846154
-0.4541556923076923
-0.24658338461538462
-0.03379569230769231
0.21237046153846154
0.40012430769230767
0.5100646153846153
0.5567944615384616
0.47939815384615386
0.3344104615384615
0.127464
-0.10472492307692308
-0.3239796923076923
-0.49400123076923075
-0.5618012307692307
-0.5357243076923077
-0.4026276923076923
-0.20256553846153844
0.009804923076923077
0.21737723076923077
0.37008369230769234
0.47418276923076924
0.5069353846153847
0.42953907692307686
0.3016578461538461
0.143736
0.008970461538461538
-0.0771876923076923
-0.15667015384615385
-0.21696000000000001
-0.24866953846153847
-0.24762646153846155
-0.2154996923076923
-0.16772676923076923
-0.127464
-0.08574092307692306
-0.03379569230769231
0.008970461538461538
0.029623384615384614
0.029623384615384614
-0.003755076923076923
-0.037967999999999995
-0.05611753846153846
-0.07384984615384615
-0.061124307692307686
-0.04631261538461538
-0.026285538461538457
0.008970461538461538
0.024616615384615383
0.014394461538461538
-0.021278769230769233
-0.07364123076923076
-0.13768615384615385
-0.18066092307692305
-0.1873366153846154
-0.15374953846153847
-0.05611753846153846
0.06759138461538462
0.18525046153846153
0.295608
0.37029230769230764
0.39636923076923075
0.3590270769230769
0.24887815384615386
0.10180430769230768
-0.03921969230769231
-0.16000799999999998
-0.2436627692307692
-0.2947735384615384
-0.3054129230769231
-0.25388492307692306
-0.1558356923076923
-0.02023569230769231
0.11473846153846154
0.22822523076923076
0.3095852307692307
0.35798399999999997
0.3836436923076923
0.35256
0.28788923076923073
0.18274707692307693
0.051528
-0.047772923076923074
-0.132888
-0.17377661538461536
-0.16292861538461537
-0.12245723076923076
-0.040262769230769234
0.07092923076923077
0.1913003076923077
0.29227015384615385
0.33899999999999997
0.31918153846153846
0.25430215384615384
0.16459753846153846
0.06279323076923077
-0.037342153846153844
-0.13455692307692307
-0.21967199999999998
-0.2643156923076923
-0.26535876923076923
-0.22843384615384613
-0.16188553846153847
-0.09575446153846154
-0.043392
-0.0002086153846153846
0.03108369230769231
0.03942830769230769
0.024616615384615383
-0.027745846153846152
-0.09471138461538461
-0.1476996923076923
-0.19004861538461537
-0.2073636923076923
-0.21007569230769232
-0.20444307692307692
-0.16626646153846153
-0.09784061538461537
-0.015020307692307692
0.07030338461538461
0.13330523076923076
0.1666836923076923
0.17481969230769231
0.15124615384615384
0.09971815384615385
0.040679999999999994
-0.021070153846153846
-0.07030338461538461
-0.08845292307692308
-0.08490646153846154
-0.050067692307692306
0.009387692307692307
0.06967753846153846
0.12162276923076921
0.15145476923076923
0.157296
0.14018953846153845
0.09867507692307692
0.029414769230769227
-0.041514461538461535
-0.09596307692307693
-0.13038461538461538
-0.12808984615384614
-0.11202646153846153
-0.08469784615384615
-0.037967999999999995
0.024408000000000003
0.08574092307692306
0.1341396923076923
0.15938215384615384
0.16042523076923076
0.15333230769230768
0.127464
0.08511507692307693
0.03421292307692308
-0.01397723076923077
-0.047772923076923074
-0.06195876923076923
-0.059038153846153844
-0.03609046153846154
0.003963692307692307
0.05236246153846154
0.1097316923076923
0.1502030769230769
0.16188553846153847
0.15374953846153847
0.11640738461538462
0.055491692307692304
-0.010639384615384617
-0.07405846153846153
-0.12788123076923075
-0.165432
-0.1846246153846154
-0.17899199999999998
-0.15145476923076923
-0.11557292307692307
-0.0717636923076923
-0.03567323076923076
-0.01940123076923077
-0.015228923076923076
-0.014394461538461538
-0.017523692307692306
-0.022530461538461537
-0.03379569230769231
-0.04526953846153846
-0.03129230769230769
0.002712
0.049233230769230765
0.08991323076923076
0.10535076923076922
0.10514215384615383
0.0988836923076923
0.08469784615384615
0.05277969230769231
0.0014603076923076922
-0.06279323076923077
-0.11995384615384615
-0.1570873846153846
-0.17461107692307692
-0.1635544615384615
-0.13455692307692307
-0.0892873846153846
-0.026076923076923077
0.031918153846153846
0.08490646153846154
0.11202646153846153
0.10430769230769231
0.0717636923076923
0.014185846153846153
-0.05444861538461539
-0.13080184615384613
-0.2008966153846154
-0.25367630769230765
-0.2899753846153846
-0.29039261538461536
-0.24992123076923078
-0.1783661538461538
-0.08302892307692307
0.006467076923076923
0.0853236923076923
0.15103753846153847
0.19296923076923078
0.21216184615384615
0.1927606153846154
0.1462393846153846
0.08365476923076923
0.018775384615384614
-0.03421292307692308
-0.08094276923076923
-0.1070196923076923
-0.11411261538461538
-0.09512861538461538
-0.046104
0.0
0.03421292307692308
0.04526953846153846
0.03859384615384615
0.03692492307692308
0.02795446153846154
0.01814953846153846
0.010848
-0.0008344615384615384
0.0
0.008344615384615384
0.013142769230769229
0.012308307692307691
-0.005215384615384615
-0.03108369230769231
-0.050067692307692306
-0.06884307692307692
-0.08198584615384615
-0.08782707692307692
-0.07885661538461539
-0.04985907692307692
-0.006884307692307692
0.06133292307692308
0.12412615384615384
0.1696043076923077
0.20235692307692305
0.21111876923076925
0.2090326153846154
0.1883796923076923
0.14728246153846153
0.08949599999999999
0.014603076923076923
-0.05528307692307692
-0.10764553846153846
-0.13914646153846155
-0.14477907692307693
-0.13184492307692308
-0.0892873846153846
-0.009596307692307692
0.09700615384615385
0.2056947692307692
0.28434276923076923
0.3239796923076923
0.31813846153846154
0.2695310769230769
0.18629353846153843
0.06800861538461538
-0.06675692307692307
-0.19505538461538463
-0.29832
-0.3421292307692308
-0.32189353846153845
-0.24658338461538462
-0.12934153846153845
0.009596307692307692
0.16605784615384614
0.3202246153846154
0.4424732307692308
0.500676923076923
0.4850307692307692
0.3944916923076923
0.2517987692307692
0.09763200000000001
-0.05194523076923077
-0.1785747692307692
-0.276624
-0.32961230769230765
-0.3116713846153846
-0.23072861538461537
-0.10263876923076923
0.037967999999999995
0.16188553846153847
0.2641070769230769
0.32043323076923075
0.3377483076923077
0.3116713846153846
0.21862892307692305
0.07405846153846153
-0.08448923076923077
-0.21633415384615384
-0.3133403076923077
-0.37967999999999996
-0.3982467692307692
-0.3567323076923076
-0.2643156923076923
-0.12537784615384615
0.03483876923076923
0.18274707692307693
0.28893230769230765
0.3379569230769231
0.3377483076923077
0.2937304615384615
0.21070153846153844
0.10201292307692307
-0.013142769230769229
-0.11223507692307692
-0.16209415384615386
-0.17231630769230769
-0.1424843076923077
-0.07948246153846153
-0.008970461538461538
0.07218092307692307
0.14018953846153845
0.19526400000000002
0.22154953846153846
0.20986707692307693
0.1696043076923077
0.10576799999999999
0.048816000000000005
-0.005215384615384615
-0.04693846153846153
-0.08073415384615384
-0.10681107692307691
-0.11494707692307692
-0.10743692307692307
-0.07969107692307692
-0.058412307692307694
-0.046104
-0.03838523076923077
-0.035464615384615386
-0.02482523076923077
-0.017940923076923077
-0.021278769230769233
-0.027120000000000002
-0.017940923076923077
0.008136
0.03838523076923077
0.06216738461538462
0.06759138461538462
0.055491692307692304
0.026702769230769228
-0.004798153846153846
-0.02899753846153846
-0.05653476923076922
-0.08302892307692307
-0.10096984615384616
-0.09909230769230769
-0.07697907692307693
-0.04735569230769231
-0.00855323076923077
0.028788923076923077
0.065088
0.10555938461538462
0.132888
0.13935507692307691
0.11181784615384616
0.055491692307692304
-0.004798153846153846
-0.05570030769230769
-0.08615815384615384
-0.10743692307692307
-0.11536430769230768
-0.10117846153846152
-0.054657230769230764
0.027328615384615382
0.11411261538461538
0.18900553846153845
0.23782153846153845
0.2586830769230769
0.25993476923076925
0.233232
0.17315076923076922
0.08448923076923077
-0.013351384615384614
-0.0934596923076923
-0.13226215384615383
-0.1356
-0.11703323076923078
-0.07843938461538462
-0.03692492307692308
0.013142769230769229
0.06675692307692307
0.10889723076923077
0.11974523076923077
0.09304246153846155
0.05048492307692308
-0.0016689230769230767
-0.04088861538461538
-0.0678
-0.09053907692307692
-0.09471138461538461
-0.0828203076923077
-0.05674338461538461
-0.020652923076923076
0.0043809230769230765
0.017940923076923077
0.026076923076923077
0.024199384615384616
0.029623384615384614
0.03066646153846154
0.01814953846153846
0.0025033846153846152
-0.02211323076923077
-0.04130584615384615
-0.04944184615384615
-0.045895384615384616
-0.027745846153846152
-0.003755076923076923
0.037342153846153844
0.08344615384615384
0.12245723076923076
0.15187199999999998
0.15187199999999998
0.12683815384615382
0.08824430769230769
0.040262769230769234
-0.0008344615384615384
-0.05111076923076923
-0.10639384615384614
-0.13706030769230768
-0.18170399999999998
-0.18712800000000002
-0.15333230769230768
-0.10681107692307691
-0.03984553846153846
0.012308307692307691
0.061124307692307686
0.11703323076923078
0.16188553846153847
0.2355267692307692
0.344424
0.26869661538461537
0.14018953846153845
0.04109723076923077
-0.11807630769230769
-0.12767261538461538
-0.1940123076923077
-0.3682061538461538
-0.45749353846153845
-0.5092301538461538
-0.3675803076923077
-0.184416
-0.05277969230769231
0.05236246153846154
0.09283384615384616
0.26494153846153845
0.38656430769230765
0.4345458461538461
0.3571495384615384
0.09658892307692307
-0.04944184615384615
-0.21445661538461538
-0.3187643076923077
-0.3542289230769231
-0.4921236923076923
-0.46312615384615385
-0.4518609230769231
-0.3949089230769231
-0.16188553846153847
-0.04839876923076923
0.12996738461538462
0.2624381538461539
0.24616615384615384
0.2822566153846154
0.24324553846153843
0.22697353846153845
0.208824
0.05757784615384615
-0.05298830769230769
-0.17002153846153847
-0.2059033846153846
-0.17231630769230769
-0.20632061538461538
-0.20715507692307691
-0.23385784615384617
-0.1779489230769231
-0.03859384615384615
0.021278769230769233
0.09512861538461538
0.11327815384615383
0.11536430769230768
0.20548615384615385
0.21195323076923075
0.2090326153846154
0.19964492307692308
0.12141415384615384
0.10785415384615385
0.06696553846153847
-0.005215384615384615
-0.06321046153846153
-0.15374953846153847
-0.21362215384615382
-0.25388492307692306
-0.2764153846153846
-0.25305046153846156
-0.19171753846153847
-0.09533723076923077
-0.026911384615384615
0.07843938461538462
0.1927606153846154
0.24700061538461537
0.327108923076923
0.31354892307692306
0.23177169230769232
0.17231630769230769
0.06321046153846153
-0.018983999999999997
-0.1028473846153846
-0.1942209230769231
-0.19985353846153847
-0.1942209230769231
-0.14749107692307692
-0.06362769230769232
0.003755076923076923
0.12162276923076921
0.21862892307692305
0.2814221538461538
0.3045784615384615
0.2814221538461538
0.2864289230769231
0.2436627692307692
0.1777403076923077
0.08386338461538462
-0.05611753846153846
-0.10910584615384614
-0.13768615384615385
-0.15771323076923077
-0.12266584615384615
-0.12412615384615384
-0.0892873846153846
-0.019609846153846155
0.011265230769230769
0.078648
0.11849353846153846
0.12850707692307692
0.15124615384615384
0.14081538461538462
0.12579507692307693
0.09784061538461537
0.07197230769230768
0.05111076923076923
0.01272553846153846
-0.026494153846153844
-0.09867507692307692
-0.15813046153846153
-0.1860849230769231
-0.20632061538461538
-0.17732307692307692
-0.16042523076923076
-0.14039815384615384
-0.06404492307692307
0.003129230769230769
0.07697907692307693
0.13789476923076924
0.15270646153846154
0.18170399999999998
0.19505538461538463
0.1785747692307692
0.14686523076923075
0.07259815384615384
0.0016689230769230767
-0.051528
-0.09283384615384616
-0.10472492307692308
-0.10347323076923076
-0.06383630769230769
-0.006884307692307692
0.05653476923076922
0.14665661538461539
0.22447015384615385
0.3060387692307692
0.3483876923076923
0.3133403076923077
0.265776
0.18379015384615385
0.111192
0.05799507692307692
-0.0446436923076923
-0.12579507692307693
-0.17023015384615386
-0.1612596923076923
-0.08720123076923077
-0.021070153846153846
0.028163076923076923
0.05799507692307692
0.08073415384615384
0.10910584615384614
0.11849353846153846
0.10535076923076922
0.04860738461538461
-0.03275261538461539
-0.10952307692307692
-0.18253846153846154
-0.2194633846153846
-0.2411593846153846
-0.2509643076923077
-0.22947692307692308
-0.19964492307692308
-0.1356
-0.043600615384615383
0.035464615384615386
0.09825784615384614
0.12996738461538462
0.1462393846153846
0.16897846153846155
0.1783661538461538
0.14999446153846155
0.08699261538461538
0.012516923076923077
-0.043392
-0.05924676923076923
-0.058829538461538454
-0.06467076923076923
-0.07656184615384615
-0.0744756923076923
-0.04965046153846154
-0.004589538461538461
0.026076923076923077
0.027745846153846152
0.04047138461538462
0.06216738461538462
0.09471138461538461
0.12391753846153845
0.11035753846153845
0.07656184615384615
0.037967999999999995
-0.00855323076923077
-0.03880246153846154
-0.078648
-0.12975876923076923
-0.17461107692307692
-0.2075723076923077
-0.19755876923076923
-0.1506203076923077
-0.08240307692307691
-0.005424
0.06300184615384616
0.12537784615384615
0.1733593846153846
0.20131384615384615
0.2157083076923077
0.18650215384615382
0.12496061538461539
0.04714707692307692
-0.03379569230769231
-0.08135999999999999
-0.11953661538461538
-0.13121907692307694
-0.111192
-0.07113784615384615
0.013768615384615384
0.09992676923076924
0.17148184615384612
0.23469230769230767
0.260352
0.2624381538461539
0.24658338461538462
0.20548615384615385
0.14811692307692306
0.07927384615384615
0.016063384615384615
-0.03901107692307692
-0.08240307692307691
-0.10868861538461538
-0.12120553846153845
-0.0988836923076923
-0.055491692307692304
-0.006675692307692307
0.04672984615384615
0.07364123076923076
0.08448923076923077
0.0853236923076923
0.06800861538461538
0.04401784615384615
0.006049846153846154
-0.040679999999999994
-0.06654830769230768
-0.06967753846153846
-0.058829538461538454
-0.027328615384615382
0.0022947692307692304
0.015854769230769228
0.013560000000000001
-0.005424
-0.03400430769230769
-0.07906523076923076
-0.14707384615384617
-0.21779446153846155
-0.268488
-0.28163076923076924
-0.24658338461538462
-0.17461107692307692
-0.0855323076923077
0.008344615384615384
0.10722830769230769
0.1923433846153846
0.2509643076923077
0.2620209230769231
0.22029784615384615
0.14415323076923076
0.05194523076923077
-0.02858030769230769
-0.100344
-0.14164984615384615
-0.1449876923076923
-0.11390399999999999
-0.03275261538461539
0.06613107692307692
0.168144
0.26348123076923075
0.33295015384615384
0.3734215384615384
0.36966646153846155
0.3206418461538461
0.22676492307692306
0.0936683076923077
-0.04819015384615385
-0.17273353846153844
-0.2638984615384615
-0.31208861538461535
-0.31772123076923076
-0.28017046153846153
-0.19547261538461536
-0.06446215384615385
0.08574092307692306
0.214248
0.29352184615384613
0.3116713846153846
0.2722430769230769
0.18629353846153843
0.058829538461538454
-0.09387692307692307
-0.24470584615384613
-0.3686233846153846
-0.43287692307692305
-0.42640984615384614
-0.3609046153846154
-0.24866953846153847
-0.10910584615384614
0.05319692307692307
0.21216184615384615
0.33023815384615385
0.39344861538461534
0.3811403076923077
0.3054129230769231
0.1940123076923077
0.06279323076923077
-0.07551876923076924
-0.20506892307692307
-0.29456492307692306
-0.3319070769230769
-0.3102110769230769
-0.22175815384615383
-0.0963803076923077
0.03421292307692308
0.15333230769230768
0.2422024615384615
0.30270092307692303
0.31500923076923076
0.2703655384615385
0.17899199999999998
0.047981538461538464
-0.08198584615384615
-0.19442953846153843
-0.27286892307692306
-0.31646953846153847
-0.33545353846153847
-0.3187643076923077
-0.26869661538461537
-0.1858763076923077
-0.09408553846153846
-0.019192615384615384
0.03629907692307692
0.0744756923076923
0.08949599999999999
0.09074769230769231
0.07155507692307693
0.028788923076923077
-0.015646153846153844
-0.05069353846153846
-0.06070707692307692
-0.05507446153846154
-0.04714707692307692
-0.037342153846153844
-0.03775938461538462
-0.035464615384615386
-0.022530461538461537
-0.01272553846153846
-0.00855323076923077
-0.014394461538461538
-0.013560000000000001
0.010639384615384617
0.05799507692307692
0.11891076923076922
0.17169046153846151
0.20256553846153844
0.21591692307692306
0.2127876923076923
0.1858763076923077
0.12433476923076923
0.02858030769230769
-0.08428061538461538
-0.19150892307692308
-0.25367630769230765
-0.27286892307692306
-0.25346769230769234
-0.20235692307692305
-0.13455692307692307
-0.027328615384615382
0.09512861538461538
0.20924123076923076
0.2997803076923077
0.33941723076923075
0.3319070769230769
0.2782929230769231
0.19338646153846153
0.08031692307692308
-0.04902461538461538
-0.16438892307692307
-0.25284184615384614
-0.2943563076923077
-0.2860116923076923
-0.235944
-0.15938215384615384
-0.062376
0.04714707692307692
0.15813046153846153
0.24658338461538462
0.29185292307692307
0.2926873846153846
0.23761292307692305
0.14728246153846153
0.037342153846153844
-0.07739630769230768
-0.18545907692307692
-0.2764153846153846
-0.31542646153846154
-0.29331323076923077
-0.21153599999999997
-0.09241661538461539
0.029206153846153847
0.14832553846153845
0.24345415384615382
0.3077076923076923
0.32669169230769235
0.28204799999999997
0.18858830769230767
0.05570030769230769
-0.07739630769230768
-0.17481969230769231
-0.2290596923076923
-0.23761292307692305
-0.20632061538461538
-0.14206707692307693
-0.05069353846153846
0.04109723076923077
0.116616
0.1543753846153846
0.13497415384615385
0.0855323076923077
0.01272553846153846
-0.062376
-0.12704676923076924
-0.18754523076923074
-0.2221753846153846
-0.2275993846153846
-0.18545907692307692
-0.09971815384615385
-0.0025033846153846152
0.09512861538461538
0.1706473846153846
0.22572184615384616
0.25388492307692306
0.24720923076923076
0.206112
0.12725538461538463
0.031918153846153846
-0.05236246153846154
-0.11306953846153844
-0.16418030769230768
-0.184416
-0.19547261538461536
-0.18128676923076922
-0.14436184615384615
-0.08761846153846153
-0.0022947692307692304
0.07781353846153846
0.18504184615384617
0.3072904615384615
0.5025544615384615
0.5951796923076923
0.6467076923076923
0.7199316923076924
0.6782086153846154
0.6638141538461538
0.48816
0.24887815384615386
-0.03421292307692308
-0.3692492307692308
-0.5947624615384616
-0.8778535384615384
-1.0455803076923078
-1.1379969230769231
-1.1194301538461537
-0.8693003076923077
-0.5563772307692307
-0.08594953846153845
0.36445107692307693
0.7391243076923076
1.0760381538461539
1.2087175384615385
1.2214430769230769
1.035984
0.6627710769230769
0.24846092307692308
-0.2780843076923077
-0.7439224615384615
-1.0578886153846152
-1.279438153846154
-1.281732923076923
-1.1599015384615383
-0.9020529230769231
-0.4971304615384615
-0.05507446153846154
0.4577021538461538
0.8891187692307693
1.1757563076923077
1.3401452307692308
1.3270024615384615
1.2012073846153846
0.9202024615384615
0.49087200000000003
0.021696
-0.4798153846153846
-0.8755587692307691
-1.136328
-1.2875741538461538
-1.262123076923077
-1.1185956923076923
-0.8430147692307691
-0.44309907692307693
-0.027328615384615382
0.39511753846153846
0.7587341538461538
1.0080295384615385
1.174921846153846
1.2016246153846153
1.0960652307692307
0.8567833846153845
0.4912892307692307
0.08490646153846154
-0.3377483076923077
-0.7115870769230769
-0.9967643076923076
-1.171584
-1.2083003076923078
-1.1252713846153846
-0.8642935384615384
-0.46312615384615385
-0.008344615384615384
0.48649107692307686
0.913944
1.243764923076923
1.4555095384615384
1.4928516923076922
1.3806166153846153
1.0822966153846152
0.6619366153846153
0.21237046153846154
-0.2503384615384615
-0.6506713846153847
-0.961716923076923
-1.1638652307692308
-1.2060055384615385
-1.0985686153846153
-0.8419716923076922
-0.469176
-0.03275261538461539
0.43809230769230767
0.8459353846153846
1.1578153846153847
1.3353470769230769
1.3303403076923077
1.1811803076923078
0.8707606153846154
0.45436430769230773
0.019192615384615384
-0.4174393846153846
-0.7814732307692308
-1.0530904615384615
-1.2195655384615385
-1.2210258461538461
-1.0789587692307692
-0.8073415384615384
-0.4466455384615384
-0.07197230769230768
0.29039261538461536
0.5949710769230769
0.8227790769230768
0.9500344615384616
0.9343883076923076
0.7829335384615385
0.5111076923076923
0.17982646153846152
-0.15500123076923078
-0.46959323076923076
-0.7140904615384616
-0.8891187692307693
-0.9623427692307691
-0.8982978461538461
-0.7355778461538461
-0.49003753846153847
-0.2059033846153846
0.0771876923076923
0.34963938461538463
0.5720233846153846
0.7268159999999999
0.7992055384615384
0.770208
0.6533833846153847
0.47230523076923075
0.2559710769230769
0.027328615384615382
-0.19296923076923078
-0.37884553846153846
-0.52884
-0.6087396923076923
-0.6037329230769231
-0.5411483076923076
-0.4118067692307692
-0.2601433846153846
-0.10117846153846152
0.07697907692307693
0.2374043076923077
0.37780246153846153
0.4650036923076923
0.4823187692307692
0.4547815384615384
0.3836436923076923
0.2849686153846154
0.16188553846153847
0.01814953846153846
-0.12788123076923075
-0.2641070769230769
-0.35568923076923076
-0.4015846153846154
-0.42015138461538465
-0.39991569230769225
-0.35005661538461535
-0.2655673846153846
-0.14185846153846154
-0.00855323076923077
0.12913292307692306
0.241368
0.3214763076923077
0.3884418461538462
0.40888615384615384
0.38948492307692306
0.330864
0.22864246153846152
0.10868861538461538
-0.00855323076923077
-0.10117846153846152
-0.16647507692307692
-0.2008966153846154
-0.20694646153846152
-0.1881710769230769
-0.14164984615384615
-0.07906523076923076
-0.013142769230769229
0.0446436923076923
0.08135999999999999
0.11098338461538461
0.13726892307692307
0.14144123076923076
0.12850707692307692
0.08761846153846153
0.030040615384615384
-0.012934153846153845
-0.059872615384615385
-0.09825784615384614
-0.12370892307692308
-0.1504116923076923
-0.15208061538461537
-0.1356
-0.09846646153846153
-0.05298830769230769
-0.014185846153846153
0.02211323076923077
0.053614153846153846
0.08866153846153846
0.12141415384615384
0.14790830769230767
0.1656406153846154
0.16835261538461538
0.16647507692307692
0.16626646153846153
0.15145476923076923
0.12496061538461539
0.08240307692307691
0.02795446153846154
-0.02044430769230769
-0.07739630769230768
-0.13121907692307694
-0.1637630769230769
-0.173568
-0.15416676923076922
-0.11473846153846154
-0.04631261538461538
0.038176615384615385
0.11286092307692308
0.17732307692307692
0.22154953846153846
0.24074215384615386
0.21091015384615383
0.13184492307692308
0.03755076923076923
-0.06216738461538462
-0.15395815384615386
-0.2221753846153846
-0.2670276923076923
-0.2791273846153846
-0.2632726153846154
-0.23531815384615382
-0.17982646153846152
-0.11202646153846153
-0.06300184615384616
-0.03567323076923076
-0.026702769230769228
-0.015646153846153844
-0.0014603076923076922
0.0006258461538461538
-0.005215384615384615
-0.021696
-0.03859384615384615
-0.053614153846153846
-0.07301538461538462
-0.08949599999999999
-0.12120553846153845
-0.15416676923076922
-0.1666836923076923
-0.16251138461538459
-0.1476996923076923
-0.13601723076923075
-0.11828492307692307
-0.09158215384615384
-0.058412307692307694
-0.025033846153846153
0.003963692307692307
0.03150092307692308
0.04693846153846153
0.04860738461538461
0.050067692307692306
0.058412307692307694
0.06446215384615385
0.05319692307692307
0.029623384615384614
0.01043076923076923
-0.012308307692307691
-0.03942830769230769
-0.07364123076923076
-0.11014892307692307
-0.13267938461538462
-0.13101046153846155
-0.10827138461538462
-0.07364123076923076
-0.028788923076923077
0.011473846153846154
0.05027630769230769
0.0897046153846154
0.13601723076923075
0.17315076923076922
0.18525046153846153
0.1804523076923077
0.154584
0.12350030769230769
0.08720123076923077
0.052153846153846155
0.007510153846153846
-0.04318338461538461
-0.07259815384615384
-0.08177723076923075
-0.05820369230769231
-0.021904615384615383
0.021070153846153846
0.08031692307692308
0.14853415384615384
0.2288510769230769
0.2981113846153846
0.33816553846153846
0.33899999999999997
0.2989458461538462
0.2374043076923077
0.16209415384615386
0.06717415384615384
-0.03775938461538462
-0.130176
-0.184416
-0.19004861538461537
-0.16209415384615386
-0.11056615384615384
-0.050067692307692306
0.016272
0.0826116923076923
0.1316363076923077
0.16647507692307692
0.17169046153846151
0.14311015384615386
0.10618523076923077
0.06487938461538462
0.03024923076923077
0.005215384615384615
-0.03045784615384615
-0.05611753846153846
-0.07635323076923077
-0.09179076923076923
-0.08657538461538461
-0.08699261538461538
-0.08845292307692308
-0.08782707692307692
-0.08240307692307691
-0.061124307692307686
-0.028788923076923077
0.009596307692307692
0.04944184615384615
0.09512861538461538
0.1489513846153846
0.19505538461538463
0.22697353846153845
0.23281476923076924
0.20673784615384616
0.1666836923076923
0.10222153846153846
0.03045784615384615
-0.045060923076923075
-0.12934153846153845
-0.18921415384615384
-0.2221753846153846
-0.21341353846153846
-0.16689230769230767
-0.11327815384615383
-0.047981538461538464
0.023990769230769232
0.09721476923076922
0.1635544615384615
0.19547261538461536
0.19171753846153847
0.1506203076923077
0.08198584615384615
0.004589538461538461
-0.078648
-0.14853415384615384
-0.2059033846153846
-0.24449723076923074
-0.24470584615384613
-0.20715507692307691
-0.14164984615384615
-0.06675692307692307
0.0029206153846153843
0.06592246153846154
0.12266584615384615
0.15959076923076923
0.1710646153846154
0.15103753846153847
0.10576799999999999
0.04965046153846154
0.0008344615384615384
-0.030875076923076922
-0.04547815384615384
-0.04109723076923077
-0.030040615384615384
-0.004172307692307692
0.03337846153846154
0.07134646153846153
0.10263876923076923
0.11557292307692307
0.11432123076923076
0.10076123076923077
0.08469784615384615
0.07009476923076922
0.04965046153846154
0.02586830769230769
0.014185846153846153
0.024199384615384616
0.05069353846153846
0.07906523076923076
0.08720123076923077
0.07969107692307692
0.06633969230769231
0.04109723076923077
0.011056615384615385
-0.018358153846153843
-0.048816000000000005
-0.07781353846153846
-0.0880356923076923
-0.07259815384615384
-0.03921969230769231
0.012099692307692308
0.06216738461538462
0.0988836923076923
0.12496061538461539
0.12934153846153845
0.12162276923076921
0.09700615384615385
0.04714707692307692
0.002086153846153846
-0.040262769230769234
-0.061124307692307686
-0.052571076923076915
-0.042557538461538466
-0.014394461538461538
0.023990769230769232
0.07197230769230768
0.12224861538461537
0.15792184615384616
0.1779489230769231
0.16876984615384616
0.13706030769230768
0.09033046153846153
0.037967999999999995
-0.017732307692307693
-0.07197230769230768
-0.10159569230769232
-0.09971815384615385
-0.06487938461538462
-0.008970461538461538
0.041514461538461535
0.09325107692307691
0.13706030769230768
0.16042523076923076
0.1710646153846154
0.14039815384615384
0.0826116923076923
0.007301538461538462
-0.08052553846153847
-0.14039815384615384
-0.1792006153846154
-0.20131384615384615
-0.1992276923076923
-0.18650215384615382
-0.17023015384615386
-0.14060676923076923
-0.10117846153846152
-0.051319384615384614
0.006258461538461538
0.047772923076923074
0.07969107692307692
0.12141415384615384
0.1858763076923077
0.2355267692307692
0.25764
0.20047938461538461
0.09095630769230768
0.005841230769230769
-0.08949599999999999
-0.10493353846153847
-0.19672430769230767
-0.3062473846153846
-0.327108923076923
-0.336288
-0.19442953846153843
-0.09325107692307691
0.007510153846153846
0.09846646153846153
0.17252492307692308
0.33065538461538463
0.37738523076923075
0.3944916923076923
0.2947735384615384
0.11578153846153846
0.013351384615384614
-0.14457046153846154
-0.23969907692307693
-0.32377107692307694
-0.41535323076923075
-0.38072307692307694
-0.34630153846153844
-0.23177169230769232
-0.07072061538461538
0.019609846153846155
0.15333230769230768
0.20339999999999997
0.20965846153846154
0.2503384615384615
0.20506892307692307
0.19714153846153845
0.146448
0.05611753846153846
0.005215384615384615
-0.08887015384615385
-0.10868861538461538
-0.12621230769230768
-0.17586276923076924
-0.17544553846153846
-0.1775316923076923
-0.1218313846153846
-0.04819015384615385
-0.01397723076923077
0.04819015384615385
0.08010830769230769
0.12913292307692306
0.19213476923076922
0.1990190769230769
0.22342707692307692
0.21466523076923077
0.1846246153846154
0.165432
0.08636676923076922
-0.008970461538461538
-0.12016246153846154
-0.2422024615384615
-0.31500923076923076
-0.37550769230769226
-0.38990215384615384
-0.3440067692307692
-0.25054707692307693
-0.09909230769230769
0.054240000000000003
0.21195323076923075
0.3346190769230769
0.4017932307692308
0.42724430769230765
0.3615304615384615
0.2647329230769231
0.14436184615384615
-0.025033846153846153
-0.16772676923076923
-0.28893230769230765
-0.36299076923076923
-0.37050092307692306
-0.3373310769230769
-0.24074215384615386
-0.12600369230769232
0.01272553846153846
0.17502830769230768
0.29581661538461534
0.3675803076923077
0.3650769230769231
0.3198073846153846
0.2588916923076923
0.15416676923076922
0.02232184615384615
-0.12579507692307693
-0.24345415384615382
-0.292896
-0.29915446153846154
-0.26535876923076923
-0.206112
-0.15479261538461536
-0.08594953846153845
-0.01981846153846154
0.013351384615384614
0.025033846153846153
-0.0043809230769230765
-0.03442153846153846
-0.06425353846153846
-0.09679753846153846
-0.09846646153846153
-0.08740984615384616
-0.05048492307692308
-0.013560000000000001
0.016897846153846156
0.041514461538461535
0.03755076923076923
0.03108369230769231
-0.0008344615384615384
-0.05590892307692308
-0.10576799999999999
-0.15792184615384616
-0.19150892307692308
-0.19609846153846153
-0.1777403076923077
-0.12308307692307692
-0.056326153846153845
0.024408000000000003
0.12600369230769232
0.20506892307692307
0.2591003076923077
0.27474646153846155
0.2482523076923077
0.19359507692307693
0.10055261538461538
-0.006675692307692307
-0.11056615384615384
-0.19964492307692308
-0.2497126153846154
-0.27474646153846155
-0.25367630769230765
-0.18399876923076922
-0.08386338461538462
0.05090215384615384
0.16647507692307692
0.25972615384615383
0.32982092307692307
0.3548547692307692
0.35193415384615384
0.2937304615384615
0.1867107692307692
0.07009476923076922
-0.04276615384615385
-0.11828492307692307
-0.14916
-0.1504116923076923
-0.119328
-0.06070707692307692
0.02044430769230769
0.10535076923076922
0.1637630769230769
0.1923433846153846
0.17273353846153844
0.12433476923076923
0.06946892307692307
0.008970461538461538
-0.03233538461538461
-0.06946892307692307
-0.09408553846153846
-0.0880356923076923
-0.06717415384615384
-0.020027076923076922
0.02753723076923077
0.05674338461538461
0.06842584615384616
0.04714707692307692
0.024408000000000003
0.0050067692307692304
-0.01981846153846154
-0.05716061538461538
-0.09387692307692307
-0.09971815384615385
-0.07384984615384615
-0.016897846153846156
0.04839876923076923
0.10076123076923077
0.13247076923076923
0.1543753846153846
0.17273353846153844
0.16835261538461538
0.12412615384615384
0.040262769230769234
-0.042974769230769226
-0.11452984615384615
-0.15959076923076923
-0.17252492307692308
-0.1733593846153846
-0.14164984615384615
-0.09325107692307691
-0.029206153846153847
0.052153846153846155
0.11286092307692308
0.14311015384615386
0.138312
0.10347323076923076
0.053614153846153846
-0.007510153846153846
-0.078648
-0.16042523076923076
-0.22864246153846152
-0.24679199999999998
-0.20298276923076922
-0.10722830769230769
0.010222153846153844
0.12391753846153845
0.22342707692307692
0.29581661538461534
0.3442153846153846
0.36027876923076924
0.3235624615384615
0.24324553846153843
0.12558646153846154
0.02044430769230769
-0.044435076923076924
-0.08198584615384615
-0.07969107692307692
-0.052153846153846155
0.005841230769230769
0.0974233846153846
0.19818461538461538
0.28246523076923075
0.33315876923076926
0.3481790769230769
0.32210215384615387
0.2638984615384615
0.18274707692307693
0.08240307692307691
-0.02482523076923077
-0.12621230769230768
-0.20110523076923076
-0.233232
-0.22029784615384615
-0.18525046153846153
-0.14519630769230768
-0.0897046153846154
-0.024408000000000003
0.04109723076923077
0.0934596923076923
0.12370892307692308
0.1368516923076923
0.12808984615384614
0.10910584615384614
0.09512861538461538
0.06028984615384615
0.010848
-0.03504738461538461
-0.07259815384615384
-0.08323753846153846
-0.0828203076923077
-0.07823076923076923
-0.07781353846153846
-0.08720123076923077
-0.09158215384615384
-0.086784
-0.07030338461538461
-0.05090215384615384
-0.027120000000000002
0.00855323076923077
0.04756430769230769
0.09012184615384615
0.12642092307692307
0.13330523076923076
0.116616
0.07927384615384615
0.03150092307692308
-0.02211323076923077
-0.09116492307692307
-0.1502030769230769
-0.19213476923076922
-0.19818461538461538
-0.17148184615384612
-0.12850707692307692
-0.06049846153846154
0.003963692307692307
0.07656184615384615
0.15103753846153847
0.20465169230769228
0.24595753846153845
0.24679199999999998
0.21988061538461537
0.17648861538461538
0.10722830769230769
0.041514461538461535
-0.029414769230769227
-0.08907876923076924
-0.11640738461538462
-0.12788123076923075
-0.1097316923076923
-0.07614461538461538
-0.035255999999999996
0.015646153846153844
0.05653476923076922
0.08949599999999999
0.11160923076923077
0.1178676923076923
0.10201292307692307
0.05027630769230769
-0.008136
-0.05382276923076923
-0.103056
-0.138312
-0.16689230769230767
-0.18545907692307692
-0.1733593846153846
-0.15687876923076924
-0.12829846153846153
-0.09241661538461539
-0.05716061538461538
-0.014185846153846153
0.02482523076923077
0.06487938461538462
0.09846646153846153
0.10597661538461538
0.10117846153846152
0.09199938461538461
0.07259815384615384
0.05444861538461539
0.026494153846153844
-0.008344615384615384
-0.04109723076923077
-0.07405846153846153
-0.10013538461538461
-0.12642092307692307
-0.14164984615384615
-0.14477907692307693
-0.138312
-0.1045163076923077
-0.05736923076923077
0.006049846153846154
0.065088
0.10430769230769231
0.13852061538461538
0.14331876923076922
0.1207883076923077
0.06842584615384616
-0.015437538461538461
-0.09700615384615385
-0.1656406153846154
-0.20965846153846154
-0.21862892307692305
-0.20006215384615383
-0.15604430769230768
-0.09450276923076922
-0.01668923076923077
0.06905169230769231
0.14811692307692306
0.20339999999999997
0.21612553846153845
0.21007569230769232
0.19192615384615386
0.14582215384615385
0.09137353846153846
0.029623384615384614
-0.03024923076923077
-0.07259815384615384
-0.0936683076923077
-0.07572738461538461
-0.043600615384615383
-0.008136
0.034630153846153845
0.08302892307692307
0.12662953846153846
0.14206707692307693
0.127464
0.08386338461538462
0.03233538461538461
-0.02273907692307692
-0.07343261538461537
-0.11703323076923078
-0.15416676923076922
-0.1704387692307692
-0.1656406153846154
-0.14164984615384615
-0.11014892307692307
-0.07489292307692308
-0.05048492307692308
-0.03504738461538461
-0.02086153846153846
0.0035464615384615383
0.03650769230769231
0.06300184615384616
0.07531015384615385
0.07218092307692307
0.07635323076923077
0.07656184615384615
0.06341907692307691
0.042348923076923076
0.008970461538461538
-0.015228923076923076
-0.03400430769230769
-0.05319692307692307
-0.06926030769230769
-0.08490646153846154
-0.08907876923076924
-0.08720123076923077
-0.07489292307692308
-0.065088
-0.06195876923076923
-0.06216738461538462
-0.058412307692307694
-0.04839876923076923
-0.03838523076923077
-0.02482523076923077
-0.026285538461538457
-0.03567323076923076
-0.05173661538461538
-0.058829538461538454
-0.04965046153846154
-0.04380923076923077
-0.02899753846153846
-0.01397723076923077
0.004798153846153846
0.04318338461538461
0.078648
0.10743692307692307
0.12788123076923075
0.12496061538461539
0.12037107692307693
0.116616
0.11098338461538461
0.10576799999999999
0.08824430769230769
0.07697907692307693
0.07697907692307693
0.09512861538461538
0.11974523076923077
0.11828492307692307
0.103056
0.07739630769230768
0.044435076923076924
0.013768615384615384
-0.01856676923076923
-0.045895384615384616
-0.0717636923076923
-0.09179076923076923
-0.0853236923076923
-0.05799507692307692
-0.020652923076923076
0.014394461538461538
0.03713353846153846
0.055491692307692304
0.056326153846153845
0.03379569230769231
-0.0070929230769230765
-0.08323753846153846
-0.14206707692307693
-0.14999446153846155
-0.10994030769230768
-0.02315630769230769
0.06362769230769232
0.14060676923076923
0.2221753846153846
0.29873723076923075
0.3636166153846153
0.36340799999999995
0.29456492307692306
0.18983999999999998
0.06362769230769232
-0.01043076923076923
-0.12829846153846153
-0.22593046153846155
-0.27453784615384613
-0.31626092307692305
-0.23677846153846152
-0.14916
-0.027120000000000002
0.08302892307692307
0.14999446153846155
0.24720923076923076
0.25430215384615384
0.24199384615384617
0.17315076923076922
0.04985907692307692
-0.04902461538461538
-0.18483323076923078
-0.23949046153846154
-0.2503384615384615
-0.23281476923076924
-0.13622584615384614
-0.059872615384615385
0.040262769230769234
0.14081538461538462
0.20673784615384616
0.28434276923076923
0.2822566153846154
0.2374043076923077
0.20694646153846152
0.16021661538461537
0.16418030769230768
0.1424843076923077
0.0988836923076923
0.06550523076923077
0.009179076923076922
-0.0025033846153846152
-0.018983999999999997
-0.05298830769230769
-0.08198584615384615
-0.11056615384615384
-0.0934596923076923
-0.06738276923076922
-0.04714707692307692
-0.035464615384615386
-0.04318338461538461
-0.027328615384615382
-0.0035464615384615383
0.017523692307692306
0.04693846153846153
0.0609156923076923
0.06675692307692307
0.06759138461538462
0.025033846153846153
-0.03045784615384615
-0.1028473846153846
-0.1948467692307692
-0.25951753846153847
-0.29602523076923076
-0.2647329230769231
-0.18253846153846154
-0.061750153846153844
0.07927384615384615
0.2075723076923077
0.3210590769230769
0.3913624615384615
0.41431015384615383
0.3590270769230769
0.23510953846153848
0.09658892307692307
-0.03379569230769231
-0.14185846153846154
-0.22113230769230768
-0.2730775384615384
-0.273912
-0.21779446153846155
-0.12934153846153845
-0.018983999999999997
0.07656184615384615
0.14957723076923077
0.2090326153846154
0.24741784615384615
0.2618123076923077
0.23260615384615385
0.16480615384615382
0.06717415384615384
-0.038176615384615385
-0.1356
-0.21633415384615384
-0.2586830769230769
-0.26932246153846157
-0.24720923076923076
-0.1802436923076923
-0.08365476923076923
0.018983999999999997
0.12224861538461537
0.18900553846153845
0.21007569230769232
0.20402584615384614
0.1691870769230769
0.12245723076923076
0.05674338461538461
-0.021487384615384613
-0.084072
-0.11995384615384615
-0.11536430769230768
-0.09241661538461539
-0.06321046153846153
-0.043392
-0.03880246153846154
-0.02315630769230769
-0.00855323076923077
-0.005424
-0.02023569230769231
-0.040054153846153843
-0.04902461538461538
-0.05236246153846154
-0.03504738461538461
0.005841230769230769
0.03880246153846154
0.059872615384615385
0.09325107692307691
0.12808984615384614
0.1531236923076923
0.15500123076923078
0.13747753846153846
0.11849353846153846
0.08428061538461538
0.04088861538461538
0.003129230769230769
-0.031918153846153846
-0.06028984615384615
-0.08365476923076923
-0.09471138461538461
-0.07051199999999999
-0.02858030769230769
0.018983999999999997
0.06383630769230769
0.10389046153846154
0.14728246153846153
0.15875630769230767
0.1570873846153846
0.13768615384615385
0.07927384615384615
0.018775384615384614
-0.04902461538461538
-0.10076123076923077
-0.13455692307692307
-0.16501476923076921
-0.16313723076923078
-0.13747753846153846
-0.09408553846153846
-0.04380923076923077
-0.004589538461538461
0.02858030769230769
0.047981538461538464
0.05319692307692307
0.04819015384615385
0.02586830769230769
0.004589538461538461
-0.009804923076923077
-0.017940923076923077
-0.0025033846153846152
0.02211323076923077
0.06696553846153847
0.12099692307692309
0.16167692307692308
0.1990190769230769
0.19588984615384614
0.14311015384615386
0.06592246153846154
-0.027120000000000002
-0.12245723076923076
-0.20944984615384615
-0.26619323076923074
-0.2757895384615385
-0.23844738461538462
-0.15166338461538462
-0.02273907692307692
0.12204
0.25200738461538463
0.34004307692307695
0.3671630769230769
0.33295015384615384
0.25367630769230765
0.12996738461538462
-0.026076923076923077
-0.1869193846153846
-0.3437981538461538
-0.45707630769230767
-0.5050578461538461
-0.47960676923076917
-0.38426953846153844
-0.25305046153846156
-0.086784
0.09241661538461539
0.2620209230769231
0.4036707692307692
0.4754344615384615
0.47272246153846154
0.3994984615384615
0.273912
0.12621230769230768
-0.0446436923076923
-0.21487384615384614
-0.3502652307692307
-0.4239064615384615
-0.42015138461538465
-0.3550633846153846
-0.249504
-0.12370892307692308
0.005424
0.1218313846153846
0.2127876923076923
0.25764
0.2540935384615385
0.21111876923076925
0.1422756923076923
0.07885661538461539
0.02899753846153846
-0.0070929230769230765
-0.025033846153846153
-0.03442153846153846
-0.034630153846153845
-0.021696
-0.013351384615384614
-0.015854769230769228
-0.034630153846153845
-0.07426707692307692
-0.10806276923076923
-0.11244369230769231
-0.09930092307692308
-0.07739630769230768
-0.047772923076923074
-0.01272553846153846
0.0448523076923077
0.1097316923076923
0.15813046153846153
0.1783661538461538
0.16042523076923076
0.12162276923076921
0.06362769230769232
-0.009179076923076922
-0.09533723076923077
-0.19317784615384614
-0.2868461538461538
-0.3558978461538462
-0.3717526153846154
-0.33378461538461535
-0.25367630769230765
-0.14874276923076923
-0.029832
0.09491999999999999
0.20652923076923077
0.2858030769230769
0.31041969230769234
0.2803790769230769
0.1990190769230769
0.08323753846153846
-0.035255999999999996
-0.14519630769230768
-0.23364923076923078
-0.29832
-0.3235624615384615
-0.2870547692307692
-0.20110523076923076
-0.07927384615384615
0.05090215384615384
0.1693956923076923
0.2730775384615384
0.3448412307692308
0.37738523076923075
0.35798399999999997
0.28476
0.17711446153846155
0.059038153846153844
-0.040054153846153843
-0.10952307692307692
-0.13768615384615385
-0.13664307692307692
-0.11745046153846153
-0.0717636923076923
-0.012516923076923077
0.05194523076923077
0.09930092307692308
0.11077476923076923
0.09658892307692307
0.07051199999999999
0.04652123076923077
0.027120000000000002
0.006884307692307692
-0.009804923076923077
-0.011265230769230769
0.013560000000000001
0.05653476923076922
0.10138707692307691
0.13914646153846155
0.15646153846153846
0.15625292307692307
0.14311015384615386
0.10952307692307692
0.05319692307692307
-0.021487384615384613
-0.09596307692307693
-0.14853415384615384
-0.1691870769230769
-0.15374953846153847
-0.10868861538461538
-0.04902461538461538
0.021070153846153846
0.10263876923076923
0.17565415384615385
0.21967199999999998
0.22572184615384616
0.19192615384615386
0.12642092307692307
0.03921969230769231
-0.05945538461538461
-0.15395815384615386
-0.23844738461538462
-0.29352184615384613
-0.3072904615384615
-0.2703655384615385
-0.1883796923076923
-0.092208
0.013142769230769229
0.10535076923076922
0.17899199999999998
0.22864246153846152
0.2369870769230769
0.20778092307692309
0.14582215384615385
0.06654830769230768
-0.015437538461538461
-0.08448923076923077
-0.13184492307692308
-0.154584
-0.14707384615384617
-0.10096984615384616
-0.028163076923076923
0.0609156923076923
0.14311015384615386
0.2008966153846154
0.23344061538461539
0.2261390769230769
0.192552
0.13518276923076925
0.059664
-0.016063384615384615
-0.07823076923076923
-0.10535076923076922
-0.10472492307692308
-0.08031692307692308
-0.02482523076923077
0.04631261538461538
0.11745046153846153
0.17961784615384613
0.21487384615384614
0.22280123076923075
0.19359507692307693
0.13622584615384614
0.078648
0.01981846153846154
-0.02795446153846154
-0.058829538461538454
-0.06988615384615385
-0.051528
-0.0070929230769230765
0.05799507692307692
0.12454338461538461
0.1696043076923077
0.19547261538461536
0.19797599999999999
0.1777403076923077
0.13455692307692307
0.06341907692307691
-0.018358153846153843
-0.0936683076923077
-0.1449876923076923
-0.1656406153846154
-0.1693956923076923
-0.15750461538461538
-0.1316363076923077
-0.09950953846153845
-0.05507446153846154
-0.009179076923076922
0.025659692307692307
0.03963692307692308
0.02858030769230769
0.005215384615384615
-0.024616615384615383
-0.04965046153846154
-0.07760492307692309
-0.09992676923076924
-0.10430769230769231
-0.10389046153846154
-0.08782707692307692
-0.05277969230769231
-0.02232184615384615
0.0077187692307692304
0.024408000000000003
0.023364923076923075
0.01940123076923077
-0.0012516923076923076
-0.01856676923076923
-0.034630153846153845
-0.04526953846153846
-0.029832
-0.0077187692307692304
0.02795446153846154
0.06216738461538462
0.08031692307692308
0.10117846153846152
0.11035753846153845
0.1070196923076923
0.08177723076923075
0.02899753846153846
-0.02524246153846154
-0.07948246153846153
-0.12496061538461539
-0.1543753846153846
-0.16105107692307694
-0.13601723076923075
-0.08636676923076922
-0.01710646153846154
0.05674338461538461
0.12141415384615384
0.17252492307692308
0.19505538461538463
0.19505538461538463
0.17252492307692308
0.12788123076923075
0.07280676923076923
0.013351384615384614
-0.03400430769230769
-0.06696553846153847
-0.07823076923076923
-0.06070707692307692
-0.016063384615384615
0.032544
0.07781353846153846
0.1151556923076923
0.1314276923076923
0.12788123076923075
0.09950953846153845
0.06216738461538462
-0.008344615384615384
-0.06717415384615384
-0.11703323076923078
-0.13267938461538462
-0.11870215384615385
-0.025033846153846153
0.15562707692307692
0.15896492307692306
0.20548615384615385
0.23844738461538462
0.21800307692307694
0.2572227692307692
0.08761846153846153
-0.06696553846153847
-0.26911384615384615
-0.40846892307692306
-0.36674584615384614
-0.40095876923076923
-0.33587076923076925
-0.30833353846153844
-0.18858830769230767
0.06988615384615385
0.24428861538461538
0.4554073846153846
0.46396061538461536
0.3750904615384615
0.3141747692307692
0.13768615384615385
0.03129230769230769
-0.15354092307692307
-0.35047384615384614
-0.4086775384615385
-0.5273796923076923
-0.477312
-0.3314898461538462
-0.20256553846153844
0.029206153846153847
0.14540492307692307
0.26118646153846153
0.3506824615384615
0.3550633846153846
0.4134756923076923
0.35151692307692306
0.21341353846153846
0.06717415384615384
-0.08198584615384615
-0.12662953846153846
-0.19296923076923078
-0.26786215384615386
-0.2858030769230769
-0.29331323076923077
-0.17690584615384616
-0.03713353846153846
0.058829538461538454
0.1693956923076923
0.21904615384615383
0.28955815384615385
0.3425464615384616
0.29414769230769233
0.24554030769230767
0.13747753846153846
0.02899753846153846
-0.019609846153846155
-0.09325107692307691
-0.12934153846153845
-0.18379015384615385
-0.22780799999999998
-0.22175815384615383
-0.2273907692307692
-0.19568123076923075
-0.16501476923076921
-0.11411261538461538
-0.061750153846153844
-0.061750153846153844
-0.008136
0.0448523076923077
0.07384984615384615
0.11494707692307692
0.0936683076923077
0.08115138461538463
0.058829538461538454
0.026494153846153844
0.023990769230769232
-0.042557538461538466
-0.09283384615384616
-0.09971815384615385
-0.0961716923076923
-0.05570030769230769
-0.03275261538461539
0.01710646153846154
0.10868861538461538
0.20006215384615383
0.28163076923076924
0.3068732307692308
0.32210215384615387
0.32377107692307694
0.26306399999999996
0.1908830769230769
0.07948246153846153
-0.04276615384615385
-0.11202646153846153
-0.184416
-0.200688
-0.1693956923076923
-0.13226215384615383
-0.044435076923076924
0.018775384615384614
0.07551876923076924
0.143736
0.18128676923076922
0.20298276923076922
0.1696043076923077
0.09867507692307692
0.003963692307692307
-0.10263876923076923
-0.1666836923076923
-0.21842030769230766
-0.25805723076923076
-0.28768061538461537
-0.30562153846153844
-0.25284184615384614
-0.16689230769230767
-0.05611753846153846
0.06592246153846154
0.13247076923076923
0.1910916923076923
0.2480436923076923
0.26640184615384616
0.25012984615384615
0.16772676923076923
0.06842584615384616
0.006884307692307692
-0.04088861538461538
-0.058829538461538454
-0.07697907692307693
-0.09596307692307693
-0.08052553846153847
-0.052153846153846155
0.010848
0.06863446153846153
0.09909230769230769
0.10827138461538462
0.07051199999999999
0.056951999999999996
0.05382276923076923
0.052153846153846155
0.07051199999999999
0.04526953846153846
0.01940123076923077
0.005841230769230769
-0.0012516923076923076
0.021487384615384613
0.004798153846153846
-0.048816000000000005
-0.09909230769230769
-0.12850707692307692
-0.12204
-0.1097316923076923
-0.10785415384615385
-0.10660246153846153
-0.08302892307692307
-0.023782153846153845
0.04860738461538461
0.09763200000000001
0.11098338461538461
0.09012184615384615
0.07134646153846153
0.05528307692307692
0.029414769230769227
-0.004172307692307692
-0.06592246153846154
-0.11953661538461538
-0.15959076923076923
-0.1804523076923077
-0.15896492307692306
-0.119328
-0.07364123076923076
-0.03588184615384615
0.017315076923076923
0.0974233846153846
0.1829556923076923
0.24554030769230767
0.2605606153846154
0.2415766153846154
0.19860184615384616
0.1558356923076923
0.11640738461538462
0.05507446153846154
-0.02545107692307692
-0.08949599999999999
-0.11306953846153844
-0.09533723076923077
-0.056951999999999996
-0.025659692307692307
0.014811692307692307
0.07092923076923077
0.13852061538461538
0.1994363076923077
0.2273907692307692
0.21716861538461538
0.1860849230769231
0.14832553846153845
0.10117846153846152
0.04109723076923077
-0.03650769230769231
-0.11745046153846153
-0.19213476923076922
-0.23782153846153845
-0.2453316923076923
-0.23510953846153848
-0.21362215384615382
-0.18712800000000002
-0.14603076923076924
-0.08991323076923076
-0.029832
0.03045784615384615
0.07343261538461537
0.092208
0.08615815384615384
0.05674338461538461
0.023364923076923075
-0.021070153846153846
-0.06759138461538462
-0.1045163076923077
-0.1353913846153846
-0.13497415384615385
-0.10201292307692307
-0.05236246153846154
0.006884307692307692
0.07280676923076923
0.14457046153846154
0.20235692307692305
0.2371956923076923
0.24637476923076923
0.22947692307692308
0.20360861538461536
0.16334584615384617
0.11348676923076922
0.06195876923076923
0.0077187692307692304
-0.030040615384615384
-0.04547815384615384
-0.04714707692307692
-0.04047138461538462
-0.03942830769230769
-0.03650769230769231
-0.022530461538461537
-0.0043809230769230765
0.008970461538461538
-0.0006258461538461538
-0.019609846153846155
-0.0448523076923077
-0.07072061538461538
-0.09053907692307692
-0.10764553846153846
-0.10263876923076923
-0.092208
-0.07572738461538461
-0.047981538461538464
-0.03150092307692308
-0.017315076923076923
-0.011682461538461537
-0.02482523076923077
-0.043392
-0.06946892307692307
-0.09137353846153846
-0.10201292307692307
-0.10222153846153846
-0.084072
-0.04985907692307692
0.006675692307692307
0.07760492307692309
0.13747753846153846
0.1777403076923077
0.19296923076923078
0.1867107692307692
0.16856123076923077
0.13121907692307694
0.08240307692307691
0.03400430769230769
-0.010013538461538461
-0.03108369230769231
-0.037342153846153844
-0.029832
-0.013142769230769229
0.004798153846153846
0.04214030769230769
0.08302892307692307
0.11557292307692307
0.13455692307692307
0.1397723076923077
0.12662953846153846
0.10409907692307692
0.08594953846153845
0.05820369230769231
0.027745846153846152
-0.0025033846153846152
-0.015854769230769228
0.005841230769230769
0.04401784615384615
0.086784
0.12016246153846154
0.13205353846153844
0.1289243076923077
0.1070196923076923
0.06550523076923077
0.008970461538461538
-0.05945538461538461
-0.10868861538461538
-0.12662953846153846
-0.10764553846153846
-0.06216738461538462
-0.01272553846153846
0.04819015384615385
0.11140061538461538
0.17502830769230768
0.2138307692307692
0.2154996923076923
0.19192615384615386
0.13810338461538463
0.06988615384615385
-0.0008344615384615384
-0.06988615384615385
-0.12725538461538463
-0.1635544615384615
-0.17294215384615383
-0.14436184615384615
-0.07238953846153846
0.023990769230769232
0.11807630769230769
0.1942209230769231
0.24074215384615386
0.25847446153846154
0.2426196923076923
0.1869193846153846
0.0974233846153846
-0.017523692307692306
-0.13434830769230768
-0.2157083076923077
-0.25430215384615384
-0.26494153846153845
-0.254928
-0.22154953846153846
-0.157296
-0.07051199999999999
0.015228923076923076
0.07468430769230769
0.10848000000000001
0.11202646153846153
0.09596307692307693
0.06654830769230768
0.014185846153846153
-0.051319384615384614
-0.12850707692307692
-0.19380369230769232
-0.22321846153846153
-0.21967199999999998
-0.19296923076923078
-0.1506203076923077
-0.10472492307692308
-0.05090215384615384
0.010013538461538461
0.06404492307692307
0.09700615384615385
0.0974233846153846
0.08761846153846153
0.06800861538461538
0.06049846153846154
0.07072061538461538
0.06884307692307692
0.06946892307692307
0.06759138461538462
0.08469784615384615
0.12266584615384615
0.146448
0.14832553846153845
0.11599015384615384
0.06654830769230768
0.02315630769230769
-0.01397723076923077
-0.03483876923076923
-0.04902461538461538
-0.05590892307692308
-0.03859384615384615
0.0012516923076923076
0.05590892307692308
0.10806276923076923
0.14311015384615386
0.157296
0.1449876923076923
0.11327815384615383
0.06446215384615385
-0.007301538461538462
-0.09450276923076922
-0.18525046153846153
-0.2517987692307692
-0.2799618461538461
-0.2695310769230769
-0.22321846153846153
-0.14916
-0.051528
0.06300184615384616
0.17481969230769231
0.2588916923076923
0.29602523076923076
0.27871015384615383
0.2273907692307692
0.1504116923076923
0.04985907692307692
-0.0678
-0.19735015384615384
-0.3087507692307692
-0.37655076923076924
-0.37258707692307685
-0.3072904615384615
-0.20819815384615384
-0.086784
0.03901107692307692
0.17419384615384614
0.3054129230769231
0.38990215384615384
0.40930338461538457
0.3611132307692308
0.2588916923076923
0.12975876923076923
-0.010639384615384617
-0.1424843076923077
-0.2578486153846154
-0.33962584615384617
-0.36570276923076916
-0.3339932307692307
-0.24470584615384613
-0.12725538461538463
-0.0025033846153846152
0.11953661538461538
0.2236356923076923
0.31646953846153847
0.3826006153846154
0.40387938461538464
0.3786369230769231
0.29602523076923076
0.18483323076923078
0.06529661538461538
-0.053405538461538456
-0.1614683076923077
-0.26076923076923075
-0.32585723076923073
-0.3392086153846154
-0.29832
-0.2157083076923077
-0.09554584615384615
0.03233538461538461
0.14749107692307692
0.24679199999999998
0.3004061538461538
0.30144923076923075
0.2620209230769231
0.1666836923076923
0.04965046153846154
-0.04088861538461538
-0.130176
-0.16251138461538459
-0.18754523076923074
-0.11014892307692307
-0.005215384615384615
-0.03442153846153846
0.028788923076923077
0.047772923076923074
0.0826116923076923
0.11828492307692307
0.010013538461538461
-0.08448923076923077
-0.238656
-0.2709913846153846
-0.2225926153846154
-0.20298276923076922
-0.130176
-0.11494707692307692
0.0016689230769230767
0.1504116923076923
0.2422024615384615
0.3279433846153846
0.2355267692307692
0.10910584615384614
-0.007301538461538462
-0.165432
-0.24720923076923076
-0.3752990769230769
-0.4522781538461538
-0.4374664615384615
-0.44581107692307687
-0.29352184615384613
-0.0961716923076923
0.08177723076923075
0.28350830769230767
0.37196123076923077
0.43475446153846153
0.4349630769230769
0.3780110769230769
0.34296369230769225
0.21091015384615383
0.026494153846153844
-0.14957723076923077
-0.2632726153846154
-0.25972615384615383
-0.2601433846153846
-0.2422024615384615
-0.19213476923076922
-0.13497415384615385
0.006258461538461538
0.12037107692307693
0.19442953846153843
0.25367630769230765
0.24345415384615382
0.26368984615384616
0.2768326153846154
0.24866953846153847
0.22634769230769228
0.14144123076923076
0.06863446153846153
0.03921969230769231
0.0002086153846153846
-0.029414769230769227
-0.10055261538461538
-0.18066092307692305
-0.2568055384615385
-0.32314523076923074
-0.32648307692307693
-0.2891409230769231
-0.18399876923076922
-0.07092923076923077
0.03942830769230769
0.22843384615384613
0.40200184615384615
0.5357243076923077
0.6112430769230769
0.5682683076923077
0.47021907692307696
0.3004061538461538
0.10180430769230768
-0.078648
-0.2868461538461538
-0.444768
-0.5232073846153845
-0.5202867692307692
-0.41952553846153845
-0.2730775384615384
-0.07301538461538462
0.15187199999999998
0.3467187692307692
0.49316676923076924
0.5611753846153846
0.5862092307692308
0.5311347692307692
0.3684147692307692
0.165432
-0.08115138461538463
-0.29769415384615383
-0.4443507692307692
-0.5584633846153846
-0.5751526153846154
-0.5092301538461538
-0.3782196923076923
-0.1775316923076923
0.013351384615384614
0.18149538461538461
0.3068732307692308
0.37008369230769234
0.37780246153846153
0.3127144615384615
0.18879692307692306
0.01856676923076923
-0.13747753846153846
-0.23928184615384615
-0.29644246153846154
-0.29769415384615383
-0.26348123076923075
-0.19588984615384614
-0.09053907692307692
0.012308307692307691
0.1097316923076923
0.17169046153846151
0.1710646153846154
0.165432
0.15562707692307692
0.12955015384615384
0.09283384615384616
0.03942830769230769
0.005424
0.003963692307692307
0.018358153846153843
0.05319692307692307
0.07927384615384615
0.09304246153846155
0.1028473846153846
0.10159569230769232
0.09304246153846155
0.055491692307692304
0.008136
-0.05570030769230769
-0.12120553846153845
-0.14936861538461538
-0.16251138461538459
-0.14060676923076923
-0.09053907692307692
-0.04568676923076923
0.018983999999999997
0.09533723076923077
0.1666836923076923
0.22175815384615383
0.21341353846153846
0.14999446153846155
0.06717415384615384
-0.012308307692307691
-0.0828203076923077
-0.15959076923076923
-0.22968553846153844
-0.28017046153846153
-0.28434276923076923
-0.23114584615384615
-0.1476996923076923
-0.054657230769230764
0.022947692307692308
0.08344615384615384
0.14018953846153845
0.1792006153846154
0.19213476923076922
0.17502830769230768
0.12642092307692307
0.0744756923076923
0.029832
0.0014603076923076922
-0.012308307692307691
-0.01981846153846154
-0.026494153846153844
-0.03045784615384615
-0.011056615384615385
0.02273907692307692
0.06341907692307691
0.09095630769230768
0.09512861538461538
0.08615815384615384
0.07572738461538461
0.07468430769230769
0.08010830769230769
0.07781353846153846
0.06321046153846153
0.06717415384615384
0.08845292307692308
0.11306953846153844
0.12725538461538463
0.11891076923076922
0.11223507692307692
0.1028473846153846
0.07885661538461539
0.04985907692307692
0.0014603076923076922
-0.05590892307692308
-0.09158215384615384
-0.09825784615384614
-0.08010830769230769
-0.050067692307692306
-0.02273907692307692
0.010013538461538461
0.04839876923076923
0.086784
0.11953661538461538
0.13226215384615383
0.11891076923076922
0.07927384615384615
0.030875076923076922
-0.023364923076923075
-0.07531015384615385
-0.11348676923076922
-0.13309661538461537
-0.12537784615384615
-0.0988836923076923
-0.056951999999999996
0.006675692307692307
0.07259815384615384
0.12433476923076923
0.16167692307692308
0.16021661538461537
0.13121907692307694
0.07551876923076924
-0.0035464615384615383
-0.07781353846153846
-0.13852061538461538
-0.1696043076923077
-0.1733593846153846
-0.143736
-0.0853236923076923
-0.014603076923076923
0.06592246153846154
0.13226215384615383
0.16313723076923078
0.15750461538461538
0.11098338461538461
0.04130584615384615
-0.042557538461538466
-0.13914646153846155
-0.22196676923076922
-0.287472
-0.314592
-0.28413415384615387
-0.20527753846153846
-0.09491999999999999
0.02482523076923077
0.13101046153846155
0.21883753846153844
0.2795446153846154
0.28934953846153844
0.2532590769230769
0.16105107692307694
0.029206153846153847
-0.11056615384615384
-0.24282830769230768
-0.3373310769230769
-0.39282276923076925
-0.3848953846153846
-0.32648307692307693
-0.23907323076923076
-0.10848000000000001
0.03150092307692308
0.15792184615384616
0.25054707692307693
0.29644246153846154
0.2997803076923077
0.25471938461538457
0.15917353846153848
0.03379569230769231
-0.0934596923076923
-0.20381723076923075
-0.27850153846153847
-0.30895938461538464
-0.28851507692307693
-0.23406646153846156
-0.14811692307692306
-0.04318338461538461
0.06341907692307691
0.1691870769230769
0.2399076923076923
0.27432923076923077
0.2782929230769231
0.25847446153846154
0.22488738461538463
0.17377661538461536
0.11140061538461538
0.04860738461538461
-0.010848
-0.05236246153846154
-0.06946892307692307
-0.08177723076923075
-0.07843938461538462
-0.06362769230769232
-0.04380923076923077
-0.0070929230769230765
0.024408000000000003
0.05382276923076923
0.06967753846153846
0.07551876923076924
0.0892873846153846
0.09325107692307691
0.09199938461538461
0.08344615384615384
0.07510153846153846
0.06028984615384615
0.03921969230769231
0.018983999999999997
-0.013142769230769229
-0.052571076923076915
-0.09429415384615383
-0.12266584615384615
-0.12975876923076923
-0.11953661538461538
-0.10222153846153846
-0.07030338461538461
-0.006884307692307692
0.07426707692307692
0.15813046153846153
0.23114584615384615
0.27787569230769227
0.2981113846153846
0.28204799999999997
0.23510953846153848
0.17148184615384612
0.08949599999999999
-0.0008344615384615384
-0.09137353846153846
-0.15875630769230767
-0.19213476923076922
-0.19526400000000002
-0.1710646153846154
-0.12204
-0.037342153846153844
0.053405538461538456
0.13893784615384613
0.21696000000000001
0.25200738461538463
0.25138153846153843
0.21633415384615384
0.1531236923076923
0.07781353846153846
-0.02023569230769231
-0.12162276923076921
-0.2073636923076923
-0.25930892307692305
-0.2618123076923077
-0.22822523076923076
-0.16230276923076925
-0.08156861538461539
0.003129230769230769
0.08386338461538462
0.14874276923076923
0.19735015384615384
0.1942209230769231
0.1531236923076923
0.10347323076923076
0.04214030769230769
-0.011473846153846154
-0.07197230769230768
-0.130176
-0.1612596923076923
-0.16876984615384616
-0.13518276923076925
-0.07238953846153846
-0.015228923076923076
0.02899753846153846
0.054657230769230764
0.07259815384615384
0.084072
0.07280676923076923
0.042974769230769226
-0.005215384615384615
-0.05277969230769231
-0.08177723076923075
-0.0880356923076923
-0.07572738461538461
-0.06759138461538462
-0.06133292307692308
-0.044435076923076924
-0.01668923076923077
0.019609846153846155
0.03755076923076923
0.030040615384615384
0.024408000000000003
0.024199384615384616
0.03984553846153846
0.06446215384615385
0.07948246153846153
0.08907876923076924
0.08115138461538463
0.073224
0.06821723076923077
0.054657230769230764
0.03483876923076923
-0.006467076923076923
-0.051319384615384614
-0.08344615384615384
-0.10368184615384615
-0.11849353846153846
-0.13372246153846154
-0.138312
-0.11974523076923077
-0.06863446153846153
0.00855323076923077
0.07843938461538462
0.10785415384615385
0.10597661538461538
0.08073415384615384
0.0448523076923077
0.0029206153846153843
-0.06383630769230769
-0.1397723076923077
-0.20152246153846154
-0.23281476923076924
-0.21800307692307694
-0.154584
-0.061124307692307686
0.04422646153846154
0.157296
0.2586830769230769
0.3327415384615385
0.3600701538461538
0.3319070769230769
0.2601433846153846
0.15917353846153848
0.05027630769230769
-0.05236246153846154
-0.1287156923076923
-0.1829556923076923
-0.21174461538461536
-0.1881710769230769
-0.1070196923076923
0.01856676923076923
0.15145476923076923
0.265776
0.34943076923076927
0.3836436923076923
0.37425600000000003
0.3216849230769231
0.2154996923076923
0.07760492307692309
-0.06362769230769232
-0.1829556923076923
-0.26765353846153844
-0.328152
-0.3669544615384615
-0.3855212307692308
-0.38343507692307693
-0.35318584615384613
-0.3246055384615385
-0.21195323076923075
-0.049233230769230765
0.12996738461538462
0.37363015384615383
0.5595064615384615
0.7437138461538461
0.8607470769230768
0.8951686153846153
0.8463526153846154
0.6604763076923077
0.41681353846153846
0.10347323076923076
-0.18337292307692307
-0.4320424615384615
-0.6112430769230769
-0.7082492307692307
-0.7324486153846154
-0.6327304615384615
-0.443724923076923
-0.18712800000000002
0.09700615384615385
0.34046030769230773
0.49692184615384616
0.5757784615384615
0.5303003076923076
0.4078430769230769
0.2288510769230769
-0.05277969230769231
-0.3049956923076923
-0.5319692307692307
-0.671532923076923
-0.6577643076923076
-0.5563772307692307
-0.34630153846153844
-0.12537784615384615
0.052153846153846155
0.21967199999999998
0.33816553846153846
0.3805144615384615
0.3600701538461538
0.2701569230769231
0.18170399999999998
0.11411261538461538
0.08115138461538463
0.07969107692307692
0.04401784615384615
0.004172307692307692
-0.07155507692307693
-0.14749107692307692
-0.19380369230769232
-0.23928184615384615
-0.25930892307692305
-0.2828824615384615
-0.2997803076923077
-0.2720344615384615
-0.24053353846153847
-0.20402584615384614
-0.16021661538461537
-0.12579507692307693
-0.06654830769230768
0.01940123076923077
0.12725538461538463
0.23218892307692307
0.2822566153846154
0.24491446153846153
0.12808984615384614
-0.021070153846153846
-0.18858830769230767
-0.360696
-0.4850307692307692
-0.540731076923077
-0.4852393846153846
-0.3202246153846154
-0.10159569230769232
0.15103753846153847
0.3609046153846154
0.5083956923076923
0.5991433846153846
0.5853747692307693
0.5071439999999999
0.3757163076923077
0.19442953846153843
0.026494153846153844
-0.13059323076923077
-0.24178523076923078
-0.2858030769230769
-0.29101846153846156
-0.25367630769230765
-0.19630707692307692
-0.10117846153846152
0.010848
0.11035753846153845
0.19735015384615384
0.22634769230769228
0.2205064615384615
0.1800350769230769
0.09387692307692307
0.003963692307692307
-0.09763200000000001
-0.1785747692307692
-0.19985353846153847
-0.18525046153846153
-0.12808984615384614
-0.03692492307692308
0.05048492307692308
0.13393107692307693
0.1923433846153846
0.20694646153846152
0.1802436923076923
0.10430769230769231
0.018775384615384614
-0.05194523076923077
-0.086784
-0.08323753846153846
-0.05277969230769231
0.003755076923076923
0.07009476923076922
0.15374953846153847
0.2261390769230769
0.252216
0.22947692307692308
0.1612596923076923
0.07656184615384615
-0.002712
-0.09095630769230768
-0.15938215384615384
-0.1948467692307692
-0.20798953846153845
-0.18545907692307692
-0.12516923076923075
-0.04109723076923077
0.03400430769230769
0.09450276923076922
0.1368516923076923
0.16480615384615382
0.17690584615384616
0.1531236923076923
0.103056
0.03650769230769231
-0.042557538461538466
-0.09763200000000001
-0.11640738461538462
-0.10889723076923077
-0.06863446153846153
-0.032544
0.01668923076923077
0.09679753846153846
0.1710646153846154
0.2342750769230769
0.25346769230769234
0.21967199999999998
0.16021661538461537
0.08219446153846154
-0.002712
-0.08344615384615384
-0.143736
-0.168144
-0.15354092307692307
-0.09408553846153846
-0.008136
0.08240307692307691
0.1543753846153846
0.18128676923076922
0.17502830769230768
0.13309661538461537
0.054240000000000003
-0.042974769230769226
-0.1614683076923077
-0.26932246153846157
-0.32648307692307693
-0.3344104615384615
-0.2782929230769231
-0.17148184615384612
-0.04193169230769231
0.10535076923076922
0.2497126153846154
0.38280923076923074
0.47918953846153844
0.5202867692307692
0.49963384615384615
0.4214030769230769
0.3081249230769231
0.157296
-0.006884307692307692
-0.16897846153846155
-0.30144923076923075
-0.3727956923076923
-0.37655076923076924
-0.3072904615384615
-0.18504184615384617
-0.04839876923076923
0.07426707692307692
0.1792006153846154
0.24658338461538462
0.2695310769230769
0.25117292307692307
0.1881710769230769
0.1045163076923077
0.016480615384615385
-0.0678
-0.13706030769230768
-0.18712800000000002
-0.21007569230769232
-0.20027076923076922
-0.16981292307692308
-0.12099692307692309
-0.06654830769230768
-0.02357353846153846
0.014811692307692307
0.04714707692307692
0.07030338461538461
0.08907876923076924
0.09846646153846153
0.09429415384615383
0.08010830769230769
0.07343261538461537
0.08323753846153846
0.09700615384615385
0.10368184615384615
0.10222153846153846
0.08949599999999999
0.05799507692307692
0.006049846153846154
-0.06383630769230769
-0.13768615384615385
-0.20486030769230767
-0.24512307692307692
-0.2503384615384615
-0.23156307692307693
-0.1760713846153846
-0.09158215384615384
0.006049846153846154
0.11202646153846153
0.20423446153846153
0.2647329230769231
0.28392553846153845
0.24866953846153847
0.17419384615384614
0.07697907692307693
-0.029414769230769227
-0.12579507692307693
-0.20277415384615383
-0.23469230769230767
-0.21904615384615383
-0.15145476923076923
-0.04819015384615385
0.06300184615384616
0.17628
0.2641070769230769
0.32606584615384615
0.3481790769230769
0.3179298461538461
0.2509643076923077
0.14582215384615385
0.035255999999999996
-0.05444861538461539
-0.12162276923076921
-0.15395815384615386
-0.15833907692307692
-0.13893784615384613
-0.09012184615384615
-0.031918153846153846
0.02545107692307692
0.06592246153846154
0.07781353846153846
0.06571384615384615
0.026702769230769228
-0.01814953846153846
-0.06362769230769232
-0.10848000000000001
-0.13226215384615383
-0.13184492307692308
-0.1028473846153846
-0.0448523076923077
0.02044430769230769
0.08469784615384615
0.14540492307692307
0.19213476923076922
0.21654276923076923
0.2008966153846154
0.14749107692307692
0.07009476923076922
-0.021904615384615383
-0.09971815384615385
-0.14916
-0.15938215384615384
-0.13893784615384613
-0.0936683076923077
-0.026702769230769228
0.04860738461538461
0.1218313846153846
0.17169046153846151
0.19359507692307693
0.17648861538461538
0.12579507692307693
0.06049846153846154
-0.01668923076923077
-0.10368184615384615
-0.19463815384615382
-0.2720344615384615
-0.3202246153846154
-0.33023815384615385
-0.3016578461538461
-0.2438713846153846
-0.1704387692307692
-0.08720123076923077
0.0016689230769230767
0.08574092307692306
0.1476996923076923
0.17169046153846151
0.15813046153846153
0.12141415384615384
0.07259815384615384
0.017732307692307693
-0.028788923076923077
-0.07259815384615384
-0.09930092307692308
-0.10222153846153846
-0.08448923076923077
-0.03880246153846154
0.004589538461538461
0.03901107692307692
0.06133292307692308
0.06717415384615384
0.07092923076923077
0.06133292307692308
0.03984553846153846
0.004798153846153846
-0.040262769230769234
-0.07468430769230769
-0.10013538461538461
-0.11306953846153844
-0.12391753846153845
-0.13998092307692306
-0.14394461538461537
-0.1422756923076923
-0.12975876923076923
-0.11160923076923077
-0.0963803076923077
-0.07072061538461538
-0.045895384615384616
-0.012934153846153845
0.03233538461538461
0.06049846153846154
0.08156861538461539
0.09158215384615384
0.0892873846153846
0.0988836923076923
0.09992676923076924
0.09158215384615384
0.07781353846153846
0.05277969230769231
0.030875076923076922
0.01043076923076923
-0.010013538461538461
-0.030875076923076922
-0.05382276923076923
-0.06905169230769231
-0.06571384615384615
-0.05111076923076923
-0.03942830769230769
-0.04088861538461538
-0.04735569230769231
-0.048816000000000005
-0.03901107692307692
-0.02753723076923077
-0.029623384615384614
-0.03775938461538462
-0.04631261538461538
-0.051528
-0.03775938461538462
-0.003755076923076923
0.03024923076923077
0.05528307692307692
0.06821723076923077
0.08073415384615384
0.08448923076923077
0.06300184615384616
0.02315630769230769
-0.025033846153846153
-0.05862092307692307
-0.06967753846153846
-0.06592246153846154
-0.046104
-0.017940923076923077
0.017940923076923077
0.06926030769230769
0.12558646153846154
0.18191261538461537
0.2140393846153846
0.21445661538461538
0.20277415384615383
0.17315076923076922
0.13935507692307691
0.09512861538461538
0.03859384615384615
-0.016063384615384615
-0.06946892307692307
-0.10138707692307691
-0.11223507692307692
-0.12037107692307693
-0.12350030769230769
-0.11244369230769231
-0.0798996923076923
-0.018983999999999997
0.047772923076923074
0.0936683076923077
0.127464
0.1397723076923077
0.13476553846153844
0.12850707692307692
0.10514215384615383
0.0609156923076923
-0.0050067692307692304
-0.07218092307692307
-0.11140061538461538
-0.12454338461538461
-0.12162276923076921
-0.09867507692307692
-0.06070707692307692
-0.006258461538461538
0.05277969230769231
0.10493353846153847
0.143736
0.13998092307692306
0.11891076923076922
0.09304246153846155
0.07739630769230768
0.0826116923076923
0.07593599999999999
0.06133292307692308
0.04735569230769231
0.035255999999999996
0.03713353846153846
0.03400430769230769
0.014185846153846153
-0.0070929230769230765
-0.031918153846153846
-0.031709538461538456
-0.01272553846153846
0.011891076923076923
0.03942830769230769
0.05674338461538461
0.08636676923076922
0.10764553846153846
0.1207883076923077
0.12725538461538463
0.11390399999999999
0.0974233846153846
0.09074769230769231
0.08511507692307693
0.07489292307692308
0.06154153846153846
0.014185846153846153
-0.04714707692307692
-0.0880356923076923
-0.10368184615384615
-0.07364123076923076
-0.02753723076923077
0.04088861538461538
0.13914646153846155
0.24700061538461537
0.3312812307692308
0.35235138461538457
0.32043323076923075
0.23803015384615384
0.14060676923076923
-0.0025033846153846152
-0.154584
-0.28809784615384615
-0.41034646153846155
-0.45311261538461534
-0.45749353846153845
-0.40554830769230765
-0.29185292307692307
-0.12934153846153845
0.06008123076923077
0.23010276923076922
0.3565236923076923
0.40012430769230767
0.40846892307692306
0.3594443076923077
0.2503384615384615
0.12099692307692309
-0.045895384615384616
-0.18483323076923078
-0.28476
-0.3611132307692308
-0.376968
-0.3544375384615384
-0.2830910769230769
-0.15541846153846153
-0.031918153846153846
0.08302892307692307
0.1800350769230769
0.2509643076923077
0.30895938461538464
0.3321156923076923
0.31688676923076925
0.25930892307692305
0.1777403076923077
0.0826116923076923
-0.03275261538461539
-0.1558356923076923
-0.2803790769230769
-0.36570276923076916
-0.384060923076923
-0.36319938461538465
-0.2999889230769231
-0.20652923076923077
-0.10222153846153846
0.030875076923076922
0.1597993846153846
0.2730775384615384
0.34943076923076927
0.3671630769230769
0.35923569230769226
0.3141747692307692
0.2355267692307692
0.1356
0.02273907692307692
-0.09471138461538461
-0.21132738461538458
-0.29685969230769227
-0.34004307692307695
-0.33023815384615385
-0.26348123076923075
-0.15416676923076922
-0.010848
0.15249784615384615
0.3095852307692307
0.4443507692307692
0.5257107692307692
0.527796923076923
0.46896738461538456
0.35631507692307696
0.21487384615384614
0.06926030769230769
-0.0855323076923077
-0.22008923076923076
-0.31125415384615385
-0.3479704615384615
-0.3285692307692308
-0.25951753846153847
-0.14477907692307693
-0.0035464615384615383
0.15187199999999998
0.29101846153846156
0.39261415384615383
0.4514436923076923
0.4539470769230769
0.39636923076923075
0.287472
0.1395636923076923
-0.011682461538461537
-0.15124615384615384
-0.28350830769230767
-0.38072307692307694
-0.43329415384615383
-0.42995630769230764
-0.36340799999999995
-0.2682793846153846
-0.1666836923076923
-0.051528
0.04526953846153846
0.12537784615384615
0.18900553846153845
0.2125790769230769
0.20965846153846154
0.16730953846153845
0.0988836923076923
0.017523692307692306
-0.06842584615384616
-0.15228923076923076
-0.22947692307692308
-0.26932246153846157
-0.2712
-0.233232
-0.16897846153846155
-0.09700615384615385
-0.013142769230769229
0.07364123076923076
0.15270646153846154
0.2090326153846154
0.23886461538461537
0.25346769230769234
0.2559710769230769
0.23928184615384615
0.19672430769230767
0.13455692307692307
0.06216738461538462
0.0029206153846153843
-0.029623384615384614
-0.05173661538461538
-0.07051199999999999
-0.07885661538461539
-0.07426707692307692
-0.06049846153846154
-0.031709538461538456
0.009179076923076922
0.062376
0.11640738461538462
0.14728246153846153
0.16647507692307692
0.16459753846153846
0.12996738461538462
0.08344615384615384
0.02315630769230769
-0.04819015384615385
-0.11181784615384616
-0.16251138461538459
-0.19150892307692308
-0.19985353846153847
-0.19380369230769232
-0.16730953846153845
-0.11828492307692307
-0.06550523076923077
-0.02232184615384615
-0.004798153846153846
-0.008761846153846153
-0.02232184615384615
-0.03713353846153846
-0.05173661538461538
-0.07426707692307692
-0.09554584615384615
-0.116616
-0.11265230769230769
-0.0897046153846154
-0.06216738461538462
-0.028788923076923077
-0.006049846153846154
0.019609846153846155
0.04693846153846153
0.058829538461538454
0.051319384615384614
0.021696
-0.03629907692307692
-0.10493353846153847
-0.16167692307692308
-0.20131384615384615
-0.2154996923076923
-0.21466523076923077
-0.19526400000000002
-0.14540492307692307
-0.07739630769230768
0.006675692307692307
0.09158215384615384
0.16438892307692307
0.21341353846153846
0.2292683076923077
0.22300984615384614
0.1910916923076923
0.1287156923076923
0.04318338461538461
-0.04944184615384615
-0.12266584615384615
-0.16418030769230768
-0.17815753846153848
-0.16751815384615384
-0.14164984615384615
-0.09095630769230768
-0.014185846153846153
0.06884307692307692
0.1504116923076923
0.21216184615384615
0.24866953846153847
0.2624381538461539
0.25805723076923076
0.23490092307692306
0.17711446153846155
0.0963803076923077
0.006049846153846154
-0.07906523076923076
-0.14728246153846153
-0.1990190769230769
-0.2238443076923077
-0.22572184615384616
-0.1990190769230769
-0.13935507692307691
-0.05757784615384615
0.03024923076923077
0.11327815384615383
0.18712800000000002
0.24303692307692307
0.29039261538461536
0.30895938461538464
0.29352184615384613
0.25555384615384613
0.1881710769230769
0.10618523076923077
0.015854769230769228
-0.07301538461538462
-0.15813046153846153
-0.22718215384615387
-0.26118646153846153
-0.25555384615384613
-0.20277415384615383
-0.11974523076923077
-0.026285538461538457
0.06404492307692307
0.14477907692307693
0.2221753846153846
0.27558092307692306
0.2926873846153846
0.268488
0.19463815384615382
0.09304246153846155
-0.015437538461538461
-0.13309661538461537
-0.25555384615384613
-0.3646596923076923
-0.43996984615384616
-0.46771569230769233
-0.4360061538461539
-0.3490135384615385
-0.22488738461538463
-0.06738276923076922
0.09909230769230769
0.26118646153846153
0.39991569230769225
0.48357046153846156
0.5077698461538461
0.45665907692307695
0.34963938461538463
0.20444307692307692
0.03129230769230769
-0.14415323076923076
-0.30583015384615386
-0.42599261538461536
-0.49045476923076925
-0.47355692307692304
-0.37967999999999996
-0.23782153846153845
-0.06592246153846154
0.10827138461538462
0.2757895384615385
0.417648
0.5058923076923076
0.5267538461538461
0.4716793846153846
0.3517255384615385
0.20047938461538461
0.03609046153846154
-0.12204
-0.2618123076923077
-0.3565236923076923
-0.3811403076923077
-0.34046030769230773
-0.23490092307692306
-0.09804923076923076
0.045895384615384616
0.18483323076923078
0.30249230769230767
0.38990215384615384
0.42015138461538465
0.39324
0.31542646153846154
0.19735015384615384
0.06571384615384615
-0.06383630769230769
-0.17273353846153844
-0.24741784615384615
-0.2764153846153846
-0.26222953846153846
-0.21696000000000001
-0.14123261538461537
-0.04652123076923077
0.04860738461538461
0.13393107692307693
0.19004861538461537
0.2138307692307692
0.19818461538461538
0.14060676923076923
0.061124307692307686
-0.026076923076923077
-0.09909230769230769
-0.15103753846153847
-0.18525046153846153
-0.19630707692307692
-0.18128676923076922
-0.138312
-0.07510153846153846
-0.0070929230769230765
0.05382276923076923
0.09721476923076922
0.12016246153846154
0.12767261538461538
0.12308307692307692
0.10555938461538462
0.06842584615384616
0.025659692307692307
-0.0002086153846153846
-0.008344615384615384
0.0025033846153846152
0.015854769230769228
0.031709538461538456
0.047772923076923074
0.07072061538461538
0.10681107692307691
0.1341396923076923
0.1476996923076923
0.13622584615384614
0.11619876923076923
0.0974233846153846
0.07489292307692308
0.04214030769230769
-0.0016689230769230767
-0.04693846153846153
-0.0892873846153846
-0.11452984615384615
-0.12412615384615384
-0.124752
-0.12016246153846154
-0.10931446153846153
-0.08782707692307692
-0.04714707692307692
0.008136
0.05799507692307692
0.09450276923076922
0.116616
0.13622584615384614
0.15333230769230768
0.15792184615384616
0.1462393846153846
0.10618523076923077
0.059872615384615385
0.011891076923076923
-0.037967999999999995
-0.06967753846153846
-0.09992676923076924
-0.12704676923076924
-0.13330523076923076
-0.10493353846153847
-0.047772923076923074
0.011265230769230769
0.06446215384615385
0.11390399999999999
0.15103753846153847
0.17481969230769231
0.184416
0.16730953846153845
0.12162276923076921
0.054657230769230764
-0.010639384615384617
-0.05716061538461538
-0.08949599999999999
-0.10514215384615383
-0.10722830769230769
-0.08720123076923077
-0.03275261538461539
0.03609046153846154
0.10263876923076923
0.14540492307692307
0.15354092307692307
0.1435273846153846
0.12037107692307693
0.09262523076923077
0.061124307692307686
0.026494153846153844
0.003129230769230769
-0.00855323076923077
0.006049846153846154
0.03233538461538461
0.05319692307692307
0.06404492307692307
0.052153846153846155
0.03609046153846154
0.010013538461538461
-0.025659692307692307
-0.06321046153846153
-0.11432123076923076
-0.15416676923076922
-0.17669723076923077
-0.18232984615384615
-0.15687876923076924
-0.12850707692307692
-0.09700615384615385
-0.046104
0.015020307692307692
0.08031692307692308
0.12683815384615382
0.13497415384615385
0.116616
0.073224
0.02232184615384615
-0.025033846153846153
-0.08219446153846154
-0.1341396923076923
-0.16730953846153845
-0.16105107692307694
-0.11745046153846153
-0.05403138461538461
0.02524246153846154
0.10159569230769232
0.17023015384615386
0.22968553846153844
0.26723630769230766
0.2730775384615384
0.23156307692307693
0.1489513846153846
0.05674338461538461
-0.03421292307692308
-0.10597661538461538
-0.16105107692307694
-0.1990190769230769
-0.20861538461538462
-0.1908830769230769
-0.14790830769230767
-0.11265230769230769
-0.08887015384615385
-0.1028473846153846
-0.13664307692307692
-0.1858763076923077
-0.22989415384615383
-0.24574892307692306
-0.21925476923076925
-0.11828492307692307
0.05090215384615384
0.3116713846153846
0.4950443076923077
0.6850929230769232
0.8494818461538461
0.9074769230769231
0.9489913846153846
0.8100535384615385
0.584748923076923
0.23218892307692307
-0.17711446153846155
-0.5484498461538461
-0.950868923076923
-1.224780923076923
-1.398348923076923
-1.3779046153846155
-1.1219335384615385
-0.7074147692307692
-0.11703323076923078
0.47418276923076924
1.037027076923077
1.4989015384615383
1.7273353846153845
1.7552898461538462
1.5026566153846153
1.03056
0.4374664615384615
-0.28434276923076923
-0.9308418461538461
-1.4238000000000002
-1.7408953846153847
-1.7892941538461538
-1.652651076923077
-1.3146941538461536
-0.8261169230769231
-0.25305046153846156
0.3815575384615385
0.921036923076923
1.3103132307692307
1.5137132307692307
1.5153821538461538
1.352870769230769
0.9965556923076923
0.49921661538461537
-0.052571076923076915
-0.6024812307692308
-1.0259704615384615
-1.3140683076923076
-1.4530061538461536
-1.4112830769230769
-1.2473113846153847
-0.9475310769230769
-0.5601323076923077
-0.16042523076923076
0.24887815384615386
0.5995606153846154
0.8695089230769231
1.064772923076923
1.1338246153846154
1.086468923076923
0.9049735384615384
0.6076966153846154
0.2411593846153846
-0.17085599999999998
-0.557628923076923
-0.8989236923076922
-1.1425864615384616
-1.2669212307692306
-1.2804812307692308
-1.102115076923077
-0.7712510769230768
-0.3291950769230769
0.1927606153846154
0.6875963076923076
1.1340332307692307
1.4592646153846154
1.6192726153846153
1.6023747692307693
1.3680996923076922
0.9748596923076923
0.4789809230769231
-0.06946892307692307
-0.6001864615384616
-1.0599747692307693
-1.3770701538461538
-1.4986929230769233
-1.4240086153846152
-1.149888
-0.7124215384615384
-0.1612596923076923
0.43809230769230767
0.9744424615384616
1.4035643076923077
1.6438892307692308
1.644515076923077
1.4321446153846153
1.0057347692307692
0.4516523076923077
-0.14060676923076923
-0.7113784615384615
-1.1649083076923077
-1.4680264615384615
-1.581304615384615
-1.4690695384615384
-1.1649083076923077
-0.7074147692307692
-0.18149538461538461
0.34046030769230773
0.7935729230769231
1.1236024615384614
1.318657846153846
1.3299230769230768
1.159692923076923
0.8338356923076924
0.3978295384615384
-0.03692492307692308
-0.4383009230769231
-0.7570652307692307
-0.9587963076923077
-1.05768
-1.012619076923077
-0.8411372307692306
-0.5801593846153845
-0.26306399999999996
0.05507446153846154
0.3440067692307692
0.5853747692307693
0.7560221538461538
0.8330012307692308
0.8050467692307692
0.6727846153846154
0.4733483076923077
0.2411593846153846
0.01272553846153846
-0.1913003076923077
-0.37029230769230764
-0.5071439999999999
-0.6066535384615385
-0.6389889230769231
-0.6022726153846154
-0.5163230769230769
-0.3757163076923077
-0.21904615384615383
-0.043600615384615383
0.14978584615384616
0.33357600000000004
0.5100646153846153
0.6339821538461539
0.6848843076923077
0.6882221538461537
0.6314787692307692
0.517992
0.3460929230769231
0.124752
-0.10910584615384614
-0.3319070769230769
-0.49316676923076924
-0.5793249230769231
-0.5953883076923077
-0.5344726153846153
-0.4180652307692308
-0.24053353846153847
-0.02232184615384615
0.1908830769230769
0.38072307692307694
0.5056836923076923
0.5574203076923077
0.539688
0.44309907692307693
0.30207507692307695
0.12558646153846154
-0.0744756923076923
-0.2509643076923077
-0.37196123076923077
-0.4174393846153846
-0.39324
-0.3225193846153846
-0.2127876923076923
-0.08302892307692307
0.04985907692307692
0.17252492307692308
0.25200738461538463
0.2849686153846154
0.25513661538461535
0.18066092307692305
0.09554584615384615
0.0006258461538461538
-0.08428061538461538
-0.15333230769230768
-0.19192615384615386
-0.17315076923076922
-0.11035753846153845
-0.03129230769230769
0.04631261538461538
0.09930092307692308
0.1422756923076923
0.16626646153846153
0.15667015384615385
0.11745046153846153
0.04109723076923077
-0.040679999999999994
-0.1070196923076923
-0.1353913846153846
-0.12496061538461539
-0.084072
-0.012934153846153845
0.06425353846153846
0.14686523076923075
0.21487384615384614
0.25284184615384614
0.2620209230769231
0.22530461538461538
0.15187199999999998
0.050067692307692306
-0.06133292307692308
-0.15395815384615386
-0.22175815384615383
-0.24846092307692308
-0.22488738461538463
-0.15792184615384616
-0.034630153846153845
0.1178676923076923
0.25346769230769234
0.36340799999999995
0.4276615384615384
0.44038707692307694
0.38948492307692306
0.2751636923076923
0.12704676923076924
-0.04109723076923077
-0.18983999999999998
-0.2966510769230769
-0.3617390769230769
-0.3707095384615384
-0.3323243076923077
-0.2424110769230769
-0.10681107692307691
0.03379569230769231
0.1614683076923077
0.2478350769230769
0.290184
0.30019753846153846
0.2737033846153846
0.21341353846153846
0.12370892307692308
0.025659692307692307
-0.06800861538461538
-0.14707384615384617
-0.2021483076923077
-0.23656984615384613
-0.24199384615384617
-0.2238443076923077
-0.19526400000000002
-0.1476996923076923
-0.09784061538461537
-0.056951999999999996
-0.025659692307692307
-0.008136
0.0025033846153846152
0.003963692307692307
-0.01043076923076923
-0.029623384615384614
-0.05319692307692307
-0.08386338461538462
-0.10722830769230769
-0.12662953846153846
-0.14123261538461537
-0.1639716923076923
-0.1910916923076923
-0.20047938461538461
-0.19046584615384615
-0.15520984615384617
-0.10535076923076922
-0.049233230769230765
0.018775384615384614
0.09429415384615383
0.1783661538461538
0.25117292307692307
0.2870547692307692
0.2868461538461538
0.24637476923076923
0.1858763076923077
0.11181784615384616
0.02524246153846154
-0.058829538461538454
-0.13476553846153844
-0.1777403076923077
-0.1787833846153846
-0.13601723076923075
-0.06008123076923077
0.03296123076923077
0.14707384615384617
0.26640184615384616
0.37258707692307685
0.44810584615384613
0.46583815384615385
0.42494953846153843
0.33253292307692306
0.1940123076923077
0.04318338461538461
-0.10430769230769231
-0.24282830769230768
-0.3517255384615385
-0.40972061538461535
-0.39595199999999997
-0.3137575384615385
-0.18399876923076922
-0.03400430769230769
0.12120553846153845
0.26932246153846157
0.3890676923076923
0.4660467692307692
0.46437784615384614
0.3919883076923077
0.26911384615384615
0.11682461538461539
-0.03483876923076923
-0.18107815384615383
-0.29873723076923075
-0.3844781538461538
-0.409512
-0.3617390769230769
-0.24178523076923078
-0.08720123076923077
0.06613107692307692
0.21007569230769232
0.31250584615384613
0.3817661538461538
0.3942830769230769
0.3490135384615385
0.25513661538461535
0.12016246153846154
-0.008761846153846153
-0.11578153846153846
-0.18858830769230767
-0.2261390769230769
-0.23406646153846156
-0.20027076923076922
-0.13121907692307694
-0.04193169230769231
0.05173661538461538
0.11619876923076923
0.14749107692307692
0.1635544615384615
0.16105107692307694
0.1476996923076923
0.11703323076923078
0.06529661538461538
-0.0008344615384615384
-0.06008123076923077
-0.08448923076923077
-0.09804923076923076
-0.11974523076923077
-0.154584
-0.18379015384615385
-0.19442953846153843
-0.19359507692307693
-0.1783661538461538
-0.14853415384615384
-0.11911938461538461
-0.08448923076923077
-0.03233538461538461
0.03442153846153846
0.10409907692307692
0.14916
0.1710646153846154
0.17419384615384614
0.1639716923076923
0.14457046153846154
0.09930092307692308
0.03504738461538461
-0.037967999999999995
-0.11327815384615383
-0.1718990769230769
-0.21341353846153846
-0.23636123076923077
-0.241368
-0.22989415384615383
-0.17231630769230769
-0.08010830769230769
0.018358153846153843
0.10764553846153846
0.17481969230769231
0.21529107692307692
0.22008923076923076
0.19505538461538463
0.1435273846153846
0.05444861538461539
-0.06008123076923077
-0.16981292307692308
-0.24992123076923078
-0.30186646153846153
-0.327108923076923
-0.32085046153846153
-0.2853858461538461
-0.21466523076923077
-0.12204
-0.02044430769230769
0.06216738461538462
0.10931446153846153
0.130176
0.1314276923076923
0.12120553846153845
0.09533723076923077
0.05048492307692308
-0.020027076923076922
-0.09408553846153846
-0.1531236923076923
-0.1940123076923077
-0.20986707692307693
-0.21466523076923077
-0.20444307692307692
-0.16710092307692306
-0.10722830769230769
-0.029414769230769227
0.047772923076923074
0.12579507692307693
0.20152246153846154
0.2707827692307692
0.3375396923076923
0.368832
0.35256
0.29581661538461534
0.214248
0.13247076923076923
0.056951999999999996
-0.006049846153846154
-0.059664
-0.10514215384615383
-0.12266584615384615
-0.10827138461538462
-0.06195876923076923
0.0043809230769230765
0.06258461538461538
0.11891076923076922
0.1775316923076923
0.23448369230769228
0.28392553846153845
0.30666461538461537
0.29873723076923075
0.25138153846153843
0.17481969230769231
0.0853236923076923
-0.018358153846153843
-0.130176
-0.23239753846153846
-0.30436984615384616
-0.3210590769230769
-0.2695310769230769
-0.17502830769230768
-0.050067692307692306
0.05528307692307692
0.14394461538461537
0.24449723076923074
0.30562153846153844
0.34963938461538463
0.3312812307692308
0.2682793846153846
0.19693292307692306
0.11014892307692307
0.05736923076923077
-0.0012516923076923076
0.004589538461538461
-0.056326153846153845
-0.13852061538461538
-0.13038461538461538
-0.15228923076923076
-0.1028473846153846
-0.05799507692307692
-0.058829538461538454
-0.06341907692307691
-0.053405538461538456
0.02753723076923077
0.14749107692307692
0.20965846153846154
0.20652923076923077
0.17377661538461536
0.1504116923076923
0.18525046153846153
0.17544553846153846
0.09241661538461539
-0.06946892307692307
-0.21633415384615384
-0.2643156923076923
-0.2720344615384615
-0.2140393846153846
-0.17544553846153846
-0.11870215384615385
-0.024199384615384616
0.049233230769230765
0.1913003076923077
0.2588916923076923
0.25367630769230765
0.252216
0.16292861538461537
0.06821723076923077
-0.019609846153846155
-0.10827138461538462
-0.130176
-0.1712732307692308
-0.20798953846153845
-0.18525046153846153
-0.14999446153846155
-0.06988615384615385
-0.008761846153846153
0.017523692307692306
0.026494153846153844
0.025033846153846153
0.06154153846153846
0.06487938461538462
0.033169846153846154
-0.010639384615384617
-0.07197230769230768
-0.065088
-0.041514461538461535
-0.024408000000000003
0.01814953846153846
0.014185846153846153
0.04631261538461538
0.09679753846153846
0.09241661538461539
0.0853236923076923
0.045895384615384616
-0.012308307692307691
-0.05674338461538461
-0.10764553846153846
-0.14540492307692307
-0.14728246153846153
-0.11849353846153846
-0.0744756923076923
-0.01272553846153846
0.056326153846153845
0.10514215384615383
0.16501476923076921
0.20652923076923077
0.19672430769230767
0.1666836923076923
0.11432123076923076
0.07510153846153846
0.03838523076923077
-0.02044430769230769
-0.03337846153846154
-0.03150092307692308
-0.029206153846153847
0.004589538461538461
0.031709538461538456
0.078648
0.13330523076923076
0.15416676923076922
0.14415323076923076
0.10868861538461538
0.07760492307692309
0.051319384615384614
0.03421292307692308
0.019609846153846155
-0.019192615384615384
-0.015854769230769228
0.03233538461538461
0.09471138461538461
0.184416
0.23615261538461538
0.265776
0.28267384615384616
0.2478350769230769
0.19505538461538463
0.10910584615384614
-0.009596307692307692
-0.11140061538461538
-0.19338646153846153
-0.2436627692307692
-0.24574892307692306
-0.20840676923076923
-0.13330523076923076
-0.03066646153846154
0.0853236923076923
0.1948467692307692
0.2782929230769231
0.3179298461538461
0.3087507692307692
0.2695310769230769
0.17273353846153844
0.02545107692307692
-0.10138707692307691
-0.208824
-0.2924787692307692
-0.33315876923076926
-0.3425464615384616
-0.2828824615384615
-0.16897846153846155
-0.04318338461538461
0.09930092307692308
0.21049292307692305
0.28121353846153846
0.3241883076923077
0.3206418461538461
0.2757895384615385
0.18983999999999998
0.06633969230769231
-0.065088
-0.17544553846153846
-0.25346769230769234
-0.29748553846153847
-0.30270092307692303
-0.2749550769230769
-0.23782153846153845
-0.1829556923076923
-0.11703323076923078
-0.04380923076923077
0.04318338461538461
0.0855323076923077
0.0880356923076923
0.07468430769230769
0.05236246153846154
0.04672984615384615
0.027120000000000002
-0.01043076923076923
-0.05298830769230769
-0.09491999999999999
-0.10827138461538462
-0.103056
-0.09763200000000001
-0.10514215384615383
-0.12162276923076921
-0.11619876923076923
-0.09533723076923077
-0.04944184615384615
0.004172307692307692
0.04839876923076923
0.09804923076923076
0.14060676923076923
0.20006215384615383
0.2572227692307692
0.279336
0.2568055384615385
0.18358153846153846
0.09033046153846153
0.003129230769230769
-0.07134646153846153
-0.14415323076923076
-0.2090326153846154
-0.2563883076923077
-0.27182584615384614
-0.22697353846153845
-0.1424843076923077
-0.06362769230769232
-0.004172307692307692
0.03755076923076923
0.07510153846153846
0.10263876923076923
0.0934596923076923
0.04631261538461538
-0.023782153846153845
-0.09763200000000001
-0.14603076923076924
-0.16876984615384616
-0.18399876923076922
-0.19380369230769232
-0.1908830769230769
-0.15875630769230767
-0.0961716923076923
-0.01710646153846154
0.04839876923076923
0.07843938461538462
0.09241661538461539
0.103056
0.10681107692307691
0.09074769230769231
0.04860738461538461
0.0006258461538461538
-0.05048492307692308
-0.07489292307692308
-0.06759138461538462
-0.042348923076923076
0.0006258461538461538
0.027120000000000002
0.045060923076923075
0.06425353846153846
0.08448923076923077
0.084072
0.05820369230769231
0.017940923076923077
-0.029832
-0.050067692307692306
-0.044435076923076924
-0.02586830769230769
-0.0043809230769230765
0.010848
0.03150092307692308
0.05674338461538461
0.07760492307692309
0.08469784615384615
0.06946892307692307
0.056951999999999996
0.051528
0.05090215384615384
0.059872615384615385
0.06571384615384615
0.07510153846153846
0.08448923076923077
0.09930092307692308
0.11390399999999999
0.10660246153846153
0.09867507692307692
0.09095630769230768
0.0771876923076923
0.06738276923076922
0.05653476923076922
0.04714707692307692
0.03588184615384615
0.022530461538461537
0.008970461538461538
-0.002086153846153846
-0.01272553846153846
-0.023364923076923075
-0.03045784615384615
-0.03692492307692308
-0.04130584615384615
-0.037967999999999995
-0.021904615384615383
-0.015437538461538461
-0.01668923076923077
-0.010013538461538461
-0.010222153846153844
-0.005424
-0.01043076923076923
-0.01856676923076923
-0.018775384615384614
-0.017523692307692306
0.0014603076923076922
0.006258461538461538
0.005841230769230769
0.0022947692307692304
-0.006049846153846154
-0.008136
-0.012099692307692308
-0.023782153846153845
-0.04526953846153846
-0.05736923076923077
-0.06654830769230768
-0.06759138461538462
-0.059872615384615385
-0.052153846153846155
-0.041514461538461535
-0.03713353846153846
-0.03483876923076923
-0.040054153846153843
-0.062376
-0.09158215384615384
-0.12725538461538463
-0.15082892307692305
-0.15354092307692307
-0.14582215384615385
-0.12412615384615384
-0.08323753846153846
-0.016480615384615385
0.06884307692307692
0.1543753846153846
0.22551323076923077
0.25805723076923076
0.25138153846153843
0.2225926153846154
0.165432
0.0936683076923077
0.008136
-0.08198584615384615
-0.14707384615384617
-0.1721076923076923
-0.14999446153846155
-0.09512861538461538
-0.018983999999999997
0.06487938461538462
0.15813046153846153
0.25200738461538463
0.32210215384615387
0.35047384615384614
0.32543999999999995
0.2497126153846154
0.14081538461538462
0.009804923076923077
-0.12662953846153846
-0.24679199999999998
-0.34338092307692303
-0.401376
-0.40012430769230767
-0.33253292307692306
-0.21862892307692305
-0.07760492307692309
0.06571384615384615
0.1867107692307692
0.2822566153846154
0.3294036923076923
0.32231076923076923
0.25346769230769234
0.124752
-0.019609846153846155
-0.15687876923076924
-0.25117292307692307
-0.2926873846153846
-0.2981113846153846
-0.25367630769230765
-0.1635544615384615
-0.03275261538461539
0.1151556923076923
0.2342750769230769
0.31125415384615385
0.3412947692307692
0.32836061538461536
0.2899753846153846
0.22321846153846153
0.14477907692307693
0.05945538461538461
-0.029623384615384614
-0.08323753846153846
-0.10806276923076923
-0.10994030769230768
-0.09596307692307693
-0.0853236923076923
-0.06341907692307691
-0.028163076923076923
0.017523692307692306
0.0717636923076923
0.10806276923076923
0.12558646153846154
0.13893784615384613
0.14707384615384617
0.1639716923076923
0.17982646153846152
0.1829556923076923
0.17502830769230768
0.16334584615384617
0.15959076923076923
0.14060676923076923
0.10222153846153846
0.05236246153846154
-0.009596307692307692
-0.05674338461538461
-0.07468430769230769
-0.06216738461538462
-0.032544
0.004589538461538461
0.06425353846153846
0.14039815384615384
0.21633415384615384
0.279336
0.3062473846153846
0.29101846153846156
0.24992123076923078
0.19004861538461537
0.11703323076923078
0.028788923076923077
-0.06884307692307692
-0.15145476923076923
-0.19380369230769232
-0.19317784615384614
-0.16313723076923078
-0.11140061538461538
-0.03942830769230769
0.04088861538461538
0.10764553846153846
0.15479261538461536
0.17398523076923075
0.14999446153846155
0.08073415384615384
-0.002712
-0.08240307692307691
-0.14728246153846153
-0.20152246153846154
-0.24428861538461538
-0.24992123076923078
-0.22175815384615383
-0.15333230769230768
-0.06446215384615385
0.021070153846153846
0.09179076923076923
0.138312
0.17294215384615383
0.1846246153846154
0.16063384615384615
0.0963803076923077
0.0002086153846153846
-0.103056
-0.1829556923076923
-0.22780799999999998
-0.2578486153846154
-0.27182584615384614
-0.2503384615384615
-0.1910916923076923
-0.1028473846153846
-0.01043076923076923
0.06738276923076922
0.11974523076923077
0.13476553846153844
0.124752
0.10743692307692307
0.09179076923076923
0.06654830769230768
0.03379569230769231
0.0022947692307692304
-0.006049846153846154
0.014185846153846153
0.040262769230769234
0.06592246153846154
0.07802215384615384
0.084072
0.09700615384615385
0.10201292307692307
0.09095630769230768
0.05236246153846154
-0.00855323076923077
-0.0717636923076923
-0.12308307692307692
-0.15750461538461538
-0.18483323076923078
-0.15750461538461538
-0.084072
0.03108369230769231
0.1794092307692308
0.3062473846153846
0.43579753846153846
0.5186178461538461
0.5280055384615384
0.4587452307692308
0.2883064615384615
0.09533723076923077
-0.12579507692307693
-0.2981113846153846
-0.4322510769230769
-0.5490756923076923
-0.5319692307692307
-0.4798153846153846
-0.32377107692307694
-0.119328
0.06654830769230768
0.28267384615384616
0.39928984615384616
0.4983821538461538
0.5117335384615385
0.40033292307692303
0.26786215384615386
0.052153846153846155
-0.14206707692307693
-0.32231076923076923
-0.4848221538461538
-0.5296744615384615
-0.5250849230769231
-0.41264123076923076
-0.2355267692307692
-0.06842584615384616
0.12037107692307693
0.2480436923076923
0.3538116923076923
0.4036707692307692
0.32564861538461537
0.23114584615384615
0.09137353846153846
-0.029414769230769227
-0.10660246153846153
-0.2090326153846154
-0.2588916923076923
-0.3035353846153846
-0.3229366153846154
-0.2862203076923077
-0.25972615384615383
-0.2154996923076923
-0.17440246153846153
-0.1314276923076923
-0.05799507692307692
-0.013768615384615384
0.028788923076923077
0.05799507692307692
0.06487938461538462
0.09450276923076922
0.10681107692307691
0.132888
0.15917353846153848
0.1449876923076923
0.12433476923076923
0.058829538461538454
-0.03421292307692308
-0.11891076923076922
-0.23949046153846154
-0.336288
-0.4022104615384615
-0.4243236923076923
-0.3513083076923077
-0.23239753846153846
-0.056951999999999996
0.12808984615384614
0.28434276923076923
0.4214030769230769
0.49984246153846157
0.5173661538461538
0.4395526153846154
0.2724516923076923
0.084072
-0.11828492307692307
-0.2883064615384615
-0.40888615384615384
-0.4762689230769231
-0.4564504615384615
-0.3861470769230769
-0.241368
-0.04714707692307692
0.14519630769230768
0.33670523076923076
0.4725138461538462
0.5444861538461538
0.5484498461538461
0.46625538461538457
0.3346190769230769
0.16000799999999998
-0.043392
-0.2221753846153846
-0.36027876923076924
-0.42077723076923074
-0.40992923076923077
-0.35047384615384614
-0.2292683076923077
-0.0855323076923077
0.07572738461538461
0.22447015384615385
0.30207507692307695
0.3193901538461538
0.26535876923076923
0.17023015384615386
0.07155507692307693
-0.04902461538461538
-0.15813046153846153
-0.2453316923076923
-0.29331323076923077
-0.2768326153846154
-0.2292683076923077
-0.1504116923076923
-0.06216738461538462
0.02211323076923077
0.116616
0.1842073846153846
0.22718215384615387
0.22697353846153845
0.1873366153846154
0.13872923076923074
0.07238953846153846
0.030875076923076922
0.0029206153846153843
-0.023364923076923075
-0.018775384615384614
-0.003963692307692307
0.027120000000000002
0.07739630769230768
0.10681107692307691
0.12621230769230768
0.1207883076923077
0.08073415384615384
0.04568676923076923
0.0035464615384615383
-0.03129230769230769
-0.05653476923076922
-0.08073415384615384
-0.07572738461538461
-0.05194523076923077
-0.017940923076923077
0.010639384615384617
0.02357353846153846
0.025659692307692307
0.015228923076923076
0.003129230769230769
-0.009596307692307692
-0.03692492307692308
-0.06550523076923077
-0.07468430769230769
-0.06988615384615385
-0.03901107692307692
-0.0043809230769230765
0.028163076923076923
0.06404492307692307
0.0826116923076923
0.10347323076923076
0.11473846153846154
0.10430769230769231
0.08323753846153846
0.05111076923076923
0.02482523076923077
0.006675692307692307
-0.0043809230769230765
-0.001043076923076923
0.007510153846153846
0.03212676923076923
0.07072061538461538
0.12350030769230769
0.1785747692307692
0.21216184615384615
0.22697353846153845
0.21591692307692306
0.18921415384615384
0.15646153846153846
0.09909230769230769
0.015646153846153844
-0.07280676923076923
-0.14540492307692307
-0.17377661538461536
-0.16418030769230768
-0.12433476923076923
-0.05778646153846154
0.017315076923076923
0.10743692307692307
0.19860184615384616
0.26786215384615386
0.2858030769230769
0.2478350769230769
0.18170399999999998
0.09596307692307693
0.006675692307692307
-0.08761846153846153
-0.18399876923076922
-0.24762646153846155
-0.273912
-0.24908676923076922
-0.1760713846153846
-0.08469784615384615
0.012099692307692308
0.09429415384615383
0.16313723076923078
0.21237046153846154
0.22989415384615383
0.21007569230769232
0.1449876923076923
0.05194523076923077
-0.04756430769230769
-0.130176
-0.18379015384615385
-0.2157083076923077
-0.2207150769230769
-0.19067446153846154
-0.12350030769230769
-0.018983999999999997
0.08866153846153846
0.17252492307692308
0.23928184615384615
0.27453784615384613
0.2701569230769231
0.22780799999999998
0.1506203076923077
0.05486584615384615
-0.04109723076923077
-0.11327815384615383
-0.13455692307692307
-0.12162276923076921
-0.09158215384615384
-0.03609046153846154
0.03150092307692308
0.10806276923076923
0.16772676923076923
0.1913003076923077
0.18086953846153844
0.13080184615384613
0.05653476923076922
-0.026285538461538457
-0.09971815384615385
-0.14436184615384615
-0.17461107692307692
-0.1908830769230769
-0.17648861538461538
-0.13601723076923075
-0.06759138461538462
0.003129230769230769
0.06133292307692308
0.10159569230769232
0.12162276923076921
0.13330523076923076
0.11724184615384614
0.0853236923076923
0.04109723076923077
-0.016480615384615385
-0.06216738461538462
-0.09971815384615385
-0.12788123076923075
-0.15228923076923076
-0.1637630769230769
-0.13476553846153844
-0.08094276923076923
-0.013142769230769229
0.058829538461538454
0.11640738461538462
0.17273353846153844
0.21153599999999997
0.22342707692307692
0.2205064615384615
0.18545907692307692
0.12788123076923075
0.05799507692307692
-0.006884307692307692
-0.062376
-0.12537784615384615
-0.18337292307692307
-0.22321846153846153
-0.23364923076923078
-0.22029784615384615
-0.19025723076923076
-0.14811692307692306
-0.10180430769230768
-0.058412307692307694
-0.003963692307692307
0.06216738461538462
0.12350030769230769
0.17377661538461536
0.1908830769230769
0.1910916923076923
0.165432
0.11306953846153844
0.049233230769230765
-0.040054153846153843
-0.13121907692307694
-0.20548615384615385
-0.24303692307692307
-0.2369870769230769
-0.20277415384615383
-0.13726892307692307
-0.04547815384615384
0.06070707692307692
0.1846246153846154
0.29101846153846156
0.3575667692307692
0.37947138461538454
0.34692738461538464
0.2851772307692308
0.19735015384615384
0.08949599999999999
-0.02273907692307692
-0.13184492307692308
-0.2194633846153846
-0.26869661538461537
-0.2712
-0.23177169230769232
-0.1652233846153846
-0.08386338461538462
0.01272553846153846
0.10910584615384614
0.1910916923076923
0.2436627692307692
0.25200738461538463
0.22467876923076924
0.17085599999999998
0.10868861538461538
0.04318338461538461
-0.035255999999999996
-0.124752
-0.20006215384615383
-0.23886461538461537
-0.249504
-0.24011630769230768
-0.21216184615384615
-0.1804523076923077
-0.14540492307692307
-0.09763200000000001
-0.04214030769230769
0.015854769230769228
0.061124307692307686
0.0963803076923077
0.1356
0.168144
0.18525046153846153
0.1775316923076923
0.14290153846153844
0.09095630769230768
0.02586830769230769
-0.04130584615384615
-0.10639384615384614
-0.1639716923076923
-0.1977673846153846
-0.20486030769230767
-0.17982646153846152
-0.12370892307692308
-0.053614153846153846
0.020027076923076922
0.09116492307692307
0.16501476923076921
0.23490092307692306
0.2799618461538461
0.2931046153846154
0.26619323076923074
0.20965846153846154
0.14290153846153844
0.06633969230769231
-0.01814953846153846
-0.10180430769230768
-0.17815753846153848
-0.2275993846153846
-0.23469230769230767
-0.20632061538461538
-0.1531236923076923
-0.09158215384615384
-0.028371692307692306
0.03150092307692308
0.09116492307692307
0.13226215384615383
0.13706030769230768
0.12016246153846154
0.08219446153846154
0.03963692307692308
-0.0004172307692307692
-0.047772923076923074
-0.09053907692307692
-0.12537784615384615
-0.1506203076923077
-0.15249784615384615
-0.13309661538461537
-0.08907876923076924
-0.032544
0.015020307692307692
0.05799507692307692
0.09804923076923076
0.13184492307692308
0.15124615384615384
0.14311015384615386
0.12245723076923076
0.100344
0.0855323076923077
0.07614461538461538
0.059872615384615385
0.03963692307692308
0.0029206153846153843
-0.02273907692307692
-0.03942830769230769
-0.05757784615384615
-0.07364123076923076
-0.09846646153846153
-0.10660246153846153
-0.09950953846153845
-0.07739630769230768
-0.044435076923076924
-0.00855323076923077
0.017940923076923077
0.030875076923076922
0.047772923076923074
0.045895384615384616
0.018983999999999997
-0.02482523076923077
-0.07781353846153846
-0.12141415384615384
-0.15124615384615384
-0.16835261538461538
-0.16856123076923077
-0.14686523076923075
-0.10743692307692307
-0.04985907692307692
0.017523692307692306
0.07948246153846153
0.12642092307692307
0.15500123076923078
0.16105107692307694
0.15354092307692307
0.13622584615384614
0.10681107692307691
0.07531015384615385
0.03483876923076923
0.0050067692307692304
-0.006884307692307692
-0.009179076923076922
0.0029206153846153843
0.018775384615384614
0.03921969230769231
0.06300184615384616
0.08574092307692306
0.09450276923076922
0.0855323076923077
0.06905169230769231
0.03963692307692308
0.01668923076923077
0.006675692307692307
0.002712
-0.003963692307692307
-0.018358153846153843
-0.03984553846153846
-0.058412307692307694
-0.04088861538461538
-0.020027076923076922
0.005424
0.02586830769230769
0.04944184615384615
0.09325107692307691
0.14978584615384616
0.1977673846153846
0.26097784615384617
0.3510996923076923
0.2780843076923077
0.21737723076923077
0.15354092307692307
0.028788923076923077
-0.003963692307692307
-0.15917353846153848
-0.3031181538461538
-0.43058215384615384
-0.4994252307692308
-0.37029230769230764
-0.2701569230769231
-0.13747753846153846
-0.03629907692307692
0.07823076923076923
0.29602523076923076
0.4443507692307692
0.5547083076923077
0.48336184615384614
0.3081249230769231
0.18796246153846152
0.018775384615384614
-0.06696553846153847
-0.18796246153846152
-0.3344104615384615
-0.34046030769230773
-0.3775938461538461
-0.2774584615384615
-0.09471138461538461
0.006049846153846154
0.19317784615384614
0.3049956923076923
0.3780110769230769
0.4599969230769231
0.4353803076923077
0.43704923076923075
0.3623649230769231
0.1913003076923077
0.02545107692307692
-0.15667015384615385
-0.24345415384615382
-0.30854215384615385
-0.3738387692307692
-0.38677292307692307
-0.39595199999999997
-0.28851507692307693
-0.1435273846153846
-0.03629907692307692
0.0880356923076923
0.1504116923076923
0.22488738461538463
0.30562153846153844
0.2912270769230769
0.268488
0.184416
0.06967753846153846
0.01940123076923077
-0.058412307692307694
-0.13184492307692308
-0.206112
-0.2803790769230769
-0.2981113846153846
-0.2860116923076923
-0.22989415384615383
-0.14603076923076924
-0.02273907692307692
0.13184492307692308
0.2557624615384615
0.38531261538461536
0.46729846153846155
0.4879513846153846
0.49337538461538455
0.39762092307692304
0.2532590769230769
0.08302892307692307
-0.11140061538461538
-0.24512307692307692
-0.38280923076923074
-0.47668615384615387
-0.4831532307692308
-0.4493575384615385
-0.34171199999999996
-0.20423446153846153
-0.05298830769230769
0.11306953846153844
0.24992123076923078
0.3415033846153846
0.36445107692307693
0.34296369230769225
0.29414769230769233
0.18900553846153845
0.05799507692307692
-0.10493353846153847
-0.26932246153846157
-0.347136
-0.38656430769230765
-0.36445107692307693
-0.2830910769230769
-0.19985353846153847
-0.05277969230769231
0.09137353846153846
0.21174461538461536
0.3327415384615385
0.38593846153846156
0.3978295384615384
0.3675803076923077
0.30061476923076924
0.21153599999999997
0.09930092307692308
0.007510153846153846
-0.0717636923076923
-0.12120553846153845
-0.14164984615384615
-0.15646153846153846
-0.13747753846153846
-0.10681107692307691
-0.05716061538461538
0.01981846153846154
0.061750153846153844
0.0961716923076923
0.13852061538461538
0.1506203076923077
0.16021661538461537
0.138312
0.09116492307692307
0.06028984615384615
0.021070153846153846
-0.00855323076923077
-0.04109723076923077
-0.09971815384615385
-0.1424843076923077
-0.1760713846153846
-0.1867107692307692
-0.16605784615384614
-0.1422756923076923
-0.09846646153846153
-0.05528307692307692
-0.0002086153846153846
0.065088
0.10681107692307691
0.13998092307692306
0.12579507692307693
0.07489292307692308
0.015854769230769228
-0.06216738461538462
-0.11536430769230768
-0.16209415384615386
-0.22300984615384614
-0.2626467692307692
-0.28121353846153846
-0.25054707692307693
-0.16710092307692306
-0.0853236923076923
-0.009596307692307692
0.054657230769230764
0.11202646153846153
0.1783661538461538
0.21716861538461538
0.22426153846153846
0.18232984615384615
0.10681107692307691
0.042557538461538466
-0.021070153846153846
-0.0678
-0.10430769230769231
-0.119328
-0.09658892307692307
-0.048816000000000005
0.035464615384615386
0.12621230769230768
0.19526400000000002
0.22968553846153844
0.2369870769230769
0.23218892307692307
0.21070153846153844
0.16418030769230768
0.08386338461538462
-0.01710646153846154
-0.11703323076923078
-0.1842073846153846
-0.20506892307692307
-0.19463815384615382
-0.1710646153846154
-0.12808984615384614
-0.06008123076923077
0.026494153846153844
0.11724184615384614
0.17481969230769231
0.19150892307692308
0.1787833846153846
0.14311015384615386
0.10660246153846153
0.06279323076923077
0.0008344615384615384
-0.05319692307692307
-0.084072
-0.08177723076923075
-0.05382276923076923
-0.024199384615384616
-0.004589538461538461
0.0016689230769230767
0.015020307692307692
0.03984553846153846
0.06571384615384615
0.08657538461538461
0.09179076923076923
0.0974233846153846
0.10848000000000001
0.11703323076923078
0.12621230769230768
0.116616
0.0892873846153846
0.04985907692307692
0.003963692307692307
-0.026285538461538457
-0.049233230769230765
-0.07364123076923076
-0.10013538461538461
-0.13038461538461538
-0.1476996923076923
-0.13768615384615385
-0.12016246153846154
-0.09325107692307691
-0.05820369230769231
-0.022947692307692308
0.021070153846153846
0.06070707692307692
0.09137353846153846
0.09596307692307693
0.08448923076923077
0.05319692307692307
0.0022947692307692304
-0.050067692307692306
-0.11327815384615383
-0.17002153846153847
-0.20402584615384614
-0.20360861538461536
-0.1656406153846154
-0.09909230769230769
-0.017315076923076923
0.07885661538461539
0.1775316923076923
0.26160369230769226
0.3170953846153846
0.32606584615384615
0.2899753846153846
0.22008923076923076
0.13518276923076925
0.037342153846153844
-0.059038153846153844
-0.1476996923076923
-0.21341353846153846
-0.2357353846153846
-0.22989415384615383
-0.18316430769230768
-0.11035753846153845
-0.03942830769230769
0.03129230769230769
0.09012184615384615
0.13643446153846153
0.17002153846153847
0.17398523076923075
0.15291507692307693
0.10076123076923077
0.02858030769230769
-0.03755076923076923
-0.1028473846153846
-0.15750461538461538
-0.18942276923076923
-0.18232984615384615
-0.13205353846153844
-0.05570030769230769
0.03483876923076923
0.11703323076923078
0.18107815384615383
0.22280123076923075
0.2357353846153846
0.21716861538461538
0.16459753846153846
0.07927384615384615
-0.015854769230769228
-0.0936683076923077
-0.1489513846153846
-0.16856123076923077
-0.16626646153846153
-0.14519630769230768
-0.09658892307692307
-0.02899753846153846
0.058412307692307694
0.13184492307692308
0.17440246153846153
0.1994363076923077
0.20527753846153846
0.1994363076923077
0.17252492307692308
0.1289243076923077
0.078648
0.02044430769230769
-0.01668923076923077
-0.03609046153846154
-0.03984553846153846
-0.03108369230769231
-0.017315076923076923
0.005424
0.033169846153846154
0.06487938461538462
0.09179076923076923
0.10576799999999999
0.10326461538461539
0.086784
0.06154153846153846
0.037967999999999995
0.005841230769230769
-0.028163076923076923
-0.058829538461538454
-0.07572738461538461
-0.06633969230769231
-0.05507446153846154
-0.04109723076923077
-0.04401784615384615
-0.07238953846153846
-0.10180430769230768
-0.13101046153846155
-0.15520984615384617
-0.17294215384615383
-0.18483323076923078
-0.17419384615384614
-0.13789476923076924
-0.07885661538461539
-0.015854769230769228
0.03755076923076923
0.0828203076923077
0.1178676923076923
0.14811692307692306
0.15625292307692307
0.1462393846153846
0.12454338461538461
0.07551876923076924
0.02315630769230769
-0.021070153846153846
-0.062376
-0.08761846153846153
-0.09909230769230769
-0.10222153846153846
-0.07948246153846153
-0.037342153846153844
0.011265230769230769
0.06529661538461538
0.10201292307692307
0.12725538461538463
0.14477907692307693
0.1449876923076923
0.12662953846153846
0.09241661538461539
0.04214030769230769
-0.021070153846153846
-0.07614461538461538
-0.12037107692307693
-0.14978584615384616
-0.1704387692307692
-0.1787833846153846
-0.1614683076923077
-0.12391753846153845
-0.07697907692307693
-0.025033846153846153
0.026702769230769228
0.07656184615384615
0.12955015384615384
0.16292861538461537
0.17398523076923075
0.16418030769230768
0.12996738461538462
0.09784061538461537
0.07113784615384615
0.054240000000000003
0.04819015384615385
0.03775938461538462
0.034630153846153845
0.04672984615384615
0.05924676923076923
0.06362769230769232
0.06675692307692307
0.0678
0.06154153846153846
0.05778646153846154
0.06362769230769232
0.07155507692307693
0.07969107692307692
0.08720123076923077
0.09596307692307693
0.1045163076923077
0.10076123076923077
0.08031692307692308
0.03921969230769231
-0.023782153846153845
-0.09241661538461539
-0.1476996923076923
-0.19192615384615386
-0.2194633846153846
-0.22801661538461537
-0.2157083076923077
-0.1704387692307692
-0.09512861538461538
-0.009596307692307692
0.05945538461538461
0.10868861538461538
0.1341396923076923
0.14665661538461539
0.1449876923076923
0.12558646153846154
0.08845292307692308
0.02482523076923077
-0.031709538461538456
-0.06070707692307692
-0.06884307692307692
-0.06133292307692308
-0.047772923076923074
-0.03337846153846154
-0.0014603076923076922
0.04693846153846153
0.08949599999999999
0.12391753846153845
0.13059323076923077
0.11432123076923076
0.09241661538461539
0.06425353846153846
0.03483876923076923
-0.007927384615384614
-0.05528307692307692
-0.08699261538461538
-0.09241661538461539
-0.06592246153846154
-0.021487384615384613
0.02023569230769231
0.05048492307692308
0.07885661538461539
0.10555938461538462
0.127464
0.13768615384615385
0.11703323076923078
0.07885661538461539
0.040054153846153843
0.01043076923076923
-0.0002086153846153846
0.0004172307692307692
0.015228923076923076
0.03629907692307692
0.06279323076923077
0.0892873846153846
0.10743692307692307
0.10180430769230768
0.07468430769230769
0.05319692307692307
0.011265230769230769
-0.005841230769230769
-0.031709538461538456
-0.04401784615384615
-0.029623384615384614
-0.0002086153846153846
0.17315076923076922
0.20819815384615384
0.19568123076923075
0.22864246153846152
0.1612596923076923
0.1804523076923077
0.06696553846153847
-0.08574092307692306
-0.2399076923076923
-0.40700861538461536
-0.37321292307692305
-0.3615304615384615
-0.2828824615384615
-0.1942209230769231
-0.11181784615384616
0.1178676923076923
0.2774584615384615
0.45269538461538456
0.5165316923076922
0.39282276923076925
0.29602523076923076
0.09784061538461537
-0.09325107692307691
-0.2586830769230769
-0.4729310769230769
-0.5305089230769231
-0.5839144615384615
-0.5757784615384615
-0.3844781538461538
-0.21049292307692305
0.03650769230769231
0.24074215384615386
0.3452584615384615
0.4395526153846154
0.4151446153846154
0.39282276923076925
0.32210215384615387
0.13497415384615385
-0.04130584615384615
-0.2194633846153846
-0.2970683076923077
-0.32377107692307694
-0.3836436923076923
-0.3848953846153846
-0.38531261538461536
-0.29602523076923076
-0.12099692307692309
0.012516923076923077
0.15896492307692306
0.25555384615384613
0.32314523076923074
0.4115981538461538
0.4163963076923077
0.39052800000000004
0.3206418461538461
0.19171753846153847
0.11160923076923077
0.035255999999999996
-0.027745846153846152
-0.08657538461538461
-0.16313723076923078
-0.20715507692307691
-0.2532590769230769
-0.260352
-0.23072861538461537
-0.1760713846153846
-0.0771876923076923
-0.017315076923076923
0.08219446153846154
0.2238443076923077
0.3152178461538461
0.3978295384615384
0.3980381538461538
0.3246055384615385
0.23156307692307693
0.086784
-0.05069353846153846
-0.2154996923076923
-0.38572984615384615
-0.4750172307692308
-0.5108990769230769
-0.4714707692307692
-0.38656430769230765
-0.2709913846153846
-0.09283384615384616
0.100344
0.2920615384615385
0.44977476923076926
0.5499101538461538
0.6137464615384616
0.577656
0.46250030769230766
0.2962338461538461
0.05799507692307692
-0.1506203076923077
-0.3452584615384615
-0.5000510769230769
-0.539688
-0.527796923076923
-0.427452923076923
-0.268488
-0.10180430769230768
0.111192
0.31041969230769234
0.48023261538461537
0.5882953846153847
0.5976830769230769
0.5232073846153845
0.3669544615384615
0.19818461538461538
0.015854769230769228
-0.17732307692307692
-0.34296369230769225
-0.48398769230769234
-0.5401052307692308
-0.5031803076923077
-0.4151446153846154
-0.2753723076923077
-0.13101046153846155
0.019609846153846155
0.20298276923076922
0.34275507692307694
0.4145187692307692
0.40450523076923073
0.32043323076923075
0.23385784615384617
0.13935507692307691
0.04672984615384615
-0.048816000000000005
-0.15938215384615384
-0.23281476923076924
-0.2624381538461539
-0.249504
-0.20298276923076922
-0.15333230769230768
-0.08949599999999999
-0.03859384615384615
0.006258461538461538
0.06675692307692307
0.09721476923076922
0.12850707692307692
0.13893784615384613
0.10889723076923077
0.09784061538461537
0.07343261538461537
0.059872615384615385
0.03421292307692308
-0.03504738461538461
-0.08469784615384615
-0.1218313846153846
-0.138312
-0.13852061538461538
-0.15082892307692305
-0.1612596923076923
-0.15541846153846153
-0.10910584615384614
-0.03024923076923077
0.02315630769230769
0.058412307692307694
0.08344615384615384
0.10806276923076923
0.13309661538461537
0.1178676923076923
0.09387692307692307
0.04401784615384615
-0.019192615384615384
-0.059872615384615385
-0.10076123076923077
-0.12016246153846154
-0.12934153846153845
-0.13205353846153844
-0.11098338461538461
-0.07218092307692307
0.0008344615384615384
0.07969107692307692
0.14039815384615384
0.18525046153846153
0.19505538461538463
0.18963138461538462
0.16292861538461537
0.12600369230769232
0.08344615384615384
0.022947692307692308
-0.010222153846153844
-0.017523692307692306
-0.0012516923076923076
0.03775938461538462
0.06696553846153847
0.10889723076923077
0.1614683076923077
0.19651569230769228
0.21487384615384614
0.1881710769230769
0.13059323076923077
0.06550523076923077
0.004589538461538461
-0.03629907692307692
-0.07927384615384615
-0.11160923076923077
-0.12099692307692309
-0.10681107692307691
-0.059664
0.006675692307692307
0.07760492307692309
0.138312
0.18107815384615383
0.21195323076923075
0.21696000000000001
0.19338646153846153
0.14582215384615385
0.07510153846153846
-0.0025033846153846152
-0.07572738461538461
-0.14060676923076923
-0.18253846153846154
-0.19046584615384615
-0.1637630769230769
-0.10785415384615385
-0.03567323076923076
0.051528
0.13747753846153846
0.21341353846153846
0.26640184615384616
0.2887236923076923
0.2906012307692308
0.2517987692307692
0.18629353846153843
0.11223507692307692
0.038176615384615385
-0.016063384615384615
-0.06654830769230768
-0.11578153846153846
-0.1489513846153846
-0.168144
-0.16438892307692307
-0.14331876923076922
-0.11765907692307691
-0.0936683076923077
-0.08386338461538462
-0.07072061538461538
-0.04318338461538461
-0.0022947692307692304
0.03901107692307692
0.06362769230769232
0.08448923076923077
0.092208
0.07969107692307692
0.04819015384615385
-0.01981846153846154
-0.10868861538461538
-0.19609846153846153
-0.2697396923076923
-0.3095852307692307
-0.3127144615384615
-0.2845513846153846
-0.21696000000000001
-0.12350030769230769
-0.0043809230769230765
0.1314276923076923
0.24720923076923076
0.3373310769230769
0.3805144615384615
0.3767593846153846
0.34171199999999996
0.2689052307692308
0.16292861538461537
0.03233538461538461
-0.103056
-0.2154996923076923
-0.2830910769230769
-0.30562153846153844
-0.2887236923076923
-0.2399076923076923
-0.1504116923076923
-0.015228923076923076
0.1314276923076923
0.25972615384615383
0.3425464615384616
0.3648683076923077
0.33315876923076926
0.25471938461538457
0.15354092307692307
0.034630153846153845
-0.09471138461538461
-0.20486030769230767
-0.28267384615384616
-0.3152178461538461
-0.29227015384615385
-0.22530461538461538
-0.1368516923076923
-0.041514461538461535
0.06279323076923077
0.1704387692307692
0.24574892307692306
0.28663753846153844
0.2851772307692308
0.24574892307692306
0.19714153846153845
0.14206707692307693
0.0974233846153846
0.04172307692307692
-0.018983999999999997
-0.05298830769230769
-0.06383630769230769
-0.05090215384615384
-0.028163076923076923
-0.016480615384615385
-0.006258461538461538
0.007301538461538462
0.022947692307692308
0.04547815384615384
0.053614153846153846
0.061124307692307686
0.06967753846153846
0.08428061538461538
0.11348676923076922
0.14978584615384616
0.17711446153846155
0.18212123076923076
0.1760713846153846
0.14603076923076924
0.10076123076923077
0.04568676923076923
-0.029414769230769227
-0.11599015384615384
-0.1856676923076923
-0.22551323076923077
-0.23135446153846154
-0.2056947692307692
-0.16251138461538459
-0.09137353846153846
-0.007301538461538462
0.084072
0.1693956923076923
0.21633415384615384
0.22822523076923076
0.20652923076923077
0.1558356923076923
0.08991323076923076
0.0035464615384615383
-0.09491999999999999
-0.18274707692307693
-0.2507556923076923
-0.2703655384615385
-0.2497126153846154
-0.19985353846153847
-0.11891076923076922
-0.034630153846153845
0.053614153846153846
0.12850707692307692
0.18796246153846152
0.2275993846153846
0.21925476923076925
0.1846246153846154
0.13622584615384614
0.0826116923076923
0.02858030769230769
-0.027120000000000002
-0.07384984615384615
-0.10764553846153846
-0.124752
-0.12287446153846153
-0.11348676923076922
-0.1045163076923077
-0.0961716923076923
-0.08782707692307692
-0.06863446153846153
-0.042348923076923076
-0.019609846153846155
-0.006884307692307692
-0.003129230769230769
0.010639384615384617
0.029832
0.04839876923076923
0.054240000000000003
0.037967999999999995
0.011056615384615385
-0.02586830769230769
-0.06738276923076922
-0.11473846153846154
-0.168144
-0.2090326153846154
-0.23677846153846152
-0.23928184615384615
-0.20319138461538463
-0.14811692307692306
-0.08323753846153846
-0.015020307692307692
0.06571384615384615
0.14749107692307692
0.20360861538461536
0.2374043076923077
0.2399076923076923
0.2125790769230769
0.15667015384615385
0.07531015384615385
-0.010848
-0.10347323076923076
-0.19463815384615382
-0.2626467692307692
-0.2937304615384615
-0.2680707692307692
-0.21237046153846154
-0.1368516923076923
-0.045895384615384616
0.042974769230769226
0.1368516923076923
0.20506892307692307
0.23886461538461537
0.23385784615384617
0.18212123076923076
0.10931446153846153
0.026494153846153844
-0.04839876923076923
-0.11327815384615383
-0.1777403076923077
-0.21612553846153845
-0.2157083076923077
-0.18712800000000002
-0.14164984615384615
-0.09137353846153846
-0.029832
0.034630153846153845
0.09053907692307692
0.14290153846153844
0.17315076923076922
0.18170399999999998
0.1760713846153846
0.15270646153846154
0.12934153846153845
0.10535076923076922
0.08156861538461539
0.06633969230769231
0.06821723076923077
0.09053907692307692
0.119328
0.14185846153846154
0.15875630769230767
0.157296
0.138312
0.1151556923076923
0.08740984615384616
0.053614153846153846
-0.005215384615384615
-0.07489292307692308
-0.1287156923076923
-0.18086953846153844
-0.24741784615384615
-0.25159015384615385
-0.19985353846153847
-0.09825784615384614
0.06571384615384615
0.23803015384615384
0.4349630769230769
0.5974744615384615
0.7109612307692308
0.7622806153846154
0.7199316923076924
0.5436516923076923
0.2849686153846154
0.04756430769230769
-0.20402584615384614
-0.38593846153846156
-0.514236923076923
-0.5970572307692308
-0.553248
-0.43809230769230767
-0.23677846153846152
-0.01814953846153846
0.168144
0.3102110769230769
0.36340799999999995
0.3517255384615385
0.2638984615384615
0.13789476923076924
-0.04568676923076923
-0.254928
-0.3890676923076923
-0.46708984615384613
-0.441012923076923
-0.3243969230769231
-0.19046584615384615
-0.029623384615384614
0.05674338461538461
0.0974233846153846
0.14999446153846155
0.11098338461538461
0.045895384615384616
-0.02858030769230769
-0.10347323076923076
-0.10493353846153847
-0.06654830769230768
0.032544
0.1314276923076923
0.17419384615384614
0.18650215384615382
0.14540492307692307
0.0855323076923077
-0.010013538461538461
-0.1435273846153846
-0.25993476923076925
-0.37363015384615383
-0.4220289230769231
-0.40095876923076923
-0.35256
-0.23761292307692305
-0.11244369230769231
0.03275261538461539
0.22113230769230768
0.3836436923076923
0.5261279999999999
0.585792
0.5161144615384615
0.3713353846153846
0.1597993846153846
-0.09053907692307692
-0.3410861538461538
-0.5645132307692308
-0.6894738461538461
-0.6819636923076923
-0.5409396923076923
-0.2791273846153846
0.040054153846153843
0.36319938461538465
0.6266806153846154
0.8150603076923078
0.9030959999999999
0.8505249230769231
0.70512
0.4752258461538461
0.1992276923076923
-0.05111076923076923
-0.26786215384615386
-0.3972036923076923
-0.43976123076923074
-0.4276615384615384
-0.3387913846153846
-0.20673784615384616
-0.052153846153846155
0.10597661538461538
0.22447015384615385
0.2989458461538462
0.3279433846153846
0.301032
0.2221753846153846
0.1151556923076923
-0.0012516923076923076
-0.11745046153846153
-0.20632061538461538
-0.249504
-0.25305046153846156
-0.20506892307692307
-0.13914646153846155
-0.07593599999999999
0.0008344615384615384
0.04276615384615385
0.05757784615384615
0.04944184615384615
0.008761846153846153
-0.008970461538461538
-0.005841230769230769
0.015020307692307692
0.06341907692307691
0.11619876923076923
0.1691870769230769
0.22551323076923077
0.2782929230769231
0.2966510769230769
0.25972615384615383
0.18212123076923076
0.0744756923076923
-0.03504738461538461
-0.13101046153846155
-0.214248
-0.2628553846153846
-0.28121353846153846
-0.25200738461538463
-0.15187199999999998
-0.021278769230769233
0.11724184615384614
0.24741784615384615
0.33962584615384617
0.39928984615384616
0.404088
0.33023815384615385
0.18983999999999998
-0.0004172307692307692
-0.2056947692307692
-0.3767593846153846
-0.48628246153846155
-0.5317606153846154
-0.5071439999999999
-0.42494953846153843
-0.29080984615384614
-0.10535076923076922
0.10013538461538461
0.28163076923076924
0.41076369230769233
0.4541556923076923
0.4170221538461538
0.3375396923076923
0.20840676923076923
0.06821723076923077
-0.06571384615384615
-0.18754523076923074
-0.24199384615384617
-0.23636123076923077
-0.17231630769230769
-0.073224
0.02023569230769231
0.11286092307692308
0.18629353846153843
0.24032492307692307
0.26097784615384617
0.225096
0.15771323076923077
0.058412307692307694
-0.03984553846153846
-0.10222153846153846
-0.143736
-0.1504116923076923
-0.13789476923076924
-0.10910584615384614
-0.046104
0.030875076923076922
0.11411261538461538
0.18712800000000002
0.21633415384615384
0.2075723076923077
0.1704387692307692
0.11411261538461538
0.05298830769230769
-0.02044430769230769
-0.09095630769230768
-0.1287156923076923
-0.1316363076923077
-0.10952307692307692
-0.07218092307692307
-0.03379569230769231
-0.0035464615384615383
0.014603076923076923
0.024616615384615383
0.013768615384615384
-0.027328615384615382
-0.08657538461538461
-0.13643446153846153
-0.15291507692307693
-0.1489513846153846
-0.11578153846153846
-0.06341907692307691
-0.008136
0.06028984615384615
0.12621230769230768
0.1666836923076923
0.16876984615384616
0.13205353846153844
0.06216738461538462
-0.016063384615384615
-0.09262523076923077
-0.1696043076923077
-0.22843384615384613
-0.2532590769230769
-0.238656
-0.18232984615384615
-0.08887015384615385
0.027120000000000002
0.14081538461538462
0.22780799999999998
0.28392553846153845
0.29227015384615385
0.249504
0.1693956923076923
0.05069353846153846
-0.07614461538461538
-0.19192615384615386
-0.28392553846153845
-0.33482769230769227
-0.3517255384615385
-0.3127144615384615
-0.2225926153846154
-0.10076123076923077
0.03921969230769231
0.14999446153846155
0.22822523076923076
0.2574313846153846
0.23844738461538462
0.19150892307692308
0.09575446153846154
-0.03400430769230769
-0.19359507692307693
-0.34338092307692303
-0.4297476923076923
-0.4593710769230769
-0.4276615384615384
-0.3415033846153846
-0.21132738461538458
-0.05090215384615384
0.11473846153846154
0.268488
0.37613353846153846
0.4211944615384615
0.40992923076923077
0.35610646153846154
0.2862203076923077
0.21111876923076925
0.13768615384615385
0.07364123076923076
0.015854769230769228
-0.013560000000000001
-0.006884307692307692
0.010013538461538461
0.031918153846153846
0.04380923076923077
0.04693846153846153
0.054657230769230764
0.0609156923076923
0.07259815384615384
0.07739630769230768
0.06487938461538462
0.05799507692307692
0.06571384615384615
0.09116492307692307
0.1151556923076923
0.12496061538461539
0.13184492307692308
0.12579507692307693
0.10806276923076923
0.07572738461538461
0.019609846153846155
-0.04944184615384615
-0.12308307692307692
-0.17231630769230769
-0.18879692307692306
-0.17419384615384614
-0.12308307692307692
-0.06467076923076923
0.010222153846153844
0.09095630769230768
0.15667015384615385
0.20110523076923076
0.20173107692307693
0.17148184615384612
0.11953661538461538
0.045895384615384616
-0.02482523076923077
-0.08845292307692308
-0.14874276923076923
-0.1856676923076923
-0.2021483076923077
-0.18879692307692306
-0.1543753846153846
-0.10764553846153846
-0.05382276923076923
-0.013768615384615384
0.008344615384615384
0.019609846153846155
0.01940123076923077
-0.0050067692307692304
-0.0448523076923077
-0.0855323076923077
-0.11181784615384616
-0.12454338461538461
-0.11703323076923078
-0.09450276923076922
-0.06383630769230769
-0.015228923076923076
0.03567323076923076
0.0892873846153846
0.12412615384615384
0.12245723076923076
0.09825784615384614
0.06133292307692308
0.02357353846153846
-0.010013538461538461
-0.037967999999999995
-0.056326153846153845
-0.05528307692307692
-0.03212676923076923
0.011682461538461537
0.06341907692307691
0.09825784615384614
0.11265230769230769
0.10660246153846153
0.08073415384615384
0.04172307692307692
-0.006258461538461538
-0.05924676923076923
-0.11473846153846154
-0.1506203076923077
-0.16230276923076925
-0.1462393846153846
-0.11181784615384616
-0.061124307692307686
0.017315076923076923
0.09992676923076924
0.18879692307692306
0.26869661538461537
0.31813846153846154
0.34296369230769225
0.34004307692307695
0.31125415384615385
0.2659846153846154
0.1990190769230769
0.12350030769230769
0.05236246153846154
-0.011891076923076923
-0.04860738461538461
-0.06905169230769231
-0.06425353846153846
-0.04130584615384615
0.0004172307692307692
0.06967753846153846
0.14415323076923076
0.21925476923076925
0.2647329230769231
0.2822566153846154
0.26932246153846157
0.2275993846153846
0.16876984615384616
0.09429415384615383
0.017940923076923077
-0.05820369230769231
-0.11452984615384615
-0.1422756923076923
-0.14519630769230768
-0.13372246153846154
-0.119328
-0.10514215384615383
-0.08636676923076922
-0.06425353846153846
-0.04819015384615385
-0.043392
-0.05611753846153846
-0.06863446153846153
-0.07197230769230768
-0.06946892307692307
-0.05736923076923077
-0.04214030769230769
-0.018358153846153843
0.021278769230769233
0.06821723076923077
0.11223507692307692
0.14123261538461537
0.143736
0.12496061538461539
0.08761846153846153
0.042348923076923076
-0.0002086153846153846
-0.038176615384615385
-0.06300184615384616
-0.0744756923076923
-0.056326153846153845
-0.005841230769230769
0.05611753846153846
0.11056615384615384
0.1422756923076923
0.1570873846153846
0.15333230769230768
0.13038461538461538
0.09033046153846153
0.028788923076923077
-0.04944184615384615
-0.124752
-0.17586276923076924
-0.20193969230769232
-0.21362215384615382
-0.20486030769230767
-0.16209415384615386
-0.0934596923076923
0.003129230769230769
0.103056
0.17481969230769231
0.214248
0.200688
0.15896492307692306
0.09596307692307693
0.0035464615384615383
-0.09408553846153846
-0.19735015384615384
-0.28350830769230767
-0.33378461538461535
-0.3392086153846154
-0.292896
-0.21028430769230766
-0.10806276923076923
-0.0006258461538461538
0.10681107692307691
0.19672430769230767
0.2497126153846154
0.25346769230769234
0.21320492307692307
0.13935507692307691
0.04965046153846154
-0.04214030769230769
-0.13455692307692307
-0.20465169230769228
-0.25930892307692305
-0.2720344615384615
-0.2330233846153846
-0.16689230769230767
-0.08177723076923075
-0.014603076923076923
0.028788923076923077
0.03713353846153846
0.013560000000000001
-0.05590892307692308
-0.10868861538461538
-0.09658892307692307
-0.04902461538461538
0.07906523076923076
0.21174461538461536
0.3513083076923077
0.4877427692307692
0.5786990769230769
0.6289753846153846
0.5951796923076923
0.4850307692307692
0.2517987692307692
0.02273907692307692
-0.1992276923076923
-0.4239064615384615
-0.5632615384615385
-0.690516923076923
-0.6917686153846153
-0.5834972307692308
-0.38885907692307686
-0.111192
0.13038461538461538
0.3510996923076923
0.48336184615384614
0.531552
0.49629599999999996
0.34504984615384615
0.12016246153846154
-0.19714153846153845
-0.49441846153846153
-0.7136732307692307
-0.8323753846153845
-0.7747975384615384
-0.6131206153846154
-0.35297723076923077
-0.05570030769230769
0.2075723076923077
0.49692184615384616
0.6823809230769231
0.7293193846153846
0.6832153846153847
0.5204953846153846
0.3440067692307692
0.14811692307692306
-0.03713353846153846
-0.18545907692307692
-0.336288
-0.4209858461538461
-0.43934399999999996
-0.3848953846153846
-0.27850153846153847
-0.1787833846153846
-0.059664
0.04318338461538461
0.12412615384615384
0.1908830769230769
0.18629353846153843
0.15875630769230767
0.11265230769230769
0.029623384615384614
-0.01668923076923077
-0.03609046153846154
-0.04422646153846154
-0.023990769230769232
-0.029832
-0.041514461538461535
-0.030875076923076922
-0.04318338461538461
-0.06821723076923077
-0.11327815384615383
-0.15124615384615384
-0.14811692307692306
-0.10597661538461538
-0.010848
0.1045163076923077
0.21862892307692305
0.3229366153846154
0.4109723076923077
0.4762689230769231
0.4752258461538461
0.4109723076923077
0.314592
0.1860849230769231
0.05736923076923077
-0.07030338461538461
-0.18358153846153846
-0.2480436923076923
-0.28476
-0.268488
-0.19693292307692306
-0.092208
0.03880246153846154
0.16856123076923077
0.2851772307692308
0.36215630769230767
0.387816
0.3510996923076923
0.2526332307692308
0.12412615384615384
-0.03400430769230769
-0.1923433846153846
-0.31188
-0.39261415384615383
-0.39970707692307694
-0.3291950769230769
-0.21696000000000001
-0.05444861538461539
0.11202646153846153
0.23531815384615382
0.32314523076923074
0.34588430769230766
0.3327415384615385
0.2897667692307692
0.20047938461538461
0.09825784615384614
-0.021278769230769233
-0.12725538461538463
-0.20006215384615383
-0.23531815384615382
-0.23135446153846154
-0.21132738461538458
-0.15187199999999998
-0.06946892307692307
0.01272553846153846
0.09930092307692308
0.15291507692307693
0.17961784615384613
0.1785747692307692
0.1422756923076923
0.10055261538461538
0.05611753846153846
-0.003129230769230769
-0.05757784615384615
-0.09450276923076922
-0.09450276923076922
-0.0446436923076923
0.01272553846153846
0.06926030769230769
0.10848000000000001
0.12120553846153845
0.1178676923076923
0.09763200000000001
0.059872615384615385
-0.005424
-0.08428061538461538
-0.1570873846153846
-0.18754523076923074
-0.16459753846153846
-0.1205796923076923
-0.05048492307692308
0.03421292307692308
0.10827138461538462
0.18379015384615385
0.2330233846153846
0.24345415384615382
0.21320492307692307
0.1356
0.04672984615384615
-0.03880246153846154
-0.10868861538461538
-0.16271999999999998
-0.19651569230769228
-0.19150892307692308
-0.15896492307692306
-0.09408553846153846
-0.015646153846153844
0.05382276923076923
0.11849353846153846
0.1733593846153846
0.20465169230769228
0.22029784615384615
0.21028430769230766
0.16626646153846153
0.103056
0.024616615384615383
-0.026702769230769228
-0.053614153846153846
-0.06070707692307692
-0.03942830769230769
0.0014603076923076922
0.059664
0.12016246153846154
0.17648861538461538
0.208824
0.20423446153846153
0.16271999999999998
0.10201292307692307
0.03692492307692308
-0.034630153846153845
-0.11140061538461538
-0.15938215384615384
-0.18086953846153844
-0.1785747692307692
-0.14582215384615385
-0.1207883076923077
-0.09700615384615385
-0.08636676923076922
-0.0855323076923077
-0.073224
-0.07948246153846153
-0.09387692307692307
-0.10722830769230769
-0.11098338461538461
-0.09179076923076923
-0.056951999999999996
0.0022947692307692304
0.07238953846153846
0.13038461538461538
0.18149538461538461
0.22029784615384615
0.23385784615384617
0.22154953846153846
0.17440246153846153
0.11181784615384616
0.05048492307692308
-0.0022947692307692304
-0.04172307692307692
-0.06759138461538462
-0.06571384615384615
-0.034630153846153845
0.026285538461538457
0.10806276923076923
0.18963138461538462
0.23844738461538462
0.25659692307692306
0.2453316923076923
0.20486030769230767
0.1368516923076923
0.03880246153846154
-0.06070707692307692
-0.15416676923076922
-0.21445661538461538
-0.23093723076923076
-0.208824
-0.1570873846153846
-0.10201292307692307
-0.030040615384615384
0.051319384615384614
0.11557292307692307
0.15187199999999998
0.1422756923076923
0.09429415384615383
0.03233538461538461
-0.03629907692307692
-0.09387692307692307
-0.14331876923076922
-0.18900553846153845
-0.20778092307692309
-0.20506892307692307
-0.16626646153846153
-0.0963803076923077
-0.029623384615384614
0.027120000000000002
0.06550523076923077
0.09596307692307693
0.11682461538461539
0.11974523076923077
0.10138707692307691
0.058829538461538454
0.013768615384615384
-0.025659692307692307
-0.054240000000000003
-0.06759138461538462
-0.08177723076923075
-0.08782707692307692
-0.07593599999999999
-0.05590892307692308
-0.021904615384615383
0.017315076923076923
0.05319692307692307
0.07927384615384615
0.09992676923076924
0.12266584615384615
0.13330523076923076
0.13330523076923076
0.11140061538461538
0.07301538461538462
0.03567323076923076
0.0035464615384615383
-0.02482523076923077
-0.061124307692307686
-0.09909230769230769
-0.12975876923076923
-0.1356
-0.11098338461538461
-0.07092923076923077
-0.026285538461538457
0.014394461538461538
0.058829538461538454
0.1028473846153846
0.12516923076923075
0.11327815384615383
0.06362769230769232
-0.011265230769230769
-0.09679753846153846
-0.1787833846153846
-0.24616615384615384
-0.29456492307692306
-0.3127144615384615
-0.29581661538461534
-0.22488738461538463
-0.11035753846153845
0.018775384615384614
0.14206707692307693
0.2303113846153846
0.2860116923076923
0.301032
0.27871015384615383
0.22488738461538463
0.13789476923076924
0.03942830769230769
-0.06070707692307692
-0.1424843076923077
-0.1883796923076923
-0.200688
-0.1800350769230769
-0.13497415384615385
-0.06070707692307692
0.03838523076923077
0.12913292307692306
0.19818461538461538
0.23156307692307693
0.22780799999999998
0.20339999999999997
0.15354092307692307
0.08761846153846153
0.0035464615384615383
-0.08365476923076923
-0.15103753846153847
-0.19547261538461536
-0.21091015384615383
-0.21341353846153846
-0.19380369230769232
-0.16042523076923076
-0.11599015384615384
-0.06613107692307692
-0.02524246153846154
0.010639384615384617
0.03296123076923077
0.05924676923076923
0.08761846153846153
0.12141415384615384
0.1489513846153846
0.15082892307692305
0.14123261538461537
0.1207883076923077
0.09450276923076922
0.06070707692307692
0.025659692307692307
-0.0043809230769230765
-0.037967999999999995
-0.053614153846153846
-0.0448523076923077
-0.018775384615384614
0.018775384615384614
0.05444861538461539
0.09721476923076922
0.1422756923076923
0.17690584615384616
0.19526400000000002
0.18942276923076923
0.15374953846153847
0.09512861538461538
0.037967999999999995
-0.015020307692307692
-0.07072061538461538
-0.11974523076923077
-0.16021661538461537
-0.1733593846153846
-0.14916
-0.10514215384615383
-0.04172307692307692
0.023364923076923075
0.08323753846153846
0.1353913846153846
0.16042523076923076
0.15771323076923077
0.12496061538461539
0.06884307692307692
0.002712
-0.05674338461538461
-0.09971815384615385
-0.130176
-0.1504116923076923
-0.15687876923076924
-0.14561353846153846
-0.11911938461538461
-0.08073415384615384
-0.042557538461538466
-0.013560000000000001
0.0002086153846153846
0.00855323076923077
0.01981846153846154
0.02357353846153846
0.026076923076923077
0.017523692307692306
0.006049846153846154
-0.002086153846153846
-0.0016689230769230767
0.0014603076923076922
-0.005841230769230769
-0.011473846153846154
-0.018983999999999997
-0.006258461538461538
0.016480615384615385
0.044435076923076924
0.06946892307692307
0.08094276923076923
0.1045163076923077
0.13518276923076925
0.16876984615384616
0.18149538461538461
0.17023015384615386
0.14394461538461537
0.10576799999999999
0.0609156923076923
0.004172307692307692
-0.053614153846153846
-0.10096984615384616
-0.12975876923076923
-0.1287156923076923
-0.10910584615384614
-0.09450276923076922
-0.07843938461538462
-0.058412307692307694
-0.02753723076923077
0.014603076923076923
0.05173661538461538
0.08782707692307692
0.10868861538461538
0.10555938461538462
0.09721476923076922
0.07113784615384615
0.02795446153846154
-0.03045784615384615
-0.09784061538461537
-0.14477907692307693
-0.17252492307692308
-0.17023015384615386
-0.13247076923076923
-0.07489292307692308
0.0002086153846153846
0.08323753846153846
0.16584923076923075
0.2330233846153846
0.2620209230769231
0.2540935384615385
0.22008923076923076
0.18212123076923076
0.15228923076923076
0.11849353846153846
0.08344615384615384
0.04130584615384615
-0.004172307692307692
-0.02211323076923077
-0.042974769230769226
-0.054240000000000003
-0.0609156923076923
-0.078648
-0.05382276923076923
-0.03150092307692308
0.0448523076923077
0.13267938461538462
0.2503384615384615
0.39282276923076925
0.37321292307692305
0.38948492307692306
0.36299076923076923
0.2828824615384615
0.22822523076923076
0.03379569230769231
-0.12099692307692309
-0.2849686153846154
-0.38948492307692306
-0.3767593846153846
-0.40596553846153843
-0.34776184615384614
-0.28204799999999997
-0.13247076923076923
0.12141415384615384
0.29644246153846154
0.477312
0.5303003076923076
0.5119421538461538
0.49733907692307694
0.35005661538461535
0.2125790769230769
0.01272553846153846
-0.20047938461538461
-0.31396615384615384
-0.47126215384615383
-0.5092301538461538
-0.46688123076923077
-0.41952553846153845
-0.260352
-0.1341396923076923
0.009804923076923077
0.16167692307692308
0.25284184615384614
0.36611999999999995
0.3890676923076923
0.3412947692307692
0.260352
0.130176
0.026494153846153844
-0.11265230769230769
-0.2588916923076923
-0.3646596923076923
-0.450192
-0.4418473846153846
-0.39678646153846153
-0.33899999999999997
-0.22134092307692307
-0.10076123076923077
0.0448523076923077
0.1779489230769231
0.24616615384615384
0.3158436923076923
0.3513083076923077
0.36278215384615387
0.36445107692307693
0.3039526153846154
0.21862892307692305
0.10681107692307691
-0.023364923076923075
-0.15625292307692307
-0.29352184615384613
-0.3917796923076923
-0.43809230769230767
-0.4022104615384615
-0.3143833846153846
-0.21195323076923075
-0.04318338461538461
0.13789476923076924
0.3127144615384615
0.4685501538461538
0.5401052307692308
0.5615926153846154
0.5121507692307692
0.40095876923076923
0.26118646153846153
0.06738276923076922
-0.10868861538461538
-0.23823876923076923
-0.3279433846153846
-0.3623649230769231
-0.3567323076923076
-0.2805876923076923
-0.1504116923076923
-0.0035464615384615383
0.14164984615384615
0.265776
0.3790541538461539
0.45603323076923075
0.45457292307692304
0.3915710769230769
0.26306399999999996
0.09325107692307691
-0.05298830769230769
-0.1910916923076923
-0.29039261538461536
-0.33899999999999997
-0.3440067692307692
-0.27787569230769227
-0.18900553846153845
-0.0892873846153846
0.016897846153846156
0.09909230769230769
0.15750461538461538
0.16897846153846155
0.14790830769230767
0.09429415384615383
0.021070153846153846
-0.023782153846153845
-0.04819015384615385
-0.03483876923076923
-0.0022947692307692304
0.03400430769230769
0.09012184615384615
0.1356
0.16710092307692306
0.18545907692307692
0.16251138461538459
0.11035753846153845
0.05507446153846154
-0.017940923076923077
-0.0936683076923077
-0.17002153846153847
-0.22488738461538463
-0.22989415384615383
-0.21299630769230768
-0.15562707692307692
-0.07614461538461538
0.0029206153846153843
0.07635323076923077
0.11870215384615385
0.1489513846153846
0.15103753846153847
0.12350030769230769
0.06446215384615385
-0.04172307692307692
-0.15270646153846154
-0.24741784615384615
-0.3116713846153846
-0.3158436923076923
-0.2981113846153846
-0.2620209230769231
-0.1883796923076923
-0.0892873846153846
0.041514461538461535
0.15354092307692307
0.22551323076923077
0.2655673846153846
0.2705741538461538
0.2641070769230769
0.23448369230769228
0.17377661538461536
0.09825784615384614
0.011891076923076923
-0.04965046153846154
-0.08365476923076923
-0.10013538461538461
-0.08907876923076924
-0.07697907692307693
-0.04860738461538461
-0.014185846153846153
0.017315076923076923
0.059664
0.07781353846153846
0.07697907692307693
0.07134646153846153
0.058829538461538454
0.06195876923076923
0.06863446153846153
0.059664
0.042557538461538466
0.01814953846153846
0.010848
0.011891076923076923
-0.006884307692307692
-0.04693846153846153
-0.12224861538461537
-0.19881046153846152
-0.24408
-0.25701415384615384
-0.2374043076923077
-0.21007569230769232
-0.16000799999999998
-0.08156861538461539
0.008136
0.10514215384615383
0.17565415384615385
0.22551323076923077
0.25972615384615383
0.2647329230769231
0.25430215384615384
0.19839323076923077
0.10493353846153847
0.003963692307692307
-0.10389046153846154
-0.17982646153846152
-0.2355267692307692
-0.2626467692307692
-0.24637476923076923
-0.21508246153846153
-0.14206707692307693
-0.04672984615384615
0.05298830769230769
0.15208061538461537
0.21195323076923075
0.24199384615384617
0.24449723076923074
0.2138307692307692
0.16334584615384617
0.09012184615384615
0.0025033846153846152
-0.08761846153846153
-0.16042523076923076
-0.18983999999999998
-0.19317784615384614
-0.17982646153846152
-0.14707384615384617
-0.09909230769230769
-0.028163076923076923
0.04672984615384615
0.11578153846153846
0.16626646153846153
0.18253846153846154
0.18525046153846153
0.16042523076923076
0.1178676923076923
0.06800861538461538
-0.002086153846153846
-0.06070707692307692
-0.10222153846153846
-0.1397723076923077
-0.15833907692307692
-0.16209415384615386
-0.15270646153846154
-0.12621230769230768
-0.09596307692307693
-0.058412307692307694
-0.03108369230769231
-0.02357353846153846
-0.02211323076923077
-0.02899753846153846
-0.02858030769230769
-0.02273907692307692
-0.016480615384615385
-0.011473846153846154
-0.015228923076923076
-0.011891076923076923
-0.0012516923076923076
0.011056615384615385
0.023364923076923075
0.028163076923076923
0.021904615384615383
0.01856676923076923
0.026494153846153844
0.04568676923076923
0.059872615384615385
0.054657230769230764
0.045895384615384616
0.03358707692307692
0.028371692307692306
0.023990769230769232
0.017732307692307693
0.014185846153846153
0.010013538461538461
0.026076923076923077
0.05173661538461538
0.07885661538461539
0.10222153846153846
0.10806276923076923
0.10681107692307691
0.10138707692307691
0.08344615384615384
0.05403138461538461
0.012308307692307691
-0.02044430769230769
-0.042557538461538466
-0.059038153846153844
-0.05382276923076923
-0.042557538461538466
-0.03275261538461539
-0.012308307692307691
0.02211323076923077
0.06842584615384616
0.11745046153846153
0.15228923076923076
0.1712732307692308
0.18066092307692305
0.16897846153846155
0.14206707692307693
0.1136953846153846
0.07656184615384615
0.04172307692307692
0.015437538461538461
0.0014603076923076922
0.0022947692307692304
0.005424
0.013560000000000001
0.015437538461538461
0.025033846153846153
0.03692492307692308
0.04985907692307692
0.07030338461538461
0.07280676923076923
0.07030338461538461
0.06341907692307691
0.05194523076923077
0.04819015384615385
0.03692492307692308
0.015646153846153844
-0.012099692307692308
-0.04380923076923077
-0.07155507692307693
-0.09700615384615385
-0.1097316923076923
-0.11035753846153845
-0.09387692307692307
-0.06070707692307692
-0.019192615384615384
0.027328615384615382
0.06279323076923077
0.09450276923076922
0.11828492307692307
0.12996738461538462
0.130176
0.1151556923076923
0.09012184615384615
0.06008123076923077
0.033169846153846154
0.014394461538461538
0.0033378461538461535
0.0012516923076923076
0.003963692307692307
0.010848
0.01981846153846154
0.02753723076923077
0.04172307692307692
0.05069353846153846
0.051528
0.04985907692307692
0.04276615384615385
0.026494153846153844
0.0006258461538461538
-0.03483876923076923
-0.07238953846153846
-0.09012184615384615
-0.08866153846153846
-0.06988615384615385
-0.040262769230769234
-0.011682461538461537
0.024408000000000003
0.065088
0.09199938461538461
0.10430769230769231
0.09179076923076923
0.06216738461538462
0.03108369230769231
-0.0008344615384615384
-0.02858030769230769
-0.05069353846153846
-0.056951999999999996
-0.04672984615384615
-0.011473846153846154
0.03150092307692308
0.06529661538461538
0.08594953846153845
0.092208
0.09554584615384615
0.09700615384615385
0.09429415384615383
0.07739630769230768
0.045895384615384616
-0.004798153846153846
-0.05757784615384615
-0.10263876923076923
-0.14603076923076924
-0.18399876923076922
-0.21132738461538458
-0.21737723076923077
-0.19317784615384614
-0.14164984615384615
-0.07593599999999999
-0.007510153846153846
0.04380923076923077
0.08094276923076923
0.10201292307692307
0.10514215384615383
0.08177723076923075
0.026911384615384615
-0.03859384615384615
-0.10117846153846152
-0.14206707692307693
-0.15479261538461536
-0.13852061538461538
-0.11390399999999999
-0.08323753846153846
-0.02899753846153846
0.037967999999999995
0.09700615384615385
0.13101046153846155
0.14978584615384616
0.16730953846153845
0.1842073846153846
0.19630707692307692
0.19317784615384614
0.16188553846153847
0.10117846153846152
0.03755076923076923
-0.011265230769230769
-0.04735569230769231
-0.06863446153846153
-0.08156861538461539
-0.07760492307692309
-0.035464615384615386
0.032544
0.11348676923076922
0.19150892307692308
0.24053353846153847
0.260352
0.24992123076923078
0.21132738461538458
0.15750461538461538
0.08469784615384615
-0.0029206153846153843
-0.07489292307692308
-0.1178676923076923
-0.12642092307692307
-0.11807630769230769
-0.10347323076923076
-0.06821723076923077
-0.014394461538461538
0.053614153846153846
0.12433476923076923
0.18525046153846153
0.21299630769230768
0.19442953846153843
0.15354092307692307
0.10806276923076923
0.045895384615384616
-0.03609046153846154
-0.10806276923076923
-0.14957723076923077
-0.15646153846153846
-0.14603076923076924
-0.12204
-0.09387692307692307
-0.06216738461538462
-0.009387692307692307
0.06028984615384615
0.13080184615384613
0.19359507692307693
0.22447015384615385
0.2503384615384615
0.2722430769230769
0.3079163076923077
0.41618769230769226
0.3508910769230769
0.23072861538461537
0.13476553846153844
-0.022947692307692308
-0.04318338461538461
-0.14477907692307693
-0.241368
-0.2962338461538461
-0.32314523076923074
-0.1449876923076923
-0.016063384615384615
0.12266584615384615
0.18316430769230768
0.17565415384615385
0.26786215384615386
0.24700061538461537
0.23218892307692307
0.09199938461538461
-0.17440246153846153
-0.3229366153846154
-0.4965046153846154
-0.5242504615384616
-0.4812756923076923
-0.4762689230769231
-0.32210215384615387
-0.23469230769230767
-0.09909230769230769
0.11640738461538462
0.19881046153846152
0.2979027692307692
0.2655673846153846
0.15228923076923076
0.06529661538461538
-0.09721476923076922
-0.16042523076923076
-0.22551323076923077
-0.3079163076923077
-0.3095852307692307
-0.2853858461538461
-0.1449876923076923
-0.010013538461538461
0.056326153846153845
0.1178676923076923
0.10910584615384614
0.13914646153846155
0.16876984615384616
0.10639384615384614
0.03859384615384615
-0.07238953846153846
-0.14081538461538462
-0.13601723076923075
-0.15500123076923078
-0.12287446153846153
-0.0826116923076923
-0.04547815384615384
0.05674338461538461
0.12120553846153845
0.14540492307692307
0.11578153846153846
0.016480615384615385
-0.07259815384615384
-0.17544553846153846
-0.2509643076923077
-0.2899753846153846
-0.2868461538461538
-0.21967199999999998
-0.15896492307692306
-0.043392
0.09512861538461538
0.1800350769230769
0.265776
0.2814221538461538
0.2628553846153846
0.23677846153846152
0.15959076923076923
0.10597661538461538
0.02086153846153846
-0.051528
-0.05820369230769231
-0.06258461538461538
-0.03421292307692308
-0.018358153846153843
0.014394461538461538
0.11244369230769231
0.20339999999999997
0.27474646153846155
0.2837169230769231
0.2578486153846154
0.24637476923076923
0.19046584615384615
0.1289243076923077
0.05090215384615384
-0.05298830769230769
-0.09387692307692307
-0.11223507692307692
-0.08115138461538463
0.007927384615384614
0.06842584615384616
0.14123261538461537
0.1800350769230769
0.18086953846153844
0.19296923076923078
0.1639716923076923
0.11807630769230769
0.05319692307692307
-0.021070153846153846
-0.06800861538461538
-0.11160923076923077
-0.1028473846153846
-0.06717415384615384
-0.040054153846153843
0.003963692307692307
0.01710646153846154
0.04318338461538461
0.05757784615384615
0.031918153846153846
0.023782153846153845
-0.017523692307692306
-0.054657230769230764
-0.052153846153846155
-0.06133292307692308
-0.06884307692307692
-0.09158215384615384
-0.09909230769230769
-0.043600615384615383
0.011265230769230769
0.05611753846153846
0.06633969230769231
0.03671630769230769
0.015228923076923076
-0.018775384615384614
-0.04944184615384615
-0.0892873846153846
-0.1489513846153846
-0.1718990769230769
-0.1869193846153846
-0.16501476923076921
-0.09971815384615385
-0.04735569230769231
0.03629907692307692
0.09596307692307693
0.124752
0.14749107692307692
0.12621230769230768
0.10681107692307691
0.06216738461538462
-0.015020307692307692
-0.07113784615384615
-0.12266584615384615
-0.14290153846153844
-0.12955015384615384
-0.10827138461538462
-0.061124307692307686
-0.022530461538461537
0.030040615384615384
0.08511507692307693
0.09950953846153845
0.10555938461538462
0.07426707692307692
0.03880246153846154
0.003963692307692307
-0.05924676923076923
-0.08991323076923076
-0.10848000000000001
-0.09387692307692307
-0.028371692307692306
0.023990769230769232
0.0961716923076923
0.1696043076923077
0.21883753846153844
0.25430215384615384
0.2342750769230769
0.19860184615384616
0.14477907692307693
0.059664
-0.018358153846153843
-0.09930092307692308
-0.15833907692307692
-0.1842073846153846
-0.1693956923076923
-0.09971815384615385
-0.019609846153846155
0.06946892307692307
0.15833907692307692
0.2207150769230769
0.25847446153846154
0.24074215384615386
0.18545907692307692
0.11891076923076922
0.021070153846153846
-0.07343261538461537
-0.14999446153846155
-0.21362215384615382
-0.22843384615384613
-0.2125790769230769
-0.17315076923076922
-0.11035753846153845
-0.040054153846153843
0.04714707692307692
0.11473846153846154
0.15813046153846153
0.17982646153846152
0.17648861538461538
0.15792184615384616
0.11557292307692307
0.06759138461538462
0.01814953846153846
-0.03483876923076923
-0.07364123076923076
-0.0897046153846154
-0.08115138461538463
-0.05069353846153846
-0.021278769230769233
0.021904615384615383
0.07635323076923077
0.11724184615384614
0.14749107692307692
0.15646153846153846
0.15604430769230768
0.15270646153846154
0.14519630769230768
0.14060676923076923
0.130176
0.11494707692307692
0.084072
0.05069353846153846
0.032544
0.011473846153846154
-0.0043809230769230765
-0.021278769230769233
-0.05277969230769231
-0.07426707692307692
-0.08782707692307692
-0.09074769230769231
-0.0771876923076923
-0.06633969230769231
-0.04819015384615385
-0.021278769230769233
0.01940123076923077
0.07677046153846154
0.12391753846153845
0.14957723076923077
0.1597993846153846
0.16105107692307694
0.15103753846153847
0.11870215384615385
0.065088
0.008344615384615384
-0.04672984615384615
-0.07364123076923076
-0.07364123076923076
-0.059664
-0.026285538461538457
0.008761846153846153
0.06550523076923077
0.13184492307692308
0.18983999999999998
0.23949046153846154
0.2559710769230769
0.2517987692307692
0.21862892307692305
0.16167692307692308
0.09909230769230769
0.021278769230769233
-0.06195876923076923
-0.13601723076923075
-0.18212123076923076
-0.18086953846153844
-0.15145476923076923
-0.11265230769230769
-0.06195876923076923
-0.02044430769230769
0.027120000000000002
0.07092923076923077
0.09387692307692307
0.09679753846153846
0.058412307692307694
0.018983999999999997
-0.015020307692307692
-0.05298830769230769
-0.08845292307692308
-0.12642092307692307
-0.14978584615384616
-0.14790830769230767
-0.13205353846153844
-0.10430769230769231
-0.06300184615384616
-0.03108369230769231
-0.0012516923076923076
0.016480615384615385
0.029832
0.03859384615384615
0.02545107692307692
-0.0014603076923076922
-0.042557538461538466
-0.06821723076923077
-0.07426707692307692
-0.07426707692307692
-0.059872615384615385
-0.043392
-0.029832
-0.010222153846153844
0.010013538461538461
0.023990769230769232
0.021904615384615383
-0.0043809230769230765
-0.025033846153846153
-0.038176615384615385
-0.054240000000000003
-0.05611753846153846
-0.0717636923076923
-0.08073415384615384
-0.06049846153846154
-0.03045784615384615
0.012934153846153845
0.05090215384615384
0.07614461538461538
0.09012184615384615
0.09471138461538461
0.09137353846153846
0.06800861538461538
0.027328615384615382
-0.018983999999999997
-0.06133292307692308
-0.08949599999999999
-0.10827138461538462
-0.11306953846153844
-0.09930092307692308
-0.08052553846153847
-0.040054153846153843
0.010013538461538461
0.05048492307692308
0.08344615384615384
0.09053907692307692
0.08636676923076922
0.07197230769230768
0.04652123076923077
0.02545107692307692
0.0014603076923076922
-0.022947692307692308
-0.041514461538461535
-0.044435076923076924
-0.030875076923076922
-0.0004172307692307692
0.03504738461538461
0.06988615384615385
0.09763200000000001
0.11327815384615383
0.119328
0.10180430769230768
0.06884307692307692
0.02086153846153846
-0.017315076923076923
-0.03880246153846154
-0.043600615384615383
-0.01940123076923077
0.012934153846153845
0.059664
0.11202646153846153
0.1506203076923077
0.16897846153846155
0.15938215384615384
0.12120553846153845
0.06446215384615385
0.003963692307692307
-0.053614153846153846
-0.10263876923076923
-0.13998092307692306
-0.15374953846153847
-0.14790830769230767
-0.12725538461538463
-0.0936683076923077
-0.053614153846153846
-0.011891076923076923
0.02315630769230769
0.06070707692307692
0.08782707692307692
0.09429415384615383
0.07697907692307693
0.04109723076923077
0.0035464615384615383
-0.03671630769230769
-0.073224
-0.10535076923076922
-0.12370892307692308
-0.11745046153846153
-0.08386338461538462
-0.02232184615384615
0.03713353846153846
0.0934596923076923
0.13872923076923074
0.16710092307692306
0.18399876923076922
0.1693956923076923
0.13309661538461537
0.07134646153846153
-0.0029206153846153843
-0.06362769230769232
-0.10660246153846153
-0.12204
-0.11202646153846153
-0.08448923076923077
-0.04214030769230769
0.016272
0.06905169230769231
0.103056
0.10639384615384614
0.08031692307692308
0.04401784615384615
-0.002712
-0.04130584615384615
-0.0744756923076923
-0.0988836923076923
-0.10368184615384615
-0.09846646153846153
-0.06967753846153846
-0.02586830769230769
0.016063384615384615
0.05757784615384615
0.0892873846153846
0.10660246153846153
0.11014892307692307
0.09387692307692307
0.06592246153846154
0.03150092307692308
-0.010639384615384617
-0.05277969230769231
-0.09721476923076922
-0.1341396923076923
-0.15625292307692307
-0.17440246153846153
-0.15959076923076923
-0.1136953846153846
-0.05611753846153846
0.006049846153846154
0.0446436923076923
0.07489292307692308
0.086784
0.07009476923076922
0.04693846153846153
-0.0043809230769230765
-0.07677046153846154
-0.15667015384615385
-0.24637476923076923
-0.3235624615384615
-0.39011076923076926
-0.38072307692307694
-0.2716172307692308
-0.11473846153846154
0.10827138461538462
0.31751261538461534
0.5129852307692307
0.6886393846153845
0.7894006153846154
0.8344615384615385
0.7510153846153845
0.5887126153846154
0.3619476923076923
0.13372246153846154
-0.09554584615384615
-0.33357600000000004
-0.4627089230769231
-0.5436516923076923
-0.4985907692307692
-0.3554806153846154
-0.16689230769230767
0.06988615384615385
0.2737033846153846
0.4522781538461538
0.5386449230769231
0.5232073846153845
0.4113895384615384
0.22864246153846152
0.023990769230769232
-0.20924123076923076
-0.3917796923076923
-0.5042233846153846
-0.5225815384615384
-0.4109723076923077
-0.24512307692307692
-0.05486584615384615
0.1151556923076923
0.2290596923076923
0.3375396923076923
0.35986153846153845
0.2951907692307692
0.20924123076923076
0.09992676923076924
0.04631261538461538
0.015228923076923076
-0.0004172307692307692
0.0025033846153846152
0.0050067692307692304
0.03233538461538461
0.05507446153846154
0.07280676923076923
0.06738276923076922
0.03567323076923076
0.003755076923076923
-0.037967999999999995
-0.08156861538461539
-0.1205796923076923
-0.1712732307692308
-0.1881710769230769
-0.17398523076923075
-0.1489513846153846
-0.07092923076923077
0.027120000000000002
0.12537784615384615
0.2140393846153846
0.2330233846153846
0.1990190769230769
0.12975876923076923
0.013351384615384614
-0.11974523076923077
-0.25054707692307693
-0.3321156923076923
-0.3319070769230769
-0.25972615384615383
-0.12141415384615384
0.0448523076923077
0.208824
0.34943076923076927
0.4514436923076923
0.49692184615384616
0.46291753846153844
0.371544
0.24762646153846155
0.10159569230769232
-0.02586830769230769
-0.1316363076923077
-0.214248
-0.2374043076923077
-0.21800307692307694
-0.14811692307692306
-0.044435076923076924
0.061124307692307686
0.1696043076923077
0.25138153846153843
0.29185292307692307
0.2774584615384615
0.2290596923076923
0.14582215384615385
0.021904615384615383
-0.09992676923076924
-0.19547261538461536
-0.2342750769230769
-0.20965846153846154
-0.15228923076923076
-0.053405538461538456
0.06967753846153846
0.18232984615384615
0.28663753846153844
0.3304467692307692
0.3049956923076923
0.22697353846153845
0.10827138461538462
-0.003963692307692307
-0.10389046153846154
-0.18483323076923078
-0.23406646153846156
-0.23510953846153848
-0.18399876923076922
-0.09053907692307692
0.029832
0.13726892307692307
0.20131384615384615
0.22321846153846153
0.21070153846153844
0.16418030769230768
0.08010830769230769
-0.051319384615384614
-0.18525046153846153
-0.3039526153846154
-0.39741230769230773
-0.42933046153846155
-0.425784
-0.384060923076923
-0.2989458461538462
-0.1858763076923077
-0.03859384615384615
0.10743692307692307
0.2238443076923077
0.29602523076923076
0.30520430769230766
0.2568055384615385
0.16897846153846155
0.06321046153846153
-0.05382276923076923
-0.1787833846153846
-0.2837169230769231
-0.35047384615384614
-0.3581926153846154
-0.29748553846153847
-0.20360861538461536
-0.092208
0.026285538461538457
0.13330523076923076
0.2371956923076923
0.30562153846153844
0.3202246153846154
0.2979027692307692
0.2374043076923077
0.17169046153846151
0.10868861538461538
0.030875076923076922
-0.04422646153846154
-0.10910584615384614
-0.15374953846153847
-0.16501476923076921
-0.15896492307692306
-0.14561353846153846
-0.13101046153846155
-0.11390399999999999
-0.07510153846153846
-0.024408000000000003
0.03859384615384615
0.09950953846153845
0.15374953846153847
0.21132738461538458
0.25764
0.3114627692307692
0.35256
0.35860984615384617
0.3350363076923077
0.26640184615384616
0.17502830769230768
0.07030338461538461
-0.0446436923076923
-0.15813046153846153
-0.2647329230769231
-0.327108923076923
-0.3239796923076923
-0.25930892307692305
-0.14832553846153845
-0.021696
0.10159569230769232
0.2154996923076923
0.3068732307692308
0.35276861538461535
0.3277347692307692
0.23072861538461537
0.086784
-0.08031692307692308
-0.23677846153846152
-0.3727956923076923
-0.47313969230769226
-0.5194523076923077
-0.5100646153846153
-0.4268270769230769
-0.2912270769230769
-0.12704676923076924
0.04631261538461538
0.19609846153846153
0.3158436923076923
0.38656430769230765
0.3949089230769231
0.3375396923076923
0.21195323076923075
0.05507446153846154
-0.09575446153846154
-0.21633415384615384
-0.2912270769230769
-0.32001599999999997
-0.2926873846153846
-0.22780799999999998
-0.13872923076923074
-0.021070153846153846
0.09074769230769231
0.17461107692307692
0.22300984615384614
0.2238443076923077
0.19380369230769232
0.14123261538461537
0.06946892307692307
-0.016063384615384615
-0.10764553846153846
-0.17315076923076922
-0.2021483076923077
-0.19505538461538463
-0.16730953846153845
-0.1341396923076923
-0.09825784615384614
-0.059038153846153844
-0.009387692307692307
0.02858030769230769
0.03859384615384615
0.026285538461538457
0.002086153846153846
-0.015437538461538461
-0.02044430769230769
-0.014185846153846153
-0.0025033846153846152
0.014603076923076923
0.040054153846153843
0.07134646153846153
0.0974233846153846
0.09950953846153845
0.07551876923076924
0.02795446153846154
-0.02899753846153846
-0.08198584615384615
-0.1287156923076923
-0.15228923076923076
-0.15500123076923078
-0.13789476923076924
-0.09846646153846153
-0.03400430769230769
0.044435076923076924
0.10493353846153847
0.1462393846153846
0.15500123076923078
0.1358086153846154
0.09658892307692307
0.03421292307692308
-0.040262769230769234
-0.11745046153846153
-0.18149538461538461
-0.21633415384615384
-0.21925476923076925
-0.19171753846153847
-0.1395636923076923
-0.06884307692307692
0.03880246153846154
0.1585476923076923
0.2737033846153846
0.3611132307692308
0.3896935384615384
0.38301784615384615
0.3327415384615385
0.24512307692307692
0.13914646153846155
0.018983999999999997
-0.08866153846153846
-0.1704387692307692
-0.20277415384615383
-0.18504184615384617
-0.14290153846153844
-0.0771876923076923
-0.0012516923076923076
0.07489292307692308
0.14311015384615386
0.19150892307692308
0.19964492307692308
0.16647507692307692
0.10764553846153846
0.029206153846153847
-0.04735569230769231
-0.10952307692307692
-0.14936861538461538
-0.16772676923076923
-0.165432
-0.14102399999999998
-0.09179076923076923
-0.037342153846153844
0.014394461538461538
0.059664
0.08907876923076924
0.11828492307692307
0.14060676923076923
0.16042523076923076
0.1712732307692308
0.1693956923076923
0.1710646153846154
0.18525046153846153
0.20840676923076923
0.20924123076923076
0.1867107692307692
0.15374953846153847
0.10952307692307692
0.05924676923076923
-0.0014603076923076922
-0.06446215384615385
-0.12934153846153845
-0.18754523076923074
-0.2090326153846154
-0.19568123076923075
-0.15228923076923076
-0.08866153846153846
-0.006258461538461538
0.09512861538461538
0.19213476923076922
0.2563883076923077
0.27432923076923077
0.24282830769230768
0.16835261538461538
0.06905169230769231
-0.047981538461538464
-0.15187199999999998
-0.23052
-0.28434276923076923
-0.2780843076923077
-0.2207150769230769
-0.11953661538461538
0.023364923076923075
0.1712732307692308
0.3081249230769231
0.4115981538461538
0.4675070769230769
0.47272246153846154
0.4178566153846154
0.3114627692307692
0.15833907692307692
-0.009387692307692307
-0.15416676923076922
-0.2540935384615385
-0.30416123076923074
-0.3114627692307692
-0.25805723076923076
-0.15354092307692307
-0.017315076923076923
0.12579507692307693
0.24199384615384617
0.3304467692307692
0.3738387692307692
0.35986153846153845
0.30019753846153846
0.20715507692307691
0.09533723076923077
-0.027120000000000002
-0.12433476923076923
-0.1829556923076923
-0.20548615384615385
-0.19860184615384616
-0.1712732307692308
-0.11745046153846153
-0.049233230769230765
0.01940123076923077
0.0826116923076923
0.11870215384615385
0.12725538461538463
0.11432123076923076
0.08094276923076923
0.049233230769230765
0.011473846153846154
-0.03692492307692308
-0.08198584615384615
-0.10910584615384614
-0.11432123076923076
-0.10722830769230769
-0.0963803076923077
-0.09283384615384616
-0.086784
-0.07405846153846153
-0.06070707692307692
-0.05048492307692308
-0.05611753846153846
-0.07280676923076923
-0.08115138461538463
-0.06279323076923077
-0.016063384615384615
0.04756430769230769
0.10931446153846153
0.15291507692307693
0.1777403076923077
0.17523692307692307
0.14874276923076923
0.0963803076923077
0.017732307692307693
-0.06675692307692307
-0.13643446153846153
-0.17732307692307692
-0.1721076923076923
-0.13121907692307694
-0.07510153846153846
0.005215384615384615
0.10660246153846153
0.21654276923076923
0.3047870769230769
0.34358953846153845
0.32669169230769235
0.2572227692307692
0.15687876923076924
0.04756430769230769
-0.05862092307692307
-0.16584923076923075
-0.25513661538461535
-0.3047870769230769
-0.314592
-0.2807963076923077
-0.21842030769230766
-0.13622584615384614
-0.040054153846153843
0.05862092307692307
0.1506203076923077
0.21842030769230766
0.23844738461538462
0.20444307692307692
0.13434830769230768
0.03984553846153846
-0.05194523076923077
-0.12496061538461539
-0.18379015384615385
-0.21195323076923075
-0.19985353846153847
-0.14018953846153845
-0.04902461538461538
0.054240000000000003
0.14665661538461539
0.21153599999999997
0.233232
0.22447015384615385
0.18525046153846153
0.12266584615384615
0.04965046153846154
-0.06049846153846154
-0.127464
-0.15187199999999998
-0.1314276923076923
-0.07843938461538462
-0.024199384615384616
0.03421292307692308
0.10743692307692307
0.17669723076923077
0.29185292307692307
0.3984553846153846
0.2818393846153846
0.15833907692307692
0.023990769230769232
-0.13497415384615385
-0.1696043076923077
-0.27140861538461536
-0.44268184615384615
-0.5484498461538461
-0.5323864615384615
-0.35276861538461535
-0.12141415384615384
0.058412307692307694
0.17252492307692308
0.25805723076923076
0.3919883076923077
0.48941169230769227
0.4971304615384615
0.3319070769230769
0.041514461538461535
-0.165432
-0.34171199999999996
-0.41076369230769233
-0.4134756923076923
-0.44643692307692306
-0.3442153846153846
-0.2632726153846154
-0.103056
0.15082892307692305
0.2680707692307692
0.385104
0.40596553846153843
0.2920615384615385
0.20423446153846153
0.08428061538461538
-0.00855323076923077
-0.07489292307692308
-0.20444307692307692
-0.25951753846153847
-0.2605606153846154
-0.1779489230769231
-0.055491692307692304
0.005215384615384615
0.04965046153846154
0.048816000000000005
0.10576799999999999
0.17648861538461538
0.1502030769230769
0.11286092307692308
0.031918153846153846
-0.040054153846153843
-0.021696
-0.03692492307692308
-0.015020307692307692
0.01856676923076923
0.01814953846153846
0.09012184615384615
0.1287156923076923
0.10848000000000001
0.06425353846153846
-0.037967999999999995
-0.15354092307692307
-0.24908676923076922
-0.3410861538461538
-0.39866399999999996
-0.3848953846153846
-0.33002953846153843
-0.2415766153846154
-0.07906523076923076
0.08115138461538463
0.2073636923076923
0.3304467692307692
0.3646596923076923
0.32836061538461536
0.2601433846153846
0.13205353846153844
-0.009804923076923077
-0.16188553846153847
-0.2912270769230769
-0.34046030769230773
-0.34651015384615386
-0.29456492307692306
-0.1873366153846154
-0.056951999999999996
0.12037107692307693
0.2979027692307692
0.4105550769230769
0.43976123076923074
0.4115981538461538
0.3581926153846154
0.249504
0.11745046153846153
-0.040262769230769234
-0.19818461538461538
-0.2628553846153846
-0.2674449230769231
-0.21070153846153844
-0.086784
0.021696
0.1397723076923077
0.25513661538461535
0.3012406153846154
0.3195987692307692
0.2632726153846154
0.14039815384615384
0.004172307692307692
-0.1476996923076923
-0.2720344615384615
-0.34463261538461537
-0.3425464615384616
-0.2868461538461538
-0.19192615384615386
-0.06446215384615385
0.05945538461538461
0.18775384615384613
0.2883064615384615
0.32669169230769235
0.32001599999999997
0.22947692307692308
0.10117846153846152
-0.0002086153846153846
-0.11452984615384615
-0.20360861538461536
-0.265776
-0.301032
-0.249504
-0.15354092307692307
-0.04047138461538462
0.07113784615384615
0.14561353846153846
0.20235692307692305
0.2288510769230769
0.21654276923076923
0.17461107692307692
0.09137353846153846
-0.008970461538461538
-0.11599015384615384
-0.19609846153846153
-0.2225926153846154
-0.21320492307692307
-0.13872923076923074
-0.047772923076923074
0.02753723076923077
0.11411261538461538
0.17481969230769231
0.23072861538461537
0.2526332307692308
0.19442953846153843
0.11286092307692308
0.02044430769230769
-0.05403138461538461
-0.08031692307692308
-0.10159569230769232
-0.11223507692307692
-0.09283384615384616
-0.032544
0.06404492307692307
0.15291507692307693
0.21696000000000001
0.22008923076923076
0.18399876923076922
0.14144123076923076
0.07197230769230768
0.0
-0.0717636923076923
-0.1341396923076923
-0.16251138461538459
-0.16334584615384617
-0.11473846153846154
-0.021278769230769233
0.06905169230769231
0.14311015384615386
0.19296923076923078
0.22634769230769228
0.24679199999999998
0.2369870769230769
0.1760713846153846
0.06759138461538462
-0.0446436923076923
-0.12558646153846154
-0.14311015384615386
-0.11849353846153846
-0.08991323076923076
-0.051319384615384614
0.0
0.0798996923076923
0.17481969230769231
0.23510953846153848
0.25054707692307693
0.2238443076923077
0.16730953846153845
0.10347323076923076
0.027120000000000002
-0.05570030769230769
-0.12224861538461537
-0.1712732307692308
-0.18232984615384615
-0.14957723076923077
-0.09804923076923076
-0.04902461538461538
-0.0043809230769230765
0.03629907692307692
0.06258461538461538
0.08219446153846154
0.07677046153846154
0.040679999999999994
-0.016063384615384615
-0.0880356923076923
-0.14290153846153844
-0.1656406153846154
-0.16251138461538459
-0.138312
-0.10806276923076923
-0.07384984615384615
-0.016063384615384615
0.06258461538461538
0.13643446153846153
0.18921415384615384
0.20235692307692305
0.1860849230769231
0.16209415384615386
0.12391753846153845
0.07238953846153846
0.0070929230769230765
-0.06154153846153846
-0.1028473846153846
-0.10368184615384615
-0.07238953846153846
-0.02586830769230769
0.02899753846153846
0.07739630769230768
0.10639384615384614
0.12934153846153845
0.13080184615384613
0.10493353846153847
0.06654830769230768
0.015646153846153844
-0.02482523076923077
-0.05319692307692307
-0.07969107692307692
-0.0855323076923077
-0.07197230769230768
-0.05507446153846154
-0.03337846153846154
-0.009179076923076922
0.007510153846153846
0.006675692307692307
-0.011891076923076923
-0.03379569230769231
-0.04819015384615385
-0.05236246153846154
-0.04568676923076923
-0.03129230769230769
-0.01397723076923077
0.016480615384615385
0.059664
0.0961716923076923
0.11536430769230768
0.11202646153846153
0.09095630769230768
0.06905169230769231
0.046104
0.017940923076923077
-0.02044430769230769
-0.0609156923076923
-0.08323753846153846
-0.08615815384615384
-0.07238953846153846
-0.04819015384615385
-0.023364923076923075
0.009596307692307692
0.05653476923076922
0.09658892307692307
0.12204
0.13872923076923074
0.13330523076923076
0.10514215384615383
0.058412307692307694
-0.0016689230769230767
-0.05590892307692308
-0.10597661538461538
-0.13726892307692307
-0.13852061538461538
-0.10910584615384614
-0.05528307692307692
0.0029206153846153843
0.06341907692307691
0.11348676923076922
0.15520984615384617
0.19192615384615386
0.21842030769230766
0.2275993846153846
0.21111876923076925
0.17502830769230768
0.1316363076923077
0.09387692307692307
0.059664
0.018358153846153843
-0.03483876923076923
-0.08302892307692307
-0.11765907692307691
-0.1356
-0.1397723076923077
-0.14081538461538462
-0.12558646153846154
-0.08991323076923076
-0.040262769230769234
0.025033846153846153
0.09199938461538461
0.14519630769230768
0.19171753846153847
0.21716861538461538
0.21091015384615383
0.17982646153846152
0.1097316923076923
0.012516923076923077
-0.08469784615384615
-0.17002153846153847
-0.22697353846153845
-0.25346769230769234
-0.252216
-0.21341353846153846
-0.13247076923076923
-0.021904615384615383
0.10326461538461539
0.22175815384615383
0.29748553846153847
0.32961230769230765
0.32189353846153845
0.2703655384615385
0.18358153846153846
0.06279323076923077
-0.0717636923076923
-0.20110523076923076
-0.30061476923076924
-0.35151692307692306
-0.3652855384615385
-0.34963938461538463
-0.29832
-0.2127876923076923
-0.10389046153846154
0.013768615384615384
0.11870215384615385
0.1869193846153846
0.21633415384615384
0.2138307692307692
0.18379015384615385
0.13747753846153846
0.07572738461538461
0.001043076923076923
-0.05945538461538461
-0.0963803076923077
-0.11098338461538461
-0.10389046153846154
-0.09116492307692307
-0.06341907692307691
-0.029623384615384614
0.0025033846153846152
0.04401784615384615
0.07781353846153846
0.10055261538461538
0.11327815384615383
0.1289243076923077
0.1558356923076923
0.18066092307692305
0.1994363076923077
0.19672430769230767
0.17440246153846153
0.13038461538461538
0.06321046153846153
-0.01668923076923077
-0.11286092307692308
-0.2075723076923077
-0.2776670769230769
-0.30332676923076923
-0.29581661538461534
-0.24992123076923078
-0.17815753846153848
-0.08845292307692308
0.024408000000000003
0.132888
0.2238443076923077
0.265776
0.25659692307692306
0.20235692307692305
0.12037107692307693
0.029206153846153847
-0.065088
-0.14081538461538462
-0.20110523076923076
-0.2292683076923077
-0.21758584615384616
-0.17419384615384614
-0.10368184615384615
-0.02586830769230769
0.05674338461538461
0.1341396923076923
0.19797599999999999
0.24679199999999998
0.25847446153846154
0.23490092307692306
0.18963138461538462
0.12245723076923076
0.04735569230769231
-0.03358707692307692
-0.12350030769230769
-0.20152246153846154
-0.2563883076923077
-0.2701569230769231
-0.2478350769230769
-0.20131384615384615
-0.1341396923076923
-0.058412307692307694
0.03045784615384615
0.11640738461538462
0.17565415384615385
0.18921415384615384
0.16292861538461537
0.11411261538461538
0.058412307692307694
0.013142769230769229
-0.027120000000000002
-0.059872615384615385
-0.08198584615384615
-0.09053907692307692
-0.07656184615384615
-0.04902461538461538
-0.014394461538461538
0.013351384615384614
0.03504738461538461
0.05757784615384615
0.07614461538461538
0.09679753846153846
0.10848000000000001
0.10263876923076923
0.08219446153846154
0.04985907692307692
0.017523692307692306
-0.015854769230769228
-0.04756430769230769
-0.06946892307692307
-0.086784
-0.08574092307692306
-0.06154153846153846
-0.022947692307692308
0.01710646153846154
0.03671630769230769
0.05298830769230769
0.04318338461538461
0.012934153846153845
-0.010639384615384617
-0.059664
-0.11223507692307692
-0.17732307692307692
-0.20652923076923077
-0.20173107692307693
-0.14477907692307693
-0.024408000000000003
0.17440246153846153
0.4115981538461538
0.5471981538461539
0.7299452307692307
0.8286203076923077
0.8586609230769231
0.8133913846153846
0.5590892307692308
0.2782929230769231
-0.12934153846153845
-0.4877427692307692
-0.7967021538461538
-1.1085821538461538
-1.243139076923077
-1.3098960000000002
-1.1357021538461538
-0.7823076923076923
-0.3392086153846154
0.21883753846153844
0.6604763076923077
1.0507956923076922
1.293624
1.302803076923077
1.1584412307692307
0.7616547692307691
0.2712
-0.25659692307692306
-0.8236135384615384
-1.1947403076923075
-1.4331876923076923
-1.4790830769230767
-1.2898689230769231
-1.0034399999999999
-0.547824
-0.061124307692307686
0.4360061538461539
0.9214541538461538
1.223737846153846
1.3933421538461537
1.3964713846153844
1.24752
1.0003107692307691
0.6066535384615385
0.16105107692307694
-0.2937304615384615
-0.7024079999999999
-0.9694356923076923
-1.1405003076923077
-1.1642824615384615
-1.0532990769230768
-0.8540713846153847
-0.5411483076923076
-0.19359507692307693
0.1597993846153846
0.5077698461538461
0.7747975384615384
0.9813267692307692
1.089180923076923
1.064147076923077
0.9400209230769231
0.6811292307692307
0.3425464615384616
-0.05528307692307692
-0.4848221538461538
-0.8653366153846154
-1.1649083076923077
-1.3219956923076923
-1.3441089230769232
-1.214558769230769
-0.8907876923076924
-0.4456024615384615
0.09909230769230769
0.6723673846153846
1.1632393846153846
1.5331144615384615
1.695208615384615
1.655363076923077
1.4131606153846152
0.9594221538461538
0.4015846153846154
-0.20339999999999997
-0.7768836923076924
-1.225824
-1.5164252307692305
-1.597368
-1.466148923076923
-1.1555206153846154
-0.6875963076923076
-0.12120553846153845
0.49546153846153845
1.064772923076923
1.4803347692307693
1.7123150769230768
1.7062652307692308
1.485758769230769
1.0939790769230768
0.5578375384615384
-0.005215384615384615
-0.5430258461538462
-0.9857076923076923
-1.253569846153846
-1.3593378461538461
-1.279438153846154
-1.0374443076923077
-0.673619076923077
-0.21633415384615384
0.24992123076923078
0.6775827692307692
1.0009366153846153
1.1863956923076922
1.2445993846153847
1.1544775384615384
0.9429415384615384
0.6285581538461538
0.25346769230769234
-0.11390399999999999
-0.4512350769230769
-0.7021993846153846
-0.8521938461538461
-0.9176990769230768
-0.8690916923076922
-0.7266073846153845
-0.520704
-0.2699483076923077
-0.018983999999999997
0.21862892307692305
0.4255753846153846
0.5580461538461539
0.6308529230769231
0.6429526153846153
0.5832886153846154
0.47355692307692304
0.30708184615384615
0.12162276923076921
-0.06529661538461538
-0.24554030769230767
-0.3994984615384615
-0.5376018461538461
-0.6243858461538462
-0.648168
-0.5953883076923077
-0.46667261538461535
-0.30854215384615385
-0.11160923076923077
0.10994030769230768
0.3304467692307692
0.5438603076923076
0.6865532307692308
0.743088
0.7134646153846153
0.5914246153846153
0.4170221538461538
0.18921415384615384
-0.06487938461538462
-0.3148006153846154
-0.533220923076923
-0.6719501538461539
-0.7274418461538461
-0.6951064615384615
-0.5818283076923076
-0.41994276923076923
-0.21362215384615382
0.01940123076923077
0.24408
0.4314166153846154
0.5463636923076923
0.585792
0.5534566153846153
0.4716793846153846
0.35568923076923076
0.2059033846153846
0.041514461538461535
-0.124752
-0.2517987692307692
-0.31208861538461535
-0.31855569230769226
-0.2926873846153846
-0.2497126153846154
-0.1948467692307692
-0.124752
-0.03650769230769231
0.046104
0.1097316923076923
0.15270646153846154
0.18170399999999998
0.214248
0.24679199999999998
0.2674449230769231
0.2641070769230769
0.23364923076923078
0.18545907692307692
0.11411261538461538
0.026285538461538457
-0.08156861538461539
-0.20027076923076922
-0.306456
-0.3836436923076923
-0.412224
-0.38948492307692306
-0.32085046153846153
-0.21487384615384614
-0.086784
0.06028984615384615
0.22008923076923076
0.35986153846153845
0.4558246153846154
0.4758516923076923
0.42661846153846156
0.3304467692307692
0.19171753846153847
0.03483876923076923
-0.138312
-0.30249230769230767
-0.42640984615384614
-0.48941169230769227
-0.4758516923076923
-0.4047138461538461
-0.29915446153846154
-0.15959076923076923
0.006884307692307692
0.1856676923076923
0.3452584615384615
0.45436430769230773
0.5127766153846154
0.5021372307692308
0.41994276923076923
0.2920615384615385
0.13393107692307693
-0.038176615384615385
-0.20819815384615384
-0.3456756923076923
-0.42077723076923074
-0.431208
-0.37967999999999996
-0.2799618461538461
-0.15082892307692305
-0.002712
0.1314276923076923
0.23510953846153848
0.29873723076923075
0.30854215384615385
0.2858030769230769
0.23844738461538462
0.17982646153846152
0.12204
0.06028984615384615
0.006884307692307692
-0.03921969230769231
-0.07843938461538462
-0.11703323076923078
-0.15750461538461538
-0.18399876923076922
-0.19985353846153847
-0.20298276923076922
-0.19568123076923075
-0.16897846153846155
-0.11911938461538461
-0.06967753846153846
-0.012099692307692308
0.06279323076923077
0.12975876923076923
0.16897846153846155
0.1710646153846154
0.1424843076923077
0.09658892307692307
0.026076923076923077
-0.05674338461538461
-0.14582215384615385
-0.23677846153846152
-0.301032
-0.33295015384615384
-0.32606584615384615
-0.27558092307692306
-0.1948467692307692
-0.09137353846153846
0.024616615384615383
0.1422756923076923
0.23344061538461539
0.2776670769230769
0.2722430769230769
0.21967199999999998
0.12433476923076923
0.004798153846153846
-0.111192
-0.21883753846153844
-0.3022836923076923
-0.3490135384615385
-0.3314898461538462
-0.25471938461538457
-0.1462393846153846
-0.02023569230769231
0.0963803076923077
0.1994363076923077
0.26640184615384616
0.290184
0.2655673846153846
0.1800350769230769
0.05277969230769231
-0.07906523076923076
-0.18399876923076922
-0.2415766153846154
-0.25555384615384613
-0.238656
-0.17252492307692308
-0.07197230769230768
0.06258461538461538
0.19839323076923077
0.29727692307692305
0.3617390769230769
0.3652855384615385
0.3369138461538461
0.2791273846153846
0.19380369230769232
0.09533723076923077
-0.019609846153846155
-0.11640738461538462
-0.1792006153846154
-0.19067446153846154
-0.15875630769230767
-0.100344
-0.015437538461538461
0.0855323076923077
0.19693292307692306
0.30436984615384616
0.3790541538461539
0.4078430769230769
0.38030584615384616
0.30270092307692303
0.19818461538461538
0.06863446153846153
-0.07948246153846153
-0.22718215384615387
-0.34630153846153844
-0.40554830769230765
-0.4017932307692308
-0.3387913846153846
-0.23177169230769232
-0.10013538461538461
0.05528307692307692
0.21862892307692305
0.37655076923076924
0.4929581538461539
0.5350984615384615
0.5063095384615385
0.4090947692307692
0.2730775384615384
0.12329169230769231
-0.03609046153846154
-0.1867107692307692
-0.31688676923076925
-0.4053396923076923
-0.4253667692307692
-0.3955347692307692
-0.32001599999999997
-0.2125790769230769
-0.09158215384615384
0.05194523076923077
0.19547261538461536
0.32189353846153845
0.4090947692307692
0.42953907692307686
0.3972036923076923
0.3214763076923077
0.20986707692307693
0.0744756923076923
-0.08636676923076922
-0.2424110769230769
-0.36945784615384614
-0.4522781538461538
-0.46688123076923077
-0.43350276923076925
-0.3573581538461538
-0.24887815384615386
-0.12120553846153845
0.03024923076923077
0.16793538461538463
0.2655673846153846
0.3141747692307692
0.31542646153846154
0.2891409230769231
0.235944
0.154584
0.05862092307692307
-0.054240000000000003
-0.168144
-0.25117292307692307
-0.30332676923076923
-0.3170953846153846
-0.306456
-0.2791273846153846
-0.22321846153846153
-0.14394461538461537
-0.03629907692307692
0.07572738461538461
0.18066092307692305
0.26348123076923075
0.31542646153846154
0.3437981538461538
0.33253292307692306
0.2716172307692308
0.16751815384615384
0.05111076923076923
-0.06613107692307692
-0.16584923076923075
-0.24616615384615384
-0.3079163076923077
-0.3312812307692308
-0.31772123076923076
-0.2532590769230769
-0.15249784615384615
-0.03066646153846154
0.09491999999999999
0.20152246153846154
0.28851507692307693
0.3383741538461538
0.35235138461538457
0.3179298461538461
0.2438713846153846
0.1462393846153846
0.03629907692307692
-0.056951999999999996
-0.13455692307692307
-0.18858830769230767
-0.22280123076923075
-0.23072861538461537
-0.19651569230769228
-0.1316363076923077
-0.05090215384615384
0.029832
0.08657538461538461
0.12245723076923076
0.14916
0.16021661538461537
0.1614683076923077
0.15103753846153847
0.1314276923076923
0.10576799999999999
0.084072
0.06926030769230769
0.05048492307692308
0.032544
0.013768615384615384
0.0008344615384615384
-0.007927384615384614
-0.025659692307692307
-0.04735569230769231
-0.05820369230769231
-0.04276615384615385
0.0
0.04965046153846154
0.10910584615384614
0.15291507692307693
0.15270646153846154
0.15959076923076923
0.17628
0.19317784615384614
0.20173107692307693
0.17648861538461538
0.1435273846153846
0.12996738461538462
0.12537784615384615
0.19964492307692308
0.24887815384615386
0.12412615384615384
0.0448523076923077
-0.042348923076923076
-0.05528307692307692
0.012099692307692308
-0.11536430769230768
-0.19192615384615386
-0.28893230769230765
-0.2582658461538461
-0.07531015384615385
-0.014811692307692307
0.06425353846153846
0.001043076923076923
0.04380923076923077
0.16835261538461538
0.18379015384615385
0.22718215384615387
0.03838523076923077
-0.12516923076923075
-0.22196676923076922
-0.3421292307692308
-0.2814221538461538
-0.3310726153846154
-0.3195987692307692
-0.20319138461538463
-0.1718990769230769
0.026494153846153844
0.16188553846153847
0.23093723076923076
0.3246055384615385
0.22321846153846153
0.1760713846153846
0.111192
0.024616615384615383
0.04693846153846153
-0.05486584615384615
-0.12767261538461538
-0.18066092307692305
-0.2075723076923077
-0.116616
-0.12850707692307692
-0.15750461538461538
-0.18253846153846154
-0.20840676923076923
-0.09930092307692308
-0.03358707692307692
0.0008344615384615384
0.04526953846153846
0.03963692307692308
0.13664307692307692
0.2157083076923077
0.2194633846153846
0.23135446153846154
0.17002153846153847
0.14415323076923076
0.13309661538461537
0.04965046153846154
-0.02795446153846154
-0.1639716923076923
-0.279336
-0.3339932307692307
-0.3767593846153846
-0.34504984615384615
-0.28204799999999997
-0.1435273846153846
0.024408000000000003
0.17815753846153848
0.3717526153846154
0.48106707692307693
0.5286313846153846
0.5106904615384615
0.3790541538461539
0.24679199999999998
0.07384984615384615
-0.11390399999999999
-0.2641070769230769
-0.4216116923076923
-0.48002399999999995
-0.45269538461538456
-0.37738523076923075
-0.24866953846153847
-0.12850707692307692
0.04714707692307692
0.25054707692307693
0.40638276923076927
0.4994252307692308
0.4848221538461538
0.43934399999999996
0.37363015384615383
0.2497126153846154
0.11181784615384616
-0.0798996923076923
-0.23803015384615384
-0.3049956923076923
-0.34630153846153844
-0.30416123076923074
-0.23656984615384613
-0.16730953846153845
-0.050067692307692306
0.029206153846153847
0.09784061538461537
0.15604430769230768
0.16105107692307694
0.15333230769230768
0.10368184615384615
0.045895384615384616
-0.005215384615384615
-0.05319692307692307
-0.06341907692307691
-0.08720123076923077
-0.09971815384615385
-0.11098338461538461
-0.13706030769230768
-0.12934153846153845
-0.14519630769230768
-0.16480615384615382
-0.17648861538461538
-0.20778092307692309
-0.18149538461538461
-0.12496061538461539
-0.06842584615384616
0.002086153846153846
0.046104
0.11640738461538462
0.20632061538461538
0.25993476923076925
0.28100492307692304
0.2369870769230769
0.1639716923076923
0.09095630769230768
-0.003129230769230769
-0.0892873846153846
-0.17002153846153847
-0.22154953846153846
-0.22843384615384613
-0.23072861538461537
-0.19338646153846153
-0.13643446153846153
-0.056951999999999996
0.05799507692307692
0.13121907692307694
0.19797599999999999
0.235944
0.24032492307692307
0.2561796923076923
0.2207150769230769
0.15354092307692307
0.08219446153846154
0.012516923076923077
-0.012516923076923077
-0.01814953846153846
-0.025033846153846153
-0.013768615384615384
-0.0006258461538461538
0.025659692307692307
0.04672984615384615
0.05048492307692308
0.05111076923076923
0.021696
0.004798153846153846
-0.007301538461538462
-0.011473846153846154
0.02586830769230769
0.06154153846153846
0.11640738461538462
0.16501476923076921
0.18650215384615382
0.2225926153846154
0.2355267692307692
0.20256553846153844
0.12120553846153845
-0.004589538461538461
-0.1218313846153846
-0.21299630769230768
-0.28246523076923075
-0.3193901538461538
-0.33649661538461534
-0.3045784615384615
-0.21028430769230766
-0.07030338461538461
0.09450276923076922
0.21758584615384616
0.3060387692307692
0.36340799999999995
0.37717661538461533
0.35568923076923076
0.2712
0.1558356923076923
0.03275261538461539
-0.09179076923076923
-0.1794092307692308
-0.23823876923076923
-0.25367630769230765
-0.2221753846153846
-0.16856123076923077
-0.07927384615384615
0.028163076923076923
0.13998092307692306
0.241368
0.2924787692307692
0.3031181538461538
0.2703655384615385
0.20506892307692307
0.116616
-0.003129230769230769
-0.12391753846153845
-0.23782153846153845
-0.31396615384615384
-0.3319070769230769
-0.3081249230769231
-0.2438713846153846
-0.17148184615384612
-0.0963803076923077
-0.0025033846153846152
0.08323753846153846
0.14582215384615385
0.15875630769230767
0.10910584615384614
0.04860738461538461
-0.005424
-0.04401784615384615
-0.06216738461538462
-0.07280676923076923
-0.061124307692307686
-0.03024923076923077
0.021904615384615383
0.0934596923076923
0.15479261538461536
0.19672430769230767
0.21049292307692305
0.19359507692307693
0.1656406153846154
0.11828492307692307
0.05090215384615384
-0.027328615384615382
-0.0988836923076923
-0.13497415384615385
-0.1397723076923077
-0.11223507692307692
-0.05862092307692307
0.006258461538461538
0.07051199999999999
0.11724184615384614
0.1570873846153846
0.1785747692307692
0.16105107692307694
0.11724184615384614
0.051319384615384614
-0.009596307692307692
-0.06759138461538462
-0.13747753846153846
-0.19046584615384615
-0.22447015384615385
-0.21445661538461538
-0.15562707692307692
-0.07551876923076924
0.018775384615384614
0.1028473846153846
0.17690584615384616
0.24303692307692307
0.2814221538461538
0.2887236923076923
0.25284184615384614
0.18232984615384615
0.11140061538461538
0.05319692307692307
0.012934153846153845
-0.003129230769230769
-0.009179076923076922
-0.004172307692307692
-0.0002086153846153846
-0.0016689230769230767
0.010013538461538461
0.010013538461538461
0.0043809230769230765
0.0035464615384615383
0.003129230769230769
0.01814953846153846
0.025659692307692307
0.02545107692307692
0.02545107692307692
0.016897846153846156
0.010013538461538461
0.005215384615384615
-0.008136
-0.033169846153846154
-0.06675692307692307
-0.0988836923076923
-0.12308307692307692
-0.13872923076923074
-0.130176
-0.10639384615384614
-0.078648
-0.040679999999999994
0.01272553846153846
0.0828203076923077
0.13330523076923076
0.15667015384615385
0.1614683076923077
0.1358086153846154
0.0934596923076923
0.02753723076923077
-0.04902461538461538
-0.12141415384615384
-0.19192615384615386
-0.23448369230769228
-0.23949046153846154
-0.214248
-0.16626646153846153
-0.11223507692307692
-0.056951999999999996
0.008136
0.059872615384615385
0.0826116923076923
0.08219446153846154
0.05528307692307692
0.00855323076923077
-0.042974769230769226
-0.10096984615384616
-0.1614683076923077
-0.19755876923076923
-0.20173107692307693
-0.17419384615384614
-0.1097316923076923
-0.02482523076923077
0.06028984615384615
0.130176
0.17398523076923075
0.19505538461538463
0.18149538461538461
0.132888
0.06404492307692307
-0.012934153846153845
-0.07697907692307693
-0.11557292307692307
-0.12099692307692309
-0.09658892307692307
-0.04839876923076923
0.012516923076923077
0.07238953846153846
0.13101046153846155
0.1733593846153846
0.18379015384615385
0.1558356923076923
0.10576799999999999
0.05319692307692307
0.0014603076923076922
-0.054657230769230764
-0.11098338461538461
-0.14749107692307692
-0.1704387692307692
-0.1639716923076923
-0.12955015384615384
-0.08073415384615384
-0.019192615384615384
0.03504738461538461
0.10013538461538461
0.16835261538461538
0.21028430769230766
0.22426153846153846
0.21132738461538458
0.1792006153846154
0.13601723076923075
0.078648
0.020652923076923076
-0.03296123076923077
-0.0744756923076923
-0.09137353846153846
-0.09533723076923077
-0.07969107692307692
-0.05194523076923077
-0.02232184615384615
0.012934153846153845
0.041514461538461535
0.06967753846153846
0.09033046153846153
0.09825784615384614
0.09867507692307692
0.078648
0.042348923076923076
-0.004798153846153846
-0.05757784615384615
-0.1205796923076923
-0.17899199999999998
-0.21341353846153846
-0.22342707692307692
-0.21153599999999997
-0.1779489230769231
-0.11807630769230769
-0.03984553846153846
0.04693846153846153
0.13184492307692308
0.20632061538461538
0.24908676923076922
0.25451076923076926
0.23072861538461537
0.18212123076923076
0.1097316923076923
0.03108369230769231
-0.035464615384615386
-0.08469784615384615
-0.11077476923076923
-0.11724184615384614
-0.10618523076923077
-0.07697907692307693
-0.03379569230769231
0.021904615384615383
0.07760492307692309
0.11306953846153844
0.12642092307692307
0.11411261538461538
0.08323753846153846
0.03901107692307692
-0.013351384615384614
-0.06633969230769231
-0.11452984615384615
-0.15416676923076922
-0.1710646153846154
-0.15124615384615384
-0.10806276923076923
-0.04526953846153846
0.021904615384615383
0.07218092307692307
0.10597661538461538
0.1218313846153846
0.12704676923076924
0.11473846153846154
0.07635323076923077
0.030040615384615384
-0.016897846153846156
-0.0446436923076923
-0.04568676923076923
-0.03275261538461539
0.0012516923076923076
0.03921969230769231
0.08094276923076923
0.13309661538461537
0.1666836923076923
0.18149538461538461
0.17252492307692308
0.14311015384615386
0.10138707692307691
0.049233230769230765
-0.0018775384615384615
-0.053614153846153846
-0.09450276923076922
-0.12808984615384614
-0.15416676923076922
-0.17544553846153846
-0.19755876923076923
-0.2207150769230769
-0.2073636923076923
-0.13893784615384613
-0.031918153846153846
0.11953661538461538
0.24032492307692307
0.35005661538461535
0.45060923076923076
0.49629599999999996
0.5188264615384615
0.4401784615384615
0.3031181538461538
0.12370892307692308
-0.034630153846153845
-0.1424843076923077
-0.3004061538461538
-0.3673716923076923
-0.4253667692307692
-0.4178566153846154
-0.29456492307692306
-0.168144
0.03880246153846154
0.18358153846153846
0.32898646153846156
0.46104
0.4785636923076923
0.47689476923076923
0.34358953846153845
0.17586276923076924
-0.006258461538461538
-0.23052
-0.35860984615384617
-0.47689476923076923
-0.5071439999999999
-0.4577021538461538
-0.4024190769230769
-0.2670276923076923
-0.14978584615384616
-0.006049846153846154
0.14331876923076922
0.20632061538461538
0.2722430769230769
0.2924787692307692
0.301032
0.3193901538461538
0.2655673846153846
0.19526400000000002
0.09116492307692307
-0.014811692307692307
-0.06300184615384616
-0.11265230769230769
-0.14957723076923077
-0.173568
-0.16876984615384616
-0.09930092307692308
-0.02273907692307692
0.05653476923076922
0.11202646153846153
0.1435273846153846
0.1867107692307692
0.21007569230769232
0.2290596923076923
0.23531815384615382
0.20527753846153846
0.16689230769230767
0.10493353846153847
0.004798153846153846
-0.0897046153846154
-0.20861538461538462
-0.314592
-0.3882332307692308
-0.44622830769230765
-0.41577046153846153
-0.3387913846153846
-0.21070153846153844
-0.054657230769230764
0.08699261538461538
0.2357353846153846
0.3467187692307692
0.4193169230769231
0.42328061538461537
0.35005661538461535
0.2532590769230769
0.13622584615384614
0.02273907692307692
-0.06967753846153846
-0.15667015384615385
-0.20110523076923076
-0.21091015384615383
-0.18274707692307693
-0.10618523076923077
-0.04318338461538461
0.03108369230769231
0.10848000000000001
0.16501476923076921
0.2073636923076923
0.20778092307692309
0.18796246153846152
0.14665661538461539
0.07969107692307692
0.016480615384615385
-0.0446436923076923
-0.08094276923076923
-0.09846646153846153
-0.10952307692307692
-0.09199938461538461
-0.06946892307692307
-0.02315630769230769
0.03024923076923077
0.05069353846153846
0.06216738461538462
0.04318338461538461
0.016480615384615385
-0.0022947692307692304
-0.03713353846153846
-0.06279323076923077
-0.084072
-0.084072
-0.05820369230769231
-0.034630153846153845
-0.011265230769230769
-0.0043809230769230765
0.0016689230769230767
0.021278769230769233
0.034630153846153845
0.03713353846153846
0.014394461538461538
-0.03629907692307692
-0.08574092307692306
-0.11411261538461538
-0.12162276923076921
-0.11411261538461538
-0.11348676923076922
-0.10013538461538461
-0.07113784615384615
-0.045060923076923075
-0.007510153846153846
0.013351384615384614
0.029623384615384614
0.03963692307692308
0.026911384615384615
0.029832
0.027328615384615382
0.016897846153846156
0.002086153846153846
-0.02899753846153846
-0.03400430769230769
-0.030875076923076922
-0.02586830769230769
-0.008761846153846153
-0.0070929230769230765
0.0043809230769230765
0.022530461538461537
0.04860738461538461
0.09158215384615384
0.11077476923076923
0.11765907692307691
0.11995384615384615
0.11265230769230769
0.11870215384615385
0.10326461538461539
0.06362769230769232
0.025033846153846153
-0.014394461538461538
-0.03775938461538462
-0.054240000000000003
-0.06258461538461538
-0.06884307692307692
-0.07656184615384615
-0.059038153846153844
-0.03379569230769231
-0.014394461538461538
-0.010222153846153844
-0.03379569230769231
-0.051319384615384614
-0.05048492307692308
-0.03129230769230769
0.010639384615384617
0.04860738461538461
0.08740984615384616
0.12621230769230768
0.1504116923076923
0.17711446153846155
0.18191261538461537
0.15270646153846154
0.10222153846153846
0.037967999999999995
-0.013142769230769229
-0.05236246153846154
-0.08198584615384615
-0.08991323076923076
-0.08094276923076923
-0.04819015384615385
0.007301538461538462
0.06404492307692307
0.119328
0.14957723076923077
0.15270646153846154
0.15562707692307692
0.15479261538461536
0.13518276923076925
0.08469784615384615
0.02086153846153846
-0.04172307692307692
-0.09679753846153846
-0.13184492307692308
-0.16501476923076921
-0.19755876923076923
-0.21132738461538458
-0.2075723076923077
-0.16730953846153845
-0.10597661538461538
-0.05069353846153846
0.007927384615384614
0.05298830769230769
0.09053907692307692
0.116616
0.11953661538461538
0.10430769230769231
0.07343261538461537
0.04276615384615385
0.015020307692307692
-0.01043076923076923
-0.031918153846153846
-0.05403138461538461
-0.07948246153846153
-0.10681107692307691
-0.12245723076923076
-0.11807630769230769
-0.11098338461538461
-0.10201292307692307
-0.08574092307692306
-0.04526953846153846
0.014811692307692307
0.07885661538461539
0.13518276923076925
0.154584
0.15082892307692305
0.12600369230769232
0.08720123076923077
0.032544
-0.05111076923076923
-0.1368516923076923
-0.20506892307692307
-0.23448369230769228
-0.2205064615384615
-0.1785747692307692
-0.11494707692307692
-0.03504738461538461
0.05570030769230769
0.14811692307692306
0.22989415384615383
0.2768326153846154
0.290184
0.2753723076923077
0.23823876923076923
0.18796246153846152
0.11536430769230768
0.034630153846153845
-0.04860738461538461
-0.124752
-0.1794092307692308
-0.20965846153846154
-0.21132738461538458
-0.19442953846153843
-0.14957723076923077
-0.08365476923076923
-0.010013538461538461
0.06905169230769231
0.13205353846153844
0.17586276923076924
0.1977673846153846
0.19693292307692306
0.18107815384615383
0.14394461538461537
0.08302892307692307
0.010013538461538461
-0.059664
-0.11411261538461538
-0.14853415384615384
-0.16334584615384617
-0.154584
-0.12329169230769231
-0.07551876923076924
-0.014185846153846153
0.05528307692307692
0.11536430769230768
0.15249784615384615
0.16856123076923077
0.16334584615384617
0.14853415384615384
0.12579507692307693
0.09429415384615383
0.05736923076923077
0.010013538461538461
-0.026494153846153844
-0.05611753846153846
-0.08386338461538462
-0.09763200000000001
-0.11348676923076922
-0.11327815384615383
-0.09658892307692307
-0.07197230769230768
-0.03775938461538462
-0.021904615384615383
-0.018358153846153843
-0.013560000000000001
-0.014394461538461538
-0.016897846153846156
-0.019609846153846155
-0.035464615384615386
-0.03880246153846154
-0.02232184615384615
0.0077187692307692304
0.047772923076923074
0.07280676923076923
0.086784
0.08761846153846153
0.08699261538461538
0.08699261538461538
0.07092923076923077
0.048816000000000005
0.025033846153846153
0.008970461538461538
0.012934153846153845
0.029832
0.05799507692307692
0.09241661538461539
0.1287156923076923
0.17565415384615385
0.21883753846153844
0.249504
0.2517987692307692
0.21904615384615383
0.16710092307692306
0.09784061538461537
0.024616615384615383
-0.04631261538461538
-0.11745046153846153
-0.1718990769230769
-0.20298276923076922
-0.19881046153846152
-0.15374953846153847
-0.0936683076923077
-0.02211323076923077
0.04985907692307692
0.11599015384615384
0.17628
0.20965846153846154
0.21779446153846155
0.19735015384615384
0.154584
0.10868861538461538
0.06446215384615385
0.02023569230769231
-0.032544
-0.0798996923076923
-0.10681107692307691
-0.111192
-0.09971815384615385
-0.07572738461538461
-0.04547815384615384
-0.011891076923076923
0.021070153846153846
0.054657230769230764
0.09304246153846155
0.11953661538461538
0.13497415384615385
0.12934153846153845
0.10681107692307691
0.08115138461538463
0.04547815384615384
0.0022947692307692304
-0.05444861538461539
-0.11640738461538462
-0.165432
-0.19755876923076923
-0.20715507692307691
-0.20173107692307693
-0.184416
-0.1435273846153846
-0.07468430769230769
0.011265230769230769
0.09325107692307691
0.157296
0.19735015384615384
0.21821169230769227
0.21800307692307694
0.19818461538461538
0.14957723076923077
0.07531015384615385
-0.004798153846153846
-0.084072
-0.14039815384615384
-0.17711446153846155
-0.19547261538461536
-0.18629353846153843
-0.15896492307692306
-0.10409907692307692
-0.02858030769230769
0.042557538461538466
0.10514215384615383
0.14707384615384617
0.1635544615384615
0.16793538461538463
0.1449876923076923
0.10263876923076923
0.040679999999999994
-0.03609046153846154
-0.09325107692307691
-0.13872923076923074
-0.16063384615384615
-0.1691870769230769
-0.1704387692307692
-0.14957723076923077
-0.11703323076923078
-0.054240000000000003
0.014185846153846153
0.07697907692307693
0.13184492307692308
0.16334584615384617
0.19046584615384615
0.19192615384615386
0.16063384615384615
0.10806276923076923
0.03504738461538461
-0.03045784615384615
-0.07510153846153846
-0.10368184615384615
-0.11619876923076923
-0.11348676923076922
-0.09408553846153846
-0.05653476923076922
-0.007301538461538462
0.03880246153846154
0.06863446153846153
0.08135999999999999
0.08010830769230769
0.06613107692307692
0.03692492307692308
0.0012516923076923076
-0.043392
-0.08574092307692306
-0.1178676923076923
-0.14102399999999998
-0.13372246153846154
-0.11077476923076923
-0.07656184615384615
-0.029623384615384614
0.015228923076923076
0.06717415384615384
0.11619876923076923
0.13789476923076924
0.13935507692307691
0.10055261538461538
0.04547815384615384
-0.0043809230769230765
-0.04860738461538461
-0.07343261538461537
-0.11619876923076923
-0.12204
-0.11140061538461538
-0.042974769230769226
0.04526953846153846
0.19839323076923077
0.3880246153846154
0.3617390769230769
0.3886504615384615
0.36340799999999995
0.3062473846153846
0.2789187692307692
0.05048492307692308
-0.11265230769230769
-0.3160523076923077
-0.40325353846153844
-0.34776184615384614
-0.36215630769230767
-0.28017046153846153
-0.2632726153846154
-0.1287156923076923
0.09304246153846155
0.22530461538461538
0.3727956923076923
0.31250584615384613
0.21758584615384616
0.1543753846153846
0.013768615384615384
-0.03650769230769231
-0.1656406153846154
-0.2680707692307692
-0.2559710769230769
-0.3170953846153846
-0.22175815384615383
-0.09199938461538461
-0.007927384615384614
0.12391753846153845
0.11578153846153846
0.1207883076923077
0.10055261538461538
0.041514461538461535
0.06613107692307692
0.014394461538461538
-0.05194523076923077
-0.10013538461538461
-0.12725538461538463
-0.05736923076923077
-0.037342153846153844
-0.052153846153846155
-0.06633969230769231
-0.11578153846153846
-0.08323753846153846
-0.07802215384615384
-0.10827138461538462
-0.10722830769230769
-0.14561353846153846
-0.11014892307692307
-0.05778646153846154
-0.03880246153846154
0.042348923076923076
0.08845292307692308
0.14018953846153845
0.21862892307692305
0.23093723076923076
0.22154953846153846
0.15416676923076922
0.06946892307692307
-0.015228923076923076
-0.1316363076923077
-0.1990190769230769
-0.23656984615384613
-0.20339999999999997
-0.13872923076923074
-0.09784061538461537
0.018775384615384614
0.12725538461538463
0.2288510769230769
0.32627446153846157
0.33002953846153843
0.3087507692307692
0.22655630769230767
0.11640738461538462
0.029832
-0.09450276923076922
-0.18775384615384613
-0.23531815384615382
-0.24908676923076922
-0.20840676923076923
-0.1449876923076923
-0.03337846153846154
0.1151556923076923
0.23823876923076923
0.3225193846153846
0.35923569230769226
0.3848953846153846
0.38885907692307686
0.31208861538461535
0.20944984615384615
0.0855323076923077
-0.02858030769230769
-0.07343261538461537
-0.11140061538461538
-0.10263876923076923
-0.059872615384615385
-0.02023569230769231
0.07614461538461538
0.15082892307692305
0.200688
0.23761292307692305
0.214248
0.17669723076923077
0.10910584615384614
0.02482523076923077
-0.06446215384615385
-0.16188553846153847
-0.2075723076923077
-0.22989415384615383
-0.2209236923076923
-0.1910916923076923
-0.17377661538461536
-0.12621230769230768
-0.08594953846153845
-0.04088861538461538
0.009804923076923077
0.003755076923076923
-0.008970461538461538
-0.023990769230769232
-0.05069353846153846
-0.06675692307692307
-0.09304246153846155
-0.09700615384615385
-0.06425353846153846
-0.03379569230769231
0.007927384615384614
0.051528
0.08824430769230769
0.119328
0.11745046153846153
0.11432123076923076
0.0988836923076923
0.06905169230769231
0.03755076923076923
-0.029623384615384614
-0.07781353846153846
-0.09825784615384614
-0.086784
-0.017315076923076923
0.02273907692307692
0.047981538461538464
0.07969107692307692
0.100344
0.15395815384615386
0.16710092307692306
0.11411261538461538
0.030875076923076922
-0.06967753846153846
-0.13622584615384614
-0.16856123076923077
-0.18337292307692307
-0.1779489230769231
-0.15562707692307692
-0.08636676923076922
0.006467076923076923
0.08428061538461538
0.15291507692307693
0.16897846153846155
0.16209415384615386
0.1397723076923077
0.09533723076923077
0.06571384615384615
0.014603076923076923
-0.023990769230769232
-0.04526953846153846
-0.065088
-0.031918153846153846
0.026494153846153844
0.07572738461538461
0.10409907692307692
0.10326461538461539
0.11432123076923076
0.12850707692307692
0.12204
0.09241661538461539
0.02545107692307692
-0.04714707692307692
-0.09158215384615384
-0.08761846153846153
-0.06446215384615385
-0.058412307692307694
-0.047981538461538464
-0.011891076923076923
0.054657230769230764
0.11578153846153846
0.13935507692307691
0.13309661538461537
0.10722830769230769
0.06717415384615384
0.031918153846153846
-0.002086153846153846
-0.041514461538461535
-0.06571384615384615
-0.06821723076923077
-0.04109723076923077
0.014185846153846153
0.07551876923076924
0.13038461538461538
0.16710092307692306
0.17982646153846152
0.17544553846153846
0.15228923076923076
0.0961716923076923
0.010222153846153844
-0.08073415384615384
-0.15959076923076923
-0.21049292307692305
-0.22321846153846153
-0.19463815384615382
-0.138312
-0.0771876923076923
-0.012934153846153845
0.06049846153846154
0.13205353846153844
0.16730953846153845
0.1585476923076923
0.10910584615384614
0.03379569230769231
-0.04568676923076923
-0.12808984615384614
-0.19296923076923078
-0.23177169230769232
-0.24345415384615382
-0.21028430769230766
-0.14164984615384615
-0.04944184615384615
0.04214030769230769
0.12016246153846154
0.19317784615384614
0.233232
0.24053353846153847
0.20861538461538462
0.13247076923076923
0.043392
-0.05653476923076922
-0.14811692307692306
-0.21696000000000001
-0.2628553846153846
-0.25701415384615384
-0.20423446153846153
-0.12016246153846154
-0.013142769230769229
0.08240307692307691
0.16647507692307692
0.21716861538461538
0.22196676923076922
0.20277415384615383
0.14311015384615386
0.05298830769230769
-0.051319384615384614
-0.14916
-0.21967199999999998
-0.25242461538461536
-0.23886461538461537
-0.19651569230769228
-0.14311015384615386
-0.08010830769230769
-0.005841230769230769
0.0744756923076923
0.14144123076923076
0.17461107692307692
0.1927606153846154
0.200688
0.18858830769230767
0.16772676923076923
0.12454338461538461
0.06988615384615385
0.017940923076923077
-0.024616615384615383
-0.04902461538461538
-0.06842584615384616
-0.07656184615384615
-0.07614461538461538
-0.06487938461538462
-0.03108369230769231
0.013560000000000001
0.0678
0.11724184615384614
0.14999446153846155
0.1785747692307692
0.18754523076923074
0.18379015384615385
0.16772676923076923
0.11327815384615383
0.047772923076923074
-0.02357353846153846
-0.10138707692307691
-0.17002153846153847
-0.23135446153846154
-0.2624381538461539
-0.25951753846153847
-0.21800307692307694
-0.13518276923076925
-0.029623384615384614
0.08428061538461538
0.17231630769230769
0.2369870769230769
0.2795446153846154
0.27850153846153847
0.24428861538461538
0.1693956923076923
0.06717415384615384
-0.024408000000000003
-0.10660246153846153
-0.15833907692307692
-0.18358153846153846
-0.18858830769230767
-0.15604430769230768
-0.10994030769230768
-0.042974769230769226
0.02545107692307692
0.07781353846153846
0.12037107692307693
0.13893784615384613
0.15103753846153847
0.14018953846153845
0.10827138461538462
0.06717415384615384
0.003755076923076923
-0.05486584615384615
-0.10389046153846154
-0.13872923076923074
-0.15228923076923076
-0.1639716923076923
-0.16334584615384617
-0.14582215384615385
-0.11974523076923077
-0.07885661538461539
-0.040054153846153843
-0.006675692307692307
0.03692492307692308
0.0771876923076923
0.11807630769230769
0.15520984615384617
0.165432
0.15750461538461538
0.127464
0.086784
0.045895384615384616
0.003129230769230769
-0.03358707692307692
-0.07551876923076924
-0.10535076923076922
-0.11807630769230769
-0.1151556923076923
-0.0961716923076923
-0.08094276923076923
-0.06216738461538462
-0.031709538461538456
-0.0022947692307692304
0.031709538461538456
0.05319692307692307
0.053614153846153846
0.04714707692307692
0.024199384615384616
0.005424
-0.010848
-0.03838523076923077
-0.06988615384615385
-0.10660246153846153
-0.12934153846153845
-0.13747753846153846
-0.1358086153846154
-0.11953661538461538
-0.10117846153846152
-0.06863446153846153
-0.021904615384615383
0.023990769230769232
0.06717415384615384
0.08991323076923076
0.103056
0.111192
0.10076123076923077
0.08386338461538462
0.049233230769230765
0.0029206153846153843
-0.0446436923076923
-0.08991323076923076
-0.11035753846153845
-0.1178676923076923
-0.11828492307692307
-0.10368184615384615
-0.07405846153846153
-0.03379569230769231
0.008761846153846153
0.052153846153846155
0.0855323076923077
0.10201292307692307
0.10764553846153846
0.0988836923076923
0.08115138461538463
0.06341907692307691
0.03400430769230769
0.0016689230769230767
-0.02524246153846154
-0.04380923076923077
-0.053614153846153846
-0.05528307692307692
-0.04276615384615385
-0.02315630769230769
0.008970461538461538
0.047772923076923074
0.07885661538461539
0.10368184615384615
0.1218313846153846
0.13789476923076924
0.14519630769230768
0.12850707692307692
0.09471138461538461
0.054657230769230764
0.017315076923076923
0.0
-0.011056615384615385
-0.022530461538461537
-0.030875076923076922
-0.03442153846153846
-0.022530461538461537
0.0043809230769230765
0.03650769230769231
0.06738276923076922
0.09283384615384616
0.10889723076923077
0.12433476923076923
0.12996738461538462
0.12412615384615384
0.10180430769230768
0.059664
0.02357353846153846
-0.005215384615384615
-0.013351384615384614
-0.008970461538461538
-0.003129230769230769
0.011265230769230769
0.031918153846153846
0.07697907692307693
0.13080184615384613
0.16626646153846153
0.1696043076923077
0.1489513846153846
0.124752
0.10618523076923077
0.09158215384615384
0.09012184615384615
0.08594953846153845
0.06696553846153847
0.059872615384615385
0.051528
0.04088861538461538
0.028788923076923077
-0.0006258461538461538
-0.03379569230769231
-0.03379569230769231
-0.021278769230769233
0.026911384615384615
0.04756430769230769
0.11327815384615383
0.24595753846153845
0.2059033846153846
0.20319138461538463
0.17544553846153846
0.11035753846153845
0.09679753846153846
-0.06154153846153846
-0.1923433846153846
-0.3588184615384616
-0.4322510769230769
-0.34943076923076927
-0.292896
-0.1779489230769231
-0.12162276923076921
0.010639384615384617
0.21716861538461538
0.36215630769230767
0.5094387692307691
0.4698018461538461
0.33587076923076925
0.21237046153846154
0.021696
-0.1151556923076923
-0.28934953846153844
-0.46145723076923073
-0.5031803076923077
-0.5607581538461538
-0.4887858461538461
-0.3323243076923077
-0.21070153846153844
-0.007301538461538462
0.12245723076923076
0.225096
0.2939390769230769
0.2805876923076923
0.29873723076923075
0.23218892307692307
0.08866153846153846
-0.07280676923076923
-0.2261390769230769
-0.28017046153846153
-0.31772123076923076
-0.3421292307692308
-0.32669169230769235
-0.3187643076923077
-0.22113230769230768
-0.08991323076923076
0.016897846153846156
0.12955015384615384
0.1693956923076923
0.20298276923076922
0.23656984615384613
0.20277415384615383
0.17231630769230769
0.0988836923076923
0.02044430769230769
0.003963692307692307
-0.021278769230769233
-0.02524246153846154
-0.04214030769230769
-0.07364123076923076
-0.09491999999999999
-0.1218313846153846
-0.11035753846153845
-0.08991323076923076
-0.0448523076923077
0.006258461538461538
0.01814953846153846
0.07238953846153846
0.12683815384615382
0.1721076923076923
0.2374043076923077
0.23052
0.1977673846153846
0.1506203076923077
0.08636676923076922
0.058829538461538454
-0.0035464615384615383
-0.059038153846153844
-0.07092923076923077
-0.07134646153846153
-0.03483876923076923
-0.003755076923076923
0.042348923076923076
0.12308307692307692
0.18232984615384615
0.23093723076923076
0.26097784615384617
0.2912270769230769
0.330864
0.3179298461538461
0.2807963076923077
0.19568123076923075
0.08490646153846154
0.03024923076923077
-0.03775938461538462
-0.08845292307692308
-0.10785415384615385
-0.11619876923076923
-0.05570030769230769
0.017315076923076923
0.08344615384615384
0.15541846153846153
0.1942209230769231
0.21466523076923077
0.20193969230769232
0.14790830769230767
0.06279323076923077
-0.04693846153846153
-0.12767261538461538
-0.17565415384615385
-0.18170399999999998
-0.1558356923076923
-0.13706030769230768
-0.08636676923076922
-0.03024923076923077
0.025033846153846153
0.08469784615384615
0.08135999999999999
0.05653476923076922
0.030875076923076922
-0.014394461538461538
-0.05945538461538461
-0.12433476923076923
-0.1787833846153846
-0.1873366153846154
-0.17461107692307692
-0.13267938461538462
-0.08594953846153845
-0.04944184615384615
-0.012308307692307691
0.011682461538461537
0.04902461538461538
0.07259815384615384
0.07155507692307693
0.05528307692307692
0.0012516923076923076
-0.04714707692307692
-0.09491999999999999
-0.12350030769230769
-0.11578153846153846
-0.1178676923076923
-0.10493353846153847
-0.0717636923076923
-0.018775384615384614
0.056326153846153845
0.09825784615384614
0.10013538461538461
0.08699261538461538
0.06070707692307692
0.044435076923076924
0.031709538461538456
-0.0006258461538461538
-0.05444861538461539
-0.10910584615384614
-0.11599015384615384
-0.09283384615384616
-0.05069353846153846
-0.015020307692307692
-0.006675692307692307
0.01710646153846154
0.03984553846153846
0.06529661538461538
0.07656184615384615
0.046104
0.011473846153846154
-0.031709538461538456
-0.07030338461538461
-0.08740984615384616
-0.10389046153846154
-0.11953661538461538
-0.14060676923076923
-0.14164984615384615
-0.10347323076923076
-0.05799507692307692
-0.018983999999999997
-0.0033378461538461535
0.005632615384615384
0.02899753846153846
0.051319384615384614
0.08574092307692306
0.10514215384615383
0.084072
0.05444861538461539
0.023364923076923075
0.015228923076923076
0.019192615384615384
-0.0012516923076923076
-0.016897846153846156
-0.015854769230769228
-0.004589538461538461
0.020027076923076922
0.035464615384615386
0.03984553846153846
0.041514461538461535
0.05069353846153846
0.06529661538461538
0.073224
0.07468430769230769
0.05486584615384615
0.03400430769230769
0.018358153846153843
0.009804923076923077
0.009387692307692307
-0.009179076923076922
-0.025033846153846153
-0.04088861538461538
-0.054240000000000003
-0.05486584615384615
-0.056951999999999996
-0.04965046153846154
-0.046104
-0.03984553846153846
-0.020652923076923076
0.010013538461538461
0.05173661538461538
0.08240307692307691
0.10201292307692307
0.10743692307692307
0.09846646153846153
0.08615815384615384
0.058412307692307694
0.016272
-0.016480615384615385
-0.04380923076923077
-0.06487938461538462
-0.06842584615384616
-0.05757784615384615
-0.031709538461538456
0.008136
0.052571076923076915
0.0936683076923077
0.12725538461538463
0.14811692307692306
0.15333230769230768
0.14436184615384615
0.12391753846153845
0.08720123076923077
0.03442153846153846
-0.022947692307692308
-0.06800861538461538
-0.0974233846153846
-0.11640738461538462
-0.13121907692307694
-0.13518276923076925
-0.111192
-0.06613107692307692
-0.018983999999999997
0.02586830769230769
0.06905169230769231
0.09721476923076922
0.10806276923076923
0.10430769230769231
0.09095630769230768
0.059038153846153844
0.0025033846153846152
-0.06049846153846154
-0.12099692307692309
-0.16084246153846155
-0.1783661538461538
-0.1804523076923077
-0.16209415384615386
-0.13059323076923077
-0.08866153846153846
-0.03421292307692308
0.016063384615384615
0.059872615384615385
0.0828203076923077
0.08657538461538461
0.0855323076923077
0.06446215384615385
0.031918153846153846
-0.020027076923076922
-0.07405846153846153
-0.10952307692307692
-0.12788123076923075
-0.12913292307692306
-0.12496061538461539
-0.1136953846153846
-0.09554584615384615
-0.06195876923076923
-0.009596307692307692
0.04756430769230769
0.07969107692307692
0.08824430769230769
0.0798996923076923
0.05945538461538461
0.053614153846153846
0.05069353846153846
0.03483876923076923
0.010639384615384617
0.0
0.016272
0.03400430769230769
0.04693846153846153
0.059038153846153844
0.05277969230769231
0.03337846153846154
0.016897846153846156
0.00855323076923077
0.0033378461538461535
-0.013768615384615384
-0.033169846153846154
-0.031709538461538456
-0.006884307692307692
0.035255999999999996
0.06884307692307692
0.09012184615384615
0.11160923076923077
0.12433476923076923
0.12662953846153846
0.0988836923076923
0.04965046153846154
-0.006049846153846154
-0.06279323076923077
-0.09721476923076922
-0.10722830769230769
-0.09471138461538461
-0.06383630769230769
-0.01940123076923077
0.04652123076923077
0.12934153846153845
0.20819815384615384
0.2647329230769231
0.287472
0.26786215384615386
0.20861538461538462
0.13872923076923074
0.07885661538461539
0.016063384615384615
-0.042557538461538466
-0.07635323076923077
-0.07113784615384615
-0.015646153846153844
0.06362769230769232
0.14957723076923077
0.23218892307692307
0.2818393846153846
0.30332676923076923
0.2906012307692308
0.23615261538461538
0.15124615384615384
0.03859384615384615
-0.07593599999999999
-0.16772676923076923
-0.22300984615384614
-0.23510953846153848
-0.21111876923076925
-0.1506203076923077
-0.06028984615384615
0.05653476923076922
0.1777403076923077
0.2722430769230769
0.32982092307692307
0.330864
0.2855944615384615
0.20861538461538462
0.09554584615384615
-0.03838523076923077
-0.17252492307692308
-0.2726603076923077
-0.314592
-0.2989458461538462
-0.235944
-0.1462393846153846
-0.047981538461538464
0.05757784615384615
0.16647507692307692
0.25388492307692306
0.2860116923076923
0.2509643076923077
0.16689230769230767
0.05820369230769231
-0.04860738461538461
-0.14081538461538462
-0.22175815384615383
-0.2705741538461538
-0.2795446153846154
-0.24992123076923078
-0.1856676923076923
-0.10493353846153847
-0.018358153846153843
0.05444861538461539
0.1070196923076923
0.14978584615384616
0.17419384615384614
0.1656406153846154
0.13121907692307694
0.07572738461538461
0.021070153846153846
-0.010013538461538461
-0.021070153846153846
-0.012516923076923077
-0.002086153846153846
0.006467076923076923
0.025033846153846153
0.04693846153846153
0.05444861538461539
0.040262769230769234
0.011265230769230769
-0.019609846153846155
-0.03504738461538461
-0.03045784615384615
-0.01981846153846154
-0.006467076923076923
0.016063384615384615
0.05048492307692308
0.10389046153846154
0.1506203076923077
0.16876984615384616
0.15270646153846154
0.10430769230769231
0.04965046153846154
-0.0077187692307692304
-0.06967753846153846
-0.12204
-0.16501476923076921
-0.1948467692307692
-0.19588984615384614
-0.16042523076923076
-0.09053907692307692
-0.0014603076923076922
0.09241661538461539
0.18316430769230768
0.260352
0.3133403076923077
0.32543999999999995
0.2858030769230769
0.20319138461538463
0.09909230769230769
-0.0018775384615384615
-0.0855323076923077
-0.15687876923076924
-0.20840676923076923
-0.23052
-0.21779446153846155
-0.16105107692307694
-0.07948246153846153
0.006049846153846154
0.07301538461538462
0.11745046153846153
0.14874276923076923
0.15208061538461537
0.10514215384615383
0.008344615384615384
-0.13893784615384613
-0.28768061538461537
-0.44268184615384615
-0.5286313846153846
-0.49003753846153847
-0.4015846153846154
-0.1792006153846154
0.05027630769230769
0.30562153846153844
0.5732750769230769
0.7464258461538461
0.8578264615384615
0.7964935384615384
0.6498369230769231
0.4082603076923077
0.13434830769230768
-0.10889723076923077
-0.34651015384615386
-0.5065181538461538
-0.6112430769230769
-0.5924676923076923
-0.46354338461538463
-0.2709913846153846
-0.024616615384615383
0.18983999999999998
0.3448412307692308
0.4368406153846153
0.42307199999999995
0.32377107692307694
0.173568
-0.04526953846153846
-0.24762646153846155
-0.40930338461538457
-0.5121507692307692
-0.4923323076923077
-0.3882332307692308
-0.2207150769230769
-0.04172307692307692
0.09554584615384615
0.1779489230769231
0.20652923076923077
0.16793538461538463
0.08991323076923076
-0.009387692307692307
-0.09658892307692307
-0.12934153846153845
-0.10994030769230768
-0.03233538461538461
0.06049846153846154
0.1422756923076923
0.17711446153846155
0.17377661538461536
0.1476996923076923
0.08636676923076922
0.02273907692307692
-0.052571076923076915
-0.14540492307692307
-0.22572184615384616
-0.2868461538461538
-0.30979384615384614
-0.28413415384615387
-0.21716861538461538
-0.11891076923076922
0.0035464615384615383
0.157296
0.3062473846153846
0.404088
0.4030449230769231
0.28663753846153844
0.11640738461538462
-0.1045163076923077
-0.33816553846153846
-0.5244590769230769
-0.6704898461538461
-0.7021993846153846
-0.609156923076923
-0.41431015384615383
-0.12662953846153846
0.157296
0.39762092307692304
0.5707716923076922
0.6348166153846153
0.6024812307692308
0.48941169230769227
0.30207507692307695
0.08094276923076923
-0.1397723076923077
-0.3243969230769231
-0.4307907692307692
-0.4453938461538462
-0.39011076923076926
-0.29581661538461534
-0.15291507692307693
0.03275261538461539
0.2422024615384615
0.4353803076923077
0.5465723076923077
0.5770301538461539
0.5134024615384616
0.3565236923076923
0.1710646153846154
-0.04088861538461538
-0.24908676923076922
-0.4030449230769231
-0.4837790769230769
-0.45311261538461534
-0.32627446153846157
-0.13852061538461538
0.07843938461538462
0.27704123076923076
0.4216116923076923
0.4921236923076923
0.4733483076923077
0.36340799999999995
0.19881046153846152
0.01814953846153846
-0.14978584615384616
-0.2697396923076923
-0.34233784615384616
-0.3604873846153846
-0.3039526153846154
-0.20277415384615383
-0.07468430769230769
0.05736923076923077
0.15750461538461538
0.20632061538461538
0.19547261538461536
0.14436184615384615
0.05820369230769231
-0.05319692307692307
-0.17565415384615385
-0.28017046153846153
-0.3425464615384616
-0.37091815384615384
-0.3475532307692307
-0.27871015384615383
-0.1910916923076923
-0.08949599999999999
0.021487384615384613
0.11995384615384615
0.19609846153846153
0.23239753846153846
0.20778092307692309
0.14978584615384616
0.06905169230769231
-0.021904615384615383
-0.09596307692307693
-0.16730953846153845
-0.21842030769230766
-0.21341353846153846
-0.15416676923076922
-0.04214030769230769
0.0892873846153846
0.20339999999999997
0.29101846153846156
0.3467187692307692
0.3746732307692308
0.3750904615384615
0.34358953846153845
0.2828824615384615
0.21716861538461538
0.17169046153846151
0.14853415384615384
0.14811692307692306
0.14311015384615386
0.11891076923076922
0.08824430769230769
0.050067692307692306
0.012099692307692308
-0.03337846153846154
-0.09658892307692307
-0.16292861538461537
-0.21132738461538458
-0.22113230769230768
-0.17252492307692308
-0.078648
0.02357353846153846
0.12662953846153846
0.22447015384615385
0.3156350769230769
0.39365723076923076
0.4351716923076923
0.4211944615384615
0.34880492307692307
0.23385784615384617
0.09700615384615385
-0.030875076923076922
-0.1476996923076923
-0.23490092307692306
-0.26786215384615386
-0.23677846153846152
-0.13768615384615385
0.006049846153846154
0.15771323076923077
0.28434276923076923
0.37926276923076924
0.42077723076923074
0.40742584615384614
0.32669169230769235
0.19025723076923076
0.02586830769230769
-0.15395815384615386
-0.30562153846153844
-0.412224
-0.4618744615384615
-0.45457292307692304
-0.38760738461538463
-0.2709913846153846
-0.12412615384615384
0.03921969230769231
0.18483323076923078
0.28476
0.32231076923076923
0.30019753846153846
0.22280123076923075
0.09971815384615385
-0.05862092307692307
-0.222384
-0.3508910769230769
-0.4318338461538461
-0.4395526153846154
-0.37300430769230764
-0.2647329230769231
-0.12204
0.024616615384615383
0.15291507692307693
0.24595753846153845
0.28392553846153845
0.27850153846153847
0.2330233846153846
0.15541846153846153
0.05653476923076922
-0.0448523076923077
-0.12767261538461538
-0.17690584615384616
-0.18232984615384615
-0.1476996923076923
-0.09095630769230768
-0.012099692307692308
0.06696553846153847
0.124752
0.17002153846153847
0.18086953846153844
0.15938215384615384
0.10764553846153846
0.03421292307692308
-0.03379569230769231
-0.08094276923076923
-0.09491999999999999
-0.08073415384615384
-0.04631261538461538
0.002086153846153846
0.058412307692307694
0.1178676923076923
0.16856123076923077
0.19735015384615384
0.19526400000000002
0.1612596923076923
0.11473846153846154
0.06446215384615385
0.019609846153846155
-0.013142769230769229
-0.03609046153846154
-0.037342153846153844
-0.023990769230769232
0.011473846153846154
0.056951999999999996
0.08949599999999999
0.10430769230769231
0.09241661538461539
0.06863446153846153
0.023364923076923075
-0.03275261538461539
-0.08991323076923076
-0.14936861538461538
-0.18149538461538461
-0.18921415384615384
-0.1656406153846154
-0.11327815384615383
-0.05069353846153846
0.020652923076923076
0.08949599999999999
0.14749107692307692
0.18107815384615383
0.1794092307692308
0.13852061538461538
0.07343261538461537
0.010013538461538461
-0.04318338461538461
-0.07927384615384615
-0.0961716923076923
-0.092208
-0.061124307692307686
-0.007510153846153846
0.05757784615384615
0.11870215384615385
0.15875630769230767
0.17648861538461538
0.16981292307692308
0.13768615384615385
0.09387692307692307
0.042348923076923076
-0.013142769230769229
-0.06362769230769232
-0.10013538461538461
-0.11640738461538462
-0.12120553846153845
-0.12204
-0.11411261538461538
-0.10514215384615383
-0.09679753846153846
-0.0855323076923077
-0.08240307692307691
-0.08115138461538463
-0.08386338461538462
-0.08866153846153846
-0.09179076923076923
-0.09137353846153846
-0.07468430769230769
-0.05194523076923077
-0.02232184615384615
0.018775384615384614
0.065088
0.10389046153846154
0.12725538461538463
0.13497415384615385
0.11891076923076922
0.08490646153846154
0.045895384615384616
0.0006258461538461538
-0.04714707692307692
-0.09012184615384615
-0.11891076923076922
-0.12287446153846153
-0.10013538461538461
-0.06133292307692308
-0.008136
0.047981538461538464
0.08782707692307692
0.11953661538461538
0.13518276923076925
0.13372246153846154
0.1097316923076923
0.06446215384615385
0.012934153846153845
-0.04193169230769231
-0.09053907692307692
-0.12621230769230768
-0.13434830769230768
-0.11202646153846153
-0.06800861538461538
-0.006258461538461538
0.06800861538461538
0.13789476923076924
0.18963138461538462
0.21487384615384614
0.2157083076923077
0.18650215384615382
0.130176
0.05319692307692307
-0.03713353846153846
-0.11974523076923077
-0.1927606153846154
-0.235944
-0.24199384615384617
-0.2127876923076923
-0.1543753846153846
-0.08198584615384615
0.0022947692307692304
0.07739630769230768
0.11348676923076922
0.11473846153846154
0.08887015384615385
0.04839876923076923
0.0018775384615384615
-0.054240000000000003
-0.1028473846153846
-0.14790830769230767
-0.18232984615384615
-0.20444307692307692
-0.2127876923076923
-0.20506892307692307
-0.1913003076923077
-0.16251138461538459
-0.12996738461538462
-0.08699261538461538
-0.03129230769230769
0.012934153846153845
0.051319384615384614
0.08177723076923075
0.10138707692307691
0.1207883076923077
0.12120553846153845
0.10326461538461539
0.07614461538461538
0.031918153846153846
-0.0033378461538461535
-0.03400430769230769
-0.05924676923076923
-0.073224
-0.086784
-0.07405846153846153
-0.05111076923076923
-0.028163076923076923
0.005841230769230769
0.042557538461538466
0.08949599999999999
0.13309661538461537
0.17231630769230769
0.20632061538461538
0.20944984615384615
0.18483323076923078
0.14874276923076923
0.09992676923076924
0.03400430769230769
-0.05090215384615384
-0.15249784615384615
-0.24011630769230768
-0.30749907692307693
-0.3319070769230769
-0.29456492307692306
-0.20652923076923077
-0.06926030769230769
0.084072
0.24428861538461538
0.3947003076923077
0.5106904615384615
0.5718147692307692
0.5482412307692307
0.46625538461538457
0.3346190769230769
0.1712732307692308
0.010222153846153844
-0.14957723076923077
-0.28204799999999997
-0.3619476923076923
-0.3717526153846154
-0.30708184615384615
-0.1881710769230769
-0.0448523076923077
0.11223507692307692
0.27182584615384614
0.40325353846153844
0.499008
0.5242504615384616
0.47126215384615383
0.3577753846153846
0.19359507692307693
0.01272553846153846
-0.18066092307692305
-0.36027876923076924
-0.4952529230769231
-0.5620098461538461
-0.5361415384615384
-0.4351716923076923
-0.2805876923076923
-0.12767261538461538
-0.016480615384615385
0.12099692307692309
0.24866953846153847
0.3510996923076923
0.44685415384615385
0.4585366153846154
0.4483144615384615
0.4291218461538462
0.3846867692307692
0.30895938461538464
0.1802436923076923
0.026702769230769228
-0.15667015384615385
-0.3206418461538461
-0.4080516923076923
-0.4848221538461538
-0.5273796923076923
-0.5061009230769231
-0.44998338461538456
-0.27850153846153847
-0.06529661538461538
0.18358153846153846
0.4036707692307692
0.523416
0.6172929230769231
0.5922590769230769
0.5227901538461539
0.36945784615384614
0.09116492307692307
-0.18712800000000002
-0.4906633846153846
-0.686136
-0.7635323076923076
-0.7727113846153846
-0.6531747692307692
-0.469176
-0.19735015384615384
0.11578153846153846
0.39699507692307695
0.6412836923076922
0.742044923076923
0.7355778461538461
0.6773741538461538
0.5340553846153846
0.36632861538461536
0.14394461538461537
-0.09679753846153846
-0.2985286153846154
-0.48857723076923076
-0.5837058461538461
-0.5924676923076923
-0.5524135384615385
-0.4478972307692307
-0.3016578461538461
-0.09867507692307692
0.12704676923076924
0.31000246153846156
0.4516523076923077
0.5129852307692307
0.504432
0.45749353846153845
0.3508910769230769
0.21091015384615383
0.033169846153846154
-0.13643446153846153
-0.2620209230769231
-0.3673716923076923
-0.4111809230769231
-0.42411507692307693
-0.4145187692307692
-0.34588430769230766
-0.24345415384615382
-0.0880356923076923
0.07760492307692309
0.2154996923076923
0.3425464615384616
0.4245323076923077
0.4704276923076923
0.45624184615384616
0.3775938461538461
0.2578486153846154
0.08386338461538462
-0.08135999999999999
-0.21341353846153846
-0.33253292307692306
-0.4072172307692307
-0.43663199999999996
-0.39407446153846154
-0.2862203076923077
-0.14832553846153845
0.04401784615384615
0.22780799999999998
0.3890676923076923
0.5240418461538462
0.5832886153846154
0.590172923076923
0.5138196923076923
0.3617390769230769
0.1787833846153846
-0.014394461538461538
-0.1794092307692308
-0.3202246153846154
-0.4216116923076923
-0.4508178461538461
-0.4090947692307692
-0.2868461538461538
-0.10660246153846153
0.09387692307692307
0.2920615384615385
0.4449766153846154
0.5461550769230769
0.5926763076923077
0.5682683076923077
0.49003753846153847
0.347136
0.16105107692307694
-0.027745846153846152
-0.19797599999999999
-0.32585723076923073
-0.42077723076923074
-0.47063630769230763
-0.4620830769230769
-0.39261415384615383
-0.2737033846153846
-0.12704676923076924
0.02023569230769231
0.1314276923076923
0.2073636923076923
0.2526332307692308
0.26076923076923075
0.2275993846153846
0.15604430769230768
0.05590892307692308
-0.051319384615384614
-0.14519630769230768
-0.21049292307692305
-0.2503384615384615
-0.26765353846153844
-0.2574313846153846
-0.22405292307692307
-0.1652233846153846
-0.10180430769230768
-0.04401784615384615
0.012934153846153845
0.06926030769230769
0.11390399999999999
0.13914646153846155
0.14832553846153845
0.13643446153846153
0.10368184615384615
0.04693846153846153
-0.011265230769230769
-0.06759138461538462
-0.12934153846153845
-0.1785747692307692
-0.20819815384615384
-0.2059033846153846
-0.18066092307692305
-0.1368516923076923
-0.06821723076923077
0.010848
0.09095630769230768
0.1656406153846154
0.222384
0.2482523076923077
0.23344061538461539
0.1846246153846154
0.11327815384615383
0.02586830769230769
-0.05674338461538461
-0.12662953846153846
-0.17231630769230769
-0.184416
-0.16772676923076923
-0.11432123076923076
-0.03024923076923077
0.07051199999999999
0.16730953846153845
0.24199384615384617
0.29727692307692305
0.32377107692307694
0.2995716923076923
0.22405292307692307
0.119328
0.0004172307692307692
-0.11870215384615385
-0.21842030769230766
-0.2872633846153846
-0.31855569230769226
-0.31062830769230765
-0.2643156923076923
-0.17899199999999998
-0.07030338461538461
0.04130584615384615
0.14164984615384615
0.22029784615384615
0.2591003076923077
0.24616615384615384
0.18921415384615384
0.09533723076923077
-0.016480615384615385
-0.12808984615384614
-0.22196676923076922
-0.2822566153846154
-0.30895938461538464
-0.29832
-0.2503384615384615
-0.16710092307692306
-0.05674338461538461
0.06487938461538462
0.16480615384615382
0.2290596923076923
0.25805723076923076
0.24992123076923078
0.21007569230769232
0.13393107692307693
0.031918153846153846
-0.08594953846153845
-0.19588984615384614
-0.268488
-0.30937661538461536
-0.3131316923076923
-0.29227015384615385
-0.2526332307692308
-0.17628
-0.08615815384615384
0.013560000000000001
0.10117846153846152
0.15228923076923076
0.1800350769230769
0.17085599999999998
0.1462393846153846
0.11390399999999999
0.06404492307692307
0.012099692307692308
-0.04860738461538461
-0.09930092307692308
-0.12683815384615382
-0.13309661538461537
-0.11286092307692308
-0.07948246153846153
-0.030040615384615384
0.026076923076923077
0.09199938461538461
0.1558356923076923
0.1883796923076923
0.20131384615384615
0.1940123076923077
0.18149538461538461
0.1656406153846154
0.13914646153846155
0.1136953846153846
0.078648
0.04860738461538461
0.03233538461538461
0.02044430769230769
0.007510153846153846
-0.007510153846153846
-0.010013538461538461
-0.004589538461538461
0.023990769230769232
0.05444861538461539
0.06842584615384616
0.07802215384615384
0.07635323076923077
0.07697907692307693
0.06738276923076922
0.051319384615384614
0.029623384615384614
-0.010639384615384617
-0.04193169230769231
-0.059664
-0.06487938461538462
-0.05382276923076923
-0.042974769230769226
-0.02211323076923077
0.012516923076923077
0.05236246153846154
0.0961716923076923
0.1178676923076923
0.11557292307692307
0.09950953846153845
0.06800861538461538
0.040054153846153843
0.010848
-0.02858030769230769
-0.06842584615384616
-0.0988836923076923
-0.10138707692307691
-0.07510153846153846
-0.033169846153846154
0.013142769230769229
0.055491692307692304
0.0892873846153846
0.11223507692307692
0.12099692307692309
0.10764553846153846
0.06362769230769232
0.0006258461538461538
-0.05048492307692308
-0.08511507692307693
-0.10096984615384616
-0.09763200000000001
-0.07280676923076923
-0.022530461538461537
0.04693846153846153
0.1353913846153846
0.21049292307692305
0.24866953846153847
0.25430215384615384
0.225096
0.1779489230769231
0.11494707692307692
0.03588184615384615
-0.042557538461538466
-0.12996738461538462
-0.19380369230769232
-0.22154953846153846
-0.22467876923076924
-0.18942276923076923
-0.13393107692307693
-0.05862092307692307
0.03150092307692308
0.11995384615384615
0.19588984615384614
0.22551323076923077
0.20778092307692309
0.1531236923076923
0.06926030769230769
-0.018983999999999997
-0.10994030769230768
-0.1990190769230769
-0.2695310769230769
-0.3114627692307692
-0.30249230769230767
-0.25200738461538463
-0.16710092307692306
-0.059038153846153844
0.044435076923076924
0.146448
0.23469230769230767
0.29748553846153847
0.31918153846153846
0.29915446153846154
0.24470584615384613
0.16501476923076921
0.07614461538461538
-0.01668923076923077
-0.10117846153846152
-0.16876984615384616
-0.1994363076923077
-0.1913003076923077
-0.14874276923076923
-0.08073415384615384
-0.0025033846153846152
0.07760492307692309
0.15228923076923076
0.21487384615384614
0.25659692307692306
0.26160369230769226
0.22530461538461538
0.16292861538461537
0.07885661538461539
-0.01710646153846154
-0.11223507692307692
-0.1910916923076923
-0.24700061538461537
-0.2712
-0.252216
-0.19213476923076922
-0.09992676923076924
-0.0070929230769230765
0.08219446153846154
0.16730953846153845
0.23364923076923078
0.2699483076923077
0.26786215384615386
0.23510953846153848
0.17628
0.10785415384615385
0.04714707692307692
-0.010222153846153844
-0.06070707692307692
-0.09053907692307692
-0.09512861538461538
-0.078648
-0.04693846153846153
-0.015646153846153844
0.0012516923076923076
0.011891076923076923
0.011265230769230769
0.008970461538461538
0.006675692307692307
-0.007510153846153846
-0.015020307692307692
-0.01272553846153846
0.006884307692307692
0.03504738461538461
0.06487938461538462
0.09512861538461538
0.10055261538461538
0.09763200000000001
0.08636676923076922
0.05653476923076922
0.015228923076923076
-0.0448523076923077
-0.10138707692307691
-0.14457046153846154
-0.16459753846153846
-0.14665661538461539
-0.11244369230769231
-0.06341907692307691
0.0014603076923076922
0.07697907692307693
0.15354092307692307
0.20715507692307691
0.22697353846153845
0.20298276923076922
0.13038461538461538
0.03379569230769231
-0.0717636923076923
-0.1777403076923077
-0.26640184615384616
-0.3310726153846154
-0.3483876923076923
-0.30854215384615385
-0.21883753846153844
-0.10201292307692307
0.006675692307692307
0.10618523076923077
0.18232984615384615
0.22697353846153845
0.24408
0.2056947692307692
0.12266584615384615
0.02211323076923077
-0.07593599999999999
-0.13935507692307691
-0.1710646153846154
-0.1693956923076923
-0.13852061538461538
-0.08574092307692306
-0.006049846153846154
0.08386338461538462
0.16689230769230767
0.2207150769230769
0.2399076923076923
0.2374043076923077
0.214248
0.1779489230769231
0.14144123076923076
0.09679753846153846
0.07113784615384615
0.047772923076923074
0.022947692307692308
0.015646153846153844
-0.018775384615384614
-0.058829538461538454
-0.12913292307692306
-0.19171753846153847
-0.21654276923076923
-0.1800350769230769
-0.08073415384615384
0.1028473846153846
0.32085046153846153
0.45457292307692304
0.659016
0.7937815384615384
0.872220923076923
0.8774363076923076
0.6871790769230769
0.44393353846153844
0.06884307692307692
-0.28392553846153845
-0.6362769230769231
-0.9907144615384615
-1.2283273846153846
-1.3900043076923077
-1.3038461538461537
-1.0439113846153847
-0.6306443076923076
-0.08469784615384615
0.42787015384615384
0.9429415384615384
1.3441089230769232
1.5498036923076923
1.5656584615384614
1.2955015384615383
0.842388923076923
0.2724516923076923
-0.39365723076923076
-0.9425243076923077
-1.3703944615384613
-1.6249052307692307
-1.6382566153846154
-1.4838812307692308
-1.1210990769230769
-0.6394061538461538
-0.07593599999999999
0.5134024615384616
0.9957212307692307
1.3395193846153846
1.4882621538461538
1.443409846153846
1.2135156923076922
0.7825163076923077
0.2532590769230769
-0.31104553846153843
-0.8359218461538461
-1.2072572307692309
-1.4482080000000002
-1.4991101538461538
-1.3530793846153846
-1.0856344615384614
-0.6867618461538461
-0.24324553846153843
0.1942209230769231
0.6143723076923077
0.9358486153846154
1.1571895384615385
1.2523181538461539
1.1853526153846154
0.9786147692307693
0.6431612307692307
0.2426196923076923
-0.1846246153846154
-0.5976830769230769
-0.9425243076923077
-1.182432
-1.2808984615384615
-1.2489803076923076
-1.073534769230769
-0.7366209230769231
-0.31855569230769226
0.15208061538461537
0.6304356923076923
1.0178344615384616
1.3005083076923076
1.4229655384615385
1.3854147692307692
1.1941144615384616
0.8494818461538461
0.42369784615384615
-0.053614153846153846
-0.5177833846153846
-0.9131095384615384
-1.1918196923076922
-1.2998824615384617
-1.2299963076923077
-0.9955126153846154
-0.6239686153846153
-0.15208061538461537
0.38030584615384616
0.8807741538461539
1.273596923076923
1.5256043076923076
1.5798443076923074
1.4502941538461538
1.1523913846153846
0.7117956923076924
0.214248
-0.30061476923076924
-0.7618633846153846
-1.0960652307692307
-1.2884086153846155
-1.3142769230769231
-1.169497846153846
-0.8849464615384616
-0.497964923076923
-0.05924676923076923
0.3682061538461538
0.728484923076923
0.9971815384615385
1.1409175384615384
1.1377883076923077
0.9867507692307691
0.6976098461538461
0.3275261538461538
-0.07739630769230768
-0.4660467692307692
-0.7798043076923077
-0.9957212307692307
-1.1079563076923076
-1.0996116923076922
-0.9635944615384615
-0.7307796923076922
-0.4287046153846154
-0.09408553846153846
0.23969907692307693
0.5371846153846154
0.7551876923076922
0.8799396923076923
0.8941255384615384
0.7914867692307692
0.5870436923076923
0.3243969230769231
0.05173661538461538
-0.22321846153846153
-0.46625538461538457
-0.6663175384615385
-0.8121396923076922
-0.8655452307692308
-0.8357132307692308
-0.7057458461538462
-0.5050578461538461
-0.28663753846153844
-0.048816000000000005
0.17419384615384614
0.37967999999999996
0.5555427692307692
0.6527575384615384
0.6675692307692307
0.6097827692307692
0.49337538461538455
0.33357600000000004
0.14144123076923076
-0.06863446153846153
-0.27182584615384614
-0.4416387692307692
-0.5511618461538461
-0.5876695384615385
-0.5494929230769231
-0.45040061538461534
-0.3141747692307692
-0.14123261538461537
0.04547815384615384
0.22968553846153844
0.39303138461538456
0.5067267692307692
0.5757784615384615
0.5864178461538462
0.5438603076923076
0.4620830769230769
0.34651015384615386
0.200688
0.03775938461538462
-0.11098338461538461
-0.22342707692307692
-0.29414769230769233
-0.3323243076923077
-0.3421292307692308
-0.32210215384615387
-0.26494153846153845
-0.17085599999999998
-0.04714707692307692
0.07572738461538461
0.16981292307692308
0.24741784615384615
0.30207507692307695
0.33816553846153846
0.34922215384615385
0.31083692307692307
0.24053353846153847
0.14832553846153845
0.05277969230769231
-0.03984553846153846
-0.13393107692307693
-0.21216184615384615
-0.26869661538461537
-0.28893230769230765
-0.27412061538461535
-0.22175815384615383
-0.14060676923076923
-0.06008123076923077
0.03337846153846154
0.14123261538461537
0.24908676923076922
0.3375396923076923
0.37967999999999996
0.3782196923076923
0.33587076923076925
0.2563883076923077
0.15500123076923078
0.028788923076923077
-0.10430769230769231
-0.22530461538461538
-0.33295015384615384
-0.39511753846153846
-0.4030449230769231
-0.36570276923076916
-0.28476
-0.17586276923076924
-0.03838523076923077
0.1178676923076923
0.2659846153846154
0.38990215384615384
0.46896738461538456
0.49024615384615383
0.45916246153846146
0.3826006153846154
0.2730775384615384
0.12913292307692306
-0.03400430769230769
-0.17502830769230768
-0.2837169230769231
-0.3467187692307692
-0.3590270769230769
-0.32627446153846157
-0.2497126153846154
-0.14185846153846154
-0.002086153846153846
0.14436184615384615
0.26765353846153844
0.3581926153846154
0.4090947692307692
0.4280787692307692
0.4115981538461538
0.360696
0.28100492307692304
0.1760713846153846
0.06195876923076923
-0.04318338461538461
-0.12537784615384615
-0.1779489230769231
-0.20632061538461538
-0.206112
-0.16981292307692308
-0.10660246153846153
-0.016480615384615385
0.08302892307692307
0.16480615384615382
0.21862892307692305
0.2415766153846154
0.2424110769230769
0.22134092307692307
0.1704387692307692
0.09429415384615383
-0.0008344615384615384
-0.09429415384615383
-0.17023015384615386
-0.22780799999999998
-0.2509643076923077
-0.25513661538461535
-0.23886461538461537
-0.18483323076923078
-0.11640738461538462
-0.042974769230769226
0.015437538461538461
0.05444861538461539
0.07593599999999999
0.06675692307692307
0.03755076923076923
-0.013768615384615384
-0.0880356923076923
-0.15938215384615384
-0.21529107692307692
-0.24658338461538462
-0.24741784615384615
-0.2290596923076923
-0.18358153846153846
-0.12391753846153845
-0.053614153846153846
0.023990769230769232
0.08469784615384615
0.13706030769230768
0.16021661538461537
0.15228923076923076
0.13622584615384614
0.10263876923076923
0.05820369230769231
0.005424
-0.04109723076923077
-0.06946892307692307
-0.08323753846153846
-0.07572738461538461
-0.06070707692307692
-0.04380923076923077
-0.018983999999999997
0.02232184615384615
0.0717636923076923
0.1178676923076923
0.15500123076923078
0.17002153846153847
0.16271999999999998
0.13455692307692307
0.09241661538461539
0.03880246153846154
-0.026285538461538457
-0.1045163076923077
-0.16501476923076921
-0.20173107692307693
-0.225096
-0.21466523076923077
-0.18212123076923076
-0.12579507692307693
-0.04214030769230769
0.05298830769230769
0.15354092307692307
0.24428861538461538
0.30061476923076924
0.3225193846153846
0.309168
0.260352
0.18879692307692306
0.08323753846153846
-0.02753723076923077
-0.12913292307692306
-0.206112
-0.23239753846153846
-0.22342707692307692
-0.16584923076923075
-0.06988615384615385
0.05507446153846154
0.20652923076923077
0.34776184615384614
0.4645864615384615
0.5303003076923076
0.5455292307692308
0.5190350769230769
0.4351716923076923
0.3045784615384615
0.13998092307692306
-0.02899753846153846
-0.18170399999999998
-0.31041969230769234
-0.3961606153846154
-0.42953907692307686
-0.4145187692307692
-0.3571495384615384
-0.25346769230769234
-0.12099692307692309
0.017940923076923077
0.14144123076923076
0.23677846153846152
0.30436984615384616
0.3275261538461538
0.2989458461538462
0.22113230769230768
0.0961716923076923
-0.05403138461538461
-0.20110523076923076
-0.31542646153846154
-0.38698153846153843
-0.409512
-0.385104
-0.32898646153846156
-0.24053353846153847
-0.14311015384615386
-0.051319384615384614
0.02315630769230769
0.06863446153846153
0.100344
0.12266584615384615
0.13309661538461537
0.13038461538461538
0.10430769230769231
0.06300184615384616
0.01981846153846154
-0.013142769230769229
-0.03212676923076923
-0.06216738461538462
-0.09012184615384615
-0.11452984615384615
-0.127464
-0.11557292307692307
-0.09283384615384616
-0.05820369230769231
-0.02586830769230769
0.006884307692307692
0.043600615384615383
0.07405846153846153
0.08949599999999999
0.08448923076923077
0.06800861538461538
0.052153846153846155
0.04401784615384615
0.031918153846153846
-0.0022947692307692304
-0.06195876923076923
-0.13038461538461538
-0.19192615384615386
-0.23761292307692305
-0.26118646153846153
-0.27474646153846155
-0.28350830769230767
-0.2780843076923077
-0.2426196923076923
-0.16605784615384614
-0.07280676923076923
0.027120000000000002
0.11327815384615383
0.1777403076923077
0.23218892307692307
0.254928
0.2492953846153846
0.200688
0.11432123076923076
0.023364923076923075
-0.06258461538461538
-0.12433476923076923
-0.16188553846153847
-0.1794092307692308
-0.16271999999999998
-0.10576799999999999
-0.02023569230769231
0.08782707692307692
0.18483323076923078
0.25701415384615384
0.29331323076923077
0.3049956923076923
0.31062830769230765
0.2837169230769231
0.24303692307692307
0.18170399999999998
0.11077476923076923
0.04902461538461538
-0.011056615384615385
-0.05674338461538461
-0.10117846153846152
-0.13622584615384614
-0.1397723076923077
-0.12350030769230769
-0.08636676923076922
-0.04401784615384615
-0.03400430769230769
-0.02023569230769231
0.003129230769230769
0.03024923076923077
0.08115138461538463
0.09846646153846153
0.1097316923076923
0.1205796923076923
0.15145476923076923
0.1942209230769231
0.2355267692307692
0.2803790769230769
0.165432
0.06070707692307692
-0.04944184615384615
-0.1785747692307692
-0.233232
-0.3848953846153846
-0.4405956923076923
-0.45749353846153845
-0.3886504615384615
-0.1570873846153846
0.029414769230769227
0.25138153846153843
0.3811403076923077
0.4756430769230769
0.577656
0.5643046153846153
0.5140283076923077
0.2807963076923077
-0.010222153846153844
-0.2453316923076923
-0.4781464615384615
-0.5490756923076923
-0.580368
-0.5484498461538461
-0.384060923076923
-0.24178523076923078
0.02023569230769231
0.28851507692307693
0.43704923076923075
0.5622184615384616
0.5280055384615384
0.4483144615384615
0.32982092307692307
0.12245723076923076
-0.02086153846153846
-0.19046584615384615
-0.3442153846153846
-0.4109723076923077
-0.4188996923076923
-0.32627446153846157
-0.23677846153846152
-0.14331876923076922
-0.019192615384615384
0.06446215384615385
0.17481969230769231
0.238656
0.23469230769230767
0.21862892307692305
0.1422756923076923
0.09679753846153846
0.06967753846153846
0.016272
0.009596307692307692
-0.02482523076923077
-0.058829538461538454
-0.022947692307692308
-0.0043809230769230765
0.01272553846153846
-0.0035464615384615383
-0.040262769230769234
-0.049233230769230765
-0.07343261538461537
-0.07384984615384615
-0.06446215384615385
-0.027120000000000002
0.03337846153846154
0.08302892307692307
0.17899199999999998
0.24720923076923076
0.276624
0.2914356923076923
0.23656984615384613
0.1733593846153846
0.06946892307692307
-0.06028984615384615
-0.14519630769230768
-0.24282830769230768
-0.287472
-0.25471938461538457
-0.20339999999999997
-0.10639384615384614
0.00855323076923077
0.13872923076923074
0.27620676923076926
0.3615304615384615
0.39928984615384616
0.37029230769230764
0.2989458461538462
0.20339999999999997
0.07134646153846153
-0.043392
-0.15875630769230767
-0.2563883076923077
-0.27474646153846155
-0.25805723076923076
-0.1710646153846154
-0.04380923076923077
0.06362769230769232
0.19609846153846153
0.27599815384615384
0.31667815384615383
0.33962584615384617
0.28392553846153845
0.19609846153846153
0.07697907692307693
-0.05757784615384615
-0.16689230769230767
-0.24512307692307692
-0.27328615384615385
-0.2655673846153846
-0.20944984615384615
-0.10827138461538462
0.0050067692307692304
0.1207883076923077
0.19860184615384616
0.241368
0.24282830769230768
0.17231630769230769
0.07948246153846153
-0.020652923076923076
-0.13372246153846154
-0.23239753846153846
-0.30854215384615385
-0.3375396923076923
-0.306456
-0.2436627692307692
-0.14749107692307692
-0.023364923076923075
0.08302892307692307
0.17315076923076922
0.2330233846153846
0.25701415384615384
0.2497126153846154
0.19693292307692306
0.12370892307692308
0.03108369230769231
-0.052153846153846155
-0.10910584615384614
-0.15145476923076923
-0.14102399999999998
-0.111192
-0.06675692307692307
-0.004589538461538461
0.05236246153846154
0.12704676923076924
0.16584923076923075
0.16230276923076925
0.15562707692307692
0.12162276923076921
0.086784
0.05716061538461538
0.024408000000000003
0.005424
-0.02586830769230769
-0.04422646153846154
-0.046104
-0.05444861538461539
-0.048816000000000005
-0.04631261538461538
-0.043392
-0.029623384615384614
-0.019192615384615384
-0.009804923076923077
-0.0016689230769230767
0.011473846153846154
0.03379569230769231
0.06592246153846154
0.1178676923076923
0.17461107692307692
0.20986707692307693
0.22321846153846153
0.21862892307692305
0.1990190769230769
0.16292861538461537
0.09846646153846153
0.029414769230769227
-0.04860738461538461
-0.13038461538461538
-0.17732307692307692
-0.1785747692307692
-0.1356
-0.07635323076923077
0.003129230769230769
0.09679753846153846
0.18316430769230768
0.249504
0.2737033846153846
0.26306399999999996
0.2138307692307692
0.11891076923076922
0.008136
-0.10952307692307692
-0.2275993846153846
-0.3248141538461538
-0.3947003076923077
-0.41305846153846154
-0.3786369230769231
-0.3039526153846154
-0.2008966153846154
-0.08949599999999999
0.02545107692307692
0.14102399999999998
0.23385784615384617
0.28267384615384616
0.27787569230769227
0.21195323076923075
0.10389046153846154
-0.022530461538461537
-0.14436184615384615
-0.24449723076923074
-0.31542646153846154
-0.34943076923076927
-0.3421292307692308
-0.28121353846153846
-0.17711446153846155
-0.06487938461538462
0.040054153846153843
0.11140061538461538
0.157296
0.1873366153846154
0.18399876923076922
0.1585476923076923
0.10514215384615383
0.03755076923076923
-0.018358153846153843
-0.05778646153846154
-0.0717636923076923
-0.073224
-0.07197230769230768
-0.06070707692307692
-0.04568676923076923
-0.021696
0.0016689230769230767
0.004798153846153846
0.011056615384615385
0.017315076923076923
0.028371692307692306
0.04902461538461538
0.05528307692307692
0.06946892307692307
0.08344615384615384
0.10117846153846152
0.132888
0.15813046153846153
0.17398523076923075
0.16334584615384617
0.13038461538461538
0.09033046153846153
0.042974769230769226
-0.0035464615384615383
-0.04714707692307692
-0.09825784615384614
-0.13622584615384614
-0.13747753846153846
-0.09950953846153845
-0.031918153846153846
0.03379569230769231
0.0880356923076923
0.13372246153846154
0.16793538461538463
0.19004861538461537
0.173568
0.11494707692307692
0.02273907692307692
-0.08386338461538462
-0.1693956923076923
-0.23344061538461539
-0.2730775384615384
-0.28893230769230765
-0.27453784615384613
-0.21925476923076925
-0.12600369230769232
-0.015020307692307692
0.08636676923076922
0.16105107692307694
0.20047938461538461
0.22008923076923076
0.21633415384615384
0.1846246153846154
0.12350030769230769
0.04172307692307692
-0.04088861538461538
-0.1097316923076923
-0.1489513846153846
-0.1721076923076923
-0.17690584615384616
-0.1718990769230769
-0.1489513846153846
-0.09304246153846155
-0.023990769230769232
0.05090215384615384
0.10159569230769232
0.12037107692307693
0.11870215384615385
0.11223507692307692
0.09721476923076922
0.05090215384615384
-0.021070153846153846
-0.10180430769230768
-0.1612596923076923
-0.18900553846153845
-0.1829556923076923
-0.15520984615384617
-0.111192
-0.04130584615384615
0.05236246153846154
0.15187199999999998
0.2357353846153846
0.2897667692307692
0.2962338461538461
0.2628553846153846
0.1990190769230769
0.11891076923076922
0.02858030769230769
-0.07343261538461537
-0.16084246153846155
-0.21466523076923077
-0.22342707692307692
-0.19067446153846154
-0.13226215384615383
-0.05820369230769231
0.019609846153846155
0.10347323076923076
0.1927606153846154
0.2695310769230769
0.3137575384615385
0.3143833846153846
0.2705741538461538
0.1910916923076923
0.09679753846153846
-0.013142769230769229
-0.13205353846153844
-0.23469230769230767
-0.30144923076923075
-0.30895938461538464
-0.2774584615384615
-0.21237046153846154
-0.12808984615384614
-0.03838523076923077
0.06550523076923077
0.15959076923076923
0.23469230769230767
0.2724516923076923
0.26494153846153845
0.22676492307692306
0.1666836923076923
0.09721476923076922
0.026702769230769228
-0.04547815384615384
-0.10222153846153846
-0.1435273846153846
-0.16584923076923075
-0.157296
-0.13518276923076925
-0.09784061538461537
-0.05319692307692307
0.0002086153846153846
0.06341907692307691
0.12350030769230769
0.17690584615384616
0.20027076923076922
0.20277415384615383
0.19046584615384615
0.15667015384615385
0.10159569230769232
0.015854769230769228
-0.07802215384615384
-0.16063384615384615
-0.21862892307692305
-0.23928184615384615
-0.23531815384615382
-0.20486030769230767
-0.138312
-0.042974769230769226
0.08052553846153847
0.2059033846153846
0.314592
0.3957433846153846
0.43934399999999996
0.45749353846153845
0.43433723076923075
0.37196123076923077
0.2647329230769231
0.13205353846153844
0.010848
-0.09596307692307693
-0.17419384615384614
-0.21612553846153845
-0.2157083076923077
-0.18191261538461537
-0.11077476923076923
0.0025033846153846152
0.12245723076923076
0.22008923076923076
0.2789187692307692
0.2939390769230769
0.26911384615384615
0.20131384615384615
0.09095630769230768
-0.04902461538461538
-0.1927606153846154
-0.31626092307692305
-0.39511753846153846
-0.4220289230769231
-0.4017932307692308
-0.34338092307692303
-0.25993476923076925
-0.14936861538461538
-0.025033846153846153
0.08907876923076924
0.17252492307692308
0.20694646153846152
0.2021483076923077
0.18170399999999998
0.15416676923076922
0.10618523076923077
0.03838523076923077
-0.023990769230769232
-0.07614461538461538
-0.11432123076923076
-0.12433476923076923
-0.11035753846153845
-0.07969107692307692
-0.04088861538461538
0.015646153846153844
0.08240307692307691
0.1368516923076923
0.16480615384615382
0.15291507692307693
0.11432123076923076
0.06258461538461538
0.013351384615384614
-0.023990769230769232
-0.06049846153846154
-0.1028473846153846
-0.1314276923076923
-0.12767261538461538
-0.10493353846153847
-0.06279323076923077
-0.01668923076923077
0.016063384615384615
0.03942830769230769
0.05570030769230769
0.07572738461538461
0.07030338461538461
0.03755076923076923
-0.011473846153846154
-0.073224
-0.14144123076923076
-0.18879692307692306
-0.15249784615384615
-0.07468430769230769
0.04839876923076923
0.2021483076923077
0.3604873846153846
0.5411483076923076
0.6506713846153847
0.6965667692307692
0.625428923076923
0.4606227692307692
0.2578486153846154
0.023782153846153845
-0.16021661538461537
-0.3957433846153846
-0.5553341538461538
-0.6258461538461538
-0.6239686153846153
-0.4752258461538461
-0.32731753846153844
-0.12913292307692306
0.051528
0.19568123076923075
0.32836061538461536
0.3392086153846154
0.29101846153846156
0.16000799999999998
-0.016480615384615385
-0.16459753846153846
-0.32210215384615387
-0.40387938461538464
-0.4418473846153846
-0.41389292307692305
-0.28392553846153845
-0.15291507692307693
0.0018775384615384615
0.1097316923076923
0.16876984615384616
0.21237046153846154
0.16084246153846155
0.09950953846153845
0.037967999999999995
-0.027328615384615382
-0.03024923076923077
-0.022530461538461537
0.00855323076923077
0.045895384615384616
0.061124307692307686
0.07551876923076924
0.04380923076923077
-0.02232184615384615
-0.09554584615384615
-0.17085599999999998
-0.2261390769230769
-0.28434276923076923
-0.32543999999999995
-0.3304467692307692
-0.30666461538461537
-0.23010276923076922
-0.13872923076923074
-0.03692492307692308
0.09116492307692307
0.21028430769230766
0.32606584615384615
0.3961606153846154
0.37008369230769234
0.2912270769230769
0.15562707692307692
-0.010013538461538461
-0.15687876923076924
-0.28893230769230765
-0.35256
-0.344424
-0.25951753846153847
-0.10368184615384615
0.06654830769230768
0.2371956923076923
0.38656430769230765
0.49379261538461533
0.5227901538461539
0.4785636923076923
0.39407446153846154
0.2620209230769231
0.11745046153846153
-0.02023569230769231
-0.1422756923076923
-0.21195323076923075
-0.24887815384615386
-0.249504
-0.20298276923076922
-0.130176
-0.028788923076923077
0.08866153846153846
0.18629353846153843
0.23969907692307693
0.24679199999999998
0.22280123076923075
0.1787833846153846
0.10535076923076922
0.011473846153846154
-0.07885661538461539
-0.13455692307692307
-0.14039815384615384
-0.11432123076923076
-0.04172307692307692
0.04944184615384615
0.13518276923076925
0.22280123076923075
0.26640184615384616
0.25930892307692305
0.19338646153846153
0.07426707692307692
-0.042348923076923076
-0.15813046153846153
-0.2497126153846154
-0.29352184615384613
-0.3039526153846154
-0.260352
-0.17315076923076922
-0.051528
0.073224
0.17419384615384614
0.24345415384615382
0.2540935384615385
0.21487384615384614
0.12642092307692307
0.0077187692307692304
-0.10597661538461538
-0.21320492307692307
-0.29602523076923076
-0.328152
-0.32335384615384616
-0.26911384615384615
-0.16710092307692306
-0.040262769230769234
0.10180430769230768
0.22780799999999998
0.3321156923076923
0.3924055384615385
0.3780110769230769
0.30708184615384615
0.19964492307692308
0.07969107692307692
-0.028788923076923077
-0.13393107692307693
-0.21091015384615383
-0.24762646153846155
-0.23782153846153845
-0.16292861538461537
-0.07343261538461537
0.016480615384615385
0.0936683076923077
0.1435273846153846
0.1867107692307692
0.19296923076923078
0.16501476923076921
0.11536430769230768
0.04756430769230769
-0.0014603076923076922
-0.02753723076923077
-0.03421292307692308
-0.015437538461538461
0.006675692307692307
0.03609046153846154
0.06571384615384615
0.08094276923076923
0.08657538461538461
0.06717415384615384
0.03024923076923077
-0.02273907692307692
-0.07551876923076924
-0.09471138461538461
-0.09158215384615384
-0.06216738461538462
-0.008970461538461538
0.054657230769230764
0.14457046153846154
0.2422024615384615
0.32898646153846156
0.385104
0.3844781538461538
0.3508910769230769
0.28163076923076924
0.1760713846153846
0.05319692307692307
-0.08574092307692306
-0.21508246153846153
-0.30374399999999996
-0.3229366153846154
-0.28392553846153845
-0.21091015384615383
-0.10618523076923077
0.009179076923076922
0.1368516923076923
0.24595753846153845
0.30207507692307695
0.31229723076923077
0.2659846153846154
0.18170399999999998
0.08156861538461539
-0.027745846153846152
-0.11014892307692307
-0.17252492307692308
-0.21320492307692307
-0.20632061538461538
-0.16730953846153845
-0.09283384615384616
-0.006049846153846154
0.06675692307692307
0.12370892307692308
0.14978584615384616
0.15875630769230767
0.14707384615384617
0.10389046153846154
0.04130584615384615
-0.037342153846153844
-0.09846646153846153
-0.12850707692307692
-0.14811692307692306
-0.15103753846153847
-0.14164984615384615
-0.12245723076923076
-0.09533723076923077
-0.06300184615384616
-0.029414769230769227
-0.021904615384615383
-0.047981538461538464
-0.08073415384615384
-0.10535076923076922
-0.12516923076923075
-0.14123261538461537
-0.14436184615384615
-0.1218313846153846
-0.07426707692307692
-0.003963692307692307
0.07301538461538462
0.14269292307692305
0.19755876923076923
0.2157083076923077
0.2073636923076923
0.17815753846153848
0.12412615384615384
0.059664
-0.01043076923076923
-0.06154153846153846
-0.08574092307692306
-0.08782707692307692
-0.06738276923076922
-0.040262769230769234
-0.009179076923076922
0.03045784615384615
0.07343261538461537
0.11432123076923076
0.13518276923076925
0.12767261538461538
0.10576799999999999
0.07468430769230769
0.05611753846153846
0.040262769230769234
0.013768615384615384
-0.010848
-0.03504738461538461
-0.046104
-0.055491692307692304
-0.07259815384615384
-0.09241661538461539
-0.12141415384615384
-0.138312
-0.1353913846153846
-0.11077476923076923
-0.06195876923076923
-0.021696
0.020652923076923076
0.07426707692307692
0.12329169230769231
0.1656406153846154
0.18149538461538461
0.17169046153846151
0.1449876923076923
0.10368184615384615
0.061124307692307686
0.012308307692307691
-0.047772923076923074
-0.1097316923076923
-0.16626646153846153
-0.1990190769230769
-0.20506892307692307
-0.1992276923076923
-0.18066092307692305
-0.14853415384615384
-0.10159569230769232
-0.042974769230769226
0.014603076923076923
0.06404492307692307
0.09304246153846155
0.09471138461538461
0.07635323076923077
0.044435076923076924
-0.0012516923076923076
-0.06362769230769232
-0.1356
-0.1992276923076923
-0.23761292307692305
-0.2422024615384615
-0.2154996923076923
-0.17398523076923075
-0.11494707692307692
-0.040054153846153843
0.04672984615384615
0.124752
0.16710092307692306
0.17815753846153848
0.15896492307692306
0.13309661538461537
0.10722830769230769
0.08240307692307691
0.053614153846153846
0.02023569230769231
-0.004589538461538461
-0.016897846153846156
-0.011056615384615385
0.0025033846153846152
0.016063384615384615
0.015646153846153844
0.002086153846153846
-0.0029206153846153843
0.00855323076923077
0.02586830769230769
0.03629907692307692
0.04568676923076923
0.06404492307692307
0.09429415384615383
0.13872923076923074
0.18107815384615383
0.20006215384615383
0.20110523076923076
0.19192615384615386
0.17899199999999998
0.15646153846153846
0.10931446153846153
0.046104
-0.01272553846153846
-0.055491692307692304
-0.07155507692307693
-0.06654830769230768
-0.051528
-0.015020307692307692
0.03379569230769231
0.09241661538461539
0.16188553846153847
0.20965846153846154
0.22426153846153846
0.20632061538461538
0.15187199999999998
0.08845292307692308
0.015646153846153844
-0.078648
-0.17586276923076924
-0.26222953846153846
-0.3081249230769231
-0.30979384615384614
-0.27975323076923075
-0.22029784615384615
-0.15103753846153847
-0.07238953846153846
0.004798153846153846
0.07405846153846153
0.11870215384615385
0.11640738461538462
0.08428061538461538
0.03838523076923077
-0.008136
-0.05277969230769231
-0.09575446153846154
-0.13643446153846153
-0.15646153846153846
-0.1489513846153846
-0.11953661538461538
-0.07259815384615384
-0.031918153846153846
-0.0004172307692307692
0.02795446153846154
0.04631261538461538
0.06133292307692308
0.06467076923076923
0.05173661538461538
0.04401784615384615
0.03859384615384615
0.031918153846153846
0.02899753846153846
0.027745846153846152
0.011056615384615385
-0.006467076923076923
-0.015228923076923076
-0.018983999999999997
-0.007927384615384614
-0.005632615384615384
-0.0014603076923076922
0.008344615384615384
0.016897846153846156
0.03880246153846154
0.05277969230769231
0.052571076923076915
0.04860738461538461
0.04839876923076923
0.059664
0.07572738461538461
0.08386338461538462
0.07510153846153846
0.05528307692307692
0.025033846153846153
-0.005215384615384615
-0.028163076923076923
-0.05528307692307692
-0.08511507692307693
-0.0961716923076923
-0.07364123076923076
-0.025033846153846153
0.03233538461538461
0.07113784615384615
0.092208
0.0936683076923077
0.07927384615384615
0.05611753846153846
0.016272
-0.03921969230769231
-0.09721476923076922
-0.13205353846153844
-0.14185846153846154
-0.11953661538461538
-0.0744756923076923
-0.02545107692307692
0.032544
0.0961716923076923
0.15374953846153847
0.1908830769230769
0.19359507692307693
0.1635544615384615
0.11953661538461538
0.05736923076923077
-0.005215384615384615
-0.058829538461538454
-0.11286092307692308
-0.1422756923076923
-0.15249784615384615
-0.13309661538461537
-0.07802215384615384
-0.005215384615384615
0.07802215384615384
0.15166338461538462
0.21091015384615383
0.25367630769230765
0.2782929230769231
0.26869661538461537
0.22697353846153845
0.1635544615384615
0.0828203076923077
-0.005841230769230769
-0.09304246153846155
-0.17544553846153846
-0.2492953846153846
-0.25972615384615383
-0.22989415384615383
-0.1666836923076923
-0.08448923076923077
0.0016689230769230767
0.10263876923076923
0.19818461538461538
0.2899753846153846
0.35256
0.45686769230769225
0.4111809230769231
0.2853858461538461
0.21132738461538458
0.03880246153846154
-0.034630153846153845
-0.14749107692307692
-0.3116713846153846
-0.4220289230769231
-0.5052664615384616
-0.38426953846153844
-0.21612553846153845
-0.05298830769230769
0.09304246153846155
0.18858830769230767
0.3615304615384615
0.5021372307692308
0.5972658461538461
0.5507446153846154
0.33023815384615385
0.14311015384615386
-0.047772923076923074
-0.17315076923076922
-0.2497126153846154
-0.38531261538461536
-0.4115981538461538
-0.412224
-0.3517255384615385
-0.1395636923076923
-0.006884307692307692
0.13768615384615385
0.268488
0.314592
0.37947138461538454
0.3671630769230769
0.3419206153846154
0.30583015384615386
0.1802436923076923
0.054240000000000003
-0.06195876923076923
-0.12516923076923075
-0.14665661538461539
-0.19150892307692308
-0.22008923076923076
-0.2557624615384615
-0.23615261538461538
-0.14582215384615385
-0.08720123076923077
-0.027120000000000002
0.015437538461538461
0.0446436923076923
0.1314276923076923
0.17690584615384616
0.19338646153846153
0.19588984615384614
0.12788123076923075
0.10430769230769231
0.073224
-0.003755076923076923
-0.07885661538461539
-0.18483323076923078
-0.25847446153846154
-0.2916443076923077
-0.29080984615384614
-0.24616615384615384
-0.15813046153846153
-0.02211323076923077
0.10535076923076922
0.25430215384615384
0.3988726153846154
0.4779378461538461
0.5350984615384615
0.513611076923077
0.42348923076923073
0.3087507692307692
0.15103753846153847
0.016063384615384615
-0.11724184615384614
-0.24449723076923074
-0.2891409230769231
-0.28768061538461537
-0.2426196923076923
-0.16793538461538463
-0.09658892307692307
0.012516923076923077
0.12662953846153846
0.20465169230769228
0.22989415384615383
0.20423446153846153
0.1775316923076923
0.12579507692307693
0.06133292307692308
-0.022947692307692308
-0.15792184615384616
-0.24846092307692308
-0.29644246153846154
-0.31646953846153847
-0.2837169230769231
-0.24512307692307692
-0.18086953846153844
-0.09471138461538461
-0.030040615384615384
0.04547815384615384
0.0961716923076923
0.10848000000000001
0.11223507692307692
0.09491999999999999
0.06821723076923077
0.041514461538461535
0.025033846153846153
0.013351384615384614
0.0002086153846153846
-0.010013538461538461
-0.02899753846153846
-0.042974769230769226
-0.05069353846153846
-0.06383630769230769
-0.059664
-0.058412307692307694
-0.05236246153846154
-0.006258461538461538
0.03024923076923077
0.059038153846153844
0.08448923076923077
0.08448923076923077
0.09930092307692308
0.11536430769230768
0.10952307692307692
0.08866153846153846
0.03379569230769231
-0.02795446153846154
-0.0826116923076923
-0.14665661538461539
-0.20965846153846154
-0.265776
-0.2995716923076923
-0.306456
-0.27704123076923076
-0.2073636923076923
-0.12391753846153845
-0.02315630769230769
0.07551876923076924
0.13706030769230768
0.1783661538461538
0.19067446153846154
0.1783661538461538
0.15520984615384617
0.0828203076923077
-0.011265230769230769
-0.10076123076923077
-0.17377661538461536
-0.19881046153846152
-0.200688
-0.19192615384615386
-0.17544553846153846
-0.143736
-0.07927384615384615
-0.0006258461538461538
0.07343261538461537
0.12350030769230769
0.15208061538461537
0.1639716923076923
0.1543753846153846
0.14039815384615384
0.11223507692307692
0.07677046153846154
0.042557538461538466
0.003129230769230769
-0.013560000000000001
-0.002712
0.013351384615384614
0.026076923076923077
0.03233538461538461
0.03650769230769231
0.05757784615384615
0.09137353846153846
0.11953661538461538
0.12204
0.09179076923076923
0.06613107692307692
0.061750153846153844
0.07009476923076922
0.07051199999999999
0.04735569230769231
0.02273907692307692
0.0016689230769230767
-0.0070929230769230765
-0.005424
-0.016063384615384615
-0.03984553846153846
-0.07697907692307693
-0.1070196923076923
-0.11035753846153845
-0.10639384615384614
-0.092208
-0.07030338461538461
-0.0448523076923077
-0.0008344615384615384
0.05194523076923077
0.0934596923076923
0.10806276923076923
0.09429415384615383
0.06008123076923077
0.024199384615384616
-0.0077187692307692304
-0.03880246153846154
-0.06717415384615384
-0.09053907692307692
-0.09199938461538461
-0.06446215384615385
-0.011473846153846154
0.05277969230769231
0.10722830769230769
0.1358086153846154
0.15291507692307693
0.1775316923076923
0.19171753846153847
0.18545907692307692
0.14707384615384617
0.08073415384615384
0.0077187692307692304
-0.05236246153846154
-0.09909230769230769
-0.14540492307692307
-0.1869193846153846
-0.20778092307692309
-0.18232984615384615
-0.12955015384615384
-0.06759138461538462
-0.007301538461538462
0.028163076923076923
0.04902461538461538
0.05924676923076923
0.05674338461538461
0.03400430769230769
-0.015646153846153844
-0.07259815384615384
-0.11745046153846153
-0.13080184615384613
-0.11160923076923077
-0.08115138461538463
-0.04693846153846153
-0.008136
0.03609046153846154
0.09450276923076922
0.14436184615384615
0.1760713846153846
0.18274707692307693
0.1597993846153846
0.14519630769230768
0.12496061538461539
0.10576799999999999
0.0936683076923077
0.06613107692307692
0.059872615384615385
0.06487938461538462
0.0826116923076923
0.10347323076923076
0.09053907692307692
0.06884307692307692
0.052153846153846155
0.05173661538461538
0.06717415384615384
0.07781353846153846
0.07405846153846153
0.06467076923076923
0.054657230769230764
0.05799507692307692
0.06425353846153846
0.05090215384615384
0.026702769230769228
-0.009804923076923077
-0.033169846153846154
-0.038176615384615385
-0.04109723076923077
-0.04109723076923077
-0.054240000000000003
-0.06300184615384616
-0.05382276923076923
-0.03275261538461539
-0.0043809230769230765
0.014185846153846153
0.02357353846153846
0.037342153846153844
0.058412307692307694
0.07280676923076923
0.06800861538461538
0.040679999999999994
-0.0043809230769230765
-0.05528307692307692
-0.10117846153846152
-0.13706030769230768
-0.16209415384615386
-0.1693956923076923
-0.15333230769230768
-0.10514215384615383
-0.031709538461538456
0.04819015384615385
0.12662953846153846
0.1881710769230769
0.21716861538461538
0.222384
0.19338646153846153
0.13393107692307693
0.05298830769230769
-0.03629907692307692
-0.11327815384615383
-0.1718990769230769
-0.192552
-0.1869193846153846
-0.15103753846153847
-0.09283384615384616
-0.02899753846153846
0.054657230769230764
0.13455692307692307
0.2021483076923077
0.2453316923076923
0.2557624615384615
0.25346769230769234
0.2342750769230769
0.19150892307692308
0.12162276923076921
0.03880246153846154
-0.041514461538461535
-0.10994030769230768
-0.16042523076923076
-0.20339999999999997
-0.22029784615384615
-0.20715507692307691
-0.1696043076923077
-0.1070196923076923
-0.03650769230769231
0.04172307692307692
0.11348676923076922
0.168144
0.20715507692307691
0.22467876923076924
0.208824
0.15896492307692306
0.09262523076923077
0.015854769230769228
-0.052153846153846155
-0.10764553846153846
-0.15082892307692305
-0.17565415384615385
-0.1783661538461538
-0.15646153846153846
-0.10660246153846153
-0.031918153846153846
0.04401784615384615
0.119328
0.184416
0.22780799999999998
0.2540935384615385
0.2411593846153846
0.18900553846153845
0.11557292307692307
0.01940123076923077
-0.06759138461538462
-0.13664307692307692
-0.19588984615384614
-0.23656984615384613
-0.25764
-0.2415766153846154
-0.192552
-0.13601723076923075
-0.07468430769230769
-0.012308307692307691
0.03483876923076923
0.07238953846153846
0.09658892307692307
0.0961716923076923
0.07072061538461538
0.034630153846153845
0.006884307692307692
-0.01272553846153846
-0.014603076923076923
-0.006675692307692307
0.004589538461538461
0.025033846153846153
0.049233230769230765
0.07635323076923077
0.092208
0.0855323076923077
0.06654830769230768
0.042557538461538466
0.019192615384615384
0.010848
0.02044430769230769
0.04422646153846154
0.084072
0.12704676923076924
0.17398523076923075
0.21091015384615383
0.22530461538461538
0.21591692307692306
0.1666836923076923
0.09491999999999999
0.005841230769230769
-0.086784
-0.16876984615384616
-0.2369870769230769
-0.2701569230769231
-0.2730775384615384
-0.24595753846153845
-0.19150892307692308
-0.12433476923076923
-0.0446436923076923
0.03275261538461539
0.09533723076923077
0.13893784615384613
0.15833907692307692
0.15959076923076923
0.14123261538461537
0.10514215384615383
0.06633969230769231
0.018358153846153843
-0.03337846153846154
-0.07739630769230768
-0.11745046153846153
-0.13789476923076924
-0.14394461538461537
-0.12558646153846154
-0.09179076923076923
-0.05611753846153846
-0.003129230769230769
0.052571076923076915
0.11557292307692307
0.16251138461538459
0.18858830769230767
0.20715507692307691
0.20778092307692309
0.20861538461538462
0.1913003076923077
0.14749107692307692
0.08782707692307692
0.01940123076923077
-0.042557538461538466
-0.09658892307692307
-0.138312
-0.1704387692307692
-0.19192615384615386
-0.1881710769230769
-0.15082892307692305
-0.08907876923076924
-0.01668923076923077
0.05444861538461539
0.12621230769230768
0.18858830769230767
0.22634769230769228
0.22029784615384615
0.1794092307692308
0.11327815384615383
0.027745846153846152
-0.058829538461538454
-0.1422756923076923
-0.19818461538461538
-0.23010276923076922
-0.20819815384615384
-0.13664307692307692
0.06759138461538462
0.2436627692307692
0.2989458461538462
0.4245323076923077
0.4516523076923077
0.4710535384615384
0.42599261538461536
0.22843384615384613
0.028163076923076923
-0.24011630769230768
-0.3784283076923077
-0.46896738461538456
-0.544068923076923
-0.5215384615384615
-0.4906633846153846
-0.2791273846153846
-0.02753723076923077
0.23615261538461538
0.4985907692307692
0.5736923076923076
0.6262633846153846
0.5770301538461539
0.4211944615384615
0.260352
-0.026702769230769228
-0.25764
-0.4622916923076923
-0.6779999999999999
-0.6838412307692308
-0.6321046153846154
-0.4994252307692308
-0.2914356923076923
-0.13643446153846153
0.06362769230769232
0.21508246153846153
0.3440067692307692
0.4554073846153846
0.4228633846153846
0.3312812307692308
0.19693292307692306
0.06800861538461538
-0.040262769230769234
-0.21320492307692307
-0.3698750769230769
-0.5165316923076922
-0.6039415384615384
-0.5519963076923077
-0.47418276923076924
-0.34504984615384615
-0.1842073846153846
-0.03984553846153846
0.15187199999999998
0.28788923076923073
0.3619476923076923
0.4086775384615385
0.3684147692307692
0.3327415384615385
0.2926873846153846
0.2194633846153846
0.14206707692307693
0.024408000000000003
-0.08073415384615384
-0.1787833846153846
-0.25346769230769234
-0.2737033846153846
-0.2647329230769231
-0.18504184615384617
-0.11202646153846153
-0.016272
0.15938215384615384
0.30207507692307695
0.4385095384615385
0.5282141538461538
0.5292572307692308
0.5046406153846154
0.40617415384615385
0.27453784615384613
0.11765907692307691
-0.09491999999999999
-0.2574313846153846
-0.3780110769230769
-0.44977476923076926
-0.4720966153846154
-0.4725138461538462
-0.39595199999999997
-0.27182584615384614
-0.1070196923076923
0.07301538461538462
0.23385784615384617
0.3994984615384615
0.5002596923076923
0.517992
0.4814843076923077
0.3548547692307692
0.21049292307692305
0.06195876923076923
-0.12141415384615384
-0.24908676923076922
-0.35193415384615384
-0.4072172307692307
-0.3846867692307692
-0.3510996923076923
-0.2572227692307692
-0.12558646153846154
0.029206153846153847
0.19609846153846153
0.32335384615384616
0.40992923076923077
0.4220289230769231
0.40325353846153844
0.37029230769230764
0.2914356923076923
0.18066092307692305
0.023990769230769232
-0.13101046153846155
-0.2438713846153846
-0.34046030769230773
-0.3669544615384615
-0.3540203076923077
-0.3319070769230769
-0.2411593846153846
-0.12350030769230769
0.0002086153846153846
0.1045163076923077
0.1612596923076923
0.21967199999999998
0.265776
0.28809784615384615
0.28017046153846153
0.21237046153846154
0.12767261538461538
0.025033846153846153
-0.06988615384615385
-0.13267938461538462
-0.19046584615384615
-0.21675138461538462
-0.24512307692307692
-0.2563883076923077
-0.21049292307692305
-0.14832553846153845
-0.040054153846153843
0.06633969230769231
0.13184492307692308
0.2075723076923077
0.26097784615384617
0.31918153846153846
0.36403384615384615
0.3375396923076923
0.27328615384615385
0.18775384615384613
0.11494707692307692
0.06216738461538462
-0.012308307692307691
-0.09179076923076923
-0.16167692307692308
-0.20131384615384615
-0.1910916923076923
-0.16751815384615384
-0.12391753846153845
-0.07760492307692309
-0.03755076923076923
0.02545107692307692
0.08094276923076923
0.13205353846153844
0.16730953846153845
0.1635544615384615
0.15917353846153848
0.12913292307692306
0.07635323076923077
0.021278769230769233
-0.059872615384615385
-0.14311015384615386
-0.21654276923076923
-0.25659692307692306
-0.2492953846153846
-0.21445661538461538
-0.1691870769230769
-0.1289243076923077
-0.0855323076923077
-0.03379569230769231
0.017732307692307693
0.06008123076923077
0.07468430769230769
0.06467076923076923
0.06258461538461538
0.06321046153846153
0.06633969230769231
0.06008123076923077
0.030875076923076922
0.012308307692307691
0.0033378461538461535
0.0012516923076923076
-0.0035464615384615383
-0.02795446153846154
-0.04714707692307692
-0.05048492307692308
-0.03629907692307692
-0.006467076923076923
0.02586830769230769
0.05403138461538461
0.07364123076923076
0.09471138461538461
0.11703323076923078
0.13393107692307693
0.14457046153846154
0.1397723076923077
0.12725538461538463
0.11140061538461538
0.08010830769230769
0.04422646153846154
-0.0006258461538461538
-0.05194523076923077
-0.08991323076923076
-0.13101046153846155
-0.15604430769230768
-0.15938215384615384
-0.15938215384615384
-0.13601723076923075
-0.08177723076923075
-0.005841230769230769
0.08386338461538462
0.1639716923076923
0.22029784615384615
0.24866953846153847
0.249504
0.2225926153846154
0.15917353846153848
0.07468430769230769
-0.03066646153846154
-0.11703323076923078
-0.16000799999999998
-0.17648861538461538
-0.15354092307692307
-0.10868861538461538
-0.03296123076923077
0.073224
0.1779489230769231
0.2670276923076923
0.31667815384615383
0.3148006153846154
0.2814221538461538
0.22947692307692308
0.15395815384615386
0.06383630769230769
-0.026285538461538457
-0.10326461538461539
-0.14999446153846155
-0.16042523076923076
-0.14540492307692307
-0.11265230769230769
-0.06341907692307691
-0.010639384615384617
0.050067692307692306
0.10076123076923077
0.12099692307692309
0.12558646153846154
0.10576799999999999
0.06550523076923077
0.013768615384615384
-0.04401784615384615
-0.0936683076923077
-0.13455692307692307
-0.16438892307692307
-0.1693956923076923
-0.1476996923076923
-0.103056
-0.05173661538461538
-0.011682461538461537
0.023990769230769232
0.05111076923076923
0.061750153846153844
0.05757784615384615
0.033169846153846154
-0.004798153846153846
-0.03629907692307692
-0.0448523076923077
-0.03921969230769231
-0.02524246153846154
-0.003963692307692307
0.008970461538461538
0.021487384615384613
0.041514461538461535
0.05570030769230769
0.04693846153846153
0.014811692307692307
-0.025033846153846153
-0.056951999999999996
-0.07301538461538462
-0.07927384615384615
-0.07572738461538461
-0.06884307692307692
-0.05590892307692308
-0.02545107692307692
0.010013538461538461
0.032544
0.03358707692307692
0.015437538461538461
-0.010013538461538461
-0.02899753846153846
-0.04214030769230769
-0.05298830769230769
-0.06195876923076923
-0.07009476923076922
-0.06759138461538462
-0.05111076923076923
-0.027120000000000002
-0.0025033846153846152
0.020027076923076922
0.03984553846153846
0.06654830769230768
0.09679753846153846
0.10764553846153846
0.10409907692307692
0.09012184615384615
0.07030338461538461
0.05945538461538461
0.06696553846153847
0.08344615384615384
0.09575446153846154
0.10430769230769231
0.11452984615384615
0.12579507692307693
0.12496061538461539
0.11599015384615384
0.09137353846153846
0.053405538461538456
0.01043076923076923
-0.023364923076923075
-0.03755076923076923
-0.04547815384615384
-0.03609046153846154
-0.021070153846153846
0.011056615384615385
0.056326153846153845
0.09241661538461539
0.119328
0.119328
0.10889723076923077
0.09304246153846155
0.056326153846153845
0.010013538461538461
-0.04839876923076923
-0.11452984615384615
-0.15917353846153848
-0.1794092307692308
-0.1652233846153846
-0.13768615384615385
-0.10827138461538462
-0.06258461538461538
-0.01397723076923077
0.04380923076923077
0.08761846153846153
0.10159569230769232
0.09012184615384615
0.05173661538461538
0.0035464615384615383
-0.045895384615384616
-0.09596307692307693
-0.1395636923076923
-0.17315076923076922
-0.1873366153846154
-0.17544553846153846
-0.13872923076923074
-0.0897046153846154
-0.037967999999999995
0.012099692307692308
0.058412307692307694
0.10368184615384615
0.13914646153846155
0.16021661538461537
0.14916
0.11557292307692307
0.07927384615384615
0.032544
-0.021070153846153846
-0.06842584615384616
-0.11724184615384614
-0.1637630769230769
-0.18525046153846153
-0.17315076923076922
-0.13706030769230768
-0.09700615384615385
-0.04819015384615385
0.014603076923076923
0.07009476923076922
0.10722830769230769
0.11745046153846153
0.0892873846153846
0.035464615384615386
-0.03483876923076923
-0.10243015384615384
-0.15959076923076923
-0.20444307692307692
-0.2261390769230769
-0.2194633846153846
-0.16418030769230768
-0.06884307692307692
0.038176615384615385
0.13497415384615385
0.21341353846153846
0.26786215384615386
0.29185292307692307
0.2805876923076923
0.2374043076923077
0.1612596923076923
0.06258461538461538
-0.03024923076923077
-0.10827138461538462
-0.14206707692307693
-0.14749107692307692
-0.12850707692307692
-0.06967753846153846
0.0077187692307692304
0.11265230769230769
0.20798953846153845
0.2751636923076923
0.3116713846153846
0.2931046153846154
0.24491446153846153
0.16772676923076923
0.07113784615384615
-0.03588184615384615
-0.14582215384615385
-0.21779446153846155
-0.25012984615384615
-0.23677846153846152
-0.17711446153846155
-0.10389046153846154
-0.020027076923076922
0.06550523076923077
0.14206707692307693
0.2056947692307692
0.24470584615384613
0.25117292307692307
0.2221753846153846
0.17502830769230768
0.12412615384615384
0.06863446153846153
0.014185846153846153
-0.03921969230769231
-0.08782707692307692
-0.10326461538461539
-0.10347323076923076
-0.08344615384615384
-0.07510153846153846
-0.086784
-0.12350030769230769
-0.16710092307692306
-0.12579507692307693
-0.058829538461538454
0.06154153846153846
0.19672430769230767
0.3312812307692308
0.49400123076923075
0.6177101538461538
0.7074147692307692
0.7142990769230768
0.5989347692307692
0.34651015384615386
0.08386338461538462
-0.15750461538461538
-0.40325353846153844
-0.5713975384615384
-0.7007390769230769
-0.6994873846153846
-0.5449033846153846
-0.30207507692307695
0.011891076923076923
0.2814221538461538
0.49379261538461533
0.6212566153846153
0.6475421538461539
0.5789076923076923
0.3913624615384615
0.11807630769230769
-0.22551323076923077
-0.5165316923076922
-0.6834239999999999
-0.7378726153846155
-0.6258461538461538
-0.41910830769230767
-0.14603076923076924
0.1696043076923077
0.4072172307692307
0.6193790769230769
0.7209747692307692
0.6462904615384615
0.5002596923076923
0.252216
0.0014603076923076922
-0.20381723076923075
-0.37008369230769234
-0.431208
-0.4487316923076923
-0.40095876923076923
-0.2860116923076923
-0.15103753846153847
0.005424
0.12266584615384615
0.21028430769230766
0.2532590769230769
0.22405292307692307
0.17252492307692308
0.07343261538461537
-0.052571076923076915
-0.14978584615384616
-0.2438713846153846
-0.2722430769230769
-0.2369870769230769
-0.17231630769230769
-0.031918153846153846
0.0897046153846154
0.1783661538461538
0.2426196923076923
0.21696000000000001
0.12996738461538462
0.0043809230769230765
-0.12683815384615382
-0.21111876923076925
-0.24512307692307692
-0.20965846153846154
-0.10889723076923077
0.02273907692307692
0.1666836923076923
0.2851772307692308
0.3790541538461539
0.39699507692307695
0.34338092307692303
0.2582658461538461
0.11098338461538461
-0.053405538461538456
-0.2073636923076923
-0.317304
-0.34296369230769225
-0.30019753846153846
-0.19985353846153847
-0.06821723076923077
0.08010830769230769
0.23844738461538462
0.38030584615384616
0.48398769230769234
0.5209126153846153
0.46688123076923077
0.3285692307692308
0.13810338461538463
-0.06487938461538462
-0.2588916923076923
-0.42348923076923073
-0.5173661538461538
-0.5257107692307692
-0.4418473846153846
-0.2737033846153846
-0.07259815384615384
0.13518276923076925
0.31041969230769234
0.412224
0.4485230769230769
0.401376
0.2680707692307692
0.09471138461538461
-0.1136953846153846
-0.31772123076923076
-0.46396061538461536
-0.5499101538461538
-0.5536652307692308
-0.4808584615384615
-0.3410861538461538
-0.15750461538461538
0.029623384615384614
0.19985353846153847
0.32231076923076923
0.38948492307692306
0.3949089230769231
0.3392086153846154
0.23844738461538462
0.09471138461538461
-0.06028984615384615
-0.18796246153846152
-0.28350830769230767
-0.32189353846153845
-0.2897667692307692
-0.22008923076923076
-0.11181784615384616
0.010222153846153844
0.12537784615384615
0.21862892307692305
0.24595753846153845
0.22843384615384613
0.17711446153846155
0.09930092307692308
0.014394461538461538
-0.07489292307692308
-0.15541846153846153
-0.20798953846153845
-0.20402584615384614
-0.16292861538461537
-0.1028473846153846
-0.025659692307692307
0.016063384615384615
0.03713353846153846
0.05528307692307692
0.06300184615384616
0.0771876923076923
0.06967753846153846
0.04860738461538461
0.045060923076923075
0.061750153846153844
0.10368184615384615
0.1637630769230769
0.21028430769230766
0.2422024615384615
0.260352
0.2626467692307692
0.24574892307692306
0.18629353846153843
0.09992676923076924
-0.005424
-0.09429415384615383
-0.13706030769230768
-0.14540492307692307
-0.1205796923076923
-0.08615815384615384
-0.028371692307692306
0.06300184615384616
0.16459753846153846
0.2774584615384615
0.36945784615384614
0.39532615384615377
0.3573581538461538
0.265776
0.1424843076923077
-0.004798153846153846
-0.17899199999999998
-0.3412947692307692
-0.46729846153846155
-0.5225815384615384
-0.477312
-0.35631507692307696
-0.19755876923076923
-0.03421292307692308
0.12621230769230768
0.26139507692307695
0.34358953846153845
0.3513083076923077
0.26911384615384615
0.13706030769230768
-0.0043809230769230765
-0.13101046153846155
-0.21862892307692305
-0.27432923076923077
-0.30270092307692303
-0.27850153846153847
-0.21362215384615382
-0.12329169230769231
-0.02899753846153846
0.03692492307692308
0.07656184615384615
0.07510153846153846
0.03921969230769231
-0.012516923076923077
-0.08511507692307693
-0.1666836923076923
-0.2415766153846154
-0.28663753846153844
-0.26911384615384615
-0.2075723076923077
-0.12850707692307692
-0.04380923076923077
0.025659692307692307
0.08469784615384615
0.12329169230769231
0.1358086153846154
0.10910584615384614
0.03942830769230769
-0.049233230769230765
-0.13852061538461538
-0.19442953846153843
-0.21654276923076923
-0.21362215384615382
-0.17544553846153846
-0.10743692307692307
-0.008136
0.11327815384615383
0.21299630769230768
0.2753723076923077
0.3045784615384615
0.29727692307692305
0.254928
0.1693956923076923
0.05945538461538461
-0.06404492307692307
-0.1800350769230769
-0.2503384615384615
-0.27558092307692306
-0.24846092307692308
-0.18712800000000002
-0.11265230769230769
-0.021487384615384613
0.06154153846153846
0.13601723076923075
0.18754523076923074
0.19046584615384615
0.16188553846153847
0.11411261538461538
0.06821723076923077
0.03588184615384615
0.012099692307692308
0.0018775384615384615
-0.0008344615384615384
0.005841230769230769
0.03066646153846154
0.06800861538461538
0.1045163076923077
0.12454338461538461
0.1353913846153846
0.14916
0.16042523076923076
0.16647507692307692
0.1696043076923077
0.16271999999999998
0.14582215384615385
0.1218313846153846
0.10681107692307691
0.09429415384615383
0.06675692307692307
0.04380923076923077
0.019609846153846155
0.0035464615384615383
-0.0070929230769230765
-0.03483876923076923
-0.06070707692307692
-0.08490646153846154
-0.09658892307692307
-0.07906523076923076
-0.06154153846153846
-0.04109723076923077
-0.01668923076923077
0.0016689230769230767
0.029414769230769227
0.046104
0.045895384615384616
0.03713353846153846
0.015020307692307692
-0.006467076923076923
-0.028163076923076923
-0.05570030769230769
-0.073224
-0.08866153846153846
-0.09095630769230768
-0.07280676923076923
-0.05048492307692308
-0.016063384615384615
0.009179076923076922
0.033169846153846154
0.04714707692307692
0.04631261538461538
0.05069353846153846
0.040679999999999994
0.026911384615384615
0.010848
-0.005841230769230769
0.0
0.015228923076923076
0.030040615384615384
0.046104
0.06195876923076923
0.07259815384615384
0.06821723076923077
0.05236246153846154
0.021904615384615383
-0.015646153846153844
-0.048816000000000005
-0.06884307692307692
-0.07092923076923077
-0.059038153846153844
-0.03108369230769231
0.0016689230769230767
0.045895384615384616
0.10138707692307691
0.15938215384615384
0.20486030769230767
0.21800307692307694
0.21049292307692305
0.1873366153846154
0.157296
0.12454338461538461
0.07802215384615384
0.02899753846153846
-0.012516923076923077
-0.03108369230769231
-0.023364923076923075
-0.007301538461538462
0.013142769230769229
0.03337846153846154
0.061124307692307686
0.09825784615384614
0.12683815384615382
0.14978584615384616
0.1635544615384615
0.16418030769230768
0.15896492307692306
0.14311015384615386
0.12370892307692308
0.086784
0.026494153846153844
-0.03421292307692308
-0.08344615384615384
-0.11557292307692307
-0.13601723076923075
-0.1395636923076923
-0.119328
-0.07155507692307693
0.003129230769230769
0.09304246153846155
0.1792006153846154
0.24282830769230768
0.2730775384615384
0.27328615384615385
0.24887815384615386
0.19651569230769228
0.12537784615384615
0.03400430769230769
-0.05799507692307692
-0.12934153846153845
-0.1785747692307692
-0.1940123076923077
-0.19338646153846153
-0.17815753846153848
-0.1422756923076923
-0.08240307692307691
0.0004172307692307692
0.08031692307692308
0.146448
0.184416
0.1858763076923077
0.15771323076923077
0.10222153846153846
0.02273907692307692
-0.07113784615384615
-0.1760713846153846
-0.26932246153846157
-0.3206418461538461
-0.32982092307692307
-0.2937304615384615
-0.21758584615384616
-0.11724184615384614
-0.0035464615384615383
0.10681107692307691
0.2021483076923077
0.260352
0.28392553846153845
0.2789187692307692
0.24679199999999998
0.20277415384615383
0.13518276923076925
0.05194523076923077
-0.034630153846153845
-0.11140061538461538
-0.15562707692307692
-0.16856123076923077
-0.14978584615384616
-0.10514215384615383
-0.05027630769230769
0.013560000000000001
0.07405846153846153
0.12141415384615384
0.15270646153846154
0.15124615384615384
0.1316363076923077
0.10910584615384614
0.07802215384615384
0.03650769230769231
-0.011473846153846154
-0.05403138461538461
-0.0853236923076923
-0.09325107692307691
-0.08010830769230769
-0.05736923076923077
-0.03233538461538461
-0.010848
0.01981846153846154
0.061124307692307686
0.10785415384615385
0.14853415384615384
0.1693956923076923
0.17481969230769231
0.17085599999999998
0.15103753846153847
0.11473846153846154
0.06571384615384615
0.0008344615384615384
-0.0678
-0.124752
-0.16105107692307694
-0.1785747692307692
-0.1869193846153846
-0.17982646153846152
-0.15228923076923076
-0.103056
-0.03421292307692308
0.01710646153846154
0.037967999999999995
0.015646153846153844
-0.05590892307692308
-0.15500123076923078
-0.2666104615384615
-0.3031181538461538
-0.2931046153846154
-0.22551323076923077
-0.07823076923076923
0.06884307692307692
0.25451076923076926
0.4090947692307692
0.5240418461538462
0.5793249230769231
0.547824
0.42494953846153843
0.21007569230769232
0.01668923076923077
-0.21362215384615382
-0.40972061538461535
-0.5607581538461538
-0.6709070769230769
-0.6425353846153846
-0.5415655384615384
-0.32731753846153844
-0.07885661538461539
0.14936861538461538
0.3617390769230769
0.4919150769230769
0.5605495384615384
0.5227901538461539
0.4053396923076923
0.1992276923076923
-0.08010830769230769
-0.3373310769230769
-0.568476923076923
-0.6771655384615384
-0.6656916923076922
-0.580368
-0.39344861538461534
-0.21007569230769232
-0.016272
0.19359507692307693
0.3156350769230769
0.40679999999999994
0.425784
0.3673716923076923
0.3054129230769231
0.20506892307692307
0.11014892307692307
-0.010013538461538461
-0.16313723076923078
-0.28163076923076924
-0.3727956923076923
-0.40992923076923077
-0.4078430769230769
-0.37300430769230764
-0.29080984615384614
-0.20173107692307693
-0.07343261538461537
0.06592246153846154
0.17148184615384612
0.27140861538461536
0.30666461538461537
0.3004061538461538
0.2791273846153846
0.20652923076923077
0.13247076923076923
0.029623384615384614
-0.12350030769230769
-0.26160369230769226
-0.38572984615384615
-0.47272246153846154
-0.5061009230769231
-0.504432
-0.43329415384615383
-0.2926873846153846
-0.07593599999999999
0.1777403076923077
0.4159790769230769
0.6024812307692308
0.6953150769230769
0.7238953846153846
0.6656916923076922
0.5104818461538462
0.31396615384615384
0.0826116923076923
-0.1489513846153846
-0.3350363076923077
-0.4647950769230769
-0.48565661538461535
-0.43162523076923076
-0.3248141538461538
-0.14039815384615384
0.06195876923076923
0.2799618461538461
0.47939815384615386
0.6187532307692307
0.6830067692307692
0.6458732307692308
0.5353070769230769
0.355272
0.14394461538461537
-0.07656184615384615
-0.3012406153846154
-0.466464
-0.5649304615384615
-0.5843316923076923
-0.5004683076923077
-0.3584012307692308
-0.165432
0.05778646153846154
0.25659692307692306
0.4184824615384615
0.5031803076923077
0.5071439999999999
0.46145723076923073
0.3675803076923077
0.25012984615384615
0.12141415384615384
-0.013142769230769229
-0.13330523076923076
-0.22342707692307692
-0.26160369230769226
-0.2626467692307692
-0.24199384615384617
-0.1994363076923077
-0.15750461538461538
-0.09658892307692307
-0.026285538461538457
0.04819015384615385
0.13309661538461537
0.19505538461538463
0.24032492307692307
0.2638984615384615
0.25388492307692306
0.21341353846153846
0.14957723076923077
0.06863446153846153
-0.015228923076923076
-0.09116492307692307
-0.15646153846153846
-0.19735015384615384
-0.2238443076923077
-0.23677846153846152
-0.2127876923076923
-0.16418030769230768
-0.10201292307692307
-0.021278769230769233
0.05277969230769231
0.11327815384615383
0.17294215384615383
0.22572184615384616
0.2624381538461539
0.273912
0.24887815384615386
0.19380369230769232
0.13914646153846155
0.0897046153846154
0.03629907692307692
-0.018358153846153843
-0.08156861538461539
-0.12537784615384615
-0.132888
-0.11640738461538462
-0.07405846153846153
-0.03108369230769231
0.009387692307692307
0.046104
0.06654830769230768
0.08219446153846154
0.07405846153846153
0.03692492307692308
-0.005632615384615384
-0.044435076923076924
-0.051319384615384614
-0.033169846153846154
-0.0008344615384615384
0.037342153846153844
0.07009476923076922
0.10618523076923077
0.13810338461538463
0.16209415384615386
0.15959076923076923
0.11870215384615385
0.051528
-0.014603076923076923
-0.07405846153846153
-0.116616
-0.14436184615384615
-0.1652233846153846
-0.14728246153846153
-0.100344
-0.03421292307692308
0.04422646153846154
0.10743692307692307
0.1506203076923077
0.17628
0.17690584615384616
0.14018953846153845
0.07197230769230768
-0.027120000000000002
-0.13518276923076925
-0.23281476923076924
-0.306456
-0.33983446153846153
-0.34358953846153845
-0.3114627692307692
-0.23677846153846152
-0.12996738461538462
-0.001043076923076923
0.13330523076923076
0.23135446153846154
0.2858030769230769
0.2970683076923077
0.2620209230769231
0.19693292307692306
0.10368184615384615
-0.012099692307692308
-0.13080184615384613
-0.22280123076923075
-0.27975323076923075
-0.279336
-0.22488738461538463
-0.1449876923076923
-0.030040615384615384
0.09429415384615383
0.21737723076923077
0.33295015384615384
0.4026276923076923
0.4276615384615384
0.409512
0.36215630769230767
0.2953993846153846
0.20423446153846153
0.10952307692307692
0.018775384615384614
-0.05736923076923077
-0.103056
-0.124752
-0.11181784615384616
-0.078648
-0.03609046153846154
0.015646153846153844
0.056951999999999996
0.09429415384615383
0.11578153846153846
0.11724184615384614
0.11223507692307692
0.10368184615384615
0.09158215384615384
0.08031692307692308
0.07280676923076923
0.06592246153846154
0.06425353846153846
0.058412307692307694
0.049233230769230765
0.03233538461538461
-0.0006258461538461538
-0.04526953846153846
-0.084072
-0.10639384615384614
-0.11286092307692308
-0.10201292307692307
-0.08490646153846154
-0.05611753846153846
-0.006675692307692307
0.053614153846153846
0.11098338461538461
0.1422756923076923
0.1397723076923077
0.11807630769230769
0.08490646153846154
0.03901107692307692
-0.014394461538461538
-0.07739630769230768
-0.13059323076923077
-0.14686523076923075
-0.13706030769230768
-0.09950953846153845
-0.0448523076923077
0.008344615384615384
0.06362769230769232
0.10743692307692307
0.12975876923076923
0.12496061538461539
0.08720123076923077
0.03024923076923077
-0.026494153846153844
-0.07092923076923077
-0.0934596923076923
-0.0961716923076923
-0.07969107692307692
-0.05319692307692307
-0.013351384615384614
0.03504738461538461
0.07635323076923077
0.10222153846153846
0.09074769230769231
0.04172307692307692
-0.03880246153846154
-0.13393107692307693
-0.2261390769230769
-0.3068732307692308
-0.35464615384615383
-0.3577753846153846
-0.30583015384615386
-0.20360861538461536
-0.07051199999999999
0.07572738461538461
0.20339999999999997
0.28809784615384615
0.3321156923076923
0.3187643076923077
0.25200738461538463
0.143736
0.006884307692307692
-0.11494707692307692
-0.2209236923076923
-0.28768061538461537
-0.30708184615384615
-0.279336
-0.19609846153846153
-0.07885661538461539
0.061124307692307686
0.19839323076923077
0.31500923076923076
0.3890676923076923
0.41577046153846153
0.3944916923076923
0.3214763076923077
0.20360861538461536
0.059664
-0.08782707692307692
-0.21696000000000001
-0.292896
-0.3187643076923077
-0.30666461538461537
-0.2689052307692308
-0.22008923076923076
-0.14790830769230767
-0.07280676923076923
-0.013768615384615384
0.031918153846153846
0.05736923076923077
0.07405846153846153
0.07739630769230768
0.08115138461538463
0.0934596923076923
0.09095630769230768
0.08761846153846153
0.08386338461538462
0.07092923076923077
0.04693846153846153
0.011473846153846154
-0.026911384615384615
-0.06696553846153847
-0.10785415384615385
-0.14540492307692307
-0.17294215384615383
-0.17294215384615383
-0.1506203076923077
-0.10430769230769231
-0.031918153846153846
0.05486584615384615
0.1476996923076923
0.22154953846153846
0.27620676923076926
0.3035353846153846
0.29727692307692305
0.25200738461538463
0.15520984615384617
0.025033846153846153
-0.11703323076923078
-0.24199384615384617
-0.330864
-0.3738387692307692
-0.36549415384615386
-0.3129230769230769
-0.21716861538461538
-0.09012184615384615
0.051319384615384614
0.18253846153846154
0.29039261538461536
0.3536030769230769
0.36549415384615386
0.3314898461538462
0.2480436923076923
0.1353913846153846
0.0014603076923076922
-0.12496061538461539
-0.22530461538461538
-0.28017046153846153
-0.29915446153846154
-0.29039261538461536
-0.23636123076923077
-0.15833907692307692
-0.04944184615384615
0.06446215384615385
0.1635544615384615
0.23636123076923077
0.26494153846153845
0.26535876923076923
0.2369870769230769
0.19380369230769232
0.1356
0.06154153846153846
-0.010639384615384617
-0.06341907692307691
-0.08782707692307692
-0.09679753846153846
-0.10076123076923077
-0.10138707692307691
-0.09804923076923076
-0.07468430769230769
-0.03442153846153846
0.0043809230769230765
0.026702769230769228
0.021070153846153846
0.017732307692307693
0.028788923076923077
0.05486584615384615
0.09053907692307692
0.11891076923076922
0.1435273846153846
0.16021661538461537
0.17002153846153847
0.16418030769230768
0.12516923076923075
0.05674338461538461
-0.029832
-0.11306953846153844
-0.1656406153846154
-0.1992276923076923
-0.2075723076923077
-0.1846246153846154
-0.13810338461538463
-0.06487938461538462
0.02482523076923077
0.11306953846153844
0.173568
0.19150892307692308
0.17398523076923075
0.13768615384615385
0.084072
0.02357353846153846
-0.051528
-0.13205353846153844
-0.18525046153846153
-0.208824
-0.19004861538461537
-0.14853415384615384
-0.08657538461538461
-0.007510153846153846
0.07885661538461539
0.1783661538461538
0.25117292307692307
0.2860116923076923
0.2572227692307692
0.1696043076923077
0.06487938461538462
-0.04839876923076923
-0.17148184615384612
-0.26786215384615386
-0.3277347692307692
-0.31626092307692305
-0.2075723076923077
-0.01814953846153846
0.273912
0.4453938461538462
0.5709803076923077
0.663396923076923
0.6210479999999999
0.5926763076923077
0.3873987692307692
0.11640738461538462
-0.19547261538461536
-0.5010941538461539
-0.6417009230769231
-0.7837679999999999
-0.8042123076923077
-0.7802215384615385
-0.6606849230769232
-0.36257353846153845
-0.06487938461538462
0.3031181538461538
0.5651390769230769
0.701364923076923
0.798996923076923
0.7307796923076922
0.6172929230769231
0.40972061538461535
0.10243015384615384
-0.1435273846153846
-0.4151446153846154
-0.580368
-0.5943452307692307
-0.5724406153846154
-0.43329415384615383
-0.29080984615384614
-0.11348676923076922
0.11745046153846153
0.2995716923076923
0.48982892307692305
0.5962227692307692
0.6054018461538461
0.5601323076923077
0.4539470769230769
0.3412947692307692
0.16647507692307692
-0.06216738461538462
-0.2670276923076923
-0.46020553846153844
-0.55596
-0.5728578461538462
-0.5703544615384616
-0.4912892307692307
-0.38885907692307686
-0.24595753846153845
-0.065088
0.06362769230769232
0.1804523076923077
0.27453784615384613
0.3277347692307692
0.3972036923076923
0.4205686153846153
0.3873987692307692
0.29748553846153847
0.1476996923076923
-0.004589538461538461
-0.1693956923076923
-0.3116713846153846
-0.42182030769230766
-0.4758516923076923
-0.4539470769230769
-0.3942830769230769
-0.24679199999999998
-0.04631261538461538
0.14957723076923077
0.35276861538461535
0.5167403076923076
0.6360683076923077
0.696984
0.6625624615384615
0.5732750769230769
0.4128498461538462
0.2140393846153846
0.04401784615384615
-0.12433476923076923
-0.2670276923076923
-0.37738523076923075
-0.42891323076923077
-0.38698153846153843
-0.28955815384615385
-0.15187199999999998
0.0004172307692307692
0.16021661538461537
0.3304467692307692
0.4549901538461538
0.5204953846153846
0.5215384615384615
0.431208
0.3131316923076923
0.16042523076923076
-0.005424
-0.13914646153846155
-0.2751636923076923
-0.36445107692307693
-0.4076344615384615
-0.4017932307692308
-0.32043323076923075
-0.2056947692307692
-0.08073415384615384
0.03609046153846154
0.12850707692307692
0.19693292307692306
0.22342707692307692
0.21633415384615384
0.18149538461538461
0.11286092307692308
0.040262769230769234
-0.03421292307692308
-0.09325107692307691
-0.1314276923076923
-0.1585476923076923
-0.15374953846153847
-0.13914646153846155
-0.10910584615384614
-0.05444861538461539
-0.01272553846153846
0.007927384615384614
0.015437538461538461
0.02211323076923077
0.043392
0.06216738461538462
0.06946892307692307
0.07551876923076924
0.0771876923076923
0.08824430769230769
0.09992676923076924
0.10514215384615383
0.09763200000000001
0.07009476923076922
0.04047138461538462
-0.006467076923076923
-0.06279323076923077
-0.12224861538461537
-0.18545907692307692
-0.21758584615384616
-0.22572184615384616
-0.22426153846153846
-0.20402584615384614
-0.1710646153846154
-0.10994030769230768
-0.031918153846153846
0.03129230769230769
0.09116492307692307
0.13330523076923076
0.15896492307692306
0.17565415384615385
0.16689230769230767
0.14123261538461537
0.08699261538461538
0.015854769230769228
-0.05799507692307692
-0.12704676923076924
-0.165432
-0.18086953846153844
-0.1614683076923077
-0.11348676923076922
-0.04839876923076923
0.04819015384615385
0.14749107692307692
0.2399076923076923
0.306456
0.330864
0.32961230769230765
0.29832
0.2497126153846154
0.18754523076923074
0.1070196923076923
0.03942830769230769
-0.00855323076923077
-0.03609046153846154
-0.041514461538461535
-0.05945538461538461
-0.08156861538461539
-0.09408553846153846
-0.08594953846153845
-0.05173661538461538
-0.026702769230769228
-0.003963692307692307
0.007510153846153846
-0.002086153846153846
-0.010222153846153844
-0.02524246153846154
-0.04172307692307692
-0.06967753846153846
-0.11035753846153845
-0.12537784615384615
-0.13226215384615383
-0.13184492307692308
-0.12329169230769231
-0.12308307692307692
-0.1151556923076923
-0.11286092307692308
-0.1045163076923077
-0.08448923076923077
-0.07405846153846153
-0.06300184615384616
-0.04756430769230769
-0.017523692307692306
0.01814953846153846
0.047772923076923074
0.06467076923076923
0.059038153846153844
0.041514461538461535
0.015228923076923076
-0.009179076923076922
-0.02545107692307692
-0.04547815384615384
-0.06759138461538462
-0.06717415384615384
-0.035464615384615386
0.019609846153846155
0.07614461538461538
0.11828492307692307
0.14081538461538462
0.14874276923076923
0.15270646153846154
0.14018953846153845
0.11348676923076922
0.06404492307692307
0.0016689230769230767
-0.051319384615384614
-0.08469784615384615
-0.0963803076923077
-0.09721476923076922
-0.08094276923076923
-0.05277969230769231
-0.011265230769230769
0.040679999999999994
0.084072
0.1207883076923077
0.13622584615384614
0.13455692307692307
0.12412615384615384
0.09721476923076922
0.065088
0.019609846153846155
-0.029623384615384614
-0.07197230769230768
-0.103056
-0.10994030769230768
-0.10430769230769231
-0.09012184615384615
-0.06675692307692307
-0.03838523076923077
-0.005632615384615384
0.02899753846153846
0.05820369230769231
0.07134646153846153
0.06884307692307692
0.059664
0.042348923076923076
0.020652923076923076
-0.004798153846153846
-0.035464615384615386
-0.05674338461538461
-0.06800861538461538
-0.06633969230769231
-0.056326153846153845
-0.051319384615384614
-0.043600615384615383
-0.03233538461538461
-0.013142769230769229
0.01940123076923077
0.05298830769230769
0.07384984615384615
0.07405846153846153
0.05736923076923077
0.02482523076923077
-0.008970461538461538
-0.0448523076923077
-0.07885661538461539
-0.09909230769230769
-0.11286092307692308
-0.10535076923076922
-0.09658892307692307
-0.09158215384615384
-0.07635323076923077
-0.06946892307692307
-0.05757784615384615
-0.04944184615384615
-0.054657230769230764
-0.06258461538461538
-0.07906523076923076
-0.092208
-0.09387692307692307
-0.0826116923076923
-0.05403138461538461
-0.016480615384615385
0.024408000000000003
0.06654830769230768
0.09575446153846154
0.11703323076923078
0.12725538461538463
0.11953661538461538
0.09971815384615385
0.05611753846153846
0.006467076923076923
-0.04422646153846154
-0.0855323076923077
-0.10368184615384615
-0.09763200000000001
-0.05027630769230769
0.02357353846153846
0.1097316923076923
0.20047938461538461
0.27704123076923076
0.32585723076923073
0.3475532307692307
0.32836061538461536
0.268488
0.18170399999999998
0.07614461538461538
-0.02899753846153846
-0.1314276923076923
-0.2125790769230769
-0.2624381538461539
-0.26869661538461537
-0.22175815384615383
-0.14916
-0.04985907692307692
0.05653476923076922
0.15500123076923078
0.23928184615384615
0.28809784615384615
0.30937661538461536
0.2897667692307692
0.23239753846153846
0.14832553846153845
0.0446436923076923
-0.05924676923076923
-0.14540492307692307
-0.1992276923076923
-0.21028430769230766
-0.1804523076923077
-0.12120553846153845
-0.035255999999999996
0.06028984615384615
0.1531236923076923
0.22175815384615383
0.25930892307692305
0.2655673846153846
0.24554030769230767
0.20548615384615385
0.13309661538461537
0.049233230769230765
-0.03775938461538462
-0.11140061538461538
-0.154584
-0.18253846153846154
-0.1913003076923077
-0.18232984615384615
-0.154584
-0.09930092307692308
-0.03108369230769231
0.042557538461538466
0.11578153846153846
0.1792006153846154
0.2330233846153846
0.2655673846153846
0.2680707692307692
0.2369870769230769
0.17085599999999998
0.08887015384615385
0.0
-0.09158215384615384
-0.16459753846153846
-0.22134092307692307
-0.2497126153846154
-0.2436627692307692
-0.21237046153846154
-0.14311015384615386
-0.054240000000000003
0.05528307692307692
0.15959076923076923
0.2303113846153846
0.28476
0.30666461538461537
0.29456492307692306
0.2426196923076923
0.14811692307692306
0.030875076923076922
-0.08949599999999999
-0.19588984615384614
-0.28100492307692304
-0.3442153846153846
-0.36445107692307693
-0.3198073846153846
-0.22697353846153845
-0.10243015384615384
0.035464615384615386
0.16626646153846153
0.26097784615384617
0.3062473846153846
0.31250584615384613
0.27140861538461536
0.1787833846153846
0.053405538461538456
-0.07948246153846153
-0.20277415384615383
-0.306456
-0.37967999999999996
-0.4072172307692307
-0.37237846153846155
-0.28893230769230765
-0.17023015384615386
-0.026702769230769228
0.11223507692307692
0.23928184615384615
0.3350363076923077
0.3907366153846154
0.4124326153846154
0.37592492307692305
0.2916443076923077
0.1635544615384615
0.01397723076923077
-0.11891076923076922
-0.23364923076923078
-0.3047870769230769
-0.3321156923076923
-0.3131316923076923
-0.24345415384615382
-0.132888
0.015020307692307692
0.16105107692307694
0.27975323076923075
0.36904061538461536
0.42661846153846156
0.44810584615384613
0.4080516923076923
0.3079163076923077
0.17711446153846155
0.03588184615384615
-0.0934596923076923
-0.19046584615384615
-0.249504
-0.26723630769230766
-0.24762646153846155
-0.19505538461538463
-0.11348676923076922
-0.02899753846153846
0.051319384615384614
0.127464
0.18379015384615385
0.21988061538461537
0.24449723076923074
0.23615261538461538
0.23928184615384615
0.22008923076923076
0.26869661538461537
0.33002953846153843
0.20047938461538461
0.13080184615384613
0.0033378461538461535
-0.10263876923076923
-0.12788123076923075
-0.2860116923076923
-0.3452584615384615
-0.4303735384615384
-0.36403384615384615
-0.16835261538461538
-0.05444861538461539
0.13226215384615383
0.18983999999999998
0.3156350769230769
0.4514436923076923
0.46688123076923077
0.499008
0.30436984615384616
0.09804923076923076
-0.0717636923076923
-0.2782929230769231
-0.3312812307692308
-0.4320424615384615
-0.4456024615384615
-0.34651015384615386
-0.3314898461538462
-0.15208061538461537
0.028163076923076923
0.17273353846153844
0.3544375384615384
0.36278215384615387
0.36799753846153843
0.31104553846153843
0.20444307692307692
0.165432
0.025659692307692307
-0.12391753846153845
-0.2680707692307692
-0.3775938461538461
-0.36445107692307693
-0.37425600000000003
-0.3675803076923077
-0.3452584615384615
-0.3279433846153846
-0.192552
-0.07468430769230769
0.010222153846153844
0.09033046153846153
0.09095630769230768
0.13184492307692308
0.15187199999999998
0.11870215384615385
0.11098338461538461
0.0446436923076923
-0.0016689230769230767
-0.010013538461538461
-0.047772923076923074
-0.06926030769230769
-0.1356
-0.20840676923076923
-0.2588916923076923
-0.29832
-0.26681907692307694
-0.20465169230769228
-0.08073415384615384
0.03483876923076923
0.10806276923076923
0.23135446153846154
0.30270092307692303
0.34066892307692304
0.3344104615384615
0.2238443076923077
0.11327815384615383
-0.027120000000000002
-0.138312
-0.18879692307692306
-0.25993476923076925
-0.2659846153846154
-0.2261390769230769
-0.16501476923076921
-0.07113784615384615
-0.011473846153846154
0.06028984615384615
0.13247076923076923
0.1710646153846154
0.19067446153846154
0.1639716923076923
0.15646153846153846
0.14457046153846154
0.08010830769230769
0.02545107692307692
-0.06467076923076923
-0.13810338461538463
-0.15875630769230767
-0.1994363076923077
-0.18483323076923078
-0.13852061538461538
-0.0855323076923077
0.005424
0.05799507692307692
0.10827138461538462
0.15500123076923078
0.1691870769230769
0.1792006153846154
0.14957723076923077
0.10618523076923077
0.049233230769230765
-0.003129230769230769
-0.008970461538461538
-0.012099692307692308
-0.010013538461538461
-0.02086153846153846
-0.04380923076923077
-0.038176615384615385
-0.037967999999999995
-0.016897846153846156
0.012099692307692308
0.0029206153846153843
0.023990769230769232
0.06279323076923077
0.09137353846153846
0.10952307692307692
0.08365476923076923
0.06571384615384615
0.07301538461538462
0.07280676923076923
0.07927384615384615
0.05674338461538461
0.017732307692307693
-0.003755076923076923
-0.021904615384615383
-0.015646153846153844
-0.015437538461538461
-0.025659692307692307
-0.03838523076923077
-0.06842584615384616
-0.0717636923076923
-0.06049846153846154
-0.03108369230769231
0.01814953846153846
0.021278769230769233
0.023364923076923075
0.03379569230769231
0.04401784615384615
0.07614461538461538
0.06425353846153846
0.03358707692307692
0.011473846153846154
-0.009804923076923077
0.00855323076923077
0.020027076923076922
0.018358153846153843
0.014603076923076923
-0.0025033846153846152
0.016272
0.037967999999999995
0.05048492307692308
0.06028984615384615
0.04088861538461538
0.03880246153846154
0.03650769230769231
0.02545107692307692
0.014394461538461538
-0.008761846153846153
-0.012308307692307691
-0.0077187692307692304
0.0016689230769230767
0.02899753846153846
0.050067692307692306
0.045060923076923075
0.03275261538461539
0.024408000000000003
0.03275261538461539
0.0446436923076923
0.03233538461538461
0.014603076923076923
-0.009387692307692307
-0.02357353846153846
-0.024199384615384616
-0.008970461538461538
0.015020307692307692
0.018358153846153843
0.03275261538461539
0.05799507692307692
0.08574092307692306
0.10180430769230768
0.0771876923076923
0.04547815384615384
0.011891076923076923
-0.026285538461538457
-0.04693846153846153
-0.0678
-0.08469784615384615
-0.07969107692307692
-0.05653476923076922
-0.02232184615384615
0.009387692307692307
0.037967999999999995
0.05507446153846154
0.05653476923076922
0.05090215384615384
0.037967999999999995
0.015646153846153844
-0.02482523076923077
-0.06800861538461538
-0.08949599999999999
-0.11035753846153845
-0.13247076923076923
-0.1422756923076923
-0.1435273846153846
-0.12329169230769231
-0.10055261538461538
-0.08073415384615384
-0.041514461538461535
-0.012099692307692308
0.013560000000000001
0.037342153846153844
0.05319692307692307
0.08574092307692306
0.11056615384615384
0.12642092307692307
0.138312
0.15208061538461537
0.16230276923076925
0.15103753846153847
0.13101046153846155
0.09700615384615385
0.05319692307692307
0.02086153846153846
-0.006884307692307692
-0.03212676923076923
-0.047981538461538464
-0.05653476923076922
-0.037967999999999995
0.01043076923076923
0.06654830769230768
0.11953661538461538
0.1652233846153846
0.1994363076923077
0.2238443076923077
0.23093723076923076
0.21633415384615384
0.17398523076923075
0.10597661538461538
0.031918153846153846
-0.040679999999999994
-0.10180430769230768
-0.14290153846153844
-0.15333230769230768
-0.13101046153846155
-0.07802215384615384
0.0
0.08323753846153846
0.16063384615384615
0.22113230769230768
0.2509643076923077
0.2507556923076923
0.22989415384615383
0.19150892307692308
0.1356
0.07072061538461538
0.002086153846153846
-0.050067692307692306
-0.08240307692307691
-0.10138707692307691
-0.09304246153846155
-0.07384984615384615
-0.042557538461538466
0.0012516923076923076
0.04714707692307692
0.0936683076923077
0.111192
0.11098338461538461
0.10535076923076922
0.08302892307692307
0.053405538461538456
0.006258461538461538
-0.04756430769230769
-0.09304246153846155
-0.13518276923076925
-0.1504116923076923
-0.15249784615384615
-0.15291507692307693
-0.14394461538461537
-0.13622584615384614
-0.111192
-0.06550523076923077
-0.02482523076923077
0.012099692307692308
0.04172307692307692
0.07051199999999999
0.10722830769230769
0.11807630769230769
0.09992676923076924
0.05611753846153846
-0.008344615384615384
-0.07656184615384615
-0.13267938461538462
-0.1696043076923077
-0.19380369230769232
-0.20319138461538463
-0.18712800000000002
-0.14540492307692307
-0.08073415384615384
-0.0025033846153846152
0.05778646153846154
0.11202646153846153
0.143736
0.14540492307692307
0.130176
0.078648
0.016480615384615385
-0.05507446153846154
-0.11724184615384614
-0.14331876923076922
-0.1489513846153846
-0.12642092307692307
-0.0828203076923077
-0.020027076923076922
0.06759138461538462
0.15604430769230768
0.22864246153846152
0.2782929230769231
0.2782929230769231
0.25367630769230765
0.21716861538461538
0.168144
0.11599015384615384
0.040679999999999994
-0.021696
-0.06404492307692307
-0.0880356923076923
-0.08031692307692308
-0.06967753846153846
-0.04902461538461538
-0.013768615384615384
0.023990769230769232
0.07280676923076923
0.10222153846153846
0.09763200000000001
0.07802215384615384
0.026076923076923077
-0.02753723076923077
-0.07948246153846153
-0.1435273846153846
-0.1948467692307692
-0.241368
-0.26097784615384617
-0.24345415384615382
-0.21153599999999997
-0.17294215384615383
-0.14018953846153845
-0.10952307692307692
-0.07343261538461537
-0.02899753846153846
0.014185846153846153
0.05090215384615384
0.0826116923076923
0.10514215384615383
0.13309661538461537
0.14603076923076924
0.13267938461538462
0.09512861538461538
0.04088861538461538
-0.015020307692307692
-0.06300184615384616
-0.08866153846153846
-0.10430769230769231
-0.10868861538461538
-0.09658892307692307
-0.0609156923076923
-0.0012516923076923076
0.06654830769230768
0.12412615384615384
0.15124615384615384
0.14853415384615384
0.13080184615384613
0.10806276923076923
0.0798996923076923
0.03984553846153846
-0.015854769230769228
-0.06863446153846153
-0.10868861538461538
-0.1289243076923077
-0.13059323076923077
-0.13101046153846155
-0.11494707692307692
-0.07948246153846153
-0.028788923076923077
0.04631261538461538
0.11348676923076922
0.1597993846153846
0.1860849230769231
0.1940123076923077
0.19568123076923075
0.17231630769230769
0.12433476923076923
0.05778646153846154
-0.011265230769230769
-0.05757784615384615
-0.08448923076923077
-0.09325107692307691
-0.0934596923076923
-0.092208
-0.0892873846153846
-0.07572738461538461
-0.04631261538461538
-0.023364923076923075
-0.011891076923076923
-0.003755076923076923
0.009804923076923077
0.03108369230769231
0.056951999999999996
0.07468430769230769
0.07948246153846153
0.07572738461538461
0.06154153846153846
0.037967999999999995
0.001043076923076923
-0.05403138461538461
-0.127464
-0.19505538461538463
-0.2374043076923077
-0.24324553846153843
-0.2125790769230769
-0.16751815384615384
-0.10368184615384615
-0.023990769230769232
0.061124307692307686
0.1489513846153846
0.22593046153846155
0.2707827692307692
0.2751636923076923
0.2424110769230769
0.17502830769230768
0.0853236923076923
-0.026494153846153844
-0.14957723076923077
-0.2563883076923077
-0.32272799999999996
-0.33607938461538456
-0.3160523076923077
-0.28955815384615385
-0.2588916923076923
-0.22551323076923077
-0.18379015384615385
-0.09283384615384616
0.03755076923076923
0.1693956923076923
0.30249230769230767
0.3978295384615384
0.484404923076923
0.5590892307692308
0.5551255384615384
0.4887858461538461
0.3243969230769231
0.1422756923076923
-0.03629907692307692
-0.1712732307692308
-0.265776
-0.38760738461538463
-0.3984553846153846
-0.36904061538461536
-0.24074215384615386
-0.03713353846153846
0.1316363076923077
0.32001599999999997
0.43976123076923074
0.5494929230769231
0.5960141538461537
0.5303003076923076
0.4015846153846154
0.17690584615384616
-0.04672984615384615
-0.26076923076923075
-0.4268270769230769
-0.5165316923076922
-0.553248
-0.47355692307692304
-0.32314523076923074
-0.13872923076923074
0.058829538461538454
0.21195323076923075
0.32272799999999996
0.36215630769230767
0.3216849230769231
0.2772498461538462
0.20110523076923076
0.116616
0.04130584615384615
-0.06216738461538462
-0.13518276923076925
-0.20152246153846154
-0.2497126153846154
-0.26869661538461537
-0.2780843076923077
-0.25659692307692306
-0.20924123076923076
-0.11599015384615384
-0.02211323076923077
0.03692492307692308
0.07823076923076923
0.09283384615384616
0.12204
0.15667015384615385
0.14999446153846155
0.14102399999999998
0.13226215384615383
0.12850707692307692
0.1424843076923077
0.10868861538461538
0.029414769230769227
-0.06133292307692308
-0.1693956923076923
-0.2422024615384615
-0.2772498461538462
-0.27412061538461535
-0.20715507692307691
-0.10493353846153847
0.03650769230769231
0.18483323076923078
0.3193901538461538
0.4151446153846154
0.4374664615384615
0.41660492307692304
0.34338092307692303
0.25117292307692307
0.1696043076923077
0.08156861538461539
0.011891076923076923
-0.04088861538461538
-0.06341907692307691
-0.03129230769230769
0.017315076923076923
0.06258461538461538
0.10514215384615383
0.14311015384615386
0.1940123076923077
0.2436627692307692
0.2647329230769231
0.24616615384615384
0.20047938461538461
0.13038461538461538
0.04088861538461538
-0.04819015384615385
-0.13935507692307691
-0.21028430769230766
-0.233232
-0.21487384615384614
-0.15145476923076923
-0.05027630769230769
0.040262769230769234
0.11682461538461539
0.16835261538461538
0.17982646153846152
0.16438892307692307
0.10660246153846153
0.023990769230769232
-0.05945538461538461
-0.14123261538461537
-0.1942209230769231
-0.20778092307692309
-0.19505538461538463
-0.16063384615384615
-0.1070196923076923
-0.04672984615384615
-0.0025033846153846152
0.03108369230769231
0.04756430769230769
0.03379569230769231
0.008970461538461538
-0.03337846153846154
-0.05778646153846154
-0.06675692307692307
-0.08740984615384616
-0.09053907692307692
-0.09241661538461539
-0.0826116923076923
-0.05736923076923077
-0.03275261538461539
-0.010013538461538461
-0.0035464615384615383
0.0035464615384615383
0.01668923076923077
0.015646153846153844
-0.005841230769230769
-0.03713353846153846
-0.06759138461538462
-0.09033046153846153
-0.11077476923076923
-0.11953661538461538
-0.11745046153846153
-0.1045163076923077
-0.05507446153846154
0.001043076923076923
0.05027630769230769
0.08511507692307693
0.07614461538461538
0.05611753846153846
0.031709538461538456
-0.0043809230769230765
-0.02482523076923077
-0.04860738461538461
-0.06070707692307692
-0.03901107692307692
-0.011056615384615385
0.03838523076923077
0.0897046153846154
0.1218313846153846
0.13852061538461538
0.13101046153846155
0.11703323076923078
0.09679753846153846
0.06654830769230768
0.02586830769230769
-0.030040615384615384
-0.07134646153846153
-0.08991323076923076
-0.100344
-0.09554584615384615
-0.08574092307692306
-0.065088
-0.014394461538461538
0.059872615384615385
0.1462393846153846
0.2073636923076923
0.23156307692307693
0.23928184615384615
0.21862892307692305
0.18232984615384615
0.12913292307692306
0.06592246153846154
0.010013538461538461
-0.03901107692307692
-0.06133292307692308
-0.06154153846153846
-0.043392
-0.019192615384615384
0.002712
0.02545107692307692
0.038176615384615385
0.042974769230769226
0.03984553846153846
0.016063384615384615
-0.010848
-0.03275261538461539
-0.05194523076923077
-0.05319692307692307
-0.056951999999999996
-0.06654830769230768
-0.07739630769230768
-0.0880356923076923
-0.0892873846153846
-0.09095630769230768
-0.09095630769230768
-0.09387692307692307
-0.09784061538461537
-0.09554584615384615
-0.09512861538461538
-0.08991323076923076
-0.07802215384615384
-0.06759138461538462
-0.04380923076923077
-0.006467076923076923
0.03692492307692308
0.07843938461538462
0.1070196923076923
0.12329169230769231
0.12099692307692309
0.10368184615384615
0.07489292307692308
0.023364923076923075
-0.04172307692307692
-0.100344
-0.13893784615384613
-0.15187199999999998
-0.13935507692307691
-0.1028473846153846
-0.05048492307692308
0.013768615384615384
0.07656184615384615
0.12433476923076923
0.15103753846153847
0.15270646153846154
0.13247076923076923
0.09283384615384616
0.042974769230769226
-0.008761846153846153
-0.06070707692307692
-0.10994030769230768
-0.15270646153846154
-0.17377661538461536
-0.16418030769230768
-0.13768615384615385
-0.10076123076923077
-0.05194523076923077
-0.0043809230769230765
0.04693846153846153
0.09596307692307693
0.1314276923076923
0.14999446153846155
0.14999446153846155
0.15374953846153847
0.15416676923076922
0.14603076923076924
0.12496061538461539
0.08490646153846154
0.051528
0.021904615384615383
-0.007510153846153846
-0.02586830769230769
-0.04839876923076923
-0.07134646153846153
-0.086784
-0.0853236923076923
-0.05590892307692308
-0.013560000000000001
0.034630153846153845
0.08115138461538463
0.11703323076923078
0.15187199999999998
0.17231630769230769
0.16251138461538459
0.13810338461538463
0.09241661538461539
0.03567323076923076
-0.02044430769230769
-0.07051199999999999
-0.10722830769230769
-0.1397723076923077
-0.15374953846153847
-0.13393107692307693
-0.08594953846153845
-0.029414769230769227
0.028163076923076923
0.06988615384615385
0.09658892307692307
0.10681107692307691
0.0897046153846154
0.06049846153846154
0.01814953846153846
-0.025659692307692307
-0.065088
-0.10368184615384615
-0.12996738461538462
-0.14331876923076922
-0.1435273846153846
-0.12558646153846154
-0.09408553846153846
-0.051528
-0.0070929230769230765
0.030875076923076922
0.05757784615384615
0.06300184615384616
0.053614153846153846
0.027328615384615382
-0.008970461538461538
-0.05048492307692308
-0.09846646153846153
-0.12767261538461538
-0.12308307692307692
-0.0961716923076923
-0.04839876923076923
0.019192615384615384
0.08949599999999999
0.16251138461538459
0.21862892307692305
0.2540935384615385
0.2578486153846154
0.20965846153846154
0.15103753846153847
0.08907876923076924
0.028788923076923077
-0.02545107692307692
-0.07843938461538462
-0.09721476923076922
-0.08240307692307691
-0.04380923076923077
0.023990769230769232
0.09304246153846155
0.16856123076923077
0.24720923076923076
0.2970683076923077
0.3392086153846154
0.3410861538461538
0.3004061538461538
0.23636123076923077
0.13935507692307691
0.045895384615384616
-0.051528
-0.14039815384615384
-0.2075723076923077
-0.2532590769230769
-0.24992123076923078
-0.20819815384615384
-0.1287156923076923
-0.025033846153846153
0.07697907692307693
0.165432
0.2371956923076923
0.29101846153846156
0.30186646153846153
0.26118646153846153
0.17565415384615385
0.06863446153846153
-0.035255999999999996
-0.13393107692307693
-0.21696000000000001
-0.2724516923076923
-0.29414769230769233
-0.2780843076923077
-0.2238443076923077
-0.1462393846153846
-0.06738276923076922
-0.006884307692307692
0.029623384615384614
0.06404492307692307
0.09325107692307691
0.10848000000000001
0.1097316923076923
0.09804923076923076
0.07051199999999999
0.032544
-0.007510153846153846
-0.051319384615384614
-0.0936683076923077
-0.13393107692307693
-0.15896492307692306
-0.15938215384615384
-0.13852061538461538
-0.10368184615384615
-0.06195876923076923
-0.024616615384615383
0.017523692307692306
0.06529661538461538
0.10096984615384616
0.1218313846153846
0.12433476923076923
0.11077476923076923
0.08699261538461538
0.06362769230769232
0.04965046153846154
0.03963692307692308
0.033169846153846154
0.028788923076923077
0.021070153846153846
0.014603076923076923
0.006884307692307692
-0.005841230769230769
-0.027745846153846152
-0.04965046153846154
-0.061750153846153844
-0.059664
-0.04047138461538462
-0.014185846153846153
0.014185846153846153
0.042348923076923076
0.07280676923076923
0.10201292307692307
0.11306953846153844
0.10138707692307691
0.07551876923076924
0.042557538461538466
0.009596307692307692
-0.016063384615384615
-0.031709538461538456
-0.04735569230769231
-0.055491692307692304
-0.04631261538461538
-0.03024923076923077
-0.017940923076923077
-0.013768615384615384
-0.010848
0.0012516923076923076
0.02315630769230769
0.05173661538461538
0.08135999999999999
0.09909230769230769
0.10576799999999999
0.11327815384615383
0.12162276923076921
0.12287446153846153
0.11432123076923076
0.09012184615384615
0.05820369230769231
0.023782153846153845
-0.010639384615384617
-0.047772923076923074
-0.09095630769230768
-0.12934153846153845
-0.15959076923076923
-0.17169046153846151
-0.1693956923076923
-0.1502030769230769
-0.11807630769230769
-0.0826116923076923
-0.035464615384615386
0.019609846153846155
0.07364123076923076
0.11682461538461539
0.12808984615384614
0.119328
0.08448923076923077
0.024199384615384616
-0.0446436923076923
-0.1666836923076923
-0.2791273846153846
-0.36215630769230767
-0.39324
-0.35276861538461535
-0.2776670769230769
-0.1733593846153846
-0.03755076923076923
0.11202646153846153
0.3072904615384615
0.5686855384615385
0.5953883076923077
0.5211212307692308
0.4268270769230769
0.22947692307692308
0.14999446153846155
-0.015020307692307692
-0.29685969230769227
-0.5505359999999999
-0.7159679999999999
-0.6529661538461539
-0.49108061538461534
-0.2937304615384615
-0.10263876923076923
0.06467076923076923
0.34338092307692303
0.6037329230769231
0.8067156923076922
0.8294547692307692
0.6189618461538461
0.42244615384615386
0.17398523076923075
-0.03150092307692308
-0.1777403076923077
-0.41431015384615383
-0.5104818461538462
-0.5878781538461538
-0.5780732307692308
-0.34046030769230773
-0.16501476923076921
0.07113784615384615
0.2720344615384615
0.32377107692307694
0.40700861538461536
0.4216116923076923
0.41910830769230767
0.3844781538461538
0.20131384615384615
0.025033846153846153
-0.13309661538461537
-0.20235692307692305
-0.19317784615384614
-0.23907323076923076
-0.2626467692307692
-0.295608
-0.23448369230769228
-0.08657538461538461
-0.024616615384615383
0.029414769230769227
0.03379569230769231
0.026494153846153844
0.11599015384615384
0.15270646153846154
0.17273353846153844
0.18337292307692307
0.12245723076923076
0.12913292307692306
0.14311015384615386
0.10868861538461538
0.07009476923076922
-0.010222153846153844
-0.09408553846153846
-0.14811692307692306
-0.18712800000000002
-0.19651569230769228
-0.1639716923076923
-0.11056615384615384
-0.06738276923076922
0.027745846153846152
0.15103753846153847
0.22467876923076924
0.30833353846153844
0.33295015384615384
0.2862203076923077
0.2453316923076923
0.15667015384615385
0.06425353846153846
-0.05111076923076923
-0.19755876923076923
-0.2695310769230769
-0.3170953846153846
-0.33065538461538463
-0.2999889230769231
-0.25430215384615384
-0.130176
0.03024923076923077
0.16793538461538463
0.2497126153846154
0.2853858461538461
0.31918153846153846
0.2943563076923077
0.2273907692307692
0.10535076923076922
-0.08344615384615384
-0.20632061538461538
-0.29581661538461534
-0.3483876923076923
-0.30895938461538464
-0.26619323076923074
-0.17169046153846151
-0.037967999999999995
0.07384984615384615
0.2059033846153846
0.295608
0.3246055384615385
0.3079163076923077
0.23281476923076924
0.11974523076923077
-0.0033378461538461535
-0.09930092307692308
-0.19192615384615386
-0.2582658461538461
-0.27704123076923076
-0.2814221538461538
-0.22175815384615383
-0.1341396923076923
-0.053614153846153846
0.04944184615384615
0.11056615384615384
0.15374953846153847
0.21737723076923077
0.23615261538461538
0.20527753846153846
0.1368516923076923
0.04193169230769231
-0.010848
-0.035464615384615386
-0.06362769230769232
-0.08365476923076923
-0.10764553846153846
-0.09721476923076922
-0.05507446153846154
0.011682461538461537
0.08135999999999999
0.12308307692307692
0.15833907692307692
0.15416676923076922
0.14686523076923075
0.1422756923076923
0.11140061538461538
0.10827138461538462
0.08699261538461538
0.045895384615384616
0.027328615384615382
-0.00855323076923077
-0.017940923076923077
-0.015020307692307692
-0.050067692307692306
-0.07238953846153846
-0.08615815384615384
-0.07969107692307692
-0.04693846153846153
-0.022947692307692308
-0.007301538461538462
0.002712
0.03901107692307692
0.09387692307692307
0.1435273846153846
0.18483323076923078
0.18858830769230767
0.18086953846153844
0.16313723076923078
0.12558646153846154
0.0853236923076923
0.027120000000000002
-0.026494153846153844
-0.0744756923076923
-0.11953661538461538
-0.13622584615384614
-0.12266584615384615
-0.0892873846153846
-0.038176615384615385
0.024199384615384616
0.0934596923076923
0.17377661538461536
0.23823876923076923
0.2726603076923077
0.2563883076923077
0.1923433846153846
0.10722830769230769
0.026285538461538457
-0.04819015384615385
-0.13664307692307692
-0.21612553846153845
-0.2764153846153846
-0.2947735384615384
-0.25242461538461536
-0.18754523076923074
-0.111192
-0.012934153846153845
0.08094276923076923
0.16772676923076923
0.23969907692307693
0.26535876923076923
0.2559710769230769
0.20527753846153846
0.11619876923076923
0.019609846153846155
-0.08490646153846154
-0.1760713846153846
-0.23782153846153845
-0.2724516923076923
-0.2624381538461539
-0.20235692307692305
-0.10931446153846153
-0.002086153846153846
0.09992676923076924
0.1704387692307692
0.200688
0.19755876923076923
0.17148184615384612
0.12662953846153846
0.06028984615384615
-0.025659692307692307
-0.10618523076923077
-0.15959076923076923
-0.17544553846153846
-0.14665661538461539
-0.1028473846153846
-0.0609156923076923
-0.005424
0.05319692307692307
0.10597661538461538
0.1449876923076923
0.1435273846153846
0.11202646153846153
0.07510153846153846
0.04547815384615384
0.030875076923076922
0.026702769230769228
0.02315630769230769
0.016063384615384615
0.020027076923076922
0.027745846153846152
0.03275261538461539
0.031918153846153846
0.00855323076923077
-0.03609046153846154
-0.09575446153846154
-0.15166338461538462
-0.18942276923076923
-0.20652923076923077
-0.20715507692307691
-0.18232984615384615
-0.12245723076923076
-0.03650769230769231
0.059872615384615385
0.14039815384615384
0.184416
0.18858830769230767
0.16042523076923076
0.09909230769230769
0.015437538461538461
-0.09471138461538461
-0.21362215384615382
-0.29456492307692306
-0.32502276923076917
-0.2939390769230769
-0.21466523076923077
-0.11306953846153844
0.009804923076923077
0.14561353846153846
0.28350830769230767
0.3949089230769231
0.44622830769230765
0.44351630769230765
0.38990215384615384
0.2872633846153846
0.16021661538461537
0.026702769230769228
-0.11098338461538461
-0.2342750769230769
-0.31855569230769226
-0.33065538461538463
-0.26452430769230767
-0.154584
-0.015646153846153844
0.12767261538461538
0.24449723076923074
0.3291950769230769
0.3615304615384615
0.3310726153846154
0.241368
0.09387692307692307
-0.07092923076923077
-0.22676492307692306
-0.3517255384615385
-0.41952553846153845
-0.4518609230769231
-0.4408043076923077
-0.3707095384615384
-0.24887815384615386
-0.09408553846153846
0.05069353846153846
0.1656406153846154
0.24095076923076922
0.2751636923076923
0.27787569230769227
0.23907323076923076
0.15541846153846153
0.03755076923076923
-0.08866153846153846
-0.1800350769230769
-0.23406646153846156
-0.25430215384615384
-0.23448369230769228
-0.19651569230769228
-0.12996738461538462
-0.027328615384615382
0.086784
0.18921415384615384
0.2438713846153846
0.25346769230769234
0.2330233846153846
0.18712800000000002
0.13330523076923076
0.06425353846153846
-0.019609846153846155
-0.09867507692307692
-0.1462393846153846
-0.15896492307692306
-0.14144123076923076
-0.09825784615384614
-0.051319384615384614
0.003129230769230769
0.06654830769230768
0.12537784615384615
0.1704387692307692
0.1829556923076923
0.1656406153846154
0.13372246153846154
0.10493353846153847
0.08344615384615384
0.06321046153846153
0.03838523076923077
0.0025033846153846152
-0.02044430769230769
-0.02899753846153846
-0.03066646153846154
-0.03296123076923077
-0.05111076923076923
-0.07134646153846153
-0.07760492307692309
-0.06863446153846153
-0.04568676923076923
-0.021904615384615383
-0.0018775384615384615
0.025659692307692307
0.04631261538461538
0.06905169230769231
0.08845292307692308
0.0826116923076923
0.06008123076923077
0.028371692307692306
-0.0029206153846153843
-0.03629907692307692
-0.061124307692307686
-0.08031692307692308
-0.09429415384615383
-0.08845292307692308
-0.06195876923076923
-0.004798153846153846
0.06216738461538462
0.12850707692307692
0.19505538461538463
0.25764
0.3039526153846154
0.31834707692307695
0.2939390769230769
0.22676492307692306
0.13935507692307691
0.03775938461538462
-0.06049846153846154
-0.15562707692307692
-0.23385784615384617
-0.2659846153846154
-0.2557624615384615
-0.18399876923076922
-0.07259815384615384
0.05382276923076923
0.1760713846153846
0.2626467692307692
0.3081249230769231
0.29748553846153847
0.2238443076923077
0.09429415384615383
-0.07572738461538461
-0.24428861538461538
-0.3707095384615384
-0.4508178461538461
-0.469176
-0.42244615384615386
-0.32898646153846156
-0.18232984615384615
-0.012308307692307691
0.15500123076923078
0.2906012307692308
0.3646596923076923
0.3826006153846154
0.3485963076923077
0.26535876923076923
0.14123261538461537
0.0002086153846153846
-0.14206707692307693
-0.2624381538461539
-0.33670523076923076
-0.35193415384615384
-0.3133403076923077
-0.23782153846153845
-0.132888
-0.012308307692307691
0.11432123076923076
0.2261390769230769
0.3133403076923077
0.3558978461538462
0.3448412307692308
0.2999889230769231
0.2303113846153846
0.1489513846153846
0.05611753846153846
-0.04214030769230769
-0.11599015384615384
-0.15813046153846153
-0.1733593846153846
-0.15604430769230768
-0.11724184615384614
-0.06905169230769231
-0.025033846153846153
0.01043076923076923
0.03859384615384615
0.05111076923076923
0.05590892307692308
0.06258461538461538
0.07593599999999999
0.09512861538461538
0.11265230769230769
0.1316363076923077
0.14728246153846153
0.14749107692307692
0.13247076923076923
0.10159569230769232
0.05048492307692308
-0.01668923076923077
-0.07948246153846153
-0.12725538461538463
-0.15500123076923078
-0.16209415384615386
-0.14999446153846155
-0.14665661538461539
-0.13664307692307692
-0.10514215384615383
-0.06967753846153846
-0.03024923076923077
-0.03275261538461539
-0.02545107692307692
-0.0012516923076923076
0.05736923076923077
0.14394461538461537
0.28809784615384615
0.4291218461538462
0.4337113846153846
0.5192436923076923
0.5474067692307693
0.5513704615384615
0.5252935384615384
0.30562153846153844
0.10889723076923077
-0.16647507692307692
-0.3467187692307692
-0.4808584615384615
-0.6502541538461538
-0.6928116923076922
-0.7332830769230769
-0.5772387692307692
-0.32189353846153845
-0.02232184615384615
0.33983446153846153
0.5444861538461538
0.7368295384615384
0.8330012307692308
0.7987883076923077
0.7078319999999999
0.4115981538461538
0.08302892307692307
-0.2605606153846154
-0.6375286153846154
-0.82716
-0.9577532307692307
-0.9863335384615385
-0.8645021538461538
-0.7109612307692308
-0.42015138461538465
-0.10180430769230768
0.23510953846153848
0.5818283076923076
0.7971193846153847
0.9366830769230768
0.9656806153846154
0.8903704615384616
0.7209747692307692
0.39052800000000004
0.02044430769230769
-0.3590270769230769
-0.6917686153846153
-0.8776449230769231
-0.9919661538461538
-0.9713132307692307
-0.8265341538461539
-0.6102
-0.2953993846153846
0.020652923076923076
0.3102110769230769
0.5809938461538461
0.758316923076923
0.8776449230769231
0.9293815384615385
0.8615815384615384
0.6994873846153846
0.42599261538461536
0.10743692307692307
-0.23364923076923078
-0.5611753846153846
-0.8196498461538462
-1.0038572307692308
-1.0522559999999999
-1.0055261538461537
-0.8332098461538461
-0.5138196923076923
-0.15604430769230768
0.23803015384615384
0.6051932307692307
0.8786879999999999
1.0706141538461538
1.1073304615384616
1.0184603076923076
0.8142258461538462
0.48690830769230764
0.143736
-0.2157083076923077
-0.5490756923076923
-0.8092190769230769
-0.9838301538461538
-1.009907076923077
-0.912900923076923
-0.7030338461538461
-0.41034646153846155
-0.07468430769230769
0.3137575384615385
0.6588073846153846
0.9099803076923076
1.0558024615384616
1.033272
0.8953772307692308
0.6604763076923077
0.3342018461538461
-0.0012516923076923076
-0.34233784615384616
-0.6350252307692307
-0.825073846153846
-0.9275039999999999
-0.9070596923076922
-0.7704166153846153
-0.547824
-0.2601433846153846
0.04401784615384615
0.3410861538461538
0.5849575384615384
0.7518498461538461
0.8407199999999999
0.820067076923077
0.7193058461538461
0.5334295384615384
0.2803790769230769
0.015228923076923076
-0.2638984615384615
-0.4877427692307692
-0.6358596923076922
-0.7165938461538461
-0.6873876923076924
-0.5734836923076922
-0.3938658461538461
-0.16856123076923077
0.07197230769230768
0.31229723076923077
0.5173661538461538
0.649211076923077
0.6988615384615385
0.6671520000000001
0.5599236923076922
0.4026276923076923
0.21320492307692307
0.011265230769230769
-0.1869193846153846
-0.34358953846153845
-0.45269538461538456
-0.5167403076923076
-0.5092301538461538
-0.4616658461538461
-0.3573581538461538
-0.21111876923076925
-0.06717415384615384
0.08866153846153846
0.21862892307692305
0.32836061538461536
0.41910830769230767
0.4518609230769231
0.4322510769230769
0.36611999999999995
0.2655673846153846
0.14477907692307693
0.017315076923076923
-0.10618523076923077
-0.21696000000000001
-0.3039526153846154
-0.3536030769230769
-0.3673716923076923
-0.33712246153846154
-0.2628553846153846
-0.16835261538461538
-0.05799507692307692
0.04902461538461538
0.14665661538461539
0.22634769230769228
0.27412061538461535
0.29414769230769233
0.2655673846153846
0.19755876923076923
0.11557292307692307
0.02086153846153846
-0.07802215384615384
-0.165432
-0.22697353846153845
-0.24574892307692306
-0.21237046153846154
-0.1506203076923077
-0.07489292307692308
-0.009387692307692307
0.03421292307692308
0.07468430769230769
0.10660246153846153
0.1218313846153846
0.100344
0.05945538461538461
0.01397723076923077
-0.02858030769230769
-0.056951999999999996
-0.08761846153846153
-0.10159569230769232
-0.10180430769230768
-0.0880356923076923
-0.06383630769230769
-0.05090215384615384
-0.03609046153846154
-0.031918153846153846
-0.041514461538461535
-0.05674338461538461
-0.08031692307692308
-0.09325107692307691
-0.09450276923076922
-0.10138707692307691
-0.10076123076923077
-0.08386338461538462
-0.04172307692307692
0.022530461538461537
0.07739630769230768
0.11494707692307692
0.1151556923076923
0.09971815384615385
0.09179076923076923
0.062376
0.013351384615384614
-0.05048492307692308
-0.10910584615384614
-0.12850707692307692
-0.1178676923076923
-0.086784
-0.03901107692307692
0.0
0.04672984615384615
0.10055261538461538
0.14853415384615384
0.18900553846153845
0.20006215384615383
0.18983999999999998
0.17252492307692308
0.15103753846153847
0.12704676923076924
0.10013538461538461
0.06738276923076922
0.025659692307692307
-0.02044430769230769
-0.05048492307692308
-0.06383630769230769
-0.06946892307692307
-0.0678
-0.06341907692307691
-0.04526953846153846
-0.025659692307692307
-0.005632615384615384
0.011473846153846154
0.016897846153846156
0.032544
0.04735569230769231
0.07009476923076922
0.10368184615384615
0.12287446153846153
0.12537784615384615
0.1207883076923077
0.12391753846153845
0.12600369230769232
0.10138707692307691
0.05236246153846154
-0.0014603076923076922
-0.042974769230769226
-0.06529661538461538
-0.08240307692307691
-0.08177723076923075
-0.06884307692307692
-0.04318338461538461
0.01272553846153846
0.07635323076923077
0.14123261538461537
0.18650215384615382
0.1992276923076923
0.19463815384615382
0.1760713846153846
0.13935507692307691
0.08657538461538461
0.01981846153846154
-0.04714707692307692
-0.10555938461538462
-0.1612596923076923
-0.19192615384615386
-0.20548615384615385
-0.20715507692307691
-0.1867107692307692
-0.1476996923076923
-0.08344615384615384
-0.01856676923076923
0.04214030769230769
0.0892873846153846
0.11578153846153846
0.12975876923076923
0.11452984615384615
0.07155507692307693
0.0
-0.09533723076923077
-0.18712800000000002
-0.25430215384615384
-0.2849686153846154
-0.2814221538461538
-0.25972615384615383
-0.2207150769230769
-0.15938215384615384
-0.08386338461538462
-0.008136
0.05027630769230769
0.09429415384615383
0.12391753846153845
0.1353913846153846
0.1356
0.12350030769230769
0.0963803076923077
0.05778646153846154
0.016480615384615385
-0.015854769230769228
-0.031709538461538456
-0.043600615384615383
-0.04902461538461538
-0.05298830769230769
-0.042557538461538466
-0.014603076923076923
0.014394461538461538
0.04985907692307692
0.07468430769230769
0.09950953846153845
0.12767261538461538
0.15333230769230768
0.18379015384615385
0.19985353846153847
0.1990190769230769
0.20423446153846153
0.20548615384615385
0.20506892307692307
0.19317784615384614
0.14978584615384616
0.09283384615384616
0.015228923076923076
-0.05194523076923077
-0.1028473846153846
-0.15416676923076922
-0.18504184615384617
-0.20027076923076922
-0.17565415384615385
-0.10743692307692307
-0.009804923076923077
0.10931446153846153
0.21028430769230766
0.2912270769230769
0.34588430769230766
0.3577753846153846
0.3285692307692308
0.241368
0.1136953846153846
-0.027745846153846152
-0.15625292307692307
-0.24324553846153843
-0.28768061538461537
-0.28851507692307693
-0.2453316923076923
-0.16584923076923075
-0.04985907692307692
0.08177723076923075
0.19609846153846153
0.28768061538461537
0.33357600000000004
0.3375396923076923
0.3102110769230769
0.24324553846153843
0.16480615384615382
0.06821723076923077
-0.02795446153846154
-0.1097316923076923
-0.1712732307692308
-0.19985353846153847
-0.2194633846153846
-0.21591692307692306
-0.1842073846153846
-0.12558646153846154
-0.04547815384615384
0.03504738461538461
0.09491999999999999
0.12725538461538463
0.13330523076923076
0.11140061538461538
0.08219446153846154
0.03859384615384615
-0.008970461538461538
-0.053614153846153846
-0.09450276923076922
-0.1178676923076923
-0.13121907692307694
-0.1353913846153846
-0.13643446153846153
-0.12996738461538462
-0.1151556923076923
-0.08866153846153846
-0.05757784615384615
-0.027120000000000002
0.005632615384615384
0.04193169230769231
0.09262523076923077
0.13914646153846155
0.17002153846153847
0.17419384615384614
0.1543753846153846
0.11807630769230769
0.06821723076923077
0.009179076923076922
-0.06133292307692308
-0.12537784615384615
-0.1656406153846154
-0.17648861538461538
-0.16313723076923078
-0.12996738461538462
-0.08469784615384615
-0.023364923076923075
0.05820369230769231
0.13643446153846153
0.20298276923076922
0.24866953846153847
0.25471938461538457
0.22947692307692308
0.1802436923076923
0.12329169230769231
0.06613107692307692
-0.0016689230769230767
-0.06070707692307692
-0.10660246153846153
-0.13205353846153844
-0.12767261538461538
-0.10138707692307691
-0.054657230769230764
-0.0012516923076923076
0.059664
0.11098338461538461
0.14081538461538462
0.15416676923076922
0.130176
0.08115138461538463
0.026076923076923077
-0.02044430769230769
-0.04735569230769231
-0.07593599999999999
-0.11390399999999999
-0.13518276923076925
-0.14081538461538462
-0.13372246153846154
-0.10514215384615383
-0.07843938461538462
-0.05528307692307692
-0.046104
-0.042557538461538466
-0.02482523076923077
-0.00855323076923077
-0.003963692307692307
0.0008344615384615384
0.005424
0.01272553846153846
0.021696
-0.0002086153846153846
-0.022947692307692308
-0.02899753846153846
-0.01272553846153846
0.023364923076923075
0.05820369230769231
0.092208
0.13476553846153844
0.20319138461538463
0.2707827692307692
0.3375396923076923
0.30854215384615385
0.23052
0.14978584615384616
0.06863446153846153
0.06341907692307691
-0.04965046153846154
-0.13518276923076925
-0.18900553846153845
-0.20047938461538461
-0.06759138461538462
-0.016897846153846156
0.0609156923076923
0.06946892307692307
0.07489292307692308
0.146448
0.10347323076923076
0.0961716923076923
-0.02315630769230769
-0.1860849230769231
-0.2588916923076923
-0.3584012307692308
-0.31834707692307695
-0.27182584615384614
-0.21716861538461538
-0.04985907692307692
0.045895384615384616
0.19463815384615382
0.3114627692307692
0.3269003076923077
0.35568923076923076
0.21967199999999998
0.06946892307692307
-0.05090215384615384
-0.18983999999999998
-0.19588984615384614
-0.22530461538461538
-0.2207150769230769
-0.1612596923076923
-0.11181784615384616
0.02315630769230769
0.10201292307692307
0.10889723076923077
0.08824430769230769
0.002086153846153846
-0.03358707692307692
-0.07092923076923077
-0.14164984615384615
-0.17502830769230768
-0.21320492307692307
-0.17169046153846151
-0.09012184615384615
-0.029414769230769227
0.054240000000000003
0.10910584615384614
0.16167692307692308
0.20360861538461536
0.1860849230769231
0.1424843076923077
0.042348923076923076
-0.09012184615384615
-0.1873366153846154
-0.27182584615384614
-0.2891409230769231
-0.2582658461538461
-0.18483323076923078
-0.058412307692307694
0.062376
0.21091015384615383
0.3206418461538461
0.37967999999999996
0.38698153846153843
0.29602523076923076
0.19860184615384616
0.08135999999999999
-0.058829538461538454
-0.16689230769230767
-0.25993476923076925
-0.2868461538461538
-0.25847446153846154
-0.20027076923076922
-0.10994030769230768
-0.046104
0.015854769230769228
0.07635323076923077
0.11014892307692307
0.119328
0.07301538461538462
0.015646153846153844
-0.018775384615384614
-0.05382276923076923
-0.06258461538461538
-0.06425353846153846
-0.05298830769230769
0.0025033846153846152
0.04714707692307692
0.10389046153846154
0.1462393846153846
0.14394461538461537
0.12516923076923075
0.03942830769230769
-0.05653476923076922
-0.13372246153846154
-0.20381723076923075
-0.22593046153846155
-0.23969907692307693
-0.20819815384615384
-0.11181784615384616
0.00855323076923077
0.16751815384615384
0.2979027692307692
0.38280923076923074
0.4072172307692307
0.34296369230769225
0.24866953846153847
0.08740984615384616
-0.1205796923076923
-0.32961230769230765
-0.5223729230769231
-0.6175015384615384
-0.6266806153846154
-0.5528307692307692
-0.3947003076923077
-0.20339999999999997
0.04714707692307692
0.32606584615384615
0.5764043076923077
0.750180923076923
0.7770923076923076
0.6911427692307692
0.5259193846153846
0.301032
0.061750153846153844
-0.18066092307692305
-0.39115384615384613
-0.5346812307692307
-0.5891298461538461
-0.5215384615384615
-0.3642424615384615
-0.15562707692307692
0.07781353846153846
0.2914356923076923
0.4912892307692307
0.6331476923076923
0.6930203076923077
0.6805033846153846
0.5630529230769231
0.38719015384615385
0.19359507692307693
0.009387692307692307
-0.13059323076923077
-0.2424110769230769
-0.30708184615384615
-0.31000246153846156
-0.2601433846153846
-0.15124615384615384
-0.02899753846153846
0.0798996923076923
0.16334584615384617
0.20527753846153846
0.24324553846153843
0.25284184615384614
0.22447015384615385
0.18086953846153844
0.11619876923076923
0.073224
0.05173661538461538
0.042557538461538466
0.042974769230769226
0.026285538461538457
0.007510153846153846
-0.015437538461538461
-0.04631261538461538
-0.07468430769230769
-0.10263876923076923
-0.12308307692307692
-0.13184492307692308
-0.12579507692307693
-0.09304246153846155
-0.043392
0.016897846153846156
0.07134646153846153
0.10076123076923077
0.11599015384615384
0.10138707692307691
0.06070707692307692
-0.010013538461538461
-0.11265230769230769
-0.20652923076923077
-0.2730775384615384
-0.29832
-0.27850153846153847
-0.2355267692307692
-0.15750461538461538
-0.043600615384615383
0.07218092307692307
0.18170399999999998
0.26535876923076923
0.306456
0.30019753846153846
0.241368
0.14853415384615384
0.026911384615384615
-0.10493353846153847
-0.21675138461538462
-0.2937304615384615
-0.3102110769230769
-0.2795446153846154
-0.21487384615384614
-0.11202646153846153
0.005424
0.12850707692307692
0.22697353846153845
0.2751636923076923
0.2822566153846154
0.2426196923076923
0.16730953846153845
0.06884307692307692
-0.05048492307692308
-0.15938215384615384
-0.24512307692307692
-0.28663753846153844
-0.27599815384615384
-0.22780799999999998
-0.14164984615384615
-0.04172307692307692
0.06300184615384616
0.15750461538461538
0.22843384615384613
0.2647329230769231
0.24866953846153847
0.19505538461538463
0.10722830769230769
0.006675692307692307
-0.07343261538461537
-0.13309661538461537
-0.1639716923076923
-0.16772676923076923
-0.1449876923076923
-0.0828203076923077
-0.004589538461538461
0.07802215384615384
0.14603076923076924
0.18253846153846154
0.2157083076923077
0.23010276923076922
0.2355267692307692
0.22280123076923075
0.1733593846153846
0.11536430769230768
0.048816000000000005
-0.003963692307692307
-0.04944184615384615
-0.09763200000000001
-0.13393107692307693
-0.15896492307692306
-0.16188553846153847
-0.1358086153846154
-0.0963803076923077
-0.04631261538461538
0.015020307692307692
0.07197230769230768
0.12850707692307692
0.16856123076923077
0.18796246153846152
0.1800350769230769
0.14582215384615385
0.11452984615384615
0.08156861538461539
0.056951999999999996
0.028371692307692306
-0.006467076923076923
-0.03275261538461539
-0.049233230769230765
-0.03588184615384615
-0.009804923076923077
0.012934153846153845
0.033169846153846154
0.047772923076923074
0.07697907692307693
0.11536430769230768
0.14102399999999998
0.1476996923076923
0.13101046153846155
0.09679753846153846
0.056951999999999996
0.01981846153846154
-0.02211323076923077
-0.08448923076923077
-0.15082892307692305
-0.19004861538461537
-0.19964492307692308
-0.1860849230769231
-0.16251138461538459
-0.13601723076923075
-0.10994030769230768
-0.08636676923076922
-0.045060923076923075
-0.0014603076923076922
0.030875076923076922
0.04401784615384615
0.03483876923076923
0.035255999999999996
0.03504738461538461
0.030875076923076922
0.01710646153846154
-0.012308307692307691
-0.028163076923076923
-0.03421292307692308
-0.03942830769230769
-0.05048492307692308
-0.08240307692307691
-0.1218313846153846
-0.1424843076923077
-0.13768615384615385
-0.11140061538461538
-0.06967753846153846
-0.02795446153846154
0.008344615384615384
0.05048492307692308
0.10430769230769231
0.13768615384615385
0.13747753846153846
0.10743692307692307
0.05757784615384615
0.006884307692307692
-0.04631261538461538
-0.09784061538461537
-0.14686523076923075
-0.18858830769230767
-0.21341353846153846
-0.21070153846153844
-0.1783661538461538
-0.12204
-0.06028984615384615
0.006258461538461538
0.08469784615384615
0.1693956923076923
0.24408
0.28350830769230767
0.2830910769230769
0.24345415384615382
0.18149538461538461
0.10952307692307692
0.03275261538461539
-0.043392
-0.116616
-0.16438892307692307
-0.1721076923076923
-0.14185846153846154
-0.09179076923076923
-0.044435076923076924
0.009387692307692307
0.06467076923076923
0.11014892307692307
0.1424843076923077
0.14039815384615384
0.11327815384615383
0.06613107692307692
0.016272
-0.020027076923076922
-0.05277969230769231
-0.07906523076923076
-0.10263876923076923
-0.12266584615384615
-0.12308307692307692
-0.10681107692307691
-0.07760492307692309
-0.03942830769230769
-0.016272
0.008761846153846153
0.03045784615384615
0.043392
0.05319692307692307
0.04088861538461538
0.01940123076923077
-0.0014603076923076922
-0.012934153846153845
-0.015854769230769228
-0.025033846153846153
-0.03650769230769231
-0.04401784615384615
-0.0446436923076923
-0.035464615384615386
-0.021904615384615383
-0.01814953846153846
-0.02524246153846154
-0.03984553846153846
-0.04547815384615384
-0.04130584615384615
-0.04693846153846153
-0.052153846153846155
-0.058412307692307694
-0.05319692307692307
-0.03275261538461539
-0.003129230769230769
0.029832
0.0448523076923077
0.052153846153846155
0.054657230769230764
0.05090215384615384
0.03713353846153846
0.015228923076923076
-0.009596307692307692
-0.028371692307692306
-0.021696
0.006675692307692307
0.04652123076923077
0.09283384615384616
0.13184492307692308
0.16000799999999998
0.18483323076923078
0.20173107692307693
0.20840676923076923
0.19985353846153847
0.165432
0.12120553846153845
0.07238953846153846
0.02753723076923077
0.003129230769230769
-0.019609846153846155
-0.03504738461538461
-0.03629907692307692
-0.023990769230769232
-0.0004172307692307692
0.02023569230769231
0.03692492307692308
0.045060923076923075
0.038176615384615385
0.02899753846153846
0.007301538461538462
-0.03129230769230769
-0.06133292307692308
-0.08574092307692306
-0.0892873846153846
-0.06884307692307692
-0.03442153846153846
0.012934153846153845
0.05924676923076923
0.100344
0.12788123076923075
0.13789476923076924
0.1314276923076923
0.10618523076923077
0.06675692307692307
0.012516923076923077
-0.04214030769230769
-0.09825784615384614
-0.15187199999999998
-0.19839323076923077
-0.23969907692307693
-0.2707827692307692
-0.27599815384615384
-0.21091015384615383
-0.10535076923076922
0.04965046153846154
0.20861538461538462
0.3344104615384615
0.46542092307692307
0.5294658461538462
0.5455292307692308
0.47084492307692305
0.3095852307692307
0.12913292307692306
-0.07677046153846154
-0.20339999999999997
-0.3513083076923077
-0.45332123076923075
-0.46354338461538463
-0.4516523076923077
-0.2979027692307692
-0.13226215384615383
0.06321046153846153
0.24491446153846153
0.35339446153846155
0.47355692307692304
0.4812756923076923
0.4387181538461538
0.3327415384615385
0.1585476923076923
0.014394461538461538
-0.17315076923076922
-0.2883064615384615
-0.33983446153846153
-0.3584012307692308
-0.2641070769230769
-0.1696043076923077
-0.04672984615384615
0.06675692307692307
0.13309661538461537
0.22008923076923076
0.2288510769230769
0.20652923076923077
0.1779489230769231
0.11077476923076923
0.08720123076923077
0.049233230769230765
0.005215384615384615
-0.03129230769230769
-0.09825784615384614
-0.13810338461538463
-0.1733593846153846
-0.20861538461538462
-0.21779446153846155
-0.21049292307692305
-0.15479261538461536
-0.07927384615384615
-0.010639384615384617
0.06008123076923077
0.10243015384615384
0.15374953846153847
0.19693292307692306
0.2209236923076923
0.2526332307692308
0.25951753846153847
0.2666104615384615
0.25242461538461536
0.17982646153846152
0.08302892307692307
-0.03233538461538461
-0.15103753846153847
-0.24032492307692307
-0.30249230769230767
-0.3012406153846154
-0.23907323076923076
-0.13476553846153844
0.01710646153846154
0.17002153846153847
0.3114627692307692
0.4042966153846154
0.4326683076923077
0.40617415384615385
0.2989458461538462
0.1614683076923077
0.02023569230769231
-0.11223507692307692
-0.20360861538461536
-0.2720344615384615
-0.2891409230769231
-0.2574313846153846
-0.200688
-0.11056615384615384
-0.01981846153846154
0.078648
0.18358153846153846
0.2626467692307692
0.30186646153846153
0.29227015384615385
0.24637476923076923
0.17523692307692307
0.08156861538461539
-0.016063384615384615
-0.103056
-0.16021661538461537
-0.165432
-0.14185846153846154
-0.08615815384615384
-0.008970461538461538
0.06195876923076923
0.13455692307692307
0.17690584615384616
0.17711446153846155
0.13893784615384613
0.06654830769230768
-0.002712
-0.065088
-0.10848000000000001
-0.12975876923076923
-0.14123261538461537
-0.12767261538461538
-0.10138707692307691
-0.049233230769230765
0.012934153846153845
0.04172307692307692
0.06300184615384616
0.07134646153846153
0.06946892307692307
0.056951999999999996
0.013768615384615384
-0.02753723076923077
-0.07635323076923077
-0.1207883076923077
-0.13434830769230768
-0.13434830769230768
-0.11578153846153846
-0.08615815384615384
-0.04902461538461538
0.002086153846153846
0.05090215384615384
0.08386338461538462
0.086784
0.054240000000000003
0.0022947692307692304
-0.05444861538461539
-0.10910584615384614
-0.14436184615384615
-0.17398523076923075
-0.19985353846153847
-0.21111876923076925
-0.2090326153846154
-0.16981292307692308
-0.12308307692307692
-0.07843938461538462
-0.040054153846153843
-0.015854769230769228
0.022530461538461537
0.06341907692307691
0.09971815384615385
0.12204
0.12120553846153845
0.1207883076923077
0.13518276923076925
0.1489513846153846
0.15208061538461537
0.11953661538461538
0.05778646153846154
-0.004589538461538461
-0.06446215384615385
-0.11140061538461538
-0.16835261538461538
-0.2056947692307692
-0.21362215384615382
-0.19797599999999999
-0.1368516923076923
-0.05924676923076923
0.03379569230769231
0.10848000000000001
0.16689230769230767
0.23114584615384615
0.2722430769230769
0.29414769230769233
0.2655673846153846
0.1860849230769231
0.0744756923076923
-0.06571384615384615
-0.19818461538461538
-0.3229366153846154
-0.4282873846153846
-0.4823187692307692
-0.47918953846153844
-0.40033292307692303
-0.2563883076923077
-0.08866153846153846
0.09053907692307692
0.2438713846153846
0.3604873846153846
0.4276615384615384
0.4049224615384615
0.31542646153846154
0.165432
-0.003963692307692307
-0.15354092307692307
-0.2807963076923077
-0.34776184615384614
-0.3650769230769231
-0.32627446153846157
-0.2275993846153846
-0.09116492307692307
0.06738276923076922
0.20465169230769228
0.3039526153846154
0.3577753846153846
0.35986153846153845
0.3206418461538461
0.2480436923076923
0.14978584615384616
0.03838523076923077
-0.07051199999999999
-0.15562707692307692
-0.20110523076923076
-0.21508246153846153
-0.20193969230769232
-0.1637630769230769
-0.10681107692307691
-0.03129230769230769
0.04860738461538461
0.11599015384615384
0.16167692307692308
0.17398523076923075
0.15208061538461537
0.1218313846153846
0.08636676923076922
0.0448523076923077
0.010013538461538461
-0.015646153846153844
-0.020652923076923076
-0.0050067692307692304
0.014185846153846153
0.02273907692307692
0.021904615384615383
0.0
-0.028163076923076923
-0.05444861538461539
-0.09325107692307691
-0.12391753846153845
-0.13247076923076923
-0.10430769230769231
-0.042348923076923076
0.03775938461538462
0.12099692307692309
0.19672430769230767
0.26097784615384617
0.29727692307692305
0.2981113846153846
0.2480436923076923
0.15792184615384616
0.04631261538461538
-0.07426707692307692
-0.17481969230769231
-0.241368
-0.26869661538461537
-0.2526332307692308
-0.19442953846153843
-0.0988836923076923
0.02586830769230769
0.15938215384615384
0.2724516923076923
0.3373310769230769
0.3508910769230769
0.31646953846153847
0.235944
0.12391753846153845
-0.010013538461538461
-0.14018953846153845
-0.24428861538461538
-0.3079163076923077
-0.3156350769230769
-0.27787569230769227
-0.20798953846153845
-0.11348676923076922
-0.003963692307692307
0.10785415384615385
0.1948467692307692
0.2411593846153846
0.2355267692307692
0.1913003076923077
0.12621230769230768
0.043600615384615383
-0.03692492307692308
-0.11682461538461539
-0.18066092307692305
-0.19839323076923077
-0.17899199999999998
-0.12391753846153845
-0.053614153846153846
0.016480615384615385
0.09158215384615384
0.14290153846153844
0.17315076923076922
0.1881710769230769
0.16835261538461538
0.12579507692307693
0.07155507692307693
0.024199384615384616
0.0018775384615384615
0.0025033846153846152
0.017940923076923077
0.040679999999999994
0.06759138461538462
0.0936683076923077
0.1151556923076923
0.11578153846153846
0.08386338461538462
0.016063384615384615
-0.06049846153846154
-0.12850707692307692
-0.18900553846153845
-0.22551323076923077
-0.24303692307692307
-0.22676492307692306
-0.1691870769230769
-0.07510153846153846
0.040262769230769234
0.13893784615384613
0.21466523076923077
0.2588916923076923
0.2716172307692308
0.26118646153846153
0.2157083076923077
0.13622584615384614
0.03150092307692308
-0.08302892307692307
-0.17002153846153847
-0.2236356923076923
-0.23490092307692306
-0.21195323076923075
-0.1710646153846154
-0.09471138461538461
-0.0012516923076923076
0.09930092307692308
0.1883796923076923
0.23093723076923076
0.24574892307692306
0.2355267692307692
0.208824
0.18274707692307693
0.1316363076923077
0.06633969230769231
0.007301538461538462
-0.03567323076923076
-0.047772923076923074
-0.03671630769230769
-0.017523692307692306
0.0035464615384615383
0.024408000000000003
0.04526953846153846
0.05716061538461538
0.05799507692307692
0.04839876923076923
0.021070153846153846
-0.0035464615384615383
-0.015020307692307692
-0.011473846153846154
0.008761846153846153
0.026702769230769228
0.046104
0.07197230769230768
0.092208
0.10931446153846153
0.1045163076923077
0.07197230769230768
0.021904615384615383
-0.04088861538461538
-0.08156861538461539
-0.10409907692307692
-0.11390399999999999
-0.11056615384615384
-0.09825784615384614
-0.058412307692307694
-0.0033378461538461535
0.054657230769230764
0.10159569230769232
0.12808984615384614
0.14290153846153844
0.13893784615384613
0.11640738461538462
0.07051199999999999
-0.0012516923076923076
-0.08302892307692307
-0.15604430769230768
-0.2021483076923077
-0.22008923076923076
-0.21529107692307692
-0.18358153846153846
-0.1207883076923077
-0.04526953846153846
0.0446436923076923
0.13309661538461537
0.1883796923076923
0.21362215384615382
0.19714153846153845
0.16167692307692308
0.11473846153846154
0.05090215384615384
-0.016272
-0.08094276923076923
-0.11327815384615383
-0.11640738461538462
-0.09179076923076923
-0.04652123076923077
-0.007510153846153846
0.029623384615384614
0.058412307692307694
0.07405846153846153
0.06905169230769231
0.034630153846153845
-0.013560000000000001
-0.06300184615384616
-0.0988836923076923
-0.10159569230769232
-0.07593599999999999
-0.03400430769230769
0.023990769230769232
0.08782707692307692
0.154584
0.21237046153846154
0.22655630769230767
0.1990190769230769
0.13622584615384614
0.056951999999999996
-0.015228923076923076
-0.0826116923076923
-0.14102399999999998
-0.17815753846153848
-0.18316430769230768
-0.15124615384615384
-0.086784
0.0018775384615384615
0.09095630769230768
0.16000799999999998
0.21466523076923077
0.24032492307692307
0.22780799999999998
0.17565415384615385
0.08115138461538463
-0.02899753846153846
-0.143736
-0.24074215384615386
-0.30249230769230767
-0.33315876923076926
-0.3235624615384615
-0.2837169230769231
-0.19860184615384616
-0.09763200000000001
-0.0002086153846153846
0.06738276923076922
0.078648
0.06633969230769231
0.025033846153846153
-0.017940923076923077
-0.0853236923076923
-0.13872923076923074
-0.18212123076923076
-0.17732307692307692
-0.12788123076923075
0.016897846153846156
0.21800307692307694
0.19964492307692308
0.23344061538461539
0.2438713846153846
0.2411593846153846
0.301032
0.1287156923076923
-0.017315076923076923
-0.214248
-0.31229723076923077
-0.22321846153846153
-0.20861538461538462
-0.11348676923076922
-0.09512861538461538
0.02545107692307692
0.2722430769230769
0.42891323076923077
0.5964313846153846
0.5263366153846154
0.3784283076923077
0.25659692307692306
0.04547815384615384
-0.06571384615384615
-0.2647329230769231
-0.44998338461538456
-0.49337538461538455
-0.5834972307692308
-0.45457292307692304
-0.2436627692307692
-0.0678
0.1800350769230769
0.2772498461538462
0.387816
0.4650036923076923
0.4378836923076923
0.4405956923076923
0.2995716923076923
0.09471138461538461
-0.084072
-0.2275993846153846
-0.24741784615384615
-0.3004061538461538
-0.35798399999999997
-0.3485963076923077
-0.31751261538461534
-0.15750461538461538
-0.01710646153846154
0.05444861538461539
0.12579507692307693
0.11599015384615384
0.15541846153846153
0.1881710769230769
0.1314276923076923
0.09596307692307693
0.015228923076923076
-0.028371692307692306
0.006049846153846154
0.006675692307692307
0.011473846153846154
-0.025033846153846153
-0.0717636923076923
-0.09179076923076923
-0.127464
-0.14269292307692305
-0.1693956923076923
-0.1635544615384615
-0.1368516923076923
-0.12266584615384615
-0.02357353846153846
0.073224
0.14790830769230767
0.2238443076923077
0.23469230769230767
0.25388492307692306
0.23010276923076922
0.16313723076923078
0.09658892307692307
-0.04839876923076923
-0.1656406153846154
-0.22989415384615383
-0.2828824615384615
-0.3022836923076923
-0.3269003076923077
-0.28476
-0.165432
-0.03275261538461539
0.103056
0.18170399999999998
0.24741784615384615
0.30937661538461536
0.2989458461538462
0.2641070769230769
0.1504116923076923
-0.007510153846153846
-0.12391753846153845
-0.24992123076923078
-0.2953993846153846
-0.28809784615384615
-0.26306399999999996
-0.16292861538461537
-0.06759138461538462
0.054657230769230764
0.19881046153846152
0.3004061538461538
0.3636166153846153
0.3540203076923077
0.30708184615384615
0.24032492307692307
0.14999446153846155
0.06884307692307692
-0.024199384615384616
-0.1070196923076923
-0.16793538461538463
-0.20652923076923077
-0.1783661538461538
-0.13935507692307691
-0.09596307692307693
-0.038176615384615385
-0.027328615384615382
0.005841230769230769
0.049233230769230765
0.05820369230769231
0.04631261538461538
-0.017315076923076923
-0.053614153846153846
-0.04819015384615385
-0.044435076923076924
-0.032544
-0.042348923076923076
-0.04631261538461538
-0.02858030769230769
-0.010848
0.02357353846153846
0.029832
0.01814953846153846
0.003963692307692307
-0.03024923076923077
-0.02795446153846154
-0.026911384615384615
-0.01981846153846154
0.021904615384615383
0.045060923076923075
0.08866153846153846
0.14269292307692305
0.18983999999999998
0.2574313846153846
0.26723630769230766
0.2290596923076923
0.1733593846153846
0.092208
0.029623384615384614
-0.03504738461538461
-0.09408553846153846
-0.13226215384615383
-0.14519630769230768
-0.0988836923076923
-0.03671630769230769
0.033169846153846154
0.10263876923076923
0.13893784615384613
0.1696043076923077
0.16480615384615382
0.13184492307692308
0.08782707692307692
0.009596307692307692
-0.06133292307692308
-0.12204
-0.1706473846153846
-0.1721076923076923
-0.13643446153846153
-0.08073415384615384
-0.01272553846153846
0.05236246153846154
0.12287446153846153
0.19609846153846153
0.24303692307692307
0.25346769230769234
0.2209236923076923
0.14477907692307693
0.06529661538461538
0.005841230769230769
-0.045895384615384616
-0.11035753846153845
-0.17085599999999998
-0.19505538461538463
-0.18921415384615384
-0.14331876923076922
-0.08240307692307691
-0.018358153846153843
0.05444861538461539
0.11682461538461539
0.18379015384615385
0.22634769230769228
0.2261390769230769
0.20047938461538461
0.13038461538461538
0.04693846153846153
-0.028163076923076923
-0.09950953846153845
-0.14749107692307692
-0.18316430769230768
-0.19755876923076923
-0.17732307692307692
-0.13226215384615383
-0.06863446153846153
-0.0012516923076923076
0.06028984615384615
0.10868861538461538
0.14519630769230768
0.18128676923076922
0.20381723076923075
0.20235692307692305
0.1691870769230769
0.1028473846153846
0.03859384615384615
-0.017315076923076923
-0.06613107692307692
-0.09784061538461537
-0.13789476923076924
-0.1693956923076923
-0.168144
-0.13768615384615385
-0.07030338461538461
-0.0077187692307692304
0.047772923076923074
0.09387692307692307
0.12099692307692309
0.15938215384615384
0.18107815384615383
0.18066092307692305
0.15562707692307692
0.10952307692307692
0.078648
0.04985907692307692
0.022947692307692308
-0.001043076923076923
-0.03400430769230769
-0.05653476923076922
-0.06821723076923077
-0.06133292307692308
-0.03901107692307692
-0.01940123076923077
0.0016689230769230767
0.02273907692307692
0.059038153846153844
0.10868861538461538
0.15082892307692305
0.18086953846153844
0.1913003076923077
0.18149538461538461
0.15354092307692307
0.11077476923076923
0.04380923076923077
-0.04422646153846154
-0.13038461538461538
-0.18775384615384613
-0.22175815384615383
-0.24491446153846153
-0.24720923076923076
-0.23364923076923078
-0.18775384615384613
-0.11557292307692307
-0.03275261538461539
0.04631261538461538
0.10243015384615384
0.13935507692307691
0.16230276923076925
0.16605784615384614
0.14957723076923077
0.11703323076923078
0.065088
0.0077187692307692304
-0.04318338461538461
-0.07781353846153846
-0.08949599999999999
-0.08219446153846154
-0.05027630769230769
-0.0033378461538461535
0.05507446153846154
0.11745046153846153
0.1635544615384615
0.19338646153846153
0.19171753846153847
0.16063384615384615
0.11724184615384614
0.06258461538461538
0.008761846153846153
-0.04401784615384615
-0.09283384615384616
-0.12433476923076923
-0.12975876923076923
-0.10660246153846153
-0.07113784615384615
-0.04276615384615385
-0.01981846153846154
0.0
0.014185846153846153
0.017940923076923077
-0.0070929230769230765
-0.05444861538461539
-0.11014892307692307
-0.15291507692307693
-0.16626646153846153
-0.15896492307692306
-0.1316363076923077
-0.08720123076923077
-0.020652923076923076
0.065088
0.14999446153846155
0.21529107692307692
0.23969907692307693
0.22551323076923077
0.17982646153846152
0.10138707692307691
0.007301538461538462
-0.08490646153846154
-0.16021661538461537
-0.21862892307692305
-0.24720923076923076
-0.222384
-0.16751815384615384
-0.08782707692307692
0.01043076923076923
0.10493353846153847
0.1940123076923077
0.2561796923076923
0.2899753846153846
0.2795446153846154
0.20715507692307691
0.09930092307692308
-0.029623384615384614
-0.15228923076923076
-0.2478350769230769
-0.3216849230769231
-0.35568923076923076
-0.3410861538461538
-0.27850153846153847
-0.17711446153846155
-0.06467076923076923
0.047772923076923074
0.13998092307692306
0.20027076923076922
0.235944
0.23928184615384615
0.2140393846153846
0.15604430769230768
0.08031692307692308
0.015646153846153844
-0.043600615384615383
-0.07969107692307692
-0.09179076923076923
-0.09658892307692307
-0.07948246153846153
-0.05653476923076922
-0.02357353846153846
0.013560000000000001
0.03421292307692308
0.05236246153846154
0.061124307692307686
0.07030338461538461
0.08323753846153846
0.0936683076923077
0.10514215384615383
0.10848000000000001
0.11306953846153844
0.11473846153846154
0.09554584615384615
0.06821723076923077
0.025033846153846153
-0.03045784615384615
-0.0826116923076923
-0.13455692307692307
-0.16772676923076923
-0.18712800000000002
-0.19067446153846154
-0.16418030769230768
-0.11286092307692308
-0.04693846153846153
0.021696
0.08824430769230769
0.1358086153846154
0.15646153846153846
0.1462393846153846
0.10618523076923077
0.04526953846153846
-0.031709538461538456
-0.11494707692307692
-0.20381723076923075
-0.2814221538461538
-0.3269003076923077
-0.33587076923076925
-0.3081249230769231
-0.24199384615384617
-0.13768615384615385
-0.023364923076923075
0.09930092307692308
0.20360861538461536
0.26723630769230766
0.29602523076923076
0.26640184615384616
0.19526400000000002
0.0897046153846154
-0.03692492307692308
-0.15687876923076924
-0.2557624615384615
-0.3133403076923077
-0.31751261538461534
-0.2697396923076923
-0.1802436923076923
-0.06028984615384615
0.07343261538461537
0.20986707692307693
0.3216849230769231
0.40846892307692306
0.4485230769230769
0.43287692307692305
0.37655076923076924
0.26118646153846153
0.12788123076923075
-0.01272553846153846
-0.14999446153846155
-0.24449723076923074
-0.30207507692307695
-0.309168
-0.2699483076923077
-0.1940123076923077
-0.08031692307692308
0.041514461538461535
0.15291507692307693
0.235944
0.26786215384615386
0.25764
0.20360861538461536
0.116616
0.014811692307692307
-0.09095630769230768
-0.1691870769230769
-0.214248
-0.2288510769230769
-0.2090326153846154
-0.17273353846153844
-0.11807630769230769
-0.04547815384615384
0.029832
0.12433476923076923
0.20256553846153844
0.24178523076923078
0.24637476923076923
0.2157083076923077
0.1718990769230769
0.12537784615384615
0.08240307692307691
0.015020307692307692
-0.037967999999999995
-0.08344615384615384
-0.08448923076923077
-0.05403138461538461
0.025659692307692307
0.19150892307692308
0.1873366153846154
0.19338646153846153
0.22113230769230768
0.1913003076923077
0.23218892307692307
0.11265230769230769
-0.027745846153846152
-0.18128676923076922
-0.29227015384615385
-0.235944
-0.22718215384615387
-0.18921415384615384
-0.1883796923076923
-0.13872923076923074
0.03421292307692308
0.16188553846153847
0.30583015384615386
0.314592
0.2154996923076923
0.16042523076923076
0.06028984615384615
0.008136
-0.07030338461538461
-0.1873366153846154
-0.19609846153846153
-0.24741784615384615
-0.21883753846153844
-0.09804923076923076
-0.029414769230769227
0.08845292307692308
0.13101046153846155
0.15792184615384616
0.20924123076923076
0.20444307692307692
0.241368
0.2194633846153846
0.14853415384615384
0.09429415384615383
0.043392
0.06884307692307692
0.06487938461538462
0.006675692307692307
-0.04819015384615385
-0.12934153846153845
-0.14269292307692305
-0.12558646153846154
-0.13393107692307693
-0.11327815384615383
-0.10535076923076922
-0.06404492307692307
0.018775384615384614
0.06446215384615385
0.11807630769230769
0.14436184615384615
0.14144123076923076
0.16647507692307692
0.15354092307692307
0.11557292307692307
0.029832
-0.09596307692307693
-0.2090326153846154
-0.3294036923076923
-0.41305846153846154
-0.46667261538461535
-0.44748
-0.3510996923076923
-0.24846092307692308
-0.078648
0.10180430769230768
0.25200738461538463
0.39344861538461534
0.442056
0.4282873846153846
0.34275507692307694
0.18170399999999998
0.02273907692307692
-0.16021661538461537
-0.29727692307692305
-0.35860984615384617
-0.3717526153846154
-0.31125415384615385
-0.21529107692307692
-0.06800861538461538
0.111192
0.254928
0.3508910769230769
0.3775938461538461
0.3707095384615384
0.3521427692307692
0.27453784615384613
0.1637630769230769
0.024408000000000003
-0.11432123076923076
-0.17481969230769231
-0.20298276923076922
-0.19150892307692308
-0.13747753846153846
-0.084072
0.008761846153846153
0.10430769230769231
0.19213476923076922
0.2768326153846154
0.3102110769230769
0.30186646153846153
0.2503384615384615
0.17815753846153848
0.09012184615384615
-0.00855323076923077
-0.08365476923076923
-0.13121907692307694
-0.12788123076923075
-0.08574092307692306
-0.03567323076923076
0.03296123076923077
0.09325107692307691
0.13810338461538463
0.1869193846153846
0.2090326153846154
0.21132738461538458
0.20298276923076922
0.16751815384615384
0.12099692307692309
0.07468430769230769
0.05319692307692307
0.07364123076923076
0.10222153846153846
0.12433476923076923
0.12975876923076923
0.12704676923076924
0.12391753846153845
0.10222153846153846
0.07238953846153846
0.022947692307692308
-0.020652923076923076
-0.043392
-0.06967753846153846
-0.07259815384615384
-0.07092923076923077
-0.061750153846153844
-0.019192615384615384
0.009596307692307692
0.02211323076923077
0.020652923076923076
-0.0035464615384615383
-0.02482523076923077
-0.05444861538461539
-0.10409907692307692
-0.1506203076923077
-0.1800350769230769
-0.18379015384615385
-0.165432
-0.12788123076923075
-0.07697907692307693
-0.031709538461538456
0.021278769230769233
0.07551876923076924
0.116616
0.13893784615384613
0.12099692307692309
0.08365476923076923
0.03045784615384615
-0.02858030769230769
-0.06383630769230769
-0.08657538461538461
-0.09429415384615383
-0.10389046153846154
-0.10994030769230768
-0.07739630769230768
-0.02482523076923077
0.026702769230769228
0.056951999999999996
0.06404492307692307
0.06759138461538462
0.05611753846153846
0.030040615384615384
-0.011056615384615385
-0.08240307692307691
-0.15959076923076923
-0.21716861538461538
-0.222384
-0.19213476923076922
-0.16334584615384617
-0.12808984615384614
-0.084072
-0.02482523076923077
0.027745846153846152
0.049233230769230765
0.03629907692307692
0.0008344615384615384
-0.04714707692307692
-0.09387692307692307
-0.12808984615384614
-0.15833907692307692
-0.17419384615384614
-0.1733593846153846
-0.1558356923076923
-0.11202646153846153
-0.05090215384615384
0.0077187692307692304
0.04526953846153846
0.051319384615384614
0.042557538461538466
0.03108369230769231
0.021904615384615383
0.010639384615384617
-0.021070153846153846
-0.055491692307692304
-0.07656184615384615
-0.07113784615384615
-0.03942830769230769
-0.006258461538461538
0.014394461538461538
0.023990769230769232
0.04672984615384615
0.08323753846153846
0.10743692307692307
0.10931446153846153
0.07948246153846153
0.03650769230769231
0.0035464615384615383
-0.020652923076923076
-0.04172307692307692
-0.05945538461538461
-0.06154153846153846
-0.040054153846153843
0.010222153846153844
0.08302892307692307
0.16063384615384615
0.21862892307692305
0.2482523076923077
0.24679199999999998
0.21904615384615383
0.1656406153846154
0.07468430769230769
-0.030040615384615384
-0.12579507692307693
-0.1846246153846154
-0.20006215384615383
-0.1873366153846154
-0.13747753846153846
-0.06654830769230768
0.014394461538461538
0.10597661538461538
0.19693292307692306
0.2680707692307692
0.29456492307692306
0.26786215384615386
0.21153599999999997
0.138312
0.05862092307692307
-0.020652923076923076
-0.09846646153846153
-0.15270646153846154
-0.1760713846153846
-0.16876984615384616
-0.1356
-0.09053907692307692
-0.04902461538461538
-0.008970461538461538
0.03838523076923077
0.0853236923076923
0.11682461538461539
0.12537784615384615
0.12016246153846154
0.10055261538461538
0.08198584615384615
0.06863446153846153
0.04526953846153846
0.015437538461538461
-0.02044430769230769
-0.056951999999999996
-0.084072
-0.09763200000000001
-0.10597661538461538
-0.12224861538461537
-0.14018953846153845
-0.13935507692307691
-0.12725538461538463
-0.11098338461538461
-0.08845292307692308
-0.07802215384615384
-0.05799507692307692
-0.02524246153846154
0.012099692307692308
0.042557538461538466
0.04631261538461538
0.03713353846153846
-0.0022947692307692304
-0.06070707692307692
-0.10096984615384616
-0.13226215384615383
-0.16459753846153846
-0.17690584615384616
-0.16418030769230768
-0.11578153846153846
-0.035464615384615386
0.0448523076923077
0.12725538461538463
0.19735015384615384
0.24178523076923078
0.26160369230769226
0.24512307692307692
0.19442953846153843
0.11223507692307692
0.014185846153846153
-0.08031692307692308
-0.14957723076923077
-0.18066092307692305
-0.1869193846153846
-0.168144
-0.12642092307692307
-0.059664
0.030040615384615384
0.10910584615384614
0.17273353846153844
0.2090326153846154
0.20444307692307692
0.18483323076923078
0.1506203076923077
0.09179076923076923
0.009804923076923077
-0.07426707692307692
-0.13330523076923076
-0.16876984615384616
-0.18107815384615383
-0.17732307692307692
-0.14853415384615384
-0.09554584615384615
-0.031918153846153846
0.050067692307692306
0.12433476923076923
0.17440246153846153
0.20193969230769232
0.200688
0.19004861538461537
0.17148184615384612
0.13768615384615385
0.09241661538461539
0.031918153846153846
-0.02023569230769231
-0.05716061538461538
-0.07635323076923077
-0.06258461538461538
-0.043392
-0.02482523076923077
0.0035464615384615383
0.04526953846153846
0.08824430769230769
0.11390399999999999
0.13038461538461538
0.13497415384615385
0.12996738461538462
0.12120553846153845
0.10514215384615383
0.07280676923076923
0.026702769230769228
-0.028788923076923077
-0.06571384615384615
-0.07697907692307693
-0.08740984615384616
-0.09179076923076923
-0.09283384615384616
-0.07969107692307692
-0.048816000000000005
-0.004172307692307692
0.05319692307692307
0.11452984615384615
0.1779489230769231
0.22447015384615385
0.249504
0.25242461538461536
0.21737723076923077
0.15228923076923076
0.061750153846153844
-0.033169846153846154
-0.10952307692307692
-0.1721076923076923
-0.21174461538461536
-0.22593046153846155
-0.20673784615384616
-0.13914646153846155
-0.03775938461538462
0.07343261538461537
0.17502830769230768
0.2497126153846154
0.287472
0.29456492307692306
0.2647329230769231
0.19755876923076923
0.1045163076923077
-0.0025033846153846152
-0.09700615384615385
-0.17398523076923075
-0.22676492307692306
-0.24345415384615382
-0.2157083076923077
-0.14311015384615386
-0.03838523076923077
0.0855323076923077
0.19672430769230767
0.2845513846153846
0.3437981538461538
0.36382523076923073
0.3452584615384615
0.28267384615384616
0.18379015384615385
0.0717636923076923
-0.043392
-0.14999446153846155
-0.21758584615384616
-0.2503384615384615
-0.23907323076923076
-0.18066092307692305
-0.0934596923076923
0.02086153846153846
0.12579507692307693
0.214248
0.2720344615384615
0.2830910769230769
0.26535876923076923
0.2209236923076923
0.157296
0.07614461538461538
-0.021278769230769233
-0.10889723076923077
-0.165432
-0.19735015384615384
-0.19192615384615386
-0.16584923076923075
-0.12433476923076923
-0.06154153846153846
0.003755076923076923
0.08198584615384615
0.13038461538461538
0.1506203076923077
0.14999446153846155
0.12162276923076921
0.09304246153846155
0.03838523076923077
-0.030040615384615384
-0.10138707692307691
-0.16856123076923077
-0.22551323076923077
-0.2774584615384615
-0.3310726153846154
-0.39657784615384617
-0.46959323076923076
-0.4681329230769231
-0.3750904615384615
-0.2422024615384615
-0.025033846153846153
0.1639716923076923
0.3536030769230769
0.5371846153846154
0.6433698461538462
0.709500923076923
0.6137464615384616
0.41973415384615387
0.1652233846153846
-0.10222153846153846
-0.34984799999999994
-0.5743181538461538
-0.7028252307692308
-0.7689563076923076
-0.6921858461538462
-0.49274953846153846
-0.22300984615384614
0.09387692307692307
0.3692492307692308
0.5826627692307692
0.7009476923076923
0.6944806153846154
0.5734836923076922
0.3790541538461539
0.09554584615384615
-0.20402584615384614
-0.44998338461538456
-0.628140923076923
-0.6490024615384615
-0.5728578461538462
-0.4115981538461538
-0.18983999999999998
0.010013538461538461
0.21800307692307694
0.3775938461538461
0.4318338461538461
0.4049224615384615
0.3095852307692307
0.1913003076923077
0.08824430769230769
0.0
-0.06988615384615385
-0.1462393846153846
-0.20110523076923076
-0.23010276923076922
-0.23886461538461537
-0.21675138461538462
-0.19818461538461538
-0.14290153846153844
-0.06008123076923077
0.013142769230769229
0.08448923076923077
0.09512861538461538
0.07593599999999999
0.06905169230769231
0.037967999999999995
0.03066646153846154
0.043600615384615383
0.06675692307692307
0.11390399999999999
0.1476996923076923
0.15667015384615385
0.12725538461538463
0.06008123076923077
-0.027328615384615382
-0.12308307692307692
-0.19067446153846154
-0.21633415384615384
-0.1869193846153846
-0.09491999999999999
0.0025033846153846152
0.12266584615384615
0.2275993846153846
0.2853858461538461
0.31041969230769234
0.24679199999999998
0.13622584615384614
0.01940123076923077
-0.08782707692307692
-0.15896492307692306
-0.21007569230769232
-0.2453316923076923
-0.23114584615384615
-0.16856123076923077
-0.08177723076923075
0.008344615384615384
0.07823076923076923
0.12266584615384615
0.15291507692307693
0.18796246153846152
0.1923433846153846
0.16897846153846155
0.12412615384615384
0.04672984615384615
-0.01710646153846154
-0.08428061538461538
-0.13747753846153846
-0.1614683076923077
-0.18483323076923078
-0.17461107692307692
-0.12350030769230769
-0.03942830769230769
0.06675692307692307
0.16063384615384615
0.20944984615384615
0.21800307692307694
0.1990190769230769
0.15374953846153847
0.09450276923076922
0.021904615384615383
-0.061124307692307686
-0.13476553846153844
-0.16710092307692306
-0.16230276923076925
-0.13121907692307694
-0.08365476923076923
-0.04631261538461538
0.003963692307692307
0.051319384615384614
0.0826116923076923
0.11160923076923077
0.09450276923076922
0.05298830769230769
0.012934153846153845
-0.035464615384615386
-0.06696553846153847
-0.09408553846153846
-0.124752
-0.1368516923076923
-0.12767261538461538
-0.09304246153846155
-0.06154153846153846
-0.04693846153846153
-0.04109723076923077
-0.04422646153846154
-0.03567323076923076
-0.03901107692307692
-0.05486584615384615
-0.06884307692307692
-0.10263876923076923
-0.12934153846153845
-0.14936861538461538
-0.1637630769230769
-0.15813046153846153
-0.1558356923076923
-0.14457046153846154
-0.10389046153846154
-0.058829538461538454
-0.014185846153846153
0.037342153846153844
0.07510153846153846
0.11995384615384615
0.16710092307692306
0.2127876923076923
0.2626467692307692
0.28893230769230765
0.29581661538461534
0.2791273846153846
0.2620209230769231
0.24095076923076922
0.2056947692307692
0.15750461538461538
0.09158215384615384
0.045060923076923075
0.016272
0.003755076923076923
0.005215384615384615
0.026911384615384615
0.07697907692307693
0.14916
0.2273907692307692
0.2807963076923077
0.30562153846153844
0.2912270769230769
0.26535876923076923
0.24449723076923074
0.19735015384615384
0.12621230769230768
0.03421292307692308
-0.06070707692307692
-0.12579507692307693
-0.16271999999999998
-0.17273353846153844
-0.15124615384615384
-0.11077476923076923
-0.052153846153846155
0.023364923076923075
0.09450276923076922
0.1449876923076923
0.16251138461538459
0.14457046153846154
0.10639384615384614
0.06487938461538462
0.021487384615384613
-0.021070153846153846
-0.052153846153846155
-0.07510153846153846
-0.07510153846153846
-0.04693846153846153
-0.013560000000000001
0.01940123076923077
0.03150092307692308
0.025033846153846153
0.01940123076923077
0.01043076923076923
-0.0022947692307692304
-0.02044430769230769
-0.04526953846153846
-0.07092923076923077
-0.08073415384615384
-0.07906523076923076
-0.07802215384615384
-0.08699261538461538
-0.10076123076923077
-0.09867507692307692
-0.08699261538461538
-0.07593599999999999
-0.06905169230769231
-0.07113784615384615
-0.06967753846153846
-0.061124307692307686
-0.051319384615384614
-0.03483876923076923
-0.026911384615384615
-0.022947692307692308
-0.015020307692307692
0.0029206153846153843
0.03337846153846154
0.05674338461538461
0.073224
0.07280676923076923
0.05799507692307692
0.03671630769230769
-0.0014603076923076922
-0.045895384615384616
-0.08949599999999999
-0.12913292307692306
-0.14874276923076923
-0.1435273846153846
-0.11452984615384615
-0.06863446153846153
-0.01856676923076923
0.032544
0.08156861538461539
0.12037107692307693
0.13914646153846155
0.1356
0.10576799999999999
0.06154153846153846
0.029206153846153847
0.0035464615384615383
-0.014603076923076923
-0.023364923076923075
-0.026494153846153844
-0.0070929230769230765
0.03483876923076923
0.08177723076923075
0.11724184615384614
0.13476553846153844
0.13101046153846155
0.11411261538461538
0.09158215384615384
0.05674338461538461
0.013768615384615384
-0.03358707692307692
-0.06926030769230769
-0.07697907692307693
-0.05945538461538461
-0.024408000000000003
0.013142769230769229
0.045895384615384616
0.07906523076923076
0.10931446153846153
0.119328
0.10389046153846154
0.059872615384615385
-0.009387692307692307
-0.0892873846153846
-0.17023015384615386
-0.23636123076923077
-0.2862203076923077
-0.30854215384615385
-0.28893230769230765
-0.2330233846153846
-0.14957723076923077
-0.054240000000000003
0.03984553846153846
0.11098338461538461
0.15520984615384617
0.1829556923076923
0.18629353846153843
0.15833907692307692
0.10263876923076923
0.026702769230769228
-0.04860738461538461
-0.11077476923076923
-0.15333230769230768
-0.16772676923076923
-0.1558356923076923
-0.10868861538461538
-0.031709538461538456
0.05820369230769231
0.14978584615384616
0.21800307692307694
0.25200738461538463
0.25430215384615384
0.23260615384615385
0.1942209230769231
0.13935507692307691
0.078648
0.012934153846153845
-0.0446436923076923
-0.08302892307692307
-0.10639384615384614
-0.11807630769230769
-0.12412615384615384
-0.12204
-0.11202646153846153
-0.08386338461538462
-0.043392
-0.008344615384615384
0.025659692307692307
0.06070707692307692
0.09429415384615383
0.11953661538461538
0.12850707692307692
0.12496061538461539
0.10618523076923077
0.07155507692307693
0.03713353846153846
-0.006467076923076923
-0.05924676923076923
-0.11432123076923076
-0.16334584615384617
-0.18775384615384613
-0.19004861538461537
-0.1656406153846154
-0.11223507692307692
-0.04839876923076923
0.019609846153846155
0.08219446153846154
0.13601723076923075
0.1800350769230769
0.19651569230769228
0.19213476923076922
0.1656406153846154
0.12683815384615382
0.08073415384615384
0.03212676923076923
-0.01272553846153846
-0.05382276923076923
-0.08365476923076923
-0.0974233846153846
-0.09137353846153846
-0.07843938461538462
-0.054657230769230764
-0.03233538461538461
-0.011891076923076923
0.02545107692307692
0.059872615384615385
0.08615815384615384
0.10848000000000001
0.11724184615384614
0.11807630769230769
0.1097316923076923
0.09033046153846153
0.06321046153846153
0.029832
-0.004589538461538461
-0.03400430769230769
-0.053405538461538456
-0.06321046153846153
-0.06905169230769231
-0.07802215384615384
-0.0892873846153846
-0.09575446153846154
-0.09554584615384615
-0.09095630769230768
-0.07843938461538462
-0.058829538461538454
-0.03609046153846154
-0.009179076923076922
0.019609846153846155
0.04568676923076923
0.06341907692307691
0.07009476923076922
0.06321046153846153
0.04965046153846154
0.021487384615384613
-0.02086153846153846
-0.05444861538461539
-0.08761846153846153
-0.1136953846153846
-0.1218313846153846
-0.10493353846153847
-0.06613107692307692
-0.028371692307692306
0.025659692307692307
0.0892873846153846
0.1504116923076923
0.20924123076923076
0.24011630769230768
0.25117292307692307
0.2221753846153846
0.15395815384615386
0.08761846153846153
0.00855323076923077
-0.06404492307692307
-0.12245723076923076
-0.1718990769230769
-0.18712800000000002
-0.18253846153846154
-0.16188553846153847
-0.12391753846153845
-0.07823076923076923
-0.01668923076923077
0.03379569230769231
0.07051199999999999
0.10660246153846153
0.11327815384615383
0.10117846153846152
0.07572738461538461
0.03588184615384615
0.0006258461538461538
-0.03942830769230769
-0.07280676923076923
-0.09158215384615384
-0.09575446153846154
-0.07969107692307692
-0.05528307692307692
-0.024408000000000003
0.015854769230769228
0.05298830769230769
0.092208
0.12704676923076924
0.14185846153846154
0.14811692307692306
0.1462393846153846
0.15333230769230768
0.1612596923076923
0.15646153846153846
0.13184492307692308
0.08574092307692306
0.04380923076923077
0.0016689230769230767
-0.04756430769230769
-0.09158215384615384
-0.11891076923076922
-0.14123261538461537
-0.1489513846153846
-0.14081538461538462
-0.14790830769230767
-0.12996738461538462
-0.08887015384615385
-0.02899753846153846
0.05653476923076922
0.12600369230769232
0.20006215384615383
0.2632726153846154
0.3160523076923077
0.3225193846153846
0.2659846153846154
0.18253846153846154
0.09095630769230768
-0.005632615384615384
-0.1504116923076923
-0.2647329230769231
-0.3577753846153846
-0.39595199999999997
-0.36278215384615387
-0.33545353846153847
-0.2586830769230769
-0.16000799999999998
0.0
0.18358153846153846
0.32606584615384615
0.4318338461538461
0.4524867692307692
0.46771569230769233
0.42787015384615384
0.3160523076923077
0.1666836923076923
-0.05236246153846154
-0.21716861538461538
-0.3344104615384615
-0.4128498461538462
-0.4076344615384615
-0.37592492307692305
-0.26139507692307695
-0.09784061538461537
0.04860738461538461
0.21466523076923077
0.3246055384615385
0.3955347692307692
0.44914892307692306
0.4443507692307692
0.4180652307692308
0.3344104615384615
0.23344061538461539
0.12642092307692307
-0.016897846153846156
-0.15270646153846154
-0.28204799999999997
-0.3584012307692308
-0.3836436923076923
-0.38343507692307693
-0.3202246153846154
-0.21320492307692307
-0.07030338461538461
0.09825784615384614
0.23636123076923077
0.34880492307692307
0.42953907692307686
0.45707630769230767
0.450192
0.38719015384615385
0.265776
0.12350030769230769
-0.02795446153846154
-0.16063384615384615
-0.27140861538461536
-0.36611999999999995
-0.4174393846153846
-0.40095876923076923
-0.30666461538461537
-0.16584923076923075
-0.002086153846153846
0.15500123076923078
0.2981113846153846
0.42494953846153843
0.48565661538461535
0.48023261538461537
0.42265476923076917
0.3077076923076923
0.16793538461538463
0.014394461538461538
-0.1462393846153846
-0.2828824615384615
-0.3917796923076923
-0.45749353846153845
-0.46667261538461535
-0.4193169230769231
-0.3160523076923077
-0.18149538461538461
-0.04526953846153846
0.07531015384615385
0.17273353846153844
0.2497126153846154
0.2845513846153846
0.25284184615384614
0.15249784615384615
0.006258461538461538
-0.12558646153846154
-0.235944
-0.3235624615384615
-0.3738387692307692
-0.3980381538461538
-0.37008369230769234
-0.27599815384615384
-0.14999446153846155
-0.013142769230769229
0.09679753846153846
0.1760713846153846
0.24700061538461537
0.2862203076923077
0.30186646153846153
0.279336
0.21654276923076923
0.14060676923076923
0.059872615384615385
0.0033378461538461535
-0.037342153846153844
-0.05236246153846154
-0.051528
-0.03859384615384615
0.01043076923076923
0.059872615384615385
0.10785415384615385
0.15270646153846154
0.16584923076923075
0.16793538461538463
0.16042523076923076
0.13726892307692307
0.11891076923076922
0.08135999999999999
0.02858030769230769
-0.009804923076923077
-0.03859384615384615
-0.05528307692307692
-0.06362769230769232
-0.07510153846153846
-0.086784
-0.09679753846153846
-0.0934596923076923
-0.07426707692307692
-0.06633969230769231
-0.07301538461538462
-0.08386338461538462
-0.07489292307692308
-0.047772923076923074
-0.03212676923076923
-0.016480615384615385
-0.01814953846153846
-0.025659692307692307
-0.01668923076923077
-0.01668923076923077
-0.009387692307692307
-0.014811692307692307
-0.028788923076923077
-0.025659692307692307
-0.027120000000000002
-0.016897846153846156
-0.0002086153846153846
0.012099692307692308
0.027120000000000002
0.03400430769230769
0.03567323076923076
0.02586830769230769
0.008344615384615384
-0.01043076923076923
-0.03108369230769231
-0.042348923076923076
-0.03984553846153846
-0.020652923076923076
0.003129230769230769
0.03504738461538461
0.07489292307692308
0.11390399999999999
0.15416676923076922
0.17398523076923075
0.1721076923076923
0.14686523076923075
0.10076123076923077
0.053405538461538456
0.003129230769230769
-0.04902461538461538
-0.09700615384615385
-0.13330523076923076
-0.1435273846153846
-0.12725538461538463
-0.09700615384615385
-0.06800861538461538
-0.03921969230769231
-0.005841230769230769
0.03150092307692308
0.06279323076923077
0.07405846153846153
0.06905169230769231
0.04276615384615385
0.003129230769230769
-0.03337846153846154
-0.0798996923076923
-0.12621230769230768
-0.16063384615384615
-0.1785747692307692
-0.16292861538461537
-0.13372246153846154
-0.0855323076923077
-0.019609846153846155
0.04380923076923077
0.10055261538461538
0.15124615384615384
0.19359507692307693
0.2073636923076923
0.19651569230769228
0.16188553846153847
0.11411261538461538
0.06633969230769231
0.014603076923076923
-0.032544
-0.0717636923076923
-0.10889723076923077
-0.1316363076923077
-0.13267938461538462
-0.11682461538461539
-0.08824430769230769
-0.06070707692307692
-0.028163076923076923
0.004798153846153846
0.03713353846153846
0.0609156923076923
0.06905169230769231
0.059872615384615385
0.04172307692307692
0.02586830769230769
-0.0006258461538461538
-0.03045784615384615
-0.07280676923076923
-0.12037107692307693
-0.16605784615384614
-0.20673784615384616
-0.233232
-0.2559710769230769
-0.252216
-0.22655630769230767
-0.1777403076923077
-0.09825784615384614
-0.011056615384615385
0.07969107692307692
0.15771323076923077
0.22467876923076924
0.2722430769230769
0.29456492307692306
0.2979027692307692
0.2632726153846154
0.20339999999999997
0.12767261538461538
0.040679999999999994
-0.03275261538461539
-0.09199938461538461
-0.12767261538461538
-0.12642092307692307
-0.09930092307692308
-0.03108369230769231
0.054657230769230764
0.14144123076923076
0.2209236923076923
0.27599815384615384
0.31918153846153846
0.3294036923076923
0.2981113846153846
0.23093723076923076
0.1341396923076923
0.027745846153846152
-0.06592246153846154
-0.1422756923076923
-0.19505538461538463
-0.21633415384615384
-0.21007569230769232
-0.16584923076923075
-0.09095630769230768
-0.0043809230769230765
0.08177723076923075
0.15541846153846153
0.2127876923076923
0.24658338461538462
0.25054707692307693
0.21675138461538462
0.14144123076923076
0.04902461538461538
-0.042974769230769226
-0.11557292307692307
-0.1506203076923077
-0.16876984615384616
-0.16480615384615382
-0.1368516923076923
-0.09241661538461539
-0.020652923076923076
0.050067692307692306
0.10785415384615385
0.1397723076923077
0.13434830769230768
0.12016246153846154
0.09450276923076922
0.06133292307692308
0.02545107692307692
-0.015646153846153844
-0.03859384615384615
-0.04526953846153846
-0.03045784615384615
-0.005215384615384615
0.012099692307692308
0.03713353846153846
0.05736923076923077
0.078648
0.09909230769230769
0.09575446153846154
0.07969107692307692
0.047981538461538464
0.010013538461538461
-0.013142769230769229
-0.03024923076923077
-0.037342153846153844
-0.029623384615384614
-0.015020307692307692
0.006258461538461538
0.037967999999999995
0.07405846153846153
0.09429415384615383
0.08615815384615384
0.05611753846153846
0.01668923076923077
-0.023990769230769232
-0.06884307692307692
-0.12099692307692309
-0.16209415384615386
-0.1792006153846154
-0.16730953846153845
-0.12788123076923075
-0.07635323076923077
-0.01814953846153846
0.031709538461538456
0.06821723076923077
0.09679753846153846
0.10952307692307692
0.09930092307692308
0.06487938461538462
0.028163076923076923
0.0008344615384615384
-0.016063384615384615
-0.018775384615384614
-0.017315076923076923
-0.008344615384615384
0.013768615384615384
0.042974769230769226
0.078648
0.10660246153846153
0.11995384615384615
0.11724184615384614
0.09554584615384615
0.07635323076923077
0.05173661538461538
0.01940123076923077
-0.01043076923076923
-0.045895384615384616
-0.06341907692307691
-0.06592246153846154
-0.07051199999999999
-0.07572738461538461
-0.0771876923076923
-0.07113784615384615
-0.06195876923076923
-0.055491692307692304
-0.05236246153846154
-0.05090215384615384
-0.06613107692307692
-0.07301538461538462
-0.062376
-0.04860738461538461
-0.026702769230769228
-0.015854769230769228
-0.0043809230769230765
0.0077187692307692304
0.014603076923076923
0.024199384615384616
0.021696
0.013768615384615384
0.007510153846153846
0.0
0.006467076923076923
0.008761846153846153
0.012099692307692308
0.024616615384615383
0.03567323076923076
0.06133292307692308
0.08845292307692308
0.10889723076923077
0.11014892307692307
0.0988836923076923
0.09158215384615384
0.08031692307692308
0.07051199999999999
0.05486584615384615
0.026076923076923077
-0.006049846153846154
-0.031918153846153846
-0.04965046153846154
-0.059664
-0.06863446153846153
-0.07969107692307692
-0.086784
-0.08135999999999999
-0.06946892307692307
-0.05924676923076923
-0.05403138461538461
-0.050067692307692306
-0.04172307692307692
-0.028163076923076923
-0.008136
0.008761846153846153
0.005215384615384615
-0.0050067692307692304
-0.0070929230769230765
-0.0077187692307692304
0.0018775384615384615
0.011265230769230769
0.013560000000000001
0.019192615384615384
0.02357353846153846
0.03629907692307692
0.04672984615384615
0.04902461538461538
0.04672984615384615
0.033169846153846154
0.01814953846153846
0.005424
-0.015437538461538461
-0.037967999999999995
-0.05319692307692307
-0.059872615384615385
-0.042348923076923076
-0.014185846153846153
0.02044430769230769
0.05799507692307692
0.08386338461538462
0.11286092307692308
0.13330523076923076
0.12621230769230768
0.09804923076923076
0.051528
0.0050067692307692304
-0.032544
-0.06028984615384615
-0.07238953846153846
-0.06592246153846154
-0.06300184615384616
-0.052571076923076915
-0.040054153846153843
-0.037342153846153844
-0.042348923076923076
-0.07739630769230768
-0.11035753846153845
-0.12162276923076921
-0.05820369230769231
0.08240307692307691
0.3143833846153846
0.49546153846153845
0.646499076923077
0.8344615384615385
0.9095630769230768
0.9742338461538461
0.8659624615384615
0.6112430769230769
0.2689052307692308
-0.16689230769230767
-0.5192436923076923
-0.8991323076923077
-1.1805544615384613
-1.352870769230769
-1.3797821538461539
-1.136328
-0.775632
-0.24470584615384613
0.306456
0.7862713846153846
1.2322910769230768
1.4784572307692307
1.5591913846153844
1.4052332307692308
0.9921747692307692
0.47001046153846154
-0.17544553846153846
-0.7860627692307691
-1.231248
-1.5493864615384614
-1.619689846153846
-1.505785846153846
-1.2149759999999998
-0.7451741538461537
-0.22551323076923077
0.35631507692307696
0.8542799999999999
1.2012073846153846
1.396054153846154
1.391881846153846
1.2302049230769232
0.8805655384615384
0.376968
-0.16105107692307694
-0.6917686153846153
-1.1056615384615385
-1.3635101538461536
-1.4845070769230768
-1.4096141538461537
-1.1955747692307692
-0.856992
-0.4214030769230769
0.0035464615384615383
0.41618769230769226
0.7735458461538461
1.034940923076923
1.2164363076923077
1.2546129230769232
1.1590670769230769
0.9418984615384616
0.6229255384615384
0.2647329230769231
-0.12767261538461538
-0.4958787692307692
-0.8186067692307691
-1.0447458461538461
-1.129235076923077
-1.1000289230769231
-0.9060166153846154
-0.5743181538461538
-0.17440246153846153
0.2897667692307692
0.7362036923076923
1.1127544615384615
1.377278769230769
1.4588473846153847
1.367891076923077
1.0941876923076923
0.6817550769230768
0.19651569230769228
-0.34317230769230767
-0.8630418461538462
-1.2961273846153847
-1.5727513846153847
-1.64076
-1.5034910769230767
-1.17972
-0.7201403076923076
-0.15917353846153848
0.45561599999999997
1.0101156923076922
1.4361083076923076
1.6724695384615382
1.6653766153846155
1.4496683076923078
1.0401563076923077
0.5083956923076923
-0.05277969230769231
-0.6135378461538461
-1.0697796923076923
-1.3633015384615386
-1.4761624615384614
-1.3670566153846153
-1.083756923076923
-0.6567212307692307
-0.15500123076923078
0.34880492307692307
0.8102621538461537
1.1415433846153844
1.3313833846153844
1.3401452307692308
1.1690806153846154
0.8676313846153846
0.4551987692307692
0.020652923076923076
-0.39303138461538456
-0.7537273846153846
-0.9934264615384615
-1.112545846153846
-1.1037839999999999
-0.9675581538461538
-0.7516412307692308
-0.4752258461538461
-0.16167692307692308
0.15667015384615385
0.45624184615384616
0.6892652307692307
0.8219446153846154
0.8511507692307692
0.7806387692307692
0.6425353846153846
0.4554073846153846
0.2369870769230769
0.016272
-0.19651569230769228
-0.3782196923076923
-0.5292572307692308
-0.6300184615384615
-0.6552609230769231
-0.6225083076923077
-0.5090215384615385
-0.3387913846153846
-0.14561353846153846
0.07155507692307693
0.28434276923076923
0.49921661538461537
0.6832153846153847
0.7871058461538462
0.8133913846153846
0.7485120000000001
0.5995606153846154
0.39595199999999997
0.14832553846153845
-0.12162276923076921
-0.38593846153846156
-0.601020923076923
-0.733908923076923
-0.7760492307692308
-0.7165938461538461
-0.5691027692307692
-0.3550633846153846
-0.09512861538461538
0.17502830769230768
0.4251581538461538
0.618336
0.7272332307692306
0.7309883076923077
0.625428923076923
0.44914892307692306
0.23448369230769228
0.0043809230769230765
-0.2221753846153846
-0.40888615384615384
-0.5242504615384616
-0.5590892307692308
-0.5121507692307692
-0.412224
-0.2814221538461538
-0.14123261538461537
-0.012516923076923077
0.10263876923076923
0.18983999999999998
0.22843384615384613
0.22300984615384614
0.18399876923076922
0.12579507692307693
0.06967753846153846
0.018358153846153843
-0.026494153846153844
-0.06154153846153846
-0.09262523076923077
-0.10597661538461538
-0.10013538461538461
-0.09137353846153846
-0.08073415384615384
-0.08490646153846154
-0.09658892307692307
-0.10117846153846152
-0.09450276923076922
-0.07072061538461538
-0.042348923076923076
-0.0014603076923076922
0.06446215384615385
0.14749107692307692
0.23782153846153845
0.3054129230769231
0.3323243076923077
0.32231076923076923
0.26765353846153844
0.18086953846153844
0.06926030769230769
-0.06905169230769231
-0.2090326153846154
-0.33378461538461535
-0.41577046153846153
-0.42787015384615384
-0.387816
-0.29039261538461536
-0.15687876923076924
-0.01272553846153846
0.14853415384615384
0.2887236923076923
0.38593846153846156
0.4287046153846154
0.40450523076923073
0.3212676923076923
0.19735015384615384
0.059038153846153844
-0.07739630769230768
-0.19839323076923077
-0.2849686153846154
-0.3314898461538462
-0.31626092307692305
-0.23761292307692305
-0.127464
0.003129230769230769
0.12579507692307693
0.23677846153846152
0.3316984615384615
0.3815575384615385
0.38719015384615385
0.34358953846153845
0.2638984615384615
0.1704387692307692
0.07781353846153846
-0.0014603076923076922
-0.07092923076923077
-0.12537784615384615
-0.1612596923076923
-0.17377661538461536
-0.16313723076923078
-0.13852061538461538
-0.10910584615384614
-0.07697907692307693
-0.04109723076923077
-0.0016689230769230767
0.044435076923076924
0.07551876923076924
0.09408553846153846
0.10555938461538462
0.10514215384615383
0.10660246153846153
0.09325107692307691
0.06696553846153847
0.025659692307692307
-0.029414769230769227
-0.06884307692307692
-0.10430769230769231
-0.12287446153846153
-0.12370892307692308
-0.11181784615384616
-0.07760492307692309
-0.018775384615384614
0.06905169230769231
0.157296
0.22780799999999998
0.27787569230769227
0.3012406153846154
0.2937304615384615
0.2480436923076923
0.165432
0.058412307692307694
-0.06404492307692307
-0.17481969230769231
-0.25513661538461535
-0.3054129230769231
-0.31396615384615384
-0.28476
-0.2194633846153846
-0.12245723076923076
-0.012934153846153845
0.0880356923076923
0.16271999999999998
0.19818461538461538
0.18921415384615384
0.14206707692307693
0.05528307692307692
-0.054240000000000003
-0.16710092307692306
-0.2716172307692308
-0.34692738461538464
-0.37967999999999996
-0.3542289230769231
-0.28246523076923075
-0.1779489230769231
-0.05444861538461539
0.07739630769230768
0.20861538461538462
0.29602523076923076
0.3346190769230769
0.32648307692307693
0.2716172307692308
0.18358153846153846
0.06946892307692307
-0.03942830769230769
-0.13101046153846155
-0.19630707692307692
-0.21904615384615383
-0.20235692307692305
-0.1489513846153846
-0.08365476923076923
-0.011473846153846154
0.06216738461538462
0.11911938461538461
0.16334584615384617
0.17169046153846151
0.14394461538461537
0.09825784615384614
0.029623384615384614
-0.03838523076923077
-0.09450276923076922
-0.13664307692307692
-0.15354092307692307
-0.1506203076923077
-0.12204
-0.06467076923076923
0.006467076923076923
0.07468430769230769
0.12996738461538462
0.17273353846153844
0.2090326153846154
0.22008923076923076
0.21237046153846154
0.18858830769230767
0.14394461538461537
0.09825784615384614
0.052153846153846155
0.03650769230769231
0.030040615384615384
0.008136
-0.0029206153846153843
-0.007301538461538462
-0.005841230769230769
-0.003755076923076923
-0.011891076923076923
-0.023990769230769232
-0.03066646153846154
-0.033169846153846154
-0.02023569230769231
0.012308307692307691
0.0609156923076923
0.11870215384615385
0.17440246153846153
0.22572184615384616
0.260352
0.26306399999999996
0.23156307692307693
0.17231630769230769
0.09512861538461538
0.01397723076923077
-0.05653476923076922
-0.11202646153846153
-0.15687876923076924
-0.19213476923076922
-0.20506892307692307
-0.18212123076923076
-0.13622584615384614
-0.08469784615384615
-0.03379569230769231
0.01981846153846154
0.06696553846153847
0.10827138461538462
0.1353913846153846
0.1353913846153846
0.11327815384615383
0.06967753846153846
0.018358153846153843
-0.03629907692307692
-0.09825784615384614
-0.15959076923076923
-0.20819815384615384
-0.22342707692307692
-0.1992276923076923
-0.1449876923076923
-0.07113784615384615
0.0016689230769230767
0.06759138461538462
0.12496061538461539
0.17502830769230768
0.21821169230769227
0.24053353846153847
0.2422024615384615
0.2194633846153846
0.1783661538461538
0.1341396923076923
0.08469784615384615
0.030040615384615384
-0.015437538461538461
-0.052153846153846155
-0.07489292307692308
-0.08135999999999999
-0.08887015384615385
-0.09137353846153846
-0.08574092307692306
-0.061124307692307686
-0.016063384615384615
0.037967999999999995
0.08511507692307693
0.12245723076923076
0.14853415384615384
0.1570873846153846
0.15354092307692307
0.11682461538461539
0.04109723076923077
-0.06571384615384615
-0.17711446153846155
-0.27620676923076926
-0.3475532307692307
-0.38301784615384615
-0.3903193846153846
-0.3483876923076923
-0.26494153846153845
-0.14749107692307692
-0.014603076923076923
0.09867507692307692
0.1804523076923077
0.222384
0.23364923076923078
0.22300984615384614
0.1704387692307692
0.08156861538461539
-0.02482523076923077
-0.13622584615384614
-0.23218892307692307
-0.29414769230769233
-0.3068732307692308
-0.28246523076923075
-0.22488738461538463
-0.1356
-0.004589538461538461
0.12767261538461538
0.22008923076923076
0.2914356923076923
0.3068732307692308
0.29331323076923077
0.2578486153846154
0.17481969230769231
0.09283384615384616
-0.0077187692307692304
-0.07614461538461538
-0.124752
-0.10117846153846152
0.001043076923076923
-0.013351384615384614
0.015854769230769228
0.029623384615384614
0.03629907692307692
0.08636676923076922
0.031709538461538456
0.0012516923076923076
-0.11098338461538461
-0.15354092307692307
-0.08094276923076923
-0.027328615384615382
0.07238953846153846
0.078648
0.10764553846153846
0.1760713846153846
0.23218892307692307
0.30436984615384616
0.22634769230769228
0.09784061538461537
-0.005632615384615384
-0.09471138461538461
-0.08907876923076924
-0.09241661538461539
-0.08240307692307691
-0.02357353846153846
0.0050067692307692304
0.119328
0.24512307692307692
0.2899753846153846
0.31229723076923077
0.2509643076923077
0.18191261538461537
0.1045163076923077
0.02023569230769231
-0.006258461538461538
-0.04088861538461538
-0.07739630769230768
-0.08344615384615384
-0.03713353846153846
0.06133292307692308
0.132888
0.17002153846153847
0.18128676923076922
0.15354092307692307
0.14394461538461537
0.12683815384615382
0.08073415384615384
0.009179076923076922
-0.08991323076923076
-0.14394461538461537
-0.14540492307692307
-0.13080184615384613
-0.09763200000000001
-0.09012184615384615
-0.08386338461538462
-0.017940923076923077
0.03400430769230769
0.05716061538461538
0.04380923076923077
-0.008344615384615384
-0.06321046153846153
-0.12955015384615384
-0.1800350769230769
-0.21299630769230768
-0.22154953846153846
-0.20548615384615385
-0.17002153846153847
-0.07906523076923076
0.004798153846153846
0.05924676923076923
0.10409907692307692
0.11035753846153845
0.10222153846153846
0.06070707692307692
0.0050067692307692304
-0.035255999999999996
-0.09763200000000001
-0.12996738461538462
-0.10681107692307691
-0.06446215384615385
-0.009387692307692307
0.028788923076923077
0.06008123076923077
0.09512861538461538
0.10952307692307692
0.0963803076923077
0.042348923076923076
-0.02524246153846154
-0.07656184615384615
-0.1218313846153846
-0.13810338461538463
-0.14707384615384617
-0.15562707692307692
-0.11974523076923077
-0.06279323076923077
0.033169846153846154
0.12975876923076923
0.1792006153846154
0.20444307692307692
0.17377661538461536
0.11494707692307692
0.051528
-0.03400430769230769
-0.12788123076923075
-0.21445661538461538
-0.2695310769230769
-0.27704123076923076
-0.24679199999999998
-0.17085599999999998
-0.054240000000000003
0.061750153846153844
0.18232984615384615
0.2899753846153846
0.36945784615384614
0.39866399999999996
0.3485963076923077
0.2582658461538461
0.13497415384615385
0.011265230769230769
-0.08094276923076923
-0.15792184615384616
-0.1977673846153846
-0.20715507692307691
-0.1783661538461538
-0.08845292307692308
0.026076923076923077
0.1502030769230769
0.25054707692307693
0.2943563076923077
0.3049956923076923
0.2782929230769231
0.22447015384615385
0.13101046153846155
0.0018775384615384615
-0.11181784615384616
-0.21216184615384615
-0.27140861538461536
-0.28476
-0.2624381538461539
-0.20402584615384614
-0.13810338461538463
-0.04819015384615385
0.04819015384615385
0.12204
0.1787833846153846
0.19505538461538463
0.1760713846153846
0.14018953846153845
0.09262523076923077
0.06070707692307692
0.03483876923076923
0.018983999999999997
0.0022947692307692304
-0.021904615384615383
-0.018358153846153843
-0.006467076923076923
0.012308307692307691
0.034630153846153845
0.04860738461538461
0.06008123076923077
0.06425353846153846
0.07697907692307693
0.08991323076923076
0.08949599999999999
0.08720123076923077
0.07364123076923076
0.05924676923076923
0.03880246153846154
0.0002086153846153846
-0.03150092307692308
-0.0744756923076923
-0.11724184615384614
-0.14457046153846154
-0.16480615384615382
-0.16167692307692308
-0.15103753846153847
-0.1341396923076923
-0.10952307692307692
-0.084072
-0.04380923076923077
-0.006258461538461538
0.01940123076923077
0.03775938461538462
0.03984553846153846
0.033169846153846154
0.023990769230769232
0.004589538461538461
-0.01981846153846154
-0.058412307692307694
-0.09304246153846155
-0.09450276923076922
-0.08845292307692308
-0.07364123076923076
-0.05590892307692308
-0.03880246153846154
-0.013351384615384614
0.006675692307692307
0.025659692307692307
0.03859384615384615
0.03296123076923077
0.02044430769230769
0.013560000000000001
0.012308307692307691
0.021696
0.03150092307692308
0.03567323076923076
0.027120000000000002
0.0035464615384615383
-0.01710646153846154
-0.03483876923076923
-0.042557538461538466
-0.05444861538461539
-0.07113784615384615
-0.06738276923076922
-0.04860738461538461
-0.0070929230769230765
0.03692492307692308
0.06467076923076923
0.08156861538461539
0.08302892307692307
0.08365476923076923
0.0828203076923077
0.06696553846153847
0.034630153846153845
-0.016480615384615385
-0.05277969230769231
-0.05590892307692308
-0.04714707692307692
-0.026494153846153844
-0.006884307692307692
0.010639384615384617
0.03421292307692308
0.05382276923076923
0.07656184615384615
0.08824430769230769
0.07614461538461538
0.056951999999999996
0.03045784615384615
0.0077187692307692304
-0.004589538461538461
-0.020652923076923076
-0.03692492307692308
-0.045895384615384616
-0.03838523076923077
-0.0002086153846153846
0.047981538461538464
0.08511507692307693
0.11098338461538461
0.11411261538461538
0.11578153846153846
0.11286092307692308
0.09763200000000001
0.06800861538461538
0.016272
-0.02524246153846154
-0.04839876923076923
-0.05507446153846154
-0.052571076923076915
-0.04693846153846153
-0.027328615384615382
0.007301538461538462
0.04985907692307692
0.08448923076923077
0.10201292307692307
0.09199938461538461
0.05674338461538461
0.01981846153846154
-0.020652923076923076
-0.06613107692307692
-0.11557292307692307
-0.16271999999999998
-0.18545907692307692
-0.17377661538461536
-0.12099692307692309
-0.05403138461538461
0.020027076923076922
0.08386338461538462
0.11849353846153846
0.13935507692307691
0.14164984615384615
0.12266584615384615
0.07468430769230769
-0.0018775384615384615
-0.07238953846153846
-0.12120553846153845
-0.14832553846153845
-0.14686523076923075
-0.1314276923076923
-0.09471138461538461
-0.026076923076923077
0.07197230769230768
0.1856676923076923
0.2776670769230769
0.3387913846153846
0.36257353846153845
0.34963938461538463
0.30249230769230767
0.21800307692307694
0.10722830769230769
-0.015646153846153844
-0.12850707692307692
-0.20402584615384614
-0.2355267692307692
-0.225096
-0.17586276923076924
-0.10389046153846154
-0.006258461538461538
0.1028473846153846
0.1990190769230769
0.26723630769230766
0.28663753846153844
0.2503384615384615
0.17252492307692308
0.07677046153846154
-0.02753723076923077
-0.11828492307692307
-0.19588984615384614
-0.24700061538461537
-0.2436627692307692
-0.2056947692307692
-0.13330523076923076
-0.05111076923076923
0.02545107692307692
0.10910584615384614
0.17231630769230769
0.21111876923076925
0.22008923076923076
0.19046584615384615
0.1395636923076923
0.07280676923076923
0.006884307692307692
-0.04944184615384615
-0.10138707692307691
-0.13747753846153846
-0.1476996923076923
-0.12934153846153845
-0.08991323076923076
-0.04130584615384615
0.012099692307692308
0.05528307692307692
0.0826116923076923
0.1028473846153846
0.10889723076923077
0.09137353846153846
0.06863446153846153
0.04672984615384615
0.04130584615384615
0.053614153846153846
0.06467076923076923
0.08448923076923077
0.09179076923076923
0.08824430769230769
0.092208
0.0826116923076923
0.058412307692307694
0.018983999999999997
-0.031918153846153846
-0.06592246153846154
-0.08115138461538463
-0.07197230769230768
-0.04380923076923077
-0.008970461538461538
0.03442153846153846
0.08323753846153846
0.12099692307692309
0.12996738461538462
0.10514215384615383
0.042557538461538466
-0.042348923076923076
-0.12516923076923075
-0.19547261538461536
-0.2480436923076923
-0.27850153846153847
-0.2805876923076923
-0.24303692307692307
-0.15687876923076924
-0.051319384615384614
0.051528
0.14749107692307692
0.2073636923076923
0.23969907692307693
0.24470584615384613
0.21654276923076923
0.1635544615384615
0.08469784615384615
-0.0012516923076923076
-0.06738276923076922
-0.10368184615384615
-0.11640738461538462
-0.10576799999999999
-0.06633969230769231
0.010639384615384617
0.10785415384615385
0.20944984615384615
0.29748553846153847
0.3490135384615385
0.3554806153846154
0.31772123076923076
0.24762646153846155
0.15792184615384616
0.04568676923076923
-0.08615815384615384
-0.2090326153846154
-0.2995716923076923
-0.33524492307692305
-0.32627446153846157
-0.27286892307692306
-0.1913003076923077
-0.09825784615384614
-0.0016689230769230767
0.06884307692307692
0.1207883076923077
0.1422756923076923
0.12621230769230768
0.0855323076923077
0.040054153846153843
0.0035464615384615383
-0.026285538461538457
-0.05069353846153846
-0.06216738461538462
-0.05590892307692308
-0.03400430769230769
-0.0025033846153846152
0.026702769230769228
0.054240000000000003
0.07343261538461537
0.0826116923076923
0.0798996923076923
0.06425353846153846
0.04839876923076923
0.03150092307692308
0.012934153846153845
0.007510153846153846
0.011682461538461537
0.02357353846153846
0.037967999999999995
0.053405538461538456
0.07927384615384615
0.09387692307692307
0.0892873846153846
0.06571384615384615
0.00855323076923077
-0.07697907692307693
-0.16772676923076923
-0.25242461538461536
-0.32043323076923075
-0.39344861538461534
-0.4645864615384615
-0.5090215384615385
-0.47084492307692305
-0.31500923076923076
-0.1205796923076923
0.12433476923076923
0.35464615384615383
0.5653476923076923
0.7618633846153846
0.8509421538461539
0.8451009230769231
0.6663175384615385
0.3947003076923077
0.07051199999999999
-0.23156307692307693
-0.48586523076923077
-0.7347433846153846
-0.8453095384615383
-0.8715950769230769
-0.7330744615384615
-0.4756430769230769
-0.17523692307692307
0.16042523076923076
0.41681353846153846
0.6331476923076923
0.7347433846153846
0.6915600000000001
0.5353070769230769
0.2655673846153846
-0.042348923076923076
-0.3648683076923077
-0.6377372307692307
-0.8021261538461537
-0.861372923076923
-0.7825163076923077
-0.6127033846153845
-0.3748818461538461
-0.09450276923076922
0.14853415384615384
0.37237846153846155
0.5071439999999999
0.523416
0.4950443076923077
0.4049224615384615
0.3114627692307692
0.21174461538461536
0.0880356923076923
-0.007510153846153846
-0.0936683076923077
-0.14582215384615385
-0.18128676923076922
-0.23010276923076922
-0.27328615384615385
-0.29915446153846154
-0.2776670769230769
-0.22843384615384613
-0.18379015384615385
-0.12683815384615382
-0.07823076923076923
-0.01272553846153846
0.07551876923076924
0.13747753846153846
0.20173107692307693
0.24700061538461537
0.2586830769230769
0.2507556923076923
0.1760713846153846
0.04526953846153846
-0.11056615384615384
-0.28955815384615385
-0.4395526153846154
-0.5471981538461539
-0.584748923076923
-0.5188264615384615
-0.3721698461538462
-0.14457046153846154
0.12329169230769231
0.3896935384615384
0.6181273846153846
0.7635323076923076
0.7964935384615384
0.7005304615384614
0.523416
0.3049956923076923
0.06654830769230768
-0.14853415384615384
-0.3225193846153846
-0.43350276923076925
-0.44914892307692306
-0.39365723076923076
-0.28163076923076924
-0.1314276923076923
0.034630153846153845
0.20924123076923076
0.3619476923076923
0.4612486153846154
0.4781464615384615
0.4228633846153846
0.31083692307692307
0.15875630769230767
-0.013351384615384614
-0.19672430769230767
-0.35798399999999997
-0.458328
-0.48628246153846155
-0.43329415384615383
-0.30416123076923074
-0.13789476923076924
0.04735569230769231
0.21883753846153844
0.34046030769230773
0.41952553846153845
0.4337113846153846
0.38885907692307686
0.3049956923076923
0.17502830769230768
0.04422646153846154
-0.07238953846153846
-0.15792184615384616
-0.19818461538461538
-0.1942209230769231
-0.1462393846153846
-0.08177723076923075
-0.0022947692307692304
0.07092923076923077
0.11828492307692307
0.13184492307692308
0.11140061538461538
0.07656184615384615
0.03150092307692308
-0.017940923076923077
-0.06070707692307692
-0.09596307692307693
-0.10889723076923077
-0.0892873846153846
-0.04526953846153846
0.005215384615384615
0.05090215384615384
0.08907876923076924
0.12412615384615384
0.14936861538461538
0.14394461538461537
0.10117846153846152
0.035255999999999996
-0.021487384615384613
-0.06842584615384616
-0.10368184615384615
-0.12808984615384614
-0.13747753846153846
-0.1097316923076923
-0.058829538461538454
0.01272553846153846
0.09429415384615383
0.14790830769230767
0.18086953846153844
0.20235692307692305
0.1942209230769231
0.17002153846153847
0.1287156923076923
0.07426707692307692
0.02586830769230769
-0.028371692307692306
-0.06675692307692307
-0.078648
-0.07364123076923076
-0.05090215384615384
-0.033169846153846154
-0.015228923076923076
-0.002086153846153846
0.003755076923076923
0.005841230769230769
-0.008136
-0.016897846153846156
-0.01272553846153846
0.0070929230769230765
0.043600615384615383
0.08115138461538463
0.12329169230769231
0.17085599999999998
0.22029784615384615
0.26535876923076923
0.2868461538461538
0.2647329230769231
0.20819815384615384
0.13935507692307691
0.05590892307692308
-0.03483876923076923
-0.12412615384615384
-0.1948467692307692
-0.22488738461538463
-0.21612553846153845
-0.16292861538461537
-0.07551876923076924
0.029414769230769227
0.1368516923076923
0.22488738461538463
0.27787569230769227
0.27704123076923076
0.23135446153846154
0.14018953846153845
0.018358153846153843
-0.10117846153846152
-0.21800307692307694
-0.2951907692307692
-0.3229366153846154
-0.3079163076923077
-0.24282830769230768
-0.1422756923076923
-0.008136
0.1314276923076923
0.24574892307692306
0.32210215384615387
0.3502652307692307
0.33587076923076925
0.28434276923076923
0.20047938461538461
0.09784061538461537
-0.0025033846153846152
-0.09095630769230768
-0.1489513846153846
-0.15771323076923077
-0.12788123076923075
-0.06967753846153846
0.0012516923076923076
0.08219446153846154
0.16209415384615386
0.21237046153846154
0.2205064615384615
0.18545907692307692
0.11870215384615385
0.03838523076923077
-0.04672984615384615
-0.1178676923076923
-0.16689230769230767
-0.19380369230769232
-0.1829556923076923
-0.13914646153846155
-0.06738276923076922
0.010848
0.06279323076923077
0.08761846153846153
0.08574092307692306
0.050067692307692306
0.0
-0.062376
-0.13121907692307694
-0.1860849230769231
-0.21925476923076925
-0.2090326153846154
-0.16418030769230768
-0.08699261538461538
0.0
0.07927384615384615
0.15354092307692307
0.2073636923076923
0.23469230769230767
0.21737723076923077
0.15667015384615385
0.07280676923076923
-0.01668923076923077
-0.09325107692307691
-0.1462393846153846
-0.18900553846153845
-0.22029784615384615
-0.22864246153846152
-0.20924123076923076
-0.15646153846153846
-0.09930092307692308
-0.04756430769230769
-0.005841230769230769
0.026702769230769228
0.055491692307692304
0.07343261538461537
0.09408553846153846
0.10096984615384616
0.0934596923076923
0.08428061538461538
0.06654830769230768
0.04860738461538461
0.015020307692307692
-0.029414769230769227
-0.07113784615384615
-0.11286092307692308
-0.13747753846153846
-0.15082892307692305
-0.15354092307692307
-0.14164984615384615
-0.11703323076923078
-0.07051199999999999
-0.011682461538461537
0.05528307692307692
0.11765907692307691
0.15959076923076923
0.1846246153846154
0.19192615384615386
0.18545907692307692
0.1570873846153846
0.0936683076923077
0.0077187692307692304
-0.07614461538461538
-0.15082892307692305
-0.2056947692307692
-0.23656984615384613
-0.2503384615384615
-0.22801661538461537
-0.16459753846153846
-0.07301538461538462
0.031709538461538456
0.12204
0.19588984615384614
0.25138153846153843
0.2768326153846154
0.2722430769230769
0.22947692307692308
0.16000799999999998
0.06738276923076922
-0.03150092307692308
-0.1151556923076923
-0.1783661538461538
-0.2090326153846154
-0.21132738461538458
-0.1881710769230769
-0.14331876923076922
-0.08428061538461538
-0.026076923076923077
0.02524246153846154
0.05277969230769231
0.06341907692307691
0.06738276923076922
0.06487938461538462
0.05528307692307692
0.023364923076923075
-0.015854769230769228
-0.05090215384615384
-0.06654830769230768
-0.07739630769230768
-0.08991323076923076
-0.10889723076923077
-0.13747753846153846
-0.1502030769230769
-0.14999446153846155
-0.13309661538461537
-0.10389046153846154
-0.07259815384615384
-0.03609046153846154
0.017315076923076923
0.09554584615384615
0.18149538461538461
0.254928
0.3016578461538461
0.3243969230769231
0.3333673846153846
0.3216849230769231
0.2864289230769231
0.2238443076923077
0.13518276923076925
0.04380923076923077
-0.042557538461538466
-0.11536430769230768
-0.16292861538461537
-0.20193969230769232
-0.21737723076923077
-0.19860184615384616
-0.14957723076923077
-0.07155507692307693
0.011473846153846154
0.08991323076923076
0.14936861538461538
0.18983999999999998
0.200688
0.17148184615384612
0.09700615384615385
-0.02232184615384615
-0.15124615384615384
-0.27286892307692306
-0.37091815384615384
-0.43245969230769227
-0.45269538461538456
-0.42661846153846156
-0.34588430769230766
-0.2221753846153846
-0.07927384615384615
0.05382276923076923
0.15270646153846154
0.21862892307692305
0.25471938461538457
0.2588916923076923
0.22113230769230768
0.15333230769230768
0.0678
-0.02232184615384615
-0.09283384615384616
-0.14728246153846153
-0.1800350769230769
-0.20027076923076922
-0.20715507692307691
-0.17961784615384613
-0.12266584615384615
-0.03421292307692308
0.06300184615384616
0.15333230769230768
0.23052
0.2830910769230769
0.3206418461538461
0.3344104615384615
0.3133403076923077
0.25659692307692306
0.1777403076923077
0.10493353846153847
0.03567323076923076
-0.02795446153846154
-0.08094276923076923
-0.12662953846153846
-0.1424843076923077
-0.13184492307692308
-0.0974233846153846
-0.042557538461538466
0.01814953846153846
0.08240307692307691
0.14707384615384617
0.21466523076923077
0.2626467692307692
0.2753723076923077
0.24178523076923078
0.17419384615384614
0.09033046153846153
-0.0033378461538461535
-0.092208
-0.17419384615384614
-0.2357353846153846
-0.25701415384615384
-0.22801661538461537
-0.1693956923076923
-0.0855323076923077
0.001043076923076923
0.07134646153846153
0.1356
0.18212123076923076
0.20715507692307691
0.19860184615384616
0.16021661538461537
0.10368184615384615
0.04380923076923077
-0.011473846153846154
-0.051528
-0.07280676923076923
-0.08615815384615384
-0.07781353846153846
-0.052571076923076915
-0.008970461538461538
0.03275261538461539
0.0609156923076923
0.08240307692307691
0.09596307692307693
0.10013538461538461
0.08344615384615384
0.058829538461538454
0.019192615384615384
-0.021696
-0.05319692307692307
-0.08031692307692308
-0.11703323076923078
-0.15562707692307692
-0.16501476923076921
-0.1639716923076923
-0.14206707692307693
-0.12224861538461537
-0.09387692307692307
-0.05799507692307692
-0.0029206153846153843
0.04172307692307692
0.13455692307692307
0.23636123076923077
0.15374953846153847
0.11056615384615384
0.029623384615384614
-0.07218092307692307
-0.07760492307692309
-0.19881046153846152
-0.30019753846153846
-0.4036707692307692
-0.4141015384615384
-0.25388492307692306
-0.111192
0.058829538461538454
0.1597993846153846
0.28121353846153846
0.47272246153846154
0.6014381538461538
0.6917686153846153
0.571188923076923
0.34943076923076927
0.1710646153846154
-0.027328615384615382
-0.12496061538461539
-0.24846092307692308
-0.3646596923076923
-0.35235138461538457
-0.3565236923076923
-0.19588984615384614
0.037967999999999995
0.19881046153846152
0.40346215384615386
0.49003753846153847
0.536976
0.5584633846153846
0.48711692307692306
0.43287692307692305
0.2851772307692308
0.07051199999999999
-0.11724184615384614
-0.2737033846153846
-0.32085046153846153
-0.3452584615384615
-0.36257353846153845
-0.3452584615384615
-0.3133403076923077
-0.1639716923076923
0.0
0.10910584615384614
0.19881046153846152
0.21612553846153845
0.25930892307692305
0.31250584615384613
0.28246523076923075
0.24741784615384615
0.14081538461538462
0.016272
-0.026494153846153844
-0.09408553846153846
-0.17273353846153844
-0.26911384615384615
-0.3609046153846154
-0.4026276923076923
-0.41973415384615387
-0.38531261538461536
-0.3137575384615385
-0.19651569230769228
-0.056326153846153845
0.07280676923076923
0.24554030769230767
0.37613353846153846
0.44622830769230765
0.4816929230769231
0.40617415384615385
0.287472
0.12934153846153845
-0.047981538461538464
-0.19505538461538463
-0.36382523076923073
-0.4758516923076923
-0.4912892307692307
-0.4395526153846154
-0.314592
-0.16480615384615382
0.006467076923076923
0.20277415384615383
0.3811403076923077
0.504432
0.5319692307692307
0.497964923076923
0.4220289230769231
0.2906012307692308
0.14164984615384615
-0.05507446153846154
-0.25701415384615384
-0.3819747692307692
-0.458328
-0.4470627692307692
-0.37091815384615384
-0.28017046153846153
-0.13914646153846155
0.005215384615384615
0.14018953846153845
0.27182584615384614
0.3456756923076923
0.35965292307692304
0.32210215384615387
0.23677846153846152
0.1316363076923077
0.03609046153846154
-0.03504738461538461
-0.0826116923076923
-0.10493353846153847
-0.11140061538461538
-0.10076123076923077
-0.06362769230769232
-0.025659692307692307
0.011265230769230769
0.05194523076923077
0.06717415384615384
0.09575446153846154
0.14185846153846154
0.154584
0.14582215384615385
0.10096984615384616
0.056326153846153845
0.050067692307692306
0.040679999999999994
0.028163076923076923
-0.006884307692307692
-0.06362769230769232
-0.10055261538461538
-0.12120553846153845
-0.12621230769230768
-0.14164984615384615
-0.17002153846153847
-0.1860849230769231
-0.1913003076923077
-0.15604430769230768
-0.11035753846153845
-0.06738276923076922
-0.0025033846153846152
0.038176615384615385
0.06279323076923077
0.078648
0.06279323076923077
0.04214030769230769
-0.012099692307692308
-0.0855323076923077
-0.1289243076923077
-0.15354092307692307
-0.13497415384615385
-0.09158215384615384
-0.055491692307692304
-0.01814953846153846
0.02273907692307692
0.08010830769230769
0.12913292307692306
0.14853415384615384
0.1449876923076923
0.10618523076923077
0.061124307692307686
0.014394461538461538
-0.052153846153846155
-0.10576799999999999
-0.1489513846153846
-0.15875630769230767
-0.12788123076923075
-0.08761846153846153
-0.032544
0.021278769230769233
0.07405846153846153
0.10889723076923077
0.11891076923076922
0.12099692307692309
0.10159569230769232
0.06362769230769232
0.0077187692307692304
-0.06321046153846153
-0.12120553846153845
-0.15479261538461536
-0.15395815384615386
-0.124752
-0.09658892307692307
-0.056951999999999996
-0.00855323076923077
0.0446436923076923
0.09053907692307692
0.10848000000000001
0.11911938461538461
0.11202646153846153
0.08782707692307692
0.06362769230769232
0.02899753846153846
-0.012516923076923077
-0.04526953846153846
-0.06216738461538462
-0.06946892307692307
-0.07572738461538461
-0.07364123076923076
-0.06362769230769232
-0.05736923076923077
-0.05799507692307692
-0.06154153846153846
-0.05528307692307692
-0.043600615384615383
-0.03400430769230769
-0.016272
-0.0016689230769230767
0.008136
0.024616615384615383
0.0446436923076923
0.07259815384615384
0.08866153846153846
0.07969107692307692
0.06654830769230768
0.045895384615384616
0.021278769230769233
0.0014603076923076922
-0.027328615384615382
-0.05528307692307692
-0.0678
-0.05507446153846154
-0.01272553846153846
0.03901107692307692
0.08448923076923077
0.11619876923076923
0.14811692307692306
0.17899199999999998
0.19025723076923076
0.19004861538461537
0.16167692307692308
0.086784
-0.002086153846153846
-0.09408553846153846
-0.1792006153846154
-0.23823876923076923
-0.279336
-0.28246523076923075
-0.2509643076923077
-0.18337292307692307
-0.07593599999999999
0.03129230769230769
0.12975876923076923
0.20861538461538462
0.260352
0.28768061538461537
0.2722430769230769
0.21237046153846154
0.10555938461538462
-0.020652923076923076
-0.13038461538461538
-0.208824
-0.249504
-0.2626467692307692
-0.23656984615384613
-0.16480615384615382
-0.06300184615384616
0.06070707692307692
0.1704387692307692
0.24449723076923074
0.29227015384615385
0.2947735384615384
0.2632726153846154
0.20047938461538461
0.1028473846153846
0.0029206153846153843
-0.0988836923076923
-0.1802436923076923
-0.21362215384615382
-0.21654276923076923
-0.19630707692307692
-0.1504116923076923
-0.09262523076923077
-0.024616615384615383
0.054657230769230764
0.12537784615384615
0.17711446153846155
0.1908830769230769
0.1829556923076923
0.16626646153846153
0.12955015384615384
0.07781353846153846
0.004798153846153846
-0.05382276923076923
-0.08198584615384615
-0.08469784615384615
-0.05486584615384615
-0.01272553846153846
0.02795446153846154
0.0717636923076923
0.12037107692307693
0.1656406153846154
0.18775384615384613
0.17502830769230768
0.1397723076923077
0.0961716923076923
0.06654830769230768
0.05048492307692308
0.042974769230769226
0.03713353846153846
0.024408000000000003
0.019192615384615384
0.015854769230769228
0.006258461538461538
-0.014394461538461538
-0.050067692307692306
-0.08907876923076924
-0.11682461538461539
-0.12350030769230769
-0.11745046153846153
-0.10994030769230768
-0.10117846153846152
-0.08740984615384616
-0.06049846153846154
-0.025033846153846153
0.01043076923076923
0.03859384615384615
0.053614153846153846
0.06216738461538462
0.07238953846153846
0.08073415384615384
0.07656184615384615
0.052153846153846155
0.01940123076923077
-0.0014603076923076922
-0.008344615384615384
-0.009179076923076922
-0.006049846153846154
-0.010639384615384617
-0.012934153846153845
0.004798153846153846
0.040679999999999994
0.08782707692307692
0.12329169230769231
0.1368516923076923
0.13434830769230768
0.12391753846153845
0.11432123076923076
0.092208
0.05090215384615384
-0.0018775384615384615
-0.05611753846153846
-0.09325107692307691
-0.1136953846153846
-0.1205796923076923
-0.12496061538461539
-0.1205796923076923
-0.0961716923076923
-0.05653476923076922
-0.0014603076923076922
0.05090215384615384
0.07927384615384615
0.09325107692307691
0.11411261538461538
0.12433476923076923
0.12516923076923075
0.09950953846153845
0.04693846153846153
0.0004172307692307692
-0.037342153846153844
-0.05111076923076923
-0.05382276923076923
-0.056951999999999996
-0.06070707692307692
-0.05277969230769231
-0.017940923076923077
0.023990769230769232
0.06654830769230768
0.09554584615384615
0.10117846153846152
0.10493353846153847
0.1045163076923077
0.0936683076923077
0.06863446153846153
0.016272
-0.03921969230769231
-0.07802215384615384
-0.1028473846153846
-0.10535076923076922
-0.10076123076923077
-0.09053907692307692
-0.06446215384615385
-0.028371692307692306
0.01981846153846154
0.06550523076923077
0.09679753846153846
0.11348676923076922
0.12412615384615384
0.13372246153846154
0.13622584615384614
0.130176
0.10994030769230768
0.08469784615384615
0.05507446153846154
0.02357353846153846
-0.011891076923076923
-0.05590892307692308
-0.09512861538461538
-0.11765907692307691
-0.11014892307692307
-0.07969107692307692
-0.03045784615384615
0.026076923076923077
0.07906523076923076
0.12454338461538461
0.14978584615384616
0.1597993846153846
0.14415323076923076
0.09012184615384615
0.011265230769230769
-0.08135999999999999
-0.1696043076923077
-0.23406646153846156
-0.2620209230769231
-0.25972615384615383
-0.23239753846153846
-0.16271999999999998
-0.06404492307692307
0.04547815384615384
0.14519630769230768
0.21654276923076923
0.2638984615384615
0.27453784615384613
0.25513661538461535
0.20506892307692307
0.11557292307692307
0.014185846153846153
-0.08302892307692307
-0.16501476923076921
-0.21654276923076923
-0.2369870769230769
-0.22572184615384616
-0.18170399999999998
-0.10389046153846154
-0.005841230769230769
0.09179076923076923
0.1829556923076923
0.25367630769230765
0.28392553846153845
0.276624
0.2275993846153846
0.13893784615384613
0.03984553846153846
-0.06216738461538462
-0.1449876923076923
-0.19150892307692308
-0.20965846153846154
-0.19881046153846152
-0.1696043076923077
-0.12391753846153845
-0.07885661538461539
-0.04172307692307692
0.0014603076923076922
0.02586830769230769
0.027745846153846152
0.040262769230769234
0.03045784615384615
0.051319384615384614
0.06696553846153847
0.11828492307692307
0.25430215384615384
0.21299630769230768
0.18545907692307692
0.1706473846153846
0.09658892307692307
0.08824430769230769
-0.055491692307692304
-0.1923433846153846
-0.34046030769230773
-0.4320424615384615
-0.3669544615384615
-0.3387913846153846
-0.24011630769230768
-0.16167692307692308
-0.03567323076923076
0.1927606153846154
0.33983446153846153
0.5048492307692307
0.5238332307692307
0.4118067692307692
0.32731753846153844
0.13810338461538463
-0.018358153846153843
-0.1927606153846154
-0.38885907692307686
-0.4385095384615385
-0.51528
-0.4812756923076923
-0.3170953846153846
-0.1783661538461538
0.04526953846153846
0.21842030769230766
0.35297723076923077
0.46771569230769233
0.4823187692307692
0.5017199999999999
0.4387181538461538
0.2851772307692308
0.12099692307692309
-0.04819015384615385
-0.14018953846153845
-0.22864246153846152
-0.33253292307692306
-0.39636923076923075
-0.4599969230769231
-0.42494953846153843
-0.33315876923076926
-0.2507556923076923
-0.12621230769230768
-0.03421292307692308
0.061124307692307686
0.1652233846153846
0.19797599999999999
0.21800307692307694
0.19505538461538463
0.13121907692307694
0.09429415384615383
0.02858030769230769
-0.05590892307692308
-0.1639716923076923
-0.2789187692307692
-0.36611999999999995
-0.4485230769230769
-0.48711692307692306
-0.48461353846153843
-0.40972061538461535
-0.28434276923076923
-0.17523692307692307
-0.0029206153846153843
0.1800350769230769
0.3344104615384615
0.48398769230769234
0.5380190769230769
0.5282141538461538
0.4418473846153846
0.27975323076923075
0.11557292307692307
-0.09053907692307692
-0.2753723076923077
-0.39636923076923075
-0.4647950769230769
-0.458328
-0.40930338461538457
-0.30270092307692303
-0.13184492307692308
0.059038153846153844
0.25054707692307693
0.40200184615384615
0.5240418461538462
0.6045673846153846
0.571188923076923
0.46625538461538457
0.2897667692307692
0.058829538461538454
-0.13789476923076924
-0.32314523076923074
-0.45332123076923075
-0.5023458461538461
-0.49963384615384615
-0.3988726153846154
-0.23886461538461537
-0.059664
0.14457046153846154
0.32564861538461537
0.4620830769230769
0.5392707692307692
0.540731076923077
0.4704276923076923
0.3467187692307692
0.21466523076923077
0.06821723076923077
-0.06884307692307692
-0.1760713846153846
-0.2705741538461538
-0.3039526153846154
-0.290184
-0.21821169230769227
-0.08866153846153846
0.026702769230769228
0.14978584615384616
0.265776
0.3410861538461538
0.37029230769230764
0.32606584615384615
0.2532590769230769
0.18232984615384615
0.0934596923076923
0.015854769230769228
-0.04735569230769231
-0.09596307692307693
-0.11035753846153845
-0.10597661538461538
-0.06821723076923077
-0.02273907692307692
0.019609846153846155
0.06258461538461538
0.06884307692307692
0.07635323076923077
0.07259815384615384
0.05590892307692308
0.06070707692307692
0.03942830769230769
0.006884307692307692
-0.024199384615384616
-0.047772923076923074
-0.029414769230769227
-0.02586830769230769
-0.05924676923076923
-0.08720123076923077
-0.09825784615384614
-0.08574092307692306
-0.06759138461538462
-0.04819015384615385
-0.033169846153846154
-0.03567323076923076
-0.015020307692307692
0.021696
0.053405538461538456
0.07134646153846153
0.046104
0.016897846153846156
-0.013768615384615384
-0.04860738461538461
-0.06738276923076922
-0.0892873846153846
-0.0828203076923077
-0.05507446153846154
-0.024408000000000003
0.031709538461538456
0.09241661538461539
0.14081538461538462
0.15875630769230767
0.154584
0.16042523076923076
0.14978584615384616
0.12600369230769232
0.08010830769230769
-0.0025033846153846152
-0.08991323076923076
-0.16647507692307692
-0.20924123076923076
-0.22008923076923076
-0.22488738461538463
-0.2090326153846154
-0.15479261538461536
-0.06467076923076923
0.03838523076923077
0.11703323076923078
0.17315076923076922
0.20360861538461536
0.19693292307692306
0.16084246153846155
0.08615815384615384
-0.01940123076923077
-0.13455692307692307
-0.23218892307692307
-0.2803790769230769
-0.28204799999999997
-0.2422024615384615
-0.1802436923076923
-0.10764553846153846
-0.016063384615384615
0.0855323076923077
0.19192615384615386
0.2709913846153846
0.30708184615384615
0.3054129230769231
0.26869661538461537
0.21320492307692307
0.1543753846153846
0.09074769230769231
0.03024923076923077
-0.028788923076923077
-0.07468430769230769
-0.07885661538461539
-0.06028984615384615
-0.030875076923076922
-0.0022947692307692304
0.02273907692307692
0.051528
0.09137353846153846
0.13080184615384613
0.1489513846153846
0.14853415384615384
0.13476553846153844
0.12808984615384614
0.12537784615384615
0.10848000000000001
0.06905169230769231
0.018983999999999997
-0.02357353846153846
-0.06133292307692308
-0.09012184615384615
-0.11056615384615384
-0.12537784615384615
-0.1205796923076923
-0.0963803076923077
-0.05277969230769231
-0.0016689230769230767
0.041514461538461535
0.08907876923076924
0.13852061538461538
0.18942276923076923
0.22718215384615387
0.24303692307692307
0.2342750769230769
0.19693292307692306
0.14582215384615385
0.08302892307692307
0.017940923076923077
-0.04547815384615384
-0.10743692307692307
-0.1424843076923077
-0.14665661538461539
-0.11682461538461539
-0.04276615384615385
0.04088861538461538
0.12162276923076921
0.19463815384615382
0.2526332307692308
0.29185292307692307
0.2805876923076923
0.2225926153846154
0.12808984615384614
0.012099692307692308
-0.0892873846153846
-0.17377661538461536
-0.2290596923076923
-0.2503384615384615
-0.23907323076923076
-0.1860849230769231
-0.10618523076923077
-0.014394461538461538
0.07051199999999999
0.12454338461538461
0.14999446153846155
0.16647507692307692
0.15270646153846154
0.1136953846153846
0.05757784615384615
-0.019192615384615384
-0.08010830769230769
-0.12829846153846153
-0.16313723076923078
-0.1802436923076923
-0.19046584615384615
-0.18086953846153844
-0.14290153846153844
-0.08073415384615384
-0.009804923076923077
0.04088861538461538
0.07739630769230768
0.10368184615384615
0.10347323076923076
0.09095630769230768
0.05090215384615384
-0.0070929230769230765
-0.07051199999999999
-0.12537784615384615
-0.13872923076923074
-0.13643446153846153
-0.11953661538461538
-0.10201292307692307
-0.09304246153846155
-0.07885661538461539
-0.06946892307692307
-0.06133292307692308
-0.05507446153846154
-0.06550523076923077
-0.07510153846153846
-0.06863446153846153
-0.055491692307692304
-0.03713353846153846
-0.026285538461538457
-0.024199384615384616
-0.024199384615384616
-0.028788923076923077
-0.03984553846153846
-0.059872615384615385
-0.08949599999999999
-0.12391753846153845
-0.14790830769230767
-0.14916
-0.13789476923076924
-0.12308307692307692
-0.10576799999999999
-0.08887015384615385
-0.05111076923076923
0.0002086153846153846
0.042348923076923076
0.06738276923076922
0.06279323076923077
0.051319384615384614
0.042557538461538466
0.03337846153846154
0.03504738461538461
0.032544
0.025033846153846153
0.022947692307692308
0.03775938461538462
0.07197230769230768
0.09846646153846153
0.10660246153846153
0.10681107692307691
0.10368184615384615
0.0988836923076923
0.0855323076923077
0.06675692307692307
0.041514461538461535
0.009179076923076922
-0.003755076923076923
-0.002086153846153846
0.005841230769230769
0.016063384615384615
0.015854769230769228
0.024199384615384616
0.040054153846153843
0.05528307692307692
0.06362769230769232
0.05173661538461538
0.026494153846153844
-0.003755076923076923
-0.03567323076923076
-0.06800861538461538
-0.09971815384615385
-0.1341396923076923
-0.15479261538461536
-0.15145476923076923
-0.12600369230769232
-0.06988615384615385
0.0029206153846153843
0.06738276923076922
0.1218313846153846
0.1710646153846154
0.2073636923076923
0.2154996923076923
0.184416
0.12558646153846154
0.05319692307692307
-0.021904615384615383
-0.08428061538461538
-0.12767261538461538
-0.15187199999999998
-0.1597993846153846
-0.14394461538461537
-0.08636676923076922
-0.012308307692307691
0.05736923076923077
0.11494707692307692
0.1435273846153846
0.16334584615384617
0.1597993846153846
0.12433476923076923
0.06446215384615385
-0.017523692307692306
-0.09763200000000001
-0.1639716923076923
-0.21007569230769232
-0.23782153846153845
-0.2422024615384615
-0.2288510769230769
-0.18921415384615384
-0.1218313846153846
-0.04985907692307692
0.01272553846153846
0.05298830769230769
0.07510153846153846
0.08198584615384615
0.07134646153846153
0.04714707692307692
0.01043076923076923
-0.04380923076923077
-0.100344
-0.12934153846153845
-0.12516923076923075
-0.08866153846153846
-0.03880246153846154
0.011891076923076923
0.06321046153846153
0.11035753846153845
0.1506203076923077
0.17523692307692307
0.1779489230769231
0.15124615384615384
0.10848000000000001
0.06195876923076923
0.02044430769230769
-0.009387692307692307
-0.041514461538461535
-0.05736923076923077
-0.05048492307692308
-0.02899753846153846
0.016063384615384615
0.056326153846153845
0.09429415384615383
0.11619876923076923
0.11578153846153846
0.11327815384615383
0.0892873846153846
0.05570030769230769
0.006675692307692307
-0.04547815384615384
-0.08887015384615385
-0.1422756923076923
-0.20256553846153844
-0.25117292307692307
-0.3243969230769231
-0.38990215384615384
-0.35631507692307696
-0.26535876923076923
-0.09784061538461537
0.10430769230769231
0.29873723076923075
0.5257107692307692
0.7067889230769231
0.8476043076923075
0.8960030769230769
0.7662443076923077
0.5010941538461539
0.19797599999999999
-0.09199938461538461
-0.37780246153846153
-0.5910073846153846
-0.7591513846153846
-0.8403027692307693
-0.7687476923076924
-0.574944
-0.2768326153846154
0.03045784615384615
0.3045784615384615
0.5209126153846153
0.6681950769230769
0.6978184615384615
0.6083224615384615
0.4053396923076923
0.0798996923076923
-0.21466523076923077
-0.4424732307692308
-0.574944
-0.568476923076923
-0.49546153846153845
-0.3198073846153846
-0.100344
0.09554584615384615
0.314592
0.4585366153846154
0.5040147692307693
0.4912892307692307
0.40513107692307687
0.3269003076923077
0.2643156923076923
0.214248
0.18128676923076922
0.11411261538461538
0.05298830769230769
-0.006675692307692307
-0.05298830769230769
-0.08302892307692307
-0.13601723076923075
-0.16334584615384617
-0.1829556923076923
-0.18316430769230768
-0.13872923076923074
-0.11891076923076922
-0.09930092307692308
-0.06195876923076923
-0.025033846153846153
0.05236246153846154
0.14123261538461537
0.22488738461538463
0.3087507692307692
0.3323243076923077
0.2970683076923077
0.21654276923076923
0.06988615384615385
-0.11849353846153846
-0.2979027692307692
-0.4287046153846154
-0.4866996923076923
-0.45916246153846146
-0.34504984615384615
-0.16418030769230768
0.053614153846153846
0.2586830769230769
0.43162523076923076
0.5417741538461538
0.5421913846153846
0.469176
0.3402516923076923
0.16856123076923077
-0.012099692307692308
-0.1804523076923077
-0.30290953846153845
-0.3682061538461538
-0.37237846153846155
-0.32314523076923074
-0.24428861538461538
-0.1424843076923077
-0.026702769230769228
0.0988836923076923
0.2205064615384615
0.30749907692307693
0.35339446153846155
0.3387913846153846
0.27787569230769227
0.2021483076923077
0.09992676923076924
-0.0014603076923076922
-0.08115138461538463
-0.146448
-0.16418030769230768
-0.12808984615384614
-0.07155507692307693
0.0022947692307692304
0.07343261538461537
0.11578153846153846
0.13998092307692306
0.13998092307692306
0.12725538461538463
0.10597661538461538
0.06404492307692307
0.029414769230769227
0.021487384615384613
0.03379569230769231
0.04839876923076923
0.06633969230769231
0.07218092307692307
0.04693846153846153
0.014185846153846153
-0.032544
-0.08824430769230769
-0.1422756923076923
-0.2125790769230769
-0.2588916923076923
-0.27182584615384614
-0.2591003076923077
-0.19693292307692306
-0.10576799999999999
-0.0012516923076923076
0.11557292307692307
0.22196676923076922
0.2993630769230769
0.33023815384615385
0.3062473846153846
0.23114584615384615
0.12287446153846153
-0.0006258461538461538
-0.13518276923076925
-0.25305046153846156
-0.34630153846153844
-0.4053396923076923
-0.4015846153846154
-0.3481790769230769
-0.26118646153846153
-0.13497415384615385
-0.0050067692307692304
0.11807630769230769
0.22008923076923076
0.25138153846153843
0.23239753846153846
0.16459753846153846
0.06759138461538462
-0.023364923076923075
-0.12350030769230769
-0.2073636923076923
-0.2655673846153846
-0.29352184615384613
-0.26494153846153845
-0.19964492307692308
-0.1178676923076923
-0.042348923076923076
0.015646153846153844
0.06404492307692307
0.09658892307692307
0.12245723076923076
0.13309661538461537
0.11745046153846153
0.10076123076923077
0.08302892307692307
0.07593599999999999
0.08177723076923075
0.08699261538461538
0.09784061538461537
0.10660246153846153
0.12808984615384614
0.17377661538461536
0.21967199999999998
0.2371956923076923
0.22405292307692307
0.19505538461538463
0.16459753846153846
0.13601723076923075
0.09596307692307693
0.037967999999999995
-0.024199384615384616
-0.078648
-0.10514215384615383
-0.09283384615384616
-0.0771876923076923
-0.06216738461538462
-0.05090215384615384
-0.041514461538461535
-0.019192615384615384
-0.0029206153846153843
-0.008136
-0.029414769230769227
-0.043392
-0.03921969230769231
-0.01397723076923077
0.015228923076923076
0.042974769230769226
0.06654830769230768
0.07405846153846153
0.07697907692307693
0.07593599999999999
0.06696553846153847
0.03150092307692308
-0.033169846153846154
-0.10347323076923076
-0.15938215384615384
-0.19338646153846153
-0.2157083076923077
-0.21341353846153846
-0.18775384615384613
-0.14519630769230768
-0.07948246153846153
-0.009179076923076922
0.05236246153846154
0.08574092307692306
0.06738276923076922
0.01814953846153846
-0.04547815384615384
-0.12788123076923075
-0.2157083076923077
-0.30708184615384615
-0.37613353846153846
-0.39219692307692305
-0.34922215384615385
-0.2601433846153846
-0.157296
-0.04380923076923077
0.06863446153846153
0.15604430769230768
0.22008923076923076
0.24345415384615382
0.21967199999999998
0.15750461538461538
0.06362769230769232
-0.03233538461538461
-0.12621230769230768
-0.214248
-0.27453784615384613
-0.29456492307692306
-0.26076923076923075
-0.17711446153846155
-0.07364123076923076
0.03921969230769231
0.14311015384615386
0.22008923076923076
0.25805723076923076
0.2557624615384615
0.22822523076923076
0.16689230769230767
0.09262523076923077
0.018358153846153843
-0.03984553846153846
-0.0678
-0.08615815384615384
-0.08907876923076924
-0.07426707692307692
-0.055491692307692304
-0.03379569230769231
-0.017315076923076923
-0.006675692307692307
-0.007301538461538462
-0.013142769230769229
0.006884307692307692
0.04672984615384615
0.10013538461538461
0.1504116923076923
0.18212123076923076
0.20632061538461538
0.21842030769230766
0.21737723076923077
0.1927606153846154
0.130176
0.05507446153846154
-0.011473846153846154
-0.06216738461538462
-0.09199938461538461
-0.10535076923076922
-0.09679753846153846
-0.06800861538461538
-0.008970461538461538
0.0678
0.13080184615384613
0.16480615384615382
0.16501476923076921
0.13852061538461538
0.09283384615384616
0.032544
-0.04318338461538461
-0.12725538461538463
-0.21633415384615384
-0.2789187692307692
-0.2962338461538461
-0.2782929230769231
-0.22321846153846153
-0.14582215384615385
-0.05382276923076923
0.04839876923076923
0.13998092307692306
0.20944984615384615
0.23844738461538462
0.22029784615384615
0.1787833846153846
0.12016246153846154
0.05507446153846154
-0.006884307692307692
-0.06633969230769231
-0.10263876923076923
-0.100344
-0.05653476923076922
0.018358153846153843
0.0934596923076923
0.16042523076923076
0.21028430769230766
0.23281476923076924
0.23782153846153845
0.21320492307692307
0.16271999999999998
0.08636676923076922
0.0002086153846153846
-0.06529661538461538
-0.10889723076923077
-0.12245723076923076
-0.10931446153846153
-0.0855323076923077
-0.052153846153846155
-0.006049846153846154
0.04088861538461538
0.08010830769230769
0.09012184615384615
0.07614461538461538
0.055491692307692304
0.02795446153846154
0.008761846153846153
-0.008970461538461538
-0.013768615384615384
0.0016689230769230767
0.03921969230769231
0.0974233846153846
0.16251138461538459
0.22300984615384614
0.2557624615384615
0.2655673846153846
0.25764
0.22530461538461538
0.168144
0.09471138461538461
0.01668923076923077
-0.05590892307692308
-0.1097316923076923
-0.13768615384615385
-0.1424843076923077
-0.13852061538461538
-0.12955015384615384
-0.10576799999999999
-0.07405846153846153
-0.03421292307692308
0.0018775384615384615
0.025033846153846153
0.04047138461538462
0.0448523076923077
0.03880246153846154
0.019609846153846155
-0.015646153846153844
-0.06133292307692308
-0.10827138461538462
-0.13810338461538463
-0.13935507692307691
-0.12204
-0.08448923076923077
-0.03629907692307692
0.015228923076923076
0.06404492307692307
0.0988836923076923
0.12308307692307692
0.12496061538461539
0.10764553846153846
0.08302892307692307
0.05507446153846154
0.03045784615384615
0.003963692307692307
-0.022530461538461537
-0.029623384615384614
-0.02753723076923077
-0.02586830769230769
-0.026702769230769228
-0.038176615384615385
-0.05590892307692308
-0.06592246153846154
-0.06905169230769231
-0.06863446153846153
-0.0609156923076923
-0.052153846153846155
-0.037967999999999995
-0.01856676923076923
0.010639384615384617
0.04422646153846154
0.07134646153846153
0.08866153846153846
0.09471138461538461
0.08782707692307692
0.06717415384615384
0.035255999999999996
-0.008344615384615384
-0.056326153846153845
-0.10201292307692307
-0.12496061538461539
-0.12516923076923075
-0.11223507692307692
-0.08782707692307692
-0.05444861538461539
-0.0006258461538461538
0.07009476923076922
0.13893784615384613
0.1990190769230769
0.23636123076923077
0.2355267692307692
0.21049292307692305
0.15667015384615385
0.07969107692307692
-0.00855323076923077
-0.10889723076923077
-0.18963138461538462
-0.2369870769230769
-0.25471938461538457
-0.2436627692307692
-0.20486030769230767
-0.14018953846153845
-0.05382276923076923
0.04693846153846153
0.143736
0.21800307692307694
0.2540935384615385
0.25430215384615384
0.22447015384615385
0.1775316923076923
0.11724184615384614
0.04631261538461538
-0.02482523076923077
-0.08949599999999999
-0.1289243076923077
-0.14436184615384615
-0.12850707692307692
-0.08386338461538462
-0.03442153846153846
0.018983999999999997
0.08094276923076923
0.13059323076923077
0.14331876923076922
0.10576799999999999
0.02086153846153846
-0.0974233846153846
-0.21362215384615382
-0.2480436923076923
-0.22175815384615383
-0.12913292307692306
0.015854769230769228
0.16626646153846153
0.35860984615384617
0.5219556923076923
0.6321046153846154
0.6448301538461538
0.5486584615384615
0.33545353846153847
0.0446436923076923
-0.19317784615384614
-0.44268184615384615
-0.6185446153846154
-0.7311969230769231
-0.775632
-0.644412923076923
-0.43642338461538455
-0.12642092307692307
0.1710646153846154
0.4178566153846154
0.6262633846153846
0.7109612307692308
0.7174283076923077
0.5951796923076923
0.3811403076923077
0.07343261538461537
-0.2768326153846154
-0.5340553846153846
-0.7168024615384616
-0.752892923076923
-0.6729932307692307
-0.5063095384615385
-0.23218892307692307
0.012516923076923077
0.24595753846153845
0.45332123076923075
0.5275883076923077
0.5296744615384615
0.44956615384615384
0.306456
0.17690584615384616
0.028788923076923077
-0.08824430769230769
-0.17711446153846155
-0.25430215384615384
-0.2764153846153846
-0.2716172307692308
-0.22718215384615387
-0.16626646153846153
-0.1045163076923077
-0.03838523076923077
0.004798153846153846
0.04944184615384615
0.07259815384615384
0.06404492307692307
0.06425353846153846
0.05173661538461538
0.048816000000000005
0.07238953846153846
0.08887015384615385
0.12829846153846153
0.15333230769230768
0.10931446153846153
0.04860738461538461
-0.040262769230769234
-0.16188553846153847
-0.2703655384615385
-0.36611999999999995
-0.42077723076923074
-0.4159790769230769
-0.3440067692307692
-0.19964492307692308
-0.015228923076923076
0.17732307692307692
0.3425464615384616
0.4612486153846154
0.5054750769230769
0.4685501538461538
0.37008369230769234
0.20193969230769232
0.004798153846153846
-0.1858763076923077
-0.3485963076923077
-0.4378836923076923
-0.4606227692307692
-0.41952553846153845
-0.31626092307692305
-0.17690584615384616
-0.003755076923076923
0.1910916923076923
0.3665372307692307
0.4925409230769231
0.5459464615384615
0.5069353846153847
0.39115384615384613
0.23636123076923077
0.05173661538461538
-0.15124615384615384
-0.33065538461538463
-0.46437784615384614
-0.5173661538461538
-0.45957969230769224
-0.32627446153846157
-0.14978584615384616
0.05069353846153846
0.2288510769230769
0.37655076923076924
0.46145723076923073
0.45332123076923075
0.3836436923076923
0.2586830769230769
0.10618523076923077
-0.031918153846153846
-0.14978584615384616
-0.23281476923076924
-0.2641070769230769
-0.2426196923076923
-0.16856123076923077
-0.06884307692307692
0.03379569230769231
0.11536430769230768
0.17461107692307692
0.21007569230769232
0.21153599999999997
0.19526400000000002
0.15291507692307693
0.10138707692307691
0.06967753846153846
0.04568676923076923
0.042348923076923076
0.05757784615384615
0.06425353846153846
0.0798996923076923
0.08761846153846153
0.08344615384615384
0.07426707692307692
0.031918153846153846
-0.02899753846153846
-0.10743692307692307
-0.18483323076923078
-0.23761292307692305
-0.26723630769230766
-0.27286892307692306
-0.26494153846153845
-0.21696000000000001
-0.1314276923076923
-0.02524246153846154
0.0963803076923077
0.18879692307692306
0.2399076923076923
0.25972615384615383
0.23823876923076923
0.1881710769230769
0.10096984615384616
-0.02482523076923077
-0.14603076923076924
-0.24408
-0.2883064615384615
-0.2730775384615384
-0.22029784615384615
-0.13518276923076925
-0.037342153846153844
0.06863446153846153
0.16772676923076923
0.2275993846153846
0.2399076923076923
0.19964492307692308
0.12370892307692308
0.048816000000000005
-0.022947692307692308
-0.07885661538461539
-0.12037107692307693
-0.1489513846153846
-0.13455692307692307
-0.0892873846153846
-0.005841230769230769
0.08824430769230769
0.14457046153846154
0.1696043076923077
0.16084246153846155
0.14686523076923075
0.12120553846153845
0.06425353846153846
0.0014603076923076922
-0.051319384615384614
-0.08177723076923075
-0.07739630769230768
-0.04756430769230769
0.0012516923076923076
0.05090215384615384
0.0934596923076923
0.1435273846153846
0.17732307692307692
0.18963138461538462
0.17148184615384612
0.11578153846153846
0.05048492307692308
-0.013142769230769229
-0.06321046153846153
-0.09262523076923077
-0.11849353846153846
-0.11891076923076922
-0.08761846153846153
-0.03880246153846154
0.03483876923076923
0.0988836923076923
0.14144123076923076
0.15500123076923078
0.13184492307692308
0.09909230769230769
0.05319692307692307
-0.0070929230769230765
-0.07510153846153846
-0.13789476923076924
-0.17273353846153844
-0.17377661538461536
-0.13393107692307693
-0.07510153846153846
-0.011265230769230769
0.06341907692307691
0.1287156923076923
0.1785747692307692
0.20402584615384614
0.18525046153846153
0.14018953846153845
0.07134646153846153
-0.011473846153846154
-0.07969107692307692
-0.1435273846153846
-0.1846246153846154
-0.19380369230769232
-0.1794092307692308
-0.13998092307692306
-0.09554584615384615
-0.05319692307692307
-0.021696
-0.0002086153846153846
0.02044430769230769
0.017732307692307693
0.002086153846153846
-0.018983999999999997
-0.051528
-0.06717415384615384
-0.07593599999999999
-0.07113784615384615
-0.05674338461538461
-0.05778646153846154
-0.03880246153846154
-0.008970461538461538
0.02524246153846154
0.07238953846153846
0.100344
0.11432123076923076
0.1070196923076923
0.08615815384615384
